0 90 95 75 -5 24 30 19

0 72 86 81 -10 13 34 14

0 39 86 22 -2 3 16 7

0 57 99 61 -20 6 15 8

0 41 84 29 -14 3 13 27

0 78 86 5 -14 4 9 43

0 53 98 81 -17 10 26 27

0 45 91 53 -16 1 2 20

0 50 63 0 -15 7 24 3

0 55 97 72 -3 6 17 11

0 63 70 76 -5 10 44 13

0 49 89 25 -17 11 36 40

0 58 76 25 -14 11 24 22

0 19 62 13 -15 1 2 26

0 0 97 72 -13 4 12 23

0 54 72 62 -2 19 20 30

0 48 86 48 -6 3 28 30

0 75 90 33 -3 21 25 48

0 69 81 57 -2 10 17 23

0 41 46 30 -17 0 26 9

0 59 70 74 -15 0 16 27

0 8 50 12 -13 0 1 4

0 66 90 37 -12 2 11 12

0 64 86 86 -15 17 32 5

0 7 88 84 -10 21 41 40

0 38 52 19 -9 5 8 32

0 35 56 17 -6 9 16 22

0 34 40 72 -10 1 23 8

0 23 84 60 -6 4 5 42

0 26 52 95 -3 6 31 1

0 23 70 73 -7 13 37 15

0 51 53 37 -1 19 24 21

0 0 92 49 -4 10 14 4

0 15 57 91 -4 2 6 42

0 24 35 47 -12 22 29 28

0 43 71 61 -8 20 26 8

0 38 93 52 -5 16 35 32

0 62 70 32 -7 20 25 18

0 94 97 90 -17 16 20 21

0 26 54 87 -16 19 35 9

0 13 86 50 -14 12 22 38

0 10 93 4 -5 20 21 16

0 9 58 80 -9 16 21 43

0 44 60 31 -12 2 4 42

0 47 76 28 -8 0 47 48

0 33 74 50 -18 17 44 11

0 8 94 53 -6 9 10 49

0 27 92 37 -20 16 25 43

0 24 32 0 -15 5 11 32

0 35 54 50 -1 28 29 31

0 19 86 93 -4 12 14 15

0 64 69 30 -11 13 24 25

0 20 29 51 -11 8 9 5

0 18 56 65 -1 27 41 42

0 27 45 0 -6 2 9 40

0 34 58 62 -8 22 23 13

0 10 47 9 -3 3 11 33

0 19 57 67 -7 0 26 44

0 5 26 70 -17 11 15 24

0 40 50 80 -14 5 45 5

0 18 19 18 -6 3 19 4

0 40 67 12 -20 13 35 43

0 4 35 62 -8 32 37 8

0 10 42 42 -9 14 42 7

0 14 32 99 -15 1 7 15

0 71 78 25 -20 29 30 47

0 9 33 76 -16 9 15 28

0 17 19 17 -18 25 36 22

0 34 57 56 -7 21 38 21

0 25 26 50 -18 12 29 31

0 48 88 70 -3 41 47 10

0 20 33 97 -4 3 20 41

0 1 38 91 -11 34 36 37

0 3 21 27 -9 10 12 20

0 15 61 6 -13 3 49 32

0 1 24 71 -10 1 19 9

0 29 48 69 -19 25 37 36

0 5 15 19 -11 0 4 0

0 7 22 11 -19 20 24 31

0 28 54 6 -7 9 40 8

0 20 60 36 -2 1 6 34

0 10 12 57 -17 0 3 12

0 37 40 27 -19 2 38 0

0 6 27 7 -19 13 14 41

0 10 16 91 -14 9 28 34

0 1 10 40 -8 18 31 26

0 1 24 99 -11 17 28 7

0 3 6 94 -15 21 44 38

0 13 15 74 -6 19 20 36

0 3 38 5 -18 3 44 26

0 14 20 55 -5 10 49 46

0 1 4 46 -14 2 7 9

0 14 17 61 -18 10 46 7

0 0 41 34 -11 7 49 43

0 14 24 6 -1 0 9 40

0 3 27 1 -1 1 21 4

0 0 20 51 -11 2 28 2

0 7 9 31 -16 0 15 39

0 3 5 42 -2 1 3 36

0 1 40 57 -5 5 30 47


SAlphaB: 694.0, std-dev 270.5678173543165

Earliest win: 37
Latest win: 81

WinDepth:
0 0 0 0 0 0 0 0 0 0 0 0 0 0 0 0 0 0 0 0 0 0 0 0 0 0 0 0 0 0 0 0 0 0 0 0 0 2 2 0 3 4 9 10 9 18 16 41 42 48 78 100 63 130 89 183 141 231 125 170 182 259 247 369 282 392 368 418 435 427 414 474 403 400 409 392 282 242 187 126 102 72 
SAlphaB:
0 0 0 0 0 0 0 0 0 0 0 0 0 0 0 0 0 0 0 0 0 0 0 0 0 0 0 0 0 0 0 0 0 0 0 0 0 2 2 0 3 4 9 10 9 18 16 41 42 48 78 100 63 130 89 183 141 231 125 170 182 259 247 369 282 392 368 418 435 427 414 474 403 400 409 392 282 242 187 126 102 72 

LossDepth:
SAlphaB:
0 0 0 0 0 0 0 0 0 0 0 0 0 0 0 0 0 0 0 0 0 0 0 0 0 0 0 0 0 0 0 0 0 0 0 0 0 2 2 0 3 4 9 10 9 18 16 41 42 48 78 100 63 130 89 183 141 231 125 170 182 259 247 369 282 392 368 418 435 427 414 474 403 400 409 392 282 242 187 126 102 72 

FirstWin:
0 0 0 0 0 0 0 0 0 0 0 0 0 0 0 0 0 0 0 0 0 0 0 0 0 0 0 0 0 0 0 0 0 0 0 0 0 2 0 0 0 4 0 10 0 18 0 41 0 48 0 100 0 130 0 183 0 231 0 170 0 259 0 369 0 392 0 418 0 427 0 474 0 400 0 392 0 242 0 126 0 72 
SAlphaB:
0 0 0 0 0 0 0 0 0 0 0 0 0 0 0 0 0 0 0 0 0 0 0 0 0 0 0 0 0 0 0 0 0 0 0 0 0 2 0 0 0 4 0 10 0 18 0 41 0 48 0 100 0 130 0 183 0 231 0 170 0 259 0 369 0 392 0 418 0 427 0 474 0 400 0 392 0 242 0 126 0 72 

SecondWin:
0 0 0 0 0 0 0 0 0 0 0 0 0 0 0 0 0 0 0 0 0 0 0 0 0 0 0 0 0 0 0 0 0 0 0 0 0 0 2 0 3 0 9 0 9 0 16 0 42 0 78 0 63 0 89 0 141 0 125 0 182 0 247 0 282 0 368 0 435 0 414 0 403 0 409 0 282 0 187 0 102 0 
SAlphaB:
0 0 0 0 0 0 0 0 0 0 0 0 0 0 0 0 0 0 0 0 0 0 0 0 0 0 0 0 0 0 0 0 0 0 0 0 0 0 2 0 3 0 9 0 9 0 16 0 42 0 78 0 63 0 89 0 141 0 125 0 182 0 247 0 282 0 368 0 435 0 414 0 403 0 409 0 282 0 187 0 102 0 
