0 35 93 59 -1 5 12 13

0 42 97 56 -9 8 12 21

0 27 42 79 -3 2 15 8

0 10 58 80 -1 0 28 4

0 41 45 98 -8 3 17 19

0 20 47 11 -3 5 8 22

0 36 89 31 -10 2 8 10

0 34 74 42 -4 15 19 23

0 52 87 34 -20 22 30 26

0 24 70 36 -17 24 36 15

0 6 89 42 -17 19 25 20

0 13 57 67 -9 13 15 12

0 3 30 25 -1 1 4 6

0 68 73 94 -1 1 38 9

0 17 53 36 -12 20 26 11

0 7 95 15 -9 7 12 11

0 31 65 54 -1 6 25 14

0 57 97 29 -2 6 22 42

0 57 68 36 -3 9 25 5

0 67 71 93 -5 17 43 44

0 80 86 15 -7 0 41 19

0 11 72 44 -15 0 3 13

0 52 77 89 -18 5 39 17

0 27 38 6 -11 3 4 16

0 1 86 43 -18 27 47 26

0 2 27 2 -1 0 6 2

0 8 74 46 -5 12 15 21

0 63 95 94 -13 40 46 32

0 53 69 64 -13 39 47 15

0 61 63 44 -14 19 20 7

0 8 10 31 -20 34 37 12

0 1 34 55 -10 8 10 5

0 38 46 96 -2 2 5 9

0 49 90 53 -8 1 9 39

0 88 90 50 -16 28 45 17

0 34 83 17 -7 12 32 38

0 15 75 56 -15 26 28 8

0 65 89 65 -2 2 10 32

0 20 41 28 -11 10 15 40

0 18 95 23 -19 6 32 3

0 12 38 51 -8 1 10 21

0 28 81 37 -1 22 40 24

0 11 78 29 -16 3 4 40

0 51 56 3 -13 4 5 4

0 9 19 95 -6 14 21 40

0 61 80 21 -12 37 41 33

0 16 24 33 -4 9 26 35

0 0 44 80 -3 2 18 8

0 84 92 18 -2 28 44 35

0 32 41 93 -15 6 31 39

0 4 97 37 -4 0 3 41

0 11 87 6 -16 5 12 19

0 17 31 12 -5 16 30 27

0 10 92 4 -18 22 24 9

0 37 49 21 -20 23 37 33

0 29 45 25 -7 24 41 22

0 8 10 81 -10 0 12 25

0 15 68 21 -2 17 23 27

0 5 52 30 -7 9 13 16

0 22 46 88 -12 9 39 47

0 24 25 70 -14 31 33 39

0 1 78 80 -14 8 38 0

0 9 28 26 -11 35 44 33

0 15 33 18 -5 2 19 40

0 39 83 6 -12 40 43 9

0 0 11 15 -5 6 10 10

0 10 23 67 -5 22 48 5

0 2 23 74 -5 35 41 16

0 4 20 90 -8 9 22 25

0 11 70 74 -20 2 39 3

0 5 11 76 -15 14 24 8

0 8 37 50 -9 8 34 2

0 19 20 71 -1 0 27 44

0 13 29 44 -14 17 35 2

0 2 57 23 -1 23 28 0

0 21 97 19 -14 34 40 40

0 3 18 80 -13 8 13 42

0 22 23 60 -15 25 36 10

0 3 14 23 -10 0 47 16

0 3 39 98 -10 4 45 11

0 6 11 22 -8 8 11 19

0 33 58 11 -20 13 48 15

0 2 6 56 -8 11 44 25

0 0 1 83 -14 19 42 28

0 3 6 84 -10 35 48 15

0 18 40 32 -19 15 20 43

0 1 9 43 -20 1 26 12

0 0 3 38 -14 13 20 29

0 14 17 53 -17 6 13 41

0 4 39 74 -10 3 28 46

0 2 17 58 -3 4 48 15

0 11 18 44 -7 28 48 42

0 2 8 94 -13 25 31 1

0 4 7 27 -5 18 22 32

0 7 8 27 -14 13 16 49

0 7 12 64 -14 6 9 49

0 4 12 32 -2 7 11 38

0 2 4 3 -13 5 25 43

0 2 28 50 -2 1 13 35

0 2 7 2 -20 4 9 41


SAlphaB: 723.0, std-dev 260.0791135463021

Earliest win: 37
Latest win: 81

WinDepth:
0 0 0 0 0 0 0 0 0 0 0 0 0 0 0 0 0 0 0 0 0 0 0 0 0 0 0 0 0 0 0 0 0 0 0 0 0 10 0 3 16 10 1 26 3 11 9 23 14 91 71 201 107 126 79 170 88 192 146 161 193 207 244 305 349 385 427 415 441 369 468 450 458 377 405 369 272 218 194 132 75 75 
SAlphaB:
0 0 0 0 0 0 0 0 0 0 0 0 0 0 0 0 0 0 0 0 0 0 0 0 0 0 0 0 0 0 0 0 0 0 0 0 0 10 0 3 16 10 1 26 3 11 9 23 14 91 71 201 107 126 79 170 88 192 146 161 193 207 244 305 349 385 427 415 441 369 468 450 458 377 405 369 272 218 194 132 75 75 

LossDepth:
SAlphaB:
0 0 0 0 0 0 0 0 0 0 0 0 0 0 0 0 0 0 0 0 0 0 0 0 0 0 0 0 0 0 0 0 0 0 0 0 0 10 0 3 16 10 1 26 3 11 9 23 14 91 71 201 107 126 79 170 88 192 146 161 193 207 244 305 349 385 427 415 441 369 468 450 458 377 405 369 272 218 194 132 75 75 

FirstWin:
0 0 0 0 0 0 0 0 0 0 0 0 0 0 0 0 0 0 0 0 0 0 0 0 0 0 0 0 0 0 0 0 0 0 0 0 0 10 0 3 0 10 0 26 0 11 0 23 0 91 0 201 0 126 0 170 0 192 0 161 0 207 0 305 0 385 0 415 0 369 0 450 0 377 0 369 0 218 0 132 0 75 
SAlphaB:
0 0 0 0 0 0 0 0 0 0 0 0 0 0 0 0 0 0 0 0 0 0 0 0 0 0 0 0 0 0 0 0 0 0 0 0 0 10 0 3 0 10 0 26 0 11 0 23 0 91 0 201 0 126 0 170 0 192 0 161 0 207 0 305 0 385 0 415 0 369 0 450 0 377 0 369 0 218 0 132 0 75 

SecondWin:
0 0 0 0 0 0 0 0 0 0 0 0 0 0 0 0 0 0 0 0 0 0 0 0 0 0 0 0 0 0 0 0 0 0 0 0 0 0 0 0 16 0 1 0 3 0 9 0 14 0 71 0 107 0 79 0 88 0 146 0 193 0 244 0 349 0 427 0 441 0 468 0 458 0 405 0 272 0 194 0 75 0 
SAlphaB:
0 0 0 0 0 0 0 0 0 0 0 0 0 0 0 0 0 0 0 0 0 0 0 0 0 0 0 0 0 0 0 0 0 0 0 0 0 0 0 0 16 0 1 0 3 0 9 0 14 0 71 0 107 0 79 0 88 0 146 0 193 0 244 0 349 0 427 0 441 0 468 0 458 0 405 0 272 0 194 0 75 0 
