0 21 32 20 -14 1 6 14

0 84 97 73 -9 11 20 25

0 48 80 88 -7 0 11 18

0 59 70 84 -1 13 39 13

0 35 40 21 -16 1 4 16

0 39 43 59 -12 5 7 22

0 34 98 24 -13 8 13 8

0 74 77 62 -6 13 21 37

0 53 81 46 -7 5 22 33

0 23 47 7 -15 7 12 26

0 53 94 65 -12 1 11 44

0 4 22 10 -12 0 1 1

0 14 85 29 -13 2 16 30

0 85 97 90 -14 6 32 38

0 44 59 68 -10 11 40 19

0 9 77 75 -3 1 8 22

0 45 51 29 -2 14 24 10

0 41 83 91 -12 3 17 29

0 2 19 86 -15 2 3 12

0 54 56 65 -5 15 22 11

0 15 16 99 -20 4 10 9

0 49 93 32 -16 12 23 25

0 49 56 64 -11 0 1 11

0 52 55 68 -14 9 28 40

0 23 24 18 -6 5 16 11

0 18 96 93 -12 25 49 28

0 49 81 32 -3 3 47 25

0 9 94 56 -1 26 29 8

0 85 88 46 -6 12 15 42

0 28 48 72 -2 28 34 26

0 7 51 7 -8 6 13 40

0 7 75 90 -12 0 1 25

0 28 49 62 -6 8 9 27

0 34 61 98 -18 11 34 2

0 61 69 69 -13 15 23 43

0 38 95 21 -1 4 8 49

0 1 7 79 -5 13 16 14

0 16 35 88 -18 8 11 35

0 17 73 76 -20 6 28 5

0 52 66 61 -20 1 42 43

0 16 28 32 -15 10 29 22

0 24 41 13 -20 38 41 44

0 52 89 85 -19 22 40 9

0 34 75 20 -9 13 28 30

0 32 41 20 -14 29 36 38

0 27 35 64 -7 11 17 15

0 83 85 61 -16 15 16 46

0 13 87 80 -6 4 7 39

0 18 63 64 -16 1 18 22

0 75 98 62 -15 20 25 34

0 16 49 79 -16 25 35 22

0 2 50 50 -6 9 21 30

0 13 48 49 -20 11 34 8

0 35 38 56 -18 2 41 35

0 70 85 0 -3 8 13 48

0 12 45 68 -20 1 31 43

0 37 56 81 -7 0 3 43

0 32 41 28 -5 20 21 41

0 45 50 97 -20 5 29 2

0 25 43 6 -12 25 29 1

0 28 31 66 -3 23 42 20

0 2 32 84 -18 23 32 47

0 29 84 43 -13 26 42 46

0 11 53 66 -4 8 33 24

0 9 37 9 -13 4 5 39

0 13 36 85 -10 21 30 9

0 9 26 57 -1 4 22 2

0 12 28 18 -18 22 23 41

0 23 70 62 -18 27 34 5

0 3 19 30 -19 7 16 19

0 16 29 31 -17 1 6 44

0 2 37 80 -17 0 9 28

0 11 33 62 -16 4 40 13

0 9 12 64 -3 3 15 26

0 0 1 36 -11 4 8 20

0 0 1 27 -17 0 9 18

0 61 71 53 -16 34 37 25

0 8 12 2 -7 6 24 22

0 18 45 43 -1 15 16 43

0 5 8 16 -3 24 28 10

0 4 28 13 -15 1 2 34

0 4 11 76 -20 14 24 3

0 9 23 18 -3 5 34 12

0 13 91 49 -8 30 41 1

0 12 21 69 -1 25 37 7

0 1 9 85 -5 12 14 32

0 17 18 23 -11 11 16 2

0 5 6 97 -16 4 17 39

0 4 10 77 -5 5 12 36

0 56 66 66 -17 44 47 31

0 0 2 63 -3 21 32 23

0 3 4 85 -11 12 31 23

0 1 3 12 -16 16 18 39

0 19 22 12 -20 28 35 47

0 2 7 21 -20 4 29 42

0 15 23 9 -8 22 34 1

0 8 14 64 -14 3 9 33

0 21 36 23 -6 4 28 48

0 2 10 39 -1 33 37 2

0 5 17 9 -1 2 9 28


SAlphaB: 693.0, std-dev 260.4409419473525

Earliest win: 37
Latest win: 81

WinDepth:
0 0 0 0 0 0 0 0 0 0 0 0 0 0 0 0 0 0 0 0 0 0 0 0 0 0 0 0 0 0 0 0 0 0 0 0 0 9 0 2 15 1 2 17 7 27 15 48 23 76 58 139 101 106 87 158 150 184 156 177 154 209 250 307 289 363 392 419 396 399 424 399 430 413 423 321 328 236 201 136 87 82 
SAlphaB:
0 0 0 0 0 0 0 0 0 0 0 0 0 0 0 0 0 0 0 0 0 0 0 0 0 0 0 0 0 0 0 0 0 0 0 0 0 9 0 2 15 1 2 17 7 27 15 48 23 76 58 139 101 106 87 158 150 184 156 177 154 209 250 307 289 363 392 419 396 399 424 399 430 413 423 321 328 236 201 136 87 82 

LossDepth:
SAlphaB:
0 0 0 0 0 0 0 0 0 0 0 0 0 0 0 0 0 0 0 0 0 0 0 0 0 0 0 0 0 0 0 0 0 0 0 0 0 9 0 2 15 1 2 17 7 27 15 48 23 76 58 139 101 106 87 158 150 184 156 177 154 209 250 307 289 363 392 419 396 399 424 399 430 413 423 321 328 236 201 136 87 82 

FirstWin:
0 0 0 0 0 0 0 0 0 0 0 0 0 0 0 0 0 0 0 0 0 0 0 0 0 0 0 0 0 0 0 0 0 0 0 0 0 9 0 2 0 1 0 17 0 27 0 48 0 76 0 139 0 106 0 158 0 184 0 177 0 209 0 307 0 363 0 419 0 399 0 399 0 413 0 321 0 236 0 136 0 82 
SAlphaB:
0 0 0 0 0 0 0 0 0 0 0 0 0 0 0 0 0 0 0 0 0 0 0 0 0 0 0 0 0 0 0 0 0 0 0 0 0 9 0 2 0 1 0 17 0 27 0 48 0 76 0 139 0 106 0 158 0 184 0 177 0 209 0 307 0 363 0 419 0 399 0 399 0 413 0 321 0 236 0 136 0 82 

SecondWin:
0 0 0 0 0 0 0 0 0 0 0 0 0 0 0 0 0 0 0 0 0 0 0 0 0 0 0 0 0 0 0 0 0 0 0 0 0 0 0 0 15 0 2 0 7 0 15 0 23 0 58 0 101 0 87 0 150 0 156 0 154 0 250 0 289 0 392 0 396 0 424 0 430 0 423 0 328 0 201 0 87 0 
SAlphaB:
0 0 0 0 0 0 0 0 0 0 0 0 0 0 0 0 0 0 0 0 0 0 0 0 0 0 0 0 0 0 0 0 0 0 0 0 0 0 0 0 15 0 2 0 7 0 15 0 23 0 58 0 101 0 87 0 150 0 156 0 154 0 250 0 289 0 392 0 396 0 424 0 430 0 423 0 328 0 201 0 87 0 
