0 41 59 33 -16 1 4 19

0 60 81 65 -19 6 17 3

0 13 63 34 -11 9 29 15

0 17 87 58 -7 2 6 16

0 20 81 65 -13 17 35 20

0 19 35 69 -8 3 11 14

0 30 87 99 -3 30 40 17

0 40 72 76 -5 1 15 19

0 48 63 4 -19 5 20 17

0 48 87 21 -15 8 9 12

0 26 93 92 -13 8 17 18

0 65 83 94 -17 0 3 9

0 11 62 83 -7 6 7 17

0 63 89 84 -14 14 19 10

0 50 59 81 -1 3 44 4

0 36 97 6 -10 12 29 46

0 27 61 98 -6 4 6 21

0 67 84 78 -12 32 39 41

0 72 92 98 -19 3 22 27

0 76 95 39 -16 25 37 14

0 74 78 18 -3 16 27 45

0 59 91 70 -9 14 17 30

0 14 45 98 -11 2 7 9

0 19 52 52 -17 1 2 30

0 24 85 70 -11 12 17 15

0 49 75 15 -16 0 3 6

0 20 38 61 -10 10 16 13

0 15 56 86 -20 12 20 2

0 6 61 51 -9 4 6 4

0 25 75 99 -15 15 17 43

0 47 48 38 -12 0 4 45

0 63 76 58 -14 9 43 39

0 0 54 85 -19 26 29 15

0 4 39 78 -5 0 6 4

0 20 21 55 -2 10 25 38

0 6 56 64 -18 16 20 30

0 36 81 42 -7 24 31 27

0 50 97 10 -2 20 23 41

0 5 85 77 -2 0 7 16

0 14 32 81 -13 27 43 25

0 43 53 70 -11 26 48 22

0 23 35 8 -1 18 31 2

0 20 37 33 -18 36 44 1

0 87 88 22 -8 18 26 8

0 15 43 44 -11 0 4 49

0 44 86 7 -19 13 14 42

0 25 57 43 -2 8 24 44

0 81 85 67 -4 2 16 43

0 51 67 83 -12 2 9 47

0 40 66 78 -18 22 38 29

0 31 40 25 -18 10 11 28

0 23 29 88 -17 16 48 25

0 5 63 75 -20 29 38 33

0 17 48 28 -7 24 44 29

0 3 57 38 -19 19 24 9

0 38 51 23 -3 42 45 9

0 39 64 31 -12 45 49 34

0 4 69 1 -15 0 2 38

0 49 53 4 -17 17 35 23

0 1 38 62 -9 0 1 36

0 55 83 56 -12 12 17 41

0 65 94 91 -11 23 27 30

0 13 99 8 -14 11 23 23

0 35 72 87 -4 20 32 48

0 23 76 1 -7 6 16 45

0 5 75 73 -2 24 29 42

0 59 89 42 -10 36 40 47

0 5 95 48 -20 22 23 47

0 40 88 25 -16 20 25 11

0 13 77 72 -2 33 34 30

0 12 15 21 -13 2 6 39

0 18 29 76 -19 3 27 46

0 30 32 5 -6 0 34 29

0 31 40 16 -11 8 9 49

0 11 90 43 -7 5 31 43

0 3 6 80 -17 36 37 49

0 24 30 37 -19 9 17 37

0 12 13 81 -4 10 13 43

0 8 11 31 -20 8 14 22

0 4 11 23 -17 11 29 28

0 4 35 82 -6 0 35 17

0 2 3 70 -13 25 29 37

0 2 5 95 -15 0 9 8

0 50 57 5 -9 33 34 27

0 2 14 81 -17 6 23 8

0 3 43 8 -9 11 28 1

0 5 31 33 -13 19 20 38

0 12 21 43 -15 2 33 18

0 0 3 15 -8 10 47 24

0 2 11 42 -1 12 46 26

0 2 23 93 -8 5 39 22

0 3 12 99 -1 11 18 40

0 45 94 4 -1 46 47 23

0 11 17 2 -4 11 23 32

0 0 3 58 -10 1 34 3

0 4 16 41 -16 4 23 48

0 6 14 7 -19 6 7 29

0 2 10 35 -8 4 14 35

0 24 25 46 -2 0 44 39

0 0 20 56 -3 1 4 28


SAlphaB: 685.0, std-dev 273.0566175056674

Earliest win: 37
Latest win: 81

WinDepth:
0 0 0 0 0 0 0 0 0 0 0 0 0 0 0 0 0 0 0 0 0 0 0 0 0 0 0 0 0 0 0 0 0 0 0 0 0 6 0 4 19 8 2 21 2 26 9 40 35 79 59 196 90 171 108 140 114 179 136 187 167 245 234 360 336 414 368 353 440 441 425 482 415 414 367 350 276 234 184 155 97 70 
SAlphaB:
0 0 0 0 0 0 0 0 0 0 0 0 0 0 0 0 0 0 0 0 0 0 0 0 0 0 0 0 0 0 0 0 0 0 0 0 0 6 0 4 19 8 2 21 2 26 9 40 35 79 59 196 90 171 108 140 114 179 136 187 167 245 234 360 336 414 368 353 440 441 425 482 415 414 367 350 276 234 184 155 97 70 

LossDepth:
SAlphaB:
0 0 0 0 0 0 0 0 0 0 0 0 0 0 0 0 0 0 0 0 0 0 0 0 0 0 0 0 0 0 0 0 0 0 0 0 0 6 0 4 19 8 2 21 2 26 9 40 35 79 59 196 90 171 108 140 114 179 136 187 167 245 234 360 336 414 368 353 440 441 425 482 415 414 367 350 276 234 184 155 97 70 

FirstWin:
0 0 0 0 0 0 0 0 0 0 0 0 0 0 0 0 0 0 0 0 0 0 0 0 0 0 0 0 0 0 0 0 0 0 0 0 0 6 0 4 0 8 0 21 0 26 0 40 0 79 0 196 0 171 0 140 0 179 0 187 0 245 0 360 0 414 0 353 0 441 0 482 0 414 0 350 0 234 0 155 0 70 
SAlphaB:
0 0 0 0 0 0 0 0 0 0 0 0 0 0 0 0 0 0 0 0 0 0 0 0 0 0 0 0 0 0 0 0 0 0 0 0 0 6 0 4 0 8 0 21 0 26 0 40 0 79 0 196 0 171 0 140 0 179 0 187 0 245 0 360 0 414 0 353 0 441 0 482 0 414 0 350 0 234 0 155 0 70 

SecondWin:
0 0 0 0 0 0 0 0 0 0 0 0 0 0 0 0 0 0 0 0 0 0 0 0 0 0 0 0 0 0 0 0 0 0 0 0 0 0 0 0 19 0 2 0 2 0 9 0 35 0 59 0 90 0 108 0 114 0 136 0 167 0 234 0 336 0 368 0 440 0 425 0 415 0 367 0 276 0 184 0 97 0 
SAlphaB:
0 0 0 0 0 0 0 0 0 0 0 0 0 0 0 0 0 0 0 0 0 0 0 0 0 0 0 0 0 0 0 0 0 0 0 0 0 0 0 0 19 0 2 0 2 0 9 0 35 0 59 0 90 0 108 0 114 0 136 0 167 0 234 0 336 0 368 0 440 0 425 0 415 0 367 0 276 0 184 0 97 0 
