0 24 80 34 -16 0 1 12

0 22 83 82 -17 0 1 15

0 11 90 83 -10 0 3 34

0 23 32 42 -7 9 25 0

0 31 94 6 -9 2 22 27

0 53 70 17 -19 3 16 39

0 37 80 29 -15 1 5 11

0 90 97 74 -18 15 21 33

0 45 57 28 -3 4 37 16

0 46 71 66 -6 2 21 26

0 20 64 17 -3 1 2 14

0 55 79 60 -1 2 12 9

0 48 66 45 -9 12 38 11

0 31 39 14 -19 6 14 14

0 88 93 79 -19 7 10 27

0 61 82 38 -11 3 9 17

0 64 65 32 -5 5 11 40

0 15 54 59 -5 19 30 34

0 71 88 82 -14 16 32 2

0 11 47 85 -14 19 25 9

0 29 56 87 -7 4 18 33

0 51 52 93 -3 9 16 1

0 31 58 85 -13 3 35 48

0 27 38 54 -19 7 17 27

0 24 50 44 -6 10 33 8

0 20 71 61 -3 11 31 8

0 9 77 88 -5 12 44 0

0 12 53 72 -12 6 39 22

0 23 51 26 -16 7 44 24

0 20 73 92 -11 5 8 6

0 6 67 92 -10 29 42 8

0 2 61 60 -15 16 34 30

0 36 71 43 -2 23 45 21

0 42 92 51 -15 16 21 21

0 18 40 81 -4 5 13 35

0 35 56 4 -4 1 2 44

0 26 66 63 -9 5 24 49

0 47 74 74 -7 26 41 7

0 82 88 6 -13 5 20 34

0 2 83 50 -4 8 17 18

0 8 49 69 -9 0 17 7

0 29 36 87 -16 9 12 40

0 2 86 46 -15 15 40 36

0 35 54 0 -15 10 16 8

0 26 79 82 -20 33 39 10

0 61 80 49 -3 31 38 32

0 47 74 35 -14 30 44 14

0 35 55 67 -2 32 40 19

0 10 65 52 -3 6 7 45

0 20 78 27 -19 27 33 26

0 10 49 38 -16 5 16 35

0 35 81 21 -18 22 45 34

0 3 65 35 -20 8 26 18

0 25 27 17 -17 0 1 47

0 2 42 55 -1 2 17 4

0 20 47 25 -16 5 19 48

0 8 31 21 -3 8 26 31

0 16 48 4 -8 0 1 42

0 30 63 53 -15 13 15 1

0 4 11 5 -18 8 21 10

0 14 22 24 -7 6 9 8

0 12 15 39 -19 39 42 12

0 8 50 55 -3 0 1 36

0 33 34 88 -17 12 16 28

0 2 39 42 -9 0 1 40

0 22 34 77 -16 1 30 4

0 42 91 92 -18 33 39 4

0 15 21 53 -14 16 25 48

0 10 21 93 -18 14 25 19

0 18 58 60 -3 3 37 31

0 5 28 6 -20 5 27 19

0 0 7 93 -12 5 12 30

0 19 23 88 -4 4 32 44

0 16 17 76 -17 8 16 7

0 0 14 54 -7 0 11 37

0 1 6 35 -7 24 39 8

0 10 26 79 -7 4 34 49

0 18 20 27 -8 39 49 34

0 1 23 66 -9 2 25 32

0 4 11 66 -20 15 33 4

0 2 35 52 -1 8 39 21

0 2 3 52 -3 22 40 36

0 9 12 30 -12 5 29 31

0 9 17 18 -3 1 3 38

0 4 7 71 -12 3 19 11

0 2 6 17 -4 13 44 29

0 6 24 44 -10 3 4 38

0 3 4 44 -10 14 30 23

0 7 9 13 -9 40 41 18

0 5 14 61 -16 6 26 46

0 7 12 25 -11 3 11 41

0 8 16 62 -10 36 42 2

0 1 7 28 -17 8 30 7

0 3 25 3 -19 34 39 0

0 0 12 67 -11 7 41 22

0 17 23 2 -14 7 14 46

0 0 14 89 -1 0 2 48

0 7 10 66 -4 14 44 41

0 2 13 9 -17 5 47 10

0 4 5 37 -1 6 9 48


SAlphaB: 692.0, std-dev 255.03837174159904

Earliest win: 37
Latest win: 81

WinDepth:
0 0 0 0 0 0 0 0 0 0 0 0 0 0 0 0 0 0 0 0 0 0 0 0 0 0 0 0 0 0 0 0 0 0 0 0 0 7 0 9 1 1 2 18 21 13 14 58 39 53 55 202 101 112 85 154 144 200 144 184 186 229 214 335 339 356 407 369 423 430 475 449 417 374 444 361 251 286 169 124 119 74 
SAlphaB:
0 0 0 0 0 0 0 0 0 0 0 0 0 0 0 0 0 0 0 0 0 0 0 0 0 0 0 0 0 0 0 0 0 0 0 0 0 7 0 9 1 1 2 18 21 13 14 58 39 53 55 202 101 112 85 154 144 200 144 184 186 229 214 335 339 356 407 369 423 430 475 449 417 374 444 361 251 286 169 124 119 74 

LossDepth:
SAlphaB:
0 0 0 0 0 0 0 0 0 0 0 0 0 0 0 0 0 0 0 0 0 0 0 0 0 0 0 0 0 0 0 0 0 0 0 0 0 7 0 9 1 1 2 18 21 13 14 58 39 53 55 202 101 112 85 154 144 200 144 184 186 229 214 335 339 356 407 369 423 430 475 449 417 374 444 361 251 286 169 124 119 74 

FirstWin:
0 0 0 0 0 0 0 0 0 0 0 0 0 0 0 0 0 0 0 0 0 0 0 0 0 0 0 0 0 0 0 0 0 0 0 0 0 7 0 9 0 1 0 18 0 13 0 58 0 53 0 202 0 112 0 154 0 200 0 184 0 229 0 335 0 356 0 369 0 430 0 449 0 374 0 361 0 286 0 124 0 74 
SAlphaB:
0 0 0 0 0 0 0 0 0 0 0 0 0 0 0 0 0 0 0 0 0 0 0 0 0 0 0 0 0 0 0 0 0 0 0 0 0 7 0 9 0 1 0 18 0 13 0 58 0 53 0 202 0 112 0 154 0 200 0 184 0 229 0 335 0 356 0 369 0 430 0 449 0 374 0 361 0 286 0 124 0 74 

SecondWin:
0 0 0 0 0 0 0 0 0 0 0 0 0 0 0 0 0 0 0 0 0 0 0 0 0 0 0 0 0 0 0 0 0 0 0 0 0 0 0 0 1 0 2 0 21 0 14 0 39 0 55 0 101 0 85 0 144 0 144 0 186 0 214 0 339 0 407 0 423 0 475 0 417 0 444 0 251 0 169 0 119 0 
SAlphaB:
0 0 0 0 0 0 0 0 0 0 0 0 0 0 0 0 0 0 0 0 0 0 0 0 0 0 0 0 0 0 0 0 0 0 0 0 0 0 0 0 1 0 2 0 21 0 14 0 39 0 55 0 101 0 85 0 144 0 144 0 186 0 214 0 339 0 407 0 423 0 475 0 417 0 444 0 251 0 169 0 119 0 
