0 43 94 63 -1 6 30 5

0 34 74 15 -4 1 3 11

0 41 78 97 -3 0 5 4

0 61 81 94 -11 13 26 1

0 26 58 91 -7 3 14 9

0 52 81 48 -11 0 11 6

0 37 73 98 -16 7 14 26

0 0 36 15 -13 1 3 16

0 79 91 11 -11 6 7 1

0 50 73 27 -7 9 13 16

0 46 75 44 -8 5 15 47

0 13 48 54 -8 0 1 25

0 64 71 82 -7 3 15 9

0 22 42 16 -5 9 21 5

0 12 76 97 -1 17 44 1

0 36 75 99 -17 29 46 31

0 14 71 49 -6 0 8 21

0 42 63 18 -18 33 49 8

0 2 65 78 -16 1 2 22

0 10 25 64 -14 13 21 8

0 33 46 77 -7 11 31 15

0 24 56 61 -1 13 16 24

0 74 77 56 -19 9 31 25

0 89 90 24 -11 6 7 1

0 65 97 84 -2 6 10 35

0 28 37 50 -17 0 1 35

0 28 78 16 -5 2 4 45

0 35 39 61 -9 0 15 14

0 55 87 26 -20 14 30 15

0 16 43 57 -1 20 39 23

0 95 98 46 -10 3 26 41

0 74 81 62 -8 24 28 14

0 3 98 62 -14 44 47 29

0 44 80 55 -2 8 18 36

0 3 69 62 -2 27 43 43

0 36 42 9 -13 35 48 26

0 23 31 23 -20 6 41 2

0 19 56 34 -9 34 37 4

0 2 55 55 -1 6 39 6

0 2 60 32 -12 14 16 4

0 36 87 32 -12 1 5 42

0 43 61 6 -15 2 31 36

0 19 26 70 -2 5 9 28

0 15 44 22 -10 2 6 42

0 48 51 30 -3 6 42 3

0 16 33 41 -3 3 19 13

0 2 89 63 -13 1 15 47

0 20 61 48 -9 3 31 27

0 16 31 69 -8 3 23 32

0 25 29 79 -10 24 30 8

0 56 72 36 -17 21 24 42

0 20 91 13 -19 44 46 9

0 0 31 82 -18 19 21 48

0 54 82 96 -4 44 48 20

0 5 22 96 -16 31 33 21

0 40 55 31 -11 3 6 48

0 0 74 41 -1 1 2 36

0 12 37 2 -10 24 36 8

0 12 31 49 -18 5 6 36

0 3 16 56 -18 6 13 21

0 8 44 43 -8 1 22 23

0 10 23 13 -11 15 36 10

0 54 57 45 -5 29 32 37

0 10 97 48 -1 3 17 47

0 44 51 38 -18 0 46 2

0 2 13 41 -9 9 14 23

0 19 22 35 -17 13 27 25

0 3 7 38 -20 19 27 17

0 9 65 49 -16 1 3 39

0 1 2 37 -7 12 40 45

0 12 57 27 -20 1 9 30

0 26 31 33 -14 9 13 21

0 11 17 97 -7 26 40 26

0 5 59 59 -18 1 4 39

0 1 36 66 -7 1 28 0

0 4 57 29 -7 27 31 43

0 14 18 68 -2 13 42 41

0 1 30 47 -12 29 49 40

0 2 29 49 -4 1 8 21

0 0 3 6 -11 7 8 1

0 9 21 3 -17 20 46 34

0 0 5 80 -13 14 22 44

0 8 11 61 -18 23 34 43

0 9 11 35 -10 35 44 22

0 1 2 18 -4 15 17 6

0 1 2 58 -13 0 1 11

0 11 53 23 -20 9 18 29

0 5 30 64 -5 25 41 48

0 0 3 15 -17 0 2 36

0 0 1 86 -16 3 27 8

0 0 6 65 -7 4 44 36

0 4 10 93 -18 8 32 45

0 17 20 64 -1 18 29 43

0 5 6 34 -8 2 26 44

0 1 20 4 -20 4 40 33

0 17 22 22 -2 14 22 49

0 19 35 16 -2 23 33 47

0 12 40 11 -17 24 36 5

0 1 18 98 -17 0 26 44

0 15 16 25 -6 2 33 27


SAlphaB: 741.0, std-dev 277.33418587791454

Earliest win: 38
Latest win: 81

WinDepth:
0 0 0 0 0 0 0 0 0 0 0 0 0 0 0 0 0 0 0 0 0 0 0 0 0 0 0 0 0 0 0 0 0 0 0 0 0 0 1 0 1 2 4 40 7 8 12 39 31 63 78 184 87 91 105 140 113 177 153 153 164 209 276 338 307 322 418 433 430 376 515 439 436 450 351 356 247 266 184 143 96 87 
SAlphaB:
0 0 0 0 0 0 0 0 0 0 0 0 0 0 0 0 0 0 0 0 0 0 0 0 0 0 0 0 0 0 0 0 0 0 0 0 0 0 1 0 1 2 4 40 7 8 12 39 31 63 78 184 87 91 105 140 113 177 153 153 164 209 276 338 307 322 418 433 430 376 515 439 436 450 351 356 247 266 184 143 96 87 

LossDepth:
SAlphaB:
0 0 0 0 0 0 0 0 0 0 0 0 0 0 0 0 0 0 0 0 0 0 0 0 0 0 0 0 0 0 0 0 0 0 0 0 0 0 1 0 1 2 4 40 7 8 12 39 31 63 78 184 87 91 105 140 113 177 153 153 164 209 276 338 307 322 418 433 430 376 515 439 436 450 351 356 247 266 184 143 96 87 

FirstWin:
0 0 0 0 0 0 0 0 0 0 0 0 0 0 0 0 0 0 0 0 0 0 0 0 0 0 0 0 0 0 0 0 0 0 0 0 0 0 0 0 0 2 0 40 0 8 0 39 0 63 0 184 0 91 0 140 0 177 0 153 0 209 0 338 0 322 0 433 0 376 0 439 0 450 0 356 0 266 0 143 0 87 
SAlphaB:
0 0 0 0 0 0 0 0 0 0 0 0 0 0 0 0 0 0 0 0 0 0 0 0 0 0 0 0 0 0 0 0 0 0 0 0 0 0 0 0 0 2 0 40 0 8 0 39 0 63 0 184 0 91 0 140 0 177 0 153 0 209 0 338 0 322 0 433 0 376 0 439 0 450 0 356 0 266 0 143 0 87 

SecondWin:
0 0 0 0 0 0 0 0 0 0 0 0 0 0 0 0 0 0 0 0 0 0 0 0 0 0 0 0 0 0 0 0 0 0 0 0 0 0 1 0 1 0 4 0 7 0 12 0 31 0 78 0 87 0 105 0 113 0 153 0 164 0 276 0 307 0 418 0 430 0 515 0 436 0 351 0 247 0 184 0 96 0 
SAlphaB:
0 0 0 0 0 0 0 0 0 0 0 0 0 0 0 0 0 0 0 0 0 0 0 0 0 0 0 0 0 0 0 0 0 0 0 0 0 0 1 0 1 0 4 0 7 0 12 0 31 0 78 0 87 0 105 0 113 0 153 0 164 0 276 0 307 0 418 0 430 0 515 0 436 0 351 0 247 0 184 0 96 0 
