0 41 71 34 -12 4 10 12

0 68 95 93 -15 0 2 29

0 50 53 71 -19 1 24 26

0 38 96 42 -9 8 27 37

0 54 92 59 -9 6 19 37

0 21 76 54 -18 4 7 22

0 67 70 60 -5 23 28 2

0 12 71 62 -1 5 14 27

0 18 44 76 -20 0 1 17

0 49 71 39 -8 15 34 42

0 15 29 76 -7 3 5 5

0 24 70 70 -18 8 28 39

0 37 82 50 -8 0 34 36

0 55 61 77 -17 11 29 1

0 6 50 4 -20 0 19 8

0 37 74 72 -15 4 5 31

0 15 80 41 -14 15 30 1

0 64 79 82 -16 1 5 14

0 75 80 65 -4 27 29 1

0 30 96 87 -1 14 27 47

0 9 89 26 -6 7 24 12

0 66 71 51 -10 17 42 16

0 4 47 65 -8 21 35 28

0 42 88 14 -6 14 15 30

0 35 90 0 -11 8 16 5

0 19 40 74 -5 18 40 40

0 16 71 0 -3 0 5 37

0 11 13 63 -12 0 1 31

0 34 57 84 -5 6 41 1

0 32 35 36 -11 25 30 14

0 40 61 50 -7 22 24 44

0 47 49 94 -17 1 5 26

0 9 38 23 -13 2 5 37

0 29 35 99 -18 7 17 15

0 30 52 56 -7 11 19 11

0 35 48 13 -3 22 38 13

0 31 39 22 -14 33 45 38

0 52 72 63 -10 17 35 5

0 11 51 44 -12 10 17 18

0 32 77 24 -11 0 38 8

0 5 55 82 -3 2 23 1

0 50 63 34 -18 0 42 32

0 54 60 32 -12 19 44 46

0 59 71 85 -6 0 6 44

0 37 42 39 -10 16 32 0

0 10 39 87 -12 11 21 49

0 13 58 65 -5 8 9 34

0 11 69 82 -19 9 17 34

0 48 50 31 -8 16 20 30

0 5 71 4 -9 5 6 0

0 15 59 54 -11 13 21 0

0 21 40 84 -9 1 10 45

0 28 33 96 -8 19 25 5

0 22 33 47 -19 14 22 26

0 78 92 82 -8 39 40 29

0 3 8 30 -8 21 29 14

0 31 61 97 -2 0 4 47

0 5 49 27 -1 9 11 0

0 13 23 76 -20 31 32 18

0 0 28 17 -14 6 27 31

0 13 20 24 -11 18 23 9

0 3 41 58 -1 5 21 15

0 17 23 51 -7 2 16 38

0 11 36 5 -5 4 9 49

0 30 32 31 -3 6 12 48

0 1 64 63 -11 10 23 47

0 1 16 77 -8 19 20 42

0 16 26 45 -19 6 34 46

0 29 92 70 -5 36 48 49

0 3 34 47 -9 5 20 27

0 16 71 43 -13 9 19 47

0 46 58 11 -4 21 30 38

0 0 2 38 -17 33 42 29

0 23 26 13 -11 13 45 38

0 6 53 0 -4 13 19 34

0 14 50 5 -11 0 25 39

0 14 19 58 -16 22 26 8

0 4 17 24 -16 3 16 19

0 18 33 39 -3 20 26 38

0 0 1 47 -19 4 9 40

0 7 11 61 -20 8 31 44

0 2 40 54 -14 1 7 42

0 4 5 19 -13 45 47 27

0 4 5 74 -13 1 7 1

0 7 12 45 -7 0 1 28

0 1 3 31 -9 15 20 26

0 5 28 73 -16 12 19 1

0 1 8 55 -8 0 1 43

0 0 12 77 -18 2 35 34

0 6 43 78 -13 31 40 0

0 16 33 51 -4 25 27 38

0 12 32 71 -6 6 22 49

0 4 12 9 -20 7 45 47

0 11 16 13 -11 5 14 44

0 6 26 27 -8 6 25 30

0 4 5 93 -13 0 32 0

0 3 6 8 -11 6 9 39

0 8 38 27 -7 20 24 49

0 5 30 23 -2 17 24 36

0 7 9 77 -4 4 46 16


SAlphaB: 685.0, std-dev 262.642881556541

Earliest win: 35
Latest win: 81

WinDepth:
0 0 0 0 0 0 0 0 0 0 0 0 0 0 0 0 0 0 0 0 0 0 0 0 0 0 0 0 0 0 0 0 0 0 0 1 0 11 0 7 1 9 4 14 11 23 21 53 31 88 51 197 116 148 92 194 115 241 143 205 153 268 204 365 284 358 366 366 447 368 485 434 403 378 396 342 278 240 178 134 107 74 
SAlphaB:
0 0 0 0 0 0 0 0 0 0 0 0 0 0 0 0 0 0 0 0 0 0 0 0 0 0 0 0 0 0 0 0 0 0 0 1 0 11 0 7 1 9 4 14 11 23 21 53 31 88 51 197 116 148 92 194 115 241 143 205 153 268 204 365 284 358 366 366 447 368 485 434 403 378 396 342 278 240 178 134 107 74 

LossDepth:
SAlphaB:
0 0 0 0 0 0 0 0 0 0 0 0 0 0 0 0 0 0 0 0 0 0 0 0 0 0 0 0 0 0 0 0 0 0 0 1 0 11 0 7 1 9 4 14 11 23 21 53 31 88 51 197 116 148 92 194 115 241 143 205 153 268 204 365 284 358 366 366 447 368 485 434 403 378 396 342 278 240 178 134 107 74 

FirstWin:
0 0 0 0 0 0 0 0 0 0 0 0 0 0 0 0 0 0 0 0 0 0 0 0 0 0 0 0 0 0 0 0 0 0 0 1 0 11 0 7 0 9 0 14 0 23 0 53 0 88 0 197 0 148 0 194 0 241 0 205 0 268 0 365 0 358 0 366 0 368 0 434 0 378 0 342 0 240 0 134 0 74 
SAlphaB:
0 0 0 0 0 0 0 0 0 0 0 0 0 0 0 0 0 0 0 0 0 0 0 0 0 0 0 0 0 0 0 0 0 0 0 1 0 11 0 7 0 9 0 14 0 23 0 53 0 88 0 197 0 148 0 194 0 241 0 205 0 268 0 365 0 358 0 366 0 368 0 434 0 378 0 342 0 240 0 134 0 74 

SecondWin:
0 0 0 0 0 0 0 0 0 0 0 0 0 0 0 0 0 0 0 0 0 0 0 0 0 0 0 0 0 0 0 0 0 0 0 0 0 0 0 0 1 0 4 0 11 0 21 0 31 0 51 0 116 0 92 0 115 0 143 0 153 0 204 0 284 0 366 0 447 0 485 0 403 0 396 0 278 0 178 0 107 0 
SAlphaB:
0 0 0 0 0 0 0 0 0 0 0 0 0 0 0 0 0 0 0 0 0 0 0 0 0 0 0 0 0 0 0 0 0 0 0 0 0 0 0 0 1 0 4 0 11 0 21 0 31 0 51 0 116 0 92 0 115 0 143 0 153 0 204 0 284 0 366 0 447 0 485 0 403 0 396 0 278 0 178 0 107 0 
