0 25 98 81 -17 2 11 26

0 63 89 31 -7 8 18 19

0 14 76 52 -3 1 3 10

0 50 51 21 -11 4 12 22

0 22 40 66 -14 2 5 17

0 30 74 34 -10 4 12 17

0 85 99 75 -15 6 31 39

0 57 61 90 -13 4 21 13

0 41 87 98 -20 0 1 30

0 60 94 28 -3 9 33 24

0 21 54 90 -10 23 46 18

0 32 35 83 -7 6 8 16

0 59 97 22 -6 22 26 17

0 6 86 92 -13 19 39 20

0 89 99 11 -6 19 43 23

0 56 69 33 -2 2 15 2

0 60 83 2 -18 2 7 13

0 4 30 95 -20 12 18 11

0 42 44 23 -12 5 23 23

0 70 93 8 -11 1 3 17

0 33 68 75 -16 7 12 42

0 18 94 37 -5 2 31 16

0 55 90 72 -5 17 28 35

0 28 57 28 -19 8 12 38

0 35 82 46 -1 3 11 17

0 76 84 6 -7 8 9 27

0 20 34 48 -4 12 32 24

0 74 85 28 -2 2 31 0

0 47 85 64 -14 13 23 36

0 8 73 23 -15 13 25 7

0 26 57 51 -10 25 48 41

0 60 64 1 -1 22 25 31

0 45 58 57 -20 38 39 41

0 14 60 27 -12 38 41 7

0 28 38 98 -4 24 37 20

0 33 78 86 -11 13 34 44

0 65 72 84 -7 1 5 24

0 76 97 81 -13 27 31 34

0 44 74 27 -8 16 42 29

0 13 28 73 -15 13 27 34

0 39 53 27 -5 38 42 9

0 2 44 80 -6 4 6 23

0 74 76 28 -16 43 49 31

0 29 57 42 -5 11 12 33

0 36 87 92 -20 12 45 30

0 10 51 72 -13 23 32 35

0 57 95 17 -18 30 35 46

0 5 16 44 -12 17 19 34

0 58 79 30 -8 1 34 44

0 17 42 30 -18 18 43 0

0 16 18 32 -17 4 24 24

0 7 8 95 -12 9 30 39

0 1 37 19 -6 1 5 11

0 14 85 72 -15 9 41 9

0 22 37 15 -19 0 12 24

0 7 67 96 -10 2 6 49

0 16 43 46 -16 39 47 37

0 3 23 40 -12 2 15 24

0 18 46 58 -17 9 45 8

0 3 80 73 -6 1 9 2

0 13 16 62 -9 0 23 5

0 38 61 42 -10 21 24 1

0 6 69 9 -16 15 25 35

0 2 16 39 -11 2 6 24

0 1 57 44 -5 14 27 45

0 34 60 52 -1 0 1 42

0 68 93 77 -14 40 42 38

0 6 51 17 -13 18 23 29

0 4 5 91 -11 15 22 22

0 43 52 32 -9 15 18 44

0 23 54 64 -9 0 4 42

0 32 43 73 -15 15 19 4

0 30 59 25 -7 12 48 5

0 6 44 94 -12 3 17 34

0 0 23 38 -6 6 28 3

0 22 58 45 -18 30 41 48

0 0 48 3 -18 2 10 21

0 4 10 78 -12 0 1 1

0 2 47 50 -1 7 36 11

0 1 11 92 -17 14 29 37

0 1 39 66 -15 10 43 28

0 12 31 33 -13 25 46 21

0 5 25 85 -17 8 28 48

0 0 43 31 -5 0 34 35

0 2 8 53 -1 30 32 9

0 0 7 54 -12 16 21 16

0 1 8 54 -8 14 38 38

0 10 16 88 -14 17 24 46

0 17 76 74 -6 10 44 46

0 2 13 45 -16 10 11 12

0 8 11 45 -20 38 45 20

0 10 34 80 -11 4 47 5

0 22 25 45 -15 7 9 46

0 8 27 45 -2 4 20 46

0 0 9 42 -14 4 29 18

0 0 1 3 -5 9 31 22

0 3 5 22 -7 5 49 23

0 0 4 0 -9 13 14 5

0 3 4 23 -15 19 35 38

0 3 4 25 -3 13 22 23


SAlphaB: 696.0, std-dev 265.03705591879225

Earliest win: 35
Latest win: 81

WinDepth:
0 0 0 0 0 0 0 0 0 0 0 0 0 0 0 0 0 0 0 0 0 0 0 0 0 0 0 0 0 0 0 0 0 0 0 1 0 8 1 4 14 12 3 12 17 21 10 46 33 53 39 196 80 90 97 148 118 205 141 210 151 204 225 314 309 412 382 424 449 434 442 397 434 420 399 382 286 277 188 172 110 72 
SAlphaB:
0 0 0 0 0 0 0 0 0 0 0 0 0 0 0 0 0 0 0 0 0 0 0 0 0 0 0 0 0 0 0 0 0 0 0 1 0 8 1 4 14 12 3 12 17 21 10 46 33 53 39 196 80 90 97 148 118 205 141 210 151 204 225 314 309 412 382 424 449 434 442 397 434 420 399 382 286 277 188 172 110 72 

LossDepth:
SAlphaB:
0 0 0 0 0 0 0 0 0 0 0 0 0 0 0 0 0 0 0 0 0 0 0 0 0 0 0 0 0 0 0 0 0 0 0 1 0 8 1 4 14 12 3 12 17 21 10 46 33 53 39 196 80 90 97 148 118 205 141 210 151 204 225 314 309 412 382 424 449 434 442 397 434 420 399 382 286 277 188 172 110 72 

FirstWin:
0 0 0 0 0 0 0 0 0 0 0 0 0 0 0 0 0 0 0 0 0 0 0 0 0 0 0 0 0 0 0 0 0 0 0 1 0 8 0 4 0 12 0 12 0 21 0 46 0 53 0 196 0 90 0 148 0 205 0 210 0 204 0 314 0 412 0 424 0 434 0 397 0 420 0 382 0 277 0 172 0 72 
SAlphaB:
0 0 0 0 0 0 0 0 0 0 0 0 0 0 0 0 0 0 0 0 0 0 0 0 0 0 0 0 0 0 0 0 0 0 0 1 0 8 0 4 0 12 0 12 0 21 0 46 0 53 0 196 0 90 0 148 0 205 0 210 0 204 0 314 0 412 0 424 0 434 0 397 0 420 0 382 0 277 0 172 0 72 

SecondWin:
0 0 0 0 0 0 0 0 0 0 0 0 0 0 0 0 0 0 0 0 0 0 0 0 0 0 0 0 0 0 0 0 0 0 0 0 0 0 1 0 14 0 3 0 17 0 10 0 33 0 39 0 80 0 97 0 118 0 141 0 151 0 225 0 309 0 382 0 449 0 442 0 434 0 399 0 286 0 188 0 110 0 
SAlphaB:
0 0 0 0 0 0 0 0 0 0 0 0 0 0 0 0 0 0 0 0 0 0 0 0 0 0 0 0 0 0 0 0 0 0 0 0 0 0 1 0 14 0 3 0 17 0 10 0 33 0 39 0 80 0 97 0 118 0 141 0 151 0 225 0 309 0 382 0 449 0 442 0 434 0 399 0 286 0 188 0 110 0 
