0 68 86 72 -12 10 15 5

0 38 97 85 -11 1 3 18

0 56 85 66 -6 9 44 7

0 16 38 23 -9 4 13 12

0 50 66 31 -3 0 31 20

0 15 43 19 -6 0 1 8

0 31 92 76 -20 3 6 2

0 50 61 34 -9 15 30 4

0 48 61 24 -11 7 27 43

0 79 87 58 -20 13 20 4

0 43 57 85 -17 5 24 28

0 69 75 97 -13 10 39 25

0 63 74 0 -17 7 22 40

0 66 92 88 -1 4 33 35

0 60 64 52 -9 7 15 41

0 40 64 12 -19 1 5 0

0 60 65 60 -16 4 44 46

0 56 83 89 -8 8 41 27

0 40 45 2 -9 5 16 34

0 36 98 1 -8 13 32 28

0 23 46 43 -6 17 30 3

0 53 86 3 -12 6 37 8

0 39 89 1 -7 6 9 47

0 2 97 39 -6 7 19 0

0 8 31 87 -1 16 19 23

0 50 75 98 -13 17 47 33

0 43 50 64 -5 3 13 35

0 72 96 81 -8 3 8 45

0 56 62 85 -13 5 45 16

0 10 76 96 -17 2 5 16

0 14 38 73 -19 0 6 8

0 55 74 82 -17 39 40 39

0 36 70 2 -9 8 35 34

0 32 39 24 -3 3 5 0

0 27 50 46 -17 0 12 17

0 21 26 34 -9 15 34 34

0 38 68 11 -19 25 44 3

0 47 48 85 -4 19 24 41

0 5 27 91 -5 6 16 23

0 59 66 99 -10 22 28 13

0 6 43 57 -12 24 28 25

0 62 67 32 -1 5 13 41

0 24 31 96 -20 6 21 27

0 48 92 94 -13 29 42 46

0 28 45 16 -18 7 14 18

0 7 53 82 -7 37 44 3

0 9 32 88 -9 0 21 2

0 35 62 52 -12 15 24 40

0 19 28 72 -7 37 45 33

0 18 28 58 -2 42 48 47

0 63 67 63 -7 38 45 37

0 86 97 3 -12 11 23 0

0 47 70 84 -17 19 37 43

0 81 89 55 -20 28 29 43

0 2 27 93 -2 31 44 23

0 7 21 86 -17 0 6 32

0 62 77 99 -17 42 47 15

0 14 72 35 -15 14 33 6

0 8 68 15 -7 16 19 35

0 35 64 29 -13 0 1 49

0 35 62 42 -18 7 44 20

0 20 33 12 -19 0 41 3

0 16 26 79 -9 19 48 7

0 51 61 43 -2 5 10 33

0 28 57 27 -15 1 36 15

0 8 87 57 -12 21 34 27

0 13 77 47 -10 5 28 13

0 8 34 16 -13 4 38 13

0 11 21 51 -11 16 22 27

0 8 36 55 -12 9 49 11

0 7 22 61 -11 25 35 15

0 1 28 42 -5 22 40 18

0 7 8 35 -14 16 17 21

0 4 41 66 -14 39 41 30

0 24 48 15 -20 11 15 13

0 10 15 66 -7 17 46 24

0 29 33 46 -3 5 48 26

0 6 15 91 -6 20 42 30

0 10 28 62 -3 3 25 1

0 24 80 56 -9 18 22 1

0 2 83 16 -14 14 16 18

0 3 30 72 -9 0 2 47

0 2 72 86 -7 6 21 48

0 12 26 81 -18 23 46 17

0 11 27 67 -11 28 34 10

0 4 43 8 -20 23 48 13

0 11 14 82 -19 10 11 34

0 7 14 61 -8 37 44 46

0 5 16 44 -20 35 42 15

0 12 46 54 -14 9 44 45

0 2 47 87 -6 13 15 47

0 9 36 54 -17 27 45 1

0 2 7 78 -8 12 35 30

0 8 18 68 -7 6 28 46

0 3 7 58 -15 31 36 6

0 4 6 6 -18 3 14 16

0 4 19 0 -14 10 47 26

0 1 6 8 -10 11 29 17

0 5 51 23 -13 1 12 40

0 14 23 95 -2 6 38 39


SAlphaB: 709.0, std-dev 258.20378354777034

Earliest win: 37
Latest win: 81

WinDepth:
0 0 0 0 0 0 0 0 0 0 0 0 0 0 0 0 0 0 0 0 0 0 0 0 0 0 0 0 0 0 0 0 0 0 0 0 0 5 1 1 17 9 0 5 34 11 12 20 17 32 85 208 118 112 96 207 100 186 135 182 191 222 223 302 299 347 368 393 409 435 456 444 404 374 450 345 276 268 169 146 94 91 
SAlphaB:
0 0 0 0 0 0 0 0 0 0 0 0 0 0 0 0 0 0 0 0 0 0 0 0 0 0 0 0 0 0 0 0 0 0 0 0 0 5 1 1 17 9 0 5 34 11 12 20 17 32 85 208 118 112 96 207 100 186 135 182 191 222 223 302 299 347 368 393 409 435 456 444 404 374 450 345 276 268 169 146 94 91 

LossDepth:
SAlphaB:
0 0 0 0 0 0 0 0 0 0 0 0 0 0 0 0 0 0 0 0 0 0 0 0 0 0 0 0 0 0 0 0 0 0 0 0 0 5 1 1 17 9 0 5 34 11 12 20 17 32 85 208 118 112 96 207 100 186 135 182 191 222 223 302 299 347 368 393 409 435 456 444 404 374 450 345 276 268 169 146 94 91 

FirstWin:
0 0 0 0 0 0 0 0 0 0 0 0 0 0 0 0 0 0 0 0 0 0 0 0 0 0 0 0 0 0 0 0 0 0 0 0 0 5 0 1 0 9 0 5 0 11 0 20 0 32 0 208 0 112 0 207 0 186 0 182 0 222 0 302 0 347 0 393 0 435 0 444 0 374 0 345 0 268 0 146 0 91 
SAlphaB:
0 0 0 0 0 0 0 0 0 0 0 0 0 0 0 0 0 0 0 0 0 0 0 0 0 0 0 0 0 0 0 0 0 0 0 0 0 5 0 1 0 9 0 5 0 11 0 20 0 32 0 208 0 112 0 207 0 186 0 182 0 222 0 302 0 347 0 393 0 435 0 444 0 374 0 345 0 268 0 146 0 91 

SecondWin:
0 0 0 0 0 0 0 0 0 0 0 0 0 0 0 0 0 0 0 0 0 0 0 0 0 0 0 0 0 0 0 0 0 0 0 0 0 0 1 0 17 0 0 0 34 0 12 0 17 0 85 0 118 0 96 0 100 0 135 0 191 0 223 0 299 0 368 0 409 0 456 0 404 0 450 0 276 0 169 0 94 0 
SAlphaB:
0 0 0 0 0 0 0 0 0 0 0 0 0 0 0 0 0 0 0 0 0 0 0 0 0 0 0 0 0 0 0 0 0 0 0 0 0 0 1 0 17 0 0 0 34 0 12 0 17 0 85 0 118 0 96 0 100 0 135 0 191 0 223 0 299 0 368 0 409 0 456 0 404 0 450 0 276 0 169 0 94 0 
