0 13 33 83 -9 0 1 5

0 38 67 81 -15 0 3 18

0 40 55 20 -12 5 11 13

0 47 56 68 -2 10 42 8

0 67 96 67 -17 7 18 37

0 74 80 16 -1 12 47 47

0 32 44 7 -14 1 2 0

0 39 41 91 -1 6 24 17

0 28 44 56 -10 5 13 8

0 8 84 86 -14 31 34 39

0 79 84 27 -3 1 37 37

0 38 96 75 -11 5 8 32

0 70 88 40 -14 8 12 18

0 31 58 70 -3 38 47 25

0 2 85 79 -11 3 4 28

0 0 73 29 -9 12 14 12

0 67 73 31 -9 2 10 20

0 8 38 52 -3 0 10 32

0 15 65 35 -18 4 8 27

0 64 76 7 -14 31 44 14

0 1 82 5 -6 2 12 15

0 66 82 39 -8 4 49 29

0 23 76 91 -19 15 16 19

0 44 48 17 -18 11 19 12

0 4 17 99 -5 8 17 24

0 12 74 92 -6 13 19 46

0 11 97 39 -1 1 4 20

0 13 60 90 -15 18 20 24

0 32 34 28 -10 6 10 19

0 49 60 56 -17 12 31 12

0 12 14 82 -5 6 9 8

0 12 64 15 -13 0 18 34

0 54 60 80 -12 2 12 48

0 1 84 70 -14 35 36 0

0 48 75 80 -19 22 47 10

0 29 66 12 -20 1 17 7

0 40 53 19 -19 21 28 27

0 7 89 45 -3 3 6 22

0 49 70 46 -13 29 31 30

0 22 49 9 -7 0 1 36

0 17 23 61 -8 8 15 43

0 23 25 0 -11 1 3 24

0 11 20 96 -15 10 12 8

0 27 55 31 -19 22 27 30

0 26 55 63 -20 0 42 37

0 12 78 20 -5 5 33 12

0 31 76 89 -7 1 44 25

0 72 77 9 -4 3 7 43

0 13 46 50 -1 11 36 13

0 39 49 44 -15 13 34 34

0 15 48 4 -19 10 27 27

0 29 30 8 -2 30 46 32

0 3 65 38 -14 16 40 37

0 63 65 90 -15 19 22 31

0 14 81 26 -19 13 14 1

0 15 50 5 -1 29 37 31

0 23 38 99 -4 5 7 34

0 10 49 27 -4 10 15 23

0 5 18 13 -11 9 22 8

0 24 35 89 -8 21 49 42

0 11 24 12 -3 26 28 29

0 20 91 39 -15 19 37 37

0 9 28 54 -17 39 40 20

0 2 73 68 -3 0 7 42

0 7 17 97 -1 2 6 27

0 18 30 15 -12 2 4 45

0 0 1 40 -5 0 5 2

0 1 84 23 -5 24 29 5

0 16 18 84 -9 18 26 47

0 1 31 64 -7 22 23 46

0 16 21 34 -14 3 21 19

0 8 45 51 -18 1 46 25

0 33 70 8 -1 32 46 46

0 17 26 26 -16 1 47 10

0 6 25 71 -16 15 26 20

0 14 20 91 -3 15 43 6

0 22 30 68 -18 2 5 38

0 18 35 32 -9 3 47 45

0 11 29 36 -11 37 38 44

0 24 32 97 -17 8 39 21

0 3 10 13 -18 10 34 18

0 45 59 1 -14 1 36 3

0 1 33 65 -15 42 47 16

0 6 86 45 -14 8 9 48

0 1 4 38 -7 9 24 8

0 0 1 22 -12 3 16 10

0 0 16 85 -10 0 23 49

0 9 10 26 -11 3 7 31

0 14 27 34 -13 31 46 13

0 1 14 32 -9 5 7 30

0 3 13 75 -14 30 37 44

0 8 11 1 -17 8 14 36

0 1 9 74 -8 1 14 8

0 10 13 42 -3 1 2 35

0 3 6 96 -16 31 48 8

0 10 11 95 -12 1 3 44

0 1 6 14 -12 8 9 28

0 8 19 5 -4 11 46 1

0 0 6 35 -12 31 43 28

0 0 19 72 -6 1 9 28


SAlphaB: 694.0, std-dev 249.51090510772624

Earliest win: 37
Latest win: 81

WinDepth:
0 0 0 0 0 0 0 0 0 0 0 0 0 0 0 0 0 0 0 0 0 0 0 0 0 0 0 0 0 0 0 0 0 0 0 0 0 4 2 7 1 8 0 13 2 31 15 44 27 61 68 218 93 113 77 159 95 182 121 168 174 218 250 322 320 349 431 386 422 434 466 440 430 467 397 381 267 232 208 133 99 62 
SAlphaB:
0 0 0 0 0 0 0 0 0 0 0 0 0 0 0 0 0 0 0 0 0 0 0 0 0 0 0 0 0 0 0 0 0 0 0 0 0 4 2 7 1 8 0 13 2 31 15 44 27 61 68 218 93 113 77 159 95 182 121 168 174 218 250 322 320 349 431 386 422 434 466 440 430 467 397 381 267 232 208 133 99 62 

LossDepth:
SAlphaB:
0 0 0 0 0 0 0 0 0 0 0 0 0 0 0 0 0 0 0 0 0 0 0 0 0 0 0 0 0 0 0 0 0 0 0 0 0 4 2 7 1 8 0 13 2 31 15 44 27 61 68 218 93 113 77 159 95 182 121 168 174 218 250 322 320 349 431 386 422 434 466 440 430 467 397 381 267 232 208 133 99 62 

FirstWin:
0 0 0 0 0 0 0 0 0 0 0 0 0 0 0 0 0 0 0 0 0 0 0 0 0 0 0 0 0 0 0 0 0 0 0 0 0 4 0 7 0 8 0 13 0 31 0 44 0 61 0 218 0 113 0 159 0 182 0 168 0 218 0 322 0 349 0 386 0 434 0 440 0 467 0 381 0 232 0 133 0 62 
SAlphaB:
0 0 0 0 0 0 0 0 0 0 0 0 0 0 0 0 0 0 0 0 0 0 0 0 0 0 0 0 0 0 0 0 0 0 0 0 0 4 0 7 0 8 0 13 0 31 0 44 0 61 0 218 0 113 0 159 0 182 0 168 0 218 0 322 0 349 0 386 0 434 0 440 0 467 0 381 0 232 0 133 0 62 

SecondWin:
0 0 0 0 0 0 0 0 0 0 0 0 0 0 0 0 0 0 0 0 0 0 0 0 0 0 0 0 0 0 0 0 0 0 0 0 0 0 2 0 1 0 0 0 2 0 15 0 27 0 68 0 93 0 77 0 95 0 121 0 174 0 250 0 320 0 431 0 422 0 466 0 430 0 397 0 267 0 208 0 99 0 
SAlphaB:
0 0 0 0 0 0 0 0 0 0 0 0 0 0 0 0 0 0 0 0 0 0 0 0 0 0 0 0 0 0 0 0 0 0 0 0 0 0 2 0 1 0 0 0 2 0 15 0 27 0 68 0 93 0 77 0 95 0 121 0 174 0 250 0 320 0 431 0 422 0 466 0 430 0 397 0 267 0 208 0 99 0 
