0 31 87 93 -15 3 9 1

0 16 63 1 -12 2 12 17

0 46 89 39 -16 6 17 9

0 50 96 55 -4 9 33 5

0 15 34 47 -7 0 2 5

0 40 69 66 -18 1 9 20

0 78 81 75 -10 18 23 17

0 49 85 24 -4 5 12 15

0 26 93 96 -13 2 20 12

0 42 74 73 -9 8 19 28

0 51 66 16 -17 1 8 34

0 69 84 61 -15 11 35 34

0 11 44 32 -6 1 7 4

0 48 81 2 -13 0 14 31

0 40 80 12 -5 8 31 10

0 57 89 43 -17 10 31 34

0 56 83 76 -7 6 25 6

0 31 71 42 -20 3 12 13

0 40 87 1 -4 6 15 19

0 64 69 74 -20 2 10 8

0 22 71 63 -3 0 1 2

0 8 88 49 -11 6 8 13

0 64 89 96 -9 6 47 31

0 37 67 37 -5 2 3 5

0 60 68 46 -17 10 11 19

0 28 67 33 -2 5 22 6

0 71 77 87 -15 5 19 10

0 76 82 9 -3 9 38 31

0 24 97 73 -3 3 8 20

0 35 70 56 -10 0 3 19

0 15 88 29 -7 11 15 25

0 38 88 49 -4 16 42 6

0 33 58 44 -4 7 25 36

0 74 97 6 -9 3 25 3

0 44 64 96 -17 0 2 28

0 43 81 20 -15 1 3 1

0 60 67 13 -20 7 17 20

0 60 89 29 -2 20 38 36

0 55 64 59 -7 6 20 0

0 22 89 37 -1 8 17 21

0 54 80 1 -19 5 22 14

0 66 83 78 -4 3 42 23

0 53 71 50 -13 1 2 8

0 4 35 29 -6 9 23 15

0 37 90 13 -3 1 16 30

0 63 76 43 -14 4 17 13

0 25 71 81 -20 3 6 9

0 85 91 56 -6 6 12 13

0 64 78 73 -14 5 6 28

0 32 62 64 -4 8 24 12

0 19 72 55 -2 7 20 2

0 51 56 69 -6 6 33 40

0 81 87 93 -20 19 35 1

0 89 96 51 -13 1 16 6

0 36 56 37 -2 8 12 16

0 49 53 23 -18 4 10 8

0 57 62 16 -8 4 9 24

0 21 54 95 -18 0 1 20

0 26 86 26 -14 6 15 17

0 21 93 61 -5 9 12 14

0 94 98 92 -20 29 37 6

0 50 87 52 -12 9 23 23

0 36 60 87 -3 8 23 17

0 30 64 95 -19 7 21 17

0 57 73 38 -14 3 22 46

0 26 59 75 -7 6 17 15

0 52 55 91 -8 1 4 12

0 25 53 16 -18 3 12 8

0 63 66 63 -3 9 45 30

0 48 50 87 -20 5 10 31

0 54 93 83 -7 4 11 13

0 86 93 69 -3 8 17 47

0 40 70 19 -16 0 1 8

0 54 84 16 -19 1 34 7

0 83 86 85 -16 1 2 2

0 56 75 87 -9 5 12 46

0 25 78 33 -11 1 19 26

0 14 17 41 -12 0 1 14

0 57 65 29 -12 6 10 49

0 34 72 94 -14 5 6 2

0 50 59 42 -9 10 42 19

0 66 72 58 -8 17 24 3

0 46 73 85 -10 4 37 44

0 5 74 63 -3 7 22 22

0 6 26 83 -20 4 8 16

0 47 64 72 -13 14 36 41

0 23 97 77 -17 14 39 14

0 23 42 17 -20 0 8 33

0 30 95 27 -14 6 12 43

0 80 82 87 -3 3 31 34

0 11 84 71 -15 15 34 23

0 10 56 62 -9 19 24 20

0 21 91 3 -14 0 25 33

0 14 84 31 -5 6 15 39

0 10 91 64 -19 1 8 17

0 27 75 93 -19 0 1 47

0 30 89 97 -13 28 48 9

0 48 61 52 -13 29 44 13

0 0 27 32 -13 6 7 8

0 22 29 23 -11 35 41 8


SAlphaB: 765.0, std-dev 269.94410626100085

Earliest win: 37
Latest win: 81

WinDepth:
0 0 0 0 0 0 0 0 0 0 0 0 0 0 0 0 0 0 0 0 0 0 0 0 0 0 0 0 0 0 0 0 0 0 0 0 0 6 4 25 10 12 17 31 31 43 42 117 56 160 175 410 153 318 287 509 390 566 347 458 435 634 651 680 767 934 887 983 991 1024 933 977 837 855 950 753 597 459 404 294 188 136 
SAlphaB:
0 0 0 0 0 0 0 0 0 0 0 0 0 0 0 0 0 0 0 0 0 0 0 0 0 0 0 0 0 0 0 0 0 0 0 0 0 6 4 25 10 12 17 31 31 43 42 117 56 160 175 410 153 318 287 509 390 566 347 458 435 634 651 680 767 934 887 983 991 1024 933 977 837 855 950 753 597 459 404 294 188 136 

LossDepth:
SAlphaB:
0 0 0 0 0 0 0 0 0 0 0 0 0 0 0 0 0 0 0 0 0 0 0 0 0 0 0 0 0 0 0 0 0 0 0 0 0 5 5 20 6 6 14 17 19 33 29 63 50 76 110 207 111 194 193 313 224 370 214 319 263 402 438 548 511 705 672 715 730 813 743 758 674 719 690 671 563 426 308 256 195 130 

FirstWin:
0 0 0 0 0 0 0 0 0 0 0 0 0 0 0 0 0 0 0 0 0 0 0 0 0 0 0 0 0 0 0 0 0 0 0 0 0 6 0 25 0 12 0 31 0 43 0 117 0 160 0 410 0 318 0 509 0 566 0 458 0 634 0 680 0 934 0 983 0 1024 0 977 0 855 0 753 0 459 0 294 0 136 
SAlphaB:
0 0 0 0 0 0 0 0 0 0 0 0 0 0 0 0 0 0 0 0 0 0 0 0 0 0 0 0 0 0 0 0 0 0 0 0 0 6 0 25 0 12 0 31 0 43 0 117 0 160 0 410 0 318 0 509 0 566 0 458 0 634 0 680 0 934 0 983 0 1024 0 977 0 855 0 753 0 459 0 294 0 136 

SecondWin:
0 0 0 0 0 0 0 0 0 0 0 0 0 0 0 0 0 0 0 0 0 0 0 0 0 0 0 0 0 0 0 0 0 0 0 0 0 0 4 0 10 0 17 0 31 0 42 0 56 0 175 0 153 0 287 0 390 0 347 0 435 0 651 0 767 0 887 0 991 0 933 0 837 0 950 0 597 0 404 0 188 0 
SAlphaB:
0 0 0 0 0 0 0 0 0 0 0 0 0 0 0 0 0 0 0 0 0 0 0 0 0 0 0 0 0 0 0 0 0 0 0 0 0 0 4 0 10 0 17 0 31 0 42 0 56 0 175 0 153 0 287 0 390 0 347 0 435 0 651 0 767 0 887 0 991 0 933 0 837 0 950 0 597 0 404 0 188 0 
