0 46 89 39 -16 6 17 9

0 22 89 37 -1 8 17 21

0 51 66 16 -17 1 8 34

0 0 27 32 -13 6 7 8

0 22 71 63 -3 0 1 2

0 31 71 42 -20 3 12 13

0 23 97 77 -17 14 39 14

0 56 83 76 -7 6 25 6

0 71 77 87 -15 5 19 10

0 5 74 63 -3 7 22 22

0 74 82 34 -10 9 37 36

0 37 74 25 -3 13 33 23

0 57 71 88 -10 11 17 28

0 4 79 17 -11 14 48 10

0 40 64 66 -9 37 43 32

0 2 58 50 -16 0 16 4

0 68 73 67 -7 2 15 8

0 40 99 84 -10 2 3 15

0 20 81 34 -5 3 6 47

0 46 49 96 -2 3 7 4

0 69 77 16 -14 10 27 7

0 55 66 22 -1 2 5 5

0 22 43 96 -20 12 13 39

0 29 82 25 -11 3 34 1

0 61 66 39 -7 24 49 18

0 8 49 78 -19 0 16 13

0 46 69 47 -8 13 38 9

0 9 20 62 -16 6 19 10

0 18 20 26 -9 29 48 31

0 18 19 80 -18 1 6 18

0 26 34 3 -12 14 17 38

0 0 63 7 -9 21 36 18

0 14 37 66 -12 15 42 28

0 1 3 88 -17 1 2 32

0 53 64 55 -19 4 37 47

0 20 88 77 -10 35 43 15

0 9 52 39 -1 8 17 37

0 33 57 94 -7 0 3 28

0 80 90 47 -17 0 5 41

0 43 47 28 -15 10 13 4

0 35 47 53 -7 4 5 46

0 16 21 70 -13 37 48 45

0 18 39 1 -2 5 16 33

0 4 57 36 -18 25 45 11

0 1 16 55 -16 3 6 20

0 21 87 18 -2 20 33 29

0 26 36 48 -11 0 1 1

0 2 31 24 -3 35 44 32

0 16 36 13 -9 16 46 25

0 25 80 80 -10 16 25 17

0 25 29 58 -13 28 35 5

0 24 48 11 -5 14 25 45

0 25 36 93 -17 5 29 14

0 0 2 68 -17 3 40 6

0 38 79 11 -11 26 28 16

0 11 16 47 -13 4 10 44

0 0 98 76 -8 5 39 34

0 4 90 28 -19 14 20 46

0 2 23 70 -9 2 6 31

0 4 7 52 -1 6 7 19

0 5 21 96 -8 8 19 37

0 22 31 9 -2 15 17 1

0 31 32 59 -8 13 14 3

0 0 19 53 -20 0 2 35

0 13 20 69 -18 28 30 32

0 10 87 3 -16 22 36 49

0 1 2 34 -7 45 49 43

0 10 21 10 -9 6 9 14

0 18 46 39 -8 10 37 47

0 2 5 72 -2 4 34 2

0 12 26 98 -1 22 36 43

0 29 34 98 -2 1 2 28

0 2 45 4 -1 15 48 29

0 29 41 3 -15 25 46 42

0 18 32 17 -14 14 38 30

0 8 13 47 -17 27 36 46

0 17 68 67 -13 2 49 18

0 0 9 97 -14 6 17 10

0 32 61 29 -12 26 34 2

0 0 2 78 -3 14 33 41

0 5 15 95 -5 1 8 14

0 1 5 27 -12 32 42 42

0 8 95 30 -7 22 23 4

0 13 14 96 -15 20 31 4

0 0 13 75 -15 3 7 8

0 33 34 25 -3 24 42 49

0 9 11 83 -8 21 24 27

0 2 29 71 -15 4 19 2

0 13 16 1 -15 0 31 20

0 0 5 72 -20 9 14 36

0 3 27 11 -15 15 31 1

0 0 3 68 -9 12 36 42

0 1 8 96 -2 1 4 33

0 4 9 25 -6 1 39 31

0 0 22 37 -3 20 35 43

0 2 20 59 -11 8 29 20

0 9 11 50 -17 26 37 26

0 2 4 2 -14 35 40 11

0 7 17 15 -4 4 15 28

0 1 3 9 -3 5 11 49


SAlphaB: 746.0, std-dev 281.1580239730754

Earliest win: 37
Latest win: 81

WinDepth:
0 0 0 0 0 0 0 0 0 0 0 0 0 0 0 0 0 0 0 0 0 0 0 0 0 0 0 0 0 0 0 0 0 0 0 0 0 1 0 1 1 2 2 2 19 31 9 63 13 66 58 161 83 144 103 181 140 195 182 161 160 266 240 325 280 377 445 387 459 416 452 430 455 432 392 395 260 245 176 126 84 86 
SAlphaB:
0 0 0 0 0 0 0 0 0 0 0 0 0 0 0 0 0 0 0 0 0 0 0 0 0 0 0 0 0 0 0 0 0 0 0 0 0 1 0 1 1 2 2 2 19 31 9 63 13 66 58 161 83 144 103 181 140 195 182 161 160 266 240 325 280 377 445 387 459 416 452 430 455 432 392 395 260 245 176 126 84 86 

LossDepth:
SAlphaB:
0 0 0 0 0 0 0 0 0 0 0 0 0 0 0 0 0 0 0 0 0 0 0 0 0 0 0 0 0 0 0 0 0 0 0 0 0 1 0 1 1 2 2 2 19 31 9 63 13 66 58 161 83 144 103 181 140 195 182 161 160 266 240 325 280 377 445 387 459 416 452 430 455 432 392 395 260 245 176 126 84 86 

FirstWin:
0 0 0 0 0 0 0 0 0 0 0 0 0 0 0 0 0 0 0 0 0 0 0 0 0 0 0 0 0 0 0 0 0 0 0 0 0 1 0 1 0 2 0 2 0 31 0 63 0 66 0 161 0 144 0 181 0 195 0 161 0 266 0 325 0 377 0 387 0 416 0 430 0 432 0 395 0 245 0 126 0 86 
SAlphaB:
0 0 0 0 0 0 0 0 0 0 0 0 0 0 0 0 0 0 0 0 0 0 0 0 0 0 0 0 0 0 0 0 0 0 0 0 0 1 0 1 0 2 0 2 0 31 0 63 0 66 0 161 0 144 0 181 0 195 0 161 0 266 0 325 0 377 0 387 0 416 0 430 0 432 0 395 0 245 0 126 0 86 

SecondWin:
0 0 0 0 0 0 0 0 0 0 0 0 0 0 0 0 0 0 0 0 0 0 0 0 0 0 0 0 0 0 0 0 0 0 0 0 0 0 0 0 1 0 2 0 19 0 9 0 13 0 58 0 83 0 103 0 140 0 182 0 160 0 240 0 280 0 445 0 459 0 452 0 455 0 392 0 260 0 176 0 84 0 
SAlphaB:
0 0 0 0 0 0 0 0 0 0 0 0 0 0 0 0 0 0 0 0 0 0 0 0 0 0 0 0 0 0 0 0 0 0 0 0 0 0 0 0 1 0 2 0 19 0 9 0 13 0 58 0 83 0 103 0 140 0 182 0 160 0 240 0 280 0 445 0 459 0 452 0 455 0 392 0 260 0 176 0 84 0 
