0 15 34 47 -7 0 2 5

0 19 72 55 -2 7 20 2

0 50 96 55 -4 9 33 5

0 16 63 1 -12 2 12 17

0 52 55 91 -8 1 4 12

0 48 61 52 -13 29 44 13

0 69 84 61 -15 11 35 34

0 60 67 13 -20 7 17 20

0 50 87 52 -12 9 23 23

0 32 62 64 -4 8 24 12

0 9 93 34 -7 14 15 29

0 39 82 14 -1 7 37 2

0 45 77 67 -17 8 14 18

0 41 74 98 -5 4 7 0

0 10 91 94 -19 6 11 4

0 68 74 31 -1 16 34 48

0 44 92 32 -20 10 14 15

0 43 47 96 -18 14 22 17

0 36 95 90 -17 21 39 32

0 58 75 97 -17 8 10 17

0 30 35 98 -11 4 19 29

0 51 95 60 -9 5 11 27

0 48 90 43 -7 6 26 35

0 30 33 80 -12 29 46 30

0 55 69 25 -8 1 19 9

0 14 79 79 -20 14 19 23

0 70 98 51 -8 2 7 36

0 10 96 32 -6 4 6 15

0 12 44 26 -19 1 3 38

0 25 63 24 -17 0 26 3

0 29 72 17 -17 1 2 37

0 5 37 99 -5 3 6 2

0 19 61 56 -17 20 37 16

0 9 29 92 -5 3 8 8

0 26 43 85 -5 6 7 10

0 13 82 24 -13 4 32 3

0 6 84 54 -5 13 29 47

0 23 35 26 -16 23 31 9

0 93 97 78 -12 11 13 19

0 10 37 78 -15 8 17 26

0 24 78 82 -17 27 41 34

0 38 45 92 -11 10 23 2

0 5 83 69 -1 20 38 35

0 21 66 88 -1 25 48 37

0 76 78 45 -13 8 14 40

0 13 49 91 -9 6 19 49

0 32 35 45 -6 6 21 45

0 7 33 45 -11 7 29 25

0 10 17 19 -3 6 25 1

0 29 65 1 -2 35 39 25

0 37 40 26 -5 3 8 40

0 56 84 51 -6 30 41 30

0 7 43 33 -4 3 34 24

0 46 86 35 -14 25 36 18

0 20 94 39 -4 27 43 24

0 41 49 66 -11 7 12 42

0 28 38 85 -17 9 49 31

0 3 48 18 -16 7 17 43

0 27 71 65 -6 36 40 1

0 14 31 80 -5 5 13 37

0 21 31 10 -5 1 31 21

0 4 49 53 -3 7 29 16

0 18 73 92 -13 16 20 43

0 10 41 59 -20 3 32 41

0 14 38 68 -11 16 45 26

0 34 49 97 -8 19 38 21

0 14 33 67 -6 1 26 32

0 11 41 36 -13 1 31 24

0 6 57 81 -5 38 43 33

0 6 14 37 -20 3 28 27

0 2 36 70 -16 19 20 43

0 31 33 40 -8 13 30 27

0 8 55 27 -16 26 27 43

0 53 99 36 -6 33 38 38

0 11 20 93 -13 1 9 15

0 46 53 0 -1 21 24 35

0 26 27 29 -15 6 39 39

0 9 20 71 -17 45 49 16

0 13 57 37 -10 10 21 25

0 12 14 38 -16 11 30 32

0 2 52 48 -18 14 49 36

0 34 38 1 -20 21 31 47

0 71 98 7 -11 31 45 2

0 4 14 75 -18 10 14 25

0 25 52 54 -6 14 22 44

0 0 1 61 -15 7 37 36

0 12 28 62 -5 11 42 36

0 44 53 31 -17 11 45 45

0 33 56 4 -3 9 43 27

0 42 88 39 -4 38 43 0

0 12 30 69 -11 6 9 45

0 9 55 93 -5 10 45 35

0 16 35 29 -1 0 1 33

0 19 33 40 -5 16 27 25

0 1 6 83 -1 16 40 47

0 6 38 78 -7 32 44 11

0 2 39 39 -7 2 23 30

0 2 5 50 -1 10 17 7

0 21 23 49 -12 17 21 39

0 10 16 10 -4 36 42 13


SAlphaB: 740.0, std-dev 274.74947357970177

Earliest win: 37
Latest win: 81

WinDepth:
0 0 0 0 0 0 0 0 0 0 0 0 0 0 0 0 0 0 0 0 0 0 0 0 0 0 0 0 0 0 0 0 0 0 0 0 0 6 0 2 0 4 3 10 5 6 17 23 22 54 78 176 77 115 113 210 118 171 135 175 166 205 215 391 390 387 396 455 379 418 427 516 397 384 408 355 266 223 181 115 89 51 
SAlphaB:
0 0 0 0 0 0 0 0 0 0 0 0 0 0 0 0 0 0 0 0 0 0 0 0 0 0 0 0 0 0 0 0 0 0 0 0 0 6 0 2 0 4 3 10 5 6 17 23 22 54 78 176 77 115 113 210 118 171 135 175 166 205 215 391 390 387 396 455 379 418 427 516 397 384 408 355 266 223 181 115 89 51 

LossDepth:
SAlphaB:
0 0 0 0 0 0 0 0 0 0 0 0 0 0 0 0 0 0 0 0 0 0 0 0 0 0 0 0 0 0 0 0 0 0 0 0 0 6 0 2 0 4 3 10 5 6 17 23 22 54 78 176 77 115 113 210 118 171 135 175 166 205 215 391 390 387 396 455 379 418 427 516 397 384 408 355 266 223 181 115 89 51 

FirstWin:
0 0 0 0 0 0 0 0 0 0 0 0 0 0 0 0 0 0 0 0 0 0 0 0 0 0 0 0 0 0 0 0 0 0 0 0 0 6 0 2 0 4 0 10 0 6 0 23 0 54 0 176 0 115 0 210 0 171 0 175 0 205 0 391 0 387 0 455 0 418 0 516 0 384 0 355 0 223 0 115 0 51 
SAlphaB:
0 0 0 0 0 0 0 0 0 0 0 0 0 0 0 0 0 0 0 0 0 0 0 0 0 0 0 0 0 0 0 0 0 0 0 0 0 6 0 2 0 4 0 10 0 6 0 23 0 54 0 176 0 115 0 210 0 171 0 175 0 205 0 391 0 387 0 455 0 418 0 516 0 384 0 355 0 223 0 115 0 51 

SecondWin:
0 0 0 0 0 0 0 0 0 0 0 0 0 0 0 0 0 0 0 0 0 0 0 0 0 0 0 0 0 0 0 0 0 0 0 0 0 0 0 0 0 0 3 0 5 0 17 0 22 0 78 0 77 0 113 0 118 0 135 0 166 0 215 0 390 0 396 0 379 0 427 0 397 0 408 0 266 0 181 0 89 0 
SAlphaB:
0 0 0 0 0 0 0 0 0 0 0 0 0 0 0 0 0 0 0 0 0 0 0 0 0 0 0 0 0 0 0 0 0 0 0 0 0 0 0 0 0 0 3 0 5 0 17 0 22 0 78 0 77 0 113 0 118 0 135 0 166 0 215 0 390 0 396 0 379 0 427 0 397 0 408 0 266 0 181 0 89 0 
