0 49 85 24 -4 5 12 15

0 54 80 1 -19 5 22 14

0 86 93 69 -3 8 17 47

0 24 97 73 -3 3 8 20

0 36 56 37 -2 8 12 16

0 55 64 59 -7 6 20 0

0 64 69 74 -20 2 10 8

0 14 17 41 -12 0 1 14

0 11 84 71 -15 15 34 23

0 85 91 56 -6 6 12 13

0 11 72 84 -5 3 7 11

0 39 55 15 -18 0 15 9

0 23 95 62 -4 6 42 2

0 8 46 70 -1 4 5 20

0 6 92 91 -10 13 20 21

0 81 96 95 -16 7 9 47

0 33 45 53 -3 8 20 42

0 31 36 52 -2 1 4 12

0 52 69 71 -18 2 47 9

0 18 90 50 -4 29 33 42

0 29 87 82 -9 0 5 34

0 36 66 12 -14 14 28 17

0 1 79 53 -14 1 12 14

0 13 33 55 -1 17 36 24

0 7 89 39 -13 4 7 19

0 31 65 72 -3 11 19 25

0 36 45 62 -11 16 22 47

0 20 50 76 -11 19 41 15

0 57 76 17 -3 3 15 39

0 66 73 4 -20 6 39 0

0 26 58 52 -15 11 34 28

0 30 61 53 -15 27 49 38

0 20 74 21 -1 37 40 9

0 58 63 97 -12 0 10 33

0 40 86 61 -1 3 12 44

0 70 83 16 -4 21 23 30

0 15 97 35 -17 9 38 5

0 13 77 21 -7 5 10 22

0 75 90 12 -20 25 26 39

0 44 82 27 -3 26 40 42

0 24 32 81 -2 19 49 22

0 75 96 92 -20 19 21 32

0 24 60 82 -10 34 40 2

0 56 63 57 -16 37 42 10

0 24 69 3 -11 14 41 41

0 2 8 53 -16 4 12 17

0 58 64 66 -19 23 26 48

0 16 34 47 -11 4 25 1

0 1 45 26 -12 44 45 16

0 42 44 39 -10 30 34 9

0 21 33 19 -4 16 19 14

0 21 30 54 -3 25 35 29

0 20 23 37 -17 0 1 41

0 11 72 30 -14 24 25 30

0 3 36 87 -2 0 4 22

0 15 29 9 -3 23 43 9

0 23 46 98 -13 2 44 12

0 12 74 52 -11 9 40 17

0 21 51 42 -3 2 9 47

0 4 12 99 -2 4 7 13

0 18 34 49 -17 10 31 0

0 6 92 29 -6 29 35 8

0 6 75 18 -17 3 20 48

0 31 37 87 -14 41 42 47

0 25 73 5 -2 27 47 21

0 56 59 38 -18 24 36 47

0 2 12 14 -7 8 21 22

0 10 27 63 -20 21 40 29

0 33 40 18 -1 10 20 49

0 45 52 48 -15 7 44 49

0 36 38 75 -20 24 40 26

0 4 46 31 -3 20 23 44

0 5 69 9 -14 6 13 46

0 0 92 42 -11 6 8 0

0 9 57 28 -19 0 5 47

0 16 25 73 -6 5 25 7

0 23 52 15 -20 6 33 36

0 2 9 79 -13 14 37 4

0 29 37 18 -1 19 23 26

0 20 44 13 -1 28 36 49

0 8 10 69 -15 9 34 37

0 3 6 64 -19 2 14 4

0 13 24 95 -7 3 30 0

0 2 6 95 -17 19 42 44

0 6 9 50 -9 3 9 30

0 11 19 44 -11 4 41 9

0 0 27 52 -19 32 48 5

0 0 15 93 -4 12 20 31

0 25 26 16 -1 9 36 44

0 9 43 41 -5 1 11 47

0 7 14 80 -1 13 23 1

0 4 30 64 -20 7 33 17

0 1 4 85 -2 1 3 27

0 9 25 66 -8 5 20 47

0 3 64 16 -4 9 37 44

0 9 17 19 -10 6 33 42

0 5 20 89 -2 1 46 14

0 1 2 19 -2 15 21 24

0 7 9 88 -12 1 19 44

0 0 2 28 -8 2 9 36


SAlphaB: 716.0, std-dev 255.45612928622202

Earliest win: 38
Latest win: 81

WinDepth:
0 0 0 0 0 0 0 0 0 0 0 0 0 0 0 0 0 0 0 0 0 0 0 0 0 0 0 0 0 0 0 0 0 0 0 0 0 0 1 3 17 3 2 10 4 21 23 43 52 89 68 144 72 90 94 168 140 198 118 193 152 218 231 361 311 350 406 375 454 437 456 403 402 400 402 342 264 251 202 123 91 83 
SAlphaB:
0 0 0 0 0 0 0 0 0 0 0 0 0 0 0 0 0 0 0 0 0 0 0 0 0 0 0 0 0 0 0 0 0 0 0 0 0 0 1 3 17 3 2 10 4 21 23 43 52 89 68 144 72 90 94 168 140 198 118 193 152 218 231 361 311 350 406 375 454 437 456 403 402 400 402 342 264 251 202 123 91 83 

LossDepth:
SAlphaB:
0 0 0 0 0 0 0 0 0 0 0 0 0 0 0 0 0 0 0 0 0 0 0 0 0 0 0 0 0 0 0 0 0 0 0 0 0 0 1 3 17 3 2 10 4 21 23 43 52 89 68 144 72 90 94 168 140 198 118 193 152 218 231 361 311 350 406 375 454 437 456 403 402 400 402 342 264 251 202 123 91 83 

FirstWin:
0 0 0 0 0 0 0 0 0 0 0 0 0 0 0 0 0 0 0 0 0 0 0 0 0 0 0 0 0 0 0 0 0 0 0 0 0 0 0 3 0 3 0 10 0 21 0 43 0 89 0 144 0 90 0 168 0 198 0 193 0 218 0 361 0 350 0 375 0 437 0 403 0 400 0 342 0 251 0 123 0 83 
SAlphaB:
0 0 0 0 0 0 0 0 0 0 0 0 0 0 0 0 0 0 0 0 0 0 0 0 0 0 0 0 0 0 0 0 0 0 0 0 0 0 0 3 0 3 0 10 0 21 0 43 0 89 0 144 0 90 0 168 0 198 0 193 0 218 0 361 0 350 0 375 0 437 0 403 0 400 0 342 0 251 0 123 0 83 

SecondWin:
0 0 0 0 0 0 0 0 0 0 0 0 0 0 0 0 0 0 0 0 0 0 0 0 0 0 0 0 0 0 0 0 0 0 0 0 0 0 1 0 17 0 2 0 4 0 23 0 52 0 68 0 72 0 94 0 140 0 118 0 152 0 231 0 311 0 406 0 454 0 456 0 402 0 402 0 264 0 202 0 91 0 
SAlphaB:
0 0 0 0 0 0 0 0 0 0 0 0 0 0 0 0 0 0 0 0 0 0 0 0 0 0 0 0 0 0 0 0 0 0 0 0 0 0 1 0 17 0 2 0 4 0 23 0 52 0 68 0 72 0 94 0 140 0 118 0 152 0 231 0 311 0 406 0 454 0 456 0 402 0 402 0 264 0 202 0 91 0 
