0 11 44 32 -6 1 7 4

0 40 87 1 -4 6 15 19

0 54 93 83 -7 4 11 13

0 43 81 20 -15 1 3 1

0 42 74 73 -9 8 19 28

0 30 64 95 -19 7 21 17

0 50 59 42 -9 10 42 19

0 60 89 29 -2 20 38 36

0 26 93 96 -13 2 20 12

0 4 35 29 -6 9 23 15

0 14 62 55 -7 22 43 33

0 62 72 96 -3 2 13 4

0 32 48 13 -2 7 35 20

0 44 49 7 -16 4 5 29

0 74 97 1 -7 5 12 46

0 27 64 56 -2 26 41 17

0 16 86 58 -11 4 14 31

0 11 46 81 -17 14 28 14

0 42 93 83 -1 11 32 32

0 38 59 15 -8 6 19 24

0 26 46 2 -19 24 32 18

0 57 66 55 -20 3 6 26

0 8 57 59 -16 7 15 6

0 57 91 15 -17 5 13 34

0 25 75 86 -2 9 18 34

0 1 80 37 -7 0 2 1

0 40 94 10 -16 0 11 26

0 35 43 93 -19 15 30 7

0 15 46 34 -19 0 4 31

0 50 76 33 -2 6 18 41

0 40 85 0 -11 19 23 45

0 50 72 81 -15 4 5 31

0 18 34 57 -19 15 31 24

0 0 21 16 -8 3 7 8

0 90 94 63 -20 1 7 31

0 26 81 90 -6 6 29 32

0 44 58 73 -16 28 34 23

0 49 60 49 -12 6 32 3

0 15 37 53 -7 0 18 38

0 3 28 90 -8 1 3 4

0 59 65 47 -6 0 1 21

0 81 85 28 -6 0 9 18

0 54 81 59 -4 18 30 5

0 0 96 19 -8 17 45 44

0 45 58 85 -18 8 25 38

0 12 53 14 -2 1 2 23

0 36 62 34 -16 3 38 0

0 42 50 77 -10 5 8 42

0 39 86 23 -4 0 1 32

0 9 62 69 -13 5 28 22

0 55 67 20 -3 10 11 27

0 19 26 61 -10 14 17 8

0 12 40 61 -5 43 46 41

0 68 75 2 -10 0 8 35

0 61 80 75 -12 41 43 7

0 6 53 9 -3 2 10 21

0 26 41 9 -19 3 11 16

0 15 26 98 -15 8 10 0

0 7 93 0 -4 18 25 11

0 3 32 96 -8 26 31 30

0 32 78 27 -20 7 10 31

0 13 14 82 -15 0 8 38

0 54 65 49 -20 35 38 48

0 27 38 28 -13 35 48 32

0 22 23 90 -15 9 14 39

0 3 42 11 -2 14 35 22

0 2 18 83 -10 19 49 19

0 30 59 76 -18 10 47 36

0 3 44 11 -19 1 21 34

0 31 77 56 -8 29 41 39

0 26 34 60 -11 14 19 22

0 70 76 57 -5 4 5 38

0 4 45 1 -5 5 12 28

0 88 97 61 -12 44 48 48

0 30 35 16 -14 23 27 31

0 12 25 8 -11 16 33 19

0 15 49 10 -14 21 37 36

0 4 11 42 -11 3 8 40

0 40 94 25 -8 24 25 24

0 5 7 61 -17 7 8 27

0 19 20 96 -2 0 8 28

0 37 46 34 -9 29 36 0

0 9 23 67 -17 6 14 3

0 11 15 57 -14 30 46 37

0 1 44 83 -13 42 43 40

0 0 26 97 -11 3 25 22

0 0 32 69 -19 38 40 17

0 4 86 7 -3 28 33 41

0 11 12 8 -10 35 46 20

0 0 4 18 -4 10 18 1

0 0 3 77 -4 11 12 4

0 3 5 27 -19 29 45 20

0 3 51 59 -19 28 48 7

0 11 78 43 -11 1 31 45

0 5 10 40 -13 28 30 39

0 4 70 24 -17 1 7 46

0 8 16 78 -9 17 42 46

0 0 13 31 -17 3 5 0

0 10 17 43 -3 18 26 36

0 18 23 3 -2 5 48 48


SAlphaB: 732.0, std-dev 262.79259633191475

Earliest win: 37
Latest win: 81

WinDepth:
0 0 0 0 0 0 0 0 0 0 0 0 0 0 0 0 0 0 0 0 0 0 0 0 0 0 0 0 0 0 0 0 0 0 0 0 0 4 0 1 1 5 4 8 2 17 6 31 18 58 31 149 85 104 87 196 107 183 136 173 172 252 215 324 341 306 387 386 463 405 445 488 409 404 370 376 251 276 188 132 129 86 
SAlphaB:
0 0 0 0 0 0 0 0 0 0 0 0 0 0 0 0 0 0 0 0 0 0 0 0 0 0 0 0 0 0 0 0 0 0 0 0 0 4 0 1 1 5 4 8 2 17 6 31 18 58 31 149 85 104 87 196 107 183 136 173 172 252 215 324 341 306 387 386 463 405 445 488 409 404 370 376 251 276 188 132 129 86 

LossDepth:
SAlphaB:
0 0 0 0 0 0 0 0 0 0 0 0 0 0 0 0 0 0 0 0 0 0 0 0 0 0 0 0 0 0 0 0 0 0 0 0 0 4 0 1 1 5 4 8 2 17 6 31 18 58 31 149 85 104 87 196 107 183 136 173 172 252 215 324 341 306 387 386 463 405 445 488 409 404 370 376 251 276 188 132 129 86 

FirstWin:
0 0 0 0 0 0 0 0 0 0 0 0 0 0 0 0 0 0 0 0 0 0 0 0 0 0 0 0 0 0 0 0 0 0 0 0 0 4 0 1 0 5 0 8 0 17 0 31 0 58 0 149 0 104 0 196 0 183 0 173 0 252 0 324 0 306 0 386 0 405 0 488 0 404 0 376 0 276 0 132 0 86 
SAlphaB:
0 0 0 0 0 0 0 0 0 0 0 0 0 0 0 0 0 0 0 0 0 0 0 0 0 0 0 0 0 0 0 0 0 0 0 0 0 4 0 1 0 5 0 8 0 17 0 31 0 58 0 149 0 104 0 196 0 183 0 173 0 252 0 324 0 306 0 386 0 405 0 488 0 404 0 376 0 276 0 132 0 86 

SecondWin:
0 0 0 0 0 0 0 0 0 0 0 0 0 0 0 0 0 0 0 0 0 0 0 0 0 0 0 0 0 0 0 0 0 0 0 0 0 0 0 0 1 0 4 0 2 0 6 0 18 0 31 0 85 0 87 0 107 0 136 0 172 0 215 0 341 0 387 0 463 0 445 0 409 0 370 0 251 0 188 0 129 0 
SAlphaB:
0 0 0 0 0 0 0 0 0 0 0 0 0 0 0 0 0 0 0 0 0 0 0 0 0 0 0 0 0 0 0 0 0 0 0 0 0 0 0 0 1 0 4 0 2 0 6 0 18 0 31 0 85 0 87 0 107 0 136 0 172 0 215 0 341 0 387 0 463 0 445 0 409 0 370 0 251 0 188 0 129 0 
