0 8 88 49 -11 6 8 13

0 36 60 87 -3 8 23 17

0 33 58 44 -4 7 25 36

0 51 56 69 -6 6 33 40

0 89 96 51 -13 1 16 6

0 64 89 96 -9 6 47 31

0 30 89 97 -13 28 48 9

0 74 97 6 -9 3 25 3

0 66 83 78 -4 3 42 23

0 22 29 23 -11 35 41 8

0 18 53 55 -19 42 48 18

0 26 68 72 -18 30 45 5

0 14 86 70 -10 8 10 35

0 69 94 87 -2 13 19 39

0 76 84 3 -14 17 18 20

0 38 80 98 -14 5 8 5

0 20 21 63 -20 0 13 12

0 3 63 56 -1 19 32 18

0 2 18 27 -16 1 2 15

0 53 78 56 -13 12 47 5

0 40 60 78 -17 7 9 29

0 73 75 15 -12 0 9 17

0 63 88 11 -6 8 27 37

0 51 72 47 -6 17 26 45

0 38 61 85 -7 3 6 2

0 37 39 43 -14 3 24 7

0 4 48 95 -16 15 38 29

0 19 59 69 -4 9 13 4

0 24 98 34 -20 22 41 8

0 31 81 1 -6 6 41 17

0 10 71 70 -7 11 27 2

0 21 30 12 -19 26 27 8

0 74 76 34 -17 20 34 11

0 10 97 91 -1 8 32 27

0 0 26 46 -15 5 10 18

0 29 86 38 -4 10 16 21

0 19 20 30 -5 27 39 22

0 33 60 56 -13 5 31 2

0 47 89 45 -14 31 47 8

0 48 90 9 -11 20 24 43

0 4 96 9 -4 20 32 18

0 11 65 3 -10 23 29 15

0 81 84 41 -16 20 25 9

0 15 53 72 -10 8 14 23

0 9 97 40 -17 0 12 44

0 39 81 26 -3 37 41 5

0 19 52 72 -18 2 16 28

0 14 46 84 -6 4 9 38

0 14 27 90 -1 32 39 49

0 50 57 65 -9 3 9 34

0 22 49 57 -10 33 40 46

0 3 45 98 -3 2 23 9

0 17 30 96 -5 8 10 48

0 96 99 42 -13 26 27 5

0 0 53 54 -15 9 11 43

0 19 30 62 -18 27 30 32

0 11 22 93 -11 18 19 33

0 10 40 11 -16 16 37 18

0 5 22 72 -6 32 44 27

0 20 27 17 -7 3 38 14

0 23 77 33 -11 29 49 29

0 1 62 33 -9 1 11 16

0 28 42 72 -7 4 7 22

0 9 54 60 -13 2 28 31

0 66 68 16 -11 34 38 43

0 0 54 98 -6 0 11 10

0 10 48 48 -14 3 12 9

0 45 48 78 -20 24 43 34

0 78 99 87 -19 33 45 26

0 59 63 36 -18 30 43 42

0 7 82 62 -20 1 44 29

0 0 72 9 -9 10 35 39

0 91 99 29 -11 41 45 31

0 3 46 36 -12 6 26 3

0 6 65 2 -10 10 12 11

0 0 8 14 -10 4 14 19

0 20 47 83 -14 23 27 1

0 1 2 82 -6 11 20 15

0 2 84 48 -4 23 29 48

0 22 33 86 -8 13 28 46

0 13 57 38 -9 8 43 13

0 0 4 20 -4 23 37 34

0 9 23 21 -14 10 13 26

0 0 5 64 -15 22 35 34

0 3 10 89 -14 33 49 23

0 10 26 31 -20 13 25 33

0 3 18 68 -15 11 36 25

0 7 13 13 -18 6 11 32

0 0 12 45 -15 8 32 26

0 3 9 54 -18 8 30 26

0 3 6 57 -4 1 6 20

0 0 1 36 -8 12 13 9

0 2 6 5 -11 1 40 33

0 0 2 62 -4 6 16 6

0 0 8 55 -18 0 15 0

0 1 11 70 -13 8 20 1

0 1 2 56 -10 0 45 0

0 6 8 37 -12 2 17 42

0 4 10 10 -10 1 47 17

0 3 8 21 -18 13 31 45


SAlphaB: 708.0, std-dev 274.2837045944593

Earliest win: 38
Latest win: 81

WinDepth:
0 0 0 0 0 0 0 0 0 0 0 0 0 0 0 0 0 0 0 0 0 0 0 0 0 0 0 0 0 0 0 0 0 0 0 0 0 0 1 4 1 4 2 18 13 22 14 31 30 65 56 155 93 124 74 189 92 188 157 180 149 234 234 350 310 365 412 379 512 395 437 473 420 394 365 350 278 212 202 158 92 87 
SAlphaB:
0 0 0 0 0 0 0 0 0 0 0 0 0 0 0 0 0 0 0 0 0 0 0 0 0 0 0 0 0 0 0 0 0 0 0 0 0 0 1 4 1 4 2 18 13 22 14 31 30 65 56 155 93 124 74 189 92 188 157 180 149 234 234 350 310 365 412 379 512 395 437 473 420 394 365 350 278 212 202 158 92 87 

LossDepth:
SAlphaB:
0 0 0 0 0 0 0 0 0 0 0 0 0 0 0 0 0 0 0 0 0 0 0 0 0 0 0 0 0 0 0 0 0 0 0 0 0 0 1 4 1 4 2 18 13 22 14 31 30 65 56 155 93 124 74 189 92 188 157 180 149 234 234 350 310 365 412 379 512 395 437 473 420 394 365 350 278 212 202 158 92 87 

FirstWin:
0 0 0 0 0 0 0 0 0 0 0 0 0 0 0 0 0 0 0 0 0 0 0 0 0 0 0 0 0 0 0 0 0 0 0 0 0 0 0 4 0 4 0 18 0 22 0 31 0 65 0 155 0 124 0 189 0 188 0 180 0 234 0 350 0 365 0 379 0 395 0 473 0 394 0 350 0 212 0 158 0 87 
SAlphaB:
0 0 0 0 0 0 0 0 0 0 0 0 0 0 0 0 0 0 0 0 0 0 0 0 0 0 0 0 0 0 0 0 0 0 0 0 0 0 0 4 0 4 0 18 0 22 0 31 0 65 0 155 0 124 0 189 0 188 0 180 0 234 0 350 0 365 0 379 0 395 0 473 0 394 0 350 0 212 0 158 0 87 

SecondWin:
0 0 0 0 0 0 0 0 0 0 0 0 0 0 0 0 0 0 0 0 0 0 0 0 0 0 0 0 0 0 0 0 0 0 0 0 0 0 1 0 1 0 2 0 13 0 14 0 30 0 56 0 93 0 74 0 92 0 157 0 149 0 234 0 310 0 412 0 512 0 437 0 420 0 365 0 278 0 202 0 92 0 
SAlphaB:
0 0 0 0 0 0 0 0 0 0 0 0 0 0 0 0 0 0 0 0 0 0 0 0 0 0 0 0 0 0 0 0 0 0 0 0 0 0 1 0 1 0 2 0 13 0 14 0 30 0 56 0 93 0 74 0 92 0 157 0 149 0 234 0 310 0 412 0 512 0 437 0 420 0 365 0 278 0 202 0 92 0 
