0 27 75 93 -19 0 1 47

0 78 81 75 -10 18 23 17

0 57 89 43 -17 10 31 34

0 63 66 63 -3 9 45 30

0 60 68 46 -17 10 11 19

0 57 65 29 -12 6 10 49

0 25 71 81 -20 3 6 9

0 56 75 87 -9 5 12 46

0 48 50 87 -20 5 10 31

0 47 64 72 -13 14 36 41

0 16 53 94 -7 35 43 13

0 25 48 3 -12 6 22 33

0 59 79 44 -15 12 18 14

0 69 92 85 -16 7 10 32

0 50 62 11 -12 11 18 16

0 52 97 3 -10 8 14 44

0 74 96 79 -5 5 8 27

0 41 86 48 -5 13 25 21

0 52 71 64 -11 4 47 29

0 61 84 51 -3 17 24 21

0 33 45 79 -8 2 3 46

0 5 76 11 -1 4 7 32

0 44 66 98 -19 5 28 10

0 21 28 75 -18 2 11 27

0 18 42 5 -11 13 24 13

0 34 86 86 -12 1 3 49

0 12 89 90 -9 14 25 17

0 38 78 1 -10 1 3 46

0 12 88 82 -18 18 22 43

0 27 82 13 -9 15 27 18

0 55 58 21 -7 28 33 18

0 10 48 83 -8 10 13 17

0 16 39 41 -18 23 40 13

0 16 32 13 -8 1 3 27

0 29 51 41 -3 36 46 25

0 74 91 3 -11 32 48 9

0 2 52 93 -8 0 1 28

0 35 80 66 -6 19 38 8

0 62 68 17 -15 2 3 32

0 14 48 48 -6 24 45 19

0 57 81 15 -6 13 14 48

0 41 63 79 -7 27 30 29

0 2 98 92 -17 3 4 1

0 9 56 62 -17 3 31 43

0 0 29 83 -18 3 8 32

0 30 36 45 -12 4 7 29

0 25 80 49 -11 5 49 3

0 25 58 21 -7 27 41 37

0 17 94 48 -18 8 13 32

0 26 54 60 -14 2 44 9

0 0 91 39 -11 0 41 31

0 3 46 0 -5 31 49 46

0 42 53 55 -15 31 44 0

0 17 82 13 -2 25 32 19

0 14 45 90 -18 0 19 29

0 17 29 65 -7 3 39 12

0 21 86 19 -14 4 43 9

0 31 39 15 -5 0 7 48

0 25 26 32 -3 6 10 18

0 12 52 7 -15 15 26 43

0 6 51 52 -12 2 35 9

0 52 85 75 -13 31 40 29

0 26 44 33 -8 14 17 1

0 52 65 20 -5 26 28 40

0 56 65 65 -2 35 39 46

0 24 32 79 -8 10 22 45

0 0 1 57 -17 41 45 47

0 14 47 15 -17 35 47 13

0 32 48 12 -18 17 35 47

0 35 45 29 -20 1 44 32

0 49 98 88 -4 37 47 45

0 5 55 13 -20 5 48 10

0 8 19 8 -19 19 26 13

0 2 23 34 -16 4 18 4

0 16 26 72 -6 18 40 8

0 7 57 28 -19 10 17 25

0 26 60 82 -18 39 42 41

0 56 67 73 -18 42 46 44

0 6 20 86 -10 11 40 40

0 0 9 58 -6 18 43 0

0 7 20 26 -14 4 34 2

0 0 2 57 -2 28 39 43

0 15 25 2 -14 7 30 30

0 10 85 88 -18 8 32 13

0 7 12 49 -2 3 29 23

0 7 20 90 -11 4 34 37

0 8 26 33 -6 22 47 41

0 0 51 65 -11 12 44 3

0 0 16 51 -3 34 39 0

0 15 18 42 -4 22 46 30

0 1 4 56 -18 2 5 12

0 1 2 99 -4 21 44 47

0 6 7 64 -7 28 35 40

0 1 3 40 -16 15 26 13

0 7 9 31 -18 0 3 47

0 0 2 34 -9 8 18 48

0 1 7 1 -14 16 43 3

0 1 4 76 -2 1 11 17

0 33 46 48 -14 4 35 16

0 6 25 21 -2 4 16 46


SAlphaB: 691.0, std-dev 260.8774807251384

Earliest win: 37
Latest win: 81

WinDepth:
0 0 0 0 0 0 0 0 0 0 0 0 0 0 0 0 0 0 0 0 0 0 0 0 0 0 0 0 0 0 0 0 0 0 0 0 0 13 0 8 0 7 6 15 4 37 18 33 34 84 50 143 54 149 95 196 139 156 172 199 161 225 256 312 310 357 355 381 389 433 433 478 419 395 389 381 250 216 159 151 101 70 
SAlphaB:
0 0 0 0 0 0 0 0 0 0 0 0 0 0 0 0 0 0 0 0 0 0 0 0 0 0 0 0 0 0 0 0 0 0 0 0 0 13 0 8 0 7 6 15 4 37 18 33 34 84 50 143 54 149 95 196 139 156 172 199 161 225 256 312 310 357 355 381 389 433 433 478 419 395 389 381 250 216 159 151 101 70 

LossDepth:
SAlphaB:
0 0 0 0 0 0 0 0 0 0 0 0 0 0 0 0 0 0 0 0 0 0 0 0 0 0 0 0 0 0 0 0 0 0 0 0 0 13 0 8 0 7 6 15 4 37 18 33 34 84 50 143 54 149 95 196 139 156 172 199 161 225 256 312 310 357 355 381 389 433 433 478 419 395 389 381 250 216 159 151 101 70 

FirstWin:
0 0 0 0 0 0 0 0 0 0 0 0 0 0 0 0 0 0 0 0 0 0 0 0 0 0 0 0 0 0 0 0 0 0 0 0 0 13 0 8 0 7 0 15 0 37 0 33 0 84 0 143 0 149 0 196 0 156 0 199 0 225 0 312 0 357 0 381 0 433 0 478 0 395 0 381 0 216 0 151 0 70 
SAlphaB:
0 0 0 0 0 0 0 0 0 0 0 0 0 0 0 0 0 0 0 0 0 0 0 0 0 0 0 0 0 0 0 0 0 0 0 0 0 13 0 8 0 7 0 15 0 37 0 33 0 84 0 143 0 149 0 196 0 156 0 199 0 225 0 312 0 357 0 381 0 433 0 478 0 395 0 381 0 216 0 151 0 70 

SecondWin:
0 0 0 0 0 0 0 0 0 0 0 0 0 0 0 0 0 0 0 0 0 0 0 0 0 0 0 0 0 0 0 0 0 0 0 0 0 0 0 0 0 0 6 0 4 0 18 0 34 0 50 0 54 0 95 0 139 0 172 0 161 0 256 0 310 0 355 0 389 0 433 0 419 0 389 0 250 0 159 0 101 0 
SAlphaB:
0 0 0 0 0 0 0 0 0 0 0 0 0 0 0 0 0 0 0 0 0 0 0 0 0 0 0 0 0 0 0 0 0 0 0 0 0 0 0 0 0 0 6 0 4 0 18 0 34 0 50 0 54 0 95 0 139 0 172 0 161 0 256 0 310 0 355 0 389 0 433 0 419 0 389 0 250 0 159 0 101 0 
