0 26 86 26 -14 6 15 17

0 21 93 61 -5 9 12 14

0 14 84 31 -5 6 15 39

0 26 59 75 -7 6 17 15

0 15 88 29 -7 11 15 25

0 53 71 50 -13 1 2 8

0 30 95 27 -14 6 12 43

0 31 87 93 -15 3 9 1

0 94 98 92 -20 29 37 6

0 83 86 85 -16 1 2 2

0 51 84 11 -5 7 8 4

0 58 73 14 -13 26 28 33

0 17 64 82 -1 38 48 27

0 9 61 46 -17 2 4 6

0 16 51 12 -3 9 20 24

0 35 79 11 -12 1 13 14

0 29 42 74 -3 23 37 12

0 31 59 39 -1 15 49 29

0 23 46 94 -13 15 31 19

0 10 39 76 -13 31 32 6

0 57 67 49 -10 13 24 11

0 22 51 64 -4 3 11 38

0 35 49 39 -14 0 12 20

0 44 94 26 -8 4 40 20

0 38 44 70 -9 5 46 39

0 36 83 61 -1 20 33 37

0 18 21 90 -7 0 6 9

0 24 50 28 -8 15 25 16

0 29 37 83 -11 16 19 4

0 17 59 57 -12 7 17 6

0 52 74 69 -10 15 23 30

0 23 66 67 -19 1 5 37

0 8 34 38 -17 4 7 6

0 22 30 97 -9 0 2 16

0 10 97 41 -16 3 12 21

0 18 41 99 -16 16 35 38

0 0 63 53 -20 17 19 13

0 26 48 36 -4 6 29 12

0 17 98 99 -7 17 36 45

0 8 13 95 -10 15 16 12

0 2 74 12 -1 16 24 7

0 10 31 85 -16 1 12 15

0 25 41 29 -18 27 33 26

0 31 38 4 -14 0 1 13

0 31 67 36 -19 22 44 21

0 15 70 35 -14 13 27 31

0 82 87 33 -4 2 3 8

0 32 50 61 -14 13 45 7

0 63 66 93 -16 15 33 46

0 6 64 31 -18 1 16 19

0 72 96 47 -18 21 24 15

0 12 70 46 -2 12 22 46

0 39 43 84 -9 12 22 32

0 74 85 13 -13 35 41 6

0 5 50 89 -18 5 6 31

0 12 34 15 -2 0 3 14

0 31 41 84 -14 11 36 28

0 76 93 19 -9 26 27 49

0 15 39 25 -17 9 26 29

0 17 84 71 -5 0 4 35

0 29 34 78 -15 23 43 24

0 86 98 97 -9 33 46 37

0 11 22 73 -9 0 3 43

0 45 74 48 -6 32 40 38

0 10 20 43 -2 8 26 8

0 12 13 82 -10 21 24 35

0 25 36 89 -12 10 42 36

0 12 58 0 -6 3 4 47

0 6 8 66 -19 0 28 24

0 10 15 36 -9 20 31 11

0 6 52 99 -6 2 8 20

0 10 35 80 -15 1 38 21

0 67 79 92 -13 32 36 3

0 73 99 3 -17 1 2 32

0 60 64 25 -6 12 16 18

0 9 52 61 -1 10 33 49

0 74 81 27 -3 0 2 49

0 7 51 66 -10 32 36 42

0 9 13 57 -20 0 48 17

0 5 9 59 -4 5 19 32

0 10 17 93 -4 2 7 47

0 0 22 0 -9 41 45 41

0 1 5 2 -16 22 48 0

0 1 3 64 -8 23 24 0

0 35 64 36 -14 26 33 2

0 4 12 99 -6 4 34 7

0 0 1 68 -2 2 5 1

0 0 36 84 -18 44 47 33

0 8 13 99 -5 6 36 34

0 0 1 67 -18 2 3 41

0 1 9 80 -3 4 19 25

0 0 21 15 -13 18 25 5

0 12 27 35 -3 23 39 28

0 16 18 85 -3 32 48 6

0 10 18 7 -19 3 25 35

0 2 5 61 -13 12 20 39

0 4 12 44 -13 6 8 35

0 1 2 61 -13 7 12 14

0 5 38 13 -1 18 19 38

0 5 6 3 -6 8 18 35


SAlphaB: 687.0, std-dev 273.3730786882921

Earliest win: 37
Latest win: 81

WinDepth:
0 0 0 0 0 0 0 0 0 0 0 0 0 0 0 0 0 0 0 0 0 0 0 0 0 0 0 0 0 0 0 0 0 0 0 0 0 4 0 8 3 6 1 20 14 17 21 30 28 105 55 234 89 117 99 196 134 175 148 173 161 224 236 312 314 359 440 396 428 435 404 466 421 340 364 375 274 210 163 142 112 78 
SAlphaB:
0 0 0 0 0 0 0 0 0 0 0 0 0 0 0 0 0 0 0 0 0 0 0 0 0 0 0 0 0 0 0 0 0 0 0 0 0 4 0 8 3 6 1 20 14 17 21 30 28 105 55 234 89 117 99 196 134 175 148 173 161 224 236 312 314 359 440 396 428 435 404 466 421 340 364 375 274 210 163 142 112 78 

LossDepth:
SAlphaB:
0 0 0 0 0 0 0 0 0 0 0 0 0 0 0 0 0 0 0 0 0 0 0 0 0 0 0 0 0 0 0 0 0 0 0 0 0 4 0 8 3 6 1 20 14 17 21 30 28 105 55 234 89 117 99 196 134 175 148 173 161 224 236 312 314 359 440 396 428 435 404 466 421 340 364 375 274 210 163 142 112 78 

FirstWin:
0 0 0 0 0 0 0 0 0 0 0 0 0 0 0 0 0 0 0 0 0 0 0 0 0 0 0 0 0 0 0 0 0 0 0 0 0 4 0 8 0 6 0 20 0 17 0 30 0 105 0 234 0 117 0 196 0 175 0 173 0 224 0 312 0 359 0 396 0 435 0 466 0 340 0 375 0 210 0 142 0 78 
SAlphaB:
0 0 0 0 0 0 0 0 0 0 0 0 0 0 0 0 0 0 0 0 0 0 0 0 0 0 0 0 0 0 0 0 0 0 0 0 0 4 0 8 0 6 0 20 0 17 0 30 0 105 0 234 0 117 0 196 0 175 0 173 0 224 0 312 0 359 0 396 0 435 0 466 0 340 0 375 0 210 0 142 0 78 

SecondWin:
0 0 0 0 0 0 0 0 0 0 0 0 0 0 0 0 0 0 0 0 0 0 0 0 0 0 0 0 0 0 0 0 0 0 0 0 0 0 0 0 3 0 1 0 14 0 21 0 28 0 55 0 89 0 99 0 134 0 148 0 161 0 236 0 314 0 440 0 428 0 404 0 421 0 364 0 274 0 163 0 112 0 
SAlphaB:
0 0 0 0 0 0 0 0 0 0 0 0 0 0 0 0 0 0 0 0 0 0 0 0 0 0 0 0 0 0 0 0 0 0 0 0 0 0 0 0 3 0 1 0 14 0 21 0 28 0 55 0 89 0 99 0 134 0 148 0 161 0 236 0 314 0 440 0 428 0 404 0 421 0 364 0 274 0 163 0 112 0 
