0 46 73 85 -10 4 37 44

0 81 87 93 -20 19 35 1

0 25 53 16 -18 3 12 8

0 40 80 12 -5 8 31 10

0 6 26 83 -20 4 8 16

0 57 62 16 -8 4 9 24

0 23 42 17 -20 0 8 33

0 35 70 56 -10 0 3 19

0 66 72 58 -8 17 24 3

0 40 70 19 -16 0 1 8

0 34 56 20 -11 8 11 7

0 59 61 39 -17 6 40 34

0 66 82 17 -7 12 19 38

0 51 84 52 -17 16 33 37

0 49 58 97 -5 8 10 31

0 38 87 64 -15 21 34 36

0 42 78 20 -1 33 44 9

0 1 67 82 -1 45 49 3

0 8 17 44 -6 6 8 13

0 55 67 29 -10 1 12 3

0 38 71 4 -18 15 20 49

0 15 36 64 -5 11 14 19

0 26 47 85 -17 34 36 18

0 78 93 49 -2 15 18 15

0 49 71 81 -5 1 2 36

0 1 90 99 -17 25 47 5

0 57 95 20 -14 9 13 15

0 29 71 65 -4 1 10 39

0 26 46 25 -13 15 19 12

0 22 83 24 -10 8 32 7

0 54 72 79 -11 16 33 38

0 54 84 23 -6 3 31 45

0 59 61 2 -10 12 47 33

0 20 32 36 -16 0 4 44

0 7 47 22 -2 30 39 25

0 53 84 24 -4 27 49 28

0 27 79 87 -12 2 4 48

0 6 33 31 -1 15 27 17

0 6 29 79 -1 0 11 9

0 44 51 92 -8 12 24 49

0 67 74 31 -17 0 1 7

0 30 75 90 -19 23 26 31

0 22 64 98 -17 5 6 16

0 3 65 57 -4 3 30 27

0 79 89 36 -1 0 42 45

0 0 50 19 -12 21 40 15

0 27 36 67 -18 14 15 35

0 7 30 68 -12 19 22 24

0 29 63 66 -17 7 47 29

0 27 81 44 -13 29 40 39

0 26 38 3 -6 36 48 29

0 1 54 52 -14 16 18 28

0 1 90 8 -14 13 16 18

0 62 79 34 -13 23 46 15

0 11 58 71 -12 5 7 33

0 3 83 99 -20 3 33 40

0 5 25 94 -12 15 38 38

0 11 76 25 -14 9 48 45

0 12 36 21 -8 10 43 17

0 11 82 28 -4 15 27 33

0 51 79 18 -17 29 48 49

0 28 47 79 -19 15 18 2

0 16 60 70 -17 1 39 21

0 14 32 22 -19 0 40 31

0 41 49 80 -1 16 18 32

0 11 26 89 -20 8 9 36

0 10 14 98 -2 23 35 34

0 18 96 71 -2 18 22 7

0 1 4 97 -4 7 18 10

0 48 50 0 -4 32 47 33

0 7 10 88 -12 2 4 33

0 0 1 10 -2 32 45 20

0 58 67 78 -20 27 43 36

0 18 25 88 -16 8 41 36

0 47 50 78 -7 27 31 42

0 13 20 64 -11 11 34 1

0 6 17 72 -6 4 9 26

0 18 21 73 -3 1 3 44

0 29 32 39 -13 13 48 9

0 12 27 81 -7 3 16 47

0 31 33 79 -19 2 4 38

0 27 31 26 -19 4 44 27

0 1 41 37 -14 4 26 10

0 12 46 98 -16 22 42 1

0 5 8 8 -13 2 33 38

0 19 27 3 -2 20 48 5

0 9 33 32 -17 6 17 38

0 2 13 33 -18 9 14 18

0 1 7 20 -15 8 33 43

0 3 20 57 -14 9 15 1

0 4 27 8 -8 15 42 42

0 3 19 1 -4 2 30 5

0 11 73 8 -3 7 36 40

0 2 64 46 -10 9 41 46

0 2 7 68 -14 2 39 43

0 31 39 32 -3 2 8 48

0 5 28 38 -8 4 9 44

0 4 7 16 -2 12 38 32

0 3 14 52 -6 5 9 47

0 11 14 51 -8 18 20 41


SAlphaB: 702.0, std-dev 260.90067065742653

Earliest win: 35
Latest win: 81

WinDepth:
0 0 0 0 0 0 0 0 0 0 0 0 0 0 0 0 0 0 0 0 0 0 0 0 0 0 0 0 0 0 0 0 0 0 0 2 0 6 0 7 0 8 2 10 7 19 19 57 31 106 70 159 112 123 106 191 123 207 141 140 168 234 254 346 322 355 394 385 458 422 465 457 423 412 332 327 250 271 180 129 66 80 
SAlphaB:
0 0 0 0 0 0 0 0 0 0 0 0 0 0 0 0 0 0 0 0 0 0 0 0 0 0 0 0 0 0 0 0 0 0 0 2 0 6 0 7 0 8 2 10 7 19 19 57 31 106 70 159 112 123 106 191 123 207 141 140 168 234 254 346 322 355 394 385 458 422 465 457 423 412 332 327 250 271 180 129 66 80 

LossDepth:
SAlphaB:
0 0 0 0 0 0 0 0 0 0 0 0 0 0 0 0 0 0 0 0 0 0 0 0 0 0 0 0 0 0 0 0 0 0 0 2 0 6 0 7 0 8 2 10 7 19 19 57 31 106 70 159 112 123 106 191 123 207 141 140 168 234 254 346 322 355 394 385 458 422 465 457 423 412 332 327 250 271 180 129 66 80 

FirstWin:
0 0 0 0 0 0 0 0 0 0 0 0 0 0 0 0 0 0 0 0 0 0 0 0 0 0 0 0 0 0 0 0 0 0 0 2 0 6 0 7 0 8 0 10 0 19 0 57 0 106 0 159 0 123 0 191 0 207 0 140 0 234 0 346 0 355 0 385 0 422 0 457 0 412 0 327 0 271 0 129 0 80 
SAlphaB:
0 0 0 0 0 0 0 0 0 0 0 0 0 0 0 0 0 0 0 0 0 0 0 0 0 0 0 0 0 0 0 0 0 0 0 2 0 6 0 7 0 8 0 10 0 19 0 57 0 106 0 159 0 123 0 191 0 207 0 140 0 234 0 346 0 355 0 385 0 422 0 457 0 412 0 327 0 271 0 129 0 80 

SecondWin:
0 0 0 0 0 0 0 0 0 0 0 0 0 0 0 0 0 0 0 0 0 0 0 0 0 0 0 0 0 0 0 0 0 0 0 0 0 0 0 0 0 0 2 0 7 0 19 0 31 0 70 0 112 0 106 0 123 0 141 0 168 0 254 0 322 0 394 0 458 0 465 0 423 0 332 0 250 0 180 0 66 0 
SAlphaB:
0 0 0 0 0 0 0 0 0 0 0 0 0 0 0 0 0 0 0 0 0 0 0 0 0 0 0 0 0 0 0 0 0 0 0 0 0 0 0 0 0 0 2 0 7 0 19 0 31 0 70 0 112 0 106 0 123 0 141 0 168 0 254 0 322 0 394 0 458 0 465 0 423 0 332 0 250 0 180 0 66 0 
