0 53 62 57 -7 10 23 8

0 50 77 28 -5 4 32 31

0 50 97 76 -16 7 22 13

0 60 90 43 -5 8 28 17

0 54 95 19 -20 1 2 21

0 38 84 64 -11 2 6 3

0 40 46 33 -8 6 19 4

0 48 61 34 -13 5 15 30

0 24 55 31 -13 2 7 1

0 25 67 42 -13 2 8 14

0 49 60 64 -8 4 12 10

0 33 72 59 -15 7 8 12

0 31 97 31 -18 3 8 20

0 50 89 62 -11 4 26 17

0 22 89 55 -14 2 4 7

0 32 97 17 -20 3 9 10

0 49 93 10 -3 6 14 17

0 44 79 9 -14 3 12 9

0 58 76 16 -3 3 9 10

0 15 76 40 -5 6 7 14

0 68 85 24 -1 6 39 21

0 74 88 48 -7 19 20 32

0 51 81 38 -18 2 3 18

0 17 31 24 -8 1 8 13

0 27 60 82 -10 5 16 1

0 29 54 14 -20 0 2 12

0 36 45 44 -7 1 10 18

0 66 73 50 -5 12 28 30

0 62 65 4 -20 8 16 10

0 54 94 13 -16 4 25 36

0 86 92 66 -6 15 32 29

0 76 95 87 -12 16 18 13

0 23 51 32 -13 0 2 20

0 64 99 61 -11 0 2 5

0 31 51 61 -15 0 5 30

0 59 94 44 -8 7 15 32

0 15 50 2 -20 0 1 9

0 89 98 95 -5 7 46 15

0 50 58 82 -10 6 7 11

0 20 85 23 -3 9 30 22

0 83 88 52 -9 7 22 1

0 59 80 29 -11 3 22 12

0 58 70 51 -12 4 19 21

0 24 51 3 -14 0 2 31

0 31 74 25 -19 1 3 25

0 56 85 91 -18 2 4 9

0 51 83 99 -5 16 40 14

0 72 73 71 -5 19 36 24

0 33 86 27 -1 7 25 10

0 68 91 90 -6 5 40 30

0 52 65 64 -17 5 10 23

0 29 83 29 -7 5 11 25

0 32 63 6 -17 0 2 27

0 4 65 38 -9 13 30 23

0 33 91 42 -5 9 32 8

0 27 34 58 -13 3 4 9

0 15 71 46 -3 2 7 20

0 48 90 42 -18 0 1 0

0 39 63 35 -20 0 16 12

0 58 65 68 -15 2 16 39

0 30 97 43 -16 5 11 1

0 34 67 92 -9 5 24 22

0 55 62 98 -7 3 25 25

0 44 65 44 -11 0 15 1

0 25 34 94 -11 2 8 5

0 45 69 28 -11 9 16 18

0 33 41 62 -14 1 4 0

0 8 73 28 -5 1 3 7

0 47 96 70 -10 20 43 5

0 37 48 71 -3 4 14 23

0 49 82 20 -3 6 41 28

0 70 99 3 -8 10 15 2

0 73 77 99 -20 3 17 15

0 23 80 8 -20 0 8 1

0 5 61 86 -18 20 36 25

0 14 74 80 -2 0 11 23

0 37 62 30 -8 9 22 11

0 52 91 55 -18 4 29 34

0 17 85 45 -20 0 1 33

0 42 82 45 -7 21 45 6

0 20 23 56 -10 4 10 7

0 11 94 99 -8 9 31 11

0 68 86 83 -15 16 48 8

0 51 82 20 -19 10 23 1

0 16 60 39 -8 5 10 15

0 15 75 62 -5 4 6 20

0 27 65 31 -9 10 32 21

0 27 98 45 -7 13 42 25

0 5 41 51 -11 6 16 16

0 72 74 4 -18 7 36 44

0 11 90 55 -9 2 4 18

0 41 93 47 -3 14 21 0

0 54 81 72 -12 7 15 7

0 11 91 16 -15 0 6 3

0 27 72 92 -17 5 6 20

0 27 85 22 -8 22 41 2

0 5 82 35 -10 5 6 5

0 4 66 40 -13 16 25 25

0 21 56 45 -16 5 10 13

0 9 38 70 -9 12 22 23


SAlphaB: 716.0, std-dev 267.42402225074636

Earliest win: 35
Latest win: 81

WinDepth:
0 0 0 0 0 0 0 0 0 0 0 0 0 0 0 0 0 0 0 0 0 0 0 0 0 0 0 0 0 0 0 0 0 0 0 1 0 3 0 34 4 22 15 44 30 57 71 126 72 188 188 394 138 318 222 494 392 545 338 547 439 663 640 825 774 944 878 944 1052 1006 958 996 872 866 866 730 570 477 404 286 228 146 
SAlphaB:
0 0 0 0 0 0 0 0 0 0 0 0 0 0 0 0 0 0 0 0 0 0 0 0 0 0 0 0 0 0 0 0 0 0 0 1 0 3 0 34 4 22 15 44 30 57 71 126 72 188 188 394 138 318 222 494 392 545 338 547 439 663 640 825 774 944 878 944 1052 1006 958 996 872 866 866 730 570 477 404 286 228 146 

LossDepth:
SAlphaB:
0 0 0 0 0 0 0 0 0 0 0 0 0 0 0 0 0 0 0 0 0 0 0 0 0 0 0 0 0 0 0 0 0 0 0 0 0 3 1 26 2 18 14 29 21 44 66 57 54 101 129 182 79 158 152 273 254 356 223 366 267 441 385 623 525 708 614 752 685 764 682 766 618 681 654 669 468 422 329 261 270 143 

FirstWin:
0 0 0 0 0 0 0 0 0 0 0 0 0 0 0 0 0 0 0 0 0 0 0 0 0 0 0 0 0 0 0 0 0 0 0 1 0 3 0 34 0 22 0 44 0 57 0 126 0 188 0 394 0 318 0 494 0 545 0 547 0 663 0 825 0 944 0 944 0 1006 0 996 0 866 0 730 0 477 0 286 0 146 
SAlphaB:
0 0 0 0 0 0 0 0 0 0 0 0 0 0 0 0 0 0 0 0 0 0 0 0 0 0 0 0 0 0 0 0 0 0 0 1 0 3 0 34 0 22 0 44 0 57 0 126 0 188 0 394 0 318 0 494 0 545 0 547 0 663 0 825 0 944 0 944 0 1006 0 996 0 866 0 730 0 477 0 286 0 146 

SecondWin:
0 0 0 0 0 0 0 0 0 0 0 0 0 0 0 0 0 0 0 0 0 0 0 0 0 0 0 0 0 0 0 0 0 0 0 0 0 0 0 0 4 0 15 0 30 0 71 0 72 0 188 0 138 0 222 0 392 0 338 0 439 0 640 0 774 0 878 0 1052 0 958 0 872 0 866 0 570 0 404 0 228 0 
SAlphaB:
0 0 0 0 0 0 0 0 0 0 0 0 0 0 0 0 0 0 0 0 0 0 0 0 0 0 0 0 0 0 0 0 0 0 0 0 0 0 0 0 4 0 15 0 30 0 71 0 72 0 188 0 138 0 222 0 392 0 338 0 439 0 640 0 774 0 878 0 1052 0 958 0 872 0 866 0 570 0 404 0 228 0 
