0 31 74 25 -19 1 3 25

0 37 62 30 -8 9 22 11

0 27 98 45 -7 13 42 25

0 29 54 14 -20 0 2 12

0 5 41 51 -11 6 16 16

0 50 58 82 -10 6 7 11

0 23 80 8 -20 0 8 1

0 16 60 39 -8 5 10 15

0 72 73 71 -5 19 36 24

0 49 93 10 -3 6 14 17

0 91 95 73 -6 25 28 27

0 42 53 29 -14 3 12 40

0 4 59 96 -1 28 29 3

0 56 73 74 -10 4 7 6

0 35 83 33 -5 0 3 6

0 66 92 76 -9 9 32 41

0 63 76 60 -1 11 17 34

0 31 72 3 -10 12 27 24

0 48 60 93 -15 1 7 38

0 41 99 67 -11 2 10 49

0 29 60 97 -6 13 21 24

0 6 81 38 -12 9 24 18

0 83 86 97 -7 14 15 16

0 48 76 15 -13 2 4 24

0 31 86 44 -3 40 47 8

0 17 25 60 -20 0 3 1

0 14 32 30 -2 15 16 3

0 18 57 13 -3 31 40 30

0 28 73 40 -4 14 17 47

0 43 55 41 -6 3 6 27

0 10 22 84 -19 0 1 3

0 17 61 88 -1 2 27 7

0 16 32 25 -17 9 21 13

0 40 43 92 -14 0 5 30

0 13 38 78 -16 0 6 21

0 10 19 84 -9 5 14 23

0 59 92 26 -1 8 19 29

0 71 98 13 -2 27 30 49

0 56 67 99 -19 11 49 24

0 47 90 7 -16 1 34 40

0 37 62 80 -1 47 48 2

0 63 69 73 -14 16 28 38

0 64 79 9 -11 28 48 27

0 31 89 45 -4 33 38 45

0 27 76 2 -3 14 26 44

0 8 53 18 -7 1 5 30

0 60 65 34 -16 18 28 14

0 21 65 2 -8 22 24 8

0 2 18 97 -5 0 4 3

0 15 86 53 -9 14 22 45

0 37 44 40 -8 5 42 28

0 26 59 40 -17 2 7 47

0 31 43 14 -16 17 35 18

0 19 51 91 -19 31 43 28

0 14 15 51 -14 7 8 15

0 21 30 74 -4 4 7 22

0 20 46 96 -7 6 7 22

0 41 62 36 -19 28 47 23

0 3 74 27 -20 4 6 31

0 5 62 24 -16 2 13 9

0 32 47 59 -1 1 42 40

0 43 48 23 -8 39 48 24

0 32 61 71 -6 13 18 8

0 13 76 18 -17 12 47 2

0 10 30 32 -20 3 5 44

0 37 86 6 -15 9 41 11

0 0 34 35 -12 16 30 23

0 16 36 7 -7 7 16 36

0 0 45 24 -1 0 3 22

0 6 92 62 -3 14 18 33

0 13 27 59 -6 28 47 8

0 46 62 32 -14 34 49 38

0 21 44 49 -10 1 13 40

0 4 48 59 -9 2 3 24

0 17 39 64 -14 3 36 40

0 9 61 92 -14 3 40 6

0 6 34 98 -10 2 6 26

0 0 16 73 -14 9 37 28

0 20 50 56 -20 11 41 11

0 1 2 71 -10 8 48 35

0 9 40 69 -17 5 32 13

0 6 10 29 -18 33 40 34

0 4 9 31 -11 33 49 19

0 2 3 64 -7 28 40 42

0 11 21 83 -11 1 23 42

0 11 21 99 -2 6 12 41

0 3 79 70 -5 10 39 43

0 17 22 85 -7 12 13 46

0 3 9 99 -9 41 49 32

0 35 57 87 -4 0 3 29

0 3 5 37 -10 5 42 9

0 6 34 24 -19 14 42 1

0 5 7 32 -4 11 24 34

0 0 11 87 -8 12 23 7

0 0 8 78 -2 2 9 1

0 3 9 51 -13 9 18 40

0 0 3 61 -10 1 39 17

0 5 9 7 -5 8 45 2

0 6 39 35 -14 20 27 41

0 0 20 48 -11 2 3 47


SAlphaB: 712.0, std-dev 264.71606477411785

Earliest win: 37
Latest win: 81

WinDepth:
0 0 0 0 0 0 0 0 0 0 0 0 0 0 0 0 0 0 0 0 0 0 0 0 0 0 0 0 0 0 0 0 0 0 0 0 0 1 0 2 12 10 3 11 8 21 21 39 15 75 73 179 58 124 83 194 123 184 123 158 181 253 247 336 304 389 386 396 417 387 472 481 443 401 424 407 271 201 198 126 131 89 
SAlphaB:
0 0 0 0 0 0 0 0 0 0 0 0 0 0 0 0 0 0 0 0 0 0 0 0 0 0 0 0 0 0 0 0 0 0 0 0 0 1 0 2 12 10 3 11 8 21 21 39 15 75 73 179 58 124 83 194 123 184 123 158 181 253 247 336 304 389 386 396 417 387 472 481 443 401 424 407 271 201 198 126 131 89 

LossDepth:
SAlphaB:
0 0 0 0 0 0 0 0 0 0 0 0 0 0 0 0 0 0 0 0 0 0 0 0 0 0 0 0 0 0 0 0 0 0 0 0 0 1 0 2 12 10 3 11 8 21 21 39 15 75 73 179 58 124 83 194 123 184 123 158 181 253 247 336 304 389 386 396 417 387 472 481 443 401 424 407 271 201 198 126 131 89 

FirstWin:
0 0 0 0 0 0 0 0 0 0 0 0 0 0 0 0 0 0 0 0 0 0 0 0 0 0 0 0 0 0 0 0 0 0 0 0 0 1 0 2 0 10 0 11 0 21 0 39 0 75 0 179 0 124 0 194 0 184 0 158 0 253 0 336 0 389 0 396 0 387 0 481 0 401 0 407 0 201 0 126 0 89 
SAlphaB:
0 0 0 0 0 0 0 0 0 0 0 0 0 0 0 0 0 0 0 0 0 0 0 0 0 0 0 0 0 0 0 0 0 0 0 0 0 1 0 2 0 10 0 11 0 21 0 39 0 75 0 179 0 124 0 194 0 184 0 158 0 253 0 336 0 389 0 396 0 387 0 481 0 401 0 407 0 201 0 126 0 89 

SecondWin:
0 0 0 0 0 0 0 0 0 0 0 0 0 0 0 0 0 0 0 0 0 0 0 0 0 0 0 0 0 0 0 0 0 0 0 0 0 0 0 0 12 0 3 0 8 0 21 0 15 0 73 0 58 0 83 0 123 0 123 0 181 0 247 0 304 0 386 0 417 0 472 0 443 0 424 0 271 0 198 0 131 0 
SAlphaB:
0 0 0 0 0 0 0 0 0 0 0 0 0 0 0 0 0 0 0 0 0 0 0 0 0 0 0 0 0 0 0 0 0 0 0 0 0 0 0 0 12 0 3 0 8 0 21 0 15 0 73 0 58 0 83 0 123 0 123 0 181 0 247 0 304 0 386 0 417 0 472 0 443 0 424 0 271 0 198 0 131 0 
