0 51 81 38 -18 2 3 18

0 54 95 19 -20 1 2 21

0 54 94 13 -16 4 25 36

0 34 67 92 -9 5 24 22

0 64 99 61 -11 0 2 5

0 20 85 23 -3 9 30 22

0 44 65 44 -11 0 15 1

0 32 63 6 -17 0 2 27

0 30 97 43 -16 5 11 1

0 59 80 29 -11 3 22 12

0 24 63 96 -7 7 9 2

0 19 72 42 -8 7 20 7

0 13 58 15 -13 17 33 1

0 34 70 25 -16 0 19 31

0 75 91 6 -20 19 27 12

0 62 73 89 -1 13 24 26

0 35 53 52 -4 5 26 13

0 40 78 17 -6 7 14 29

0 49 71 52 -1 0 14 8

0 27 59 74 -19 15 17 17

0 33 61 19 -7 3 5 20

0 54 99 62 -11 2 12 30

0 23 25 43 -14 0 4 2

0 60 80 80 -18 1 6 35

0 57 64 97 -12 10 39 34

0 20 93 84 -13 11 40 6

0 34 71 68 -15 44 49 11

0 47 65 82 -6 2 35 3

0 3 56 74 -3 10 24 25

0 20 98 82 -18 2 24 4

0 50 68 54 -9 2 8 36

0 81 84 77 -13 12 18 34

0 39 41 60 -3 6 16 22

0 27 76 45 -9 4 16 38

0 8 87 10 -16 0 2 21

0 40 49 49 -5 11 33 0

0 19 65 36 -16 4 10 32

0 17 35 70 -3 11 28 14

0 8 35 69 -13 8 11 15

0 48 86 25 -14 8 49 0

0 27 67 38 -20 21 34 19

0 0 41 84 -9 5 16 21

0 28 95 64 -8 0 6 30

0 34 47 3 -14 3 6 10

0 59 80 13 -13 20 28 24

0 40 81 51 -18 17 24 42

0 9 18 67 -4 16 25 8

0 53 62 50 -7 0 6 22

0 49 85 29 -15 19 46 6

0 54 60 19 -20 0 1 14

0 3 32 75 -16 11 32 33

0 13 22 71 -6 18 47 20

0 9 33 66 -7 15 20 27

0 9 18 36 -13 12 30 8

0 8 77 56 -13 18 27 35

0 51 52 35 -2 5 7 44

0 14 46 6 -11 12 39 36

0 22 95 23 -18 6 36 44

0 20 49 41 -18 36 46 32

0 7 99 21 -7 7 24 47

0 38 49 64 -15 34 48 5

0 26 33 52 -1 4 17 29

0 77 86 13 -13 0 4 30

0 61 93 79 -12 26 45 47

0 1 27 96 -9 16 22 5

0 4 11 97 -15 41 44 22

0 13 27 92 -18 33 41 35

0 11 68 30 -8 21 39 38

0 3 13 73 -18 5 13 9

0 3 23 48 -9 21 32 25

0 7 31 93 -17 7 10 32

0 12 49 25 -12 33 45 16

0 3 9 44 -4 35 43 26

0 0 3 13 -20 40 46 23

0 21 31 25 -3 39 41 48

0 5 32 36 -5 11 15 26

0 4 27 71 -17 26 38 27

0 9 81 98 -16 12 17 45

0 31 85 12 -9 29 41 13

0 4 10 90 -9 3 23 17

0 17 23 17 -20 8 25 42

0 3 13 94 -15 9 11 43

0 28 56 87 -20 23 30 3

0 3 4 97 -20 23 44 16

0 0 2 5 -13 17 38 49

0 15 28 76 -7 1 32 30

0 2 3 54 -4 20 31 18

0 1 11 15 -20 17 36 33

0 15 20 7 -10 23 46 1

0 15 75 43 -20 24 30 2

0 20 63 23 -7 15 43 47

0 0 9 52 -10 18 27 36

0 2 21 74 -2 9 31 46

0 18 32 48 -7 13 20 42

0 4 5 93 -17 2 9 32

0 4 11 10 -20 2 3 1

0 1 7 68 -14 18 28 45

0 8 12 98 -1 5 38 39

0 13 22 3 -16 1 40 33

0 8 11 58 -14 7 45 27


SAlphaB: 713.0, std-dev 260.06998009277146

Earliest win: 37
Latest win: 81

WinDepth:
0 0 0 0 0 0 0 0 0 0 0 0 0 0 0 0 0 0 0 0 0 0 0 0 0 0 0 0 0 0 0 0 0 0 0 0 0 3 0 9 0 4 0 12 19 11 24 62 16 74 40 225 79 109 83 197 86 156 170 177 165 243 225 326 318 370 415 372 482 374 521 429 466 414 402 319 274 272 191 141 94 66 
SAlphaB:
0 0 0 0 0 0 0 0 0 0 0 0 0 0 0 0 0 0 0 0 0 0 0 0 0 0 0 0 0 0 0 0 0 0 0 0 0 3 0 9 0 4 0 12 19 11 24 62 16 74 40 225 79 109 83 197 86 156 170 177 165 243 225 326 318 370 415 372 482 374 521 429 466 414 402 319 274 272 191 141 94 66 

LossDepth:
SAlphaB:
0 0 0 0 0 0 0 0 0 0 0 0 0 0 0 0 0 0 0 0 0 0 0 0 0 0 0 0 0 0 0 0 0 0 0 0 0 3 0 9 0 4 0 12 19 11 24 62 16 74 40 225 79 109 83 197 86 156 170 177 165 243 225 326 318 370 415 372 482 374 521 429 466 414 402 319 274 272 191 141 94 66 

FirstWin:
0 0 0 0 0 0 0 0 0 0 0 0 0 0 0 0 0 0 0 0 0 0 0 0 0 0 0 0 0 0 0 0 0 0 0 0 0 3 0 9 0 4 0 12 0 11 0 62 0 74 0 225 0 109 0 197 0 156 0 177 0 243 0 326 0 370 0 372 0 374 0 429 0 414 0 319 0 272 0 141 0 66 
SAlphaB:
0 0 0 0 0 0 0 0 0 0 0 0 0 0 0 0 0 0 0 0 0 0 0 0 0 0 0 0 0 0 0 0 0 0 0 0 0 3 0 9 0 4 0 12 0 11 0 62 0 74 0 225 0 109 0 197 0 156 0 177 0 243 0 326 0 370 0 372 0 374 0 429 0 414 0 319 0 272 0 141 0 66 

SecondWin:
0 0 0 0 0 0 0 0 0 0 0 0 0 0 0 0 0 0 0 0 0 0 0 0 0 0 0 0 0 0 0 0 0 0 0 0 0 0 0 0 0 0 0 0 19 0 24 0 16 0 40 0 79 0 83 0 86 0 170 0 165 0 225 0 318 0 415 0 482 0 521 0 466 0 402 0 274 0 191 0 94 0 
SAlphaB:
0 0 0 0 0 0 0 0 0 0 0 0 0 0 0 0 0 0 0 0 0 0 0 0 0 0 0 0 0 0 0 0 0 0 0 0 0 0 0 0 0 0 0 0 19 0 24 0 16 0 40 0 79 0 83 0 86 0 170 0 165 0 225 0 318 0 415 0 482 0 521 0 466 0 402 0 274 0 191 0 94 0 
