0 22 89 55 -14 2 4 7

0 8 73 28 -5 1 3 7

0 50 89 62 -11 4 26 17

0 27 60 82 -10 5 16 1

0 76 95 87 -12 16 18 13

0 58 70 51 -12 4 19 21

0 58 76 16 -3 3 9 10

0 58 65 68 -15 2 16 39

0 48 90 42 -18 0 1 0

0 27 34 58 -13 3 4 9

0 26 92 96 -15 7 27 12

0 40 41 28 -14 2 6 7

0 17 96 52 -19 7 37 34

0 24 74 60 -13 37 48 23

0 66 94 5 -7 1 40 47

0 68 88 65 -7 7 13 17

0 70 77 30 -15 13 15 35

0 9 57 9 -14 18 32 35

0 43 51 59 -3 4 6 19

0 21 24 24 -3 5 11 5

0 31 33 37 -3 0 15 14

0 33 81 87 -1 10 36 12

0 16 90 37 -9 5 11 33

0 59 79 15 -4 3 4 24

0 9 54 47 -3 9 21 18

0 27 36 95 -4 1 5 7

0 85 94 71 -3 4 5 34

0 22 32 8 -1 25 41 11

0 3 90 21 -9 16 38 0

0 4 12 44 -13 0 2 12

0 10 96 73 -19 4 42 41

0 15 85 81 -8 6 21 15

0 53 96 53 -17 24 36 4

0 24 76 66 -4 13 38 1

0 22 71 36 -20 13 18 32

0 65 78 67 -1 11 18 49

0 9 32 51 -8 25 36 26

0 66 75 81 -7 22 37 10

0 35 66 37 -15 16 26 19

0 9 52 53 -16 18 30 24

0 2 5 98 -3 3 6 5

0 46 55 47 -13 23 36 18

0 53 62 21 -10 8 10 13

0 27 89 50 -14 18 27 25

0 29 46 19 -2 3 7 36

0 7 60 46 -1 13 18 19

0 15 35 79 -10 30 48 32

0 54 56 90 -7 27 29 14

0 87 96 35 -19 33 40 12

0 19 75 3 -13 41 43 35

0 21 36 48 -20 9 10 2

0 12 41 5 -9 2 23 12

0 27 37 12 -3 26 28 40

0 12 17 10 -2 2 23 1

0 7 38 92 -8 26 33 15

0 0 2 51 -14 20 31 11

0 1 68 56 -6 5 26 11

0 21 75 16 -10 1 47 16

0 6 21 25 -9 6 32 14

0 20 29 41 -5 31 43 40

0 23 75 30 -18 21 38 49

0 1 39 27 -3 17 26 30

0 0 4 49 -20 16 26 12

0 33 38 19 -16 0 29 35

0 27 78 90 -19 1 6 47

0 26 27 35 -2 3 18 38

0 14 22 61 -1 11 47 11

0 14 43 73 -1 15 49 0

0 20 91 3 -20 30 46 31

0 1 5 74 -18 4 42 3

0 12 51 7 -5 5 37 26

0 28 45 36 -6 2 9 46

0 52 56 29 -6 2 6 40

0 0 1 70 -4 17 19 30

0 22 28 22 -13 6 10 40

0 7 15 48 -8 8 34 15

0 22 62 45 -6 24 47 48

0 11 38 51 -7 43 45 46

0 7 82 46 -7 10 21 40

0 11 18 84 -13 22 46 13

0 6 14 81 -9 28 29 12

0 23 30 87 -3 5 44 45

0 18 41 0 -11 1 17 37

0 8 12 61 -18 44 47 24

0 1 36 89 -13 8 47 15

0 5 53 22 -1 17 25 34

0 3 16 25 -18 0 41 27

0 10 20 76 -16 17 34 41

0 13 51 5 -4 19 48 9

0 5 10 65 -14 2 8 26

0 9 18 58 -12 2 15 29

0 2 4 36 -3 0 6 6

0 5 11 83 -15 26 36 49

0 15 38 93 -2 9 40 39

0 1 3 1 -14 4 10 35

0 9 10 68 -6 16 28 39

0 8 12 46 -3 23 36 30

0 0 4 87 -20 17 25 35

0 2 6 99 -17 11 19 30

0 0 1 24 -4 12 36 21


SAlphaB: 709.0, std-dev 260.0326364520462

Earliest win: 37
Latest win: 81

WinDepth:
0 0 0 0 0 0 0 0 0 0 0 0 0 0 0 0 0 0 0 0 0 0 0 0 0 0 0 0 0 0 0 0 0 0 0 0 0 1 0 4 2 9 7 12 1 17 11 24 16 67 41 174 51 80 74 151 109 146 158 155 144 198 215 305 355 354 390 408 467 454 482 437 482 452 402 406 278 247 194 159 94 85 
SAlphaB:
0 0 0 0 0 0 0 0 0 0 0 0 0 0 0 0 0 0 0 0 0 0 0 0 0 0 0 0 0 0 0 0 0 0 0 0 0 1 0 4 2 9 7 12 1 17 11 24 16 67 41 174 51 80 74 151 109 146 158 155 144 198 215 305 355 354 390 408 467 454 482 437 482 452 402 406 278 247 194 159 94 85 

LossDepth:
SAlphaB:
0 0 0 0 0 0 0 0 0 0 0 0 0 0 0 0 0 0 0 0 0 0 0 0 0 0 0 0 0 0 0 0 0 0 0 0 0 1 0 4 2 9 7 12 1 17 11 24 16 67 41 174 51 80 74 151 109 146 158 155 144 198 215 305 355 354 390 408 467 454 482 437 482 452 402 406 278 247 194 159 94 85 

FirstWin:
0 0 0 0 0 0 0 0 0 0 0 0 0 0 0 0 0 0 0 0 0 0 0 0 0 0 0 0 0 0 0 0 0 0 0 0 0 1 0 4 0 9 0 12 0 17 0 24 0 67 0 174 0 80 0 151 0 146 0 155 0 198 0 305 0 354 0 408 0 454 0 437 0 452 0 406 0 247 0 159 0 85 
SAlphaB:
0 0 0 0 0 0 0 0 0 0 0 0 0 0 0 0 0 0 0 0 0 0 0 0 0 0 0 0 0 0 0 0 0 0 0 0 0 1 0 4 0 9 0 12 0 17 0 24 0 67 0 174 0 80 0 151 0 146 0 155 0 198 0 305 0 354 0 408 0 454 0 437 0 452 0 406 0 247 0 159 0 85 

SecondWin:
0 0 0 0 0 0 0 0 0 0 0 0 0 0 0 0 0 0 0 0 0 0 0 0 0 0 0 0 0 0 0 0 0 0 0 0 0 0 0 0 2 0 7 0 1 0 11 0 16 0 41 0 51 0 74 0 109 0 158 0 144 0 215 0 355 0 390 0 467 0 482 0 482 0 402 0 278 0 194 0 94 0 
SAlphaB:
0 0 0 0 0 0 0 0 0 0 0 0 0 0 0 0 0 0 0 0 0 0 0 0 0 0 0 0 0 0 0 0 0 0 0 0 0 0 0 0 2 0 7 0 1 0 11 0 16 0 41 0 51 0 74 0 109 0 158 0 144 0 215 0 355 0 390 0 467 0 482 0 482 0 402 0 278 0 194 0 94 0 
