0 66 73 50 -5 12 28 30

0 52 91 55 -18 4 29 34

0 40 46 33 -8 6 19 4

0 4 65 38 -9 13 30 23

0 50 77 28 -5 4 32 31

0 42 82 45 -7 21 45 6

0 60 90 43 -5 8 28 17

0 9 38 70 -9 12 22 23

0 5 82 35 -10 5 6 5

0 68 85 24 -1 6 39 21

0 62 82 86 -6 4 13 4

0 51 64 49 -19 8 19 3

0 48 76 52 -2 11 18 31

0 21 30 49 -7 2 9 6

0 4 75 49 -16 3 11 13

0 42 58 5 -14 0 1 24

0 13 44 35 -3 0 4 6

0 39 81 67 -7 15 42 46

0 14 84 0 -17 5 10 19

0 43 81 93 -7 13 20 41

0 76 83 78 -12 0 6 15

0 10 27 27 -12 11 32 16

0 36 38 90 -16 2 19 39

0 78 84 16 -20 22 23 3

0 26 55 23 -2 29 45 1

0 46 54 64 -4 5 36 9

0 2 27 86 -4 5 11 16

0 29 41 71 -2 2 30 7

0 39 75 61 -7 5 30 49

0 54 59 18 -15 3 4 24

0 10 28 12 -16 23 36 26

0 24 95 92 -12 10 15 35

0 80 90 9 -13 20 35 32

0 70 82 86 -18 24 35 38

0 20 47 26 -14 5 7 38

0 11 28 55 -9 9 30 37

0 10 62 66 -12 47 49 47

0 13 53 97 -11 1 29 2

0 30 36 24 -2 9 26 30

0 32 53 50 -4 15 16 44

0 34 50 17 -19 1 12 21

0 6 63 97 -14 23 31 40

0 11 43 38 -13 20 37 22

0 22 65 55 -3 0 7 30

0 2 22 15 -19 7 19 15

0 24 75 14 -3 18 31 12

0 49 60 17 -8 2 7 41

0 37 39 2 -15 6 7 14

0 10 20 87 -16 19 21 32

0 30 44 64 -10 11 16 7

0 1 3 75 -5 29 38 20

0 15 93 32 -11 2 48 43

0 6 7 68 -17 0 12 4

0 31 42 1 -1 28 45 27

0 41 54 25 -19 23 49 15

0 11 16 43 -8 17 38 5

0 49 56 63 -16 0 2 43

0 19 39 41 -7 20 45 22

0 44 78 99 -18 29 37 49

0 26 35 7 -17 3 8 18

0 46 48 28 -8 12 15 41

0 21 23 90 -12 27 30 39

0 30 77 65 -15 24 27 40

0 0 23 50 -12 19 39 8

0 37 58 12 -9 0 39 39

0 28 79 47 -1 23 28 22

0 7 27 87 -3 27 42 15

0 12 22 21 -11 20 45 48

0 3 7 76 -11 20 35 2

0 2 36 37 -6 25 40 13

0 5 45 45 -5 27 33 43

0 46 71 7 -16 34 36 15

0 53 64 90 -20 34 35 46

0 39 71 50 -17 20 36 6

0 27 48 92 -3 22 26 5

0 1 5 66 -14 22 24 45

0 16 90 28 -11 24 47 21

0 32 67 23 -15 34 49 31

0 27 83 64 -4 22 39 40

0 29 90 59 -15 42 44 42

0 8 74 23 -9 15 24 22

0 16 30 1 -15 43 44 45

0 14 26 31 -14 8 30 30

0 1 9 97 -11 26 31 46

0 40 88 17 -9 33 38 17

0 16 40 93 -8 47 49 36

0 13 16 16 -12 16 36 36

0 16 35 14 -11 14 15 40

0 6 64 43 -4 4 26 35

0 1 7 49 -10 6 12 8

0 4 9 45 -4 5 8 36

0 17 30 95 -14 11 39 1

0 29 48 37 -13 25 26 0

0 0 1 15 -13 13 30 29

0 0 24 81 -2 14 21 47

0 21 23 19 -4 5 22 30

0 5 21 37 -1 4 13 49

0 2 6 30 -19 1 9 33

0 4 11 90 -16 5 39 44

0 2 3 23 -2 18 45 41


SAlphaB: 716.0, std-dev 256.8538606037891

Earliest win: 37
Latest win: 81

WinDepth:
0 0 0 0 0 0 0 0 0 0 0 0 0 0 0 0 0 0 0 0 0 0 0 0 0 0 0 0 0 0 0 0 0 0 0 0 0 9 0 10 0 6 2 9 6 15 21 38 20 85 49 262 71 115 101 192 85 224 130 170 190 213 238 315 283 362 451 380 449 379 476 467 431 381 359 347 262 256 169 135 91 80 
SAlphaB:
0 0 0 0 0 0 0 0 0 0 0 0 0 0 0 0 0 0 0 0 0 0 0 0 0 0 0 0 0 0 0 0 0 0 0 0 0 9 0 10 0 6 2 9 6 15 21 38 20 85 49 262 71 115 101 192 85 224 130 170 190 213 238 315 283 362 451 380 449 379 476 467 431 381 359 347 262 256 169 135 91 80 

LossDepth:
SAlphaB:
0 0 0 0 0 0 0 0 0 0 0 0 0 0 0 0 0 0 0 0 0 0 0 0 0 0 0 0 0 0 0 0 0 0 0 0 0 9 0 10 0 6 2 9 6 15 21 38 20 85 49 262 71 115 101 192 85 224 130 170 190 213 238 315 283 362 451 380 449 379 476 467 431 381 359 347 262 256 169 135 91 80 

FirstWin:
0 0 0 0 0 0 0 0 0 0 0 0 0 0 0 0 0 0 0 0 0 0 0 0 0 0 0 0 0 0 0 0 0 0 0 0 0 9 0 10 0 6 0 9 0 15 0 38 0 85 0 262 0 115 0 192 0 224 0 170 0 213 0 315 0 362 0 380 0 379 0 467 0 381 0 347 0 256 0 135 0 80 
SAlphaB:
0 0 0 0 0 0 0 0 0 0 0 0 0 0 0 0 0 0 0 0 0 0 0 0 0 0 0 0 0 0 0 0 0 0 0 0 0 9 0 10 0 6 0 9 0 15 0 38 0 85 0 262 0 115 0 192 0 224 0 170 0 213 0 315 0 362 0 380 0 379 0 467 0 381 0 347 0 256 0 135 0 80 

SecondWin:
0 0 0 0 0 0 0 0 0 0 0 0 0 0 0 0 0 0 0 0 0 0 0 0 0 0 0 0 0 0 0 0 0 0 0 0 0 0 0 0 0 0 2 0 6 0 21 0 20 0 49 0 71 0 101 0 85 0 130 0 190 0 238 0 283 0 451 0 449 0 476 0 431 0 359 0 262 0 169 0 91 0 
SAlphaB:
0 0 0 0 0 0 0 0 0 0 0 0 0 0 0 0 0 0 0 0 0 0 0 0 0 0 0 0 0 0 0 0 0 0 0 0 0 0 0 0 0 0 2 0 6 0 21 0 20 0 49 0 71 0 101 0 85 0 130 0 190 0 238 0 283 0 451 0 449 0 476 0 431 0 359 0 262 0 169 0 91 0 
