0 15 75 62 -5 4 6 20

0 83 88 52 -9 7 22 1

0 70 99 3 -8 10 15 2

0 51 82 20 -19 10 23 1

0 68 86 83 -15 16 48 8

0 17 31 24 -8 1 8 13

0 27 85 22 -8 22 41 2

0 59 94 44 -8 7 15 32

0 11 94 99 -8 9 31 11

0 4 66 40 -13 16 25 25

0 59 78 86 -10 2 7 28

0 26 66 60 -1 8 19 14

0 43 65 75 -6 11 28 1

0 30 87 1 -9 0 18 29

0 18 52 63 -14 23 43 30

0 59 90 2 -13 1 2 44

0 50 89 72 -16 4 9 46

0 69 97 99 -17 18 34 15

0 0 51 58 -16 8 27 10

0 6 67 11 -20 11 27 27

0 62 72 39 -13 0 30 5

0 60 78 93 -17 0 8 47

0 9 27 91 -20 6 18 27

0 81 82 11 -3 0 12 16

0 32 53 18 -16 9 20 17

0 51 62 42 -19 0 1 37

0 9 71 54 -11 0 23 5

0 43 76 58 -18 14 41 49

0 13 53 5 -4 13 16 14

0 6 24 56 -13 6 11 3

0 42 60 99 -19 5 19 43

0 32 88 75 -20 5 7 29

0 38 75 37 -15 14 15 26

0 21 93 57 -4 4 5 30

0 32 34 16 -6 35 40 8

0 15 27 43 -11 17 25 18

0 32 59 77 -18 23 36 38

0 38 71 48 -3 9 47 20

0 13 79 21 -19 28 46 29

0 23 38 98 -9 6 12 27

0 2 34 16 -14 1 13 26

0 8 27 25 -7 16 26 8

0 52 80 22 -18 1 14 2

0 8 35 70 -7 4 16 15

0 36 67 41 -17 1 17 1

0 16 73 38 -19 10 31 29

0 14 66 67 -20 16 25 28

0 66 80 90 -15 27 32 14

0 32 72 89 -10 23 26 34

0 29 96 68 -1 0 5 26

0 27 84 13 -10 22 28 23

0 53 83 60 -14 4 41 1

0 20 45 23 -9 10 20 42

0 3 82 64 -16 13 41 49

0 4 55 54 -12 18 38 42

0 8 58 12 -11 0 14 40

0 26 52 97 -4 19 29 29

0 3 53 24 -18 4 12 12

0 2 30 63 -8 25 45 19

0 15 98 0 -2 4 20 43

0 5 24 72 -3 37 44 33

0 18 37 62 -8 17 23 3

0 86 94 59 -16 44 45 48

0 1 12 22 -19 2 17 6

0 7 60 67 -6 10 37 43

0 11 18 71 -11 10 14 30

0 20 31 40 -14 36 40 41

0 6 84 17 -17 8 39 23

0 7 18 87 -10 28 31 7

0 6 88 35 -20 5 7 34

0 29 67 8 -19 36 38 2

0 0 22 95 -16 8 27 28

0 20 24 18 -2 15 16 6

0 7 40 95 -16 6 8 32

0 34 49 71 -14 21 23 48

0 0 4 72 -14 18 36 0

0 10 31 11 -16 2 42 3

0 3 9 43 -6 1 24 23

0 7 10 71 -7 23 26 4

0 0 2 91 -12 2 8 27

0 7 20 66 -5 13 43 21

0 2 3 33 -16 25 43 7

0 2 17 47 -16 23 39 31

0 1 5 8 -18 12 49 16

0 0 35 39 -17 12 39 5

0 18 38 81 -11 17 19 9

0 5 32 45 -9 3 34 40

0 20 55 44 -20 9 42 38

0 4 27 8 -18 3 30 48

0 5 11 59 -1 14 34 40

0 0 1 15 -6 1 20 20

0 8 13 23 -19 13 37 22

0 1 9 34 -5 5 29 30

0 5 8 66 -8 0 49 12

0 1 5 63 -18 1 27 16

0 0 1 60 -13 10 20 17

0 0 8 54 -1 34 35 49

0 4 7 93 -17 13 25 49

0 3 8 72 -18 11 21 37

0 0 1 20 -3 5 9 48


SAlphaB: 737.0, std-dev 284.09529975596985

Earliest win: 37
Latest win: 81

WinDepth:
0 0 0 0 0 0 0 0 0 0 0 0 0 0 0 0 0 0 0 0 0 0 0 0 0 0 0 0 0 0 0 0 0 0 0 0 0 2 0 1 2 5 1 11 18 17 12 55 15 35 117 194 130 132 88 203 100 157 112 182 179 247 263 332 307 361 397 411 449 370 482 451 436 384 353 350 283 263 171 139 98 71 
SAlphaB:
0 0 0 0 0 0 0 0 0 0 0 0 0 0 0 0 0 0 0 0 0 0 0 0 0 0 0 0 0 0 0 0 0 0 0 0 0 2 0 1 2 5 1 11 18 17 12 55 15 35 117 194 130 132 88 203 100 157 112 182 179 247 263 332 307 361 397 411 449 370 482 451 436 384 353 350 283 263 171 139 98 71 

LossDepth:
SAlphaB:
0 0 0 0 0 0 0 0 0 0 0 0 0 0 0 0 0 0 0 0 0 0 0 0 0 0 0 0 0 0 0 0 0 0 0 0 0 2 0 1 2 5 1 11 18 17 12 55 15 35 117 194 130 132 88 203 100 157 112 182 179 247 263 332 307 361 397 411 449 370 482 451 436 384 353 350 283 263 171 139 98 71 

FirstWin:
0 0 0 0 0 0 0 0 0 0 0 0 0 0 0 0 0 0 0 0 0 0 0 0 0 0 0 0 0 0 0 0 0 0 0 0 0 2 0 1 0 5 0 11 0 17 0 55 0 35 0 194 0 132 0 203 0 157 0 182 0 247 0 332 0 361 0 411 0 370 0 451 0 384 0 350 0 263 0 139 0 71 
SAlphaB:
0 0 0 0 0 0 0 0 0 0 0 0 0 0 0 0 0 0 0 0 0 0 0 0 0 0 0 0 0 0 0 0 0 0 0 0 0 2 0 1 0 5 0 11 0 17 0 55 0 35 0 194 0 132 0 203 0 157 0 182 0 247 0 332 0 361 0 411 0 370 0 451 0 384 0 350 0 263 0 139 0 71 

SecondWin:
0 0 0 0 0 0 0 0 0 0 0 0 0 0 0 0 0 0 0 0 0 0 0 0 0 0 0 0 0 0 0 0 0 0 0 0 0 0 0 0 2 0 1 0 18 0 12 0 15 0 117 0 130 0 88 0 100 0 112 0 179 0 263 0 307 0 397 0 449 0 482 0 436 0 353 0 283 0 171 0 98 0 
SAlphaB:
0 0 0 0 0 0 0 0 0 0 0 0 0 0 0 0 0 0 0 0 0 0 0 0 0 0 0 0 0 0 0 0 0 0 0 0 0 0 0 0 2 0 1 0 18 0 12 0 15 0 117 0 130 0 88 0 100 0 112 0 179 0 263 0 307 0 397 0 449 0 482 0 436 0 353 0 283 0 171 0 98 0 
