0 33 86 27 -1 7 25 10

0 55 62 98 -7 3 25 25

0 24 55 31 -13 2 7 1

0 86 92 66 -6 15 32 29

0 15 76 40 -5 6 7 14

0 89 98 95 -5 7 46 15

0 49 82 20 -3 6 41 28

0 5 61 86 -18 20 36 25

0 33 41 62 -14 1 4 0

0 51 83 99 -5 16 40 14

0 45 65 42 -3 7 11 0

0 29 82 73 -3 16 26 0

0 28 56 35 -20 24 37 8

0 41 70 47 -19 0 1 46

0 23 91 77 -1 5 26 5

0 23 43 68 -7 0 9 11

0 54 88 29 -14 7 42 11

0 19 93 76 -3 9 34 19

0 23 88 20 -6 8 31 35

0 58 67 51 -1 4 10 12

0 66 90 15 -17 4 8 12

0 34 50 66 -1 1 5 6

0 51 73 77 -11 1 3 40

0 21 82 14 -11 8 23 9

0 51 88 79 -7 3 8 17

0 9 52 65 -2 10 18 9

0 32 95 17 -14 9 15 49

0 48 82 54 -8 1 2 47

0 4 94 24 -2 7 13 18

0 59 60 80 -15 11 35 35

0 44 85 23 -9 10 25 49

0 22 67 80 -3 21 49 6

0 74 84 87 -8 37 44 14

0 8 45 28 -17 17 27 13

0 14 76 79 -12 2 34 11

0 55 70 43 -8 6 11 40

0 71 77 67 -2 7 8 44

0 0 82 41 -4 20 26 11

0 0 62 86 -4 22 23 33

0 93 98 54 -15 7 8 30

0 2 87 87 -5 27 34 49

0 65 97 2 -7 26 27 33

0 29 50 81 -12 28 45 36

0 8 29 88 -18 1 3 17

0 20 46 87 -18 4 20 16

0 67 71 59 -8 23 36 46

0 10 44 49 -19 6 31 6

0 20 96 44 -14 19 35 34

0 35 38 75 -18 30 39 17

0 8 46 30 -4 1 2 20

0 15 79 67 -20 1 42 42

0 12 71 9 -13 3 6 9

0 39 57 64 -20 34 43 5

0 15 87 16 -19 6 14 30

0 10 11 12 -16 1 13 12

0 10 30 72 -7 2 16 9

0 3 64 0 -17 0 1 21

0 19 39 91 -11 5 48 4

0 11 41 43 -6 6 10 37

0 42 53 54 -11 19 32 12

0 4 29 43 -20 42 44 44

0 5 8 93 -18 12 40 31

0 19 96 13 -10 25 40 0

0 25 61 46 -4 2 4 32

0 0 56 1 -6 10 45 2

0 1 41 55 -7 41 46 22

0 18 35 15 -17 5 42 4

0 11 64 48 -18 16 24 40

0 15 42 28 -13 4 16 32

0 7 28 47 -5 10 13 42

0 13 23 74 -9 5 17 41

0 0 2 51 -8 34 42 43

0 5 17 0 -19 21 29 12

0 8 14 93 -14 7 39 26

0 0 23 74 -8 5 7 22

0 13 22 83 -19 1 7 22

0 26 27 91 -13 6 15 45

0 4 9 50 -11 42 47 47

0 18 22 52 -1 9 21 49

0 18 33 8 -14 12 22 11

0 11 35 7 -18 1 6 34

0 7 21 55 -17 3 17 27

0 13 58 25 -19 23 24 42

0 52 86 8 -18 19 31 6

0 16 95 74 -12 7 43 48

0 0 4 84 -15 1 23 21

0 8 11 60 -14 10 43 4

0 10 61 24 -12 26 33 45

0 2 6 39 -15 0 17 44

0 2 22 49 -18 4 40 24

0 0 8 26 -20 20 41 19

0 9 10 40 -16 2 4 28

0 6 34 3 -20 13 21 46

0 0 6 5 -3 21 35 47

0 6 31 14 -8 22 44 45

0 9 10 4 -16 17 21 28

0 2 6 58 -17 28 32 49

0 2 8 57 -4 1 23 15

0 4 27 42 -2 2 16 42

0 9 11 50 -6 2 11 46


SAlphaB: 719.0, std-dev 258.2787503430893

Earliest win: 37
Latest win: 81

WinDepth:
0 0 0 0 0 0 0 0 0 0 0 0 0 0 0 0 0 0 0 0 0 0 0 0 0 0 0 0 0 0 0 0 0 0 0 0 0 7 0 6 1 5 2 12 4 22 8 24 29 74 76 160 64 109 94 129 144 182 136 157 171 233 215 372 357 375 423 405 481 391 500 469 424 433 386 369 268 215 175 142 98 62 
SAlphaB:
0 0 0 0 0 0 0 0 0 0 0 0 0 0 0 0 0 0 0 0 0 0 0 0 0 0 0 0 0 0 0 0 0 0 0 0 0 7 0 6 1 5 2 12 4 22 8 24 29 74 76 160 64 109 94 129 144 182 136 157 171 233 215 372 357 375 423 405 481 391 500 469 424 433 386 369 268 215 175 142 98 62 

LossDepth:
SAlphaB:
0 0 0 0 0 0 0 0 0 0 0 0 0 0 0 0 0 0 0 0 0 0 0 0 0 0 0 0 0 0 0 0 0 0 0 0 0 7 0 6 1 5 2 12 4 22 8 24 29 74 76 160 64 109 94 129 144 182 136 157 171 233 215 372 357 375 423 405 481 391 500 469 424 433 386 369 268 215 175 142 98 62 

FirstWin:
0 0 0 0 0 0 0 0 0 0 0 0 0 0 0 0 0 0 0 0 0 0 0 0 0 0 0 0 0 0 0 0 0 0 0 0 0 7 0 6 0 5 0 12 0 22 0 24 0 74 0 160 0 109 0 129 0 182 0 157 0 233 0 372 0 375 0 405 0 391 0 469 0 433 0 369 0 215 0 142 0 62 
SAlphaB:
0 0 0 0 0 0 0 0 0 0 0 0 0 0 0 0 0 0 0 0 0 0 0 0 0 0 0 0 0 0 0 0 0 0 0 0 0 7 0 6 0 5 0 12 0 22 0 24 0 74 0 160 0 109 0 129 0 182 0 157 0 233 0 372 0 375 0 405 0 391 0 469 0 433 0 369 0 215 0 142 0 62 

SecondWin:
0 0 0 0 0 0 0 0 0 0 0 0 0 0 0 0 0 0 0 0 0 0 0 0 0 0 0 0 0 0 0 0 0 0 0 0 0 0 0 0 1 0 2 0 4 0 8 0 29 0 76 0 64 0 94 0 144 0 136 0 171 0 215 0 357 0 423 0 481 0 500 0 424 0 386 0 268 0 175 0 98 0 
SAlphaB:
0 0 0 0 0 0 0 0 0 0 0 0 0 0 0 0 0 0 0 0 0 0 0 0 0 0 0 0 0 0 0 0 0 0 0 0 0 0 0 0 1 0 2 0 4 0 8 0 29 0 76 0 64 0 94 0 144 0 136 0 171 0 215 0 357 0 423 0 481 0 500 0 424 0 386 0 268 0 175 0 98 0 
