0 25 67 42 -13 2 8 14

0 37 48 71 -3 4 14 23

0 33 72 59 -15 7 8 12

0 17 85 45 -20 0 1 33

0 39 63 35 -20 0 16 12

0 72 74 4 -18 7 36 44

0 15 71 46 -3 2 7 20

0 41 93 47 -3 14 21 0

0 24 51 3 -14 0 2 31

0 14 74 80 -2 0 11 23

0 13 79 46 -4 38 40 14

0 81 84 68 -20 3 27 41

0 4 48 30 -17 0 1 31

0 83 93 26 -12 3 34 27

0 50 84 92 -15 22 48 2

0 9 69 67 -7 0 12 12

0 34 42 97 -6 4 13 28

0 83 88 72 -4 5 30 17

0 5 24 72 -19 3 8 14

0 32 99 54 -20 0 42 27

0 4 58 18 -16 1 8 10

0 32 83 69 -16 22 24 29

0 37 75 39 -6 10 45 24

0 8 73 12 -11 23 37 7

0 47 48 77 -18 1 26 10

0 21 57 85 -7 7 8 27

0 30 44 17 -6 11 20 28

0 46 86 29 -2 0 43 34

0 37 64 15 -11 8 11 39

0 62 64 19 -7 0 16 10

0 36 49 49 -6 6 16 32

0 53 90 79 -15 16 18 20

0 24 72 6 -11 6 8 31

0 45 57 13 -5 2 25 17

0 2 31 29 -18 1 2 20

0 9 32 96 -12 24 26 33

0 56 60 44 -1 2 17 30

0 40 43 68 -18 0 28 8

0 49 71 70 -18 13 19 4

0 49 51 50 -1 3 5 21

0 0 36 48 -10 5 10 0

0 12 44 94 -10 17 21 38

0 65 96 6 -10 1 39 8

0 43 45 11 -17 23 27 30

0 45 50 76 -20 6 14 41

0 6 58 24 -19 42 45 19

0 9 16 4 -14 15 19 20

0 9 44 1 -7 24 29 10

0 32 66 4 -17 6 16 42

0 57 67 82 -11 0 14 44

0 52 82 68 -13 25 40 19

0 12 53 65 -18 1 4 10

0 2 80 4 -5 9 36 35

0 26 34 42 -16 19 24 29

0 3 18 61 -7 12 19 10

0 24 32 80 -20 5 15 48

0 13 60 13 -4 10 13 40

0 66 70 10 -19 16 19 2

0 33 84 32 -17 23 42 16

0 29 47 1 -15 30 42 6

0 20 33 84 -6 11 13 39

0 53 94 38 -17 25 43 34

0 20 36 39 -10 0 24 34

0 15 18 33 -19 1 8 31

0 17 32 15 -11 5 30 31

0 26 31 9 -6 7 8 38

0 12 24 66 -13 0 4 39

0 3 40 71 -4 6 7 33

0 5 56 69 -11 14 47 30

0 2 7 79 -9 9 14 33

0 4 5 61 -17 21 48 24

0 10 46 27 -8 26 44 9

0 8 13 7 -20 1 5 0

0 29 36 12 -5 16 41 13

0 38 57 26 -13 19 44 13

0 11 19 69 -10 1 26 9

0 5 47 15 -4 1 17 24

0 16 31 81 -8 32 49 11

0 21 22 71 -15 7 43 28

0 3 47 62 -19 5 49 13

0 1 14 37 -15 32 35 28

0 32 34 69 -20 22 25 48

0 7 22 14 -4 10 15 31

0 19 32 15 -16 9 34 13

0 1 43 81 -4 1 38 15

0 3 13 7 -20 12 21 7

0 4 6 6 -2 17 48 38

0 3 18 71 -15 12 14 37

0 11 12 39 -12 1 25 10

0 15 22 0 -17 26 48 40

0 3 15 45 -7 8 9 41

0 1 9 49 -8 17 41 8

0 3 14 6 -5 8 25 33

0 6 14 96 -4 11 45 46

0 13 20 58 -20 3 12 44

0 0 3 48 -17 1 12 27

0 0 12 57 -3 6 8 33

0 12 77 78 -7 1 46 47

0 1 3 70 -2 4 6 24

0 3 20 17 -6 1 47 36


SAlphaB: 706.0, std-dev 263.7957700245178

Earliest win: 37
Latest win: 81

WinDepth:
0 0 0 0 0 0 0 0 0 0 0 0 0 0 0 0 0 0 0 0 0 0 0 0 0 0 0 0 0 0 0 0 0 0 0 0 0 3 0 11 1 11 4 9 20 24 29 30 38 115 58 208 74 137 106 184 105 207 136 220 199 256 267 337 299 350 404 362 472 437 435 438 385 387 363 376 218 245 162 141 101 72 
SAlphaB:
0 0 0 0 0 0 0 0 0 0 0 0 0 0 0 0 0 0 0 0 0 0 0 0 0 0 0 0 0 0 0 0 0 0 0 0 0 3 0 11 1 11 4 9 20 24 29 30 38 115 58 208 74 137 106 184 105 207 136 220 199 256 267 337 299 350 404 362 472 437 435 438 385 387 363 376 218 245 162 141 101 72 

LossDepth:
SAlphaB:
0 0 0 0 0 0 0 0 0 0 0 0 0 0 0 0 0 0 0 0 0 0 0 0 0 0 0 0 0 0 0 0 0 0 0 0 0 3 0 11 1 11 4 9 20 24 29 30 38 115 58 208 74 137 106 184 105 207 136 220 199 256 267 337 299 350 404 362 472 437 435 438 385 387 363 376 218 245 162 141 101 72 

FirstWin:
0 0 0 0 0 0 0 0 0 0 0 0 0 0 0 0 0 0 0 0 0 0 0 0 0 0 0 0 0 0 0 0 0 0 0 0 0 3 0 11 0 11 0 9 0 24 0 30 0 115 0 208 0 137 0 184 0 207 0 220 0 256 0 337 0 350 0 362 0 437 0 438 0 387 0 376 0 245 0 141 0 72 
SAlphaB:
0 0 0 0 0 0 0 0 0 0 0 0 0 0 0 0 0 0 0 0 0 0 0 0 0 0 0 0 0 0 0 0 0 0 0 0 0 3 0 11 0 11 0 9 0 24 0 30 0 115 0 208 0 137 0 184 0 207 0 220 0 256 0 337 0 350 0 362 0 437 0 438 0 387 0 376 0 245 0 141 0 72 

SecondWin:
0 0 0 0 0 0 0 0 0 0 0 0 0 0 0 0 0 0 0 0 0 0 0 0 0 0 0 0 0 0 0 0 0 0 0 0 0 0 0 0 1 0 4 0 20 0 29 0 38 0 58 0 74 0 106 0 105 0 136 0 199 0 267 0 299 0 404 0 472 0 435 0 385 0 363 0 218 0 162 0 101 0 
SAlphaB:
0 0 0 0 0 0 0 0 0 0 0 0 0 0 0 0 0 0 0 0 0 0 0 0 0 0 0 0 0 0 0 0 0 0 0 0 0 0 0 0 1 0 4 0 20 0 29 0 38 0 58 0 74 0 106 0 105 0 136 0 199 0 267 0 299 0 404 0 472 0 435 0 385 0 363 0 218 0 162 0 101 0 
