0 50 97 76 -16 7 22 13

0 32 97 17 -20 3 9 10

0 31 97 31 -18 3 8 20

0 74 88 48 -7 19 20 32

0 73 77 99 -20 3 17 15

0 56 85 91 -18 2 4 9

0 27 65 31 -9 10 32 21

0 45 69 28 -11 9 16 18

0 11 90 55 -9 2 4 18

0 36 45 44 -7 1 10 18

0 25 46 59 -11 8 27 22

0 49 71 63 -9 2 9 7

0 65 81 32 -16 1 3 7

0 66 78 95 -19 2 33 9

0 35 53 49 -10 2 5 1

0 30 43 57 -20 10 13 32

0 50 91 34 -11 4 6 26

0 34 88 32 -20 2 11 7

0 54 87 2 -18 14 23 16

0 59 66 72 -10 3 30 35

0 54 83 41 -15 4 13 45

0 1 29 77 -4 10 13 20

0 12 47 68 -8 7 15 19

0 48 72 71 -17 0 11 12

0 42 76 94 -12 8 11 16

0 29 62 41 -16 7 10 32

0 3 56 61 -10 25 29 19

0 38 49 44 -20 12 33 27

0 28 29 56 -13 0 2 26

0 60 69 79 -15 3 7 31

0 37 62 99 -14 10 15 8

0 46 77 74 -15 22 49 22

0 4 92 19 -6 35 38 36

0 22 28 81 -19 1 7 33

0 66 85 91 -17 6 12 45

0 2 88 26 -17 18 37 10

0 20 50 39 -19 8 26 16

0 47 56 30 -13 3 34 31

0 17 45 92 -3 25 26 32

0 50 77 81 -4 25 37 38

0 50 93 35 -5 8 10 34

0 86 87 26 -10 0 1 16

0 67 69 36 -13 5 10 33

0 40 81 70 -20 17 32 14

0 19 23 59 -10 1 2 26

0 38 60 61 -2 37 43 15

0 15 25 86 -8 0 1 17

0 66 87 11 -3 5 21 17

0 42 52 45 -13 6 11 32

0 12 32 71 -2 5 7 6

0 10 32 78 -20 4 6 37

0 31 87 12 -1 20 31 47

0 45 62 32 -17 13 17 2

0 19 79 13 -4 8 10 41

0 4 22 4 -13 5 22 18

0 30 61 91 -18 35 36 28

0 3 60 45 -17 9 28 34

0 15 24 55 -12 2 5 29

0 42 77 70 -13 24 41 11

0 33 97 9 -7 11 28 25

0 71 79 65 -17 3 5 44

0 12 27 6 -4 10 26 28

0 22 85 15 -11 15 34 34

0 26 93 21 -19 24 29 4

0 43 86 11 -3 27 44 34

0 20 33 51 -14 35 46 28

0 44 75 57 -8 20 24 24

0 24 44 46 -11 23 45 20

0 24 57 59 -6 14 32 9

0 22 39 5 -12 1 38 13

0 22 23 41 -12 0 34 31

0 51 72 0 -15 27 36 16

0 2 29 16 -11 4 33 12

0 5 7 17 -15 11 46 19

0 35 45 67 -9 4 47 44

0 0 28 6 -14 9 40 25

0 0 24 26 -1 5 27 12

0 6 18 73 -20 12 15 24

0 8 9 21 -7 18 40 1

0 48 63 20 -14 25 38 46

0 10 20 55 -20 1 41 43

0 55 59 46 -19 32 34 15

0 4 7 68 -16 35 45 44

0 3 38 8 -13 19 42 49

0 18 22 8 -11 39 43 12

0 28 98 32 -19 36 43 22

0 2 15 61 -3 28 29 42

0 4 22 29 -6 3 34 0

0 4 6 50 -16 4 23 45

0 10 18 56 -19 35 49 36

0 10 17 61 -4 18 34 20

0 2 6 44 -15 8 15 6

0 1 2 13 -9 11 44 23

0 2 8 58 -6 12 21 1

0 1 23 17 -3 1 28 44

0 1 11 32 -15 13 15 33

0 1 3 21 -18 12 48 13

0 3 6 35 -1 35 49 9

0 0 10 24 -20 6 46 32

0 0 1 20 -8 35 43 0


SAlphaB: 709.0, std-dev 277.9356813721441

Earliest win: 37
Latest win: 81

WinDepth:
0 0 0 0 0 0 0 0 0 0 0 0 0 0 0 0 0 0 0 0 0 0 0 0 0 0 0 0 0 0 0 0 0 0 0 0 0 1 0 13 11 3 3 13 13 22 8 26 37 41 68 184 90 110 103 224 104 176 134 166 189 228 250 368 305 354 334 403 389 389 422 492 423 436 429 357 273 269 170 138 116 79 
SAlphaB:
0 0 0 0 0 0 0 0 0 0 0 0 0 0 0 0 0 0 0 0 0 0 0 0 0 0 0 0 0 0 0 0 0 0 0 0 0 1 0 13 11 3 3 13 13 22 8 26 37 41 68 184 90 110 103 224 104 176 134 166 189 228 250 368 305 354 334 403 389 389 422 492 423 436 429 357 273 269 170 138 116 79 

LossDepth:
SAlphaB:
0 0 0 0 0 0 0 0 0 0 0 0 0 0 0 0 0 0 0 0 0 0 0 0 0 0 0 0 0 0 0 0 0 0 0 0 0 1 0 13 11 3 3 13 13 22 8 26 37 41 68 184 90 110 103 224 104 176 134 166 189 228 250 368 305 354 334 403 389 389 422 492 423 436 429 357 273 269 170 138 116 79 

FirstWin:
0 0 0 0 0 0 0 0 0 0 0 0 0 0 0 0 0 0 0 0 0 0 0 0 0 0 0 0 0 0 0 0 0 0 0 0 0 1 0 13 0 3 0 13 0 22 0 26 0 41 0 184 0 110 0 224 0 176 0 166 0 228 0 368 0 354 0 403 0 389 0 492 0 436 0 357 0 269 0 138 0 79 
SAlphaB:
0 0 0 0 0 0 0 0 0 0 0 0 0 0 0 0 0 0 0 0 0 0 0 0 0 0 0 0 0 0 0 0 0 0 0 0 0 1 0 13 0 3 0 13 0 22 0 26 0 41 0 184 0 110 0 224 0 176 0 166 0 228 0 368 0 354 0 403 0 389 0 492 0 436 0 357 0 269 0 138 0 79 

SecondWin:
0 0 0 0 0 0 0 0 0 0 0 0 0 0 0 0 0 0 0 0 0 0 0 0 0 0 0 0 0 0 0 0 0 0 0 0 0 0 0 0 11 0 3 0 13 0 8 0 37 0 68 0 90 0 103 0 104 0 134 0 189 0 250 0 305 0 334 0 389 0 422 0 423 0 429 0 273 0 170 0 116 0 
SAlphaB:
0 0 0 0 0 0 0 0 0 0 0 0 0 0 0 0 0 0 0 0 0 0 0 0 0 0 0 0 0 0 0 0 0 0 0 0 0 0 0 0 11 0 3 0 13 0 8 0 37 0 68 0 90 0 103 0 104 0 134 0 189 0 250 0 305 0 334 0 389 0 422 0 423 0 429 0 273 0 170 0 116 0 
