0 38 84 64 -11 2 6 3

0 11 91 16 -15 0 6 3

0 52 65 64 -17 5 10 23

0 44 79 9 -14 3 12 9

0 48 61 34 -13 5 15 30

0 31 51 61 -15 0 5 30

0 25 34 94 -11 2 8 5

0 29 83 29 -7 5 11 25

0 27 72 92 -17 5 6 20

0 20 23 56 -10 4 10 7

0 43 91 8 -9 14 29 29

0 61 85 12 -12 0 22 21

0 54 75 93 -12 4 41 43

0 58 96 62 -11 9 13 48

0 9 61 87 -15 19 24 42

0 35 44 12 -18 2 13 0

0 53 79 62 -18 9 34 26

0 36 38 63 -14 24 36 4

0 6 57 30 -20 7 18 17

0 25 66 55 -6 2 7 47

0 38 89 85 -7 11 16 48

0 50 84 49 -13 17 26 3

0 10 49 16 -17 4 12 38

0 74 91 7 -5 3 7 8

0 56 74 97 -20 12 17 14

0 18 53 29 -16 3 11 29

0 39 59 25 -16 1 5 45

0 25 82 34 -1 8 37 3

0 59 69 78 -7 21 22 19

0 7 45 53 -8 0 1 35

0 23 89 91 -17 22 43 32

0 9 61 54 -4 28 49 24

0 26 48 39 -5 23 25 7

0 42 76 90 -13 36 40 19

0 54 70 1 -8 36 40 30

0 8 82 7 -7 6 29 1

0 53 85 4 -9 4 5 32

0 58 80 94 -7 24 44 6

0 56 65 88 -7 1 4 37

0 8 43 22 -10 13 21 2

0 38 39 3 -17 20 21 16

0 45 65 18 -3 31 46 5

0 20 40 88 -14 3 4 18

0 36 44 91 -19 1 27 1

0 2 66 27 -12 10 43 24

0 1 36 85 -7 6 15 36

0 77 83 42 -4 11 21 9

0 6 21 84 -17 4 9 24

0 26 43 86 -1 37 41 30

0 5 11 33 -13 40 41 42

0 35 37 90 -8 11 13 39

0 61 79 88 -9 4 17 47

0 43 69 89 -6 0 49 34

0 22 39 58 -16 9 24 3

0 3 27 91 -2 1 9 5

0 28 85 24 -17 41 43 28

0 20 24 62 -17 8 10 24

0 2 37 22 -4 6 12 40

0 19 78 94 -13 16 18 48

0 45 74 80 -19 17 22 12

0 40 42 56 -15 22 47 14

0 49 71 72 -17 16 46 18

0 11 33 25 -10 12 15 27

0 31 32 61 -2 0 22 44

0 65 93 23 -3 24 42 3

0 5 68 91 -12 13 47 1

0 42 58 15 -20 15 34 32

0 18 32 38 -13 4 32 39

0 13 26 15 -20 16 22 20

0 21 24 47 -4 3 4 29

0 23 64 53 -19 20 37 20

0 0 6 37 -18 14 29 26

0 2 6 20 -6 5 12 14

0 9 34 35 -17 7 11 2

0 6 10 52 -1 8 9 13

0 32 51 1 -12 8 25 48

0 10 35 5 -5 18 34 36

0 21 46 19 -10 12 16 16

0 18 33 1 -18 7 14 37

0 15 20 26 -13 12 35 41

0 1 43 71 -4 47 49 0

0 39 72 9 -19 36 37 10

0 5 24 63 -17 0 1 44

0 17 19 23 -7 11 19 27

0 0 1 34 -7 23 34 37

0 3 63 51 -10 1 10 46

0 3 4 10 -12 0 6 40

0 5 10 4 -7 21 23 8

0 1 3 16 -12 15 31 36

0 6 8 8 -15 4 34 14

0 17 35 7 -10 4 19 34

0 3 13 17 -5 1 6 19

0 0 2 57 -9 11 14 31

0 6 21 67 -14 2 14 47

0 0 26 56 -2 4 29 40

0 11 20 64 -3 26 31 48

0 4 10 34 -14 7 11 42

0 7 8 79 -18 1 12 46

0 1 2 84 -2 1 4 31

0 0 1 54 -10 26 36 3


SAlphaB: 699.0, std-dev 263.934767824678

Earliest win: 37
Latest win: 81

WinDepth:
0 0 0 0 0 0 0 0 0 0 0 0 0 0 0 0 0 0 0 0 0 0 0 0 0 0 0 0 0 0 0 0 0 0 0 0 0 4 1 7 2 4 2 36 2 15 12 25 62 59 69 168 89 147 93 180 115 161 156 154 164 271 234 296 318 384 365 394 494 386 465 448 411 388 361 372 273 267 169 150 123 77 
SAlphaB:
0 0 0 0 0 0 0 0 0 0 0 0 0 0 0 0 0 0 0 0 0 0 0 0 0 0 0 0 0 0 0 0 0 0 0 0 0 4 1 7 2 4 2 36 2 15 12 25 62 59 69 168 89 147 93 180 115 161 156 154 164 271 234 296 318 384 365 394 494 386 465 448 411 388 361 372 273 267 169 150 123 77 

LossDepth:
SAlphaB:
0 0 0 0 0 0 0 0 0 0 0 0 0 0 0 0 0 0 0 0 0 0 0 0 0 0 0 0 0 0 0 0 0 0 0 0 0 4 1 7 2 4 2 36 2 15 12 25 62 59 69 168 89 147 93 180 115 161 156 154 164 271 234 296 318 384 365 394 494 386 465 448 411 388 361 372 273 267 169 150 123 77 

FirstWin:
0 0 0 0 0 0 0 0 0 0 0 0 0 0 0 0 0 0 0 0 0 0 0 0 0 0 0 0 0 0 0 0 0 0 0 0 0 4 0 7 0 4 0 36 0 15 0 25 0 59 0 168 0 147 0 180 0 161 0 154 0 271 0 296 0 384 0 394 0 386 0 448 0 388 0 372 0 267 0 150 0 77 
SAlphaB:
0 0 0 0 0 0 0 0 0 0 0 0 0 0 0 0 0 0 0 0 0 0 0 0 0 0 0 0 0 0 0 0 0 0 0 0 0 4 0 7 0 4 0 36 0 15 0 25 0 59 0 168 0 147 0 180 0 161 0 154 0 271 0 296 0 384 0 394 0 386 0 448 0 388 0 372 0 267 0 150 0 77 

SecondWin:
0 0 0 0 0 0 0 0 0 0 0 0 0 0 0 0 0 0 0 0 0 0 0 0 0 0 0 0 0 0 0 0 0 0 0 0 0 0 1 0 2 0 2 0 2 0 12 0 62 0 69 0 89 0 93 0 115 0 156 0 164 0 234 0 318 0 365 0 494 0 465 0 411 0 361 0 273 0 169 0 123 0 
SAlphaB:
0 0 0 0 0 0 0 0 0 0 0 0 0 0 0 0 0 0 0 0 0 0 0 0 0 0 0 0 0 0 0 0 0 0 0 0 0 0 1 0 2 0 2 0 2 0 12 0 62 0 69 0 89 0 93 0 115 0 156 0 164 0 234 0 318 0 365 0 494 0 465 0 411 0 361 0 273 0 169 0 123 0 
