0 23 51 32 -13 0 2 20

0 15 50 2 -20 0 1 9

0 62 65 4 -20 8 16 10

0 47 96 70 -10 20 43 5

0 53 62 57 -7 10 23 8

0 49 60 64 -8 4 12 10

0 54 81 72 -12 7 15 7

0 68 91 90 -6 5 40 30

0 21 56 45 -16 5 10 13

0 33 91 42 -5 9 32 8

0 25 76 5 -8 3 21 6

0 81 90 79 -7 11 17 12

0 80 83 68 -2 19 20 3

0 25 58 57 -7 2 15 9

0 37 91 34 -6 1 37 18

0 41 91 18 -12 15 31 0

0 22 38 30 -16 2 7 20

0 74 90 84 -19 25 33 5

0 88 99 23 -15 8 37 5

0 30 87 62 -9 4 23 47

0 65 68 91 -8 2 5 23

0 86 90 90 -16 0 2 31

0 72 83 85 -13 6 30 17

0 8 49 49 -20 12 21 3

0 72 86 39 -18 14 18 13

0 23 39 73 -7 6 7 24

0 7 53 63 -3 1 12 11

0 2 39 27 -12 7 9 5

0 49 58 38 -18 3 5 44

0 19 42 91 -7 12 27 9

0 62 74 53 -3 6 48 11

0 23 40 28 -19 8 34 34

0 31 61 51 -15 5 13 42

0 27 71 21 -19 0 47 14

0 40 49 48 -17 9 13 10

0 15 38 19 -12 2 11 23

0 36 94 77 -5 24 43 20

0 4 53 51 -14 1 6 3

0 5 50 81 -7 5 17 35

0 0 49 70 -6 17 24 31

0 24 69 39 -15 21 32 10

0 28 70 62 -6 0 17 46

0 46 55 7 -11 10 41 25

0 15 88 60 -13 14 18 31

0 21 59 69 -18 4 7 47

0 26 30 98 -16 21 38 2

0 4 42 63 -16 8 24 48

0 30 77 3 -1 21 26 35

0 15 34 36 -1 39 48 19

0 4 76 47 -19 15 26 23

0 56 96 34 -3 29 45 49

0 13 88 90 -20 5 7 49

0 30 65 27 -12 21 33 17

0 14 34 66 -3 13 20 17

0 11 50 78 -1 20 22 40

0 49 69 77 -8 26 33 18

0 18 92 63 -20 3 49 33

0 8 41 37 -20 3 24 29

0 2 31 50 -2 15 41 15

0 12 63 26 -7 10 29 32

0 10 28 71 -2 16 26 12

0 19 58 24 -1 0 1 36

0 42 67 13 -10 1 48 40

0 39 48 14 -5 21 33 41

0 12 18 28 -13 25 27 3

0 0 45 62 -1 4 16 1

0 11 24 33 -4 13 42 42

0 13 15 36 -20 2 33 32

0 2 61 26 -13 1 9 49

0 0 77 15 -6 8 33 35

0 4 89 82 -13 0 22 20

0 5 33 14 -11 39 40 15

0 14 63 46 -5 1 24 35

0 6 12 85 -17 3 4 26

0 5 16 45 -20 7 13 31

0 28 34 87 -1 2 7 39

0 23 60 4 -4 33 47 38

0 13 69 33 -6 37 42 0

0 26 39 71 -20 38 45 46

0 0 3 53 -15 0 2 47

0 6 22 79 -14 6 33 39

0 9 13 33 -4 10 11 20

0 0 3 29 -17 1 3 20

0 4 9 73 -5 0 12 22

0 1 50 23 -17 6 46 31

0 3 20 95 -10 29 32 41

0 0 3 44 -10 17 29 38

0 0 11 69 -19 29 38 14

0 2 10 11 -17 16 44 35

0 0 3 87 -10 22 43 0

0 0 1 41 -1 9 17 32

0 7 8 60 -1 22 48 15

0 7 12 13 -3 9 29 39

0 11 19 27 -10 14 27 2

0 6 8 55 -5 2 3 48

0 12 21 58 -15 25 35 26

0 4 8 84 -11 0 49 40

0 1 9 45 -2 1 2 35

0 3 45 51 -4 3 36 47

0 25 31 18 -1 5 48 35


SAlphaB: 708.0, std-dev 264.65756491486627

Earliest win: 35
Latest win: 81

WinDepth:
0 0 0 0 0 0 0 0 0 0 0 0 0 0 0 0 0 0 0 0 0 0 0 0 0 0 0 0 0 0 0 0 0 0 0 1 0 10 4 4 1 1 1 8 12 10 15 23 25 78 75 189 68 104 75 164 127 222 153 200 138 251 246 377 293 374 374 347 465 423 428 430 422 401 417 375 280 236 171 126 119 107 
SAlphaB:
0 0 0 0 0 0 0 0 0 0 0 0 0 0 0 0 0 0 0 0 0 0 0 0 0 0 0 0 0 0 0 0 0 0 0 1 0 10 4 4 1 1 1 8 12 10 15 23 25 78 75 189 68 104 75 164 127 222 153 200 138 251 246 377 293 374 374 347 465 423 428 430 422 401 417 375 280 236 171 126 119 107 

LossDepth:
SAlphaB:
0 0 0 0 0 0 0 0 0 0 0 0 0 0 0 0 0 0 0 0 0 0 0 0 0 0 0 0 0 0 0 0 0 0 0 1 0 10 4 4 1 1 1 8 12 10 15 23 25 78 75 189 68 104 75 164 127 222 153 200 138 251 246 377 293 374 374 347 465 423 428 430 422 401 417 375 280 236 171 126 119 107 

FirstWin:
0 0 0 0 0 0 0 0 0 0 0 0 0 0 0 0 0 0 0 0 0 0 0 0 0 0 0 0 0 0 0 0 0 0 0 1 0 10 0 4 0 1 0 8 0 10 0 23 0 78 0 189 0 104 0 164 0 222 0 200 0 251 0 377 0 374 0 347 0 423 0 430 0 401 0 375 0 236 0 126 0 107 
SAlphaB:
0 0 0 0 0 0 0 0 0 0 0 0 0 0 0 0 0 0 0 0 0 0 0 0 0 0 0 0 0 0 0 0 0 0 0 1 0 10 0 4 0 1 0 8 0 10 0 23 0 78 0 189 0 104 0 164 0 222 0 200 0 251 0 377 0 374 0 347 0 423 0 430 0 401 0 375 0 236 0 126 0 107 

SecondWin:
0 0 0 0 0 0 0 0 0 0 0 0 0 0 0 0 0 0 0 0 0 0 0 0 0 0 0 0 0 0 0 0 0 0 0 0 0 0 4 0 1 0 1 0 12 0 15 0 25 0 75 0 68 0 75 0 127 0 153 0 138 0 246 0 293 0 374 0 465 0 428 0 422 0 417 0 280 0 171 0 119 0 
SAlphaB:
0 0 0 0 0 0 0 0 0 0 0 0 0 0 0 0 0 0 0 0 0 0 0 0 0 0 0 0 0 0 0 0 0 0 0 0 0 0 4 0 1 0 1 0 12 0 15 0 25 0 75 0 68 0 75 0 127 0 153 0 138 0 246 0 293 0 374 0 465 0 428 0 422 0 417 0 280 0 171 0 119 0 
