0 26 53 16 -17 1 3 8

0 54 97 24 -3 13 22 24

0 53 70 63 -4 10 32 20

0 11 77 2 -7 1 5 8

0 54 87 54 -7 10 37 22

0 41 98 47 -12 4 19 17

0 39 76 69 -10 1 16 19

0 48 92 86 -7 8 14 16

0 49 74 80 -19 8 29 22

0 29 98 35 -14 1 6 0

0 28 91 80 -12 4 8 1

0 67 68 34 -5 14 33 19

0 91 96 9 -11 16 46 10

0 69 92 98 -19 5 18 27

0 60 79 13 -1 15 21 8

0 62 95 66 -20 5 15 38

0 37 67 43 -2 3 22 14

0 55 79 73 -10 10 35 31

0 55 92 4 -14 12 15 10

0 29 85 63 -10 0 2 22

0 40 59 98 -16 1 10 9

0 25 75 6 -10 1 15 3

0 15 98 76 -5 0 4 4

0 57 87 2 -9 0 1 8

0 52 92 85 -2 11 18 13

0 23 56 3 -10 1 9 8

0 37 95 35 -5 2 35 9

0 56 79 36 -2 4 24 9

0 31 81 28 -4 1 3 11

0 52 69 66 -3 4 42 0

0 28 39 58 -14 3 9 4

0 58 87 76 -12 9 16 36

0 51 74 58 -2 14 42 14

0 27 78 6 -6 8 21 2

0 4 68 51 -8 5 14 8

0 37 82 62 -9 9 21 25

0 58 62 57 -17 3 27 3

0 12 97 18 -15 0 6 11

0 2 91 52 -15 23 48 37

0 27 37 50 -8 4 18 14

0 40 68 63 -13 5 21 9

0 45 97 50 -1 12 14 1

0 32 98 50 -8 5 19 49

0 40 95 24 -17 4 17 0

0 59 78 98 -5 2 30 3

0 49 79 6 -12 6 12 41

0 45 89 54 -2 14 25 15

0 83 89 25 -20 6 21 16

0 45 79 67 -1 5 41 13

0 46 74 82 -14 3 10 13

0 23 51 54 -5 0 4 1

0 64 81 47 -3 20 44 37

0 77 93 67 -10 1 20 6

0 63 65 30 -1 17 48 7

0 68 74 84 -10 14 27 30

0 57 96 42 -13 6 30 47

0 15 97 82 -6 13 30 4

0 33 98 48 -16 0 3 36

0 46 71 72 -7 1 6 12

0 11 67 26 -4 3 12 3

0 43 96 27 -12 10 17 15

0 59 87 72 -18 12 23 38

0 33 46 10 -1 5 13 11

0 16 51 69 -14 0 6 17

0 40 45 44 -19 2 11 14

0 36 88 54 -10 9 19 9

0 36 88 51 -7 16 47 28

0 61 97 23 -13 17 46 29

0 53 99 55 -14 22 23 38

0 78 98 43 -8 9 21 16

0 41 93 51 -5 0 4 4

0 16 91 96 -13 8 27 6

0 43 86 39 -14 11 39 15

0 55 66 94 -13 8 19 24

0 32 63 39 -17 11 29 0

0 21 58 90 -18 1 9 3

0 34 43 42 -5 9 29 26

0 27 47 35 -4 3 22 21

0 70 72 61 -8 1 39 8

0 8 39 87 -10 6 16 17

0 11 14 88 -7 6 10 0

0 24 30 42 -12 9 22 0

0 61 86 17 -11 1 22 35

0 61 71 26 -18 1 5 26

0 10 88 71 -10 9 19 0

0 74 87 84 -17 0 45 30

0 81 82 99 -12 5 34 16

0 34 43 98 -1 28 39 30

0 57 65 86 -1 8 18 8

0 7 34 59 -2 4 6 4

0 30 56 81 -1 2 4 7

0 17 84 94 -19 1 2 20

0 43 56 16 -20 23 36 9

0 50 55 13 -4 3 11 15

0 76 86 82 -15 2 32 13

0 21 43 44 -6 18 24 10

0 16 81 13 -14 0 2 43

0 14 76 61 -16 32 38 27

0 19 58 92 -19 10 27 27

0 17 93 95 -20 13 37 14


SAlphaB: 783.0, std-dev 273.1468908662498

Earliest win: 35
Latest win: 81

WinDepth:
0 0 0 0 0 0 0 0 0 0 0 0 0 0 0 0 0 0 0 0 0 0 0 0 0 0 0 0 0 0 0 0 0 0 0 5 0 8 1 32 7 26 10 42 17 53 58 158 57 174 136 367 162 313 257 456 367 581 402 482 535 611 626 770 806 955 845 946 1081 990 961 937 862 891 889 760 612 467 430 278 180 169 
SAlphaB:
0 0 0 0 0 0 0 0 0 0 0 0 0 0 0 0 0 0 0 0 0 0 0 0 0 0 0 0 0 0 0 0 0 0 0 5 0 8 1 32 7 26 10 42 17 53 58 158 57 174 136 367 162 313 257 456 367 581 402 482 535 611 626 770 806 955 845 946 1081 990 961 937 862 891 889 760 612 467 430 278 180 169 

LossDepth:
SAlphaB:
0 0 0 0 0 0 0 0 0 0 0 0 0 0 0 0 0 0 0 0 0 0 0 0 0 0 0 0 0 0 0 0 0 0 0 5 0 14 0 31 2 21 3 47 11 39 42 75 37 97 84 121 94 178 152 245 201 377 238 298 319 425 408 601 548 678 629 735 734 811 737 795 660 717 679 642 492 445 322 247 200 155 

FirstWin:
0 0 0 0 0 0 0 0 0 0 0 0 0 0 0 0 0 0 0 0 0 0 0 0 0 0 0 0 0 0 0 0 0 0 0 5 0 8 0 32 0 26 0 42 0 53 0 158 0 174 0 367 0 313 0 456 0 581 0 482 0 611 0 770 0 955 0 946 0 990 0 937 0 891 0 760 0 467 0 278 0 169 
SAlphaB:
0 0 0 0 0 0 0 0 0 0 0 0 0 0 0 0 0 0 0 0 0 0 0 0 0 0 0 0 0 0 0 0 0 0 0 5 0 8 0 32 0 26 0 42 0 53 0 158 0 174 0 367 0 313 0 456 0 581 0 482 0 611 0 770 0 955 0 946 0 990 0 937 0 891 0 760 0 467 0 278 0 169 

SecondWin:
0 0 0 0 0 0 0 0 0 0 0 0 0 0 0 0 0 0 0 0 0 0 0 0 0 0 0 0 0 0 0 0 0 0 0 0 0 0 1 0 7 0 10 0 17 0 58 0 57 0 136 0 162 0 257 0 367 0 402 0 535 0 626 0 806 0 845 0 1081 0 961 0 862 0 889 0 612 0 430 0 180 0 
SAlphaB:
0 0 0 0 0 0 0 0 0 0 0 0 0 0 0 0 0 0 0 0 0 0 0 0 0 0 0 0 0 0 0 0 0 0 0 0 0 0 1 0 7 0 10 0 17 0 58 0 57 0 136 0 162 0 257 0 367 0 402 0 535 0 626 0 806 0 845 0 1081 0 961 0 862 0 889 0 612 0 430 0 180 0 
