0 83 89 25 -20 6 21 16

0 15 97 82 -6 13 30 4

0 49 74 80 -19 8 29 22

0 51 74 58 -2 14 42 14

0 23 51 54 -5 0 4 1

0 55 92 4 -14 12 15 10

0 46 71 72 -7 1 6 12

0 27 47 35 -4 3 22 21

0 59 87 72 -18 12 23 38

0 21 43 44 -6 18 24 10

0 59 92 7 -10 18 39 47

0 51 86 45 -12 23 48 1

0 40 76 63 -13 8 14 20

0 74 85 86 -8 7 25 46

0 44 89 97 -10 15 19 47

0 27 41 95 -17 3 8 31

0 0 82 28 -3 2 12 22

0 2 49 97 -7 18 25 19

0 41 84 92 -13 17 37 34

0 19 78 15 -14 24 45 4

0 25 84 9 -10 43 49 22

0 10 88 85 -11 13 30 33

0 73 99 1 -9 16 27 15

0 9 79 32 -11 34 39 30

0 10 92 17 -15 0 3 47

0 1 68 85 -11 20 27 26

0 41 55 94 -14 13 48 10

0 26 58 2 -5 10 16 20

0 30 93 52 -20 14 16 1

0 15 97 75 -11 3 16 16

0 15 21 46 -5 30 33 11

0 5 18 74 -2 38 40 18

0 13 26 95 -8 12 24 12

0 34 45 80 -10 20 25 40

0 33 66 86 -4 19 25 30

0 16 30 55 -2 3 34 8

0 17 71 91 -1 6 35 27

0 5 99 12 -2 0 17 23

0 40 69 72 -11 21 37 27

0 57 78 80 -6 1 5 49

0 43 81 93 -1 0 2 10

0 20 26 78 -12 18 27 15

0 36 57 2 -15 13 18 3

0 26 49 16 -20 17 18 23

0 15 19 18 -16 2 3 18

0 1 98 22 -8 19 41 41

0 15 17 79 -17 7 47 6

0 55 67 22 -20 39 43 49

0 1 43 22 -7 7 8 4

0 44 78 3 -3 30 36 38

0 7 23 80 -5 24 39 22

0 20 29 83 -9 3 27 0

0 2 14 62 -1 9 17 8

0 0 1 60 -12 21 43 23

0 28 32 39 -15 13 46 33

0 32 48 28 -18 18 42 25

0 16 18 11 -7 3 21 2

0 51 95 21 -14 10 48 29

0 2 84 94 -18 1 18 46

0 26 46 78 -3 1 7 48

0 29 34 44 -3 0 1 40

0 0 5 59 -13 15 18 17

0 64 76 61 -1 3 14 45

0 27 95 45 -18 25 42 32

0 14 44 26 -14 7 26 22

0 0 59 30 -16 2 7 42

0 15 21 82 -15 39 43 16

0 0 78 45 -6 5 9 39

0 14 48 16 -16 10 14 49

0 1 4 96 -9 25 28 27

0 17 52 34 -2 5 49 30

0 5 25 78 -19 40 45 32

0 29 60 23 -17 18 21 35

0 20 43 93 -12 11 42 33

0 6 13 94 -17 8 10 22

0 5 12 49 -19 4 11 15

0 3 4 69 -1 26 30 27

0 1 49 16 -8 2 16 25

0 4 20 65 -5 11 48 30

0 15 20 9 -6 29 39 28

0 4 8 82 -17 6 13 37

0 3 17 21 -12 14 39 42

0 11 31 82 -9 34 47 8

0 1 13 77 -2 0 3 16

0 3 6 63 -18 2 10 7

0 0 6 40 -6 1 20 6

0 68 88 43 -8 43 46 14

0 12 29 18 -9 0 17 41

0 4 15 76 -2 28 42 4

0 0 5 57 -5 19 49 21

0 3 9 59 -7 1 42 15

0 22 25 68 -10 7 31 38

0 5 55 11 -9 9 18 49

0 9 11 25 -16 0 3 41

0 13 24 27 -12 0 10 40

0 0 4 78 -11 8 19 12

0 19 56 31 -8 6 29 36

0 5 24 89 -3 5 24 34

0 4 9 49 -16 16 25 18

0 8 12 55 -10 26 48 47


SAlphaB: 764.0, std-dev 288.9922456231361

Earliest win: 37
Latest win: 81

WinDepth:
0 0 0 0 0 0 0 0 0 0 0 0 0 0 0 0 0 0 0 0 0 0 0 0 0 0 0 0 0 0 0 0 0 0 0 0 0 4 0 7 1 16 6 15 11 25 18 42 15 46 70 204 126 89 95 207 157 208 130 154 196 188 233 376 332 307 374 355 395 394 434 450 426 391 417 357 309 268 179 132 87 69 
SAlphaB:
0 0 0 0 0 0 0 0 0 0 0 0 0 0 0 0 0 0 0 0 0 0 0 0 0 0 0 0 0 0 0 0 0 0 0 0 0 4 0 7 1 16 6 15 11 25 18 42 15 46 70 204 126 89 95 207 157 208 130 154 196 188 233 376 332 307 374 355 395 394 434 450 426 391 417 357 309 268 179 132 87 69 

LossDepth:
SAlphaB:
0 0 0 0 0 0 0 0 0 0 0 0 0 0 0 0 0 0 0 0 0 0 0 0 0 0 0 0 0 0 0 0 0 0 0 0 0 4 0 7 1 16 6 15 11 25 18 42 15 46 70 204 126 89 95 207 157 208 130 154 196 188 233 376 332 307 374 355 395 394 434 450 426 391 417 357 309 268 179 132 87 69 

FirstWin:
0 0 0 0 0 0 0 0 0 0 0 0 0 0 0 0 0 0 0 0 0 0 0 0 0 0 0 0 0 0 0 0 0 0 0 0 0 4 0 7 0 16 0 15 0 25 0 42 0 46 0 204 0 89 0 207 0 208 0 154 0 188 0 376 0 307 0 355 0 394 0 450 0 391 0 357 0 268 0 132 0 69 
SAlphaB:
0 0 0 0 0 0 0 0 0 0 0 0 0 0 0 0 0 0 0 0 0 0 0 0 0 0 0 0 0 0 0 0 0 0 0 0 0 4 0 7 0 16 0 15 0 25 0 42 0 46 0 204 0 89 0 207 0 208 0 154 0 188 0 376 0 307 0 355 0 394 0 450 0 391 0 357 0 268 0 132 0 69 

SecondWin:
0 0 0 0 0 0 0 0 0 0 0 0 0 0 0 0 0 0 0 0 0 0 0 0 0 0 0 0 0 0 0 0 0 0 0 0 0 0 0 0 1 0 6 0 11 0 18 0 15 0 70 0 126 0 95 0 157 0 130 0 196 0 233 0 332 0 374 0 395 0 434 0 426 0 417 0 309 0 179 0 87 0 
SAlphaB:
0 0 0 0 0 0 0 0 0 0 0 0 0 0 0 0 0 0 0 0 0 0 0 0 0 0 0 0 0 0 0 0 0 0 0 0 0 0 0 0 1 0 6 0 11 0 18 0 15 0 70 0 126 0 95 0 157 0 130 0 196 0 233 0 332 0 374 0 395 0 434 0 426 0 417 0 309 0 179 0 87 0 
