0 69 92 98 -19 5 18 27

0 23 56 3 -10 1 9 8

0 52 69 66 -3 4 42 0

0 16 51 69 -14 0 6 17

0 37 67 43 -2 3 22 14

0 58 87 76 -12 9 16 36

0 14 76 61 -16 32 38 27

0 50 55 13 -4 3 11 15

0 55 79 73 -10 10 35 31

0 57 96 42 -13 6 30 47

0 13 61 89 -6 9 23 12

0 26 72 57 -10 3 4 35

0 53 80 96 -18 6 11 34

0 14 97 5 -20 1 7 37

0 55 68 40 -7 1 2 15

0 89 99 75 -12 10 20 30

0 26 57 97 -11 6 8 1

0 24 86 64 -18 0 21 7

0 12 22 47 -14 0 2 8

0 19 60 20 -17 2 4 25

0 51 59 8 -1 5 21 24

0 76 87 4 -9 15 38 17

0 13 84 79 -14 0 2 34

0 50 66 68 -17 19 39 25

0 17 56 4 -2 0 22 21

0 80 85 83 -7 7 19 43

0 47 71 9 -12 0 3 28

0 54 87 66 -13 17 40 19

0 13 46 98 -7 12 31 19

0 54 87 12 -10 29 44 13

0 4 47 9 -20 0 13 22

0 56 58 88 -12 15 31 31

0 29 78 93 -13 3 39 41

0 40 57 89 -2 14 23 31

0 20 95 21 -12 13 44 46

0 73 85 44 -8 2 7 34

0 27 47 29 -7 14 25 26

0 16 31 9 -1 6 16 6

0 53 70 4 -10 13 14 29

0 1 82 47 -10 14 20 46

0 32 90 85 -4 6 46 34

0 39 41 6 -12 17 19 10

0 27 46 8 -10 4 11 48

0 19 35 5 -20 14 33 34

0 14 74 85 -6 3 25 40

0 55 88 22 -8 19 34 31

0 38 98 77 -10 31 33 48

0 9 32 28 -11 0 16 16

0 18 34 20 -18 23 32 13

0 7 28 85 -4 14 30 37

0 79 93 99 -12 19 20 44

0 30 90 17 -11 9 45 20

0 42 47 2 -3 10 18 32

0 39 58 52 -16 14 41 29

0 0 3 91 -9 24 32 32

0 1 27 52 -15 0 2 18

0 8 34 56 -2 11 12 1

0 4 20 80 -15 7 33 44

0 15 40 70 -9 10 31 5

0 35 37 19 -15 10 47 1

0 38 75 4 -8 42 45 7

0 34 36 5 -17 5 16 32

0 49 52 52 -17 8 46 45

0 5 40 77 -19 13 20 40

0 3 44 21 -18 20 26 0

0 36 56 42 -11 8 44 34

0 5 13 47 -12 22 48 25

0 11 37 52 -12 15 42 40

0 15 66 47 -16 9 17 37

0 10 11 48 -8 10 35 11

0 0 68 62 -3 23 27 0

0 20 34 92 -9 17 26 38

0 92 93 95 -4 47 48 18

0 0 11 65 -7 20 36 13

0 26 28 66 -20 35 39 27

0 3 7 62 -4 35 36 21

0 36 39 23 -6 19 47 36

0 0 9 23 -15 2 3 23

0 17 25 82 -14 20 49 16

0 21 62 47 -1 0 1 47

0 3 27 58 -15 34 46 42

0 6 19 67 -9 5 40 5

0 4 19 81 -20 20 23 32

0 8 55 1 -9 1 29 34

0 52 84 70 -3 26 37 4

0 14 22 34 -10 4 22 44

0 71 73 13 -1 29 37 10

0 16 21 64 -5 0 10 33

0 5 44 18 -9 31 39 20

0 5 25 21 -10 0 3 41

0 5 20 95 -1 2 24 13

0 2 5 88 -19 17 46 8

0 5 30 4 -15 1 49 23

0 1 3 7 -15 14 24 10

0 4 6 60 -7 30 42 29

0 9 13 97 -1 0 1 46

0 8 12 98 -8 7 8 43

0 1 44 21 -5 0 40 40

0 4 7 17 -17 1 15 28

0 0 5 5 -1 14 49 25


SAlphaB: 707.0, std-dev 275.15191423846375

Earliest win: 39
Latest win: 81

WinDepth:
0 0 0 0 0 0 0 0 0 0 0 0 0 0 0 0 0 0 0 0 0 0 0 0 0 0 0 0 0 0 0 0 0 0 0 0 0 0 0 3 2 4 5 20 11 27 9 55 33 86 57 160 87 145 89 182 123 171 162 187 178 226 240 307 321 387 383 350 371 420 408 404 427 421 379 345 278 263 209 149 97 77 
SAlphaB:
0 0 0 0 0 0 0 0 0 0 0 0 0 0 0 0 0 0 0 0 0 0 0 0 0 0 0 0 0 0 0 0 0 0 0 0 0 0 0 3 2 4 5 20 11 27 9 55 33 86 57 160 87 145 89 182 123 171 162 187 178 226 240 307 321 387 383 350 371 420 408 404 427 421 379 345 278 263 209 149 97 77 

LossDepth:
SAlphaB:
0 0 0 0 0 0 0 0 0 0 0 0 0 0 0 0 0 0 0 0 0 0 0 0 0 0 0 0 0 0 0 0 0 0 0 0 0 0 0 3 2 4 5 20 11 27 9 55 33 86 57 160 87 145 89 182 123 171 162 187 178 226 240 307 321 387 383 350 371 420 408 404 427 421 379 345 278 263 209 149 97 77 

FirstWin:
0 0 0 0 0 0 0 0 0 0 0 0 0 0 0 0 0 0 0 0 0 0 0 0 0 0 0 0 0 0 0 0 0 0 0 0 0 0 0 3 0 4 0 20 0 27 0 55 0 86 0 160 0 145 0 182 0 171 0 187 0 226 0 307 0 387 0 350 0 420 0 404 0 421 0 345 0 263 0 149 0 77 
SAlphaB:
0 0 0 0 0 0 0 0 0 0 0 0 0 0 0 0 0 0 0 0 0 0 0 0 0 0 0 0 0 0 0 0 0 0 0 0 0 0 0 3 0 4 0 20 0 27 0 55 0 86 0 160 0 145 0 182 0 171 0 187 0 226 0 307 0 387 0 350 0 420 0 404 0 421 0 345 0 263 0 149 0 77 

SecondWin:
0 0 0 0 0 0 0 0 0 0 0 0 0 0 0 0 0 0 0 0 0 0 0 0 0 0 0 0 0 0 0 0 0 0 0 0 0 0 0 0 2 0 5 0 11 0 9 0 33 0 57 0 87 0 89 0 123 0 162 0 178 0 240 0 321 0 383 0 371 0 408 0 427 0 379 0 278 0 209 0 97 0 
SAlphaB:
0 0 0 0 0 0 0 0 0 0 0 0 0 0 0 0 0 0 0 0 0 0 0 0 0 0 0 0 0 0 0 0 0 0 0 0 0 0 0 0 2 0 5 0 11 0 9 0 33 0 57 0 87 0 89 0 123 0 162 0 178 0 240 0 321 0 383 0 371 0 408 0 427 0 379 0 278 0 209 0 97 0 
