0 26 53 16 -17 1 3 8

0 59 78 98 -5 2 30 3

0 17 84 94 -19 1 2 20

0 62 95 66 -20 5 15 38

0 41 93 51 -5 0 4 4

0 30 56 81 -1 2 4 7

0 4 68 51 -8 5 14 8

0 8 39 87 -10 6 16 17

0 64 81 47 -3 20 44 37

0 57 65 86 -1 8 18 8

0 75 88 98 -19 13 47 7

0 59 65 81 -10 11 15 11

0 66 89 43 -10 19 49 9

0 47 68 57 -10 2 21 30

0 41 92 18 -10 3 5 36

0 27 98 82 -20 20 39 1

0 5 50 56 -13 19 41 21

0 36 77 30 -8 22 48 38

0 18 40 26 -10 2 22 10

0 20 46 4 -12 0 6 0

0 54 64 70 -6 18 44 43

0 45 71 21 -4 12 14 33

0 25 92 12 -3 1 7 42

0 80 83 44 -18 5 17 1

0 66 70 2 -3 19 26 39

0 31 45 83 -14 19 20 6

0 85 94 29 -5 4 15 6

0 24 44 97 -18 19 44 45

0 15 55 54 -20 2 31 34

0 5 20 36 -4 4 9 9

0 14 54 4 -17 3 19 22

0 51 59 21 -5 22 41 18

0 15 90 23 -10 6 24 14

0 52 86 71 -11 3 47 24

0 5 27 56 -1 0 3 23

0 14 40 4 -10 12 32 37

0 39 69 84 -16 26 48 30

0 89 90 97 -3 42 49 16

0 27 79 94 -1 0 6 25

0 22 87 99 -13 6 25 20

0 37 52 18 -13 20 27 14

0 37 74 30 -2 10 23 46

0 24 50 47 -14 4 8 44

0 12 13 18 -11 8 24 9

0 60 69 8 -17 15 30 16

0 33 54 74 -8 10 45 30

0 34 99 12 -18 24 47 25

0 9 89 22 -6 39 48 44

0 12 54 10 -19 9 19 19

0 16 50 73 -20 14 15 11

0 42 47 38 -1 7 43 10

0 12 52 75 -2 10 16 39

0 5 11 33 -6 7 21 27

0 33 71 0 -6 38 43 26

0 9 48 15 -20 5 8 14

0 2 15 97 -5 14 49 12

0 18 69 10 -16 1 16 47

0 26 67 59 -19 26 35 6

0 36 42 16 -20 34 39 24

0 43 50 41 -19 24 46 42

0 10 20 89 -16 3 4 24

0 9 21 1 -17 21 24 13

0 19 36 44 -14 5 24 1

0 12 32 22 -17 17 41 17

0 41 44 31 -19 1 37 13

0 16 17 59 -19 13 35 31

0 23 59 8 -19 18 19 43

0 31 34 29 -20 21 45 25

0 82 92 72 -20 45 47 4

0 0 8 64 -3 21 22 7

0 49 87 21 -13 24 27 2

0 13 36 45 -11 3 38 40

0 33 99 40 -18 31 49 40

0 20 37 23 -11 16 18 1

0 23 82 30 -16 15 24 44

0 7 17 30 -3 30 41 16

0 5 26 80 -12 16 38 2

0 14 22 41 -13 4 28 32

0 9 39 6 -3 5 16 48

0 21 27 90 -13 13 26 10

0 1 9 95 -4 13 25 36

0 2 4 88 -1 17 38 46

0 10 32 13 -14 5 33 0

0 3 5 49 -3 2 6 35

0 5 14 30 -12 19 20 43

0 5 10 5 -13 27 31 25

0 13 24 70 -2 28 32 37

0 14 18 31 -15 24 36 49

0 5 32 5 -19 18 25 45

0 11 59 55 -18 13 21 47

0 4 15 38 -16 5 32 30

0 10 11 31 -10 2 35 42

0 0 2 64 -16 34 36 26

0 2 3 2 -6 5 7 7

0 2 42 14 -3 2 24 46

0 8 15 4 -8 5 47 5

0 0 5 74 -8 6 30 39

0 24 32 5 -3 1 2 46

0 4 10 10 -9 17 34 35

0 0 13 17 -15 2 11 37


SAlphaB: 715.0, std-dev 261.1240176156869

Earliest win: 35
Latest win: 81

WinDepth:
0 0 0 0 0 0 0 0 0 0 0 0 0 0 0 0 0 0 0 0 0 0 0 0 0 0 0 0 0 0 0 0 0 0 0 1 0 5 1 3 1 6 2 13 7 10 20 49 40 48 94 173 119 98 110 176 105 194 142 153 160 210 266 292 399 358 432 384 475 412 448 417 489 416 402 333 250 251 161 142 109 78 
SAlphaB:
0 0 0 0 0 0 0 0 0 0 0 0 0 0 0 0 0 0 0 0 0 0 0 0 0 0 0 0 0 0 0 0 0 0 0 1 0 5 1 3 1 6 2 13 7 10 20 49 40 48 94 173 119 98 110 176 105 194 142 153 160 210 266 292 399 358 432 384 475 412 448 417 489 416 402 333 250 251 161 142 109 78 

LossDepth:
SAlphaB:
0 0 0 0 0 0 0 0 0 0 0 0 0 0 0 0 0 0 0 0 0 0 0 0 0 0 0 0 0 0 0 0 0 0 0 1 0 5 1 3 1 6 2 13 7 10 20 49 40 48 94 173 119 98 110 176 105 194 142 153 160 210 266 292 399 358 432 384 475 412 448 417 489 416 402 333 250 251 161 142 109 78 

FirstWin:
0 0 0 0 0 0 0 0 0 0 0 0 0 0 0 0 0 0 0 0 0 0 0 0 0 0 0 0 0 0 0 0 0 0 0 1 0 5 0 3 0 6 0 13 0 10 0 49 0 48 0 173 0 98 0 176 0 194 0 153 0 210 0 292 0 358 0 384 0 412 0 417 0 416 0 333 0 251 0 142 0 78 
SAlphaB:
0 0 0 0 0 0 0 0 0 0 0 0 0 0 0 0 0 0 0 0 0 0 0 0 0 0 0 0 0 0 0 0 0 0 0 1 0 5 0 3 0 6 0 13 0 10 0 49 0 48 0 173 0 98 0 176 0 194 0 153 0 210 0 292 0 358 0 384 0 412 0 417 0 416 0 333 0 251 0 142 0 78 

SecondWin:
0 0 0 0 0 0 0 0 0 0 0 0 0 0 0 0 0 0 0 0 0 0 0 0 0 0 0 0 0 0 0 0 0 0 0 0 0 0 1 0 1 0 2 0 7 0 20 0 40 0 94 0 119 0 110 0 105 0 142 0 160 0 266 0 399 0 432 0 475 0 448 0 489 0 402 0 250 0 161 0 109 0 
SAlphaB:
0 0 0 0 0 0 0 0 0 0 0 0 0 0 0 0 0 0 0 0 0 0 0 0 0 0 0 0 0 0 0 0 0 0 0 0 0 0 1 0 1 0 2 0 7 0 20 0 40 0 94 0 119 0 110 0 105 0 142 0 160 0 266 0 399 0 432 0 475 0 448 0 489 0 402 0 250 0 161 0 109 0 
