0 57 87 2 -9 0 1 8

0 40 95 24 -17 4 17 0

0 27 78 6 -6 8 21 2

0 68 74 84 -10 14 27 30

0 81 82 99 -12 5 34 16

0 61 86 17 -11 1 22 35

0 43 96 27 -12 10 17 15

0 53 99 55 -14 22 23 38

0 34 43 42 -5 9 29 26

0 36 88 51 -7 16 47 28

0 62 85 73 -5 19 23 46

0 17 74 61 -11 30 40 16

0 76 95 34 -14 2 34 27

0 1 71 26 -11 12 18 10

0 39 62 81 -19 2 11 3

0 56 67 39 -5 27 28 45

0 46 80 25 -12 5 40 37

0 12 65 65 -3 24 27 5

0 23 86 6 -5 0 15 44

0 17 34 45 -3 15 31 15

0 49 55 93 -9 0 6 27

0 47 97 50 -9 1 3 42

0 46 96 59 -7 21 22 7

0 81 85 38 -11 15 17 47

0 37 97 58 -11 1 46 31

0 70 72 28 -18 12 15 36

0 9 55 45 -13 17 26 30

0 10 72 88 -20 5 7 12

0 81 99 81 -13 2 8 24

0 45 52 62 -2 38 40 17

0 66 97 10 -3 1 3 33

0 11 43 29 -1 0 1 17

0 26 98 82 -1 35 45 17

0 38 68 23 -8 21 38 22

0 25 65 69 -8 8 33 8

0 1 48 53 -16 5 18 12

0 90 96 3 -14 40 44 33

0 47 79 26 -18 12 20 10

0 27 72 60 -14 17 22 6

0 12 51 45 -4 0 2 24

0 21 26 77 -4 14 39 28

0 13 52 5 -20 1 3 33

0 2 4 80 -8 4 7 9

0 62 82 29 -2 0 10 43

0 1 49 12 -12 4 11 29

0 31 34 84 -10 9 13 18

0 2 42 43 -12 1 7 18

0 31 33 84 -15 12 24 4

0 48 60 16 -18 0 18 17

0 18 71 16 -7 7 47 8

0 12 93 0 -15 6 26 10

0 19 97 56 -3 11 47 20

0 23 28 8 -17 12 17 25

0 29 90 20 -20 17 34 1

0 3 5 88 -4 4 7 12

0 50 75 29 -10 24 44 44

0 8 22 48 -4 0 2 26

0 24 68 71 -6 10 45 17

0 51 74 64 -8 29 46 12

0 3 50 30 -7 5 48 3

0 7 51 53 -14 0 32 5

0 46 78 64 -20 40 41 1

0 14 18 87 -4 14 17 26

0 16 92 46 -2 5 38 48

0 44 60 14 -6 34 49 29

0 2 11 41 -13 0 6 31

0 34 86 83 -7 11 19 45

0 2 72 8 -15 33 44 31

0 15 16 25 -1 22 47 19

0 37 38 25 -17 24 25 40

0 3 6 36 -4 5 7 18

0 3 27 36 -16 3 30 24

0 1 2 24 -13 4 9 24

0 5 10 57 -18 20 23 20

0 11 22 89 -15 45 47 5

0 5 9 30 -18 8 10 13

0 3 20 26 -8 7 39 28

0 6 15 91 -1 9 17 39

0 3 13 18 -4 9 20 23

0 0 2 14 -3 3 13 9

0 14 25 38 -18 3 48 3

0 29 96 13 -15 9 46 46

0 16 34 94 -12 3 39 17

0 2 15 54 -14 17 30 44

0 7 26 4 -3 15 45 32

0 39 40 90 -20 20 45 24

0 10 12 63 -5 27 39 20

0 7 34 62 -11 1 42 46

0 2 22 64 -10 2 10 29

0 7 14 81 -3 1 4 37

0 1 2 0 -11 3 8 5

0 17 29 59 -4 6 28 47

0 2 7 35 -3 25 28 39

0 10 18 12 -7 40 42 32

0 41 71 21 -16 21 23 0

0 2 7 8 -15 2 18 44

0 2 3 57 -2 11 27 18

0 2 6 42 -10 13 44 18

0 5 6 14 -5 13 19 29

0 0 5 48 -3 2 10 31


SAlphaB: 731.0, std-dev 276.92473952977974

Earliest win: 37
Latest win: 81

WinDepth:
0 0 0 0 0 0 0 0 0 0 0 0 0 0 0 0 0 0 0 0 0 0 0 0 0 0 0 0 0 0 0 0 0 0 0 0 0 1 1 4 9 6 8 20 6 8 18 27 54 97 56 184 88 126 96 171 151 211 180 209 177 244 268 376 272 375 415 349 404 399 385 457 378 423 384 366 266 253 205 117 81 79 
SAlphaB:
0 0 0 0 0 0 0 0 0 0 0 0 0 0 0 0 0 0 0 0 0 0 0 0 0 0 0 0 0 0 0 0 0 0 0 0 0 1 1 4 9 6 8 20 6 8 18 27 54 97 56 184 88 126 96 171 151 211 180 209 177 244 268 376 272 375 415 349 404 399 385 457 378 423 384 366 266 253 205 117 81 79 

LossDepth:
SAlphaB:
0 0 0 0 0 0 0 0 0 0 0 0 0 0 0 0 0 0 0 0 0 0 0 0 0 0 0 0 0 0 0 0 0 0 0 0 0 1 1 4 9 6 8 20 6 8 18 27 54 97 56 184 88 126 96 171 151 211 180 209 177 244 268 376 272 375 415 349 404 399 385 457 378 423 384 366 266 253 205 117 81 79 

FirstWin:
0 0 0 0 0 0 0 0 0 0 0 0 0 0 0 0 0 0 0 0 0 0 0 0 0 0 0 0 0 0 0 0 0 0 0 0 0 1 0 4 0 6 0 20 0 8 0 27 0 97 0 184 0 126 0 171 0 211 0 209 0 244 0 376 0 375 0 349 0 399 0 457 0 423 0 366 0 253 0 117 0 79 
SAlphaB:
0 0 0 0 0 0 0 0 0 0 0 0 0 0 0 0 0 0 0 0 0 0 0 0 0 0 0 0 0 0 0 0 0 0 0 0 0 1 0 4 0 6 0 20 0 8 0 27 0 97 0 184 0 126 0 171 0 211 0 209 0 244 0 376 0 375 0 349 0 399 0 457 0 423 0 366 0 253 0 117 0 79 

SecondWin:
0 0 0 0 0 0 0 0 0 0 0 0 0 0 0 0 0 0 0 0 0 0 0 0 0 0 0 0 0 0 0 0 0 0 0 0 0 0 1 0 9 0 8 0 6 0 18 0 54 0 56 0 88 0 96 0 151 0 180 0 177 0 268 0 272 0 415 0 404 0 385 0 378 0 384 0 266 0 205 0 81 0 
SAlphaB:
0 0 0 0 0 0 0 0 0 0 0 0 0 0 0 0 0 0 0 0 0 0 0 0 0 0 0 0 0 0 0 0 0 0 0 0 0 0 1 0 9 0 8 0 6 0 18 0 54 0 56 0 88 0 96 0 151 0 180 0 177 0 268 0 272 0 415 0 404 0 385 0 378 0 384 0 266 0 205 0 81 0 
