0 41 98 47 -12 4 19 17

0 45 97 50 -1 12 14 1

0 67 68 34 -5 14 33 19

0 11 77 2 -7 1 5 8

0 25 75 6 -10 1 15 3

0 34 43 98 -1 28 39 30

0 31 81 28 -4 1 3 11

0 74 87 84 -17 0 45 30

0 11 14 88 -7 6 10 0

0 61 97 23 -13 17 46 29

0 50 93 76 -3 19 47 22

0 46 71 88 -9 10 22 15

0 26 76 30 -1 2 8 0

0 18 88 92 -8 10 27 31

0 7 78 98 -19 5 15 35

0 12 69 82 -2 20 22 23

0 13 99 37 -12 6 12 18

0 54 74 70 -17 12 18 32

0 2 82 20 -4 23 32 15

0 62 72 81 -4 7 30 11

0 18 40 84 -19 13 20 10

0 11 76 22 -4 17 49 24

0 54 68 78 -16 1 6 5

0 15 53 44 -5 8 12 0

0 11 12 96 -4 1 3 5

0 68 78 81 -13 4 21 34

0 10 56 92 -1 12 40 32

0 65 98 10 -3 13 34 22

0 63 82 76 -17 15 36 18

0 39 55 28 -20 3 8 48

0 2 79 94 -5 17 21 13

0 9 77 14 -13 15 24 20

0 30 95 51 -7 14 41 11

0 82 97 8 -19 1 2 10

0 41 49 5 -13 7 12 21

0 74 99 67 -18 0 1 42

0 83 85 35 -11 13 33 48

0 30 61 39 -5 16 30 18

0 20 67 45 -15 22 48 49

0 8 53 30 -8 33 43 11

0 27 70 81 -4 4 23 48

0 43 45 76 -14 18 21 7

0 17 20 98 -18 14 34 8

0 0 2 45 -14 3 10 31

0 1 13 45 -20 1 3 25

0 70 95 55 -3 25 31 5

0 18 66 76 -5 11 18 45

0 44 88 20 -17 4 44 46

0 40 94 92 -7 4 8 46

0 38 90 92 -1 4 42 45

0 3 29 69 -1 1 9 2

0 89 98 53 -1 8 9 19

0 54 64 30 -11 1 3 41

0 25 50 44 -13 1 4 31

0 16 67 77 -13 2 5 36

0 13 31 73 -20 19 42 44

0 12 44 40 -1 2 32 9

0 11 14 22 -8 0 4 11

0 23 32 49 -4 15 32 23

0 43 45 53 -15 17 24 25

0 23 26 37 -6 12 15 27

0 17 44 86 -15 3 5 43

0 39 52 7 -12 34 42 3

0 3 4 20 -7 13 20 19

0 9 48 17 -18 16 44 17

0 21 22 44 -4 0 3 30

0 0 3 58 -6 16 34 19

0 14 25 93 -16 6 9 41

0 35 40 88 -7 25 49 30

0 16 29 49 -12 14 33 26

0 7 22 85 -12 37 41 46

0 2 27 64 -10 0 1 43

0 24 94 33 -4 32 34 19

0 17 38 19 -9 21 34 46

0 24 39 43 -6 3 21 49

0 0 21 58 -8 11 35 19

0 41 45 87 -7 32 39 0

0 7 12 49 -10 33 49 43

0 7 19 13 -5 11 40 46

0 1 13 64 -18 32 34 19

0 18 27 81 -10 16 43 30

0 3 11 10 -15 6 8 26

0 0 2 29 -19 3 43 6

0 1 6 5 -12 10 19 48

0 21 39 38 -1 25 29 40

0 75 87 62 -20 40 45 3

0 0 1 8 -4 11 48 10

0 6 7 33 -10 2 3 32

0 0 2 7 -16 5 10 19

0 0 7 79 -17 12 42 26

0 3 10 52 -17 0 37 15

0 1 2 34 -12 6 35 0

0 0 12 16 -10 35 48 15

0 0 4 40 -16 3 11 27

0 2 4 8 -8 24 26 39

0 22 26 54 -5 21 28 38

0 13 22 79 -12 21 29 1

0 12 27 7 -11 4 18 39

0 0 7 18 -16 1 45 48

0 1 6 46 -9 1 13 45


SAlphaB: 708.0, std-dev 258.1394062920423

Earliest win: 35
Latest win: 81

WinDepth:
0 0 0 0 0 0 0 0 0 0 0 0 0 0 0 0 0 0 0 0 0 0 0 0 0 0 0 0 0 0 0 0 0 0 0 5 0 6 0 7 0 6 5 14 14 23 15 32 55 97 64 214 60 165 110 153 111 191 138 166 145 228 199 285 322 345 416 411 429 455 457 461 390 489 441 329 265 254 167 155 102 80 
SAlphaB:
0 0 0 0 0 0 0 0 0 0 0 0 0 0 0 0 0 0 0 0 0 0 0 0 0 0 0 0 0 0 0 0 0 0 0 5 0 6 0 7 0 6 5 14 14 23 15 32 55 97 64 214 60 165 110 153 111 191 138 166 145 228 199 285 322 345 416 411 429 455 457 461 390 489 441 329 265 254 167 155 102 80 

LossDepth:
SAlphaB:
0 0 0 0 0 0 0 0 0 0 0 0 0 0 0 0 0 0 0 0 0 0 0 0 0 0 0 0 0 0 0 0 0 0 0 5 0 6 0 7 0 6 5 14 14 23 15 32 55 97 64 214 60 165 110 153 111 191 138 166 145 228 199 285 322 345 416 411 429 455 457 461 390 489 441 329 265 254 167 155 102 80 

FirstWin:
0 0 0 0 0 0 0 0 0 0 0 0 0 0 0 0 0 0 0 0 0 0 0 0 0 0 0 0 0 0 0 0 0 0 0 5 0 6 0 7 0 6 0 14 0 23 0 32 0 97 0 214 0 165 0 153 0 191 0 166 0 228 0 285 0 345 0 411 0 455 0 461 0 489 0 329 0 254 0 155 0 80 
SAlphaB:
0 0 0 0 0 0 0 0 0 0 0 0 0 0 0 0 0 0 0 0 0 0 0 0 0 0 0 0 0 0 0 0 0 0 0 5 0 6 0 7 0 6 0 14 0 23 0 32 0 97 0 214 0 165 0 153 0 191 0 166 0 228 0 285 0 345 0 411 0 455 0 461 0 489 0 329 0 254 0 155 0 80 

SecondWin:
0 0 0 0 0 0 0 0 0 0 0 0 0 0 0 0 0 0 0 0 0 0 0 0 0 0 0 0 0 0 0 0 0 0 0 0 0 0 0 0 0 0 5 0 14 0 15 0 55 0 64 0 60 0 110 0 111 0 138 0 145 0 199 0 322 0 416 0 429 0 457 0 390 0 441 0 265 0 167 0 102 0 
SAlphaB:
0 0 0 0 0 0 0 0 0 0 0 0 0 0 0 0 0 0 0 0 0 0 0 0 0 0 0 0 0 0 0 0 0 0 0 0 0 0 0 0 0 0 5 0 14 0 15 0 55 0 64 0 60 0 110 0 111 0 138 0 145 0 199 0 322 0 416 0 429 0 457 0 390 0 441 0 265 0 167 0 102 0 
