0 24 30 42 -12 9 22 0

0 21 58 90 -18 1 9 3

0 32 98 50 -8 5 19 49

0 19 58 92 -19 10 27 27

0 77 93 67 -10 1 20 6

0 52 92 85 -2 11 18 13

0 43 56 16 -20 23 36 9

0 32 63 39 -17 11 29 0

0 2 91 52 -15 23 48 37

0 17 93 95 -20 13 37 14

0 48 53 82 -4 16 30 15

0 46 60 14 -17 5 16 34

0 52 59 11 -16 4 16 23

0 9 39 42 -15 6 20 13

0 68 82 22 -4 19 21 10

0 11 52 59 -18 0 24 14

0 9 35 28 -15 12 14 9

0 29 99 79 -6 1 48 16

0 7 66 34 -20 1 2 11

0 13 61 66 -4 29 34 31

0 41 51 50 -7 7 9 19

0 82 96 10 -3 15 48 8

0 57 78 34 -14 2 8 3

0 19 50 80 -8 34 47 31

0 14 16 64 -14 7 13 3

0 13 41 80 -3 17 29 26

0 55 65 12 -2 3 28 3

0 28 29 68 -20 5 6 1

0 34 94 25 -8 18 22 28

0 22 31 7 -16 0 2 17

0 63 91 69 -13 19 37 48

0 29 78 54 -6 7 39 24

0 34 50 66 -12 18 28 11

0 3 18 87 -17 4 9 24

0 57 96 58 -20 19 23 36

0 13 92 28 -20 2 35 19

0 33 40 45 -9 4 21 3

0 24 40 55 -13 6 39 41

0 22 95 55 -2 0 7 38

0 44 58 69 -20 18 29 6

0 17 88 68 -13 9 12 36

0 10 14 63 -11 13 20 7

0 4 61 21 -10 10 38 32

0 35 72 10 -7 28 33 46

0 78 82 86 -20 11 24 49

0 19 20 9 -8 22 23 19

0 21 24 29 -13 22 26 0

0 2 35 92 -18 6 8 38

0 3 61 76 -8 7 15 48

0 48 64 1 -11 12 33 30

0 1 3 70 -7 35 45 30

0 26 36 88 -19 16 29 34

0 0 40 11 -10 7 18 30

0 41 47 27 -11 10 26 25

0 20 48 7 -1 1 21 47

0 32 33 98 -16 7 10 30

0 13 27 76 -11 5 14 40

0 50 51 92 -2 34 35 42

0 0 16 39 -11 19 20 11

0 11 65 23 -19 9 46 36

0 37 38 40 -7 24 39 41

0 7 13 48 -9 2 17 29

0 1 10 28 -16 0 12 15

0 15 52 72 -13 27 35 44

0 22 29 4 -14 20 28 3

0 10 81 17 -7 30 31 46

0 6 19 18 -9 0 18 2

0 5 12 84 -19 8 26 32

0 29 30 37 -14 6 40 32

0 22 72 53 -4 18 30 43

0 9 10 61 -16 14 29 44

0 3 18 81 -8 6 28 23

0 0 5 26 -7 0 30 17

0 2 4 89 -19 10 23 24

0 0 8 98 -6 5 16 3

0 19 72 3 -9 18 22 8

0 8 24 21 -15 26 41 3

0 5 8 43 -6 22 45 11

0 23 31 48 -9 11 16 19

0 45 71 8 -14 30 43 42

0 5 9 81 -12 3 4 26

0 8 10 16 -9 5 13 0

0 11 12 67 -6 36 47 9

0 15 26 9 -11 17 37 36

0 6 8 20 -14 36 43 38

0 1 18 17 -18 12 42 6

0 6 15 63 -11 29 44 39

0 20 22 60 -13 16 23 41

0 0 26 16 -8 12 13 34

0 5 23 29 -20 30 47 27

0 1 4 15 -13 25 42 31

0 0 12 30 -12 33 47 6

0 7 28 66 -20 2 4 45

0 41 49 22 -9 30 38 42

0 3 9 36 -19 42 47 2

0 10 22 4 -1 40 41 48

0 3 12 52 -10 7 27 11

0 2 8 60 -9 26 44 49

0 10 11 1 -1 5 14 49

0 0 3 73 -15 40 49 4


SAlphaB: 747.0, std-dev 276.5638232548381

Earliest win: 37
Latest win: 81

WinDepth:
0 0 0 0 0 0 0 0 0 0 0 0 0 0 0 0 0 0 0 0 0 0 0 0 0 0 0 0 0 0 0 0 0 0 0 0 0 5 0 5 18 2 6 31 7 11 8 25 18 69 46 277 117 121 96 191 111 165 148 175 151 173 215 307 333 329 419 320 502 404 488 442 443 445 354 347 246 227 170 133 88 111 
SAlphaB:
0 0 0 0 0 0 0 0 0 0 0 0 0 0 0 0 0 0 0 0 0 0 0 0 0 0 0 0 0 0 0 0 0 0 0 0 0 5 0 5 18 2 6 31 7 11 8 25 18 69 46 277 117 121 96 191 111 165 148 175 151 173 215 307 333 329 419 320 502 404 488 442 443 445 354 347 246 227 170 133 88 111 

LossDepth:
SAlphaB:
0 0 0 0 0 0 0 0 0 0 0 0 0 0 0 0 0 0 0 0 0 0 0 0 0 0 0 0 0 0 0 0 0 0 0 0 0 5 0 5 18 2 6 31 7 11 8 25 18 69 46 277 117 121 96 191 111 165 148 175 151 173 215 307 333 329 419 320 502 404 488 442 443 445 354 347 246 227 170 133 88 111 

FirstWin:
0 0 0 0 0 0 0 0 0 0 0 0 0 0 0 0 0 0 0 0 0 0 0 0 0 0 0 0 0 0 0 0 0 0 0 0 0 5 0 5 0 2 0 31 0 11 0 25 0 69 0 277 0 121 0 191 0 165 0 175 0 173 0 307 0 329 0 320 0 404 0 442 0 445 0 347 0 227 0 133 0 111 
SAlphaB:
0 0 0 0 0 0 0 0 0 0 0 0 0 0 0 0 0 0 0 0 0 0 0 0 0 0 0 0 0 0 0 0 0 0 0 0 0 5 0 5 0 2 0 31 0 11 0 25 0 69 0 277 0 121 0 191 0 165 0 175 0 173 0 307 0 329 0 320 0 404 0 442 0 445 0 347 0 227 0 133 0 111 

SecondWin:
0 0 0 0 0 0 0 0 0 0 0 0 0 0 0 0 0 0 0 0 0 0 0 0 0 0 0 0 0 0 0 0 0 0 0 0 0 0 0 0 18 0 6 0 7 0 8 0 18 0 46 0 117 0 96 0 111 0 148 0 151 0 215 0 333 0 419 0 502 0 488 0 443 0 354 0 246 0 170 0 88 0 
SAlphaB:
0 0 0 0 0 0 0 0 0 0 0 0 0 0 0 0 0 0 0 0 0 0 0 0 0 0 0 0 0 0 0 0 0 0 0 0 0 0 0 0 18 0 6 0 7 0 8 0 18 0 46 0 117 0 96 0 111 0 148 0 151 0 215 0 333 0 419 0 502 0 488 0 443 0 354 0 246 0 170 0 88 0 
