0 53 70 63 -4 10 32 20

0 28 91 80 -12 4 8 1

0 12 97 18 -15 0 6 11

0 39 76 69 -10 1 16 19

0 16 81 13 -14 0 2 43

0 33 46 10 -1 5 13 11

0 7 34 59 -2 4 6 4

0 36 88 54 -10 9 19 9

0 28 39 58 -14 3 9 4

0 46 74 82 -14 3 10 13

0 24 80 71 -14 1 5 15

0 25 69 99 -5 1 8 29

0 52 93 41 -20 1 2 35

0 6 57 58 -8 20 39 2

0 12 31 46 -20 2 6 6

0 12 40 60 -11 0 2 15

0 96 98 59 -5 17 20 9

0 40 70 73 -10 10 39 0

0 20 29 86 -4 1 6 11

0 82 88 97 -6 9 10 44

0 75 78 47 -3 6 7 11

0 28 75 63 -6 17 39 12

0 21 77 59 -1 12 14 25

0 63 65 14 -17 4 25 20

0 25 58 65 -17 8 24 37

0 8 67 84 -13 11 30 7

0 78 82 68 -4 7 18 18

0 50 81 19 -2 21 25 0

0 9 49 48 -20 0 2 6

0 27 54 38 -9 5 13 10

0 2 59 30 -9 0 1 6

0 12 72 45 -3 25 49 31

0 23 61 20 -15 15 25 9

0 47 88 84 -20 26 39 30

0 21 45 97 -9 0 1 25

0 66 97 36 -9 14 21 26

0 42 56 61 -4 32 35 28

0 31 59 82 -20 3 22 11

0 19 63 34 -9 28 37 25

0 27 62 30 -7 15 26 30

0 49 93 6 -14 18 47 7

0 72 80 19 -19 3 5 2

0 16 66 99 -2 35 41 36

0 30 31 97 -10 6 37 10

0 15 88 52 -13 16 27 4

0 42 51 82 -11 19 47 19

0 18 20 58 -5 0 4 19

0 32 39 95 -20 10 13 25

0 35 90 64 -1 25 31 47

0 12 17 77 -1 5 11 27

0 39 86 91 -2 1 6 32

0 18 75 38 -9 38 43 44

0 1 5 48 -19 10 11 13

0 0 82 52 -14 0 17 32

0 14 93 22 -19 8 39 4

0 23 43 82 -3 20 42 20

0 52 60 51 -16 7 13 2

0 25 54 75 -6 6 36 45

0 53 76 27 -20 25 30 20

0 8 96 26 -19 2 5 29

0 50 71 77 -17 22 24 31

0 20 21 65 -16 21 48 20

0 43 92 0 -1 0 4 11

0 53 90 19 -3 0 5 45

0 7 33 37 -8 42 46 39

0 17 53 25 -11 30 39 41

0 25 42 38 -1 5 36 30

0 13 64 6 -7 3 9 36

0 7 73 85 -19 2 4 36

0 30 44 72 -19 10 42 48

0 6 11 72 -13 30 36 46

0 3 4 98 -3 30 38 39

0 0 12 84 -7 5 9 12

0 25 27 87 -12 5 42 31

0 5 7 37 -17 38 41 44

0 18 26 11 -20 12 24 31

0 27 33 55 -2 19 45 26

0 21 65 31 -18 41 48 29

0 8 43 62 -13 12 42 10

0 15 96 59 -2 1 43 30

0 0 10 84 -11 7 15 8

0 2 50 9 -8 2 6 19

0 13 53 7 -18 29 30 3

0 51 67 32 -9 1 44 45

0 12 13 7 -9 17 31 21

0 0 2 31 -3 18 31 14

0 54 67 93 -11 42 47 3

0 0 11 46 -9 25 41 23

0 14 32 13 -7 7 29 0

0 13 39 81 -12 18 49 15

0 14 32 9 -16 9 11 1

0 0 3 67 -4 10 32 24

0 2 3 93 -7 4 39 37

0 1 3 79 -1 16 31 36

0 8 22 6 -13 7 27 13

0 7 9 76 -13 1 41 41

0 3 8 94 -14 6 41 46

0 0 14 25 -5 0 3 47

0 18 19 60 -8 4 6 47

0 0 1 66 -3 3 16 43


SAlphaB: 712.0, std-dev 265.7202019174882

Earliest win: 35
Latest win: 81

WinDepth:
0 0 0 0 0 0 0 0 0 0 0 0 0 0 0 0 0 0 0 0 0 0 0 0 0 0 0 0 0 0 0 0 0 0 0 1 0 6 0 6 12 11 4 12 6 16 14 45 24 46 78 172 50 95 76 183 102 215 184 181 192 244 260 310 274 344 332 420 466 374 438 461 460 411 395 376 273 233 173 156 124 84 
SAlphaB:
0 0 0 0 0 0 0 0 0 0 0 0 0 0 0 0 0 0 0 0 0 0 0 0 0 0 0 0 0 0 0 0 0 0 0 1 0 6 0 6 12 11 4 12 6 16 14 45 24 46 78 172 50 95 76 183 102 215 184 181 192 244 260 310 274 344 332 420 466 374 438 461 460 411 395 376 273 233 173 156 124 84 

LossDepth:
SAlphaB:
0 0 0 0 0 0 0 0 0 0 0 0 0 0 0 0 0 0 0 0 0 0 0 0 0 0 0 0 0 0 0 0 0 0 0 1 0 6 0 6 12 11 4 12 6 16 14 45 24 46 78 172 50 95 76 183 102 215 184 181 192 244 260 310 274 344 332 420 466 374 438 461 460 411 395 376 273 233 173 156 124 84 

FirstWin:
0 0 0 0 0 0 0 0 0 0 0 0 0 0 0 0 0 0 0 0 0 0 0 0 0 0 0 0 0 0 0 0 0 0 0 1 0 6 0 6 0 11 0 12 0 16 0 45 0 46 0 172 0 95 0 183 0 215 0 181 0 244 0 310 0 344 0 420 0 374 0 461 0 411 0 376 0 233 0 156 0 84 
SAlphaB:
0 0 0 0 0 0 0 0 0 0 0 0 0 0 0 0 0 0 0 0 0 0 0 0 0 0 0 0 0 0 0 0 0 0 0 1 0 6 0 6 0 11 0 12 0 16 0 45 0 46 0 172 0 95 0 183 0 215 0 181 0 244 0 310 0 344 0 420 0 374 0 461 0 411 0 376 0 233 0 156 0 84 

SecondWin:
0 0 0 0 0 0 0 0 0 0 0 0 0 0 0 0 0 0 0 0 0 0 0 0 0 0 0 0 0 0 0 0 0 0 0 0 0 0 0 0 12 0 4 0 6 0 14 0 24 0 78 0 50 0 76 0 102 0 184 0 192 0 260 0 274 0 332 0 466 0 438 0 460 0 395 0 273 0 173 0 124 0 
SAlphaB:
0 0 0 0 0 0 0 0 0 0 0 0 0 0 0 0 0 0 0 0 0 0 0 0 0 0 0 0 0 0 0 0 0 0 0 0 0 0 0 0 12 0 4 0 6 0 14 0 24 0 78 0 50 0 76 0 102 0 184 0 192 0 260 0 274 0 332 0 466 0 438 0 460 0 395 0 273 0 173 0 124 0 
