0 27 37 50 -8 4 18 14

0 37 95 35 -5 2 35 9

0 54 97 24 -3 13 22 24

0 37 82 62 -9 9 21 25

0 70 72 61 -8 1 39 8

0 40 45 44 -19 2 11 14

0 15 98 76 -5 0 4 4

0 76 86 82 -15 2 32 13

0 40 59 98 -16 1 10 9

0 61 71 26 -18 1 5 26

0 27 91 87 -16 7 14 5

0 33 93 59 -3 3 30 27

0 21 90 67 -14 0 5 26

0 70 94 37 -1 4 12 7

0 3 54 66 -1 24 31 16

0 57 78 9 -10 5 17 20

0 30 36 88 -7 3 4 8

0 27 93 0 -6 9 11 18

0 33 62 81 -7 15 36 0

0 22 92 56 -9 8 9 0

0 31 45 53 -3 1 3 10

0 39 55 36 -12 14 34 46

0 14 85 93 -2 8 18 0

0 41 96 98 -13 10 48 24

0 8 57 91 -7 14 24 2

0 48 89 64 -1 23 27 36

0 63 96 2 -18 12 16 21

0 9 36 42 -2 4 5 20

0 34 44 90 -1 12 17 11

0 69 78 52 -3 5 10 39

0 35 57 60 -7 3 17 29

0 58 75 2 -19 16 29 25

0 10 77 0 -5 0 3 28

0 31 51 69 -8 17 23 27

0 77 81 87 -1 10 11 17

0 64 80 72 -16 23 44 25

0 18 95 99 -20 23 36 20

0 63 89 58 -3 4 5 26

0 10 43 86 -15 13 17 12

0 29 61 83 -2 13 31 39

0 9 69 12 -3 9 25 36

0 3 75 42 -17 10 24 27

0 2 43 6 -16 4 7 35

0 28 30 89 -7 12 45 41

0 25 61 41 -12 16 29 7

0 17 41 10 -16 0 1 48

0 8 72 32 -14 0 1 47

0 19 45 47 -19 18 20 13

0 7 33 65 -13 16 20 20

0 26 68 52 -14 2 34 37

0 61 68 42 -15 9 11 47

0 8 44 63 -2 29 40 21

0 22 93 83 -19 35 43 43

0 21 63 46 -11 42 47 39

0 22 37 50 -10 35 38 38

0 12 25 12 -17 3 11 26

0 10 18 94 -9 8 21 34

0 11 41 61 -6 22 46 10

0 76 92 40 -3 6 7 24

0 3 64 45 -20 15 37 3

0 25 70 72 -11 19 33 21

0 17 22 62 -4 11 28 4

0 3 13 49 -16 20 22 29

0 0 74 61 -7 2 12 30

0 33 74 16 -11 11 14 37

0 47 69 45 -5 2 8 33

0 39 60 66 -3 34 37 5

0 17 37 48 -8 30 41 19

0 2 15 73 -19 0 5 17

0 35 73 14 -7 17 19 8

0 8 56 10 -14 15 40 18

0 5 6 75 -5 3 9 19

0 13 14 83 -4 21 30 11

0 24 34 9 -18 16 43 5

0 3 7 52 -19 5 6 25

0 27 31 84 -1 11 14 24

0 7 12 57 -14 1 18 7

0 16 22 93 -3 31 45 20

0 15 21 1 -7 30 35 2

0 6 97 30 -2 24 32 29

0 5 60 72 -11 1 39 9

0 18 35 64 -14 43 44 0

0 56 60 86 -5 5 10 38

0 1 23 55 -16 25 38 1

0 25 39 71 -10 30 46 0

0 0 4 72 -8 33 39 39

0 0 1 32 -18 37 41 40

0 4 7 96 -13 26 40 36

0 10 24 86 -20 11 47 15

0 16 20 5 -3 18 48 28

0 3 32 3 -19 42 46 20

0 0 17 42 -5 24 36 18

0 6 7 43 -6 6 7 25

0 1 9 33 -15 7 12 18

0 1 2 29 -3 4 28 12

0 2 27 80 -1 10 15 47

0 5 16 67 -3 2 10 22

0 5 15 25 -4 5 44 12

0 0 11 76 -16 18 40 46

0 1 2 45 -4 0 1 45


SAlphaB: 727.0, std-dev 285.88426333081367

Earliest win: 39
Latest win: 81

WinDepth:
0 0 0 0 0 0 0 0 0 0 0 0 0 0 0 0 0 0 0 0 0 0 0 0 0 0 0 0 0 0 0 0 0 0 0 0 0 0 0 2 12 8 1 10 2 9 9 46 10 59 21 212 62 119 67 154 133 185 158 135 133 211 229 334 310 352 426 410 500 420 491 454 456 407 368 387 268 258 224 172 91 78 
SAlphaB:
0 0 0 0 0 0 0 0 0 0 0 0 0 0 0 0 0 0 0 0 0 0 0 0 0 0 0 0 0 0 0 0 0 0 0 0 0 0 0 2 12 8 1 10 2 9 9 46 10 59 21 212 62 119 67 154 133 185 158 135 133 211 229 334 310 352 426 410 500 420 491 454 456 407 368 387 268 258 224 172 91 78 

LossDepth:
SAlphaB:
0 0 0 0 0 0 0 0 0 0 0 0 0 0 0 0 0 0 0 0 0 0 0 0 0 0 0 0 0 0 0 0 0 0 0 0 0 0 0 2 12 8 1 10 2 9 9 46 10 59 21 212 62 119 67 154 133 185 158 135 133 211 229 334 310 352 426 410 500 420 491 454 456 407 368 387 268 258 224 172 91 78 

FirstWin:
0 0 0 0 0 0 0 0 0 0 0 0 0 0 0 0 0 0 0 0 0 0 0 0 0 0 0 0 0 0 0 0 0 0 0 0 0 0 0 2 0 8 0 10 0 9 0 46 0 59 0 212 0 119 0 154 0 185 0 135 0 211 0 334 0 352 0 410 0 420 0 454 0 407 0 387 0 258 0 172 0 78 
SAlphaB:
0 0 0 0 0 0 0 0 0 0 0 0 0 0 0 0 0 0 0 0 0 0 0 0 0 0 0 0 0 0 0 0 0 0 0 0 0 0 0 2 0 8 0 10 0 9 0 46 0 59 0 212 0 119 0 154 0 185 0 135 0 211 0 334 0 352 0 410 0 420 0 454 0 407 0 387 0 258 0 172 0 78 

SecondWin:
0 0 0 0 0 0 0 0 0 0 0 0 0 0 0 0 0 0 0 0 0 0 0 0 0 0 0 0 0 0 0 0 0 0 0 0 0 0 0 0 12 0 1 0 2 0 9 0 10 0 21 0 62 0 67 0 133 0 158 0 133 0 229 0 310 0 426 0 500 0 491 0 456 0 368 0 268 0 224 0 91 0 
SAlphaB:
0 0 0 0 0 0 0 0 0 0 0 0 0 0 0 0 0 0 0 0 0 0 0 0 0 0 0 0 0 0 0 0 0 0 0 0 0 0 0 0 12 0 1 0 2 0 9 0 10 0 21 0 62 0 67 0 133 0 158 0 133 0 229 0 310 0 426 0 500 0 491 0 456 0 368 0 268 0 224 0 91 0 
