0 54 87 54 -7 10 37 22

0 45 89 54 -2 14 25 15

0 10 88 71 -10 9 19 0

0 56 79 36 -2 4 24 9

0 49 79 6 -12 6 12 41

0 11 67 26 -4 3 12 3

0 91 96 9 -11 16 46 10

0 40 68 63 -13 5 21 9

0 45 79 67 -1 5 41 13

0 48 92 86 -7 8 14 16

0 20 61 92 -16 30 36 25

0 43 74 43 -9 19 49 18

0 89 93 84 -20 33 38 35

0 53 85 61 -19 6 26 18

0 68 80 64 -11 2 41 30

0 33 91 85 -8 0 1 15

0 19 98 40 -10 14 39 9

0 29 88 91 -11 23 48 33

0 49 51 97 -14 8 35 35

0 14 70 34 -7 4 17 2

0 56 98 61 -20 0 22 46

0 39 68 1 -15 0 9 5

0 53 93 33 -10 20 34 40

0 16 91 31 -5 0 3 32

0 10 16 29 -11 4 6 1

0 62 78 33 -10 8 9 22

0 6 98 22 -6 2 12 17

0 37 46 39 -13 3 4 40

0 11 27 7 -19 7 12 3

0 41 45 89 -17 9 19 2

0 17 25 71 -2 31 45 44

0 25 47 60 -6 33 35 5

0 34 91 78 -17 8 17 46

0 15 28 50 -13 36 46 43

0 35 44 83 -2 5 12 25

0 76 77 83 -4 6 20 31

0 24 51 29 -14 23 39 24

0 29 95 60 -15 0 3 46

0 34 73 6 -19 1 2 43

0 15 37 37 -8 4 15 10

0 68 79 56 -10 0 4 35

0 34 73 20 -14 11 43 18

0 11 72 54 -2 25 41 39

0 34 79 94 -16 7 10 29

0 89 93 79 -5 17 31 15

0 80 89 67 -1 39 48 16

0 80 91 33 -7 7 20 44

0 68 69 48 -1 0 5 30

0 9 43 1 -17 6 7 6

0 22 95 32 -17 12 36 5

0 36 86 81 -15 20 33 29

0 44 88 12 -15 14 32 12

0 21 31 63 -17 16 42 6

0 7 28 73 -14 35 36 47

0 20 58 96 -18 22 27 2

0 23 30 68 -18 16 32 12

0 27 67 13 -12 23 33 29

0 1 61 95 -18 3 14 26

0 1 65 28 -15 5 16 44

0 5 48 27 -8 8 9 33

0 38 44 98 -12 22 39 49

0 43 55 71 -5 0 1 24

0 27 86 86 -8 1 37 17

0 3 28 68 -19 8 12 27

0 15 18 77 -4 3 4 24

0 5 21 62 -19 1 7 5

0 31 40 19 -6 7 45 22

0 25 34 9 -19 27 47 13

0 28 33 44 -12 2 42 17

0 40 42 51 -18 10 48 12

0 13 29 61 -18 0 36 28

0 43 98 66 -15 31 44 42

0 9 62 25 -4 30 32 31

0 26 34 54 -7 28 38 42

0 20 41 58 -17 10 12 39

0 3 4 72 -5 14 29 49

0 19 21 31 -10 11 48 2

0 9 23 92 -6 12 40 2

0 2 6 97 -18 1 4 32

0 16 30 37 -20 6 46 5

0 1 2 57 -20 0 3 2

0 2 4 39 -17 4 11 41

0 9 51 63 -9 2 30 34

0 0 10 87 -12 8 17 29

0 34 35 12 -1 12 36 36

0 14 56 22 -14 7 44 20

0 0 14 65 -3 9 19 2

0 3 11 15 -19 9 14 10

0 3 26 24 -14 14 35 21

0 5 19 29 -7 15 17 36

0 36 83 36 -9 42 45 0

0 1 6 60 -16 7 29 18

0 2 5 12 -11 13 29 15

0 2 7 19 -15 27 45 18

0 16 30 91 -14 29 35 12

0 0 11 32 -14 26 29 47

0 2 6 21 -3 30 32 24

0 8 18 4 -10 17 44 46

0 6 7 43 -5 0 5 45

0 4 22 86 -8 39 49 24


SAlphaB: 711.0, std-dev 258.29547572069043

Earliest win: 39
Latest win: 81

WinDepth:
0 0 0 0 0 0 0 0 0 0 0 0 0 0 0 0 0 0 0 0 0 0 0 0 0 0 0 0 0 0 0 0 0 0 0 0 0 0 0 3 2 7 7 7 5 19 6 28 19 48 47 182 78 117 109 188 113 204 127 174 169 229 213 294 345 344 408 360 425 428 466 452 424 436 454 371 307 264 192 130 120 75 
SAlphaB:
0 0 0 0 0 0 0 0 0 0 0 0 0 0 0 0 0 0 0 0 0 0 0 0 0 0 0 0 0 0 0 0 0 0 0 0 0 0 0 3 2 7 7 7 5 19 6 28 19 48 47 182 78 117 109 188 113 204 127 174 169 229 213 294 345 344 408 360 425 428 466 452 424 436 454 371 307 264 192 130 120 75 

LossDepth:
SAlphaB:
0 0 0 0 0 0 0 0 0 0 0 0 0 0 0 0 0 0 0 0 0 0 0 0 0 0 0 0 0 0 0 0 0 0 0 0 0 0 0 3 2 7 7 7 5 19 6 28 19 48 47 182 78 117 109 188 113 204 127 174 169 229 213 294 345 344 408 360 425 428 466 452 424 436 454 371 307 264 192 130 120 75 

FirstWin:
0 0 0 0 0 0 0 0 0 0 0 0 0 0 0 0 0 0 0 0 0 0 0 0 0 0 0 0 0 0 0 0 0 0 0 0 0 0 0 3 0 7 0 7 0 19 0 28 0 48 0 182 0 117 0 188 0 204 0 174 0 229 0 294 0 344 0 360 0 428 0 452 0 436 0 371 0 264 0 130 0 75 
SAlphaB:
0 0 0 0 0 0 0 0 0 0 0 0 0 0 0 0 0 0 0 0 0 0 0 0 0 0 0 0 0 0 0 0 0 0 0 0 0 0 0 3 0 7 0 7 0 19 0 28 0 48 0 182 0 117 0 188 0 204 0 174 0 229 0 294 0 344 0 360 0 428 0 452 0 436 0 371 0 264 0 130 0 75 

SecondWin:
0 0 0 0 0 0 0 0 0 0 0 0 0 0 0 0 0 0 0 0 0 0 0 0 0 0 0 0 0 0 0 0 0 0 0 0 0 0 0 0 2 0 7 0 5 0 6 0 19 0 47 0 78 0 109 0 113 0 127 0 169 0 213 0 345 0 408 0 425 0 466 0 424 0 454 0 307 0 192 0 120 0 
SAlphaB:
0 0 0 0 0 0 0 0 0 0 0 0 0 0 0 0 0 0 0 0 0 0 0 0 0 0 0 0 0 0 0 0 0 0 0 0 0 0 0 0 2 0 7 0 5 0 6 0 19 0 47 0 78 0 109 0 113 0 127 0 169 0 213 0 345 0 408 0 425 0 466 0 424 0 454 0 307 0 192 0 120 0 
