0 33 98 48 -16 0 3 36

0 29 98 35 -14 1 6 0

0 63 65 30 -1 17 48 7

0 58 62 57 -17 3 27 3

0 55 66 94 -13 8 19 24

0 43 86 39 -14 11 39 15

0 29 85 63 -10 0 2 22

0 78 98 43 -8 9 21 16

0 60 79 13 -1 15 21 8

0 16 91 96 -13 8 27 6

0 18 52 49 -11 4 6 29

0 45 68 5 -12 2 10 12

0 47 54 55 -15 1 12 27

0 75 88 86 -20 1 15 32

0 53 60 5 -19 2 17 12

0 48 77 74 -9 12 24 25

0 32 46 27 -10 2 8 25

0 47 84 11 -10 4 11 32

0 60 76 76 -18 0 29 48

0 19 39 14 -13 2 4 15

0 66 83 32 -16 20 22 19

0 42 70 0 -3 13 21 10

0 23 73 0 -17 38 42 11

0 28 62 55 -17 11 25 8

0 74 94 26 -19 31 33 7

0 18 81 36 -9 21 23 10

0 56 59 19 -5 2 3 13

0 43 93 46 -16 32 49 4

0 35 51 80 -20 7 12 17

0 49 72 99 -11 14 42 14

0 43 51 63 -3 13 39 2

0 53 58 45 -11 13 38 25

0 18 42 11 -10 11 26 3

0 8 96 77 -2 13 33 39

0 11 26 66 -8 7 13 20

0 39 53 66 -13 16 27 11

0 85 94 76 -7 14 33 45

0 21 66 44 -19 7 24 37

0 45 77 49 -2 19 29 28

0 41 78 0 -18 2 5 27

0 4 98 39 -5 10 20 30

0 58 74 46 -3 24 35 24

0 31 43 56 -11 9 11 34

0 2 21 62 -3 13 20 14

0 7 45 74 -10 1 2 1

0 39 67 23 -6 4 6 47

0 26 46 59 -18 21 46 3

0 16 46 31 -7 19 22 25

0 43 59 70 -17 31 36 31

0 39 59 84 -4 1 2 7

0 16 74 85 -12 5 45 11

0 38 48 6 -14 7 19 20

0 65 66 54 -14 16 17 36

0 76 89 8 -2 37 39 31

0 17 24 68 -4 28 32 0

0 0 14 78 -3 26 45 9

0 16 47 20 -5 15 39 3

0 58 97 31 -13 44 46 9

0 21 51 8 -9 10 27 13

0 22 28 47 -10 10 28 26

0 19 65 28 -17 12 27 7

0 53 62 13 -1 0 3 25

0 40 48 5 -14 15 17 48

0 8 32 81 -19 20 27 36

0 44 58 11 -17 26 29 10

0 48 81 89 -5 26 34 26

0 5 24 20 -3 0 4 22

0 2 49 99 -8 3 18 29

0 10 38 6 -5 17 45 33

0 5 19 32 -6 16 40 13

0 11 71 2 -12 20 21 1

0 27 94 6 -10 11 18 49

0 28 43 56 -5 2 39 33

0 17 73 46 -17 21 25 2

0 9 66 96 -3 3 20 16

0 9 58 41 -20 10 44 9

0 2 8 98 -1 12 34 7

0 12 25 11 -6 0 45 17

0 21 35 16 -18 13 14 8

0 8 35 58 -2 9 12 41

0 11 16 50 -14 0 17 11

0 0 7 46 -18 2 43 2

0 13 83 74 -13 21 31 41

0 15 73 8 -20 29 45 39

0 2 4 48 -10 7 12 24

0 18 37 68 -18 17 28 39

0 1 5 79 -6 7 28 4

0 0 3 30 -12 40 49 45

0 3 4 58 -17 8 35 11

0 18 67 54 -4 9 38 38

0 10 13 14 -18 6 24 14

0 7 20 55 -8 34 47 10

0 12 17 78 -13 7 47 48

0 13 41 86 -4 26 31 49

0 10 23 3 -2 1 5 40

0 1 5 35 -11 7 41 8

0 7 27 2 -7 4 33 22

0 0 3 11 -8 6 11 12

0 2 22 34 -18 1 35 49

0 2 5 21 -4 0 3 42


SAlphaB: 691.0, std-dev 271.06271451828303

Earliest win: 37
Latest win: 81

WinDepth:
0 0 0 0 0 0 0 0 0 0 0 0 0 0 0 0 0 0 0 0 0 0 0 0 0 0 0 0 0 0 0 0 0 0 0 0 0 6 0 5 1 7 3 13 7 16 22 53 25 71 70 170 94 143 94 150 121 197 136 175 166 221 253 336 301 386 330 391 405 359 426 468 422 405 426 374 297 258 191 127 103 80 
SAlphaB:
0 0 0 0 0 0 0 0 0 0 0 0 0 0 0 0 0 0 0 0 0 0 0 0 0 0 0 0 0 0 0 0 0 0 0 0 0 6 0 5 1 7 3 13 7 16 22 53 25 71 70 170 94 143 94 150 121 197 136 175 166 221 253 336 301 386 330 391 405 359 426 468 422 405 426 374 297 258 191 127 103 80 

LossDepth:
SAlphaB:
0 0 0 0 0 0 0 0 0 0 0 0 0 0 0 0 0 0 0 0 0 0 0 0 0 0 0 0 0 0 0 0 0 0 0 0 0 6 0 5 1 7 3 13 7 16 22 53 25 71 70 170 94 143 94 150 121 197 136 175 166 221 253 336 301 386 330 391 405 359 426 468 422 405 426 374 297 258 191 127 103 80 

FirstWin:
0 0 0 0 0 0 0 0 0 0 0 0 0 0 0 0 0 0 0 0 0 0 0 0 0 0 0 0 0 0 0 0 0 0 0 0 0 6 0 5 0 7 0 13 0 16 0 53 0 71 0 170 0 143 0 150 0 197 0 175 0 221 0 336 0 386 0 391 0 359 0 468 0 405 0 374 0 258 0 127 0 80 
SAlphaB:
0 0 0 0 0 0 0 0 0 0 0 0 0 0 0 0 0 0 0 0 0 0 0 0 0 0 0 0 0 0 0 0 0 0 0 0 0 6 0 5 0 7 0 13 0 16 0 53 0 71 0 170 0 143 0 150 0 197 0 175 0 221 0 336 0 386 0 391 0 359 0 468 0 405 0 374 0 258 0 127 0 80 

SecondWin:
0 0 0 0 0 0 0 0 0 0 0 0 0 0 0 0 0 0 0 0 0 0 0 0 0 0 0 0 0 0 0 0 0 0 0 0 0 0 0 0 1 0 3 0 7 0 22 0 25 0 70 0 94 0 94 0 121 0 136 0 166 0 253 0 301 0 330 0 405 0 426 0 422 0 426 0 297 0 191 0 103 0 
SAlphaB:
0 0 0 0 0 0 0 0 0 0 0 0 0 0 0 0 0 0 0 0 0 0 0 0 0 0 0 0 0 0 0 0 0 0 0 0 0 0 0 0 1 0 3 0 7 0 22 0 25 0 70 0 94 0 94 0 121 0 136 0 166 0 253 0 301 0 330 0 405 0 426 0 422 0 426 0 297 0 191 0 103 0 
