0 40 97 76 -6 7 21 10

0 73 98 26 -19 11 41 21

0 40 97 46 -7 5 18 20

0 29 83 52 -12 0 1 15

0 60 91 60 -14 2 20 27

0 65 89 86 -16 2 10 2

0 11 52 18 -7 0 3 3

0 45 71 42 -13 10 17 12

0 56 98 20 -2 12 34 10

0 36 69 31 -2 2 16 27

0 49 94 79 -8 3 25 22

0 48 75 91 -4 9 22 22

0 20 68 6 -13 1 5 27

0 36 79 37 -19 6 17 12

0 21 46 29 -7 0 6 7

0 63 82 78 -15 1 20 31

0 21 95 64 -5 0 1 7

0 72 92 98 -1 12 33 22

0 79 95 40 -20 4 8 9

0 50 81 59 -5 1 7 6

0 71 84 0 -6 2 7 12

0 54 71 55 -1 12 26 1

0 52 59 31 -17 2 4 21

0 60 68 79 -20 6 12 10

0 43 70 26 -9 7 13 17

0 53 95 68 -4 2 26 9

0 40 81 23 -11 1 12 3

0 46 88 97 -8 5 7 28

0 54 89 38 -2 4 30 18

0 16 85 17 -18 0 1 5

0 24 82 17 -17 0 3 26

0 34 47 25 -2 0 10 12

0 68 89 81 -1 1 34 11

0 57 92 62 -12 11 23 13

0 34 92 94 -19 1 5 29

0 24 98 75 -15 0 10 29

0 37 63 18 -2 2 5 15

0 56 66 58 -4 3 24 34

0 31 64 63 -2 3 23 23

0 43 46 28 -16 10 15 19

0 38 39 49 -18 0 9 16

0 69 80 4 -11 6 34 13

0 42 52 45 -4 7 16 13

0 19 36 13 -7 2 10 16

0 87 99 63 -18 17 40 10

0 53 79 17 -3 1 23 4

0 11 35 65 -10 9 19 13

0 64 78 84 -3 11 29 6

0 77 86 37 -1 6 15 23

0 43 83 18 -1 1 24 10

0 56 86 34 -4 10 15 1

0 23 75 61 -3 13 30 13

0 21 91 54 -17 5 10 13

0 36 60 26 -10 0 2 20

0 60 98 98 -16 4 5 38

0 78 92 73 -15 3 30 14

0 70 87 88 -15 0 1 31

0 11 82 55 -14 12 18 24

0 52 87 91 -19 4 27 22

0 42 91 51 -15 5 25 45

0 13 67 66 -4 0 17 22

0 49 99 70 -9 2 32 15

0 35 75 89 -8 2 3 23

0 27 86 57 -17 0 5 48

0 20 42 33 -18 2 5 16

0 11 38 82 -14 0 1 10

0 58 96 29 -9 0 2 28

0 25 67 10 -6 17 44 28

0 52 98 63 -9 2 28 2

0 56 93 94 -10 6 17 38

0 52 57 71 -14 2 15 6

0 41 62 55 -4 3 8 20

0 85 97 1 -11 24 46 16

0 31 47 2 -11 1 12 3

0 58 69 71 -9 5 20 33

0 34 83 25 -12 6 26 43

0 22 99 15 -6 4 32 3

0 25 90 92 -20 13 30 23

0 48 78 77 -10 7 9 0

0 58 96 50 -8 5 11 3

0 68 94 49 -10 16 48 12

0 24 43 47 -10 16 29 16

0 39 68 29 -5 9 26 44

0 47 70 91 -7 0 1 0

0 43 64 79 -19 1 17 0

0 15 93 5 -16 0 1 29

0 19 90 68 -5 20 43 2

0 26 47 66 -2 17 38 16

0 28 59 5 -15 3 12 35

0 25 80 5 -8 13 40 13

0 50 72 36 -10 12 47 6

0 24 77 65 -5 0 15 45

0 18 90 53 -5 4 7 37

0 22 62 89 -15 24 42 5

0 2 74 99 -17 6 19 40

0 54 62 27 -18 5 22 48

0 17 48 23 -5 6 14 0

0 82 89 19 -10 10 13 7

0 8 19 43 -5 3 10 9

0 6 54 38 -13 17 20 15


SAlphaB: 764.0, std-dev 248.09547160378204

Earliest win: 35
Latest win: 81

WinDepth:
0 0 0 0 0 0 0 0 0 0 0 0 0 0 0 0 0 0 0 0 0 0 0 0 0 0 0 0 0 0 0 0 0 0 0 1 0 7 8 12 7 11 8 27 29 49 49 150 61 166 145 402 136 337 233 405 346 561 363 513 491 605 629 845 702 951 913 960 1002 1031 934 959 937 836 956 738 587 488 458 280 192 163 
SAlphaB:
0 0 0 0 0 0 0 0 0 0 0 0 0 0 0 0 0 0 0 0 0 0 0 0 0 0 0 0 0 0 0 0 0 0 0 1 0 7 8 12 7 11 8 27 29 49 49 150 61 166 145 402 136 337 233 405 346 561 363 513 491 605 629 845 702 951 913 960 1002 1031 934 959 937 836 956 738 587 488 458 280 192 163 

LossDepth:
SAlphaB:
0 0 0 0 0 0 0 0 0 0 0 0 0 0 0 0 0 0 0 0 0 0 0 0 0 0 0 0 0 0 0 0 0 0 0 0 0 5 10 3 4 11 5 21 14 30 24 70 32 77 83 142 93 175 160 234 233 346 242 333 310 424 409 678 476 682 679 767 732 849 728 794 706 722 727 649 486 451 367 281 200 159 

FirstWin:
0 0 0 0 0 0 0 0 0 0 0 0 0 0 0 0 0 0 0 0 0 0 0 0 0 0 0 0 0 0 0 0 0 0 0 1 0 7 0 12 0 11 0 27 0 49 0 150 0 166 0 402 0 337 0 405 0 561 0 513 0 605 0 845 0 951 0 960 0 1031 0 959 0 836 0 738 0 488 0 280 0 163 
SAlphaB:
0 0 0 0 0 0 0 0 0 0 0 0 0 0 0 0 0 0 0 0 0 0 0 0 0 0 0 0 0 0 0 0 0 0 0 1 0 7 0 12 0 11 0 27 0 49 0 150 0 166 0 402 0 337 0 405 0 561 0 513 0 605 0 845 0 951 0 960 0 1031 0 959 0 836 0 738 0 488 0 280 0 163 

SecondWin:
0 0 0 0 0 0 0 0 0 0 0 0 0 0 0 0 0 0 0 0 0 0 0 0 0 0 0 0 0 0 0 0 0 0 0 0 0 0 8 0 7 0 8 0 29 0 49 0 61 0 145 0 136 0 233 0 346 0 363 0 491 0 629 0 702 0 913 0 1002 0 934 0 937 0 956 0 587 0 458 0 192 0 
SAlphaB:
0 0 0 0 0 0 0 0 0 0 0 0 0 0 0 0 0 0 0 0 0 0 0 0 0 0 0 0 0 0 0 0 0 0 0 0 0 0 8 0 7 0 8 0 29 0 49 0 61 0 145 0 136 0 233 0 346 0 363 0 491 0 629 0 702 0 913 0 1002 0 934 0 937 0 956 0 587 0 458 0 192 0 
