0 40 97 76 -6 7 21 10

0 68 89 81 -1 1 34 11

0 42 52 45 -4 7 16 13

0 54 71 55 -1 12 26 1

0 60 98 98 -16 4 5 38

0 15 93 5 -16 0 1 29

0 38 39 49 -18 0 9 16

0 25 90 92 -20 13 30 23

0 18 90 53 -5 4 7 37

0 24 77 65 -5 0 15 45

0 41 63 15 -13 0 11 34

0 40 98 55 -15 0 35 5

0 9 87 60 -3 1 19 3

0 34 97 97 -10 15 38 2

0 74 83 46 -4 2 5 17

0 67 82 22 -14 1 20 37

0 30 88 20 -13 12 29 15

0 47 57 11 -15 14 48 48

0 62 75 22 -6 8 41 13

0 67 85 22 -10 2 4 19

0 44 51 36 -15 12 18 6

0 11 35 87 -8 5 8 15

0 56 69 30 -2 20 40 6

0 64 66 67 -11 15 28 37

0 3 54 92 -9 27 29 32

0 23 30 77 -12 10 18 38

0 31 39 70 -20 0 24 23

0 61 94 52 -5 27 34 34

0 25 26 58 -6 13 26 36

0 25 51 85 -5 10 23 25

0 7 60 24 -15 5 14 30

0 41 47 96 -4 13 35 20

0 68 91 56 -14 26 30 3

0 6 36 97 -5 11 15 19

0 17 44 34 -17 3 39 29

0 6 46 56 -4 19 40 40

0 6 55 75 -18 27 43 7

0 51 60 64 -2 14 24 31

0 20 85 50 -14 8 19 45

0 12 85 43 -17 10 21 23

0 74 88 4 -14 0 38 47

0 16 79 92 -4 15 46 8

0 20 27 69 -3 0 7 4

0 14 20 58 -20 3 29 22

0 32 50 3 -6 12 34 18

0 12 37 27 -17 2 41 38

0 13 96 5 -17 21 32 47

0 1 64 4 -18 1 5 5

0 6 81 88 -12 16 36 23

0 39 43 83 -1 4 45 35

0 26 37 46 -18 24 31 19

0 17 25 81 -2 22 30 22

0 29 76 31 -13 24 27 17

0 25 80 22 -2 24 25 18

0 37 61 7 -15 2 35 9

0 22 25 1 -17 1 5 1

0 4 81 25 -17 1 40 31

0 25 55 56 -5 8 49 14

0 32 33 71 -18 12 15 44

0 18 70 89 -19 18 27 30

0 9 46 57 -2 15 40 10

0 5 6 39 -6 3 15 11

0 15 19 19 -17 5 29 16

0 30 92 60 -16 21 29 27

0 14 83 70 -1 20 49 45

0 33 34 25 -5 2 8 34

0 30 51 22 -8 31 38 27

0 8 71 17 -16 2 13 48

0 28 44 66 -17 17 26 43

0 1 36 15 -9 13 16 31

0 77 78 74 -7 17 21 46

0 14 15 65 -12 9 32 39

0 1 12 78 -12 6 25 14

0 25 26 54 -18 8 10 26

0 81 88 42 -17 27 33 45

0 21 36 12 -19 4 34 24

0 62 64 16 -2 1 14 37

0 49 57 13 -15 25 48 22

0 60 92 51 -8 32 45 4

0 4 7 39 -19 4 12 23

0 3 6 76 -16 8 11 18

0 0 32 75 -14 1 31 43

0 10 21 36 -13 2 7 24

0 6 28 32 -4 24 39 29

0 66 71 92 -16 35 41 41

0 12 16 58 -3 5 22 43

0 2 12 26 -7 26 27 37

0 6 11 93 -12 2 28 13

0 0 3 20 -14 2 6 38

0 1 5 64 -3 17 25 37

0 10 25 15 -13 0 42 29

0 0 10 40 -2 20 25 8

0 6 21 3 -11 4 11 35

0 6 7 42 -16 20 34 25

0 16 63 1 -5 5 46 47

0 0 17 14 -18 8 31 27

0 10 14 26 -4 18 34 30

0 1 2 55 -10 6 13 44

0 8 17 86 -3 23 43 42

0 0 1 88 -6 26 35 3


SAlphaB: 717.0, std-dev 267.76160548842205

Earliest win: 37
Latest win: 81

WinDepth:
0 0 0 0 0 0 0 0 0 0 0 0 0 0 0 0 0 0 0 0 0 0 0 0 0 0 0 0 0 0 0 0 0 0 0 0 0 1 2 3 2 5 3 8 11 19 37 29 25 92 59 211 69 139 123 206 134 222 184 196 167 232 230 369 342 340 404 353 407 419 442 496 353 371 400 337 242 233 183 132 105 80 
SAlphaB:
0 0 0 0 0 0 0 0 0 0 0 0 0 0 0 0 0 0 0 0 0 0 0 0 0 0 0 0 0 0 0 0 0 0 0 0 0 1 2 3 2 5 3 8 11 19 37 29 25 92 59 211 69 139 123 206 134 222 184 196 167 232 230 369 342 340 404 353 407 419 442 496 353 371 400 337 242 233 183 132 105 80 

LossDepth:
SAlphaB:
0 0 0 0 0 0 0 0 0 0 0 0 0 0 0 0 0 0 0 0 0 0 0 0 0 0 0 0 0 0 0 0 0 0 0 0 0 1 2 3 2 5 3 8 11 19 37 29 25 92 59 211 69 139 123 206 134 222 184 196 167 232 230 369 342 340 404 353 407 419 442 496 353 371 400 337 242 233 183 132 105 80 

FirstWin:
0 0 0 0 0 0 0 0 0 0 0 0 0 0 0 0 0 0 0 0 0 0 0 0 0 0 0 0 0 0 0 0 0 0 0 0 0 1 0 3 0 5 0 8 0 19 0 29 0 92 0 211 0 139 0 206 0 222 0 196 0 232 0 369 0 340 0 353 0 419 0 496 0 371 0 337 0 233 0 132 0 80 
SAlphaB:
0 0 0 0 0 0 0 0 0 0 0 0 0 0 0 0 0 0 0 0 0 0 0 0 0 0 0 0 0 0 0 0 0 0 0 0 0 1 0 3 0 5 0 8 0 19 0 29 0 92 0 211 0 139 0 206 0 222 0 196 0 232 0 369 0 340 0 353 0 419 0 496 0 371 0 337 0 233 0 132 0 80 

SecondWin:
0 0 0 0 0 0 0 0 0 0 0 0 0 0 0 0 0 0 0 0 0 0 0 0 0 0 0 0 0 0 0 0 0 0 0 0 0 0 2 0 2 0 3 0 11 0 37 0 25 0 59 0 69 0 123 0 134 0 184 0 167 0 230 0 342 0 404 0 407 0 442 0 353 0 400 0 242 0 183 0 105 0 
SAlphaB:
0 0 0 0 0 0 0 0 0 0 0 0 0 0 0 0 0 0 0 0 0 0 0 0 0 0 0 0 0 0 0 0 0 0 0 0 0 0 2 0 2 0 3 0 11 0 37 0 25 0 59 0 69 0 123 0 134 0 184 0 167 0 230 0 342 0 404 0 407 0 442 0 353 0 400 0 242 0 183 0 105 0 
