0 31 64 63 -2 3 23 23

0 40 97 46 -7 5 18 20

0 64 78 84 -3 11 29 6

0 72 92 98 -1 12 33 22

0 54 62 27 -18 5 22 48

0 47 70 91 -7 0 1 0

0 50 81 59 -5 1 7 6

0 36 69 31 -2 2 16 27

0 31 47 2 -11 1 12 3

0 13 67 66 -4 0 17 22

0 34 82 67 -20 30 44 26

0 30 76 77 -13 3 5 46

0 32 86 85 -18 11 37 5

0 0 80 17 -9 2 3 16

0 73 76 85 -8 5 49 20

0 62 71 17 -12 12 35 4

0 42 51 31 -2 5 8 16

0 60 65 14 -4 14 21 11

0 27 57 85 -10 4 22 5

0 72 82 8 -13 0 1 36

0 11 55 23 -9 8 9 20

0 63 76 6 -4 15 32 14

0 61 90 9 -20 15 23 14

0 48 61 72 -3 17 46 18

0 62 72 51 -18 0 19 26

0 82 84 98 -19 9 35 39

0 14 47 28 -8 28 30 5

0 49 51 24 -9 8 26 48

0 57 99 68 -12 0 2 43

0 45 49 62 -16 23 46 7

0 86 97 93 -10 18 24 1

0 27 28 33 -13 32 44 32

0 41 58 83 -8 14 20 15

0 13 49 99 -19 1 2 2

0 37 97 11 -10 27 41 47

0 3 22 16 -7 8 14 14

0 26 36 41 -11 3 9 28

0 11 27 19 -20 24 27 35

0 18 95 23 -16 30 43 24

0 76 94 12 -3 8 12 48

0 7 36 39 -7 29 45 13

0 15 50 28 -18 4 5 15

0 47 95 24 -20 16 17 40

0 10 91 74 -10 2 8 45

0 27 50 66 -4 12 20 36

0 3 82 21 -16 33 42 14

0 28 99 29 -7 32 39 41

0 63 84 86 -5 4 8 33

0 24 92 97 -20 15 20 26

0 4 6 50 -6 2 4 8

0 17 55 34 -10 44 45 20

0 33 39 16 -5 1 17 40

0 8 52 84 -16 13 31 2

0 3 47 56 -20 8 9 47

0 42 56 37 -10 1 3 47

0 16 39 89 -18 3 4 38

0 14 29 85 -14 8 21 33

0 22 30 57 -12 10 13 47

0 10 41 30 -3 3 19 7

0 0 88 6 -9 5 8 27

0 34 46 87 -15 10 14 49

0 23 52 94 -19 19 31 29

0 5 48 84 -11 8 41 1

0 11 28 98 -7 31 40 38

0 43 86 24 -18 30 42 39

0 21 70 75 -20 5 22 24

0 34 37 13 -13 14 22 16

0 24 25 56 -11 18 27 24

0 78 82 13 -9 37 39 47

0 6 89 18 -15 5 27 20

0 27 58 86 -13 2 11 47

0 10 47 12 -6 11 12 31

0 3 42 72 -20 7 30 25

0 5 39 44 -7 0 14 39

0 22 26 98 -15 7 30 8

0 18 32 38 -2 2 20 32

0 38 55 23 -3 1 2 38

0 55 70 58 -20 42 44 31

0 42 55 96 -16 30 33 45

0 28 89 58 -12 7 47 30

0 22 60 8 -16 24 30 41

0 45 52 55 -3 15 19 42

0 10 18 86 -4 15 21 1

0 50 85 24 -14 19 36 7

0 18 19 93 -16 15 35 49

0 6 7 87 -17 10 26 39

0 1 31 16 -15 19 22 35

0 1 33 55 -2 13 49 42

0 0 2 50 -2 15 29 19

0 22 25 9 -5 5 41 21

0 2 7 31 -20 17 29 17

0 5 16 32 -2 1 10 14

0 18 20 36 -8 27 30 46

0 0 2 83 -4 3 8 38

0 2 5 7 -12 9 33 24

0 8 9 93 -7 17 33 41

0 6 9 40 -2 41 43 24

0 3 17 77 -10 4 44 32

0 3 31 89 -11 1 12 47

0 2 5 78 -5 4 45 21


SAlphaB: 716.0, std-dev 263.10216320438775

Earliest win: 37
Latest win: 81

WinDepth:
0 0 0 0 0 0 0 0 0 0 0 0 0 0 0 0 0 0 0 0 0 0 0 0 0 0 0 0 0 0 0 0 0 0 0 0 0 2 0 15 9 2 4 8 11 13 11 50 25 77 55 148 88 112 99 170 125 196 148 175 207 240 232 309 309 369 401 419 427 401 478 481 405 341 393 396 226 250 171 139 94 91 
SAlphaB:
0 0 0 0 0 0 0 0 0 0 0 0 0 0 0 0 0 0 0 0 0 0 0 0 0 0 0 0 0 0 0 0 0 0 0 0 0 2 0 15 9 2 4 8 11 13 11 50 25 77 55 148 88 112 99 170 125 196 148 175 207 240 232 309 309 369 401 419 427 401 478 481 405 341 393 396 226 250 171 139 94 91 

LossDepth:
SAlphaB:
0 0 0 0 0 0 0 0 0 0 0 0 0 0 0 0 0 0 0 0 0 0 0 0 0 0 0 0 0 0 0 0 0 0 0 0 0 2 0 15 9 2 4 8 11 13 11 50 25 77 55 148 88 112 99 170 125 196 148 175 207 240 232 309 309 369 401 419 427 401 478 481 405 341 393 396 226 250 171 139 94 91 

FirstWin:
0 0 0 0 0 0 0 0 0 0 0 0 0 0 0 0 0 0 0 0 0 0 0 0 0 0 0 0 0 0 0 0 0 0 0 0 0 2 0 15 0 2 0 8 0 13 0 50 0 77 0 148 0 112 0 170 0 196 0 175 0 240 0 309 0 369 0 419 0 401 0 481 0 341 0 396 0 250 0 139 0 91 
SAlphaB:
0 0 0 0 0 0 0 0 0 0 0 0 0 0 0 0 0 0 0 0 0 0 0 0 0 0 0 0 0 0 0 0 0 0 0 0 0 2 0 15 0 2 0 8 0 13 0 50 0 77 0 148 0 112 0 170 0 196 0 175 0 240 0 309 0 369 0 419 0 401 0 481 0 341 0 396 0 250 0 139 0 91 

SecondWin:
0 0 0 0 0 0 0 0 0 0 0 0 0 0 0 0 0 0 0 0 0 0 0 0 0 0 0 0 0 0 0 0 0 0 0 0 0 0 0 0 9 0 4 0 11 0 11 0 25 0 55 0 88 0 99 0 125 0 148 0 207 0 232 0 309 0 401 0 427 0 478 0 405 0 393 0 226 0 171 0 94 0 
SAlphaB:
0 0 0 0 0 0 0 0 0 0 0 0 0 0 0 0 0 0 0 0 0 0 0 0 0 0 0 0 0 0 0 0 0 0 0 0 0 0 0 0 9 0 4 0 11 0 11 0 25 0 55 0 88 0 99 0 125 0 148 0 207 0 232 0 309 0 401 0 427 0 478 0 405 0 393 0 226 0 171 0 94 0 
