0 52 98 63 -9 2 28 2

0 57 92 62 -12 11 23 13

0 34 92 94 -19 1 5 29

0 56 93 94 -10 6 17 38

0 50 72 36 -10 12 47 6

0 58 69 71 -9 5 20 33

0 58 96 50 -8 5 11 3

0 48 78 77 -10 7 9 0

0 28 59 5 -15 3 12 35

0 46 88 97 -8 5 7 28

0 24 82 57 -1 4 25 13

0 47 62 63 -13 6 7 0

0 34 91 55 -19 0 3 47

0 44 55 37 -3 15 25 6

0 46 56 27 -8 17 45 11

0 7 52 79 -9 3 10 37

0 14 88 68 -11 11 12 31

0 22 36 51 -2 24 36 6

0 43 47 55 -15 3 6 34

0 30 71 59 -17 8 18 1

0 78 82 29 -7 24 48 0

0 22 45 75 -19 5 8 29

0 61 84 80 -4 18 36 44

0 48 87 60 -9 2 8 47

0 57 98 83 -9 16 43 42

0 5 44 87 -12 18 33 16

0 27 71 10 -14 9 29 40

0 71 96 99 -3 23 28 35

0 66 95 22 -14 17 39 0

0 13 68 59 -4 9 24 48

0 22 79 61 -13 5 8 24

0 12 69 73 -15 22 28 20

0 53 67 30 -12 14 24 40

0 19 32 47 -9 2 3 18

0 15 45 62 -15 10 27 0

0 2 87 12 -11 5 7 31

0 67 74 91 -2 8 12 19

0 9 33 40 -11 15 34 0

0 23 37 70 -1 12 15 23

0 5 44 7 -8 1 7 13

0 28 49 80 -20 4 6 33

0 24 49 69 -9 36 48 26

0 7 22 44 -16 3 11 34

0 13 84 73 -3 10 35 44

0 35 80 29 -4 16 48 4

0 89 94 12 -14 2 19 47

0 35 54 75 -17 6 34 44

0 26 85 50 -11 8 14 44

0 25 41 41 -10 5 26 1

0 8 37 90 -18 2 11 6

0 27 98 11 -17 14 27 3

0 15 69 19 -15 34 41 27

0 18 49 93 -16 36 37 7

0 18 51 45 -9 3 26 42

0 31 43 14 -3 13 40 31

0 23 36 60 -11 16 44 7

0 9 49 76 -2 14 16 39

0 11 37 82 -9 26 48 15

0 6 63 8 -14 28 44 32

0 24 49 1 -10 28 46 30

0 15 49 78 -15 25 46 35

0 5 71 89 -4 10 20 46

0 25 41 72 -10 9 30 1

0 19 59 84 -20 17 48 0

0 35 37 54 -14 11 17 25

0 9 17 19 -17 1 7 8

0 5 64 66 -3 3 20 38

0 24 89 83 -9 25 39 26

0 14 50 26 -11 23 27 48

0 51 54 49 -16 31 35 40

0 18 27 82 -11 8 11 35

0 9 79 68 -17 1 4 12

0 40 51 37 -3 13 17 30

0 5 20 77 -6 2 4 30

0 11 34 76 -2 2 11 37

0 20 83 1 -18 29 49 32

0 1 35 20 -12 1 2 33

0 45 47 37 -3 16 20 15

0 23 30 32 -11 13 49 44

0 18 27 25 -16 8 40 15

0 26 92 89 -18 19 32 45

0 1 12 48 -20 13 46 33

0 11 29 28 -10 8 14 7

0 0 1 88 -1 19 40 0

0 2 32 12 -19 24 30 14

0 10 21 3 -13 4 9 17

0 13 39 80 -1 9 37 32

0 22 24 26 -20 11 20 16

0 1 4 63 -9 19 47 49

0 11 19 72 -15 2 38 24

0 0 1 89 -16 13 38 7

0 11 27 7 -6 2 6 48

0 1 2 87 -16 11 29 26

0 5 39 12 -15 31 35 32

0 1 2 70 -15 1 8 13

0 7 26 12 -11 6 35 30

0 3 7 10 -20 17 21 27

0 6 11 44 -14 3 45 29

0 0 15 10 -5 6 39 47

0 0 6 0 -1 0 1 21


SAlphaB: 709.0, std-dev 265.6151527943001

Earliest win: 35
Latest win: 81

WinDepth:
0 0 0 0 0 0 0 0 0 0 0 0 0 0 0 0 0 0 0 0 0 0 0 0 0 0 0 0 0 0 0 0 0 0 0 1 0 5 0 3 1 3 1 10 13 12 11 17 17 67 53 153 43 104 93 173 94 192 160 208 186 215 242 362 323 393 428 387 442 428 484 439 393 396 397 407 245 236 181 136 95 86 
SAlphaB:
0 0 0 0 0 0 0 0 0 0 0 0 0 0 0 0 0 0 0 0 0 0 0 0 0 0 0 0 0 0 0 0 0 0 0 1 0 5 0 3 1 3 1 10 13 12 11 17 17 67 53 153 43 104 93 173 94 192 160 208 186 215 242 362 323 393 428 387 442 428 484 439 393 396 397 407 245 236 181 136 95 86 

LossDepth:
SAlphaB:
0 0 0 0 0 0 0 0 0 0 0 0 0 0 0 0 0 0 0 0 0 0 0 0 0 0 0 0 0 0 0 0 0 0 0 1 0 5 0 3 1 3 1 10 13 12 11 17 17 67 53 153 43 104 93 173 94 192 160 208 186 215 242 362 323 393 428 387 442 428 484 439 393 396 397 407 245 236 181 136 95 86 

FirstWin:
0 0 0 0 0 0 0 0 0 0 0 0 0 0 0 0 0 0 0 0 0 0 0 0 0 0 0 0 0 0 0 0 0 0 0 1 0 5 0 3 0 3 0 10 0 12 0 17 0 67 0 153 0 104 0 173 0 192 0 208 0 215 0 362 0 393 0 387 0 428 0 439 0 396 0 407 0 236 0 136 0 86 
SAlphaB:
0 0 0 0 0 0 0 0 0 0 0 0 0 0 0 0 0 0 0 0 0 0 0 0 0 0 0 0 0 0 0 0 0 0 0 1 0 5 0 3 0 3 0 10 0 12 0 17 0 67 0 153 0 104 0 173 0 192 0 208 0 215 0 362 0 393 0 387 0 428 0 439 0 396 0 407 0 236 0 136 0 86 

SecondWin:
0 0 0 0 0 0 0 0 0 0 0 0 0 0 0 0 0 0 0 0 0 0 0 0 0 0 0 0 0 0 0 0 0 0 0 0 0 0 0 0 1 0 1 0 13 0 11 0 17 0 53 0 43 0 93 0 94 0 160 0 186 0 242 0 323 0 428 0 442 0 484 0 393 0 397 0 245 0 181 0 95 0 
SAlphaB:
0 0 0 0 0 0 0 0 0 0 0 0 0 0 0 0 0 0 0 0 0 0 0 0 0 0 0 0 0 0 0 0 0 0 0 0 0 0 0 0 1 0 1 0 13 0 11 0 17 0 53 0 43 0 93 0 94 0 160 0 186 0 242 0 323 0 428 0 442 0 484 0 393 0 397 0 245 0 181 0 95 0 
