0 63 82 78 -15 1 20 31

0 43 64 79 -19 1 17 0

0 36 79 37 -19 6 17 12

0 49 99 70 -9 2 32 15

0 11 35 65 -10 9 19 13

0 17 48 23 -5 6 14 0

0 27 86 57 -17 0 5 48

0 41 62 55 -4 3 8 20

0 25 80 5 -8 13 40 13

0 22 62 89 -15 24 42 5

0 80 91 39 -7 12 30 1

0 54 65 1 -15 9 19 3

0 7 20 87 -10 2 5 13

0 68 90 72 -18 7 31 8

0 45 46 65 -16 17 30 2

0 12 81 12 -4 4 10 31

0 28 91 98 -14 36 48 33

0 66 87 63 -2 8 10 44

0 75 92 96 -1 19 22 19

0 33 51 8 -15 3 12 49

0 29 84 75 -8 2 42 15

0 26 50 58 -19 12 44 39

0 11 80 98 -18 0 23 33

0 45 60 87 -13 11 18 17

0 19 80 74 -4 20 23 33

0 71 99 46 -1 9 10 35

0 6 58 53 -20 29 49 19

0 4 72 54 -17 0 1 24

0 22 93 29 -14 0 9 49

0 79 81 31 -11 6 47 21

0 79 99 81 -1 32 35 13

0 5 28 20 -9 16 18 19

0 21 51 28 -8 6 38 6

0 35 44 86 -13 8 24 15

0 10 32 84 -11 45 48 13

0 12 42 62 -5 38 47 11

0 3 95 34 -8 13 21 2

0 28 68 63 -18 1 8 46

0 13 19 69 -5 0 7 0

0 2 41 46 -14 15 32 11

0 54 65 95 -2 3 15 44

0 18 78 34 -6 0 1 20

0 48 68 98 -12 14 20 17

0 21 42 17 -16 11 45 8

0 30 43 34 -9 18 42 13

0 22 29 90 -3 27 36 21

0 56 68 74 -14 30 40 11

0 5 62 83 -20 4 5 5

0 16 61 12 -1 9 20 26

0 16 29 53 -19 1 10 7

0 51 70 49 -10 28 29 38

0 21 99 33 -10 31 32 47

0 23 39 56 -10 13 19 48

0 68 70 42 -5 32 37 48

0 9 14 95 -10 9 18 40

0 26 67 51 -14 20 22 38

0 53 63 11 -16 18 44 36

0 11 44 46 -11 0 3 44

0 6 52 91 -12 25 44 35

0 10 19 63 -10 26 30 4

0 4 36 63 -16 32 43 47

0 68 70 92 -20 25 36 3

0 2 4 75 -10 1 8 5

0 5 28 49 -11 4 40 42

0 1 10 1 -10 4 14 10

0 88 89 2 -19 14 22 23

0 25 36 10 -19 6 29 20

0 7 14 74 -19 2 9 45

0 9 21 37 -8 14 27 20

0 9 36 39 -10 1 9 3

0 9 18 72 -7 6 16 28

0 1 11 62 -13 9 25 49

0 5 12 74 -13 2 37 40

0 43 66 47 -7 28 42 40

0 2 10 63 -5 2 16 14

0 2 3 18 -12 11 17 41

0 0 13 45 -20 16 21 4

0 4 30 46 -14 2 30 38

0 1 16 24 -10 7 22 21

0 8 11 36 -9 27 46 23

0 4 8 76 -5 16 35 11

0 2 12 63 -5 5 24 6

0 16 28 8 -8 4 46 34

0 0 19 83 -9 18 41 48

0 8 9 79 -19 14 22 22

0 2 28 71 -15 22 36 48

0 3 25 90 -6 37 48 21

0 2 11 51 -16 0 2 40

0 7 38 23 -10 15 28 36

0 6 7 3 -15 7 16 1

0 0 1 70 -14 20 35 25

0 4 16 27 -9 6 39 37

0 0 3 96 -20 5 31 18

0 3 14 91 -19 5 22 39

0 12 32 6 -20 17 33 3

0 3 5 4 -12 10 40 37

0 2 6 2 -19 13 45 48

0 2 38 83 -16 22 28 4

0 1 3 10 -5 13 20 26

0 2 4 52 -4 2 3 19


SAlphaB: 737.0, std-dev 279.53160479775465

Earliest win: 35
Latest win: 81

WinDepth:
0 0 0 0 0 0 0 0 0 0 0 0 0 0 0 0 0 0 0 0 0 0 0 0 0 0 0 0 0 0 0 0 0 0 0 1 0 8 1 4 4 12 5 25 13 26 23 41 36 64 93 203 86 139 81 170 131 171 129 189 185 216 220 378 332 347 391 395 411 412 469 405 449 381 400 365 267 201 186 130 84 85 
SAlphaB:
0 0 0 0 0 0 0 0 0 0 0 0 0 0 0 0 0 0 0 0 0 0 0 0 0 0 0 0 0 0 0 0 0 0 0 1 0 8 1 4 4 12 5 25 13 26 23 41 36 64 93 203 86 139 81 170 131 171 129 189 185 216 220 378 332 347 391 395 411 412 469 405 449 381 400 365 267 201 186 130 84 85 

LossDepth:
SAlphaB:
0 0 0 0 0 0 0 0 0 0 0 0 0 0 0 0 0 0 0 0 0 0 0 0 0 0 0 0 0 0 0 0 0 0 0 1 0 8 1 4 4 12 5 25 13 26 23 41 36 64 93 203 86 139 81 170 131 171 129 189 185 216 220 378 332 347 391 395 411 412 469 405 449 381 400 365 267 201 186 130 84 85 

FirstWin:
0 0 0 0 0 0 0 0 0 0 0 0 0 0 0 0 0 0 0 0 0 0 0 0 0 0 0 0 0 0 0 0 0 0 0 1 0 8 0 4 0 12 0 25 0 26 0 41 0 64 0 203 0 139 0 170 0 171 0 189 0 216 0 378 0 347 0 395 0 412 0 405 0 381 0 365 0 201 0 130 0 85 
SAlphaB:
0 0 0 0 0 0 0 0 0 0 0 0 0 0 0 0 0 0 0 0 0 0 0 0 0 0 0 0 0 0 0 0 0 0 0 1 0 8 0 4 0 12 0 25 0 26 0 41 0 64 0 203 0 139 0 170 0 171 0 189 0 216 0 378 0 347 0 395 0 412 0 405 0 381 0 365 0 201 0 130 0 85 

SecondWin:
0 0 0 0 0 0 0 0 0 0 0 0 0 0 0 0 0 0 0 0 0 0 0 0 0 0 0 0 0 0 0 0 0 0 0 0 0 0 1 0 4 0 5 0 13 0 23 0 36 0 93 0 86 0 81 0 131 0 129 0 185 0 220 0 332 0 391 0 411 0 469 0 449 0 400 0 267 0 186 0 84 0 
SAlphaB:
0 0 0 0 0 0 0 0 0 0 0 0 0 0 0 0 0 0 0 0 0 0 0 0 0 0 0 0 0 0 0 0 0 0 0 0 0 0 1 0 4 0 5 0 13 0 23 0 36 0 93 0 86 0 81 0 131 0 129 0 185 0 220 0 332 0 391 0 411 0 469 0 449 0 400 0 267 0 186 0 84 0 
