0 11 38 82 -14 0 1 10

0 56 66 58 -4 3 24 34

0 52 59 31 -17 2 4 21

0 78 92 73 -15 3 30 14

0 54 89 38 -2 4 30 18

0 21 46 29 -7 0 6 7

0 34 47 25 -2 0 10 12

0 58 96 29 -9 0 2 28

0 65 89 86 -16 2 10 2

0 82 89 19 -10 10 13 7

0 40 69 86 -19 0 15 6

0 8 71 11 -1 3 4 25

0 28 58 49 -6 14 19 1

0 16 61 53 -15 7 11 10

0 20 69 65 -1 4 22 17

0 9 20 59 -3 5 9 12

0 35 70 26 -14 12 27 0

0 64 74 69 -12 0 3 25

0 79 81 79 -7 16 44 28

0 43 61 27 -13 0 1 30

0 48 69 18 -13 1 28 22

0 83 94 95 -17 0 5 46

0 40 57 50 -3 8 9 12

0 31 97 48 -19 19 28 4

0 18 46 78 -17 11 16 18

0 37 56 13 -18 2 24 23

0 43 81 12 -10 8 38 27

0 51 71 57 -14 25 44 19

0 64 83 61 -20 0 15 47

0 42 96 54 -15 10 14 22

0 65 72 82 -4 10 24 8

0 36 43 28 -14 27 28 33

0 55 87 37 -9 1 3 33

0 42 46 71 -13 18 22 29

0 20 38 97 -18 2 14 20

0 37 98 91 -8 16 25 20

0 79 97 53 -18 23 38 10

0 4 77 7 -15 33 40 16

0 34 80 21 -17 6 28 36

0 14 93 22 -17 31 48 8

0 6 35 79 -19 4 6 2

0 63 75 11 -17 18 43 21

0 18 46 61 -7 15 24 13

0 52 89 81 -1 36 40 21

0 18 52 6 -4 4 32 19

0 27 60 55 -5 0 19 30

0 31 37 96 -20 33 37 35

0 46 65 47 -12 1 39 45

0 30 57 90 -4 4 32 29

0 6 30 90 -14 2 4 32

0 19 53 77 -5 5 20 23

0 3 4 39 -15 4 10 17

0 22 70 82 -15 19 49 10

0 5 12 50 -7 16 20 14

0 14 58 21 -16 24 38 19

0 21 60 40 -2 12 37 47

0 23 27 35 -16 27 41 30

0 30 33 90 -5 0 1 37

0 18 91 18 -15 4 31 24

0 51 83 22 -7 30 32 43

0 5 19 10 -13 0 2 10

0 3 8 82 -9 4 8 13

0 13 52 76 -14 1 15 38

0 1 79 1 -18 13 28 27

0 21 42 62 -15 13 31 2

0 22 32 26 -5 1 3 47

0 20 33 85 -15 5 43 17

0 21 29 97 -15 7 34 7

0 1 5 82 -1 18 37 46

0 50 53 77 -7 1 4 43

0 0 5 81 -18 9 13 9

0 1 4 48 -2 18 19 3

0 4 8 12 -7 1 12 13

0 7 27 0 -1 1 5 28

0 28 40 90 -10 23 31 0

0 2 16 28 -2 46 48 26

0 1 22 51 -9 16 20 40

0 14 31 49 -20 8 9 33

0 15 22 54 -4 5 7 46

0 12 46 26 -15 6 30 40

0 19 26 88 -3 17 19 48

0 2 4 64 -11 3 26 6

0 1 34 11 -6 0 1 48

0 1 13 70 -13 9 27 12

0 14 58 5 -11 15 41 48

0 9 38 77 -3 2 37 33

0 9 28 0 -5 7 29 13

0 4 50 86 -3 2 4 32

0 5 57 47 -6 4 9 42

0 7 69 11 -1 4 38 45

0 22 51 13 -16 20 36 31

0 0 15 31 -3 6 17 34

0 19 39 16 -8 10 44 22

0 5 15 15 -3 2 3 26

0 1 10 20 -14 7 12 45

0 4 24 95 -11 1 5 36

0 1 5 61 -19 0 2 30

0 9 12 86 -16 1 48 46

0 0 1 17 -20 1 5 32

0 3 6 8 -1 26 42 47


SAlphaB: 723.0, std-dev 257.8444650982801

Earliest win: 37
Latest win: 81

WinDepth:
0 0 0 0 0 0 0 0 0 0 0 0 0 0 0 0 0 0 0 0 0 0 0 0 0 0 0 0 0 0 0 0 0 0 0 0 0 5 0 0 0 6 0 13 14 23 14 41 33 72 65 159 98 92 93 185 97 206 132 207 187 233 229 369 352 335 417 374 425 422 434 471 396 455 405 397 284 207 195 148 85 75 
SAlphaB:
0 0 0 0 0 0 0 0 0 0 0 0 0 0 0 0 0 0 0 0 0 0 0 0 0 0 0 0 0 0 0 0 0 0 0 0 0 5 0 0 0 6 0 13 14 23 14 41 33 72 65 159 98 92 93 185 97 206 132 207 187 233 229 369 352 335 417 374 425 422 434 471 396 455 405 397 284 207 195 148 85 75 

LossDepth:
SAlphaB:
0 0 0 0 0 0 0 0 0 0 0 0 0 0 0 0 0 0 0 0 0 0 0 0 0 0 0 0 0 0 0 0 0 0 0 0 0 5 0 0 0 6 0 13 14 23 14 41 33 72 65 159 98 92 93 185 97 206 132 207 187 233 229 369 352 335 417 374 425 422 434 471 396 455 405 397 284 207 195 148 85 75 

FirstWin:
0 0 0 0 0 0 0 0 0 0 0 0 0 0 0 0 0 0 0 0 0 0 0 0 0 0 0 0 0 0 0 0 0 0 0 0 0 5 0 0 0 6 0 13 0 23 0 41 0 72 0 159 0 92 0 185 0 206 0 207 0 233 0 369 0 335 0 374 0 422 0 471 0 455 0 397 0 207 0 148 0 75 
SAlphaB:
0 0 0 0 0 0 0 0 0 0 0 0 0 0 0 0 0 0 0 0 0 0 0 0 0 0 0 0 0 0 0 0 0 0 0 0 0 5 0 0 0 6 0 13 0 23 0 41 0 72 0 159 0 92 0 185 0 206 0 207 0 233 0 369 0 335 0 374 0 422 0 471 0 455 0 397 0 207 0 148 0 75 

SecondWin:
0 0 0 0 0 0 0 0 0 0 0 0 0 0 0 0 0 0 0 0 0 0 0 0 0 0 0 0 0 0 0 0 0 0 0 0 0 0 0 0 0 0 0 0 14 0 14 0 33 0 65 0 98 0 93 0 97 0 132 0 187 0 229 0 352 0 417 0 425 0 434 0 396 0 405 0 284 0 195 0 85 0 
SAlphaB:
0 0 0 0 0 0 0 0 0 0 0 0 0 0 0 0 0 0 0 0 0 0 0 0 0 0 0 0 0 0 0 0 0 0 0 0 0 0 0 0 0 0 0 0 14 0 14 0 33 0 65 0 98 0 93 0 97 0 132 0 187 0 229 0 352 0 417 0 425 0 434 0 396 0 405 0 284 0 195 0 85 0 
