0 24 82 17 -17 0 3 26

0 53 95 68 -4 2 26 9

0 85 97 1 -11 24 46 16

0 45 71 42 -13 10 17 12

0 34 83 25 -12 6 26 43

0 49 94 79 -8 3 25 22

0 43 46 28 -16 10 15 19

0 20 68 6 -13 1 5 27

0 2 74 99 -17 6 19 40

0 39 68 29 -5 9 26 44

0 46 69 52 -13 6 12 6

0 47 77 93 -3 11 32 40

0 60 61 48 -6 12 17 7

0 32 38 60 -14 1 16 7

0 27 56 23 -9 4 5 13

0 32 83 71 -7 18 26 32

0 28 87 47 -5 1 2 27

0 63 88 75 -7 4 9 25

0 25 26 87 -7 7 21 19

0 75 95 64 -20 1 3 16

0 67 70 49 -20 1 22 8

0 5 35 98 -14 2 6 36

0 74 97 64 -3 8 14 37

0 24 25 70 -15 15 23 8

0 79 96 43 -17 0 7 3

0 28 29 20 -15 3 8 11

0 20 42 72 -1 4 6 30

0 11 66 50 -11 25 48 32

0 31 33 0 -5 9 10 12

0 0 56 68 -6 0 10 15

0 42 43 65 -13 20 38 35

0 21 35 25 -4 5 35 6

0 19 50 19 -14 25 35 24

0 49 91 90 -13 22 33 41

0 28 89 30 -5 25 29 5

0 66 68 47 -15 5 9 19

0 67 76 85 -1 25 41 27

0 34 35 26 -1 3 8 39

0 7 92 93 -2 3 6 34

0 12 53 36 -12 19 39 4

0 51 86 59 -10 0 3 39

0 25 67 42 -15 8 9 15

0 27 31 0 -16 8 9 6

0 23 43 74 -20 42 47 25

0 18 95 64 -2 17 22 49

0 19 25 76 -2 26 41 15

0 1 46 31 -8 13 28 22

0 66 82 34 -4 0 1 18

0 20 29 69 -8 6 20 30

0 6 27 11 -12 17 43 6

0 5 45 4 -6 26 29 3

0 2 60 83 -2 28 37 35

0 10 95 58 -1 14 22 34

0 20 41 34 -10 9 46 4

0 28 33 76 -14 15 28 9

0 29 47 78 -9 4 21 48

0 31 34 86 -8 8 46 26

0 76 80 81 -8 28 36 45

0 1 42 32 -17 16 39 23

0 24 32 65 -10 10 15 16

0 7 48 40 -17 30 37 2

0 69 72 36 -16 26 34 5

0 12 96 48 -20 14 28 47

0 33 90 62 -7 8 49 21

0 6 31 15 -3 4 9 31

0 52 65 93 -5 24 33 49

0 15 61 13 -9 15 24 15

0 34 50 58 -18 11 18 48

0 6 7 70 -4 35 49 18

0 16 17 73 -13 13 18 34

0 3 6 70 -15 1 14 24

0 21 25 40 -13 3 30 44

0 12 27 51 -12 0 9 49

0 16 28 87 -19 8 27 9

0 2 61 76 -12 4 28 29

0 5 84 49 -15 24 26 45

0 0 18 79 -10 2 4 16

0 4 12 62 -8 44 46 21

0 24 50 50 -19 10 44 19

0 3 8 45 -19 9 10 30

0 7 9 39 -9 30 38 12

0 37 52 83 -3 0 1 32

0 1 40 8 -15 5 7 32

0 11 22 73 -9 39 45 47

0 9 11 95 -10 20 49 12

0 12 35 46 -20 21 27 6

0 11 15 45 -4 13 18 40

0 21 49 29 -19 4 25 33

0 5 28 6 -10 2 3 49

0 10 15 88 -5 13 34 32

0 7 43 55 -18 1 5 49

0 3 5 39 -5 30 41 48

0 15 18 20 -7 10 48 22

0 3 5 64 -1 22 28 38

0 0 2 84 -18 9 31 18

0 2 3 34 -4 47 49 42

0 0 23 71 -19 18 35 30

0 2 22 64 -4 3 14 19

0 5 6 19 -1 29 40 40

0 5 20 19 -3 35 40 47


SAlphaB: 693.0, std-dev 266.6258507589414

Earliest win: 39
Latest win: 81

WinDepth:
0 0 0 0 0 0 0 0 0 0 0 0 0 0 0 0 0 0 0 0 0 0 0 0 0 0 0 0 0 0 0 0 0 0 0 0 0 0 0 2 0 2 3 9 3 21 8 35 20 38 71 142 105 119 77 189 124 178 182 164 162 232 286 325 256 311 397 388 487 432 477 420 428 402 443 385 282 243 207 124 98 65 
SAlphaB:
0 0 0 0 0 0 0 0 0 0 0 0 0 0 0 0 0 0 0 0 0 0 0 0 0 0 0 0 0 0 0 0 0 0 0 0 0 0 0 2 0 2 3 9 3 21 8 35 20 38 71 142 105 119 77 189 124 178 182 164 162 232 286 325 256 311 397 388 487 432 477 420 428 402 443 385 282 243 207 124 98 65 

LossDepth:
SAlphaB:
0 0 0 0 0 0 0 0 0 0 0 0 0 0 0 0 0 0 0 0 0 0 0 0 0 0 0 0 0 0 0 0 0 0 0 0 0 0 0 2 0 2 3 9 3 21 8 35 20 38 71 142 105 119 77 189 124 178 182 164 162 232 286 325 256 311 397 388 487 432 477 420 428 402 443 385 282 243 207 124 98 65 

FirstWin:
0 0 0 0 0 0 0 0 0 0 0 0 0 0 0 0 0 0 0 0 0 0 0 0 0 0 0 0 0 0 0 0 0 0 0 0 0 0 0 2 0 2 0 9 0 21 0 35 0 38 0 142 0 119 0 189 0 178 0 164 0 232 0 325 0 311 0 388 0 432 0 420 0 402 0 385 0 243 0 124 0 65 
SAlphaB:
0 0 0 0 0 0 0 0 0 0 0 0 0 0 0 0 0 0 0 0 0 0 0 0 0 0 0 0 0 0 0 0 0 0 0 0 0 0 0 2 0 2 0 9 0 21 0 35 0 38 0 142 0 119 0 189 0 178 0 164 0 232 0 325 0 311 0 388 0 432 0 420 0 402 0 385 0 243 0 124 0 65 

SecondWin:
0 0 0 0 0 0 0 0 0 0 0 0 0 0 0 0 0 0 0 0 0 0 0 0 0 0 0 0 0 0 0 0 0 0 0 0 0 0 0 0 0 0 3 0 3 0 8 0 20 0 71 0 105 0 77 0 124 0 182 0 162 0 286 0 256 0 397 0 487 0 477 0 428 0 443 0 282 0 207 0 98 0 
SAlphaB:
0 0 0 0 0 0 0 0 0 0 0 0 0 0 0 0 0 0 0 0 0 0 0 0 0 0 0 0 0 0 0 0 0 0 0 0 0 0 0 0 0 0 3 0 3 0 8 0 20 0 71 0 105 0 77 0 124 0 182 0 162 0 286 0 256 0 397 0 487 0 477 0 428 0 443 0 282 0 207 0 98 0 
