0 24 98 75 -15 0 10 29

0 11 52 18 -7 0 3 3

0 53 79 17 -3 1 23 4

0 29 83 52 -12 0 1 15

0 48 75 91 -4 9 22 22

0 35 75 89 -8 2 3 23

0 79 95 40 -20 4 8 9

0 21 91 54 -17 5 10 13

0 8 19 43 -5 3 10 9

0 68 94 49 -10 16 48 12

0 10 90 37 -1 9 14 6

0 21 99 84 -18 0 10 42

0 67 93 23 -13 10 15 11

0 58 59 81 -20 4 34 11

0 24 32 70 -15 1 2 13

0 56 77 60 -11 10 28 46

0 17 54 27 -14 7 11 27

0 12 30 56 -3 12 19 14

0 37 88 23 -8 10 14 0

0 63 93 84 -17 7 36 3

0 8 42 89 -20 9 27 46

0 12 63 1 -16 6 10 24

0 42 55 19 -18 1 10 17

0 28 72 14 -14 14 21 1

0 16 51 90 -2 11 35 26

0 19 54 54 -2 35 46 0

0 35 49 88 -14 9 11 38

0 16 31 6 -12 6 13 17

0 89 94 66 -4 28 37 3

0 46 55 63 -13 14 21 43

0 59 74 88 -10 27 37 48

0 14 75 4 -15 4 12 43

0 30 40 62 -3 4 13 41

0 9 23 70 -6 5 9 6

0 28 35 84 -1 26 36 8

0 57 69 79 -10 22 26 41

0 34 75 95 -15 18 39 45

0 43 67 12 -8 15 19 49

0 44 93 9 -3 0 25 8

0 56 63 91 -7 7 10 47

0 63 66 32 -5 22 42 23

0 31 72 86 -4 9 42 41

0 25 55 92 -3 30 39 3

0 14 65 38 -13 0 5 35

0 20 39 65 -5 1 26 37

0 88 91 89 -16 36 40 10

0 66 86 83 -20 26 31 45

0 58 74 1 -3 5 6 11

0 21 32 6 -8 21 27 6

0 37 51 49 -18 4 6 49

0 19 81 48 -8 0 46 17

0 20 68 76 -20 3 43 19

0 12 55 58 -1 22 49 9

0 26 44 54 -6 13 20 34

0 36 84 28 -4 31 37 10

0 29 88 48 -2 1 18 47

0 39 43 18 -5 25 28 48

0 2 30 80 -6 5 7 20

0 26 62 35 -1 4 29 39

0 10 48 24 -6 28 33 29

0 7 13 48 -2 15 37 18

0 89 93 61 -13 19 20 49

0 9 22 32 -1 16 17 12

0 37 53 64 -3 40 43 22

0 7 38 13 -18 2 7 23

0 4 27 31 -9 40 44 37

0 8 34 24 -14 0 3 24

0 36 74 90 -14 23 30 0

0 0 51 75 -4 23 31 40

0 23 30 48 -3 6 10 46

0 1 21 63 -7 2 19 13

0 3 29 60 -9 39 43 46

0 24 25 99 -13 1 4 48

0 32 38 61 -3 22 27 36

0 10 15 64 -8 3 4 24

0 34 41 5 -3 1 8 43

0 14 20 31 -8 2 3 29

0 15 20 72 -19 2 4 25

0 11 34 2 -5 23 48 1

0 6 15 35 -11 7 27 47

0 48 54 41 -8 21 39 27

0 2 10 28 -9 5 18 37

0 19 65 80 -8 7 49 44

0 11 58 1 -9 5 30 39

0 13 54 60 -1 6 46 46

0 22 79 4 -5 24 48 12

0 24 42 82 -4 6 41 35

0 0 1 37 -18 4 28 17

0 0 47 12 -14 11 43 15

0 2 8 46 -14 29 32 22

0 5 14 51 -7 3 30 34

0 2 15 88 -2 6 33 24

0 7 16 11 -17 20 23 40

0 3 26 96 -18 29 39 13

0 7 13 40 -1 5 34 30

0 0 7 5 -17 6 10 13

0 1 2 85 -4 6 48 35

0 8 24 1 -5 5 10 30

0 0 3 70 -17 13 19 1

0 1 4 83 -9 7 34 47


SAlphaB: 682.0, std-dev 266.36758028762216

Earliest win: 35
Latest win: 81

WinDepth:
0 0 0 0 0 0 0 0 0 0 0 0 0 0 0 0 0 0 0 0 0 0 0 0 0 0 0 0 0 0 0 0 0 0 0 1 0 1 0 6 17 10 3 22 23 26 22 37 29 107 123 199 108 130 142 173 115 184 157 194 179 257 293 322 326 338 396 369 408 402 374 414 416 360 363 343 249 226 160 131 103 69 
SAlphaB:
0 0 0 0 0 0 0 0 0 0 0 0 0 0 0 0 0 0 0 0 0 0 0 0 0 0 0 0 0 0 0 0 0 0 0 1 0 1 0 6 17 10 3 22 23 26 22 37 29 107 123 199 108 130 142 173 115 184 157 194 179 257 293 322 326 338 396 369 408 402 374 414 416 360 363 343 249 226 160 131 103 69 

LossDepth:
SAlphaB:
0 0 0 0 0 0 0 0 0 0 0 0 0 0 0 0 0 0 0 0 0 0 0 0 0 0 0 0 0 0 0 0 0 0 0 1 0 1 0 6 17 10 3 22 23 26 22 37 29 107 123 199 108 130 142 173 115 184 157 194 179 257 293 322 326 338 396 369 408 402 374 414 416 360 363 343 249 226 160 131 103 69 

FirstWin:
0 0 0 0 0 0 0 0 0 0 0 0 0 0 0 0 0 0 0 0 0 0 0 0 0 0 0 0 0 0 0 0 0 0 0 1 0 1 0 6 0 10 0 22 0 26 0 37 0 107 0 199 0 130 0 173 0 184 0 194 0 257 0 322 0 338 0 369 0 402 0 414 0 360 0 343 0 226 0 131 0 69 
SAlphaB:
0 0 0 0 0 0 0 0 0 0 0 0 0 0 0 0 0 0 0 0 0 0 0 0 0 0 0 0 0 0 0 0 0 0 0 1 0 1 0 6 0 10 0 22 0 26 0 37 0 107 0 199 0 130 0 173 0 184 0 194 0 257 0 322 0 338 0 369 0 402 0 414 0 360 0 343 0 226 0 131 0 69 

SecondWin:
0 0 0 0 0 0 0 0 0 0 0 0 0 0 0 0 0 0 0 0 0 0 0 0 0 0 0 0 0 0 0 0 0 0 0 0 0 0 0 0 17 0 3 0 23 0 22 0 29 0 123 0 108 0 142 0 115 0 157 0 179 0 293 0 326 0 396 0 408 0 374 0 416 0 363 0 249 0 160 0 103 0 
SAlphaB:
0 0 0 0 0 0 0 0 0 0 0 0 0 0 0 0 0 0 0 0 0 0 0 0 0 0 0 0 0 0 0 0 0 0 0 0 0 0 0 0 17 0 3 0 23 0 22 0 29 0 123 0 108 0 142 0 115 0 157 0 179 0 293 0 326 0 396 0 408 0 374 0 416 0 363 0 249 0 160 0 103 0 
