0 69 80 4 -11 6 34 13

0 56 98 20 -2 12 34 10

0 73 98 26 -19 11 41 21

0 52 87 91 -19 4 27 22

0 60 91 60 -14 2 20 27

0 60 68 79 -20 6 12 10

0 16 85 17 -18 0 1 5

0 23 75 61 -3 13 30 13

0 71 84 0 -6 2 7 12

0 43 83 18 -1 1 24 10

0 1 86 63 -7 18 45 32

0 54 73 79 -7 10 16 27

0 25 85 87 -1 13 30 23

0 28 44 93 -13 10 18 4

0 42 91 37 -18 15 46 34

0 23 34 16 -14 3 6 1

0 30 34 25 -2 7 13 10

0 33 90 66 -13 1 23 34

0 31 89 88 -10 1 4 42

0 57 96 41 -11 6 23 34

0 30 66 76 -15 26 30 42

0 76 98 82 -10 2 14 27

0 27 61 64 -4 4 28 4

0 48 73 61 -12 14 21 9

0 53 71 54 -2 8 26 22

0 54 74 58 -8 2 11 0

0 73 91 10 -13 12 45 44

0 48 63 98 -6 35 41 32

0 24 39 34 -3 12 17 2

0 9 33 6 -5 7 26 4

0 10 32 65 -9 11 34 35

0 23 46 7 -2 7 10 25

0 64 80 71 -9 3 5 34

0 4 54 99 -13 3 7 18

0 38 81 0 -3 17 41 2

0 26 47 65 -1 1 14 27

0 1 66 94 -15 9 19 31

0 60 81 87 -14 8 19 3

0 26 34 12 -13 5 11 32

0 51 72 27 -14 26 43 19

0 38 82 85 -8 18 34 17

0 12 75 42 -6 8 41 10

0 29 37 4 -18 12 16 49

0 7 40 67 -14 9 33 41

0 32 41 65 -9 5 14 44

0 34 60 37 -11 9 33 9

0 34 76 1 -11 7 35 23

0 22 98 89 -16 14 17 24

0 65 79 13 -2 2 30 47

0 16 50 5 -16 32 44 34

0 58 99 75 -19 27 33 22

0 18 57 14 -14 36 49 14

0 25 71 57 -8 0 1 48

0 67 87 39 -20 25 30 4

0 75 76 0 -8 0 35 31

0 8 52 25 -7 16 27 20

0 2 65 49 -17 18 34 30

0 26 55 96 -3 1 40 49

0 12 14 16 -18 3 18 4

0 0 63 35 -7 3 16 27

0 5 27 13 -8 10 29 26

0 18 47 80 -7 15 27 37

0 37 45 63 -9 11 32 28

0 9 21 39 -11 28 41 22

0 30 44 25 -15 35 45 34

0 20 37 9 -20 1 2 49

0 5 18 87 -11 33 40 46

0 0 86 51 -14 2 43 30

0 21 24 65 -20 12 13 48

0 0 59 19 -15 16 19 29

0 65 89 37 -12 45 48 9

0 6 18 51 -5 0 2 32

0 9 55 54 -20 2 17 7

0 2 5 6 -20 2 5 16

0 7 33 56 -18 18 45 47

0 23 70 99 -7 10 40 30

0 6 45 88 -5 18 20 43

0 8 13 15 -4 10 17 29

0 0 1 95 -8 0 1 11

0 15 63 14 -7 25 28 0

0 5 10 48 -8 6 23 10

0 31 38 68 -15 18 24 49

0 3 6 69 -12 6 44 3

0 6 9 57 -4 20 47 23

0 10 11 49 -17 19 22 32

0 14 22 25 -3 8 47 16

0 2 14 54 -6 10 11 42

0 28 88 30 -7 25 44 48

0 0 13 17 -17 15 27 44

0 3 4 6 -6 6 20 49

0 0 24 26 -2 24 41 27

0 10 27 26 -19 1 32 10

0 8 12 36 -10 6 32 0

0 3 61 81 -1 8 37 28

0 6 7 99 -1 6 14 43

0 0 20 8 -5 34 48 45

0 6 16 37 -15 1 43 9

0 1 7 29 -3 1 3 37

0 1 3 94 -11 4 39 13

0 2 29 0 -17 1 4 49


SAlphaB: 734.0, std-dev 272.21170153861027

Earliest win: 35
Latest win: 81

WinDepth:
0 0 0 0 0 0 0 0 0 0 0 0 0 0 0 0 0 0 0 0 0 0 0 0 0 0 0 0 0 0 0 0 0 0 0 1 0 13 0 6 1 14 2 11 11 19 8 48 18 77 50 200 46 107 84 156 112 220 131 175 187 212 261 347 285 383 414 366 393 413 470 444 404 381 370 392 286 300 196 141 88 73 
SAlphaB:
0 0 0 0 0 0 0 0 0 0 0 0 0 0 0 0 0 0 0 0 0 0 0 0 0 0 0 0 0 0 0 0 0 0 0 1 0 13 0 6 1 14 2 11 11 19 8 48 18 77 50 200 46 107 84 156 112 220 131 175 187 212 261 347 285 383 414 366 393 413 470 444 404 381 370 392 286 300 196 141 88 73 

LossDepth:
SAlphaB:
0 0 0 0 0 0 0 0 0 0 0 0 0 0 0 0 0 0 0 0 0 0 0 0 0 0 0 0 0 0 0 0 0 0 0 1 0 13 0 6 1 14 2 11 11 19 8 48 18 77 50 200 46 107 84 156 112 220 131 175 187 212 261 347 285 383 414 366 393 413 470 444 404 381 370 392 286 300 196 141 88 73 

FirstWin:
0 0 0 0 0 0 0 0 0 0 0 0 0 0 0 0 0 0 0 0 0 0 0 0 0 0 0 0 0 0 0 0 0 0 0 1 0 13 0 6 0 14 0 11 0 19 0 48 0 77 0 200 0 107 0 156 0 220 0 175 0 212 0 347 0 383 0 366 0 413 0 444 0 381 0 392 0 300 0 141 0 73 
SAlphaB:
0 0 0 0 0 0 0 0 0 0 0 0 0 0 0 0 0 0 0 0 0 0 0 0 0 0 0 0 0 0 0 0 0 0 0 1 0 13 0 6 0 14 0 11 0 19 0 48 0 77 0 200 0 107 0 156 0 220 0 175 0 212 0 347 0 383 0 366 0 413 0 444 0 381 0 392 0 300 0 141 0 73 

SecondWin:
0 0 0 0 0 0 0 0 0 0 0 0 0 0 0 0 0 0 0 0 0 0 0 0 0 0 0 0 0 0 0 0 0 0 0 0 0 0 0 0 1 0 2 0 11 0 8 0 18 0 50 0 46 0 84 0 112 0 131 0 187 0 261 0 285 0 414 0 393 0 470 0 404 0 370 0 286 0 196 0 88 0 
SAlphaB:
0 0 0 0 0 0 0 0 0 0 0 0 0 0 0 0 0 0 0 0 0 0 0 0 0 0 0 0 0 0 0 0 0 0 0 0 0 0 0 0 1 0 2 0 11 0 8 0 18 0 50 0 46 0 84 0 112 0 131 0 187 0 261 0 285 0 414 0 393 0 470 0 404 0 370 0 286 0 196 0 88 0 
