0 40 81 23 -11 1 12 3

0 42 91 51 -15 5 25 45

0 36 60 26 -10 0 2 20

0 52 57 71 -14 2 15 6

0 20 42 33 -18 2 5 16

0 21 95 64 -5 0 1 7

0 19 90 68 -5 20 43 2

0 56 86 34 -4 10 15 1

0 70 87 88 -15 0 1 31

0 19 36 13 -7 2 10 16

0 20 50 97 -4 30 38 25

0 92 96 88 -8 37 42 21

0 31 92 81 -4 1 17 22

0 16 37 29 -10 5 8 26

0 63 92 65 -18 5 7 17

0 16 18 90 -6 17 20 6

0 2 70 45 -4 11 39 3

0 48 52 24 -7 8 21 17

0 52 83 16 -11 1 4 8

0 58 73 4 -1 17 32 25

0 3 50 48 -7 10 24 21

0 75 90 18 -9 15 27 47

0 3 74 91 -9 20 33 36

0 59 95 56 -14 41 45 45

0 65 84 16 -14 1 12 29

0 9 89 52 -18 2 30 43

0 62 67 70 -15 9 47 22

0 58 83 42 -17 30 49 29

0 17 22 91 -1 7 18 21

0 52 94 70 -1 9 12 41

0 21 77 25 -1 7 24 35

0 14 34 91 -17 15 27 3

0 21 44 87 -7 34 40 30

0 39 48 41 -20 13 14 29

0 29 43 61 -11 10 14 1

0 24 44 59 -5 7 8 7

0 22 94 98 -6 13 17 42

0 46 76 71 -10 29 44 48

0 58 61 42 -7 2 6 35

0 43 77 29 -2 2 19 40

0 20 99 7 -6 3 29 48

0 22 42 3 -20 15 44 20

0 10 91 6 -6 10 43 47

0 82 88 50 -16 35 37 10

0 15 51 65 -19 0 6 43

0 26 33 55 -20 3 29 24

0 2 60 19 -14 24 43 23

0 26 65 44 -13 0 19 10

0 86 92 15 -19 36 38 43

0 70 81 98 -11 1 2 0

0 4 76 90 -8 15 28 28

0 6 14 12 -5 4 12 21

0 52 64 37 -1 27 28 30

0 63 86 53 -8 31 35 37

0 2 15 67 -6 3 19 12

0 23 25 66 -1 12 24 49

0 4 7 40 -7 3 4 20

0 27 52 6 -4 0 3 31

0 16 94 88 -3 18 40 45

0 19 49 10 -10 11 32 27

0 18 36 93 -17 17 38 45

0 2 64 23 -19 9 16 49

0 19 41 59 -3 1 3 44

0 1 36 69 -4 19 25 38

0 38 86 39 -8 31 46 34

0 25 28 65 -2 1 2 17

0 3 11 23 -15 3 13 14

0 34 71 19 -12 35 41 32

0 24 33 39 -11 21 26 24

0 2 12 85 -10 3 7 26

0 1 3 14 -9 2 17 30

0 29 62 34 -8 1 42 29

0 9 63 68 -13 3 46 20

0 3 80 4 -6 18 37 42

0 31 51 25 -6 20 39 22

0 3 4 1 -11 41 45 45

0 21 67 39 -19 5 28 49

0 6 8 5 -18 17 43 14

0 9 19 5 -7 19 32 29

0 11 85 7 -3 22 23 41

0 3 8 33 -4 23 25 8

0 7 14 89 -11 2 32 29

0 1 11 78 -1 14 15 32

0 57 59 43 -9 26 32 4

0 2 44 23 -15 2 37 14

0 12 47 8 -8 23 38 41

0 11 30 61 -15 6 44 28

0 25 35 26 -10 6 38 36

0 5 39 56 -2 3 16 36

0 3 4 91 -9 0 2 41

0 0 3 49 -19 11 21 26

0 24 35 99 -8 4 48 49

0 5 9 5 -14 10 14 40

0 12 14 73 -4 20 28 46

0 1 11 30 -13 31 36 8

0 3 4 6 -18 24 35 1

0 4 22 88 -8 10 49 48

0 2 9 74 -3 16 27 2

0 1 5 12 -6 11 14 1

0 6 10 0 -7 13 35 40


SAlphaB: 700.0, std-dev 256.8232118037856

Earliest win: 37
Latest win: 81

WinDepth:
0 0 0 0 0 0 0 0 0 0 0 0 0 0 0 0 0 0 0 0 0 0 0 0 0 0 0 0 0 0 0 0 0 0 0 0 0 3 0 0 1 7 3 17 1 11 17 33 21 68 83 234 68 115 88 148 120 175 168 167 203 218 243 374 347 371 399 373 445 382 461 417 475 398 393 338 285 234 190 125 85 81 
SAlphaB:
0 0 0 0 0 0 0 0 0 0 0 0 0 0 0 0 0 0 0 0 0 0 0 0 0 0 0 0 0 0 0 0 0 0 0 0 0 3 0 0 1 7 3 17 1 11 17 33 21 68 83 234 68 115 88 148 120 175 168 167 203 218 243 374 347 371 399 373 445 382 461 417 475 398 393 338 285 234 190 125 85 81 

LossDepth:
SAlphaB:
0 0 0 0 0 0 0 0 0 0 0 0 0 0 0 0 0 0 0 0 0 0 0 0 0 0 0 0 0 0 0 0 0 0 0 0 0 3 0 0 1 7 3 17 1 11 17 33 21 68 83 234 68 115 88 148 120 175 168 167 203 218 243 374 347 371 399 373 445 382 461 417 475 398 393 338 285 234 190 125 85 81 

FirstWin:
0 0 0 0 0 0 0 0 0 0 0 0 0 0 0 0 0 0 0 0 0 0 0 0 0 0 0 0 0 0 0 0 0 0 0 0 0 3 0 0 0 7 0 17 0 11 0 33 0 68 0 234 0 115 0 148 0 175 0 167 0 218 0 374 0 371 0 373 0 382 0 417 0 398 0 338 0 234 0 125 0 81 
SAlphaB:
0 0 0 0 0 0 0 0 0 0 0 0 0 0 0 0 0 0 0 0 0 0 0 0 0 0 0 0 0 0 0 0 0 0 0 0 0 3 0 0 0 7 0 17 0 11 0 33 0 68 0 234 0 115 0 148 0 175 0 167 0 218 0 374 0 371 0 373 0 382 0 417 0 398 0 338 0 234 0 125 0 81 

SecondWin:
0 0 0 0 0 0 0 0 0 0 0 0 0 0 0 0 0 0 0 0 0 0 0 0 0 0 0 0 0 0 0 0 0 0 0 0 0 0 0 0 1 0 3 0 1 0 17 0 21 0 83 0 68 0 88 0 120 0 168 0 203 0 243 0 347 0 399 0 445 0 461 0 475 0 393 0 285 0 190 0 85 0 
SAlphaB:
0 0 0 0 0 0 0 0 0 0 0 0 0 0 0 0 0 0 0 0 0 0 0 0 0 0 0 0 0 0 0 0 0 0 0 0 0 0 0 0 1 0 3 0 1 0 17 0 21 0 83 0 68 0 88 0 120 0 168 0 203 0 243 0 347 0 399 0 445 0 461 0 475 0 393 0 285 0 190 0 85 0 
