0 87 99 63 -18 17 40 10

0 24 43 47 -10 16 29 16

0 37 63 18 -2 2 5 15

0 22 99 15 -6 4 32 3

0 11 82 55 -14 12 18 24

0 43 70 26 -9 7 13 17

0 77 86 37 -1 6 15 23

0 26 47 66 -2 17 38 16

0 6 54 38 -13 17 20 15

0 25 67 10 -6 17 44 28

0 27 54 17 -14 7 15 14

0 43 68 57 -3 13 18 15

0 52 85 85 -20 20 37 2

0 25 27 82 -10 9 23 12

0 17 52 79 -11 38 40 22

0 31 33 88 -11 2 4 10

0 2 36 75 -2 31 44 15

0 20 77 90 -14 21 24 27

0 17 93 49 -10 10 11 3

0 21 81 92 -18 13 34 33

0 58 95 2 -12 6 19 36

0 14 93 85 -16 24 40 9

0 15 68 62 -10 10 27 19

0 13 75 32 -9 2 7 47

0 83 92 14 -18 9 11 47

0 36 42 19 -13 1 6 16

0 80 84 13 -12 27 39 41

0 13 89 38 -19 6 10 5

0 0 29 62 -4 0 1 13

0 48 66 52 -12 27 49 23

0 12 38 87 -12 8 11 12

0 66 72 31 -2 5 7 40

0 39 52 19 -8 15 42 10

0 14 66 38 -5 23 37 38

0 34 59 34 -10 10 13 39

0 4 50 95 -4 10 17 23

0 5 8 99 -11 2 6 14

0 12 15 78 -17 2 8 7

0 15 59 12 -8 22 36 45

0 40 62 28 -2 3 6 30

0 52 53 19 -10 17 35 4

0 31 94 96 -6 0 2 34

0 6 54 81 -13 27 29 47

0 46 60 81 -3 11 19 37

0 61 65 77 -11 16 18 47

0 18 28 24 -9 1 40 1

0 29 73 26 -13 8 13 5

0 11 40 19 -6 14 43 29

0 40 48 28 -5 26 48 49

0 66 91 91 -16 21 23 27

0 28 36 44 -17 2 3 46

0 35 51 84 -12 16 42 30

0 8 17 6 -15 24 31 30

0 6 30 70 -1 18 39 37

0 84 87 97 -6 4 13 29

0 5 47 71 -1 7 46 26

0 13 45 29 -17 4 10 29

0 12 38 57 -16 9 12 29

0 90 97 61 -11 11 15 10

0 23 56 67 -19 28 30 37

0 1 26 85 -16 34 47 37

0 3 22 19 -11 34 46 18

0 17 42 60 -10 0 1 41

0 14 42 71 -19 2 26 34

0 78 83 4 -11 25 38 7

0 22 76 23 -13 13 35 39

0 18 66 61 -7 22 24 39

0 10 13 78 -8 2 11 4

0 15 42 20 -4 14 31 45

0 64 65 27 -7 0 2 40

0 12 69 29 -20 1 11 3

0 2 15 55 -7 38 39 31

0 3 50 58 -8 0 42 39

0 36 46 9 -17 20 23 14

0 14 27 25 -3 31 41 32

0 0 80 61 -15 23 30 49

0 5 11 65 -17 9 43 26

0 15 40 10 -4 12 34 33

0 7 22 13 -19 22 27 43

0 7 20 55 -17 19 40 6

0 0 12 30 -14 2 28 12

0 47 57 55 -4 38 46 6

0 6 16 65 -3 33 49 30

0 9 32 81 -6 10 11 35

0 58 73 27 -20 21 35 3

0 5 10 66 -6 14 23 18

0 30 31 17 -3 17 24 46

0 13 82 0 -12 7 40 2

0 7 8 15 -15 29 47 6

0 5 14 79 -6 11 49 36

0 8 23 74 -13 16 40 46

0 14 27 37 -11 8 20 48

0 3 19 27 -14 14 36 45

0 1 3 79 -2 18 24 42

0 5 9 60 -3 12 42 19

0 0 1 19 -17 2 15 38

0 1 47 12 -4 4 19 39

0 8 9 11 -15 0 17 45

0 3 12 20 -7 12 17 46

0 13 15 74 -2 6 28 47


SAlphaB: 715.0, std-dev 270.55283591232603

Earliest win: 37
Latest win: 81

WinDepth:
0 0 0 0 0 0 0 0 0 0 0 0 0 0 0 0 0 0 0 0 0 0 0 0 0 0 0 0 0 0 0 0 0 0 0 0 0 4 0 3 15 8 0 11 13 15 20 31 30 64 46 300 46 152 61 151 99 157 109 165 131 223 208 351 285 395 413 367 461 422 446 550 464 407 395 418 274 219 191 132 102 61 
SAlphaB:
0 0 0 0 0 0 0 0 0 0 0 0 0 0 0 0 0 0 0 0 0 0 0 0 0 0 0 0 0 0 0 0 0 0 0 0 0 4 0 3 15 8 0 11 13 15 20 31 30 64 46 300 46 152 61 151 99 157 109 165 131 223 208 351 285 395 413 367 461 422 446 550 464 407 395 418 274 219 191 132 102 61 

LossDepth:
SAlphaB:
0 0 0 0 0 0 0 0 0 0 0 0 0 0 0 0 0 0 0 0 0 0 0 0 0 0 0 0 0 0 0 0 0 0 0 0 0 4 0 3 15 8 0 11 13 15 20 31 30 64 46 300 46 152 61 151 99 157 109 165 131 223 208 351 285 395 413 367 461 422 446 550 464 407 395 418 274 219 191 132 102 61 

FirstWin:
0 0 0 0 0 0 0 0 0 0 0 0 0 0 0 0 0 0 0 0 0 0 0 0 0 0 0 0 0 0 0 0 0 0 0 0 0 4 0 3 0 8 0 11 0 15 0 31 0 64 0 300 0 152 0 151 0 157 0 165 0 223 0 351 0 395 0 367 0 422 0 550 0 407 0 418 0 219 0 132 0 61 
SAlphaB:
0 0 0 0 0 0 0 0 0 0 0 0 0 0 0 0 0 0 0 0 0 0 0 0 0 0 0 0 0 0 0 0 0 0 0 0 0 4 0 3 0 8 0 11 0 15 0 31 0 64 0 300 0 152 0 151 0 157 0 165 0 223 0 351 0 395 0 367 0 422 0 550 0 407 0 418 0 219 0 132 0 61 

SecondWin:
0 0 0 0 0 0 0 0 0 0 0 0 0 0 0 0 0 0 0 0 0 0 0 0 0 0 0 0 0 0 0 0 0 0 0 0 0 0 0 0 15 0 0 0 13 0 20 0 30 0 46 0 46 0 61 0 99 0 109 0 131 0 208 0 285 0 413 0 461 0 446 0 464 0 395 0 274 0 191 0 102 0 
SAlphaB:
0 0 0 0 0 0 0 0 0 0 0 0 0 0 0 0 0 0 0 0 0 0 0 0 0 0 0 0 0 0 0 0 0 0 0 0 0 0 0 0 15 0 0 0 13 0 20 0 30 0 46 0 46 0 61 0 99 0 109 0 131 0 208 0 285 0 413 0 461 0 446 0 464 0 395 0 274 0 191 0 102 0 
