0 71 95 35 -20 9 34 35

0 25 95 12 -3 1 2 7

0 38 85 46 -7 1 3 6

0 79 90 66 -12 13 30 16

0 57 91 19 -15 2 23 23

0 48 67 3 -20 3 9 28

0 27 48 65 -2 4 13 5

0 40 77 26 -1 4 9 2

0 11 68 78 -4 1 4 9

0 59 65 87 -16 2 20 16

0 35 68 42 -4 8 16 12

0 85 96 62 -3 16 48 12

0 64 95 0 -12 11 26 6

0 64 99 73 -17 9 31 32

0 36 83 29 -16 1 15 1

0 8 22 7 -3 2 3 9

0 55 93 50 -17 13 20 8

0 36 84 32 -18 5 26 23

0 29 69 35 -19 2 4 20

0 23 97 10 -17 0 5 9

0 18 31 54 -7 0 1 11

0 63 99 58 -10 9 36 12

0 52 99 92 -2 13 20 14

0 66 72 51 -2 15 16 12

0 62 66 18 -4 5 31 2

0 9 41 58 -10 0 5 9

0 44 94 68 -16 4 34 29

0 66 74 99 -3 3 6 8

0 57 87 59 -15 2 26 41

0 49 65 71 -13 7 26 27

0 13 21 16 -12 0 2 12

0 14 56 57 -17 5 13 10

0 35 72 8 -12 6 8 11

0 37 55 55 -14 4 15 13

0 48 74 8 -15 6 9 26

0 61 74 76 -5 0 16 22

0 38 88 9 -6 11 17 47

0 12 76 43 -3 2 12 15

0 20 78 39 -9 0 1 15

0 88 91 5 -12 20 42 13

0 33 35 62 -12 0 12 8

0 35 96 83 -18 8 13 9

0 75 99 65 -20 6 41 2

0 55 93 79 -6 11 12 34

0 19 73 26 -12 5 17 5

0 38 80 53 -5 4 11 17

0 71 91 79 -19 4 37 41

0 19 98 56 -14 4 9 24

0 36 72 65 -14 2 21 31

0 33 47 55 -1 7 19 37

0 37 61 88 -9 6 13 17

0 45 57 82 -2 1 21 26

0 62 89 80 -13 14 34 49

0 54 84 16 -20 12 19 4

0 76 96 96 -11 5 14 26

0 56 72 42 -2 10 21 20

0 35 75 95 -2 9 28 34

0 38 61 32 -16 3 16 12

0 46 75 81 -19 5 10 15

0 76 99 51 -12 4 22 4

0 67 86 76 -6 1 4 34

0 32 79 84 -1 10 14 15

0 45 67 84 -8 1 13 38

0 47 89 98 -10 4 42 22

0 65 70 71 -18 15 25 9

0 11 92 53 -15 2 3 12

0 32 88 12 -20 5 17 24

0 44 91 61 -3 0 40 18

0 70 95 71 -2 9 20 7

0 85 90 74 -5 20 31 43

0 36 76 54 -7 0 1 11

0 11 52 28 -7 6 17 7

0 51 87 36 -14 3 5 35

0 30 60 33 -10 8 30 28

0 21 27 93 -14 2 11 10

0 48 56 51 -16 3 7 18

0 31 59 56 -17 6 7 2

0 75 98 65 -1 7 16 15

0 26 60 5 -20 5 12 17

0 11 76 25 -8 6 17 12

0 14 52 86 -9 0 1 22

0 23 53 20 -3 13 36 27

0 42 70 70 -12 1 4 15

0 43 88 87 -12 0 22 30

0 27 68 81 -18 5 12 28

0 49 63 7 -11 0 5 24

0 15 94 73 -14 6 11 3

0 5 87 19 -20 20 40 0

0 39 92 96 -17 10 31 24

0 11 36 17 -3 8 16 3

0 6 73 33 -19 21 23 23

0 48 54 57 -18 12 18 17

0 29 87 0 -2 9 19 20

0 0 82 54 -3 18 40 2

0 6 89 64 -4 33 47 15

0 24 53 44 -10 1 4 26

0 29 73 84 -8 11 24 4

0 17 63 81 -1 7 26 25

0 14 38 97 -16 18 22 13

0 7 61 98 -3 22 47 6


SAlphaB: 782.0, std-dev 288.24343650266985

Earliest win: 35
Latest win: 81

WinDepth:
0 0 0 0 0 0 0 0 0 0 0 0 0 0 0 0 0 0 0 0 0 0 0 0 0 0 0 0 0 0 0 0 0 0 0 1 1 12 3 17 6 33 19 42 23 54 49 130 45 183 187 382 158 298 207 522 329 547 378 551 508 640 659 791 782 970 824 986 1005 1029 932 967 895 896 872 779 538 493 451 269 191 160 
SAlphaB:
0 0 0 0 0 0 0 0 0 0 0 0 0 0 0 0 0 0 0 0 0 0 0 0 0 0 0 0 0 0 0 0 0 0 0 1 1 12 3 17 6 33 19 42 23 54 49 130 45 183 187 382 158 298 207 522 329 547 378 551 508 640 659 791 782 970 824 986 1005 1029 932 967 895 896 872 779 538 493 451 269 191 160 

LossDepth:
SAlphaB:
0 0 0 0 0 0 0 0 0 0 0 0 0 0 0 0 0 0 0 0 0 0 0 0 0 0 0 0 0 0 0 0 0 0 0 0 0 7 3 12 0 25 10 33 12 49 41 68 31 103 138 161 92 191 114 289 217 353 226 341 286 420 428 587 517 691 597 749 740 812 728 745 700 747 631 716 444 472 325 252 226 190 

FirstWin:
0 0 0 0 0 0 0 0 0 0 0 0 0 0 0 0 0 0 0 0 0 0 0 0 0 0 0 0 0 0 0 0 0 0 0 1 0 12 0 17 0 33 0 42 0 54 0 130 0 183 0 382 0 298 0 522 0 547 0 551 0 640 0 791 0 970 0 986 0 1029 0 967 0 896 0 779 0 493 0 269 0 160 
SAlphaB:
0 0 0 0 0 0 0 0 0 0 0 0 0 0 0 0 0 0 0 0 0 0 0 0 0 0 0 0 0 0 0 0 0 0 0 1 0 12 0 17 0 33 0 42 0 54 0 130 0 183 0 382 0 298 0 522 0 547 0 551 0 640 0 791 0 970 0 986 0 1029 0 967 0 896 0 779 0 493 0 269 0 160 

SecondWin:
0 0 0 0 0 0 0 0 0 0 0 0 0 0 0 0 0 0 0 0 0 0 0 0 0 0 0 0 0 0 0 0 0 0 0 0 1 0 3 0 6 0 19 0 23 0 49 0 45 0 187 0 158 0 207 0 329 0 378 0 508 0 659 0 782 0 824 0 1005 0 932 0 895 0 872 0 538 0 451 0 191 0 
SAlphaB:
0 0 0 0 0 0 0 0 0 0 0 0 0 0 0 0 0 0 0 0 0 0 0 0 0 0 0 0 0 0 0 0 0 0 0 0 1 0 3 0 6 0 19 0 23 0 49 0 45 0 187 0 158 0 207 0 329 0 378 0 508 0 659 0 782 0 824 0 1005 0 932 0 895 0 872 0 538 0 451 0 191 0 
