0 20 78 39 -9 0 1 15

0 9 41 58 -10 0 5 9

0 46 75 81 -19 5 10 15

0 88 91 5 -12 20 42 13

0 19 98 56 -14 4 9 24

0 12 76 43 -3 2 12 15

0 51 87 36 -14 3 5 35

0 38 61 32 -16 3 16 12

0 85 90 74 -5 20 31 43

0 48 56 51 -16 3 7 18

0 0 74 39 -14 9 17 3

0 68 76 20 -4 14 43 13

0 36 90 96 -18 4 25 13

0 85 99 70 -8 6 17 17

0 34 89 57 -5 6 14 38

0 89 91 72 -3 7 18 39

0 41 59 81 -1 0 6 12

0 78 79 92 -13 2 8 25

0 51 79 75 -11 14 37 25

0 9 93 74 -2 20 38 1

0 60 89 33 -1 1 44 16

0 51 61 96 -14 3 42 18

0 52 65 66 -2 10 15 32

0 82 95 23 -3 0 13 0

0 10 67 99 -10 24 48 36

0 75 91 21 -8 13 19 41

0 30 90 66 -7 4 35 27

0 46 77 88 -8 30 32 48

0 32 73 68 -1 0 1 41

0 7 8 2 -7 8 9 1

0 61 65 28 -10 7 12 8

0 14 39 38 -1 28 34 1

0 4 43 40 -17 0 7 2

0 74 85 66 -8 24 29 7

0 68 93 78 -15 21 40 45

0 40 82 75 -10 17 42 39

0 4 95 12 -4 0 4 16

0 5 98 72 -19 4 10 31

0 11 89 84 -3 2 15 29

0 7 60 96 -18 1 2 24

0 49 64 60 -20 14 46 45

0 8 72 21 -9 3 18 33

0 2 91 20 -7 5 44 34

0 2 15 16 -12 4 16 22

0 7 20 38 -20 27 34 37

0 19 78 14 -9 5 42 33

0 43 48 83 -20 24 41 38

0 37 77 56 -16 21 47 2

0 25 62 31 -2 0 17 44

0 17 39 78 -18 19 22 20

0 21 43 68 -3 0 1 23

0 61 70 2 -13 0 41 13

0 0 54 53 -12 7 13 35

0 39 66 52 -9 12 14 32

0 29 62 20 -3 5 41 33

0 10 31 99 -17 17 37 46

0 9 18 63 -8 27 47 14

0 30 75 16 -13 25 32 33

0 7 47 14 -1 4 16 31

0 27 28 71 -13 21 37 4

0 0 11 58 -14 0 1 42

0 26 41 15 -11 26 36 29

0 34 41 87 -7 12 23 9

0 0 81 57 -6 17 31 39

0 27 68 3 -9 7 43 36

0 22 31 97 -2 11 41 4

0 4 57 15 -13 26 48 3

0 38 59 23 -2 28 40 22

0 4 57 42 -13 9 28 34

0 6 9 20 -14 2 7 10

0 10 36 63 -5 30 41 33

0 0 3 17 -15 0 1 45

0 34 77 33 -15 24 29 27

0 11 32 2 -16 30 36 38

0 5 15 89 -18 18 20 21

0 49 86 31 -10 37 47 48

0 7 10 50 -9 24 29 32

0 13 36 11 -14 35 47 47

0 10 21 54 -4 32 34 24

0 16 24 92 -8 16 18 27

0 4 59 9 -4 22 30 0

0 14 26 55 -19 7 23 12

0 9 12 86 -19 7 36 41

0 4 11 17 -2 1 8 14

0 0 1 45 -16 0 1 2

0 7 19 12 -19 6 33 45

0 2 27 18 -9 3 6 38

0 3 14 59 -15 2 40 4

0 5 24 39 -1 3 23 20

0 13 14 7 -2 30 32 39

0 2 12 50 -11 7 17 39

0 4 9 19 -20 27 40 12

0 3 7 73 -1 6 47 10

0 2 8 40 -2 7 10 1

0 0 14 40 -4 35 39 18

0 3 8 7 -11 19 28 29

0 5 6 66 -6 3 39 34

0 1 2 35 -10 9 23 42

0 0 17 46 -11 2 20 41

0 2 3 33 -5 20 48 49


SAlphaB: 770.0, std-dev 287.7051324400092

Earliest win: 35
Latest win: 81

WinDepth:
0 0 0 0 0 0 0 0 0 0 0 0 0 0 0 0 0 0 0 0 0 0 0 0 0 0 0 0 0 0 0 0 0 0 0 1 0 3 2 8 3 8 3 16 8 14 12 29 49 112 63 162 79 94 90 131 89 220 129 178 163 204 227 316 320 376 369 395 407 425 441 499 435 371 416 352 270 260 168 142 75 95 
SAlphaB:
0 0 0 0 0 0 0 0 0 0 0 0 0 0 0 0 0 0 0 0 0 0 0 0 0 0 0 0 0 0 0 0 0 0 0 1 0 3 2 8 3 8 3 16 8 14 12 29 49 112 63 162 79 94 90 131 89 220 129 178 163 204 227 316 320 376 369 395 407 425 441 499 435 371 416 352 270 260 168 142 75 95 

LossDepth:
SAlphaB:
0 0 0 0 0 0 0 0 0 0 0 0 0 0 0 0 0 0 0 0 0 0 0 0 0 0 0 0 0 0 0 0 0 0 0 1 0 3 2 8 3 8 3 16 8 14 12 29 49 112 63 162 79 94 90 131 89 220 129 178 163 204 227 316 320 376 369 395 407 425 441 499 435 371 416 352 270 260 168 142 75 95 

FirstWin:
0 0 0 0 0 0 0 0 0 0 0 0 0 0 0 0 0 0 0 0 0 0 0 0 0 0 0 0 0 0 0 0 0 0 0 1 0 3 0 8 0 8 0 16 0 14 0 29 0 112 0 162 0 94 0 131 0 220 0 178 0 204 0 316 0 376 0 395 0 425 0 499 0 371 0 352 0 260 0 142 0 95 
SAlphaB:
0 0 0 0 0 0 0 0 0 0 0 0 0 0 0 0 0 0 0 0 0 0 0 0 0 0 0 0 0 0 0 0 0 0 0 1 0 3 0 8 0 8 0 16 0 14 0 29 0 112 0 162 0 94 0 131 0 220 0 178 0 204 0 316 0 376 0 395 0 425 0 499 0 371 0 352 0 260 0 142 0 95 

SecondWin:
0 0 0 0 0 0 0 0 0 0 0 0 0 0 0 0 0 0 0 0 0 0 0 0 0 0 0 0 0 0 0 0 0 0 0 0 0 0 2 0 3 0 3 0 8 0 12 0 49 0 63 0 79 0 90 0 89 0 129 0 163 0 227 0 320 0 369 0 407 0 441 0 435 0 416 0 270 0 168 0 75 0 
SAlphaB:
0 0 0 0 0 0 0 0 0 0 0 0 0 0 0 0 0 0 0 0 0 0 0 0 0 0 0 0 0 0 0 0 0 0 0 0 0 0 2 0 3 0 3 0 8 0 12 0 49 0 63 0 79 0 90 0 89 0 129 0 163 0 227 0 320 0 369 0 407 0 441 0 435 0 416 0 270 0 168 0 75 0 
