0 63 99 58 -10 9 36 12

0 79 90 66 -12 13 30 16

0 11 76 25 -8 6 17 12

0 30 60 33 -10 8 30 28

0 5 87 19 -20 20 40 0

0 35 72 8 -12 6 8 11

0 85 96 62 -3 16 48 12

0 14 56 57 -17 5 13 10

0 15 94 73 -14 6 11 3

0 33 35 62 -12 0 12 8

0 28 78 1 -1 1 11 6

0 17 93 49 -1 6 7 22

0 78 89 97 -1 22 28 21

0 6 86 66 -3 15 42 12

0 21 92 59 -14 14 19 23

0 29 64 45 -1 8 48 5

0 66 87 34 -7 8 15 33

0 17 22 39 -19 10 12 12

0 16 39 41 -13 23 27 4

0 31 76 22 -7 28 29 30

0 4 34 67 -1 24 31 2

0 32 52 32 -15 5 17 42

0 16 45 54 -14 1 7 42

0 54 65 25 -15 2 10 47

0 12 98 58 -19 0 15 48

0 2 25 52 -20 3 6 25

0 15 23 59 -1 18 25 0

0 83 89 27 -17 0 1 11

0 12 76 59 -5 28 42 36

0 39 65 70 -7 28 38 27

0 19 33 83 -6 5 17 31

0 23 98 11 -17 19 32 20

0 34 74 53 -16 31 34 42

0 17 20 30 -8 6 8 17

0 65 68 69 -6 0 34 25

0 10 23 57 -16 2 11 11

0 19 68 93 -5 7 10 32

0 17 85 91 -5 33 47 36

0 18 25 77 -10 7 10 22

0 26 90 22 -16 15 48 37

0 1 57 35 -20 14 18 36

0 31 58 76 -12 10 44 5

0 3 4 80 -6 1 2 7

0 70 82 92 -20 22 34 41

0 2 32 35 -7 0 9 16

0 0 35 63 -10 15 36 13

0 6 95 73 -14 15 17 6

0 45 49 60 -3 28 43 23

0 79 96 88 -14 5 12 44

0 10 51 1 -10 33 42 45

0 2 83 33 -10 20 32 35

0 17 55 25 -1 0 1 25

0 56 68 2 -7 4 47 37

0 9 21 45 -4 24 43 9

0 6 79 54 -19 1 39 29

0 2 35 65 -13 7 8 28

0 8 10 20 -7 7 39 23

0 54 74 54 -4 6 9 48

0 28 79 26 -9 30 39 30

0 27 33 59 -16 12 19 39

0 34 46 48 -10 38 49 21

0 6 15 91 -15 1 26 30

0 38 42 83 -5 15 42 20

0 95 97 18 -16 24 31 40

0 61 70 2 -18 27 48 28

0 57 69 27 -19 0 7 29

0 43 49 53 -7 37 47 40

0 3 53 63 -11 0 2 27

0 2 13 90 -20 4 5 28

0 0 7 98 -13 3 45 9

0 22 31 9 -11 9 31 42

0 20 23 90 -12 27 41 2

0 36 38 34 -8 8 14 37

0 9 44 32 -20 1 7 47

0 12 13 53 -3 16 40 41

0 78 83 46 -3 35 47 33

0 13 15 58 -20 10 39 13

0 0 1 73 -18 4 28 4

0 3 91 87 -17 5 14 48

0 0 3 93 -15 26 45 20

0 2 7 61 -12 10 22 19

0 3 4 60 -10 3 49 37

0 7 14 91 -19 33 45 42

0 2 32 7 -2 10 11 40

0 21 26 2 -11 13 15 0

0 1 5 84 -10 4 15 31

0 0 4 19 -13 9 21 47

0 0 18 38 -3 3 37 11

0 15 22 11 -6 8 40 48

0 0 8 2 -3 19 36 8

0 8 11 86 -12 0 28 24

0 14 18 41 -4 37 49 20

0 0 11 94 -12 5 32 47

0 6 7 13 -14 0 41 46

0 10 23 25 -8 0 37 1

0 13 21 15 -7 19 26 36

0 0 3 61 -5 9 10 49

0 0 1 13 -2 8 20 39

0 0 7 14 -3 7 11 45

0 0 7 21 -12 22 23 43


SAlphaB: 758.0, std-dev 285.37252704477214

Earliest win: 39
Latest win: 81

WinDepth:
0 0 0 0 0 0 0 0 0 0 0 0 0 0 0 0 0 0 0 0 0 0 0 0 0 0 0 0 0 0 0 0 0 0 0 0 0 0 0 1 0 4 4 15 3 25 7 25 10 103 84 239 44 100 78 202 109 172 178 202 182 255 246 296 315 352 367 373 514 419 485 501 386 378 393 395 248 256 189 140 98 75 
SAlphaB:
0 0 0 0 0 0 0 0 0 0 0 0 0 0 0 0 0 0 0 0 0 0 0 0 0 0 0 0 0 0 0 0 0 0 0 0 0 0 0 1 0 4 4 15 3 25 7 25 10 103 84 239 44 100 78 202 109 172 178 202 182 255 246 296 315 352 367 373 514 419 485 501 386 378 393 395 248 256 189 140 98 75 

LossDepth:
SAlphaB:
0 0 0 0 0 0 0 0 0 0 0 0 0 0 0 0 0 0 0 0 0 0 0 0 0 0 0 0 0 0 0 0 0 0 0 0 0 0 0 1 0 4 4 15 3 25 7 25 10 103 84 239 44 100 78 202 109 172 178 202 182 255 246 296 315 352 367 373 514 419 485 501 386 378 393 395 248 256 189 140 98 75 

FirstWin:
0 0 0 0 0 0 0 0 0 0 0 0 0 0 0 0 0 0 0 0 0 0 0 0 0 0 0 0 0 0 0 0 0 0 0 0 0 0 0 1 0 4 0 15 0 25 0 25 0 103 0 239 0 100 0 202 0 172 0 202 0 255 0 296 0 352 0 373 0 419 0 501 0 378 0 395 0 256 0 140 0 75 
SAlphaB:
0 0 0 0 0 0 0 0 0 0 0 0 0 0 0 0 0 0 0 0 0 0 0 0 0 0 0 0 0 0 0 0 0 0 0 0 0 0 0 1 0 4 0 15 0 25 0 25 0 103 0 239 0 100 0 202 0 172 0 202 0 255 0 296 0 352 0 373 0 419 0 501 0 378 0 395 0 256 0 140 0 75 

SecondWin:
0 0 0 0 0 0 0 0 0 0 0 0 0 0 0 0 0 0 0 0 0 0 0 0 0 0 0 0 0 0 0 0 0 0 0 0 0 0 0 0 0 0 4 0 3 0 7 0 10 0 84 0 44 0 78 0 109 0 178 0 182 0 246 0 315 0 367 0 514 0 485 0 386 0 393 0 248 0 189 0 98 0 
SAlphaB:
0 0 0 0 0 0 0 0 0 0 0 0 0 0 0 0 0 0 0 0 0 0 0 0 0 0 0 0 0 0 0 0 0 0 0 0 0 0 0 0 0 0 4 0 3 0 7 0 10 0 84 0 44 0 78 0 109 0 178 0 182 0 246 0 315 0 367 0 514 0 485 0 386 0 393 0 248 0 189 0 98 0 
