0 39 92 96 -17 10 31 24

0 71 91 79 -19 4 37 41

0 14 52 86 -9 0 1 22

0 29 73 84 -8 11 24 4

0 55 93 79 -6 11 12 34

0 26 60 5 -20 5 12 17

0 17 63 81 -1 7 26 25

0 0 82 54 -3 18 40 2

0 48 67 3 -20 3 9 28

0 38 88 9 -6 11 17 47

0 48 94 22 -6 2 9 29

0 42 88 25 -13 15 48 35

0 29 71 54 -11 8 27 3

0 37 55 72 -5 0 35 14

0 81 92 53 -18 19 20 12

0 60 88 65 -19 0 12 47

0 62 65 33 -11 1 3 0

0 43 64 24 -7 6 9 2

0 11 25 35 -17 1 2 26

0 53 73 70 -14 3 30 30

0 33 38 18 -5 12 21 9

0 60 81 13 -16 19 35 33

0 31 66 13 -10 22 44 7

0 21 59 53 -2 7 12 32

0 41 97 13 -12 14 20 17

0 43 44 86 -13 5 17 49

0 60 84 74 -10 28 32 6

0 23 80 36 -11 8 15 4

0 33 75 20 -19 8 20 8

0 4 46 28 -6 18 21 7

0 38 61 16 -15 16 36 3

0 38 78 68 -14 9 45 25

0 14 65 79 -1 12 35 15

0 56 95 91 -8 7 49 2

0 45 99 97 -4 36 47 7

0 16 78 70 -6 32 34 38

0 88 97 32 -1 29 39 17

0 7 52 24 -13 1 2 9

0 24 34 65 -12 0 9 38

0 18 24 65 -7 2 13 8

0 45 71 98 -20 16 24 35

0 30 83 26 -15 8 12 7

0 65 88 53 -12 7 9 37

0 51 52 23 -5 14 36 35

0 0 37 54 -18 0 1 19

0 1 63 48 -2 9 11 8

0 89 96 2 -5 7 9 43

0 41 72 28 -4 1 5 26

0 21 54 47 -10 27 28 17

0 16 75 42 -19 21 22 6

0 38 90 57 -17 32 42 15

0 19 69 0 -6 5 15 43

0 24 70 59 -5 0 2 48

0 34 67 19 -4 22 31 42

0 20 36 53 -15 41 46 42

0 15 50 17 -9 34 48 26

0 8 60 7 -9 28 40 28

0 67 93 56 -19 33 49 18

0 69 95 69 -6 4 8 48

0 25 36 89 -20 29 44 23

0 18 44 98 -5 14 23 27

0 15 82 9 -8 15 16 27

0 8 37 53 -20 1 26 8

0 55 78 50 -10 37 40 43

0 15 23 99 -16 23 42 33

0 64 75 41 -14 32 44 8

0 7 20 9 -3 28 48 36

0 30 40 53 -12 26 41 5

0 14 86 29 -2 26 35 2

0 17 86 33 -14 12 14 13

0 50 54 82 -15 23 25 44

0 2 43 45 -14 22 31 43

0 9 57 25 -19 29 40 43

0 6 20 81 -16 27 38 23

0 7 19 84 -9 30 37 15

0 8 43 50 -17 1 5 27

0 12 14 58 -4 0 14 28

0 6 9 11 -17 5 13 5

0 12 13 73 -8 18 21 13

0 5 33 52 -13 42 49 26

0 25 90 4 -5 30 37 18

0 5 30 33 -19 12 17 36

0 13 14 51 -4 1 32 5

0 31 40 75 -19 17 20 49

0 7 9 85 -10 9 17 26

0 5 59 79 -12 33 49 41

0 0 33 95 -11 2 15 27

0 3 6 9 -14 30 34 43

0 15 41 0 -2 34 49 5

0 6 17 19 -10 0 5 32

0 0 8 21 -11 2 4 19

0 0 1 78 -17 19 24 5

0 0 1 29 -6 10 15 14

0 12 55 24 -3 3 14 45

0 0 22 54 -3 5 7 31

0 4 5 57 -3 26 27 43

0 14 18 91 -16 3 24 38

0 21 37 22 -19 1 35 46

0 6 28 10 -15 19 29 47

0 1 6 68 -2 0 1 24


SAlphaB: 721.0, std-dev 298.630191225052

Earliest win: 36
Latest win: 81

WinDepth:
0 0 0 0 0 0 0 0 0 0 0 0 0 0 0 0 0 0 0 0 0 0 0 0 0 0 0 0 0 0 0 0 0 0 0 0 2 3 0 1 0 1 1 44 11 23 14 38 36 87 99 177 90 120 81 190 87 181 137 166 149 256 212 295 345 343 383 400 490 417 429 509 387 397 391 379 268 231 176 128 106 75 
SAlphaB:
0 0 0 0 0 0 0 0 0 0 0 0 0 0 0 0 0 0 0 0 0 0 0 0 0 0 0 0 0 0 0 0 0 0 0 0 2 3 0 1 0 1 1 44 11 23 14 38 36 87 99 177 90 120 81 190 87 181 137 166 149 256 212 295 345 343 383 400 490 417 429 509 387 397 391 379 268 231 176 128 106 75 

LossDepth:
SAlphaB:
0 0 0 0 0 0 0 0 0 0 0 0 0 0 0 0 0 0 0 0 0 0 0 0 0 0 0 0 0 0 0 0 0 0 0 0 2 3 0 1 0 1 1 44 11 23 14 38 36 87 99 177 90 120 81 190 87 181 137 166 149 256 212 295 345 343 383 400 490 417 429 509 387 397 391 379 268 231 176 128 106 75 

FirstWin:
0 0 0 0 0 0 0 0 0 0 0 0 0 0 0 0 0 0 0 0 0 0 0 0 0 0 0 0 0 0 0 0 0 0 0 0 0 3 0 1 0 1 0 44 0 23 0 38 0 87 0 177 0 120 0 190 0 181 0 166 0 256 0 295 0 343 0 400 0 417 0 509 0 397 0 379 0 231 0 128 0 75 
SAlphaB:
0 0 0 0 0 0 0 0 0 0 0 0 0 0 0 0 0 0 0 0 0 0 0 0 0 0 0 0 0 0 0 0 0 0 0 0 0 3 0 1 0 1 0 44 0 23 0 38 0 87 0 177 0 120 0 190 0 181 0 166 0 256 0 295 0 343 0 400 0 417 0 509 0 397 0 379 0 231 0 128 0 75 

SecondWin:
0 0 0 0 0 0 0 0 0 0 0 0 0 0 0 0 0 0 0 0 0 0 0 0 0 0 0 0 0 0 0 0 0 0 0 0 2 0 0 0 0 0 1 0 11 0 14 0 36 0 99 0 90 0 81 0 87 0 137 0 149 0 212 0 345 0 383 0 490 0 429 0 387 0 391 0 268 0 176 0 106 0 
SAlphaB:
0 0 0 0 0 0 0 0 0 0 0 0 0 0 0 0 0 0 0 0 0 0 0 0 0 0 0 0 0 0 0 0 0 0 0 0 2 0 0 0 0 0 1 0 11 0 14 0 36 0 99 0 90 0 81 0 87 0 137 0 149 0 212 0 345 0 383 0 490 0 429 0 387 0 391 0 268 0 176 0 106 0 
