0 44 91 61 -3 0 40 18

0 59 65 87 -16 2 20 16

0 29 69 35 -19 2 4 20

0 66 72 51 -2 15 16 12

0 6 73 33 -19 21 23 23

0 52 99 92 -2 13 20 14

0 33 47 55 -1 7 19 37

0 23 53 20 -3 13 36 27

0 8 22 7 -3 2 3 9

0 56 72 42 -2 10 21 20

0 29 50 38 -2 5 14 17

0 37 48 17 -13 2 3 21

0 20 29 63 -15 2 7 27

0 30 67 55 -17 13 17 23

0 43 76 31 -3 4 16 24

0 19 90 86 -11 0 1 44

0 23 68 64 -1 8 20 47

0 37 63 44 -14 2 3 0

0 11 38 83 -12 11 21 18

0 33 61 32 -2 1 6 10

0 47 63 71 -12 18 44 30

0 19 46 42 -8 9 11 1

0 18 78 44 -13 3 15 11

0 3 84 96 -4 31 46 38

0 65 73 12 -7 11 14 27

0 45 67 79 -16 0 13 47

0 28 54 41 -15 0 5 45

0 65 74 99 -4 20 29 45

0 43 48 28 -14 2 10 39

0 42 47 90 -7 7 14 28

0 24 85 73 -13 24 40 11

0 49 55 45 -9 4 27 25

0 16 61 11 -7 0 7 41

0 9 10 25 -8 0 8 13

0 20 55 86 -17 0 19 48

0 35 38 71 -16 21 22 15

0 11 29 39 -4 18 19 8

0 8 24 67 -6 44 45 12

0 36 47 61 -12 3 45 19

0 36 38 4 -13 12 26 47

0 43 80 35 -3 23 46 36

0 18 76 2 -8 10 15 34

0 5 43 93 -13 18 19 43

0 14 18 61 -6 1 4 21

0 57 71 63 -11 39 48 36

0 38 65 75 -11 18 20 19

0 1 23 77 -14 5 17 36

0 30 95 62 -2 26 35 49

0 14 82 65 -17 13 45 46

0 0 95 38 -17 9 21 32

0 15 41 23 -6 41 47 23

0 22 68 14 -9 19 26 31

0 15 24 21 -4 29 45 14

0 6 9 26 -12 19 22 21

0 7 35 73 -12 8 9 0

0 49 52 30 -12 14 21 24

0 61 96 54 -17 15 46 37

0 29 86 94 -7 5 41 26

0 4 43 86 -10 0 2 14

0 2 24 89 -4 15 21 38

0 7 58 2 -2 25 42 24

0 14 51 55 -15 37 46 17

0 16 36 96 -20 17 24 47

0 4 7 82 -6 1 16 6

0 5 15 16 -12 7 23 40

0 13 31 9 -2 33 41 35

0 15 44 71 -3 3 15 42

0 4 6 41 -12 5 10 23

0 19 20 87 -1 10 26 2

0 27 62 15 -7 39 40 0

0 0 42 70 -13 48 49 28

0 16 21 63 -5 3 30 3

0 23 51 2 -1 0 1 44

0 1 6 89 -12 0 12 15

0 24 68 38 -14 31 42 49

0 30 41 1 -5 23 46 32

0 14 74 62 -11 0 42 32

0 9 11 31 -2 12 20 17

0 2 22 36 -15 7 26 33

0 1 3 91 -12 11 14 21

0 7 15 6 -9 13 22 13

0 7 54 13 -19 2 10 37

0 14 16 88 -20 29 32 12

0 6 8 89 -18 9 35 14

0 4 96 45 -20 16 20 1

0 3 17 7 -18 4 5 3

0 0 17 83 -19 32 34 10

0 7 34 87 -1 40 43 26

0 2 44 68 -19 1 4 42

0 17 39 27 -12 1 46 7

0 0 5 39 -17 34 43 44

0 5 7 94 -16 8 16 7

0 1 8 88 -1 1 17 14

0 2 14 74 -10 25 26 3

0 4 14 78 -5 6 15 44

0 4 5 15 -9 7 33 40

0 0 10 23 -3 15 22 22

0 0 1 76 -14 2 37 22

0 1 22 23 -1 10 14 37

0 2 4 27 -14 41 48 2


SAlphaB: 731.0, std-dev 278.16523911611466

Earliest win: 37
Latest win: 81

WinDepth:
0 0 0 0 0 0 0 0 0 0 0 0 0 0 0 0 0 0 0 0 0 0 0 0 0 0 0 0 0 0 0 0 0 0 0 0 0 3 0 0 0 5 0 0 21 32 10 35 29 100 76 161 215 130 90 177 129 178 123 161 163 220 237 342 310 306 368 348 476 393 437 410 426 413 370 363 295 263 190 124 102 60 
SAlphaB:
0 0 0 0 0 0 0 0 0 0 0 0 0 0 0 0 0 0 0 0 0 0 0 0 0 0 0 0 0 0 0 0 0 0 0 0 0 3 0 0 0 5 0 0 21 32 10 35 29 100 76 161 215 130 90 177 129 178 123 161 163 220 237 342 310 306 368 348 476 393 437 410 426 413 370 363 295 263 190 124 102 60 

LossDepth:
SAlphaB:
0 0 0 0 0 0 0 0 0 0 0 0 0 0 0 0 0 0 0 0 0 0 0 0 0 0 0 0 0 0 0 0 0 0 0 0 0 3 0 0 0 5 0 0 21 32 10 35 29 100 76 161 215 130 90 177 129 178 123 161 163 220 237 342 310 306 368 348 476 393 437 410 426 413 370 363 295 263 190 124 102 60 

FirstWin:
0 0 0 0 0 0 0 0 0 0 0 0 0 0 0 0 0 0 0 0 0 0 0 0 0 0 0 0 0 0 0 0 0 0 0 0 0 3 0 0 0 5 0 0 0 32 0 35 0 100 0 161 0 130 0 177 0 178 0 161 0 220 0 342 0 306 0 348 0 393 0 410 0 413 0 363 0 263 0 124 0 60 
SAlphaB:
0 0 0 0 0 0 0 0 0 0 0 0 0 0 0 0 0 0 0 0 0 0 0 0 0 0 0 0 0 0 0 0 0 0 0 0 0 3 0 0 0 5 0 0 0 32 0 35 0 100 0 161 0 130 0 177 0 178 0 161 0 220 0 342 0 306 0 348 0 393 0 410 0 413 0 363 0 263 0 124 0 60 

SecondWin:
0 0 0 0 0 0 0 0 0 0 0 0 0 0 0 0 0 0 0 0 0 0 0 0 0 0 0 0 0 0 0 0 0 0 0 0 0 0 0 0 0 0 0 0 21 0 10 0 29 0 76 0 215 0 90 0 129 0 123 0 163 0 237 0 310 0 368 0 476 0 437 0 426 0 370 0 295 0 190 0 102 0 
SAlphaB:
0 0 0 0 0 0 0 0 0 0 0 0 0 0 0 0 0 0 0 0 0 0 0 0 0 0 0 0 0 0 0 0 0 0 0 0 0 0 0 0 0 0 0 0 21 0 10 0 29 0 76 0 215 0 90 0 129 0 123 0 163 0 237 0 310 0 368 0 476 0 437 0 426 0 370 0 295 0 190 0 102 0 
