0 36 83 29 -16 1 15 1

0 61 74 76 -5 0 16 22

0 57 91 19 -15 2 23 23

0 75 99 65 -20 6 41 2

0 6 89 64 -4 33 47 15

0 36 72 65 -14 2 21 31

0 48 54 57 -18 12 18 17

0 62 66 18 -4 5 31 2

0 45 67 84 -8 1 13 38

0 76 99 51 -12 4 22 4

0 73 80 89 -10 5 22 14

0 72 85 47 -4 6 35 49

0 6 48 23 -4 1 2 0

0 20 73 48 -16 1 2 45

0 16 78 83 -9 33 34 32

0 66 91 64 -1 2 12 25

0 58 62 21 -3 0 37 35

0 69 74 53 -18 22 27 6

0 46 54 82 -14 8 12 11

0 11 92 21 -10 15 32 28

0 44 84 82 -10 7 11 35

0 1 84 65 -1 9 28 12

0 92 96 81 -11 8 31 41

0 9 67 66 -3 11 39 15

0 43 91 92 -1 26 34 5

0 10 90 18 -19 19 42 14

0 33 51 24 -6 1 2 24

0 0 50 80 -9 14 35 34

0 17 84 74 -7 25 40 30

0 31 33 89 -2 18 27 2

0 15 50 12 -3 1 10 39

0 56 74 89 -19 2 5 43

0 30 65 5 -8 1 4 40

0 32 52 28 -5 2 29 25

0 15 82 78 -1 0 28 28

0 0 36 76 -4 7 9 28

0 95 99 91 -18 4 5 10

0 14 73 50 -18 23 26 29

0 5 76 86 -13 14 17 39

0 26 29 56 -10 28 44 23

0 10 54 85 -6 41 43 1

0 80 83 13 -13 32 34 47

0 67 75 60 -7 0 3 39

0 11 33 14 -18 30 31 5

0 0 85 29 -8 6 38 29

0 27 77 30 -6 11 21 49

0 7 25 77 -19 6 24 16

0 17 20 58 -11 20 21 13

0 10 19 45 -6 8 15 5

0 17 45 89 -9 0 4 41

0 3 25 60 -4 11 27 12

0 49 78 58 -10 31 35 32

0 2 18 59 -11 25 45 31

0 3 67 74 -11 14 17 35

0 13 16 33 -7 12 40 39

0 43 51 59 -13 40 42 27

0 52 68 57 -9 21 45 12

0 6 38 45 -8 0 22 12

0 33 38 56 -9 1 17 41

0 33 74 12 -10 24 45 15

0 5 36 95 -16 14 23 34

0 2 15 32 -12 4 16 17

0 3 23 87 -15 18 30 33

0 13 48 82 -5 0 7 36

0 13 47 99 -3 28 38 39

0 15 84 22 -9 25 36 42

0 20 37 6 -2 5 47 18

0 3 63 53 -5 6 30 25

0 9 16 96 -16 19 44 45

0 1 22 19 -4 12 15 21

0 49 70 23 -10 17 21 35

0 1 50 50 -17 3 18 48

0 73 75 14 -15 40 42 22

0 33 52 2 -14 7 11 46

0 0 39 32 -9 6 15 36

0 3 39 33 -16 12 23 49

0 1 57 33 -6 0 9 32

0 10 16 64 -3 21 41 39

0 23 34 12 -10 4 8 36

0 19 46 56 -20 4 36 44

0 6 55 97 -19 12 15 4

0 56 75 17 -3 37 41 14

0 39 46 64 -19 26 28 42

0 15 37 73 -3 1 41 20

0 2 18 9 -3 15 24 25

0 31 74 7 -6 33 35 0

0 17 70 74 -3 17 19 1

0 5 10 55 -8 10 14 42

0 1 29 12 -10 6 35 49

0 5 7 38 -5 10 32 3

0 1 3 93 -16 3 41 37

0 1 6 98 -4 11 39 7

0 11 17 47 -14 6 23 47

0 24 32 10 -6 9 40 46

0 8 11 13 -9 0 30 23

0 1 3 2 -6 7 15 1

0 9 19 34 -19 24 37 2

0 0 2 32 -1 18 43 43

0 2 5 67 -18 2 12 43

0 0 2 88 -5 0 13 11


SAlphaB: 756.0, std-dev 286.5471215677936

Earliest win: 37
Latest win: 81

WinDepth:
0 0 0 0 0 0 0 0 0 0 0 0 0 0 0 0 0 0 0 0 0 0 0 0 0 0 0 0 0 0 0 0 0 0 0 0 0 3 0 1 14 3 2 18 15 20 10 28 20 51 106 225 110 131 74 169 119 157 130 196 150 227 229 325 312 299 404 377 454 419 460 460 440 419 362 370 298 235 203 128 118 78 
SAlphaB:
0 0 0 0 0 0 0 0 0 0 0 0 0 0 0 0 0 0 0 0 0 0 0 0 0 0 0 0 0 0 0 0 0 0 0 0 0 3 0 1 14 3 2 18 15 20 10 28 20 51 106 225 110 131 74 169 119 157 130 196 150 227 229 325 312 299 404 377 454 419 460 460 440 419 362 370 298 235 203 128 118 78 

LossDepth:
SAlphaB:
0 0 0 0 0 0 0 0 0 0 0 0 0 0 0 0 0 0 0 0 0 0 0 0 0 0 0 0 0 0 0 0 0 0 0 0 0 3 0 1 14 3 2 18 15 20 10 28 20 51 106 225 110 131 74 169 119 157 130 196 150 227 229 325 312 299 404 377 454 419 460 460 440 419 362 370 298 235 203 128 118 78 

FirstWin:
0 0 0 0 0 0 0 0 0 0 0 0 0 0 0 0 0 0 0 0 0 0 0 0 0 0 0 0 0 0 0 0 0 0 0 0 0 3 0 1 0 3 0 18 0 20 0 28 0 51 0 225 0 131 0 169 0 157 0 196 0 227 0 325 0 299 0 377 0 419 0 460 0 419 0 370 0 235 0 128 0 78 
SAlphaB:
0 0 0 0 0 0 0 0 0 0 0 0 0 0 0 0 0 0 0 0 0 0 0 0 0 0 0 0 0 0 0 0 0 0 0 0 0 3 0 1 0 3 0 18 0 20 0 28 0 51 0 225 0 131 0 169 0 157 0 196 0 227 0 325 0 299 0 377 0 419 0 460 0 419 0 370 0 235 0 128 0 78 

SecondWin:
0 0 0 0 0 0 0 0 0 0 0 0 0 0 0 0 0 0 0 0 0 0 0 0 0 0 0 0 0 0 0 0 0 0 0 0 0 0 0 0 14 0 2 0 15 0 10 0 20 0 106 0 110 0 74 0 119 0 130 0 150 0 229 0 312 0 404 0 454 0 460 0 440 0 362 0 298 0 203 0 118 0 
SAlphaB:
0 0 0 0 0 0 0 0 0 0 0 0 0 0 0 0 0 0 0 0 0 0 0 0 0 0 0 0 0 0 0 0 0 0 0 0 0 0 0 0 14 0 2 0 15 0 10 0 20 0 106 0 110 0 74 0 119 0 130 0 150 0 229 0 312 0 404 0 454 0 460 0 440 0 362 0 298 0 203 0 118 0 
