0 48 74 8 -15 6 9 26

0 23 97 10 -17 0 5 9

0 37 55 55 -14 4 15 13

0 64 99 73 -17 9 31 32

0 38 85 46 -7 1 3 6

0 76 96 96 -11 5 14 26

0 32 88 12 -20 5 17 24

0 65 70 71 -18 15 25 9

0 21 27 93 -14 2 11 10

0 57 87 59 -15 2 26 41

0 26 77 27 -17 25 41 10

0 39 58 73 -20 1 2 24

0 21 43 44 -18 0 3 36

0 27 95 31 -4 4 20 4

0 40 84 84 -3 4 36 28

0 64 67 52 -19 3 5 1

0 81 96 39 -12 31 40 38

0 52 72 21 -1 30 45 42

0 52 55 34 -12 31 48 13

0 70 81 39 -18 4 10 18

0 5 51 24 -12 30 32 12

0 37 73 54 -18 7 43 5

0 20 49 37 -20 6 8 29

0 58 82 52 -13 1 29 18

0 24 49 88 -1 17 26 2

0 13 33 74 -6 10 15 8

0 13 75 24 -7 25 48 27

0 59 79 39 -2 35 36 40

0 38 40 79 -11 2 11 19

0 13 27 67 -1 1 3 4

0 9 53 72 -2 7 46 6

0 15 17 2 -17 0 2 15

0 63 77 16 -14 2 27 44

0 1 60 48 -14 31 46 16

0 17 66 61 -20 14 35 24

0 11 49 97 -17 2 5 20

0 55 65 66 -3 5 30 28

0 23 40 79 -4 16 20 27

0 48 84 57 -7 19 38 1

0 16 80 62 -4 10 21 49

0 7 16 76 -3 5 8 8

0 28 80 42 -8 16 25 47

0 64 80 63 -10 18 38 17

0 22 72 66 -8 4 29 15

0 16 30 87 -4 15 20 39

0 40 63 34 -3 0 38 37

0 64 75 9 -10 8 13 40

0 4 31 95 -11 33 49 25

0 8 9 99 -3 6 10 13

0 7 13 83 -15 7 29 18

0 10 23 7 -9 3 4 17

0 24 75 62 -14 4 13 45

0 18 45 21 -11 32 36 15

0 19 30 84 -20 36 48 46

0 16 38 15 -5 1 44 0

0 20 42 36 -15 14 42 12

0 6 71 94 -1 0 1 9

0 55 63 60 -5 9 48 42

0 55 73 68 -11 26 46 28

0 32 35 99 -14 9 10 31

0 0 30 76 -7 7 16 28

0 7 36 51 -20 0 19 12

0 0 25 75 -18 3 16 23

0 28 29 77 -16 10 19 19

0 0 73 98 -13 2 39 32

0 24 35 29 -18 7 23 1

0 10 18 71 -8 48 49 8

0 14 18 61 -16 5 18 20

0 6 48 54 -9 14 25 44

0 8 47 84 -7 9 43 33

0 50 51 9 -16 0 1 45

0 26 51 74 -3 8 30 46

0 13 69 62 -10 22 31 43

0 67 71 5 -17 31 38 2

0 5 53 20 -1 7 26 29

0 22 37 76 -20 15 35 7

0 27 79 59 -20 22 32 2

0 16 31 6 -5 19 42 14

0 24 43 28 -12 7 8 45

0 4 6 30 -7 1 12 0

0 35 41 27 -7 33 36 47

0 2 19 91 -3 12 46 23

0 1 15 14 -8 2 17 11

0 13 17 90 -6 3 6 47

0 0 3 7 -19 11 34 24

0 19 35 26 -5 16 24 29

0 0 1 63 -15 0 40 26

0 0 5 62 -8 26 49 35

0 20 23 24 -15 9 21 45

0 0 12 32 -14 22 35 8

0 11 33 76 -17 20 38 43

0 6 22 69 -12 23 47 46

0 5 8 49 -16 5 12 42

0 3 4 75 -7 12 25 27

0 5 10 53 -4 7 20 36

0 5 23 99 -15 2 8 44

0 2 3 91 -17 10 11 8

0 0 1 14 -8 32 37 22

0 7 8 17 -14 15 22 2

0 3 35 68 -10 2 24 45


SAlphaB: 713.0, std-dev 267.89994683678367

Earliest win: 39
Latest win: 81

WinDepth:
0 0 0 0 0 0 0 0 0 0 0 0 0 0 0 0 0 0 0 0 0 0 0 0 0 0 0 0 0 0 0 0 0 0 0 0 0 0 0 3 1 5 6 15 12 14 19 34 26 61 57 194 71 133 110 196 117 256 141 179 175 216 268 378 324 316 382 363 411 424 506 434 391 390 395 402 262 233 169 129 88 57 
SAlphaB:
0 0 0 0 0 0 0 0 0 0 0 0 0 0 0 0 0 0 0 0 0 0 0 0 0 0 0 0 0 0 0 0 0 0 0 0 0 0 0 3 1 5 6 15 12 14 19 34 26 61 57 194 71 133 110 196 117 256 141 179 175 216 268 378 324 316 382 363 411 424 506 434 391 390 395 402 262 233 169 129 88 57 

LossDepth:
SAlphaB:
0 0 0 0 0 0 0 0 0 0 0 0 0 0 0 0 0 0 0 0 0 0 0 0 0 0 0 0 0 0 0 0 0 0 0 0 0 0 0 3 1 5 6 15 12 14 19 34 26 61 57 194 71 133 110 196 117 256 141 179 175 216 268 378 324 316 382 363 411 424 506 434 391 390 395 402 262 233 169 129 88 57 

FirstWin:
0 0 0 0 0 0 0 0 0 0 0 0 0 0 0 0 0 0 0 0 0 0 0 0 0 0 0 0 0 0 0 0 0 0 0 0 0 0 0 3 0 5 0 15 0 14 0 34 0 61 0 194 0 133 0 196 0 256 0 179 0 216 0 378 0 316 0 363 0 424 0 434 0 390 0 402 0 233 0 129 0 57 
SAlphaB:
0 0 0 0 0 0 0 0 0 0 0 0 0 0 0 0 0 0 0 0 0 0 0 0 0 0 0 0 0 0 0 0 0 0 0 0 0 0 0 3 0 5 0 15 0 14 0 34 0 61 0 194 0 133 0 196 0 256 0 179 0 216 0 378 0 316 0 363 0 424 0 434 0 390 0 402 0 233 0 129 0 57 

SecondWin:
0 0 0 0 0 0 0 0 0 0 0 0 0 0 0 0 0 0 0 0 0 0 0 0 0 0 0 0 0 0 0 0 0 0 0 0 0 0 0 0 1 0 6 0 12 0 19 0 26 0 57 0 71 0 110 0 117 0 141 0 175 0 268 0 324 0 382 0 411 0 506 0 391 0 395 0 262 0 169 0 88 0 
SAlphaB:
0 0 0 0 0 0 0 0 0 0 0 0 0 0 0 0 0 0 0 0 0 0 0 0 0 0 0 0 0 0 0 0 0 0 0 0 0 0 0 0 1 0 6 0 12 0 19 0 26 0 57 0 71 0 110 0 117 0 141 0 175 0 268 0 324 0 382 0 411 0 506 0 391 0 395 0 262 0 169 0 88 0 
