0 35 75 95 -2 9 28 34

0 27 48 65 -2 4 13 5

0 54 84 16 -20 12 19 4

0 44 94 68 -16 4 34 29

0 36 76 54 -7 0 1 11

0 70 95 71 -2 9 20 7

0 62 89 80 -13 14 34 49

0 31 59 56 -17 6 7 2

0 29 87 0 -2 9 19 20

0 49 63 7 -11 0 5 24

0 43 58 5 -10 21 34 5

0 28 37 31 -11 25 35 20

0 18 87 75 -2 13 25 21

0 3 58 19 -4 0 1 2

0 21 66 57 -4 10 29 14

0 33 86 68 -10 1 6 28

0 63 79 53 -10 9 39 2

0 71 96 91 -17 4 5 42

0 30 99 47 -7 6 9 22

0 49 66 97 -20 37 42 35

0 66 83 54 -17 1 5 8

0 80 89 27 -14 2 7 20

0 2 66 93 -10 0 23 9

0 27 76 50 -1 17 22 28

0 44 74 7 -6 13 43 22

0 29 47 82 -3 2 3 30

0 12 71 36 -7 7 13 19

0 59 76 0 -14 11 23 14

0 62 84 69 -18 15 27 36

0 38 61 23 -16 22 41 7

0 23 90 76 -13 35 42 30

0 11 65 35 -6 14 20 18

0 66 72 28 -10 7 10 24

0 27 30 45 -16 30 47 30

0 39 67 35 -14 7 30 27

0 94 99 32 -11 16 22 45

0 15 51 47 -16 12 34 14

0 55 60 24 -16 5 9 2

0 8 99 62 -5 19 42 20

0 11 99 67 -17 16 41 38

0 13 27 79 -2 5 20 0

0 35 87 45 -3 20 49 6

0 68 90 13 -8 3 14 38

0 16 59 33 -5 5 8 48

0 54 69 30 -10 17 37 3

0 8 90 8 -16 34 47 25

0 9 75 28 -15 8 12 0

0 11 37 84 -11 0 10 5

0 8 59 28 -20 0 20 9

0 7 95 84 -9 1 6 20

0 28 35 70 -17 14 15 47

0 34 42 68 -16 3 34 44

0 42 53 52 -10 17 45 15

0 10 12 30 -19 0 1 25

0 12 28 48 -5 1 14 15

0 38 45 32 -1 41 47 25

0 11 36 84 -6 3 6 32

0 17 51 47 -3 5 37 1

0 14 36 46 -1 5 16 6

0 17 66 34 -6 28 37 26

0 33 82 43 -19 23 26 4

0 46 51 31 -16 16 48 34

0 1 16 63 -2 8 14 25

0 14 26 53 -3 9 23 24

0 19 25 61 -12 15 40 3

0 33 90 74 -15 25 46 39

0 18 35 29 -3 2 24 30

0 2 13 37 -16 23 24 31

0 10 27 84 -2 0 24 7

0 23 99 28 -8 32 47 47

0 2 40 30 -14 2 35 33

0 13 16 59 -20 0 5 41

0 15 21 7 -1 11 47 31

0 6 26 62 -15 7 21 8

0 15 19 42 -20 10 25 25

0 44 93 32 -5 22 42 5

0 27 30 66 -14 0 39 37

0 13 50 90 -11 16 49 14

0 8 88 17 -4 14 16 21

0 8 23 97 -5 24 29 13

0 5 68 4 -3 45 46 18

0 2 17 19 -3 20 38 11

0 0 8 96 -5 6 7 12

0 5 13 58 -4 1 15 18

0 14 27 80 -3 9 35 30

0 0 18 90 -17 0 20 14

0 2 4 43 -11 23 45 5

0 1 4 8 -19 2 32 33

0 4 11 31 -7 17 32 49

0 0 10 98 -19 5 27 46

0 3 77 68 -3 2 8 46

0 20 24 26 -9 8 26 29

0 2 8 97 -14 2 5 4

0 10 16 11 -20 0 11 39

0 18 30 62 -12 2 40 28

0 2 15 37 -9 17 28 42

0 12 23 32 -18 18 39 8

0 0 6 69 -16 25 36 26

0 3 5 73 -13 17 29 35

0 2 7 66 -4 2 37 10


SAlphaB: 702.0, std-dev 268.1259543083015

Earliest win: 37
Latest win: 81

WinDepth:
0 0 0 0 0 0 0 0 0 0 0 0 0 0 0 0 0 0 0 0 0 0 0 0 0 0 0 0 0 0 0 0 0 0 0 0 0 2 0 6 12 6 1 14 10 19 14 31 19 66 78 224 60 144 98 183 125 184 155 196 152 258 238 338 263 365 407 413 422 377 452 447 425 407 359 308 229 256 195 143 131 69 
SAlphaB:
0 0 0 0 0 0 0 0 0 0 0 0 0 0 0 0 0 0 0 0 0 0 0 0 0 0 0 0 0 0 0 0 0 0 0 0 0 2 0 6 12 6 1 14 10 19 14 31 19 66 78 224 60 144 98 183 125 184 155 196 152 258 238 338 263 365 407 413 422 377 452 447 425 407 359 308 229 256 195 143 131 69 

LossDepth:
SAlphaB:
0 0 0 0 0 0 0 0 0 0 0 0 0 0 0 0 0 0 0 0 0 0 0 0 0 0 0 0 0 0 0 0 0 0 0 0 0 2 0 6 12 6 1 14 10 19 14 31 19 66 78 224 60 144 98 183 125 184 155 196 152 258 238 338 263 365 407 413 422 377 452 447 425 407 359 308 229 256 195 143 131 69 

FirstWin:
0 0 0 0 0 0 0 0 0 0 0 0 0 0 0 0 0 0 0 0 0 0 0 0 0 0 0 0 0 0 0 0 0 0 0 0 0 2 0 6 0 6 0 14 0 19 0 31 0 66 0 224 0 144 0 183 0 184 0 196 0 258 0 338 0 365 0 413 0 377 0 447 0 407 0 308 0 256 0 143 0 69 
SAlphaB:
0 0 0 0 0 0 0 0 0 0 0 0 0 0 0 0 0 0 0 0 0 0 0 0 0 0 0 0 0 0 0 0 0 0 0 0 0 2 0 6 0 6 0 14 0 19 0 31 0 66 0 224 0 144 0 183 0 184 0 196 0 258 0 338 0 365 0 413 0 377 0 447 0 407 0 308 0 256 0 143 0 69 

SecondWin:
0 0 0 0 0 0 0 0 0 0 0 0 0 0 0 0 0 0 0 0 0 0 0 0 0 0 0 0 0 0 0 0 0 0 0 0 0 0 0 0 12 0 1 0 10 0 14 0 19 0 78 0 60 0 98 0 125 0 155 0 152 0 238 0 263 0 407 0 422 0 452 0 425 0 359 0 229 0 195 0 131 0 
SAlphaB:
0 0 0 0 0 0 0 0 0 0 0 0 0 0 0 0 0 0 0 0 0 0 0 0 0 0 0 0 0 0 0 0 0 0 0 0 0 0 0 0 12 0 1 0 10 0 14 0 19 0 78 0 60 0 98 0 125 0 155 0 152 0 238 0 263 0 407 0 422 0 452 0 425 0 359 0 229 0 195 0 131 0 
