0 27 68 81 -18 5 12 28

0 55 93 50 -17 13 20 8

0 36 84 32 -18 5 26 23

0 35 96 83 -18 8 13 9

0 64 95 0 -12 11 26 6

0 75 98 65 -1 7 16 15

0 32 79 84 -1 10 14 15

0 11 36 17 -3 8 16 3

0 37 61 88 -9 6 13 17

0 47 89 98 -10 4 42 22

0 24 46 35 -13 1 2 41

0 27 73 16 -10 11 13 19

0 78 80 65 -13 9 40 28

0 39 61 18 -1 14 20 16

0 45 65 59 -15 1 8 9

0 66 99 40 -8 20 44 3

0 35 71 40 -7 17 44 47

0 38 93 59 -4 1 21 11

0 9 80 47 -9 26 33 25

0 2 99 36 -8 6 35 8

0 45 83 68 -2 3 16 13

0 23 68 75 -5 28 46 46

0 34 47 90 -3 9 17 20

0 38 39 96 -16 6 27 22

0 76 92 61 -11 1 14 23

0 32 64 65 -18 6 7 21

0 26 94 95 -2 6 7 49

0 43 52 26 -5 7 29 31

0 0 39 24 -12 0 8 18

0 35 70 8 -17 4 5 4

0 54 65 64 -11 1 15 43

0 31 37 96 -16 16 40 10

0 12 21 39 -12 1 2 17

0 76 90 55 -1 8 41 46

0 10 99 31 -16 26 41 12

0 9 60 88 -7 1 3 29

0 9 23 78 -3 26 28 12

0 33 64 12 -7 20 25 2

0 23 33 97 -15 31 47 35

0 23 46 16 -6 26 49 8

0 4 24 39 -2 7 9 21

0 63 90 24 -9 4 6 43

0 58 82 46 -11 19 33 2

0 43 70 42 -20 8 35 44

0 14 45 7 -20 0 10 18

0 10 36 93 -7 2 5 31

0 10 75 6 -9 7 15 24

0 13 26 71 -6 26 30 11

0 17 21 37 -2 23 35 10

0 6 46 24 -18 0 16 34

0 29 52 95 -18 20 23 36

0 7 26 91 -1 1 5 24

0 60 76 12 -7 27 47 20

0 34 47 44 -7 0 1 25

0 31 35 13 -9 30 31 3

0 6 8 51 -8 0 4 4

0 31 40 18 -4 1 2 40

0 0 14 70 -15 20 40 14

0 27 93 89 -15 5 25 10

0 14 70 27 -14 5 13 20

0 53 70 27 -18 35 41 13

0 31 85 69 -6 28 36 33

0 3 68 10 -2 10 15 41

0 47 50 91 -18 20 25 43

0 92 93 67 -2 4 6 30

0 46 64 23 -3 31 34 22

0 4 25 84 -20 20 33 40

0 7 20 9 -5 23 41 18

0 44 76 88 -1 38 44 5

0 27 90 17 -11 32 41 1

0 36 37 73 -14 25 38 29

0 34 41 67 -6 20 25 39

0 4 11 41 -15 1 4 15

0 7 83 86 -1 3 31 20

0 7 11 98 -3 3 10 2

0 25 82 32 -14 29 31 0

0 68 71 24 -20 21 48 3

0 21 37 65 -4 7 9 45

0 19 44 13 -17 40 46 4

0 3 27 33 -17 10 43 14

0 12 44 58 -14 36 46 42

0 27 59 22 -10 31 47 46

0 49 61 25 -2 27 37 0

0 1 9 48 -10 17 27 1

0 5 51 27 -10 3 6 31

0 18 20 37 -7 14 17 24

0 17 35 20 -13 22 38 37

0 5 9 91 -10 10 25 41

0 18 24 26 -8 20 26 49

0 3 13 97 -11 3 33 19

0 0 4 39 -17 4 42 1

0 0 3 2 -19 0 3 19

0 6 26 18 -9 4 46 39

0 1 6 54 -4 0 3 26

0 6 12 44 -9 23 28 47

0 0 2 37 -19 18 38 39

0 8 9 9 -16 37 42 22

0 2 5 34 -18 27 47 44

0 6 16 28 -16 27 30 21

0 7 17 46 -4 15 19 38


SAlphaB: 702.0, std-dev 281.14088958737364

Earliest win: 37
Latest win: 81

WinDepth:
0 0 0 0 0 0 0 0 0 0 0 0 0 0 0 0 0 0 0 0 0 0 0 0 0 0 0 0 0 0 0 0 0 0 0 0 0 4 0 4 42 14 4 13 0 16 10 38 20 56 68 112 130 105 86 166 138 197 146 178 171 247 243 270 323 345 381 360 442 416 429 485 411 408 386 377 259 255 202 160 115 92 
SAlphaB:
0 0 0 0 0 0 0 0 0 0 0 0 0 0 0 0 0 0 0 0 0 0 0 0 0 0 0 0 0 0 0 0 0 0 0 0 0 4 0 4 42 14 4 13 0 16 10 38 20 56 68 112 130 105 86 166 138 197 146 178 171 247 243 270 323 345 381 360 442 416 429 485 411 408 386 377 259 255 202 160 115 92 

LossDepth:
SAlphaB:
0 0 0 0 0 0 0 0 0 0 0 0 0 0 0 0 0 0 0 0 0 0 0 0 0 0 0 0 0 0 0 0 0 0 0 0 0 4 0 4 42 14 4 13 0 16 10 38 20 56 68 112 130 105 86 166 138 197 146 178 171 247 243 270 323 345 381 360 442 416 429 485 411 408 386 377 259 255 202 160 115 92 

FirstWin:
0 0 0 0 0 0 0 0 0 0 0 0 0 0 0 0 0 0 0 0 0 0 0 0 0 0 0 0 0 0 0 0 0 0 0 0 0 4 0 4 0 14 0 13 0 16 0 38 0 56 0 112 0 105 0 166 0 197 0 178 0 247 0 270 0 345 0 360 0 416 0 485 0 408 0 377 0 255 0 160 0 92 
SAlphaB:
0 0 0 0 0 0 0 0 0 0 0 0 0 0 0 0 0 0 0 0 0 0 0 0 0 0 0 0 0 0 0 0 0 0 0 0 0 4 0 4 0 14 0 13 0 16 0 38 0 56 0 112 0 105 0 166 0 197 0 178 0 247 0 270 0 345 0 360 0 416 0 485 0 408 0 377 0 255 0 160 0 92 

SecondWin:
0 0 0 0 0 0 0 0 0 0 0 0 0 0 0 0 0 0 0 0 0 0 0 0 0 0 0 0 0 0 0 0 0 0 0 0 0 0 0 0 42 0 4 0 0 0 10 0 20 0 68 0 130 0 86 0 138 0 146 0 171 0 243 0 323 0 381 0 442 0 429 0 411 0 386 0 259 0 202 0 115 0 
SAlphaB:
0 0 0 0 0 0 0 0 0 0 0 0 0 0 0 0 0 0 0 0 0 0 0 0 0 0 0 0 0 0 0 0 0 0 0 0 0 0 0 0 42 0 4 0 0 0 10 0 20 0 68 0 130 0 86 0 138 0 146 0 171 0 243 0 323 0 381 0 442 0 429 0 411 0 386 0 259 0 202 0 115 0 
