0 35 68 42 -4 8 16 12

0 49 65 71 -13 7 26 27

0 11 92 53 -15 2 3 12

0 38 80 53 -5 4 11 17

0 71 95 35 -20 9 34 35

0 25 95 12 -3 1 2 7

0 18 31 54 -7 0 1 11

0 67 86 76 -6 1 4 34

0 13 21 16 -12 0 2 12

0 11 52 28 -7 6 17 7

0 56 72 26 -1 24 36 14

0 35 72 53 -13 7 10 21

0 45 70 0 -7 8 44 9

0 29 31 4 -4 6 13 1

0 66 87 52 -19 3 5 24

0 22 77 64 -4 0 28 26

0 25 40 61 -5 0 14 14

0 37 84 80 -12 19 21 18

0 40 61 44 -1 8 20 2

0 21 61 55 -1 4 38 12

0 63 70 51 -18 3 17 0

0 68 92 74 -2 4 8 22

0 60 84 64 -12 41 47 17

0 70 89 27 -16 27 39 37

0 50 63 27 -4 10 22 35

0 62 93 81 -20 10 44 44

0 24 97 60 -1 4 30 24

0 69 70 81 -6 11 20 40

0 5 57 22 -2 10 29 16

0 25 36 34 -5 4 23 20

0 46 66 81 -20 28 37 40

0 59 75 54 -14 17 44 14

0 4 66 97 -13 22 41 39

0 35 42 1 -13 4 21 5

0 46 54 84 -3 4 8 25

0 31 39 73 -18 10 35 21

0 32 39 26 -13 23 40 25

0 35 64 40 -1 17 25 25

0 23 25 61 -20 2 3 7

0 36 38 73 -12 27 36 8

0 25 71 36 -10 1 5 46

0 12 98 10 -13 16 21 48

0 81 88 0 -15 28 39 3

0 11 36 79 -4 1 9 29

0 1 41 89 -8 28 29 21

0 62 82 57 -4 12 19 6

0 10 35 65 -8 34 38 12

0 16 44 67 -14 14 17 23

0 15 37 85 -20 6 10 29

0 13 43 88 -15 17 30 31

0 11 40 52 -15 23 48 20

0 8 54 68 -5 9 46 35

0 7 37 70 -2 23 25 12

0 1 88 58 -13 1 28 21

0 33 43 37 -20 39 48 7

0 5 59 89 -13 10 18 37

0 21 60 33 -9 16 46 47

0 4 47 76 -15 21 26 39

0 37 93 1 -7 32 39 28

0 5 29 92 -12 2 8 25

0 6 29 41 -6 37 39 36

0 11 34 7 -10 2 4 38

0 1 82 15 -15 12 33 22

0 50 58 81 -16 9 14 44

0 4 17 26 -18 4 20 26

0 17 48 46 -9 8 21 32

0 37 88 80 -6 19 23 5

0 35 84 61 -8 18 30 23

0 66 97 72 -7 46 48 21

0 20 38 80 -18 0 31 16

0 42 76 43 -3 24 37 43

0 0 59 53 -17 23 44 9

0 10 28 46 -6 15 37 22

0 9 20 99 -19 5 16 5

0 0 33 45 -10 3 4 11

0 1 4 44 -18 7 8 0

0 16 95 9 -9 25 35 20

0 8 31 27 -7 21 45 28

0 3 36 10 -15 6 24 33

0 7 69 50 -5 20 22 16

0 0 1 70 -3 8 34 11

0 20 23 7 -18 18 46 15

0 1 5 5 -10 4 19 5

0 11 16 43 -17 6 20 9

0 0 1 74 -16 3 7 5

0 32 42 92 -14 0 49 32

0 6 13 81 -19 28 34 46

0 1 61 41 -1 2 40 49

0 1 2 49 -4 8 49 0

0 1 7 18 -7 0 2 46

0 1 3 9 -10 3 8 25

0 4 8 30 -19 4 6 20

0 11 17 24 -7 4 26 41

0 0 1 38 -11 16 48 40

0 4 40 10 -18 25 37 7

0 4 17 64 -13 38 48 5

0 9 19 85 -7 21 23 42

0 7 11 41 -7 11 23 47

0 8 9 53 -5 0 32 28

0 3 4 15 -18 1 9 25


SAlphaB: 710.0, std-dev 268.2816519023892

Earliest win: 37
Latest win: 81

WinDepth:
0 0 0 0 0 0 0 0 0 0 0 0 0 0 0 0 0 0 0 0 0 0 0 0 0 0 0 0 0 0 0 0 0 0 0 0 0 4 1 7 2 6 9 11 16 26 16 35 32 61 54 174 92 136 90 193 107 187 145 180 207 243 228 344 341 371 377 358 401 421 436 482 468 392 384 382 249 249 175 159 102 72 
SAlphaB:
0 0 0 0 0 0 0 0 0 0 0 0 0 0 0 0 0 0 0 0 0 0 0 0 0 0 0 0 0 0 0 0 0 0 0 0 0 4 1 7 2 6 9 11 16 26 16 35 32 61 54 174 92 136 90 193 107 187 145 180 207 243 228 344 341 371 377 358 401 421 436 482 468 392 384 382 249 249 175 159 102 72 

LossDepth:
SAlphaB:
0 0 0 0 0 0 0 0 0 0 0 0 0 0 0 0 0 0 0 0 0 0 0 0 0 0 0 0 0 0 0 0 0 0 0 0 0 4 1 7 2 6 9 11 16 26 16 35 32 61 54 174 92 136 90 193 107 187 145 180 207 243 228 344 341 371 377 358 401 421 436 482 468 392 384 382 249 249 175 159 102 72 

FirstWin:
0 0 0 0 0 0 0 0 0 0 0 0 0 0 0 0 0 0 0 0 0 0 0 0 0 0 0 0 0 0 0 0 0 0 0 0 0 4 0 7 0 6 0 11 0 26 0 35 0 61 0 174 0 136 0 193 0 187 0 180 0 243 0 344 0 371 0 358 0 421 0 482 0 392 0 382 0 249 0 159 0 72 
SAlphaB:
0 0 0 0 0 0 0 0 0 0 0 0 0 0 0 0 0 0 0 0 0 0 0 0 0 0 0 0 0 0 0 0 0 0 0 0 0 4 0 7 0 6 0 11 0 26 0 35 0 61 0 174 0 136 0 193 0 187 0 180 0 243 0 344 0 371 0 358 0 421 0 482 0 392 0 382 0 249 0 159 0 72 

SecondWin:
0 0 0 0 0 0 0 0 0 0 0 0 0 0 0 0 0 0 0 0 0 0 0 0 0 0 0 0 0 0 0 0 0 0 0 0 0 0 1 0 2 0 9 0 16 0 16 0 32 0 54 0 92 0 90 0 107 0 145 0 207 0 228 0 341 0 377 0 401 0 436 0 468 0 384 0 249 0 175 0 102 0 
SAlphaB:
0 0 0 0 0 0 0 0 0 0 0 0 0 0 0 0 0 0 0 0 0 0 0 0 0 0 0 0 0 0 0 0 0 0 0 0 0 0 1 0 2 0 9 0 16 0 16 0 32 0 54 0 92 0 90 0 107 0 145 0 207 0 228 0 341 0 377 0 401 0 436 0 468 0 384 0 249 0 175 0 102 0 
