0 61 70 63 -7 13 17 11

0 41 98 28 -10 7 10 14

0 18 48 16 -12 0 5 10

0 55 82 18 -11 6 12 18

0 48 91 31 -3 12 13 20

0 46 65 0 -14 6 19 29

0 39 56 28 -16 2 6 3

0 70 94 26 -17 10 28 42

0 36 85 63 -2 4 23 12

0 39 89 46 -1 12 42 10

0 40 94 10 -9 5 12 17

0 49 91 69 -9 3 18 27

0 41 67 55 -10 5 25 8

0 63 93 46 -13 8 21 9

0 19 43 21 -4 4 16 12

0 55 57 66 -4 2 30 6

0 66 78 50 -19 6 13 6

0 35 93 63 -17 0 1 26

0 66 80 64 -3 11 41 31

0 43 86 22 -20 3 15 25

0 44 86 65 -17 1 7 39

0 42 91 38 -16 1 2 27

0 29 83 61 -16 1 9 16

0 75 83 93 -1 15 33 24

0 74 80 82 -15 14 30 39

0 32 92 89 -5 2 10 12

0 38 50 95 -7 2 16 19

0 52 96 31 -8 1 15 14

0 61 87 49 -8 5 16 34

0 25 27 25 -17 0 2 13

0 27 60 79 -14 0 4 6

0 43 72 60 -4 5 31 18

0 24 53 14 -5 5 9 16

0 41 96 93 -20 7 17 16

0 58 99 64 -13 1 33 43

0 22 97 85 -20 1 3 0

0 32 82 19 -19 0 1 13

0 47 93 90 -4 7 32 31

0 57 72 75 -2 4 20 23

0 64 90 2 -16 10 41 28

0 73 84 99 -20 1 10 43

0 69 81 86 -16 6 8 26

0 59 94 29 -19 3 7 16

0 63 93 70 -1 7 17 19

0 42 51 45 -20 3 7 1

0 12 48 81 -8 1 4 7

0 43 99 80 -11 20 41 14

0 77 78 96 -20 8 19 38

0 40 47 60 -11 6 19 39

0 41 86 27 -7 11 22 11

0 41 95 46 -14 10 13 24

0 57 81 54 -5 4 41 17

0 91 99 84 -6 0 1 1

0 23 41 32 -5 2 6 19

0 47 95 88 -14 12 27 3

0 58 86 51 -9 4 9 28

0 55 64 77 -18 5 16 49

0 39 79 61 -20 3 13 13

0 36 96 30 -2 1 12 15

0 28 84 42 -5 5 6 4

0 31 90 82 -20 5 13 6

0 5 87 24 -2 16 42 16

0 43 95 40 -3 0 1 3

0 24 49 80 -11 0 1 24

0 8 87 68 -13 8 11 18

0 20 85 6 -17 2 7 22

0 53 76 94 -14 8 36 48

0 24 83 58 -1 5 34 5

0 55 90 85 -13 1 7 38

0 90 96 66 -17 17 29 0

0 36 51 79 -15 3 23 11

0 61 86 87 -8 17 35 34

0 65 74 14 -2 4 11 9

0 10 79 94 -16 15 30 31

0 84 98 74 -1 8 12 43

0 53 88 11 -20 12 29 15

0 18 79 46 -19 3 9 19

0 65 84 40 -10 8 10 3

0 42 52 34 -6 24 49 10

0 29 96 56 -14 3 4 26

0 1 61 70 -5 24 26 28

0 13 47 94 -8 3 4 15

0 31 60 76 -15 1 2 29

0 24 73 20 -16 10 15 2

0 35 71 95 -16 4 20 41

0 28 97 37 -11 12 13 35

0 49 94 56 -12 2 45 21

0 53 57 31 -11 2 5 15

0 0 71 60 -10 23 32 16

0 6 56 23 -16 15 29 10

0 17 47 0 -19 4 14 7

0 53 68 82 -19 36 48 21

0 78 85 73 -5 12 18 32

0 16 93 63 -11 6 8 33

0 5 69 25 -19 16 31 33

0 24 74 63 -4 10 30 16

0 12 36 45 -13 2 5 17

0 0 37 18 -4 10 19 1

0 56 58 8 -5 1 6 13

0 15 20 48 -16 0 1 39


SAlphaB: 1117.0, std-dev 417.02411824979646

Earliest win: 36
Latest win: 81

WinDepth:
0 0 0 0 0 0 0 0 0 0 0 0 0 0 0 0 0 0 0 0 0 0 0 0 0 0 0 0 0 0 0 0 0 0 0 0 1 7 1 17 5 34 13 36 21 46 36 126 46 155 138 367 172 323 255 440 319 595 349 507 418 692 642 845 746 877 887 952 1016 997 997 941 878 884 862 782 620 518 450 309 185 142 
SAlphaB:
0 0 0 0 0 0 0 0 0 0 0 0 0 0 0 0 0 0 0 0 0 0 0 0 0 0 0 0 0 0 0 0 0 0 0 0 1 7 1 17 5 34 13 36 21 46 36 126 46 155 138 367 172 323 255 440 319 595 349 507 418 692 642 845 746 877 887 952 1016 997 997 941 878 884 862 782 620 518 450 309 185 142 

LossDepth:
SAlphaB:
0 0 0 0 0 0 0 0 0 0 0 0 0 0 0 0 0 0 0 0 0 0 0 0 0 0 0 0 0 0 0 0 0 0 0 0 0 8 0 13 2 24 10 30 13 42 22 57 32 70 85 158 116 195 188 252 210 361 209 325 252 453 432 618 494 666 631 766 720 826 781 780 658 750 677 716 538 444 350 266 207 144 

FirstWin:
0 0 0 0 0 0 0 0 0 0 0 0 0 0 0 0 0 0 0 0 0 0 0 0 0 0 0 0 0 0 0 0 0 0 0 0 0 7 0 17 0 34 0 36 0 46 0 126 0 155 0 367 0 323 0 440 0 595 0 507 0 692 0 845 0 877 0 952 0 997 0 941 0 884 0 782 0 518 0 309 0 142 
SAlphaB:
0 0 0 0 0 0 0 0 0 0 0 0 0 0 0 0 0 0 0 0 0 0 0 0 0 0 0 0 0 0 0 0 0 0 0 0 0 7 0 17 0 34 0 36 0 46 0 126 0 155 0 367 0 323 0 440 0 595 0 507 0 692 0 845 0 877 0 952 0 997 0 941 0 884 0 782 0 518 0 309 0 142 

SecondWin:
0 0 0 0 0 0 0 0 0 0 0 0 0 0 0 0 0 0 0 0 0 0 0 0 0 0 0 0 0 0 0 0 0 0 0 0 1 0 1 0 5 0 13 0 21 0 36 0 46 0 138 0 172 0 255 0 319 0 349 0 418 0 642 0 746 0 887 0 1016 0 997 0 878 0 862 0 620 0 450 0 185 0 
SAlphaB:
0 0 0 0 0 0 0 0 0 0 0 0 0 0 0 0 0 0 0 0 0 0 0 0 0 0 0 0 0 0 0 0 0 0 0 0 1 0 1 0 5 0 13 0 21 0 36 0 46 0 138 0 172 0 255 0 319 0 349 0 418 0 642 0 746 0 887 0 1016 0 997 0 878 0 862 0 620 0 450 0 185 0 
