0 53 68 82 -19 36 48 21

0 61 86 87 -8 17 35 34

0 39 89 46 -1 12 42 10

0 57 81 54 -5 4 41 17

0 70 94 26 -17 10 28 42

0 24 83 58 -1 5 34 5

0 17 47 0 -19 4 14 7

0 73 84 99 -20 1 10 43

0 43 99 80 -11 20 41 14

0 12 36 45 -13 2 5 17

0 70 91 8 -15 1 3 14

0 57 60 29 -8 3 4 4

0 59 88 70 -12 4 35 27

0 75 78 42 -18 5 20 43

0 73 86 17 -14 6 37 28

0 40 60 75 -5 8 39 22

0 10 34 35 -7 10 22 20

0 20 35 45 -19 3 10 24

0 30 53 33 -19 1 8 38

0 24 42 66 -19 11 31 37

0 24 55 18 -4 14 29 17

0 81 97 97 -9 33 36 15

0 29 80 15 -8 1 26 36

0 6 55 68 -1 21 27 29

0 10 21 58 -10 2 5 7

0 2 17 12 -1 0 1 9

0 49 93 82 -4 16 19 44

0 63 66 28 -3 11 22 5

0 70 84 69 -11 0 13 18

0 43 81 58 -11 12 40 14

0 20 60 35 -14 1 6 29

0 47 90 50 -8 1 2 31

0 95 96 80 -7 19 49 44

0 26 45 73 -9 12 28 6

0 33 44 68 -4 0 3 4

0 2 25 59 -16 4 7 27

0 20 55 27 -13 3 18 1

0 25 27 82 -14 10 30 0

0 28 90 99 -5 4 13 42

0 27 80 67 -6 16 33 36

0 30 50 16 -19 8 14 40

0 14 51 60 -16 26 31 29

0 41 55 84 -13 9 31 45

0 57 63 94 -1 16 27 45

0 34 52 50 -4 1 30 32

0 76 90 45 -12 31 41 40

0 52 66 90 -11 47 48 23

0 15 60 79 -3 28 38 25

0 14 25 32 -9 4 16 23

0 20 97 56 -19 39 42 37

0 27 48 13 -20 5 23 29

0 21 47 8 -6 0 2 23

0 22 27 57 -19 8 15 7

0 21 42 76 -10 8 30 21

0 30 55 11 -10 25 48 11

0 52 94 20 -19 31 34 24

0 23 74 5 -13 11 14 27

0 12 79 69 -20 14 17 36

0 8 18 47 -7 18 49 16

0 19 55 87 -5 8 12 48

0 19 28 38 -2 2 17 1

0 57 64 73 -5 17 37 27

0 14 37 32 -12 22 37 41

0 31 39 45 -15 38 46 0

0 19 90 2 -6 24 27 4

0 37 70 60 -16 31 32 24

0 21 31 42 -16 40 43 43

0 51 71 33 -14 33 41 30

0 17 77 40 -6 26 29 40

0 18 25 80 -12 0 1 41

0 17 68 53 -1 4 10 38

0 15 19 49 -18 20 41 4

0 61 74 53 -8 23 35 48

0 10 28 10 -11 4 6 42

0 8 10 43 -14 1 5 3

0 2 8 49 -8 10 32 43

0 4 35 63 -8 5 6 26

0 11 46 70 -9 26 41 49

0 9 30 7 -9 37 38 45

0 1 9 67 -20 3 10 26

0 2 6 65 -8 6 18 17

0 0 33 42 -5 15 47 10

0 7 9 24 -17 1 31 4

0 43 70 33 -12 34 42 35

0 2 6 66 -7 11 12 29

0 12 39 10 -20 7 36 42

0 1 9 31 -14 5 9 13

0 6 16 50 -13 33 36 46

0 0 14 45 -7 8 34 35

0 1 9 75 -5 15 27 49

0 9 68 82 -3 39 43 31

0 0 11 9 -5 11 26 45

0 1 36 7 -16 22 38 8

0 1 2 11 -12 2 27 1

0 9 15 0 -1 3 14 17

0 1 17 66 -3 2 13 49

0 1 2 90 -20 9 28 30

0 3 10 47 -14 27 37 13

0 1 3 3 -1 21 40 16

0 1 2 15 -1 20 36 36


SAlphaB: 1043.0, std-dev 412.5951894454604

Earliest win: 38
Latest win: 81

WinDepth:
0 0 0 0 0 0 0 0 0 0 0 0 0 0 0 0 0 0 0 0 0 0 0 0 0 0 0 0 0 0 0 0 0 0 0 0 0 0 1 1 17 7 4 10 13 26 8 36 35 61 75 232 51 150 90 180 122 196 144 204 131 260 241 337 287 347 376 380 433 382 396 416 408 376 415 358 288 276 181 140 99 88 
SAlphaB:
0 0 0 0 0 0 0 0 0 0 0 0 0 0 0 0 0 0 0 0 0 0 0 0 0 0 0 0 0 0 0 0 0 0 0 0 0 0 1 1 17 7 4 10 13 26 8 36 35 61 75 232 51 150 90 180 122 196 144 204 131 260 241 337 287 347 376 380 433 382 396 416 408 376 415 358 288 276 181 140 99 88 

LossDepth:
SAlphaB:
0 0 0 0 0 0 0 0 0 0 0 0 0 0 0 0 0 0 0 0 0 0 0 0 0 0 0 0 0 0 0 0 0 0 0 0 0 0 1 1 17 7 4 10 13 26 8 36 35 61 75 232 51 150 90 180 122 196 144 204 131 260 241 337 287 347 376 380 433 382 396 416 408 376 415 358 288 276 181 140 99 88 

FirstWin:
0 0 0 0 0 0 0 0 0 0 0 0 0 0 0 0 0 0 0 0 0 0 0 0 0 0 0 0 0 0 0 0 0 0 0 0 0 0 0 1 0 7 0 10 0 26 0 36 0 61 0 232 0 150 0 180 0 196 0 204 0 260 0 337 0 347 0 380 0 382 0 416 0 376 0 358 0 276 0 140 0 88 
SAlphaB:
0 0 0 0 0 0 0 0 0 0 0 0 0 0 0 0 0 0 0 0 0 0 0 0 0 0 0 0 0 0 0 0 0 0 0 0 0 0 0 1 0 7 0 10 0 26 0 36 0 61 0 232 0 150 0 180 0 196 0 204 0 260 0 337 0 347 0 380 0 382 0 416 0 376 0 358 0 276 0 140 0 88 

SecondWin:
0 0 0 0 0 0 0 0 0 0 0 0 0 0 0 0 0 0 0 0 0 0 0 0 0 0 0 0 0 0 0 0 0 0 0 0 0 0 1 0 17 0 4 0 13 0 8 0 35 0 75 0 51 0 90 0 122 0 144 0 131 0 241 0 287 0 376 0 433 0 396 0 408 0 415 0 288 0 181 0 99 0 
SAlphaB:
0 0 0 0 0 0 0 0 0 0 0 0 0 0 0 0 0 0 0 0 0 0 0 0 0 0 0 0 0 0 0 0 0 0 0 0 0 0 1 0 17 0 4 0 13 0 8 0 35 0 75 0 51 0 90 0 122 0 144 0 131 0 241 0 287 0 376 0 433 0 396 0 408 0 415 0 288 0 181 0 99 0 
