0 28 84 42 -5 5 6 4

0 65 84 40 -10 8 10 3

0 41 95 46 -14 10 13 24

0 6 56 23 -16 15 29 10

0 78 85 73 -5 12 18 32

0 55 90 85 -13 1 7 38

0 10 79 94 -16 15 30 31

0 12 48 81 -8 1 4 7

0 66 80 64 -3 11 41 31

0 24 74 63 -4 10 30 16

0 27 41 89 -7 6 12 16

0 54 87 69 -5 2 3 12

0 89 91 94 -3 7 25 17

0 41 63 14 -3 14 19 12

0 32 56 4 -2 24 28 21

0 56 66 3 -8 10 31 29

0 21 69 8 -18 5 7 20

0 57 74 84 -13 1 14 41

0 20 36 36 -1 6 21 11

0 21 92 85 -5 11 44 13

0 4 7 46 -6 2 4 1

0 20 63 85 -20 5 27 3

0 26 56 9 -6 1 26 2

0 57 99 61 -13 0 1 27

0 19 23 98 -6 0 4 11

0 20 38 83 -18 30 38 25

0 10 46 45 -6 6 22 9

0 46 69 90 -7 7 16 29

0 31 70 59 -15 15 42 26

0 32 70 43 -12 22 47 28

0 13 72 47 -18 1 23 40

0 65 78 90 -17 15 23 34

0 24 88 86 -7 27 28 14

0 21 36 55 -14 0 11 36

0 8 81 14 -19 29 38 31

0 6 42 88 -10 15 24 33

0 52 70 63 -14 0 32 26

0 36 41 88 -12 4 6 44

0 43 86 93 -3 16 30 19

0 5 39 72 -9 12 14 7

0 18 31 50 -9 20 30 23

0 1 29 81 -5 0 6 10

0 28 80 91 -16 45 46 30

0 27 34 55 -3 8 35 17

0 6 44 47 -9 17 37 8

0 74 79 46 -16 24 28 1

0 37 86 30 -5 28 32 22

0 27 44 1 -9 24 37 6

0 10 58 89 -4 12 25 46

0 27 86 10 -13 5 35 8

0 7 64 31 -10 7 28 38

0 50 67 55 -16 7 10 31

0 19 63 29 -5 3 36 24

0 18 73 56 -6 27 35 9

0 80 86 26 -4 20 26 44

0 5 43 35 -4 6 10 12

0 51 57 88 -10 4 39 43

0 6 46 14 -11 4 6 11

0 2 24 38 -8 13 14 20

0 6 18 78 -6 8 40 17

0 15 29 67 -9 44 45 33

0 16 29 20 -4 12 14 17

0 12 32 54 -7 9 21 27

0 15 45 25 -15 4 17 15

0 14 63 47 -17 11 22 30

0 0 82 64 -16 15 30 1

0 30 42 10 -4 12 26 28

0 24 52 77 -13 4 17 12

0 74 91 31 -9 1 5 22

0 16 25 89 -9 1 3 43

0 68 79 13 -20 48 49 43

0 41 87 83 -17 42 47 28

0 1 70 27 -8 3 4 44

0 25 32 72 -14 2 44 19

0 33 37 61 -11 13 28 30

0 17 76 9 -2 1 23 48

0 1 5 95 -18 9 15 49

0 21 25 32 -20 19 25 28

0 18 67 28 -1 21 27 2

0 14 24 14 -13 15 39 11

0 5 10 53 -7 0 47 16

0 2 12 26 -12 18 48 2

0 20 58 96 -2 1 2 40

0 11 18 2 -2 1 41 46

0 0 1 23 -7 0 12 9

0 1 6 17 -6 31 34 29

0 7 11 81 -3 2 3 24

0 0 19 86 -11 12 33 41

0 4 16 29 -6 6 8 29

0 3 4 90 -3 7 15 28

0 11 17 96 -18 18 33 21

0 7 39 32 -4 9 40 7

0 8 16 62 -14 17 49 16

0 23 42 26 -15 12 31 48

0 24 30 89 -20 28 49 2

0 4 5 31 -5 8 18 41

0 2 10 40 -16 11 15 29

0 1 13 59 -8 10 30 0

0 0 2 6 -20 35 46 29

0 12 21 49 -5 12 27 43


SAlphaB: 1043.0, std-dev 404.9490815353995

Earliest win: 35
Latest win: 81

WinDepth:
0 0 0 0 0 0 0 0 0 0 0 0 0 0 0 0 0 0 0 0 0 0 0 0 0 0 0 0 0 0 0 0 0 0 0 1 0 5 0 1 1 6 2 27 16 19 5 27 45 72 72 203 86 138 100 159 117 161 120 169 145 238 268 286 353 366 428 383 478 413 410 460 406 374 407 425 276 271 206 162 92 72 
SAlphaB:
0 0 0 0 0 0 0 0 0 0 0 0 0 0 0 0 0 0 0 0 0 0 0 0 0 0 0 0 0 0 0 0 0 0 0 1 0 5 0 1 1 6 2 27 16 19 5 27 45 72 72 203 86 138 100 159 117 161 120 169 145 238 268 286 353 366 428 383 478 413 410 460 406 374 407 425 276 271 206 162 92 72 

LossDepth:
SAlphaB:
0 0 0 0 0 0 0 0 0 0 0 0 0 0 0 0 0 0 0 0 0 0 0 0 0 0 0 0 0 0 0 0 0 0 0 1 0 5 0 1 1 6 2 27 16 19 5 27 45 72 72 203 86 138 100 159 117 161 120 169 145 238 268 286 353 366 428 383 478 413 410 460 406 374 407 425 276 271 206 162 92 72 

FirstWin:
0 0 0 0 0 0 0 0 0 0 0 0 0 0 0 0 0 0 0 0 0 0 0 0 0 0 0 0 0 0 0 0 0 0 0 1 0 5 0 1 0 6 0 27 0 19 0 27 0 72 0 203 0 138 0 159 0 161 0 169 0 238 0 286 0 366 0 383 0 413 0 460 0 374 0 425 0 271 0 162 0 72 
SAlphaB:
0 0 0 0 0 0 0 0 0 0 0 0 0 0 0 0 0 0 0 0 0 0 0 0 0 0 0 0 0 0 0 0 0 0 0 1 0 5 0 1 0 6 0 27 0 19 0 27 0 72 0 203 0 138 0 159 0 161 0 169 0 238 0 286 0 366 0 383 0 413 0 460 0 374 0 425 0 271 0 162 0 72 

SecondWin:
0 0 0 0 0 0 0 0 0 0 0 0 0 0 0 0 0 0 0 0 0 0 0 0 0 0 0 0 0 0 0 0 0 0 0 0 0 0 0 0 1 0 2 0 16 0 5 0 45 0 72 0 86 0 100 0 117 0 120 0 145 0 268 0 353 0 428 0 478 0 410 0 406 0 407 0 276 0 206 0 92 0 
SAlphaB:
0 0 0 0 0 0 0 0 0 0 0 0 0 0 0 0 0 0 0 0 0 0 0 0 0 0 0 0 0 0 0 0 0 0 0 0 0 0 0 0 1 0 2 0 16 0 5 0 45 0 72 0 86 0 100 0 117 0 120 0 145 0 268 0 353 0 428 0 478 0 410 0 406 0 407 0 276 0 206 0 92 0 
