0 63 93 70 -1 7 17 19

0 27 60 79 -14 0 4 6

0 31 90 82 -20 5 13 6

0 13 47 94 -8 3 4 15

0 42 51 45 -20 3 7 1

0 55 57 66 -4 2 30 6

0 42 52 34 -6 24 49 10

0 29 96 56 -14 3 4 26

0 55 82 18 -11 6 12 18

0 35 71 95 -16 4 20 41

0 40 50 6 -15 42 45 17

0 38 70 62 -16 3 4 32

0 19 82 58 -17 1 19 28

0 10 48 78 -17 19 32 26

0 50 61 83 -5 8 11 29

0 36 60 30 -15 11 39 27

0 42 95 87 -19 7 37 7

0 42 76 63 -20 0 1 0

0 89 90 35 -18 41 43 48

0 37 93 56 -10 3 42 7

0 1 98 48 -2 1 35 10

0 11 19 1 -8 0 1 21

0 30 38 35 -10 24 37 12

0 20 99 25 -10 10 13 30

0 29 43 81 -20 2 3 34

0 22 68 98 -11 1 6 49

0 7 99 32 -20 1 3 8

0 11 50 9 -12 18 33 12

0 14 71 73 -19 25 41 8

0 18 51 47 -17 2 3 46

0 41 49 43 -14 7 45 1

0 32 54 24 -13 19 24 13

0 18 41 78 -15 18 23 8

0 4 34 8 -9 4 28 23

0 57 68 9 -16 30 45 18

0 17 21 55 -16 20 25 12

0 44 50 94 -9 13 29 7

0 12 95 78 -6 26 46 38

0 2 83 45 -15 13 41 23

0 36 46 59 -11 39 42 25

0 20 89 50 -1 11 12 4

0 7 39 52 -5 21 33 5

0 56 79 90 -11 9 10 24

0 5 10 61 -11 9 38 30

0 4 47 10 -14 26 42 9

0 14 74 96 -14 18 45 43

0 42 62 28 -5 21 46 0

0 55 60 88 -6 23 31 15

0 50 86 21 -8 27 37 44

0 18 45 41 -2 11 39 10

0 51 65 87 -15 14 27 46

0 2 29 24 -20 26 33 23

0 54 59 3 -20 25 41 33

0 13 19 22 -19 1 10 4

0 3 70 26 -13 1 24 32

0 40 82 69 -16 7 38 11

0 48 56 64 -10 21 42 42

0 23 68 81 -14 1 31 30

0 8 38 5 -17 17 30 27

0 3 77 22 -18 2 49 3

0 57 79 40 -1 21 29 42

0 10 89 66 -5 17 29 39

0 0 82 15 -3 4 8 42

0 17 29 90 -1 1 2 33

0 5 46 60 -12 32 36 0

0 6 96 15 -10 16 34 25

0 10 31 95 -14 3 4 33

0 1 3 74 -16 7 13 18

0 6 17 70 -3 11 49 31

0 3 86 24 -4 1 13 40

0 16 25 95 -17 20 47 39

0 4 92 94 -11 2 23 46

0 1 5 57 -15 12 26 46

0 7 12 78 -18 17 33 31

0 21 28 28 -6 0 26 42

0 8 26 23 -18 6 23 40

0 10 74 34 -11 24 45 48

0 5 7 75 -12 4 29 34

0 11 61 58 -11 28 49 47

0 17 28 40 -2 13 15 22

0 7 20 37 -11 9 12 42

0 3 8 1 -20 0 1 45

0 62 71 92 -16 23 48 34

0 14 16 87 -8 0 40 30

0 4 5 37 -1 34 46 28

0 0 19 1 -7 2 37 2

0 2 10 98 -3 20 39 40

0 8 13 24 -18 0 25 43

0 3 10 32 -5 8 13 26

0 1 8 15 -6 0 7 21

0 6 16 5 -20 0 16 20

0 4 42 83 -1 3 36 30

0 0 16 79 -12 15 49 34

0 9 21 96 -5 15 42 44

0 0 2 98 -11 14 16 48

0 0 9 66 -4 8 14 49

0 1 48 66 -9 3 13 36

0 3 6 14 -4 25 28 19

0 5 8 55 -16 12 14 47

0 2 11 35 -9 16 21 39


SAlphaB: 1059.0, std-dev 415.0545668762705

Earliest win: 39
Latest win: 81

WinDepth:
0 0 0 0 0 0 0 0 0 0 0 0 0 0 0 0 0 0 0 0 0 0 0 0 0 0 0 0 0 0 0 0 0 0 0 0 0 0 0 5 12 5 2 8 13 12 19 21 22 65 71 170 40 102 70 177 108 145 172 201 172 211 235 290 297 333 471 400 522 453 496 454 428 425 336 360 250 269 193 141 77 75 
SAlphaB:
0 0 0 0 0 0 0 0 0 0 0 0 0 0 0 0 0 0 0 0 0 0 0 0 0 0 0 0 0 0 0 0 0 0 0 0 0 0 0 5 12 5 2 8 13 12 19 21 22 65 71 170 40 102 70 177 108 145 172 201 172 211 235 290 297 333 471 400 522 453 496 454 428 425 336 360 250 269 193 141 77 75 

LossDepth:
SAlphaB:
0 0 0 0 0 0 0 0 0 0 0 0 0 0 0 0 0 0 0 0 0 0 0 0 0 0 0 0 0 0 0 0 0 0 0 0 0 0 0 5 12 5 2 8 13 12 19 21 22 65 71 170 40 102 70 177 108 145 172 201 172 211 235 290 297 333 471 400 522 453 496 454 428 425 336 360 250 269 193 141 77 75 

FirstWin:
0 0 0 0 0 0 0 0 0 0 0 0 0 0 0 0 0 0 0 0 0 0 0 0 0 0 0 0 0 0 0 0 0 0 0 0 0 0 0 5 0 5 0 8 0 12 0 21 0 65 0 170 0 102 0 177 0 145 0 201 0 211 0 290 0 333 0 400 0 453 0 454 0 425 0 360 0 269 0 141 0 75 
SAlphaB:
0 0 0 0 0 0 0 0 0 0 0 0 0 0 0 0 0 0 0 0 0 0 0 0 0 0 0 0 0 0 0 0 0 0 0 0 0 0 0 5 0 5 0 8 0 12 0 21 0 65 0 170 0 102 0 177 0 145 0 201 0 211 0 290 0 333 0 400 0 453 0 454 0 425 0 360 0 269 0 141 0 75 

SecondWin:
0 0 0 0 0 0 0 0 0 0 0 0 0 0 0 0 0 0 0 0 0 0 0 0 0 0 0 0 0 0 0 0 0 0 0 0 0 0 0 0 12 0 2 0 13 0 19 0 22 0 71 0 40 0 70 0 108 0 172 0 172 0 235 0 297 0 471 0 522 0 496 0 428 0 336 0 250 0 193 0 77 0 
SAlphaB:
0 0 0 0 0 0 0 0 0 0 0 0 0 0 0 0 0 0 0 0 0 0 0 0 0 0 0 0 0 0 0 0 0 0 0 0 0 0 0 0 12 0 2 0 13 0 19 0 22 0 71 0 40 0 70 0 108 0 172 0 172 0 235 0 297 0 471 0 522 0 496 0 428 0 336 0 250 0 193 0 77 0 
