0 41 96 93 -20 7 17 16

0 42 91 38 -16 1 2 27

0 47 93 90 -4 7 32 31

0 69 81 86 -16 6 8 26

0 8 87 68 -13 8 11 18

0 46 65 0 -14 6 19 29

0 90 96 66 -17 17 29 0

0 56 58 8 -5 1 6 13

0 53 76 94 -14 8 36 48

0 24 49 80 -11 0 1 24

0 57 78 56 -16 14 30 14

0 49 86 95 -17 23 35 2

0 42 70 1 -8 15 34 13

0 82 84 98 -11 9 17 20

0 73 77 20 -8 22 26 26

0 72 76 63 -12 0 12 21

0 12 79 80 -8 37 42 17

0 14 67 60 -15 23 28 17

0 13 54 50 -19 13 14 7

0 42 60 91 -17 5 8 18

0 15 88 19 -7 7 15 35

0 43 46 73 -17 1 4 38

0 9 88 66 -13 26 27 8

0 14 23 65 -8 0 2 9

0 40 53 38 -1 14 39 14

0 3 99 83 -16 28 32 41

0 33 95 71 -2 8 10 40

0 3 80 30 -14 13 34 7

0 50 62 41 -13 5 47 22

0 8 88 84 -16 14 37 0

0 36 39 99 -19 18 23 24

0 2 50 87 -4 3 5 6

0 29 80 83 -2 18 36 43

0 26 63 55 -8 35 37 19

0 33 42 93 -8 22 24 27

0 2 50 22 -2 30 49 24

0 49 70 43 -3 13 19 18

0 45 60 96 -20 13 24 45

0 9 46 49 -15 0 7 21

0 53 90 20 -3 9 17 46

0 0 26 25 -12 30 40 39

0 41 77 84 -12 19 27 37

0 43 53 21 -2 2 8 32

0 14 16 53 -20 5 6 19

0 34 81 82 -13 22 31 39

0 75 96 89 -9 6 17 47

0 20 21 68 -4 6 17 20

0 48 72 55 -12 26 35 5

0 5 24 23 -11 2 12 25

0 15 94 94 -12 5 49 44

0 11 12 79 -3 23 26 38

0 18 21 25 -20 36 47 45

0 8 24 39 -12 13 26 35

0 38 67 83 -10 0 4 47

0 7 9 43 -5 22 31 10

0 15 53 23 -13 31 38 34

0 32 79 1 -14 15 27 7

0 17 97 32 -17 19 40 31

0 41 45 75 -17 8 30 4

0 13 14 41 -4 16 40 4

0 91 98 48 -8 0 18 41

0 25 32 35 -4 2 38 0

0 11 21 32 -18 1 2 34

0 33 62 14 -11 11 45 48

0 18 34 0 -8 24 26 31

0 50 77 82 -18 27 37 32

0 45 56 13 -5 22 42 6

0 21 44 29 -5 14 27 24

0 6 50 68 -10 21 45 3

0 68 87 74 -7 29 31 49

0 11 41 0 -4 6 15 41

0 4 28 61 -17 17 41 46

0 11 28 53 -12 16 39 49

0 30 31 11 -3 6 7 15

0 4 29 45 -19 3 29 46

0 36 47 25 -4 4 32 47

0 6 36 63 -5 0 6 25

0 2 12 87 -13 34 35 20

0 12 18 20 -5 2 3 32

0 24 58 91 -20 7 41 25

0 5 10 69 -16 6 31 30

0 0 8 49 -5 12 28 26

0 67 92 78 -11 37 41 27

0 8 76 4 -17 8 11 18

0 13 24 30 -15 4 22 32

0 4 19 33 -5 10 17 31

0 6 29 21 -8 10 11 44

0 2 46 29 -15 1 18 42

0 0 1 84 -8 1 12 23

0 5 17 17 -8 6 11 4

0 2 5 70 -6 11 17 46

0 3 5 41 -7 0 6 34

0 2 3 12 -8 1 2 3

0 27 53 0 -15 18 46 16

0 4 5 28 -4 12 48 23

0 2 40 23 -20 22 40 0

0 16 17 18 -6 10 46 40

0 0 3 23 -20 4 43 27

0 2 8 0 -9 1 6 45

0 2 25 37 -20 44 48 0


SAlphaB: 1034.0, std-dev 416.35053322309017

Earliest win: 37
Latest win: 81

WinDepth:
0 0 0 0 0 0 0 0 0 0 0 0 0 0 0 0 0 0 0 0 0 0 0 0 0 0 0 0 0 0 0 0 0 0 0 0 0 8 0 10 0 10 3 8 16 15 10 35 24 47 71 162 98 137 96 158 122 197 107 175 161 217 240 333 343 405 390 355 418 420 467 499 408 439 369 358 287 271 198 132 107 85 
SAlphaB:
0 0 0 0 0 0 0 0 0 0 0 0 0 0 0 0 0 0 0 0 0 0 0 0 0 0 0 0 0 0 0 0 0 0 0 0 0 8 0 10 0 10 3 8 16 15 10 35 24 47 71 162 98 137 96 158 122 197 107 175 161 217 240 333 343 405 390 355 418 420 467 499 408 439 369 358 287 271 198 132 107 85 

LossDepth:
SAlphaB:
0 0 0 0 0 0 0 0 0 0 0 0 0 0 0 0 0 0 0 0 0 0 0 0 0 0 0 0 0 0 0 0 0 0 0 0 0 8 0 10 0 10 3 8 16 15 10 35 24 47 71 162 98 137 96 158 122 197 107 175 161 217 240 333 343 405 390 355 418 420 467 499 408 439 369 358 287 271 198 132 107 85 

FirstWin:
0 0 0 0 0 0 0 0 0 0 0 0 0 0 0 0 0 0 0 0 0 0 0 0 0 0 0 0 0 0 0 0 0 0 0 0 0 8 0 10 0 10 0 8 0 15 0 35 0 47 0 162 0 137 0 158 0 197 0 175 0 217 0 333 0 405 0 355 0 420 0 499 0 439 0 358 0 271 0 132 0 85 
SAlphaB:
0 0 0 0 0 0 0 0 0 0 0 0 0 0 0 0 0 0 0 0 0 0 0 0 0 0 0 0 0 0 0 0 0 0 0 0 0 8 0 10 0 10 0 8 0 15 0 35 0 47 0 162 0 137 0 158 0 197 0 175 0 217 0 333 0 405 0 355 0 420 0 499 0 439 0 358 0 271 0 132 0 85 

SecondWin:
0 0 0 0 0 0 0 0 0 0 0 0 0 0 0 0 0 0 0 0 0 0 0 0 0 0 0 0 0 0 0 0 0 0 0 0 0 0 0 0 0 0 3 0 16 0 10 0 24 0 71 0 98 0 96 0 122 0 107 0 161 0 240 0 343 0 390 0 418 0 467 0 408 0 369 0 287 0 198 0 107 0 
SAlphaB:
0 0 0 0 0 0 0 0 0 0 0 0 0 0 0 0 0 0 0 0 0 0 0 0 0 0 0 0 0 0 0 0 0 0 0 0 0 0 0 0 0 0 3 0 16 0 10 0 24 0 71 0 98 0 96 0 122 0 107 0 161 0 240 0 343 0 390 0 418 0 467 0 408 0 369 0 287 0 198 0 107 0 
