0 43 95 40 -3 0 1 3

0 35 93 63 -17 0 1 26

0 44 86 65 -17 1 7 39

0 43 86 22 -20 3 15 25

0 36 51 79 -15 3 23 11

0 61 87 49 -8 5 16 34

0 36 96 30 -2 1 12 15

0 75 83 93 -1 15 33 24

0 47 95 88 -14 12 27 3

0 15 20 48 -16 0 1 39

0 31 84 42 -20 14 33 18

0 63 79 30 -2 1 15 21

0 22 81 50 -2 15 27 38

0 7 69 44 -5 0 4 46

0 9 58 55 -16 7 20 28

0 7 65 89 -11 23 27 4

0 57 61 91 -8 8 20 47

0 26 40 10 -4 33 35 5

0 14 70 71 -7 20 44 30

0 93 95 99 -1 0 44 48

0 6 21 58 -7 4 13 4

0 28 45 27 -2 10 35 19

0 7 77 19 -3 23 37 5

0 31 48 14 -7 8 13 30

0 3 22 71 -7 13 22 32

0 7 30 77 -6 20 26 22

0 35 62 81 -15 16 17 35

0 16 43 24 -12 32 47 25

0 9 53 74 -20 7 26 16

0 55 72 73 -11 2 9 26

0 42 69 8 -4 20 33 3

0 8 52 58 -17 12 28 35

0 20 32 36 -6 13 20 6

0 20 65 59 -16 26 49 15

0 24 32 17 -6 10 14 28

0 47 51 24 -20 4 13 49

0 67 69 56 -9 14 26 10

0 46 83 42 -18 23 47 39

0 33 82 49 -13 9 36 11

0 7 19 87 -8 16 19 19

0 35 66 18 -2 0 1 40

0 41 66 39 -3 0 1 35

0 48 49 11 -6 35 41 3

0 64 70 34 -9 2 19 35

0 26 89 96 -5 29 40 40

0 1 26 5 -10 7 10 8

0 38 89 46 -7 0 2 40

0 16 66 41 -7 31 42 29

0 25 88 44 -13 28 32 41

0 2 14 38 -6 9 12 8

0 47 83 66 -10 0 11 41

0 12 63 21 -18 24 32 31

0 13 33 98 -19 20 35 42

0 28 76 4 -11 33 48 11

0 30 64 14 -14 19 22 48

0 12 34 85 -11 6 26 10

0 21 33 33 -1 35 45 3

0 12 31 61 -7 28 29 39

0 27 45 43 -4 10 26 47

0 23 33 47 -9 3 42 25

0 4 31 10 -10 12 16 2

0 17 18 30 -7 8 12 31

0 1 20 49 -14 0 3 37

0 35 36 18 -9 10 23 25

0 10 13 87 -5 35 46 37

0 5 9 79 -9 12 19 3

0 24 79 10 -13 17 26 9

0 4 42 27 -14 12 30 45

0 7 60 74 -15 1 8 43

0 12 20 14 -20 0 1 19

0 6 11 80 -9 7 24 27

0 21 32 99 -6 28 35 42

0 25 98 7 -7 32 42 12

0 9 11 78 -1 14 44 22

0 9 58 71 -3 11 46 40

0 26 46 34 -3 23 31 34

0 3 12 31 -15 10 31 13

0 5 44 62 -18 16 33 14

0 5 7 96 -16 30 43 28

0 2 6 78 -1 8 11 11

0 11 34 8 -20 1 3 44

0 5 43 1 -9 34 45 41

0 20 43 56 -9 26 34 49

0 26 38 60 -1 3 49 49

0 7 14 50 -4 0 42 3

0 6 42 28 -7 26 28 49

0 2 3 23 -19 9 49 16

0 3 25 19 -15 11 45 48

0 5 12 64 -18 3 4 20

0 3 17 17 -3 8 32 20

0 1 2 40 -7 0 31 38

0 14 27 34 -1 18 33 40

0 2 7 99 -8 10 16 47

0 4 12 96 -9 5 12 40

0 3 5 42 -20 21 25 0

0 3 23 20 -11 6 11 44

0 3 19 1 -6 28 48 47

0 1 5 69 -8 1 16 43

0 2 4 53 -5 11 42 1

0 0 1 47 -6 1 44 11


SAlphaB: 1068.0, std-dev 387.56939912925804

Earliest win: 37
Latest win: 81

WinDepth:
0 0 0 0 0 0 0 0 0 0 0 0 0 0 0 0 0 0 0 0 0 0 0 0 0 0 0 0 0 0 0 0 0 0 0 0 0 1 1 1 10 6 2 14 11 16 16 49 37 95 69 220 69 93 80 143 90 200 111 189 145 215 206 327 262 355 413 390 424 400 532 487 420 385 467 357 294 250 206 116 92 66 
SAlphaB:
0 0 0 0 0 0 0 0 0 0 0 0 0 0 0 0 0 0 0 0 0 0 0 0 0 0 0 0 0 0 0 0 0 0 0 0 0 1 1 1 10 6 2 14 11 16 16 49 37 95 69 220 69 93 80 143 90 200 111 189 145 215 206 327 262 355 413 390 424 400 532 487 420 385 467 357 294 250 206 116 92 66 

LossDepth:
SAlphaB:
0 0 0 0 0 0 0 0 0 0 0 0 0 0 0 0 0 0 0 0 0 0 0 0 0 0 0 0 0 0 0 0 0 0 0 0 0 1 1 1 10 6 2 14 11 16 16 49 37 95 69 220 69 93 80 143 90 200 111 189 145 215 206 327 262 355 413 390 424 400 532 487 420 385 467 357 294 250 206 116 92 66 

FirstWin:
0 0 0 0 0 0 0 0 0 0 0 0 0 0 0 0 0 0 0 0 0 0 0 0 0 0 0 0 0 0 0 0 0 0 0 0 0 1 0 1 0 6 0 14 0 16 0 49 0 95 0 220 0 93 0 143 0 200 0 189 0 215 0 327 0 355 0 390 0 400 0 487 0 385 0 357 0 250 0 116 0 66 
SAlphaB:
0 0 0 0 0 0 0 0 0 0 0 0 0 0 0 0 0 0 0 0 0 0 0 0 0 0 0 0 0 0 0 0 0 0 0 0 0 1 0 1 0 6 0 14 0 16 0 49 0 95 0 220 0 93 0 143 0 200 0 189 0 215 0 327 0 355 0 390 0 400 0 487 0 385 0 357 0 250 0 116 0 66 

SecondWin:
0 0 0 0 0 0 0 0 0 0 0 0 0 0 0 0 0 0 0 0 0 0 0 0 0 0 0 0 0 0 0 0 0 0 0 0 0 0 1 0 10 0 2 0 11 0 16 0 37 0 69 0 69 0 80 0 90 0 111 0 145 0 206 0 262 0 413 0 424 0 532 0 420 0 467 0 294 0 206 0 92 0 
SAlphaB:
0 0 0 0 0 0 0 0 0 0 0 0 0 0 0 0 0 0 0 0 0 0 0 0 0 0 0 0 0 0 0 0 0 0 0 0 0 0 1 0 10 0 2 0 11 0 16 0 37 0 69 0 69 0 80 0 90 0 111 0 145 0 206 0 262 0 413 0 424 0 532 0 420 0 467 0 294 0 206 0 92 0 
