0 36 85 63 -2 4 23 12

0 19 43 21 -4 4 16 12

0 41 98 28 -10 7 10 14

0 49 91 69 -9 3 18 27

0 1 61 70 -5 24 26 28

0 5 69 25 -19 16 31 33

0 64 90 2 -16 10 41 28

0 38 50 95 -7 2 16 19

0 23 41 32 -5 2 6 19

0 84 98 74 -1 8 12 43

0 32 60 66 -20 8 11 47

0 34 61 69 -7 3 5 3

0 24 42 50 -9 7 11 7

0 67 75 3 -5 17 48 5

0 37 51 56 -16 6 11 13

0 66 83 23 -12 19 30 31

0 9 72 31 -16 18 49 28

0 68 94 74 -16 13 21 35

0 22 55 13 -9 1 2 25

0 68 88 25 -1 1 18 16

0 44 50 72 -8 33 44 13

0 1 13 31 -2 4 5 5

0 82 92 59 -8 3 48 37

0 21 58 86 -6 7 21 34

0 40 60 74 -8 4 35 30

0 2 53 37 -13 18 32 1

0 15 61 49 -6 8 18 0

0 52 65 43 -7 0 32 34

0 86 89 5 -6 0 22 1

0 38 96 71 -18 19 48 6

0 33 62 56 -3 13 46 12

0 29 48 62 -20 8 28 26

0 24 63 91 -20 31 35 35

0 20 70 96 -4 10 14 45

0 28 41 64 -19 44 49 21

0 44 71 80 -17 17 33 23

0 18 53 56 -15 9 22 46

0 13 71 19 -3 4 18 19

0 3 62 73 -18 0 8 1

0 76 92 14 -20 20 36 19

0 31 46 36 -16 8 9 36

0 31 71 11 -20 5 15 39

0 9 74 33 -1 10 28 26

0 2 8 72 -2 4 5 6

0 16 63 0 -1 15 38 12

0 12 55 17 -17 12 23 43

0 22 55 20 -10 6 14 25

0 22 99 48 -20 13 48 26

0 22 67 48 -17 21 27 13

0 43 52 84 -13 46 47 5

0 43 63 83 -2 31 39 44

0 65 69 47 -20 4 6 47

0 40 66 62 -20 23 41 17

0 0 80 0 -2 0 6 12

0 4 46 64 -8 4 15 30

0 29 31 49 -18 7 38 16

0 3 32 51 -16 8 14 16

0 24 70 23 -10 3 39 38

0 13 65 5 -7 2 5 37

0 17 46 5 -2 0 2 28

0 5 50 45 -8 4 7 28

0 46 64 72 -12 19 28 1

0 0 14 54 -20 5 24 6

0 6 37 44 -13 14 22 31

0 25 50 7 -4 4 13 35

0 35 46 4 -6 24 36 20

0 0 20 95 -2 14 46 7

0 30 41 7 -10 0 48 12

0 12 24 20 -12 9 28 17

0 7 30 35 -12 9 35 10

0 3 44 14 -12 15 47 40

0 2 35 55 -12 8 21 4

0 15 31 50 -19 2 17 44

0 75 76 17 -1 2 12 48

0 8 11 56 -6 8 25 10

0 6 10 66 -3 12 37 30

0 1 15 18 -16 1 2 27

0 1 6 45 -7 0 3 16

0 2 49 46 -11 4 5 33

0 4 10 18 -14 11 25 5

0 12 15 24 -20 5 35 38

0 4 34 82 -11 15 47 34

0 7 32 37 -18 13 47 49

0 2 20 95 -18 0 47 29

0 3 16 68 -18 29 34 25

0 0 3 87 -18 10 15 39

0 4 5 75 -13 14 29 11

0 1 2 96 -19 21 40 15

0 0 1 62 -6 11 33 38

0 0 2 69 -19 17 20 18

0 12 24 39 -15 13 17 42

0 12 20 20 -14 13 14 38

0 9 11 6 -20 10 22 17

0 9 14 78 -19 25 48 48

0 1 9 70 -7 11 28 44

0 7 16 67 -20 5 18 40

0 1 13 32 -6 26 27 33

0 0 2 52 -6 3 4 40

0 2 14 85 -5 6 16 45

0 0 22 8 -13 35 43 4


SAlphaB: 1053.0, std-dev 408.7474895978265

Earliest win: 37
Latest win: 81

WinDepth:
0 0 0 0 0 0 0 0 0 0 0 0 0 0 0 0 0 0 0 0 0 0 0 0 0 0 0 0 0 0 0 0 0 0 0 0 0 4 0 4 0 7 2 15 18 18 3 44 18 68 43 216 68 103 55 181 77 166 149 165 146 218 245 345 334 373 419 422 459 429 443 443 450 396 392 346 276 218 184 144 105 54 
SAlphaB:
0 0 0 0 0 0 0 0 0 0 0 0 0 0 0 0 0 0 0 0 0 0 0 0 0 0 0 0 0 0 0 0 0 0 0 0 0 4 0 4 0 7 2 15 18 18 3 44 18 68 43 216 68 103 55 181 77 166 149 165 146 218 245 345 334 373 419 422 459 429 443 443 450 396 392 346 276 218 184 144 105 54 

LossDepth:
SAlphaB:
0 0 0 0 0 0 0 0 0 0 0 0 0 0 0 0 0 0 0 0 0 0 0 0 0 0 0 0 0 0 0 0 0 0 0 0 0 4 0 4 0 7 2 15 18 18 3 44 18 68 43 216 68 103 55 181 77 166 149 165 146 218 245 345 334 373 419 422 459 429 443 443 450 396 392 346 276 218 184 144 105 54 

FirstWin:
0 0 0 0 0 0 0 0 0 0 0 0 0 0 0 0 0 0 0 0 0 0 0 0 0 0 0 0 0 0 0 0 0 0 0 0 0 4 0 4 0 7 0 15 0 18 0 44 0 68 0 216 0 103 0 181 0 166 0 165 0 218 0 345 0 373 0 422 0 429 0 443 0 396 0 346 0 218 0 144 0 54 
SAlphaB:
0 0 0 0 0 0 0 0 0 0 0 0 0 0 0 0 0 0 0 0 0 0 0 0 0 0 0 0 0 0 0 0 0 0 0 0 0 4 0 4 0 7 0 15 0 18 0 44 0 68 0 216 0 103 0 181 0 166 0 165 0 218 0 345 0 373 0 422 0 429 0 443 0 396 0 346 0 218 0 144 0 54 

SecondWin:
0 0 0 0 0 0 0 0 0 0 0 0 0 0 0 0 0 0 0 0 0 0 0 0 0 0 0 0 0 0 0 0 0 0 0 0 0 0 0 0 0 0 2 0 18 0 3 0 18 0 43 0 68 0 55 0 77 0 149 0 146 0 245 0 334 0 419 0 459 0 443 0 450 0 392 0 276 0 184 0 105 0 
SAlphaB:
0 0 0 0 0 0 0 0 0 0 0 0 0 0 0 0 0 0 0 0 0 0 0 0 0 0 0 0 0 0 0 0 0 0 0 0 0 0 0 0 0 0 2 0 18 0 3 0 18 0 43 0 68 0 55 0 77 0 149 0 146 0 245 0 334 0 419 0 459 0 443 0 450 0 392 0 276 0 184 0 105 0 
