0 22 97 85 -20 1 3 0

0 39 56 28 -16 2 6 3

0 59 94 29 -19 3 7 16

0 0 37 18 -4 10 19 1

0 0 71 60 -10 23 32 16

0 49 94 56 -12 2 45 21

0 29 83 61 -16 1 9 16

0 5 87 24 -2 16 42 16

0 31 60 76 -15 1 2 29

0 53 88 11 -20 12 29 15

0 6 89 49 -14 6 20 32

0 44 74 90 -20 1 25 13

0 28 57 63 -14 4 15 31

0 30 46 13 -12 2 3 1

0 31 88 84 -7 11 14 39

0 76 89 90 -4 4 15 22

0 70 72 6 -17 11 27 20

0 72 88 82 -20 11 27 49

0 36 57 33 -9 20 43 6

0 72 89 69 -18 16 20 29

0 40 58 19 -10 9 41 5

0 26 32 30 -17 0 2 24

0 12 60 32 -1 22 37 17

0 74 75 3 -17 15 33 40

0 30 51 82 -12 42 43 6

0 68 73 70 -1 8 45 3

0 90 98 4 -12 4 47 37

0 68 75 94 -9 2 11 41

0 11 39 95 -6 14 23 19

0 20 41 84 -1 12 19 1

0 31 67 16 -8 0 11 37

0 76 82 80 -6 20 22 0

0 41 91 83 -1 1 2 45

0 70 96 20 -9 9 14 14

0 27 72 63 -10 7 24 38

0 64 78 76 -15 0 2 30

0 27 71 77 -5 13 35 10

0 13 32 66 -15 0 1 16

0 16 44 87 -4 1 8 29

0 17 22 46 -10 8 19 9

0 3 28 30 -14 13 17 15

0 27 91 18 -19 10 29 41

0 12 49 80 -19 27 37 31

0 34 67 73 -16 4 35 24

0 44 69 65 -17 6 35 21

0 45 84 88 -16 9 13 45

0 15 32 66 -2 12 23 28

0 52 93 71 -18 26 40 13

0 64 69 19 -1 1 44 42

0 21 79 85 -11 0 5 43

0 16 71 26 -1 35 41 33

0 88 92 22 -11 3 4 8

0 23 59 62 -8 38 41 41

0 11 52 98 -15 3 4 2

0 12 66 48 -2 5 25 36

0 16 34 65 -9 7 10 9

0 32 40 98 -5 3 4 15

0 28 38 52 -9 32 40 6

0 44 45 49 -1 11 19 14

0 10 38 53 -8 12 17 24

0 28 45 98 -12 7 24 49

0 13 90 85 -12 6 30 27

0 53 71 1 -11 43 48 11

0 21 85 91 -11 2 10 42

0 8 15 86 -8 0 1 35

0 20 68 36 -6 31 36 24

0 16 22 25 -6 13 15 2

0 36 40 90 -2 15 31 10

0 17 68 42 -18 1 10 6

0 49 50 45 -16 18 37 32

0 0 19 89 -17 4 11 36

0 4 48 1 -12 1 18 5

0 1 4 99 -20 0 6 18

0 23 36 20 -16 5 8 48

0 1 11 84 -10 7 40 29

0 0 38 69 -5 1 2 28

0 10 21 43 -2 0 17 29

0 3 5 74 -19 9 15 28

0 19 70 15 -10 25 37 29

0 11 56 3 -17 17 29 33

0 21 76 88 -19 1 46 24

0 2 4 77 -8 11 20 43

0 2 35 72 -15 13 18 38

0 13 19 4 -11 13 36 30

0 17 27 24 -1 10 23 35

0 12 21 69 -13 14 17 37

0 4 11 75 -8 4 5 26

0 12 19 6 -8 18 43 36

0 10 44 4 -20 23 39 48

0 15 19 45 -18 36 47 6

0 13 34 5 -4 9 34 35

0 0 22 31 -13 0 27 38

0 12 15 25 -15 14 36 41

0 4 67 41 -6 4 41 49

0 0 14 93 -19 41 42 11

0 4 15 40 -10 2 18 34

0 0 10 39 -4 39 43 46

0 0 1 48 -14 5 6 27

0 1 2 7 -11 6 32 42

0 0 1 40 -4 10 43 9


SAlphaB: 1045.0, std-dev 411.56493798891347

Earliest win: 37
Latest win: 81

WinDepth:
0 0 0 0 0 0 0 0 0 0 0 0 0 0 0 0 0 0 0 0 0 0 0 0 0 0 0 0 0 0 0 0 0 0 0 0 0 8 1 2 16 10 6 28 8 16 8 33 34 86 50 202 104 144 96 153 113 221 131 187 164 237 254 352 284 373 346 387 506 406 428 416 428 421 363 386 239 264 196 140 100 78 
SAlphaB:
0 0 0 0 0 0 0 0 0 0 0 0 0 0 0 0 0 0 0 0 0 0 0 0 0 0 0 0 0 0 0 0 0 0 0 0 0 8 1 2 16 10 6 28 8 16 8 33 34 86 50 202 104 144 96 153 113 221 131 187 164 237 254 352 284 373 346 387 506 406 428 416 428 421 363 386 239 264 196 140 100 78 

LossDepth:
SAlphaB:
0 0 0 0 0 0 0 0 0 0 0 0 0 0 0 0 0 0 0 0 0 0 0 0 0 0 0 0 0 0 0 0 0 0 0 0 0 8 1 2 16 10 6 28 8 16 8 33 34 86 50 202 104 144 96 153 113 221 131 187 164 237 254 352 284 373 346 387 506 406 428 416 428 421 363 386 239 264 196 140 100 78 

FirstWin:
0 0 0 0 0 0 0 0 0 0 0 0 0 0 0 0 0 0 0 0 0 0 0 0 0 0 0 0 0 0 0 0 0 0 0 0 0 8 0 2 0 10 0 28 0 16 0 33 0 86 0 202 0 144 0 153 0 221 0 187 0 237 0 352 0 373 0 387 0 406 0 416 0 421 0 386 0 264 0 140 0 78 
SAlphaB:
0 0 0 0 0 0 0 0 0 0 0 0 0 0 0 0 0 0 0 0 0 0 0 0 0 0 0 0 0 0 0 0 0 0 0 0 0 8 0 2 0 10 0 28 0 16 0 33 0 86 0 202 0 144 0 153 0 221 0 187 0 237 0 352 0 373 0 387 0 406 0 416 0 421 0 386 0 264 0 140 0 78 

SecondWin:
0 0 0 0 0 0 0 0 0 0 0 0 0 0 0 0 0 0 0 0 0 0 0 0 0 0 0 0 0 0 0 0 0 0 0 0 0 0 1 0 16 0 6 0 8 0 8 0 34 0 50 0 104 0 96 0 113 0 131 0 164 0 254 0 284 0 346 0 506 0 428 0 428 0 363 0 239 0 196 0 100 0 
SAlphaB:
0 0 0 0 0 0 0 0 0 0 0 0 0 0 0 0 0 0 0 0 0 0 0 0 0 0 0 0 0 0 0 0 0 0 0 0 0 0 1 0 16 0 6 0 8 0 8 0 34 0 50 0 104 0 96 0 113 0 131 0 164 0 254 0 284 0 346 0 506 0 428 0 428 0 363 0 239 0 196 0 100 0 
