0 39 79 61 -20 3 13 13

0 32 82 19 -19 0 1 13

0 32 92 89 -5 2 10 12

0 40 94 10 -9 5 12 17

0 28 97 37 -11 12 13 35

0 58 86 51 -9 4 9 28

0 40 47 60 -11 6 19 39

0 16 93 63 -11 6 8 33

0 41 86 27 -7 11 22 11

0 53 57 31 -11 2 5 15

0 31 58 68 -14 5 6 5

0 74 83 35 -1 9 15 32

0 38 75 29 -2 7 26 31

0 58 85 67 -9 0 12 15

0 68 77 34 -4 0 3 20

0 49 84 68 -12 4 10 34

0 35 62 83 -20 6 23 6

0 88 93 94 -4 17 46 48

0 8 65 62 -7 0 3 22

0 60 82 8 -3 13 28 25

0 27 88 62 -12 2 3 48

0 35 72 17 -17 0 1 49

0 29 43 13 -7 31 47 21

0 30 88 89 -14 33 47 22

0 51 59 16 -2 12 28 27

0 27 40 71 -3 2 41 17

0 20 43 85 -5 3 4 43

0 38 80 57 -20 16 46 32

0 13 34 65 -12 0 2 45

0 3 27 26 -19 4 8 8

0 49 62 17 -12 4 5 18

0 36 60 78 -2 23 38 3

0 7 81 50 -5 4 15 12

0 53 81 1 -9 5 16 41

0 16 51 55 -11 1 2 27

0 74 83 60 -17 13 35 44

0 4 17 78 -7 17 21 31

0 46 68 74 -6 22 27 27

0 85 92 7 -18 20 38 38

0 10 82 94 -18 7 31 24

0 14 28 23 -11 2 35 6

0 16 48 45 -8 5 6 43

0 85 87 21 -1 4 7 25

0 1 68 28 -7 6 39 19

0 12 89 92 -9 38 39 46

0 28 89 27 -12 10 14 13

0 0 30 93 -13 25 49 31

0 37 89 48 -17 19 20 9

0 63 84 7 -7 0 6 32

0 26 31 9 -16 4 5 6

0 11 82 60 -20 12 18 44

0 11 32 76 -13 3 9 33

0 5 95 92 -6 1 3 22

0 18 87 96 -14 1 42 7

0 34 51 57 -12 6 31 17

0 45 71 90 -11 15 16 30

0 33 44 96 -9 3 13 45

0 8 78 84 -16 14 36 43

0 15 17 83 -6 28 41 25

0 47 52 15 -13 4 5 28

0 3 78 52 -1 11 49 39

0 34 61 19 -1 22 43 47

0 26 59 18 -17 3 41 44

0 4 11 68 -19 30 38 28

0 43 66 66 -8 30 46 43

0 19 86 18 -3 16 18 41

0 46 51 16 -3 29 42 27

0 25 37 8 -12 35 44 15

0 15 27 14 -2 11 42 7

0 8 32 3 -9 27 29 29

0 9 33 8 -19 20 43 43

0 0 1 66 -16 0 1 21

0 0 77 4 -13 6 9 42

0 5 28 87 -8 18 28 5

0 8 36 9 -16 33 37 26

0 21 24 41 -17 22 48 34

0 1 11 97 -11 11 12 14

0 20 38 0 -14 16 17 3

0 2 25 2 -1 12 29 11

0 0 7 60 -11 10 33 40

0 31 40 44 -4 10 42 40

0 12 56 29 -20 34 48 13

0 6 11 16 -10 15 18 8

0 44 65 93 -12 23 27 28

0 12 45 41 -4 1 12 42

0 8 34 4 -3 6 12 28

0 30 34 51 -20 15 47 37

0 2 11 49 -8 0 1 15

0 19 31 67 -17 5 43 35

0 32 49 80 -1 26 37 0

0 6 13 46 -10 28 35 8

0 3 5 88 -11 20 49 18

0 21 25 18 -15 19 20 47

0 14 49 56 -5 2 43 48

0 8 19 30 -6 1 13 34

0 4 11 92 -14 21 22 1

0 0 2 45 -5 13 47 24

0 5 6 69 -17 5 9 47

0 4 5 11 -16 37 49 4

0 5 17 71 -3 2 14 40


SAlphaB: 1057.0, std-dev 423.1997966431315

Earliest win: 41
Latest win: 81

WinDepth:
0 0 0 0 0 0 0 0 0 0 0 0 0 0 0 0 0 0 0 0 0 0 0 0 0 0 0 0 0 0 0 0 0 0 0 0 0 0 0 0 0 7 6 19 10 26 14 45 39 47 58 132 107 106 95 188 103 178 125 225 153 245 219 310 306 322 402 347 438 402 451 488 388 416 442 358 277 244 203 131 100 66 
SAlphaB:
0 0 0 0 0 0 0 0 0 0 0 0 0 0 0 0 0 0 0 0 0 0 0 0 0 0 0 0 0 0 0 0 0 0 0 0 0 0 0 0 0 7 6 19 10 26 14 45 39 47 58 132 107 106 95 188 103 178 125 225 153 245 219 310 306 322 402 347 438 402 451 488 388 416 442 358 277 244 203 131 100 66 

LossDepth:
SAlphaB:
0 0 0 0 0 0 0 0 0 0 0 0 0 0 0 0 0 0 0 0 0 0 0 0 0 0 0 0 0 0 0 0 0 0 0 0 0 0 0 0 0 7 6 19 10 26 14 45 39 47 58 132 107 106 95 188 103 178 125 225 153 245 219 310 306 322 402 347 438 402 451 488 388 416 442 358 277 244 203 131 100 66 

FirstWin:
0 0 0 0 0 0 0 0 0 0 0 0 0 0 0 0 0 0 0 0 0 0 0 0 0 0 0 0 0 0 0 0 0 0 0 0 0 0 0 0 0 7 0 19 0 26 0 45 0 47 0 132 0 106 0 188 0 178 0 225 0 245 0 310 0 322 0 347 0 402 0 488 0 416 0 358 0 244 0 131 0 66 
SAlphaB:
0 0 0 0 0 0 0 0 0 0 0 0 0 0 0 0 0 0 0 0 0 0 0 0 0 0 0 0 0 0 0 0 0 0 0 0 0 0 0 0 0 7 0 19 0 26 0 45 0 47 0 132 0 106 0 188 0 178 0 225 0 245 0 310 0 322 0 347 0 402 0 488 0 416 0 358 0 244 0 131 0 66 

SecondWin:
0 0 0 0 0 0 0 0 0 0 0 0 0 0 0 0 0 0 0 0 0 0 0 0 0 0 0 0 0 0 0 0 0 0 0 0 0 0 0 0 0 0 6 0 10 0 14 0 39 0 58 0 107 0 95 0 103 0 125 0 153 0 219 0 306 0 402 0 438 0 451 0 388 0 442 0 277 0 203 0 100 0 
SAlphaB:
0 0 0 0 0 0 0 0 0 0 0 0 0 0 0 0 0 0 0 0 0 0 0 0 0 0 0 0 0 0 0 0 0 0 0 0 0 0 0 0 0 0 6 0 10 0 14 0 39 0 58 0 107 0 95 0 103 0 125 0 153 0 219 0 306 0 402 0 438 0 451 0 388 0 442 0 277 0 203 0 100 0 
