0 52 96 31 -8 1 15 14

0 43 72 60 -4 5 31 18

0 41 67 55 -10 5 25 8

0 24 73 20 -16 10 15 2

0 63 93 46 -13 8 21 9

0 58 99 64 -13 1 33 43

0 55 64 77 -18 5 16 49

0 91 99 84 -6 0 1 1

0 77 78 96 -20 8 19 38

0 18 79 46 -19 3 9 19

0 43 87 7 -4 12 17 2

0 46 86 25 -20 6 31 18

0 38 44 53 -6 11 36 35

0 32 38 9 -5 10 19 18

0 33 94 65 -19 8 10 19

0 38 48 70 -6 0 23 24

0 2 31 81 -4 4 10 9

0 83 99 52 -9 4 39 11

0 74 99 67 -6 14 18 6

0 16 54 91 -17 2 3 9

0 26 40 49 -6 7 13 16

0 58 87 45 -5 9 19 8

0 91 94 9 -12 11 21 28

0 55 60 50 -7 4 22 46

0 30 71 29 -1 3 46 5

0 51 54 95 -13 10 29 29

0 77 78 61 -17 7 10 22

0 53 88 6 -6 1 3 21

0 52 73 51 -19 2 4 2

0 31 44 22 -18 3 5 27

0 17 57 3 -2 21 27 16

0 30 75 69 -12 4 19 30

0 14 46 76 -6 24 35 43

0 19 89 74 -6 32 46 20

0 53 77 84 -19 0 1 17

0 53 70 8 -10 7 49 43

0 47 55 59 -1 15 28 49

0 6 50 76 -3 14 18 23

0 6 41 15 -11 0 11 13

0 31 68 64 -6 12 18 47

0 40 83 97 -11 16 44 34

0 16 37 55 -4 26 34 11

0 13 44 81 -5 0 17 32

0 62 63 48 -14 37 48 15

0 62 94 37 -7 36 40 41

0 19 38 12 -15 2 3 32

0 13 48 21 -7 12 18 20

0 12 68 38 -17 0 20 25

0 28 42 20 -7 18 33 7

0 16 33 71 -14 7 12 23

0 20 64 74 -7 5 21 20

0 39 41 20 -4 1 2 17

0 2 99 89 -5 10 11 32

0 9 87 30 -12 10 14 20

0 37 91 65 -11 19 29 36

0 32 36 39 -3 14 30 36

0 4 47 45 -4 45 48 14

0 19 42 91 -9 32 34 24

0 0 8 63 -15 0 1 29

0 2 7 28 -9 3 4 7

0 48 63 62 -2 0 1 20

0 16 20 52 -13 1 10 3

0 11 71 70 -15 12 25 45

0 20 52 40 -16 26 44 28

0 14 35 0 -1 0 14 22

0 0 52 82 -2 34 48 29

0 9 24 78 -16 2 31 4

0 57 80 89 -12 28 46 47

0 46 56 67 -9 17 38 22

0 18 41 61 -15 2 9 45

0 18 74 61 -4 31 32 0

0 0 1 53 -13 5 21 10

0 6 28 82 -16 0 36 31

0 27 46 54 -12 23 48 32

0 10 12 54 -4 1 38 0

0 37 59 30 -14 25 41 21

0 2 44 16 -13 8 21 43

0 59 67 70 -17 27 40 0

0 12 39 68 -2 10 31 35

0 1 2 73 -10 28 39 23

0 30 63 80 -17 12 22 21

0 11 53 13 -16 22 48 17

0 4 30 46 -7 3 45 13

0 4 23 2 -11 7 20 25

0 2 7 65 -14 4 12 26

0 9 17 17 -16 25 37 31

0 22 40 71 -11 11 48 17

0 1 8 92 -15 9 32 38

0 19 20 31 -17 13 16 31

0 4 5 22 -7 26 42 26

0 3 27 32 -12 24 26 3

0 12 34 21 -8 2 28 44

0 1 4 73 -4 4 10 8

0 1 6 33 -5 34 43 39

0 11 28 26 -13 33 44 6

0 3 5 39 -15 36 48 9

0 5 6 28 -8 28 42 44

0 7 37 41 -7 5 27 47

0 3 11 73 -1 3 48 27

0 2 3 84 -8 43 49 29


SAlphaB: 1052.0, std-dev 404.4818993715194

Earliest win: 36
Latest win: 81

WinDepth:
0 0 0 0 0 0 0 0 0 0 0 0 0 0 0 0 0 0 0 0 0 0 0 0 0 0 0 0 0 0 0 0 0 0 0 0 1 5 0 8 3 4 2 21 17 15 20 29 37 61 50 172 99 126 95 158 122 189 149 168 163 261 230 378 347 368 380 407 435 471 408 399 411 410 410 369 238 276 191 143 90 74 
SAlphaB:
0 0 0 0 0 0 0 0 0 0 0 0 0 0 0 0 0 0 0 0 0 0 0 0 0 0 0 0 0 0 0 0 0 0 0 0 1 5 0 8 3 4 2 21 17 15 20 29 37 61 50 172 99 126 95 158 122 189 149 168 163 261 230 378 347 368 380 407 435 471 408 399 411 410 410 369 238 276 191 143 90 74 

LossDepth:
SAlphaB:
0 0 0 0 0 0 0 0 0 0 0 0 0 0 0 0 0 0 0 0 0 0 0 0 0 0 0 0 0 0 0 0 0 0 0 0 1 5 0 8 3 4 2 21 17 15 20 29 37 61 50 172 99 126 95 158 122 189 149 168 163 261 230 378 347 368 380 407 435 471 408 399 411 410 410 369 238 276 191 143 90 74 

FirstWin:
0 0 0 0 0 0 0 0 0 0 0 0 0 0 0 0 0 0 0 0 0 0 0 0 0 0 0 0 0 0 0 0 0 0 0 0 0 5 0 8 0 4 0 21 0 15 0 29 0 61 0 172 0 126 0 158 0 189 0 168 0 261 0 378 0 368 0 407 0 471 0 399 0 410 0 369 0 276 0 143 0 74 
SAlphaB:
0 0 0 0 0 0 0 0 0 0 0 0 0 0 0 0 0 0 0 0 0 0 0 0 0 0 0 0 0 0 0 0 0 0 0 0 0 5 0 8 0 4 0 21 0 15 0 29 0 61 0 172 0 126 0 158 0 189 0 168 0 261 0 378 0 368 0 407 0 471 0 399 0 410 0 369 0 276 0 143 0 74 

SecondWin:
0 0 0 0 0 0 0 0 0 0 0 0 0 0 0 0 0 0 0 0 0 0 0 0 0 0 0 0 0 0 0 0 0 0 0 0 1 0 0 0 3 0 2 0 17 0 20 0 37 0 50 0 99 0 95 0 122 0 149 0 163 0 230 0 347 0 380 0 435 0 408 0 411 0 410 0 238 0 191 0 90 0 
SAlphaB:
0 0 0 0 0 0 0 0 0 0 0 0 0 0 0 0 0 0 0 0 0 0 0 0 0 0 0 0 0 0 0 0 0 0 0 0 1 0 0 0 3 0 2 0 17 0 20 0 37 0 50 0 99 0 95 0 122 0 149 0 163 0 230 0 347 0 380 0 435 0 408 0 411 0 410 0 238 0 191 0 90 0 
