0 25 27 25 -17 0 2 13

0 48 91 31 -3 12 13 20

0 65 74 14 -2 4 11 9

0 24 53 14 -5 5 9 16

0 74 80 82 -15 14 30 39

0 61 70 63 -7 13 17 11

0 18 48 16 -12 0 5 10

0 66 78 50 -19 6 13 6

0 57 72 75 -2 4 20 23

0 20 85 6 -17 2 7 22

0 30 67 36 -15 0 7 23

0 18 69 92 -9 1 9 37

0 29 63 41 -7 4 12 22

0 37 91 83 -6 3 34 25

0 45 47 83 -5 32 46 12

0 19 27 57 -16 14 24 4

0 44 47 20 -12 9 18 20

0 3 37 96 -2 8 17 13

0 29 63 66 -2 4 8 49

0 40 84 49 -10 7 8 32

0 28 30 2 -19 0 1 29

0 15 86 91 -18 18 35 26

0 3 81 90 -6 15 43 22

0 38 99 89 -7 39 41 19

0 15 82 59 -11 1 22 22

0 31 45 26 -1 2 11 16

0 62 98 80 -6 2 37 7

0 27 87 4 -19 19 23 39

0 29 68 91 -16 3 5 46

0 25 41 71 -7 47 49 47

0 28 97 52 -19 39 40 19

0 4 52 0 -2 3 6 15

0 26 77 32 -12 29 34 31

0 27 32 61 -1 47 49 27

0 17 58 66 -19 4 36 44

0 60 71 58 -18 28 49 15

0 37 51 9 -1 0 37 25

0 21 91 46 -12 30 43 12

0 30 43 26 -15 8 14 23

0 6 22 69 -6 6 13 6

0 52 98 84 -13 20 35 10

0 48 77 90 -8 17 21 39

0 1 49 20 -7 20 30 6

0 46 50 39 -12 29 30 9

0 8 16 34 -5 19 22 17

0 26 54 38 -9 4 5 29

0 17 85 37 -18 1 16 1

0 68 75 3 -3 34 40 48

0 11 69 73 -13 39 46 19

0 33 83 86 -5 24 35 23

0 36 40 1 -19 5 11 27

0 15 66 93 -16 23 40 30

0 37 38 0 -20 0 23 15

0 14 61 57 -16 2 33 43

0 30 73 55 -19 28 36 46

0 31 38 47 -8 15 20 6

0 19 31 86 -14 0 29 13

0 55 68 24 -17 7 47 37

0 30 48 19 -16 6 18 36

0 6 46 14 -5 1 13 24

0 20 48 98 -8 14 19 31

0 57 59 7 -14 21 32 14

0 17 58 70 -14 7 38 19

0 8 17 40 -11 27 33 31

0 13 23 74 -18 1 34 37

0 8 32 97 -4 3 18 15

0 7 11 19 -16 0 1 6

0 7 44 73 -20 3 17 26

0 16 49 68 -5 30 33 38

0 0 27 34 -17 6 25 27

0 17 43 75 -1 5 19 42

0 64 83 20 -15 37 38 29

0 0 63 89 -4 3 13 26

0 15 54 12 -7 15 29 15

0 2 3 85 -12 13 27 18

0 2 22 69 -5 16 18 41

0 1 57 7 -13 8 45 48

0 17 56 74 -14 4 44 42

0 46 53 62 -15 17 28 4

0 4 5 59 -20 29 39 20

0 2 5 83 -18 30 43 29

0 5 6 73 -2 13 21 42

0 2 38 27 -2 6 24 27

0 10 19 16 -19 7 36 18

0 5 9 64 -2 18 20 12

0 22 30 72 -5 0 37 17

0 17 26 23 -1 2 3 47

0 11 36 75 -3 7 42 5

0 11 12 40 -17 1 33 12

0 5 34 96 -14 5 46 18

0 0 41 92 -2 15 42 39

0 2 4 95 -16 7 22 24

0 8 12 57 -8 4 41 27

0 5 28 67 -10 16 19 47

0 13 17 37 -18 22 30 45

0 5 37 62 -7 11 44 10

0 1 2 29 -3 11 46 6

0 0 1 66 -2 11 23 32

0 3 9 31 -16 7 32 36

0 5 6 61 -6 40 49 5


SAlphaB: 1046.0, std-dev 411.5980581400336

Earliest win: 37
Latest win: 81

WinDepth:
0 0 0 0 0 0 0 0 0 0 0 0 0 0 0 0 0 0 0 0 0 0 0 0 0 0 0 0 0 0 0 0 0 0 0 0 0 6 0 5 0 5 2 31 10 11 17 32 52 51 117 199 103 147 110 166 148 173 126 187 192 241 251 319 346 396 398 390 410 385 420 382 404 379 409 339 331 240 178 125 109 72 
SAlphaB:
0 0 0 0 0 0 0 0 0 0 0 0 0 0 0 0 0 0 0 0 0 0 0 0 0 0 0 0 0 0 0 0 0 0 0 0 0 6 0 5 0 5 2 31 10 11 17 32 52 51 117 199 103 147 110 166 148 173 126 187 192 241 251 319 346 396 398 390 410 385 420 382 404 379 409 339 331 240 178 125 109 72 

LossDepth:
SAlphaB:
0 0 0 0 0 0 0 0 0 0 0 0 0 0 0 0 0 0 0 0 0 0 0 0 0 0 0 0 0 0 0 0 0 0 0 0 0 6 0 5 0 5 2 31 10 11 17 32 52 51 117 199 103 147 110 166 148 173 126 187 192 241 251 319 346 396 398 390 410 385 420 382 404 379 409 339 331 240 178 125 109 72 

FirstWin:
0 0 0 0 0 0 0 0 0 0 0 0 0 0 0 0 0 0 0 0 0 0 0 0 0 0 0 0 0 0 0 0 0 0 0 0 0 6 0 5 0 5 0 31 0 11 0 32 0 51 0 199 0 147 0 166 0 173 0 187 0 241 0 319 0 396 0 390 0 385 0 382 0 379 0 339 0 240 0 125 0 72 
SAlphaB:
0 0 0 0 0 0 0 0 0 0 0 0 0 0 0 0 0 0 0 0 0 0 0 0 0 0 0 0 0 0 0 0 0 0 0 0 0 6 0 5 0 5 0 31 0 11 0 32 0 51 0 199 0 147 0 166 0 173 0 187 0 241 0 319 0 396 0 390 0 385 0 382 0 379 0 339 0 240 0 125 0 72 

SecondWin:
0 0 0 0 0 0 0 0 0 0 0 0 0 0 0 0 0 0 0 0 0 0 0 0 0 0 0 0 0 0 0 0 0 0 0 0 0 0 0 0 0 0 2 0 10 0 17 0 52 0 117 0 103 0 110 0 148 0 126 0 192 0 251 0 346 0 398 0 410 0 420 0 404 0 409 0 331 0 178 0 109 0 
SAlphaB:
0 0 0 0 0 0 0 0 0 0 0 0 0 0 0 0 0 0 0 0 0 0 0 0 0 0 0 0 0 0 0 0 0 0 0 0 0 0 0 0 0 0 2 0 10 0 17 0 52 0 117 0 103 0 110 0 148 0 126 0 192 0 251 0 346 0 398 0 410 0 420 0 404 0 409 0 331 0 178 0 109 0 
