0 21 42 17 -14 1 3 4

0 64 88 40 -18 8 24 16

0 56 76 65 -9 8 24 6

0 80 83 60 -5 7 21 11

0 24 61 68 -17 1 3 5

0 52 93 20 -2 0 33 20

0 23 81 23 -6 3 7 8

0 32 72 87 -11 0 7 11

0 8 60 55 -6 4 9 2

0 34 88 22 -16 5 17 23
0 28 79 11 -4 5 16 6

0 40 97 76 -6 7 21 10

0 31 87 93 -15 3 9 1

0 42 96 41 -16 3 9 12

0 18 87 94 -11 2 10 18

0 29 83 46 -2 2 19 21

0 28 74 75 -6 2 16 18

0 60 91 60 -14 2 20 27

0 53 95 59 -15 5 15 33

0 31 86 22 -9 0 15 7
0 27 84 33 -5 1 14 8

0 46 66 91 -4 7 24 14

0 23 97 4 -14 2 18 11

0 84 97 62 -15 15 30 22

0 25 60 18 -10 3 6 2

0 19 64 25 -10 0 6 7

0 42 83 21 -9 0 11 25

0 37 96 84 -1 1 13 1

0 24 57 0 -14 1 3 5

0 28 89 37 -2 5 15 10
0 30 99 48 -16 1 3 8

0 40 72 19 -18 2 6 10

0 44 77 11 -16 3 9 26

0 70 82 68 -10 3 25 34

0 34 85 55 -11 1 17 21

0 37 71 87 -11 2 6 3

0 38 65 95 -2 7 23 1

0 24 91 16 -5 1 15 2

0 41 68 99 -16 0 5 15

0 45 95 72 -1 7 24 10
0 36 47 34 -8 3 9 8

0 42 99 33 -2 8 24 3

0 34 79 52 -4 6 18 0

0 49 54 25 -14 3 9 11

0 24 50 4 -1 4 10 9

0 46 82 66 -4 3 9 2

0 25 76 55 -11 2 6 3

0 24 95 25 -14 1 3 15

0 32 61 22 -9 1 3 6

0 39 77 51 -2 10 20 2
0 26 53 16 -17 1 3 8

0 49 74 80 -19 8 29 22

0 49 88 77 -17 7 20 7

0 48 98 21 -2 5 12 4

0 38 57 62 -18 2 6 4

0 29 99 69 -4 4 17 0

0 30 89 31 -2 3 14 3

0 12 46 37 -2 2 5 4

0 27 51 18 -12 3 11 1

0 52 95 61 -18 6 20 33
0 22 99 28 -7 1 13 4

0 55 80 9 -7 9 27 14

0 65 93 47 -12 11 38 18

0 39 51 50 -19 2 6 8

0 38 83 58 -19 1 2 15

0 26 95 75 -8 1 7 8

0 25 62 5 -11 2 5 8

0 32 94 5 -6 6 21 14

0 39 62 70 -20 1 3 10

0 59 95 55 -15 10 34 13
0 43 98 88 -2 9 31 8

0 32 71 36 -1 2 14 11

0 17 98 10 -7 1 10 7

0 36 90 41 -15 4 9 16

0 46 75 6 -15 6 12 3

0 47 88 90 -6 9 28 22

0 18 55 33 -12 1 3 8

0 40 71 6 -17 6 19 28

0 68 96 27 -6 7 21 22

0 24 82 24 -7 0 2 11
0 44 81 35 -8 6 18 1

0 32 70 88 -16 3 9 8

0 38 84 64 -11 2 6 3

0 60 98 24 -3 19 40 40

0 30 93 23 -9 6 16 27

0 21 98 25 -7 1 6 0

0 40 80 32 -1 5 21 5

0 57 82 24 -13 5 15 9

0 18 96 67 -12 1 6 8

0 53 62 57 -7 10 23 8
0 19 29 15 -2 3 9 6

0 14 62 54 -5 2 7 4

0 18 50 29 -3 3 8 5

0 35 73 36 -17 4 12 18

0 33 43 82 -7 5 15 6

0 78 96 16 -5 10 30 23

0 40 89 69 -14 6 16 6

0 42 91 39 -9 7 23 15

0 68 98 95 -13 13 35 5

0 22 40 66 -14 2 5 17
