0 12 46 37 -2 2 5 4

0 35 80 10 -18 0 2 10

0 42 68 86 -6 5 10 24

0 33 73 6 -15 2 10 1

0 29 55 39 -20 0 4 10

0 38 90 17 -9 2 8 3

0 33 97 92 -17 0 10 21

0 31 88 80 -17 0 2 24

0 48 98 58 -17 4 8 5

0 14 29 57 -3 3 10 2

0 36 95 73 -10 0 13 6

0 47 63 54 -1 1 14 16

0 23 68 95 -11 0 1 13

0 48 80 19 -12 2 14 14

0 52 84 46 -19 10 14 24

0 47 52 18 -10 7 27 19

0 26 54 15 -17 1 3 16

0 61 95 59 -15 2 7 27

0 13 56 93 -18 6 11 19

0 51 59 75 -13 0 17 29

0 28 71 63 -2 8 15 2

0 37 73 26 -3 8 27 25

0 50 98 44 -8 0 1 15

0 20 72 67 -1 2 14 14

0 32 83 93 -8 4 14 40

0 24 99 27 -19 0 1 12

0 43 69 58 -10 8 11 5

0 19 44 22 -4 0 7 10

0 82 83 48 -11 13 30 33

0 36 90 59 -18 8 15 27

0 56 81 2 -2 10 35 2

0 22 84 43 -13 0 1 15

0 48 79 50 -19 0 8 11

0 49 68 86 -7 2 5 5

0 81 89 26 -1 7 32 23

0 39 56 7 -18 0 7 10

0 60 92 30 -13 2 5 6

0 44 86 70 -9 2 17 13

0 80 98 52 -10 3 23 0

0 40 65 26 -12 7 30 1

0 18 56 98 -15 0 6 18

0 47 71 39 -8 10 25 7

0 70 75 1 -7 2 21 14

0 71 89 51 -9 4 12 20

0 58 65 51 -19 4 16 29

0 74 88 73 -9 0 8 9

0 72 83 74 -5 22 37 9

0 55 85 86 -20 1 4 35

0 19 66 1 -8 0 3 28

0 42 58 42 -19 0 3 16

0 47 58 30 -6 9 24 4

0 53 96 99 -10 11 33 18

0 41 88 36 -4 6 37 18

0 92 99 17 -17 5 35 15

0 32 75 86 -4 5 22 23

0 79 94 64 -15 7 39 5

0 53 82 84 -9 0 17 28

0 58 60 96 -14 3 11 0

0 63 99 68 -19 9 15 38

0 67 74 88 -10 11 31 17

0 39 93 29 -17 6 28 32

0 14 20 46 -1 2 9 8

0 34 64 69 -3 14 25 25

0 61 66 49 -14 3 16 20

0 87 90 65 -13 12 41 0

0 45 98 91 -16 8 30 38

0 6 16 57 -5 0 2 8

0 86 96 76 -12 19 26 9

0 47 87 93 -16 7 8 23

0 34 51 1 -9 3 17 20

0 37 69 22 -4 16 36 3

0 25 89 30 -1 0 5 5

0 18 54 60 -16 4 13 10

0 22 43 50 -2 2 4 4

0 77 96 72 -4 9 17 0

0 48 56 83 -12 13 41 35

0 46 89 74 -10 0 32 33

0 20 96 95 -6 0 4 24

0 17 97 92 -8 6 14 28

0 11 79 22 -3 6 11 12

0 35 72 22 -15 0 5 46

0 22 57 50 -17 1 10 33

0 12 93 65 -14 0 2 36

0 67 72 5 -9 1 3 24

0 26 70 75 -1 4 11 23

0 72 91 15 -7 5 13 42

0 17 48 68 -9 5 15 2

0 67 85 59 -17 8 12 20

0 9 80 77 -9 22 26 18

0 89 94 47 -9 5 11 17

0 37 90 61 -20 14 43 36

0 26 66 96 -13 40 48 28

0 5 64 61 -12 19 29 13

0 42 61 89 -19 11 17 30

0 60 63 21 -12 8 43 33

0 26 61 21 -6 10 22 19

0 3 83 90 -1 18 43 37

0 34 59 85 -11 11 19 32

0 1 65 82 -20 15 24 6

0 4 83 65 -11 40 48 34


SAlphaB: 756.0, std-dev 259.9667599186986

Earliest win: 35
Latest win: 81

WinDepth:
0 0 0 0 0 0 0 0 0 0 0 0 0 0 0 0 0 0 0 0 0 0 0 0 0 0 0 0 0 0 0 0 0 0 0 4 0 10 13 17 5 16 10 35 29 34 52 212 77 185 104 522 148 345 255 493 362 591 367 607 455 695 634 808 756 931 847 965 924 946 938 847 931 868 885 697 629 471 441 240 200 137 
SAlphaB:
0 0 0 0 0 0 0 0 0 0 0 0 0 0 0 0 0 0 0 0 0 0 0 0 0 0 0 0 0 0 0 0 0 0 0 4 0 10 13 17 5 16 10 35 29 34 52 212 77 185 104 522 148 345 255 493 362 591 367 607 455 695 634 808 756 931 847 965 924 946 938 847 931 868 885 697 629 471 441 240 200 137 

LossDepth:
SAlphaB:
0 0 0 0 0 0 0 0 0 0 0 0 0 0 0 0 0 0 0 0 0 0 0 0 0 0 0 0 0 0 0 0 0 0 0 1 0 4 10 13 2 10 7 20 16 30 37 74 47 97 68 223 103 184 177 257 228 371 238 422 325 457 414 601 519 702 638 736 659 804 720 759 652 721 690 716 485 462 339 232 240 150 

FirstWin:
0 0 0 0 0 0 0 0 0 0 0 0 0 0 0 0 0 0 0 0 0 0 0 0 0 0 0 0 0 0 0 0 0 0 0 4 0 10 0 17 0 16 0 35 0 34 0 212 0 185 0 522 0 345 0 493 0 591 0 607 0 695 0 808 0 931 0 965 0 946 0 847 0 868 0 697 0 471 0 240 0 137 
SAlphaB:
0 0 0 0 0 0 0 0 0 0 0 0 0 0 0 0 0 0 0 0 0 0 0 0 0 0 0 0 0 0 0 0 0 0 0 4 0 10 0 17 0 16 0 35 0 34 0 212 0 185 0 522 0 345 0 493 0 591 0 607 0 695 0 808 0 931 0 965 0 946 0 847 0 868 0 697 0 471 0 240 0 137 

SecondWin:
0 0 0 0 0 0 0 0 0 0 0 0 0 0 0 0 0 0 0 0 0 0 0 0 0 0 0 0 0 0 0 0 0 0 0 0 0 0 13 0 5 0 10 0 29 0 52 0 77 0 104 0 148 0 255 0 362 0 367 0 455 0 634 0 756 0 847 0 924 0 938 0 931 0 885 0 629 0 441 0 200 0 
SAlphaB:
0 0 0 0 0 0 0 0 0 0 0 0 0 0 0 0 0 0 0 0 0 0 0 0 0 0 0 0 0 0 0 0 0 0 0 0 0 0 13 0 5 0 10 0 29 0 52 0 77 0 104 0 148 0 255 0 362 0 367 0 455 0 634 0 756 0 847 0 924 0 938 0 931 0 885 0 629 0 441 0 200 0 
