0 20 72 67 -1 2 14 14

0 81 89 26 -1 7 32 23

0 48 56 83 -12 13 41 35

0 61 95 59 -15 2 7 27

0 42 61 89 -19 11 17 30

0 37 73 26 -3 8 27 25

0 11 79 22 -3 6 11 12

0 19 66 1 -8 0 3 28

0 58 65 51 -19 4 16 29

0 39 56 7 -18 0 7 10

0 22 34 20 -15 0 3 2

0 30 49 53 -15 1 5 5

0 29 66 82 -4 27 49 0

0 15 90 77 -12 16 18 22

0 59 79 24 -4 2 3 19

0 39 57 90 -15 10 34 0

0 14 57 60 -5 13 40 18

0 36 63 64 -5 8 19 21

0 40 68 27 -4 1 16 30

0 50 82 36 -20 23 33 4

0 65 87 70 -3 9 14 7

0 53 73 49 -18 1 19 18

0 7 92 80 -14 8 20 48

0 55 78 8 -15 7 33 42

0 53 98 8 -12 28 49 26

0 34 62 75 -17 2 3 42

0 34 73 16 -3 20 32 4

0 65 73 88 -11 24 32 3

0 57 93 13 -19 1 2 21

0 46 58 51 -11 2 37 2

0 51 71 91 -8 2 16 33

0 40 48 70 -6 14 19 9

0 22 32 45 -12 0 4 31

0 30 92 27 -12 16 21 24

0 79 85 61 -10 18 19 42

0 16 23 59 -2 5 20 3

0 29 99 23 -11 0 2 43

0 1 90 85 -9 0 1 37

0 56 62 60 -7 10 18 44

0 87 94 48 -3 24 47 44

0 55 63 57 -11 15 38 49

0 59 87 36 -17 7 48 35

0 50 72 46 -19 2 36 32

0 40 41 96 -20 0 1 4

0 90 97 43 -16 6 11 43

0 23 42 2 -14 30 47 33

0 49 81 79 -19 26 35 3

0 38 63 74 -2 23 41 1

0 1 32 38 -9 6 9 28

0 10 73 37 -7 20 48 9

0 24 98 95 -11 37 49 40

0 12 74 33 -10 15 38 5

0 72 80 9 -20 23 44 30

0 1 37 89 -10 11 25 31

0 65 71 37 -13 32 43 37

0 28 57 58 -2 15 31 45

0 35 47 95 -16 30 42 40

0 40 90 43 -7 30 42 39

0 12 72 9 -18 3 20 42

0 5 51 0 -16 4 6 14

0 20 30 57 -3 15 16 35

0 3 58 70 -12 21 24 35

0 8 47 12 -2 43 48 11

0 13 80 16 -17 43 48 45

0 1 31 86 -15 43 47 13

0 62 84 79 -15 28 47 39

0 2 58 12 -3 8 44 9

0 41 69 69 -11 22 35 38

0 43 49 31 -10 30 31 33

0 0 86 0 -14 15 49 22

0 22 55 78 -16 34 42 20

0 0 2 88 -3 3 17 15

0 8 13 98 -11 19 23 34

0 6 77 66 -14 13 46 36

0 39 65 44 -20 19 20 11

0 3 20 73 -6 1 18 3

0 14 51 90 -9 9 40 25

0 8 29 94 -18 11 41 22

0 0 4 86 -15 10 15 10

0 11 29 56 -3 0 40 18

0 8 10 77 -14 7 12 9

0 8 51 20 -10 34 38 37

0 7 73 88 -2 5 18 47

0 3 23 65 -8 25 42 1

0 13 54 71 -7 4 36 36

0 5 23 95 -20 16 23 42

0 8 10 44 -18 11 12 46

0 10 58 31 -1 22 26 27

0 0 4 49 -4 35 43 36

0 5 30 24 -11 3 20 34

0 5 9 92 -18 27 41 20

0 7 21 80 -16 8 25 2

0 2 3 95 -20 6 43 37

0 9 24 70 -10 16 41 15

0 6 9 95 -6 1 2 40

0 0 9 46 -3 0 1 26

0 3 8 42 -17 5 32 10

0 5 7 45 -5 2 36 27

0 2 4 50 -5 1 2 18

0 6 7 52 -10 18 35 41


SAlphaB: 707.0, std-dev 268.8562429885894

Earliest win: 35
Latest win: 81

WinDepth:
0 0 0 0 0 0 0 0 0 0 0 0 0 0 0 0 0 0 0 0 0 0 0 0 0 0 0 0 0 0 0 0 0 0 0 6 0 9 0 6 2 5 1 13 7 18 22 29 21 60 53 175 80 114 58 188 129 189 130 216 161 264 255 328 296 358 419 437 406 440 437 454 426 388 384 381 245 248 197 123 100 76 
SAlphaB:
0 0 0 0 0 0 0 0 0 0 0 0 0 0 0 0 0 0 0 0 0 0 0 0 0 0 0 0 0 0 0 0 0 0 0 6 0 9 0 6 2 5 1 13 7 18 22 29 21 60 53 175 80 114 58 188 129 189 130 216 161 264 255 328 296 358 419 437 406 440 437 454 426 388 384 381 245 248 197 123 100 76 

LossDepth:
SAlphaB:
0 0 0 0 0 0 0 0 0 0 0 0 0 0 0 0 0 0 0 0 0 0 0 0 0 0 0 0 0 0 0 0 0 0 0 6 0 9 0 6 2 5 1 13 7 18 22 29 21 60 53 175 80 114 58 188 129 189 130 216 161 264 255 328 296 358 419 437 406 440 437 454 426 388 384 381 245 248 197 123 100 76 

FirstWin:
0 0 0 0 0 0 0 0 0 0 0 0 0 0 0 0 0 0 0 0 0 0 0 0 0 0 0 0 0 0 0 0 0 0 0 6 0 9 0 6 0 5 0 13 0 18 0 29 0 60 0 175 0 114 0 188 0 189 0 216 0 264 0 328 0 358 0 437 0 440 0 454 0 388 0 381 0 248 0 123 0 76 
SAlphaB:
0 0 0 0 0 0 0 0 0 0 0 0 0 0 0 0 0 0 0 0 0 0 0 0 0 0 0 0 0 0 0 0 0 0 0 6 0 9 0 6 0 5 0 13 0 18 0 29 0 60 0 175 0 114 0 188 0 189 0 216 0 264 0 328 0 358 0 437 0 440 0 454 0 388 0 381 0 248 0 123 0 76 

SecondWin:
0 0 0 0 0 0 0 0 0 0 0 0 0 0 0 0 0 0 0 0 0 0 0 0 0 0 0 0 0 0 0 0 0 0 0 0 0 0 0 0 2 0 1 0 7 0 22 0 21 0 53 0 80 0 58 0 129 0 130 0 161 0 255 0 296 0 419 0 406 0 437 0 426 0 384 0 245 0 197 0 100 0 
SAlphaB:
0 0 0 0 0 0 0 0 0 0 0 0 0 0 0 0 0 0 0 0 0 0 0 0 0 0 0 0 0 0 0 0 0 0 0 0 0 0 0 0 2 0 1 0 7 0 22 0 21 0 53 0 80 0 58 0 129 0 130 0 161 0 255 0 296 0 419 0 406 0 437 0 426 0 384 0 245 0 197 0 100 0 
