0 50 98 44 -8 0 1 15

0 22 57 50 -17 1 10 33

0 72 83 74 -5 22 37 9

0 35 72 22 -15 0 5 46

0 37 69 22 -4 16 36 3

0 3 83 90 -1 18 43 37

0 51 59 75 -13 0 17 29

0 38 90 17 -9 2 8 3

0 47 63 54 -1 1 14 16

0 72 91 15 -7 5 13 42

0 56 68 0 -9 10 25 12

0 42 81 25 -14 6 9 7

0 41 59 91 -8 8 12 33

0 31 73 12 -12 13 16 5

0 25 62 24 -8 3 21 24

0 34 78 3 -9 3 5 32

0 32 85 33 -17 2 9 26

0 90 97 14 -17 0 39 33

0 4 71 92 -12 20 44 12

0 15 81 92 -7 20 34 8

0 10 75 91 -3 11 29 41

0 60 65 5 -4 12 17 37

0 26 95 79 -1 18 23 27

0 61 94 57 -15 3 42 10

0 26 42 27 -13 2 23 2

0 58 81 97 -3 4 42 47

0 39 58 58 -6 29 40 15

0 8 44 88 -12 12 35 13

0 34 69 91 -5 34 37 26

0 46 59 49 -2 1 5 42

0 24 83 28 -10 26 43 4

0 20 93 44 -10 3 8 40

0 32 87 97 -20 35 37 18

0 0 66 26 -6 30 43 27

0 7 93 99 -3 8 18 27

0 23 33 44 -17 13 15 16

0 8 30 16 -16 22 33 27

0 11 66 83 -12 16 40 44

0 35 39 33 -4 14 21 1

0 40 80 39 -13 2 36 4

0 33 76 54 -15 15 19 13

0 75 97 0 -4 26 30 6

0 42 43 52 -17 15 41 43

0 0 52 59 -11 13 29 7

0 19 34 48 -11 27 31 43

0 40 64 54 -10 26 28 3

0 80 99 17 -12 19 37 44

0 85 88 41 -13 2 25 40

0 1 26 84 -8 18 34 42

0 56 95 3 -18 34 45 6

0 11 58 97 -4 18 24 26

0 16 27 33 -16 2 4 26

0 6 12 62 -20 7 11 31

0 63 95 11 -18 5 33 46

0 21 85 20 -12 8 34 42

0 11 79 8 -8 20 35 48

0 18 20 95 -15 16 28 10

0 17 91 98 -14 25 28 3

0 41 57 75 -6 5 6 45

0 5 41 91 -14 25 26 34

0 1 29 53 -2 22 38 46

0 20 42 62 -12 2 31 36

0 30 48 18 -6 12 40 26

0 17 40 42 -12 2 5 42

0 9 56 44 -6 13 31 39

0 23 28 89 -14 16 20 16

0 10 35 54 -12 4 7 31

0 5 8 91 -18 36 38 40

0 18 30 56 -5 3 37 19

0 18 69 13 -10 13 22 11

0 3 25 62 -18 22 29 20

0 51 86 8 -6 40 45 5

0 6 15 62 -8 2 4 40

0 17 28 61 -1 21 23 38

0 20 21 14 -16 4 15 18

0 6 32 0 -17 19 31 9

0 51 71 69 -10 23 24 9

0 22 27 56 -7 4 46 15

0 8 9 63 -6 17 22 12

0 1 17 77 -17 7 27 46

0 37 86 68 -16 27 43 48

0 8 11 40 -10 4 5 30

0 28 73 8 -10 28 44 20

0 24 94 16 -7 0 1 42

0 13 15 15 -13 11 41 21

0 33 41 18 -20 1 2 38

0 11 40 21 -8 30 41 29

0 25 55 52 -11 10 40 43

0 2 5 73 -9 2 15 13

0 40 76 48 -3 0 2 44

0 8 14 13 -4 12 31 31

0 9 17 10 -19 2 18 29

0 18 20 15 -12 0 49 7

0 8 14 34 -15 1 4 35

0 6 8 62 -5 10 30 49

0 0 1 63 -10 8 24 20

0 23 42 8 -3 27 40 46

0 2 4 35 -7 0 1 33

0 3 11 36 -6 14 37 30

0 12 24 42 -17 35 46 16


SAlphaB: 725.0, std-dev 270.8641431426538

Earliest win: 37
Latest win: 81

WinDepth:
0 0 0 0 0 0 0 0 0 0 0 0 0 0 0 0 0 0 0 0 0 0 0 0 0 0 0 0 0 0 0 0 0 0 0 0 0 1 0 4 2 1 6 12 0 14 23 24 40 74 64 253 67 105 86 141 97 182 118 182 130 250 257 351 329 400 392 385 462 450 464 430 411 425 397 369 298 270 197 129 103 95 
SAlphaB:
0 0 0 0 0 0 0 0 0 0 0 0 0 0 0 0 0 0 0 0 0 0 0 0 0 0 0 0 0 0 0 0 0 0 0 0 0 1 0 4 2 1 6 12 0 14 23 24 40 74 64 253 67 105 86 141 97 182 118 182 130 250 257 351 329 400 392 385 462 450 464 430 411 425 397 369 298 270 197 129 103 95 

LossDepth:
SAlphaB:
0 0 0 0 0 0 0 0 0 0 0 0 0 0 0 0 0 0 0 0 0 0 0 0 0 0 0 0 0 0 0 0 0 0 0 0 0 1 0 4 2 1 6 12 0 14 23 24 40 74 64 253 67 105 86 141 97 182 118 182 130 250 257 351 329 400 392 385 462 450 464 430 411 425 397 369 298 270 197 129 103 95 

FirstWin:
0 0 0 0 0 0 0 0 0 0 0 0 0 0 0 0 0 0 0 0 0 0 0 0 0 0 0 0 0 0 0 0 0 0 0 0 0 1 0 4 0 1 0 12 0 14 0 24 0 74 0 253 0 105 0 141 0 182 0 182 0 250 0 351 0 400 0 385 0 450 0 430 0 425 0 369 0 270 0 129 0 95 
SAlphaB:
0 0 0 0 0 0 0 0 0 0 0 0 0 0 0 0 0 0 0 0 0 0 0 0 0 0 0 0 0 0 0 0 0 0 0 0 0 1 0 4 0 1 0 12 0 14 0 24 0 74 0 253 0 105 0 141 0 182 0 182 0 250 0 351 0 400 0 385 0 450 0 430 0 425 0 369 0 270 0 129 0 95 

SecondWin:
0 0 0 0 0 0 0 0 0 0 0 0 0 0 0 0 0 0 0 0 0 0 0 0 0 0 0 0 0 0 0 0 0 0 0 0 0 0 0 0 2 0 6 0 0 0 23 0 40 0 64 0 67 0 86 0 97 0 118 0 130 0 257 0 329 0 392 0 462 0 464 0 411 0 397 0 298 0 197 0 103 0 
SAlphaB:
0 0 0 0 0 0 0 0 0 0 0 0 0 0 0 0 0 0 0 0 0 0 0 0 0 0 0 0 0 0 0 0 0 0 0 0 0 0 0 0 2 0 6 0 0 0 23 0 40 0 64 0 67 0 86 0 97 0 118 0 130 0 257 0 329 0 392 0 462 0 464 0 411 0 397 0 298 0 197 0 103 0 
