0 22 84 43 -13 0 1 15

0 48 80 19 -12 2 14 14

0 36 95 73 -10 0 13 6

0 25 89 30 -1 0 5 5

0 77 96 72 -4 9 17 0

0 44 86 70 -9 2 17 13

0 49 68 86 -7 2 5 5

0 48 98 58 -17 4 8 5

0 70 75 1 -7 2 21 14

0 40 65 26 -12 7 30 1

0 45 49 96 -11 6 19 22

0 41 94 64 -16 13 43 40

0 20 84 17 -17 0 1 48

0 15 63 45 -10 26 46 5

0 58 68 60 -16 8 11 27

0 19 41 21 -11 8 10 21

0 47 79 35 -15 13 17 4

0 26 90 84 -15 5 8 13

0 42 76 72 -18 21 30 17

0 74 89 31 -17 7 31 3

0 83 91 38 -20 1 14 29

0 12 60 97 -17 29 46 9

0 4 64 11 -19 6 17 2

0 9 82 56 -18 19 30 19

0 21 84 87 -5 18 25 5

0 44 53 10 -2 2 30 45

0 46 90 5 -6 8 10 32

0 80 84 33 -1 19 28 19

0 38 45 59 -12 41 49 32

0 20 49 75 -10 8 24 13

0 4 59 53 -12 22 38 21

0 11 56 34 -4 10 15 30

0 34 57 98 -14 8 11 11

0 10 47 86 -4 8 11 4

0 97 98 7 -16 0 6 21

0 22 91 65 -12 20 47 16

0 29 49 96 -1 2 3 21

0 65 70 51 -5 14 35 28

0 36 82 1 -1 1 5 18

0 14 35 86 -5 12 25 31

0 28 42 24 -3 5 14 38

0 67 98 53 -19 34 40 37

0 47 52 29 -5 16 40 49

0 37 87 54 -12 39 48 22

0 29 71 12 -7 12 18 1

0 50 77 45 -6 26 38 30

0 23 25 28 -14 12 15 13

0 28 40 92 -8 6 22 3

0 83 89 9 -6 38 41 43

0 25 62 89 -12 5 21 41

0 28 43 81 -17 7 34 28

0 8 52 6 -18 19 43 38

0 8 25 46 -15 5 20 11

0 21 28 41 -6 0 24 33

0 46 57 5 -19 22 49 44

0 8 24 70 -2 11 16 30

0 16 53 56 -7 3 46 18

0 5 78 68 -5 0 37 25

0 6 28 35 -20 3 23 35

0 51 74 79 -14 0 1 47

0 37 65 41 -16 32 42 8

0 37 58 86 -7 8 22 34

0 42 87 64 -2 24 40 38

0 12 96 33 -9 16 42 34

0 10 97 31 -6 10 19 23

0 8 14 86 -15 6 36 19

0 7 22 71 -16 12 26 22

0 1 32 38 -10 13 24 25

0 19 41 5 -17 2 14 37

0 13 22 5 -19 7 33 20

0 0 78 29 -4 5 7 39

0 35 48 63 -5 1 2 48

0 27 39 57 -2 14 18 30

0 7 51 79 -3 29 45 43

0 53 82 16 -6 4 7 45

0 46 97 29 -19 40 41 32

0 34 63 68 -4 27 32 3

0 3 7 99 -16 7 27 6

0 0 32 70 -4 11 12 36

0 0 51 36 -8 20 23 41

0 0 1 66 -1 39 41 16

0 1 28 65 -18 11 48 19

0 67 99 62 -20 25 39 5

0 20 25 49 -3 15 32 45

0 9 12 80 -20 14 36 43

0 13 33 33 -17 14 19 4

0 33 62 27 -18 41 49 1

0 5 52 86 -10 2 5 44

0 23 38 40 -1 5 8 27

0 2 6 52 -3 5 39 40

0 4 57 98 -5 9 10 46

0 7 11 15 -15 0 6 3

0 31 36 80 -2 9 11 37

0 3 10 52 -8 4 12 38

0 3 7 14 -9 7 33 47

0 0 15 24 -9 34 37 46

0 11 39 21 -7 22 31 39

0 6 28 22 -4 4 42 5

0 2 21 93 -8 4 6 49

0 2 4 15 -12 21 31 0


SAlphaB: 738.0, std-dev 276.849456593582

Earliest win: 37
Latest win: 81

WinDepth:
0 0 0 0 0 0 0 0 0 0 0 0 0 0 0 0 0 0 0 0 0 0 0 0 0 0 0 0 0 0 0 0 0 0 0 0 0 1 0 4 2 3 1 24 10 13 11 65 42 81 49 166 90 173 123 161 139 189 167 158 148 221 224 334 323 328 391 383 448 389 485 437 445 427 390 347 273 244 206 143 87 82 
SAlphaB:
0 0 0 0 0 0 0 0 0 0 0 0 0 0 0 0 0 0 0 0 0 0 0 0 0 0 0 0 0 0 0 0 0 0 0 0 0 1 0 4 2 3 1 24 10 13 11 65 42 81 49 166 90 173 123 161 139 189 167 158 148 221 224 334 323 328 391 383 448 389 485 437 445 427 390 347 273 244 206 143 87 82 

LossDepth:
SAlphaB:
0 0 0 0 0 0 0 0 0 0 0 0 0 0 0 0 0 0 0 0 0 0 0 0 0 0 0 0 0 0 0 0 0 0 0 0 0 1 0 4 2 3 1 24 10 13 11 65 42 81 49 166 90 173 123 161 139 189 167 158 148 221 224 334 323 328 391 383 448 389 485 437 445 427 390 347 273 244 206 143 87 82 

FirstWin:
0 0 0 0 0 0 0 0 0 0 0 0 0 0 0 0 0 0 0 0 0 0 0 0 0 0 0 0 0 0 0 0 0 0 0 0 0 1 0 4 0 3 0 24 0 13 0 65 0 81 0 166 0 173 0 161 0 189 0 158 0 221 0 334 0 328 0 383 0 389 0 437 0 427 0 347 0 244 0 143 0 82 
SAlphaB:
0 0 0 0 0 0 0 0 0 0 0 0 0 0 0 0 0 0 0 0 0 0 0 0 0 0 0 0 0 0 0 0 0 0 0 0 0 1 0 4 0 3 0 24 0 13 0 65 0 81 0 166 0 173 0 161 0 189 0 158 0 221 0 334 0 328 0 383 0 389 0 437 0 427 0 347 0 244 0 143 0 82 

SecondWin:
0 0 0 0 0 0 0 0 0 0 0 0 0 0 0 0 0 0 0 0 0 0 0 0 0 0 0 0 0 0 0 0 0 0 0 0 0 0 0 0 2 0 1 0 10 0 11 0 42 0 49 0 90 0 123 0 139 0 167 0 148 0 224 0 323 0 391 0 448 0 485 0 445 0 390 0 273 0 206 0 87 0 
SAlphaB:
0 0 0 0 0 0 0 0 0 0 0 0 0 0 0 0 0 0 0 0 0 0 0 0 0 0 0 0 0 0 0 0 0 0 0 0 0 0 0 0 2 0 1 0 10 0 11 0 42 0 49 0 90 0 123 0 139 0 167 0 148 0 224 0 323 0 391 0 448 0 485 0 445 0 390 0 273 0 206 0 87 0 
