0 53 96 99 -10 11 33 18

0 32 83 93 -8 4 14 40

0 45 98 91 -16 8 30 38

0 79 94 64 -15 7 39 5

0 63 99 68 -19 9 15 38

0 67 72 5 -9 1 3 24

0 47 52 18 -10 7 27 19

0 37 90 61 -20 14 43 36

0 34 64 69 -3 14 25 25

0 80 98 52 -10 3 23 0

0 50 64 28 -17 12 25 5

0 25 45 78 -19 15 34 0

0 56 83 47 -20 12 16 19

0 35 57 54 -12 1 29 21

0 44 84 25 -14 2 23 49

0 20 44 72 -17 2 3 13

0 2 74 41 -7 18 35 16

0 48 60 11 -9 6 8 10

0 11 13 83 -13 0 1 29

0 32 98 25 -4 3 7 16

0 43 46 10 -1 10 19 22

0 36 92 7 -11 15 48 45

0 36 75 69 -6 0 5 32

0 20 43 16 -20 31 48 32

0 25 83 8 -11 7 8 47

0 77 83 51 -9 8 34 24

0 70 88 76 -3 23 32 43

0 20 32 44 -3 28 37 16

0 17 23 38 -1 32 46 30

0 48 61 71 -5 19 20 9

0 40 81 49 -19 18 47 48

0 34 45 41 -4 10 29 8

0 12 47 84 -8 30 47 29

0 0 82 9 -19 3 31 33

0 15 93 93 -20 6 8 38

0 5 94 95 -18 20 29 14

0 40 66 93 -1 28 48 24

0 47 96 85 -3 30 42 29

0 45 65 3 -2 4 13 45

0 16 43 88 -16 21 37 25

0 2 99 77 -10 0 1 38

0 18 21 38 -19 10 12 2

0 11 21 92 -9 1 3 35

0 11 78 35 -16 13 42 4

0 6 42 67 -19 0 2 46

0 2 33 17 -9 11 16 3

0 8 86 94 -20 10 42 15

0 24 28 93 -17 7 9 28

0 26 62 87 -2 15 27 37

0 7 29 14 -13 0 19 18

0 35 39 13 -12 22 30 6

0 1 71 8 -15 1 31 38

0 37 41 48 -12 28 46 31

0 62 86 96 -6 27 34 46

0 40 52 20 -1 0 14 48

0 1 52 25 -16 1 19 22

0 12 17 49 -6 1 16 15

0 3 98 56 -6 1 2 26

0 32 58 39 -19 29 32 24

0 5 94 78 -2 5 9 40

0 38 43 57 -8 2 5 40

0 82 83 38 -16 40 47 17

0 3 24 54 -6 5 33 11

0 9 18 95 -19 8 43 33

0 24 47 20 -10 12 15 0

0 18 51 13 -9 23 28 41

0 8 10 66 -17 3 6 29

0 12 34 78 -17 13 44 18

0 1 9 78 -14 15 37 7

0 0 12 22 -4 2 7 16

0 6 25 66 -7 30 48 30

0 0 22 31 -13 25 42 25

0 12 16 10 -11 4 26 10

0 24 38 41 -17 14 47 2

0 9 11 42 -4 43 44 21

0 0 1 8 -3 16 36 1

0 1 38 2 -19 18 29 45

0 10 33 63 -11 16 34 44

0 2 5 87 -11 9 34 23

0 8 18 8 -9 32 49 28

0 17 18 91 -7 6 10 41

0 4 31 24 -14 20 49 42

0 15 34 50 -13 6 11 44

0 4 9 69 -17 5 7 42

0 18 44 19 -12 22 23 44

0 17 18 52 -1 10 46 36

0 2 18 68 -19 30 46 32

0 10 16 87 -6 1 5 26

0 23 85 40 -5 27 30 23

0 5 52 25 -15 8 21 37

0 2 5 73 -1 0 1 32

0 13 33 91 -10 1 9 49

0 5 14 45 -3 22 27 13

0 17 31 69 -2 2 43 33

0 0 1 65 -9 3 38 23

0 0 11 80 -18 2 3 45

0 0 2 25 -17 20 36 39

0 5 6 3 -18 32 37 4

0 0 1 6 -12 0 1 40

0 2 5 24 -7 39 41 43


SAlphaB: 701.0, std-dev 267.9291675767755

Earliest win: 37
Latest win: 81

WinDepth:
0 0 0 0 0 0 0 0 0 0 0 0 0 0 0 0 0 0 0 0 0 0 0 0 0 0 0 0 0 0 0 0 0 0 0 0 0 10 4 5 1 5 3 17 16 20 16 35 19 82 61 226 58 139 88 198 116 139 122 173 153 280 224 333 277 312 376 350 467 414 518 466 430 364 394 357 269 258 199 133 97 87 
SAlphaB:
0 0 0 0 0 0 0 0 0 0 0 0 0 0 0 0 0 0 0 0 0 0 0 0 0 0 0 0 0 0 0 0 0 0 0 0 0 10 4 5 1 5 3 17 16 20 16 35 19 82 61 226 58 139 88 198 116 139 122 173 153 280 224 333 277 312 376 350 467 414 518 466 430 364 394 357 269 258 199 133 97 87 

LossDepth:
SAlphaB:
0 0 0 0 0 0 0 0 0 0 0 0 0 0 0 0 0 0 0 0 0 0 0 0 0 0 0 0 0 0 0 0 0 0 0 0 0 10 4 5 1 5 3 17 16 20 16 35 19 82 61 226 58 139 88 198 116 139 122 173 153 280 224 333 277 312 376 350 467 414 518 466 430 364 394 357 269 258 199 133 97 87 

FirstWin:
0 0 0 0 0 0 0 0 0 0 0 0 0 0 0 0 0 0 0 0 0 0 0 0 0 0 0 0 0 0 0 0 0 0 0 0 0 10 0 5 0 5 0 17 0 20 0 35 0 82 0 226 0 139 0 198 0 139 0 173 0 280 0 333 0 312 0 350 0 414 0 466 0 364 0 357 0 258 0 133 0 87 
SAlphaB:
0 0 0 0 0 0 0 0 0 0 0 0 0 0 0 0 0 0 0 0 0 0 0 0 0 0 0 0 0 0 0 0 0 0 0 0 0 10 0 5 0 5 0 17 0 20 0 35 0 82 0 226 0 139 0 198 0 139 0 173 0 280 0 333 0 312 0 350 0 414 0 466 0 364 0 357 0 258 0 133 0 87 

SecondWin:
0 0 0 0 0 0 0 0 0 0 0 0 0 0 0 0 0 0 0 0 0 0 0 0 0 0 0 0 0 0 0 0 0 0 0 0 0 0 4 0 1 0 3 0 16 0 16 0 19 0 61 0 58 0 88 0 116 0 122 0 153 0 224 0 277 0 376 0 467 0 518 0 430 0 394 0 269 0 199 0 97 0 
SAlphaB:
0 0 0 0 0 0 0 0 0 0 0 0 0 0 0 0 0 0 0 0 0 0 0 0 0 0 0 0 0 0 0 0 0 0 0 0 0 0 4 0 1 0 3 0 16 0 16 0 19 0 61 0 58 0 88 0 116 0 122 0 153 0 224 0 277 0 376 0 467 0 518 0 430 0 394 0 269 0 199 0 97 0 
