0 35 80 10 -18 0 2 10

0 53 82 84 -9 0 17 28

0 12 46 37 -2 2 5 4

0 26 54 15 -17 1 3 16

0 14 20 46 -1 2 9 8

0 12 93 65 -14 0 2 36

0 43 69 58 -10 8 11 5

0 86 96 76 -12 19 26 9

0 39 93 29 -17 6 28 32

0 89 94 47 -9 5 11 17

0 40 67 50 -15 12 23 34

0 58 90 63 -16 4 30 14

0 34 89 10 -10 2 9 20

0 68 91 67 -6 0 5 4

0 11 73 61 -2 0 2 5

0 96 99 98 -10 5 11 22

0 36 91 85 -14 3 28 35

0 61 63 4 -1 11 47 17

0 32 36 82 -1 40 41 9

0 16 37 80 -19 1 2 29

0 48 60 0 -9 5 22 11

0 51 72 48 -9 6 9 0

0 54 74 84 -17 1 2 24

0 32 73 31 -9 6 46 15

0 48 50 18 -18 6 13 17

0 74 92 10 -14 5 43 5

0 20 67 78 -12 10 11 8

0 10 82 69 -20 36 43 12

0 68 71 7 -4 4 49 33

0 7 77 98 -10 42 43 2

0 32 40 72 -4 11 38 38

0 32 73 97 -4 11 40 19

0 49 63 17 -15 1 22 12

0 20 54 76 -6 21 25 4

0 18 68 55 -16 5 22 33

0 19 25 26 -11 3 5 9

0 29 44 20 -14 19 27 21

0 1 43 98 -8 14 22 35

0 19 21 69 -13 40 45 45

0 35 54 99 -12 27 33 34

0 52 60 8 -6 21 22 4

0 65 69 71 -20 16 46 13

0 12 22 66 -1 46 47 12

0 28 36 92 -2 3 11 22

0 45 81 52 -9 20 39 19

0 43 91 1 -4 21 23 26

0 16 22 30 -3 28 43 19

0 39 60 62 -14 7 18 40

0 51 67 56 -14 20 22 0

0 71 74 11 -16 29 36 42

0 36 51 83 -12 39 41 48

0 20 34 24 -4 0 1 24

0 9 22 45 -2 8 16 16

0 9 22 52 -1 9 17 24

0 16 22 86 -17 18 20 15

0 3 27 13 -3 9 23 30

0 27 54 92 -16 38 41 6

0 43 82 1 -3 13 17 28

0 29 52 62 -3 20 33 26

0 4 56 79 -13 30 31 39

0 10 73 22 -15 12 24 19

0 25 94 13 -7 27 30 4

0 2 79 19 -18 12 33 31

0 17 74 30 -9 26 42 1

0 9 44 82 -15 4 5 37

0 9 23 96 -11 2 8 18

0 11 30 19 -14 33 34 46

0 25 72 40 -12 24 44 21

0 0 47 42 -14 8 14 42

0 62 65 19 -16 41 46 38

0 18 19 29 -18 1 7 34

0 61 96 49 -15 44 45 41

0 2 5 35 -20 1 2 0

0 7 12 95 -17 21 27 22

0 8 9 59 -2 4 16 20

0 57 91 83 -5 29 46 0

0 3 7 79 -17 9 25 23

0 51 54 18 -2 30 34 41

0 12 19 50 -20 22 37 4

0 15 21 92 -2 9 16 28

0 1 89 2 -16 29 35 34

0 13 40 63 -16 1 22 6

0 3 12 66 -19 11 36 14

0 0 1 40 -4 21 37 4

0 60 73 51 -7 30 38 7

0 14 30 41 -7 1 29 24

0 8 14 94 -19 5 43 19

0 14 82 45 -18 2 26 46

0 2 3 54 -6 4 5 16

0 0 11 35 -4 0 3 19

0 1 17 39 -12 23 24 43

0 1 4 38 -16 9 17 37

0 7 29 90 -13 2 27 49

0 18 27 64 -14 1 38 47

0 1 3 9 -10 3 24 18

0 6 12 61 -9 13 19 45

0 7 42 60 -1 2 43 49

0 0 2 81 -8 9 19 2

0 14 23 31 -1 1 10 35

0 10 14 13 -3 6 12 30


SAlphaB: 699.0, std-dev 261.3159800206283

Earliest win: 38
Latest win: 81

WinDepth:
0 0 0 0 0 0 0 0 0 0 0 0 0 0 0 0 0 0 0 0 0 0 0 0 0 0 0 0 0 0 0 0 0 0 0 0 0 0 1 5 12 8 2 24 14 13 23 68 54 80 116 215 117 146 86 183 97 199 137 180 177 244 220 328 338 353 390 371 439 405 481 409 409 380 355 335 237 253 201 126 103 85 
SAlphaB:
0 0 0 0 0 0 0 0 0 0 0 0 0 0 0 0 0 0 0 0 0 0 0 0 0 0 0 0 0 0 0 0 0 0 0 0 0 0 1 5 12 8 2 24 14 13 23 68 54 80 116 215 117 146 86 183 97 199 137 180 177 244 220 328 338 353 390 371 439 405 481 409 409 380 355 335 237 253 201 126 103 85 

LossDepth:
SAlphaB:
0 0 0 0 0 0 0 0 0 0 0 0 0 0 0 0 0 0 0 0 0 0 0 0 0 0 0 0 0 0 0 0 0 0 0 0 0 0 1 5 12 8 2 24 14 13 23 68 54 80 116 215 117 146 86 183 97 199 137 180 177 244 220 328 338 353 390 371 439 405 481 409 409 380 355 335 237 253 201 126 103 85 

FirstWin:
0 0 0 0 0 0 0 0 0 0 0 0 0 0 0 0 0 0 0 0 0 0 0 0 0 0 0 0 0 0 0 0 0 0 0 0 0 0 0 5 0 8 0 24 0 13 0 68 0 80 0 215 0 146 0 183 0 199 0 180 0 244 0 328 0 353 0 371 0 405 0 409 0 380 0 335 0 253 0 126 0 85 
SAlphaB:
0 0 0 0 0 0 0 0 0 0 0 0 0 0 0 0 0 0 0 0 0 0 0 0 0 0 0 0 0 0 0 0 0 0 0 0 0 0 0 5 0 8 0 24 0 13 0 68 0 80 0 215 0 146 0 183 0 199 0 180 0 244 0 328 0 353 0 371 0 405 0 409 0 380 0 335 0 253 0 126 0 85 

SecondWin:
0 0 0 0 0 0 0 0 0 0 0 0 0 0 0 0 0 0 0 0 0 0 0 0 0 0 0 0 0 0 0 0 0 0 0 0 0 0 1 0 12 0 2 0 14 0 23 0 54 0 116 0 117 0 86 0 97 0 137 0 177 0 220 0 338 0 390 0 439 0 481 0 409 0 355 0 237 0 201 0 103 0 
SAlphaB:
0 0 0 0 0 0 0 0 0 0 0 0 0 0 0 0 0 0 0 0 0 0 0 0 0 0 0 0 0 0 0 0 0 0 0 0 0 0 1 0 12 0 2 0 14 0 23 0 54 0 116 0 117 0 86 0 97 0 137 0 177 0 220 0 338 0 390 0 439 0 481 0 409 0 355 0 237 0 201 0 103 0 
