0 47 71 39 -8 10 25 7

0 56 81 2 -2 10 35 2

0 9 80 77 -9 22 26 18

0 26 61 21 -6 10 22 19

0 13 56 93 -18 6 11 19

0 36 90 59 -18 8 15 27

0 92 99 17 -17 5 35 15

0 41 88 36 -4 6 37 18

0 34 59 85 -11 11 19 32

0 67 74 88 -10 11 31 17

0 68 75 16 -2 14 35 19

0 40 48 43 -20 13 48 28

0 21 22 56 -15 3 7 12

0 38 42 84 -20 5 19 28

0 3 53 89 -3 20 37 9

0 39 65 36 -10 14 19 4

0 12 53 44 -10 11 24 3

0 21 25 26 -7 2 12 17

0 72 87 87 -11 33 35 11

0 21 40 85 -16 30 49 15

0 26 50 76 -15 11 16 24

0 70 90 89 -1 27 33 38

0 13 70 59 -8 10 36 18

0 37 76 3 -4 3 9 46

0 14 99 93 -8 9 18 36

0 42 51 77 -1 15 31 22

0 56 75 3 -3 3 5 13

0 4 66 64 -2 9 10 5

0 8 57 48 -13 7 11 22

0 13 69 83 -4 31 41 31

0 18 58 44 -7 26 46 15

0 36 86 2 -5 17 24 14

0 1 11 25 -4 1 3 0

0 54 64 4 -2 20 23 47

0 45 49 65 -1 1 15 18

0 12 91 78 -17 11 27 49

0 2 85 78 -14 15 18 42

0 0 52 68 -4 22 27 44

0 55 75 92 -6 4 8 34

0 33 56 42 -17 24 33 20

0 56 97 62 -12 25 43 39

0 5 91 0 -17 3 6 13

0 2 91 29 -19 6 44 0

0 21 57 65 -19 22 24 37

0 24 75 38 -6 42 43 33

0 9 46 1 -3 40 41 38

0 41 65 94 -20 0 23 39

0 81 88 41 -7 28 30 23

0 18 51 21 -6 4 36 4

0 51 97 57 -3 22 30 1

0 7 34 69 -17 18 38 42

0 23 45 98 -8 4 7 2

0 68 84 65 -4 0 1 31

0 63 74 27 -6 15 23 9

0 66 83 68 -15 15 23 46

0 58 62 69 -16 2 34 47

0 0 64 18 -9 4 14 21

0 7 32 19 -10 24 31 28

0 14 65 46 -3 12 37 31

0 2 78 82 -2 6 24 1

0 9 20 92 -12 1 7 10

0 28 44 66 -4 17 48 18

0 16 22 16 -15 9 16 16

0 2 94 86 -17 0 2 39

0 2 5 25 -10 16 43 9

0 26 28 62 -14 4 22 33

0 2 3 60 -8 5 6 5

0 6 76 17 -9 3 17 38

0 2 15 10 -18 37 41 40

0 26 32 22 -11 17 42 4

0 10 22 21 -14 1 27 28

0 41 58 31 -19 25 34 45

0 0 18 52 -8 9 10 40

0 4 30 20 -3 27 37 2

0 6 15 40 -15 8 14 2

0 13 49 5 -1 7 8 48

0 7 76 76 -12 0 11 45

0 9 30 13 -3 13 20 42

0 1 8 13 -18 24 46 18

0 4 7 86 -20 1 4 18

0 14 15 73 -14 33 48 6

0 1 61 72 -6 5 39 40

0 5 10 68 -8 8 13 2

0 14 50 17 -2 32 46 38

0 6 33 43 -5 1 3 32

0 6 7 55 -11 8 49 2

0 13 16 13 -5 16 19 34

0 11 30 45 -9 1 3 49

0 13 50 52 -16 18 33 48

0 2 3 81 -15 14 31 44

0 17 37 8 -18 20 22 44

0 10 23 61 -3 0 32 28

0 12 37 30 -8 10 22 33

0 6 12 55 -2 0 3 47

0 1 7 95 -20 3 45 43

0 5 10 43 -7 1 22 28

0 1 2 80 -9 42 48 1

0 1 4 92 -2 18 30 44

0 4 10 55 -13 15 26 39

0 0 9 74 -13 7 44 24


SAlphaB: 706.0, std-dev 273.31616742106087

Earliest win: 36
Latest win: 81

WinDepth:
0 0 0 0 0 0 0 0 0 0 0 0 0 0 0 0 0 0 0 0 0 0 0 0 0 0 0 0 0 0 0 0 0 0 0 0 1 3 0 4 1 1 5 9 8 39 13 20 26 82 74 239 56 150 65 203 123 181 135 164 136 235 257 290 317 376 392 395 435 447 399 482 435 415 390 368 274 258 180 120 108 74 
SAlphaB:
0 0 0 0 0 0 0 0 0 0 0 0 0 0 0 0 0 0 0 0 0 0 0 0 0 0 0 0 0 0 0 0 0 0 0 0 1 3 0 4 1 1 5 9 8 39 13 20 26 82 74 239 56 150 65 203 123 181 135 164 136 235 257 290 317 376 392 395 435 447 399 482 435 415 390 368 274 258 180 120 108 74 

LossDepth:
SAlphaB:
0 0 0 0 0 0 0 0 0 0 0 0 0 0 0 0 0 0 0 0 0 0 0 0 0 0 0 0 0 0 0 0 0 0 0 0 1 3 0 4 1 1 5 9 8 39 13 20 26 82 74 239 56 150 65 203 123 181 135 164 136 235 257 290 317 376 392 395 435 447 399 482 435 415 390 368 274 258 180 120 108 74 

FirstWin:
0 0 0 0 0 0 0 0 0 0 0 0 0 0 0 0 0 0 0 0 0 0 0 0 0 0 0 0 0 0 0 0 0 0 0 0 0 3 0 4 0 1 0 9 0 39 0 20 0 82 0 239 0 150 0 203 0 181 0 164 0 235 0 290 0 376 0 395 0 447 0 482 0 415 0 368 0 258 0 120 0 74 
SAlphaB:
0 0 0 0 0 0 0 0 0 0 0 0 0 0 0 0 0 0 0 0 0 0 0 0 0 0 0 0 0 0 0 0 0 0 0 0 0 3 0 4 0 1 0 9 0 39 0 20 0 82 0 239 0 150 0 203 0 181 0 164 0 235 0 290 0 376 0 395 0 447 0 482 0 415 0 368 0 258 0 120 0 74 

SecondWin:
0 0 0 0 0 0 0 0 0 0 0 0 0 0 0 0 0 0 0 0 0 0 0 0 0 0 0 0 0 0 0 0 0 0 0 0 1 0 0 0 1 0 5 0 8 0 13 0 26 0 74 0 56 0 65 0 123 0 135 0 136 0 257 0 317 0 392 0 435 0 399 0 435 0 390 0 274 0 180 0 108 0 
SAlphaB:
0 0 0 0 0 0 0 0 0 0 0 0 0 0 0 0 0 0 0 0 0 0 0 0 0 0 0 0 0 0 0 0 0 0 0 0 1 0 0 0 1 0 5 0 8 0 13 0 26 0 74 0 56 0 65 0 123 0 135 0 136 0 257 0 317 0 392 0 435 0 399 0 435 0 390 0 274 0 180 0 108 0 
