0 31 88 80 -17 0 2 24

0 33 97 92 -17 0 10 21

0 23 68 95 -11 0 1 13

0 33 73 6 -15 2 10 1

0 29 55 39 -20 0 4 10

0 18 54 60 -16 4 13 10

0 87 90 65 -13 12 41 0

0 19 44 22 -4 0 7 10

0 6 16 57 -5 0 2 8

0 60 63 21 -12 8 43 33

0 67 78 95 -15 6 9 15

0 44 71 77 -15 8 35 13

0 11 41 95 -8 0 4 13

0 41 85 85 -8 6 34 15

0 10 44 22 -16 0 1 12

0 78 92 43 -8 0 2 14

0 3 98 76 -15 14 28 0

0 43 69 44 -11 17 23 22

0 38 47 66 -1 28 43 5

0 46 60 81 -12 1 26 30

0 67 89 56 -10 14 21 6

0 44 54 26 -14 13 46 40

0 47 91 31 -4 17 31 12

0 18 54 73 -2 0 34 5

0 84 90 81 -15 1 13 37

0 47 71 55 -6 2 9 29

0 70 98 46 -20 15 16 3

0 0 35 19 -8 14 17 13

0 15 99 9 -9 15 49 12

0 19 36 93 -2 30 41 23

0 15 39 50 -12 5 13 11

0 64 72 30 -5 12 44 2

0 20 49 49 -11 4 20 8

0 71 93 13 -5 34 44 40

0 10 79 44 -13 34 49 2

0 23 80 15 -3 12 13 6

0 71 78 41 -12 17 37 26

0 7 19 30 -7 10 33 23

0 2 75 75 -3 11 17 2

0 61 64 90 -5 24 44 21

0 27 31 56 -5 6 15 38

0 3 32 28 -12 0 4 25

0 6 22 42 -3 20 47 6

0 28 72 98 -19 7 18 9

0 49 74 90 -3 40 43 26

0 36 70 12 -20 11 22 15

0 16 32 32 -1 5 7 18

0 91 98 33 -4 29 43 8

0 20 56 16 -6 3 29 26

0 1 25 4 -10 11 24 17

0 32 56 66 -9 8 14 3

0 51 55 52 -11 0 1 47

0 0 95 41 -7 17 22 22

0 2 36 83 -17 1 3 9

0 36 37 39 -8 1 3 43

0 78 81 36 -6 41 48 18

0 4 29 44 -10 9 28 11

0 9 30 61 -4 12 17 24

0 62 65 3 -8 30 47 47

0 31 51 63 -5 11 15 46

0 24 69 21 -9 18 23 7

0 19 96 51 -1 25 32 8

0 27 42 10 -5 16 27 7

0 53 61 63 -17 40 46 6

0 20 30 76 -20 9 32 25

0 17 35 87 -4 14 18 37

0 16 66 6 -16 22 36 19

0 21 95 62 -19 0 39 38

0 8 14 70 -15 10 12 31

0 21 84 20 -9 37 49 3

0 24 46 13 -2 3 41 8

0 9 77 4 -12 11 17 3

0 19 36 6 -6 7 8 38

0 0 33 39 -14 4 5 43

0 10 11 44 -13 37 49 28

0 23 24 29 -20 47 48 28

0 11 70 87 -18 13 28 9

0 10 84 21 -18 28 42 43

0 1 78 32 -4 6 13 26

0 2 9 16 -1 13 15 11

0 9 16 0 -14 3 14 12

0 13 22 43 -17 7 42 48

0 10 18 38 -13 1 3 26

0 0 1 81 -5 16 24 46

0 7 20 29 -11 25 34 6

0 8 11 36 -15 1 7 2

0 6 25 75 -7 12 29 33

0 3 8 53 -6 2 22 2

0 5 23 64 -2 28 45 2

0 0 43 6 -16 6 35 45

0 0 52 23 -15 12 13 48

0 7 49 98 -5 5 36 44

0 36 46 3 -6 5 47 30

0 10 24 84 -12 33 44 15

0 14 76 26 -15 17 32 30

0 10 23 67 -18 24 34 1

0 26 30 21 -1 24 35 45

0 0 7 77 -17 34 46 9

0 13 32 11 -5 20 28 33

0 8 22 26 -9 4 28 39


SAlphaB: 698.0, std-dev 275.265121512356

Earliest win: 37
Latest win: 81

WinDepth:
0 0 0 0 0 0 0 0 0 0 0 0 0 0 0 0 0 0 0 0 0 0 0 0 0 0 0 0 0 0 0 0 0 0 0 0 0 2 1 6 0 4 3 30 17 22 28 66 23 86 104 298 126 144 103 188 133 177 116 191 141 219 235 328 347 325 343 394 419 384 440 458 402 394 379 359 286 256 202 135 99 82 
SAlphaB:
0 0 0 0 0 0 0 0 0 0 0 0 0 0 0 0 0 0 0 0 0 0 0 0 0 0 0 0 0 0 0 0 0 0 0 0 0 2 1 6 0 4 3 30 17 22 28 66 23 86 104 298 126 144 103 188 133 177 116 191 141 219 235 328 347 325 343 394 419 384 440 458 402 394 379 359 286 256 202 135 99 82 

LossDepth:
SAlphaB:
0 0 0 0 0 0 0 0 0 0 0 0 0 0 0 0 0 0 0 0 0 0 0 0 0 0 0 0 0 0 0 0 0 0 0 0 0 2 1 6 0 4 3 30 17 22 28 66 23 86 104 298 126 144 103 188 133 177 116 191 141 219 235 328 347 325 343 394 419 384 440 458 402 394 379 359 286 256 202 135 99 82 

FirstWin:
0 0 0 0 0 0 0 0 0 0 0 0 0 0 0 0 0 0 0 0 0 0 0 0 0 0 0 0 0 0 0 0 0 0 0 0 0 2 0 6 0 4 0 30 0 22 0 66 0 86 0 298 0 144 0 188 0 177 0 191 0 219 0 328 0 325 0 394 0 384 0 458 0 394 0 359 0 256 0 135 0 82 
SAlphaB:
0 0 0 0 0 0 0 0 0 0 0 0 0 0 0 0 0 0 0 0 0 0 0 0 0 0 0 0 0 0 0 0 0 0 0 0 0 2 0 6 0 4 0 30 0 22 0 66 0 86 0 298 0 144 0 188 0 177 0 191 0 219 0 328 0 325 0 394 0 384 0 458 0 394 0 359 0 256 0 135 0 82 

SecondWin:
0 0 0 0 0 0 0 0 0 0 0 0 0 0 0 0 0 0 0 0 0 0 0 0 0 0 0 0 0 0 0 0 0 0 0 0 0 0 1 0 0 0 3 0 17 0 28 0 23 0 104 0 126 0 103 0 133 0 116 0 141 0 235 0 347 0 343 0 419 0 440 0 402 0 379 0 286 0 202 0 99 0 
SAlphaB:
0 0 0 0 0 0 0 0 0 0 0 0 0 0 0 0 0 0 0 0 0 0 0 0 0 0 0 0 0 0 0 0 0 0 0 0 0 0 1 0 0 0 3 0 17 0 28 0 23 0 104 0 126 0 103 0 133 0 116 0 141 0 235 0 347 0 343 0 419 0 440 0 402 0 379 0 286 0 202 0 99 0 
