0 24 99 27 -19 0 1 12

0 67 85 59 -17 8 12 20

0 14 29 57 -3 3 10 2

0 18 56 98 -15 0 6 18

0 26 70 75 -1 4 11 23

0 20 96 95 -6 0 4 24

0 52 84 46 -19 10 14 24

0 34 51 1 -9 3 17 20

0 61 66 49 -14 3 16 20

0 32 75 86 -4 5 22 23

0 51 72 68 -8 6 11 0

0 0 99 64 -17 24 44 29

0 38 84 62 -18 3 4 39

0 74 94 88 -2 0 9 6

0 78 97 46 -12 3 6 38

0 87 91 96 -8 11 28 33

0 74 86 61 -6 2 20 23

0 35 56 93 -16 3 4 12

0 28 43 70 -20 9 13 9

0 14 70 71 -13 21 31 24

0 27 75 37 -11 7 21 30

0 10 34 28 -3 14 17 9

0 28 77 39 -11 16 49 1

0 0 52 88 -8 10 28 19

0 2 61 79 -13 25 27 33

0 45 55 61 -13 4 8 21

0 53 78 26 -4 0 34 28

0 77 89 88 -3 10 12 39

0 7 76 24 -18 22 29 10

0 33 76 98 -4 23 31 24

0 12 59 93 -15 6 18 9

0 22 89 74 -18 30 34 18

0 61 69 16 -4 11 46 19

0 17 37 60 -17 2 6 26

0 65 90 74 -17 20 46 8

0 21 56 71 -18 22 48 6

0 47 64 97 -7 16 26 16

0 15 56 70 -15 2 4 2

0 53 94 84 -15 26 34 19

0 23 92 65 -2 3 41 26

0 66 82 50 -4 12 20 47

0 42 84 62 -18 24 41 33

0 17 78 34 -16 13 21 34

0 23 63 59 -9 0 25 5

0 71 99 94 -5 1 3 14

0 6 29 62 -5 10 12 1

0 20 51 50 -10 5 27 26

0 21 30 5 -17 0 11 13

0 89 90 16 -13 3 12 41

0 39 40 84 -19 13 30 18

0 48 85 41 -6 13 28 41

0 51 72 39 -10 8 10 8

0 1 25 11 -4 15 23 18

0 36 48 60 -2 1 33 44

0 20 31 93 -1 10 38 32

0 10 63 22 -12 3 33 36

0 8 14 38 -15 37 45 37

0 28 37 31 -19 18 27 29

0 29 31 8 -2 11 43 20

0 14 42 58 -15 36 47 42

0 0 20 7 -13 4 17 15

0 31 58 7 -1 16 26 10

0 21 27 9 -1 1 19 29

0 37 82 73 -9 35 44 17

0 13 29 64 -6 4 16 39

0 1 66 46 -4 1 5 32

0 19 58 26 -17 20 29 47

0 21 58 12 -7 7 37 6

0 9 19 33 -9 18 30 10

0 6 26 5 -5 10 24 16

0 3 28 60 -4 2 5 41

0 82 83 50 -19 17 22 24

0 1 41 74 -12 22 37 7

0 19 39 86 -18 0 47 36

0 4 16 71 -1 19 27 1

0 18 33 44 -19 21 27 10

0 7 15 23 -10 31 35 31

0 3 44 73 -13 5 29 9

0 3 8 81 -14 6 13 6

0 7 13 94 -11 12 33 2

0 25 33 94 -18 31 38 18

0 52 83 39 -12 40 45 32

0 7 27 42 -20 36 46 11

0 0 12 51 -13 30 33 16

0 0 1 63 -17 12 14 10

0 4 6 46 -15 3 12 27

0 21 32 12 -14 28 48 49

0 12 40 12 -9 2 10 39

0 0 4 75 -18 13 17 40

0 3 6 85 -4 7 25 21

0 13 31 12 -20 14 39 46

0 1 6 85 -19 30 33 23

0 9 13 22 -5 15 29 46

0 1 5 68 -2 3 9 46

0 2 18 31 -4 20 37 38

0 8 21 32 -10 5 37 18

0 1 2 59 -14 0 27 48

0 5 8 30 -11 9 47 32

0 8 34 73 -13 1 20 41

0 2 4 24 -4 1 5 43


SAlphaB: 702.0, std-dev 263.2422470008578

Earliest win: 35
Latest win: 81

WinDepth:
0 0 0 0 0 0 0 0 0 0 0 0 0 0 0 0 0 0 0 0 0 0 0 0 0 0 0 0 0 0 0 0 0 0 0 1 0 6 0 6 3 4 3 26 15 13 9 73 11 77 46 158 93 149 95 177 115 182 169 209 183 230 219 275 320 327 386 401 389 409 459 476 421 412 399 381 265 228 195 158 107 77 
SAlphaB:
0 0 0 0 0 0 0 0 0 0 0 0 0 0 0 0 0 0 0 0 0 0 0 0 0 0 0 0 0 0 0 0 0 0 0 1 0 6 0 6 3 4 3 26 15 13 9 73 11 77 46 158 93 149 95 177 115 182 169 209 183 230 219 275 320 327 386 401 389 409 459 476 421 412 399 381 265 228 195 158 107 77 

LossDepth:
SAlphaB:
0 0 0 0 0 0 0 0 0 0 0 0 0 0 0 0 0 0 0 0 0 0 0 0 0 0 0 0 0 0 0 0 0 0 0 1 0 6 0 6 3 4 3 26 15 13 9 73 11 77 46 158 93 149 95 177 115 182 169 209 183 230 219 275 320 327 386 401 389 409 459 476 421 412 399 381 265 228 195 158 107 77 

FirstWin:
0 0 0 0 0 0 0 0 0 0 0 0 0 0 0 0 0 0 0 0 0 0 0 0 0 0 0 0 0 0 0 0 0 0 0 1 0 6 0 6 0 4 0 26 0 13 0 73 0 77 0 158 0 149 0 177 0 182 0 209 0 230 0 275 0 327 0 401 0 409 0 476 0 412 0 381 0 228 0 158 0 77 
SAlphaB:
0 0 0 0 0 0 0 0 0 0 0 0 0 0 0 0 0 0 0 0 0 0 0 0 0 0 0 0 0 0 0 0 0 0 0 1 0 6 0 6 0 4 0 26 0 13 0 73 0 77 0 158 0 149 0 177 0 182 0 209 0 230 0 275 0 327 0 401 0 409 0 476 0 412 0 381 0 228 0 158 0 77 

SecondWin:
0 0 0 0 0 0 0 0 0 0 0 0 0 0 0 0 0 0 0 0 0 0 0 0 0 0 0 0 0 0 0 0 0 0 0 0 0 0 0 0 3 0 3 0 15 0 9 0 11 0 46 0 93 0 95 0 115 0 169 0 183 0 219 0 320 0 386 0 389 0 459 0 421 0 399 0 265 0 195 0 107 0 
SAlphaB:
0 0 0 0 0 0 0 0 0 0 0 0 0 0 0 0 0 0 0 0 0 0 0 0 0 0 0 0 0 0 0 0 0 0 0 0 0 0 0 0 3 0 3 0 15 0 9 0 11 0 46 0 93 0 95 0 115 0 169 0 183 0 219 0 320 0 386 0 389 0 459 0 421 0 399 0 265 0 195 0 107 0 
