0 71 89 51 -9 4 12 20

0 74 88 73 -9 0 8 9

0 58 60 96 -14 3 11 0

0 47 58 30 -6 9 24 4

0 47 87 93 -16 7 8 23

0 5 64 61 -12 19 29 13

0 22 43 50 -2 2 4 4

0 26 66 96 -13 40 48 28

0 82 83 48 -11 13 30 33

0 17 48 68 -9 5 15 2

0 28 84 35 -14 5 8 27

0 12 37 78 -4 2 3 8

0 5 36 90 -11 9 19 7

0 32 33 67 -3 7 15 26

0 14 51 90 -7 1 4 17

0 68 83 79 -8 9 12 3

0 54 64 41 -15 17 34 43

0 22 99 24 -7 3 39 28

0 26 35 58 -4 13 37 32

0 36 46 28 -20 12 20 45

0 18 31 22 -9 15 17 6

0 42 51 57 -4 2 43 10

0 24 91 77 -1 7 8 49

0 1 80 4 -15 1 4 11

0 13 79 68 -17 16 47 2

0 80 85 47 -4 23 27 11

0 77 95 96 -18 2 10 47

0 58 77 29 -5 16 22 18

0 33 65 30 -11 2 6 40

0 2 96 7 -5 1 5 12

0 33 78 91 -12 9 26 9

0 44 88 76 -1 14 17 18

0 23 50 98 -6 22 31 7

0 16 48 78 -18 28 29 7

0 40 96 70 -3 27 43 19

0 17 50 88 -4 0 29 25

0 10 53 69 -12 30 38 13

0 16 84 45 -8 27 35 4

0 73 91 38 -7 26 42 21

0 3 33 61 -13 31 32 13

0 14 95 73 -13 28 47 36

0 5 45 54 -9 13 19 4

0 40 43 68 -7 5 39 41

0 2 86 68 -20 0 9 26

0 12 33 51 -7 15 26 16

0 28 45 97 -20 8 28 8

0 11 64 77 -5 11 24 47

0 24 27 40 -11 25 43 5

0 10 37 63 -8 5 11 27

0 3 34 41 -19 33 41 36

0 29 95 69 -1 0 3 24

0 37 50 25 -10 27 28 40

0 10 15 90 -10 16 38 30

0 60 89 74 -1 27 37 28

0 2 85 20 -4 20 40 23

0 0 6 94 -9 0 12 4

0 12 22 73 -20 19 21 18

0 0 4 57 -1 3 20 3

0 15 72 35 -2 0 3 30

0 9 18 32 -11 2 5 29

0 61 63 25 -11 4 11 38

0 1 28 68 -14 0 13 46

0 16 57 55 -14 7 13 33

0 15 42 4 -12 11 44 40

0 13 42 87 -10 34 39 2

0 60 69 37 -6 40 46 19

0 0 2 74 -15 11 18 6

0 3 42 73 -13 12 49 3

0 27 46 49 -1 7 40 46

0 6 34 54 -17 7 46 33

0 11 26 32 -17 24 37 40

0 46 47 1 -13 6 40 19

0 7 97 87 -12 4 38 28

0 18 24 81 -5 33 35 25

0 20 38 84 -7 6 37 17

0 7 31 22 -15 38 39 45

0 1 13 40 -14 0 10 43

0 21 49 29 -18 36 43 29

0 20 31 14 -18 18 31 12

0 1 14 96 -15 13 35 47

0 21 57 34 -6 16 18 8

0 1 2 53 -6 30 35 26

0 0 27 46 -8 7 25 13

0 0 46 93 -16 23 32 0

0 5 14 73 -13 27 36 9

0 4 5 58 -6 23 45 20

0 1 14 44 -9 10 13 4

0 2 3 26 -13 16 43 45

0 0 10 77 -2 4 5 29

0 16 31 26 -4 1 27 43

0 12 19 57 -4 4 9 44

0 2 33 25 -5 1 29 24

0 2 13 83 -13 6 26 37

0 2 10 72 -10 0 25 18

0 7 22 8 -9 15 27 43

0 0 6 80 -9 15 44 2

0 3 7 62 -6 19 44 48

0 1 3 78 -18 34 45 6

0 13 15 31 -19 5 6 41

0 5 12 41 -16 4 9 1


SAlphaB: 700.0, std-dev 266.4414250446015

Earliest win: 40
Latest win: 81

WinDepth:
0 0 0 0 0 0 0 0 0 0 0 0 0 0 0 0 0 0 0 0 0 0 0 0 0 0 0 0 0 0 0 0 0 0 0 0 0 0 0 0 1 5 5 11 7 11 12 37 41 77 91 198 141 138 144 183 131 189 145 177 141 215 224 303 296 325 380 403 487 380 457 420 407 417 392 359 276 250 155 152 100 74 
SAlphaB:
0 0 0 0 0 0 0 0 0 0 0 0 0 0 0 0 0 0 0 0 0 0 0 0 0 0 0 0 0 0 0 0 0 0 0 0 0 0 0 0 1 5 5 11 7 11 12 37 41 77 91 198 141 138 144 183 131 189 145 177 141 215 224 303 296 325 380 403 487 380 457 420 407 417 392 359 276 250 155 152 100 74 

LossDepth:
SAlphaB:
0 0 0 0 0 0 0 0 0 0 0 0 0 0 0 0 0 0 0 0 0 0 0 0 0 0 0 0 0 0 0 0 0 0 0 0 0 0 0 0 1 5 5 11 7 11 12 37 41 77 91 198 141 138 144 183 131 189 145 177 141 215 224 303 296 325 380 403 487 380 457 420 407 417 392 359 276 250 155 152 100 74 

FirstWin:
0 0 0 0 0 0 0 0 0 0 0 0 0 0 0 0 0 0 0 0 0 0 0 0 0 0 0 0 0 0 0 0 0 0 0 0 0 0 0 0 0 5 0 11 0 11 0 37 0 77 0 198 0 138 0 183 0 189 0 177 0 215 0 303 0 325 0 403 0 380 0 420 0 417 0 359 0 250 0 152 0 74 
SAlphaB:
0 0 0 0 0 0 0 0 0 0 0 0 0 0 0 0 0 0 0 0 0 0 0 0 0 0 0 0 0 0 0 0 0 0 0 0 0 0 0 0 0 5 0 11 0 11 0 37 0 77 0 198 0 138 0 183 0 189 0 177 0 215 0 303 0 325 0 403 0 380 0 420 0 417 0 359 0 250 0 152 0 74 

SecondWin:
0 0 0 0 0 0 0 0 0 0 0 0 0 0 0 0 0 0 0 0 0 0 0 0 0 0 0 0 0 0 0 0 0 0 0 0 0 0 0 0 1 0 5 0 7 0 12 0 41 0 91 0 141 0 144 0 131 0 145 0 141 0 224 0 296 0 380 0 487 0 457 0 407 0 392 0 276 0 155 0 100 0 
SAlphaB:
0 0 0 0 0 0 0 0 0 0 0 0 0 0 0 0 0 0 0 0 0 0 0 0 0 0 0 0 0 0 0 0 0 0 0 0 0 0 0 0 1 0 5 0 7 0 12 0 41 0 91 0 141 0 144 0 131 0 145 0 141 0 224 0 296 0 380 0 487 0 457 0 407 0 392 0 276 0 155 0 100 0 
