0 42 68 86 -6 5 10 24

0 28 71 63 -2 8 15 2

0 60 92 30 -13 2 5 6

0 46 89 74 -10 0 32 33

0 55 85 86 -20 1 4 35

0 48 79 50 -19 0 8 11

0 4 83 65 -11 40 48 34

0 1 65 82 -20 15 24 6

0 17 97 92 -8 6 14 28

0 42 58 42 -19 0 3 16

0 36 75 65 -1 2 7 24

0 24 52 69 -8 0 4 31

0 26 57 92 -11 8 19 48

0 7 64 45 -15 1 22 21

0 43 73 39 -18 0 4 6

0 13 52 79 -11 2 5 33

0 50 57 58 -5 8 43 5

0 4 31 27 -4 13 29 14

0 24 44 95 -9 2 7 22

0 61 78 80 -4 9 45 42

0 59 79 40 -6 13 20 10

0 50 61 40 -11 39 44 25

0 17 30 39 -6 20 22 6

0 47 57 96 -15 15 36 43

0 32 71 34 -19 0 1 1

0 51 69 92 -10 1 25 47

0 54 65 3 -7 0 1 40

0 2 82 1 -15 18 26 11

0 42 59 15 -14 42 47 5

0 33 41 25 -17 6 18 1

0 8 68 51 -8 4 24 34

0 49 65 50 -1 28 34 44

0 42 67 36 -6 17 43 39

0 14 70 72 -3 46 47 7

0 86 99 34 -5 30 37 15

0 54 78 89 -10 12 39 24

0 11 50 98 -20 32 33 44

0 32 48 46 -9 16 20 2

0 33 82 87 -8 0 4 15

0 52 83 58 -2 0 1 31

0 11 12 83 -1 1 11 3

0 43 55 57 -1 38 48 3

0 0 62 68 -12 0 23 41

0 18 64 65 -19 16 19 37

0 29 40 5 -2 13 24 27

0 10 19 40 -2 1 6 21

0 34 58 72 -14 30 45 37

0 45 70 70 -2 15 47 8

0 48 54 41 -13 15 18 9

0 0 45 71 -13 0 5 26

0 28 61 2 -12 12 36 13

0 25 27 96 -7 4 31 3

0 12 63 0 -13 9 18 4

0 46 48 78 -13 9 43 47

0 1 39 7 -13 12 20 24

0 8 15 16 -4 4 6 35

0 39 46 56 -6 19 20 9

0 18 48 67 -13 1 22 3

0 67 77 28 -6 1 2 47

0 15 23 74 -14 17 29 37

0 5 7 34 -17 17 41 5

0 2 5 85 -20 13 35 25

0 5 64 50 -14 17 19 44

0 5 27 35 -3 0 22 2

0 34 43 67 -14 0 24 29

0 14 15 76 -8 23 37 8

0 2 9 41 -19 9 16 42

0 7 76 38 -8 39 42 48

0 14 15 90 -5 7 34 30

0 21 38 58 -11 38 42 49

0 4 5 95 -11 13 14 12

0 5 8 86 -7 6 21 32

0 10 50 19 -17 0 37 38

0 2 52 7 -12 10 14 44

0 0 2 73 -15 5 9 0

0 11 18 85 -20 6 13 5

0 6 7 77 -6 33 37 16

0 0 6 9 -18 24 29 31

0 1 2 7 -12 16 24 21

0 4 16 88 -13 38 43 19

0 23 28 25 -3 27 38 35

0 17 34 17 -3 15 47 1

0 0 10 51 -1 29 46 46

0 5 6 21 -9 32 36 8

0 17 33 78 -15 7 34 47

0 2 3 56 -2 5 14 9

0 8 28 97 -18 30 46 40

0 31 36 74 -6 26 31 49

0 14 22 19 -19 36 48 18

0 8 9 51 -5 18 23 37

0 8 11 16 -16 13 14 11

0 3 34 90 -2 5 33 41

0 5 8 84 -6 9 22 41

0 20 27 0 -20 0 33 25

0 0 4 95 -18 5 48 30

0 2 3 10 -16 5 28 12

0 4 10 52 -12 2 7 34

0 1 8 38 -6 13 19 31

0 3 9 6 -11 2 3 44

0 1 10 30 -9 7 16 37


SAlphaB: 746.0, std-dev 291.78116384673905

Earliest win: 39
Latest win: 81

WinDepth:
0 0 0 0 0 0 0 0 0 0 0 0 0 0 0 0 0 0 0 0 0 0 0 0 0 0 0 0 0 0 0 0 0 0 0 0 0 0 0 3 15 2 1 11 19 18 11 29 28 69 44 182 125 113 83 195 140 183 164 182 197 224 244 288 306 319 376 406 453 402 488 426 425 370 358 405 271 261 197 131 115 84 
SAlphaB:
0 0 0 0 0 0 0 0 0 0 0 0 0 0 0 0 0 0 0 0 0 0 0 0 0 0 0 0 0 0 0 0 0 0 0 0 0 0 0 3 15 2 1 11 19 18 11 29 28 69 44 182 125 113 83 195 140 183 164 182 197 224 244 288 306 319 376 406 453 402 488 426 425 370 358 405 271 261 197 131 115 84 

LossDepth:
SAlphaB:
0 0 0 0 0 0 0 0 0 0 0 0 0 0 0 0 0 0 0 0 0 0 0 0 0 0 0 0 0 0 0 0 0 0 0 0 0 0 0 3 15 2 1 11 19 18 11 29 28 69 44 182 125 113 83 195 140 183 164 182 197 224 244 288 306 319 376 406 453 402 488 426 425 370 358 405 271 261 197 131 115 84 

FirstWin:
0 0 0 0 0 0 0 0 0 0 0 0 0 0 0 0 0 0 0 0 0 0 0 0 0 0 0 0 0 0 0 0 0 0 0 0 0 0 0 3 0 2 0 11 0 18 0 29 0 69 0 182 0 113 0 195 0 183 0 182 0 224 0 288 0 319 0 406 0 402 0 426 0 370 0 405 0 261 0 131 0 84 
SAlphaB:
0 0 0 0 0 0 0 0 0 0 0 0 0 0 0 0 0 0 0 0 0 0 0 0 0 0 0 0 0 0 0 0 0 0 0 0 0 0 0 3 0 2 0 11 0 18 0 29 0 69 0 182 0 113 0 195 0 183 0 182 0 224 0 288 0 319 0 406 0 402 0 426 0 370 0 405 0 261 0 131 0 84 

SecondWin:
0 0 0 0 0 0 0 0 0 0 0 0 0 0 0 0 0 0 0 0 0 0 0 0 0 0 0 0 0 0 0 0 0 0 0 0 0 0 0 0 15 0 1 0 19 0 11 0 28 0 44 0 125 0 83 0 140 0 164 0 197 0 244 0 306 0 376 0 453 0 488 0 425 0 358 0 271 0 197 0 115 0 
SAlphaB:
0 0 0 0 0 0 0 0 0 0 0 0 0 0 0 0 0 0 0 0 0 0 0 0 0 0 0 0 0 0 0 0 0 0 0 0 0 0 0 0 15 0 1 0 19 0 11 0 28 0 44 0 125 0 83 0 140 0 164 0 197 0 244 0 306 0 376 0 453 0 488 0 425 0 358 0 271 0 197 0 115 0 
