0 23 92 1 -20 1 6 14

0 54 92 40 -9 10 27 6

0 29 72 63 -16 0 2 14

0 29 99 69 -4 4 17 0

0 59 92 91 -3 13 30 19

0 19 75 25 -2 2 3 9

0 65 77 47 -4 3 27 4

0 43 93 50 -6 10 18 17

0 60 96 94 -4 13 47 32

0 25 88 74 -4 2 8 12

0 27 48 39 -11 0 1 12

0 23 60 65 -13 0 2 18

0 31 84 96 -18 0 4 23

0 29 45 18 -14 1 12 24

0 48 89 74 -14 3 14 14

0 43 92 48 -4 11 13 12

0 25 56 74 -8 4 14 7

0 47 96 99 -8 0 19 32

0 35 61 44 -15 2 10 0

0 77 97 19 -11 4 12 5

0 42 92 0 -17 5 10 7

0 31 71 4 -9 0 5 20

0 41 66 39 -15 2 6 19

0 23 85 27 -10 2 9 14

0 19 86 30 -18 1 2 15

0 47 95 76 -19 0 5 7

0 60 83 91 -10 11 26 26

0 18 55 98 -9 0 4 2

0 37 79 20 -10 2 19 27

0 40 54 54 -2 7 22 15

0 53 93 2 -8 7 27 38

0 74 75 62 -10 13 33 13

0 68 88 88 -16 12 25 45

0 81 99 27 -5 8 10 28

0 79 98 34 -19 18 48 8

0 50 68 57 -9 0 1 19

0 60 83 46 -11 1 43 13

0 19 89 8 -7 0 1 26

0 18 98 51 -15 0 2 14

0 56 89 57 -1 2 7 1

0 35 73 88 -18 3 5 2

0 57 89 89 -3 4 23 34

0 48 60 8 -18 5 25 0

0 31 53 32 -11 1 16 25

0 64 65 85 -13 5 15 28

0 25 88 26 -13 0 13 34

0 22 38 83 -16 0 2 6

0 27 29 70 -10 2 4 12

0 27 41 17 -8 10 29 1

0 49 59 10 -14 4 15 6

0 74 81 6 -17 3 21 29

0 55 93 52 -19 0 4 42

0 46 85 31 -2 0 5 0

0 5 42 65 -19 6 14 15

0 82 95 14 -1 11 35 14

0 54 95 40 -1 14 43 15

0 88 96 58 -7 19 37 7

0 51 79 85 -12 2 35 37

0 36 52 94 -11 5 31 47

0 75 83 66 -1 22 45 6

0 17 46 55 -7 12 28 21

0 22 47 43 -11 7 10 34

0 48 78 62 -12 10 23 25

0 46 56 89 -12 9 11 8

0 30 70 8 -17 0 8 0

0 67 82 98 -16 17 28 31

0 24 66 46 -15 6 20 15

0 56 65 66 -15 6 25 42

0 20 79 24 -9 2 4 16

0 21 24 93 -17 0 3 16

0 46 54 82 -19 0 18 2

0 37 74 67 -2 12 30 14

0 69 81 79 -19 0 35 3

0 30 82 46 -3 1 15 36

0 27 88 34 -18 2 4 43

0 33 77 27 -14 0 1 42

0 32 81 25 -12 0 26 40

0 55 84 32 -14 9 13 26

0 48 52 4 -3 6 7 2

0 26 93 68 -12 8 23 25

0 39 60 37 -9 6 11 21

0 13 65 59 -10 2 4 1

0 21 27 78 -11 0 10 2

0 8 66 58 -8 21 32 6

0 6 41 13 -15 8 20 1

0 29 61 90 -20 5 11 29

0 27 62 79 -9 5 12 33

0 58 97 14 -9 21 48 31

0 33 63 52 -18 6 16 37

0 23 52 63 -17 1 5 43

0 16 53 86 -19 10 35 25

0 10 33 38 -11 0 1 36

0 10 57 73 -10 0 2 24

0 17 26 57 -16 0 16 16

0 3 77 80 -7 36 46 11

0 46 66 95 -3 29 47 8

0 22 36 38 -2 19 34 1

0 28 98 95 -4 17 30 1

0 6 64 54 -16 15 18 15

0 4 43 60 -16 5 8 14


SAlphaB: 712.0, std-dev 255.09374569147926

Earliest win: 35
Latest win: 81

WinDepth:
0 0 0 0 0 0 0 0 0 0 0 0 0 0 0 0 0 0 0 0 0 0 0 0 0 0 0 0 0 0 0 0 0 0 0 6 1 36 4 23 3 26 13 48 27 70 58 165 66 183 130 496 149 392 268 442 346 573 387 546 467 733 619 752 712 878 858 993 1000 961 1030 887 878 807 887 758 595 487 399 289 204 170 
SAlphaB:
0 0 0 0 0 0 0 0 0 0 0 0 0 0 0 0 0 0 0 0 0 0 0 0 0 0 0 0 0 0 0 0 0 0 0 6 1 36 4 23 3 26 13 48 27 70 58 165 66 183 130 496 149 392 268 442 346 573 387 546 467 733 619 752 712 878 858 993 1000 961 1030 887 878 807 887 758 595 487 399 289 204 170 

LossDepth:
SAlphaB:
0 0 0 0 0 0 0 0 0 0 0 0 0 0 0 0 0 0 0 0 0 0 0 0 0 0 0 0 0 0 0 0 0 0 0 3 1 32 2 13 2 23 9 40 18 42 35 76 39 108 95 233 95 230 187 247 219 375 220 348 340 457 396 585 476 685 606 734 726 746 756 797 638 684 673 674 465 440 308 289 224 160 

FirstWin:
0 0 0 0 0 0 0 0 0 0 0 0 0 0 0 0 0 0 0 0 0 0 0 0 0 0 0 0 0 0 0 0 0 0 0 6 0 36 0 23 0 26 0 48 0 70 0 165 0 183 0 496 0 392 0 442 0 573 0 546 0 733 0 752 0 878 0 993 0 961 0 887 0 807 0 758 0 487 0 289 0 170 
SAlphaB:
0 0 0 0 0 0 0 0 0 0 0 0 0 0 0 0 0 0 0 0 0 0 0 0 0 0 0 0 0 0 0 0 0 0 0 6 0 36 0 23 0 26 0 48 0 70 0 165 0 183 0 496 0 392 0 442 0 573 0 546 0 733 0 752 0 878 0 993 0 961 0 887 0 807 0 758 0 487 0 289 0 170 

SecondWin:
0 0 0 0 0 0 0 0 0 0 0 0 0 0 0 0 0 0 0 0 0 0 0 0 0 0 0 0 0 0 0 0 0 0 0 0 1 0 4 0 3 0 13 0 27 0 58 0 66 0 130 0 149 0 268 0 346 0 387 0 467 0 619 0 712 0 858 0 1000 0 1030 0 878 0 887 0 595 0 399 0 204 0 
SAlphaB:
0 0 0 0 0 0 0 0 0 0 0 0 0 0 0 0 0 0 0 0 0 0 0 0 0 0 0 0 0 0 0 0 0 0 0 0 1 0 4 0 3 0 13 0 27 0 58 0 66 0 130 0 149 0 268 0 346 0 387 0 467 0 619 0 712 0 858 0 1000 0 1030 0 878 0 887 0 595 0 399 0 204 0 
