0 27 48 39 -11 0 1 12

0 10 57 73 -10 0 2 24

0 23 60 65 -13 0 2 18

0 35 61 44 -15 2 10 0

0 25 88 74 -4 2 8 12

0 27 29 70 -10 2 4 12

0 46 54 82 -19 0 18 2

0 21 24 93 -17 0 3 16

0 48 52 4 -3 6 7 2

0 46 56 89 -12 9 11 8

0 28 92 67 -17 16 48 23

0 40 56 53 -2 2 20 23

0 50 69 14 -20 13 46 4

0 86 91 37 -20 6 13 5

0 6 36 53 -16 22 25 20

0 17 24 38 -10 3 8 15

0 39 87 9 -7 1 3 44

0 11 59 91 -10 0 4 36

0 71 82 75 -10 17 32 17

0 20 85 32 -19 0 4 48

0 68 70 66 -16 19 49 7

0 49 82 2 -15 5 9 12

0 65 91 28 -13 2 44 41

0 30 71 35 -3 10 19 31

0 7 91 30 -16 34 45 15

0 40 41 12 -5 5 8 22

0 29 61 70 -4 21 34 9

0 38 80 75 -10 9 21 20

0 5 82 33 -2 22 46 20

0 11 17 63 -1 3 4 3

0 6 79 65 -18 23 32 28

0 68 91 73 -16 20 48 25

0 64 77 25 -13 0 8 29

0 19 58 61 -14 19 34 28

0 35 67 37 -10 25 27 39

0 87 98 65 -19 6 20 42

0 23 69 1 -16 11 14 18

0 40 49 1 -9 16 28 20

0 1 61 21 -18 14 30 16

0 12 75 47 -20 13 46 39

0 68 88 75 -10 28 43 15

0 10 77 8 -6 12 15 38

0 26 29 56 -12 1 3 12

0 51 83 26 -19 3 6 2

0 13 76 21 -12 8 22 26

0 2 48 11 -10 15 19 26

0 16 69 25 -6 12 46 39

0 19 42 85 -8 31 41 36

0 19 29 46 -18 12 14 12

0 50 77 33 -18 41 49 40

0 36 89 38 -14 6 43 2

0 10 62 81 -13 1 17 12

0 17 41 10 -19 22 48 16

0 37 72 11 -14 4 37 31

0 0 91 26 -20 3 15 44

0 35 55 3 -5 17 38 4

0 13 85 96 -19 12 21 9

0 4 69 86 -11 8 32 35

0 37 39 66 -8 18 19 16

0 40 53 23 -14 17 24 14

0 15 27 29 -1 12 26 25

0 22 51 36 -19 17 46 22

0 6 58 68 -19 9 41 29

0 2 18 88 -1 9 20 14

0 33 83 3 -5 6 40 26

0 30 60 43 -2 3 12 48

0 23 38 84 -19 2 3 36

0 62 72 80 -12 14 18 34

0 11 26 50 -15 8 17 9

0 21 28 54 -9 34 40 15

0 9 30 61 -15 23 26 13

0 3 98 92 -8 7 30 49

0 8 16 32 -15 5 29 23

0 14 61 73 -2 4 24 5

0 22 33 63 -11 14 17 49

0 14 15 47 -5 11 28 40

0 38 83 27 -13 37 42 43

0 2 38 2 -19 4 9 42

0 12 15 74 -15 1 5 31

0 0 1 65 -4 8 16 22

0 33 37 26 -16 1 2 43

0 4 9 48 -19 12 43 46

0 15 44 26 -20 4 39 3

0 0 7 44 -5 13 17 19

0 40 46 9 -4 16 37 37

0 5 6 40 -8 3 7 24

0 11 41 65 -10 1 8 46

0 4 10 67 -16 3 44 39

0 11 24 57 -10 30 37 15

0 6 11 86 -12 20 23 8

0 6 15 59 -15 18 24 28

0 22 34 13 -1 3 5 48

0 1 4 95 -3 15 32 24

0 4 7 99 -15 1 41 33

0 8 13 55 -4 15 46 16

0 10 15 45 -9 7 44 29

0 4 13 77 -8 11 33 2

0 4 14 31 -17 16 18 31

0 2 3 5 -6 9 25 33

0 1 5 96 -4 23 39 5


SAlphaB: 692.0, std-dev 251.36547178170753

Earliest win: 37
Latest win: 81

WinDepth:
0 0 0 0 0 0 0 0 0 0 0 0 0 0 0 0 0 0 0 0 0 0 0 0 0 0 0 0 0 0 0 0 0 0 0 0 0 1 0 3 1 0 5 19 7 10 12 41 20 70 52 190 85 103 67 207 104 185 143 171 182 241 241 353 309 392 369 401 465 410 441 418 479 409 403 371 285 229 202 138 89 84 
SAlphaB:
0 0 0 0 0 0 0 0 0 0 0 0 0 0 0 0 0 0 0 0 0 0 0 0 0 0 0 0 0 0 0 0 0 0 0 0 0 1 0 3 1 0 5 19 7 10 12 41 20 70 52 190 85 103 67 207 104 185 143 171 182 241 241 353 309 392 369 401 465 410 441 418 479 409 403 371 285 229 202 138 89 84 

LossDepth:
SAlphaB:
0 0 0 0 0 0 0 0 0 0 0 0 0 0 0 0 0 0 0 0 0 0 0 0 0 0 0 0 0 0 0 0 0 0 0 0 0 1 0 3 1 0 5 19 7 10 12 41 20 70 52 190 85 103 67 207 104 185 143 171 182 241 241 353 309 392 369 401 465 410 441 418 479 409 403 371 285 229 202 138 89 84 

FirstWin:
0 0 0 0 0 0 0 0 0 0 0 0 0 0 0 0 0 0 0 0 0 0 0 0 0 0 0 0 0 0 0 0 0 0 0 0 0 1 0 3 0 0 0 19 0 10 0 41 0 70 0 190 0 103 0 207 0 185 0 171 0 241 0 353 0 392 0 401 0 410 0 418 0 409 0 371 0 229 0 138 0 84 
SAlphaB:
0 0 0 0 0 0 0 0 0 0 0 0 0 0 0 0 0 0 0 0 0 0 0 0 0 0 0 0 0 0 0 0 0 0 0 0 0 1 0 3 0 0 0 19 0 10 0 41 0 70 0 190 0 103 0 207 0 185 0 171 0 241 0 353 0 392 0 401 0 410 0 418 0 409 0 371 0 229 0 138 0 84 

SecondWin:
0 0 0 0 0 0 0 0 0 0 0 0 0 0 0 0 0 0 0 0 0 0 0 0 0 0 0 0 0 0 0 0 0 0 0 0 0 0 0 0 1 0 5 0 7 0 12 0 20 0 52 0 85 0 67 0 104 0 143 0 182 0 241 0 309 0 369 0 465 0 441 0 479 0 403 0 285 0 202 0 89 0 
SAlphaB:
0 0 0 0 0 0 0 0 0 0 0 0 0 0 0 0 0 0 0 0 0 0 0 0 0 0 0 0 0 0 0 0 0 0 0 0 0 0 0 0 1 0 5 0 7 0 12 0 20 0 52 0 85 0 67 0 104 0 143 0 182 0 241 0 309 0 369 0 465 0 441 0 479 0 403 0 285 0 202 0 89 0 
