0 48 89 74 -14 3 14 14

0 54 92 40 -9 10 27 6

0 41 66 39 -15 2 6 19

0 55 84 32 -14 9 13 26

0 29 45 18 -14 1 12 24

0 60 83 46 -11 1 43 13

0 81 99 27 -5 8 10 28

0 48 60 8 -18 5 25 0

0 6 64 54 -16 15 18 15

0 21 27 78 -11 0 10 2

0 36 73 21 -14 9 11 13

0 52 80 34 -12 1 4 33

0 27 40 90 -4 4 8 25

0 36 53 42 -4 13 17 15

0 13 45 43 -19 4 8 7

0 49 54 0 -17 1 8 49

0 16 86 81 -9 15 16 37

0 22 68 49 -15 9 12 24

0 76 98 24 -14 0 1 36

0 14 52 23 -13 3 14 6

0 78 90 60 -6 1 2 34

0 52 79 84 -15 1 34 27

0 21 53 81 -10 0 15 12

0 35 83 17 -10 27 44 7

0 50 58 91 -7 9 11 24

0 34 36 11 -18 7 9 10

0 38 80 8 -13 21 48 35

0 85 92 13 -18 39 43 42

0 71 74 19 -20 18 21 2

0 57 58 80 -9 6 7 6

0 3 56 10 -5 20 37 38

0 6 21 47 -9 0 1 21

0 14 17 11 -14 2 7 16

0 15 24 94 -5 8 12 29

0 38 53 81 -10 10 12 39

0 34 84 22 -3 0 1 31

0 30 48 48 -10 5 7 40

0 50 95 79 -10 35 49 38

0 26 77 67 -13 19 37 29

0 65 89 96 -10 31 47 4

0 10 83 33 -12 25 40 26

0 63 82 54 -15 3 13 47

0 23 35 14 -1 14 16 17

0 21 68 4 -2 13 23 46

0 1 42 47 -9 1 3 24

0 81 84 82 -7 38 48 18

0 26 55 47 -13 1 2 40

0 16 33 26 -9 17 38 8

0 43 66 23 -16 30 31 28

0 39 90 75 -18 0 47 35

0 5 86 23 -18 0 2 46

0 42 59 56 -11 6 42 20

0 24 81 90 -7 25 28 18

0 1 63 34 -2 12 13 37

0 35 38 60 -17 36 40 46

0 2 22 32 -18 8 11 22

0 7 12 53 -5 15 33 7

0 11 81 52 -17 15 28 0

0 25 70 22 -6 22 25 38

0 12 29 26 -19 4 19 38

0 4 79 52 -10 8 10 43

0 22 71 84 -5 18 37 47

0 1 6 66 -1 15 18 35

0 16 95 32 -17 7 9 3

0 12 13 61 -11 15 32 2

0 16 50 82 -20 6 28 45

0 4 20 36 -20 7 9 24

0 14 64 67 -3 0 1 39

0 32 35 67 -2 4 8 32

0 53 57 89 -5 5 7 25

0 0 9 19 -12 4 9 9

0 14 32 34 -2 3 31 28

0 3 34 44 -1 12 43 39

0 11 13 16 -14 38 47 39

0 8 22 49 -14 15 23 3

0 0 17 34 -4 10 25 24

0 17 55 74 -4 7 27 41

0 2 8 46 -10 10 44 18

0 13 29 21 -2 5 11 34

0 23 35 66 -3 0 10 48

0 0 1 52 -9 24 28 16

0 0 1 58 -19 7 41 33

0 21 26 42 -4 28 46 36

0 1 14 86 -19 0 6 5

0 3 12 65 -2 0 3 29

0 11 19 31 -3 26 33 47

0 0 1 20 -20 28 47 7

0 10 21 60 -3 44 48 48

0 10 34 42 -9 16 21 42

0 56 63 4 -10 43 48 2

0 3 64 1 -17 0 40 39

0 9 14 60 -6 10 28 29

0 10 22 34 -8 15 33 49

0 8 11 71 -14 10 42 4

0 3 9 48 -5 20 30 31

0 18 31 5 -14 14 44 3

0 4 17 34 -20 4 11 47

0 0 5 27 -3 6 47 36

0 2 32 94 -7 0 1 38

0 0 1 76 -2 1 9 30


SAlphaB: 680.0, std-dev 261.42250285696525

Earliest win: 37
Latest win: 81

WinDepth:
0 0 0 0 0 0 0 0 0 0 0 0 0 0 0 0 0 0 0 0 0 0 0 0 0 0 0 0 0 0 0 0 0 0 0 0 0 2 0 8 12 5 2 11 7 18 17 33 28 60 63 214 76 124 94 167 106 181 150 206 168 204 213 373 331 319 386 408 416 454 426 484 400 472 382 396 263 234 162 152 103 73 
SAlphaB:
0 0 0 0 0 0 0 0 0 0 0 0 0 0 0 0 0 0 0 0 0 0 0 0 0 0 0 0 0 0 0 0 0 0 0 0 0 2 0 8 12 5 2 11 7 18 17 33 28 60 63 214 76 124 94 167 106 181 150 206 168 204 213 373 331 319 386 408 416 454 426 484 400 472 382 396 263 234 162 152 103 73 

LossDepth:
SAlphaB:
0 0 0 0 0 0 0 0 0 0 0 0 0 0 0 0 0 0 0 0 0 0 0 0 0 0 0 0 0 0 0 0 0 0 0 0 0 2 0 8 12 5 2 11 7 18 17 33 28 60 63 214 76 124 94 167 106 181 150 206 168 204 213 373 331 319 386 408 416 454 426 484 400 472 382 396 263 234 162 152 103 73 

FirstWin:
0 0 0 0 0 0 0 0 0 0 0 0 0 0 0 0 0 0 0 0 0 0 0 0 0 0 0 0 0 0 0 0 0 0 0 0 0 2 0 8 0 5 0 11 0 18 0 33 0 60 0 214 0 124 0 167 0 181 0 206 0 204 0 373 0 319 0 408 0 454 0 484 0 472 0 396 0 234 0 152 0 73 
SAlphaB:
0 0 0 0 0 0 0 0 0 0 0 0 0 0 0 0 0 0 0 0 0 0 0 0 0 0 0 0 0 0 0 0 0 0 0 0 0 2 0 8 0 5 0 11 0 18 0 33 0 60 0 214 0 124 0 167 0 181 0 206 0 204 0 373 0 319 0 408 0 454 0 484 0 472 0 396 0 234 0 152 0 73 

SecondWin:
0 0 0 0 0 0 0 0 0 0 0 0 0 0 0 0 0 0 0 0 0 0 0 0 0 0 0 0 0 0 0 0 0 0 0 0 0 0 0 0 12 0 2 0 7 0 17 0 28 0 63 0 76 0 94 0 106 0 150 0 168 0 213 0 331 0 386 0 416 0 426 0 400 0 382 0 263 0 162 0 103 0 
SAlphaB:
0 0 0 0 0 0 0 0 0 0 0 0 0 0 0 0 0 0 0 0 0 0 0 0 0 0 0 0 0 0 0 0 0 0 0 0 0 0 0 0 12 0 2 0 7 0 17 0 28 0 63 0 76 0 94 0 106 0 150 0 168 0 213 0 331 0 386 0 416 0 426 0 400 0 382 0 263 0 162 0 103 0 
