0 74 75 62 -10 13 33 13

0 4 43 60 -16 5 8 14

0 39 60 37 -9 6 11 21

0 35 73 88 -18 3 5 2

0 30 70 8 -17 0 8 0

0 33 63 52 -18 6 16 37

0 36 52 94 -11 5 31 47

0 57 89 89 -3 4 23 34

0 23 52 63 -17 1 5 43

0 56 65 66 -15 6 25 42

0 10 59 14 -15 4 11 7

0 40 55 88 -14 0 10 7

0 63 94 30 -14 11 15 1

0 6 19 58 -12 11 13 4

0 18 26 11 -11 5 15 4

0 38 57 37 -19 12 22 4

0 18 49 41 -9 22 48 20

0 48 72 37 -19 7 10 26

0 45 57 43 -6 1 6 34

0 47 72 33 -3 3 5 26

0 37 81 82 -8 31 40 2

0 56 60 39 -1 11 31 30

0 23 68 61 -11 4 20 21

0 14 79 95 -5 35 43 43

0 30 79 19 -17 7 20 16

0 2 76 71 -19 10 35 25

0 77 93 17 -4 2 9 14

0 41 55 3 -3 15 21 9

0 56 61 67 -18 1 8 43

0 22 82 50 -15 1 25 48

0 12 78 64 -3 10 40 5

0 34 46 85 -16 0 1 29

0 43 83 13 -3 12 29 24

0 80 94 90 -6 2 39 13

0 26 30 40 -16 0 1 24

0 17 19 26 -3 15 24 7

0 32 35 73 -19 24 48 26

0 4 85 1 -17 11 49 41

0 17 35 1 -5 5 12 35

0 25 90 29 -15 31 35 11

0 3 55 97 -8 5 24 8

0 44 52 52 -7 33 41 29

0 12 40 98 -2 13 38 49

0 9 13 52 -19 1 12 12

0 37 53 25 -19 27 28 23

0 1 81 32 -6 2 12 43

0 29 32 70 -10 12 14 1

0 13 67 12 -19 7 17 13

0 16 25 70 -4 12 20 23

0 30 85 83 -19 2 30 35

0 6 97 40 -10 6 27 29

0 22 72 40 -1 31 40 26

0 13 43 12 -16 1 5 38

0 14 15 27 -6 17 19 17

0 7 60 88 -15 16 32 44

0 22 43 8 -18 13 23 29

0 28 52 64 -14 24 47 12

0 7 84 30 -20 2 21 39

0 53 93 29 -5 37 41 41

0 17 60 77 -3 1 22 41

0 26 48 4 -15 2 46 19

0 2 45 0 -18 0 4 31

0 0 6 81 -15 2 3 15

0 50 68 43 -15 11 44 24

0 19 96 87 -1 6 39 30

0 33 50 64 -12 42 43 49

0 6 18 82 -18 7 11 40

0 20 50 58 -19 36 47 16

0 20 25 78 -9 0 2 42

0 2 9 46 -14 20 21 2

0 5 26 0 -20 9 22 7

0 5 52 86 -12 1 2 27

0 6 21 90 -20 23 48 28

0 4 19 80 -10 9 31 16

0 56 66 97 -15 27 38 5

0 31 34 83 -6 3 5 31

0 0 4 90 -9 20 32 44

0 9 32 51 -5 7 41 8

0 3 5 29 -14 6 12 5

0 3 13 15 -12 0 9 30

0 3 22 50 -14 23 36 4

0 20 37 14 -6 18 29 41

0 9 73 99 -10 6 40 33

0 0 32 58 -6 15 46 12

0 34 50 34 -7 23 40 49

0 1 27 97 -12 6 38 1

0 10 17 55 -8 39 47 27

0 5 16 56 -8 6 37 49

0 13 17 19 -10 3 4 27

0 1 98 3 -2 2 4 47

0 21 27 96 -20 26 43 5

0 5 6 51 -11 7 10 31

0 2 21 94 -12 4 33 20

0 10 12 69 -6 12 14 48

0 7 16 63 -12 8 22 47

0 2 5 44 -17 1 38 0

0 3 4 9 -20 2 29 28

0 3 7 21 -8 25 33 2

0 1 15 1 -1 2 33 42

0 1 2 60 -1 6 30 27


SAlphaB: 710.0, std-dev 259.7461337342656

Earliest win: 37
Latest win: 81

WinDepth:
0 0 0 0 0 0 0 0 0 0 0 0 0 0 0 0 0 0 0 0 0 0 0 0 0 0 0 0 0 0 0 0 0 0 0 0 0 9 0 2 0 7 1 21 10 14 12 34 22 47 78 175 87 99 77 159 157 183 131 188 157 237 217 345 327 312 432 344 458 414 485 455 431 426 370 361 264 234 200 131 112 84 
SAlphaB:
0 0 0 0 0 0 0 0 0 0 0 0 0 0 0 0 0 0 0 0 0 0 0 0 0 0 0 0 0 0 0 0 0 0 0 0 0 9 0 2 0 7 1 21 10 14 12 34 22 47 78 175 87 99 77 159 157 183 131 188 157 237 217 345 327 312 432 344 458 414 485 455 431 426 370 361 264 234 200 131 112 84 

LossDepth:
SAlphaB:
0 0 0 0 0 0 0 0 0 0 0 0 0 0 0 0 0 0 0 0 0 0 0 0 0 0 0 0 0 0 0 0 0 0 0 0 0 9 0 2 0 7 1 21 10 14 12 34 22 47 78 175 87 99 77 159 157 183 131 188 157 237 217 345 327 312 432 344 458 414 485 455 431 426 370 361 264 234 200 131 112 84 

FirstWin:
0 0 0 0 0 0 0 0 0 0 0 0 0 0 0 0 0 0 0 0 0 0 0 0 0 0 0 0 0 0 0 0 0 0 0 0 0 9 0 2 0 7 0 21 0 14 0 34 0 47 0 175 0 99 0 159 0 183 0 188 0 237 0 345 0 312 0 344 0 414 0 455 0 426 0 361 0 234 0 131 0 84 
SAlphaB:
0 0 0 0 0 0 0 0 0 0 0 0 0 0 0 0 0 0 0 0 0 0 0 0 0 0 0 0 0 0 0 0 0 0 0 0 0 9 0 2 0 7 0 21 0 14 0 34 0 47 0 175 0 99 0 159 0 183 0 188 0 237 0 345 0 312 0 344 0 414 0 455 0 426 0 361 0 234 0 131 0 84 

SecondWin:
0 0 0 0 0 0 0 0 0 0 0 0 0 0 0 0 0 0 0 0 0 0 0 0 0 0 0 0 0 0 0 0 0 0 0 0 0 0 0 0 0 0 1 0 10 0 12 0 22 0 78 0 87 0 77 0 157 0 131 0 157 0 217 0 327 0 432 0 458 0 485 0 431 0 370 0 264 0 200 0 112 0 
SAlphaB:
0 0 0 0 0 0 0 0 0 0 0 0 0 0 0 0 0 0 0 0 0 0 0 0 0 0 0 0 0 0 0 0 0 0 0 0 0 0 0 0 0 0 1 0 10 0 12 0 22 0 78 0 87 0 77 0 157 0 131 0 157 0 217 0 327 0 432 0 458 0 485 0 431 0 370 0 264 0 200 0 112 0 
