0 24 66 46 -15 6 20 15

0 65 77 47 -4 3 27 4

0 40 54 54 -2 7 22 15

0 50 68 57 -9 0 1 19

0 67 82 98 -16 17 28 31

0 19 89 8 -7 0 1 26

0 88 96 58 -7 19 37 7

0 17 26 57 -16 0 16 16

0 5 42 65 -19 6 14 15

0 27 88 34 -18 2 4 43

0 52 97 27 -11 9 25 44

0 32 93 24 -5 16 20 24

0 87 91 66 -6 3 8 42

0 30 60 21 -20 8 16 32

0 80 96 19 -19 22 44 42

0 16 64 42 -17 1 11 16

0 24 72 85 -15 14 21 15

0 36 37 95 -11 43 45 10

0 88 90 29 -3 1 5 4

0 10 39 65 -19 0 1 29

0 91 94 40 -3 5 8 10

0 21 31 72 -8 0 1 3

0 18 49 49 -16 33 35 12

0 27 55 91 -11 0 1 19

0 40 55 73 -2 19 20 48

0 78 87 62 -17 3 12 19

0 1 96 29 -20 25 38 14

0 50 67 26 -5 0 17 25

0 31 80 63 -2 5 8 35

0 21 35 96 -13 0 5 26

0 10 26 72 -12 0 9 9

0 8 22 19 -8 2 4 14

0 10 36 84 -5 24 35 47

0 30 62 14 -11 10 30 22

0 19 81 23 -1 16 19 6

0 37 59 83 -12 8 10 36

0 32 46 50 -12 8 9 17

0 27 31 21 -16 0 3 46

0 38 50 57 -9 27 35 27

0 5 79 94 -13 1 8 26

0 50 77 4 -6 4 38 34

0 55 92 15 -17 23 41 8

0 29 86 0 -5 17 44 15

0 9 51 59 -3 2 22 9

0 23 49 39 -3 22 49 41

0 86 92 62 -5 23 38 43

0 34 88 0 -5 21 44 6

0 21 84 18 -5 18 39 15

0 47 53 34 -15 14 20 41

0 41 88 3 -15 17 26 4

0 28 71 66 -17 23 30 46

0 16 58 51 -12 26 49 48

0 7 82 3 -16 0 1 40

0 0 8 93 -20 3 9 9

0 24 27 31 -1 1 25 18

0 5 43 16 -7 0 19 18

0 43 54 84 -17 6 8 27

0 43 47 88 -16 0 5 38

0 2 74 63 -5 2 26 25

0 6 66 39 -17 14 42 5

0 20 21 71 -11 3 16 27

0 10 21 86 -4 6 21 49

0 0 31 17 -20 32 42 38

0 36 40 16 -19 4 30 21

0 7 26 98 -3 44 46 1

0 24 30 99 -3 0 1 21

0 42 54 34 -17 1 49 21

0 0 23 97 -1 15 22 21

0 8 55 50 -6 3 13 40

0 8 29 25 -9 5 13 28

0 21 35 27 -2 11 14 49

0 0 25 83 -17 7 45 32

0 6 26 71 -11 18 36 7

0 28 57 87 -9 0 4 49

0 7 63 2 -5 15 23 14

0 19 22 76 -4 3 21 37

0 10 29 2 -16 7 32 43

0 0 24 53 -19 17 47 36

0 11 34 67 -10 18 26 45

0 27 28 97 -5 8 9 38

0 18 19 35 -10 3 40 42

0 0 76 78 -18 11 47 7

0 1 12 13 -4 1 15 18

0 10 19 86 -3 13 16 46

0 6 25 74 -13 13 31 12

0 28 32 36 -3 0 9 34

0 2 20 64 -12 8 33 38

0 0 13 50 -18 23 47 1

0 4 6 76 -11 36 37 2

0 10 29 16 -13 10 12 25

0 1 21 64 -7 7 8 40

0 19 25 52 -6 3 42 36

0 0 21 1 -15 5 7 13

0 10 15 1 -15 5 33 38

0 5 41 4 -3 7 32 28

0 3 6 76 -11 31 45 19

0 1 22 58 -4 16 37 9

0 2 3 63 -19 31 39 49

0 24 25 22 -8 4 17 44

0 9 10 21 -18 2 4 38


SAlphaB: 698.0, std-dev 252.62246035289

Earliest win: 36
Latest win: 81

WinDepth:
0 0 0 0 0 0 0 0 0 0 0 0 0 0 0 0 0 0 0 0 0 0 0 0 0 0 0 0 0 0 0 0 0 0 0 0 1 0 0 0 0 2 4 11 24 20 9 39 28 59 58 151 69 112 89 234 93 221 129 196 199 243 239 304 264 409 371 376 402 402 445 415 457 392 375 378 279 252 193 153 119 82 
SAlphaB:
0 0 0 0 0 0 0 0 0 0 0 0 0 0 0 0 0 0 0 0 0 0 0 0 0 0 0 0 0 0 0 0 0 0 0 0 1 0 0 0 0 2 4 11 24 20 9 39 28 59 58 151 69 112 89 234 93 221 129 196 199 243 239 304 264 409 371 376 402 402 445 415 457 392 375 378 279 252 193 153 119 82 

LossDepth:
SAlphaB:
0 0 0 0 0 0 0 0 0 0 0 0 0 0 0 0 0 0 0 0 0 0 0 0 0 0 0 0 0 0 0 0 0 0 0 0 1 0 0 0 0 2 4 11 24 20 9 39 28 59 58 151 69 112 89 234 93 221 129 196 199 243 239 304 264 409 371 376 402 402 445 415 457 392 375 378 279 252 193 153 119 82 

FirstWin:
0 0 0 0 0 0 0 0 0 0 0 0 0 0 0 0 0 0 0 0 0 0 0 0 0 0 0 0 0 0 0 0 0 0 0 0 0 0 0 0 0 2 0 11 0 20 0 39 0 59 0 151 0 112 0 234 0 221 0 196 0 243 0 304 0 409 0 376 0 402 0 415 0 392 0 378 0 252 0 153 0 82 
SAlphaB:
0 0 0 0 0 0 0 0 0 0 0 0 0 0 0 0 0 0 0 0 0 0 0 0 0 0 0 0 0 0 0 0 0 0 0 0 0 0 0 0 0 2 0 11 0 20 0 39 0 59 0 151 0 112 0 234 0 221 0 196 0 243 0 304 0 409 0 376 0 402 0 415 0 392 0 378 0 252 0 153 0 82 

SecondWin:
0 0 0 0 0 0 0 0 0 0 0 0 0 0 0 0 0 0 0 0 0 0 0 0 0 0 0 0 0 0 0 0 0 0 0 0 1 0 0 0 0 0 4 0 24 0 9 0 28 0 58 0 69 0 89 0 93 0 129 0 199 0 239 0 264 0 371 0 402 0 445 0 457 0 375 0 279 0 193 0 119 0 
SAlphaB:
0 0 0 0 0 0 0 0 0 0 0 0 0 0 0 0 0 0 0 0 0 0 0 0 0 0 0 0 0 0 0 0 0 0 0 0 1 0 0 0 0 0 4 0 24 0 9 0 28 0 58 0 69 0 89 0 93 0 129 0 199 0 239 0 264 0 371 0 402 0 445 0 457 0 375 0 279 0 193 0 119 0 
