0 47 95 76 -19 0 5 7

0 54 95 40 -1 14 43 15

0 37 74 67 -2 12 30 14

0 55 93 52 -19 0 4 42

0 28 98 95 -4 17 30 1

0 17 46 55 -7 12 28 21

0 79 98 34 -19 18 48 8

0 6 41 13 -15 8 20 1

0 42 92 0 -17 5 10 7

0 51 79 85 -12 2 35 37

0 27 68 9 -4 15 26 42

0 37 90 6 -5 2 17 40

0 59 95 78 -17 4 9 43

0 27 86 15 -13 0 4 38

0 53 83 17 -3 1 16 23

0 63 92 44 -13 4 6 11

0 47 55 62 -16 4 33 9

0 27 80 55 -10 30 48 13

0 61 98 27 -8 13 15 33

0 33 35 88 -9 17 28 22

0 48 80 20 -2 18 47 9

0 62 95 32 -2 13 26 31

0 50 66 13 -12 22 26 22

0 62 95 76 -18 0 22 46

0 33 41 36 -16 3 4 24

0 92 94 52 -10 29 40 21

0 36 41 80 -18 12 41 13

0 49 56 91 -8 19 42 26

0 20 71 98 -10 17 26 22

0 65 80 20 -9 7 24 43

0 27 63 13 -7 16 18 29

0 10 56 54 -13 19 32 22

0 59 67 26 -17 21 31 25

0 21 44 25 -2 3 27 25

0 2 59 16 -16 15 35 33

0 42 71 62 -19 38 41 42

0 9 46 55 -11 10 27 13

0 28 47 97 -11 0 1 30

0 10 57 47 -19 7 10 39

0 48 76 55 -3 38 39 28

0 3 88 1 -9 18 45 7

0 8 57 76 -6 24 49 5

0 22 43 60 -5 11 29 49

0 29 30 59 -17 5 15 19

0 50 56 80 -8 4 32 7

0 36 37 45 -4 21 29 8

0 58 75 72 -15 23 25 9

0 11 31 19 -19 9 28 8

0 12 47 64 -12 8 14 47

0 23 43 93 -4 0 25 42

0 14 32 16 -13 3 30 10

0 2 65 32 -14 24 28 36

0 18 42 92 -19 28 34 42

0 9 54 9 -5 15 23 27

0 50 76 27 -13 25 49 10

0 2 99 6 -4 5 10 38

0 11 21 12 -7 10 12 38

0 8 13 47 -12 13 15 2

0 16 56 65 -2 14 28 42

0 9 14 57 -2 35 42 14

0 15 93 95 -4 19 27 40

0 16 82 12 -3 12 17 37

0 17 28 83 -7 5 23 4

0 19 57 97 -5 0 48 25

0 55 66 51 -7 0 39 38

0 21 53 13 -16 4 37 41

0 1 15 96 -8 7 11 14

0 38 70 51 -6 1 3 49

0 4 7 92 -5 36 39 9

0 3 24 97 -20 23 27 12

0 6 16 72 -13 17 31 13

0 4 24 17 -10 8 48 6

0 11 50 10 -16 7 48 0

0 46 47 52 -3 22 33 48

0 4 20 21 -8 14 38 24

0 18 61 79 -18 31 37 46

0 19 23 39 -17 8 14 40

0 8 20 77 -5 8 9 25

0 14 26 27 -9 9 43 25

0 10 85 11 -12 33 41 32

0 6 9 88 -1 2 14 32

0 12 27 79 -12 2 9 42

0 7 8 16 -20 14 36 2

0 6 77 97 -12 1 5 29

0 5 11 93 -12 17 30 1

0 1 3 60 -4 25 29 17

0 2 9 78 -20 1 12 0

0 0 2 4 -15 13 45 30

0 46 50 85 -7 32 43 45

0 4 29 62 -16 23 38 20

0 18 21 6 -12 37 49 33

0 7 9 18 -13 18 49 49

0 1 3 53 -19 19 41 12

0 1 19 25 -1 0 37 29

0 12 13 16 -13 24 29 33

0 2 3 18 -5 36 38 6

0 0 2 35 -11 1 2 25

0 3 18 22 -9 34 39 0

0 8 27 23 -12 19 28 39

0 9 23 34 -1 6 25 43


SAlphaB: 699.0, std-dev 246.62056325907258

Earliest win: 37
Latest win: 81

WinDepth:
0 0 0 0 0 0 0 0 0 0 0 0 0 0 0 0 0 0 0 0 0 0 0 0 0 0 0 0 0 0 0 0 0 0 0 0 0 2 2 2 1 1 2 8 22 16 15 38 18 94 55 240 92 108 85 182 98 203 131 188 174 283 209 336 329 320 430 387 460 422 442 403 449 347 369 347 264 252 176 133 95 77 
SAlphaB:
0 0 0 0 0 0 0 0 0 0 0 0 0 0 0 0 0 0 0 0 0 0 0 0 0 0 0 0 0 0 0 0 0 0 0 0 0 2 2 2 1 1 2 8 22 16 15 38 18 94 55 240 92 108 85 182 98 203 131 188 174 283 209 336 329 320 430 387 460 422 442 403 449 347 369 347 264 252 176 133 95 77 

LossDepth:
SAlphaB:
0 0 0 0 0 0 0 0 0 0 0 0 0 0 0 0 0 0 0 0 0 0 0 0 0 0 0 0 0 0 0 0 0 0 0 0 0 2 2 2 1 1 2 8 22 16 15 38 18 94 55 240 92 108 85 182 98 203 131 188 174 283 209 336 329 320 430 387 460 422 442 403 449 347 369 347 264 252 176 133 95 77 

FirstWin:
0 0 0 0 0 0 0 0 0 0 0 0 0 0 0 0 0 0 0 0 0 0 0 0 0 0 0 0 0 0 0 0 0 0 0 0 0 2 0 2 0 1 0 8 0 16 0 38 0 94 0 240 0 108 0 182 0 203 0 188 0 283 0 336 0 320 0 387 0 422 0 403 0 347 0 347 0 252 0 133 0 77 
SAlphaB:
0 0 0 0 0 0 0 0 0 0 0 0 0 0 0 0 0 0 0 0 0 0 0 0 0 0 0 0 0 0 0 0 0 0 0 0 0 2 0 2 0 1 0 8 0 16 0 38 0 94 0 240 0 108 0 182 0 203 0 188 0 283 0 336 0 320 0 387 0 422 0 403 0 347 0 347 0 252 0 133 0 77 

SecondWin:
0 0 0 0 0 0 0 0 0 0 0 0 0 0 0 0 0 0 0 0 0 0 0 0 0 0 0 0 0 0 0 0 0 0 0 0 0 0 2 0 1 0 2 0 22 0 15 0 18 0 55 0 92 0 85 0 98 0 131 0 174 0 209 0 329 0 430 0 460 0 442 0 449 0 369 0 264 0 176 0 95 0 
SAlphaB:
0 0 0 0 0 0 0 0 0 0 0 0 0 0 0 0 0 0 0 0 0 0 0 0 0 0 0 0 0 0 0 0 0 0 0 0 0 0 2 0 1 0 2 0 22 0 15 0 18 0 55 0 92 0 85 0 98 0 131 0 174 0 209 0 329 0 430 0 460 0 442 0 449 0 369 0 264 0 176 0 95 0 
