0 31 84 96 -18 0 4 23

0 47 96 99 -8 0 19 32

0 27 41 17 -8 10 29 1

0 31 71 4 -9 0 5 20

0 82 95 14 -1 11 35 14

0 60 96 94 -4 13 47 32

0 3 77 80 -7 36 46 11

0 22 47 43 -11 7 10 34

0 32 81 25 -12 0 26 40

0 10 33 38 -11 0 1 36

0 2 35 42 -5 10 21 13

0 40 99 31 -1 13 36 34

0 64 87 95 -19 11 45 34

0 18 86 77 -15 14 43 17

0 66 85 80 -14 7 18 34

0 57 78 74 -18 22 25 21

0 33 93 14 -2 10 42 38

0 52 94 2 -18 0 35 35

0 68 92 73 -1 26 48 16

0 79 82 24 -6 3 20 32

0 3 17 84 -11 6 11 5

0 74 90 40 -10 19 20 7

0 79 84 9 -14 0 10 3

0 3 85 96 -6 19 22 10

0 56 86 14 -7 1 41 25

0 53 60 20 -4 0 1 13

0 32 44 89 -16 23 47 14

0 39 97 67 -10 30 36 10

0 87 99 89 -2 39 49 29

0 19 51 55 -15 14 29 12

0 40 77 94 -13 0 12 39

0 38 74 96 -13 2 8 38

0 27 35 93 -20 11 33 11

0 82 91 53 -16 10 47 11

0 25 64 23 -6 0 1 44

0 57 62 78 -9 19 37 41

0 33 54 9 -14 17 18 48

0 4 17 72 -1 0 2 18

0 32 39 58 -20 12 14 25

0 67 71 14 -20 14 30 43

0 76 79 77 -9 2 8 40

0 39 51 47 -16 31 44 11

0 24 54 55 -6 23 40 35

0 7 26 41 -10 19 32 14

0 14 35 65 -18 3 6 43

0 25 28 39 -10 20 37 7

0 23 32 24 -9 21 25 3

0 11 12 85 -2 8 22 12

0 22 40 94 -8 6 8 12

0 16 31 6 -12 5 11 41

0 18 36 19 -11 0 2 49

0 11 24 44 -9 2 16 33

0 19 47 35 -3 8 9 43

0 12 27 37 -7 0 2 19

0 31 83 24 -17 23 28 49

0 19 41 71 -9 8 29 40

0 5 45 34 -1 11 22 21

0 42 44 4 -4 8 14 41

0 9 81 6 -6 36 40 36

0 9 37 12 -12 33 34 2

0 3 6 27 -5 24 29 21

0 34 73 82 -11 45 46 1

0 13 63 55 -18 24 28 14

0 44 74 86 -19 24 46 46

0 4 87 40 -6 31 33 15

0 25 26 29 -5 34 43 4

0 8 90 74 -2 6 30 48

0 33 47 21 -3 2 38 37

0 5 7 76 -18 1 5 13

0 8 27 67 -2 0 37 14

0 6 21 74 -20 38 39 44

0 34 39 76 -14 4 5 36

0 24 42 39 -12 2 14 44

0 7 14 26 -13 1 2 17

0 6 15 84 -17 15 23 40

0 4 22 58 -7 32 40 9

0 10 45 22 -9 7 11 11

0 16 97 61 -18 1 25 40

0 6 9 29 -13 4 11 19

0 21 93 8 -3 29 35 14

0 21 22 38 -14 25 36 10

0 15 29 60 -8 22 31 33

0 8 18 48 -8 6 25 23

0 72 88 23 -3 37 42 10

0 1 3 73 -3 13 28 5

0 7 33 93 -12 15 25 23

0 18 40 25 -16 2 48 12

0 22 47 80 -18 2 39 24

0 1 30 11 -11 41 47 16

0 23 40 87 -10 2 39 37

0 2 13 1 -15 0 21 35

0 4 16 58 -3 10 35 40

0 17 19 0 -6 19 32 18

0 10 12 21 -7 17 21 30

0 2 32 20 -3 3 41 20

0 11 19 36 -10 38 49 17

0 3 11 29 -5 19 30 25

0 2 6 0 -20 6 28 47

0 5 13 22 -15 3 37 29

0 3 12 33 -16 19 33 38


SAlphaB: 688.0, std-dev 255.95407820840666

Earliest win: 37
Latest win: 81

WinDepth:
0 0 0 0 0 0 0 0 0 0 0 0 0 0 0 0 0 0 0 0 0 0 0 0 0 0 0 0 0 0 0 0 0 0 0 0 0 4 0 3 1 2 0 54 7 15 12 21 29 64 116 195 160 107 118 170 119 211 146 206 162 253 211 336 348 317 385 351 435 384 394 373 443 386 392 354 267 250 161 150 122 87 
SAlphaB:
0 0 0 0 0 0 0 0 0 0 0 0 0 0 0 0 0 0 0 0 0 0 0 0 0 0 0 0 0 0 0 0 0 0 0 0 0 4 0 3 1 2 0 54 7 15 12 21 29 64 116 195 160 107 118 170 119 211 146 206 162 253 211 336 348 317 385 351 435 384 394 373 443 386 392 354 267 250 161 150 122 87 

LossDepth:
SAlphaB:
0 0 0 0 0 0 0 0 0 0 0 0 0 0 0 0 0 0 0 0 0 0 0 0 0 0 0 0 0 0 0 0 0 0 0 0 0 4 0 3 1 2 0 54 7 15 12 21 29 64 116 195 160 107 118 170 119 211 146 206 162 253 211 336 348 317 385 351 435 384 394 373 443 386 392 354 267 250 161 150 122 87 

FirstWin:
0 0 0 0 0 0 0 0 0 0 0 0 0 0 0 0 0 0 0 0 0 0 0 0 0 0 0 0 0 0 0 0 0 0 0 0 0 4 0 3 0 2 0 54 0 15 0 21 0 64 0 195 0 107 0 170 0 211 0 206 0 253 0 336 0 317 0 351 0 384 0 373 0 386 0 354 0 250 0 150 0 87 
SAlphaB:
0 0 0 0 0 0 0 0 0 0 0 0 0 0 0 0 0 0 0 0 0 0 0 0 0 0 0 0 0 0 0 0 0 0 0 0 0 4 0 3 0 2 0 54 0 15 0 21 0 64 0 195 0 107 0 170 0 211 0 206 0 253 0 336 0 317 0 351 0 384 0 373 0 386 0 354 0 250 0 150 0 87 

SecondWin:
0 0 0 0 0 0 0 0 0 0 0 0 0 0 0 0 0 0 0 0 0 0 0 0 0 0 0 0 0 0 0 0 0 0 0 0 0 0 0 0 1 0 0 0 7 0 12 0 29 0 116 0 160 0 118 0 119 0 146 0 162 0 211 0 348 0 385 0 435 0 394 0 443 0 392 0 267 0 161 0 122 0 
SAlphaB:
0 0 0 0 0 0 0 0 0 0 0 0 0 0 0 0 0 0 0 0 0 0 0 0 0 0 0 0 0 0 0 0 0 0 0 0 0 0 0 0 1 0 0 0 7 0 12 0 29 0 116 0 160 0 118 0 119 0 146 0 162 0 211 0 348 0 385 0 435 0 394 0 443 0 392 0 267 0 161 0 122 0 
