0 37 79 20 -10 2 19 27

0 18 55 98 -9 0 4 2

0 18 98 51 -15 0 2 14

0 60 83 91 -10 11 26 26

0 46 85 31 -2 0 5 0

0 53 93 2 -8 7 27 38

0 68 88 88 -16 12 25 45

0 13 65 59 -10 2 4 1

0 16 53 86 -19 10 35 25

0 46 66 95 -3 29 47 8

0 35 98 93 -5 12 27 13

0 64 89 18 -19 2 12 12

0 68 69 67 -7 9 15 21

0 76 79 81 -15 13 14 45

0 25 65 60 -7 2 5 40

0 5 94 49 -16 22 41 26

0 21 23 49 -9 23 27 20

0 17 46 99 -3 8 20 29

0 2 79 73 -16 7 20 31

0 17 95 7 -6 38 40 49

0 9 71 66 -5 24 39 35

0 43 66 11 -2 13 19 35

0 53 55 62 -6 10 44 42

0 64 87 87 -15 9 43 25

0 4 71 9 -5 12 41 28

0 28 93 1 -14 9 24 28

0 18 52 82 -4 36 39 38

0 31 42 19 -17 0 3 25

0 28 58 95 -9 26 45 40

0 82 87 21 -17 7 28 49

0 77 98 39 -14 30 32 48

0 15 36 1 -11 2 5 1

0 3 45 27 -16 3 14 26

0 68 80 36 -4 18 26 25

0 30 83 80 -19 13 15 29

0 23 32 7 -3 16 21 43

0 38 58 29 -18 8 13 47

0 18 19 91 -1 10 11 2

0 10 45 38 -12 14 17 29

0 22 81 19 -13 16 42 28

0 39 43 94 -14 19 42 39

0 3 21 63 -9 1 3 17

0 51 60 64 -3 35 47 24

0 4 66 15 -4 1 4 6

0 12 45 49 -4 15 21 16

0 32 36 87 -18 11 16 11

0 10 40 31 -18 14 30 10

0 33 56 19 -9 10 15 31

0 29 31 37 -20 5 17 43

0 5 48 84 -11 1 2 42

0 5 50 4 -3 13 14 46

0 40 64 96 -8 18 33 16

0 19 20 46 -5 0 1 31

0 15 51 77 -8 0 1 43

0 4 68 11 -8 11 12 3

0 9 26 71 -18 13 24 12

0 0 1 54 -9 1 7 4

0 12 49 34 -19 2 29 42

0 1 27 15 -16 12 20 21

0 38 96 21 -2 0 1 48

0 51 63 0 -4 26 42 35

0 11 33 11 -3 8 12 8

0 21 64 9 -5 20 25 6

0 7 8 83 -6 10 39 37

0 7 8 19 -19 30 33 12

0 0 34 25 -10 9 30 43

0 14 21 59 -2 13 16 44

0 2 21 41 -20 26 29 29

0 8 15 32 -11 8 27 8

0 2 44 5 -18 20 24 6

0 20 49 7 -17 21 42 45

0 2 7 31 -13 3 23 8

0 7 12 88 -14 22 28 33

0 8 23 58 -15 6 49 16

0 52 75 63 -14 30 35 41

0 1 5 3 -8 22 26 19

0 12 36 0 -16 25 40 44

0 2 11 43 -8 5 33 33

0 58 63 63 -10 30 40 30

0 10 15 55 -8 18 35 8

0 4 9 8 -13 1 6 8

0 27 41 79 -13 16 27 0

0 72 92 81 -13 38 46 19

0 2 9 4 -19 4 8 35

0 6 7 7 -5 14 28 1

0 4 14 53 -16 0 17 42

0 8 37 24 -16 2 49 27

0 7 20 16 -12 7 16 33

0 4 50 4 -2 7 28 49

0 3 14 59 -2 3 30 43

0 2 11 34 -16 19 38 38

0 42 63 1 -6 27 28 7

0 8 9 34 -4 24 34 35

0 5 11 16 -19 7 17 7

0 4 23 70 -15 21 38 35

0 5 16 84 -4 1 16 46

0 1 6 2 -19 4 43 48

0 2 3 91 -13 12 35 45

0 23 33 24 -5 7 21 38

0 9 15 16 -2 23 34 2


SAlphaB: 712.0, std-dev 274.8382256947354

Earliest win: 39
Latest win: 81

WinDepth:
0 0 0 0 0 0 0 0 0 0 0 0 0 0 0 0 0 0 0 0 0 0 0 0 0 0 0 0 0 0 0 0 0 0 0 0 0 0 0 7 0 6 3 8 8 14 14 59 43 68 76 219 62 153 68 189 127 193 162 209 169 245 259 324 351 336 397 377 405 396 464 460 441 354 368 362 286 265 182 157 92 56 
SAlphaB:
0 0 0 0 0 0 0 0 0 0 0 0 0 0 0 0 0 0 0 0 0 0 0 0 0 0 0 0 0 0 0 0 0 0 0 0 0 0 0 7 0 6 3 8 8 14 14 59 43 68 76 219 62 153 68 189 127 193 162 209 169 245 259 324 351 336 397 377 405 396 464 460 441 354 368 362 286 265 182 157 92 56 

LossDepth:
SAlphaB:
0 0 0 0 0 0 0 0 0 0 0 0 0 0 0 0 0 0 0 0 0 0 0 0 0 0 0 0 0 0 0 0 0 0 0 0 0 0 0 7 0 6 3 8 8 14 14 59 43 68 76 219 62 153 68 189 127 193 162 209 169 245 259 324 351 336 397 377 405 396 464 460 441 354 368 362 286 265 182 157 92 56 

FirstWin:
0 0 0 0 0 0 0 0 0 0 0 0 0 0 0 0 0 0 0 0 0 0 0 0 0 0 0 0 0 0 0 0 0 0 0 0 0 0 0 7 0 6 0 8 0 14 0 59 0 68 0 219 0 153 0 189 0 193 0 209 0 245 0 324 0 336 0 377 0 396 0 460 0 354 0 362 0 265 0 157 0 56 
SAlphaB:
0 0 0 0 0 0 0 0 0 0 0 0 0 0 0 0 0 0 0 0 0 0 0 0 0 0 0 0 0 0 0 0 0 0 0 0 0 0 0 7 0 6 0 8 0 14 0 59 0 68 0 219 0 153 0 189 0 193 0 209 0 245 0 324 0 336 0 377 0 396 0 460 0 354 0 362 0 265 0 157 0 56 

SecondWin:
0 0 0 0 0 0 0 0 0 0 0 0 0 0 0 0 0 0 0 0 0 0 0 0 0 0 0 0 0 0 0 0 0 0 0 0 0 0 0 0 0 0 3 0 8 0 14 0 43 0 76 0 62 0 68 0 127 0 162 0 169 0 259 0 351 0 397 0 405 0 464 0 441 0 368 0 286 0 182 0 92 0 
SAlphaB:
0 0 0 0 0 0 0 0 0 0 0 0 0 0 0 0 0 0 0 0 0 0 0 0 0 0 0 0 0 0 0 0 0 0 0 0 0 0 0 0 0 0 3 0 8 0 14 0 43 0 76 0 62 0 68 0 127 0 162 0 169 0 259 0 351 0 397 0 405 0 464 0 441 0 368 0 286 0 182 0 92 0 
