0 23 85 27 -10 2 9 14

0 29 72 63 -16 0 2 14

0 74 81 6 -17 3 21 29

0 25 88 26 -13 0 13 34

0 20 79 24 -9 2 4 16

0 30 82 46 -3 1 15 36

0 48 78 62 -12 10 23 25

0 19 86 30 -18 1 2 15

0 33 77 27 -14 0 1 42

0 69 81 79 -19 0 35 3

0 46 89 17 -5 2 36 37

0 57 59 84 -5 13 30 19

0 7 42 43 -16 12 22 11

0 22 62 88 -6 2 17 37

0 28 54 77 -12 4 5 17

0 1 67 2 -11 23 38 23

0 17 27 72 -3 2 12 19

0 84 94 65 -17 1 3 0

0 48 54 57 -2 1 37 16

0 37 41 13 -13 10 33 16

0 2 77 82 -16 10 16 13

0 40 68 69 -11 16 26 17

0 41 55 28 -12 16 46 34

0 11 33 53 -8 1 8 17

0 31 61 6 -16 8 24 49

0 55 75 79 -2 1 2 13

0 55 64 91 -7 1 24 41

0 44 48 39 -10 5 7 7

0 5 63 54 -7 44 45 0

0 42 71 77 -9 17 35 42

0 75 80 56 -17 8 40 14

0 18 46 31 -11 41 45 11

0 12 75 84 -12 7 19 28

0 19 36 34 -7 15 46 14

0 3 24 50 -13 4 15 22

0 22 50 30 -11 18 20 26

0 13 74 93 -4 23 45 32

0 56 97 8 -13 22 26 8

0 40 50 24 -19 22 47 14

0 48 82 86 -9 20 27 17

0 33 59 95 -19 30 38 38

0 1 50 21 -5 11 14 6

0 36 49 49 -9 16 24 9

0 2 61 67 -4 7 13 11

0 13 80 42 -8 41 44 39

0 10 16 14 -2 9 14 7

0 54 72 51 -14 11 46 40

0 8 44 8 -15 16 24 8

0 42 43 80 -13 5 42 38

0 3 75 37 -12 0 7 46

0 23 76 79 -6 2 3 22

0 10 39 65 -14 0 10 31

0 57 90 38 -15 16 25 29

0 40 60 67 -16 0 39 5

0 9 35 98 -4 1 14 21

0 2 34 90 -6 2 5 23

0 4 79 45 -17 5 16 44

0 4 58 77 -15 9 41 4

0 40 87 19 -11 19 32 0

0 16 29 85 -1 0 7 31

0 65 71 22 -18 26 40 35

0 2 10 66 -12 6 8 10

0 21 36 39 -2 14 16 7

0 10 62 23 -20 33 38 21

0 49 67 68 -5 22 23 23

0 23 40 15 -11 9 43 8

0 16 57 90 -15 3 41 21

0 52 78 10 -7 23 37 19

0 65 76 1 -3 0 3 38

0 4 30 61 -6 29 35 17

0 23 70 43 -7 19 28 49

0 7 29 44 -7 21 37 41

0 14 63 21 -3 17 20 11

0 28 43 37 -11 26 48 49

0 7 8 39 -9 11 38 48

0 15 34 78 -6 3 30 27

0 43 46 89 -19 28 41 39

0 10 62 66 -7 2 13 42

0 14 64 2 -20 4 13 44

0 5 29 76 -18 1 19 43

0 48 59 45 -15 21 23 10

0 8 29 20 -6 0 23 12

0 5 26 45 -20 25 39 21

0 5 31 26 -10 36 37 30

0 1 44 71 -13 23 26 40

0 7 35 83 -1 10 28 48

0 1 30 42 -3 3 13 18

0 64 85 51 -18 34 43 11

0 9 29 60 -11 3 39 45

0 2 4 84 -7 35 38 15

0 12 13 98 -11 3 21 21

0 24 25 2 -15 16 22 20

0 7 23 93 -16 3 22 34

0 4 9 61 -17 11 12 43

0 9 14 57 -10 28 38 6

0 8 40 80 -7 9 36 44

0 2 6 8 -14 0 26 18

0 4 6 10 -19 10 18 49

0 8 18 33 -15 2 44 11

0 0 9 12 -9 0 1 47


SAlphaB: 695.0, std-dev 260.7866610387839

Earliest win: 35
Latest win: 81

WinDepth:
0 0 0 0 0 0 0 0 0 0 0 0 0 0 0 0 0 0 0 0 0 0 0 0 0 0 0 0 0 0 0 0 0 0 0 2 0 7 0 2 2 5 0 10 7 22 6 30 28 64 72 197 95 141 107 124 131 182 178 216 192 270 247 297 348 363 328 417 366 450 420 446 404 389 409 384 280 221 207 138 112 83 
SAlphaB:
0 0 0 0 0 0 0 0 0 0 0 0 0 0 0 0 0 0 0 0 0 0 0 0 0 0 0 0 0 0 0 0 0 0 0 2 0 7 0 2 2 5 0 10 7 22 6 30 28 64 72 197 95 141 107 124 131 182 178 216 192 270 247 297 348 363 328 417 366 450 420 446 404 389 409 384 280 221 207 138 112 83 

LossDepth:
SAlphaB:
0 0 0 0 0 0 0 0 0 0 0 0 0 0 0 0 0 0 0 0 0 0 0 0 0 0 0 0 0 0 0 0 0 0 0 2 0 7 0 2 2 5 0 10 7 22 6 30 28 64 72 197 95 141 107 124 131 182 178 216 192 270 247 297 348 363 328 417 366 450 420 446 404 389 409 384 280 221 207 138 112 83 

FirstWin:
0 0 0 0 0 0 0 0 0 0 0 0 0 0 0 0 0 0 0 0 0 0 0 0 0 0 0 0 0 0 0 0 0 0 0 2 0 7 0 2 0 5 0 10 0 22 0 30 0 64 0 197 0 141 0 124 0 182 0 216 0 270 0 297 0 363 0 417 0 450 0 446 0 389 0 384 0 221 0 138 0 83 
SAlphaB:
0 0 0 0 0 0 0 0 0 0 0 0 0 0 0 0 0 0 0 0 0 0 0 0 0 0 0 0 0 0 0 0 0 0 0 2 0 7 0 2 0 5 0 10 0 22 0 30 0 64 0 197 0 141 0 124 0 182 0 216 0 270 0 297 0 363 0 417 0 450 0 446 0 389 0 384 0 221 0 138 0 83 

SecondWin:
0 0 0 0 0 0 0 0 0 0 0 0 0 0 0 0 0 0 0 0 0 0 0 0 0 0 0 0 0 0 0 0 0 0 0 0 0 0 0 0 2 0 0 0 7 0 6 0 28 0 72 0 95 0 107 0 131 0 178 0 192 0 247 0 348 0 328 0 366 0 420 0 404 0 409 0 280 0 207 0 112 0 
SAlphaB:
0 0 0 0 0 0 0 0 0 0 0 0 0 0 0 0 0 0 0 0 0 0 0 0 0 0 0 0 0 0 0 0 0 0 0 0 0 0 0 0 2 0 0 0 7 0 6 0 28 0 72 0 95 0 107 0 131 0 178 0 192 0 247 0 348 0 328 0 366 0 420 0 404 0 409 0 280 0 207 0 112 0 
