0 43 93 50 -6 10 18 17

0 75 83 66 -1 22 45 6

0 77 97 19 -11 4 12 5

0 27 62 79 -9 5 12 33

0 59 92 91 -3 13 30 19

0 64 65 85 -13 5 15 28

0 29 61 90 -20 5 11 29

0 31 53 32 -11 1 16 25

0 58 97 14 -9 21 48 31

0 22 36 38 -2 19 34 1

0 12 41 53 -14 2 4 19

0 50 76 49 -13 30 34 28

0 10 80 36 -11 30 46 13

0 78 81 11 -6 3 15 25

0 19 45 35 -18 2 5 26

0 7 18 44 -13 6 15 15

0 34 83 65 -12 2 16 9

0 56 61 85 -7 9 10 37

0 40 74 51 -20 10 37 43

0 55 73 29 -6 15 21 28

0 26 54 63 -15 31 48 15

0 74 93 11 -3 1 36 6

0 56 93 15 -14 5 42 18

0 4 61 60 -3 9 10 6

0 24 79 16 -1 36 45 20

0 49 56 29 -1 17 44 28

0 4 99 54 -11 8 21 32

0 10 50 98 -10 13 14 30

0 13 40 31 -19 2 8 16

0 69 75 96 -8 1 27 49

0 68 75 86 -2 8 30 46

0 1 27 69 -12 6 8 22

0 40 69 90 -12 10 32 29

0 36 41 80 -17 14 25 27

0 43 65 23 -18 0 1 13

0 70 93 46 -18 2 40 41

0 17 53 41 -7 41 46 24

0 26 74 53 -7 1 45 34

0 5 80 70 -16 10 23 5

0 66 85 19 -10 3 6 25

0 33 49 55 -15 2 23 23

0 19 96 35 -20 20 21 1

0 5 33 44 -11 12 16 31

0 72 79 68 -7 22 44 39

0 52 77 97 -12 7 40 27

0 26 52 23 -9 27 31 4

0 13 61 3 -8 0 24 39

0 34 63 33 -2 30 45 36

0 64 68 17 -11 0 9 21

0 17 46 48 -17 15 21 49

0 13 72 34 -20 11 31 18

0 24 71 89 -1 2 4 49

0 9 21 13 -3 6 11 7

0 36 74 74 -4 25 27 49

0 40 41 93 -7 15 17 33

0 7 66 21 -14 9 25 3

0 5 11 96 -17 5 10 26

0 30 34 65 -18 4 17 42

0 19 49 32 -3 12 17 38

0 23 91 6 -10 1 40 36

0 50 60 22 -9 21 39 38

0 20 33 75 -7 12 39 12

0 22 46 15 -18 32 36 44

0 9 29 52 -12 0 9 25

0 21 49 62 -18 0 23 25

0 3 58 34 -5 6 33 12

0 15 24 14 -8 11 13 20

0 26 54 2 -12 29 30 47

0 12 24 99 -16 15 30 13

0 16 28 39 -17 6 43 32

0 78 79 28 -7 2 4 41

0 7 36 71 -5 11 31 2

0 5 68 82 -10 4 42 33

0 12 24 99 -2 10 31 27

0 19 23 50 -1 0 6 35

0 6 16 52 -6 5 21 22

0 1 4 6 -10 0 1 5

0 27 62 15 -13 3 45 48

0 11 32 61 -4 5 37 13

0 9 34 1 -20 10 26 7

0 1 17 38 -15 19 21 13

0 21 25 58 -15 12 48 48

0 18 25 6 -13 25 44 2

0 7 19 40 -5 3 35 22

0 12 13 72 -8 8 33 3

0 11 16 24 -6 4 42 21

0 16 46 5 -18 1 14 46

0 0 7 22 -2 26 41 10

0 1 20 32 -15 16 21 1

0 13 24 59 -17 14 35 39

0 21 25 76 -18 8 13 38

0 6 68 16 -7 8 44 47

0 16 19 9 -11 7 41 32

0 0 7 10 -3 0 7 22

0 0 14 16 -16 17 35 46

0 5 8 91 -18 11 31 6

0 3 8 30 -5 5 9 46

0 9 17 63 -11 5 45 30

0 0 15 41 -12 26 45 39

0 1 2 62 -6 1 43 24


SAlphaB: 721.0, std-dev 261.2995716828027

Earliest win: 37
Latest win: 81

WinDepth:
0 0 0 0 0 0 0 0 0 0 0 0 0 0 0 0 0 0 0 0 0 0 0 0 0 0 0 0 0 0 0 0 0 0 0 0 0 12 2 8 1 7 6 24 8 31 14 40 29 56 101 164 75 123 112 219 123 168 137 155 156 192 229 348 301 358 366 398 460 410 424 444 372 399 428 373 278 240 185 137 105 85 
SAlphaB:
0 0 0 0 0 0 0 0 0 0 0 0 0 0 0 0 0 0 0 0 0 0 0 0 0 0 0 0 0 0 0 0 0 0 0 0 0 12 2 8 1 7 6 24 8 31 14 40 29 56 101 164 75 123 112 219 123 168 137 155 156 192 229 348 301 358 366 398 460 410 424 444 372 399 428 373 278 240 185 137 105 85 

LossDepth:
SAlphaB:
0 0 0 0 0 0 0 0 0 0 0 0 0 0 0 0 0 0 0 0 0 0 0 0 0 0 0 0 0 0 0 0 0 0 0 0 0 12 2 8 1 7 6 24 8 31 14 40 29 56 101 164 75 123 112 219 123 168 137 155 156 192 229 348 301 358 366 398 460 410 424 444 372 399 428 373 278 240 185 137 105 85 

FirstWin:
0 0 0 0 0 0 0 0 0 0 0 0 0 0 0 0 0 0 0 0 0 0 0 0 0 0 0 0 0 0 0 0 0 0 0 0 0 12 0 8 0 7 0 24 0 31 0 40 0 56 0 164 0 123 0 219 0 168 0 155 0 192 0 348 0 358 0 398 0 410 0 444 0 399 0 373 0 240 0 137 0 85 
SAlphaB:
0 0 0 0 0 0 0 0 0 0 0 0 0 0 0 0 0 0 0 0 0 0 0 0 0 0 0 0 0 0 0 0 0 0 0 0 0 12 0 8 0 7 0 24 0 31 0 40 0 56 0 164 0 123 0 219 0 168 0 155 0 192 0 348 0 358 0 398 0 410 0 444 0 399 0 373 0 240 0 137 0 85 

SecondWin:
0 0 0 0 0 0 0 0 0 0 0 0 0 0 0 0 0 0 0 0 0 0 0 0 0 0 0 0 0 0 0 0 0 0 0 0 0 0 2 0 1 0 6 0 8 0 14 0 29 0 101 0 75 0 112 0 123 0 137 0 156 0 229 0 301 0 366 0 460 0 424 0 372 0 428 0 278 0 185 0 105 0 
SAlphaB:
0 0 0 0 0 0 0 0 0 0 0 0 0 0 0 0 0 0 0 0 0 0 0 0 0 0 0 0 0 0 0 0 0 0 0 0 0 0 2 0 1 0 6 0 8 0 14 0 29 0 101 0 75 0 112 0 123 0 137 0 156 0 229 0 301 0 366 0 460 0 424 0 372 0 428 0 278 0 185 0 105 0 
