0 23 92 1 -20 1 6 14

0 25 56 74 -8 4 14 7

0 29 99 69 -4 4 17 0

0 19 75 25 -2 2 3 9

0 22 38 83 -16 0 2 6

0 8 66 58 -8 21 32 6

0 26 93 68 -12 8 23 25

0 43 92 48 -4 11 13 12

0 56 89 57 -1 2 7 1

0 49 59 10 -14 4 15 6

0 3 87 8 -2 7 10 15

0 53 93 67 -12 23 48 5

0 66 98 53 -18 1 7 13

0 53 72 14 -7 3 16 33

0 68 93 35 -5 9 46 42

0 20 51 82 -3 11 26 19

0 79 99 95 -15 22 43 48

0 27 48 24 -9 0 15 36

0 37 90 12 -7 14 21 39

0 8 55 57 -14 19 24 26

0 2 28 84 -8 16 17 21

0 62 85 72 -18 0 12 15

0 32 70 28 -11 13 16 21

0 12 72 81 -18 25 31 25

0 56 73 84 -8 3 16 31

0 9 49 40 -9 2 24 22

0 90 91 30 -5 13 20 21

0 95 99 94 -8 5 18 2

0 23 72 19 -1 7 9 25

0 38 75 64 -3 9 11 32

0 32 55 22 -19 8 26 45

0 65 75 20 -3 1 40 29

0 74 93 37 -8 1 8 41

0 50 60 97 -2 8 34 49

0 15 69 60 -3 19 28 48

0 62 65 15 -6 0 3 0

0 4 14 86 -6 10 13 10

0 11 26 67 -17 0 4 28

0 48 89 30 -5 21 32 11

0 24 49 89 -11 0 2 0

0 33 78 58 -7 28 48 48

0 12 38 98 -1 18 31 20

0 39 91 14 -2 27 35 0

0 27 35 47 -2 37 48 42

0 16 49 70 -19 2 6 30

0 15 75 91 -18 13 16 14

0 2 44 57 -1 0 2 1

0 20 25 69 -10 4 16 12

0 40 72 66 -20 24 32 17

0 28 38 18 -17 16 27 23

0 16 35 64 -18 25 26 33

0 57 81 36 -19 3 42 7

0 22 28 92 -19 24 25 30

0 5 44 28 -18 32 33 37

0 11 48 45 -9 2 5 40

0 15 39 77 -16 0 32 15

0 24 56 95 -8 14 24 9

0 35 40 93 -15 31 32 43

0 31 87 41 -19 23 34 4

0 5 43 84 -1 7 11 47

0 10 22 86 -13 13 43 47

0 7 61 24 -14 8 35 40

0 60 75 11 -14 2 47 39

0 0 37 97 -2 19 49 33

0 17 38 98 -13 3 21 42

0 48 53 91 -9 17 28 2

0 5 67 64 -16 37 49 11

0 1 47 72 -6 1 3 37

0 25 34 36 -18 2 14 49

0 1 29 83 -3 10 22 40

0 17 49 7 -3 21 29 9

0 58 73 84 -10 0 10 49

0 24 37 37 -15 28 30 47

0 17 20 18 -20 1 2 38

0 15 18 19 -6 7 40 14

0 56 58 59 -10 42 46 13

0 16 25 15 -5 34 40 31

0 7 42 20 -15 2 17 4

0 4 89 41 -4 7 8 45

0 3 22 3 -7 11 30 17

0 9 50 81 -17 15 35 12

0 43 49 1 -4 7 18 47

0 42 71 19 -7 28 29 12

0 0 1 42 -4 9 14 19

0 23 25 97 -13 17 20 48

0 0 52 0 -9 0 5 36

0 5 25 71 -16 30 31 20

0 5 16 86 -3 25 37 8

0 13 16 57 -19 8 23 9

0 6 30 50 -2 4 39 16

0 8 76 13 -5 29 41 0

0 1 47 1 -9 2 23 16

0 3 19 74 -18 1 5 40

0 0 11 39 -7 3 22 3

0 10 43 88 -3 3 15 39

0 1 5 5 -15 5 9 37

0 1 8 38 -13 6 19 41

0 0 3 33 -14 19 37 32

0 20 21 76 -17 6 41 31

0 16 23 19 -19 30 37 0


SAlphaB: 721.0, std-dev 271.31806617013734

Earliest win: 35
Latest win: 81

WinDepth:
0 0 0 0 0 0 0 0 0 0 0 0 0 0 0 0 0 0 0 0 0 0 0 0 0 0 0 0 0 0 0 0 0 0 0 1 0 6 1 5 15 4 2 18 11 16 29 26 43 64 65 200 59 117 84 184 155 192 161 192 154 254 257 335 338 333 452 402 418 430 479 411 404 416 388 339 269 222 225 123 107 74 
SAlphaB:
0 0 0 0 0 0 0 0 0 0 0 0 0 0 0 0 0 0 0 0 0 0 0 0 0 0 0 0 0 0 0 0 0 0 0 1 0 6 1 5 15 4 2 18 11 16 29 26 43 64 65 200 59 117 84 184 155 192 161 192 154 254 257 335 338 333 452 402 418 430 479 411 404 416 388 339 269 222 225 123 107 74 

LossDepth:
SAlphaB:
0 0 0 0 0 0 0 0 0 0 0 0 0 0 0 0 0 0 0 0 0 0 0 0 0 0 0 0 0 0 0 0 0 0 0 1 0 6 1 5 15 4 2 18 11 16 29 26 43 64 65 200 59 117 84 184 155 192 161 192 154 254 257 335 338 333 452 402 418 430 479 411 404 416 388 339 269 222 225 123 107 74 

FirstWin:
0 0 0 0 0 0 0 0 0 0 0 0 0 0 0 0 0 0 0 0 0 0 0 0 0 0 0 0 0 0 0 0 0 0 0 1 0 6 0 5 0 4 0 18 0 16 0 26 0 64 0 200 0 117 0 184 0 192 0 192 0 254 0 335 0 333 0 402 0 430 0 411 0 416 0 339 0 222 0 123 0 74 
SAlphaB:
0 0 0 0 0 0 0 0 0 0 0 0 0 0 0 0 0 0 0 0 0 0 0 0 0 0 0 0 0 0 0 0 0 0 0 1 0 6 0 5 0 4 0 18 0 16 0 26 0 64 0 200 0 117 0 184 0 192 0 192 0 254 0 335 0 333 0 402 0 430 0 411 0 416 0 339 0 222 0 123 0 74 

SecondWin:
0 0 0 0 0 0 0 0 0 0 0 0 0 0 0 0 0 0 0 0 0 0 0 0 0 0 0 0 0 0 0 0 0 0 0 0 0 0 1 0 15 0 2 0 11 0 29 0 43 0 65 0 59 0 84 0 155 0 161 0 154 0 257 0 338 0 452 0 418 0 479 0 404 0 388 0 269 0 225 0 107 0 
SAlphaB:
0 0 0 0 0 0 0 0 0 0 0 0 0 0 0 0 0 0 0 0 0 0 0 0 0 0 0 0 0 0 0 0 0 0 0 0 0 0 1 0 15 0 2 0 11 0 29 0 43 0 65 0 59 0 84 0 155 0 161 0 154 0 257 0 338 0 452 0 418 0 479 0 404 0 388 0 269 0 225 0 107 0 
