0 41 99 81 -18 6 21 6

0 25 76 55 -11 2 6 3

0 35 98 49 -5 2 20 31

0 41 82 34 -4 10 28 22

0 55 99 43 -14 1 26 9

0 48 61 81 -9 2 13 19

0 61 87 34 -10 1 3 33

0 39 77 51 -2 10 20 2

0 42 64 35 -18 0 1 29

0 41 74 57 -14 6 24 5

0 40 80 19 -18 1 15 36

0 42 63 21 -2 7 15 14

0 57 96 99 -11 6 22 25

0 42 94 84 -8 1 16 4

0 37 70 14 -3 0 14 11

0 25 92 48 -17 2 7 10

0 31 83 57 -12 0 1 15

0 42 69 64 -16 4 14 4

0 52 65 44 -8 3 18 19

0 51 96 96 -7 3 20 19

0 24 88 27 -13 1 2 7

0 51 91 91 -15 10 20 0

0 44 93 34 -15 2 7 3

0 55 81 57 -17 4 13 30

0 19 57 1 -16 0 2 21

0 96 98 49 -5 22 44 23

0 47 80 80 -13 1 9 9

0 37 90 52 -17 1 6 34

0 51 93 61 -3 11 17 13

0 43 44 21 -15 1 3 16

0 24 87 80 -4 9 14 1

0 39 49 58 -4 7 15 16

0 51 85 27 -11 0 13 20

0 30 87 28 -12 5 19 27

0 85 95 97 -2 19 44 1

0 83 99 55 -8 6 9 20

0 15 65 28 -4 5 7 16

0 29 43 76 -4 7 16 14

0 37 73 56 -10 9 18 23

0 32 34 14 -19 0 5 7

0 48 85 56 -9 3 5 14

0 4 63 61 -17 6 15 29

0 45 71 90 -2 1 10 14

0 23 44 92 -15 2 4 5

0 46 80 31 -17 2 5 7

0 71 81 43 -14 2 34 10

0 53 91 15 -6 12 21 25

0 13 84 36 -8 0 5 10

0 63 92 49 -13 12 14 26

0 82 98 7 -10 14 15 2

0 38 89 41 -11 0 4 12

0 26 78 29 -5 0 21 12

0 51 96 77 -5 9 13 3

0 46 52 47 -8 6 8 17

0 81 94 22 -12 12 13 22

0 39 95 13 -5 1 4 2

0 95 96 58 -2 16 27 3

0 58 84 77 -10 6 30 15

0 29 69 37 -16 4 8 0

0 38 86 17 -9 0 1 11

0 12 97 2 -14 0 1 12

0 39 72 15 -9 0 11 40

0 61 72 48 -12 9 19 30

0 27 41 52 -5 1 16 23

0 57 72 7 -10 17 45 10

0 39 89 74 -12 2 14 6

0 18 55 16 -17 3 6 16

0 19 62 89 -4 2 11 2

0 61 91 20 -16 16 28 17

0 19 70 55 -7 0 3 21

0 24 80 50 -17 0 7 44

0 66 98 73 -14 1 35 12

0 31 52 76 -6 12 39 39

0 4 91 71 -17 25 49 4

0 80 94 63 -7 20 38 25

0 67 96 3 -15 0 10 37

0 3 39 63 -10 3 7 17

0 37 98 80 -13 18 42 25

0 25 52 69 -2 3 26 26

0 32 50 76 -6 11 26 34

0 29 91 70 -12 0 6 37

0 9 45 10 -4 1 2 12

0 39 61 78 -16 2 8 6

0 18 70 97 -7 0 3 23

0 46 97 68 -18 14 45 2

0 55 69 89 -8 11 12 0

0 28 83 13 -16 6 19 38

0 17 47 77 -5 9 19 10

0 37 86 45 -2 17 37 0

0 51 66 41 -19 17 38 46

0 14 22 14 -15 0 2 21

0 45 75 20 -19 13 37 36

0 11 70 45 -4 10 28 7

0 17 38 70 -13 0 1 17

0 35 72 62 -3 18 45 49

0 22 94 43 -9 12 20 22

0 14 74 95 -13 32 38 21

0 12 39 90 -9 1 2 17

0 7 71 42 -4 2 5 16

0 7 67 59 -7 36 45 14


SAlphaB: 730.0, std-dev 261.4180934747241

Earliest win: 34
Latest win: 81

WinDepth:
0 0 0 0 0 0 0 0 0 0 0 0 0 0 0 0 0 0 0 0 0 0 0 0 0 0 0 0 0 0 0 0 0 0 1 2 1 7 0 18 9 34 14 34 41 42 43 141 85 162 106 420 141 362 288 470 359 620 363 543 513 723 652 788 805 982 895 956 940 1022 903 940 851 816 916 760 616 488 399 245 201 156 
SAlphaB:
0 0 0 0 0 0 0 0 0 0 0 0 0 0 0 0 0 0 0 0 0 0 0 0 0 0 0 0 0 0 0 0 0 0 1 2 1 7 0 18 9 34 14 34 41 42 43 141 85 162 106 420 141 362 288 470 359 620 363 543 513 723 652 788 805 982 895 956 940 1022 903 940 851 816 916 760 616 488 399 245 201 156 

LossDepth:
SAlphaB:
0 0 0 0 0 0 0 0 0 0 0 0 0 0 0 0 0 0 0 0 0 0 0 0 0 0 0 0 0 0 0 0 0 0 0 2 0 5 0 13 3 31 7 18 29 34 29 58 56 88 77 181 114 158 201 253 224 382 237 348 319 481 419 614 527 693 635 800 663 786 651 807 646 682 691 707 502 485 324 232 208 180 

FirstWin:
0 0 0 0 0 0 0 0 0 0 0 0 0 0 0 0 0 0 0 0 0 0 0 0 0 0 0 0 0 0 0 0 0 0 0 2 0 7 0 18 0 34 0 34 0 42 0 141 0 162 0 420 0 362 0 470 0 620 0 543 0 723 0 788 0 982 0 956 0 1022 0 940 0 816 0 760 0 488 0 245 0 156 
SAlphaB:
0 0 0 0 0 0 0 0 0 0 0 0 0 0 0 0 0 0 0 0 0 0 0 0 0 0 0 0 0 0 0 0 0 0 0 2 0 7 0 18 0 34 0 34 0 42 0 141 0 162 0 420 0 362 0 470 0 620 0 543 0 723 0 788 0 982 0 956 0 1022 0 940 0 816 0 760 0 488 0 245 0 156 

SecondWin:
0 0 0 0 0 0 0 0 0 0 0 0 0 0 0 0 0 0 0 0 0 0 0 0 0 0 0 0 0 0 0 0 0 0 1 0 1 0 0 0 9 0 14 0 41 0 43 0 85 0 106 0 141 0 288 0 359 0 363 0 513 0 652 0 805 0 895 0 940 0 903 0 851 0 916 0 616 0 399 0 201 0 
SAlphaB:
0 0 0 0 0 0 0 0 0 0 0 0 0 0 0 0 0 0 0 0 0 0 0 0 0 0 0 0 0 0 0 0 0 0 1 0 1 0 0 0 9 0 14 0 41 0 43 0 85 0 106 0 141 0 288 0 359 0 363 0 513 0 652 0 805 0 895 0 940 0 903 0 851 0 916 0 616 0 399 0 201 0 
