0 42 94 84 -8 1 16 4

0 44 93 34 -15 2 7 3

0 83 99 55 -8 6 9 20

0 67 96 3 -15 0 10 37

0 61 91 20 -16 16 28 17

0 30 87 28 -12 5 19 27

0 39 95 13 -5 1 4 2

0 29 69 37 -16 4 8 0

0 39 72 15 -9 0 11 40

0 24 88 27 -13 1 2 7

0 50 88 57 -20 1 13 27

0 72 85 1 -2 13 45 49

0 52 67 66 -18 21 24 24

0 79 81 81 -16 7 21 5

0 5 77 81 -4 2 30 4

0 21 64 89 -1 9 20 43

0 44 47 0 -1 30 49 4

0 29 97 58 -4 0 10 37

0 37 73 25 -16 8 11 23

0 38 87 16 -5 11 24 29

0 23 95 65 -5 15 18 23

0 23 57 46 -4 12 16 0

0 48 63 42 -9 8 27 35

0 35 61 54 -11 24 33 27

0 15 27 56 -3 8 19 38

0 23 53 0 -18 7 15 33

0 65 82 65 -1 4 10 32

0 24 48 89 -3 2 5 26

0 19 37 14 -3 6 9 14

0 10 82 48 -1 4 14 32

0 25 39 75 -5 26 39 1

0 40 72 51 -8 35 41 8

0 29 49 60 -14 23 31 25

0 14 46 97 -10 0 12 36

0 33 71 17 -13 14 33 36

0 30 97 79 -16 7 35 10

0 10 92 93 -9 12 44 44

0 69 71 51 -7 19 21 33

0 10 22 97 -6 2 3 27

0 1 11 50 -18 0 1 3

0 0 59 43 -15 8 12 29

0 5 81 42 -1 10 18 25

0 7 92 21 -11 29 31 43

0 88 99 7 -8 33 44 32

0 49 64 15 -1 31 43 17

0 3 53 62 -5 14 33 13

0 15 45 90 -12 11 39 33

0 9 55 58 -15 4 20 5

0 18 88 94 -2 25 35 1

0 14 32 31 -13 38 46 45

0 8 43 50 -11 8 31 38

0 34 70 85 -2 23 30 30

0 13 46 92 -16 3 30 3

0 47 66 82 -9 30 36 29

0 26 43 26 -7 5 7 40

0 5 47 47 -14 0 9 25

0 0 43 14 -2 6 13 21

0 72 77 10 -18 2 11 43

0 14 52 88 -19 8 17 33

0 3 47 33 -1 1 2 42

0 43 70 13 -8 32 38 13

0 15 36 85 -16 11 16 35

0 3 10 85 -17 5 12 4

0 3 27 54 -16 2 7 45

0 8 67 46 -13 6 24 12

0 17 46 22 -12 24 34 35

0 19 36 70 -15 3 5 46

0 1 9 28 -19 5 25 24

0 6 46 5 -4 8 19 36

0 5 10 73 -10 6 44 5

0 2 10 65 -12 0 1 2

0 18 26 9 -13 43 48 8

0 31 37 45 -17 10 23 38

0 78 83 14 -3 1 3 48

0 18 21 26 -15 10 18 38

0 15 26 18 -11 15 25 16

0 21 22 34 -18 27 30 21

0 6 38 30 -3 10 11 42

0 40 50 75 -5 2 3 46

0 2 6 18 -11 2 5 2

0 1 14 16 -18 0 2 45

0 0 3 95 -9 22 23 42

0 0 40 31 -8 31 37 45

0 5 55 16 -17 46 48 30

0 16 18 4 -18 6 28 25

0 5 13 54 -10 1 6 17

0 10 45 75 -19 19 26 44

0 12 37 40 -9 14 34 10

0 7 9 34 -3 34 37 43

0 6 19 38 -9 27 42 27

0 5 9 82 -15 40 42 9

0 2 8 2 -20 7 30 3

0 5 44 69 -13 4 26 38

0 1 4 4 -12 2 23 15

0 4 8 94 -4 21 34 1

0 0 4 52 -3 11 46 9

0 19 25 85 -18 0 36 40

0 3 41 95 -20 37 47 1

0 20 38 48 -1 1 27 37

0 2 5 66 -4 20 23 9


SAlphaB: 696.0, std-dev 266.0067334151942

Earliest win: 34
Latest win: 81

WinDepth:
0 0 0 0 0 0 0 0 0 0 0 0 0 0 0 0 0 0 0 0 0 0 0 0 0 0 0 0 0 0 0 0 0 0 1 1 0 3 0 8 3 20 4 22 10 18 22 17 15 51 65 116 112 130 91 211 118 213 112 205 151 255 222 400 291 356 368 351 439 427 423 491 404 356 444 353 290 263 181 140 127 69 
SAlphaB:
0 0 0 0 0 0 0 0 0 0 0 0 0 0 0 0 0 0 0 0 0 0 0 0 0 0 0 0 0 0 0 0 0 0 1 1 0 3 0 8 3 20 4 22 10 18 22 17 15 51 65 116 112 130 91 211 118 213 112 205 151 255 222 400 291 356 368 351 439 427 423 491 404 356 444 353 290 263 181 140 127 69 

LossDepth:
SAlphaB:
0 0 0 0 0 0 0 0 0 0 0 0 0 0 0 0 0 0 0 0 0 0 0 0 0 0 0 0 0 0 0 0 0 0 1 1 0 3 0 8 3 20 4 22 10 18 22 17 15 51 65 116 112 130 91 211 118 213 112 205 151 255 222 400 291 356 368 351 439 427 423 491 404 356 444 353 290 263 181 140 127 69 

FirstWin:
0 0 0 0 0 0 0 0 0 0 0 0 0 0 0 0 0 0 0 0 0 0 0 0 0 0 0 0 0 0 0 0 0 0 0 1 0 3 0 8 0 20 0 22 0 18 0 17 0 51 0 116 0 130 0 211 0 213 0 205 0 255 0 400 0 356 0 351 0 427 0 491 0 356 0 353 0 263 0 140 0 69 
SAlphaB:
0 0 0 0 0 0 0 0 0 0 0 0 0 0 0 0 0 0 0 0 0 0 0 0 0 0 0 0 0 0 0 0 0 0 0 1 0 3 0 8 0 20 0 22 0 18 0 17 0 51 0 116 0 130 0 211 0 213 0 205 0 255 0 400 0 356 0 351 0 427 0 491 0 356 0 353 0 263 0 140 0 69 

SecondWin:
0 0 0 0 0 0 0 0 0 0 0 0 0 0 0 0 0 0 0 0 0 0 0 0 0 0 0 0 0 0 0 0 0 0 1 0 0 0 0 0 3 0 4 0 10 0 22 0 15 0 65 0 112 0 91 0 118 0 112 0 151 0 222 0 291 0 368 0 439 0 423 0 404 0 444 0 290 0 181 0 127 0 
SAlphaB:
0 0 0 0 0 0 0 0 0 0 0 0 0 0 0 0 0 0 0 0 0 0 0 0 0 0 0 0 0 0 0 0 0 0 1 0 0 0 0 0 3 0 4 0 10 0 22 0 15 0 65 0 112 0 91 0 118 0 112 0 151 0 222 0 291 0 368 0 439 0 423 0 404 0 444 0 290 0 181 0 127 0 
