0 25 76 55 -11 2 6 3

0 41 82 34 -4 10 28 22

0 52 65 44 -8 3 18 19

0 41 74 57 -14 6 24 5

0 43 44 21 -15 1 3 16

0 55 69 89 -8 11 12 0

0 24 80 50 -17 0 7 44

0 19 62 89 -4 2 11 2

0 3 39 63 -10 3 7 17

0 12 39 90 -9 1 2 17

0 4 71 40 -8 20 47 11

0 60 89 76 -20 4 12 37

0 74 77 79 -1 10 20 21

0 6 96 47 -14 2 5 31

0 60 62 3 -1 14 16 1

0 47 94 61 -10 10 42 37

0 55 87 34 -1 0 35 29

0 19 21 93 -13 1 3 2

0 24 33 32 -11 1 2 22

0 72 95 92 -16 3 5 1

0 55 82 62 -4 0 1 2

0 23 59 82 -10 7 18 41

0 21 86 1 -2 17 37 22

0 84 98 66 -2 1 40 29

0 32 49 3 -11 0 1 6

0 35 66 75 -5 12 39 30

0 26 48 57 -14 13 18 29

0 16 74 2 -6 2 9 26

0 15 26 16 -17 2 6 16

0 17 66 86 -8 2 23 46

0 74 76 27 -19 15 17 21

0 45 77 31 -14 9 35 5

0 28 65 67 -4 12 38 16

0 28 55 40 -14 14 43 25

0 20 45 25 -20 21 43 19

0 64 80 18 -13 3 7 20

0 11 68 41 -12 6 21 9

0 21 24 48 -10 0 11 30

0 22 48 60 -8 0 4 34

0 0 92 26 -8 0 1 9

0 19 96 2 -12 13 19 28

0 78 87 5 -16 12 33 15

0 21 22 97 -7 15 35 44

0 33 68 45 -19 36 41 16

0 42 77 53 -18 4 16 0

0 55 86 11 -18 1 41 3

0 10 94 73 -18 19 28 24

0 63 83 97 -7 28 42 22

0 48 52 92 -18 24 39 41

0 33 78 86 -4 0 7 44

0 4 85 93 -12 4 32 40

0 27 70 27 -8 31 36 27

0 39 93 7 -15 30 40 21

0 38 42 50 -8 5 15 30

0 33 38 28 -16 24 49 17

0 62 68 23 -4 26 44 27

0 40 90 21 -5 15 18 32

0 4 26 39 -20 22 39 32

0 11 25 55 -17 21 48 26

0 14 40 44 -20 12 41 25

0 0 68 21 -5 9 15 45

0 20 39 97 -4 5 10 39

0 25 34 45 -1 29 45 26

0 39 97 23 -11 29 40 38

0 45 86 47 -14 18 33 26

0 7 23 65 -7 23 39 33

0 39 43 68 -6 21 25 12

0 22 29 27 -20 11 36 42

0 2 7 90 -13 2 7 12

0 25 71 52 -6 27 38 46

0 1 2 72 -19 30 48 13

0 3 12 32 -2 31 34 29

0 15 31 24 -19 6 23 11

0 31 65 41 -9 33 39 13

0 22 67 16 -1 41 42 29

0 0 3 51 -15 9 11 18

0 2 5 84 -7 16 31 27

0 17 31 72 -5 11 31 44

0 10 20 80 -5 13 39 17

0 6 23 86 -9 1 43 30

0 68 97 5 -10 34 39 24

0 12 37 60 -18 18 33 2

0 2 4 67 -18 3 12 34

0 11 19 59 -6 0 33 1

0 27 30 68 -9 10 42 10

0 1 6 18 -12 12 27 8

0 3 31 62 -4 0 21 34

0 4 5 16 -8 41 47 35

0 6 10 84 -9 7 30 35

0 49 72 84 -11 32 33 32

0 17 19 12 -2 4 5 38

0 2 43 43 -19 5 6 3

0 10 21 78 -2 13 22 44

0 2 22 35 -8 5 33 32

0 0 10 73 -2 16 20 0

0 0 14 19 -12 24 31 43

0 1 8 22 -16 0 24 47

0 0 3 92 -16 14 17 41

0 4 6 69 -14 2 5 38

0 3 7 36 -9 14 19 45


SAlphaB: 686.0, std-dev 252.75324653971043

Earliest win: 35
Latest win: 81

WinDepth:
0 0 0 0 0 0 0 0 0 0 0 0 0 0 0 0 0 0 0 0 0 0 0 0 0 0 0 0 0 0 0 0 0 0 0 2 0 4 0 10 1 8 5 10 15 33 15 46 24 65 63 183 69 99 104 159 123 192 163 169 168 230 250 335 319 354 368 440 435 443 445 447 439 405 371 329 263 263 193 159 96 68 
SAlphaB:
0 0 0 0 0 0 0 0 0 0 0 0 0 0 0 0 0 0 0 0 0 0 0 0 0 0 0 0 0 0 0 0 0 0 0 2 0 4 0 10 1 8 5 10 15 33 15 46 24 65 63 183 69 99 104 159 123 192 163 169 168 230 250 335 319 354 368 440 435 443 445 447 439 405 371 329 263 263 193 159 96 68 

LossDepth:
SAlphaB:
0 0 0 0 0 0 0 0 0 0 0 0 0 0 0 0 0 0 0 0 0 0 0 0 0 0 0 0 0 0 0 0 0 0 0 2 0 4 0 10 1 8 5 10 15 33 15 46 24 65 63 183 69 99 104 159 123 192 163 169 168 230 250 335 319 354 368 440 435 443 445 447 439 405 371 329 263 263 193 159 96 68 

FirstWin:
0 0 0 0 0 0 0 0 0 0 0 0 0 0 0 0 0 0 0 0 0 0 0 0 0 0 0 0 0 0 0 0 0 0 0 2 0 4 0 10 0 8 0 10 0 33 0 46 0 65 0 183 0 99 0 159 0 192 0 169 0 230 0 335 0 354 0 440 0 443 0 447 0 405 0 329 0 263 0 159 0 68 
SAlphaB:
0 0 0 0 0 0 0 0 0 0 0 0 0 0 0 0 0 0 0 0 0 0 0 0 0 0 0 0 0 0 0 0 0 0 0 2 0 4 0 10 0 8 0 10 0 33 0 46 0 65 0 183 0 99 0 159 0 192 0 169 0 230 0 335 0 354 0 440 0 443 0 447 0 405 0 329 0 263 0 159 0 68 

SecondWin:
0 0 0 0 0 0 0 0 0 0 0 0 0 0 0 0 0 0 0 0 0 0 0 0 0 0 0 0 0 0 0 0 0 0 0 0 0 0 0 0 1 0 5 0 15 0 15 0 24 0 63 0 69 0 104 0 123 0 163 0 168 0 250 0 319 0 368 0 435 0 445 0 439 0 371 0 263 0 193 0 96 0 
SAlphaB:
0 0 0 0 0 0 0 0 0 0 0 0 0 0 0 0 0 0 0 0 0 0 0 0 0 0 0 0 0 0 0 0 0 0 0 0 0 0 0 0 1 0 5 0 15 0 15 0 24 0 63 0 69 0 104 0 123 0 163 0 168 0 250 0 319 0 368 0 435 0 445 0 439 0 371 0 263 0 193 0 96 0 
