0 14 22 14 -15 0 2 21

0 46 52 47 -8 6 8 17

0 95 96 58 -2 16 27 3

0 32 50 76 -6 11 26 34

0 28 83 13 -16 6 19 38

0 17 47 77 -5 9 19 10

0 18 70 97 -7 0 3 23

0 45 75 20 -19 13 37 36

0 82 98 7 -10 14 15 2

0 37 98 80 -13 18 42 25

0 18 25 65 -11 0 6 6

0 65 95 19 -10 28 37 25

0 26 82 40 -9 1 14 9

0 77 78 45 -3 4 41 26

0 67 79 62 -9 0 4 22

0 64 82 39 -14 9 18 13

0 66 72 13 -13 3 6 10

0 47 72 19 -12 1 31 28

0 13 48 77 -6 8 12 17

0 43 67 15 -17 3 6 11

0 55 66 87 -17 10 43 15

0 73 87 67 -16 0 12 36

0 65 74 60 -14 6 10 31

0 45 48 88 -4 8 37 35

0 61 78 63 -8 21 36 37

0 36 59 24 -9 4 19 36

0 49 66 96 -6 14 15 7

0 46 71 23 -17 0 1 47

0 57 58 83 -10 0 1 18

0 24 25 96 -5 7 19 1

0 77 86 9 -18 17 20 46

0 87 91 64 -17 35 47 41

0 25 34 87 -6 15 29 35

0 15 59 89 -6 2 8 24

0 32 70 47 -4 3 40 33

0 41 53 59 -10 14 34 18

0 24 76 36 -20 11 21 48

0 28 66 73 -1 4 24 42

0 23 63 36 -13 2 16 47

0 3 29 73 -10 0 9 1

0 27 33 58 -12 9 31 6

0 13 76 28 -14 39 49 32

0 18 79 90 -12 3 22 40

0 44 95 47 -16 39 43 49

0 10 25 29 -12 2 7 5

0 19 74 36 -20 4 24 47

0 33 60 17 -14 43 47 43

0 39 44 89 -18 21 30 11

0 20 75 6 -10 2 31 46

0 15 94 19 -9 1 4 42

0 16 41 45 -9 1 16 34

0 29 39 31 -18 20 28 20

0 9 44 80 -7 0 2 40

0 16 39 97 -12 0 6 3

0 7 48 60 -11 0 1 33

0 68 86 44 -10 0 5 48

0 14 18 82 -9 5 9 41

0 13 21 44 -14 12 31 5

0 35 45 23 -1 11 33 34

0 15 50 53 -18 3 15 4

0 28 58 91 -12 6 49 26

0 32 53 98 -4 8 38 27

0 0 61 98 -1 3 4 6

0 18 25 92 -15 4 8 31

0 6 34 70 -1 34 40 4

0 2 11 77 -18 20 43 31

0 36 44 80 -13 43 45 38

0 2 41 48 -11 2 3 25

0 5 25 6 -3 13 29 23

0 1 97 60 -18 19 27 47

0 1 46 9 -18 4 24 2

0 25 56 96 -1 1 2 48

0 14 52 88 -5 2 26 22

0 0 5 85 -4 8 24 18

0 1 56 97 -12 2 6 49

0 0 14 70 -9 19 23 38

0 40 42 57 -8 0 43 1

0 8 59 13 -16 0 46 49

0 1 99 4 -4 37 40 32

0 6 7 26 -2 26 37 14

0 10 18 16 -12 45 49 46

0 7 12 31 -1 41 42 37

0 1 15 29 -2 18 20 1

0 2 5 76 -9 42 45 15

0 16 18 5 -16 2 31 3

0 15 28 98 -14 5 14 47

0 0 14 11 -20 21 27 13

0 6 12 58 -20 7 11 5

0 0 1 24 -12 11 27 19

0 3 7 57 -1 33 48 40

0 3 28 48 -2 29 48 33

0 5 34 39 -6 28 48 3

0 5 20 13 -2 7 27 26

0 3 7 12 -7 7 36 11

0 10 11 13 -18 2 40 3

0 5 6 33 -16 40 48 7

0 10 19 4 -8 28 47 49

0 6 12 37 -4 8 17 43

0 7 8 61 -8 1 23 30

0 0 1 25 -6 4 17 43


SAlphaB: 694.0, std-dev 251.68909201712344

Earliest win: 37
Latest win: 81

WinDepth:
0 0 0 0 0 0 0 0 0 0 0 0 0 0 0 0 0 0 0 0 0 0 0 0 0 0 0 0 0 0 0 0 0 0 0 0 0 1 0 7 16 8 4 14 16 20 32 23 31 55 49 174 85 147 94 186 125 181 127 195 175 269 271 330 324 337 407 337 497 387 459 432 397 392 349 353 272 277 221 161 93 86 
SAlphaB:
0 0 0 0 0 0 0 0 0 0 0 0 0 0 0 0 0 0 0 0 0 0 0 0 0 0 0 0 0 0 0 0 0 0 0 0 0 1 0 7 16 8 4 14 16 20 32 23 31 55 49 174 85 147 94 186 125 181 127 195 175 269 271 330 324 337 407 337 497 387 459 432 397 392 349 353 272 277 221 161 93 86 

LossDepth:
SAlphaB:
0 0 0 0 0 0 0 0 0 0 0 0 0 0 0 0 0 0 0 0 0 0 0 0 0 0 0 0 0 0 0 0 0 0 0 0 0 1 0 7 16 8 4 14 16 20 32 23 31 55 49 174 85 147 94 186 125 181 127 195 175 269 271 330 324 337 407 337 497 387 459 432 397 392 349 353 272 277 221 161 93 86 

FirstWin:
0 0 0 0 0 0 0 0 0 0 0 0 0 0 0 0 0 0 0 0 0 0 0 0 0 0 0 0 0 0 0 0 0 0 0 0 0 1 0 7 0 8 0 14 0 20 0 23 0 55 0 174 0 147 0 186 0 181 0 195 0 269 0 330 0 337 0 337 0 387 0 432 0 392 0 353 0 277 0 161 0 86 
SAlphaB:
0 0 0 0 0 0 0 0 0 0 0 0 0 0 0 0 0 0 0 0 0 0 0 0 0 0 0 0 0 0 0 0 0 0 0 0 0 1 0 7 0 8 0 14 0 20 0 23 0 55 0 174 0 147 0 186 0 181 0 195 0 269 0 330 0 337 0 337 0 387 0 432 0 392 0 353 0 277 0 161 0 86 

SecondWin:
0 0 0 0 0 0 0 0 0 0 0 0 0 0 0 0 0 0 0 0 0 0 0 0 0 0 0 0 0 0 0 0 0 0 0 0 0 0 0 0 16 0 4 0 16 0 32 0 31 0 49 0 85 0 94 0 125 0 127 0 175 0 271 0 324 0 407 0 497 0 459 0 397 0 349 0 272 0 221 0 93 0 
SAlphaB:
0 0 0 0 0 0 0 0 0 0 0 0 0 0 0 0 0 0 0 0 0 0 0 0 0 0 0 0 0 0 0 0 0 0 0 0 0 0 0 0 16 0 4 0 16 0 32 0 31 0 49 0 85 0 94 0 125 0 127 0 175 0 271 0 324 0 407 0 497 0 459 0 397 0 349 0 272 0 221 0 93 0 
