0 25 92 48 -17 2 7 10

0 35 98 49 -5 2 20 31

0 4 91 71 -17 25 49 4

0 53 91 15 -6 12 21 25

0 46 97 68 -18 14 45 2

0 29 43 76 -4 7 16 14

0 26 78 29 -5 0 21 12

0 47 80 80 -13 1 9 9

0 7 67 59 -7 36 45 14

0 37 70 14 -3 0 14 11

0 41 75 78 -14 2 6 25

0 22 54 9 -19 3 7 20

0 27 68 64 -3 8 29 15

0 15 47 8 -9 0 6 21

0 31 71 64 -11 0 19 27

0 25 86 32 -7 12 37 45

0 11 67 75 -9 7 24 30

0 19 95 81 -19 6 21 40

0 25 59 9 -20 1 12 49

0 16 69 94 -19 23 49 40

0 55 93 45 -16 1 6 46

0 37 39 61 -7 3 13 29

0 47 92 97 -19 31 49 26

0 34 35 52 -11 27 35 8

0 17 79 66 -17 26 29 15

0 68 90 45 -14 9 31 2

0 32 34 99 -15 25 29 17

0 5 51 84 -20 32 33 16

0 24 83 34 -14 16 42 0

0 19 31 58 -20 2 3 27

0 5 19 80 -19 6 7 15

0 27 74 55 -8 19 49 2

0 14 26 9 -10 10 11 3

0 61 81 98 -8 2 6 22

0 16 80 64 -17 12 28 30

0 15 66 77 -10 17 41 7

0 13 66 51 -7 21 39 1

0 18 79 32 -14 27 49 1

0 28 98 68 -20 30 42 17

0 17 30 20 -13 1 5 30

0 60 70 97 -18 25 45 1

0 12 44 35 -3 22 45 21

0 13 48 43 -4 4 7 47

0 88 98 24 -6 12 14 10

0 11 58 55 -18 15 39 9

0 63 80 14 -7 0 1 22

0 29 43 39 -16 8 19 22

0 15 40 19 -19 13 31 17

0 54 66 95 -18 18 21 14

0 3 57 47 -5 19 20 18

0 48 58 49 -16 7 44 40

0 30 58 32 -15 19 38 17

0 16 96 1 -6 3 25 36

0 50 92 52 -15 14 24 41

0 35 64 49 -10 22 30 16

0 19 54 43 -10 35 38 30

0 22 47 49 -11 16 40 34

0 8 57 21 -13 27 28 33

0 35 42 37 -3 22 30 38

0 19 51 7 -18 4 10 49

0 9 46 56 -20 17 38 31

0 30 34 76 -10 15 48 32

0 0 9 45 -15 5 17 16

0 12 45 26 -20 6 7 20

0 66 94 36 -17 28 42 33

0 14 41 34 -12 16 37 41

0 2 26 30 -6 2 20 22

0 80 92 30 -5 0 4 44

0 9 87 5 -5 14 17 10

0 0 75 32 -13 2 22 12

0 28 41 92 -17 9 10 48

0 0 1 65 -3 42 44 47

0 2 43 24 -12 12 38 25

0 4 86 99 -2 1 6 21

0 20 27 82 -5 4 21 40

0 28 64 71 -13 7 13 4

0 15 16 67 -20 35 39 13

0 18 87 12 -19 9 15 6

0 1 5 27 -3 37 49 44

0 9 54 79 -12 13 32 38

0 75 99 73 -4 0 3 28

0 6 9 97 -7 32 36 40

0 11 23 23 -5 2 7 35

0 2 4 63 -14 6 7 21

0 2 31 82 -8 34 46 28

0 9 11 16 -10 1 13 10

0 1 16 57 -8 6 18 16

0 2 69 58 -7 2 31 47

0 2 18 67 -10 1 17 17

0 5 10 59 -18 16 47 33

0 4 6 51 -3 5 28 30

0 28 31 0 -4 18 31 46

0 0 1 36 -17 10 40 25

0 0 3 54 -1 13 16 39

0 3 13 58 -18 22 38 35

0 3 9 95 -12 6 15 42

0 15 26 1 -18 15 30 39

0 18 21 94 -10 6 30 43

0 2 3 24 -18 2 4 3

0 3 6 76 -8 1 20 38


SAlphaB: 709.0, std-dev 257.31196017380313

Earliest win: 36
Latest win: 81

WinDepth:
0 0 0 0 0 0 0 0 0 0 0 0 0 0 0 0 0 0 0 0 0 0 0 0 0 0 0 0 0 0 0 0 0 0 0 0 1 0 0 0 0 4 2 29 17 13 13 41 9 57 82 222 151 108 64 188 103 171 175 153 165 220 272 283 356 374 398 401 500 375 480 441 403 365 380 360 281 236 192 118 120 64 
SAlphaB:
0 0 0 0 0 0 0 0 0 0 0 0 0 0 0 0 0 0 0 0 0 0 0 0 0 0 0 0 0 0 0 0 0 0 0 0 1 0 0 0 0 4 2 29 17 13 13 41 9 57 82 222 151 108 64 188 103 171 175 153 165 220 272 283 356 374 398 401 500 375 480 441 403 365 380 360 281 236 192 118 120 64 

LossDepth:
SAlphaB:
0 0 0 0 0 0 0 0 0 0 0 0 0 0 0 0 0 0 0 0 0 0 0 0 0 0 0 0 0 0 0 0 0 0 0 0 1 0 0 0 0 4 2 29 17 13 13 41 9 57 82 222 151 108 64 188 103 171 175 153 165 220 272 283 356 374 398 401 500 375 480 441 403 365 380 360 281 236 192 118 120 64 

FirstWin:
0 0 0 0 0 0 0 0 0 0 0 0 0 0 0 0 0 0 0 0 0 0 0 0 0 0 0 0 0 0 0 0 0 0 0 0 0 0 0 0 0 4 0 29 0 13 0 41 0 57 0 222 0 108 0 188 0 171 0 153 0 220 0 283 0 374 0 401 0 375 0 441 0 365 0 360 0 236 0 118 0 64 
SAlphaB:
0 0 0 0 0 0 0 0 0 0 0 0 0 0 0 0 0 0 0 0 0 0 0 0 0 0 0 0 0 0 0 0 0 0 0 0 0 0 0 0 0 4 0 29 0 13 0 41 0 57 0 222 0 108 0 188 0 171 0 153 0 220 0 283 0 374 0 401 0 375 0 441 0 365 0 360 0 236 0 118 0 64 

SecondWin:
0 0 0 0 0 0 0 0 0 0 0 0 0 0 0 0 0 0 0 0 0 0 0 0 0 0 0 0 0 0 0 0 0 0 0 0 1 0 0 0 0 0 2 0 17 0 13 0 9 0 82 0 151 0 64 0 103 0 175 0 165 0 272 0 356 0 398 0 500 0 480 0 403 0 380 0 281 0 192 0 120 0 
SAlphaB:
0 0 0 0 0 0 0 0 0 0 0 0 0 0 0 0 0 0 0 0 0 0 0 0 0 0 0 0 0 0 0 0 0 0 0 0 1 0 0 0 0 0 2 0 17 0 13 0 9 0 82 0 151 0 64 0 103 0 175 0 165 0 272 0 356 0 398 0 500 0 480 0 403 0 380 0 281 0 192 0 120 0 
