0 41 99 81 -18 6 21 6

0 18 55 16 -17 3 6 16

0 51 91 91 -15 10 20 0

0 48 61 81 -9 2 13 19

0 24 87 80 -4 9 14 1

0 80 94 63 -7 20 38 25

0 42 63 21 -2 7 15 14

0 31 52 76 -6 12 39 39

0 39 89 74 -12 2 14 6

0 66 98 73 -14 1 35 12

0 52 90 39 -5 4 8 40

0 25 80 70 -5 9 10 18

0 7 74 51 -18 0 5 17

0 50 71 73 -1 12 47 32

0 46 87 67 -8 9 21 38

0 51 61 4 -4 9 25 21

0 25 27 26 -10 4 18 4

0 19 43 61 -1 27 40 6

0 45 64 12 -16 1 2 16

0 83 87 87 -14 4 23 26

0 42 51 84 -20 0 4 46

0 44 65 32 -17 10 19 0

0 5 22 85 -7 14 18 7

0 53 83 46 -15 2 5 32

0 79 93 23 -2 14 26 28

0 70 71 46 -20 18 25 21

0 43 47 97 -5 41 46 28

0 48 76 18 -7 8 11 26

0 30 72 88 -14 16 17 0

0 52 75 23 -7 21 32 8

0 15 46 89 -8 21 22 27

0 20 64 36 -19 5 20 21

0 55 77 96 -8 22 23 36

0 18 22 45 -5 7 9 26

0 66 77 81 -1 0 46 30

0 7 89 57 -13 10 34 40

0 21 29 78 -15 23 35 12

0 33 35 63 -20 4 8 29

0 26 93 94 -14 6 23 1

0 11 33 21 -15 2 5 23

0 40 65 33 -7 28 45 45

0 14 76 88 -20 40 44 25

0 36 77 65 -17 7 8 4

0 25 48 1 -4 23 34 13

0 9 39 74 -8 14 31 33

0 30 38 83 -2 23 37 11

0 60 64 47 -15 0 1 11

0 40 55 98 -8 3 20 45

0 32 42 94 -16 35 49 24

0 17 57 94 -4 19 21 39

0 18 97 2 -12 4 38 21

0 29 42 47 -15 46 47 37

0 22 75 63 -6 8 29 49

0 22 50 18 -8 12 22 29

0 9 61 38 -18 32 36 39

0 14 70 10 -1 1 20 32

0 61 65 34 -18 32 41 24

0 22 37 91 -9 5 27 37

0 25 67 83 -3 15 22 8

0 15 44 88 -1 4 25 21

0 10 56 11 -16 19 29 19

0 10 40 54 -13 0 23 27

0 12 53 61 -1 18 38 38

0 15 20 26 -9 18 22 24

0 20 91 24 -15 28 48 37

0 14 42 44 -19 11 15 9

0 19 29 71 -5 13 17 33

0 21 50 95 -13 20 32 46

0 23 56 83 -5 17 48 18

0 19 41 9 -12 24 38 14

0 59 87 21 -4 0 1 37

0 1 3 39 -16 6 12 40

0 17 88 46 -3 6 37 48

0 45 49 40 -14 24 45 27

0 1 48 20 -13 7 31 26

0 3 6 91 -17 2 7 5

0 29 90 96 -3 0 1 18

0 0 12 91 -10 38 39 25

0 19 27 87 -12 20 40 48

0 5 48 57 -14 19 49 14

0 17 55 60 -17 13 41 16

0 21 51 2 -12 19 22 0

0 4 33 64 -15 20 41 37

0 12 40 81 -14 30 37 10

0 2 26 50 -16 4 32 24

0 47 49 84 -18 18 35 40

0 37 71 89 -2 0 1 46

0 15 44 92 -6 32 46 4

0 1 7 26 -18 1 10 8

0 46 49 17 -2 18 47 47

0 0 2 5 -11 14 17 22

0 3 4 46 -8 10 19 4

0 1 12 91 -16 8 42 25

0 0 3 86 -3 0 4 16

0 3 44 62 -18 19 26 4

0 8 38 58 -5 6 41 39

0 0 7 30 -2 0 28 38

0 0 2 30 -5 24 40 43

0 4 8 47 -7 43 47 0

0 1 2 87 -5 1 36 26


SAlphaB: 693.0, std-dev 266.4693770189905

Earliest win: 35
Latest win: 81

WinDepth:
0 0 0 0 0 0 0 0 0 0 0 0 0 0 0 0 0 0 0 0 0 0 0 0 0 0 0 0 0 0 0 0 0 0 0 1 0 5 0 5 17 8 1 13 11 24 21 18 36 88 100 237 108 122 155 194 120 180 154 185 193 233 255 279 306 333 376 386 459 417 444 429 392 398 382 328 256 234 157 157 107 80 
SAlphaB:
0 0 0 0 0 0 0 0 0 0 0 0 0 0 0 0 0 0 0 0 0 0 0 0 0 0 0 0 0 0 0 0 0 0 0 1 0 5 0 5 17 8 1 13 11 24 21 18 36 88 100 237 108 122 155 194 120 180 154 185 193 233 255 279 306 333 376 386 459 417 444 429 392 398 382 328 256 234 157 157 107 80 

LossDepth:
SAlphaB:
0 0 0 0 0 0 0 0 0 0 0 0 0 0 0 0 0 0 0 0 0 0 0 0 0 0 0 0 0 0 0 0 0 0 0 1 0 5 0 5 17 8 1 13 11 24 21 18 36 88 100 237 108 122 155 194 120 180 154 185 193 233 255 279 306 333 376 386 459 417 444 429 392 398 382 328 256 234 157 157 107 80 

FirstWin:
0 0 0 0 0 0 0 0 0 0 0 0 0 0 0 0 0 0 0 0 0 0 0 0 0 0 0 0 0 0 0 0 0 0 0 1 0 5 0 5 0 8 0 13 0 24 0 18 0 88 0 237 0 122 0 194 0 180 0 185 0 233 0 279 0 333 0 386 0 417 0 429 0 398 0 328 0 234 0 157 0 80 
SAlphaB:
0 0 0 0 0 0 0 0 0 0 0 0 0 0 0 0 0 0 0 0 0 0 0 0 0 0 0 0 0 0 0 0 0 0 0 1 0 5 0 5 0 8 0 13 0 24 0 18 0 88 0 237 0 122 0 194 0 180 0 185 0 233 0 279 0 333 0 386 0 417 0 429 0 398 0 328 0 234 0 157 0 80 

SecondWin:
0 0 0 0 0 0 0 0 0 0 0 0 0 0 0 0 0 0 0 0 0 0 0 0 0 0 0 0 0 0 0 0 0 0 0 0 0 0 0 0 17 0 1 0 11 0 21 0 36 0 100 0 108 0 155 0 120 0 154 0 193 0 255 0 306 0 376 0 459 0 444 0 392 0 382 0 256 0 157 0 107 0 
SAlphaB:
0 0 0 0 0 0 0 0 0 0 0 0 0 0 0 0 0 0 0 0 0 0 0 0 0 0 0 0 0 0 0 0 0 0 0 0 0 0 0 0 17 0 1 0 11 0 21 0 36 0 100 0 108 0 155 0 120 0 154 0 193 0 255 0 306 0 376 0 459 0 444 0 392 0 382 0 256 0 157 0 107 0 
