0 12 97 2 -14 0 1 12

0 13 84 36 -8 0 5 10

0 40 80 19 -18 1 15 36

0 19 70 55 -7 0 3 21

0 37 86 45 -2 17 37 0

0 32 34 14 -19 0 5 7

0 55 99 43 -14 1 26 9

0 58 84 77 -10 6 30 15

0 35 72 62 -3 18 45 49

0 29 91 70 -12 0 6 37

0 73 97 55 -18 13 29 9

0 32 44 20 -17 3 12 24

0 10 27 61 -9 0 7 14

0 77 85 38 -7 4 34 36

0 8 18 46 -5 3 8 3

0 17 57 71 -10 0 29 4

0 45 47 46 -9 8 18 6

0 26 82 88 -8 8 26 18

0 31 57 94 -18 9 26 14

0 9 25 79 -8 1 3 0

0 13 28 54 -10 5 7 21

0 70 84 6 -1 1 2 6

0 25 52 30 -2 15 35 12

0 16 78 74 -17 16 27 13

0 53 87 18 -9 17 24 10

0 5 59 46 -4 17 30 11

0 74 85 61 -11 3 20 21

0 50 59 40 -6 12 21 17

0 33 40 13 -15 9 11 16

0 12 72 21 -20 0 4 38

0 36 61 22 -15 3 8 48

0 1 48 1 -18 2 10 16

0 33 87 16 -18 19 20 31

0 27 38 60 -13 18 19 19

0 28 38 69 -18 2 14 49

0 8 21 38 -19 3 4 14

0 36 72 23 -7 0 22 23

0 55 65 92 -20 21 45 40

0 49 66 73 -18 24 38 22

0 22 89 57 -19 4 34 7

0 6 62 61 -18 0 39 12

0 5 49 69 -9 13 40 4

0 45 46 49 -20 6 18 43

0 0 76 80 -18 6 26 31

0 16 81 21 -5 12 20 30

0 20 45 32 -19 35 49 31

0 20 96 4 -5 12 28 22

0 9 69 2 -3 12 26 35

0 74 83 19 -5 6 40 41

0 6 43 91 -19 33 34 2

0 11 47 30 -1 2 7 36

0 29 70 40 -7 17 18 9

0 10 73 32 -6 4 20 45

0 37 71 14 -20 40 49 31

0 29 41 82 -15 40 49 48

0 15 32 69 -2 9 17 39

0 26 46 99 -16 19 38 28

0 19 23 23 -8 33 47 33

0 52 91 37 -19 25 32 21

0 6 47 16 -14 39 43 14

0 37 65 20 -18 5 7 32

0 26 78 8 -4 7 30 33

0 21 39 45 -9 3 10 48

0 57 80 32 -19 47 49 5

0 2 40 10 -2 1 3 35

0 3 31 89 -19 20 27 32

0 8 13 53 -12 13 17 13

0 11 19 70 -17 40 49 46

0 13 18 80 -2 19 22 10

0 13 42 53 -17 2 14 1

0 0 62 39 -2 3 21 26

0 30 34 33 -9 17 37 48

0 2 40 3 -10 8 13 29

0 28 55 91 -1 1 13 38

0 11 32 52 -13 8 17 40

0 4 22 51 -13 12 35 47

0 9 48 79 -4 7 9 48

0 12 30 41 -14 5 16 44

0 23 34 12 -10 8 23 49

0 4 18 39 -6 10 33 44

0 36 48 30 -12 2 45 44

0 17 22 77 -4 5 37 4

0 0 4 89 -9 21 34 17

0 12 43 44 -17 8 13 36

0 0 22 16 -12 22 38 19

0 12 37 4 -17 3 15 34

0 6 21 31 -7 44 47 27

0 13 24 81 -11 37 47 28

0 2 6 56 -9 14 34 27

0 0 8 46 -14 9 15 32

0 12 30 98 -16 16 23 1

0 1 6 47 -17 24 43 22

0 4 8 16 -8 1 12 27

0 1 3 89 -19 3 11 6

0 0 1 74 -3 6 19 6

0 5 25 37 -10 29 40 9

0 4 14 1 -10 14 18 48

0 15 16 43 -1 31 48 0

0 2 6 47 -7 2 3 32

0 0 10 8 -14 26 41 15


SAlphaB: 706.0, std-dev 267.80378285437104

Earliest win: 37
Latest win: 81

WinDepth:
0 0 0 0 0 0 0 0 0 0 0 0 0 0 0 0 0 0 0 0 0 0 0 0 0 0 0 0 0 0 0 0 0 0 0 0 0 1 0 2 17 3 4 9 7 17 9 63 25 41 51 199 68 154 118 169 90 217 162 181 198 302 256 327 357 347 407 335 460 365 532 400 399 371 350 335 285 240 176 109 90 81 
SAlphaB:
0 0 0 0 0 0 0 0 0 0 0 0 0 0 0 0 0 0 0 0 0 0 0 0 0 0 0 0 0 0 0 0 0 0 0 0 0 1 0 2 17 3 4 9 7 17 9 63 25 41 51 199 68 154 118 169 90 217 162 181 198 302 256 327 357 347 407 335 460 365 532 400 399 371 350 335 285 240 176 109 90 81 

LossDepth:
SAlphaB:
0 0 0 0 0 0 0 0 0 0 0 0 0 0 0 0 0 0 0 0 0 0 0 0 0 0 0 0 0 0 0 0 0 0 0 0 0 1 0 2 17 3 4 9 7 17 9 63 25 41 51 199 68 154 118 169 90 217 162 181 198 302 256 327 357 347 407 335 460 365 532 400 399 371 350 335 285 240 176 109 90 81 

FirstWin:
0 0 0 0 0 0 0 0 0 0 0 0 0 0 0 0 0 0 0 0 0 0 0 0 0 0 0 0 0 0 0 0 0 0 0 0 0 1 0 2 0 3 0 9 0 17 0 63 0 41 0 199 0 154 0 169 0 217 0 181 0 302 0 327 0 347 0 335 0 365 0 400 0 371 0 335 0 240 0 109 0 81 
SAlphaB:
0 0 0 0 0 0 0 0 0 0 0 0 0 0 0 0 0 0 0 0 0 0 0 0 0 0 0 0 0 0 0 0 0 0 0 0 0 1 0 2 0 3 0 9 0 17 0 63 0 41 0 199 0 154 0 169 0 217 0 181 0 302 0 327 0 347 0 335 0 365 0 400 0 371 0 335 0 240 0 109 0 81 

SecondWin:
0 0 0 0 0 0 0 0 0 0 0 0 0 0 0 0 0 0 0 0 0 0 0 0 0 0 0 0 0 0 0 0 0 0 0 0 0 0 0 0 17 0 4 0 7 0 9 0 25 0 51 0 68 0 118 0 90 0 162 0 198 0 256 0 357 0 407 0 460 0 532 0 399 0 350 0 285 0 176 0 90 0 
SAlphaB:
0 0 0 0 0 0 0 0 0 0 0 0 0 0 0 0 0 0 0 0 0 0 0 0 0 0 0 0 0 0 0 0 0 0 0 0 0 0 0 0 17 0 4 0 7 0 9 0 25 0 51 0 68 0 118 0 90 0 162 0 198 0 256 0 357 0 407 0 460 0 532 0 399 0 350 0 285 0 176 0 90 0 
