0 61 72 48 -12 9 19 30

0 42 64 35 -18 0 1 29

0 39 77 51 -2 10 20 2

0 55 81 57 -17 4 13 30

0 51 96 77 -5 9 13 3

0 17 38 70 -13 0 1 17

0 14 74 95 -13 32 38 21

0 39 49 58 -4 7 15 16

0 96 98 49 -5 22 44 23

0 61 87 34 -10 1 3 33

0 31 97 57 -18 10 18 40

0 27 61 96 -11 2 3 3

0 34 57 24 -17 2 15 23

0 62 85 60 -11 8 33 15

0 46 49 1 -12 8 16 15

0 9 93 83 -18 0 2 27

0 61 93 52 -2 13 26 5

0 25 84 68 -4 2 12 36

0 55 74 58 -10 6 34 10

0 40 86 90 -9 38 41 36

0 40 94 71 -2 13 44 34

0 29 54 38 -6 10 27 6

0 37 50 66 -15 0 13 30

0 34 69 70 -8 17 33 16

0 35 63 96 -12 29 39 31

0 27 62 61 -1 11 27 23

0 12 82 75 -5 11 36 40

0 70 89 54 -18 1 36 5

0 32 46 31 -12 13 15 15

0 8 11 95 -3 7 10 9

0 50 66 82 -9 15 19 8

0 43 75 40 -8 16 17 41

0 14 65 17 -8 21 40 15

0 21 59 51 -18 11 12 1

0 49 60 40 -16 8 27 43

0 31 79 68 -9 7 48 11

0 48 78 34 -10 23 27 26

0 49 94 21 -19 24 49 4

0 26 58 82 -3 29 46 30

0 86 87 76 -8 8 49 19

0 71 87 97 -15 23 35 29

0 6 93 94 -15 3 41 18

0 5 68 34 -11 25 44 18

0 36 57 77 -3 1 12 44

0 16 40 41 -18 16 36 38

0 46 64 90 -20 10 14 25

0 16 94 38 -16 9 47 27

0 36 61 50 -18 17 23 36

0 24 46 90 -9 2 36 10

0 40 63 81 -18 27 31 30

0 28 81 20 -5 9 38 44

0 7 60 71 -4 10 34 34

0 16 58 49 -2 16 24 45

0 34 91 71 -11 35 49 9

0 4 6 65 -17 0 1 13

0 12 16 74 -1 18 21 24

0 22 32 2 -12 0 28 19

0 44 66 12 -15 41 42 12

0 26 36 80 -17 0 25 43

0 2 5 97 -14 5 24 21

0 30 81 44 -9 31 48 49

0 16 67 30 -6 8 39 34

0 26 38 10 -10 1 20 23

0 8 99 65 -13 36 41 5

0 7 13 73 -9 11 24 13

0 24 25 36 -1 3 17 36

0 22 24 92 -2 14 15 3

0 9 19 20 -11 16 42 41

0 15 19 72 -1 12 14 43

0 9 22 91 -10 13 26 39

0 57 84 23 -12 32 42 38

0 4 42 55 -12 21 47 17

0 23 82 26 -16 29 47 36

0 8 11 24 -11 7 36 9

0 33 47 14 -17 6 40 37

0 5 19 35 -13 22 40 38

0 22 30 96 -17 2 3 46

0 26 30 57 -19 10 30 16

0 7 21 32 -7 7 10 34

0 1 3 60 -8 30 44 18

0 3 10 99 -9 19 35 36

0 10 56 15 -13 39 44 45

0 0 39 91 -20 0 43 2

0 7 8 68 -10 24 31 22

0 5 15 22 -17 2 29 32

0 3 7 76 -14 3 22 31

0 8 80 67 -4 21 29 1

0 10 36 1 -14 36 37 25

0 5 24 0 -6 12 14 34

0 0 1 68 -19 11 36 11

0 13 32 40 -18 8 29 11

0 17 28 21 -16 0 43 12

0 4 6 62 -19 23 24 43

0 3 9 50 -15 24 30 37

0 4 24 30 -20 0 3 39

0 10 31 33 -3 21 27 41

0 1 9 46 -18 12 20 32

0 2 3 21 -11 12 46 32

0 0 12 51 -9 2 10 35

0 2 10 75 -9 15 19 42


SAlphaB: 698.0, std-dev 262.87831516855584

Earliest win: 35
Latest win: 81

WinDepth:
0 0 0 0 0 0 0 0 0 0 0 0 0 0 0 0 0 0 0 0 0 0 0 0 0 0 0 0 0 0 0 0 0 0 0 1 0 3 1 4 9 13 0 11 11 21 14 35 27 66 56 274 91 114 82 146 91 195 172 179 182 240 236 341 320 389 413 382 468 445 445 463 384 398 372 334 299 205 161 137 93 73 
SAlphaB:
0 0 0 0 0 0 0 0 0 0 0 0 0 0 0 0 0 0 0 0 0 0 0 0 0 0 0 0 0 0 0 0 0 0 0 1 0 3 1 4 9 13 0 11 11 21 14 35 27 66 56 274 91 114 82 146 91 195 172 179 182 240 236 341 320 389 413 382 468 445 445 463 384 398 372 334 299 205 161 137 93 73 

LossDepth:
SAlphaB:
0 0 0 0 0 0 0 0 0 0 0 0 0 0 0 0 0 0 0 0 0 0 0 0 0 0 0 0 0 0 0 0 0 0 0 1 0 3 1 4 9 13 0 11 11 21 14 35 27 66 56 274 91 114 82 146 91 195 172 179 182 240 236 341 320 389 413 382 468 445 445 463 384 398 372 334 299 205 161 137 93 73 

FirstWin:
0 0 0 0 0 0 0 0 0 0 0 0 0 0 0 0 0 0 0 0 0 0 0 0 0 0 0 0 0 0 0 0 0 0 0 1 0 3 0 4 0 13 0 11 0 21 0 35 0 66 0 274 0 114 0 146 0 195 0 179 0 240 0 341 0 389 0 382 0 445 0 463 0 398 0 334 0 205 0 137 0 73 
SAlphaB:
0 0 0 0 0 0 0 0 0 0 0 0 0 0 0 0 0 0 0 0 0 0 0 0 0 0 0 0 0 0 0 0 0 0 0 1 0 3 0 4 0 13 0 11 0 21 0 35 0 66 0 274 0 114 0 146 0 195 0 179 0 240 0 341 0 389 0 382 0 445 0 463 0 398 0 334 0 205 0 137 0 73 

SecondWin:
0 0 0 0 0 0 0 0 0 0 0 0 0 0 0 0 0 0 0 0 0 0 0 0 0 0 0 0 0 0 0 0 0 0 0 0 0 0 1 0 9 0 0 0 11 0 14 0 27 0 56 0 91 0 82 0 91 0 172 0 182 0 236 0 320 0 413 0 468 0 445 0 384 0 372 0 299 0 161 0 93 0 
SAlphaB:
0 0 0 0 0 0 0 0 0 0 0 0 0 0 0 0 0 0 0 0 0 0 0 0 0 0 0 0 0 0 0 0 0 0 0 0 0 0 1 0 9 0 0 0 11 0 14 0 27 0 56 0 91 0 82 0 91 0 172 0 182 0 236 0 320 0 413 0 468 0 445 0 384 0 372 0 299 0 161 0 93 0 
