0 51 96 96 -7 3 20 19

0 57 96 99 -11 6 22 25

0 37 73 56 -10 9 18 23

0 38 89 41 -11 0 4 12

0 48 85 56 -9 3 5 14

0 57 72 7 -10 17 45 10

0 39 61 78 -16 2 8 6

0 7 71 42 -4 2 5 16

0 19 57 1 -16 0 2 21

0 27 41 52 -5 1 16 23

0 44 83 96 -16 3 20 30

0 61 99 72 -13 7 13 17

0 55 71 56 -12 1 14 30

0 62 63 85 -1 6 22 22

0 55 74 41 -16 6 31 4

0 66 80 85 -17 3 11 27

0 8 56 77 -15 0 1 20

0 36 43 40 -15 1 2 8

0 91 96 21 -4 1 27 2

0 17 78 10 -8 4 12 13

0 2 57 71 -5 27 32 4

0 20 68 31 -18 1 20 6

0 0 44 77 -12 6 20 9

0 26 38 78 -10 9 15 6

0 44 74 74 -4 38 47 38

0 45 49 37 -6 14 47 18

0 16 23 83 -6 0 8 5

0 15 23 42 -17 1 6 7

0 96 97 10 -8 4 25 17

0 28 67 44 -19 5 10 23

0 23 50 2 -13 45 48 35

0 13 43 65 -12 9 26 23

0 38 47 81 -13 5 8 34

0 27 37 83 -17 2 3 13

0 25 47 67 -10 6 33 17

0 2 67 18 -16 2 3 24

0 10 75 53 -13 6 16 31

0 28 35 99 -3 2 9 38

0 26 69 89 -14 24 32 20

0 11 55 3 -17 4 6 9

0 31 36 42 -4 13 21 27

0 33 39 25 -8 16 35 36

0 59 91 2 -13 0 29 9

0 2 17 32 -12 8 12 5

0 52 58 2 -10 9 10 41

0 24 70 76 -20 18 36 34

0 7 19 24 -2 10 11 13

0 8 58 31 -5 9 18 39

0 60 62 12 -1 17 21 37

0 13 87 66 -6 14 26 6

0 1 48 64 -13 42 44 43

0 20 44 55 -8 13 40 38

0 34 36 55 -16 30 39 4

0 65 83 70 -11 5 10 45

0 7 19 88 -14 10 34 26

0 8 61 1 -17 2 5 24

0 12 82 98 -8 7 8 37

0 9 51 11 -19 15 29 31

0 17 60 36 -19 11 44 23

0 6 11 37 -14 30 34 40

0 21 32 73 -11 8 22 6

0 17 46 32 -6 1 2 31

0 26 27 93 -11 7 38 18

0 13 51 82 -1 22 24 1

0 13 38 44 -19 14 36 24

0 35 69 0 -1 13 23 37

0 20 93 60 -4 23 45 48

0 17 44 32 -19 16 29 43

0 13 47 36 -20 13 14 38

0 13 61 52 -10 16 38 7

0 6 44 28 -19 5 6 22

0 4 35 71 -15 33 38 13

0 16 25 42 -14 3 33 20

0 4 5 33 -15 5 31 5

0 4 39 81 -11 10 42 35

0 8 27 87 -13 26 38 43

0 61 68 23 -14 36 38 7

0 1 41 67 -8 22 49 43

0 2 21 57 -20 23 32 30

0 2 4 48 -17 6 15 37

0 0 13 20 -18 22 26 46

0 0 1 81 -19 6 8 27

0 19 31 87 -8 45 47 39

0 0 1 93 -10 24 35 24

0 21 24 61 -9 19 37 29

0 8 21 26 -3 0 3 24

0 0 1 54 -13 7 44 40

0 1 7 58 -7 3 5 46

0 4 14 55 -4 2 18 25

0 0 2 85 -15 37 49 1

0 2 3 67 -3 0 14 34

0 1 22 23 -13 15 30 41

0 0 1 74 -20 4 7 1

0 7 11 66 -14 0 1 43

0 2 5 48 -15 0 34 1

0 2 6 8 -10 2 49 37

0 2 7 73 -8 12 28 23

0 11 16 58 -5 1 44 31

0 0 2 21 -9 3 6 43

0 7 11 6 -4 1 22 42


SAlphaB: 729.0, std-dev 273.02025935853555

Earliest win: 35
Latest win: 81

WinDepth:
0 0 0 0 0 0 0 0 0 0 0 0 0 0 0 0 0 0 0 0 0 0 0 0 0 0 0 0 0 0 0 0 0 0 0 2 0 5 1 4 0 5 6 9 12 7 19 66 28 56 94 157 81 113 86 175 106 173 144 169 159 208 240 360 361 339 452 437 442 396 489 471 430 388 403 360 285 228 183 143 100 93 
SAlphaB:
0 0 0 0 0 0 0 0 0 0 0 0 0 0 0 0 0 0 0 0 0 0 0 0 0 0 0 0 0 0 0 0 0 0 0 2 0 5 1 4 0 5 6 9 12 7 19 66 28 56 94 157 81 113 86 175 106 173 144 169 159 208 240 360 361 339 452 437 442 396 489 471 430 388 403 360 285 228 183 143 100 93 

LossDepth:
SAlphaB:
0 0 0 0 0 0 0 0 0 0 0 0 0 0 0 0 0 0 0 0 0 0 0 0 0 0 0 0 0 0 0 0 0 0 0 2 0 5 1 4 0 5 6 9 12 7 19 66 28 56 94 157 81 113 86 175 106 173 144 169 159 208 240 360 361 339 452 437 442 396 489 471 430 388 403 360 285 228 183 143 100 93 

FirstWin:
0 0 0 0 0 0 0 0 0 0 0 0 0 0 0 0 0 0 0 0 0 0 0 0 0 0 0 0 0 0 0 0 0 0 0 2 0 5 0 4 0 5 0 9 0 7 0 66 0 56 0 157 0 113 0 175 0 173 0 169 0 208 0 360 0 339 0 437 0 396 0 471 0 388 0 360 0 228 0 143 0 93 
SAlphaB:
0 0 0 0 0 0 0 0 0 0 0 0 0 0 0 0 0 0 0 0 0 0 0 0 0 0 0 0 0 0 0 0 0 0 0 2 0 5 0 4 0 5 0 9 0 7 0 66 0 56 0 157 0 113 0 175 0 173 0 169 0 208 0 360 0 339 0 437 0 396 0 471 0 388 0 360 0 228 0 143 0 93 

SecondWin:
0 0 0 0 0 0 0 0 0 0 0 0 0 0 0 0 0 0 0 0 0 0 0 0 0 0 0 0 0 0 0 0 0 0 0 0 0 0 1 0 0 0 6 0 12 0 19 0 28 0 94 0 81 0 86 0 106 0 144 0 159 0 240 0 361 0 452 0 442 0 489 0 430 0 403 0 285 0 183 0 100 0 
SAlphaB:
0 0 0 0 0 0 0 0 0 0 0 0 0 0 0 0 0 0 0 0 0 0 0 0 0 0 0 0 0 0 0 0 0 0 0 0 0 0 1 0 0 0 6 0 12 0 19 0 28 0 94 0 81 0 86 0 106 0 144 0 159 0 240 0 361 0 452 0 442 0 489 0 430 0 403 0 285 0 183 0 100 0 
