0 37 90 52 -17 1 6 34

0 31 83 57 -12 0 1 15

0 71 81 43 -14 2 34 10

0 9 45 10 -4 1 2 12

0 45 71 90 -2 1 10 14

0 46 80 31 -17 2 5 7

0 4 63 61 -17 6 15 29

0 38 86 17 -9 0 1 11

0 81 94 22 -12 12 13 22

0 85 95 97 -2 19 44 1

0 34 68 64 -15 6 15 39

0 12 99 12 -7 7 40 31

0 32 63 58 -14 21 22 18

0 37 76 30 -13 15 20 38

0 39 84 63 -5 3 4 16

0 38 43 40 -13 7 18 7

0 12 57 81 -1 12 42 17

0 45 51 65 -20 4 28 10

0 40 51 66 -14 3 5 31

0 41 75 57 -4 2 6 22

0 43 66 45 -20 0 1 49

0 37 56 71 -9 8 47 25

0 12 60 29 -4 4 11 18

0 33 36 16 -6 4 35 21

0 0 42 62 -9 15 31 18

0 10 14 21 -11 0 2 17

0 27 72 14 -14 0 43 7

0 58 83 9 -11 20 22 4

0 30 64 75 -6 17 44 31

0 44 69 99 -16 1 47 27

0 3 61 78 -17 14 22 43

0 7 89 84 -15 14 29 12

0 36 45 69 -18 8 17 42

0 63 65 47 -16 44 49 14

0 49 66 69 -14 33 35 44

0 19 68 22 -8 3 16 49

0 33 51 87 -15 4 7 40

0 11 73 37 -9 16 25 20

0 35 72 75 -20 18 26 42

0 41 58 13 -14 23 24 18

0 40 77 79 -19 19 30 45

0 5 61 43 -15 0 2 29

0 51 69 5 -5 1 7 33

0 3 62 1 -3 4 9 20

0 56 93 32 -7 28 48 21

0 26 28 80 -12 6 22 21

0 4 42 40 -3 22 28 0

0 1 76 78 -15 32 34 47

0 37 55 22 -8 2 41 2

0 13 80 56 -2 6 25 48

0 35 43 28 -1 17 45 8

0 25 62 51 -9 14 30 35

0 0 99 42 -10 44 49 25

0 68 70 84 -6 4 5 45

0 43 60 48 -17 13 17 13

0 16 60 75 -18 17 28 32

0 1 20 79 -1 17 21 8

0 59 69 18 -20 26 35 23

0 9 39 15 -20 5 9 2

0 16 45 28 -20 9 41 43

0 37 43 10 -12 1 40 3

0 27 35 7 -7 0 4 44

0 59 68 71 -9 36 37 20

0 21 35 86 -17 29 37 21

0 30 56 45 -11 10 43 29

0 39 52 32 -13 34 44 40

0 7 18 91 -6 15 31 39

0 10 52 41 -8 46 48 1

0 14 57 62 -2 15 28 34

0 2 43 63 -7 0 9 9

0 0 63 61 -4 34 44 38

0 12 48 77 -6 1 33 33

0 25 84 1 -15 30 41 14

0 6 19 2 -11 6 9 1

0 62 74 17 -3 2 8 42

0 0 24 63 -1 21 27 16

0 3 20 95 -8 6 31 16

0 10 22 34 -15 24 32 43

0 3 22 76 -15 24 29 43

0 1 14 51 -20 11 34 6

0 0 26 71 -8 3 43 43

0 6 10 69 -7 10 43 44

0 22 25 24 -19 2 11 16

0 5 59 37 -14 10 25 43

0 17 26 39 -20 10 38 37

0 2 57 42 -9 13 43 14

0 17 22 72 -9 0 8 49

0 0 6 23 -8 29 32 40

0 6 8 90 -12 25 29 42

0 25 30 49 -10 7 33 46

0 17 31 43 -19 4 22 45

0 9 12 83 -15 22 26 44

0 1 2 25 -1 3 19 16

0 0 2 37 -6 27 38 31

0 19 30 1 -19 4 19 41

0 10 19 94 -18 31 39 2

0 1 36 83 -16 2 8 46

0 8 22 21 -20 6 17 48

0 10 21 64 -6 24 34 9

0 0 7 7 -10 18 29 45


SAlphaB: 710.0, std-dev 257.9378959785052

Earliest win: 37
Latest win: 81

WinDepth:
0 0 0 0 0 0 0 0 0 0 0 0 0 0 0 0 0 0 0 0 0 0 0 0 0 0 0 0 0 0 0 0 0 0 0 0 0 5 1 1 11 1 2 14 4 15 11 21 37 46 98 170 89 109 103 150 109 199 207 197 181 214 253 310 331 332 374 366 400 392 448 463 446 391 396 383 264 218 200 131 104 81 
SAlphaB:
0 0 0 0 0 0 0 0 0 0 0 0 0 0 0 0 0 0 0 0 0 0 0 0 0 0 0 0 0 0 0 0 0 0 0 0 0 5 1 1 11 1 2 14 4 15 11 21 37 46 98 170 89 109 103 150 109 199 207 197 181 214 253 310 331 332 374 366 400 392 448 463 446 391 396 383 264 218 200 131 104 81 

LossDepth:
SAlphaB:
0 0 0 0 0 0 0 0 0 0 0 0 0 0 0 0 0 0 0 0 0 0 0 0 0 0 0 0 0 0 0 0 0 0 0 0 0 5 1 1 11 1 2 14 4 15 11 21 37 46 98 170 89 109 103 150 109 199 207 197 181 214 253 310 331 332 374 366 400 392 448 463 446 391 396 383 264 218 200 131 104 81 

FirstWin:
0 0 0 0 0 0 0 0 0 0 0 0 0 0 0 0 0 0 0 0 0 0 0 0 0 0 0 0 0 0 0 0 0 0 0 0 0 5 0 1 0 1 0 14 0 15 0 21 0 46 0 170 0 109 0 150 0 199 0 197 0 214 0 310 0 332 0 366 0 392 0 463 0 391 0 383 0 218 0 131 0 81 
SAlphaB:
0 0 0 0 0 0 0 0 0 0 0 0 0 0 0 0 0 0 0 0 0 0 0 0 0 0 0 0 0 0 0 0 0 0 0 0 0 5 0 1 0 1 0 14 0 15 0 21 0 46 0 170 0 109 0 150 0 199 0 197 0 214 0 310 0 332 0 366 0 392 0 463 0 391 0 383 0 218 0 131 0 81 

SecondWin:
0 0 0 0 0 0 0 0 0 0 0 0 0 0 0 0 0 0 0 0 0 0 0 0 0 0 0 0 0 0 0 0 0 0 0 0 0 0 1 0 11 0 2 0 4 0 11 0 37 0 98 0 89 0 103 0 109 0 207 0 181 0 253 0 331 0 374 0 400 0 448 0 446 0 396 0 264 0 200 0 104 0 
SAlphaB:
0 0 0 0 0 0 0 0 0 0 0 0 0 0 0 0 0 0 0 0 0 0 0 0 0 0 0 0 0 0 0 0 0 0 0 0 0 0 1 0 11 0 2 0 4 0 11 0 37 0 98 0 89 0 103 0 109 0 207 0 181 0 253 0 331 0 374 0 400 0 448 0 446 0 396 0 264 0 200 0 104 0 
