0 46 60 57 -1 10 21 16

0 24 91 16 -5 1 15 2

0 46 72 65 -5 6 24 13

0 28 47 38 -1 3 11 3

0 37 84 27 -17 1 9 25

0 69 99 4 -6 6 38 39

0 36 60 18 -3 5 16 25

0 41 72 45 -12 4 11 11

0 29 32 8 -10 1 3 3

0 42 66 95 -7 7 15 14

0 42 89 0 -16 2 8 36

0 60 88 94 -13 13 28 15

0 72 75 67 -19 5 11 25

0 11 93 57 -3 0 3 0

0 43 82 79 -2 9 28 4

0 50 70 23 -18 2 5 10

0 25 81 41 -4 2 9 18

0 29 88 39 -11 0 20 31

0 33 63 63 -10 3 13 16

0 78 99 32 -4 14 18 11

0 50 64 80 -8 8 35 15

0 47 87 54 -11 7 33 23

0 67 86 57 -8 3 17 10

0 27 95 91 -1 0 24 16

0 45 79 22 -6 8 32 8

0 27 69 10 -11 1 11 9

0 40 97 15 -9 2 28 23

0 23 84 26 -9 0 1 19

0 20 91 4 -8 4 14 5

0 79 88 50 -4 11 47 14

0 20 46 9 -7 1 4 15

0 93 98 34 -15 23 25 19

0 48 99 47 -8 3 12 17

0 60 76 31 -7 8 12 1

0 46 90 42 -15 2 4 33

0 35 93 23 -18 3 7 43

0 29 52 81 -8 5 10 14

0 49 75 60 -6 3 44 24

0 44 80 80 -10 0 17 5

0 62 93 67 -19 1 4 1

0 32 91 29 -10 1 3 23

0 49 63 35 -17 0 20 11

0 30 51 15 -10 1 20 3

0 50 88 23 -20 2 3 33

0 15 55 57 -16 0 1 6

0 31 33 94 -5 4 15 5

0 11 48 41 -2 1 4 0

0 75 89 86 -2 16 31 22

0 15 28 57 -16 1 3 8

0 65 93 38 -16 5 10 8

0 73 97 15 -19 0 15 32

0 23 34 23 -16 0 4 22

0 57 92 5 -20 6 9 38

0 37 82 21 -5 13 28 10

0 66 78 95 -12 2 8 9

0 23 61 71 -15 7 8 39

0 28 48 9 -11 4 24 4

0 47 80 52 -17 0 26 41

0 28 79 8 -10 3 34 3

0 37 66 69 -3 7 37 2

0 10 21 38 -9 0 4 9

0 69 88 55 -18 6 49 16

0 53 78 21 -15 6 37 2

0 64 88 80 -16 2 19 9

0 86 94 79 -7 0 1 7

0 33 69 2 -17 5 7 38

0 5 48 29 -7 0 1 9

0 4 63 86 -16 6 12 10

0 40 57 81 -16 14 29 4

0 35 92 39 -18 6 21 26

0 44 82 5 -8 6 21 46

0 48 98 65 -10 1 25 2

0 63 80 37 -9 19 44 31

0 81 97 96 -6 23 49 18

0 23 34 30 -4 6 13 10

0 40 97 20 -7 17 40 2

0 42 62 52 -6 1 33 8

0 54 84 12 -4 3 9 21

0 28 95 41 -20 8 27 43

0 57 93 84 -16 15 45 42

0 29 85 54 -3 5 46 21

0 32 49 35 -9 12 26 10

0 15 66 11 -7 1 4 26

0 66 73 55 -19 12 36 43

0 87 95 34 -2 0 7 15

0 1 91 71 -13 9 26 25

0 66 96 55 -17 1 43 19

0 1 75 95 -20 18 35 46

0 48 80 12 -8 2 7 35

0 46 60 68 -12 13 31 37

0 33 38 72 -13 12 30 3

0 0 97 92 -6 30 35 49

0 4 93 55 -1 10 18 14

0 23 52 43 -19 15 29 1

0 54 73 14 -20 10 43 16

0 22 93 65 -16 23 34 11

0 13 88 76 -2 18 35 2

0 59 81 12 -5 21 44 3

0 1 90 71 -9 9 31 19

0 28 32 35 -5 24 31 19


SAlphaB: 758.0, std-dev 266.6120568136104

Earliest win: 35
Latest win: 81

WinDepth:
0 0 0 0 0 0 0 0 0 0 0 0 0 0 0 0 0 0 0 0 0 0 0 0 0 0 0 0 0 0 0 0 0 0 0 1 4 19 2 10 5 14 9 31 16 70 33 149 48 195 100 383 157 309 231 441 405 521 401 523 472 702 641 769 820 974 849 1022 950 1097 929 992 865 820 850 751 631 479 444 284 202 116 
SAlphaB:
0 0 0 0 0 0 0 0 0 0 0 0 0 0 0 0 0 0 0 0 0 0 0 0 0 0 0 0 0 0 0 0 0 0 0 1 4 19 2 10 5 14 9 31 16 70 33 149 48 195 100 383 157 309 231 441 405 521 401 523 472 702 641 769 820 974 849 1022 950 1097 929 992 865 820 850 751 631 479 444 284 202 116 

LossDepth:
SAlphaB:
0 0 0 0 0 0 0 0 0 0 0 0 0 0 0 0 0 0 0 0 0 0 0 0 0 0 0 0 0 0 0 0 0 0 0 0 3 20 0 14 5 11 3 14 11 53 20 101 26 107 56 170 97 165 152 254 229 354 252 342 260 483 384 568 570 740 610 815 694 833 748 792 650 672 672 650 494 459 333 253 214 126 

FirstWin:
0 0 0 0 0 0 0 0 0 0 0 0 0 0 0 0 0 0 0 0 0 0 0 0 0 0 0 0 0 0 0 0 0 0 0 1 0 19 0 10 0 14 0 31 0 70 0 149 0 195 0 383 0 309 0 441 0 521 0 523 0 702 0 769 0 974 0 1022 0 1097 0 992 0 820 0 751 0 479 0 284 0 116 
SAlphaB:
0 0 0 0 0 0 0 0 0 0 0 0 0 0 0 0 0 0 0 0 0 0 0 0 0 0 0 0 0 0 0 0 0 0 0 1 0 19 0 10 0 14 0 31 0 70 0 149 0 195 0 383 0 309 0 441 0 521 0 523 0 702 0 769 0 974 0 1022 0 1097 0 992 0 820 0 751 0 479 0 284 0 116 

SecondWin:
0 0 0 0 0 0 0 0 0 0 0 0 0 0 0 0 0 0 0 0 0 0 0 0 0 0 0 0 0 0 0 0 0 0 0 0 4 0 2 0 5 0 9 0 16 0 33 0 48 0 100 0 157 0 231 0 405 0 401 0 472 0 641 0 820 0 849 0 950 0 929 0 865 0 850 0 631 0 444 0 202 0 
SAlphaB:
0 0 0 0 0 0 0 0 0 0 0 0 0 0 0 0 0 0 0 0 0 0 0 0 0 0 0 0 0 0 0 0 0 0 0 0 4 0 2 0 5 0 9 0 16 0 33 0 48 0 100 0 157 0 231 0 405 0 401 0 472 0 641 0 820 0 849 0 950 0 929 0 865 0 850 0 631 0 444 0 202 0 
