0 64 88 80 -16 2 19 9

0 24 91 16 -5 1 15 2

0 28 32 35 -5 24 31 19

0 44 82 5 -8 6 21 46

0 42 89 0 -16 2 8 36

0 93 98 34 -15 23 25 19

0 11 48 41 -2 1 4 0

0 47 80 52 -17 0 26 41

0 15 28 57 -16 1 3 8

0 50 88 23 -20 2 3 33

0 29 40 53 -14 1 3 26

0 73 91 4 -8 4 27 31

0 52 83 28 -7 3 30 27

0 93 95 98 -7 22 30 23

0 27 99 56 -10 5 12 26

0 52 89 16 -13 4 13 1

0 46 59 65 -10 31 38 26

0 30 31 31 -18 8 25 28

0 70 81 93 -15 14 42 39

0 30 97 1 -13 11 18 17

0 76 94 13 -9 0 5 6

0 23 60 81 -14 4 20 42

0 25 67 43 -13 4 5 16

0 28 46 29 -13 14 33 2

0 36 46 16 -4 10 34 5

0 33 69 69 -11 10 43 9

0 20 43 74 -13 13 25 2

0 29 49 1 -2 3 6 6

0 59 69 22 -3 10 22 18

0 0 56 60 -6 9 15 23

0 45 67 79 -13 19 42 7

0 47 68 32 -16 12 14 15

0 16 96 28 -18 19 42 11

0 3 46 80 -17 22 32 28

0 13 66 2 -5 5 16 46

0 32 72 72 -17 20 33 25

0 32 38 61 -12 32 33 7

0 16 23 50 -2 0 5 40

0 35 38 53 -19 2 32 24

0 0 48 70 -13 2 3 2

0 28 66 27 -8 0 1 23

0 23 58 3 -8 33 38 12

0 39 42 8 -20 8 16 19

0 35 44 85 -11 3 4 25

0 28 34 4 -11 5 12 9

0 10 18 17 -2 0 14 4

0 19 26 22 -20 2 3 1

0 15 46 90 -2 38 40 1

0 45 52 63 -20 15 25 8

0 28 50 2 -1 6 22 46

0 19 35 62 -10 3 5 45

0 65 71 66 -6 33 42 29

0 26 39 5 -1 9 10 39

0 46 90 87 -10 12 18 19

0 14 22 42 -5 14 49 11

0 8 27 90 -1 32 41 22

0 57 64 44 -6 27 31 19

0 10 71 8 -10 12 21 13

0 24 31 67 -12 30 47 37

0 46 64 3 -11 9 42 39

0 3 49 94 -6 34 48 41

0 8 21 61 -3 15 39 32

0 31 33 69 -6 10 35 32

0 10 91 23 -11 32 38 29

0 4 9 81 -2 8 13 25

0 8 51 44 -5 32 33 16

0 10 78 19 -20 4 10 44

0 48 52 5 -14 2 43 32

0 7 20 83 -19 13 37 45

0 48 55 48 -3 26 32 0

0 11 28 26 -8 28 35 24

0 3 65 98 -14 5 24 28

0 23 34 0 -12 20 22 36

0 12 15 31 -18 0 13 13

0 16 70 9 -14 32 35 28

0 19 58 58 -15 38 42 3

0 20 27 8 -9 12 26 29

0 12 16 36 -3 31 39 34

0 27 31 11 -5 12 18 38

0 42 88 88 -2 0 1 32

0 72 83 37 -9 30 36 25

0 9 83 30 -4 5 45 1

0 10 22 49 -20 12 25 12

0 26 32 55 -14 8 24 2

0 13 81 4 -7 11 15 13

0 6 18 39 -18 1 12 33

0 7 22 55 -8 15 16 35

0 56 80 86 -15 31 44 44

0 0 16 91 -19 29 45 30

0 6 9 19 -1 6 18 30

0 6 9 39 -12 6 7 35

0 1 4 1 -13 7 22 26

0 4 11 37 -7 14 21 4

0 1 10 76 -17 20 43 43

0 4 12 56 -1 5 31 15

0 6 9 18 -15 46 49 3

0 2 20 37 -1 7 26 49

0 1 13 99 -18 2 41 25

0 10 23 45 -9 1 4 40

0 8 12 39 -18 7 21 31


SAlphaB: 696.0, std-dev 266.1092169646428

Earliest win: 37
Latest win: 81

WinDepth:
0 0 0 0 0 0 0 0 0 0 0 0 0 0 0 0 0 0 0 0 0 0 0 0 0 0 0 0 0 0 0 0 0 0 0 0 0 6 2 7 1 4 0 24 7 22 8 37 18 82 83 164 100 132 96 166 122 196 132 182 159 208 216 311 305 366 373 426 446 435 439 472 439 423 401 350 260 223 166 144 101 82 
SAlphaB:
0 0 0 0 0 0 0 0 0 0 0 0 0 0 0 0 0 0 0 0 0 0 0 0 0 0 0 0 0 0 0 0 0 0 0 0 0 6 2 7 1 4 0 24 7 22 8 37 18 82 83 164 100 132 96 166 122 196 132 182 159 208 216 311 305 366 373 426 446 435 439 472 439 423 401 350 260 223 166 144 101 82 

LossDepth:
SAlphaB:
0 0 0 0 0 0 0 0 0 0 0 0 0 0 0 0 0 0 0 0 0 0 0 0 0 0 0 0 0 0 0 0 0 0 0 0 0 6 2 7 1 4 0 24 7 22 8 37 18 82 83 164 100 132 96 166 122 196 132 182 159 208 216 311 305 366 373 426 446 435 439 472 439 423 401 350 260 223 166 144 101 82 

FirstWin:
0 0 0 0 0 0 0 0 0 0 0 0 0 0 0 0 0 0 0 0 0 0 0 0 0 0 0 0 0 0 0 0 0 0 0 0 0 6 0 7 0 4 0 24 0 22 0 37 0 82 0 164 0 132 0 166 0 196 0 182 0 208 0 311 0 366 0 426 0 435 0 472 0 423 0 350 0 223 0 144 0 82 
SAlphaB:
0 0 0 0 0 0 0 0 0 0 0 0 0 0 0 0 0 0 0 0 0 0 0 0 0 0 0 0 0 0 0 0 0 0 0 0 0 6 0 7 0 4 0 24 0 22 0 37 0 82 0 164 0 132 0 166 0 196 0 182 0 208 0 311 0 366 0 426 0 435 0 472 0 423 0 350 0 223 0 144 0 82 

SecondWin:
0 0 0 0 0 0 0 0 0 0 0 0 0 0 0 0 0 0 0 0 0 0 0 0 0 0 0 0 0 0 0 0 0 0 0 0 0 0 2 0 1 0 0 0 7 0 8 0 18 0 83 0 100 0 96 0 122 0 132 0 159 0 216 0 305 0 373 0 446 0 439 0 439 0 401 0 260 0 166 0 101 0 
SAlphaB:
0 0 0 0 0 0 0 0 0 0 0 0 0 0 0 0 0 0 0 0 0 0 0 0 0 0 0 0 0 0 0 0 0 0 0 0 0 0 2 0 1 0 0 0 7 0 8 0 18 0 83 0 100 0 96 0 122 0 132 0 159 0 216 0 305 0 373 0 446 0 439 0 439 0 401 0 260 0 166 0 101 0 
