0 11 93 57 -3 0 3 0

0 29 85 54 -3 5 46 21

0 48 99 47 -8 3 12 17

0 60 88 94 -13 13 28 15

0 1 90 71 -9 9 31 19

0 31 33 94 -5 4 15 5

0 50 70 23 -18 2 5 10

0 65 93 38 -16 5 10 8

0 42 62 52 -6 1 33 8

0 0 97 92 -6 30 35 49

0 49 79 60 -2 2 40 15

0 13 50 32 -20 30 38 21

0 72 74 16 -20 4 41 30

0 72 95 87 -7 4 46 5

0 6 41 71 -14 8 21 27

0 66 99 96 -12 7 17 36

0 38 93 43 -8 0 4 30

0 39 52 49 -12 5 7 36

0 38 64 52 -14 8 44 17

0 40 43 38 -5 8 37 23

0 32 56 76 -16 31 32 13

0 79 98 17 -9 21 33 7

0 68 72 30 -13 34 35 37

0 18 40 92 -1 16 38 42

0 36 38 75 -5 29 41 25

0 5 71 90 -10 22 46 42

0 24 40 33 -11 30 33 5

0 12 15 45 -7 3 4 7

0 9 15 44 -13 4 5 13

0 29 57 0 -18 0 1 3

0 0 62 59 -11 0 4 3

0 74 85 36 -2 37 40 14

0 51 72 63 -15 7 42 27

0 29 41 86 -10 0 2 9

0 6 88 23 -11 30 34 12

0 60 92 18 -4 32 48 22

0 49 90 44 -8 7 47 33

0 73 77 59 -7 12 23 49

0 65 91 92 -6 25 48 8

0 22 80 41 -17 14 35 10

0 10 95 30 -9 9 36 27

0 40 92 97 -13 18 35 42

0 1 75 97 -7 2 5 49

0 28 66 94 -5 2 35 23

0 32 73 23 -18 34 35 26

0 13 43 97 -8 9 20 1

0 12 18 63 -17 11 27 44

0 83 97 55 -17 23 24 49

0 6 16 77 -1 30 33 13

0 1 71 64 -3 2 20 13

0 93 96 9 -16 4 7 38

0 32 39 7 -6 7 30 1

0 16 20 77 -12 1 36 7

0 64 67 4 -3 1 6 41

0 56 71 91 -17 26 46 32

0 39 70 52 -5 0 2 24

0 6 83 5 -13 1 33 24

0 16 97 33 -12 17 20 19

0 38 56 36 -5 0 2 39

0 24 51 43 -5 8 44 44

0 14 61 70 -13 15 25 19

0 51 55 89 -20 28 48 20

0 53 66 20 -10 0 3 41

0 8 32 13 -16 3 14 24

0 1 29 87 -13 24 28 48

0 18 58 13 -11 15 21 27

0 46 54 4 -16 14 18 16

0 51 60 24 -17 45 47 36

0 11 17 43 -15 2 24 9

0 10 28 36 -11 16 18 37

0 18 58 23 -18 4 43 43

0 12 41 20 -3 0 3 46

0 13 91 15 -2 26 34 47

0 16 32 86 -11 11 14 16

0 11 15 9 -17 11 36 39

0 1 12 17 -12 10 38 49

0 5 16 29 -2 10 11 20

0 2 26 45 -6 4 36 21

0 6 12 34 -16 16 47 12

0 16 72 30 -9 9 45 47

0 4 15 11 -7 33 41 24

0 1 10 30 -4 39 48 12

0 23 35 28 -18 4 47 24

0 14 18 30 -18 22 45 10

0 2 7 48 -9 8 21 35

0 0 3 31 -14 29 41 47

0 0 2 65 -2 10 11 33

0 1 3 14 -16 19 25 2

0 0 27 89 -20 21 27 6

0 13 20 87 -5 7 49 45

0 6 10 87 -17 13 33 9

0 9 37 75 -8 4 30 40

0 0 5 43 -18 25 41 32

0 1 8 63 -9 14 36 10

0 11 13 90 -17 7 31 6

0 2 9 57 -7 2 34 7

0 0 4 9 -1 0 6 13

0 2 18 40 -10 21 33 26

0 11 39 43 -6 33 48 3

0 0 2 34 -4 19 23 12


SAlphaB: 727.0, std-dev 260.41194104803265

Earliest win: 37
Latest win: 81

WinDepth:
0 0 0 0 0 0 0 0 0 0 0 0 0 0 0 0 0 0 0 0 0 0 0 0 0 0 0 0 0 0 0 0 0 0 0 0 0 1 0 0 15 0 2 16 12 19 9 43 28 28 82 247 97 119 93 155 129 167 142 164 187 177 243 334 349 352 351 356 432 446 418 478 433 405 411 351 279 262 177 144 94 75 
SAlphaB:
0 0 0 0 0 0 0 0 0 0 0 0 0 0 0 0 0 0 0 0 0 0 0 0 0 0 0 0 0 0 0 0 0 0 0 0 0 1 0 0 15 0 2 16 12 19 9 43 28 28 82 247 97 119 93 155 129 167 142 164 187 177 243 334 349 352 351 356 432 446 418 478 433 405 411 351 279 262 177 144 94 75 

LossDepth:
SAlphaB:
0 0 0 0 0 0 0 0 0 0 0 0 0 0 0 0 0 0 0 0 0 0 0 0 0 0 0 0 0 0 0 0 0 0 0 0 0 1 0 0 15 0 2 16 12 19 9 43 28 28 82 247 97 119 93 155 129 167 142 164 187 177 243 334 349 352 351 356 432 446 418 478 433 405 411 351 279 262 177 144 94 75 

FirstWin:
0 0 0 0 0 0 0 0 0 0 0 0 0 0 0 0 0 0 0 0 0 0 0 0 0 0 0 0 0 0 0 0 0 0 0 0 0 1 0 0 0 0 0 16 0 19 0 43 0 28 0 247 0 119 0 155 0 167 0 164 0 177 0 334 0 352 0 356 0 446 0 478 0 405 0 351 0 262 0 144 0 75 
SAlphaB:
0 0 0 0 0 0 0 0 0 0 0 0 0 0 0 0 0 0 0 0 0 0 0 0 0 0 0 0 0 0 0 0 0 0 0 0 0 1 0 0 0 0 0 16 0 19 0 43 0 28 0 247 0 119 0 155 0 167 0 164 0 177 0 334 0 352 0 356 0 446 0 478 0 405 0 351 0 262 0 144 0 75 

SecondWin:
0 0 0 0 0 0 0 0 0 0 0 0 0 0 0 0 0 0 0 0 0 0 0 0 0 0 0 0 0 0 0 0 0 0 0 0 0 0 0 0 15 0 2 0 12 0 9 0 28 0 82 0 97 0 93 0 129 0 142 0 187 0 243 0 349 0 351 0 432 0 418 0 433 0 411 0 279 0 177 0 94 0 
SAlphaB:
0 0 0 0 0 0 0 0 0 0 0 0 0 0 0 0 0 0 0 0 0 0 0 0 0 0 0 0 0 0 0 0 0 0 0 0 0 0 0 0 15 0 2 0 12 0 9 0 28 0 82 0 97 0 93 0 129 0 142 0 187 0 243 0 349 0 351 0 432 0 418 0 433 0 411 0 279 0 177 0 94 0 
