0 25 81 41 -4 2 9 18

0 27 69 10 -11 1 11 9

0 36 60 18 -3 5 16 25

0 15 55 57 -16 0 1 6

0 37 84 27 -17 1 9 25

0 1 91 71 -13 9 26 25

0 35 93 23 -18 3 7 43

0 67 86 57 -8 3 17 10

0 78 99 32 -4 14 18 11

0 4 93 55 -1 10 18 14

0 42 96 51 -9 21 49 4

0 29 57 22 -16 0 14 39

0 73 83 71 -6 14 34 29

0 4 23 41 -4 2 5 5

0 44 76 45 -18 1 17 41

0 40 47 19 -4 12 34 2

0 30 52 78 -20 18 32 7

0 41 59 81 -19 0 1 5

0 28 41 23 -9 1 2 6

0 34 51 36 -14 0 18 27

0 33 38 18 -15 1 3 14

0 78 94 29 -19 2 14 18

0 7 58 55 -16 8 9 10

0 8 71 68 -4 1 3 29

0 69 89 45 -8 1 5 21

0 27 55 26 -9 16 18 42

0 60 77 66 -6 1 4 41

0 39 52 86 -20 5 21 22

0 28 67 5 -11 1 40 1

0 44 60 69 -13 6 8 4

0 6 19 93 -10 6 17 19

0 13 57 25 -10 10 21 14

0 33 93 67 -18 19 24 18

0 12 18 25 -9 4 10 37

0 19 39 95 -3 34 41 34

0 34 36 27 -14 0 1 40

0 23 51 55 -4 17 18 18

0 40 52 60 -12 10 11 3

0 14 53 31 -8 31 42 24

0 9 69 88 -5 40 46 14

0 81 90 2 -4 15 32 44

0 25 40 29 -5 12 13 29

0 25 99 52 -1 18 19 30

0 24 69 9 -16 17 41 10

0 6 70 48 -9 0 25 38

0 2 51 34 -12 28 34 0

0 36 65 53 -2 0 5 33

0 36 38 62 -5 1 25 45

0 8 37 51 -6 1 2 47

0 53 78 66 -19 25 30 33

0 7 77 92 -10 14 18 0

0 11 76 83 -14 27 46 23

0 50 75 81 -7 29 44 29

0 5 42 39 -17 16 30 36

0 33 40 21 -1 19 22 29

0 14 22 86 -2 11 39 9

0 57 61 54 -19 19 34 43

0 10 38 21 -19 1 7 19

0 19 50 38 -17 7 49 44

0 7 51 56 -8 1 9 16

0 42 88 29 -6 23 40 37

0 15 55 17 -20 4 10 30

0 27 53 11 -18 9 13 0

0 30 32 52 -3 13 37 34

0 8 85 29 -12 1 37 46

0 3 7 31 -20 32 49 14

0 0 32 12 -14 1 15 19

0 0 8 76 -10 45 48 26

0 32 47 24 -17 19 26 47

0 15 50 18 -16 19 21 27

0 22 99 4 -3 36 38 0

0 10 16 10 -2 11 25 20

0 6 16 71 -14 28 45 8

0 5 26 31 -1 14 48 41

0 3 5 60 -10 20 21 38

0 9 19 34 -10 2 38 9

0 18 20 37 -18 19 32 27

0 17 22 47 -7 13 31 41

0 30 34 72 -9 5 48 35

0 0 7 91 -3 11 12 0

0 0 1 97 -1 25 45 36

0 36 65 1 -20 28 41 37

0 29 33 27 -8 1 6 47

0 5 65 70 -11 1 49 35

0 9 16 88 -13 42 49 20

0 0 8 76 -2 0 2 21

0 8 18 59 -19 0 33 21

0 6 43 4 -2 27 31 37

0 9 61 13 -20 27 37 15

0 6 30 46 -2 33 45 8

0 6 13 15 -16 17 27 35

0 0 5 14 -1 21 30 5

0 6 16 48 -2 22 34 2

0 4 32 11 -2 14 22 44

0 13 49 30 -9 0 39 49

0 10 41 50 -19 17 43 7

0 9 28 1 -8 1 35 41

0 4 13 16 -15 2 29 18

0 0 3 97 -7 0 3 21

0 2 3 16 -2 44 46 42


SAlphaB: 713.0, std-dev 258.90609984191866

Earliest win: 36
Latest win: 81

WinDepth:
0 0 0 0 0 0 0 0 0 0 0 0 0 0 0 0 0 0 0 0 0 0 0 0 0 0 0 0 0 0 0 0 0 0 0 0 2 0 0 0 2 0 5 10 6 9 15 23 24 77 109 247 76 121 98 152 120 157 173 163 145 218 232 316 324 361 403 376 432 428 438 470 434 407 385 332 268 263 172 135 100 79 
SAlphaB:
0 0 0 0 0 0 0 0 0 0 0 0 0 0 0 0 0 0 0 0 0 0 0 0 0 0 0 0 0 0 0 0 0 0 0 0 2 0 0 0 2 0 5 10 6 9 15 23 24 77 109 247 76 121 98 152 120 157 173 163 145 218 232 316 324 361 403 376 432 428 438 470 434 407 385 332 268 263 172 135 100 79 

LossDepth:
SAlphaB:
0 0 0 0 0 0 0 0 0 0 0 0 0 0 0 0 0 0 0 0 0 0 0 0 0 0 0 0 0 0 0 0 0 0 0 0 2 0 0 0 2 0 5 10 6 9 15 23 24 77 109 247 76 121 98 152 120 157 173 163 145 218 232 316 324 361 403 376 432 428 438 470 434 407 385 332 268 263 172 135 100 79 

FirstWin:
0 0 0 0 0 0 0 0 0 0 0 0 0 0 0 0 0 0 0 0 0 0 0 0 0 0 0 0 0 0 0 0 0 0 0 0 0 0 0 0 0 0 0 10 0 9 0 23 0 77 0 247 0 121 0 152 0 157 0 163 0 218 0 316 0 361 0 376 0 428 0 470 0 407 0 332 0 263 0 135 0 79 
SAlphaB:
0 0 0 0 0 0 0 0 0 0 0 0 0 0 0 0 0 0 0 0 0 0 0 0 0 0 0 0 0 0 0 0 0 0 0 0 0 0 0 0 0 0 0 10 0 9 0 23 0 77 0 247 0 121 0 152 0 157 0 163 0 218 0 316 0 361 0 376 0 428 0 470 0 407 0 332 0 263 0 135 0 79 

SecondWin:
0 0 0 0 0 0 0 0 0 0 0 0 0 0 0 0 0 0 0 0 0 0 0 0 0 0 0 0 0 0 0 0 0 0 0 0 2 0 0 0 2 0 5 0 6 0 15 0 24 0 109 0 76 0 98 0 120 0 173 0 145 0 232 0 324 0 403 0 432 0 438 0 434 0 385 0 268 0 172 0 100 0 
SAlphaB:
0 0 0 0 0 0 0 0 0 0 0 0 0 0 0 0 0 0 0 0 0 0 0 0 0 0 0 0 0 0 0 0 0 0 0 0 2 0 0 0 2 0 5 0 6 0 15 0 24 0 109 0 76 0 98 0 120 0 173 0 145 0 232 0 324 0 403 0 432 0 438 0 434 0 385 0 268 0 172 0 100 0 
