0 60 76 31 -7 8 12 1

0 33 38 72 -13 12 30 3

0 4 63 86 -16 6 12 10

0 62 93 67 -19 1 4 1

0 28 95 41 -20 8 27 43

0 42 66 95 -7 7 15 14

0 28 79 8 -10 3 34 3

0 54 84 12 -4 3 9 21

0 57 92 5 -20 6 9 38

0 44 80 80 -10 0 17 5

0 14 59 33 -11 35 36 20

0 13 67 79 -11 9 33 32

0 31 57 30 -2 13 27 34

0 54 86 78 -2 30 31 36

0 52 59 36 -20 11 34 38

0 13 74 69 -3 24 30 22

0 23 61 4 -19 2 7 40

0 47 60 29 -1 4 38 26

0 31 47 59 -1 4 30 28

0 60 83 55 -2 9 30 44

0 81 82 28 -1 6 23 2

0 40 51 85 -9 10 16 45

0 71 92 11 -19 13 28 27

0 18 89 53 -13 27 47 17

0 2 90 95 -7 29 35 8

0 43 61 67 -8 3 4 49

0 45 61 20 -5 7 27 41

0 13 38 0 -6 26 28 7

0 33 53 44 -13 2 4 48

0 46 57 58 -19 13 47 28

0 6 47 74 -10 10 18 41

0 1 66 57 -20 33 40 23

0 25 97 39 -12 7 14 28

0 25 36 27 -10 8 30 34

0 81 91 4 -8 5 16 40

0 6 34 25 -8 19 31 20

0 0 3 43 -15 0 2 13

0 12 73 56 -11 1 34 11

0 15 30 92 -17 11 12 14

0 65 66 91 -10 29 49 0

0 64 66 6 -13 27 46 24

0 49 50 60 -19 0 20 8

0 57 92 82 -8 24 49 13

0 47 52 21 -10 16 23 45

0 6 61 57 -16 13 36 7

0 29 95 51 -16 8 36 0

0 8 61 56 -8 13 46 8

0 26 83 53 -15 12 15 2

0 25 60 31 -1 14 20 3

0 33 58 21 -9 4 6 49

0 66 75 82 -10 36 49 28

0 4 41 94 -14 21 29 42

0 19 80 11 -12 31 42 6

0 12 59 70 -10 6 33 10

0 11 74 14 -2 4 20 38

0 2 4 13 -6 4 15 16

0 71 77 33 -2 2 5 19

0 6 32 5 -6 39 47 11

0 10 37 73 -5 13 14 24

0 64 93 95 -10 42 45 15

0 1 24 40 -16 9 40 19

0 4 22 68 -13 3 11 21

0 6 30 54 -7 12 27 38

0 12 20 96 -3 18 32 28

0 2 15 25 -6 11 18 33

0 38 41 93 -4 5 6 46

0 92 95 33 -10 28 34 14

0 5 17 80 -13 1 13 9

0 4 74 84 -8 6 14 33

0 31 69 75 -14 35 44 8

0 3 69 90 -12 12 34 42

0 13 23 16 -10 2 21 25

0 26 53 51 -4 26 49 40

0 8 11 48 -4 0 6 11

0 0 6 19 -20 24 34 13

0 3 5 2 -7 8 24 7

0 1 10 64 -20 31 45 12

0 1 91 2 -14 6 46 46

0 18 66 63 -14 44 46 40

0 0 19 29 -3 9 35 17

0 12 17 42 -15 3 38 18

0 3 18 86 -18 5 39 47

0 8 17 58 -1 2 8 43

0 11 12 3 -6 8 44 2

0 15 31 32 -10 11 40 5

0 18 27 11 -9 14 20 41

0 12 25 35 -3 16 22 33

0 1 3 73 -8 7 40 21

0 1 3 57 -10 16 37 36

0 1 11 18 -18 22 34 32

0 11 28 77 -11 4 42 28

0 1 38 8 -6 9 12 49

0 5 13 56 -1 3 22 29

0 14 21 0 -10 4 36 27

0 1 19 24 -16 1 4 38

0 11 32 37 -4 2 30 47

0 4 5 40 -14 7 10 17

0 2 9 1 -4 8 41 37

0 7 17 21 -17 1 13 46

0 3 13 61 -11 1 30 17


SAlphaB: 747.0, std-dev 283.0857081906789

Earliest win: 37
Latest win: 81

WinDepth:
0 0 0 0 0 0 0 0 0 0 0 0 0 0 0 0 0 0 0 0 0 0 0 0 0 0 0 0 0 0 0 0 0 0 0 0 0 2 0 5 2 3 2 19 8 19 11 25 49 62 97 199 121 102 77 176 123 185 116 216 156 273 233 325 297 404 371 381 423 441 438 434 413 356 356 351 254 242 195 169 83 81 
SAlphaB:
0 0 0 0 0 0 0 0 0 0 0 0 0 0 0 0 0 0 0 0 0 0 0 0 0 0 0 0 0 0 0 0 0 0 0 0 0 2 0 5 2 3 2 19 8 19 11 25 49 62 97 199 121 102 77 176 123 185 116 216 156 273 233 325 297 404 371 381 423 441 438 434 413 356 356 351 254 242 195 169 83 81 

LossDepth:
SAlphaB:
0 0 0 0 0 0 0 0 0 0 0 0 0 0 0 0 0 0 0 0 0 0 0 0 0 0 0 0 0 0 0 0 0 0 0 0 0 2 0 5 2 3 2 19 8 19 11 25 49 62 97 199 121 102 77 176 123 185 116 216 156 273 233 325 297 404 371 381 423 441 438 434 413 356 356 351 254 242 195 169 83 81 

FirstWin:
0 0 0 0 0 0 0 0 0 0 0 0 0 0 0 0 0 0 0 0 0 0 0 0 0 0 0 0 0 0 0 0 0 0 0 0 0 2 0 5 0 3 0 19 0 19 0 25 0 62 0 199 0 102 0 176 0 185 0 216 0 273 0 325 0 404 0 381 0 441 0 434 0 356 0 351 0 242 0 169 0 81 
SAlphaB:
0 0 0 0 0 0 0 0 0 0 0 0 0 0 0 0 0 0 0 0 0 0 0 0 0 0 0 0 0 0 0 0 0 0 0 0 0 2 0 5 0 3 0 19 0 19 0 25 0 62 0 199 0 102 0 176 0 185 0 216 0 273 0 325 0 404 0 381 0 441 0 434 0 356 0 351 0 242 0 169 0 81 

SecondWin:
0 0 0 0 0 0 0 0 0 0 0 0 0 0 0 0 0 0 0 0 0 0 0 0 0 0 0 0 0 0 0 0 0 0 0 0 0 0 0 0 2 0 2 0 8 0 11 0 49 0 97 0 121 0 77 0 123 0 116 0 156 0 233 0 297 0 371 0 423 0 438 0 413 0 356 0 254 0 195 0 83 0 
SAlphaB:
0 0 0 0 0 0 0 0 0 0 0 0 0 0 0 0 0 0 0 0 0 0 0 0 0 0 0 0 0 0 0 0 0 0 0 0 0 0 0 0 2 0 2 0 8 0 11 0 49 0 97 0 121 0 77 0 123 0 116 0 156 0 233 0 297 0 371 0 423 0 438 0 413 0 356 0 254 0 195 0 83 0 
