0 40 97 15 -9 2 28 23

0 40 57 81 -16 14 29 4

0 72 75 67 -19 5 11 25

0 48 80 12 -8 2 7 35

0 66 78 95 -12 2 8 9

0 69 88 55 -18 6 49 16

0 81 97 96 -6 23 49 18

0 49 75 60 -6 3 44 24

0 23 61 71 -15 7 8 39

0 32 49 35 -9 12 26 10

0 72 91 85 -10 11 25 4

0 17 85 14 -12 4 9 38

0 38 69 59 -5 5 13 27

0 57 67 33 -4 16 17 6

0 34 72 43 -16 1 33 3

0 79 81 69 -17 7 11 20

0 21 84 35 -6 4 10 13

0 34 50 2 -10 5 22 2

0 29 30 41 -3 0 8 0

0 6 26 7 -11 2 15 17

0 18 70 32 -15 0 1 37

0 23 76 70 -12 29 47 25

0 10 66 48 -18 8 12 19

0 57 81 24 -20 14 40 34

0 52 90 93 -19 20 34 15

0 33 62 53 -15 12 40 14

0 40 62 19 -19 4 33 49

0 4 50 92 -13 5 8 0

0 13 95 71 -12 0 21 11

0 88 98 37 -18 0 28 13

0 45 73 97 -15 25 44 49

0 42 59 35 -18 14 21 14

0 14 85 76 -17 25 44 4

0 14 34 37 -16 22 48 48

0 28 57 98 -15 13 25 44

0 19 61 31 -12 13 27 21

0 5 6 58 -4 3 6 13

0 22 66 75 -16 17 34 34

0 40 58 37 -18 41 46 22

0 6 56 86 -13 23 45 21

0 2 10 70 -13 0 2 1

0 4 74 68 -18 7 28 17

0 4 85 26 -12 8 36 39

0 67 75 16 -19 14 46 13

0 7 77 40 -9 0 16 33

0 84 88 84 -9 17 23 1

0 13 94 31 -12 38 42 7

0 4 82 87 -12 9 19 48

0 5 51 39 -20 19 44 16

0 8 31 60 -10 11 13 34

0 64 89 11 -12 28 29 17

0 34 72 25 -14 6 44 32

0 83 95 15 -20 25 40 0

0 31 43 18 -5 17 43 7

0 2 20 17 -2 13 19 12

0 8 16 55 -16 5 16 19

0 7 49 55 -17 10 13 34

0 58 84 73 -14 24 43 5

0 16 79 57 -19 13 14 18

0 27 44 70 -9 43 48 26

0 22 82 21 -1 5 35 39

0 76 85 13 -13 26 46 16

0 12 64 19 -6 1 18 44

0 16 36 77 -16 2 4 11

0 31 39 43 -19 24 30 34

0 34 51 68 -16 21 23 45

0 65 71 27 -15 40 43 23

0 16 18 38 -16 1 13 13

0 1 44 0 -8 13 17 35

0 22 71 58 -9 28 47 48

0 2 33 56 -9 1 39 37

0 6 11 79 -17 11 27 14

0 21 48 14 -19 14 24 30

0 4 18 71 -13 17 38 6

0 3 41 90 -13 25 27 36

0 30 31 90 -7 4 35 11

0 2 7 18 -10 5 19 34

0 21 54 41 -4 34 39 48

0 16 36 92 -14 23 43 28

0 0 5 75 -5 2 21 19

0 0 4 99 -19 11 40 3

0 1 64 20 -17 26 47 41

0 23 39 3 -3 4 41 39

0 4 13 62 -11 3 26 8

0 1 2 64 -12 0 5 33

0 9 17 16 -12 13 40 42

0 3 4 52 -13 14 32 47

0 3 13 39 -3 26 35 0

0 3 26 2 -4 21 36 8

0 7 59 27 -12 22 42 41

0 6 18 19 -12 4 30 49

0 19 20 40 -1 26 33 40

0 5 25 59 -1 32 49 38

0 7 12 5 -13 20 42 22

0 4 16 99 -9 2 11 10

0 3 15 65 -9 8 16 18

0 2 4 8 -16 3 25 2

0 3 5 46 -4 37 49 6

0 4 5 11 -3 8 9 35

0 0 1 23 -6 7 8 23


SAlphaB: 706.0, std-dev 261.751861058669

Earliest win: 37
Latest win: 81

WinDepth:
0 0 0 0 0 0 0 0 0 0 0 0 0 0 0 0 0 0 0 0 0 0 0 0 0 0 0 0 0 0 0 0 0 0 0 0 0 2 2 5 2 0 1 1 10 17 12 31 28 65 44 159 73 113 86 184 118 173 139 196 175 244 293 338 334 361 397 438 468 403 422 511 413 398 396 376 246 216 165 131 84 67 
SAlphaB:
0 0 0 0 0 0 0 0 0 0 0 0 0 0 0 0 0 0 0 0 0 0 0 0 0 0 0 0 0 0 0 0 0 0 0 0 0 2 2 5 2 0 1 1 10 17 12 31 28 65 44 159 73 113 86 184 118 173 139 196 175 244 293 338 334 361 397 438 468 403 422 511 413 398 396 376 246 216 165 131 84 67 

LossDepth:
SAlphaB:
0 0 0 0 0 0 0 0 0 0 0 0 0 0 0 0 0 0 0 0 0 0 0 0 0 0 0 0 0 0 0 0 0 0 0 0 0 2 2 5 2 0 1 1 10 17 12 31 28 65 44 159 73 113 86 184 118 173 139 196 175 244 293 338 334 361 397 438 468 403 422 511 413 398 396 376 246 216 165 131 84 67 

FirstWin:
0 0 0 0 0 0 0 0 0 0 0 0 0 0 0 0 0 0 0 0 0 0 0 0 0 0 0 0 0 0 0 0 0 0 0 0 0 2 0 5 0 0 0 1 0 17 0 31 0 65 0 159 0 113 0 184 0 173 0 196 0 244 0 338 0 361 0 438 0 403 0 511 0 398 0 376 0 216 0 131 0 67 
SAlphaB:
0 0 0 0 0 0 0 0 0 0 0 0 0 0 0 0 0 0 0 0 0 0 0 0 0 0 0 0 0 0 0 0 0 0 0 0 0 2 0 5 0 0 0 1 0 17 0 31 0 65 0 159 0 113 0 184 0 173 0 196 0 244 0 338 0 361 0 438 0 403 0 511 0 398 0 376 0 216 0 131 0 67 

SecondWin:
0 0 0 0 0 0 0 0 0 0 0 0 0 0 0 0 0 0 0 0 0 0 0 0 0 0 0 0 0 0 0 0 0 0 0 0 0 0 2 0 2 0 1 0 10 0 12 0 28 0 44 0 73 0 86 0 118 0 139 0 175 0 293 0 334 0 397 0 468 0 422 0 413 0 396 0 246 0 165 0 84 0 
SAlphaB:
0 0 0 0 0 0 0 0 0 0 0 0 0 0 0 0 0 0 0 0 0 0 0 0 0 0 0 0 0 0 0 0 0 0 0 0 0 0 2 0 2 0 1 0 10 0 12 0 28 0 44 0 73 0 86 0 118 0 139 0 175 0 293 0 334 0 397 0 468 0 422 0 413 0 396 0 246 0 165 0 84 0 
