0 33 63 63 -10 3 13 16

0 1 75 95 -20 18 35 46

0 49 63 35 -17 0 20 11

0 29 88 39 -11 0 20 31

0 33 69 2 -17 5 7 38

0 27 95 91 -1 0 24 16

0 32 91 29 -10 1 3 23

0 37 66 69 -3 7 37 2

0 66 96 55 -17 1 43 19

0 59 81 12 -5 21 44 3

0 28 41 9 -8 6 10 10

0 94 98 21 -14 10 24 25

0 68 96 13 -14 10 47 7

0 59 91 23 -16 2 25 25

0 12 94 50 -3 21 23 21

0 67 75 51 -4 13 26 7

0 56 66 25 -7 7 33 40

0 47 61 67 -15 4 10 37

0 13 31 31 -6 5 6 39

0 39 45 87 -10 14 29 26

0 17 29 90 -16 2 5 23

0 32 65 91 -9 4 45 6

0 22 53 79 -7 0 1 28

0 16 32 38 -13 1 2 32

0 48 62 69 -18 5 34 23

0 26 89 56 -12 3 4 4

0 5 52 10 -15 6 22 9

0 22 84 73 -2 9 20 40

0 3 82 56 -11 9 28 13

0 25 59 97 -5 16 17 44

0 88 92 17 -11 1 43 15

0 50 57 87 -4 6 9 17

0 35 48 65 -7 26 29 24

0 14 67 82 -9 0 28 20

0 32 54 67 -13 45 47 7

0 46 61 38 -10 16 31 23

0 22 30 98 -17 10 22 32

0 59 61 11 -11 17 46 10

0 28 80 86 -12 3 29 8

0 3 67 64 -3 18 25 17

0 87 93 21 -15 27 44 13

0 48 49 60 -5 2 8 23

0 4 50 12 -3 2 22 22

0 8 24 35 -5 11 20 19

0 16 54 35 -1 27 30 31

0 53 54 88 -13 9 35 33

0 2 97 53 -3 0 8 20

0 4 91 94 -7 1 5 31

0 26 65 9 -4 11 12 6

0 26 76 63 -6 20 25 15

0 35 47 73 -13 7 30 43

0 30 82 37 -18 15 21 46

0 27 49 26 -5 24 25 27

0 10 24 60 -19 4 5 21

0 2 71 97 -2 8 21 43

0 60 65 22 -8 5 44 35

0 77 92 86 -13 17 23 34

0 12 25 87 -18 4 23 18

0 19 39 63 -6 8 27 49

0 18 48 12 -4 45 48 13

0 69 70 16 -9 15 25 47

0 22 37 93 -1 17 44 19

0 35 40 12 -2 0 12 23

0 53 70 8 -17 0 17 28

0 1 30 92 -6 0 1 10

0 36 53 8 -4 1 23 42

0 11 32 84 -8 0 2 34

0 34 67 16 -6 19 47 20

0 12 70 61 -2 25 31 8

0 25 27 90 -13 18 23 47

0 8 35 90 -14 17 18 13

0 8 11 80 -1 29 30 5

0 10 18 81 -15 22 32 13

0 46 83 17 -12 24 27 15

0 5 10 93 -20 14 26 27

0 30 47 56 -8 2 8 43

0 11 44 58 -2 1 2 32

0 30 37 86 -18 19 34 36

0 15 17 13 -7 1 23 31

0 0 9 27 -8 3 19 21

0 12 15 77 -1 13 32 28

0 9 12 12 -8 21 24 43

0 10 11 41 -2 11 34 40

0 8 11 20 -13 0 42 7

0 5 17 50 -6 13 17 32

0 27 59 50 -20 26 44 46

0 15 56 77 -15 16 19 8

0 3 20 22 -12 3 18 37

0 0 11 3 -11 32 45 48

0 7 17 90 -6 10 20 39

0 1 24 1 -13 3 17 24

0 0 4 6 -14 9 13 38

0 3 14 71 -14 22 42 40

0 40 49 48 -16 31 45 48

0 0 1 74 -13 28 34 8

0 9 10 58 -14 25 31 47

0 8 49 40 -11 4 26 36

0 3 16 32 -6 13 22 43

0 1 6 11 -2 10 15 38

0 10 12 24 -13 16 30 42


SAlphaB: 711.0, std-dev 267.42741023962884

Earliest win: 35
Latest win: 81

WinDepth:
0 0 0 0 0 0 0 0 0 0 0 0 0 0 0 0 0 0 0 0 0 0 0 0 0 0 0 0 0 0 0 0 0 0 0 1 0 0 0 7 7 8 0 9 13 41 15 51 27 63 75 247 86 133 91 180 122 194 126 174 176 271 251 288 309 374 380 379 430 390 432 459 393 388 425 368 270 209 181 133 111 70 
SAlphaB:
0 0 0 0 0 0 0 0 0 0 0 0 0 0 0 0 0 0 0 0 0 0 0 0 0 0 0 0 0 0 0 0 0 0 0 1 0 0 0 7 7 8 0 9 13 41 15 51 27 63 75 247 86 133 91 180 122 194 126 174 176 271 251 288 309 374 380 379 430 390 432 459 393 388 425 368 270 209 181 133 111 70 

LossDepth:
SAlphaB:
0 0 0 0 0 0 0 0 0 0 0 0 0 0 0 0 0 0 0 0 0 0 0 0 0 0 0 0 0 0 0 0 0 0 0 1 0 0 0 7 7 8 0 9 13 41 15 51 27 63 75 247 86 133 91 180 122 194 126 174 176 271 251 288 309 374 380 379 430 390 432 459 393 388 425 368 270 209 181 133 111 70 

FirstWin:
0 0 0 0 0 0 0 0 0 0 0 0 0 0 0 0 0 0 0 0 0 0 0 0 0 0 0 0 0 0 0 0 0 0 0 1 0 0 0 7 0 8 0 9 0 41 0 51 0 63 0 247 0 133 0 180 0 194 0 174 0 271 0 288 0 374 0 379 0 390 0 459 0 388 0 368 0 209 0 133 0 70 
SAlphaB:
0 0 0 0 0 0 0 0 0 0 0 0 0 0 0 0 0 0 0 0 0 0 0 0 0 0 0 0 0 0 0 0 0 0 0 1 0 0 0 7 0 8 0 9 0 41 0 51 0 63 0 247 0 133 0 180 0 194 0 174 0 271 0 288 0 374 0 379 0 390 0 459 0 388 0 368 0 209 0 133 0 70 

SecondWin:
0 0 0 0 0 0 0 0 0 0 0 0 0 0 0 0 0 0 0 0 0 0 0 0 0 0 0 0 0 0 0 0 0 0 0 0 0 0 0 0 7 0 0 0 13 0 15 0 27 0 75 0 86 0 91 0 122 0 126 0 176 0 251 0 309 0 380 0 430 0 432 0 393 0 425 0 270 0 181 0 111 0 
SAlphaB:
0 0 0 0 0 0 0 0 0 0 0 0 0 0 0 0 0 0 0 0 0 0 0 0 0 0 0 0 0 0 0 0 0 0 0 0 0 0 0 0 7 0 0 0 13 0 15 0 27 0 75 0 86 0 91 0 122 0 126 0 176 0 251 0 309 0 380 0 430 0 432 0 393 0 425 0 270 0 181 0 111 0 
