0 28 47 38 -1 3 11 3

0 35 92 39 -18 6 21 26

0 46 72 65 -5 6 24 13

0 29 52 81 -8 5 10 14

0 46 60 57 -1 10 21 16

0 73 97 15 -19 0 15 32

0 37 82 21 -5 13 28 10

0 13 88 76 -2 18 35 2

0 69 99 4 -6 6 38 39

0 57 93 84 -16 15 45 42

0 52 76 17 -5 12 37 41

0 0 90 61 -12 0 3 7

0 41 42 99 -16 10 27 2

0 27 68 46 -2 9 21 28

0 36 54 61 -14 17 36 36

0 59 73 96 -6 2 5 18

0 28 81 30 -5 2 13 29

0 6 47 75 -11 6 7 19

0 23 99 34 -20 23 40 19

0 21 82 89 -7 25 43 4

0 30 32 72 -19 15 19 12

0 49 52 82 -1 15 22 27

0 9 85 76 -1 10 12 17

0 48 61 57 -18 31 48 35

0 55 90 91 -10 25 41 40

0 21 36 91 -3 20 25 29

0 3 20 12 -9 14 16 5

0 20 41 24 -20 12 35 23

0 61 67 80 -11 15 33 3

0 69 88 48 -1 8 12 39

0 63 80 37 -18 1 45 31

0 27 52 44 -1 8 14 1

0 43 74 91 -8 1 27 22

0 5 55 91 -4 38 39 40

0 22 33 87 -8 13 16 10

0 48 53 40 -14 8 44 12

0 53 66 17 -19 17 28 18

0 5 82 77 -3 30 35 47

0 32 37 28 -7 15 31 16

0 16 24 79 -19 13 33 4

0 11 22 59 -16 32 42 9

0 65 78 36 -20 19 24 13

0 26 62 72 -6 33 38 49

0 17 24 28 -10 22 32 30

0 56 85 12 -3 21 26 41

0 19 24 67 -17 29 49 35

0 15 19 65 -6 1 2 6

0 1 28 11 -9 22 39 2

0 20 75 70 -16 4 45 28

0 2 4 62 -3 19 23 21

0 20 23 57 -5 11 17 14

0 19 30 54 -1 3 12 41

0 12 16 90 -20 6 8 34

0 21 36 31 -6 17 19 43

0 50 78 52 -8 35 38 39

0 8 14 28 -12 22 32 20

0 19 21 68 -10 6 11 41

0 17 32 25 -17 16 28 24

0 21 45 95 -4 3 19 37

0 16 26 65 -9 27 34 42

0 12 13 80 -1 17 18 29

0 29 45 73 -6 2 13 30

0 4 19 35 -8 17 29 2

0 18 66 18 -5 18 20 21

0 55 61 40 -14 6 12 32

0 22 42 93 -7 12 13 8

0 3 24 85 -16 0 11 9

0 20 54 11 -1 15 24 12

0 16 29 19 -1 14 16 34

0 52 61 77 -19 21 34 12

0 3 34 73 -1 1 10 38

0 8 56 14 -4 39 49 26

0 0 1 56 -19 13 35 2

0 29 44 83 -7 12 23 4

0 1 15 66 -9 15 24 18

0 4 27 7 -7 5 7 36

0 12 14 41 -6 5 28 9

0 2 5 98 -16 4 8 3

0 2 3 43 -5 1 2 35

0 5 11 74 -2 9 39 18

0 18 23 23 -13 7 46 24

0 0 10 24 -12 11 27 21

0 5 7 47 -3 32 45 12

0 2 45 59 -12 0 1 30

0 14 49 5 -20 1 10 20

0 7 9 36 -13 15 16 39

0 1 10 43 -14 17 45 25

0 1 6 64 -11 23 26 46

0 0 18 80 -20 14 40 12

0 5 26 64 -13 1 4 27

0 10 17 5 -13 4 10 38

0 6 8 45 -5 2 39 7

0 0 57 47 -6 4 45 44

0 4 13 75 -8 22 49 48

0 6 7 54 -14 25 27 43

0 6 10 43 -15 7 28 6

0 0 2 88 -2 4 21 29

0 6 7 34 -6 34 43 48

0 3 9 31 -7 3 6 48

0 0 2 32 -3 26 32 44


SAlphaB: 709.0, std-dev 272.37359388616335

Earliest win: 35
Latest win: 81

WinDepth:
0 0 0 0 0 0 0 0 0 0 0 0 0 0 0 0 0 0 0 0 0 0 0 0 0 0 0 0 0 0 0 0 0 0 0 4 0 7 0 7 1 7 3 8 14 26 9 60 24 74 51 257 66 122 69 191 101 177 124 170 132 246 276 313 336 386 371 351 476 375 488 465 464 367 400 398 276 219 165 143 94 52 
SAlphaB:
0 0 0 0 0 0 0 0 0 0 0 0 0 0 0 0 0 0 0 0 0 0 0 0 0 0 0 0 0 0 0 0 0 0 0 4 0 7 0 7 1 7 3 8 14 26 9 60 24 74 51 257 66 122 69 191 101 177 124 170 132 246 276 313 336 386 371 351 476 375 488 465 464 367 400 398 276 219 165 143 94 52 

LossDepth:
SAlphaB:
0 0 0 0 0 0 0 0 0 0 0 0 0 0 0 0 0 0 0 0 0 0 0 0 0 0 0 0 0 0 0 0 0 0 0 4 0 7 0 7 1 7 3 8 14 26 9 60 24 74 51 257 66 122 69 191 101 177 124 170 132 246 276 313 336 386 371 351 476 375 488 465 464 367 400 398 276 219 165 143 94 52 

FirstWin:
0 0 0 0 0 0 0 0 0 0 0 0 0 0 0 0 0 0 0 0 0 0 0 0 0 0 0 0 0 0 0 0 0 0 0 4 0 7 0 7 0 7 0 8 0 26 0 60 0 74 0 257 0 122 0 191 0 177 0 170 0 246 0 313 0 386 0 351 0 375 0 465 0 367 0 398 0 219 0 143 0 52 
SAlphaB:
0 0 0 0 0 0 0 0 0 0 0 0 0 0 0 0 0 0 0 0 0 0 0 0 0 0 0 0 0 0 0 0 0 0 0 4 0 7 0 7 0 7 0 8 0 26 0 60 0 74 0 257 0 122 0 191 0 177 0 170 0 246 0 313 0 386 0 351 0 375 0 465 0 367 0 398 0 219 0 143 0 52 

SecondWin:
0 0 0 0 0 0 0 0 0 0 0 0 0 0 0 0 0 0 0 0 0 0 0 0 0 0 0 0 0 0 0 0 0 0 0 0 0 0 0 0 1 0 3 0 14 0 9 0 24 0 51 0 66 0 69 0 101 0 124 0 132 0 276 0 336 0 371 0 476 0 488 0 464 0 400 0 276 0 165 0 94 0 
SAlphaB:
0 0 0 0 0 0 0 0 0 0 0 0 0 0 0 0 0 0 0 0 0 0 0 0 0 0 0 0 0 0 0 0 0 0 0 0 0 0 0 0 1 0 3 0 14 0 9 0 24 0 51 0 66 0 69 0 101 0 124 0 132 0 276 0 336 0 371 0 476 0 488 0 464 0 400 0 276 0 165 0 94 0 
