0 43 82 79 -2 9 28 4

0 10 21 38 -9 0 4 9

0 63 80 37 -9 19 44 31

0 40 97 20 -7 17 40 2

0 20 46 9 -7 1 4 15

0 46 90 42 -15 2 4 33

0 30 51 15 -10 1 20 3

0 22 93 65 -16 23 34 11

0 50 64 80 -8 8 35 15

0 23 34 30 -4 6 13 10

0 57 61 19 -17 1 32 16

0 25 52 73 -3 7 14 27

0 29 55 33 -17 3 11 46

0 46 59 55 -12 16 33 4

0 28 87 37 -2 9 24 27

0 6 96 10 -16 3 4 11

0 3 79 27 -1 0 2 29

0 53 92 27 -4 2 31 37

0 27 90 55 -9 1 3 41

0 40 61 0 -19 0 2 4

0 19 92 59 -8 35 48 23

0 17 97 68 -7 11 18 18

0 32 73 53 -9 0 3 22

0 8 24 95 -8 6 14 3

0 86 90 90 -18 18 28 15

0 31 40 58 -8 12 41 17

0 43 63 8 -11 0 1 24

0 41 43 30 -8 1 28 2

0 9 72 36 -7 19 22 15

0 94 96 25 -20 0 17 49

0 5 83 58 -1 3 40 10

0 36 44 36 -8 0 21 18

0 4 50 46 -20 23 28 17

0 20 44 2 -7 12 17 6

0 59 84 65 -14 16 23 28

0 12 46 2 -19 19 26 15

0 69 85 98 -1 22 38 46

0 56 60 34 -6 11 14 47

0 27 38 25 -17 6 7 47

0 16 74 68 -14 38 48 18

0 31 40 37 -19 14 38 34

0 13 20 76 -8 7 22 33

0 12 49 24 -7 2 16 8

0 10 51 85 -17 29 35 11

0 6 96 12 -11 19 36 33

0 1 83 85 -20 27 38 42

0 6 75 92 -9 10 11 15

0 0 37 6 -7 10 16 24

0 23 53 54 -10 15 16 29

0 57 59 74 -5 31 35 24

0 58 97 94 -19 23 43 28

0 6 71 77 -1 38 42 19

0 56 81 86 -6 25 38 36

0 41 98 11 -17 24 25 3

0 17 32 77 -6 15 27 37

0 49 65 1 -4 23 24 10

0 21 44 93 -16 7 32 36

0 22 47 74 -5 2 3 27

0 5 9 60 -5 0 1 18

0 2 93 60 -13 13 20 4

0 45 46 50 -3 12 15 20

0 6 16 82 -5 9 11 15

0 15 18 84 -14 12 23 15

0 19 38 15 -15 2 3 36

0 20 24 17 -9 16 38 27

0 5 55 11 -19 36 46 35

0 30 52 79 -1 30 32 5

0 7 33 2 -17 9 18 3

0 1 9 32 -9 4 5 3

0 18 69 46 -1 11 43 26

0 24 41 39 -17 27 29 48

0 12 37 23 -6 11 22 29

0 40 51 66 -14 15 26 47

0 18 24 61 -7 17 46 2

0 0 9 94 -16 16 19 33

0 1 7 11 -13 4 29 4

0 6 24 69 -17 10 40 34

0 0 1 32 -14 0 5 25

0 4 74 73 -7 11 18 42

0 1 24 64 -17 18 38 45

0 6 14 93 -9 1 2 35

0 6 25 34 -12 1 13 34

0 11 16 82 -16 13 47 41

0 0 2 66 -20 0 13 19

0 12 14 10 -7 6 45 15

0 1 21 51 -5 18 24 45

0 0 1 44 -19 8 18 9

0 3 16 38 -12 5 12 0

0 29 60 40 -20 15 21 49

0 0 79 80 -10 3 39 40

0 3 6 57 -11 22 40 24

0 9 10 87 -12 6 19 6

0 0 15 78 -7 14 49 40

0 10 17 89 -5 15 25 48

0 1 2 64 -18 8 13 1

0 2 3 16 -11 4 7 19

0 2 40 86 -7 2 33 17

0 4 5 74 -12 14 43 43

0 5 6 18 -1 1 43 36

0 6 11 39 -6 9 15 44


SAlphaB: 714.0, std-dev 268.39121585378825

Earliest win: 34
Latest win: 81

WinDepth:
0 0 0 0 0 0 0 0 0 0 0 0 0 0 0 0 0 0 0 0 0 0 0 0 0 0 0 0 0 0 0 0 0 0 1 1 0 6 0 5 7 3 1 14 9 24 8 30 29 58 46 197 72 149 107 209 109 190 157 187 173 232 253 347 320 328 450 399 447 417 437 432 406 393 381 350 237 254 189 124 109 66 
SAlphaB:
0 0 0 0 0 0 0 0 0 0 0 0 0 0 0 0 0 0 0 0 0 0 0 0 0 0 0 0 0 0 0 0 0 0 1 1 0 6 0 5 7 3 1 14 9 24 8 30 29 58 46 197 72 149 107 209 109 190 157 187 173 232 253 347 320 328 450 399 447 417 437 432 406 393 381 350 237 254 189 124 109 66 

LossDepth:
SAlphaB:
0 0 0 0 0 0 0 0 0 0 0 0 0 0 0 0 0 0 0 0 0 0 0 0 0 0 0 0 0 0 0 0 0 0 1 1 0 6 0 5 7 3 1 14 9 24 8 30 29 58 46 197 72 149 107 209 109 190 157 187 173 232 253 347 320 328 450 399 447 417 437 432 406 393 381 350 237 254 189 124 109 66 

FirstWin:
0 0 0 0 0 0 0 0 0 0 0 0 0 0 0 0 0 0 0 0 0 0 0 0 0 0 0 0 0 0 0 0 0 0 0 1 0 6 0 5 0 3 0 14 0 24 0 30 0 58 0 197 0 149 0 209 0 190 0 187 0 232 0 347 0 328 0 399 0 417 0 432 0 393 0 350 0 254 0 124 0 66 
SAlphaB:
0 0 0 0 0 0 0 0 0 0 0 0 0 0 0 0 0 0 0 0 0 0 0 0 0 0 0 0 0 0 0 0 0 0 0 1 0 6 0 5 0 3 0 14 0 24 0 30 0 58 0 197 0 149 0 209 0 190 0 187 0 232 0 347 0 328 0 399 0 417 0 432 0 393 0 350 0 254 0 124 0 66 

SecondWin:
0 0 0 0 0 0 0 0 0 0 0 0 0 0 0 0 0 0 0 0 0 0 0 0 0 0 0 0 0 0 0 0 0 0 1 0 0 0 0 0 7 0 1 0 9 0 8 0 29 0 46 0 72 0 107 0 109 0 157 0 173 0 253 0 320 0 450 0 447 0 437 0 406 0 381 0 237 0 189 0 109 0 
SAlphaB:
0 0 0 0 0 0 0 0 0 0 0 0 0 0 0 0 0 0 0 0 0 0 0 0 0 0 0 0 0 0 0 0 0 0 1 0 0 0 0 0 7 0 1 0 9 0 8 0 29 0 46 0 72 0 107 0 109 0 157 0 173 0 253 0 320 0 450 0 447 0 437 0 406 0 381 0 237 0 189 0 109 0 
