0 45 79 22 -6 8 32 8

0 79 88 50 -4 11 47 14

0 20 91 4 -8 4 14 5

0 5 48 29 -7 0 1 9

0 53 78 21 -15 6 37 2

0 87 95 34 -2 0 7 15

0 28 48 9 -11 4 24 4

0 46 60 68 -12 13 31 37

0 86 94 79 -7 0 1 7

0 23 34 23 -16 0 4 22

0 41 99 94 -19 6 9 11

0 23 64 51 -14 2 14 21

0 5 98 62 -10 4 10 9

0 64 67 29 -17 2 3 26

0 80 99 17 -8 4 11 39

0 10 29 27 -5 2 12 1

0 59 70 59 -2 0 14 3

0 38 84 74 -20 0 2 1

0 9 75 75 -14 24 37 8

0 40 45 67 -17 8 16 44

0 4 87 17 -19 0 1 22

0 6 33 50 -11 20 27 25

0 22 82 87 -12 16 33 39

0 30 95 27 -10 7 10 43

0 39 63 18 -15 16 25 4

0 15 84 18 -2 12 20 13

0 6 61 88 -7 23 48 5

0 68 71 41 -7 1 8 31

0 4 65 44 -20 36 48 39

0 16 46 81 -12 6 14 47

0 23 39 64 -5 1 10 32

0 45 49 9 -2 4 21 35

0 30 71 66 -10 30 48 0

0 3 14 27 -20 8 27 21

0 39 55 89 -4 22 26 10

0 18 73 40 -4 0 1 25

0 44 48 12 -16 6 11 27

0 31 65 11 -2 15 24 44

0 32 45 30 -19 4 10 32

0 42 86 74 -2 1 6 43

0 27 74 64 -5 5 7 20

0 0 39 45 -16 0 3 31

0 61 97 40 -7 2 4 13

0 10 74 28 -20 1 19 6

0 18 58 64 -1 20 27 21

0 29 44 39 -2 23 27 4

0 27 31 70 -9 11 38 21

0 7 67 58 -3 14 27 39

0 60 87 45 -12 4 6 49

0 19 23 1 -2 31 42 29

0 11 35 41 -14 5 12 21

0 11 54 18 -12 6 7 15

0 38 41 59 -6 24 43 10

0 18 27 51 -12 30 40 32

0 17 18 24 -3 1 28 9

0 19 48 32 -16 4 37 15

0 14 95 76 -13 3 37 49

0 5 90 72 -2 15 28 13

0 46 92 71 -11 30 43 33

0 16 31 87 -5 5 7 7

0 51 67 31 -10 32 36 8

0 34 99 53 -13 33 46 33

0 4 51 99 -1 14 15 28

0 15 40 38 -2 4 14 47

0 14 79 62 -17 3 36 48

0 24 28 57 -2 1 43 41

0 0 10 35 -8 28 47 4

0 46 90 44 -9 34 45 10

0 25 65 97 -5 1 6 48

0 0 14 79 -6 9 30 5

0 5 39 64 -5 24 37 2

0 17 51 87 -8 5 33 49

0 12 18 46 -19 4 38 11

0 22 43 3 -6 6 9 37

0 16 20 18 -14 21 28 10

0 26 55 16 -18 22 27 33

0 8 10 27 -20 21 24 11

0 30 42 16 -14 27 43 44

0 9 16 68 -20 12 17 25

0 1 25 65 -2 35 49 34

0 30 39 67 -9 31 46 46

0 18 36 0 -13 7 32 5

0 1 2 67 -12 10 15 22

0 11 17 7 -14 5 6 48

0 2 5 71 -20 16 47 46

0 4 5 23 -11 3 22 43

0 7 19 1 -8 16 49 39

0 4 13 46 -14 0 24 29

0 13 20 98 -12 9 43 10

0 11 18 9 -19 5 6 34

0 15 27 86 -9 5 31 49

0 0 14 26 -19 3 15 2

0 0 3 47 -19 10 31 26

0 16 31 8 -3 28 35 45

0 7 11 63 -7 3 4 43

0 1 5 55 -14 2 3 42

0 10 22 57 -15 4 47 36

0 0 1 18 -5 3 43 47

0 0 7 24 -3 1 27 49

0 0 21 64 -1 3 12 23


SAlphaB: 726.0, std-dev 262.80340993359897

Earliest win: 37
Latest win: 81

WinDepth:
0 0 0 0 0 0 0 0 0 0 0 0 0 0 0 0 0 0 0 0 0 0 0 0 0 0 0 0 0 0 0 0 0 0 0 0 0 12 0 8 7 12 3 15 7 23 12 37 58 95 46 143 51 120 71 163 125 159 114 202 176 245 274 331 318 351 386 438 421 379 463 500 425 378 438 346 277 266 188 121 101 74 
SAlphaB:
0 0 0 0 0 0 0 0 0 0 0 0 0 0 0 0 0 0 0 0 0 0 0 0 0 0 0 0 0 0 0 0 0 0 0 0 0 12 0 8 7 12 3 15 7 23 12 37 58 95 46 143 51 120 71 163 125 159 114 202 176 245 274 331 318 351 386 438 421 379 463 500 425 378 438 346 277 266 188 121 101 74 

LossDepth:
SAlphaB:
0 0 0 0 0 0 0 0 0 0 0 0 0 0 0 0 0 0 0 0 0 0 0 0 0 0 0 0 0 0 0 0 0 0 0 0 0 12 0 8 7 12 3 15 7 23 12 37 58 95 46 143 51 120 71 163 125 159 114 202 176 245 274 331 318 351 386 438 421 379 463 500 425 378 438 346 277 266 188 121 101 74 

FirstWin:
0 0 0 0 0 0 0 0 0 0 0 0 0 0 0 0 0 0 0 0 0 0 0 0 0 0 0 0 0 0 0 0 0 0 0 0 0 12 0 8 0 12 0 15 0 23 0 37 0 95 0 143 0 120 0 163 0 159 0 202 0 245 0 331 0 351 0 438 0 379 0 500 0 378 0 346 0 266 0 121 0 74 
SAlphaB:
0 0 0 0 0 0 0 0 0 0 0 0 0 0 0 0 0 0 0 0 0 0 0 0 0 0 0 0 0 0 0 0 0 0 0 0 0 12 0 8 0 12 0 15 0 23 0 37 0 95 0 143 0 120 0 163 0 159 0 202 0 245 0 331 0 351 0 438 0 379 0 500 0 378 0 346 0 266 0 121 0 74 

SecondWin:
0 0 0 0 0 0 0 0 0 0 0 0 0 0 0 0 0 0 0 0 0 0 0 0 0 0 0 0 0 0 0 0 0 0 0 0 0 0 0 0 7 0 3 0 7 0 12 0 58 0 46 0 51 0 71 0 125 0 114 0 176 0 274 0 318 0 386 0 421 0 463 0 425 0 438 0 277 0 188 0 101 0 
SAlphaB:
0 0 0 0 0 0 0 0 0 0 0 0 0 0 0 0 0 0 0 0 0 0 0 0 0 0 0 0 0 0 0 0 0 0 0 0 0 0 0 0 7 0 3 0 7 0 12 0 58 0 46 0 51 0 71 0 125 0 114 0 176 0 274 0 318 0 386 0 421 0 463 0 425 0 438 0 277 0 188 0 101 0 
