0 24 57 0 -14 1 3 5

0 30 68 76 -15 2 4 13

0 46 73 46 -13 9 22 14

0 16 88 1 -3 0 3 2

0 22 59 50 -12 1 5 8

0 28 73 72 -6 3 9 10

0 49 60 98 -12 3 13 6

0 33 78 47 -18 4 18 13

0 81 95 57 -2 5 35 17

0 36 90 79 -16 0 1 15

0 51 94 13 -17 0 1 10

0 68 99 52 -18 12 49 49

0 72 74 90 -15 11 37 35

0 12 63 38 -11 0 6 5

0 48 89 37 -19 12 17 3

0 68 88 90 -9 14 31 6

0 56 86 59 -11 11 38 13

0 59 89 16 -17 10 22 19

0 67 74 48 -20 4 15 41

0 44 92 31 -17 10 14 0

0 66 86 72 -4 13 36 10

0 6 50 89 -11 4 9 7

0 37 87 54 -9 6 10 30

0 46 51 57 -13 2 13 25

0 39 74 17 -4 7 9 9

0 89 97 9 -7 5 34 21

0 27 28 59 -1 8 16 3

0 37 81 95 -15 2 11 14

0 76 94 19 -10 5 8 28

0 45 75 57 -16 0 1 26

0 25 69 43 -14 0 7 39

0 71 98 98 -8 10 25 10

0 42 86 50 -11 0 8 14

0 15 58 86 -7 3 6 6

0 52 78 58 -19 5 11 17

0 63 81 62 -20 2 5 12

0 49 95 97 -4 11 36 30

0 33 59 80 -12 0 3 16

0 33 99 19 -12 3 4 33

0 21 83 73 -9 1 3 24

0 48 90 68 -8 13 27 29

0 40 84 15 -18 1 14 2

0 45 58 43 -8 10 12 30

0 64 70 49 -4 6 19 19

0 21 53 88 -14 1 4 27

0 30 52 57 -2 4 11 14

0 25 95 6 -16 3 16 39

0 73 92 77 -8 5 16 16

0 18 52 27 -7 3 10 18

0 45 63 93 -12 5 26 24

0 66 91 65 -18 2 14 10

0 83 84 37 -16 3 4 18

0 51 79 73 -11 5 13 14

0 17 41 75 -1 5 12 15

0 8 27 28 -13 2 5 5

0 28 84 67 -7 1 4 0

0 52 84 45 -19 4 12 45

0 31 91 37 -19 1 6 45

0 53 59 5 -16 0 11 29

0 69 75 85 -18 1 16 25

0 41 63 26 -2 10 16 26

0 59 74 74 -2 13 20 1

0 88 89 70 -7 16 46 19

0 53 93 57 -14 8 45 17

0 34 81 44 -19 0 15 6

0 8 65 35 -16 23 47 26

0 33 35 73 -9 1 10 15

0 39 84 36 -4 7 19 32

0 30 67 93 -18 0 26 32

0 34 93 98 -12 2 5 16

0 31 88 11 -17 2 24 41

0 73 84 50 -6 8 32 18

0 30 48 66 -8 9 29 26

0 77 98 59 -19 4 26 19

0 39 62 90 -17 1 5 34

0 64 97 4 -10 14 39 47

0 16 95 40 -4 9 12 26

0 36 61 13 -20 1 2 37

0 17 55 80 -4 17 25 4

0 34 92 85 -10 13 25 45

0 37 54 52 -2 14 34 26

0 16 31 36 -2 6 12 25

0 39 67 93 -10 0 8 21

0 70 75 79 -20 7 36 6

0 5 99 45 -19 0 8 5

0 22 92 83 -3 10 21 16

0 24 88 75 -7 7 9 23

0 51 88 34 -20 16 44 10

0 47 51 86 -17 2 23 20

0 31 53 3 -13 19 39 8

0 30 66 98 -8 30 34 30

0 53 75 33 -18 13 24 15

0 9 38 3 -10 2 6 25

0 16 17 43 -6 6 20 14

0 34 86 68 -14 14 26 20

0 37 93 86 -4 25 43 14

0 1 86 89 -19 28 40 13

0 42 87 63 -14 33 36 30

0 4 72 71 -11 8 15 24

0 3 44 49 -15 2 4 0


SAlphaB: 740.0, std-dev 264.041477075405

Earliest win: 35
Latest win: 81

WinDepth:
0 0 0 0 0 0 0 0 0 0 0 0 0 0 0 0 0 0 0 0 0 0 0 0 0 0 0 0 0 0 0 0 0 0 0 7 0 10 5 22 12 43 24 48 31 71 37 187 52 198 207 417 146 373 259 460 342 580 411 497 458 676 599 780 807 953 902 989 911 944 992 964 869 839 849 725 573 476 413 263 185 156 
SAlphaB:
0 0 0 0 0 0 0 0 0 0 0 0 0 0 0 0 0 0 0 0 0 0 0 0 0 0 0 0 0 0 0 0 0 0 0 7 0 10 5 22 12 43 24 48 31 71 37 187 52 198 207 417 146 373 259 460 342 580 411 497 458 676 599 780 807 953 902 989 911 944 992 964 869 839 849 725 573 476 413 263 185 156 

LossDepth:
SAlphaB:
0 0 0 0 0 0 0 0 0 0 0 0 0 0 0 0 0 0 0 0 0 0 0 0 0 0 0 0 0 0 0 0 0 0 0 5 0 8 2 16 2 38 10 25 17 51 24 91 30 109 114 194 79 211 163 239 222 363 244 342 303 454 355 624 543 770 623 756 656 789 714 828 627 683 677 681 504 428 352 203 224 140 

FirstWin:
0 0 0 0 0 0 0 0 0 0 0 0 0 0 0 0 0 0 0 0 0 0 0 0 0 0 0 0 0 0 0 0 0 0 0 7 0 10 0 22 0 43 0 48 0 71 0 187 0 198 0 417 0 373 0 460 0 580 0 497 0 676 0 780 0 953 0 989 0 944 0 964 0 839 0 725 0 476 0 263 0 156 
SAlphaB:
0 0 0 0 0 0 0 0 0 0 0 0 0 0 0 0 0 0 0 0 0 0 0 0 0 0 0 0 0 0 0 0 0 0 0 7 0 10 0 22 0 43 0 48 0 71 0 187 0 198 0 417 0 373 0 460 0 580 0 497 0 676 0 780 0 953 0 989 0 944 0 964 0 839 0 725 0 476 0 263 0 156 

SecondWin:
0 0 0 0 0 0 0 0 0 0 0 0 0 0 0 0 0 0 0 0 0 0 0 0 0 0 0 0 0 0 0 0 0 0 0 0 0 0 5 0 12 0 24 0 31 0 37 0 52 0 207 0 146 0 259 0 342 0 411 0 458 0 599 0 807 0 902 0 911 0 992 0 869 0 849 0 573 0 413 0 185 0 
SAlphaB:
0 0 0 0 0 0 0 0 0 0 0 0 0 0 0 0 0 0 0 0 0 0 0 0 0 0 0 0 0 0 0 0 0 0 0 0 0 0 5 0 12 0 24 0 31 0 37 0 52 0 207 0 146 0 259 0 342 0 411 0 458 0 599 0 807 0 902 0 911 0 992 0 869 0 849 0 573 0 413 0 185 0 
