0 45 63 93 -12 5 26 24

0 73 84 50 -6 8 32 18

0 25 69 43 -14 0 7 39

0 42 86 50 -11 0 8 14

0 33 59 80 -12 0 3 16

0 39 67 93 -10 0 8 21

0 88 89 70 -7 16 46 19

0 16 95 40 -4 9 12 26

0 21 83 73 -9 1 3 24

0 53 93 57 -14 8 45 17

0 70 74 52 -20 6 10 0

0 66 89 28 -17 1 6 23

0 46 54 55 -3 3 13 13

0 64 98 79 -19 8 44 3

0 14 75 10 -15 0 28 41

0 76 83 5 -8 7 12 32

0 64 72 81 -2 16 47 49

0 27 28 85 -18 15 18 17

0 22 82 54 -8 1 2 28

0 26 27 49 -3 9 14 3

0 16 39 71 -1 4 6 10

0 23 63 2 -12 10 21 32

0 10 45 97 -6 5 18 17

0 20 90 45 -6 8 35 41

0 25 80 56 -13 1 4 49

0 29 90 68 -6 3 4 43

0 26 71 64 -6 4 8 39

0 33 43 20 -10 7 29 25

0 66 92 90 -4 14 22 23

0 24 96 3 -17 2 24 34

0 44 47 62 -6 0 14 33

0 13 15 19 -14 0 1 24

0 27 39 11 -7 14 30 1

0 44 99 97 -15 23 33 46

0 47 71 37 -4 14 19 23

0 43 46 45 -20 18 41 18

0 72 98 52 -2 0 5 45

0 41 63 54 -2 0 19 8

0 17 59 58 -12 25 42 10

0 55 70 13 -6 6 17 19

0 32 62 65 -3 15 34 44

0 6 55 29 -18 15 34 10

0 32 34 84 -5 11 29 5

0 26 48 25 -8 0 1 32

0 81 87 79 -8 31 36 40

0 3 27 54 -6 8 30 31

0 9 69 46 -8 13 15 36

0 34 37 13 -19 0 1 48

0 10 79 59 -6 35 39 32

0 23 47 53 -9 15 16 3

0 5 96 20 -17 19 41 29

0 8 49 45 -3 17 26 21

0 10 91 29 -12 24 32 28

0 37 48 11 -6 19 22 22

0 39 71 82 -1 28 41 15

0 21 98 7 -17 10 16 25

0 11 27 65 -11 3 17 24

0 62 76 2 -9 0 1 44

0 10 49 62 -18 6 33 8

0 49 63 13 -1 16 29 24

0 14 58 64 -3 42 43 37

0 13 60 35 -5 33 47 43

0 22 51 76 -12 30 49 33

0 11 22 96 -11 10 28 36

0 11 96 83 -18 26 34 49

0 22 33 2 -2 20 34 34

0 13 16 99 -20 4 15 13

0 15 47 82 -11 28 41 20

0 24 29 96 -4 0 1 39

0 9 64 12 -17 0 3 43

0 1 45 76 -20 3 18 30

0 1 88 53 -20 12 15 49

0 22 51 61 -15 16 27 49

0 0 84 56 -7 1 36 37

0 26 31 79 -5 0 1 34

0 1 14 36 -4 15 37 16

0 8 30 26 -16 12 22 10

0 5 8 5 -18 1 4 3

0 1 17 70 -2 3 8 45

0 56 60 75 -12 24 31 29

0 1 25 0 -3 26 46 15

0 9 11 76 -4 12 14 30

0 2 3 44 -8 21 38 13

0 2 11 0 -16 28 31 1

0 13 36 70 -19 16 42 49

0 10 14 30 -11 7 12 16

0 5 18 71 -10 21 27 8

0 11 12 52 -7 33 40 23

0 41 44 92 -9 24 28 32

0 0 21 15 -7 10 15 21

0 12 20 85 -5 27 38 13

0 6 27 91 -1 1 31 20

0 9 21 4 -15 3 41 8

0 1 3 86 -8 0 18 15

0 14 56 89 -7 1 43 5

0 5 15 9 -11 10 45 11

0 12 19 79 -11 3 49 47

0 1 3 24 -4 0 14 9

0 4 10 47 -14 17 32 48

0 0 1 31 -13 0 5 17


SAlphaB: 722.0, std-dev 254.84457443942597

Earliest win: 37
Latest win: 81

WinDepth:
0 0 0 0 0 0 0 0 0 0 0 0 0 0 0 0 0 0 0 0 0 0 0 0 0 0 0 0 0 0 0 0 0 0 0 0 0 3 1 3 2 8 2 7 5 18 10 65 13 57 60 196 61 131 103 161 109 220 141 211 187 235 208 345 320 353 409 431 391 395 419 436 423 352 393 382 295 253 157 141 120 69 
SAlphaB:
0 0 0 0 0 0 0 0 0 0 0 0 0 0 0 0 0 0 0 0 0 0 0 0 0 0 0 0 0 0 0 0 0 0 0 0 0 3 1 3 2 8 2 7 5 18 10 65 13 57 60 196 61 131 103 161 109 220 141 211 187 235 208 345 320 353 409 431 391 395 419 436 423 352 393 382 295 253 157 141 120 69 

LossDepth:
SAlphaB:
0 0 0 0 0 0 0 0 0 0 0 0 0 0 0 0 0 0 0 0 0 0 0 0 0 0 0 0 0 0 0 0 0 0 0 0 0 3 1 3 2 8 2 7 5 18 10 65 13 57 60 196 61 131 103 161 109 220 141 211 187 235 208 345 320 353 409 431 391 395 419 436 423 352 393 382 295 253 157 141 120 69 

FirstWin:
0 0 0 0 0 0 0 0 0 0 0 0 0 0 0 0 0 0 0 0 0 0 0 0 0 0 0 0 0 0 0 0 0 0 0 0 0 3 0 3 0 8 0 7 0 18 0 65 0 57 0 196 0 131 0 161 0 220 0 211 0 235 0 345 0 353 0 431 0 395 0 436 0 352 0 382 0 253 0 141 0 69 
SAlphaB:
0 0 0 0 0 0 0 0 0 0 0 0 0 0 0 0 0 0 0 0 0 0 0 0 0 0 0 0 0 0 0 0 0 0 0 0 0 3 0 3 0 8 0 7 0 18 0 65 0 57 0 196 0 131 0 161 0 220 0 211 0 235 0 345 0 353 0 431 0 395 0 436 0 352 0 382 0 253 0 141 0 69 

SecondWin:
0 0 0 0 0 0 0 0 0 0 0 0 0 0 0 0 0 0 0 0 0 0 0 0 0 0 0 0 0 0 0 0 0 0 0 0 0 0 1 0 2 0 2 0 5 0 10 0 13 0 60 0 61 0 103 0 109 0 141 0 187 0 208 0 320 0 409 0 391 0 419 0 423 0 393 0 295 0 157 0 120 0 
SAlphaB:
0 0 0 0 0 0 0 0 0 0 0 0 0 0 0 0 0 0 0 0 0 0 0 0 0 0 0 0 0 0 0 0 0 0 0 0 0 0 1 0 2 0 2 0 5 0 10 0 13 0 60 0 61 0 103 0 109 0 141 0 187 0 208 0 320 0 409 0 391 0 419 0 423 0 393 0 295 0 157 0 120 0 
