0 22 59 50 -12 1 5 8

0 52 84 45 -19 4 12 45

0 8 65 35 -16 23 47 26

0 59 89 16 -17 10 22 19

0 16 17 43 -6 6 20 14

0 47 51 86 -17 2 23 20

0 51 88 34 -20 16 44 10

0 30 66 98 -8 30 34 30

0 34 81 44 -19 0 15 6

0 37 54 52 -2 14 34 26

0 27 53 51 -6 29 44 19

0 78 92 39 -4 2 14 12

0 21 40 71 -9 5 9 0

0 27 41 33 -13 2 5 32

0 29 42 48 -2 3 9 34

0 17 55 85 -12 1 7 32

0 35 40 26 -15 8 25 26

0 22 63 38 -18 2 4 30

0 16 30 25 -1 28 47 17

0 18 22 17 -1 2 7 9

0 87 92 93 -2 26 47 29

0 21 58 62 -5 4 7 20

0 14 35 79 -12 5 10 35

0 29 68 34 -14 24 44 10

0 32 92 89 -16 27 30 33

0 18 40 6 -3 5 20 11

0 9 63 90 -4 26 38 40

0 19 44 82 -20 1 2 19

0 15 49 36 -12 7 17 24

0 28 32 47 -1 11 34 16

0 3 27 90 -1 36 39 47

0 21 95 88 -18 35 39 5

0 8 78 17 -12 5 9 23

0 16 82 48 -4 2 14 43

0 31 68 70 -11 22 23 44

0 28 89 40 -20 16 18 23

0 92 93 42 -20 2 10 35

0 34 89 54 -16 20 34 27

0 8 70 62 -4 24 29 0

0 14 37 15 -14 25 26 21

0 76 98 83 -11 2 4 40

0 18 26 4 -2 30 46 32

0 1 20 91 -10 19 27 24

0 23 31 84 -2 11 16 48

0 35 45 64 -7 1 29 19

0 25 32 78 -13 10 28 0

0 7 66 25 -15 28 42 12

0 48 55 46 -3 19 23 36

0 73 77 83 -18 21 25 43

0 18 20 79 -11 17 27 18

0 15 75 70 -11 15 19 33

0 14 35 59 -11 2 6 45

0 32 42 76 -5 20 48 42

0 14 48 44 -17 6 37 29

0 5 54 83 -6 18 20 9

0 17 20 79 -16 5 22 18

0 12 34 20 -8 5 34 24

0 5 21 25 -10 11 20 7

0 24 78 81 -12 18 48 21

0 30 33 7 -15 17 39 12

0 1 23 8 -12 40 44 7

0 11 48 16 -5 7 24 31

0 8 20 37 -13 4 30 21

0 82 84 63 -3 0 10 45

0 65 82 44 -19 21 26 13

0 16 54 1 -17 8 12 9

0 14 52 43 -18 29 45 46

0 36 65 49 -1 18 22 16

0 14 56 84 -20 6 8 0

0 29 30 28 -3 15 18 26

0 28 35 90 -9 19 31 24

0 20 54 2 -12 1 17 43

0 5 20 57 -9 7 10 38

0 5 22 22 -19 12 17 21

0 13 38 13 -18 7 32 32

0 17 19 6 -9 22 40 1

0 10 22 36 -18 11 12 16

0 11 17 45 -11 9 33 32

0 43 52 0 -6 16 19 30

0 0 2 46 -3 11 47 38

0 4 6 66 -9 8 26 31

0 7 23 3 -4 10 17 42

0 38 43 9 -18 21 42 41

0 25 52 0 -1 0 47 24

0 2 4 85 -10 6 41 2

0 25 26 83 -17 23 47 24

0 18 24 96 -14 4 9 48

0 13 24 34 -15 2 33 33

0 1 3 63 -14 8 21 37

0 20 47 83 -6 8 35 0

0 16 24 16 -14 30 44 28

0 14 22 36 -14 1 42 38

0 27 90 4 -10 8 36 46

0 0 1 95 -17 2 3 44

0 14 16 32 -15 6 35 18

0 6 28 59 -18 14 28 49

0 5 13 59 -10 10 49 28

0 0 6 85 -8 11 15 29

0 0 2 29 -13 7 22 1

0 2 3 10 -15 1 17 31


SAlphaB: 740.0, std-dev 281.5093657052958

Earliest win: 37
Latest win: 81

WinDepth:
0 0 0 0 0 0 0 0 0 0 0 0 0 0 0 0 0 0 0 0 0 0 0 0 0 0 0 0 0 0 0 0 0 0 0 0 0 2 1 0 0 8 0 21 9 7 11 25 30 95 100 170 113 103 90 170 109 184 135 134 162 251 179 355 381 340 383 405 401 423 453 467 470 385 392 335 277 229 167 141 116 72 
SAlphaB:
0 0 0 0 0 0 0 0 0 0 0 0 0 0 0 0 0 0 0 0 0 0 0 0 0 0 0 0 0 0 0 0 0 0 0 0 0 2 1 0 0 8 0 21 9 7 11 25 30 95 100 170 113 103 90 170 109 184 135 134 162 251 179 355 381 340 383 405 401 423 453 467 470 385 392 335 277 229 167 141 116 72 

LossDepth:
SAlphaB:
0 0 0 0 0 0 0 0 0 0 0 0 0 0 0 0 0 0 0 0 0 0 0 0 0 0 0 0 0 0 0 0 0 0 0 0 0 2 1 0 0 8 0 21 9 7 11 25 30 95 100 170 113 103 90 170 109 184 135 134 162 251 179 355 381 340 383 405 401 423 453 467 470 385 392 335 277 229 167 141 116 72 

FirstWin:
0 0 0 0 0 0 0 0 0 0 0 0 0 0 0 0 0 0 0 0 0 0 0 0 0 0 0 0 0 0 0 0 0 0 0 0 0 2 0 0 0 8 0 21 0 7 0 25 0 95 0 170 0 103 0 170 0 184 0 134 0 251 0 355 0 340 0 405 0 423 0 467 0 385 0 335 0 229 0 141 0 72 
SAlphaB:
0 0 0 0 0 0 0 0 0 0 0 0 0 0 0 0 0 0 0 0 0 0 0 0 0 0 0 0 0 0 0 0 0 0 0 0 0 2 0 0 0 8 0 21 0 7 0 25 0 95 0 170 0 103 0 170 0 184 0 134 0 251 0 355 0 340 0 405 0 423 0 467 0 385 0 335 0 229 0 141 0 72 

SecondWin:
0 0 0 0 0 0 0 0 0 0 0 0 0 0 0 0 0 0 0 0 0 0 0 0 0 0 0 0 0 0 0 0 0 0 0 0 0 0 1 0 0 0 0 0 9 0 11 0 30 0 100 0 113 0 90 0 109 0 135 0 162 0 179 0 381 0 383 0 401 0 453 0 470 0 392 0 277 0 167 0 116 0 
SAlphaB:
0 0 0 0 0 0 0 0 0 0 0 0 0 0 0 0 0 0 0 0 0 0 0 0 0 0 0 0 0 0 0 0 0 0 0 0 0 0 1 0 0 0 0 0 9 0 11 0 30 0 100 0 113 0 90 0 109 0 135 0 162 0 179 0 381 0 383 0 401 0 453 0 470 0 392 0 277 0 167 0 116 0 
