0 18 52 27 -7 3 10 18

0 30 52 57 -2 4 11 14

0 28 73 72 -6 3 9 10

0 3 44 49 -15 2 4 0

0 39 84 36 -4 7 19 32

0 68 88 90 -9 14 31 6

0 31 53 3 -13 19 39 8

0 53 75 33 -18 13 24 15

0 37 93 86 -4 25 43 14

0 31 91 37 -19 1 6 45

0 27 94 31 -20 1 2 7

0 7 85 77 -8 25 31 25

0 16 84 77 -10 9 27 1

0 46 85 88 -19 2 4 0

0 48 93 75 -13 2 8 15

0 38 93 96 -13 5 11 25

0 5 78 28 -5 19 33 9

0 24 37 4 -11 28 34 15

0 7 94 16 -3 14 19 27

0 58 65 91 -2 1 39 34

0 27 84 71 -4 3 35 8

0 16 79 69 -3 10 28 3

0 45 72 0 -9 4 12 26

0 63 74 5 -18 0 4 44

0 10 47 34 -9 10 34 45

0 37 46 88 -1 6 10 13

0 50 51 59 -13 9 10 1

0 15 63 16 -16 11 12 27

0 30 50 57 -16 47 48 1

0 26 41 79 -14 33 37 16

0 6 63 10 -15 6 31 5

0 9 10 52 -10 19 46 24

0 64 66 40 -3 0 8 17

0 37 49 77 -17 13 28 44

0 8 91 90 -18 30 41 46

0 18 83 27 -4 25 28 42

0 4 76 40 -1 3 4 24

0 48 50 79 -17 9 12 37

0 36 52 61 -16 9 46 1

0 2 65 72 -3 0 27 39

0 14 42 3 -11 1 7 0

0 1 76 33 -16 9 11 20

0 10 66 77 -3 25 29 11

0 15 91 19 -16 2 32 15

0 17 36 9 -10 2 6 2

0 15 26 56 -20 0 7 24

0 25 58 32 -7 28 39 22

0 2 21 72 -20 13 19 28

0 58 77 79 -17 9 49 44

0 7 10 35 -9 30 47 45

0 50 88 51 -16 11 46 38

0 4 6 79 -8 8 11 2

0 52 83 15 -18 41 44 41

0 9 20 99 -15 2 16 1

0 6 42 25 -13 20 28 32

0 10 59 3 -20 35 41 1

0 32 85 82 -15 41 48 10

0 9 21 6 -11 25 49 22

0 2 38 68 -4 41 49 39

0 13 74 13 -7 7 15 38

0 3 59 6 -20 20 22 31

0 75 92 94 -12 12 23 7

0 2 40 44 -4 2 26 1

0 13 37 67 -19 5 37 16

0 17 73 6 -17 34 38 26

0 22 47 36 -1 25 32 4

0 7 88 42 -18 3 18 25

0 13 66 33 -4 8 22 46

0 66 73 84 -1 36 41 13

0 61 76 56 -5 33 37 29

0 36 55 18 -20 10 12 45

0 33 80 8 -7 28 45 20

0 25 31 14 -5 15 16 23

0 4 16 46 -17 15 44 19

0 0 38 89 -20 4 15 38

0 23 26 13 -14 28 32 46

0 7 61 92 -20 0 48 24

0 11 27 67 -7 20 21 40

0 5 12 50 -4 28 45 45

0 1 19 43 -1 23 40 0

0 9 17 13 -12 7 10 27

0 1 2 69 -8 21 29 31

0 11 12 91 -8 5 9 36

0 2 4 57 -16 11 14 15

0 34 35 28 -14 6 30 47

0 10 16 6 -18 10 18 19

0 0 19 69 -2 13 45 48

0 0 1 68 -12 3 5 36

0 10 24 3 -17 2 3 10

0 34 36 41 -19 19 31 37

0 10 39 16 -17 4 44 22

0 11 23 99 -6 2 10 31

0 3 15 36 -17 24 28 16

0 23 31 22 -9 15 17 24

0 14 39 15 -2 18 28 35

0 64 70 83 -12 42 44 4

0 12 15 10 -18 3 4 35

0 21 27 5 -7 21 42 48

0 7 25 98 -18 6 39 44

0 20 26 30 -7 5 29 37


SAlphaB: 725.0, std-dev 260.2827860949966

Earliest win: 37
Latest win: 81

WinDepth:
0 0 0 0 0 0 0 0 0 0 0 0 0 0 0 0 0 0 0 0 0 0 0 0 0 0 0 0 0 0 0 0 0 0 0 0 0 2 0 3 2 1 1 6 18 10 10 18 27 73 108 176 122 107 98 141 156 150 146 141 154 212 206 332 333 372 449 371 452 407 525 487 470 413 438 382 250 222 151 129 84 78 
SAlphaB:
0 0 0 0 0 0 0 0 0 0 0 0 0 0 0 0 0 0 0 0 0 0 0 0 0 0 0 0 0 0 0 0 0 0 0 0 0 2 0 3 2 1 1 6 18 10 10 18 27 73 108 176 122 107 98 141 156 150 146 141 154 212 206 332 333 372 449 371 452 407 525 487 470 413 438 382 250 222 151 129 84 78 

LossDepth:
SAlphaB:
0 0 0 0 0 0 0 0 0 0 0 0 0 0 0 0 0 0 0 0 0 0 0 0 0 0 0 0 0 0 0 0 0 0 0 0 0 2 0 3 2 1 1 6 18 10 10 18 27 73 108 176 122 107 98 141 156 150 146 141 154 212 206 332 333 372 449 371 452 407 525 487 470 413 438 382 250 222 151 129 84 78 

FirstWin:
0 0 0 0 0 0 0 0 0 0 0 0 0 0 0 0 0 0 0 0 0 0 0 0 0 0 0 0 0 0 0 0 0 0 0 0 0 2 0 3 0 1 0 6 0 10 0 18 0 73 0 176 0 107 0 141 0 150 0 141 0 212 0 332 0 372 0 371 0 407 0 487 0 413 0 382 0 222 0 129 0 78 
SAlphaB:
0 0 0 0 0 0 0 0 0 0 0 0 0 0 0 0 0 0 0 0 0 0 0 0 0 0 0 0 0 0 0 0 0 0 0 0 0 2 0 3 0 1 0 6 0 10 0 18 0 73 0 176 0 107 0 141 0 150 0 141 0 212 0 332 0 372 0 371 0 407 0 487 0 413 0 382 0 222 0 129 0 78 

SecondWin:
0 0 0 0 0 0 0 0 0 0 0 0 0 0 0 0 0 0 0 0 0 0 0 0 0 0 0 0 0 0 0 0 0 0 0 0 0 0 0 0 2 0 1 0 18 0 10 0 27 0 108 0 122 0 98 0 156 0 146 0 154 0 206 0 333 0 449 0 452 0 525 0 470 0 438 0 250 0 151 0 84 0 
SAlphaB:
0 0 0 0 0 0 0 0 0 0 0 0 0 0 0 0 0 0 0 0 0 0 0 0 0 0 0 0 0 0 0 0 0 0 0 0 0 0 0 0 2 0 1 0 18 0 10 0 27 0 108 0 122 0 98 0 156 0 146 0 154 0 206 0 333 0 449 0 452 0 525 0 470 0 438 0 250 0 151 0 84 0 
