0 52 78 58 -19 5 11 17

0 77 98 59 -19 4 26 19

0 73 92 77 -8 5 16 16

0 36 61 13 -20 1 2 37

0 48 89 37 -19 12 17 3

0 83 84 37 -16 3 4 18

0 39 74 17 -4 7 9 9

0 64 70 49 -4 6 19 19

0 66 91 65 -18 2 14 10

0 76 94 19 -10 5 8 28

0 32 78 82 -13 6 14 14

0 26 46 55 -12 4 9 9

0 38 81 28 -20 19 31 4

0 32 56 32 -7 16 33 23

0 1 55 84 -5 3 11 5

0 36 53 30 -20 2 3 20

0 41 76 74 -13 7 36 40

0 36 81 89 -16 3 16 39

0 4 92 67 -14 16 36 32

0 40 59 18 -5 12 21 0

0 37 71 19 -2 10 33 23

0 31 45 2 -12 3 7 4

0 26 45 82 -11 0 13 27

0 27 54 59 -20 3 12 17

0 24 40 43 -5 4 6 28

0 23 83 36 -6 12 23 16

0 27 59 81 -1 2 16 21

0 62 71 94 -3 7 40 37

0 14 24 20 -10 0 2 1

0 18 36 30 -17 12 24 2

0 67 87 47 -5 1 2 6

0 50 98 76 -13 13 38 34

0 68 69 76 -13 8 19 34

0 47 58 91 -1 7 17 34

0 36 80 81 -4 14 18 38

0 36 44 13 -7 0 14 25

0 34 67 2 -12 0 10 17

0 61 76 97 -6 20 26 11

0 58 98 90 -5 25 29 36

0 16 81 10 -17 7 10 29

0 28 61 91 -18 11 30 27

0 15 31 90 -5 14 17 33

0 19 58 11 -9 22 40 11

0 85 88 15 -13 17 35 9

0 35 82 7 -19 19 24 49

0 11 40 17 -3 10 11 22

0 10 48 9 -9 19 23 24

0 16 34 85 -3 13 36 44

0 44 74 39 -9 17 27 46

0 19 23 81 -15 25 27 25

0 11 52 51 -8 0 4 27

0 3 67 38 -6 11 16 16

0 29 70 85 -11 9 23 48

0 13 34 62 -5 0 3 29

0 32 41 59 -17 14 20 5

0 6 49 85 -20 8 13 3

0 8 34 1 -20 24 28 14

0 12 92 44 -18 0 4 40

0 39 70 97 -12 8 48 23

0 8 55 63 -14 2 10 4

0 31 85 90 -17 14 16 12

0 25 40 96 -20 10 29 4

0 48 67 2 -8 4 37 43

0 12 45 75 -14 15 18 45

0 7 12 73 -6 12 13 13

0 84 97 11 -14 36 47 32

0 0 39 7 -12 23 24 19

0 71 79 86 -14 33 41 38

0 11 95 52 -2 19 24 0

0 21 44 98 -5 7 29 17

0 0 99 23 -12 14 15 24

0 11 27 16 -18 2 25 16

0 1 15 74 -9 20 23 44

0 3 63 33 -3 19 22 1

0 58 73 37 -20 31 33 21

0 22 33 69 -15 6 41 32

0 20 51 21 -13 10 39 11

0 5 53 94 -8 1 10 33

0 74 95 44 -17 32 40 10

0 40 55 77 -3 11 49 37

0 12 57 93 -19 2 30 19

0 13 17 36 -3 0 12 15

0 8 17 22 -6 19 31 5

0 7 12 93 -11 15 21 45

0 3 14 95 -20 1 25 47

0 2 21 67 -7 35 38 30

0 5 15 10 -13 1 22 28

0 2 22 62 -8 21 34 8

0 13 14 20 -13 26 32 34

0 5 10 43 -2 0 1 15

0 6 37 45 -19 38 41 0

0 20 21 66 -12 3 4 38

0 3 7 80 -6 0 2 32

0 6 15 73 -14 6 46 11

0 15 19 15 -14 16 18 43

0 7 65 57 -7 3 4 41

0 1 2 39 -10 8 44 19

0 0 2 98 -8 3 29 37

0 1 12 97 -2 11 44 41

0 0 1 27 -3 9 25 12


SAlphaB: 711.0, std-dev 274.00841034427015

Earliest win: 37
Latest win: 81

WinDepth:
0 0 0 0 0 0 0 0 0 0 0 0 0 0 0 0 0 0 0 0 0 0 0 0 0 0 0 0 0 0 0 0 0 0 0 0 0 7 2 6 5 12 0 30 15 16 14 35 24 66 84 133 76 132 99 186 114 213 154 166 204 288 282 319 303 365 373 424 419 413 417 471 371 421 417 347 262 230 180 134 93 70 
SAlphaB:
0 0 0 0 0 0 0 0 0 0 0 0 0 0 0 0 0 0 0 0 0 0 0 0 0 0 0 0 0 0 0 0 0 0 0 0 0 7 2 6 5 12 0 30 15 16 14 35 24 66 84 133 76 132 99 186 114 213 154 166 204 288 282 319 303 365 373 424 419 413 417 471 371 421 417 347 262 230 180 134 93 70 

LossDepth:
SAlphaB:
0 0 0 0 0 0 0 0 0 0 0 0 0 0 0 0 0 0 0 0 0 0 0 0 0 0 0 0 0 0 0 0 0 0 0 0 0 7 2 6 5 12 0 30 15 16 14 35 24 66 84 133 76 132 99 186 114 213 154 166 204 288 282 319 303 365 373 424 419 413 417 471 371 421 417 347 262 230 180 134 93 70 

FirstWin:
0 0 0 0 0 0 0 0 0 0 0 0 0 0 0 0 0 0 0 0 0 0 0 0 0 0 0 0 0 0 0 0 0 0 0 0 0 7 0 6 0 12 0 30 0 16 0 35 0 66 0 133 0 132 0 186 0 213 0 166 0 288 0 319 0 365 0 424 0 413 0 471 0 421 0 347 0 230 0 134 0 70 
SAlphaB:
0 0 0 0 0 0 0 0 0 0 0 0 0 0 0 0 0 0 0 0 0 0 0 0 0 0 0 0 0 0 0 0 0 0 0 0 0 7 0 6 0 12 0 30 0 16 0 35 0 66 0 133 0 132 0 186 0 213 0 166 0 288 0 319 0 365 0 424 0 413 0 471 0 421 0 347 0 230 0 134 0 70 

SecondWin:
0 0 0 0 0 0 0 0 0 0 0 0 0 0 0 0 0 0 0 0 0 0 0 0 0 0 0 0 0 0 0 0 0 0 0 0 0 0 2 0 5 0 0 0 15 0 14 0 24 0 84 0 76 0 99 0 114 0 154 0 204 0 282 0 303 0 373 0 419 0 417 0 371 0 417 0 262 0 180 0 93 0 
SAlphaB:
0 0 0 0 0 0 0 0 0 0 0 0 0 0 0 0 0 0 0 0 0 0 0 0 0 0 0 0 0 0 0 0 0 0 0 0 0 0 2 0 5 0 0 0 15 0 14 0 24 0 84 0 76 0 99 0 114 0 154 0 204 0 282 0 303 0 373 0 419 0 417 0 371 0 417 0 262 0 180 0 93 0 
