0 37 81 95 -15 2 11 14

0 59 74 74 -2 13 20 1

0 24 88 75 -7 7 9 23

0 4 72 71 -11 8 15 24

0 36 90 79 -16 0 1 15

0 33 99 19 -12 3 4 33

0 44 92 31 -17 10 14 0

0 1 86 89 -19 28 40 13

0 30 68 76 -15 2 4 13

0 69 75 85 -18 1 16 25

0 51 62 46 -19 1 8 27

0 6 66 35 -20 9 12 16

0 58 78 44 -7 2 18 3

0 58 85 32 -14 1 20 47

0 58 92 98 -2 7 49 19

0 13 67 16 -10 3 6 22

0 24 72 34 -8 10 17 17

0 4 36 74 -3 17 23 1

0 31 83 43 -8 0 4 14

0 50 97 41 -19 18 29 47

0 57 80 96 -2 0 22 13

0 52 92 21 -2 5 8 48

0 60 71 66 -2 15 46 42

0 2 68 15 -18 0 1 15

0 30 86 59 -17 30 48 5

0 8 38 13 -7 8 12 6

0 41 87 85 -17 11 41 27

0 12 37 77 -16 6 12 32

0 1 76 40 -6 5 18 20

0 40 90 92 -20 8 11 3

0 42 49 35 -16 10 11 35

0 13 30 10 -15 26 29 16

0 17 76 69 -11 23 35 0

0 76 78 77 -13 24 30 36

0 58 97 98 -13 0 44 1

0 54 96 52 -11 19 35 34

0 28 29 54 -2 7 45 1

0 12 92 88 -7 27 43 28

0 38 92 49 -10 16 20 43

0 13 17 24 -10 3 4 13

0 4 27 35 -7 0 16 17

0 7 72 56 -2 30 45 34

0 76 82 74 -4 0 4 37

0 21 24 0 -12 11 17 8

0 12 67 65 -16 0 46 33

0 13 21 96 -12 12 18 21

0 17 20 69 -10 0 17 11

0 15 95 84 -17 1 43 6

0 17 62 16 -2 22 49 42

0 3 57 40 -1 13 24 23

0 0 98 37 -1 4 7 35

0 64 76 92 -18 1 2 31

0 16 29 73 -10 11 17 23

0 32 37 29 -11 9 17 1

0 28 29 9 -12 8 11 37

0 25 36 67 -16 10 23 15

0 1 50 18 -10 1 2 32

0 27 66 36 -8 16 35 40

0 1 5 13 -2 11 29 4

0 9 15 82 -15 8 18 15

0 15 22 20 -13 9 19 6

0 21 64 72 -17 15 23 36

0 2 12 73 -6 2 7 13

0 6 56 51 -5 13 44 41

0 87 89 71 -1 29 45 41

0 6 67 33 -3 0 9 48

0 8 9 54 -19 8 10 25

0 49 60 72 -6 24 38 29

0 22 42 27 -19 13 23 48

0 3 28 10 -18 15 23 25

0 36 60 49 -12 36 43 2

0 10 28 83 -16 4 26 29

0 39 48 54 -20 27 38 46

0 8 25 6 -17 5 27 4

0 19 31 63 -14 16 21 39

0 2 12 47 -20 19 21 34

0 1 3 1 -4 2 7 6

0 6 14 32 -18 20 40 18

0 8 23 5 -13 21 32 36

0 6 10 59 -10 11 16 3

0 4 22 96 -3 2 36 8

0 9 17 70 -17 3 25 39

0 16 48 12 -6 22 25 2

0 0 21 66 -7 2 31 2

0 0 7 40 -1 23 47 30

0 3 48 51 -8 17 48 7

0 7 33 4 -20 1 35 1

0 8 10 91 -19 4 12 38

0 28 64 25 -20 23 25 2

0 8 18 85 -18 2 35 35

0 0 19 28 -5 2 41 20

0 7 41 33 -12 1 5 42

0 6 14 88 -7 13 43 33

0 1 6 49 -15 33 44 1

0 2 6 59 -7 2 5 35

0 11 13 46 -18 3 29 41

0 10 14 52 -13 19 20 37

0 3 18 9 -9 1 15 47

0 7 16 19 -2 17 40 48

0 20 25 53 -11 20 37 41


SAlphaB: 704.0, std-dev 270.3351785050805

Earliest win: 39
Latest win: 81

WinDepth:
0 0 0 0 0 0 0 0 0 0 0 0 0 0 0 0 0 0 0 0 0 0 0 0 0 0 0 0 0 0 0 0 0 0 0 0 0 0 0 2 1 2 1 18 6 8 10 47 22 111 95 228 76 139 97 247 123 158 132 205 142 180 196 333 293 377 406 362 432 390 443 525 389 403 387 367 316 275 202 140 87 77 
SAlphaB:
0 0 0 0 0 0 0 0 0 0 0 0 0 0 0 0 0 0 0 0 0 0 0 0 0 0 0 0 0 0 0 0 0 0 0 0 0 0 0 2 1 2 1 18 6 8 10 47 22 111 95 228 76 139 97 247 123 158 132 205 142 180 196 333 293 377 406 362 432 390 443 525 389 403 387 367 316 275 202 140 87 77 

LossDepth:
SAlphaB:
0 0 0 0 0 0 0 0 0 0 0 0 0 0 0 0 0 0 0 0 0 0 0 0 0 0 0 0 0 0 0 0 0 0 0 0 0 0 0 2 1 2 1 18 6 8 10 47 22 111 95 228 76 139 97 247 123 158 132 205 142 180 196 333 293 377 406 362 432 390 443 525 389 403 387 367 316 275 202 140 87 77 

FirstWin:
0 0 0 0 0 0 0 0 0 0 0 0 0 0 0 0 0 0 0 0 0 0 0 0 0 0 0 0 0 0 0 0 0 0 0 0 0 0 0 2 0 2 0 18 0 8 0 47 0 111 0 228 0 139 0 247 0 158 0 205 0 180 0 333 0 377 0 362 0 390 0 525 0 403 0 367 0 275 0 140 0 77 
SAlphaB:
0 0 0 0 0 0 0 0 0 0 0 0 0 0 0 0 0 0 0 0 0 0 0 0 0 0 0 0 0 0 0 0 0 0 0 0 0 0 0 2 0 2 0 18 0 8 0 47 0 111 0 228 0 139 0 247 0 158 0 205 0 180 0 333 0 377 0 362 0 390 0 525 0 403 0 367 0 275 0 140 0 77 

SecondWin:
0 0 0 0 0 0 0 0 0 0 0 0 0 0 0 0 0 0 0 0 0 0 0 0 0 0 0 0 0 0 0 0 0 0 0 0 0 0 0 0 1 0 1 0 6 0 10 0 22 0 95 0 76 0 97 0 123 0 132 0 142 0 196 0 293 0 406 0 432 0 443 0 389 0 387 0 316 0 202 0 87 0 
SAlphaB:
0 0 0 0 0 0 0 0 0 0 0 0 0 0 0 0 0 0 0 0 0 0 0 0 0 0 0 0 0 0 0 0 0 0 0 0 0 0 0 0 1 0 1 0 6 0 10 0 22 0 95 0 76 0 97 0 123 0 132 0 142 0 196 0 293 0 406 0 432 0 443 0 389 0 387 0 316 0 202 0 87 0 
