0 12 63 38 -11 0 6 5

0 39 62 90 -17 1 5 34

0 21 53 88 -14 1 4 27

0 46 73 46 -13 9 22 14

0 40 84 15 -18 1 14 2

0 28 84 67 -7 1 4 0

0 16 88 1 -3 0 3 2

0 46 51 57 -13 2 13 25

0 9 38 3 -10 2 6 25

0 27 28 59 -1 8 16 3

0 81 90 68 -16 8 23 2

0 32 44 82 -5 29 47 0

0 61 75 4 -10 4 7 0

0 85 96 55 -19 0 10 43

0 50 86 31 -1 4 27 38

0 10 43 66 -17 21 25 21

0 44 55 21 -3 16 29 16

0 26 42 92 -14 41 46 5

0 17 55 97 -16 15 43 48

0 43 76 30 -20 0 40 9

0 27 87 51 -7 14 44 5

0 41 80 65 -12 40 43 7

0 20 58 65 -1 44 49 4

0 8 15 78 -10 3 6 8

0 12 55 91 -9 8 13 22

0 34 60 42 -16 3 14 3

0 24 55 62 -3 22 26 28

0 59 68 45 -18 1 4 30

0 62 83 47 -1 1 3 5

0 5 12 61 -3 14 17 10

0 49 61 8 -12 12 45 8

0 2 19 47 -12 4 7 15

0 20 83 47 -3 5 28 20

0 35 64 58 -15 6 12 34

0 2 41 46 -14 0 2 18

0 0 41 50 -6 7 21 4

0 74 81 47 -5 2 31 42

0 46 71 76 -11 32 46 29

0 14 69 4 -8 7 23 17

0 7 50 13 -3 1 2 26

0 5 21 36 -1 2 4 17

0 1 71 0 -4 18 40 35

0 3 71 36 -17 20 43 16

0 6 36 93 -1 15 27 35

0 5 47 29 -1 2 11 27

0 68 89 41 -2 1 2 14

0 4 89 47 -16 21 26 7

0 21 46 13 -5 0 2 21

0 60 95 27 -5 37 47 19

0 35 55 20 -3 2 4 38

0 46 51 89 -7 29 43 19

0 17 43 77 -19 5 14 43

0 6 18 34 -15 6 14 8

0 69 86 16 -20 33 35 31

0 26 46 1 -17 30 35 32

0 3 92 11 -3 29 44 29

0 28 31 51 -5 4 29 30

0 45 73 84 -18 11 22 1

0 71 75 0 -16 0 1 37

0 1 56 13 -10 25 39 5

0 5 42 18 -1 9 24 32

0 8 19 35 -19 33 35 2

0 5 14 60 -20 0 6 8

0 28 42 30 -15 1 2 39

0 59 73 95 -16 28 42 2

0 11 19 2 -1 18 34 17

0 37 68 8 -16 31 42 38

0 5 24 20 -19 18 25 29

0 26 33 10 -1 15 26 22

0 6 24 24 -15 24 33 20

0 35 51 12 -3 3 4 36

0 4 32 3 -1 13 17 20

0 8 12 96 -7 17 42 14

0 8 18 76 -13 11 27 30

0 11 18 4 -16 23 44 19

0 2 22 18 -18 3 16 9

0 6 59 12 -18 20 28 35

0 5 10 56 -8 29 41 4

0 18 21 51 -11 7 10 44

0 70 84 45 -11 43 45 26

0 4 6 49 -13 6 13 18

0 2 66 67 -7 2 18 40

0 2 35 61 -19 30 43 19

0 0 14 19 -10 27 47 11

0 0 1 8 -11 0 10 11

0 0 1 18 -18 4 21 14

0 15 39 28 -6 11 19 33

0 5 19 6 -10 4 8 23

0 1 7 79 -15 7 25 26

0 0 2 46 -13 3 25 38

0 1 6 71 -9 7 24 44

0 0 4 59 -8 19 28 38

0 6 40 3 -12 11 18 44

0 1 3 80 -2 7 44 45

0 3 11 17 -5 3 39 26

0 3 8 56 -3 3 14 25

0 1 12 45 -12 10 11 45

0 3 8 11 -5 0 1 27

0 1 5 19 -8 8 10 46

0 1 8 5 -6 4 9 38


SAlphaB: 709.0, std-dev 259.8360251187178

Earliest win: 35
Latest win: 81

WinDepth:
0 0 0 0 0 0 0 0 0 0 0 0 0 0 0 0 0 0 0 0 0 0 0 0 0 0 0 0 0 0 0 0 0 0 0 1 0 4 2 0 7 5 2 21 4 12 11 64 26 68 70 198 74 81 71 158 123 186 122 151 114 237 209 346 341 411 420 392 507 425 502 409 442 364 441 349 279 237 187 136 95 73 
SAlphaB:
0 0 0 0 0 0 0 0 0 0 0 0 0 0 0 0 0 0 0 0 0 0 0 0 0 0 0 0 0 0 0 0 0 0 0 1 0 4 2 0 7 5 2 21 4 12 11 64 26 68 70 198 74 81 71 158 123 186 122 151 114 237 209 346 341 411 420 392 507 425 502 409 442 364 441 349 279 237 187 136 95 73 

LossDepth:
SAlphaB:
0 0 0 0 0 0 0 0 0 0 0 0 0 0 0 0 0 0 0 0 0 0 0 0 0 0 0 0 0 0 0 0 0 0 0 1 0 4 2 0 7 5 2 21 4 12 11 64 26 68 70 198 74 81 71 158 123 186 122 151 114 237 209 346 341 411 420 392 507 425 502 409 442 364 441 349 279 237 187 136 95 73 

FirstWin:
0 0 0 0 0 0 0 0 0 0 0 0 0 0 0 0 0 0 0 0 0 0 0 0 0 0 0 0 0 0 0 0 0 0 0 1 0 4 0 0 0 5 0 21 0 12 0 64 0 68 0 198 0 81 0 158 0 186 0 151 0 237 0 346 0 411 0 392 0 425 0 409 0 364 0 349 0 237 0 136 0 73 
SAlphaB:
0 0 0 0 0 0 0 0 0 0 0 0 0 0 0 0 0 0 0 0 0 0 0 0 0 0 0 0 0 0 0 0 0 0 0 1 0 4 0 0 0 5 0 21 0 12 0 64 0 68 0 198 0 81 0 158 0 186 0 151 0 237 0 346 0 411 0 392 0 425 0 409 0 364 0 349 0 237 0 136 0 73 

SecondWin:
0 0 0 0 0 0 0 0 0 0 0 0 0 0 0 0 0 0 0 0 0 0 0 0 0 0 0 0 0 0 0 0 0 0 0 0 0 0 2 0 7 0 2 0 4 0 11 0 26 0 70 0 74 0 71 0 123 0 122 0 114 0 209 0 341 0 420 0 507 0 502 0 442 0 441 0 279 0 187 0 95 0 
SAlphaB:
0 0 0 0 0 0 0 0 0 0 0 0 0 0 0 0 0 0 0 0 0 0 0 0 0 0 0 0 0 0 0 0 0 0 0 0 0 0 2 0 7 0 2 0 4 0 11 0 26 0 70 0 74 0 71 0 123 0 122 0 114 0 209 0 341 0 420 0 507 0 502 0 442 0 441 0 279 0 187 0 95 0 
