0 15 58 86 -7 3 6 6

0 71 98 98 -8 10 25 10

0 8 27 28 -13 2 5 5

0 48 90 68 -8 13 27 29

0 51 79 73 -11 5 13 14

0 63 81 62 -20 2 5 12

0 34 92 85 -10 13 25 45

0 30 67 93 -18 0 26 32

0 53 59 5 -16 0 11 29

0 16 31 36 -2 6 12 25

0 66 93 18 -10 6 16 7

0 67 79 76 -4 16 43 35

0 73 97 17 -17 10 37 18

0 33 77 35 -1 1 6 26

0 45 87 22 -18 19 42 16

0 66 97 63 -19 3 22 43

0 63 86 89 -12 15 45 29

0 12 77 72 -19 21 48 23

0 51 56 47 -2 28 48 2

0 19 75 77 -14 7 8 7

0 31 58 99 -3 5 6 2

0 30 31 5 -17 0 3 14

0 23 37 11 -3 1 4 17

0 73 88 13 -16 13 37 19

0 14 32 48 -12 0 1 38

0 16 19 66 -11 5 8 7

0 18 96 43 -2 21 47 32

0 44 92 62 -11 0 41 29

0 54 66 13 -2 4 5 27

0 7 98 87 -19 0 6 40

0 55 60 53 -4 12 48 28

0 3 79 95 -15 0 22 29

0 38 60 94 -12 21 36 6

0 16 41 78 -12 1 21 7

0 58 62 82 -7 4 6 41

0 22 38 37 -16 5 8 11

0 74 80 97 -6 26 41 20

0 44 88 21 -7 4 8 30

0 40 75 1 -19 3 36 40

0 42 63 65 -13 12 49 1

0 15 59 32 -9 17 25 49

0 43 90 98 -8 13 15 9

0 65 70 78 -15 29 33 43

0 8 76 97 -13 33 46 24

0 74 80 69 -1 16 23 20

0 11 30 30 -9 8 35 31

0 73 85 4 -20 6 10 9

0 21 67 31 -20 43 47 27

0 13 40 29 -2 24 31 29

0 14 84 15 -17 33 40 6

0 0 88 89 -16 9 16 34

0 9 83 28 -13 1 6 38

0 29 68 9 -14 18 21 32

0 20 23 60 -8 7 26 39

0 0 49 59 -17 27 46 28

0 44 49 14 -9 23 30 12

0 11 21 20 -2 47 49 20

0 34 56 42 -8 10 44 9

0 18 24 30 -11 40 45 33

0 4 97 32 -17 19 34 40

0 13 36 92 -12 17 41 45

0 7 35 89 -16 6 9 43

0 10 12 75 -10 21 47 2

0 13 17 52 -8 12 25 32

0 3 13 39 -20 44 49 49

0 43 57 26 -6 25 27 6

0 2 6 99 -2 18 41 22

0 23 29 17 -12 5 17 44

0 4 62 60 -4 33 42 41

0 2 11 45 -19 2 9 12

0 2 33 15 -5 24 34 31

0 14 22 86 -5 1 7 47

0 11 69 15 -17 0 30 42

0 6 10 90 -10 9 27 49

0 11 38 52 -16 23 43 41

0 2 17 1 -17 8 14 20

0 3 5 38 -13 25 28 7

0 1 12 68 -8 26 35 49

0 4 11 51 -11 5 27 7

0 12 53 9 -19 5 22 49

0 0 22 53 -10 23 34 0

0 1 9 84 -14 13 20 41

0 6 18 12 -18 7 33 46

0 1 4 22 -13 5 21 22

0 0 1 21 -11 1 5 19

0 2 27 97 -10 1 8 16

0 30 57 24 -17 29 43 36

0 6 25 76 -6 9 41 43

0 5 17 67 -11 13 17 0

0 1 5 77 -2 10 25 41

0 0 1 22 -17 16 27 45

0 2 9 71 -17 3 5 46

0 1 4 98 -6 11 37 26

0 9 21 54 -5 29 45 0

0 1 2 8 -7 1 20 12

0 2 8 60 -11 10 37 8

0 11 16 7 -19 28 46 5

0 3 14 35 -8 12 13 35

0 5 6 60 -19 3 6 47

0 0 12 0 -3 2 45 19


SAlphaB: 699.0, std-dev 272.73661444438636

Earliest win: 37
Latest win: 81

WinDepth:
0 0 0 0 0 0 0 0 0 0 0 0 0 0 0 0 0 0 0 0 0 0 0 0 0 0 0 0 0 0 0 0 0 0 0 0 0 5 1 1 1 2 4 24 14 19 14 36 10 69 50 152 82 112 83 160 93 172 149 226 150 231 259 342 360 393 408 395 413 416 438 489 366 407 404 361 266 248 192 102 92 90 
SAlphaB:
0 0 0 0 0 0 0 0 0 0 0 0 0 0 0 0 0 0 0 0 0 0 0 0 0 0 0 0 0 0 0 0 0 0 0 0 0 5 1 1 1 2 4 24 14 19 14 36 10 69 50 152 82 112 83 160 93 172 149 226 150 231 259 342 360 393 408 395 413 416 438 489 366 407 404 361 266 248 192 102 92 90 

LossDepth:
SAlphaB:
0 0 0 0 0 0 0 0 0 0 0 0 0 0 0 0 0 0 0 0 0 0 0 0 0 0 0 0 0 0 0 0 0 0 0 0 0 5 1 1 1 2 4 24 14 19 14 36 10 69 50 152 82 112 83 160 93 172 149 226 150 231 259 342 360 393 408 395 413 416 438 489 366 407 404 361 266 248 192 102 92 90 

FirstWin:
0 0 0 0 0 0 0 0 0 0 0 0 0 0 0 0 0 0 0 0 0 0 0 0 0 0 0 0 0 0 0 0 0 0 0 0 0 5 0 1 0 2 0 24 0 19 0 36 0 69 0 152 0 112 0 160 0 172 0 226 0 231 0 342 0 393 0 395 0 416 0 489 0 407 0 361 0 248 0 102 0 90 
SAlphaB:
0 0 0 0 0 0 0 0 0 0 0 0 0 0 0 0 0 0 0 0 0 0 0 0 0 0 0 0 0 0 0 0 0 0 0 0 0 5 0 1 0 2 0 24 0 19 0 36 0 69 0 152 0 112 0 160 0 172 0 226 0 231 0 342 0 393 0 395 0 416 0 489 0 407 0 361 0 248 0 102 0 90 

SecondWin:
0 0 0 0 0 0 0 0 0 0 0 0 0 0 0 0 0 0 0 0 0 0 0 0 0 0 0 0 0 0 0 0 0 0 0 0 0 0 1 0 1 0 4 0 14 0 14 0 10 0 50 0 82 0 83 0 93 0 149 0 150 0 259 0 360 0 408 0 413 0 438 0 366 0 404 0 266 0 192 0 92 0 
SAlphaB:
0 0 0 0 0 0 0 0 0 0 0 0 0 0 0 0 0 0 0 0 0 0 0 0 0 0 0 0 0 0 0 0 0 0 0 0 0 0 1 0 1 0 4 0 14 0 14 0 10 0 50 0 82 0 83 0 93 0 149 0 150 0 259 0 360 0 408 0 413 0 438 0 366 0 404 0 266 0 192 0 92 0 
