0 81 95 57 -2 5 35 17

0 33 35 73 -9 1 10 15

0 49 60 98 -12 3 13 6

0 89 97 9 -7 5 34 21

0 45 75 57 -16 0 1 26

0 6 50 89 -11 4 9 7

0 51 94 13 -17 0 1 10

0 56 86 59 -11 11 38 13

0 5 99 45 -19 0 8 5

0 66 86 72 -4 13 36 10

0 52 53 98 -17 28 47 4

0 88 99 41 -4 5 25 1

0 12 29 25 -11 0 1 10

0 5 67 5 -10 0 7 3

0 34 99 31 -8 37 45 30

0 65 80 62 -6 17 40 37

0 88 91 76 -9 4 20 3

0 18 83 72 -1 10 37 25

0 32 71 81 -14 0 22 24

0 55 92 36 -20 0 7 17

0 55 73 29 -11 0 16 0

0 46 47 74 -6 8 38 32

0 57 77 4 -4 14 30 42

0 38 51 28 -9 14 38 15

0 26 36 79 -14 8 14 46

0 82 83 85 -13 4 11 47

0 46 70 40 -18 2 38 19

0 20 45 25 -6 21 25 7

0 44 59 50 -1 23 28 44

0 63 70 92 -16 15 16 46

0 36 37 84 -18 45 46 26

0 31 50 31 -18 4 18 44

0 26 53 80 -1 16 31 33

0 91 97 72 -6 34 40 48

0 23 36 34 -4 29 37 19

0 4 70 35 -18 6 9 1

0 15 22 74 -5 2 18 19

0 32 51 19 -17 8 17 12

0 30 51 7 -17 9 22 26

0 23 34 50 -6 20 23 9

0 23 81 70 -18 3 20 48

0 40 65 76 -14 39 48 16

0 20 53 13 -4 18 36 23

0 39 41 30 -13 0 19 25

0 17 82 40 -4 9 37 37

0 32 34 56 -16 10 33 46

0 25 49 15 -2 4 41 5

0 36 40 37 -7 35 39 21

0 59 63 59 -2 41 49 13

0 96 98 38 -19 0 25 40

0 5 79 9 -6 9 11 20

0 16 97 9 -1 14 40 26

0 30 67 16 -2 29 38 47

0 8 83 35 -20 11 29 7

0 72 89 37 -8 1 2 47

0 21 80 97 -20 7 32 37

0 63 88 40 -2 28 48 7

0 11 36 79 -12 36 42 36

0 23 60 7 -16 3 26 0

0 17 92 47 -7 10 27 24

0 44 58 33 -6 34 47 19

0 38 50 79 -6 27 36 38

0 31 49 23 -19 29 40 30

0 20 24 54 -6 28 36 2

0 46 48 78 -20 19 29 32

0 22 34 57 -3 8 30 48

0 8 32 89 -12 25 39 1

0 0 75 84 -18 1 7 28

0 40 89 51 -4 24 43 12

0 16 36 55 -17 3 26 43

0 52 62 61 -7 31 39 29

0 32 58 25 -19 1 39 6

0 30 33 97 -9 29 34 45

0 13 37 3 -4 21 30 45

0 57 81 41 -1 0 2 34

0 1 6 95 -2 5 40 20

0 2 22 32 -3 5 9 27

0 3 75 41 -2 25 41 45

0 12 17 48 -9 11 47 34

0 37 61 2 -5 30 38 1

0 11 17 43 -13 1 44 18

0 19 52 26 -15 17 21 48

0 24 28 11 -17 3 42 8

0 5 24 72 -6 30 32 46

0 9 27 16 -7 16 32 23

0 7 8 20 -3 39 45 14

0 8 10 8 -9 5 6 15

0 7 32 68 -16 7 40 8

0 15 29 3 -2 10 31 42

0 3 7 12 -18 5 10 3

0 17 19 48 -3 0 1 39

0 39 47 23 -8 31 45 34

0 1 6 64 -19 7 33 2

0 1 21 19 -7 23 38 31

0 5 22 21 -4 22 44 43

0 0 14 35 -15 16 25 23

0 7 20 3 -12 14 27 14

0 4 10 9 -7 0 28 3

0 6 15 1 -14 22 44 44

0 1 2 31 -2 8 27 0


SAlphaB: 724.0, std-dev 265.7233781338569

Earliest win: 35
Latest win: 81

WinDepth:
0 0 0 0 0 0 0 0 0 0 0 0 0 0 0 0 0 0 0 0 0 0 0 0 0 0 0 0 0 0 0 0 0 0 0 1 0 3 2 3 26 8 4 13 5 29 10 25 35 86 71 157 126 139 86 126 133 177 147 174 201 216 224 344 348 335 430 328 471 423 491 414 419 403 408 325 255 227 187 155 121 80 
SAlphaB:
0 0 0 0 0 0 0 0 0 0 0 0 0 0 0 0 0 0 0 0 0 0 0 0 0 0 0 0 0 0 0 0 0 0 0 1 0 3 2 3 26 8 4 13 5 29 10 25 35 86 71 157 126 139 86 126 133 177 147 174 201 216 224 344 348 335 430 328 471 423 491 414 419 403 408 325 255 227 187 155 121 80 

LossDepth:
SAlphaB:
0 0 0 0 0 0 0 0 0 0 0 0 0 0 0 0 0 0 0 0 0 0 0 0 0 0 0 0 0 0 0 0 0 0 0 1 0 3 2 3 26 8 4 13 5 29 10 25 35 86 71 157 126 139 86 126 133 177 147 174 201 216 224 344 348 335 430 328 471 423 491 414 419 403 408 325 255 227 187 155 121 80 

FirstWin:
0 0 0 0 0 0 0 0 0 0 0 0 0 0 0 0 0 0 0 0 0 0 0 0 0 0 0 0 0 0 0 0 0 0 0 1 0 3 0 3 0 8 0 13 0 29 0 25 0 86 0 157 0 139 0 126 0 177 0 174 0 216 0 344 0 335 0 328 0 423 0 414 0 403 0 325 0 227 0 155 0 80 
SAlphaB:
0 0 0 0 0 0 0 0 0 0 0 0 0 0 0 0 0 0 0 0 0 0 0 0 0 0 0 0 0 0 0 0 0 0 0 1 0 3 0 3 0 8 0 13 0 29 0 25 0 86 0 157 0 139 0 126 0 177 0 174 0 216 0 344 0 335 0 328 0 423 0 414 0 403 0 325 0 227 0 155 0 80 

SecondWin:
0 0 0 0 0 0 0 0 0 0 0 0 0 0 0 0 0 0 0 0 0 0 0 0 0 0 0 0 0 0 0 0 0 0 0 0 0 0 2 0 26 0 4 0 5 0 10 0 35 0 71 0 126 0 86 0 133 0 147 0 201 0 224 0 348 0 430 0 471 0 491 0 419 0 408 0 255 0 187 0 121 0 
SAlphaB:
0 0 0 0 0 0 0 0 0 0 0 0 0 0 0 0 0 0 0 0 0 0 0 0 0 0 0 0 0 0 0 0 0 0 0 0 0 0 2 0 26 0 4 0 5 0 10 0 35 0 71 0 126 0 86 0 133 0 147 0 201 0 224 0 348 0 430 0 471 0 491 0 419 0 408 0 255 0 187 0 121 0 
