0 25 95 6 -16 3 16 39

0 34 93 98 -12 2 5 16

0 49 95 97 -4 11 36 30

0 30 48 66 -8 9 29 26

0 42 87 63 -14 33 36 30

0 31 88 11 -17 2 24 41

0 34 86 68 -14 14 26 20

0 70 75 79 -20 7 36 6

0 22 92 83 -3 10 21 16

0 64 97 4 -10 14 39 47

0 5 86 88 -15 0 15 8

0 51 63 15 -14 2 6 5

0 40 47 31 -11 3 7 3

0 42 70 10 -19 1 9 37

0 14 57 79 -8 18 25 16

0 82 92 7 -9 1 41 30

0 19 83 36 -19 12 37 12

0 82 99 76 -16 8 13 12

0 27 57 39 -11 4 11 35

0 84 95 85 -13 21 26 35

0 0 98 16 -15 4 14 30

0 4 86 4 -5 6 21 12

0 36 44 51 -12 1 4 7

0 11 56 1 -8 4 5 23

0 49 52 15 -1 8 13 21

0 79 89 49 -6 8 48 39

0 8 90 85 -3 6 9 42

0 32 40 16 -11 4 21 41

0 42 52 82 -20 13 28 19

0 47 59 92 -20 20 22 22

0 88 97 41 -19 13 14 46

0 28 44 93 -2 19 21 2

0 28 64 90 -20 11 29 10

0 21 26 96 -13 16 28 44

0 3 43 22 -18 1 2 21

0 14 57 28 -4 8 23 10

0 23 50 80 -10 32 48 9

0 12 68 58 -15 13 25 21

0 23 31 60 -6 10 39 23

0 13 89 82 -4 9 40 45

0 15 44 5 -5 5 36 17

0 6 73 1 -7 12 17 34

0 20 45 92 -18 5 27 38

0 27 36 18 -14 33 37 27

0 16 29 6 -15 4 13 3

0 0 57 31 -16 3 25 38

0 5 65 5 -9 3 35 15

0 43 44 79 -15 17 35 38

0 19 79 31 -1 17 26 19

0 2 20 16 -16 2 11 14

0 25 38 34 -4 13 32 41

0 8 40 57 -20 10 24 38

0 0 5 40 -13 8 24 0

0 21 72 2 -17 21 26 11

0 6 79 51 -3 7 20 31

0 17 54 62 -19 1 13 36

0 5 85 17 -15 16 33 35

0 4 22 82 -12 23 45 18

0 5 15 21 -6 1 6 22

0 4 67 25 -7 6 10 24

0 1 74 70 -10 6 18 34

0 58 98 94 -13 33 38 38

0 37 58 64 -3 22 23 45

0 16 20 33 -16 26 38 39

0 22 33 89 -14 16 21 38

0 21 26 64 -7 21 25 2

0 19 75 60 -10 20 36 23

0 0 59 31 -18 2 22 28

0 69 73 5 -5 33 36 9

0 10 18 86 -11 11 34 14

0 18 19 24 -17 1 17 20

0 11 12 64 -11 23 36 5

0 57 99 68 -7 34 45 42

0 18 20 71 -8 14 46 37

0 69 79 32 -14 36 47 38

0 1 27 20 -5 0 16 32

0 11 20 68 -6 6 42 47

0 19 49 27 -4 14 25 32

0 5 10 3 -9 1 17 14

0 7 28 15 -1 18 19 25

0 10 20 32 -20 2 37 28

0 3 9 82 -10 1 28 7

0 27 62 22 -5 9 48 46

0 5 29 61 -17 3 13 46

0 71 84 83 -10 37 46 37

0 14 26 60 -6 4 9 40

0 7 12 1 -14 10 31 11

0 4 15 41 -3 18 37 49

0 11 41 99 -18 32 43 9

0 3 13 9 -10 7 14 29

0 4 7 18 -15 2 46 36

0 24 30 27 -20 0 45 29

0 19 26 13 -11 15 16 36

0 8 15 82 -3 35 41 21

0 3 16 80 -13 31 47 39

0 12 29 22 -4 1 4 45

0 2 5 17 -12 4 34 22

0 5 6 16 -14 6 10 48

0 4 6 29 -3 2 16 40

0 0 1 29 -6 27 34 1


SAlphaB: 714.0, std-dev 262.65888486396153

Earliest win: 37
Latest win: 81

WinDepth:
0 0 0 0 0 0 0 0 0 0 0 0 0 0 0 0 0 0 0 0 0 0 0 0 0 0 0 0 0 0 0 0 0 0 0 0 0 18 0 2 0 1 7 17 12 15 16 37 24 55 79 237 78 140 79 175 133 165 129 152 164 217 262 334 373 376 378 380 405 430 452 478 393 389 367 334 260 243 177 93 103 94 
SAlphaB:
0 0 0 0 0 0 0 0 0 0 0 0 0 0 0 0 0 0 0 0 0 0 0 0 0 0 0 0 0 0 0 0 0 0 0 0 0 18 0 2 0 1 7 17 12 15 16 37 24 55 79 237 78 140 79 175 133 165 129 152 164 217 262 334 373 376 378 380 405 430 452 478 393 389 367 334 260 243 177 93 103 94 

LossDepth:
SAlphaB:
0 0 0 0 0 0 0 0 0 0 0 0 0 0 0 0 0 0 0 0 0 0 0 0 0 0 0 0 0 0 0 0 0 0 0 0 0 18 0 2 0 1 7 17 12 15 16 37 24 55 79 237 78 140 79 175 133 165 129 152 164 217 262 334 373 376 378 380 405 430 452 478 393 389 367 334 260 243 177 93 103 94 

FirstWin:
0 0 0 0 0 0 0 0 0 0 0 0 0 0 0 0 0 0 0 0 0 0 0 0 0 0 0 0 0 0 0 0 0 0 0 0 0 18 0 2 0 1 0 17 0 15 0 37 0 55 0 237 0 140 0 175 0 165 0 152 0 217 0 334 0 376 0 380 0 430 0 478 0 389 0 334 0 243 0 93 0 94 
SAlphaB:
0 0 0 0 0 0 0 0 0 0 0 0 0 0 0 0 0 0 0 0 0 0 0 0 0 0 0 0 0 0 0 0 0 0 0 0 0 18 0 2 0 1 0 17 0 15 0 37 0 55 0 237 0 140 0 175 0 165 0 152 0 217 0 334 0 376 0 380 0 430 0 478 0 389 0 334 0 243 0 93 0 94 

SecondWin:
0 0 0 0 0 0 0 0 0 0 0 0 0 0 0 0 0 0 0 0 0 0 0 0 0 0 0 0 0 0 0 0 0 0 0 0 0 0 0 0 0 0 7 0 12 0 16 0 24 0 79 0 78 0 79 0 133 0 129 0 164 0 262 0 373 0 378 0 405 0 452 0 393 0 367 0 260 0 177 0 103 0 
SAlphaB:
0 0 0 0 0 0 0 0 0 0 0 0 0 0 0 0 0 0 0 0 0 0 0 0 0 0 0 0 0 0 0 0 0 0 0 0 0 0 0 0 0 0 7 0 12 0 16 0 24 0 79 0 78 0 79 0 133 0 129 0 164 0 262 0 373 0 378 0 405 0 452 0 393 0 367 0 260 0 177 0 103 0 
