0 72 74 90 -15 11 37 35

0 24 57 0 -14 1 3 5

0 33 78 47 -18 4 18 13

0 45 58 43 -8 10 12 30

0 37 87 54 -9 6 10 30

0 67 74 48 -20 4 15 41

0 41 63 26 -2 10 16 26

0 68 99 52 -18 12 49 49

0 17 41 75 -1 5 12 15

0 17 55 80 -4 17 25 4

0 26 41 63 -5 6 14 16

0 21 98 46 -17 4 14 46

0 62 89 83 -8 15 30 36

0 48 73 9 -13 3 6 31

0 23 29 32 -6 3 4 17

0 19 58 21 -6 1 13 40

0 31 43 8 -3 7 9 2

0 76 83 0 -13 9 12 6

0 4 78 36 -8 1 9 25

0 28 51 64 -4 37 46 5

0 30 33 94 -17 2 8 37

0 21 80 50 -4 9 14 12

0 21 40 46 -12 8 28 38

0 25 55 56 -20 15 19 17

0 23 62 74 -20 6 15 12

0 8 14 61 -4 8 11 26

0 7 27 58 -20 2 6 23

0 42 48 63 -9 16 36 21

0 34 51 18 -16 10 14 43

0 20 67 74 -16 0 43 5

0 17 53 64 -14 18 35 19

0 60 75 72 -13 21 45 15

0 24 50 98 -20 7 15 19

0 0 82 7 -4 29 30 14

0 30 42 50 -18 8 47 5

0 7 95 64 -11 13 20 21

0 4 5 87 -16 11 12 13

0 41 67 80 -11 1 21 47

0 5 98 25 -7 6 10 27

0 35 77 83 -17 0 11 48

0 15 24 84 -16 1 16 29

0 50 84 26 -17 15 22 21

0 10 59 33 -7 3 23 18

0 62 81 26 -13 8 9 33

0 64 90 3 -4 27 33 46

0 61 82 55 -18 3 27 22

0 35 65 24 -14 14 28 46

0 27 65 11 -14 11 24 31

0 15 74 99 -17 0 13 46

0 15 16 66 -19 15 17 3

0 34 67 81 -20 14 27 3

0 55 79 77 -7 45 48 9

0 25 36 41 -4 11 14 27

0 45 59 45 -10 9 15 48

0 59 82 62 -14 39 42 22

0 51 87 45 -10 29 32 5

0 36 41 49 -10 0 15 43

0 39 53 17 -7 14 24 37

0 9 11 44 -2 16 43 0

0 22 27 30 -8 1 3 49

0 27 28 5 -20 8 9 39

0 10 21 99 -10 13 29 15

0 15 30 72 -13 2 29 17

0 52 56 35 -5 17 20 39

0 13 19 71 -3 4 19 9

0 25 58 17 -7 44 48 44

0 6 7 73 -2 8 19 9

0 5 17 7 -10 4 6 31

0 6 13 19 -13 30 33 3

0 17 61 35 -3 3 24 41

0 10 19 35 -9 18 23 11

0 41 47 79 -18 11 13 23

0 18 22 4 -20 4 18 16

0 12 22 75 -13 6 26 16

0 6 54 59 -16 8 48 39

0 20 23 59 -17 18 43 28

0 4 9 88 -14 10 19 8

0 44 80 22 -6 29 42 28

0 7 13 64 -18 12 48 42

0 4 7 48 -15 10 20 7

0 9 32 29 -2 36 46 2

0 13 18 37 -10 16 36 13

0 48 53 33 -4 1 30 43

0 18 25 49 -19 31 36 0

0 12 15 10 -12 18 29 8

0 3 17 28 -16 3 27 6

0 11 28 69 -9 22 30 47

0 35 44 29 -1 17 33 21

0 6 13 43 -3 7 28 45

0 2 18 65 -7 39 43 10

0 0 25 27 -5 5 9 47

0 7 17 19 -16 11 17 25

0 0 1 31 -9 28 32 8

0 5 6 68 -6 22 42 48

0 5 16 33 -6 20 26 30

0 3 6 28 -5 16 44 22

0 3 17 31 -9 10 35 3

0 6 7 68 -12 12 32 47

0 2 21 32 -19 25 40 33

0 4 10 87 -7 4 16 28


SAlphaB: 678.0, std-dev 272.3030565306963

Earliest win: 36
Latest win: 81

WinDepth:
0 0 0 0 0 0 0 0 0 0 0 0 0 0 0 0 0 0 0 0 0 0 0 0 0 0 0 0 0 0 0 0 0 0 0 0 1 0 1 4 16 10 10 7 22 18 14 43 43 64 69 231 96 141 94 230 136 206 154 181 137 196 227 378 282 326 323 381 403 417 426 455 402 385 393 364 245 262 202 110 121 73 
SAlphaB:
0 0 0 0 0 0 0 0 0 0 0 0 0 0 0 0 0 0 0 0 0 0 0 0 0 0 0 0 0 0 0 0 0 0 0 0 1 0 1 4 16 10 10 7 22 18 14 43 43 64 69 231 96 141 94 230 136 206 154 181 137 196 227 378 282 326 323 381 403 417 426 455 402 385 393 364 245 262 202 110 121 73 

LossDepth:
SAlphaB:
0 0 0 0 0 0 0 0 0 0 0 0 0 0 0 0 0 0 0 0 0 0 0 0 0 0 0 0 0 0 0 0 0 0 0 0 1 0 1 4 16 10 10 7 22 18 14 43 43 64 69 231 96 141 94 230 136 206 154 181 137 196 227 378 282 326 323 381 403 417 426 455 402 385 393 364 245 262 202 110 121 73 

FirstWin:
0 0 0 0 0 0 0 0 0 0 0 0 0 0 0 0 0 0 0 0 0 0 0 0 0 0 0 0 0 0 0 0 0 0 0 0 0 0 0 4 0 10 0 7 0 18 0 43 0 64 0 231 0 141 0 230 0 206 0 181 0 196 0 378 0 326 0 381 0 417 0 455 0 385 0 364 0 262 0 110 0 73 
SAlphaB:
0 0 0 0 0 0 0 0 0 0 0 0 0 0 0 0 0 0 0 0 0 0 0 0 0 0 0 0 0 0 0 0 0 0 0 0 0 0 0 4 0 10 0 7 0 18 0 43 0 64 0 231 0 141 0 230 0 206 0 181 0 196 0 378 0 326 0 381 0 417 0 455 0 385 0 364 0 262 0 110 0 73 

SecondWin:
0 0 0 0 0 0 0 0 0 0 0 0 0 0 0 0 0 0 0 0 0 0 0 0 0 0 0 0 0 0 0 0 0 0 0 0 1 0 1 0 16 0 10 0 22 0 14 0 43 0 69 0 96 0 94 0 136 0 154 0 137 0 227 0 282 0 323 0 403 0 426 0 402 0 393 0 245 0 202 0 121 0 
SAlphaB:
0 0 0 0 0 0 0 0 0 0 0 0 0 0 0 0 0 0 0 0 0 0 0 0 0 0 0 0 0 0 0 0 0 0 0 0 1 0 1 0 16 0 10 0 22 0 14 0 43 0 69 0 96 0 94 0 136 0 154 0 137 0 227 0 282 0 323 0 403 0 426 0 402 0 393 0 245 0 202 0 121 0 
