0 37 89 48 -4 7 21 23

0 74 96 26 -10 5 32 42

0 35 94 28 -17 5 12 29

0 31 77 79 -16 2 9 22

0 50 83 65 -6 4 31 18

0 28 54 59 -11 0 2 11

0 52 54 74 -4 4 21 14

0 15 34 1 -2 1 2 3

0 35 94 63 -18 5 21 25

0 68 81 60 -10 14 33 14

0 47 96 13 -19 3 13 28

0 36 48 77 -13 3 10 19

0 79 81 41 -19 3 27 48

0 48 84 73 -11 1 17 24

0 68 98 80 -12 6 44 38

0 32 63 76 -13 0 5 6

0 23 45 30 -6 5 11 11

0 36 82 78 -19 0 2 22

0 38 53 27 -4 1 3 5

0 79 92 90 -10 9 35 12

0 77 98 26 -1 9 30 13

0 22 89 39 -5 4 7 0

0 71 98 41 -4 4 12 23

0 49 62 49 -10 8 24 12

0 78 96 21 -16 8 17 9

0 27 36 38 -17 0 2 6

0 30 86 23 -20 0 3 37

0 50 81 27 -4 5 27 3

0 46 66 22 -8 10 15 1

0 18 39 0 -17 0 2 9

0 31 84 22 -10 5 9 17

0 53 83 85 -13 11 38 29

0 34 93 77 -4 7 17 22

0 40 43 33 -11 2 9 1

0 6 75 16 -7 2 5 2

0 51 89 42 -8 0 6 22

0 26 45 44 -19 0 9 12

0 30 44 56 -10 1 2 17

0 23 41 59 -3 17 35 20

0 40 59 67 -3 6 23 27

0 45 96 11 -2 2 14 25

0 27 57 60 -10 5 13 5

0 58 70 52 -7 9 32 39

0 41 61 44 -19 4 13 26

0 42 82 48 -4 18 40 1

0 33 64 81 -20 0 18 35

0 19 33 85 -16 1 4 15

0 29 57 46 -10 4 5 1

0 27 91 24 -2 1 2 5

0 77 97 74 -20 3 20 23

0 43 81 80 -11 18 37 7

0 47 80 12 -4 9 16 0

0 36 78 95 -8 9 19 19

0 81 97 25 -15 6 24 8

0 31 53 8 -10 4 14 35

0 39 97 54 -9 0 7 17

0 21 99 22 -9 5 11 23

0 78 79 4 -9 3 17 21

0 57 92 7 -17 15 20 12

0 87 90 72 -9 13 34 25

0 50 57 41 -6 1 28 5

0 6 81 23 -10 9 27 11

0 37 87 34 -16 16 18 6

0 60 96 41 -14 16 33 10

0 12 96 46 -19 6 16 8

0 48 74 56 -6 10 11 35

0 28 58 81 -3 8 21 11

0 78 86 77 -6 4 24 6

0 10 53 36 -10 3 8 10

0 67 84 1 -10 6 42 16

0 51 63 41 -10 0 8 16

0 48 78 51 -15 7 12 25

0 29 35 53 -9 3 15 26

0 65 99 0 -17 14 37 44

0 37 58 43 -4 14 38 17

0 49 67 92 -11 8 40 32

0 20 63 8 -13 5 9 6

0 37 94 95 -15 9 26 35

0 40 99 82 -5 4 6 1

0 65 96 20 -9 14 25 15

0 32 55 96 -7 3 4 2

0 34 37 53 -13 2 13 8

0 15 99 94 -14 17 42 30

0 18 47 35 -16 3 5 8

0 25 51 81 -12 28 38 15

0 64 98 3 -19 13 18 39

0 16 70 71 -2 7 11 17

0 33 42 27 -12 14 29 21

0 42 50 90 -1 15 17 29

0 55 59 88 -8 5 12 28

0 26 91 93 -2 6 28 39

0 1 29 24 -2 4 9 2

0 22 32 49 -18 7 16 23

0 40 87 94 -14 14 19 45

0 31 59 51 -5 5 30 34

0 25 47 82 -6 6 14 25

0 9 42 30 -15 2 4 4

0 0 73 58 -12 7 12 7

0 18 97 29 -6 22 48 0

0 43 65 79 -9 34 36 16


SAlphaB: 743.0, std-dev 270.72189744750193

Earliest win: 35
Latest win: 81

WinDepth:
0 0 0 0 0 0 0 0 0 0 0 0 0 0 0 0 0 0 0 0 0 0 0 0 0 0 0 0 0 0 0 0 0 0 0 1 0 3 5 19 9 46 12 31 22 58 60 142 56 184 174 401 143 368 243 480 371 610 377 515 472 662 659 811 795 930 919 984 948 1016 949 937 840 826 848 718 575 512 414 279 199 152 
SAlphaB:
0 0 0 0 0 0 0 0 0 0 0 0 0 0 0 0 0 0 0 0 0 0 0 0 0 0 0 0 0 0 0 0 0 0 0 1 0 3 5 19 9 46 12 31 22 58 60 142 56 184 174 401 143 368 243 480 371 610 377 515 472 662 659 811 795 930 919 984 948 1016 949 937 840 826 848 718 575 512 414 279 199 152 

LossDepth:
SAlphaB:
0 0 0 0 0 0 0 0 0 0 0 0 0 0 0 0 0 0 0 0 0 0 0 0 0 0 0 0 0 0 0 0 0 0 0 1 0 0 1 17 0 43 7 6 12 36 47 78 44 81 127 140 104 212 179 307 191 385 211 347 301 419 389 636 506 654 649 766 673 830 747 756 682 693 643 666 406 464 326 248 208 154 

FirstWin:
0 0 0 0 0 0 0 0 0 0 0 0 0 0 0 0 0 0 0 0 0 0 0 0 0 0 0 0 0 0 0 0 0 0 0 1 0 3 0 19 0 46 0 31 0 58 0 142 0 184 0 401 0 368 0 480 0 610 0 515 0 662 0 811 0 930 0 984 0 1016 0 937 0 826 0 718 0 512 0 279 0 152 
SAlphaB:
0 0 0 0 0 0 0 0 0 0 0 0 0 0 0 0 0 0 0 0 0 0 0 0 0 0 0 0 0 0 0 0 0 0 0 1 0 3 0 19 0 46 0 31 0 58 0 142 0 184 0 401 0 368 0 480 0 610 0 515 0 662 0 811 0 930 0 984 0 1016 0 937 0 826 0 718 0 512 0 279 0 152 

SecondWin:
0 0 0 0 0 0 0 0 0 0 0 0 0 0 0 0 0 0 0 0 0 0 0 0 0 0 0 0 0 0 0 0 0 0 0 0 0 0 5 0 9 0 12 0 22 0 60 0 56 0 174 0 143 0 243 0 371 0 377 0 472 0 659 0 795 0 919 0 948 0 949 0 840 0 848 0 575 0 414 0 199 0 
SAlphaB:
0 0 0 0 0 0 0 0 0 0 0 0 0 0 0 0 0 0 0 0 0 0 0 0 0 0 0 0 0 0 0 0 0 0 0 0 0 0 5 0 9 0 12 0 22 0 60 0 56 0 174 0 143 0 243 0 371 0 377 0 472 0 659 0 795 0 919 0 948 0 949 0 840 0 848 0 575 0 414 0 199 0 
