0 68 98 80 -12 6 44 38

0 30 86 23 -20 0 3 37

0 49 62 49 -10 8 24 12

0 79 92 90 -10 9 35 12

0 45 96 11 -2 2 14 25

0 23 41 59 -3 17 35 20

0 39 97 54 -9 0 7 17

0 33 42 27 -12 14 29 21

0 40 99 82 -5 4 6 1

0 16 70 71 -2 7 11 17

0 41 49 10 -11 7 15 16

0 16 29 83 -9 13 20 6

0 26 72 65 -6 7 10 16

0 58 94 9 -9 10 34 3

0 45 64 98 -10 13 41 45

0 45 87 40 -10 0 15 31

0 29 48 58 -4 14 32 40

0 1 86 2 -12 0 13 29

0 10 82 39 -12 0 20 16

0 31 74 85 -20 7 18 45

0 18 65 31 -9 7 12 9

0 32 41 11 -13 30 36 20

0 14 58 48 -14 3 9 1

0 61 84 5 -19 15 32 35

0 73 89 8 -2 9 36 4

0 7 28 89 -9 4 11 11

0 61 64 40 -13 7 10 43

0 90 94 78 -18 17 29 37

0 39 66 68 -14 3 39 42

0 77 91 69 -13 28 44 32

0 45 66 55 -13 8 11 14

0 14 16 96 -9 12 21 24

0 26 40 92 -5 16 40 31

0 29 44 30 -9 12 16 26

0 90 92 18 -16 3 16 11

0 41 90 81 -17 22 29 44

0 78 95 58 -8 20 28 24

0 5 35 19 -4 4 5 8

0 30 40 98 -13 16 48 37

0 75 99 79 -1 29 30 41

0 26 51 27 -20 6 23 7

0 19 33 4 -8 28 44 15

0 16 42 18 -1 8 33 13

0 29 30 94 -3 3 23 4

0 58 60 67 -9 16 22 10

0 27 69 51 -13 10 42 21

0 14 27 73 -2 11 39 31

0 40 55 68 -11 36 39 12

0 47 60 86 -13 23 35 14

0 41 52 39 -16 11 49 24

0 4 97 61 -6 17 26 17

0 25 46 53 -3 24 46 32

0 13 55 4 -13 6 16 5

0 3 85 61 -8 4 31 6

0 28 44 56 -10 9 20 41

0 55 59 35 -15 40 48 27

0 34 54 62 -17 7 11 23

0 58 97 63 -17 27 39 17

0 4 31 67 -1 22 42 3

0 12 67 54 -6 19 22 6

0 24 74 10 -12 21 25 42

0 26 64 48 -8 12 45 43

0 59 77 20 -11 32 48 44

0 20 61 28 -20 14 21 12

0 4 87 3 -7 14 17 21

0 42 85 88 -1 26 32 31

0 15 18 15 -10 13 14 15

0 5 6 15 -20 17 45 8

0 5 19 76 -3 37 40 37

0 7 12 0 -5 9 28 13

0 1 2 39 -14 2 9 14

0 2 14 27 -19 21 23 10

0 3 47 3 -19 11 45 19

0 8 62 81 -18 4 5 21

0 7 53 12 -16 20 46 41

0 25 27 38 -20 30 42 43

0 1 14 17 -10 14 40 12

0 33 41 38 -12 18 19 11

0 28 33 85 -17 23 41 49

0 9 10 20 -10 6 10 18

0 11 40 96 -18 13 33 0

0 16 32 95 -10 16 43 19

0 13 24 2 -10 30 39 26

0 9 73 1 -17 14 24 23

0 3 56 9 -18 2 33 48

0 16 49 24 -4 27 34 31

0 32 41 43 -6 1 4 43

0 1 4 96 -5 8 41 24

0 6 24 31 -11 26 49 23

0 27 40 29 -8 1 7 45

0 16 27 47 -3 0 1 44

0 7 49 30 -5 3 17 44

0 3 4 43 -19 3 12 40

0 1 5 98 -2 0 35 22

0 4 9 90 -11 3 42 37

0 5 18 67 -14 31 36 5

0 2 4 32 -16 2 3 33

0 0 1 16 -14 6 9 21

0 7 8 68 -16 1 19 31

0 1 7 73 -8 11 35 2


SAlphaB: 727.0, std-dev 277.54700566486997

Earliest win: 35
Latest win: 81

WinDepth:
0 0 0 0 0 0 0 0 0 0 0 0 0 0 0 0 0 0 0 0 0 0 0 0 0 0 0 0 0 0 0 0 0 0 0 1 0 9 1 10 11 7 2 17 12 10 10 54 31 64 58 199 77 125 63 233 91 193 148 187 175 225 248 314 319 356 400 351 410 421 454 440 403 357 391 400 250 298 208 111 101 71 
SAlphaB:
0 0 0 0 0 0 0 0 0 0 0 0 0 0 0 0 0 0 0 0 0 0 0 0 0 0 0 0 0 0 0 0 0 0 0 1 0 9 1 10 11 7 2 17 12 10 10 54 31 64 58 199 77 125 63 233 91 193 148 187 175 225 248 314 319 356 400 351 410 421 454 440 403 357 391 400 250 298 208 111 101 71 

LossDepth:
SAlphaB:
0 0 0 0 0 0 0 0 0 0 0 0 0 0 0 0 0 0 0 0 0 0 0 0 0 0 0 0 0 0 0 0 0 0 0 1 0 9 1 10 11 7 2 17 12 10 10 54 31 64 58 199 77 125 63 233 91 193 148 187 175 225 248 314 319 356 400 351 410 421 454 440 403 357 391 400 250 298 208 111 101 71 

FirstWin:
0 0 0 0 0 0 0 0 0 0 0 0 0 0 0 0 0 0 0 0 0 0 0 0 0 0 0 0 0 0 0 0 0 0 0 1 0 9 0 10 0 7 0 17 0 10 0 54 0 64 0 199 0 125 0 233 0 193 0 187 0 225 0 314 0 356 0 351 0 421 0 440 0 357 0 400 0 298 0 111 0 71 
SAlphaB:
0 0 0 0 0 0 0 0 0 0 0 0 0 0 0 0 0 0 0 0 0 0 0 0 0 0 0 0 0 0 0 0 0 0 0 1 0 9 0 10 0 7 0 17 0 10 0 54 0 64 0 199 0 125 0 233 0 193 0 187 0 225 0 314 0 356 0 351 0 421 0 440 0 357 0 400 0 298 0 111 0 71 

SecondWin:
0 0 0 0 0 0 0 0 0 0 0 0 0 0 0 0 0 0 0 0 0 0 0 0 0 0 0 0 0 0 0 0 0 0 0 0 0 0 1 0 11 0 2 0 12 0 10 0 31 0 58 0 77 0 63 0 91 0 148 0 175 0 248 0 319 0 400 0 410 0 454 0 403 0 391 0 250 0 208 0 101 0 
SAlphaB:
0 0 0 0 0 0 0 0 0 0 0 0 0 0 0 0 0 0 0 0 0 0 0 0 0 0 0 0 0 0 0 0 0 0 0 0 0 0 1 0 11 0 2 0 12 0 10 0 31 0 58 0 77 0 63 0 91 0 148 0 175 0 248 0 319 0 400 0 410 0 454 0 403 0 391 0 250 0 208 0 101 0 
