0 41 61 44 -19 4 13 26

0 81 97 25 -15 6 24 8

0 49 67 92 -11 8 40 32

0 60 96 41 -14 16 33 10

0 67 84 1 -10 6 42 16

0 37 94 95 -15 9 26 35

0 18 97 29 -6 22 48 0

0 1 29 24 -2 4 9 2

0 64 98 3 -19 13 18 39

0 33 64 81 -20 0 18 35

0 13 78 46 -5 12 33 10

0 51 82 12 -3 7 10 34

0 18 57 4 -14 4 13 24

0 13 46 50 -20 0 2 4

0 29 76 62 -4 8 9 49

0 32 53 49 -11 2 10 25

0 34 43 2 -4 7 20 18

0 55 61 25 -20 5 7 10

0 41 65 56 -19 7 8 22

0 51 86 15 -7 13 22 49

0 49 60 50 -10 13 34 2

0 1 58 86 -8 10 11 25

0 41 84 37 -2 1 2 20

0 33 49 2 -2 7 23 26

0 34 58 81 -8 12 27 31

0 64 97 48 -19 20 40 39

0 56 69 56 -13 11 13 26

0 72 83 78 -14 18 26 48

0 76 91 77 -18 12 48 6

0 2 94 22 -13 8 25 15

0 59 89 30 -9 16 38 19

0 37 62 79 -4 5 10 27

0 72 74 94 -18 0 7 32

0 62 68 18 -9 22 41 18

0 89 94 74 -8 30 36 23

0 71 75 49 -11 22 23 10

0 47 94 11 -9 10 49 4

0 30 87 64 -1 2 3 11

0 15 86 71 -1 3 28 41

0 31 33 78 -19 26 27 16

0 20 23 84 -1 2 3 2

0 32 37 54 -15 14 30 23

0 10 11 46 -6 4 10 24

0 36 39 95 -6 8 14 30

0 27 41 7 -14 29 46 31

0 3 33 66 -8 3 4 46

0 1 27 74 -12 2 6 9

0 24 40 16 -20 14 21 7

0 21 38 44 -9 0 1 32

0 2 78 94 -8 14 45 24

0 26 81 87 -2 3 5 39

0 11 49 47 -14 27 46 16

0 8 95 0 -2 10 48 21

0 63 65 99 -16 16 26 4

0 58 82 0 -6 0 16 34

0 1 49 80 -10 1 14 19

0 40 84 60 -1 25 39 21

0 64 79 31 -10 3 30 49

0 9 46 47 -14 4 8 17

0 51 64 31 -8 30 34 29

0 11 95 52 -3 4 18 1

0 10 11 91 -19 4 11 5

0 10 91 2 -12 14 33 12

0 19 41 96 -13 6 13 46

0 13 61 39 -9 10 17 0

0 42 63 58 -7 21 35 7

0 7 63 42 -20 6 33 30

0 48 86 2 -15 30 46 17

0 30 93 15 -17 28 49 30

0 48 69 2 -5 27 33 14

0 11 43 0 -16 24 32 27

0 2 6 91 -14 41 48 44

0 5 61 61 -9 2 48 14

0 9 17 80 -18 2 7 24

0 8 9 7 -14 0 3 33

0 1 35 25 -10 7 9 36

0 9 13 70 -5 7 9 49

0 0 10 58 -5 0 49 3

0 2 32 50 -11 7 37 44

0 12 13 22 -20 16 34 1

0 0 17 84 -14 3 18 28

0 0 2 67 -8 29 46 22

0 55 93 79 -18 42 45 36

0 0 4 68 -17 17 20 27

0 7 31 63 -13 31 40 23

0 0 51 53 -18 9 45 15

0 1 6 49 -2 4 17 11

0 11 34 42 -4 1 49 34

0 14 48 0 -17 3 46 6

0 13 37 9 -1 19 27 43

0 6 24 91 -2 7 34 34

0 7 8 80 -1 0 38 12

0 4 34 25 -1 13 14 39

0 18 21 72 -2 8 43 18

0 8 11 94 -19 34 46 40

0 5 10 50 -12 0 6 45

0 9 16 87 -7 1 44 22

0 3 7 91 -14 0 7 0

0 9 11 42 -2 8 38 48

0 0 3 56 -12 4 8 44


SAlphaB: 692.0, std-dev 270.76108276374197

Earliest win: 37
Latest win: 81

WinDepth:
0 0 0 0 0 0 0 0 0 0 0 0 0 0 0 0 0 0 0 0 0 0 0 0 0 0 0 0 0 0 0 0 0 0 0 0 0 5 0 5 3 17 3 9 17 54 13 57 25 65 61 173 80 142 74 193 126 179 133 205 205 277 244 322 312 341 409 390 387 429 480 419 371 409 385 352 271 229 194 127 120 58 
SAlphaB:
0 0 0 0 0 0 0 0 0 0 0 0 0 0 0 0 0 0 0 0 0 0 0 0 0 0 0 0 0 0 0 0 0 0 0 0 0 5 0 5 3 17 3 9 17 54 13 57 25 65 61 173 80 142 74 193 126 179 133 205 205 277 244 322 312 341 409 390 387 429 480 419 371 409 385 352 271 229 194 127 120 58 

LossDepth:
SAlphaB:
0 0 0 0 0 0 0 0 0 0 0 0 0 0 0 0 0 0 0 0 0 0 0 0 0 0 0 0 0 0 0 0 0 0 0 0 0 5 0 5 3 17 3 9 17 54 13 57 25 65 61 173 80 142 74 193 126 179 133 205 205 277 244 322 312 341 409 390 387 429 480 419 371 409 385 352 271 229 194 127 120 58 

FirstWin:
0 0 0 0 0 0 0 0 0 0 0 0 0 0 0 0 0 0 0 0 0 0 0 0 0 0 0 0 0 0 0 0 0 0 0 0 0 5 0 5 0 17 0 9 0 54 0 57 0 65 0 173 0 142 0 193 0 179 0 205 0 277 0 322 0 341 0 390 0 429 0 419 0 409 0 352 0 229 0 127 0 58 
SAlphaB:
0 0 0 0 0 0 0 0 0 0 0 0 0 0 0 0 0 0 0 0 0 0 0 0 0 0 0 0 0 0 0 0 0 0 0 0 0 5 0 5 0 17 0 9 0 54 0 57 0 65 0 173 0 142 0 193 0 179 0 205 0 277 0 322 0 341 0 390 0 429 0 419 0 409 0 352 0 229 0 127 0 58 

SecondWin:
0 0 0 0 0 0 0 0 0 0 0 0 0 0 0 0 0 0 0 0 0 0 0 0 0 0 0 0 0 0 0 0 0 0 0 0 0 0 0 0 3 0 3 0 17 0 13 0 25 0 61 0 80 0 74 0 126 0 133 0 205 0 244 0 312 0 409 0 387 0 480 0 371 0 385 0 271 0 194 0 120 0 
SAlphaB:
0 0 0 0 0 0 0 0 0 0 0 0 0 0 0 0 0 0 0 0 0 0 0 0 0 0 0 0 0 0 0 0 0 0 0 0 0 0 0 0 3 0 3 0 17 0 13 0 25 0 61 0 80 0 74 0 126 0 133 0 205 0 244 0 312 0 409 0 387 0 480 0 371 0 385 0 271 0 194 0 120 0 
