0 48 84 73 -11 1 17 24

0 28 54 59 -11 0 2 11

0 36 82 78 -19 0 2 22

0 6 75 16 -7 2 5 2

0 79 81 41 -19 3 27 48

0 42 82 48 -4 18 40 1

0 29 57 46 -10 4 5 1

0 25 47 82 -6 6 14 25

0 43 65 79 -9 34 36 16

0 55 59 88 -8 5 12 28

0 15 61 67 -14 17 32 10

0 88 94 11 -16 13 31 43

0 48 71 39 -4 12 48 31

0 1 53 75 -5 29 48 11

0 33 93 95 -7 4 34 48

0 35 82 97 -5 16 35 32

0 23 74 33 -15 2 11 32

0 22 25 20 -14 7 17 4

0 19 60 85 -12 14 39 24

0 12 18 94 -17 7 8 23

0 47 52 51 -3 9 20 9

0 38 78 77 -2 21 29 0

0 33 45 79 -5 23 37 14

0 45 72 72 -20 10 13 18

0 39 91 78 -19 5 6 9

0 50 58 28 -3 11 30 1

0 51 58 80 -18 0 26 36

0 60 72 24 -12 13 33 23

0 63 71 57 -7 19 48 46

0 82 88 52 -19 0 1 48

0 25 94 92 -16 10 32 15

0 52 78 93 -1 36 40 6

0 45 46 72 -6 19 45 20

0 37 94 7 -4 6 7 7

0 42 63 36 -8 13 38 10

0 28 85 88 -2 13 43 16

0 43 60 60 -14 12 14 28

0 27 66 3 -7 11 12 26

0 12 72 37 -4 26 30 27

0 26 54 44 -20 19 26 23

0 71 79 89 -8 5 38 12

0 16 56 51 -16 25 33 5

0 94 99 78 -14 23 25 39

0 30 45 21 -1 16 37 29

0 9 20 61 -18 0 2 8

0 15 36 12 -18 6 42 16

0 90 97 36 -17 12 16 28

0 21 50 94 -13 12 19 38

0 42 66 56 -5 29 40 24

0 2 11 60 -4 14 26 22

0 31 58 70 -20 30 38 3

0 37 76 78 -1 30 41 0

0 22 26 69 -17 1 18 23

0 16 58 42 -2 16 18 21

0 1 91 86 -17 4 15 41

0 5 23 78 -16 5 7 5

0 26 41 16 -7 35 42 23

0 25 47 75 -4 4 46 5

0 22 53 34 -1 1 18 40

0 1 30 89 -2 41 47 40

0 21 91 87 -1 28 48 29

0 25 33 54 -15 5 34 5

0 0 45 16 -9 18 19 29

0 48 51 7 -4 15 47 20

0 9 42 52 -19 1 12 26

0 1 2 83 -9 21 40 21

0 26 89 3 -15 17 21 15

0 6 35 47 -10 5 13 30

0 22 23 42 -17 22 48 19

0 23 56 50 -13 14 20 0

0 0 25 42 -18 3 30 22

0 13 16 82 -1 23 46 16

0 10 11 50 -18 4 18 14

0 1 4 22 -8 13 41 31

0 18 44 26 -1 8 19 36

0 30 51 63 -18 16 32 43

0 14 17 59 -14 22 38 45

0 0 67 73 -1 2 3 20

0 12 47 90 -20 9 23 49

0 22 36 80 -9 23 32 40

0 0 2 27 -6 12 32 32

0 24 46 19 -10 10 15 48

0 15 33 65 -12 6 35 39

0 5 12 49 -19 18 34 3

0 6 12 50 -14 17 32 41

0 32 55 14 -16 9 47 45

0 41 72 41 -20 31 42 28

0 8 10 1 -4 1 16 7

0 41 86 25 -13 35 48 29

0 3 18 84 -14 10 35 46

0 25 41 38 -2 22 31 35

0 12 13 11 -15 22 29 10

0 1 12 91 -1 37 47 21

0 4 57 13 -12 6 26 49

0 1 25 37 -4 11 19 37

0 12 15 51 -12 8 20 45

0 1 12 15 -15 7 47 41

0 3 5 1 -9 13 32 35

0 1 25 43 -16 0 34 37

0 0 26 69 -11 2 13 39


SAlphaB: 697.0, std-dev 256.7429364248224

Earliest win: 37
Latest win: 81

WinDepth:
0 0 0 0 0 0 0 0 0 0 0 0 0 0 0 0 0 0 0 0 0 0 0 0 0 0 0 0 0 0 0 0 0 0 0 0 0 8 1 8 5 9 8 18 10 19 11 24 35 86 118 248 125 119 94 166 129 177 161 140 144 231 224 352 355 311 422 409 486 411 453 415 442 359 398 343 270 244 180 118 108 68 
SAlphaB:
0 0 0 0 0 0 0 0 0 0 0 0 0 0 0 0 0 0 0 0 0 0 0 0 0 0 0 0 0 0 0 0 0 0 0 0 0 8 1 8 5 9 8 18 10 19 11 24 35 86 118 248 125 119 94 166 129 177 161 140 144 231 224 352 355 311 422 409 486 411 453 415 442 359 398 343 270 244 180 118 108 68 

LossDepth:
SAlphaB:
0 0 0 0 0 0 0 0 0 0 0 0 0 0 0 0 0 0 0 0 0 0 0 0 0 0 0 0 0 0 0 0 0 0 0 0 0 8 1 8 5 9 8 18 10 19 11 24 35 86 118 248 125 119 94 166 129 177 161 140 144 231 224 352 355 311 422 409 486 411 453 415 442 359 398 343 270 244 180 118 108 68 

FirstWin:
0 0 0 0 0 0 0 0 0 0 0 0 0 0 0 0 0 0 0 0 0 0 0 0 0 0 0 0 0 0 0 0 0 0 0 0 0 8 0 8 0 9 0 18 0 19 0 24 0 86 0 248 0 119 0 166 0 177 0 140 0 231 0 352 0 311 0 409 0 411 0 415 0 359 0 343 0 244 0 118 0 68 
SAlphaB:
0 0 0 0 0 0 0 0 0 0 0 0 0 0 0 0 0 0 0 0 0 0 0 0 0 0 0 0 0 0 0 0 0 0 0 0 0 8 0 8 0 9 0 18 0 19 0 24 0 86 0 248 0 119 0 166 0 177 0 140 0 231 0 352 0 311 0 409 0 411 0 415 0 359 0 343 0 244 0 118 0 68 

SecondWin:
0 0 0 0 0 0 0 0 0 0 0 0 0 0 0 0 0 0 0 0 0 0 0 0 0 0 0 0 0 0 0 0 0 0 0 0 0 0 1 0 5 0 8 0 10 0 11 0 35 0 118 0 125 0 94 0 129 0 161 0 144 0 224 0 355 0 422 0 486 0 453 0 442 0 398 0 270 0 180 0 108 0 
SAlphaB:
0 0 0 0 0 0 0 0 0 0 0 0 0 0 0 0 0 0 0 0 0 0 0 0 0 0 0 0 0 0 0 0 0 0 0 0 0 0 1 0 5 0 8 0 10 0 11 0 35 0 118 0 125 0 94 0 129 0 161 0 144 0 224 0 355 0 422 0 486 0 453 0 442 0 398 0 270 0 180 0 108 0 
