0 21 99 22 -9 5 11 23

0 58 70 52 -7 9 32 39

0 34 93 77 -4 7 17 22

0 27 36 38 -17 0 2 6

0 34 37 53 -13 2 13 8

0 47 80 12 -4 9 16 0

0 78 86 77 -6 4 24 6

0 15 99 94 -14 17 42 30

0 53 83 85 -13 11 38 29

0 31 59 51 -5 5 30 34

0 26 69 37 -5 0 3 5

0 28 62 81 -17 40 41 37

0 39 94 12 -11 11 16 36

0 44 56 76 -19 14 36 23

0 41 90 4 -15 1 4 23

0 15 83 32 -8 1 6 25

0 44 48 0 -9 0 14 21

0 41 58 62 -18 30 45 21

0 18 65 55 -12 5 6 43

0 59 73 55 -12 3 36 20

0 30 54 37 -1 0 26 27

0 37 95 36 -11 13 24 38

0 15 88 27 -17 12 27 29

0 12 36 85 -11 0 7 30

0 57 63 91 -4 2 5 7

0 66 77 2 -3 18 37 10

0 16 68 19 -14 3 13 30

0 15 27 47 -16 17 46 10

0 41 46 11 -4 3 6 17

0 58 89 84 -19 21 44 47

0 14 93 54 -3 37 42 10

0 10 70 51 -18 3 7 47

0 35 42 28 -1 1 5 15

0 38 61 81 -15 20 26 32

0 9 56 51 -8 16 42 41

0 49 57 97 -14 14 20 28

0 85 94 64 -7 2 3 45

0 8 39 93 -8 19 35 44

0 24 84 62 -19 42 47 25

0 36 37 69 -1 13 15 30

0 38 46 62 -9 7 33 31

0 85 91 21 -2 1 31 4

0 8 13 68 -13 7 9 22

0 23 69 40 -15 6 35 29

0 13 52 69 -15 25 28 16

0 17 33 68 -18 8 9 18

0 9 18 23 -20 7 9 6

0 27 60 76 -14 10 14 10

0 74 76 87 -14 17 29 43

0 48 88 57 -10 37 40 20

0 39 62 83 -2 10 43 42

0 29 53 42 -7 15 38 38

0 36 69 66 -15 19 20 42

0 31 94 87 -16 7 44 26

0 6 36 38 -9 24 26 8

0 36 40 83 -12 12 26 49

0 4 5 71 -13 12 33 13

0 1 2 81 -15 14 17 18

0 20 57 26 -1 38 45 39

0 20 35 58 -9 11 25 35

0 13 69 3 -17 6 8 34

0 29 38 6 -2 21 39 18

0 7 19 99 -16 8 18 4

0 5 21 60 -10 27 32 16

0 38 41 4 -14 24 32 8

0 62 63 97 -13 32 35 49

0 50 85 68 -15 31 42 34

0 43 44 68 -16 18 21 15

0 59 99 90 -20 22 30 33

0 19 20 26 -8 33 42 32

0 29 42 13 -12 0 1 47

0 14 23 44 -12 1 6 34

0 7 14 19 -4 4 6 16

0 4 83 15 -3 1 5 31

0 0 16 8 -13 38 42 39

0 0 32 10 -6 35 45 8

0 0 2 94 -2 1 34 38

0 1 17 58 -11 24 25 20

0 5 17 42 -13 34 45 18

0 0 11 80 -16 1 26 43

0 2 7 63 -3 22 38 2

0 86 96 43 -10 41 45 2

0 10 35 30 -12 2 36 40

0 16 25 3 -19 24 31 10

0 0 11 48 -17 38 41 17

0 9 45 0 -14 1 41 40

0 1 2 39 -13 13 14 4

0 3 10 97 -1 10 41 36

0 0 2 75 -17 13 40 6

0 0 1 99 -13 2 4 8

0 24 38 13 -4 24 45 45

0 6 10 12 -13 9 18 22

0 3 7 54 -12 1 9 40

0 3 25 57 -7 25 32 3

0 1 7 12 -1 24 27 24

0 3 10 25 -8 19 29 22

0 11 19 78 -10 15 20 3

0 2 11 2 -2 2 10 47

0 5 9 46 -17 27 45 49

0 3 7 0 -17 6 8 37


SAlphaB: 691.0, std-dev 261.15809194795975

Earliest win: 38
Latest win: 81

WinDepth:
0 0 0 0 0 0 0 0 0 0 0 0 0 0 0 0 0 0 0 0 0 0 0 0 0 0 0 0 0 0 0 0 0 0 0 0 0 0 2 3 0 3 3 31 19 22 15 38 39 62 64 171 216 112 86 205 140 195 147 168 168 244 244 272 328 294 379 368 441 377 436 480 409 389 357 368 203 242 202 140 80 87 
SAlphaB:
0 0 0 0 0 0 0 0 0 0 0 0 0 0 0 0 0 0 0 0 0 0 0 0 0 0 0 0 0 0 0 0 0 0 0 0 0 0 2 3 0 3 3 31 19 22 15 38 39 62 64 171 216 112 86 205 140 195 147 168 168 244 244 272 328 294 379 368 441 377 436 480 409 389 357 368 203 242 202 140 80 87 

LossDepth:
SAlphaB:
0 0 0 0 0 0 0 0 0 0 0 0 0 0 0 0 0 0 0 0 0 0 0 0 0 0 0 0 0 0 0 0 0 0 0 0 0 0 2 3 0 3 3 31 19 22 15 38 39 62 64 171 216 112 86 205 140 195 147 168 168 244 244 272 328 294 379 368 441 377 436 480 409 389 357 368 203 242 202 140 80 87 

FirstWin:
0 0 0 0 0 0 0 0 0 0 0 0 0 0 0 0 0 0 0 0 0 0 0 0 0 0 0 0 0 0 0 0 0 0 0 0 0 0 0 3 0 3 0 31 0 22 0 38 0 62 0 171 0 112 0 205 0 195 0 168 0 244 0 272 0 294 0 368 0 377 0 480 0 389 0 368 0 242 0 140 0 87 
SAlphaB:
0 0 0 0 0 0 0 0 0 0 0 0 0 0 0 0 0 0 0 0 0 0 0 0 0 0 0 0 0 0 0 0 0 0 0 0 0 0 0 3 0 3 0 31 0 22 0 38 0 62 0 171 0 112 0 205 0 195 0 168 0 244 0 272 0 294 0 368 0 377 0 480 0 389 0 368 0 242 0 140 0 87 

SecondWin:
0 0 0 0 0 0 0 0 0 0 0 0 0 0 0 0 0 0 0 0 0 0 0 0 0 0 0 0 0 0 0 0 0 0 0 0 0 0 2 0 0 0 3 0 19 0 15 0 39 0 64 0 216 0 86 0 140 0 147 0 168 0 244 0 328 0 379 0 441 0 436 0 409 0 357 0 203 0 202 0 80 0 
SAlphaB:
0 0 0 0 0 0 0 0 0 0 0 0 0 0 0 0 0 0 0 0 0 0 0 0 0 0 0 0 0 0 0 0 0 0 0 0 0 0 2 0 0 0 3 0 19 0 15 0 39 0 64 0 216 0 86 0 140 0 147 0 168 0 244 0 328 0 379 0 441 0 436 0 409 0 357 0 203 0 202 0 80 0 
