0 28 58 81 -3 8 21 11

0 50 83 65 -6 4 31 18

0 27 57 60 -10 5 13 5

0 38 53 27 -4 1 3 5

0 42 50 90 -1 15 17 29

0 29 35 53 -9 3 15 26

0 18 47 35 -16 3 5 8

0 43 81 80 -11 18 37 7

0 74 96 26 -10 5 32 42

0 65 99 0 -17 14 37 44

0 9 17 61 -10 5 13 6

0 8 69 99 -12 14 30 8

0 40 49 76 -9 1 2 2

0 50 65 85 -12 4 6 3

0 60 75 44 -4 11 13 18

0 53 66 42 -15 17 23 42

0 28 60 93 -1 5 11 48

0 29 34 85 -3 0 25 21

0 49 79 90 -16 10 17 19

0 38 40 83 -6 5 25 25

0 10 56 35 -8 0 2 38

0 36 53 41 -15 0 1 40

0 32 75 95 -13 28 33 37

0 4 71 47 -2 2 28 4

0 47 69 69 -2 21 22 40

0 8 59 28 -5 31 40 1

0 2 22 72 -11 3 5 13

0 60 97 9 -9 1 4 10

0 38 51 89 -14 23 42 42

0 9 13 7 -3 11 13 10

0 44 76 92 -4 7 28 37

0 11 18 85 -9 2 5 24

0 14 32 98 -4 4 12 6

0 31 37 97 -11 8 16 22

0 8 34 45 -11 8 11 36

0 75 82 27 -8 19 35 3

0 6 46 74 -5 29 34 4

0 39 41 41 -13 0 1 0

0 62 88 63 -4 35 40 46

0 1 51 1 -12 6 13 19

0 17 48 2 -3 12 23 3

0 11 87 53 -1 3 14 4

0 25 62 82 -4 15 44 3

0 17 60 78 -14 5 6 38

0 7 46 60 -7 14 35 14

0 23 37 27 -5 19 37 20

0 14 18 20 -4 40 42 40

0 0 48 70 -15 3 5 2

0 5 58 36 -17 11 18 35

0 44 60 38 -3 0 31 45

0 52 80 19 -4 23 36 43

0 13 30 50 -2 16 45 4

0 18 40 32 -15 10 33 25

0 30 50 52 -7 1 7 27

0 6 9 3 -1 12 24 7

0 39 50 17 -4 23 24 34

0 65 93 82 -5 0 11 38

0 12 18 35 -13 14 29 19

0 28 49 32 -4 3 4 32

0 31 46 78 -10 37 38 40

0 9 98 45 -20 4 6 49

0 27 55 88 -13 11 43 48

0 19 25 79 -6 7 17 26

0 64 86 67 -19 32 45 48

0 26 43 80 -17 7 15 16

0 2 46 89 -1 33 47 27

0 33 56 43 -15 22 37 49

0 27 65 78 -15 29 43 44

0 39 56 37 -10 13 29 47

0 19 22 74 -16 12 41 48

0 15 23 37 -14 19 21 8

0 10 34 36 -4 46 48 27

0 17 98 79 -1 35 38 49

0 10 98 59 -20 19 28 3

0 26 32 38 -17 31 35 47

0 14 55 43 -18 5 34 36

0 28 37 4 -14 29 37 30

0 8 21 79 -17 7 33 3

0 0 2 6 -18 5 16 12

0 0 9 18 -12 11 17 33

0 1 3 80 -13 0 1 10

0 6 17 77 -15 3 37 9

0 17 22 42 -1 38 49 47

0 3 61 58 -11 4 36 41

0 6 35 50 -6 25 39 34

0 2 14 85 -6 3 31 19

0 10 15 94 -10 0 26 21

0 2 9 58 -6 2 36 37

0 1 15 37 -16 1 2 27

0 21 60 20 -8 7 29 49

0 0 11 94 -1 7 47 22

0 3 59 4 -12 15 45 7

0 3 6 0 -3 0 47 41

0 4 5 76 -2 10 23 49

0 3 43 93 -8 5 23 30

0 2 10 10 -5 5 16 25

0 1 4 58 -3 2 22 12

0 11 14 8 -6 11 15 22

0 4 8 79 -4 1 46 31

0 0 1 81 -3 3 4 37


SAlphaB: 700.0, std-dev 264.3097764542449

Earliest win: 35
Latest win: 81

WinDepth:
0 0 0 0 0 0 0 0 0 0 0 0 0 0 0 0 0 0 0 0 0 0 0 0 0 0 0 0 0 0 0 0 0 0 0 4 0 0 0 6 0 3 4 12 8 23 16 47 23 79 67 167 62 170 72 168 128 195 116 188 178 227 279 320 308 384 415 392 407 414 431 457 428 413 407 346 321 231 177 122 90 81 
SAlphaB:
0 0 0 0 0 0 0 0 0 0 0 0 0 0 0 0 0 0 0 0 0 0 0 0 0 0 0 0 0 0 0 0 0 0 0 4 0 0 0 6 0 3 4 12 8 23 16 47 23 79 67 167 62 170 72 168 128 195 116 188 178 227 279 320 308 384 415 392 407 414 431 457 428 413 407 346 321 231 177 122 90 81 

LossDepth:
SAlphaB:
0 0 0 0 0 0 0 0 0 0 0 0 0 0 0 0 0 0 0 0 0 0 0 0 0 0 0 0 0 0 0 0 0 0 0 4 0 0 0 6 0 3 4 12 8 23 16 47 23 79 67 167 62 170 72 168 128 195 116 188 178 227 279 320 308 384 415 392 407 414 431 457 428 413 407 346 321 231 177 122 90 81 

FirstWin:
0 0 0 0 0 0 0 0 0 0 0 0 0 0 0 0 0 0 0 0 0 0 0 0 0 0 0 0 0 0 0 0 0 0 0 4 0 0 0 6 0 3 0 12 0 23 0 47 0 79 0 167 0 170 0 168 0 195 0 188 0 227 0 320 0 384 0 392 0 414 0 457 0 413 0 346 0 231 0 122 0 81 
SAlphaB:
0 0 0 0 0 0 0 0 0 0 0 0 0 0 0 0 0 0 0 0 0 0 0 0 0 0 0 0 0 0 0 0 0 0 0 4 0 0 0 6 0 3 0 12 0 23 0 47 0 79 0 167 0 170 0 168 0 195 0 188 0 227 0 320 0 384 0 392 0 414 0 457 0 413 0 346 0 231 0 122 0 81 

SecondWin:
0 0 0 0 0 0 0 0 0 0 0 0 0 0 0 0 0 0 0 0 0 0 0 0 0 0 0 0 0 0 0 0 0 0 0 0 0 0 0 0 0 0 4 0 8 0 16 0 23 0 67 0 62 0 72 0 128 0 116 0 178 0 279 0 308 0 415 0 407 0 431 0 428 0 407 0 321 0 177 0 90 0 
SAlphaB:
0 0 0 0 0 0 0 0 0 0 0 0 0 0 0 0 0 0 0 0 0 0 0 0 0 0 0 0 0 0 0 0 0 0 0 0 0 0 0 0 0 0 4 0 8 0 16 0 23 0 67 0 62 0 72 0 128 0 116 0 178 0 279 0 308 0 415 0 407 0 431 0 428 0 407 0 321 0 177 0 90 0 
