0 31 84 22 -10 5 9 17

0 77 97 74 -20 3 20 23

0 50 81 27 -4 5 27 3

0 40 59 67 -3 6 23 27

0 65 96 20 -9 14 25 15

0 26 45 44 -19 0 9 12

0 50 57 41 -6 1 28 5

0 68 81 60 -10 14 33 14

0 32 63 76 -13 0 5 6

0 0 73 58 -12 7 12 7

0 20 52 89 -15 0 1 39

0 35 69 94 -18 5 28 0

0 59 78 23 -15 7 22 33

0 22 52 97 -5 0 4 21

0 37 56 31 -18 4 31 27

0 5 42 43 -17 0 1 12

0 20 80 22 -19 15 22 37

0 41 52 21 -6 5 20 23

0 30 82 56 -9 6 10 29

0 32 50 86 -14 23 30 17

0 10 76 67 -16 0 1 40

0 48 52 14 -16 3 39 35

0 56 94 2 -3 14 23 4

0 59 74 84 -13 12 23 36

0 39 81 79 -14 9 13 41

0 37 97 58 -7 5 48 20

0 43 59 30 -16 13 42 4

0 31 38 77 -10 8 11 26

0 50 64 55 -14 0 48 14

0 29 68 10 -18 16 21 24

0 15 89 58 -5 6 15 24

0 41 57 82 -18 9 21 29

0 68 73 34 -4 4 6 34

0 33 49 40 -10 1 7 43

0 20 22 93 -19 7 11 15

0 14 44 84 -7 3 10 41

0 13 74 34 -15 4 13 47

0 3 34 26 -17 4 5 4

0 45 60 68 -20 9 16 8

0 18 44 52 -2 5 25 25

0 41 91 79 -11 18 24 4

0 38 69 68 -2 14 19 2

0 27 50 76 -14 31 41 34

0 29 30 40 -15 6 27 34

0 13 42 77 -20 3 5 34

0 76 82 79 -10 27 39 27

0 24 36 80 -11 5 15 30

0 41 45 22 -6 32 36 5

0 7 60 72 -14 26 46 46

0 26 37 47 -11 8 27 9

0 16 49 13 -4 5 25 19

0 57 81 34 -8 17 37 48

0 0 81 2 -8 0 1 13

0 16 51 26 -11 14 36 48

0 17 95 35 -8 10 38 37

0 22 23 39 -19 10 13 3

0 80 85 13 -12 7 8 2

0 8 25 77 -14 18 21 41

0 28 34 81 -11 11 21 10

0 3 42 32 -17 0 1 43

0 20 22 4 -9 11 27 11

0 41 43 81 -5 17 22 17

0 49 76 50 -12 19 37 8

0 16 28 22 -9 1 8 47

0 4 5 52 -7 3 10 14

0 8 25 48 -3 13 16 30

0 69 81 34 -7 34 35 42

0 21 74 10 -15 32 35 21

0 16 50 48 -14 22 39 13

0 22 28 16 -1 22 38 29

0 54 84 33 -11 28 34 17

0 5 39 12 -5 29 39 8

0 7 9 25 -20 28 37 13

0 64 74 82 -16 30 47 45

0 2 4 87 -20 2 13 14

0 26 42 17 -13 12 20 38

0 7 11 12 -19 10 39 6

0 71 87 15 -20 27 42 25

0 6 33 11 -9 2 10 34

0 2 64 98 -5 1 12 1

0 6 28 93 -17 21 33 12

0 16 36 44 -7 11 12 39

0 17 18 8 -12 9 42 32

0 6 29 43 -20 1 38 11

0 1 4 76 -7 4 13 35

0 0 1 35 -18 12 25 9

0 0 4 71 -9 4 12 42

0 0 2 88 -3 27 37 9

0 1 3 60 -11 24 32 42

0 10 16 23 -6 39 40 28

0 9 17 25 -17 2 36 24

0 11 14 25 -1 12 15 40

0 5 13 26 -13 1 2 24

0 4 10 3 -16 15 23 18

0 0 10 39 -10 1 27 43

0 1 12 65 -14 16 24 36

0 5 7 64 -2 0 44 8

0 0 2 13 -16 0 36 28

0 9 12 94 -17 33 47 34

0 1 5 73 -19 16 23 0


SAlphaB: 696.0, std-dev 275.61939025189844

Earliest win: 37
Latest win: 81

WinDepth:
0 0 0 0 0 0 0 0 0 0 0 0 0 0 0 0 0 0 0 0 0 0 0 0 0 0 0 0 0 0 0 0 0 0 0 0 0 5 0 13 16 21 0 11 5 32 18 35 32 68 63 142 88 134 112 168 152 194 160 184 153 244 236 269 337 328 421 352 421 432 468 430 394 399 392 337 264 262 168 140 100 75 
SAlphaB:
0 0 0 0 0 0 0 0 0 0 0 0 0 0 0 0 0 0 0 0 0 0 0 0 0 0 0 0 0 0 0 0 0 0 0 0 0 5 0 13 16 21 0 11 5 32 18 35 32 68 63 142 88 134 112 168 152 194 160 184 153 244 236 269 337 328 421 352 421 432 468 430 394 399 392 337 264 262 168 140 100 75 

LossDepth:
SAlphaB:
0 0 0 0 0 0 0 0 0 0 0 0 0 0 0 0 0 0 0 0 0 0 0 0 0 0 0 0 0 0 0 0 0 0 0 0 0 5 0 13 16 21 0 11 5 32 18 35 32 68 63 142 88 134 112 168 152 194 160 184 153 244 236 269 337 328 421 352 421 432 468 430 394 399 392 337 264 262 168 140 100 75 

FirstWin:
0 0 0 0 0 0 0 0 0 0 0 0 0 0 0 0 0 0 0 0 0 0 0 0 0 0 0 0 0 0 0 0 0 0 0 0 0 5 0 13 0 21 0 11 0 32 0 35 0 68 0 142 0 134 0 168 0 194 0 184 0 244 0 269 0 328 0 352 0 432 0 430 0 399 0 337 0 262 0 140 0 75 
SAlphaB:
0 0 0 0 0 0 0 0 0 0 0 0 0 0 0 0 0 0 0 0 0 0 0 0 0 0 0 0 0 0 0 0 0 0 0 0 0 5 0 13 0 21 0 11 0 32 0 35 0 68 0 142 0 134 0 168 0 194 0 184 0 244 0 269 0 328 0 352 0 432 0 430 0 399 0 337 0 262 0 140 0 75 

SecondWin:
0 0 0 0 0 0 0 0 0 0 0 0 0 0 0 0 0 0 0 0 0 0 0 0 0 0 0 0 0 0 0 0 0 0 0 0 0 0 0 0 16 0 0 0 5 0 18 0 32 0 63 0 88 0 112 0 152 0 160 0 153 0 236 0 337 0 421 0 421 0 468 0 394 0 392 0 264 0 168 0 100 0 
SAlphaB:
0 0 0 0 0 0 0 0 0 0 0 0 0 0 0 0 0 0 0 0 0 0 0 0 0 0 0 0 0 0 0 0 0 0 0 0 0 0 0 0 16 0 0 0 5 0 18 0 32 0 63 0 88 0 112 0 152 0 160 0 153 0 236 0 337 0 421 0 421 0 468 0 394 0 392 0 264 0 168 0 100 0 
