0 77 98 26 -1 9 30 13

0 35 94 28 -17 5 12 29

0 78 96 21 -16 8 17 9

0 36 78 95 -8 9 19 19

0 87 90 72 -9 13 34 25

0 9 42 30 -15 2 4 4

0 27 91 24 -2 1 2 5

0 15 34 1 -2 1 2 3

0 52 54 74 -4 4 21 14

0 40 87 94 -14 14 19 45

0 20 79 75 -14 15 22 32

0 26 80 6 -13 11 28 37

0 76 83 86 -12 5 17 14

0 56 89 87 -9 10 14 3

0 24 40 15 -19 2 12 9

0 33 51 82 -1 2 5 33

0 90 98 68 -17 17 30 16

0 41 60 34 -20 10 25 8

0 48 67 10 -15 0 2 28

0 32 87 72 -9 10 32 2

0 76 92 42 -1 2 45 32

0 45 71 8 -9 18 22 28

0 75 83 78 -11 30 37 8

0 19 88 11 -14 3 9 38

0 72 84 49 -7 9 23 37

0 23 92 41 -5 0 17 38

0 26 99 79 -18 16 38 0

0 1 84 94 -17 16 23 13

0 95 97 59 -17 39 43 13

0 5 38 95 -11 2 3 6

0 56 93 72 -10 16 32 49

0 42 55 57 -11 9 16 35

0 39 53 66 -8 9 27 31

0 20 46 92 -20 0 4 42

0 72 95 69 -5 1 4 13

0 86 88 15 -11 19 33 11

0 29 67 37 -18 1 28 18

0 77 79 90 -10 0 45 49

0 40 73 26 -7 26 33 17

0 41 59 2 -3 11 14 43

0 71 93 13 -7 6 10 43

0 6 44 0 -3 1 3 31

0 70 79 61 -5 1 4 42

0 18 30 71 -16 31 49 18

0 46 62 51 -14 5 49 45

0 28 34 1 -8 0 15 15

0 52 70 76 -1 25 26 1

0 29 33 67 -13 14 21 8

0 26 55 18 -14 29 45 2

0 80 95 16 -19 26 37 7

0 48 83 6 -20 24 37 25

0 13 33 9 -4 26 43 9

0 12 35 44 -5 0 2 25

0 12 31 63 -17 7 8 32

0 7 57 95 -12 0 4 30

0 15 83 96 -1 5 12 26

0 6 32 48 -12 29 37 10

0 43 53 27 -1 20 23 28

0 33 41 30 -2 13 49 14

0 14 36 10 -5 9 22 4

0 1 48 42 -7 20 45 28

0 44 58 84 -1 1 6 36

0 8 19 85 -7 6 8 14

0 26 30 21 -20 22 25 14

0 5 8 12 -6 19 41 10

0 30 34 35 -3 2 11 40

0 16 17 69 -18 12 27 43

0 2 21 12 -17 13 20 16

0 9 41 44 -4 9 23 30

0 7 16 78 -3 40 44 8

0 26 40 59 -7 34 36 33

0 12 43 97 -6 8 20 49

0 50 76 30 -15 38 49 37

0 4 22 78 -16 10 48 40

0 6 53 36 -13 8 14 43

0 1 6 96 -4 13 25 17

0 1 98 24 -20 42 44 39

0 7 20 18 -16 28 35 20

0 12 16 34 -19 9 19 30

0 21 32 5 -11 5 42 0

0 21 88 59 -8 13 43 42

0 12 26 2 -4 5 20 26

0 3 19 49 -3 9 46 12

0 1 4 51 -8 16 22 22

0 2 11 33 -9 2 15 21

0 3 5 25 -3 38 48 28

0 2 19 46 -12 0 10 42

0 11 17 86 -19 2 11 26

0 0 12 17 -9 8 20 14

0 10 68 8 -10 27 33 44

0 42 61 12 -11 39 41 4

0 7 8 20 -4 13 23 17

0 1 16 18 -8 11 41 23

0 6 20 47 -12 27 44 3

0 14 22 9 -6 9 28 37

0 14 15 0 -5 1 13 32

0 16 49 14 -5 21 29 32

0 3 4 13 -10 12 22 23

0 0 3 82 -3 2 3 27

0 1 6 90 -3 1 6 48


SAlphaB: 700.0, std-dev 267.6070445691412

Earliest win: 37
Latest win: 81

WinDepth:
0 0 0 0 0 0 0 0 0 0 0 0 0 0 0 0 0 0 0 0 0 0 0 0 0 0 0 0 0 0 0 0 0 0 0 0 0 3 0 3 10 10 2 16 13 23 9 26 27 106 34 237 58 140 70 194 89 197 127 150 167 247 254 317 299 357 417 359 433 434 498 444 391 406 424 368 273 231 201 139 109 82 
SAlphaB:
0 0 0 0 0 0 0 0 0 0 0 0 0 0 0 0 0 0 0 0 0 0 0 0 0 0 0 0 0 0 0 0 0 0 0 0 0 3 0 3 10 10 2 16 13 23 9 26 27 106 34 237 58 140 70 194 89 197 127 150 167 247 254 317 299 357 417 359 433 434 498 444 391 406 424 368 273 231 201 139 109 82 

LossDepth:
SAlphaB:
0 0 0 0 0 0 0 0 0 0 0 0 0 0 0 0 0 0 0 0 0 0 0 0 0 0 0 0 0 0 0 0 0 0 0 0 0 3 0 3 10 10 2 16 13 23 9 26 27 106 34 237 58 140 70 194 89 197 127 150 167 247 254 317 299 357 417 359 433 434 498 444 391 406 424 368 273 231 201 139 109 82 

FirstWin:
0 0 0 0 0 0 0 0 0 0 0 0 0 0 0 0 0 0 0 0 0 0 0 0 0 0 0 0 0 0 0 0 0 0 0 0 0 3 0 3 0 10 0 16 0 23 0 26 0 106 0 237 0 140 0 194 0 197 0 150 0 247 0 317 0 357 0 359 0 434 0 444 0 406 0 368 0 231 0 139 0 82 
SAlphaB:
0 0 0 0 0 0 0 0 0 0 0 0 0 0 0 0 0 0 0 0 0 0 0 0 0 0 0 0 0 0 0 0 0 0 0 0 0 3 0 3 0 10 0 16 0 23 0 26 0 106 0 237 0 140 0 194 0 197 0 150 0 247 0 317 0 357 0 359 0 434 0 444 0 406 0 368 0 231 0 139 0 82 

SecondWin:
0 0 0 0 0 0 0 0 0 0 0 0 0 0 0 0 0 0 0 0 0 0 0 0 0 0 0 0 0 0 0 0 0 0 0 0 0 0 0 0 10 0 2 0 13 0 9 0 27 0 34 0 58 0 70 0 89 0 127 0 167 0 254 0 299 0 417 0 433 0 498 0 391 0 424 0 273 0 201 0 109 0 
SAlphaB:
0 0 0 0 0 0 0 0 0 0 0 0 0 0 0 0 0 0 0 0 0 0 0 0 0 0 0 0 0 0 0 0 0 0 0 0 0 0 0 0 10 0 2 0 13 0 9 0 27 0 34 0 58 0 70 0 89 0 127 0 167 0 254 0 299 0 417 0 433 0 498 0 391 0 424 0 273 0 201 0 109 0 
