0 46 66 22 -8 10 15 1

0 18 39 0 -17 0 2 9

0 35 94 63 -18 5 21 25

0 48 74 56 -6 10 11 35

0 30 44 56 -10 1 2 17

0 71 98 41 -4 4 12 23

0 10 53 36 -10 3 8 10

0 47 96 13 -19 3 13 28

0 57 92 7 -17 15 20 12

0 19 33 85 -16 1 4 15

0 68 72 87 -8 5 46 18

0 9 86 38 -4 0 1 33

0 19 24 41 -2 3 6 1

0 9 49 36 -16 0 1 4

0 37 64 80 -4 33 39 32

0 52 83 45 -9 17 37 6

0 11 68 16 -1 30 47 26

0 59 80 83 -11 23 32 21

0 15 16 80 -4 0 8 5

0 6 69 8 -4 4 33 27

0 50 84 5 -8 10 22 47

0 15 50 71 -9 7 23 20

0 18 92 64 -8 4 14 28

0 32 58 64 -3 11 14 36

0 10 69 30 -19 29 47 44

0 32 97 70 -15 9 17 3

0 46 71 76 -10 13 44 49

0 28 45 75 -13 3 11 49

0 61 79 4 -17 0 1 49

0 70 94 53 -8 31 36 49

0 62 63 29 -5 19 49 3

0 41 48 49 -9 0 7 22

0 8 87 30 -3 0 5 28

0 6 58 40 -2 4 20 13

0 40 49 57 -9 13 23 39

0 41 66 20 -6 12 20 38

0 35 83 94 -8 27 29 18

0 18 70 38 -9 1 20 8

0 76 84 12 -13 0 4 46

0 54 87 37 -7 23 27 0

0 66 81 21 -1 3 7 4

0 35 39 37 -19 4 37 1

0 17 22 73 -6 2 5 22

0 22 61 62 -11 15 34 22

0 42 82 0 -12 6 42 38

0 20 55 90 -1 13 21 31

0 39 54 46 -19 21 48 4

0 30 93 61 -18 9 33 25

0 35 40 7 -12 6 15 39

0 63 89 26 -19 32 44 28

0 40 45 44 -15 34 35 28

0 40 62 58 -9 38 44 23

0 40 41 93 -5 0 5 32

0 29 32 49 -13 2 31 7

0 26 47 91 -20 14 18 2

0 15 33 85 -9 25 28 28

0 29 44 28 -3 0 1 39

0 2 90 97 -11 6 41 36

0 5 47 86 -9 11 25 31

0 50 59 46 -18 13 19 31

0 58 66 13 -3 3 4 22

0 16 55 70 -17 6 27 47

0 17 26 98 -20 1 6 4

0 19 72 95 -8 29 32 41

0 3 98 18 -4 16 21 5

0 14 25 74 -3 9 26 8

0 56 78 34 -6 27 34 15

0 1 35 21 -3 0 2 39

0 31 50 86 -20 28 29 9

0 9 54 30 -19 7 41 17

0 7 41 7 -11 44 48 23

0 83 86 77 -12 0 8 45

0 23 24 31 -16 31 35 27

0 18 38 41 -2 0 44 4

0 17 42 82 -10 24 41 45

0 1 81 91 -4 0 9 36

0 11 15 72 -11 10 38 38

0 22 41 36 -10 11 29 39

0 0 9 65 -18 45 49 19

0 29 32 80 -2 18 30 40

0 27 68 65 -20 8 35 41

0 3 20 66 -17 20 22 7

0 1 11 98 -7 37 40 12

0 10 37 8 -8 16 20 22

0 12 67 66 -3 4 19 41

0 3 36 39 -4 3 40 4

0 23 43 44 -15 10 41 38

0 1 2 97 -13 0 2 1

0 7 51 21 -2 17 24 46

0 5 15 45 -14 16 20 19

0 24 58 1 -10 25 38 35

0 5 9 96 -20 0 18 45

0 21 88 45 -4 33 36 29

0 0 11 51 -16 4 12 40

0 17 59 78 -8 17 26 44

0 6 27 85 -11 2 38 46

0 3 10 88 -7 22 23 16

0 9 15 85 -19 30 36 4

0 1 4 8 -2 12 16 17

0 1 5 88 -10 2 4 49


SAlphaB: 688.0, std-dev 262.73986933732374

Earliest win: 35
Latest win: 81

WinDepth:
0 0 0 0 0 0 0 0 0 0 0 0 0 0 0 0 0 0 0 0 0 0 0 0 0 0 0 0 0 0 0 0 0 0 0 1 0 0 3 4 28 4 4 24 29 28 28 42 37 78 104 171 94 143 74 169 120 207 130 166 156 246 230 357 347 334 403 395 429 412 429 440 390 374 415 353 290 260 185 170 96 60 
SAlphaB:
0 0 0 0 0 0 0 0 0 0 0 0 0 0 0 0 0 0 0 0 0 0 0 0 0 0 0 0 0 0 0 0 0 0 0 1 0 0 3 4 28 4 4 24 29 28 28 42 37 78 104 171 94 143 74 169 120 207 130 166 156 246 230 357 347 334 403 395 429 412 429 440 390 374 415 353 290 260 185 170 96 60 

LossDepth:
SAlphaB:
0 0 0 0 0 0 0 0 0 0 0 0 0 0 0 0 0 0 0 0 0 0 0 0 0 0 0 0 0 0 0 0 0 0 0 1 0 0 3 4 28 4 4 24 29 28 28 42 37 78 104 171 94 143 74 169 120 207 130 166 156 246 230 357 347 334 403 395 429 412 429 440 390 374 415 353 290 260 185 170 96 60 

FirstWin:
0 0 0 0 0 0 0 0 0 0 0 0 0 0 0 0 0 0 0 0 0 0 0 0 0 0 0 0 0 0 0 0 0 0 0 1 0 0 0 4 0 4 0 24 0 28 0 42 0 78 0 171 0 143 0 169 0 207 0 166 0 246 0 357 0 334 0 395 0 412 0 440 0 374 0 353 0 260 0 170 0 60 
SAlphaB:
0 0 0 0 0 0 0 0 0 0 0 0 0 0 0 0 0 0 0 0 0 0 0 0 0 0 0 0 0 0 0 0 0 0 0 1 0 0 0 4 0 4 0 24 0 28 0 42 0 78 0 171 0 143 0 169 0 207 0 166 0 246 0 357 0 334 0 395 0 412 0 440 0 374 0 353 0 260 0 170 0 60 

SecondWin:
0 0 0 0 0 0 0 0 0 0 0 0 0 0 0 0 0 0 0 0 0 0 0 0 0 0 0 0 0 0 0 0 0 0 0 0 0 0 3 0 28 0 4 0 29 0 28 0 37 0 104 0 94 0 74 0 120 0 130 0 156 0 230 0 347 0 403 0 429 0 429 0 390 0 415 0 290 0 185 0 96 0 
SAlphaB:
0 0 0 0 0 0 0 0 0 0 0 0 0 0 0 0 0 0 0 0 0 0 0 0 0 0 0 0 0 0 0 0 0 0 0 0 0 0 3 0 28 0 4 0 29 0 28 0 37 0 104 0 94 0 74 0 120 0 130 0 156 0 230 0 347 0 403 0 429 0 429 0 390 0 415 0 290 0 185 0 96 0 
