0 39 82 12 -17 1 11 26

0 32 71 36 -1 2 14 11

0 49 95 82 -12 8 27 31

0 55 97 30 -20 2 25 32

0 40 71 6 -17 6 19 28

0 43 95 51 -9 0 1 0

0 23 51 23 -4 2 9 0

0 66 97 20 -14 0 1 15

0 47 89 19 -17 2 22 41

0 27 52 37 -2 8 16 1

0 23 53 26 -20 0 1 37

0 52 69 89 -15 3 6 30

0 68 77 37 -1 12 20 14

0 26 31 34 -7 4 9 9

0 37 64 68 -10 1 11 18

0 53 70 23 -17 5 12 27

0 39 48 69 -1 8 17 14

0 56 81 33 -16 11 26 25

0 31 72 5 -14 0 4 12

0 44 79 7 -9 11 19 4

0 50 74 20 -10 10 32 27

0 23 88 73 -2 4 15 1

0 17 23 16 -8 2 3 4

0 62 77 31 -9 0 1 16

0 23 45 11 -16 0 5 12

0 23 50 51 -12 2 5 5

0 24 76 13 -10 0 13 28

0 31 51 45 -9 2 20 16

0 58 79 32 -1 10 30 36

0 71 74 95 -20 15 40 28

0 85 98 80 -18 6 49 30

0 19 62 97 -4 8 10 5

0 56 87 51 -16 11 39 2

0 58 99 77 -10 14 18 34

0 41 63 64 -19 1 3 24

0 27 88 11 -11 13 28 24

0 36 39 29 -5 2 18 12

0 41 56 79 -16 2 12 15

0 51 84 54 -2 6 41 18

0 70 85 68 -3 2 31 35

0 84 99 82 -16 3 32 34

0 44 75 51 -15 1 13 31

0 40 48 77 -20 1 2 19

0 42 50 53 -12 2 5 10

0 69 97 52 -2 16 26 40

0 39 55 30 -13 5 14 10

0 38 80 16 -13 1 14 6

0 49 66 73 -14 4 29 2

0 83 86 56 -2 10 32 2

0 61 89 14 -16 0 2 20

0 62 70 1 -13 7 23 25

0 48 63 85 -8 4 5 9

0 1 61 53 -19 2 4 12

0 70 87 97 -18 3 40 32

0 39 81 93 -20 0 3 29

0 40 95 38 -2 8 35 34

0 44 61 79 -5 3 7 6

0 95 99 31 -7 1 6 26

0 51 71 32 -13 5 29 38

0 8 47 44 -3 6 10 8

0 52 61 75 -18 2 13 22

0 33 70 72 -12 0 2 5

0 24 34 14 -18 0 1 24

0 67 78 99 -17 1 11 4

0 69 98 65 -6 2 39 13

0 32 72 34 -6 16 36 35

0 53 63 29 -20 2 5 14

0 67 82 9 -7 7 16 7

0 16 35 65 -12 0 3 16

0 58 61 43 -10 11 26 18

0 9 75 32 -5 7 10 17

0 24 95 80 -16 4 5 45

0 41 76 79 -4 0 8 6

0 48 55 85 -2 4 13 18

0 54 98 69 -16 1 9 19

0 45 82 72 -3 27 36 14

0 51 88 54 -5 15 26 12

0 62 74 74 -6 1 19 42

0 23 62 81 -7 2 3 19

0 19 87 15 -6 9 31 19

0 66 68 62 -18 16 27 27

0 26 75 9 -15 11 14 34

0 44 82 20 -12 0 1 17

0 34 35 72 -11 0 5 19

0 10 82 42 -15 10 33 10

0 53 75 20 -14 10 27 28

0 52 68 91 -19 0 1 15

0 47 92 78 -12 2 3 24

0 31 57 61 -11 7 15 42

0 14 57 89 -7 0 7 0

0 33 34 45 -13 3 7 14

0 13 31 68 -7 16 21 14

0 6 30 29 -6 0 3 11

0 36 75 40 -8 30 39 24

0 49 92 62 -3 37 49 22

0 24 31 19 -6 28 30 11

0 7 69 33 -2 1 3 32

0 38 49 97 -17 31 40 21

0 36 42 51 -19 9 12 16

0 0 42 80 -19 16 20 14


SAlphaB: 757.0, std-dev 264.09804844398076

Earliest win: 35
Latest win: 81

WinDepth:
0 0 0 0 0 0 0 0 0 0 0 0 0 0 0 0 0 0 0 0 0 0 0 0 0 0 0 0 0 0 0 0 0 0 0 2 1 5 4 17 10 12 11 42 15 46 38 211 73 142 174 449 191 307 253 466 347 493 308 497 459 677 617 806 781 963 877 1024 996 1050 917 935 936 887 878 742 655 475 402 293 193 179 
SAlphaB:
0 0 0 0 0 0 0 0 0 0 0 0 0 0 0 0 0 0 0 0 0 0 0 0 0 0 0 0 0 0 0 0 0 0 0 2 1 5 4 17 10 12 11 42 15 46 38 211 73 142 174 449 191 307 253 466 347 493 308 497 459 677 617 806 781 963 877 1024 996 1050 917 935 936 887 878 742 655 475 402 293 193 179 

LossDepth:
SAlphaB:
0 0 0 0 0 0 0 0 0 0 0 0 0 0 0 0 0 0 0 0 0 0 0 0 0 0 0 0 0 0 0 0 0 0 0 3 0 1 3 12 5 12 12 26 14 29 25 98 41 99 124 166 132 193 182 272 223 301 210 369 300 452 390 623 521 709 653 778 659 877 690 821 655 742 640 673 552 453 386 266 218 142 

FirstWin:
0 0 0 0 0 0 0 0 0 0 0 0 0 0 0 0 0 0 0 0 0 0 0 0 0 0 0 0 0 0 0 0 0 0 0 2 0 5 0 17 0 12 0 42 0 46 0 211 0 142 0 449 0 307 0 466 0 493 0 497 0 677 0 806 0 963 0 1024 0 1050 0 935 0 887 0 742 0 475 0 293 0 179 
SAlphaB:
0 0 0 0 0 0 0 0 0 0 0 0 0 0 0 0 0 0 0 0 0 0 0 0 0 0 0 0 0 0 0 0 0 0 0 2 0 5 0 17 0 12 0 42 0 46 0 211 0 142 0 449 0 307 0 466 0 493 0 497 0 677 0 806 0 963 0 1024 0 1050 0 935 0 887 0 742 0 475 0 293 0 179 

SecondWin:
0 0 0 0 0 0 0 0 0 0 0 0 0 0 0 0 0 0 0 0 0 0 0 0 0 0 0 0 0 0 0 0 0 0 0 0 1 0 4 0 10 0 11 0 15 0 38 0 73 0 174 0 191 0 253 0 347 0 308 0 459 0 617 0 781 0 877 0 996 0 917 0 936 0 878 0 655 0 402 0 193 0 
SAlphaB:
0 0 0 0 0 0 0 0 0 0 0 0 0 0 0 0 0 0 0 0 0 0 0 0 0 0 0 0 0 0 0 0 0 0 0 0 1 0 4 0 10 0 11 0 15 0 38 0 73 0 174 0 191 0 253 0 347 0 308 0 459 0 617 0 781 0 877 0 996 0 917 0 936 0 878 0 655 0 402 0 193 0 
