0 14 57 89 -7 0 7 0

0 44 82 20 -12 0 1 17

0 43 95 51 -9 0 1 0

0 38 80 16 -13 1 14 6

0 1 61 53 -19 2 4 12

0 19 62 97 -4 8 10 5

0 62 70 1 -13 7 23 25

0 70 87 97 -18 3 40 32

0 70 85 68 -3 2 31 35

0 31 57 61 -11 7 15 42

0 1 27 54 -12 2 5 17

0 58 86 65 -3 10 17 41

0 66 84 87 -12 4 8 10

0 7 97 37 -15 2 3 17

0 12 87 64 -11 2 16 12

0 53 71 11 -2 12 18 7

0 26 89 53 -8 8 23 41

0 89 98 74 -16 2 21 6

0 34 61 7 -9 16 43 1

0 28 85 36 -1 3 11 44

0 51 93 39 -8 16 22 20

0 54 94 35 -12 11 12 22

0 27 48 4 -1 4 12 19

0 32 34 33 -6 45 47 6

0 47 78 51 -16 12 20 3

0 26 74 42 -18 5 32 46

0 43 81 6 -5 12 20 13

0 35 59 29 -2 13 47 30

0 18 93 92 -11 4 45 23

0 48 58 42 -2 19 37 5

0 19 49 30 -11 26 33 23

0 25 82 18 -9 0 37 33

0 51 56 44 -6 0 2 30

0 42 70 14 -4 0 11 36

0 58 78 68 -20 2 9 49

0 39 84 99 -11 9 48 6

0 12 32 48 -19 15 24 10

0 26 43 0 -2 4 9 14

0 27 69 40 -16 15 29 5

0 34 62 67 -7 18 21 39

0 67 78 83 -20 22 34 40

0 84 94 18 -15 4 8 2

0 17 69 6 -11 4 33 20

0 59 68 97 -1 4 5 27

0 6 73 18 -13 22 37 37

0 10 82 77 -9 10 25 34

0 19 40 51 -7 9 42 44

0 76 79 52 -4 4 13 6

0 12 50 6 -15 18 33 14

0 9 58 31 -9 18 24 24

0 87 95 78 -20 22 41 31

0 1 38 33 -17 30 38 30

0 2 25 72 -8 8 17 30

0 12 35 3 -14 3 4 6

0 37 41 20 -20 12 34 28

0 17 31 66 -8 21 24 40

0 33 64 93 -6 1 2 40

0 80 94 43 -18 13 14 27

0 4 28 20 -3 1 27 6

0 9 47 97 -16 18 20 35

0 5 16 99 -6 23 25 0

0 52 58 21 -15 5 48 24

0 4 73 12 -6 5 26 35

0 25 31 1 -19 13 29 34

0 8 25 68 -14 5 6 47

0 15 22 67 -7 8 19 40

0 18 52 12 -17 14 17 41

0 10 51 54 -18 1 15 41

0 20 24 81 -1 17 27 30

0 11 21 14 -17 40 43 1

0 10 35 94 -2 26 31 32

0 0 11 43 -15 26 35 9

0 10 34 60 -13 36 47 42

0 7 9 10 -16 6 29 31

0 1 59 52 -4 0 7 49

0 0 10 57 -4 31 32 27

0 7 62 66 -15 6 19 42

0 6 20 16 -2 3 11 28

0 14 21 88 -20 4 5 26

0 7 18 20 -2 11 47 11

0 2 8 24 -10 16 20 36

0 0 35 45 -2 0 3 42

0 0 1 32 -18 5 10 23

0 15 39 4 -1 22 27 43

0 0 1 68 -16 2 5 8

0 13 25 8 -18 3 37 21

0 7 8 5 -18 6 9 23

0 0 1 24 -20 1 5 4

0 1 7 16 -14 8 10 40

0 5 16 59 -7 2 25 16

0 5 7 7 -6 25 30 8

0 3 10 47 -7 12 14 39

0 0 6 37 -11 8 26 12

0 1 21 13 -7 27 28 43

0 4 15 1 -2 19 31 44

0 1 2 38 -17 4 6 2

0 2 12 43 -15 5 11 46

0 12 13 82 -3 12 49 4

0 14 16 1 -19 8 12 45

0 4 6 2 -2 10 15 42


SAlphaB: 740.0, std-dev 273.8164328320872

Earliest win: 39
Latest win: 81

WinDepth:
0 0 0 0 0 0 0 0 0 0 0 0 0 0 0 0 0 0 0 0 0 0 0 0 0 0 0 0 0 0 0 0 0 0 0 0 0 0 0 3 0 8 1 9 5 16 10 54 20 39 50 223 68 103 94 172 150 221 122 191 174 224 209 284 304 356 425 404 475 407 475 443 439 428 401 330 276 219 181 164 114 91 
SAlphaB:
0 0 0 0 0 0 0 0 0 0 0 0 0 0 0 0 0 0 0 0 0 0 0 0 0 0 0 0 0 0 0 0 0 0 0 0 0 0 0 3 0 8 1 9 5 16 10 54 20 39 50 223 68 103 94 172 150 221 122 191 174 224 209 284 304 356 425 404 475 407 475 443 439 428 401 330 276 219 181 164 114 91 

LossDepth:
SAlphaB:
0 0 0 0 0 0 0 0 0 0 0 0 0 0 0 0 0 0 0 0 0 0 0 0 0 0 0 0 0 0 0 0 0 0 0 0 0 0 0 3 0 8 1 9 5 16 10 54 20 39 50 223 68 103 94 172 150 221 122 191 174 224 209 284 304 356 425 404 475 407 475 443 439 428 401 330 276 219 181 164 114 91 

FirstWin:
0 0 0 0 0 0 0 0 0 0 0 0 0 0 0 0 0 0 0 0 0 0 0 0 0 0 0 0 0 0 0 0 0 0 0 0 0 0 0 3 0 8 0 9 0 16 0 54 0 39 0 223 0 103 0 172 0 221 0 191 0 224 0 284 0 356 0 404 0 407 0 443 0 428 0 330 0 219 0 164 0 91 
SAlphaB:
0 0 0 0 0 0 0 0 0 0 0 0 0 0 0 0 0 0 0 0 0 0 0 0 0 0 0 0 0 0 0 0 0 0 0 0 0 0 0 3 0 8 0 9 0 16 0 54 0 39 0 223 0 103 0 172 0 221 0 191 0 224 0 284 0 356 0 404 0 407 0 443 0 428 0 330 0 219 0 164 0 91 

SecondWin:
0 0 0 0 0 0 0 0 0 0 0 0 0 0 0 0 0 0 0 0 0 0 0 0 0 0 0 0 0 0 0 0 0 0 0 0 0 0 0 0 0 0 1 0 5 0 10 0 20 0 50 0 68 0 94 0 150 0 122 0 174 0 209 0 304 0 425 0 475 0 475 0 439 0 401 0 276 0 181 0 114 0 
SAlphaB:
0 0 0 0 0 0 0 0 0 0 0 0 0 0 0 0 0 0 0 0 0 0 0 0 0 0 0 0 0 0 0 0 0 0 0 0 0 0 0 0 0 0 1 0 5 0 10 0 20 0 50 0 68 0 94 0 150 0 122 0 174 0 209 0 304 0 425 0 475 0 475 0 439 0 401 0 276 0 181 0 114 0 
