0 66 97 20 -14 0 1 15

0 62 74 74 -6 1 19 42

0 36 39 29 -5 2 18 12

0 34 35 72 -11 0 5 19

0 47 92 78 -12 2 3 24

0 49 95 82 -12 8 27 31

0 13 31 68 -7 16 21 14

0 19 87 15 -6 9 31 19

0 66 68 62 -18 16 27 27

0 49 92 62 -3 37 49 22

0 23 40 92 -14 2 7 35

0 7 91 23 -7 31 47 6

0 52 96 98 -8 12 17 19

0 11 79 65 -5 19 30 49

0 70 75 31 -2 4 43 3

0 33 65 93 -3 6 15 41

0 19 81 83 -18 0 19 14

0 18 40 28 -13 8 10 2

0 13 21 21 -10 0 7 17

0 55 73 35 -15 1 9 47

0 12 39 57 -1 16 25 17

0 72 73 36 -12 11 18 2

0 11 68 71 -10 1 2 46

0 22 42 70 -1 0 2 20

0 24 67 71 -15 4 42 10

0 37 81 47 -9 4 8 30

0 28 78 29 -12 3 5 39

0 44 67 89 -13 11 35 11

0 12 97 82 -13 28 46 38

0 28 44 22 -6 3 8 26

0 28 35 68 -5 0 4 6

0 37 64 64 -17 17 33 15

0 9 99 67 -8 11 33 15

0 34 44 27 -3 5 9 21

0 58 83 28 -6 19 38 26

0 20 68 16 -3 29 32 39

0 48 82 39 -12 32 35 13

0 9 87 20 -13 13 44 42

0 21 22 39 -17 3 4 31

0 4 47 85 -20 6 9 18

0 31 33 14 -12 4 7 23

0 24 99 11 -10 28 30 32

0 8 11 43 -8 1 2 0

0 77 80 48 -10 2 3 30

0 10 77 80 -18 26 33 46

0 2 36 86 -5 7 9 3

0 85 88 70 -1 20 29 48

0 26 32 62 -20 3 26 20

0 21 87 21 -6 28 48 23

0 3 56 9 -3 4 17 8

0 28 98 5 -3 30 32 46

0 43 44 52 -15 13 30 49

0 31 76 76 -20 0 40 43

0 3 15 34 -10 0 2 21

0 70 78 36 -6 19 31 46

0 3 46 89 -13 28 36 24

0 4 29 4 -6 26 47 13

0 42 96 66 -18 12 17 7

0 34 69 79 -20 9 31 5

0 16 60 13 -19 12 48 37

0 32 49 90 -1 0 2 42

0 7 67 52 -1 12 26 45

0 12 14 74 -19 1 30 40

0 3 9 90 -20 14 30 34

0 49 63 27 -18 34 45 40

0 63 67 69 -4 38 47 24

0 14 32 53 -16 12 40 30

0 3 38 54 -10 16 17 25

0 4 37 67 -19 12 19 48

0 11 24 1 -11 8 28 17

0 13 37 96 -13 32 38 47

0 22 80 68 -6 5 35 33

0 17 40 52 -17 8 10 2

0 5 82 30 -17 4 48 35

0 12 69 35 -14 19 26 4

0 31 53 88 -14 1 44 17

0 24 55 99 -8 0 49 32

0 12 94 21 -11 3 15 49

0 18 75 7 -6 5 37 43

0 3 43 65 -10 21 42 20

0 17 28 24 -8 10 37 32

0 3 54 95 -3 4 9 49

0 0 21 10 -18 8 15 30

0 0 14 1 -13 10 28 27

0 22 30 49 -19 15 26 40

0 12 31 3 -11 9 11 28

0 4 15 69 -14 11 48 37

0 4 8 68 -5 17 18 41

0 4 5 60 -18 16 49 6

0 0 20 57 -14 1 4 36

0 23 29 20 -4 2 43 48

0 7 32 56 -8 4 17 34

0 8 26 36 -9 10 45 18

0 1 7 75 -17 0 5 34

0 7 11 59 -14 8 14 19

0 7 8 43 -14 2 5 2

0 11 17 88 -10 9 41 15

0 1 14 19 -14 32 41 16

0 0 8 73 -8 0 6 38

0 0 1 33 -2 1 13 44


SAlphaB: 726.0, std-dev 272.67555738635536

Earliest win: 37
Latest win: 81

WinDepth:
0 0 0 0 0 0 0 0 0 0 0 0 0 0 0 0 0 0 0 0 0 0 0 0 0 0 0 0 0 0 0 0 0 0 0 0 0 7 0 2 0 6 6 9 7 27 9 50 44 61 79 159 88 115 87 132 146 174 115 218 171 238 216 334 350 347 382 391 430 449 423 449 469 378 390 332 313 248 206 157 99 77 
SAlphaB:
0 0 0 0 0 0 0 0 0 0 0 0 0 0 0 0 0 0 0 0 0 0 0 0 0 0 0 0 0 0 0 0 0 0 0 0 0 7 0 2 0 6 6 9 7 27 9 50 44 61 79 159 88 115 87 132 146 174 115 218 171 238 216 334 350 347 382 391 430 449 423 449 469 378 390 332 313 248 206 157 99 77 

LossDepth:
SAlphaB:
0 0 0 0 0 0 0 0 0 0 0 0 0 0 0 0 0 0 0 0 0 0 0 0 0 0 0 0 0 0 0 0 0 0 0 0 0 7 0 2 0 6 6 9 7 27 9 50 44 61 79 159 88 115 87 132 146 174 115 218 171 238 216 334 350 347 382 391 430 449 423 449 469 378 390 332 313 248 206 157 99 77 

FirstWin:
0 0 0 0 0 0 0 0 0 0 0 0 0 0 0 0 0 0 0 0 0 0 0 0 0 0 0 0 0 0 0 0 0 0 0 0 0 7 0 2 0 6 0 9 0 27 0 50 0 61 0 159 0 115 0 132 0 174 0 218 0 238 0 334 0 347 0 391 0 449 0 449 0 378 0 332 0 248 0 157 0 77 
SAlphaB:
0 0 0 0 0 0 0 0 0 0 0 0 0 0 0 0 0 0 0 0 0 0 0 0 0 0 0 0 0 0 0 0 0 0 0 0 0 7 0 2 0 6 0 9 0 27 0 50 0 61 0 159 0 115 0 132 0 174 0 218 0 238 0 334 0 347 0 391 0 449 0 449 0 378 0 332 0 248 0 157 0 77 

SecondWin:
0 0 0 0 0 0 0 0 0 0 0 0 0 0 0 0 0 0 0 0 0 0 0 0 0 0 0 0 0 0 0 0 0 0 0 0 0 0 0 0 0 0 6 0 7 0 9 0 44 0 79 0 88 0 87 0 146 0 115 0 171 0 216 0 350 0 382 0 430 0 423 0 469 0 390 0 313 0 206 0 99 0 
SAlphaB:
0 0 0 0 0 0 0 0 0 0 0 0 0 0 0 0 0 0 0 0 0 0 0 0 0 0 0 0 0 0 0 0 0 0 0 0 0 0 0 0 0 0 6 0 7 0 9 0 44 0 79 0 88 0 87 0 146 0 115 0 171 0 216 0 350 0 382 0 430 0 423 0 469 0 390 0 313 0 206 0 99 0 
