0 62 77 31 -9 0 1 16

0 54 98 69 -16 1 9 19

0 61 89 14 -16 0 2 20

0 58 99 77 -10 14 18 34

0 8 47 44 -3 6 10 8

0 38 49 97 -17 31 40 21

0 32 71 36 -1 2 14 11

0 53 75 20 -14 10 27 28

0 51 71 32 -13 5 29 38

0 32 72 34 -6 16 36 35

0 29 77 79 -18 8 13 2

0 24 48 3 -1 8 24 20

0 56 70 81 -16 11 48 23

0 59 65 44 -1 9 21 42

0 22 35 17 -5 8 21 13

0 55 98 55 -18 4 10 7

0 10 98 64 -18 2 4 28

0 58 63 3 -6 6 34 22

0 43 74 30 -6 0 20 5

0 83 92 7 -1 2 10 1

0 6 69 58 -9 1 8 8

0 50 70 0 -11 5 17 27

0 32 34 98 -2 3 7 6

0 0 54 41 -20 5 12 24

0 44 57 87 -20 8 21 41

0 45 59 70 -19 16 35 46

0 9 66 81 -15 25 38 32

0 41 53 67 -8 24 39 41

0 40 62 69 -14 28 41 41

0 59 95 70 -15 25 32 47

0 20 22 34 -12 2 6 13

0 11 39 94 -19 19 27 17

0 73 79 30 -6 37 43 37

0 22 34 88 -18 4 11 39

0 13 45 42 -9 45 47 4

0 22 35 91 -13 0 2 39

0 37 38 92 -4 6 13 0

0 89 96 24 -19 38 44 36

0 15 42 17 -19 23 28 25

0 59 82 52 -15 21 34 13

0 35 52 86 -3 34 42 4

0 31 65 80 -5 36 40 41

0 87 94 9 -1 29 46 21

0 86 89 25 -18 19 45 12

0 41 44 20 -9 33 41 29

0 14 88 43 -11 7 11 28

0 0 50 34 -2 14 36 46

0 11 64 22 -1 1 42 13

0 37 45 43 -19 16 44 18

0 12 90 79 -13 12 13 46

0 13 38 20 -12 6 10 15

0 38 56 82 -2 1 28 28

0 28 54 51 -19 27 32 8

0 2 98 8 -12 7 25 44

0 58 69 51 -14 27 32 37

0 27 36 66 -4 26 31 14

0 19 52 36 -11 4 34 10

0 36 50 68 -17 14 25 24

0 29 60 13 -3 37 39 30

0 19 54 9 -4 27 43 16

0 45 63 82 -6 28 36 45

0 5 91 62 -9 11 49 12

0 47 48 55 -14 19 43 17

0 0 11 33 -4 2 4 7

0 28 30 69 -11 16 43 15

0 22 50 66 -17 17 18 31

0 25 49 21 -10 42 45 34

0 1 57 35 -13 12 16 19

0 4 6 48 -16 0 46 10

0 5 76 89 -13 1 7 16

0 8 25 34 -7 8 22 42

0 22 90 28 -15 0 28 49

0 1 9 65 -5 9 34 9

0 56 91 73 -20 15 20 44

0 8 35 22 -4 12 19 16

0 27 56 39 -7 17 28 47

0 23 25 32 -9 6 16 38

0 0 6 18 -10 4 13 12

0 6 17 13 -11 7 49 9

0 31 37 26 -2 40 49 44

0 1 6 70 -11 0 1 32

0 12 13 55 -9 2 11 20

0 15 23 84 -18 5 23 40

0 9 28 22 -12 11 35 49

0 6 8 69 -7 10 11 40

0 18 27 94 -2 15 44 14

0 8 22 34 -11 23 36 30

0 0 1 39 -9 3 26 22

0 0 17 1 -19 8 16 20

0 0 18 86 -19 8 46 46

0 7 32 87 -12 1 12 45

0 3 27 6 -12 24 33 4

0 7 9 82 -4 19 38 24

0 4 7 34 -16 19 22 5

0 15 18 23 -15 5 17 31

0 8 11 99 -10 35 41 21

0 0 2 78 -11 30 39 17

0 9 28 51 -2 4 32 31

0 9 12 12 -14 0 24 27

0 5 13 1 -5 25 33 5


SAlphaB: 711.0, std-dev 255.50828032205007

Earliest win: 37
Latest win: 81

WinDepth:
0 0 0 0 0 0 0 0 0 0 0 0 0 0 0 0 0 0 0 0 0 0 0 0 0 0 0 0 0 0 0 0 0 0 0 0 0 4 0 5 16 3 0 2 9 23 25 32 35 75 62 292 137 120 89 165 92 195 124 166 164 270 279 305 317 320 393 381 503 389 463 418 371 376 368 351 275 222 158 131 94 82 
SAlphaB:
0 0 0 0 0 0 0 0 0 0 0 0 0 0 0 0 0 0 0 0 0 0 0 0 0 0 0 0 0 0 0 0 0 0 0 0 0 4 0 5 16 3 0 2 9 23 25 32 35 75 62 292 137 120 89 165 92 195 124 166 164 270 279 305 317 320 393 381 503 389 463 418 371 376 368 351 275 222 158 131 94 82 

LossDepth:
SAlphaB:
0 0 0 0 0 0 0 0 0 0 0 0 0 0 0 0 0 0 0 0 0 0 0 0 0 0 0 0 0 0 0 0 0 0 0 0 0 4 0 5 16 3 0 2 9 23 25 32 35 75 62 292 137 120 89 165 92 195 124 166 164 270 279 305 317 320 393 381 503 389 463 418 371 376 368 351 275 222 158 131 94 82 

FirstWin:
0 0 0 0 0 0 0 0 0 0 0 0 0 0 0 0 0 0 0 0 0 0 0 0 0 0 0 0 0 0 0 0 0 0 0 0 0 4 0 5 0 3 0 2 0 23 0 32 0 75 0 292 0 120 0 165 0 195 0 166 0 270 0 305 0 320 0 381 0 389 0 418 0 376 0 351 0 222 0 131 0 82 
SAlphaB:
0 0 0 0 0 0 0 0 0 0 0 0 0 0 0 0 0 0 0 0 0 0 0 0 0 0 0 0 0 0 0 0 0 0 0 0 0 4 0 5 0 3 0 2 0 23 0 32 0 75 0 292 0 120 0 165 0 195 0 166 0 270 0 305 0 320 0 381 0 389 0 418 0 376 0 351 0 222 0 131 0 82 

SecondWin:
0 0 0 0 0 0 0 0 0 0 0 0 0 0 0 0 0 0 0 0 0 0 0 0 0 0 0 0 0 0 0 0 0 0 0 0 0 0 0 0 16 0 0 0 9 0 25 0 35 0 62 0 137 0 89 0 92 0 124 0 164 0 279 0 317 0 393 0 503 0 463 0 371 0 368 0 275 0 158 0 94 0 
SAlphaB:
0 0 0 0 0 0 0 0 0 0 0 0 0 0 0 0 0 0 0 0 0 0 0 0 0 0 0 0 0 0 0 0 0 0 0 0 0 0 0 0 16 0 0 0 9 0 25 0 35 0 62 0 137 0 89 0 92 0 124 0 164 0 279 0 317 0 393 0 503 0 463 0 371 0 368 0 275 0 158 0 94 0 
