0 39 81 93 -20 0 3 29

0 39 82 12 -17 1 11 26

0 50 74 20 -10 10 32 27

0 56 87 51 -16 11 39 2

0 51 84 54 -2 6 41 18

0 33 34 45 -13 3 7 14

0 85 98 80 -18 6 49 30

0 56 81 33 -16 11 26 25

0 24 34 14 -18 0 1 24

0 53 70 23 -17 5 12 27

0 4 24 64 -7 0 3 5

0 61 93 64 -16 0 27 16

0 58 80 35 -12 9 13 44

0 64 85 32 -17 3 30 18

0 92 96 75 -17 21 24 24

0 58 69 83 -5 13 15 29

0 0 90 62 -13 30 41 15

0 11 92 50 -10 17 46 2

0 23 97 68 -18 27 42 22

0 71 83 73 -14 16 37 46

0 28 60 65 -7 2 3 37

0 19 44 52 -10 23 26 36

0 58 86 69 -20 31 36 15

0 58 98 30 -4 6 7 0

0 29 79 82 -14 9 17 18

0 64 87 24 -16 11 29 12

0 31 38 79 -19 1 11 33

0 53 84 30 -9 2 3 27

0 58 93 16 -8 16 28 14

0 67 89 22 -1 12 16 12

0 40 59 65 -18 4 6 23

0 22 52 37 -12 7 18 38

0 53 94 44 -19 5 47 3

0 29 86 70 -5 18 21 5

0 70 78 27 -19 38 48 25

0 40 78 64 -7 28 45 14

0 17 38 23 -3 6 12 25

0 65 66 36 -20 37 42 49

0 32 39 19 -2 0 1 10

0 58 95 36 -8 33 47 34

0 43 91 43 -14 31 41 24

0 8 39 45 -7 3 12 7

0 1 55 88 -2 23 28 21

0 27 42 68 -2 22 24 28

0 43 98 0 -9 19 32 20

0 30 84 38 -2 34 43 31

0 33 47 85 -5 11 17 38

0 11 41 56 -5 35 36 3

0 15 93 42 -3 14 22 3

0 8 20 90 -16 0 1 31

0 6 74 51 -13 3 30 39

0 11 52 48 -6 34 39 47

0 77 95 84 -7 28 40 34

0 26 35 15 -6 8 20 33

0 21 35 4 -17 1 15 4

0 58 77 49 -8 22 36 46

0 16 78 27 -16 23 27 18

0 25 74 9 -9 44 46 20

0 10 81 51 -6 4 26 49

0 61 74 11 -6 22 32 6

0 57 82 97 -19 27 35 44

0 2 10 4 -18 2 5 14

0 8 24 7 -20 0 2 0

0 9 13 66 -9 6 12 32

0 35 60 22 -13 1 47 10

0 35 39 97 -18 1 19 14

0 10 69 10 -4 5 32 28

0 82 88 78 -19 26 44 49

0 21 24 87 -9 20 39 33

0 27 30 21 -1 17 36 22

0 12 25 42 -2 1 14 29

0 25 36 55 -6 20 23 48

0 6 16 70 -17 31 37 40

0 30 67 70 -17 9 43 41

0 56 62 0 -16 29 37 19

0 22 54 25 -12 1 41 29

0 2 85 66 -2 6 42 42

0 3 71 55 -8 8 11 45

0 2 3 88 -20 21 27 47

0 5 86 69 -5 7 47 47

0 11 47 7 -19 16 31 31

0 8 18 50 -1 7 32 2

0 29 42 62 -20 18 27 41

0 7 19 39 -17 0 2 15

0 20 29 20 -16 3 6 40

0 20 71 32 -12 14 26 47

0 1 17 51 -16 5 8 38

0 16 44 5 -17 35 49 13

0 4 24 50 -20 3 29 19

0 10 20 62 -19 3 13 37

0 7 15 80 -8 3 27 25

0 0 7 37 -8 41 43 16

0 0 3 63 -4 8 11 30

0 0 15 16 -7 40 43 44

0 6 26 63 -10 4 34 36

0 0 1 50 -10 0 2 25

0 13 45 73 -5 32 48 44

0 8 18 46 -11 2 3 47

0 4 14 42 -20 4 24 13

0 0 1 35 -2 0 4 22


SAlphaB: 692.0, std-dev 268.94141808884024

Earliest win: 35
Latest win: 81

WinDepth:
0 0 0 0 0 0 0 0 0 0 0 0 0 0 0 0 0 0 0 0 0 0 0 0 0 0 0 0 0 0 0 0 0 0 0 1 0 12 1 2 3 10 1 7 5 28 19 37 18 60 77 162 123 140 84 172 151 207 138 217 183 249 246 341 370 380 421 433 418 438 382 466 396 345 340 344 242 221 181 148 103 64 
SAlphaB:
0 0 0 0 0 0 0 0 0 0 0 0 0 0 0 0 0 0 0 0 0 0 0 0 0 0 0 0 0 0 0 0 0 0 0 1 0 12 1 2 3 10 1 7 5 28 19 37 18 60 77 162 123 140 84 172 151 207 138 217 183 249 246 341 370 380 421 433 418 438 382 466 396 345 340 344 242 221 181 148 103 64 

LossDepth:
SAlphaB:
0 0 0 0 0 0 0 0 0 0 0 0 0 0 0 0 0 0 0 0 0 0 0 0 0 0 0 0 0 0 0 0 0 0 0 1 0 12 1 2 3 10 1 7 5 28 19 37 18 60 77 162 123 140 84 172 151 207 138 217 183 249 246 341 370 380 421 433 418 438 382 466 396 345 340 344 242 221 181 148 103 64 

FirstWin:
0 0 0 0 0 0 0 0 0 0 0 0 0 0 0 0 0 0 0 0 0 0 0 0 0 0 0 0 0 0 0 0 0 0 0 1 0 12 0 2 0 10 0 7 0 28 0 37 0 60 0 162 0 140 0 172 0 207 0 217 0 249 0 341 0 380 0 433 0 438 0 466 0 345 0 344 0 221 0 148 0 64 
SAlphaB:
0 0 0 0 0 0 0 0 0 0 0 0 0 0 0 0 0 0 0 0 0 0 0 0 0 0 0 0 0 0 0 0 0 0 0 1 0 12 0 2 0 10 0 7 0 28 0 37 0 60 0 162 0 140 0 172 0 207 0 217 0 249 0 341 0 380 0 433 0 438 0 466 0 345 0 344 0 221 0 148 0 64 

SecondWin:
0 0 0 0 0 0 0 0 0 0 0 0 0 0 0 0 0 0 0 0 0 0 0 0 0 0 0 0 0 0 0 0 0 0 0 0 0 0 1 0 3 0 1 0 5 0 19 0 18 0 77 0 123 0 84 0 151 0 138 0 183 0 246 0 370 0 421 0 418 0 382 0 396 0 340 0 242 0 181 0 103 0 
SAlphaB:
0 0 0 0 0 0 0 0 0 0 0 0 0 0 0 0 0 0 0 0 0 0 0 0 0 0 0 0 0 0 0 0 0 0 0 0 0 0 1 0 3 0 1 0 5 0 19 0 18 0 77 0 123 0 84 0 151 0 138 0 183 0 246 0 370 0 421 0 418 0 382 0 396 0 340 0 242 0 181 0 103 0 
