0 42 50 53 -12 2 5 10

0 69 98 65 -6 2 39 13

0 9 75 32 -5 7 10 17

0 44 79 7 -9 11 19 4

0 31 51 45 -9 2 20 16

0 41 56 79 -16 2 12 15

0 44 61 79 -5 3 7 6

0 47 89 19 -17 2 22 41

0 40 95 38 -2 8 35 34

0 24 76 13 -10 0 13 28

0 25 77 72 -14 2 4 17

0 39 59 45 -2 3 18 22

0 26 71 29 -12 17 44 32

0 55 86 27 -13 7 19 25

0 34 43 18 -12 5 12 7

0 41 91 16 -19 6 12 27

0 20 54 15 -13 5 7 24

0 58 78 43 -18 18 46 1

0 16 39 5 -6 2 15 29

0 31 87 83 -3 21 40 1

0 35 98 17 -18 0 1 45

0 71 98 50 -13 8 9 23

0 71 79 48 -20 6 16 30

0 3 71 86 -2 25 40 27

0 34 88 84 -6 14 18 45

0 58 72 7 -2 14 18 46

0 18 56 88 -15 14 19 14

0 59 62 61 -11 13 25 13

0 31 33 71 -4 1 5 3

0 18 63 84 -1 34 48 19

0 72 88 18 -8 0 6 2

0 11 76 21 -17 2 30 22

0 63 69 99 -12 23 48 20

0 69 78 60 -4 3 12 18

0 33 58 88 -9 1 32 22

0 0 58 86 -12 4 13 27

0 34 40 24 -20 1 8 13

0 31 39 59 -3 6 10 24

0 4 59 9 -17 1 11 7

0 12 55 66 -2 34 35 15

0 19 76 79 -15 8 25 44

0 8 41 14 -16 8 27 19

0 28 68 75 -6 10 42 14

0 55 60 68 -2 23 30 10

0 20 61 87 -15 6 34 29

0 19 20 43 -18 0 1 37

0 56 83 9 -14 4 5 27

0 20 40 19 -10 9 15 23

0 22 23 91 -5 8 28 6

0 4 12 33 -7 5 9 5

0 7 57 80 -12 6 23 15

0 17 43 72 -3 8 39 7

0 58 74 31 -12 4 7 49

0 48 49 35 -16 5 26 45

0 6 25 69 -18 1 8 9

0 8 11 41 -6 11 32 11

0 13 69 29 -17 1 11 35

0 37 49 97 -7 30 42 44

0 4 9 45 -7 9 16 11

0 52 59 71 -18 28 34 48

0 22 67 53 -14 20 29 27

0 16 39 51 -19 1 3 15

0 1 4 96 -2 41 44 41

0 7 38 57 -12 1 19 8

0 27 40 35 -14 29 42 7

0 19 29 14 -19 17 37 41

0 13 24 82 -1 10 36 34

0 1 35 93 -18 25 29 17

0 2 29 74 -3 14 44 25

0 1 15 58 -1 28 31 43

0 23 72 90 -13 16 25 40

0 35 59 63 -3 3 9 48

0 7 38 13 -13 1 15 28

0 35 40 63 -8 33 36 34

0 4 79 31 -1 16 34 28

0 49 53 23 -15 30 47 45

0 18 30 94 -11 0 48 31

0 27 62 8 -1 1 4 49

0 2 47 65 -6 1 4 45

0 8 41 13 -15 23 26 19

0 1 74 7 -17 27 29 40

0 0 1 82 -18 10 28 29

0 1 5 62 -18 0 29 31

0 13 15 96 -18 26 41 43

0 5 10 12 -8 9 27 15

0 2 4 33 -5 30 44 32

0 1 61 16 -9 12 21 46

0 10 19 76 -18 3 21 47

0 15 33 21 -13 12 44 14

0 8 9 95 -16 4 15 43

0 3 4 54 -19 0 36 16

0 2 6 20 -13 17 32 34

0 2 7 19 -14 8 18 23

0 8 12 23 -8 6 9 37

0 0 14 37 -10 14 35 34

0 6 10 16 -15 12 40 16

0 10 14 22 -20 5 16 38

0 0 1 38 -10 8 9 47

0 0 2 5 -14 15 44 48

0 1 6 5 -13 18 36 41


SAlphaB: 717.0, std-dev 263.63848841881486

Earliest win: 35
Latest win: 81

WinDepth:
0 0 0 0 0 0 0 0 0 0 0 0 0 0 0 0 0 0 0 0 0 0 0 0 0 0 0 0 0 0 0 0 0 0 0 1 0 2 0 0 0 3 2 13 7 10 6 33 10 49 44 197 46 134 80 155 131 159 147 163 161 201 260 320 330 396 403 373 556 420 483 441 464 356 397 347 318 239 175 147 105 75 
SAlphaB:
0 0 0 0 0 0 0 0 0 0 0 0 0 0 0 0 0 0 0 0 0 0 0 0 0 0 0 0 0 0 0 0 0 0 0 1 0 2 0 0 0 3 2 13 7 10 6 33 10 49 44 197 46 134 80 155 131 159 147 163 161 201 260 320 330 396 403 373 556 420 483 441 464 356 397 347 318 239 175 147 105 75 

LossDepth:
SAlphaB:
0 0 0 0 0 0 0 0 0 0 0 0 0 0 0 0 0 0 0 0 0 0 0 0 0 0 0 0 0 0 0 0 0 0 0 1 0 2 0 0 0 3 2 13 7 10 6 33 10 49 44 197 46 134 80 155 131 159 147 163 161 201 260 320 330 396 403 373 556 420 483 441 464 356 397 347 318 239 175 147 105 75 

FirstWin:
0 0 0 0 0 0 0 0 0 0 0 0 0 0 0 0 0 0 0 0 0 0 0 0 0 0 0 0 0 0 0 0 0 0 0 1 0 2 0 0 0 3 0 13 0 10 0 33 0 49 0 197 0 134 0 155 0 159 0 163 0 201 0 320 0 396 0 373 0 420 0 441 0 356 0 347 0 239 0 147 0 75 
SAlphaB:
0 0 0 0 0 0 0 0 0 0 0 0 0 0 0 0 0 0 0 0 0 0 0 0 0 0 0 0 0 0 0 0 0 0 0 1 0 2 0 0 0 3 0 13 0 10 0 33 0 49 0 197 0 134 0 155 0 159 0 163 0 201 0 320 0 396 0 373 0 420 0 441 0 356 0 347 0 239 0 147 0 75 

SecondWin:
0 0 0 0 0 0 0 0 0 0 0 0 0 0 0 0 0 0 0 0 0 0 0 0 0 0 0 0 0 0 0 0 0 0 0 0 0 0 0 0 0 0 2 0 7 0 6 0 10 0 44 0 46 0 80 0 131 0 147 0 161 0 260 0 330 0 403 0 556 0 483 0 464 0 397 0 318 0 175 0 105 0 
SAlphaB:
0 0 0 0 0 0 0 0 0 0 0 0 0 0 0 0 0 0 0 0 0 0 0 0 0 0 0 0 0 0 0 0 0 0 0 0 0 0 0 0 0 0 2 0 7 0 6 0 10 0 44 0 46 0 80 0 131 0 147 0 161 0 260 0 330 0 403 0 556 0 483 0 464 0 397 0 318 0 175 0 105 0 
