0 23 88 73 -2 4 15 1

0 37 64 68 -10 1 11 18

0 16 35 65 -12 0 3 16

0 23 45 11 -16 0 5 12

0 84 99 82 -16 3 32 34

0 24 31 19 -6 28 30 11

0 48 63 85 -8 4 5 9

0 67 82 9 -7 7 16 7

0 95 99 31 -7 1 6 26

0 68 77 37 -1 12 20 14

0 45 83 3 -5 6 10 8

0 91 92 10 -18 12 36 40

0 85 90 45 -16 1 2 41

0 41 77 38 -5 18 22 27

0 27 76 98 -10 3 9 28

0 23 73 59 -15 25 40 13

0 37 66 30 -3 12 23 24

0 21 50 62 -7 4 14 10

0 37 38 78 -10 3 6 1

0 69 83 51 -11 11 13 21

0 18 58 25 -2 14 15 4

0 35 61 51 -1 2 39 16

0 44 51 69 -9 1 21 41

0 64 91 35 -11 15 48 37

0 21 61 55 -19 11 22 10

0 20 61 67 -10 11 12 42

0 26 38 69 -18 3 13 39

0 13 17 93 -11 0 4 11

0 72 99 7 -19 7 9 7

0 6 42 22 -11 18 22 11

0 65 71 84 -9 0 7 30

0 8 66 15 -7 43 49 12

0 37 59 84 -5 13 27 24

0 36 91 85 -9 7 9 23

0 5 66 90 -19 36 44 42

0 58 71 41 -4 1 3 35

0 86 88 40 -8 18 21 33

0 24 49 83 -11 2 27 11

0 13 26 3 -5 28 30 1

0 19 68 48 -4 22 43 30

0 37 77 97 -18 21 46 39

0 63 89 24 -13 16 46 0

0 22 78 53 -18 25 45 45

0 67 93 4 -5 1 44 38

0 9 14 88 -2 20 21 9

0 83 91 61 -10 3 6 45

0 10 64 46 -14 0 29 16

0 14 24 21 -4 0 3 16

0 29 33 37 -10 9 38 16

0 39 49 15 -4 33 41 33

0 15 28 80 -10 15 35 47

0 24 95 4 -15 29 44 9

0 12 17 24 -10 2 5 23

0 14 37 42 -12 9 30 30

0 6 71 91 -15 13 40 44

0 14 24 93 -12 13 28 36

0 2 25 66 -7 1 17 6

0 43 92 38 -7 25 40 46

0 68 92 78 -18 26 33 13

0 38 61 73 -9 17 42 46

0 53 65 23 -20 22 42 7

0 34 83 27 -17 25 38 26

0 43 71 77 -8 22 41 42

0 0 19 89 -17 22 35 11

0 14 18 65 -13 29 49 18

0 1 15 26 -4 0 4 25

0 5 7 22 -16 12 20 20

0 0 22 25 -14 1 15 2

0 68 69 13 -14 3 5 49

0 17 19 71 -12 34 49 14

0 14 33 48 -16 8 29 15

0 9 36 16 -2 4 32 22

0 0 48 29 -13 1 2 28

0 9 23 78 -4 8 38 17

0 73 87 79 -18 40 47 25

0 6 11 8 -20 13 16 45

0 53 81 14 -11 41 43 6

0 0 3 27 -10 2 31 23

0 0 14 66 -15 31 40 15

0 26 38 10 -3 27 36 38

0 11 28 83 -9 1 9 37

0 14 18 55 -10 11 12 39

0 7 9 34 -1 8 25 41

0 0 8 11 -15 26 36 37

0 0 55 84 -1 0 3 49

0 23 24 70 -4 3 47 28

0 10 42 36 -1 1 47 18

0 46 50 13 -4 29 35 5

0 1 2 64 -3 22 32 14

0 12 14 56 -11 17 18 35

0 16 21 9 -6 0 16 30

0 2 8 87 -8 1 13 25

0 1 9 78 -20 23 44 49

0 2 31 37 -20 3 8 49

0 0 2 9 -4 23 49 36

0 0 26 21 -4 1 42 13

0 2 27 67 -4 7 42 36

0 4 9 82 -1 5 32 9

0 1 9 83 -12 8 43 43

0 5 6 25 -6 0 49 49


SAlphaB: 701.0, std-dev 271.3881913496613

Earliest win: 37
Latest win: 81

WinDepth:
0 0 0 0 0 0 0 0 0 0 0 0 0 0 0 0 0 0 0 0 0 0 0 0 0 0 0 0 0 0 0 0 0 0 0 0 0 1 0 4 13 6 6 21 10 14 21 34 31 60 115 188 66 111 61 137 110 178 129 157 141 225 226 388 330 360 383 348 434 437 480 466 451 410 406 403 280 241 192 160 119 78 
SAlphaB:
0 0 0 0 0 0 0 0 0 0 0 0 0 0 0 0 0 0 0 0 0 0 0 0 0 0 0 0 0 0 0 0 0 0 0 0 0 1 0 4 13 6 6 21 10 14 21 34 31 60 115 188 66 111 61 137 110 178 129 157 141 225 226 388 330 360 383 348 434 437 480 466 451 410 406 403 280 241 192 160 119 78 

LossDepth:
SAlphaB:
0 0 0 0 0 0 0 0 0 0 0 0 0 0 0 0 0 0 0 0 0 0 0 0 0 0 0 0 0 0 0 0 0 0 0 0 0 1 0 4 13 6 6 21 10 14 21 34 31 60 115 188 66 111 61 137 110 178 129 157 141 225 226 388 330 360 383 348 434 437 480 466 451 410 406 403 280 241 192 160 119 78 

FirstWin:
0 0 0 0 0 0 0 0 0 0 0 0 0 0 0 0 0 0 0 0 0 0 0 0 0 0 0 0 0 0 0 0 0 0 0 0 0 1 0 4 0 6 0 21 0 14 0 34 0 60 0 188 0 111 0 137 0 178 0 157 0 225 0 388 0 360 0 348 0 437 0 466 0 410 0 403 0 241 0 160 0 78 
SAlphaB:
0 0 0 0 0 0 0 0 0 0 0 0 0 0 0 0 0 0 0 0 0 0 0 0 0 0 0 0 0 0 0 0 0 0 0 0 0 1 0 4 0 6 0 21 0 14 0 34 0 60 0 188 0 111 0 137 0 178 0 157 0 225 0 388 0 360 0 348 0 437 0 466 0 410 0 403 0 241 0 160 0 78 

SecondWin:
0 0 0 0 0 0 0 0 0 0 0 0 0 0 0 0 0 0 0 0 0 0 0 0 0 0 0 0 0 0 0 0 0 0 0 0 0 0 0 0 13 0 6 0 10 0 21 0 31 0 115 0 66 0 61 0 110 0 129 0 141 0 226 0 330 0 383 0 434 0 480 0 451 0 406 0 280 0 192 0 119 0 
SAlphaB:
0 0 0 0 0 0 0 0 0 0 0 0 0 0 0 0 0 0 0 0 0 0 0 0 0 0 0 0 0 0 0 0 0 0 0 0 0 0 0 0 13 0 6 0 10 0 21 0 31 0 115 0 66 0 61 0 110 0 129 0 141 0 226 0 330 0 383 0 434 0 480 0 451 0 406 0 280 0 192 0 119 0 
