0 53 63 29 -20 2 5 14

0 10 82 42 -15 10 33 10

0 23 50 51 -12 2 5 5

0 83 86 56 -2 10 32 2

0 51 88 54 -5 15 26 12

0 39 48 69 -1 8 17 14

0 6 30 29 -6 0 3 11

0 36 75 40 -8 30 39 24

0 26 75 9 -15 11 14 34

0 36 42 51 -19 9 12 16

0 59 75 77 -11 11 36 22

0 29 60 46 -14 31 48 31

0 60 61 54 -7 2 7 32

0 86 99 95 -8 9 19 12

0 67 83 98 -15 9 11 38

0 31 71 48 -18 43 46 16

0 73 75 98 -2 3 17 6

0 8 91 21 -14 23 43 7

0 20 89 99 -19 6 19 47

0 50 67 50 -7 6 45 11

0 22 93 87 -19 7 21 33

0 11 35 9 -17 17 32 15

0 27 36 90 -5 9 16 27

0 40 93 33 -8 0 8 21

0 22 35 76 -19 26 40 22

0 18 33 94 -18 20 32 24

0 27 32 11 -11 0 1 0

0 63 73 8 -1 6 14 32

0 53 85 68 -3 25 47 43

0 29 77 37 -15 0 1 3

0 12 67 86 -1 7 9 31

0 35 97 72 -6 2 5 42

0 27 69 8 -7 4 16 48

0 1 64 64 -20 0 1 8

0 32 82 59 -3 2 4 33

0 36 41 8 -11 13 42 26

0 23 49 78 -17 11 21 20

0 1 68 43 -4 18 29 11

0 8 98 80 -18 25 40 5

0 27 28 39 -10 3 14 36

0 19 34 23 -16 6 7 19

0 30 64 84 -13 21 42 40

0 6 13 41 -3 12 17 15

0 40 67 58 -1 24 31 25

0 3 5 43 -5 26 33 11

0 11 34 82 -8 2 3 7

0 39 50 97 -18 15 21 17

0 20 49 46 -10 12 29 44

0 68 84 79 -11 3 9 46

0 2 23 25 -8 41 46 16

0 36 44 21 -19 5 37 37

0 2 26 69 -11 18 20 14

0 33 86 91 -16 9 11 25

0 6 26 12 -19 6 9 23

0 24 47 39 -3 0 32 45

0 0 35 29 -6 33 46 16

0 10 69 71 -10 14 22 39

0 12 38 15 -1 9 13 10

0 2 26 53 -1 4 13 35

0 7 31 52 -1 37 46 24

0 50 67 75 -5 23 27 2

0 5 7 74 -7 36 49 30

0 6 9 75 -10 2 11 11

0 0 2 20 -12 22 25 21

0 12 33 18 -18 10 13 49

0 2 29 52 -17 21 24 27

0 1 5 35 -20 39 42 44

0 44 91 21 -2 23 30 6

0 35 59 12 -15 12 18 0

0 23 33 90 -5 2 4 34

0 11 27 82 -17 9 28 48

0 11 14 20 -7 0 15 20

0 9 21 99 -20 25 26 24

0 40 62 23 -15 9 38 36

0 17 41 44 -16 27 32 4

0 1 10 97 -20 10 15 40

0 4 6 87 -1 27 41 6

0 8 27 97 -2 14 24 42

0 1 90 39 -14 13 19 27

0 32 74 11 -14 18 34 20

0 20 26 88 -7 2 9 36

0 4 13 95 -19 4 13 4

0 15 26 83 -17 27 49 45

0 0 3 43 -11 7 10 12

0 26 32 45 -6 20 25 0

0 2 3 53 -3 37 42 7

0 5 29 67 -8 6 40 35

0 43 75 52 -11 23 25 3

0 1 6 34 -2 9 21 12

0 11 36 34 -8 25 27 48

0 21 37 28 -2 28 29 42

0 0 13 63 -5 2 37 11

0 1 16 79 -5 26 37 2

0 28 31 9 -6 20 34 30

0 1 4 29 -20 35 44 1

0 0 14 84 -6 1 6 19

0 3 5 4 -6 0 14 16

0 14 16 7 -7 11 30 47

0 7 42 26 -11 4 20 49

0 5 11 86 -12 1 5 40


SAlphaB: 697.0, std-dev 267.22980907560793

Earliest win: 36
Latest win: 81

WinDepth:
0 0 0 0 0 0 0 0 0 0 0 0 0 0 0 0 0 0 0 0 0 0 0 0 0 0 0 0 0 0 0 0 0 0 0 0 1 0 0 1 2 7 3 13 16 14 16 62 24 57 59 203 84 108 75 191 90 163 111 194 150 228 238 217 272 370 389 395 464 419 490 534 445 429 401 408 296 244 200 152 107 78 
SAlphaB:
0 0 0 0 0 0 0 0 0 0 0 0 0 0 0 0 0 0 0 0 0 0 0 0 0 0 0 0 0 0 0 0 0 0 0 0 1 0 0 1 2 7 3 13 16 14 16 62 24 57 59 203 84 108 75 191 90 163 111 194 150 228 238 217 272 370 389 395 464 419 490 534 445 429 401 408 296 244 200 152 107 78 

LossDepth:
SAlphaB:
0 0 0 0 0 0 0 0 0 0 0 0 0 0 0 0 0 0 0 0 0 0 0 0 0 0 0 0 0 0 0 0 0 0 0 0 1 0 0 1 2 7 3 13 16 14 16 62 24 57 59 203 84 108 75 191 90 163 111 194 150 228 238 217 272 370 389 395 464 419 490 534 445 429 401 408 296 244 200 152 107 78 

FirstWin:
0 0 0 0 0 0 0 0 0 0 0 0 0 0 0 0 0 0 0 0 0 0 0 0 0 0 0 0 0 0 0 0 0 0 0 0 0 0 0 1 0 7 0 13 0 14 0 62 0 57 0 203 0 108 0 191 0 163 0 194 0 228 0 217 0 370 0 395 0 419 0 534 0 429 0 408 0 244 0 152 0 78 
SAlphaB:
0 0 0 0 0 0 0 0 0 0 0 0 0 0 0 0 0 0 0 0 0 0 0 0 0 0 0 0 0 0 0 0 0 0 0 0 0 0 0 1 0 7 0 13 0 14 0 62 0 57 0 203 0 108 0 191 0 163 0 194 0 228 0 217 0 370 0 395 0 419 0 534 0 429 0 408 0 244 0 152 0 78 

SecondWin:
0 0 0 0 0 0 0 0 0 0 0 0 0 0 0 0 0 0 0 0 0 0 0 0 0 0 0 0 0 0 0 0 0 0 0 0 1 0 0 0 2 0 3 0 16 0 16 0 24 0 59 0 84 0 75 0 90 0 111 0 150 0 238 0 272 0 389 0 464 0 490 0 445 0 401 0 296 0 200 0 107 0 
SAlphaB:
0 0 0 0 0 0 0 0 0 0 0 0 0 0 0 0 0 0 0 0 0 0 0 0 0 0 0 0 0 0 0 0 0 0 0 0 1 0 0 0 2 0 3 0 16 0 16 0 24 0 59 0 84 0 75 0 90 0 111 0 150 0 238 0 272 0 389 0 464 0 490 0 445 0 401 0 296 0 200 0 107 0 
