0 33 70 72 -12 0 2 5

0 41 76 79 -4 0 8 6

0 40 71 6 -17 6 19 28

0 24 95 80 -16 4 5 45

0 44 75 51 -15 1 13 31

0 7 69 33 -2 1 3 32

0 0 42 80 -19 16 20 14

0 39 55 30 -13 5 14 10

0 17 23 16 -8 2 3 4

0 45 82 72 -3 27 36 14

0 79 88 39 -6 10 45 45

0 44 51 68 -5 14 42 4

0 1 29 41 -18 0 1 12

0 52 62 26 -18 2 10 1

0 47 63 98 -20 0 7 1

0 60 71 23 -2 33 36 31

0 62 73 6 -1 12 32 33

0 5 60 42 -4 20 45 21

0 5 87 67 -12 30 31 21

0 1 60 61 -17 15 29 2

0 7 84 85 -17 42 48 14

0 16 75 91 -19 12 22 36

0 64 88 57 -6 14 43 3

0 64 99 50 -1 23 38 39

0 41 61 1 -3 11 19 37

0 49 74 89 -3 6 7 36

0 7 83 91 -14 17 45 22

0 32 68 81 -9 1 24 33

0 13 16 87 -19 8 11 8

0 46 53 0 -19 8 11 24

0 38 59 70 -4 16 30 37

0 68 90 56 -8 20 32 30

0 43 52 91 -15 6 17 36

0 86 97 69 -18 7 42 46

0 15 54 65 -14 10 35 28

0 16 31 19 -2 24 44 4

0 24 31 9 -2 12 17 7

0 22 71 41 -3 9 20 43

0 13 31 13 -8 1 3 22

0 20 44 28 -3 3 13 23

0 8 24 73 -1 0 11 2

0 5 44 69 -11 8 24 15

0 24 33 58 -7 29 37 4

0 33 85 74 -5 10 41 25

0 12 48 98 -6 0 18 40

0 23 44 94 -18 19 35 36

0 89 95 59 -1 19 24 34

0 58 66 22 -6 8 21 3

0 77 79 75 -11 35 39 15

0 55 58 8 -14 15 38 44

0 17 22 2 -13 3 4 12

0 19 40 37 -10 33 40 36

0 29 89 25 -1 20 39 33

0 19 37 95 -19 21 28 49

0 37 62 42 -8 26 45 42

0 78 89 24 -12 26 37 20

0 31 34 71 -2 45 48 31

0 10 75 61 -18 5 6 35

0 14 64 1 -4 36 49 15

0 36 49 56 -14 27 43 42

0 1 13 57 -12 18 21 36

0 2 76 59 -19 13 22 31

0 43 96 39 -13 34 40 34

0 4 34 36 -16 14 23 4

0 17 32 23 -1 2 27 13

0 9 80 50 -11 1 30 42

0 30 38 65 -8 3 14 35

0 14 36 7 -8 4 25 10

0 13 88 24 -14 16 19 32

0 20 46 26 -16 14 24 21

0 6 27 11 -20 12 31 33

0 5 43 18 -13 11 38 27

0 16 37 7 -8 0 26 35

0 27 70 0 -7 29 38 36

0 5 56 40 -18 25 36 41

0 8 30 83 -9 1 10 17

0 9 77 99 -10 14 18 38

0 30 59 60 -8 9 41 30

0 0 2 70 -1 38 40 18

0 5 9 85 -1 25 37 17

0 17 33 34 -20 1 26 2

0 77 86 59 -7 30 47 14

0 14 16 48 -19 1 32 25

0 16 17 11 -13 15 29 21

0 13 17 11 -12 6 7 49

0 34 36 81 -20 1 46 42

0 7 10 82 -1 27 39 15

0 17 18 14 -5 0 3 28

0 0 7 49 -10 5 22 3

0 0 2 36 -3 23 36 24

0 0 19 85 -17 5 36 21

0 14 27 53 -10 29 47 2

0 3 24 88 -15 3 34 40

0 5 9 26 -8 1 39 3

0 6 98 33 -4 38 41 2

0 5 6 90 -14 16 18 48

0 4 15 90 -8 4 6 45

0 0 1 91 -6 13 39 5

0 7 11 26 -9 10 36 19

0 1 13 38 -4 11 19 47


SAlphaB: 730.0, std-dev 267.3231206958834

Earliest win: 37
Latest win: 81

WinDepth:
0 0 0 0 0 0 0 0 0 0 0 0 0 0 0 0 0 0 0 0 0 0 0 0 0 0 0 0 0 0 0 0 0 0 0 0 0 5 0 4 8 2 0 17 7 14 11 77 20 78 84 168 40 101 90 163 113 147 168 194 150 225 245 328 287 405 405 399 493 400 514 478 479 383 376 346 279 253 193 150 103 71 
SAlphaB:
0 0 0 0 0 0 0 0 0 0 0 0 0 0 0 0 0 0 0 0 0 0 0 0 0 0 0 0 0 0 0 0 0 0 0 0 0 5 0 4 8 2 0 17 7 14 11 77 20 78 84 168 40 101 90 163 113 147 168 194 150 225 245 328 287 405 405 399 493 400 514 478 479 383 376 346 279 253 193 150 103 71 

LossDepth:
SAlphaB:
0 0 0 0 0 0 0 0 0 0 0 0 0 0 0 0 0 0 0 0 0 0 0 0 0 0 0 0 0 0 0 0 0 0 0 0 0 5 0 4 8 2 0 17 7 14 11 77 20 78 84 168 40 101 90 163 113 147 168 194 150 225 245 328 287 405 405 399 493 400 514 478 479 383 376 346 279 253 193 150 103 71 

FirstWin:
0 0 0 0 0 0 0 0 0 0 0 0 0 0 0 0 0 0 0 0 0 0 0 0 0 0 0 0 0 0 0 0 0 0 0 0 0 5 0 4 0 2 0 17 0 14 0 77 0 78 0 168 0 101 0 163 0 147 0 194 0 225 0 328 0 405 0 399 0 400 0 478 0 383 0 346 0 253 0 150 0 71 
SAlphaB:
0 0 0 0 0 0 0 0 0 0 0 0 0 0 0 0 0 0 0 0 0 0 0 0 0 0 0 0 0 0 0 0 0 0 0 0 0 5 0 4 0 2 0 17 0 14 0 77 0 78 0 168 0 101 0 163 0 147 0 194 0 225 0 328 0 405 0 399 0 400 0 478 0 383 0 346 0 253 0 150 0 71 

SecondWin:
0 0 0 0 0 0 0 0 0 0 0 0 0 0 0 0 0 0 0 0 0 0 0 0 0 0 0 0 0 0 0 0 0 0 0 0 0 0 0 0 8 0 0 0 7 0 11 0 20 0 84 0 40 0 90 0 113 0 168 0 150 0 245 0 287 0 405 0 493 0 514 0 479 0 376 0 279 0 193 0 103 0 
SAlphaB:
0 0 0 0 0 0 0 0 0 0 0 0 0 0 0 0 0 0 0 0 0 0 0 0 0 0 0 0 0 0 0 0 0 0 0 0 0 0 0 0 8 0 0 0 7 0 11 0 20 0 84 0 40 0 90 0 113 0 168 0 150 0 245 0 287 0 405 0 493 0 514 0 479 0 376 0 279 0 193 0 103 0 
