0 36 93 5 -18 0 11 20

0 32 73 40 -18 0 2 8

0 28 81 0 -18 0 7 23

0 28 95 96 -15 0 3 5

0 62 88 46 -1 10 28 13

0 19 64 25 -10 0 6 7

0 30 98 58 -10 4 5 7

0 35 61 84 -13 3 8 23

0 23 97 4 -14 2 18 11

0 38 55 25 -14 0 8 4

0 58 66 46 -9 10 17 21

0 28 92 9 -1 8 24 4

0 48 81 51 -6 9 29 39

0 14 96 2 -10 1 16 12

0 55 76 41 -1 6 19 10

0 64 83 23 -5 7 32 15

0 34 76 27 -20 3 7 20

0 26 80 0 -5 3 22 14

0 4 58 63 -18 3 7 19

0 45 92 91 -14 0 11 18

0 42 91 82 -17 7 18 23

0 32 41 38 -2 10 13 8

0 31 41 21 -5 2 9 4

0 24 47 49 -10 0 6 27

0 58 92 87 -16 17 37 9

0 40 55 44 -11 2 9 17

0 39 92 51 -6 1 15 8

0 23 96 48 -18 1 11 36

0 28 45 90 -12 3 5 10

0 72 92 95 -3 6 33 18

0 64 73 57 -1 1 36 33

0 67 93 6 -9 12 38 35

0 79 83 9 -10 2 22 27

0 55 81 7 -6 5 22 37

0 52 91 20 -7 7 11 38

0 61 95 48 -12 5 30 27

0 36 43 51 -11 6 26 2

0 44 55 32 -17 3 8 20

0 51 92 11 -16 6 10 14

0 51 91 11 -14 1 3 28

0 46 74 74 -15 9 20 5

0 63 99 34 -9 5 38 7

0 39 62 97 -11 8 18 15

0 12 73 29 -1 1 10 16

0 24 62 25 -1 8 11 26

0 13 64 41 -14 0 2 16

0 80 97 53 -19 23 31 23

0 31 82 58 -9 3 23 32

0 16 77 73 -16 0 1 0

0 47 66 9 -20 1 2 3

0 81 99 30 -12 7 30 26

0 79 88 72 -20 1 9 36

0 48 58 95 -15 9 21 11

0 62 69 69 -19 6 31 40

0 41 71 8 -3 7 13 11

0 69 92 40 -17 12 49 20

0 13 91 87 -9 8 18 9

0 50 66 10 -2 13 32 12

0 35 76 29 -13 1 5 26

0 76 81 88 -16 8 20 35

0 60 63 71 -13 1 10 22

0 34 86 68 -6 9 21 25

0 27 68 31 -4 5 30 17

0 35 81 81 -6 1 7 24

0 45 68 95 -8 2 4 8

0 35 89 56 -7 18 47 17

0 58 99 96 -1 17 37 48

0 70 77 41 -7 6 31 43

0 5 62 33 -11 1 2 6

0 45 73 74 -16 2 5 32

0 22 86 29 -5 8 14 11

0 28 82 77 -18 3 14 27

0 41 96 90 -9 13 32 7

0 48 61 43 -2 11 29 11

0 19 77 76 -2 6 13 15

0 91 93 78 -11 5 9 17

0 34 88 97 -6 4 26 45

0 27 36 18 -1 2 3 0

0 15 57 22 -3 4 27 5

0 16 49 71 -12 2 4 1

0 90 99 75 -14 21 46 35

0 65 81 60 -1 0 1 0

0 36 44 74 -9 7 17 13

0 27 68 96 -11 2 3 4

0 27 50 88 -12 2 5 35

0 20 94 82 -8 1 10 17

0 65 72 86 -14 19 23 14

0 15 83 76 -11 1 3 11

0 54 73 28 -16 5 6 41

0 77 82 85 -19 19 32 48

0 26 70 95 -3 31 44 24

0 51 60 97 -13 6 32 30

0 73 74 25 -17 9 39 11

0 24 68 34 -11 3 7 40

0 20 48 38 -10 5 11 25

0 0 27 50 -11 2 6 11

0 4 61 72 -4 19 39 33

0 34 36 97 -15 0 1 32

0 4 58 96 -7 27 42 7

0 18 76 78 -20 18 19 19


SAlphaB: 737.0, std-dev 251.9454071457112

Earliest win: 35
Latest win: 81

WinDepth:
0 0 0 0 0 0 0 0 0 0 0 0 0 0 0 0 0 0 0 0 0 0 0 0 0 0 0 0 0 0 0 0 0 0 0 6 0 1 1 11 2 36 8 44 26 94 51 170 46 165 185 381 160 353 282 392 364 635 348 593 495 667 582 837 734 1018 854 988 1009 979 958 996 818 916 864 746 634 452 370 288 187 145 
SAlphaB:
0 0 0 0 0 0 0 0 0 0 0 0 0 0 0 0 0 0 0 0 0 0 0 0 0 0 0 0 0 0 0 0 0 0 0 6 0 1 1 11 2 36 8 44 26 94 51 170 46 165 185 381 160 353 282 392 364 635 348 593 495 667 582 837 734 1018 854 988 1009 979 958 996 818 916 864 746 634 452 370 288 187 145 

LossDepth:
SAlphaB:
0 0 0 0 0 0 0 0 0 0 0 0 0 0 0 0 0 0 0 0 0 0 0 0 0 0 0 0 0 0 0 0 0 0 0 5 0 0 0 11 1 24 4 26 16 63 36 78 21 103 111 193 105 217 177 262 214 416 187 395 283 493 368 593 494 786 627 770 696 790 761 767 619 718 680 670 451 427 313 272 214 143 

FirstWin:
0 0 0 0 0 0 0 0 0 0 0 0 0 0 0 0 0 0 0 0 0 0 0 0 0 0 0 0 0 0 0 0 0 0 0 6 0 1 0 11 0 36 0 44 0 94 0 170 0 165 0 381 0 353 0 392 0 635 0 593 0 667 0 837 0 1018 0 988 0 979 0 996 0 916 0 746 0 452 0 288 0 145 
SAlphaB:
0 0 0 0 0 0 0 0 0 0 0 0 0 0 0 0 0 0 0 0 0 0 0 0 0 0 0 0 0 0 0 0 0 0 0 6 0 1 0 11 0 36 0 44 0 94 0 170 0 165 0 381 0 353 0 392 0 635 0 593 0 667 0 837 0 1018 0 988 0 979 0 996 0 916 0 746 0 452 0 288 0 145 

SecondWin:
0 0 0 0 0 0 0 0 0 0 0 0 0 0 0 0 0 0 0 0 0 0 0 0 0 0 0 0 0 0 0 0 0 0 0 0 0 0 1 0 2 0 8 0 26 0 51 0 46 0 185 0 160 0 282 0 364 0 348 0 495 0 582 0 734 0 854 0 1009 0 958 0 818 0 864 0 634 0 370 0 187 0 
SAlphaB:
0 0 0 0 0 0 0 0 0 0 0 0 0 0 0 0 0 0 0 0 0 0 0 0 0 0 0 0 0 0 0 0 0 0 0 0 0 0 1 0 2 0 8 0 26 0 51 0 46 0 185 0 160 0 282 0 364 0 348 0 495 0 582 0 734 0 854 0 1009 0 958 0 818 0 864 0 634 0 370 0 187 0 
