0 40 55 44 -11 2 9 17

0 20 94 82 -8 1 10 17

0 24 62 25 -1 8 11 26

0 28 45 90 -12 3 5 10

0 69 92 40 -17 12 49 20

0 12 73 29 -1 1 10 16

0 34 36 97 -15 0 1 32

0 46 74 74 -15 9 20 5

0 58 66 46 -9 10 17 21

0 76 81 88 -16 8 20 35

0 20 95 89 -15 28 34 23

0 25 81 93 -7 28 37 24

0 47 78 53 -9 9 40 6

0 38 90 65 -3 11 41 16

0 30 91 88 -13 8 23 43

0 76 84 92 -7 4 16 2

0 49 90 59 -6 1 11 5

0 54 78 3 -8 18 41 0

0 57 86 94 -7 12 29 4

0 41 50 84 -20 15 17 20

0 84 91 56 -7 2 3 12

0 0 46 18 -15 10 15 6

0 44 98 64 -9 0 9 35

0 54 78 48 -3 3 5 10

0 42 43 6 -5 6 8 13

0 43 55 99 -20 12 42 43

0 0 40 6 -5 0 1 9

0 25 83 19 -5 8 26 47

0 23 37 65 -8 0 1 30

0 21 80 96 -6 7 26 12

0 21 37 53 -15 10 12 45

0 41 45 3 -6 5 9 33

0 43 47 7 -1 5 29 20

0 12 35 5 -16 14 39 29

0 29 82 52 -14 32 36 39

0 49 74 84 -9 32 42 26

0 14 73 25 -10 1 21 25

0 54 95 66 -10 29 31 24

0 7 10 79 -4 9 11 27

0 8 38 8 -10 8 9 8

0 39 51 93 -12 9 36 17

0 26 30 91 -3 3 26 38

0 20 28 33 -20 0 22 14

0 31 54 16 -18 8 10 6

0 7 54 78 -3 29 45 20

0 56 82 4 -15 10 13 11

0 31 83 97 -3 25 34 49

0 3 40 31 -3 9 16 21

0 24 34 27 -5 8 11 37

0 23 79 15 -16 36 45 32

0 54 67 29 -1 4 11 45

0 23 79 7 -6 6 36 31

0 15 33 36 -12 23 37 44

0 1 4 89 -12 25 28 34

0 7 23 82 -20 1 2 27

0 29 61 36 -8 8 38 36

0 14 20 73 -6 7 27 4

0 16 25 35 -5 5 12 26

0 9 15 74 -8 7 11 20

0 46 90 23 -18 25 32 12

0 43 48 75 -5 2 24 46

0 11 35 6 -4 15 45 49

0 23 79 64 -18 16 35 40

0 15 17 98 -12 16 23 16

0 3 44 10 -2 13 48 21

0 8 60 53 -7 30 37 14

0 34 60 43 -16 0 41 33

0 11 73 13 -1 2 19 44

0 14 40 28 -4 20 21 2

0 7 22 62 -12 12 40 9

0 1 15 79 -15 11 41 36

0 13 24 9 -9 35 44 25

0 10 32 58 -5 26 31 18

0 26 48 30 -19 22 24 44

0 6 28 95 -3 10 36 47

0 12 24 75 -9 20 34 46

0 18 22 28 -16 1 15 1

0 12 16 55 -17 27 32 10

0 3 4 10 -18 29 37 11

0 2 15 72 -12 8 17 22

0 22 30 55 -17 9 40 24

0 12 25 8 -19 13 21 27

0 9 13 18 -16 6 40 8

0 15 25 70 -12 21 30 7

0 0 1 15 -13 0 24 9

0 7 47 7 -18 1 6 49

0 1 7 31 -17 13 42 47

0 6 31 40 -18 1 2 33

0 2 6 80 -14 3 9 2

0 4 10 1 -10 3 27 4

0 9 13 32 -14 3 8 47

0 1 5 53 -3 18 44 40

0 0 1 39 -18 9 26 37

0 23 43 9 -7 17 21 37

0 5 7 72 -13 2 20 25

0 4 6 86 -3 20 30 49

0 1 4 70 -3 6 36 13

0 1 16 21 -17 5 35 21

0 12 17 24 -10 20 24 47

0 2 6 67 -9 1 36 40


SAlphaB: 706.0, std-dev 257.45702397083517

Earliest win: 37
Latest win: 81

WinDepth:
0 0 0 0 0 0 0 0 0 0 0 0 0 0 0 0 0 0 0 0 0 0 0 0 0 0 0 0 0 0 0 0 0 0 0 0 0 1 0 1 2 10 2 6 5 21 21 39 21 68 79 153 92 131 104 161 118 180 133 188 137 234 207 313 339 413 356 394 397 414 421 441 418 419 452 372 277 258 167 143 98 85 
SAlphaB:
0 0 0 0 0 0 0 0 0 0 0 0 0 0 0 0 0 0 0 0 0 0 0 0 0 0 0 0 0 0 0 0 0 0 0 0 0 1 0 1 2 10 2 6 5 21 21 39 21 68 79 153 92 131 104 161 118 180 133 188 137 234 207 313 339 413 356 394 397 414 421 441 418 419 452 372 277 258 167 143 98 85 

LossDepth:
SAlphaB:
0 0 0 0 0 0 0 0 0 0 0 0 0 0 0 0 0 0 0 0 0 0 0 0 0 0 0 0 0 0 0 0 0 0 0 0 0 1 0 1 2 10 2 6 5 21 21 39 21 68 79 153 92 131 104 161 118 180 133 188 137 234 207 313 339 413 356 394 397 414 421 441 418 419 452 372 277 258 167 143 98 85 

FirstWin:
0 0 0 0 0 0 0 0 0 0 0 0 0 0 0 0 0 0 0 0 0 0 0 0 0 0 0 0 0 0 0 0 0 0 0 0 0 1 0 1 0 10 0 6 0 21 0 39 0 68 0 153 0 131 0 161 0 180 0 188 0 234 0 313 0 413 0 394 0 414 0 441 0 419 0 372 0 258 0 143 0 85 
SAlphaB:
0 0 0 0 0 0 0 0 0 0 0 0 0 0 0 0 0 0 0 0 0 0 0 0 0 0 0 0 0 0 0 0 0 0 0 0 0 1 0 1 0 10 0 6 0 21 0 39 0 68 0 153 0 131 0 161 0 180 0 188 0 234 0 313 0 413 0 394 0 414 0 441 0 419 0 372 0 258 0 143 0 85 

SecondWin:
0 0 0 0 0 0 0 0 0 0 0 0 0 0 0 0 0 0 0 0 0 0 0 0 0 0 0 0 0 0 0 0 0 0 0 0 0 0 0 0 2 0 2 0 5 0 21 0 21 0 79 0 92 0 104 0 118 0 133 0 137 0 207 0 339 0 356 0 397 0 421 0 418 0 452 0 277 0 167 0 98 0 
SAlphaB:
0 0 0 0 0 0 0 0 0 0 0 0 0 0 0 0 0 0 0 0 0 0 0 0 0 0 0 0 0 0 0 0 0 0 0 0 0 0 0 0 2 0 2 0 5 0 21 0 21 0 79 0 92 0 104 0 118 0 133 0 137 0 207 0 339 0 356 0 397 0 421 0 418 0 452 0 277 0 167 0 98 0 
