0 39 62 97 -11 8 18 15

0 36 44 74 -9 7 17 13

0 58 92 87 -16 17 37 9

0 51 60 97 -13 6 32 30

0 48 61 43 -2 11 29 11

0 13 91 87 -9 8 18 9

0 81 99 30 -12 7 30 26

0 55 81 7 -6 5 22 37

0 4 61 72 -4 19 39 33

0 28 81 0 -18 0 7 23

0 47 71 91 -3 7 34 6

0 46 94 44 -2 1 38 36

0 30 86 13 -8 2 10 17

0 11 58 58 -4 3 13 15

0 55 95 57 -20 2 7 44

0 55 83 79 -8 5 46 29

0 14 23 46 -12 0 6 23

0 65 79 11 -18 1 27 35

0 19 58 67 -10 19 48 26

0 17 49 94 -6 20 29 29

0 55 69 59 -12 3 13 1

0 83 92 70 -9 14 26 26

0 55 80 13 -10 7 10 20

0 19 98 85 -3 9 32 49

0 2 45 72 -11 19 21 9

0 72 73 81 -17 16 28 3

0 41 54 85 -12 15 23 35

0 50 61 82 -9 11 22 32

0 55 84 45 -5 12 28 31

0 10 31 13 -11 11 16 7

0 25 90 52 -16 1 21 6

0 18 75 86 -11 22 25 32

0 6 26 33 -14 1 2 1

0 27 30 2 -7 1 2 8

0 41 84 85 -12 14 37 40

0 20 50 89 -8 19 32 43

0 84 86 87 -10 0 5 10

0 20 91 39 -10 16 35 20

0 81 83 52 -6 3 21 38

0 21 56 45 -7 28 35 8

0 35 51 18 -13 0 21 27

0 15 62 18 -2 32 37 18

0 17 36 34 -12 1 12 8

0 5 75 22 -19 0 2 18

0 23 95 7 -2 18 43 10

0 70 98 88 -14 23 35 0

0 38 46 6 -19 12 39 18

0 0 86 94 -14 0 1 9

0 18 73 37 -17 7 29 45

0 1 36 1 -13 6 25 18

0 53 57 96 -15 25 27 49

0 31 41 40 -14 25 49 12

0 96 99 10 -4 18 32 20

0 21 29 72 -13 9 15 43

0 4 9 83 -18 3 18 13

0 49 72 9 -19 6 46 3

0 25 69 42 -19 14 17 30

0 1 7 84 -17 20 22 22

0 42 83 42 -13 12 14 7

0 10 19 78 -13 26 34 36

0 7 19 69 -9 12 16 19

0 13 92 29 -12 8 38 28

0 8 19 78 -7 18 37 27

0 22 71 57 -19 6 7 4

0 46 52 70 -3 0 1 42

0 17 80 16 -6 21 41 44

0 9 71 78 -7 4 14 34

0 11 20 5 -6 25 31 28

0 46 96 67 -8 18 19 46

0 6 34 32 -9 28 33 24

0 50 82 84 -14 28 34 28

0 23 79 32 -6 23 25 26

0 0 2 50 -2 7 22 24

0 8 19 42 -19 23 44 34

0 1 14 2 -10 11 21 19

0 3 90 24 -19 26 33 1

0 0 36 70 -5 15 36 22

0 5 45 63 -3 4 36 36

0 1 59 68 -1 15 28 38

0 6 10 17 -16 20 33 17

0 12 45 87 -13 4 42 7

0 18 85 27 -18 6 22 35

0 62 92 50 -8 40 42 8

0 2 39 45 -7 6 25 24

0 3 65 51 -8 2 37 35

0 2 10 68 -11 1 37 11

0 0 1 40 -3 38 48 3

0 0 2 45 -6 8 9 20

0 7 35 3 -3 12 36 36

0 1 8 81 -17 6 23 27

0 10 13 2 -14 7 29 39

0 1 2 7 -5 15 18 18

0 0 1 30 -12 11 41 5

0 8 15 83 -7 5 49 3

0 11 13 43 -16 7 35 3

0 6 10 7 -12 13 32 34

0 3 12 83 -1 0 14 13

0 5 7 2 -2 37 39 35

0 0 1 43 -17 10 47 2

0 2 3 67 -7 7 13 2


SAlphaB: 713.0, std-dev 266.8828554541365

Earliest win: 35
Latest win: 81

WinDepth:
0 0 0 0 0 0 0 0 0 0 0 0 0 0 0 0 0 0 0 0 0 0 0 0 0 0 0 0 0 0 0 0 0 0 0 1 0 5 2 0 3 7 0 5 15 24 7 24 37 58 72 182 78 104 97 150 154 190 146 185 196 213 242 346 339 375 414 391 461 406 379 486 471 389 439 325 281 246 191 129 99 88 
SAlphaB:
0 0 0 0 0 0 0 0 0 0 0 0 0 0 0 0 0 0 0 0 0 0 0 0 0 0 0 0 0 0 0 0 0 0 0 1 0 5 2 0 3 7 0 5 15 24 7 24 37 58 72 182 78 104 97 150 154 190 146 185 196 213 242 346 339 375 414 391 461 406 379 486 471 389 439 325 281 246 191 129 99 88 

LossDepth:
SAlphaB:
0 0 0 0 0 0 0 0 0 0 0 0 0 0 0 0 0 0 0 0 0 0 0 0 0 0 0 0 0 0 0 0 0 0 0 1 0 5 2 0 3 7 0 5 15 24 7 24 37 58 72 182 78 104 97 150 154 190 146 185 196 213 242 346 339 375 414 391 461 406 379 486 471 389 439 325 281 246 191 129 99 88 

FirstWin:
0 0 0 0 0 0 0 0 0 0 0 0 0 0 0 0 0 0 0 0 0 0 0 0 0 0 0 0 0 0 0 0 0 0 0 1 0 5 0 0 0 7 0 5 0 24 0 24 0 58 0 182 0 104 0 150 0 190 0 185 0 213 0 346 0 375 0 391 0 406 0 486 0 389 0 325 0 246 0 129 0 88 
SAlphaB:
0 0 0 0 0 0 0 0 0 0 0 0 0 0 0 0 0 0 0 0 0 0 0 0 0 0 0 0 0 0 0 0 0 0 0 1 0 5 0 0 0 7 0 5 0 24 0 24 0 58 0 182 0 104 0 150 0 190 0 185 0 213 0 346 0 375 0 391 0 406 0 486 0 389 0 325 0 246 0 129 0 88 

SecondWin:
0 0 0 0 0 0 0 0 0 0 0 0 0 0 0 0 0 0 0 0 0 0 0 0 0 0 0 0 0 0 0 0 0 0 0 0 0 0 2 0 3 0 0 0 15 0 7 0 37 0 72 0 78 0 97 0 154 0 146 0 196 0 242 0 339 0 414 0 461 0 379 0 471 0 439 0 281 0 191 0 99 0 
SAlphaB:
0 0 0 0 0 0 0 0 0 0 0 0 0 0 0 0 0 0 0 0 0 0 0 0 0 0 0 0 0 0 0 0 0 0 0 0 0 0 2 0 3 0 0 0 15 0 7 0 37 0 72 0 78 0 97 0 154 0 146 0 196 0 242 0 339 0 414 0 461 0 379 0 471 0 439 0 281 0 191 0 99 0 
