0 13 64 41 -14 0 2 16

0 50 66 10 -2 13 32 12

0 14 96 2 -10 1 16 12

0 79 83 9 -10 2 22 27

0 41 96 90 -9 13 32 7

0 34 86 68 -6 9 21 25

0 77 82 85 -19 19 32 48

0 16 77 73 -16 0 1 0

0 27 68 96 -11 2 3 4

0 80 97 53 -19 23 31 23

0 33 52 2 -10 2 19 17

0 81 94 9 -1 5 34 23

0 37 50 60 -14 6 20 17

0 37 63 46 -10 0 1 15

0 67 91 15 -12 2 6 19

0 18 58 89 -16 6 13 18

0 31 64 51 -10 19 28 4

0 28 98 47 -11 12 31 26

0 42 54 50 -6 10 23 22

0 29 33 30 -1 9 32 10

0 3 88 66 -15 42 48 27

0 42 72 49 -12 1 27 13

0 46 56 43 -4 10 35 6

0 66 68 1 -19 2 4 20

0 76 78 64 -9 2 3 12

0 31 96 92 -8 4 28 28

0 16 27 79 -8 0 1 28

0 56 65 40 -11 18 32 3

0 48 67 29 -16 0 2 21

0 70 74 19 -15 11 12 6

0 30 67 92 -12 5 7 42

0 33 66 0 -15 13 27 41

0 29 33 41 -10 20 49 2

0 21 39 15 -17 0 10 43

0 6 84 43 -17 10 27 21

0 27 83 37 -15 9 15 32

0 8 9 74 -1 16 17 16

0 45 82 92 -19 18 34 11

0 67 84 36 -7 24 33 21

0 37 66 78 -9 13 18 44

0 31 63 91 -16 9 12 12

0 27 66 70 -11 20 45 6

0 34 39 50 -1 15 36 11

0 26 40 98 -5 2 3 3

0 31 49 23 -14 8 28 0

0 4 41 7 -7 0 4 20

0 5 95 65 -3 5 32 14

0 41 42 91 -10 13 26 42

0 21 78 96 -17 41 42 42

0 20 71 7 -4 12 46 48

0 52 76 71 -7 24 38 26

0 14 75 82 -11 20 21 18

0 13 30 98 -3 0 16 12

0 19 50 68 -7 16 32 42

0 20 35 73 -8 12 19 33

0 29 57 39 -7 15 16 30

0 12 30 43 -17 11 28 19

0 25 43 64 -9 23 45 38

0 18 36 40 -16 0 20 1

0 8 46 82 -7 16 35 28

0 17 59 97 -20 1 21 9

0 2 4 0 -7 0 1 5

0 17 68 36 -12 22 24 27

0 3 42 72 -15 2 28 13

0 19 61 57 -15 24 45 4

0 64 87 81 -11 32 46 47

0 47 55 34 -12 1 44 38

0 54 60 67 -20 35 46 36

0 15 19 79 -14 13 36 47

0 25 82 69 -6 35 41 24

0 2 55 12 -2 8 20 21

0 9 24 75 -12 10 24 15

0 3 39 46 -1 9 47 4

0 6 32 54 -3 3 28 33

0 4 17 78 -12 8 18 12

0 1 74 68 -4 0 1 32

0 12 23 67 -8 16 23 39

0 1 2 46 -18 23 41 6

0 11 35 23 -1 25 48 21

0 1 4 9 -15 12 32 7

0 16 25 32 -15 1 11 3

0 46 57 32 -8 26 41 38

0 4 9 63 -19 11 47 32

0 8 10 23 -2 10 24 23

0 0 1 89 -18 2 48 37

0 6 22 72 -14 12 43 29

0 27 29 4 -5 22 49 17

0 2 32 97 -8 2 9 40

0 43 55 51 -1 31 33 7

0 3 15 12 -16 28 49 3

0 0 10 71 -19 9 48 9

0 2 6 62 -4 2 8 15

0 13 25 51 -15 21 35 38

0 11 17 0 -3 1 2 44

0 4 8 81 -2 1 6 36

0 4 5 56 -16 12 26 25

0 9 14 80 -1 35 44 21

0 0 1 40 -7 0 22 33

0 0 11 58 -2 14 46 34

0 1 7 32 -1 1 4 48


SAlphaB: 689.0, std-dev 265.5938278916538

Earliest win: 37
Latest win: 81

WinDepth:
0 0 0 0 0 0 0 0 0 0 0 0 0 0 0 0 0 0 0 0 0 0 0 0 0 0 0 0 0 0 0 0 0 0 0 0 0 1 0 4 1 10 3 4 8 12 23 47 20 61 64 225 74 109 95 199 138 215 130 187 171 247 223 350 304 385 394 386 396 401 395 464 404 386 425 377 275 250 177 172 116 66 
SAlphaB:
0 0 0 0 0 0 0 0 0 0 0 0 0 0 0 0 0 0 0 0 0 0 0 0 0 0 0 0 0 0 0 0 0 0 0 0 0 1 0 4 1 10 3 4 8 12 23 47 20 61 64 225 74 109 95 199 138 215 130 187 171 247 223 350 304 385 394 386 396 401 395 464 404 386 425 377 275 250 177 172 116 66 

LossDepth:
SAlphaB:
0 0 0 0 0 0 0 0 0 0 0 0 0 0 0 0 0 0 0 0 0 0 0 0 0 0 0 0 0 0 0 0 0 0 0 0 0 1 0 4 1 10 3 4 8 12 23 47 20 61 64 225 74 109 95 199 138 215 130 187 171 247 223 350 304 385 394 386 396 401 395 464 404 386 425 377 275 250 177 172 116 66 

FirstWin:
0 0 0 0 0 0 0 0 0 0 0 0 0 0 0 0 0 0 0 0 0 0 0 0 0 0 0 0 0 0 0 0 0 0 0 0 0 1 0 4 0 10 0 4 0 12 0 47 0 61 0 225 0 109 0 199 0 215 0 187 0 247 0 350 0 385 0 386 0 401 0 464 0 386 0 377 0 250 0 172 0 66 
SAlphaB:
0 0 0 0 0 0 0 0 0 0 0 0 0 0 0 0 0 0 0 0 0 0 0 0 0 0 0 0 0 0 0 0 0 0 0 0 0 1 0 4 0 10 0 4 0 12 0 47 0 61 0 225 0 109 0 199 0 215 0 187 0 247 0 350 0 385 0 386 0 401 0 464 0 386 0 377 0 250 0 172 0 66 

SecondWin:
0 0 0 0 0 0 0 0 0 0 0 0 0 0 0 0 0 0 0 0 0 0 0 0 0 0 0 0 0 0 0 0 0 0 0 0 0 0 0 0 1 0 3 0 8 0 23 0 20 0 64 0 74 0 95 0 138 0 130 0 171 0 223 0 304 0 394 0 396 0 395 0 404 0 425 0 275 0 177 0 116 0 
SAlphaB:
0 0 0 0 0 0 0 0 0 0 0 0 0 0 0 0 0 0 0 0 0 0 0 0 0 0 0 0 0 0 0 0 0 0 0 0 0 0 0 0 1 0 3 0 8 0 23 0 20 0 64 0 74 0 95 0 138 0 130 0 171 0 223 0 304 0 394 0 396 0 395 0 404 0 425 0 275 0 177 0 116 0 
