0 5 62 33 -11 1 2 6

0 45 92 91 -14 0 11 18

0 41 71 8 -3 7 13 11

0 60 63 71 -13 1 10 22

0 27 50 88 -12 2 5 35

0 91 93 78 -11 5 9 17

0 48 81 51 -6 9 29 39

0 24 47 49 -10 0 6 27

0 23 97 4 -14 2 18 11

0 36 43 51 -11 6 26 2

0 3 8 69 -9 2 5 9

0 50 66 76 -4 11 12 43

0 71 75 44 -2 4 7 10

0 41 55 11 -20 0 22 49

0 74 80 81 -12 17 22 4

0 66 96 63 -7 31 39 21

0 23 45 98 -13 16 21 38

0 25 99 68 -15 14 21 37

0 38 64 25 -17 0 1 28

0 73 89 12 -18 16 36 49

0 58 80 59 -15 8 12 16

0 78 95 99 -3 1 6 8

0 4 51 24 -5 4 12 1

0 32 49 71 -15 0 2 14

0 70 85 16 -12 16 38 22

0 24 32 24 -18 1 4 30

0 16 21 76 -17 0 3 25

0 36 78 39 -1 3 22 44

0 39 79 23 -12 24 31 3

0 6 82 1 -3 8 17 14

0 47 60 65 -17 0 35 2

0 8 13 42 -6 6 13 20

0 39 71 1 -14 7 11 30

0 31 97 4 -14 1 21 24

0 27 60 11 -5 22 44 39

0 18 99 63 -8 9 21 30

0 6 77 82 -4 6 42 2

0 8 35 6 -14 4 13 2

0 48 82 6 -13 23 42 2

0 65 70 67 -15 2 32 33

0 20 87 31 -1 27 31 25

0 2 5 36 -4 18 41 30

0 30 73 6 -5 11 25 44

0 56 77 49 -4 27 35 21

0 69 83 32 -19 32 44 13

0 30 56 8 -3 11 21 6

0 23 27 34 -10 0 1 22

0 21 74 83 -4 2 7 43

0 51 52 58 -12 4 31 44

0 7 52 38 -12 5 24 13

0 22 24 25 -8 5 23 2

0 47 75 79 -9 19 21 3

0 0 48 5 -7 14 23 20

0 34 35 45 -10 24 27 15

0 28 32 9 -19 21 23 7

0 14 67 33 -12 23 25 11

0 41 52 24 -17 1 5 47

0 26 71 90 -1 0 7 29

0 20 48 92 -4 8 17 49

0 41 85 41 -11 39 42 25

0 21 32 62 -1 8 12 43

0 39 90 61 -5 4 5 33

0 32 57 38 -20 6 29 39

0 17 41 8 -17 26 46 22

0 9 24 94 -8 18 26 25

0 3 9 99 -14 33 46 27

0 2 38 94 -14 1 21 2

0 24 52 50 -7 17 34 44

0 0 32 73 -15 3 6 45

0 4 8 61 -17 37 39 39

0 6 15 17 -20 4 6 7

0 8 97 58 -4 29 37 8

0 0 23 78 -4 2 7 12

0 13 34 91 -16 37 46 18

0 1 20 66 -10 2 6 21

0 77 86 79 -9 34 48 21

0 2 8 7 -16 11 23 18

0 2 14 95 -19 8 25 41

0 10 51 38 -2 2 20 22

0 7 9 38 -19 9 26 45

0 31 58 35 -11 25 39 28

0 3 18 25 -9 15 25 2

0 5 15 10 -11 13 14 5

0 13 25 27 -17 7 49 0

0 3 10 23 -1 1 3 16

0 6 59 2 -20 6 8 3

0 14 17 22 -8 11 18 22

0 18 33 39 -9 45 48 39

0 3 4 87 -6 1 20 15

0 48 61 51 -12 0 2 49

0 7 10 47 -7 5 14 34

0 9 22 92 -7 41 46 4

0 2 23 70 -10 0 10 32

0 2 77 50 -16 2 40 47

0 4 6 78 -4 11 26 25

0 1 2 3 -3 8 20 2

0 0 19 93 -1 2 26 27

0 12 25 33 -15 18 19 49

0 1 6 75 -5 36 39 28

0 9 26 74 -3 1 23 45


SAlphaB: 725.0, std-dev 271.10929949510637

Earliest win: 37
Latest win: 81

WinDepth:
0 0 0 0 0 0 0 0 0 0 0 0 0 0 0 0 0 0 0 0 0 0 0 0 0 0 0 0 0 0 0 0 0 0 0 0 0 3 0 1 24 2 2 37 5 17 11 31 36 77 62 219 106 128 134 187 97 199 102 177 154 260 211 303 316 353 390 377 434 450 446 457 398 427 364 356 277 248 195 146 84 82 
SAlphaB:
0 0 0 0 0 0 0 0 0 0 0 0 0 0 0 0 0 0 0 0 0 0 0 0 0 0 0 0 0 0 0 0 0 0 0 0 0 3 0 1 24 2 2 37 5 17 11 31 36 77 62 219 106 128 134 187 97 199 102 177 154 260 211 303 316 353 390 377 434 450 446 457 398 427 364 356 277 248 195 146 84 82 

LossDepth:
SAlphaB:
0 0 0 0 0 0 0 0 0 0 0 0 0 0 0 0 0 0 0 0 0 0 0 0 0 0 0 0 0 0 0 0 0 0 0 0 0 3 0 1 24 2 2 37 5 17 11 31 36 77 62 219 106 128 134 187 97 199 102 177 154 260 211 303 316 353 390 377 434 450 446 457 398 427 364 356 277 248 195 146 84 82 

FirstWin:
0 0 0 0 0 0 0 0 0 0 0 0 0 0 0 0 0 0 0 0 0 0 0 0 0 0 0 0 0 0 0 0 0 0 0 0 0 3 0 1 0 2 0 37 0 17 0 31 0 77 0 219 0 128 0 187 0 199 0 177 0 260 0 303 0 353 0 377 0 450 0 457 0 427 0 356 0 248 0 146 0 82 
SAlphaB:
0 0 0 0 0 0 0 0 0 0 0 0 0 0 0 0 0 0 0 0 0 0 0 0 0 0 0 0 0 0 0 0 0 0 0 0 0 3 0 1 0 2 0 37 0 17 0 31 0 77 0 219 0 128 0 187 0 199 0 177 0 260 0 303 0 353 0 377 0 450 0 457 0 427 0 356 0 248 0 146 0 82 

SecondWin:
0 0 0 0 0 0 0 0 0 0 0 0 0 0 0 0 0 0 0 0 0 0 0 0 0 0 0 0 0 0 0 0 0 0 0 0 0 0 0 0 24 0 2 0 5 0 11 0 36 0 62 0 106 0 134 0 97 0 102 0 154 0 211 0 316 0 390 0 434 0 446 0 398 0 364 0 277 0 195 0 84 0 
SAlphaB:
0 0 0 0 0 0 0 0 0 0 0 0 0 0 0 0 0 0 0 0 0 0 0 0 0 0 0 0 0 0 0 0 0 0 0 0 0 0 0 0 24 0 2 0 5 0 11 0 36 0 62 0 106 0 134 0 97 0 102 0 154 0 211 0 316 0 390 0 434 0 446 0 398 0 364 0 277 0 195 0 84 0 
