0 28 92 9 -1 8 24 4

0 55 76 41 -1 6 19 10

0 22 86 29 -5 8 14 11

0 28 82 77 -18 3 14 27

0 27 36 18 -1 2 3 0

0 62 69 69 -19 6 31 40

0 16 49 71 -12 2 4 1

0 47 66 9 -20 1 2 3

0 48 58 95 -15 9 21 11

0 30 98 58 -10 4 5 7

0 20 60 96 -11 4 9 19

0 45 89 32 -11 4 14 0

0 48 66 56 -9 10 16 19

0 17 22 60 -20 0 2 29

0 12 69 84 -19 22 27 16

0 94 97 41 -14 1 7 2

0 36 47 4 -14 0 2 31

0 33 37 76 -13 33 34 11

0 29 48 91 -15 0 16 6

0 6 40 77 -20 4 6 30

0 38 82 18 -8 6 11 3

0 24 66 63 -6 42 44 18

0 37 42 89 -10 32 46 37

0 1 79 55 -15 33 41 14

0 43 47 92 -10 18 41 5

0 62 91 69 -6 3 7 30

0 21 70 38 -14 7 23 6

0 15 46 72 -1 21 28 35

0 44 98 42 -19 11 17 1

0 30 41 73 -18 6 10 7

0 11 94 71 -14 0 7 17

0 30 68 28 -17 22 26 7

0 16 19 90 -11 14 22 29

0 32 86 26 -2 41 45 22

0 41 53 24 -2 5 13 2

0 12 38 84 -5 28 42 19

0 15 89 12 -17 8 19 8

0 39 69 61 -4 16 31 24

0 24 66 87 -12 7 12 19

0 65 83 45 -12 15 24 46

0 35 46 24 -3 27 44 46

0 67 86 61 -1 1 2 24

0 33 78 99 -14 14 47 10

0 22 69 24 -17 23 28 44

0 78 97 5 -1 5 6 25

0 3 39 65 -11 18 32 17

0 6 34 28 -3 1 7 11

0 27 55 45 -20 12 28 23

0 10 18 96 -16 18 25 12

0 4 20 97 -17 20 25 21

0 9 23 24 -11 14 16 17

0 36 37 73 -15 13 26 20

0 10 69 6 -11 2 45 1

0 14 17 32 -1 14 45 42

0 65 66 2 -13 27 29 43

0 16 35 13 -19 21 25 24

0 21 29 62 -8 2 3 28

0 2 24 52 -12 6 12 25

0 17 43 97 -12 40 44 46

0 1 39 73 -20 1 4 0

0 33 67 26 -2 38 39 5

0 23 25 41 -2 14 41 4

0 36 45 60 -12 14 22 23

0 78 91 91 -1 0 3 37

0 16 39 5 -9 31 45 48

0 2 8 23 -5 13 22 11

0 11 22 17 -16 21 29 44

0 3 20 5 -12 20 28 21

0 14 29 15 -20 30 45 16

0 12 43 65 -3 5 31 20

0 1 27 82 -3 7 28 12

0 13 58 87 -16 23 38 45

0 4 45 24 -15 8 9 22

0 5 12 7 -20 12 34 34

0 45 52 24 -8 26 41 41

0 4 11 26 -5 0 27 37

0 4 12 89 -4 14 18 40

0 77 91 25 -6 46 48 1

0 9 16 7 -13 10 18 24

0 0 2 44 -6 12 26 39

0 0 4 70 -10 0 22 36

0 29 31 15 -2 11 12 8

0 3 19 29 -12 4 38 42

0 2 4 14 -4 17 46 12

0 10 64 54 -10 39 41 25

0 5 25 12 -15 3 29 15

0 7 13 63 -13 10 16 2

0 2 24 51 -10 32 45 28

0 12 18 1 -10 28 34 18

0 2 20 24 -16 7 19 35

0 6 14 96 -20 17 26 4

0 4 14 8 -12 4 27 11

0 10 45 29 -15 14 35 5

0 5 12 72 -11 3 4 41

0 4 64 88 -1 7 30 49

0 1 3 67 -10 5 9 23

0 8 12 42 -6 11 14 39

0 8 11 5 -9 26 28 35

0 0 14 83 -5 20 27 3

0 4 10 80 -15 1 31 23


SAlphaB: 686.0, std-dev 269.1563219702737

Earliest win: 37
Latest win: 81

WinDepth:
0 0 0 0 0 0 0 0 0 0 0 0 0 0 0 0 0 0 0 0 0 0 0 0 0 0 0 0 0 0 0 0 0 0 0 0 0 4 0 2 14 8 1 13 5 9 11 41 28 94 59 148 100 121 86 125 108 189 136 218 200 223 234 330 297 353 392 380 467 413 532 507 436 411 359 354 287 243 193 136 99 69 
SAlphaB:
0 0 0 0 0 0 0 0 0 0 0 0 0 0 0 0 0 0 0 0 0 0 0 0 0 0 0 0 0 0 0 0 0 0 0 0 0 4 0 2 14 8 1 13 5 9 11 41 28 94 59 148 100 121 86 125 108 189 136 218 200 223 234 330 297 353 392 380 467 413 532 507 436 411 359 354 287 243 193 136 99 69 

LossDepth:
SAlphaB:
0 0 0 0 0 0 0 0 0 0 0 0 0 0 0 0 0 0 0 0 0 0 0 0 0 0 0 0 0 0 0 0 0 0 0 0 0 4 0 2 14 8 1 13 5 9 11 41 28 94 59 148 100 121 86 125 108 189 136 218 200 223 234 330 297 353 392 380 467 413 532 507 436 411 359 354 287 243 193 136 99 69 

FirstWin:
0 0 0 0 0 0 0 0 0 0 0 0 0 0 0 0 0 0 0 0 0 0 0 0 0 0 0 0 0 0 0 0 0 0 0 0 0 4 0 2 0 8 0 13 0 9 0 41 0 94 0 148 0 121 0 125 0 189 0 218 0 223 0 330 0 353 0 380 0 413 0 507 0 411 0 354 0 243 0 136 0 69 
SAlphaB:
0 0 0 0 0 0 0 0 0 0 0 0 0 0 0 0 0 0 0 0 0 0 0 0 0 0 0 0 0 0 0 0 0 0 0 0 0 4 0 2 0 8 0 13 0 9 0 41 0 94 0 148 0 121 0 125 0 189 0 218 0 223 0 330 0 353 0 380 0 413 0 507 0 411 0 354 0 243 0 136 0 69 

SecondWin:
0 0 0 0 0 0 0 0 0 0 0 0 0 0 0 0 0 0 0 0 0 0 0 0 0 0 0 0 0 0 0 0 0 0 0 0 0 0 0 0 14 0 1 0 5 0 11 0 28 0 59 0 100 0 86 0 108 0 136 0 200 0 234 0 297 0 392 0 467 0 532 0 436 0 359 0 287 0 193 0 99 0 
SAlphaB:
0 0 0 0 0 0 0 0 0 0 0 0 0 0 0 0 0 0 0 0 0 0 0 0 0 0 0 0 0 0 0 0 0 0 0 0 0 0 0 0 14 0 1 0 5 0 11 0 28 0 59 0 100 0 86 0 108 0 136 0 200 0 234 0 297 0 392 0 467 0 532 0 436 0 359 0 287 0 193 0 99 0 
