0 18 76 78 -20 18 19 19

0 35 76 29 -13 1 5 26

0 23 96 48 -18 1 11 36

0 64 83 23 -5 7 32 15

0 26 70 95 -3 31 44 24

0 19 77 76 -2 6 13 15

0 0 27 50 -11 2 6 11

0 62 88 46 -1 10 28 13

0 79 88 72 -20 1 9 36

0 15 57 22 -3 4 27 5

0 73 87 80 -5 20 49 46

0 33 56 89 -13 1 2 9

0 0 92 30 -14 14 43 10

0 54 75 79 -2 2 20 16

0 79 86 52 -5 0 19 19

0 23 76 45 -3 4 10 40

0 17 87 37 -2 4 12 37

0 31 82 41 -5 12 24 22

0 18 54 88 -17 18 46 39

0 39 53 88 -12 1 2 12

0 17 71 14 -7 12 16 31

0 30 65 97 -14 26 37 9

0 60 87 92 -19 0 23 28

0 17 79 72 -1 7 39 44

0 8 18 52 -14 4 7 9

0 36 57 23 -12 35 47 35

0 83 95 82 -3 2 5 26

0 70 79 59 -19 3 5 0

0 18 93 1 -14 30 36 10

0 20 44 40 -7 17 47 42

0 37 47 62 -11 2 3 22

0 20 76 6 -9 9 12 24

0 10 33 93 -7 8 22 6

0 43 86 60 -2 33 42 27

0 23 37 53 -18 16 27 6

0 28 87 99 -2 29 49 3

0 22 44 93 -9 4 22 6

0 5 62 27 -16 35 37 2

0 8 42 71 -20 16 18 8

0 73 82 44 -19 21 48 25

0 35 42 88 -6 16 25 24

0 15 77 62 -2 17 18 31

0 1 70 55 -6 1 20 9

0 65 71 88 -19 2 46 12

0 75 85 26 -11 31 36 5

0 58 86 70 -14 22 24 45

0 14 80 90 -2 7 16 43

0 0 26 17 -7 5 6 26

0 10 32 75 -18 4 5 17

0 12 15 92 -7 3 12 11

0 48 92 39 -2 37 43 41

0 59 81 7 -12 19 30 7

0 45 59 70 -12 27 40 48

0 14 26 1 -4 7 10 34

0 71 87 83 -14 19 22 48

0 74 88 34 -1 0 1 45

0 7 31 33 -17 16 40 15

0 8 37 70 -15 21 34 31

0 8 95 0 -20 28 47 42

0 25 38 79 -15 12 18 41

0 31 35 88 -10 8 10 37

0 80 84 42 -1 0 1 30

0 6 84 2 -3 3 18 35

0 12 39 82 -14 19 23 11

0 9 49 95 -5 6 31 21

0 16 74 13 -7 31 41 9

0 13 28 32 -5 0 34 31

0 53 56 40 -11 25 34 34

0 28 39 57 -14 22 25 37

0 25 26 87 -9 4 43 10

0 42 66 80 -18 24 35 36

0 0 10 40 -11 0 1 21

0 0 18 91 -19 27 42 23

0 10 16 3 -15 0 33 37

0 2 41 27 -2 4 31 28

0 14 36 90 -14 4 37 26

0 10 11 2 -7 5 8 41

0 0 18 35 -6 7 15 4

0 16 79 53 -9 3 40 46

0 15 31 57 -9 12 18 33

0 1 16 54 -20 28 36 26

0 41 47 37 -19 30 37 47

0 18 28 46 -14 6 8 48

0 10 11 35 -1 12 27 17

0 2 11 81 -1 25 26 48

0 4 22 0 -19 19 31 35

0 1 2 79 -17 10 48 10

0 19 25 4 -2 11 40 11

0 2 3 30 -9 6 25 37

0 3 8 68 -4 1 29 26

0 1 2 23 -19 14 35 0

0 2 13 38 -15 0 30 30

0 9 16 50 -4 2 4 40

0 1 7 12 -12 20 22 47

0 0 2 33 -12 12 20 34

0 4 10 81 -16 37 48 1

0 5 6 7 -19 27 49 39

0 0 1 93 -10 4 49 33

0 0 7 46 -12 28 42 5

0 1 2 95 -11 5 23 3


SAlphaB: 710.0, std-dev 258.6685343379934

Earliest win: 35
Latest win: 81

WinDepth:
0 0 0 0 0 0 0 0 0 0 0 0 0 0 0 0 0 0 0 0 0 0 0 0 0 0 0 0 0 0 0 0 0 0 0 1 0 1 2 1 1 6 0 4 5 10 10 19 26 75 92 211 79 99 69 161 106 194 185 172 200 202 217 325 337 375 421 362 467 429 457 431 396 384 415 358 261 249 186 123 121 73 
SAlphaB:
0 0 0 0 0 0 0 0 0 0 0 0 0 0 0 0 0 0 0 0 0 0 0 0 0 0 0 0 0 0 0 0 0 0 0 1 0 1 2 1 1 6 0 4 5 10 10 19 26 75 92 211 79 99 69 161 106 194 185 172 200 202 217 325 337 375 421 362 467 429 457 431 396 384 415 358 261 249 186 123 121 73 

LossDepth:
SAlphaB:
0 0 0 0 0 0 0 0 0 0 0 0 0 0 0 0 0 0 0 0 0 0 0 0 0 0 0 0 0 0 0 0 0 0 0 1 0 1 2 1 1 6 0 4 5 10 10 19 26 75 92 211 79 99 69 161 106 194 185 172 200 202 217 325 337 375 421 362 467 429 457 431 396 384 415 358 261 249 186 123 121 73 

FirstWin:
0 0 0 0 0 0 0 0 0 0 0 0 0 0 0 0 0 0 0 0 0 0 0 0 0 0 0 0 0 0 0 0 0 0 0 1 0 1 0 1 0 6 0 4 0 10 0 19 0 75 0 211 0 99 0 161 0 194 0 172 0 202 0 325 0 375 0 362 0 429 0 431 0 384 0 358 0 249 0 123 0 73 
SAlphaB:
0 0 0 0 0 0 0 0 0 0 0 0 0 0 0 0 0 0 0 0 0 0 0 0 0 0 0 0 0 0 0 0 0 0 0 1 0 1 0 1 0 6 0 4 0 10 0 19 0 75 0 211 0 99 0 161 0 194 0 172 0 202 0 325 0 375 0 362 0 429 0 431 0 384 0 358 0 249 0 123 0 73 

SecondWin:
0 0 0 0 0 0 0 0 0 0 0 0 0 0 0 0 0 0 0 0 0 0 0 0 0 0 0 0 0 0 0 0 0 0 0 0 0 0 2 0 1 0 0 0 5 0 10 0 26 0 92 0 79 0 69 0 106 0 185 0 200 0 217 0 337 0 421 0 467 0 457 0 396 0 415 0 261 0 186 0 121 0 
SAlphaB:
0 0 0 0 0 0 0 0 0 0 0 0 0 0 0 0 0 0 0 0 0 0 0 0 0 0 0 0 0 0 0 0 0 0 0 0 0 0 2 0 1 0 0 0 5 0 10 0 26 0 92 0 79 0 69 0 106 0 185 0 200 0 217 0 337 0 421 0 467 0 457 0 396 0 415 0 261 0 186 0 121 0 
