0 34 76 27 -20 3 7 20

0 61 95 48 -12 5 30 27

0 35 61 84 -13 3 8 23

0 4 58 63 -18 3 7 19

0 24 68 34 -11 3 7 40

0 20 48 38 -10 5 11 25

0 64 73 57 -1 1 36 33

0 35 89 56 -7 18 47 17

0 73 74 25 -17 9 39 11

0 70 77 41 -7 6 31 43

0 70 97 33 -11 3 27 46

0 28 87 79 -8 5 7 22

0 80 83 41 -10 17 38 22

0 7 79 64 -5 3 5 5

0 30 84 97 -20 12 22 41

0 71 89 52 -7 19 37 23

0 19 98 87 -8 2 3 45

0 22 33 97 -1 6 14 29

0 66 77 76 -17 3 49 40

0 45 73 19 -7 12 24 25

0 34 50 3 -7 5 26 1

0 46 54 60 -4 12 33 21

0 11 87 46 -12 39 46 39

0 23 82 23 -4 7 12 46

0 54 56 37 -16 22 27 26

0 25 38 53 -13 0 2 41

0 69 88 81 -7 0 16 7

0 35 67 72 -5 12 32 30

0 55 69 1 -9 11 26 9

0 75 82 11 -1 1 3 23

0 45 65 86 -19 14 34 49

0 35 71 71 -13 9 16 24

0 60 71 65 -3 12 26 30

0 6 85 69 -1 40 48 29

0 28 92 22 -7 18 41 37

0 25 56 8 -14 5 25 13

0 53 80 32 -3 1 8 34

0 37 65 98 -19 1 44 1

0 65 91 39 -8 7 11 46

0 33 69 23 -12 14 15 24

0 47 50 93 -18 1 3 44

0 43 46 7 -12 1 4 7

0 29 46 33 -15 42 45 12

0 23 31 97 -12 5 11 37

0 43 94 52 -11 35 39 14

0 8 67 30 -15 9 12 35

0 44 68 61 -11 0 39 11

0 26 45 67 -7 11 22 11

0 45 49 63 -20 7 8 39

0 24 98 2 -6 3 32 36

0 0 70 89 -19 12 30 20

0 4 43 88 -2 22 43 16

0 17 21 30 -19 4 5 6

0 19 72 1 -1 41 45 4

0 15 81 95 -17 4 32 29

0 23 48 48 -12 25 30 32

0 12 31 33 -17 5 11 14

0 23 79 96 -1 1 10 41

0 1 6 36 -10 2 7 2

0 8 61 13 -15 7 19 35

0 58 65 1 -6 2 27 48

0 2 60 99 -3 3 12 21

0 13 17 47 -13 1 36 7

0 5 46 51 -2 27 35 46

0 4 47 91 -7 16 28 41

0 36 38 92 -3 11 39 34

0 16 36 7 -4 6 25 31

0 27 28 87 -20 7 16 23

0 7 17 93 -14 28 32 41

0 16 20 14 -6 18 19 23

0 4 53 84 -2 3 36 22

0 17 28 97 -6 17 44 15

0 8 12 56 -13 1 4 25

0 10 12 34 -10 38 43 38

0 1 41 85 -17 2 11 31

0 8 22 53 -1 4 7 35

0 9 15 5 -11 24 43 32

0 17 18 41 -11 1 6 47

0 13 18 14 -10 5 32 27

0 4 15 47 -5 28 35 33

0 4 38 22 -2 0 42 18

0 12 28 39 -3 9 21 42

0 3 9 35 -7 2 31 19

0 4 12 14 -4 10 24 33

0 14 15 91 -2 28 36 12

0 2 6 24 -15 26 34 9

0 3 5 73 -15 6 8 5

0 31 38 49 -3 37 41 29

0 7 28 23 -12 8 49 32

0 12 14 8 -2 6 12 36

0 2 23 85 -3 4 39 25

0 2 8 55 -6 29 42 32

0 4 15 6 -5 21 30 42

0 6 32 13 -2 26 41 0

0 5 11 28 -4 27 28 32

0 11 14 69 -18 0 33 46

0 9 26 44 -2 2 11 46

0 0 37 70 -5 3 22 40

0 1 4 10 -2 0 39 16

0 1 2 3 -10 0 27 28


SAlphaB: 704.0, std-dev 253.74497855408714

Earliest win: 35
Latest win: 81

WinDepth:
0 0 0 0 0 0 0 0 0 0 0 0 0 0 0 0 0 0 0 0 0 0 0 0 0 0 0 0 0 0 0 0 0 0 0 3 0 2 1 3 20 12 7 15 9 24 15 37 32 49 90 195 88 128 110 182 128 199 139 203 159 266 239 361 343 363 393 388 400 406 447 377 404 376 468 355 261 218 192 139 95 64 
SAlphaB:
0 0 0 0 0 0 0 0 0 0 0 0 0 0 0 0 0 0 0 0 0 0 0 0 0 0 0 0 0 0 0 0 0 0 0 3 0 2 1 3 20 12 7 15 9 24 15 37 32 49 90 195 88 128 110 182 128 199 139 203 159 266 239 361 343 363 393 388 400 406 447 377 404 376 468 355 261 218 192 139 95 64 

LossDepth:
SAlphaB:
0 0 0 0 0 0 0 0 0 0 0 0 0 0 0 0 0 0 0 0 0 0 0 0 0 0 0 0 0 0 0 0 0 0 0 3 0 2 1 3 20 12 7 15 9 24 15 37 32 49 90 195 88 128 110 182 128 199 139 203 159 266 239 361 343 363 393 388 400 406 447 377 404 376 468 355 261 218 192 139 95 64 

FirstWin:
0 0 0 0 0 0 0 0 0 0 0 0 0 0 0 0 0 0 0 0 0 0 0 0 0 0 0 0 0 0 0 0 0 0 0 3 0 2 0 3 0 12 0 15 0 24 0 37 0 49 0 195 0 128 0 182 0 199 0 203 0 266 0 361 0 363 0 388 0 406 0 377 0 376 0 355 0 218 0 139 0 64 
SAlphaB:
0 0 0 0 0 0 0 0 0 0 0 0 0 0 0 0 0 0 0 0 0 0 0 0 0 0 0 0 0 0 0 0 0 0 0 3 0 2 0 3 0 12 0 15 0 24 0 37 0 49 0 195 0 128 0 182 0 199 0 203 0 266 0 361 0 363 0 388 0 406 0 377 0 376 0 355 0 218 0 139 0 64 

SecondWin:
0 0 0 0 0 0 0 0 0 0 0 0 0 0 0 0 0 0 0 0 0 0 0 0 0 0 0 0 0 0 0 0 0 0 0 0 0 0 1 0 20 0 7 0 9 0 15 0 32 0 90 0 88 0 110 0 128 0 139 0 159 0 239 0 343 0 393 0 400 0 447 0 404 0 468 0 261 0 192 0 95 0 
SAlphaB:
0 0 0 0 0 0 0 0 0 0 0 0 0 0 0 0 0 0 0 0 0 0 0 0 0 0 0 0 0 0 0 0 0 0 0 0 0 0 1 0 20 0 7 0 9 0 15 0 32 0 90 0 88 0 110 0 128 0 139 0 159 0 239 0 343 0 393 0 400 0 447 0 404 0 468 0 261 0 192 0 95 0 
