0 51 92 11 -16 6 10 14

0 19 64 25 -10 0 6 7

0 39 92 51 -6 1 15 8

0 26 80 0 -5 3 22 14

0 36 93 5 -18 0 11 20

0 38 55 25 -14 0 8 4

0 63 99 34 -9 5 38 7

0 4 58 96 -7 27 42 7

0 44 55 32 -17 3 8 20

0 27 68 31 -4 5 30 17

0 50 71 64 -7 9 22 23

0 73 92 87 -19 9 16 31

0 23 69 86 -10 0 1 20

0 45 60 80 -3 2 18 21

0 27 30 52 -12 0 2 23

0 29 36 4 -11 0 17 7

0 64 91 51 -20 11 14 32

0 14 47 40 -18 14 34 16

0 17 25 76 -19 33 34 14

0 7 66 93 -7 14 33 15

0 38 42 24 -4 11 14 3

0 14 52 76 -6 13 14 44

0 33 99 85 -11 12 43 22

0 11 77 75 -19 8 22 35

0 13 89 69 -15 13 22 26

0 5 64 95 -8 6 8 8

0 2 80 4 -2 1 2 5

0 36 46 61 -17 7 27 4

0 26 60 41 -8 1 7 28

0 46 63 7 -16 4 7 2

0 49 71 97 -3 7 26 40

0 1 11 12 -7 6 29 12

0 63 80 97 -9 5 11 35

0 73 77 10 -4 8 11 7

0 46 61 44 -16 3 13 40

0 10 58 15 -2 38 42 26

0 24 64 67 -5 10 27 24

0 3 83 88 -17 17 46 31

0 55 58 10 -4 2 3 27

0 26 28 50 -8 13 27 10

0 2 45 64 -13 4 11 45

0 6 91 39 -10 9 34 45

0 11 43 57 -2 1 18 5

0 44 75 79 -6 25 44 37

0 21 26 36 -17 2 3 18

0 30 41 60 -1 17 32 7

0 17 18 80 -14 6 11 41

0 93 98 29 -18 2 13 10

0 13 32 65 -19 6 8 36

0 10 88 20 -14 24 44 0

0 1 3 45 -7 2 22 3

0 3 39 75 -19 24 38 18

0 33 61 13 -17 15 16 28

0 26 50 40 -19 20 24 27

0 13 45 66 -19 17 19 30

0 36 38 78 -10 0 8 27

0 7 34 21 -13 22 41 21

0 2 40 43 -14 5 11 31

0 37 77 65 -11 24 25 46

0 17 90 61 -20 2 25 16

0 43 52 4 -3 34 44 32

0 0 6 76 -11 1 9 7

0 7 70 2 -7 15 42 11

0 15 50 49 -13 6 12 21

0 10 79 93 -9 26 35 6

0 27 31 65 -19 4 9 16

0 12 28 90 -13 5 23 1

0 7 84 15 -4 11 25 21

0 31 52 57 -11 4 38 37

0 47 51 19 -10 2 19 39

0 8 14 4 -20 0 1 1

0 7 11 30 -17 13 36 27

0 12 40 66 -6 5 20 33

0 8 16 48 -19 1 12 26

0 12 81 27 -3 16 27 44

0 44 89 36 -15 33 49 0

0 15 44 78 -18 17 37 7

0 26 67 2 -8 14 20 8

0 43 44 76 -12 31 48 38

0 18 28 81 -1 22 32 44

0 15 19 57 -5 33 39 48

0 38 46 51 -3 4 22 38

0 3 41 33 -12 11 33 24

0 4 8 70 -3 16 24 12

0 0 15 35 -15 6 44 7

0 1 3 98 -2 0 1 14

0 1 20 84 -8 16 47 22

0 9 22 38 -12 3 32 0

0 12 23 2 -6 34 36 33

0 3 4 65 -7 33 37 17

0 7 23 8 -12 31 35 17

0 7 20 8 -14 0 38 0

0 12 17 67 -18 12 14 24

0 4 6 34 -15 18 25 36

0 11 12 9 -16 9 18 15

0 16 42 91 -7 2 41 32

0 3 4 92 -8 1 5 29

0 7 34 29 -18 21 28 9

0 0 2 10 -10 18 23 46

0 0 9 1 -5 2 6 26


SAlphaB: 713.0, std-dev 244.78643031149923

Earliest win: 37
Latest win: 81

WinDepth:
0 0 0 0 0 0 0 0 0 0 0 0 0 0 0 0 0 0 0 0 0 0 0 0 0 0 0 0 0 0 0 0 0 0 0 0 0 1 0 1 1 1 4 15 6 8 15 49 22 64 51 180 75 116 111 157 126 213 144 196 142 254 241 387 308 379 439 343 438 402 468 473 422 417 407 355 257 208 168 133 91 73 
SAlphaB:
0 0 0 0 0 0 0 0 0 0 0 0 0 0 0 0 0 0 0 0 0 0 0 0 0 0 0 0 0 0 0 0 0 0 0 0 0 1 0 1 1 1 4 15 6 8 15 49 22 64 51 180 75 116 111 157 126 213 144 196 142 254 241 387 308 379 439 343 438 402 468 473 422 417 407 355 257 208 168 133 91 73 

LossDepth:
SAlphaB:
0 0 0 0 0 0 0 0 0 0 0 0 0 0 0 0 0 0 0 0 0 0 0 0 0 0 0 0 0 0 0 0 0 0 0 0 0 1 0 1 1 1 4 15 6 8 15 49 22 64 51 180 75 116 111 157 126 213 144 196 142 254 241 387 308 379 439 343 438 402 468 473 422 417 407 355 257 208 168 133 91 73 

FirstWin:
0 0 0 0 0 0 0 0 0 0 0 0 0 0 0 0 0 0 0 0 0 0 0 0 0 0 0 0 0 0 0 0 0 0 0 0 0 1 0 1 0 1 0 15 0 8 0 49 0 64 0 180 0 116 0 157 0 213 0 196 0 254 0 387 0 379 0 343 0 402 0 473 0 417 0 355 0 208 0 133 0 73 
SAlphaB:
0 0 0 0 0 0 0 0 0 0 0 0 0 0 0 0 0 0 0 0 0 0 0 0 0 0 0 0 0 0 0 0 0 0 0 0 0 1 0 1 0 1 0 15 0 8 0 49 0 64 0 180 0 116 0 157 0 213 0 196 0 254 0 387 0 379 0 343 0 402 0 473 0 417 0 355 0 208 0 133 0 73 

SecondWin:
0 0 0 0 0 0 0 0 0 0 0 0 0 0 0 0 0 0 0 0 0 0 0 0 0 0 0 0 0 0 0 0 0 0 0 0 0 0 0 0 1 0 4 0 6 0 15 0 22 0 51 0 75 0 111 0 126 0 144 0 142 0 241 0 308 0 439 0 438 0 468 0 422 0 407 0 257 0 168 0 91 0 
SAlphaB:
0 0 0 0 0 0 0 0 0 0 0 0 0 0 0 0 0 0 0 0 0 0 0 0 0 0 0 0 0 0 0 0 0 0 0 0 0 0 0 0 1 0 4 0 6 0 15 0 22 0 51 0 75 0 111 0 126 0 144 0 142 0 241 0 308 0 439 0 438 0 468 0 422 0 407 0 257 0 168 0 91 0 
