0 29 58 27 -6 2 11 10

0 30 82 37 -15 2 11 24

0 58 81 56 -5 15 28 12

0 48 77 66 -7 1 23 18

0 55 71 16 -10 8 29 18

0 54 86 43 -14 1 10 2

0 42 99 33 -7 3 9 6

0 56 85 59 -14 1 3 11

0 49 92 67 -15 5 18 27

0 14 80 33 -12 0 7 8

0 51 59 30 -2 0 19 1

0 31 48 66 -4 0 17 6

0 16 81 38 -2 0 7 2

0 7 23 38 -6 0 3 5

0 78 93 77 -6 4 23 18

0 57 95 70 -17 4 21 24

0 33 97 51 -10 1 7 32

0 29 65 60 -14 2 5 10

0 38 94 63 -5 1 5 1

0 71 85 55 -1 16 40 24

0 30 54 73 -5 3 13 13

0 62 87 98 -13 12 15 18

0 42 91 14 -20 3 15 8

0 31 43 21 -14 0 1 18

0 70 82 81 -14 12 24 8

0 44 92 83 -5 11 44 26

0 32 76 35 -8 1 9 23

0 27 66 17 -4 4 19 18

0 43 89 40 -9 9 40 13

0 43 86 64 -12 3 23 14

0 14 58 68 -3 3 8 5

0 58 85 22 -1 6 42 34

0 94 95 83 -13 18 39 1

0 48 76 83 -15 0 8 20

0 65 67 70 -10 5 22 20

0 5 84 98 -3 11 24 3

0 60 76 91 -13 1 18 10

0 38 72 39 -13 3 17 25

0 35 87 22 -7 3 5 29

0 50 95 52 -2 1 3 12

0 23 74 66 -17 6 9 25

0 54 73 43 -16 0 23 24

0 16 74 60 -2 0 12 24

0 61 85 70 -7 6 25 17

0 35 63 2 -16 4 11 30

0 23 80 4 -1 9 33 21

0 52 73 40 -8 6 32 14

0 33 87 72 -4 2 4 6

0 50 90 54 -8 9 39 22

0 17 66 30 -12 3 5 1

0 66 88 83 -18 15 18 18

0 20 66 49 -7 1 13 2

0 52 73 42 -4 3 4 1

0 85 92 5 -13 15 29 1

0 63 89 95 -18 4 10 42

0 56 84 16 -16 4 32 41

0 28 95 38 -4 9 24 15

0 7 51 58 -19 11 24 5

0 30 90 34 -9 8 13 42

0 33 84 31 -2 3 7 9

0 17 33 44 -7 8 21 18

0 22 75 82 -15 0 13 24

0 11 49 50 -16 0 1 7

0 87 91 27 -14 1 5 5

0 23 72 45 -19 0 2 31

0 37 72 94 -16 24 48 3

0 43 74 95 -2 0 2 4

0 28 73 72 -6 12 28 6

0 8 77 28 -7 0 3 21

0 31 94 45 -5 8 14 28

0 57 58 60 -19 11 31 0

0 41 49 64 -12 1 7 24

0 68 85 46 -4 12 30 27

0 12 92 81 -17 7 16 9

0 61 98 11 -13 16 35 13

0 48 61 60 -19 17 46 0

0 50 68 9 -1 14 36 8

0 5 91 59 -19 4 12 22

0 18 59 35 -2 20 46 32

0 42 43 15 -14 7 11 10

0 54 71 94 -2 3 12 36

0 56 58 72 -12 15 27 1

0 58 66 51 -8 6 15 34

0 35 64 6 -11 11 33 38

0 27 48 30 -4 0 1 7

0 27 70 63 -12 3 10 49

0 59 70 44 -5 6 9 20

0 64 70 92 -16 30 46 8

0 52 73 80 -7 13 23 25

0 18 68 27 -4 14 33 1

0 7 94 59 -17 31 48 14

0 20 28 35 -8 6 7 21

0 18 45 57 -6 25 36 12

0 25 31 28 -1 11 18 12

0 76 93 69 -5 6 17 37

0 24 26 72 -4 16 22 3

0 37 61 62 -4 0 35 27

0 29 69 78 -5 2 25 45

0 12 35 29 -13 12 14 11

0 19 40 33 -17 2 6 29


SAlphaB: 745.0, std-dev 263.51848142114255

Earliest win: 35
Latest win: 81

WinDepth:
0 0 0 0 0 0 0 0 0 0 0 0 0 0 0 0 0 0 0 0 0 0 0 0 0 0 0 0 0 0 0 0 0 0 0 2 1 3 0 12 5 12 8 22 19 60 45 157 51 162 167 390 169 305 261 463 328 551 385 461 450 678 580 774 771 913 889 1046 949 1015 991 999 927 898 889 775 596 534 435 299 222 136 
SAlphaB:
0 0 0 0 0 0 0 0 0 0 0 0 0 0 0 0 0 0 0 0 0 0 0 0 0 0 0 0 0 0 0 0 0 0 0 2 1 3 0 12 5 12 8 22 19 60 45 157 51 162 167 390 169 305 261 463 328 551 385 461 450 678 580 774 771 913 889 1046 949 1015 991 999 927 898 889 775 596 534 435 299 222 136 

LossDepth:
SAlphaB:
0 0 0 0 0 0 0 0 0 0 0 0 0 0 0 0 0 0 0 0 0 0 0 0 0 0 0 0 0 0 0 0 0 0 0 1 0 0 0 10 1 8 2 18 16 40 23 66 20 64 106 132 102 161 183 262 220 339 235 316 292 426 368 602 549 694 640 783 633 807 681 824 691 749 716 739 501 456 349 277 209 150 

FirstWin:
0 0 0 0 0 0 0 0 0 0 0 0 0 0 0 0 0 0 0 0 0 0 0 0 0 0 0 0 0 0 0 0 0 0 0 2 0 3 0 12 0 12 0 22 0 60 0 157 0 162 0 390 0 305 0 463 0 551 0 461 0 678 0 774 0 913 0 1046 0 1015 0 999 0 898 0 775 0 534 0 299 0 136 
SAlphaB:
0 0 0 0 0 0 0 0 0 0 0 0 0 0 0 0 0 0 0 0 0 0 0 0 0 0 0 0 0 0 0 0 0 0 0 2 0 3 0 12 0 12 0 22 0 60 0 157 0 162 0 390 0 305 0 463 0 551 0 461 0 678 0 774 0 913 0 1046 0 1015 0 999 0 898 0 775 0 534 0 299 0 136 

SecondWin:
0 0 0 0 0 0 0 0 0 0 0 0 0 0 0 0 0 0 0 0 0 0 0 0 0 0 0 0 0 0 0 0 0 0 0 0 1 0 0 0 5 0 8 0 19 0 45 0 51 0 167 0 169 0 261 0 328 0 385 0 450 0 580 0 771 0 889 0 949 0 991 0 927 0 889 0 596 0 435 0 222 0 
SAlphaB:
0 0 0 0 0 0 0 0 0 0 0 0 0 0 0 0 0 0 0 0 0 0 0 0 0 0 0 0 0 0 0 0 0 0 0 0 1 0 0 0 5 0 8 0 19 0 45 0 51 0 167 0 169 0 261 0 328 0 385 0 450 0 580 0 771 0 889 0 949 0 991 0 927 0 889 0 596 0 435 0 222 0 
