0 14 58 68 -3 3 8 5

0 14 80 33 -12 0 7 8

0 43 89 40 -9 9 40 13

0 16 81 38 -2 0 7 2

0 56 84 16 -16 4 32 41

0 29 65 60 -14 2 5 10

0 48 77 66 -7 1 23 18

0 56 58 72 -12 15 27 1

0 54 71 94 -2 3 12 36

0 23 74 66 -17 6 9 25

0 35 51 61 -2 11 22 3

0 74 89 21 -4 25 30 26

0 59 63 80 -16 3 15 45

0 66 67 91 -7 10 27 17

0 35 68 51 -17 3 17 2

0 0 99 90 -16 29 49 23

0 30 99 68 -16 6 21 28

0 36 42 84 -10 1 16 24

0 14 47 43 -9 0 15 32

0 27 60 88 -1 15 22 42

0 31 96 4 -8 15 16 37

0 42 54 28 -14 3 26 28

0 30 43 11 -11 0 16 22

0 39 93 65 -3 17 36 49

0 88 93 40 -16 7 30 49

0 42 99 17 -20 7 20 3

0 34 41 93 -12 17 46 45

0 40 95 88 -8 11 16 34

0 62 92 16 -6 5 6 6

0 57 86 55 -2 26 43 22

0 2 39 56 -20 25 30 26

0 15 85 79 -11 25 42 1

0 63 90 64 -17 3 9 46

0 12 22 10 -5 0 2 0

0 53 82 32 -10 13 21 9

0 79 83 68 -1 2 5 33

0 95 96 61 -1 6 20 1

0 62 83 12 -19 15 48 32

0 61 75 40 -19 20 27 43

0 24 72 51 -7 15 33 39

0 36 46 81 -1 27 34 35

0 53 71 86 -19 16 29 33

0 42 57 16 -17 1 31 0

0 23 70 75 -10 43 47 48

0 1 71 37 -18 4 9 27

0 13 76 80 -15 5 21 10

0 6 69 7 -1 5 6 29

0 34 38 62 -8 15 21 29

0 0 77 35 -19 3 5 29

0 15 41 38 -7 13 14 1

0 32 69 83 -10 38 43 20

0 72 88 43 -3 30 32 43

0 11 96 45 -7 5 45 34

0 26 41 64 -8 25 26 31

0 37 81 62 -8 40 41 17

0 59 80 62 -2 43 44 31

0 39 57 79 -8 23 25 41

0 5 47 34 -1 23 49 43

0 34 68 61 -20 4 6 47

0 13 19 32 -9 5 10 3

0 18 35 81 -13 1 10 42

0 20 22 4 -6 37 46 24

0 33 37 28 -19 3 15 47

0 22 42 2 -20 13 38 35

0 55 75 64 -5 32 38 2

0 14 38 85 -20 2 35 24

0 0 73 53 -1 1 10 23

0 9 55 69 -3 13 31 43

0 16 39 36 -3 3 43 5

0 14 40 42 -10 10 11 7

0 38 61 0 -8 2 45 27

0 38 41 10 -20 38 46 34

0 4 22 14 -5 7 11 23

0 21 29 58 -13 14 18 37

0 43 56 19 -2 35 36 15

0 1 14 94 -9 21 29 20

0 0 1 26 -13 40 45 42

0 11 53 83 -6 0 1 46

0 0 14 11 -8 8 22 12

0 25 43 62 -5 24 31 39

0 19 32 6 -11 4 21 13

0 50 88 71 -6 8 12 47

0 3 4 45 -17 37 46 35

0 2 6 89 -16 22 44 19

0 5 13 84 -11 1 2 23

0 10 48 89 -20 1 9 20

0 3 44 29 -15 43 47 36

0 0 1 67 -19 4 32 22

0 1 2 55 -17 1 5 19

0 3 62 19 -2 12 48 26

0 5 31 21 -16 1 6 42

0 3 20 93 -13 2 10 21

0 21 26 29 -7 5 14 36

0 18 19 8 -8 10 45 29

0 1 18 97 -5 16 31 5

0 11 12 27 -10 1 39 11

0 6 20 8 -15 7 35 49

0 0 13 98 -6 25 36 7

0 4 8 45 -2 1 7 26

0 5 8 72 -2 1 22 28


SAlphaB: 709.0, std-dev 266.25146928982366

Earliest win: 36
Latest win: 81

WinDepth:
0 0 0 0 0 0 0 0 0 0 0 0 0 0 0 0 0 0 0 0 0 0 0 0 0 0 0 0 0 0 0 0 0 0 0 0 2 11 0 5 16 9 2 15 7 20 23 50 30 60 83 141 89 147 112 195 124 229 161 197 193 223 273 315 345 339 442 406 401 338 469 429 373 447 426 352 254 223 200 119 116 60 
SAlphaB:
0 0 0 0 0 0 0 0 0 0 0 0 0 0 0 0 0 0 0 0 0 0 0 0 0 0 0 0 0 0 0 0 0 0 0 0 2 11 0 5 16 9 2 15 7 20 23 50 30 60 83 141 89 147 112 195 124 229 161 197 193 223 273 315 345 339 442 406 401 338 469 429 373 447 426 352 254 223 200 119 116 60 

LossDepth:
SAlphaB:
0 0 0 0 0 0 0 0 0 0 0 0 0 0 0 0 0 0 0 0 0 0 0 0 0 0 0 0 0 0 0 0 0 0 0 0 2 11 0 5 16 9 2 15 7 20 23 50 30 60 83 141 89 147 112 195 124 229 161 197 193 223 273 315 345 339 442 406 401 338 469 429 373 447 426 352 254 223 200 119 116 60 

FirstWin:
0 0 0 0 0 0 0 0 0 0 0 0 0 0 0 0 0 0 0 0 0 0 0 0 0 0 0 0 0 0 0 0 0 0 0 0 0 11 0 5 0 9 0 15 0 20 0 50 0 60 0 141 0 147 0 195 0 229 0 197 0 223 0 315 0 339 0 406 0 338 0 429 0 447 0 352 0 223 0 119 0 60 
SAlphaB:
0 0 0 0 0 0 0 0 0 0 0 0 0 0 0 0 0 0 0 0 0 0 0 0 0 0 0 0 0 0 0 0 0 0 0 0 0 11 0 5 0 9 0 15 0 20 0 50 0 60 0 141 0 147 0 195 0 229 0 197 0 223 0 315 0 339 0 406 0 338 0 429 0 447 0 352 0 223 0 119 0 60 

SecondWin:
0 0 0 0 0 0 0 0 0 0 0 0 0 0 0 0 0 0 0 0 0 0 0 0 0 0 0 0 0 0 0 0 0 0 0 0 2 0 0 0 16 0 2 0 7 0 23 0 30 0 83 0 89 0 112 0 124 0 161 0 193 0 273 0 345 0 442 0 401 0 469 0 373 0 426 0 254 0 200 0 116 0 
SAlphaB:
0 0 0 0 0 0 0 0 0 0 0 0 0 0 0 0 0 0 0 0 0 0 0 0 0 0 0 0 0 0 0 0 0 0 0 0 2 0 0 0 16 0 2 0 7 0 23 0 30 0 83 0 89 0 112 0 124 0 161 0 193 0 273 0 345 0 442 0 401 0 469 0 373 0 426 0 254 0 200 0 116 0 
