0 61 85 70 -7 6 25 17

0 49 92 67 -15 5 18 27

0 52 73 40 -8 6 32 14

0 42 99 33 -7 3 9 6

0 60 76 91 -13 1 18 10

0 16 74 60 -2 0 12 24

0 44 92 83 -5 11 44 26

0 87 91 27 -14 1 5 5

0 37 61 62 -4 0 35 27

0 12 35 29 -13 12 14 11

0 69 92 14 -14 2 24 43

0 37 76 60 -11 15 32 4

0 58 79 61 -16 2 4 32

0 9 57 46 -7 9 19 8

0 38 88 79 -6 9 18 24

0 32 62 22 -18 11 15 33

0 37 60 67 -11 1 9 38

0 7 32 70 -2 16 19 4

0 65 67 78 -4 20 22 11

0 29 39 0 -9 10 31 17

0 41 98 97 -20 44 45 27

0 14 15 57 -5 11 16 12

0 26 70 61 -18 9 11 15

0 25 64 40 -10 11 12 19

0 2 88 31 -15 3 5 18

0 43 83 5 -5 20 40 20

0 59 73 79 -19 16 18 21

0 49 85 85 -6 18 21 34

0 55 64 92 -15 4 38 15

0 7 89 62 -6 19 23 40

0 4 33 62 -11 0 2 0

0 44 45 12 -11 8 27 18

0 51 69 16 -12 0 31 35

0 40 85 61 -18 33 34 12

0 7 14 42 -3 2 3 8

0 23 68 58 -20 6 40 31

0 13 27 73 -16 10 12 8

0 43 61 90 -12 27 40 24

0 82 87 26 -9 7 9 16

0 86 91 40 -14 8 18 45

0 1 21 42 -8 7 14 5

0 12 86 35 -7 36 45 45

0 3 54 87 -5 22 28 36

0 15 46 45 -18 2 13 10

0 77 96 76 -11 33 40 7

0 32 50 25 -15 2 23 44

0 58 71 5 -6 0 3 46

0 17 26 91 -1 25 39 15

0 12 17 3 -12 0 4 24

0 42 53 9 -17 2 43 20

0 60 69 32 -1 25 42 20

0 23 25 92 -14 2 18 3

0 28 34 58 -11 10 30 4

0 78 91 66 -4 27 30 6

0 21 33 75 -4 14 31 16

0 40 97 99 -5 3 4 49

0 18 67 98 -6 26 42 30

0 29 52 7 -10 32 40 30

0 1 57 22 -12 10 44 33

0 26 51 60 -10 6 9 14

0 22 77 38 -1 26 31 26

0 94 98 37 -11 0 12 32

0 36 54 86 -15 11 46 31

0 9 19 81 -8 47 48 20

0 3 19 53 -7 1 6 13

0 11 20 51 -1 0 6 22

0 4 39 27 -20 16 39 9

0 8 35 71 -18 1 27 4

0 1 4 69 -8 11 21 40

0 9 19 66 -11 15 27 45

0 6 33 86 -7 5 30 14

0 11 34 51 -8 23 32 1

0 7 13 8 -12 15 34 27

0 1 15 42 -16 6 39 44

0 8 17 21 -19 29 48 23

0 0 2 50 -15 4 27 32

0 3 24 87 -20 5 37 49

0 10 49 28 -9 19 27 46

0 8 44 82 -10 1 3 48

0 21 25 22 -17 7 48 20

0 4 41 40 -4 6 8 46

0 1 36 38 -8 10 49 27

0 12 23 6 -14 5 36 37

0 0 1 23 -14 7 13 28

0 10 32 3 -19 2 44 20

0 1 13 8 -16 8 10 17

0 21 40 95 -8 33 49 2

0 0 7 61 -17 9 14 42

0 5 10 88 -19 6 12 0

0 3 20 10 -14 3 5 43

0 1 2 20 -16 40 46 8

0 0 20 6 -6 3 32 24

0 7 8 37 -14 14 21 42

0 0 1 71 -17 25 29 1

0 1 4 17 -11 1 48 25

0 4 45 54 -8 1 4 49

0 8 10 30 -6 0 5 27

0 14 37 6 -8 5 46 46

0 8 39 50 -1 1 34 44

0 3 12 19 -10 0 1 44


SAlphaB: 718.0, std-dev 265.520234158293

Earliest win: 35
Latest win: 81

WinDepth:
0 0 0 0 0 0 0 0 0 0 0 0 0 0 0 0 0 0 0 0 0 0 0 0 0 0 0 0 0 0 0 0 0 0 0 3 0 7 1 2 3 3 5 7 13 18 18 25 30 58 139 187 94 98 89 172 131 191 161 174 170 241 226 327 312 403 389 422 439 438 423 435 428 374 404 336 278 271 175 130 120 78 
SAlphaB:
0 0 0 0 0 0 0 0 0 0 0 0 0 0 0 0 0 0 0 0 0 0 0 0 0 0 0 0 0 0 0 0 0 0 0 3 0 7 1 2 3 3 5 7 13 18 18 25 30 58 139 187 94 98 89 172 131 191 161 174 170 241 226 327 312 403 389 422 439 438 423 435 428 374 404 336 278 271 175 130 120 78 

LossDepth:
SAlphaB:
0 0 0 0 0 0 0 0 0 0 0 0 0 0 0 0 0 0 0 0 0 0 0 0 0 0 0 0 0 0 0 0 0 0 0 3 0 7 1 2 3 3 5 7 13 18 18 25 30 58 139 187 94 98 89 172 131 191 161 174 170 241 226 327 312 403 389 422 439 438 423 435 428 374 404 336 278 271 175 130 120 78 

FirstWin:
0 0 0 0 0 0 0 0 0 0 0 0 0 0 0 0 0 0 0 0 0 0 0 0 0 0 0 0 0 0 0 0 0 0 0 3 0 7 0 2 0 3 0 7 0 18 0 25 0 58 0 187 0 98 0 172 0 191 0 174 0 241 0 327 0 403 0 422 0 438 0 435 0 374 0 336 0 271 0 130 0 78 
SAlphaB:
0 0 0 0 0 0 0 0 0 0 0 0 0 0 0 0 0 0 0 0 0 0 0 0 0 0 0 0 0 0 0 0 0 0 0 3 0 7 0 2 0 3 0 7 0 18 0 25 0 58 0 187 0 98 0 172 0 191 0 174 0 241 0 327 0 403 0 422 0 438 0 435 0 374 0 336 0 271 0 130 0 78 

SecondWin:
0 0 0 0 0 0 0 0 0 0 0 0 0 0 0 0 0 0 0 0 0 0 0 0 0 0 0 0 0 0 0 0 0 0 0 0 0 0 1 0 3 0 5 0 13 0 18 0 30 0 139 0 94 0 89 0 131 0 161 0 170 0 226 0 312 0 389 0 439 0 423 0 428 0 404 0 278 0 175 0 120 0 
SAlphaB:
0 0 0 0 0 0 0 0 0 0 0 0 0 0 0 0 0 0 0 0 0 0 0 0 0 0 0 0 0 0 0 0 0 0 0 0 0 0 1 0 3 0 5 0 13 0 18 0 30 0 139 0 94 0 89 0 131 0 161 0 170 0 226 0 312 0 389 0 439 0 423 0 428 0 404 0 278 0 175 0 120 0 
