0 31 94 45 -5 8 14 28

0 38 72 39 -13 3 17 25

0 38 94 63 -5 1 5 1

0 29 58 27 -6 2 11 10

0 20 28 35 -8 6 7 21

0 27 48 30 -4 0 1 7

0 17 33 44 -7 8 21 18

0 48 61 60 -19 17 46 0

0 7 23 38 -6 0 3 5

0 65 67 70 -10 5 22 20

0 21 67 63 -11 5 12 17

0 25 85 73 -11 18 31 20

0 56 95 79 -16 5 6 26

0 61 89 96 -13 14 43 16

0 62 93 24 -15 2 39 39

0 51 66 86 -8 16 23 33

0 34 85 60 -2 1 3 13

0 9 78 23 -4 8 9 9

0 43 56 8 -17 19 43 9

0 29 33 75 -12 24 34 8

0 35 84 31 -3 6 45 27

0 48 97 88 -13 11 21 34

0 9 89 86 -20 11 33 5

0 78 79 38 -11 0 6 31

0 60 65 56 -3 30 38 46

0 57 69 51 -20 7 21 43

0 26 67 97 -13 41 45 29

0 6 54 53 -13 24 33 8

0 35 72 63 -13 6 8 37

0 3 18 82 -7 4 7 2

0 7 20 4 -11 10 29 20

0 60 87 62 -11 3 7 41

0 33 86 53 -17 4 42 38

0 4 21 67 -2 5 9 0

0 39 50 50 -5 11 29 44

0 59 66 15 -5 5 6 14

0 28 52 84 -1 8 14 47

0 35 43 46 -16 20 36 12

0 46 84 66 -20 12 14 19

0 8 89 78 -12 45 47 40

0 12 96 68 -5 19 43 11

0 28 80 42 -15 21 44 22

0 7 78 61 -20 8 41 6

0 40 91 0 -18 26 28 42

0 45 82 17 -3 1 4 47

0 48 50 74 -5 7 46 35

0 27 45 8 -6 13 17 7

0 5 6 38 -18 18 40 6

0 1 72 80 -17 7 41 11

0 67 90 53 -1 30 35 20

0 27 33 79 -4 18 40 32

0 21 67 11 -10 19 27 25

0 9 49 80 -18 33 44 43

0 62 68 42 -10 17 22 2

0 41 45 0 -8 4 33 36

0 59 61 73 -5 0 9 16

0 25 73 1 -9 0 49 21

0 5 35 89 -3 5 8 38

0 74 80 31 -15 7 10 24

0 45 55 18 -2 24 32 19

0 21 41 8 -8 3 37 26

0 2 13 50 -10 39 47 45

0 3 42 89 -5 22 34 26

0 27 73 3 -3 19 30 41

0 7 11 60 -9 6 7 27

0 5 8 90 -17 1 4 28

0 28 63 14 -12 15 29 37

0 12 54 7 -4 5 47 26

0 4 37 1 -4 6 21 23

0 9 17 18 -2 6 20 23

0 45 57 40 -6 27 45 18

0 0 9 69 -19 11 13 26

0 9 39 44 -7 29 32 37

0 9 16 43 -12 12 25 26

0 6 20 57 -1 7 10 43

0 0 36 61 -3 0 1 39

0 7 12 89 -8 25 44 6

0 41 47 77 -12 12 18 37

0 2 13 83 -17 27 29 30

0 6 13 15 -1 8 19 15

0 3 8 74 -1 35 47 36

0 12 44 34 -13 13 17 33

0 9 13 94 -7 4 26 25

0 2 6 24 -5 1 9 11

0 2 10 95 -2 4 33 6

0 19 66 10 -6 22 39 25

0 4 45 0 -7 17 19 32

0 26 45 27 -14 26 37 49

0 3 37 31 -12 0 40 49

0 0 1 38 -3 0 47 4

0 3 6 6 -18 4 20 0

0 7 20 2 -12 37 38 17

0 9 10 79 -20 11 12 6

0 1 3 21 -1 29 43 34

0 7 29 69 -16 3 6 44

0 6 16 15 -11 23 43 45

0 0 2 35 -16 15 42 13

0 11 13 38 -6 10 15 44

0 3 4 7 -8 2 13 38

0 0 16 66 -20 1 2 35


SAlphaB: 712.0, std-dev 262.480794102592

Earliest win: 37
Latest win: 81

WinDepth:
0 0 0 0 0 0 0 0 0 0 0 0 0 0 0 0 0 0 0 0 0 0 0 0 0 0 0 0 0 0 0 0 0 0 0 0 0 5 0 3 1 8 1 8 13 9 14 46 17 98 53 236 56 125 78 157 106 177 155 164 190 212 229 314 356 336 417 432 441 406 475 508 456 412 369 393 277 214 169 113 95 78 
SAlphaB:
0 0 0 0 0 0 0 0 0 0 0 0 0 0 0 0 0 0 0 0 0 0 0 0 0 0 0 0 0 0 0 0 0 0 0 0 0 5 0 3 1 8 1 8 13 9 14 46 17 98 53 236 56 125 78 157 106 177 155 164 190 212 229 314 356 336 417 432 441 406 475 508 456 412 369 393 277 214 169 113 95 78 

LossDepth:
SAlphaB:
0 0 0 0 0 0 0 0 0 0 0 0 0 0 0 0 0 0 0 0 0 0 0 0 0 0 0 0 0 0 0 0 0 0 0 0 0 5 0 3 1 8 1 8 13 9 14 46 17 98 53 236 56 125 78 157 106 177 155 164 190 212 229 314 356 336 417 432 441 406 475 508 456 412 369 393 277 214 169 113 95 78 

FirstWin:
0 0 0 0 0 0 0 0 0 0 0 0 0 0 0 0 0 0 0 0 0 0 0 0 0 0 0 0 0 0 0 0 0 0 0 0 0 5 0 3 0 8 0 8 0 9 0 46 0 98 0 236 0 125 0 157 0 177 0 164 0 212 0 314 0 336 0 432 0 406 0 508 0 412 0 393 0 214 0 113 0 78 
SAlphaB:
0 0 0 0 0 0 0 0 0 0 0 0 0 0 0 0 0 0 0 0 0 0 0 0 0 0 0 0 0 0 0 0 0 0 0 0 0 5 0 3 0 8 0 8 0 9 0 46 0 98 0 236 0 125 0 157 0 177 0 164 0 212 0 314 0 336 0 432 0 406 0 508 0 412 0 393 0 214 0 113 0 78 

SecondWin:
0 0 0 0 0 0 0 0 0 0 0 0 0 0 0 0 0 0 0 0 0 0 0 0 0 0 0 0 0 0 0 0 0 0 0 0 0 0 0 0 1 0 1 0 13 0 14 0 17 0 53 0 56 0 78 0 106 0 155 0 190 0 229 0 356 0 417 0 441 0 475 0 456 0 369 0 277 0 169 0 95 0 
SAlphaB:
0 0 0 0 0 0 0 0 0 0 0 0 0 0 0 0 0 0 0 0 0 0 0 0 0 0 0 0 0 0 0 0 0 0 0 0 0 0 0 0 1 0 1 0 13 0 14 0 17 0 53 0 56 0 78 0 106 0 155 0 190 0 229 0 356 0 417 0 441 0 475 0 456 0 369 0 277 0 169 0 95 0 
