0 30 54 73 -5 3 13 13

0 12 92 81 -17 7 16 9

0 27 66 17 -4 4 19 18

0 24 26 72 -4 16 22 3

0 58 81 56 -5 15 28 12

0 31 43 21 -14 0 1 18

0 50 68 9 -1 14 36 8

0 54 86 43 -14 1 10 2

0 35 64 6 -11 11 33 38

0 33 87 72 -4 2 4 6

0 52 86 91 -17 5 21 10

0 57 86 52 -5 7 38 34

0 26 33 67 -4 12 13 17

0 20 44 95 -16 32 40 27

0 25 26 14 -20 29 46 28

0 32 64 1 -10 6 7 24

0 36 43 40 -13 0 8 2

0 20 28 39 -8 1 7 14

0 29 78 56 -9 6 23 6

0 17 27 98 -12 1 2 5

0 13 72 90 -20 0 1 21

0 31 92 67 -13 22 41 12

0 5 70 14 -9 16 46 7

0 36 98 42 -5 13 23 37

0 45 69 93 -10 2 10 23

0 53 58 77 -17 8 34 12

0 3 60 72 -13 10 39 34

0 55 59 75 -12 9 11 0

0 12 54 52 -16 14 24 18

0 24 30 7 -15 25 35 31

0 11 22 71 -9 19 27 22

0 14 33 0 -3 13 14 15

0 53 69 55 -2 17 21 24

0 24 36 80 -5 32 42 22

0 27 34 4 -5 25 48 10

0 9 61 85 -4 1 16 25

0 30 67 2 -20 14 33 2

0 10 83 98 -18 2 14 37

0 16 99 79 -18 1 6 42

0 46 57 74 -19 30 47 24

0 17 58 31 -18 7 13 22

0 91 97 5 -9 2 8 20

0 20 25 92 -18 10 12 24

0 6 54 46 -8 11 14 15

0 16 18 2 -10 0 3 15

0 10 28 24 -1 25 27 15

0 19 38 32 -8 23 44 18

0 15 91 45 -20 36 39 12

0 6 88 27 -10 21 33 31

0 16 74 32 -14 13 37 42

0 2 13 65 -12 14 21 7

0 30 48 17 -15 5 34 21

0 4 33 74 -20 22 39 31

0 16 27 99 -8 18 22 7

0 26 29 4 -9 0 1 41

0 20 60 38 -14 20 40 34

0 13 49 14 -13 1 31 13

0 46 49 83 -12 12 48 39

0 89 92 24 -8 29 45 29

0 21 36 12 -5 1 36 10

0 17 22 23 -1 1 13 23

0 9 71 71 -15 1 3 42

0 48 90 10 -18 1 2 27

0 32 75 69 -2 28 41 47

0 0 9 78 -7 1 6 1

0 2 94 18 -9 13 21 22

0 20 26 79 -12 30 35 17

0 65 81 32 -15 36 38 17

0 46 57 3 -8 25 32 37

0 0 2 53 -11 28 42 17

0 2 36 39 -11 4 25 11

0 14 33 30 -19 8 24 44

0 9 41 11 -11 5 25 13

0 0 9 70 -8 27 45 4

0 0 18 68 -3 10 18 14

0 28 37 11 -1 40 44 32

0 17 52 10 -8 3 19 45

0 45 77 45 -5 0 1 29

0 10 38 6 -4 26 28 22

0 7 21 46 -5 38 43 44

0 10 24 61 -17 21 37 29

0 11 13 33 -11 7 8 33

0 6 11 72 -1 17 18 48

0 4 39 38 -1 0 44 40

0 1 10 86 -19 1 29 31

0 23 28 88 -7 0 6 22

0 1 5 61 -3 10 18 16

0 6 41 69 -9 3 17 24

0 17 23 31 -2 8 47 13

0 1 11 47 -2 15 17 47

0 9 12 75 -12 6 12 45

0 5 7 59 -20 9 38 48

0 18 27 46 -11 25 26 47

0 6 9 90 -9 15 29 45

0 9 12 26 -12 6 10 27

0 3 7 3 -11 27 28 49

0 3 23 0 -2 15 49 1

0 10 14 45 -16 15 16 46

0 4 8 69 -12 14 47 6

0 9 18 91 -5 2 20 49


SAlphaB: 720.0, std-dev 253.68315151707722

Earliest win: 37
Latest win: 81

WinDepth:
0 0 0 0 0 0 0 0 0 0 0 0 0 0 0 0 0 0 0 0 0 0 0 0 0 0 0 0 0 0 0 0 0 0 0 0 0 2 0 3 10 6 1 11 5 11 11 27 26 52 52 177 78 115 67 171 124 150 117 167 169 220 190 310 291 351 468 387 485 434 565 471 475 393 419 355 260 264 210 136 113 78 
SAlphaB:
0 0 0 0 0 0 0 0 0 0 0 0 0 0 0 0 0 0 0 0 0 0 0 0 0 0 0 0 0 0 0 0 0 0 0 0 0 2 0 3 10 6 1 11 5 11 11 27 26 52 52 177 78 115 67 171 124 150 117 167 169 220 190 310 291 351 468 387 485 434 565 471 475 393 419 355 260 264 210 136 113 78 

LossDepth:
SAlphaB:
0 0 0 0 0 0 0 0 0 0 0 0 0 0 0 0 0 0 0 0 0 0 0 0 0 0 0 0 0 0 0 0 0 0 0 0 0 2 0 3 10 6 1 11 5 11 11 27 26 52 52 177 78 115 67 171 124 150 117 167 169 220 190 310 291 351 468 387 485 434 565 471 475 393 419 355 260 264 210 136 113 78 

FirstWin:
0 0 0 0 0 0 0 0 0 0 0 0 0 0 0 0 0 0 0 0 0 0 0 0 0 0 0 0 0 0 0 0 0 0 0 0 0 2 0 3 0 6 0 11 0 11 0 27 0 52 0 177 0 115 0 171 0 150 0 167 0 220 0 310 0 351 0 387 0 434 0 471 0 393 0 355 0 264 0 136 0 78 
SAlphaB:
0 0 0 0 0 0 0 0 0 0 0 0 0 0 0 0 0 0 0 0 0 0 0 0 0 0 0 0 0 0 0 0 0 0 0 0 0 2 0 3 0 6 0 11 0 11 0 27 0 52 0 177 0 115 0 171 0 150 0 167 0 220 0 310 0 351 0 387 0 434 0 471 0 393 0 355 0 264 0 136 0 78 

SecondWin:
0 0 0 0 0 0 0 0 0 0 0 0 0 0 0 0 0 0 0 0 0 0 0 0 0 0 0 0 0 0 0 0 0 0 0 0 0 0 0 0 10 0 1 0 5 0 11 0 26 0 52 0 78 0 67 0 124 0 117 0 169 0 190 0 291 0 468 0 485 0 565 0 475 0 419 0 260 0 210 0 113 0 
SAlphaB:
0 0 0 0 0 0 0 0 0 0 0 0 0 0 0 0 0 0 0 0 0 0 0 0 0 0 0 0 0 0 0 0 0 0 0 0 0 0 0 0 10 0 1 0 5 0 11 0 26 0 52 0 78 0 67 0 124 0 117 0 169 0 190 0 291 0 468 0 485 0 565 0 475 0 419 0 260 0 210 0 113 0 
