0 22 75 82 -15 0 13 24

0 23 72 45 -19 0 2 31

0 59 70 44 -5 6 9 20

0 17 66 30 -12 3 5 1

0 78 93 77 -6 4 23 18

0 94 95 83 -13 18 39 1

0 51 59 30 -2 0 19 1

0 70 82 81 -14 12 24 8

0 66 88 83 -18 15 18 18

0 27 70 63 -12 3 10 49

0 37 48 67 -15 0 14 20

0 49 89 22 -16 8 27 40

0 28 64 74 -6 2 22 24

0 14 80 81 -9 3 12 15

0 73 75 57 -9 8 20 37

0 14 48 10 -10 5 14 18

0 77 87 92 -17 1 19 38

0 23 45 4 -2 1 4 25

0 38 40 86 -10 3 9 22

0 1 12 58 -4 4 7 1

0 59 98 20 -18 2 35 21

0 1 74 79 -9 19 37 26

0 49 82 66 -17 14 49 0

0 36 94 26 -7 8 40 25

0 14 96 11 -18 6 14 7

0 16 76 70 -10 0 5 42

0 25 64 94 -20 32 46 6

0 0 64 24 -7 13 45 34

0 39 59 20 -1 8 10 44

0 69 71 69 -3 15 17 36

0 34 47 19 -16 0 19 35

0 63 75 85 -14 8 49 13

0 46 53 86 -13 24 45 33

0 26 43 29 -16 2 3 42

0 43 52 55 -14 9 28 27

0 24 66 30 -17 15 39 31

0 70 87 88 -9 14 18 42

0 45 55 17 -10 2 4 3

0 40 53 39 -17 10 33 47

0 41 56 12 -1 20 24 14

0 0 60 66 -18 3 9 26

0 61 72 20 -6 17 46 48

0 25 54 42 -6 14 21 36

0 29 46 70 -8 16 22 37

0 57 63 55 -8 39 49 5

0 37 81 3 -10 2 39 2

0 19 30 37 -6 3 22 38

0 18 21 38 -1 5 41 1

0 9 57 63 -8 3 5 15

0 74 76 49 -4 9 14 45

0 29 40 56 -14 5 23 28

0 8 76 66 -13 13 17 36

0 33 56 74 -7 12 18 47

0 19 21 41 -17 4 7 15

0 11 13 83 -11 9 24 15

0 17 43 41 -19 11 26 45

0 10 32 73 -14 1 4 6

0 27 56 64 -16 35 48 8

0 41 72 76 -20 36 41 42

0 10 72 87 -1 9 19 32

0 65 73 49 -18 13 22 37

0 7 22 70 -11 10 25 31

0 20 23 59 -17 8 28 4

0 5 9 14 -19 5 15 20

0 19 35 38 -12 39 44 6

0 6 23 72 -10 1 3 42

0 30 43 96 -15 28 32 3

0 18 22 14 -19 36 37 7

0 50 69 5 -16 3 40 2

0 8 31 97 -4 12 25 44

0 16 18 7 -18 21 32 25

0 32 40 2 -13 15 18 48

0 17 49 73 -11 0 48 42

0 28 63 65 -11 25 47 43

0 2 42 79 -9 40 47 1

0 0 17 98 -19 7 21 43

0 12 13 69 -11 4 13 8

0 25 33 5 -5 0 12 40

0 33 56 14 -2 17 23 43

0 20 98 38 -16 7 33 46

0 5 56 24 -15 38 39 47

0 1 14 62 -17 14 41 11

0 2 3 33 -1 12 19 35

0 8 33 16 -7 13 36 29

0 17 63 12 -2 19 28 28

0 21 50 95 -15 32 49 45

0 4 15 92 -2 17 34 9

0 2 29 86 -11 38 47 18

0 4 14 38 -16 19 35 30

0 13 38 28 -6 2 32 48

0 2 6 69 -13 21 27 25

0 41 70 32 -15 35 47 47

0 13 30 7 -5 23 36 33

0 5 8 12 -4 10 48 21

0 2 17 9 -7 15 29 10

0 8 31 94 -12 1 25 49

0 0 1 64 -10 7 38 38

0 1 8 22 -4 18 29 47

0 3 6 87 -7 23 46 49

0 7 12 25 -9 25 33 49


SAlphaB: 712.0, std-dev 262.1573625273048

Earliest win: 37
Latest win: 81

WinDepth:
0 0 0 0 0 0 0 0 0 0 0 0 0 0 0 0 0 0 0 0 0 0 0 0 0 0 0 0 0 0 0 0 0 0 0 0 0 3 1 1 1 3 1 2 23 22 7 37 28 75 60 206 107 139 98 212 129 171 146 190 159 261 236 319 311 348 348 393 495 407 482 403 440 393 382 375 246 279 178 155 86 52 
SAlphaB:
0 0 0 0 0 0 0 0 0 0 0 0 0 0 0 0 0 0 0 0 0 0 0 0 0 0 0 0 0 0 0 0 0 0 0 0 0 3 1 1 1 3 1 2 23 22 7 37 28 75 60 206 107 139 98 212 129 171 146 190 159 261 236 319 311 348 348 393 495 407 482 403 440 393 382 375 246 279 178 155 86 52 

LossDepth:
SAlphaB:
0 0 0 0 0 0 0 0 0 0 0 0 0 0 0 0 0 0 0 0 0 0 0 0 0 0 0 0 0 0 0 0 0 0 0 0 0 3 1 1 1 3 1 2 23 22 7 37 28 75 60 206 107 139 98 212 129 171 146 190 159 261 236 319 311 348 348 393 495 407 482 403 440 393 382 375 246 279 178 155 86 52 

FirstWin:
0 0 0 0 0 0 0 0 0 0 0 0 0 0 0 0 0 0 0 0 0 0 0 0 0 0 0 0 0 0 0 0 0 0 0 0 0 3 0 1 0 3 0 2 0 22 0 37 0 75 0 206 0 139 0 212 0 171 0 190 0 261 0 319 0 348 0 393 0 407 0 403 0 393 0 375 0 279 0 155 0 52 
SAlphaB:
0 0 0 0 0 0 0 0 0 0 0 0 0 0 0 0 0 0 0 0 0 0 0 0 0 0 0 0 0 0 0 0 0 0 0 0 0 3 0 1 0 3 0 2 0 22 0 37 0 75 0 206 0 139 0 212 0 171 0 190 0 261 0 319 0 348 0 393 0 407 0 403 0 393 0 375 0 279 0 155 0 52 

SecondWin:
0 0 0 0 0 0 0 0 0 0 0 0 0 0 0 0 0 0 0 0 0 0 0 0 0 0 0 0 0 0 0 0 0 0 0 0 0 0 1 0 1 0 1 0 23 0 7 0 28 0 60 0 107 0 98 0 129 0 146 0 159 0 236 0 311 0 348 0 495 0 482 0 440 0 382 0 246 0 178 0 86 0 
SAlphaB:
0 0 0 0 0 0 0 0 0 0 0 0 0 0 0 0 0 0 0 0 0 0 0 0 0 0 0 0 0 0 0 0 0 0 0 0 0 0 1 0 1 0 1 0 23 0 7 0 28 0 60 0 107 0 98 0 129 0 146 0 159 0 236 0 311 0 348 0 495 0 482 0 440 0 382 0 246 0 178 0 86 0 
