0 28 95 38 -4 9 24 15

0 20 66 49 -7 1 13 2

0 63 89 95 -18 4 10 42

0 62 87 98 -13 12 15 18

0 57 58 60 -19 11 31 0

0 11 49 50 -16 0 1 7

0 5 91 59 -19 4 12 22

0 19 40 33 -17 2 6 29

0 18 45 57 -6 25 36 12

0 25 31 28 -1 11 18 12

0 44 78 73 -7 14 15 41

0 26 28 74 -5 5 16 1

0 39 73 57 -13 12 30 17

0 37 48 93 -5 10 31 26

0 23 78 26 -18 28 29 36

0 33 99 93 -10 13 47 16

0 83 92 47 -3 3 15 17

0 46 54 56 -13 2 4 32

0 21 79 25 -5 7 12 38

0 32 54 57 -8 8 10 26

0 50 83 58 -18 5 40 33

0 75 94 86 -6 24 27 16

0 41 85 34 -18 6 37 36

0 18 78 32 -15 0 2 45

0 4 14 45 -11 4 6 10

0 39 88 95 -1 20 46 48

0 14 55 2 -13 1 3 31

0 58 74 24 -20 24 40 28

0 42 94 7 -11 6 47 19

0 25 42 24 -1 4 26 0

0 11 69 44 -14 2 12 11

0 23 46 18 -16 34 37 3

0 1 87 57 -15 15 42 43

0 49 67 73 -9 37 42 15

0 65 94 45 -12 29 32 33

0 19 68 65 -14 1 20 41

0 7 75 62 -10 12 36 10

0 26 59 47 -3 19 39 7

0 5 69 5 -5 13 35 16

0 50 67 68 -16 31 35 29

0 40 46 45 -11 6 41 24

0 43 53 49 -15 15 32 41

0 11 35 99 -5 4 6 36

0 9 42 70 -13 25 40 27

0 73 74 7 -5 31 46 17

0 19 83 63 -9 7 33 38

0 18 51 53 -19 15 33 3

0 6 75 60 -5 6 38 19

0 24 79 5 -2 24 42 45

0 69 82 26 -6 5 9 4

0 43 67 92 -4 8 13 36

0 51 60 89 -1 4 48 24

0 22 94 2 -4 14 25 12

0 40 65 13 -10 26 36 49

0 13 60 17 -12 9 25 1

0 22 35 91 -12 14 28 30

0 26 63 27 -3 19 20 14

0 20 49 88 -18 20 41 31

0 31 32 44 -12 6 11 48

0 8 18 19 -12 10 30 12

0 25 51 16 -12 41 44 34

0 0 4 57 -15 24 29 7

0 27 55 38 -3 7 42 1

0 22 60 9 -14 7 33 40

0 8 17 60 -9 19 21 28

0 19 36 99 -17 20 37 47

0 8 12 75 -4 14 18 15

0 9 18 18 -3 3 30 9

0 11 72 3 -12 5 11 25

0 1 38 38 -7 34 43 39

0 17 58 33 -12 4 32 31

0 30 45 74 -5 18 21 32

0 12 33 29 -20 17 39 24

0 8 20 0 -11 8 27 22

0 6 14 76 -12 8 23 7

0 15 42 13 -9 13 16 1

0 12 18 35 -13 0 21 7

0 2 76 94 -14 4 9 41

0 4 35 21 -2 35 42 26

0 2 23 39 -1 8 23 20

0 14 23 21 -16 1 49 10

0 1 18 68 -20 25 45 7

0 15 45 86 -10 3 45 33

0 2 4 92 -1 28 45 9

0 12 19 3 -20 6 7 21

0 1 30 22 -13 1 29 5

0 9 25 22 -16 3 25 5

0 5 40 44 -16 5 39 46

0 3 5 73 -18 7 23 21

0 0 1 93 -11 12 17 21

0 12 16 94 -13 27 28 32

0 4 16 80 -12 3 8 44

0 4 47 80 -9 8 38 46

0 3 5 89 -18 2 38 29

0 4 17 40 -10 0 38 35

0 0 5 58 -10 4 27 49

0 0 6 9 -13 33 44 44

0 3 18 89 -12 6 42 15

0 1 4 76 -5 1 4 14

0 13 18 34 -12 1 35 16


SAlphaB: 709.0, std-dev 259.211347118037

Earliest win: 37
Latest win: 81

WinDepth:
0 0 0 0 0 0 0 0 0 0 0 0 0 0 0 0 0 0 0 0 0 0 0 0 0 0 0 0 0 0 0 0 0 0 0 0 0 3 1 5 19 7 2 8 11 26 25 13 41 76 60 157 81 116 71 228 139 147 137 194 190 237 312 332 341 372 421 383 481 432 432 406 420 397 402 319 286 224 192 140 91 60 
SAlphaB:
0 0 0 0 0 0 0 0 0 0 0 0 0 0 0 0 0 0 0 0 0 0 0 0 0 0 0 0 0 0 0 0 0 0 0 0 0 3 1 5 19 7 2 8 11 26 25 13 41 76 60 157 81 116 71 228 139 147 137 194 190 237 312 332 341 372 421 383 481 432 432 406 420 397 402 319 286 224 192 140 91 60 

LossDepth:
SAlphaB:
0 0 0 0 0 0 0 0 0 0 0 0 0 0 0 0 0 0 0 0 0 0 0 0 0 0 0 0 0 0 0 0 0 0 0 0 0 3 1 5 19 7 2 8 11 26 25 13 41 76 60 157 81 116 71 228 139 147 137 194 190 237 312 332 341 372 421 383 481 432 432 406 420 397 402 319 286 224 192 140 91 60 

FirstWin:
0 0 0 0 0 0 0 0 0 0 0 0 0 0 0 0 0 0 0 0 0 0 0 0 0 0 0 0 0 0 0 0 0 0 0 0 0 3 0 5 0 7 0 8 0 26 0 13 0 76 0 157 0 116 0 228 0 147 0 194 0 237 0 332 0 372 0 383 0 432 0 406 0 397 0 319 0 224 0 140 0 60 
SAlphaB:
0 0 0 0 0 0 0 0 0 0 0 0 0 0 0 0 0 0 0 0 0 0 0 0 0 0 0 0 0 0 0 0 0 0 0 0 0 3 0 5 0 7 0 8 0 26 0 13 0 76 0 157 0 116 0 228 0 147 0 194 0 237 0 332 0 372 0 383 0 432 0 406 0 397 0 319 0 224 0 140 0 60 

SecondWin:
0 0 0 0 0 0 0 0 0 0 0 0 0 0 0 0 0 0 0 0 0 0 0 0 0 0 0 0 0 0 0 0 0 0 0 0 0 0 1 0 19 0 2 0 11 0 25 0 41 0 60 0 81 0 71 0 139 0 137 0 190 0 312 0 341 0 421 0 481 0 432 0 420 0 402 0 286 0 192 0 91 0 
SAlphaB:
0 0 0 0 0 0 0 0 0 0 0 0 0 0 0 0 0 0 0 0 0 0 0 0 0 0 0 0 0 0 0 0 0 0 0 0 0 0 1 0 19 0 2 0 11 0 25 0 41 0 60 0 81 0 71 0 139 0 137 0 190 0 312 0 341 0 421 0 481 0 432 0 420 0 402 0 286 0 192 0 91 0 
