0 5 84 98 -3 11 24 3

0 32 76 35 -8 1 9 23

0 54 73 43 -16 0 23 24

0 57 95 70 -17 4 21 24

0 7 94 59 -17 31 48 14

0 52 73 42 -4 3 4 1

0 18 68 27 -4 14 33 1

0 68 85 46 -4 12 30 27

0 42 91 14 -20 3 15 8

0 43 74 95 -2 0 2 4

0 24 52 38 -3 7 13 16

0 49 73 22 -20 15 45 35

0 9 94 3 -16 1 7 11

0 34 81 11 -10 2 3 8

0 60 74 3 -5 0 23 40

0 32 51 49 -3 10 28 32

0 20 77 89 -20 1 2 40

0 25 35 89 -7 1 10 6

0 53 89 39 -7 2 3 21

0 61 69 91 -10 1 39 31

0 21 45 23 -1 10 26 33

0 17 63 75 -14 0 26 13

0 29 32 47 -9 41 45 24

0 44 65 67 -7 10 13 22

0 18 41 34 -3 18 29 13

0 53 56 36 -7 1 7 22

0 12 64 12 -14 8 30 5

0 13 61 34 -14 32 42 16

0 62 86 48 -13 17 18 31

0 39 82 92 -15 37 44 16

0 16 67 94 -1 17 18 12

0 54 55 95 -9 0 1 15

0 17 74 88 -19 22 23 19

0 37 44 12 -16 4 25 32

0 17 65 74 -19 3 19 0

0 12 48 16 -17 3 8 45

0 66 86 34 -5 27 42 11

0 11 45 62 -9 28 37 14

0 18 46 18 -6 6 29 9

0 56 59 27 -13 20 31 27

0 18 48 96 -9 2 17 33

0 67 69 17 -16 30 33 7

0 18 54 61 -16 23 42 29

0 70 73 4 -18 2 42 5

0 91 92 62 -12 6 9 37

0 5 9 33 -3 30 38 27

0 0 10 95 -16 6 13 35

0 5 83 45 -2 9 18 37

0 57 59 9 -2 18 37 31

0 0 43 75 -15 1 3 39

0 21 27 82 -6 13 38 19

0 28 56 96 -1 8 34 28

0 13 42 46 -5 16 26 17

0 31 37 60 -7 12 13 27

0 64 71 20 -16 3 4 3

0 2 34 89 -1 26 37 45

0 39 40 89 -20 11 12 21

0 5 85 21 -4 3 5 15

0 32 52 50 -16 19 29 21

0 40 52 63 -19 16 26 11

0 84 93 44 -7 31 41 5

0 13 74 65 -9 23 31 47

0 6 26 6 -14 9 46 19

0 0 62 16 -7 0 10 49

0 6 29 59 -13 18 34 13

0 7 23 75 -11 28 34 11

0 2 7 75 -14 3 6 21

0 10 17 95 -9 0 6 37

0 0 51 70 -4 2 6 18

0 21 24 22 -18 0 47 16

0 5 93 34 -8 6 11 39

0 18 64 53 -10 11 45 40

0 38 39 51 -6 1 5 47

0 12 19 42 -5 14 36 48

0 30 46 6 -15 15 30 7

0 5 24 40 -8 14 42 21

0 24 36 15 -6 31 32 48

0 9 30 27 -4 15 22 29

0 12 14 73 -18 12 31 4

0 0 1 29 -12 1 7 14

0 5 45 24 -18 11 42 39

0 3 21 72 -19 4 11 42

0 8 26 43 -12 4 13 48

0 4 19 20 -9 10 19 42

0 0 13 38 -11 0 25 9

0 1 39 30 -16 2 9 31

0 11 19 35 -15 23 41 6

0 37 47 14 -11 18 44 4

0 10 15 97 -8 28 30 42

0 4 19 25 -13 27 39 7

0 0 5 26 -20 23 25 5

0 9 11 4 -2 2 24 32

0 0 17 34 -1 0 46 35

0 12 37 2 -2 17 34 32

0 6 17 72 -19 1 2 43

0 21 49 22 -3 21 31 40

0 4 32 6 -14 16 17 31

0 0 2 89 -19 0 42 36

0 3 7 82 -20 35 41 1

0 1 3 21 -15 0 12 40


SAlphaB: 696.0, std-dev 264.43328510746767

Earliest win: 37
Latest win: 81

WinDepth:
0 0 0 0 0 0 0 0 0 0 0 0 0 0 0 0 0 0 0 0 0 0 0 0 0 0 0 0 0 0 0 0 0 0 0 0 0 2 0 3 1 1 1 23 20 20 13 42 31 89 48 209 92 130 81 177 136 217 159 178 172 203 233 305 317 359 389 366 490 442 433 445 405 400 389 371 276 248 189 125 102 83 
SAlphaB:
0 0 0 0 0 0 0 0 0 0 0 0 0 0 0 0 0 0 0 0 0 0 0 0 0 0 0 0 0 0 0 0 0 0 0 0 0 2 0 3 1 1 1 23 20 20 13 42 31 89 48 209 92 130 81 177 136 217 159 178 172 203 233 305 317 359 389 366 490 442 433 445 405 400 389 371 276 248 189 125 102 83 

LossDepth:
SAlphaB:
0 0 0 0 0 0 0 0 0 0 0 0 0 0 0 0 0 0 0 0 0 0 0 0 0 0 0 0 0 0 0 0 0 0 0 0 0 2 0 3 1 1 1 23 20 20 13 42 31 89 48 209 92 130 81 177 136 217 159 178 172 203 233 305 317 359 389 366 490 442 433 445 405 400 389 371 276 248 189 125 102 83 

FirstWin:
0 0 0 0 0 0 0 0 0 0 0 0 0 0 0 0 0 0 0 0 0 0 0 0 0 0 0 0 0 0 0 0 0 0 0 0 0 2 0 3 0 1 0 23 0 20 0 42 0 89 0 209 0 130 0 177 0 217 0 178 0 203 0 305 0 359 0 366 0 442 0 445 0 400 0 371 0 248 0 125 0 83 
SAlphaB:
0 0 0 0 0 0 0 0 0 0 0 0 0 0 0 0 0 0 0 0 0 0 0 0 0 0 0 0 0 0 0 0 0 0 0 0 0 2 0 3 0 1 0 23 0 20 0 42 0 89 0 209 0 130 0 177 0 217 0 178 0 203 0 305 0 359 0 366 0 442 0 445 0 400 0 371 0 248 0 125 0 83 

SecondWin:
0 0 0 0 0 0 0 0 0 0 0 0 0 0 0 0 0 0 0 0 0 0 0 0 0 0 0 0 0 0 0 0 0 0 0 0 0 0 0 0 1 0 1 0 20 0 13 0 31 0 48 0 92 0 81 0 136 0 159 0 172 0 233 0 317 0 389 0 490 0 433 0 405 0 389 0 276 0 189 0 102 0 
SAlphaB:
0 0 0 0 0 0 0 0 0 0 0 0 0 0 0 0 0 0 0 0 0 0 0 0 0 0 0 0 0 0 0 0 0 0 0 0 0 0 0 0 1 0 1 0 20 0 13 0 31 0 48 0 92 0 81 0 136 0 159 0 172 0 233 0 317 0 389 0 490 0 433 0 405 0 389 0 276 0 189 0 102 0 
