0 35 93 14 -4 5 25 25

0 29 83 42 -9 1 7 3

0 40 98 65 -6 7 28 11

0 34 64 52 -17 3 11 16

0 44 96 87 -10 6 16 7

0 18 95 11 -2 0 10 0

0 15 41 12 -9 1 6 13

0 56 99 22 -9 2 22 36

0 29 96 41 -9 2 13 7

0 71 86 41 -15 6 35 38

0 62 93 29 -18 7 23 4

0 67 71 77 -13 2 17 23

0 24 89 14 -2 7 13 3

0 51 85 16 -16 0 1 29

0 61 65 94 -13 9 28 16

0 31 95 36 -10 2 19 7

0 30 90 80 -3 2 13 6

0 22 88 8 -4 3 19 23

0 38 72 40 -17 0 2 2

0 36 63 61 -3 3 11 16

0 47 83 6 -19 0 17 39

0 72 77 7 -3 3 18 25

0 32 84 1 -13 2 15 35

0 45 98 57 -4 14 29 26

0 49 72 88 -9 13 31 28

0 59 74 71 -4 8 33 6

0 26 56 26 -18 0 1 32

0 56 93 27 -8 9 17 33

0 71 93 39 -20 2 9 40

0 49 95 90 -13 8 23 19

0 46 75 52 -8 9 16 38

0 24 42 33 -5 2 6 15

0 23 96 21 -17 0 10 10

0 56 89 64 -7 8 12 10

0 48 68 20 -17 0 12 19

0 66 67 98 -19 13 29 9

0 32 62 23 -2 4 13 12

0 36 77 87 -10 4 14 17

0 60 99 38 -1 2 24 44

0 22 53 71 -3 8 25 14

0 34 72 48 -10 9 24 13

0 46 99 84 -18 0 4 12

0 68 80 41 -13 8 26 45

0 65 95 76 -9 5 32 33

0 47 99 61 -9 7 15 45

0 22 93 72 -6 1 18 32

0 85 93 40 -8 5 37 22

0 63 65 91 -3 17 22 16

0 82 85 37 -4 3 36 7

0 68 76 1 -19 1 11 39

0 38 39 43 -5 1 6 18

0 61 89 55 -1 4 36 19

0 54 89 69 -4 3 9 30

0 42 57 38 -6 3 12 27

0 24 69 79 -2 14 38 12

0 25 95 66 -17 3 6 13

0 37 78 79 -8 2 6 22

0 23 60 6 -17 0 4 31

0 77 80 84 -20 7 29 7

0 6 40 0 -4 2 4 5

0 83 90 42 -15 6 24 37

0 14 39 57 -9 0 1 15

0 45 65 12 -16 11 34 6

0 19 68 66 -5 3 11 36

0 10 85 1 -3 0 15 24

0 34 95 91 -17 2 6 40

0 82 89 68 -9 22 23 35

0 94 98 43 -11 10 14 6

0 37 77 71 -10 6 27 34

0 18 75 64 -6 4 21 13

0 13 51 45 -9 4 5 22

0 30 91 80 -5 6 16 40

0 19 75 57 -17 0 1 5

0 23 75 32 -8 1 2 21

0 20 34 4 -4 9 26 4

0 36 44 97 -13 3 15 5

0 24 90 99 -15 6 14 6

0 44 97 89 -6 2 4 9

0 13 73 96 -17 6 12 11

0 48 83 83 -16 12 17 39

0 53 93 83 -10 18 44 22

0 11 98 62 -7 2 4 9

0 7 78 36 -3 6 21 2

0 11 31 44 -17 0 3 10

0 22 36 87 -16 0 5 13

0 85 86 34 -17 3 6 6

0 6 89 70 -3 1 11 14

0 33 42 16 -3 28 48 14

0 58 87 93 -18 4 5 0

0 18 45 83 -20 14 30 36

0 40 82 89 -1 13 14 40

0 13 47 67 -4 19 38 19

0 67 71 78 -4 6 13 9

0 6 93 69 -17 36 39 39

0 9 50 80 -17 4 8 29

0 28 47 61 -1 26 43 9

0 25 50 99 -19 26 37 24

0 40 97 35 -7 13 49 23

0 21 23 66 -19 12 14 15

0 22 62 70 -14 19 39 37


SAlphaB: 746.0, std-dev 261.54359960616415

Earliest win: 35
Latest win: 81

WinDepth:
0 0 0 0 0 0 0 0 0 0 0 0 0 0 0 0 0 0 0 0 0 0 0 0 0 0 0 0 0 0 0 0 0 0 0 3 5 4 1 21 11 21 8 29 29 48 52 179 59 181 146 360 149 310 228 399 370 538 360 553 434 596 665 864 759 868 877 985 987 1031 989 934 825 833 890 800 597 530 428 278 220 178 
SAlphaB:
0 0 0 0 0 0 0 0 0 0 0 0 0 0 0 0 0 0 0 0 0 0 0 0 0 0 0 0 0 0 0 0 0 0 0 3 5 4 1 21 11 21 8 29 29 48 52 179 59 181 146 360 149 310 228 399 370 538 360 553 434 596 665 864 759 868 877 985 987 1031 989 934 825 833 890 800 597 530 428 278 220 178 

LossDepth:
SAlphaB:
0 0 0 0 0 0 0 0 0 0 0 0 0 0 0 0 0 0 0 0 0 0 0 0 0 0 0 0 0 0 0 0 0 0 0 2 5 4 2 16 10 15 2 28 10 26 35 101 38 91 69 144 103 152 157 229 220 298 232 331 262 424 405 625 480 653 636 786 718 814 731 796 631 709 696 704 484 509 360 247 279 163 

FirstWin:
0 0 0 0 0 0 0 0 0 0 0 0 0 0 0 0 0 0 0 0 0 0 0 0 0 0 0 0 0 0 0 0 0 0 0 3 0 4 0 21 0 21 0 29 0 48 0 179 0 181 0 360 0 310 0 399 0 538 0 553 0 596 0 864 0 868 0 985 0 1031 0 934 0 833 0 800 0 530 0 278 0 178 
SAlphaB:
0 0 0 0 0 0 0 0 0 0 0 0 0 0 0 0 0 0 0 0 0 0 0 0 0 0 0 0 0 0 0 0 0 0 0 3 0 4 0 21 0 21 0 29 0 48 0 179 0 181 0 360 0 310 0 399 0 538 0 553 0 596 0 864 0 868 0 985 0 1031 0 934 0 833 0 800 0 530 0 278 0 178 

SecondWin:
0 0 0 0 0 0 0 0 0 0 0 0 0 0 0 0 0 0 0 0 0 0 0 0 0 0 0 0 0 0 0 0 0 0 0 0 5 0 1 0 11 0 8 0 29 0 52 0 59 0 146 0 149 0 228 0 370 0 360 0 434 0 665 0 759 0 877 0 987 0 989 0 825 0 890 0 597 0 428 0 220 0 
SAlphaB:
0 0 0 0 0 0 0 0 0 0 0 0 0 0 0 0 0 0 0 0 0 0 0 0 0 0 0 0 0 0 0 0 0 0 0 0 5 0 1 0 11 0 8 0 29 0 52 0 59 0 146 0 149 0 228 0 370 0 360 0 434 0 665 0 759 0 877 0 987 0 989 0 825 0 890 0 597 0 428 0 220 0 
