0 23 96 21 -17 0 10 10

0 29 96 41 -9 2 13 7

0 59 74 71 -4 8 33 6

0 35 93 14 -4 5 25 25

0 82 85 37 -4 3 36 7

0 56 93 27 -8 9 17 33

0 22 53 71 -3 8 25 14

0 34 72 48 -10 9 24 13

0 28 47 61 -1 26 43 9

0 42 57 38 -6 3 12 27

0 67 79 67 -19 6 7 4

0 47 73 75 -19 0 2 27

0 28 41 70 -17 2 10 26

0 16 83 40 -5 1 2 9

0 75 89 50 -16 5 6 23

0 21 66 73 -18 3 11 28

0 31 98 64 -20 0 20 42

0 56 58 51 -18 6 36 14

0 48 87 15 -18 18 23 20

0 16 87 63 -3 11 47 1

0 0 34 57 -11 0 1 10

0 67 78 36 -4 1 9 27

0 21 31 43 -14 1 4 26

0 37 51 65 -1 13 27 20

0 4 67 23 -12 10 14 14

0 7 45 67 -1 31 35 13

0 28 48 74 -4 7 13 25

0 45 54 34 -14 10 31 9

0 42 52 34 -1 32 42 20

0 72 78 45 -1 20 22 40

0 28 59 37 -12 3 43 28

0 2 27 53 -11 0 9 3

0 39 58 71 -2 5 24 39

0 1 61 23 -15 24 43 10

0 17 65 1 -19 2 10 37

0 20 21 32 -9 1 2 1

0 5 67 91 -6 4 22 5

0 16 72 54 -9 0 5 40

0 51 79 67 -11 30 35 10

0 32 71 93 -4 1 2 45

0 58 87 16 -9 28 30 41

0 33 61 21 -16 11 28 34

0 22 27 15 -9 0 12 20

0 42 52 40 -4 3 9 37

0 30 44 46 -15 11 24 28

0 38 63 33 -18 18 31 44

0 4 59 96 -1 13 19 2

0 53 79 9 -20 12 37 34

0 36 44 29 -20 24 27 34

0 27 34 73 -17 1 14 37

0 14 20 42 -8 26 33 32

0 12 70 71 -17 20 26 39

0 79 82 33 -15 35 36 42

0 29 64 60 -16 8 41 0

0 39 62 51 -7 40 41 20

0 69 84 54 -3 16 18 38

0 16 73 15 -8 14 19 13

0 6 14 38 -20 4 12 17

0 69 71 35 -20 22 33 26

0 65 75 46 -8 30 31 6

0 9 38 92 -15 3 14 28

0 28 87 27 -15 8 31 3

0 25 35 73 -16 35 41 9

0 45 51 48 -10 36 38 19

0 1 11 57 -18 6 18 24

0 12 71 37 -7 20 35 23

0 7 18 59 -19 2 6 16

0 19 36 96 -7 1 27 5

0 45 51 11 -16 24 33 27

0 0 77 64 -19 0 1 45

0 14 16 5 -4 21 33 20

0 13 15 30 -6 4 8 12

0 46 78 81 -9 21 25 7

0 18 33 39 -13 4 10 46

0 10 50 83 -16 13 18 49

0 0 1 51 -17 6 20 36

0 7 38 45 -10 33 37 15

0 2 4 82 -6 2 3 6

0 43 82 63 -20 24 25 1

0 2 14 69 -8 0 3 32

0 33 39 89 -7 9 48 8

0 4 19 74 -18 2 16 33

0 18 50 1 -18 7 11 46

0 3 28 70 -10 6 13 35

0 11 22 56 -5 3 10 43

0 0 2 60 -7 4 10 29

0 0 1 90 -18 5 12 39

0 16 34 49 -9 12 29 46

0 8 11 42 -11 7 11 39

0 0 1 91 -11 7 44 1

0 0 10 28 -9 21 30 6

0 1 9 21 -11 2 5 32

0 2 36 36 -5 1 4 49

0 8 9 77 -14 2 38 47

0 2 6 97 -5 3 10 40

0 4 10 69 -4 3 10 49

0 2 8 34 -7 2 3 37

0 5 13 2 -10 34 42 0

0 5 7 94 -15 1 25 49

0 0 1 21 -1 1 22 6


SAlphaB: 681.0, std-dev 270.09001791583813

Earliest win: 37
Latest win: 81

WinDepth:
0 0 0 0 0 0 0 0 0 0 0 0 0 0 0 0 0 0 0 0 0 0 0 0 0 0 0 0 0 0 0 0 0 0 0 0 0 7 1 2 35 3 3 13 20 24 32 71 26 112 70 161 82 151 109 174 115 188 143 192 162 228 235 359 332 318 392 424 429 412 460 447 380 382 372 378 242 226 204 124 113 64 
SAlphaB:
0 0 0 0 0 0 0 0 0 0 0 0 0 0 0 0 0 0 0 0 0 0 0 0 0 0 0 0 0 0 0 0 0 0 0 0 0 7 1 2 35 3 3 13 20 24 32 71 26 112 70 161 82 151 109 174 115 188 143 192 162 228 235 359 332 318 392 424 429 412 460 447 380 382 372 378 242 226 204 124 113 64 

LossDepth:
SAlphaB:
0 0 0 0 0 0 0 0 0 0 0 0 0 0 0 0 0 0 0 0 0 0 0 0 0 0 0 0 0 0 0 0 0 0 0 0 0 7 1 2 35 3 3 13 20 24 32 71 26 112 70 161 82 151 109 174 115 188 143 192 162 228 235 359 332 318 392 424 429 412 460 447 380 382 372 378 242 226 204 124 113 64 

FirstWin:
0 0 0 0 0 0 0 0 0 0 0 0 0 0 0 0 0 0 0 0 0 0 0 0 0 0 0 0 0 0 0 0 0 0 0 0 0 7 0 2 0 3 0 13 0 24 0 71 0 112 0 161 0 151 0 174 0 188 0 192 0 228 0 359 0 318 0 424 0 412 0 447 0 382 0 378 0 226 0 124 0 64 
SAlphaB:
0 0 0 0 0 0 0 0 0 0 0 0 0 0 0 0 0 0 0 0 0 0 0 0 0 0 0 0 0 0 0 0 0 0 0 0 0 7 0 2 0 3 0 13 0 24 0 71 0 112 0 161 0 151 0 174 0 188 0 192 0 228 0 359 0 318 0 424 0 412 0 447 0 382 0 378 0 226 0 124 0 64 

SecondWin:
0 0 0 0 0 0 0 0 0 0 0 0 0 0 0 0 0 0 0 0 0 0 0 0 0 0 0 0 0 0 0 0 0 0 0 0 0 0 1 0 35 0 3 0 20 0 32 0 26 0 70 0 82 0 109 0 115 0 143 0 162 0 235 0 332 0 392 0 429 0 460 0 380 0 372 0 242 0 204 0 113 0 
SAlphaB:
0 0 0 0 0 0 0 0 0 0 0 0 0 0 0 0 0 0 0 0 0 0 0 0 0 0 0 0 0 0 0 0 0 0 0 0 0 0 1 0 35 0 3 0 20 0 32 0 26 0 70 0 82 0 109 0 115 0 143 0 162 0 235 0 332 0 392 0 429 0 460 0 380 0 372 0 242 0 204 0 113 0 
