0 29 83 42 -9 1 7 3

0 68 80 41 -13 8 26 45

0 26 56 26 -18 0 1 32

0 21 23 66 -19 12 14 15

0 36 63 61 -3 3 11 16

0 36 44 97 -13 3 15 5

0 83 90 42 -15 6 24 37

0 6 89 70 -3 1 11 14

0 13 51 45 -9 4 5 22

0 32 62 23 -2 4 13 12

0 65 77 9 -9 0 1 32

0 21 64 42 -19 5 11 19

0 3 27 87 -10 14 22 23

0 86 98 52 -19 4 9 35

0 50 80 82 -15 0 1 8

0 58 85 32 -20 17 30 20

0 20 99 60 -5 34 49 22

0 30 37 58 -4 22 35 7

0 39 94 68 -13 20 27 17

0 51 57 25 -12 11 12 24

0 32 82 54 -2 13 31 25

0 7 36 47 -16 16 18 3

0 25 55 16 -11 9 26 22

0 6 33 51 -17 28 34 41

0 64 68 54 -10 11 45 24

0 2 51 10 -13 5 29 4

0 16 26 79 -12 23 33 10

0 27 68 59 -16 12 28 20

0 6 78 5 -6 24 28 19

0 15 34 53 -5 28 34 8

0 45 79 83 -9 0 20 11

0 16 33 59 -2 12 25 15

0 13 23 83 -2 8 9 22

0 48 74 14 -11 29 42 32

0 4 57 86 -7 5 23 3

0 88 99 84 -6 5 31 47

0 39 41 58 -13 38 49 49

0 47 73 74 -20 0 29 17

0 6 87 38 -19 3 25 42

0 16 43 60 -3 26 42 5

0 76 88 62 -8 33 46 4

0 60 80 71 -7 4 5 36

0 2 5 64 -14 4 20 15

0 0 42 85 -5 10 41 16

0 83 92 99 -9 31 37 1

0 17 35 19 -20 31 35 16

0 61 73 18 -13 9 14 6

0 0 61 79 -19 3 20 4

0 15 43 68 -5 10 30 40

0 6 25 7 -17 6 10 23

0 12 84 2 -6 31 36 26

0 44 64 56 -20 18 34 45

0 30 37 72 -15 4 36 25

0 23 43 1 -15 10 33 14

0 48 79 2 -5 26 34 10

0 43 52 94 -18 18 19 40

0 34 42 83 -17 13 36 29

0 21 31 82 -16 2 13 17

0 11 25 26 -3 25 34 6

0 51 67 23 -17 21 49 48

0 35 38 69 -13 24 34 29

0 17 48 11 -18 15 19 29

0 28 35 23 -6 4 36 39

0 0 6 77 -9 3 25 19

0 29 63 72 -2 21 30 33

0 22 27 47 -3 11 17 6

0 37 55 37 -8 22 34 31

0 6 7 0 -17 16 34 20

0 3 9 31 -3 17 18 14

0 14 19 56 -14 31 46 10

0 0 2 89 -17 19 26 46

0 1 41 13 -1 2 35 7

0 4 18 45 -5 26 33 49

0 13 37 46 -5 1 14 41

0 3 57 96 -13 2 36 42

0 69 73 68 -6 41 48 4

0 2 4 77 -17 1 45 1

0 8 17 64 -9 10 13 40

0 0 2 93 -15 3 12 22

0 7 19 77 -19 19 30 36

0 6 27 28 -13 4 45 39

0 38 77 73 -2 0 2 35

0 2 6 41 -8 14 42 12

0 0 46 69 -4 2 14 37

0 1 9 27 -9 1 2 13

0 22 26 40 -3 14 46 15

0 2 16 47 -11 14 22 3

0 2 28 83 -10 3 48 37

0 24 31 86 -10 5 32 41

0 10 16 13 -14 7 12 39

0 1 7 35 -9 21 32 47

0 5 17 19 -14 10 25 34

0 4 6 1 -9 6 8 15

0 3 10 3 -11 19 41 37

0 11 14 17 -8 42 45 1

0 3 4 5 -15 7 32 24

0 12 41 82 -3 3 37 45

0 9 14 31 -1 8 35 35

0 0 1 91 -9 34 40 4

0 2 3 3 -15 1 16 49


SAlphaB: 705.0, std-dev 263.52030579379755

Earliest win: 37
Latest win: 81

WinDepth:
0 0 0 0 0 0 0 0 0 0 0 0 0 0 0 0 0 0 0 0 0 0 0 0 0 0 0 0 0 0 0 0 0 0 0 0 0 4 0 6 1 2 1 14 5 22 14 29 19 78 84 201 92 94 90 178 119 175 180 188 207 261 233 378 351 327 438 346 480 367 432 413 418 373 366 316 270 236 186 103 117 73 
SAlphaB:
0 0 0 0 0 0 0 0 0 0 0 0 0 0 0 0 0 0 0 0 0 0 0 0 0 0 0 0 0 0 0 0 0 0 0 0 0 4 0 6 1 2 1 14 5 22 14 29 19 78 84 201 92 94 90 178 119 175 180 188 207 261 233 378 351 327 438 346 480 367 432 413 418 373 366 316 270 236 186 103 117 73 

LossDepth:
SAlphaB:
0 0 0 0 0 0 0 0 0 0 0 0 0 0 0 0 0 0 0 0 0 0 0 0 0 0 0 0 0 0 0 0 0 0 0 0 0 4 0 6 1 2 1 14 5 22 14 29 19 78 84 201 92 94 90 178 119 175 180 188 207 261 233 378 351 327 438 346 480 367 432 413 418 373 366 316 270 236 186 103 117 73 

FirstWin:
0 0 0 0 0 0 0 0 0 0 0 0 0 0 0 0 0 0 0 0 0 0 0 0 0 0 0 0 0 0 0 0 0 0 0 0 0 4 0 6 0 2 0 14 0 22 0 29 0 78 0 201 0 94 0 178 0 175 0 188 0 261 0 378 0 327 0 346 0 367 0 413 0 373 0 316 0 236 0 103 0 73 
SAlphaB:
0 0 0 0 0 0 0 0 0 0 0 0 0 0 0 0 0 0 0 0 0 0 0 0 0 0 0 0 0 0 0 0 0 0 0 0 0 4 0 6 0 2 0 14 0 22 0 29 0 78 0 201 0 94 0 178 0 175 0 188 0 261 0 378 0 327 0 346 0 367 0 413 0 373 0 316 0 236 0 103 0 73 

SecondWin:
0 0 0 0 0 0 0 0 0 0 0 0 0 0 0 0 0 0 0 0 0 0 0 0 0 0 0 0 0 0 0 0 0 0 0 0 0 0 0 0 1 0 1 0 5 0 14 0 19 0 84 0 92 0 90 0 119 0 180 0 207 0 233 0 351 0 438 0 480 0 432 0 418 0 366 0 270 0 186 0 117 0 
SAlphaB:
0 0 0 0 0 0 0 0 0 0 0 0 0 0 0 0 0 0 0 0 0 0 0 0 0 0 0 0 0 0 0 0 0 0 0 0 0 0 0 0 1 0 1 0 5 0 14 0 19 0 84 0 92 0 90 0 119 0 180 0 207 0 233 0 351 0 438 0 480 0 432 0 418 0 366 0 270 0 186 0 117 0 
