0 71 86 41 -15 6 35 38

0 45 98 57 -4 14 29 26

0 51 85 16 -16 0 1 29

0 23 75 32 -8 1 2 21

0 53 93 83 -10 18 44 22

0 71 93 39 -20 2 9 40

0 18 45 83 -20 14 30 36

0 20 34 4 -4 9 26 4

0 37 77 71 -10 6 27 34

0 22 62 70 -14 19 39 37

0 11 70 27 -7 2 6 25

0 61 86 40 -17 5 48 15

0 4 19 72 -14 5 10 13

0 34 66 91 -4 17 39 32

0 48 71 13 -9 9 15 1

0 85 89 54 -19 3 7 10

0 59 85 40 -20 2 3 27

0 25 38 64 -13 1 4 21

0 36 60 31 -19 2 6 27

0 23 81 92 -6 1 3 32

0 12 64 84 -11 4 19 7

0 82 96 80 -17 3 16 32

0 3 15 78 -2 0 1 5

0 43 88 32 -16 35 43 29

0 78 86 7 -3 1 15 22

0 55 69 21 -5 37 46 45

0 23 26 11 -11 31 47 17

0 6 86 99 -17 30 33 15

0 32 67 56 -19 1 4 0

0 4 46 84 -5 19 28 46

0 13 30 49 -1 3 16 4

0 14 34 34 -8 5 12 46

0 27 54 62 -3 4 11 43

0 28 82 82 -10 26 44 35

0 18 81 44 -13 11 21 4

0 8 31 6 -3 8 10 7

0 30 57 44 -8 8 19 8

0 30 36 58 -2 0 6 6

0 18 27 63 -17 7 27 33

0 33 40 76 -4 17 19 1

0 5 42 92 -8 22 34 22

0 45 62 82 -1 10 47 20

0 0 91 1 -14 23 40 31

0 13 44 16 -4 29 31 11

0 20 78 17 -7 9 26 47

0 13 49 20 -9 16 29 9

0 5 82 78 -2 3 7 35

0 14 69 62 -5 0 14 34

0 72 95 68 -17 19 31 18

0 2 27 73 -7 2 3 24

0 41 87 1 -6 23 26 12

0 41 60 43 -13 18 24 42

0 51 80 2 -4 4 29 49

0 0 40 22 -19 0 11 24

0 3 48 17 -10 39 47 19

0 6 18 92 -20 22 48 43

0 5 85 17 -18 9 12 0

0 40 89 84 -6 22 42 13

0 9 24 93 -1 6 8 26

0 56 72 77 -10 18 27 47

0 34 36 96 -1 0 1 41

0 3 50 90 -2 41 44 32

0 12 43 74 -9 9 36 20

0 13 19 86 -11 10 19 33

0 14 17 17 -8 2 3 20

0 15 57 99 -15 14 28 42

0 6 15 31 -12 2 4 17

0 10 79 8 -5 4 15 34

0 19 36 26 -19 25 30 37

0 35 42 78 -3 3 16 46

0 7 51 77 -16 4 38 36

0 50 62 2 -11 20 22 40

0 4 9 98 -14 10 28 18

0 4 5 64 -18 1 3 30

0 2 25 38 -8 8 14 40

0 28 29 85 -3 8 14 41

0 19 47 1 -10 14 42 31

0 0 5 48 -8 11 49 23

0 13 63 72 -16 23 26 1

0 5 6 34 -18 3 8 6

0 7 16 50 -16 2 7 40

0 65 80 7 -17 26 49 28

0 5 19 54 -9 7 37 1

0 14 22 38 -3 2 11 42

0 1 9 60 -1 2 15 11

0 3 4 28 -12 23 24 39

0 0 15 93 -5 46 48 1

0 4 21 89 -6 7 27 31

0 2 13 93 -17 9 13 48

0 9 24 11 -14 15 24 41

0 2 12 23 -11 14 24 46

0 3 19 57 -7 26 41 33

0 7 8 32 -14 16 29 25

0 0 1 37 -4 9 34 22

0 4 16 12 -1 5 45 27

0 0 33 75 -7 4 20 46

0 3 4 5 -17 4 5 34

0 5 11 44 -6 3 4 36

0 2 7 31 -11 17 27 42

0 1 2 29 -6 2 12 43


SAlphaB: 705.0, std-dev 264.5390951802547

Earliest win: 37
Latest win: 81

WinDepth:
0 0 0 0 0 0 0 0 0 0 0 0 0 0 0 0 0 0 0 0 0 0 0 0 0 0 0 0 0 0 0 0 0 0 0 0 0 5 0 3 2 4 0 8 11 32 13 42 46 62 103 211 73 140 82 173 158 172 161 191 147 221 257 352 336 314 420 383 439 407 492 453 403 386 376 403 244 283 151 130 96 72 
SAlphaB:
0 0 0 0 0 0 0 0 0 0 0 0 0 0 0 0 0 0 0 0 0 0 0 0 0 0 0 0 0 0 0 0 0 0 0 0 0 5 0 3 2 4 0 8 11 32 13 42 46 62 103 211 73 140 82 173 158 172 161 191 147 221 257 352 336 314 420 383 439 407 492 453 403 386 376 403 244 283 151 130 96 72 

LossDepth:
SAlphaB:
0 0 0 0 0 0 0 0 0 0 0 0 0 0 0 0 0 0 0 0 0 0 0 0 0 0 0 0 0 0 0 0 0 0 0 0 0 5 0 3 2 4 0 8 11 32 13 42 46 62 103 211 73 140 82 173 158 172 161 191 147 221 257 352 336 314 420 383 439 407 492 453 403 386 376 403 244 283 151 130 96 72 

FirstWin:
0 0 0 0 0 0 0 0 0 0 0 0 0 0 0 0 0 0 0 0 0 0 0 0 0 0 0 0 0 0 0 0 0 0 0 0 0 5 0 3 0 4 0 8 0 32 0 42 0 62 0 211 0 140 0 173 0 172 0 191 0 221 0 352 0 314 0 383 0 407 0 453 0 386 0 403 0 283 0 130 0 72 
SAlphaB:
0 0 0 0 0 0 0 0 0 0 0 0 0 0 0 0 0 0 0 0 0 0 0 0 0 0 0 0 0 0 0 0 0 0 0 0 0 5 0 3 0 4 0 8 0 32 0 42 0 62 0 211 0 140 0 173 0 172 0 191 0 221 0 352 0 314 0 383 0 407 0 453 0 386 0 403 0 283 0 130 0 72 

SecondWin:
0 0 0 0 0 0 0 0 0 0 0 0 0 0 0 0 0 0 0 0 0 0 0 0 0 0 0 0 0 0 0 0 0 0 0 0 0 0 0 0 2 0 0 0 11 0 13 0 46 0 103 0 73 0 82 0 158 0 161 0 147 0 257 0 336 0 420 0 439 0 492 0 403 0 376 0 244 0 151 0 96 0 
SAlphaB:
0 0 0 0 0 0 0 0 0 0 0 0 0 0 0 0 0 0 0 0 0 0 0 0 0 0 0 0 0 0 0 0 0 0 0 0 0 0 0 0 2 0 0 0 11 0 13 0 46 0 103 0 73 0 82 0 158 0 161 0 147 0 257 0 336 0 420 0 439 0 492 0 403 0 376 0 244 0 151 0 96 0 
