0 36 77 87 -10 4 14 17

0 82 89 68 -9 22 23 35

0 44 96 87 -10 6 16 7

0 7 78 36 -3 6 21 2

0 44 97 89 -6 2 4 9

0 32 84 1 -13 2 15 35

0 47 83 6 -19 0 17 39

0 34 95 91 -17 2 6 40

0 48 68 20 -17 0 12 19

0 18 75 64 -6 4 21 13

0 79 97 17 -7 5 17 13

0 31 67 23 -13 0 20 31

0 32 72 77 -20 3 28 12

0 18 80 65 -1 9 24 15

0 41 84 27 -9 0 1 0

0 38 79 98 -14 8 18 20

0 19 72 54 -1 6 7 23

0 56 89 73 -4 0 32 14

0 47 55 68 -7 44 47 14

0 26 51 64 -13 11 24 6

0 11 27 96 -8 8 13 7

0 44 74 0 -19 14 30 47

0 19 22 95 -4 3 6 11

0 74 92 20 -3 11 26 26

0 56 86 37 -9 13 22 31

0 20 42 2 -3 3 12 28

0 16 61 78 -18 31 32 3

0 10 77 69 -16 14 28 15

0 20 49 63 -19 6 11 20

0 36 57 71 -19 23 24 23

0 43 61 96 -4 14 33 6

0 48 58 30 -12 11 16 20

0 20 52 88 -10 28 33 34

0 10 15 4 -3 12 16 9

0 4 28 94 -7 6 9 8

0 24 95 41 -15 10 25 48

0 43 55 8 -10 0 1 29

0 30 32 95 -2 13 30 31

0 57 60 62 -8 10 42 30

0 70 79 42 -12 29 30 33

0 36 87 73 -13 8 21 42

0 5 34 20 -2 22 26 3

0 31 39 82 -6 19 49 23

0 38 42 11 -10 9 41 4

0 5 99 79 -12 5 14 30

0 47 74 85 -2 37 43 29

0 33 82 25 -11 0 1 39

0 8 35 95 -17 18 40 39

0 17 18 54 -20 25 37 30

0 7 54 42 -20 33 49 47

0 63 68 64 -20 20 31 48

0 8 19 44 -15 16 46 28

0 22 98 22 -11 14 37 36

0 66 97 99 -13 0 4 41

0 15 43 91 -19 3 24 34

0 6 20 10 -19 12 35 33

0 1 4 55 -8 20 35 17

0 15 68 4 -16 7 19 14

0 6 28 11 -13 18 34 11

0 25 47 10 -17 24 36 0

0 49 54 16 -9 34 45 18

0 12 28 51 -8 9 21 35

0 4 31 93 -12 20 49 43

0 17 89 63 -10 5 31 35

0 8 94 68 -15 21 29 28

0 25 38 40 -5 13 43 0

0 17 27 89 -16 29 31 34

0 18 57 42 -13 14 20 42

0 24 44 65 -18 1 33 49

0 29 40 43 -2 11 12 23

0 1 4 59 -6 0 1 20

0 0 8 53 -4 18 19 27

0 19 27 80 -13 8 34 42

0 3 65 8 -17 13 19 19

0 27 41 50 -1 4 40 48

0 9 32 2 -1 22 37 26

0 5 6 51 -10 35 49 28

0 9 23 61 -5 43 47 47

0 2 8 61 -15 0 29 16

0 4 64 45 -19 1 45 29

0 5 16 17 -20 11 14 0

0 5 12 65 -2 1 5 41

0 1 16 73 -19 6 21 36

0 14 18 49 -11 0 1 43

0 26 35 81 -16 33 49 8

0 1 15 97 -9 0 29 49

0 2 14 20 -14 29 33 21

0 2 8 32 -11 0 2 31

0 2 15 15 -15 7 17 36

0 1 16 48 -14 29 36 16

0 3 8 54 -12 4 24 4

0 16 27 3 -18 6 23 6

0 4 9 98 -12 1 2 1

0 5 9 99 -10 14 48 29

0 1 6 25 -10 15 24 40

0 19 20 15 -18 13 19 31

0 11 20 19 -11 5 20 43

0 3 14 62 -6 7 29 38

0 2 6 69 -13 32 36 2

0 2 4 21 -5 22 33 46


SAlphaB: 691.0, std-dev 252.5459962106313

Earliest win: 36
Latest win: 81

WinDepth:
0 0 0 0 0 0 0 0 0 0 0 0 0 0 0 0 0 0 0 0 0 0 0 0 0 0 0 0 0 0 0 0 0 0 0 0 2 0 2 2 15 6 4 20 18 16 19 65 35 105 37 186 56 146 95 149 92 153 144 166 186 245 232 353 324 399 424 345 439 404 440 418 367 348 380 372 283 242 188 151 123 86 
SAlphaB:
0 0 0 0 0 0 0 0 0 0 0 0 0 0 0 0 0 0 0 0 0 0 0 0 0 0 0 0 0 0 0 0 0 0 0 0 2 0 2 2 15 6 4 20 18 16 19 65 35 105 37 186 56 146 95 149 92 153 144 166 186 245 232 353 324 399 424 345 439 404 440 418 367 348 380 372 283 242 188 151 123 86 

LossDepth:
SAlphaB:
0 0 0 0 0 0 0 0 0 0 0 0 0 0 0 0 0 0 0 0 0 0 0 0 0 0 0 0 0 0 0 0 0 0 0 0 2 0 2 2 15 6 4 20 18 16 19 65 35 105 37 186 56 146 95 149 92 153 144 166 186 245 232 353 324 399 424 345 439 404 440 418 367 348 380 372 283 242 188 151 123 86 

FirstWin:
0 0 0 0 0 0 0 0 0 0 0 0 0 0 0 0 0 0 0 0 0 0 0 0 0 0 0 0 0 0 0 0 0 0 0 0 0 0 0 2 0 6 0 20 0 16 0 65 0 105 0 186 0 146 0 149 0 153 0 166 0 245 0 353 0 399 0 345 0 404 0 418 0 348 0 372 0 242 0 151 0 86 
SAlphaB:
0 0 0 0 0 0 0 0 0 0 0 0 0 0 0 0 0 0 0 0 0 0 0 0 0 0 0 0 0 0 0 0 0 0 0 0 0 0 0 2 0 6 0 20 0 16 0 65 0 105 0 186 0 146 0 149 0 153 0 166 0 245 0 353 0 399 0 345 0 404 0 418 0 348 0 372 0 242 0 151 0 86 

SecondWin:
0 0 0 0 0 0 0 0 0 0 0 0 0 0 0 0 0 0 0 0 0 0 0 0 0 0 0 0 0 0 0 0 0 0 0 0 2 0 2 0 15 0 4 0 18 0 19 0 35 0 37 0 56 0 95 0 92 0 144 0 186 0 232 0 324 0 424 0 439 0 440 0 367 0 380 0 283 0 188 0 123 0 
SAlphaB:
0 0 0 0 0 0 0 0 0 0 0 0 0 0 0 0 0 0 0 0 0 0 0 0 0 0 0 0 0 0 0 0 0 0 0 0 2 0 2 0 15 0 4 0 18 0 19 0 35 0 37 0 56 0 95 0 92 0 144 0 186 0 232 0 324 0 424 0 439 0 440 0 367 0 380 0 283 0 188 0 123 0 
