0 45 65 12 -16 11 34 6

0 6 40 0 -4 2 4 5

0 34 64 52 -17 3 11 16

0 85 86 34 -17 3 6 6

0 61 65 94 -13 9 28 16

0 18 95 11 -2 0 10 0

0 56 99 22 -9 2 22 36

0 6 93 69 -17 36 39 39

0 40 98 65 -6 7 28 11

0 24 69 79 -2 14 38 12

0 26 57 33 -12 0 1 25

0 47 98 46 -13 5 6 7

0 14 89 78 -11 3 7 4

0 62 69 42 -17 2 14 3

0 45 81 20 -14 3 34 27

0 1 28 39 -9 16 17 6

0 18 88 88 -10 9 20 30

0 2 50 53 -13 9 21 14

0 25 71 92 -1 42 47 11

0 59 69 4 -19 11 45 14

0 11 63 85 -8 7 17 6

0 36 45 4 -2 2 5 1

0 36 89 26 -5 27 29 33

0 63 78 54 -15 0 44 43

0 26 49 69 -3 8 13 22

0 14 92 36 -17 7 39 38

0 86 99 62 -16 13 17 26

0 36 46 61 -9 4 8 32

0 53 89 18 -16 1 3 0

0 82 86 50 -12 5 9 6

0 70 76 2 -16 7 15 45

0 8 67 22 -7 10 30 24

0 68 88 2 -15 8 38 17

0 8 69 43 -19 11 47 14

0 13 57 28 -19 3 4 23

0 32 54 93 -3 4 10 8

0 9 72 96 -6 15 19 12

0 65 76 84 -16 11 19 4

0 62 79 65 -1 15 19 41

0 38 47 88 -10 10 20 22

0 8 65 28 -20 10 29 32

0 10 57 87 -11 7 22 0

0 5 39 16 -14 24 45 17

0 30 33 97 -7 15 39 49

0 48 86 43 -15 25 31 27

0 32 38 26 -16 32 45 38

0 16 95 63 -1 24 45 47

0 18 75 68 -15 33 48 22

0 41 57 69 -4 0 11 45

0 1 51 41 -9 6 35 7

0 36 96 47 -8 20 22 12

0 76 87 36 -19 11 19 44

0 25 93 50 -4 26 40 26

0 29 43 93 -19 14 31 25

0 53 87 47 -20 6 49 46

0 44 56 54 -8 3 10 47

0 6 54 53 -12 12 19 14

0 18 24 71 -6 10 13 38

0 9 67 18 -4 31 33 4

0 47 91 67 -18 14 21 38

0 75 90 72 -7 7 8 49

0 14 40 7 -17 37 39 22

0 38 49 66 -10 21 23 35

0 42 54 88 -19 20 29 35

0 17 41 44 -10 3 9 24

0 4 27 0 -14 0 6 14

0 4 28 77 -12 7 20 41

0 66 98 24 -14 43 45 3

0 35 39 42 -3 4 36 38

0 2 17 54 -19 12 34 11

0 19 24 94 -6 1 30 12

0 5 56 55 -15 11 18 37

0 21 41 2 -5 12 42 30

0 1 4 56 -5 6 42 12

0 24 27 35 -6 19 39 18

0 5 9 59 -12 11 20 8

0 2 14 81 -14 18 28 30

0 20 31 34 -1 2 41 42

0 1 9 85 -2 13 17 29

0 47 59 79 -4 5 10 40

0 2 24 47 -5 16 24 38

0 13 22 61 -9 1 18 12

0 2 4 99 -14 8 31 44

0 11 98 31 -14 14 24 44

0 40 43 10 -4 14 21 37

0 6 14 45 -10 1 36 46

0 1 3 37 -10 34 37 38

0 30 41 74 -2 1 4 42

0 3 59 22 -13 3 4 42

0 5 6 70 -17 5 7 10

0 1 4 11 -6 5 6 9

0 3 9 86 -4 10 15 36

0 5 10 78 -1 6 45 42

0 3 9 65 -10 12 17 44

0 9 12 49 -5 5 8 36

0 9 29 64 -14 32 48 4

0 2 4 27 -6 36 44 47

0 4 52 97 -1 2 44 24

0 1 7 39 -16 20 21 4

0 10 12 66 -3 9 17 47


SAlphaB: 693.0, std-dev 256.47920672999686

Earliest win: 37
Latest win: 81

WinDepth:
0 0 0 0 0 0 0 0 0 0 0 0 0 0 0 0 0 0 0 0 0 0 0 0 0 0 0 0 0 0 0 0 0 0 0 0 0 2 0 9 0 7 2 7 6 19 8 36 39 76 61 197 91 108 73 186 110 183 142 167 179 198 225 306 286 330 407 409 461 417 464 487 481 454 419 342 279 261 173 143 121 76 
SAlphaB:
0 0 0 0 0 0 0 0 0 0 0 0 0 0 0 0 0 0 0 0 0 0 0 0 0 0 0 0 0 0 0 0 0 0 0 0 0 2 0 9 0 7 2 7 6 19 8 36 39 76 61 197 91 108 73 186 110 183 142 167 179 198 225 306 286 330 407 409 461 417 464 487 481 454 419 342 279 261 173 143 121 76 

LossDepth:
SAlphaB:
0 0 0 0 0 0 0 0 0 0 0 0 0 0 0 0 0 0 0 0 0 0 0 0 0 0 0 0 0 0 0 0 0 0 0 0 0 2 0 9 0 7 2 7 6 19 8 36 39 76 61 197 91 108 73 186 110 183 142 167 179 198 225 306 286 330 407 409 461 417 464 487 481 454 419 342 279 261 173 143 121 76 

FirstWin:
0 0 0 0 0 0 0 0 0 0 0 0 0 0 0 0 0 0 0 0 0 0 0 0 0 0 0 0 0 0 0 0 0 0 0 0 0 2 0 9 0 7 0 7 0 19 0 36 0 76 0 197 0 108 0 186 0 183 0 167 0 198 0 306 0 330 0 409 0 417 0 487 0 454 0 342 0 261 0 143 0 76 
SAlphaB:
0 0 0 0 0 0 0 0 0 0 0 0 0 0 0 0 0 0 0 0 0 0 0 0 0 0 0 0 0 0 0 0 0 0 0 0 0 2 0 9 0 7 0 7 0 19 0 36 0 76 0 197 0 108 0 186 0 183 0 167 0 198 0 306 0 330 0 409 0 417 0 487 0 454 0 342 0 261 0 143 0 76 

SecondWin:
0 0 0 0 0 0 0 0 0 0 0 0 0 0 0 0 0 0 0 0 0 0 0 0 0 0 0 0 0 0 0 0 0 0 0 0 0 0 0 0 0 0 2 0 6 0 8 0 39 0 61 0 91 0 73 0 110 0 142 0 179 0 225 0 286 0 407 0 461 0 464 0 481 0 419 0 279 0 173 0 121 0 
SAlphaB:
0 0 0 0 0 0 0 0 0 0 0 0 0 0 0 0 0 0 0 0 0 0 0 0 0 0 0 0 0 0 0 0 0 0 0 0 0 0 0 0 0 0 2 0 6 0 8 0 39 0 61 0 91 0 73 0 110 0 142 0 179 0 225 0 286 0 407 0 461 0 464 0 481 0 419 0 279 0 173 0 121 0 
