0 13 73 96 -17 6 12 11

0 49 95 90 -13 8 23 19

0 9 50 80 -17 4 8 29

0 11 98 62 -7 2 4 9

0 67 71 77 -13 2 17 23

0 24 90 99 -15 6 14 6

0 13 47 67 -4 19 38 19

0 85 93 40 -8 5 37 22

0 30 90 80 -3 2 13 6

0 65 95 76 -9 5 32 33

0 18 27 95 -18 7 15 32

0 76 81 53 -13 2 23 43

0 41 91 90 -5 35 41 26

0 65 75 66 -14 5 27 32

0 13 99 39 -10 14 36 38

0 44 74 45 -9 0 44 26

0 10 73 72 -11 15 42 7

0 62 71 10 -15 9 17 41

0 40 83 89 -5 2 3 17

0 1 62 4 -16 0 1 28

0 4 20 18 -16 20 24 23

0 10 69 67 -8 0 25 32

0 41 64 33 -11 1 42 35

0 79 90 35 -5 17 45 19

0 61 77 61 -19 7 43 11

0 3 38 91 -5 1 7 5

0 24 98 62 -17 22 38 7

0 45 59 75 -6 35 39 40

0 24 42 10 -13 13 41 29

0 9 37 56 -12 1 11 2

0 21 66 80 -12 30 34 29

0 10 36 75 -4 17 42 46

0 13 25 16 -4 5 15 16

0 11 15 69 -6 12 14 2

0 26 90 7 -6 1 2 29

0 43 55 72 -4 3 42 24

0 24 25 27 -16 1 6 25

0 31 94 22 -16 20 34 20

0 6 53 74 -13 12 31 9

0 50 97 29 -8 2 5 28

0 18 58 69 -14 3 4 26

0 14 60 39 -6 12 15 35

0 26 33 55 -17 2 12 9

0 4 92 72 -20 37 38 31

0 25 91 26 -9 9 42 47

0 6 56 41 -10 16 19 18

0 27 75 2 -16 19 24 46

0 26 31 22 -17 16 29 23

0 31 82 53 -7 10 42 25

0 33 55 16 -17 5 40 23

0 17 86 38 -18 5 20 5

0 4 11 78 -15 4 7 23

0 55 91 31 -15 29 31 19

0 8 17 84 -2 11 14 38

0 6 10 50 -20 2 5 13

0 11 54 51 -9 3 36 14

0 24 32 30 -3 15 22 12

0 4 75 29 -18 10 13 31

0 2 25 27 -17 14 23 18

0 61 86 35 -5 5 8 40

0 32 62 77 -10 9 16 19

0 4 17 62 -14 23 24 11

0 41 62 4 -15 25 33 2

0 73 91 29 -8 11 22 49

0 16 34 61 -16 13 45 46

0 71 99 64 -17 35 42 15

0 63 81 21 -18 30 40 35

0 51 66 61 -20 40 41 11

0 62 84 85 -7 2 8 44

0 0 2 64 -5 21 29 26

0 1 41 7 -16 44 49 12

0 2 35 77 -11 17 37 45

0 6 14 44 -7 28 38 35

0 25 63 75 -5 6 32 25

0 17 23 40 -4 38 48 4

0 8 15 71 -20 15 17 26

0 11 19 2 -20 6 18 21

0 20 26 7 -11 0 15 45

0 5 9 40 -15 14 24 9

0 18 27 24 -2 1 40 4

0 24 37 26 -20 21 33 4

0 84 93 18 -19 42 46 29

0 7 17 55 -18 16 23 40

0 1 6 40 -2 0 1 38

0 2 22 35 -7 8 36 31

0 3 5 1 -5 5 32 3

0 11 13 10 -2 37 47 44

0 5 23 85 -2 32 40 44

0 7 68 89 -4 4 39 36

0 3 24 24 -16 23 27 1

0 2 29 71 -5 3 26 33

0 0 1 50 -8 23 28 43

0 1 4 19 -11 8 21 39

0 10 19 86 -7 2 39 36

0 1 15 27 -18 7 13 37

0 2 16 52 -4 1 21 46

0 4 23 48 -4 15 20 49

0 1 12 7 -17 16 45 46

0 0 1 38 -18 20 48 45

0 0 1 83 -9 0 1 34


SAlphaB: 703.0, std-dev 255.8697225132155

Earliest win: 35
Latest win: 81

WinDepth:
0 0 0 0 0 0 0 0 0 0 0 0 0 0 0 0 0 0 0 0 0 0 0 0 0 0 0 0 0 0 0 0 0 0 0 1 0 6 0 5 16 1 5 25 13 26 14 25 41 63 85 202 114 101 86 193 121 174 187 178 164 235 255 314 316 347 413 346 488 419 470 464 431 399 364 363 249 212 169 131 108 81 
SAlphaB:
0 0 0 0 0 0 0 0 0 0 0 0 0 0 0 0 0 0 0 0 0 0 0 0 0 0 0 0 0 0 0 0 0 0 0 1 0 6 0 5 16 1 5 25 13 26 14 25 41 63 85 202 114 101 86 193 121 174 187 178 164 235 255 314 316 347 413 346 488 419 470 464 431 399 364 363 249 212 169 131 108 81 

LossDepth:
SAlphaB:
0 0 0 0 0 0 0 0 0 0 0 0 0 0 0 0 0 0 0 0 0 0 0 0 0 0 0 0 0 0 0 0 0 0 0 1 0 6 0 5 16 1 5 25 13 26 14 25 41 63 85 202 114 101 86 193 121 174 187 178 164 235 255 314 316 347 413 346 488 419 470 464 431 399 364 363 249 212 169 131 108 81 

FirstWin:
0 0 0 0 0 0 0 0 0 0 0 0 0 0 0 0 0 0 0 0 0 0 0 0 0 0 0 0 0 0 0 0 0 0 0 1 0 6 0 5 0 1 0 25 0 26 0 25 0 63 0 202 0 101 0 193 0 174 0 178 0 235 0 314 0 347 0 346 0 419 0 464 0 399 0 363 0 212 0 131 0 81 
SAlphaB:
0 0 0 0 0 0 0 0 0 0 0 0 0 0 0 0 0 0 0 0 0 0 0 0 0 0 0 0 0 0 0 0 0 0 0 1 0 6 0 5 0 1 0 25 0 26 0 25 0 63 0 202 0 101 0 193 0 174 0 178 0 235 0 314 0 347 0 346 0 419 0 464 0 399 0 363 0 212 0 131 0 81 

SecondWin:
0 0 0 0 0 0 0 0 0 0 0 0 0 0 0 0 0 0 0 0 0 0 0 0 0 0 0 0 0 0 0 0 0 0 0 0 0 0 0 0 16 0 5 0 13 0 14 0 41 0 85 0 114 0 86 0 121 0 187 0 164 0 255 0 316 0 413 0 488 0 470 0 431 0 364 0 249 0 169 0 108 0 
SAlphaB:
0 0 0 0 0 0 0 0 0 0 0 0 0 0 0 0 0 0 0 0 0 0 0 0 0 0 0 0 0 0 0 0 0 0 0 0 0 0 0 0 16 0 5 0 13 0 14 0 41 0 85 0 114 0 86 0 121 0 187 0 164 0 255 0 316 0 413 0 488 0 470 0 431 0 364 0 249 0 169 0 108 0 
