0 25 95 66 -17 3 6 13

0 58 87 93 -18 4 5 0

0 46 75 52 -8 9 16 38

0 24 42 33 -5 2 6 15

0 40 82 89 -1 13 14 40

0 15 41 12 -9 1 6 13

0 67 71 78 -4 6 13 9

0 77 80 84 -20 7 29 7

0 60 99 38 -1 2 24 44

0 23 60 6 -17 0 4 31

0 65 76 79 -14 13 41 37

0 31 68 13 -2 1 6 9

0 69 71 82 -7 5 22 13

0 78 85 13 -20 10 26 11

0 53 83 64 -13 7 35 28

0 42 66 46 -12 9 27 29

0 49 64 52 -7 14 24 18

0 9 12 52 -7 10 13 12

0 36 76 7 -3 5 21 36

0 49 84 23 -9 3 10 42

0 77 87 75 -5 9 23 48

0 45 84 83 -16 21 28 2

0 34 66 21 -5 11 21 0

0 9 90 57 -9 13 18 6

0 49 70 58 -10 0 1 30

0 54 62 52 -4 14 33 2

0 53 98 58 -1 1 5 41

0 75 76 13 -18 11 12 38

0 50 78 65 -10 18 47 47

0 20 33 90 -12 15 31 31

0 22 24 8 -15 2 5 23

0 41 70 96 -18 23 31 1

0 28 30 58 -19 0 14 10

0 24 54 32 -15 4 16 11

0 76 83 61 -11 21 25 17

0 70 76 60 -19 0 1 10

0 16 36 84 -9 7 18 5

0 25 33 23 -3 6 8 41

0 70 72 26 -11 1 44 30

0 25 34 76 -8 12 13 22

0 5 50 94 -20 10 23 48

0 78 85 49 -12 0 38 37

0 13 78 22 -7 9 19 43

0 14 44 68 -8 5 12 30

0 22 32 42 -11 5 19 38

0 6 89 54 -4 0 19 6

0 8 51 80 -12 27 31 45

0 51 56 79 -9 0 6 19

0 17 27 81 -10 3 41 10

0 3 4 79 -9 5 14 1

0 10 25 19 -3 18 19 6

0 9 14 59 -19 6 7 19

0 6 97 29 -12 7 29 29

0 6 84 41 -8 0 28 4

0 33 43 23 -9 31 46 7

0 0 25 68 -17 10 11 21

0 6 10 97 -7 17 24 24

0 16 45 16 -6 9 10 49

0 4 66 76 -18 2 4 27

0 11 32 9 -5 12 23 21

0 12 20 48 -7 3 32 19

0 47 48 72 -20 0 2 49

0 16 47 57 -10 6 47 7

0 14 57 1 -20 30 31 46

0 19 98 41 -9 11 42 41

0 24 63 58 -15 29 45 49

0 53 97 75 -14 33 34 24

0 53 99 29 -12 28 42 36

0 12 24 90 -8 46 48 13

0 1 99 64 -17 31 36 48

0 14 29 3 -20 21 37 27

0 20 21 75 -9 7 46 46

0 11 67 9 -20 42 48 15

0 16 27 83 -10 33 34 15

0 58 82 19 -3 28 46 0

0 6 20 90 -14 4 29 17

0 50 88 79 -19 29 44 23

0 2 62 25 -15 2 4 48

0 10 66 86 -20 2 33 43

0 2 12 53 -15 0 5 24

0 8 41 12 -12 2 18 49

0 5 10 13 -15 25 26 10

0 9 44 13 -3 0 1 22

0 8 9 51 -17 42 49 39

0 20 24 28 -8 6 7 43

0 0 2 66 -20 6 16 31

0 2 7 77 -8 27 37 46

0 0 63 92 -2 2 14 49

0 7 22 65 -14 6 22 20

0 14 23 5 -5 5 40 31

0 1 11 72 -2 44 47 19

0 0 1 28 -9 5 14 2

0 2 27 70 -16 25 35 35

0 2 35 21 -3 2 43 30

0 0 1 26 -14 12 24 20

0 0 21 32 -5 1 2 38

0 17 18 44 -14 40 44 18

0 3 4 2 -15 8 40 37

0 12 17 81 -3 4 47 15

0 0 6 11 -9 42 46 32


SAlphaB: 698.0, std-dev 260.9379368138847

Earliest win: 37
Latest win: 81

WinDepth:
0 0 0 0 0 0 0 0 0 0 0 0 0 0 0 0 0 0 0 0 0 0 0 0 0 0 0 0 0 0 0 0 0 0 0 0 0 2 0 5 4 7 2 20 2 11 18 27 33 62 70 164 149 112 118 175 140 184 117 190 153 243 240 391 348 375 399 369 427 417 434 422 375 375 362 368 279 262 184 163 91 83 
SAlphaB:
0 0 0 0 0 0 0 0 0 0 0 0 0 0 0 0 0 0 0 0 0 0 0 0 0 0 0 0 0 0 0 0 0 0 0 0 0 2 0 5 4 7 2 20 2 11 18 27 33 62 70 164 149 112 118 175 140 184 117 190 153 243 240 391 348 375 399 369 427 417 434 422 375 375 362 368 279 262 184 163 91 83 

LossDepth:
SAlphaB:
0 0 0 0 0 0 0 0 0 0 0 0 0 0 0 0 0 0 0 0 0 0 0 0 0 0 0 0 0 0 0 0 0 0 0 0 0 2 0 5 4 7 2 20 2 11 18 27 33 62 70 164 149 112 118 175 140 184 117 190 153 243 240 391 348 375 399 369 427 417 434 422 375 375 362 368 279 262 184 163 91 83 

FirstWin:
0 0 0 0 0 0 0 0 0 0 0 0 0 0 0 0 0 0 0 0 0 0 0 0 0 0 0 0 0 0 0 0 0 0 0 0 0 2 0 5 0 7 0 20 0 11 0 27 0 62 0 164 0 112 0 175 0 184 0 190 0 243 0 391 0 375 0 369 0 417 0 422 0 375 0 368 0 262 0 163 0 83 
SAlphaB:
0 0 0 0 0 0 0 0 0 0 0 0 0 0 0 0 0 0 0 0 0 0 0 0 0 0 0 0 0 0 0 0 0 0 0 0 0 2 0 5 0 7 0 20 0 11 0 27 0 62 0 164 0 112 0 175 0 184 0 190 0 243 0 391 0 375 0 369 0 417 0 422 0 375 0 368 0 262 0 163 0 83 

SecondWin:
0 0 0 0 0 0 0 0 0 0 0 0 0 0 0 0 0 0 0 0 0 0 0 0 0 0 0 0 0 0 0 0 0 0 0 0 0 0 0 0 4 0 2 0 2 0 18 0 33 0 70 0 149 0 118 0 140 0 117 0 153 0 240 0 348 0 399 0 427 0 434 0 375 0 362 0 279 0 184 0 91 0 
SAlphaB:
0 0 0 0 0 0 0 0 0 0 0 0 0 0 0 0 0 0 0 0 0 0 0 0 0 0 0 0 0 0 0 0 0 0 0 0 0 0 0 0 4 0 2 0 2 0 18 0 33 0 70 0 149 0 118 0 140 0 117 0 153 0 240 0 348 0 399 0 427 0 434 0 375 0 362 0 279 0 184 0 91 0 
