0 22 36 87 -16 0 5 13

0 24 89 14 -2 7 13 3

0 14 39 57 -9 0 1 15

0 11 31 44 -17 0 3 10

0 68 76 1 -19 1 11 39

0 61 89 55 -1 4 36 19

0 25 50 99 -19 26 37 24

0 31 95 36 -10 2 19 7

0 38 72 40 -17 0 2 2

0 22 93 72 -6 1 18 32

0 11 50 97 -10 24 41 32

0 38 61 90 -15 23 40 5

0 42 55 5 -5 3 24 38

0 52 62 25 -2 0 10 9

0 38 44 23 -18 5 23 9

0 72 95 13 -17 9 18 38

0 29 37 25 -3 2 15 4

0 53 91 52 -13 24 27 44

0 65 88 65 -3 11 13 37

0 10 53 65 -16 5 9 13

0 26 59 23 -16 38 42 31

0 26 37 53 -15 4 13 35

0 2 49 18 -14 8 25 5

0 14 73 97 -18 40 43 35

0 25 43 60 -4 7 18 37

0 8 58 66 -17 5 16 12

0 22 64 55 -2 14 18 29

0 58 67 94 -12 5 8 30

0 47 68 0 -10 19 41 25

0 10 90 42 -15 17 47 21

0 19 70 86 -16 18 19 26

0 21 77 53 -7 7 14 49

0 16 73 97 -3 42 45 27

0 39 51 32 -10 0 2 8

0 66 73 55 -14 6 7 37

0 4 36 34 -6 11 20 0

0 46 59 2 -6 15 40 24

0 5 71 30 -14 24 33 3

0 2 99 89 -6 25 40 8

0 5 34 75 -16 24 28 31

0 55 59 24 -18 10 29 25

0 25 53 54 -6 0 1 28

0 18 24 23 -12 21 31 7

0 34 45 24 -5 17 24 11

0 25 71 76 -17 18 35 2

0 21 48 67 -18 18 39 44

0 35 37 95 -10 4 7 11

0 73 74 39 -19 23 28 20

0 2 75 60 -14 17 47 3

0 6 86 80 -11 25 37 5

0 69 72 14 -3 13 19 21

0 16 47 61 -9 37 48 9

0 70 75 58 -14 35 43 18

0 91 92 17 -9 20 30 21

0 14 27 22 -16 29 32 36

0 5 40 73 -19 14 32 41

0 10 13 96 -7 6 10 26

0 16 77 64 -9 16 37 40

0 28 44 5 -16 11 20 21

0 82 89 29 -7 2 4 48

0 4 68 26 -4 2 18 5

0 35 70 13 -17 40 49 46

0 22 60 9 -2 16 33 46

0 8 80 63 -9 13 14 37

0 42 43 31 -7 19 48 35

0 41 48 99 -9 6 26 39

0 13 30 64 -2 0 1 26

0 11 38 58 -7 34 45 19

0 11 26 48 -3 8 46 11

0 0 42 62 -9 24 28 48

0 6 68 80 -12 1 17 30

0 22 37 73 -12 19 26 28

0 22 33 87 -19 22 31 45

0 0 8 62 -16 3 39 13

0 6 24 99 -5 2 18 26

0 27 30 77 -19 17 45 40

0 8 26 69 -16 2 21 46

0 11 24 13 -19 32 38 30

0 2 46 28 -14 12 14 42

0 12 28 3 -18 1 5 41

0 13 22 78 -7 1 12 36

0 7 16 59 -10 4 24 19

0 51 73 3 -11 22 38 8

0 6 25 62 -13 31 39 8

0 2 9 23 -7 12 28 7

0 3 22 72 -10 12 39 26

0 0 2 37 -4 2 7 8

0 0 1 68 -8 23 30 31

0 1 2 1 -12 0 12 9

0 2 31 3 -20 27 30 46

0 0 2 2 -6 43 45 42

0 6 10 33 -13 12 25 37

0 2 15 86 -18 27 34 26

0 0 22 50 -6 5 25 32

0 2 15 18 -19 38 48 7

0 6 7 71 -18 14 18 46

0 3 5 34 -3 4 11 22

0 5 9 60 -3 0 1 28

0 12 19 55 -20 8 14 32

0 5 6 6 -12 37 42 26


SAlphaB: 738.0, std-dev 277.6806615484409

Earliest win: 37
Latest win: 81

WinDepth:
0 0 0 0 0 0 0 0 0 0 0 0 0 0 0 0 0 0 0 0 0 0 0 0 0 0 0 0 0 0 0 0 0 0 0 0 0 3 0 2 0 2 6 10 12 10 8 30 17 48 60 300 82 127 94 135 109 183 120 187 114 226 255 304 339 330 434 405 492 403 451 443 417 379 358 349 289 272 205 132 103 70 
SAlphaB:
0 0 0 0 0 0 0 0 0 0 0 0 0 0 0 0 0 0 0 0 0 0 0 0 0 0 0 0 0 0 0 0 0 0 0 0 0 3 0 2 0 2 6 10 12 10 8 30 17 48 60 300 82 127 94 135 109 183 120 187 114 226 255 304 339 330 434 405 492 403 451 443 417 379 358 349 289 272 205 132 103 70 

LossDepth:
SAlphaB:
0 0 0 0 0 0 0 0 0 0 0 0 0 0 0 0 0 0 0 0 0 0 0 0 0 0 0 0 0 0 0 0 0 0 0 0 0 3 0 2 0 2 6 10 12 10 8 30 17 48 60 300 82 127 94 135 109 183 120 187 114 226 255 304 339 330 434 405 492 403 451 443 417 379 358 349 289 272 205 132 103 70 

FirstWin:
0 0 0 0 0 0 0 0 0 0 0 0 0 0 0 0 0 0 0 0 0 0 0 0 0 0 0 0 0 0 0 0 0 0 0 0 0 3 0 2 0 2 0 10 0 10 0 30 0 48 0 300 0 127 0 135 0 183 0 187 0 226 0 304 0 330 0 405 0 403 0 443 0 379 0 349 0 272 0 132 0 70 
SAlphaB:
0 0 0 0 0 0 0 0 0 0 0 0 0 0 0 0 0 0 0 0 0 0 0 0 0 0 0 0 0 0 0 0 0 0 0 0 0 3 0 2 0 2 0 10 0 10 0 30 0 48 0 300 0 127 0 135 0 183 0 187 0 226 0 304 0 330 0 405 0 403 0 443 0 379 0 349 0 272 0 132 0 70 

SecondWin:
0 0 0 0 0 0 0 0 0 0 0 0 0 0 0 0 0 0 0 0 0 0 0 0 0 0 0 0 0 0 0 0 0 0 0 0 0 0 0 0 0 0 6 0 12 0 8 0 17 0 60 0 82 0 94 0 109 0 120 0 114 0 255 0 339 0 434 0 492 0 451 0 417 0 358 0 289 0 205 0 103 0 
SAlphaB:
0 0 0 0 0 0 0 0 0 0 0 0 0 0 0 0 0 0 0 0 0 0 0 0 0 0 0 0 0 0 0 0 0 0 0 0 0 0 0 0 0 0 6 0 12 0 8 0 17 0 60 0 82 0 94 0 109 0 120 0 114 0 255 0 339 0 434 0 492 0 451 0 417 0 358 0 289 0 205 0 103 0 
