0 46 99 84 -18 0 4 12

0 37 78 79 -8 2 6 22

0 72 77 7 -3 3 18 25

0 22 88 8 -4 3 19 23

0 33 42 16 -3 28 48 14

0 94 98 43 -11 10 14 6

0 38 39 43 -5 1 6 18

0 48 83 83 -16 12 17 39

0 30 91 80 -5 6 16 40

0 49 72 88 -9 13 31 28

0 93 98 4 -19 2 14 38

0 41 70 98 -4 10 17 3

0 67 70 95 -5 11 13 27

0 17 42 68 -7 32 39 27

0 60 92 80 -16 6 9 49

0 39 78 56 -2 28 47 5

0 88 92 52 -7 8 34 36

0 55 90 26 -7 2 15 17

0 45 99 26 -14 1 6 46

0 10 20 42 -7 2 15 12

0 31 56 72 -10 14 38 10

0 13 79 46 -10 3 20 26

0 72 93 87 -9 7 14 29

0 59 96 81 -14 3 11 2

0 55 82 24 -10 3 40 41

0 51 60 61 -3 25 29 37

0 10 44 21 -8 1 2 34

0 15 58 11 -9 1 18 10

0 61 85 29 -7 12 26 47

0 33 58 66 -17 7 20 5

0 1 32 43 -9 17 26 25

0 17 85 2 -14 21 48 18

0 20 36 88 -3 0 1 1

0 57 78 34 -7 1 2 49

0 41 64 93 -13 40 49 16

0 13 24 11 -1 6 18 3

0 12 52 17 -18 8 17 20

0 10 20 15 -7 0 11 25

0 5 8 20 -3 0 2 6

0 6 25 71 -20 16 35 21

0 29 46 45 -18 0 2 45

0 25 75 62 -20 31 37 17

0 18 19 59 -5 3 9 18

0 2 97 86 -9 32 49 2

0 5 55 83 -10 26 35 4

0 2 36 73 -6 3 9 18

0 4 46 59 -3 3 45 3

0 4 37 95 -12 5 38 2

0 40 94 3 -14 22 29 3

0 13 85 41 -15 19 26 42

0 5 69 2 -5 16 33 28

0 31 52 77 -4 12 45 38

0 18 62 91 -19 18 30 37

0 20 39 77 -10 21 37 7

0 10 56 66 -6 9 46 34

0 6 29 99 -19 4 22 30

0 21 42 47 -18 9 45 14

0 11 93 42 -15 10 27 31

0 10 55 80 -13 8 42 39

0 14 28 83 -12 4 23 34

0 20 90 7 -10 9 25 16

0 37 57 97 -20 22 25 48

0 8 83 86 -1 0 1 31

0 8 43 61 -15 8 45 8

0 31 41 1 -12 15 32 30

0 9 37 49 -16 7 15 36

0 23 40 89 -12 13 28 34

0 56 77 31 -5 33 49 23

0 25 43 79 -6 9 43 8

0 7 9 19 -13 9 11 11

0 44 51 35 -6 0 1 39

0 12 15 69 -1 6 40 7

0 9 12 58 -4 19 25 34

0 6 22 75 -12 0 14 7

0 51 63 90 -5 32 44 47

0 16 25 8 -16 20 25 37

0 7 9 9 -11 0 31 10

0 10 17 80 -3 3 18 7

0 0 20 61 -14 11 19 42

0 16 17 62 -13 26 45 38

0 2 36 97 -8 22 44 18

0 18 19 41 -1 15 23 38

0 1 67 98 -17 0 1 36

0 11 18 91 -9 0 39 36

0 14 47 32 -14 17 42 6

0 2 3 70 -20 7 14 48

0 9 16 48 -4 17 46 45

0 13 15 97 -3 20 49 37

0 0 27 83 -15 20 24 1

0 8 11 16 -1 7 21 18

0 2 34 18 -6 3 35 36

0 13 36 0 -5 27 39 40

0 4 15 63 -18 0 17 45

0 1 3 14 -11 5 10 9

0 1 5 83 -1 10 13 6

0 24 34 21 -1 35 46 46

0 9 24 9 -7 8 23 43

0 3 9 52 -17 13 16 30

0 9 31 2 -16 12 36 2

0 3 7 54 -3 5 22 32


SAlphaB: 713.0, std-dev 248.33680087064556

Earliest win: 39
Latest win: 81

WinDepth:
0 0 0 0 0 0 0 0 0 0 0 0 0 0 0 0 0 0 0 0 0 0 0 0 0 0 0 0 0 0 0 0 0 0 0 0 0 0 0 5 0 0 1 10 10 22 14 46 30 48 76 178 58 114 81 140 93 183 155 180 136 233 252 340 352 374 395 397 455 422 468 492 406 424 410 361 290 240 188 133 116 68 
SAlphaB:
0 0 0 0 0 0 0 0 0 0 0 0 0 0 0 0 0 0 0 0 0 0 0 0 0 0 0 0 0 0 0 0 0 0 0 0 0 0 0 5 0 0 1 10 10 22 14 46 30 48 76 178 58 114 81 140 93 183 155 180 136 233 252 340 352 374 395 397 455 422 468 492 406 424 410 361 290 240 188 133 116 68 

LossDepth:
SAlphaB:
0 0 0 0 0 0 0 0 0 0 0 0 0 0 0 0 0 0 0 0 0 0 0 0 0 0 0 0 0 0 0 0 0 0 0 0 0 0 0 5 0 0 1 10 10 22 14 46 30 48 76 178 58 114 81 140 93 183 155 180 136 233 252 340 352 374 395 397 455 422 468 492 406 424 410 361 290 240 188 133 116 68 

FirstWin:
0 0 0 0 0 0 0 0 0 0 0 0 0 0 0 0 0 0 0 0 0 0 0 0 0 0 0 0 0 0 0 0 0 0 0 0 0 0 0 5 0 0 0 10 0 22 0 46 0 48 0 178 0 114 0 140 0 183 0 180 0 233 0 340 0 374 0 397 0 422 0 492 0 424 0 361 0 240 0 133 0 68 
SAlphaB:
0 0 0 0 0 0 0 0 0 0 0 0 0 0 0 0 0 0 0 0 0 0 0 0 0 0 0 0 0 0 0 0 0 0 0 0 0 0 0 5 0 0 0 10 0 22 0 46 0 48 0 178 0 114 0 140 0 183 0 180 0 233 0 340 0 374 0 397 0 422 0 492 0 424 0 361 0 240 0 133 0 68 

SecondWin:
0 0 0 0 0 0 0 0 0 0 0 0 0 0 0 0 0 0 0 0 0 0 0 0 0 0 0 0 0 0 0 0 0 0 0 0 0 0 0 0 0 0 1 0 10 0 14 0 30 0 76 0 58 0 81 0 93 0 155 0 136 0 252 0 352 0 395 0 455 0 468 0 406 0 410 0 290 0 188 0 116 0 
SAlphaB:
0 0 0 0 0 0 0 0 0 0 0 0 0 0 0 0 0 0 0 0 0 0 0 0 0 0 0 0 0 0 0 0 0 0 0 0 0 0 0 0 0 0 1 0 10 0 14 0 30 0 76 0 58 0 81 0 93 0 155 0 136 0 252 0 352 0 395 0 455 0 468 0 406 0 410 0 290 0 188 0 116 0 
