0 44 81 35 -8 6 18 1

0 37 77 15 -2 1 28 7

0 60 98 24 -3 19 40 40

0 61 82 90 -3 9 32 18

0 43 80 23 -7 0 6 2

0 46 79 36 -7 1 11 8

0 68 82 72 -8 3 25 27

0 20 53 17 -13 2 6 4

0 68 93 2 -3 6 20 16

0 74 98 52 -15 3 30 34

0 42 63 76 -9 8 14 13

0 45 68 34 -8 2 16 12

0 35 86 86 -1 3 11 30

0 61 83 23 -6 11 34 21

0 43 92 40 -17 1 10 14

0 50 58 69 -6 4 21 14

0 28 86 44 -14 2 7 9

0 52 84 48 -9 7 20 29

0 32 59 99 -20 1 4 4

0 24 72 19 -18 1 5 27

0 28 79 7 -6 4 9 10

0 38 78 51 -20 1 8 12

0 34 56 10 -14 4 21 22

0 65 80 65 -8 17 18 8

0 44 80 89 -4 8 21 22

0 71 94 62 -2 16 32 14

0 38 65 32 -4 3 17 16

0 53 95 27 -10 7 17 16

0 32 84 0 -17 6 11 42

0 69 85 54 -11 2 30 26

0 39 92 60 -6 1 6 8

0 53 95 98 -2 3 42 1

0 44 53 76 -6 0 9 7

0 20 92 33 -4 0 7 10

0 10 87 68 -4 8 20 8

0 39 54 82 -11 2 3 3

0 61 92 36 -2 5 39 2

0 36 80 18 -5 3 4 17

0 61 65 9 -13 7 16 12

0 25 68 1 -11 0 1 26

0 14 53 24 -7 0 10 4

0 58 83 42 -14 0 7 20

0 91 99 81 -2 5 41 40

0 59 60 37 -19 3 10 1

0 26 65 69 -3 3 4 11

0 81 88 74 -15 2 13 14

0 70 76 86 -12 2 18 16

0 15 76 43 -13 0 1 28

0 21 54 70 -18 0 1 6

0 34 90 92 -17 0 7 41

0 14 70 53 -1 3 7 3

0 14 70 15 -9 0 4 6

0 36 50 71 -1 2 18 24

0 51 86 21 -11 5 14 14

0 19 24 31 -6 2 12 17

0 24 69 95 -7 18 27 8

0 49 80 59 -8 2 40 11

0 48 55 49 -11 3 14 20

0 56 94 16 -5 2 41 30

0 18 80 77 -6 17 40 13

0 61 99 75 -6 2 7 27

0 30 64 53 -20 14 16 16

0 46 72 93 -15 3 7 15

0 36 52 75 -17 3 15 15

0 32 54 85 -6 14 36 41

0 27 33 90 -7 6 12 9

0 11 35 37 -7 1 2 5

0 23 24 94 -6 2 6 1

0 18 58 88 -19 7 18 34

0 67 80 7 -4 18 40 0

0 21 65 83 -17 0 2 9

0 52 69 85 -8 19 44 4

0 57 59 1 -5 0 19 25

0 40 75 79 -20 13 20 28

0 39 50 0 -14 1 6 4

0 45 92 82 -9 4 5 2

0 34 90 31 -10 14 18 26

0 59 85 58 -14 0 1 7

0 59 74 69 -19 8 19 15

0 61 62 9 -2 18 26 15

0 85 89 27 -6 8 20 22

0 22 35 35 -6 8 25 13

0 26 60 63 -11 40 44 15

0 8 52 8 -12 1 2 10

0 50 55 62 -11 2 5 14

0 20 70 96 -14 2 4 4

0 12 43 27 -9 0 2 29

0 66 82 35 -1 8 13 29

0 28 55 98 -20 11 15 45

0 12 96 73 -20 1 22 1

0 51 80 86 -6 15 30 17

0 2 82 21 -18 2 4 14

0 26 56 61 -4 15 21 15

0 15 57 48 -9 29 33 10

0 2 55 41 -4 9 30 21

0 7 86 73 -8 4 27 3

0 5 46 89 -5 19 36 19

0 10 80 96 -10 0 1 20

0 17 57 76 -17 3 9 3

0 28 35 78 -3 26 34 16


SAlphaB: 759.0, std-dev 245.8627252075122

Earliest win: 35
Latest win: 81

WinDepth:
0 0 0 0 0 0 0 0 0 0 0 0 0 0 0 0 0 0 0 0 0 0 0 0 0 0 0 0 0 0 0 0 0 0 0 1 0 11 0 10 9 17 19 42 18 44 39 185 49 144 153 372 183 252 249 407 338 570 369 513 494 705 693 829 818 919 923 934 997 1070 882 985 872 813 898 736 541 472 386 278 190 146 
SAlphaB:
0 0 0 0 0 0 0 0 0 0 0 0 0 0 0 0 0 0 0 0 0 0 0 0 0 0 0 0 0 0 0 0 0 0 0 1 0 11 0 10 9 17 19 42 18 44 39 185 49 144 153 372 183 252 249 407 338 570 369 513 494 705 693 829 818 919 923 934 997 1070 882 985 872 813 898 736 541 472 386 278 190 146 

LossDepth:
SAlphaB:
0 0 0 0 0 0 0 0 0 0 0 0 0 0 0 0 0 0 0 0 0 0 0 0 0 0 0 0 0 0 0 0 0 0 0 2 0 20 1 7 5 13 5 25 12 35 26 91 26 83 98 145 138 122 161 226 225 344 251 372 327 455 438 642 548 713 699 704 693 826 673 845 664 677 698 671 431 405 318 272 178 147 

FirstWin:
0 0 0 0 0 0 0 0 0 0 0 0 0 0 0 0 0 0 0 0 0 0 0 0 0 0 0 0 0 0 0 0 0 0 0 1 0 11 0 10 0 17 0 42 0 44 0 185 0 144 0 372 0 252 0 407 0 570 0 513 0 705 0 829 0 919 0 934 0 1070 0 985 0 813 0 736 0 472 0 278 0 146 
SAlphaB:
0 0 0 0 0 0 0 0 0 0 0 0 0 0 0 0 0 0 0 0 0 0 0 0 0 0 0 0 0 0 0 0 0 0 0 1 0 11 0 10 0 17 0 42 0 44 0 185 0 144 0 372 0 252 0 407 0 570 0 513 0 705 0 829 0 919 0 934 0 1070 0 985 0 813 0 736 0 472 0 278 0 146 

SecondWin:
0 0 0 0 0 0 0 0 0 0 0 0 0 0 0 0 0 0 0 0 0 0 0 0 0 0 0 0 0 0 0 0 0 0 0 0 0 0 0 0 9 0 19 0 18 0 39 0 49 0 153 0 183 0 249 0 338 0 369 0 494 0 693 0 818 0 923 0 997 0 882 0 872 0 898 0 541 0 386 0 190 0 
SAlphaB:
0 0 0 0 0 0 0 0 0 0 0 0 0 0 0 0 0 0 0 0 0 0 0 0 0 0 0 0 0 0 0 0 0 0 0 0 0 0 0 0 9 0 19 0 18 0 39 0 49 0 153 0 183 0 249 0 338 0 369 0 494 0 693 0 818 0 923 0 997 0 882 0 872 0 898 0 541 0 386 0 190 0 
