0 14 70 15 -9 0 4 6

0 28 86 44 -14 2 7 9

0 24 72 19 -18 1 5 27

0 61 62 9 -2 18 26 15

0 28 79 7 -6 4 9 10

0 19 24 31 -6 2 12 17

0 35 86 86 -1 3 11 30

0 58 83 42 -14 0 7 20

0 23 24 94 -6 2 6 1

0 56 94 16 -5 2 41 30

0 28 97 23 -1 8 9 31

0 52 65 14 -9 12 19 0

0 20 25 17 -12 1 7 18

0 91 93 63 -15 0 5 28

0 40 88 95 -14 2 10 17

0 66 92 71 -7 0 7 6

0 23 27 76 -1 5 14 4

0 5 69 52 -12 11 27 22

0 38 45 0 -10 3 8 37

0 87 90 27 -19 8 44 7

0 17 81 25 -8 2 22 4

0 61 74 74 -3 16 20 16

0 84 99 74 -1 2 28 31

0 34 45 98 -5 26 33 14

0 27 92 99 -18 6 13 11

0 9 54 67 -17 11 28 24

0 54 67 32 -3 7 8 28

0 36 97 30 -13 2 3 39

0 15 92 24 -5 12 27 9

0 50 71 88 -10 1 9 32

0 13 44 46 -13 3 6 27

0 4 37 75 -5 21 36 40

0 77 92 14 -15 3 13 26

0 60 99 31 -6 33 39 41

0 43 86 8 -17 16 36 42

0 7 40 39 -15 20 26 15

0 13 67 95 -10 11 41 12

0 76 77 67 -19 1 4 9

0 16 57 92 -16 5 22 24

0 3 47 46 -5 0 1 32

0 14 28 48 -11 25 28 27

0 25 33 68 -10 0 2 19

0 66 92 75 -12 20 27 18

0 24 27 12 -12 3 4 16

0 18 97 89 -16 14 16 33

0 6 88 7 -16 28 30 10

0 9 13 49 -18 0 6 22

0 71 82 90 -13 3 5 49

0 80 87 51 -9 13 23 46

0 42 72 45 -12 1 13 41

0 18 38 81 -10 18 41 36

0 70 74 74 -20 16 20 45

0 16 33 64 -12 3 4 29

0 77 81 49 -14 26 39 31

0 53 56 32 -7 2 3 7

0 66 86 14 -6 30 37 45

0 7 26 3 -6 6 9 8

0 2 5 82 -15 0 1 8

0 29 87 4 -20 14 15 21

0 8 32 8 -12 33 36 8

0 7 12 95 -1 18 26 8

0 72 81 4 -8 33 47 13

0 9 12 21 -7 3 6 23

0 17 98 20 -6 33 34 15

0 64 65 98 -3 33 40 27

0 10 19 33 -5 12 16 19

0 34 46 39 -19 1 4 49

0 9 57 53 -19 12 13 47

0 19 55 53 -15 24 26 33

0 26 38 88 -17 4 25 6

0 10 40 17 -14 5 8 23

0 1 45 64 -14 0 8 42

0 4 5 27 -5 5 34 35

0 37 72 71 -10 12 18 21

0 24 27 50 -7 18 39 14

0 25 27 27 -7 3 43 49

0 1 21 82 -8 39 42 13

0 10 49 8 -15 0 32 45

0 14 21 97 -11 18 19 46

0 12 36 71 -16 47 49 36

0 36 42 3 -11 25 44 47

0 4 34 77 -15 24 35 17

0 0 3 14 -14 13 14 13

0 5 10 55 -16 1 19 35

0 6 10 32 -9 2 26 33

0 7 10 58 -4 10 20 37

0 2 34 2 -6 4 7 33

0 1 4 81 -1 6 23 13

0 3 94 93 -1 3 42 26

0 8 10 89 -13 20 27 12

0 5 8 0 -20 9 17 42

0 25 32 54 -18 20 49 36

0 3 30 48 -7 2 13 43

0 11 40 29 -13 23 46 36

0 1 3 65 -10 10 47 17

0 13 27 23 -2 39 44 37

0 5 8 75 -1 2 3 37

0 8 10 4 -11 0 17 31

0 2 25 27 -10 39 43 2

0 1 3 67 -1 11 12 7


SAlphaB: 691.0, std-dev 261.72704205995706

Earliest win: 35
Latest win: 81

WinDepth:
0 0 0 0 0 0 0 0 0 0 0 0 0 0 0 0 0 0 0 0 0 0 0 0 0 0 0 0 0 0 0 0 0 0 0 2 0 0 0 1 0 6 4 16 4 22 5 69 48 61 87 169 96 132 73 178 126 211 117 195 146 258 235 362 281 358 385 363 440 442 400 474 378 407 426 356 272 245 186 148 120 78 
SAlphaB:
0 0 0 0 0 0 0 0 0 0 0 0 0 0 0 0 0 0 0 0 0 0 0 0 0 0 0 0 0 0 0 0 0 0 0 2 0 0 0 1 0 6 4 16 4 22 5 69 48 61 87 169 96 132 73 178 126 211 117 195 146 258 235 362 281 358 385 363 440 442 400 474 378 407 426 356 272 245 186 148 120 78 

LossDepth:
SAlphaB:
0 0 0 0 0 0 0 0 0 0 0 0 0 0 0 0 0 0 0 0 0 0 0 0 0 0 0 0 0 0 0 0 0 0 0 2 0 0 0 1 0 6 4 16 4 22 5 69 48 61 87 169 96 132 73 178 126 211 117 195 146 258 235 362 281 358 385 363 440 442 400 474 378 407 426 356 272 245 186 148 120 78 

FirstWin:
0 0 0 0 0 0 0 0 0 0 0 0 0 0 0 0 0 0 0 0 0 0 0 0 0 0 0 0 0 0 0 0 0 0 0 2 0 0 0 1 0 6 0 16 0 22 0 69 0 61 0 169 0 132 0 178 0 211 0 195 0 258 0 362 0 358 0 363 0 442 0 474 0 407 0 356 0 245 0 148 0 78 
SAlphaB:
0 0 0 0 0 0 0 0 0 0 0 0 0 0 0 0 0 0 0 0 0 0 0 0 0 0 0 0 0 0 0 0 0 0 0 2 0 0 0 1 0 6 0 16 0 22 0 69 0 61 0 169 0 132 0 178 0 211 0 195 0 258 0 362 0 358 0 363 0 442 0 474 0 407 0 356 0 245 0 148 0 78 

SecondWin:
0 0 0 0 0 0 0 0 0 0 0 0 0 0 0 0 0 0 0 0 0 0 0 0 0 0 0 0 0 0 0 0 0 0 0 0 0 0 0 0 0 0 4 0 4 0 5 0 48 0 87 0 96 0 73 0 126 0 117 0 146 0 235 0 281 0 385 0 440 0 400 0 378 0 426 0 272 0 186 0 120 0 
SAlphaB:
0 0 0 0 0 0 0 0 0 0 0 0 0 0 0 0 0 0 0 0 0 0 0 0 0 0 0 0 0 0 0 0 0 0 0 0 0 0 0 0 0 0 4 0 4 0 5 0 48 0 87 0 96 0 73 0 126 0 117 0 146 0 235 0 281 0 385 0 440 0 400 0 378 0 426 0 272 0 186 0 120 0 
