0 65 80 65 -8 17 18 8

0 44 81 35 -8 6 18 1

0 43 92 40 -17 1 10 14

0 61 65 9 -13 7 16 12

0 53 95 27 -10 7 17 16

0 68 82 72 -8 3 25 27

0 30 64 53 -20 14 16 16

0 59 60 37 -19 3 10 1

0 36 50 71 -1 2 18 24

0 44 80 89 -4 8 21 22

0 56 86 72 -18 7 32 17

0 24 38 98 -17 3 7 6

0 19 82 72 -13 22 47 47

0 33 37 43 -10 25 35 11

0 57 66 25 -12 1 16 6

0 34 68 24 -3 13 14 7

0 51 79 59 -13 11 45 31

0 63 98 18 -16 11 25 16

0 53 72 8 -1 5 33 30

0 18 60 8 -19 11 17 16

0 35 68 12 -20 1 8 42

0 58 83 79 -1 4 8 29

0 9 32 66 -5 18 39 43

0 89 90 41 -8 0 14 24

0 26 53 60 -7 3 24 11

0 45 49 84 -2 2 10 12

0 46 68 65 -1 3 6 14

0 5 18 84 -10 4 7 11

0 25 89 17 -3 0 21 39

0 24 52 44 -18 9 16 18

0 26 48 37 -5 14 21 21

0 77 79 34 -17 15 18 34

0 24 65 64 -13 15 27 21

0 15 63 55 -9 5 6 39

0 15 42 39 -19 7 8 14

0 15 35 97 -12 13 24 26

0 23 33 12 -1 15 18 34

0 14 66 81 -20 5 14 46

0 11 90 68 -20 19 23 45

0 25 27 24 -1 0 1 15

0 30 48 95 -12 31 41 5

0 11 43 52 -16 19 44 32

0 68 93 84 -8 34 36 37

0 58 84 92 -17 17 28 6

0 16 29 98 -10 0 9 29

0 27 64 86 -7 3 4 15

0 45 56 92 -9 13 33 16

0 57 72 26 -16 19 45 16

0 37 81 99 -9 0 2 44

0 56 64 0 -13 36 42 12

0 14 44 52 -10 0 5 35

0 38 65 3 -17 17 18 24

0 32 42 31 -19 15 30 36

0 18 23 46 -20 9 10 1

0 12 56 12 -16 15 31 17

0 10 27 39 -10 26 39 20

0 0 23 47 -1 24 44 7

0 9 15 96 -10 10 15 18

0 49 57 85 -13 14 22 27

0 38 53 12 -5 0 26 32

0 6 98 8 -7 9 38 6

0 3 53 84 -8 15 30 49

0 7 25 68 -11 9 16 41

0 15 90 92 -5 46 49 0

0 64 84 8 -8 2 3 39

0 6 71 52 -17 6 29 12

0 43 52 18 -10 11 31 27

0 2 40 92 -2 3 5 38

0 45 48 49 -1 22 26 29

0 6 22 27 -1 14 16 7

0 39 64 4 -18 23 27 48

0 21 40 20 -17 7 36 15

0 43 48 21 -3 2 15 35

0 61 70 33 -12 24 25 40

0 23 36 22 -19 1 30 21

0 18 80 46 -9 17 20 13

0 16 59 47 -6 10 27 29

0 28 64 46 -3 35 42 49

0 53 73 88 -9 38 40 38

0 16 64 15 -5 0 37 0

0 3 36 36 -3 4 34 19

0 56 57 65 -2 28 43 29

0 6 11 50 -7 5 7 25

0 18 40 0 -7 19 30 29

0 32 41 85 -8 14 33 32

0 6 9 71 -16 17 49 7

0 9 21 24 -18 7 29 12

0 15 24 65 -5 36 37 19

0 4 6 96 -8 3 11 47

0 15 26 67 -12 3 17 37

0 5 33 74 -15 32 47 41

0 61 89 51 -16 45 47 9

0 0 1 16 -6 11 46 46

0 9 14 46 -4 5 10 41

0 7 17 4 -16 21 24 34

0 23 28 62 -9 28 39 6

0 6 39 44 -7 33 45 3

0 33 40 17 -3 0 5 44

0 1 35 32 -10 2 9 44

0 4 8 20 -11 31 37 0


SAlphaB: 716.0, std-dev 264.12749848235313

Earliest win: 36
Latest win: 81

WinDepth:
0 0 0 0 0 0 0 0 0 0 0 0 0 0 0 0 0 0 0 0 0 0 0 0 0 0 0 0 0 0 0 0 0 0 0 0 2 5 0 3 15 9 5 29 6 14 12 65 20 78 69 186 116 105 117 155 110 176 108 168 132 229 265 312 301 343 338 417 446 439 474 502 380 382 400 393 256 230 194 137 96 86 
SAlphaB:
0 0 0 0 0 0 0 0 0 0 0 0 0 0 0 0 0 0 0 0 0 0 0 0 0 0 0 0 0 0 0 0 0 0 0 0 2 5 0 3 15 9 5 29 6 14 12 65 20 78 69 186 116 105 117 155 110 176 108 168 132 229 265 312 301 343 338 417 446 439 474 502 380 382 400 393 256 230 194 137 96 86 

LossDepth:
SAlphaB:
0 0 0 0 0 0 0 0 0 0 0 0 0 0 0 0 0 0 0 0 0 0 0 0 0 0 0 0 0 0 0 0 0 0 0 0 2 5 0 3 15 9 5 29 6 14 12 65 20 78 69 186 116 105 117 155 110 176 108 168 132 229 265 312 301 343 338 417 446 439 474 502 380 382 400 393 256 230 194 137 96 86 

FirstWin:
0 0 0 0 0 0 0 0 0 0 0 0 0 0 0 0 0 0 0 0 0 0 0 0 0 0 0 0 0 0 0 0 0 0 0 0 0 5 0 3 0 9 0 29 0 14 0 65 0 78 0 186 0 105 0 155 0 176 0 168 0 229 0 312 0 343 0 417 0 439 0 502 0 382 0 393 0 230 0 137 0 86 
SAlphaB:
0 0 0 0 0 0 0 0 0 0 0 0 0 0 0 0 0 0 0 0 0 0 0 0 0 0 0 0 0 0 0 0 0 0 0 0 0 5 0 3 0 9 0 29 0 14 0 65 0 78 0 186 0 105 0 155 0 176 0 168 0 229 0 312 0 343 0 417 0 439 0 502 0 382 0 393 0 230 0 137 0 86 

SecondWin:
0 0 0 0 0 0 0 0 0 0 0 0 0 0 0 0 0 0 0 0 0 0 0 0 0 0 0 0 0 0 0 0 0 0 0 0 2 0 0 0 15 0 5 0 6 0 12 0 20 0 69 0 116 0 117 0 110 0 108 0 132 0 265 0 301 0 338 0 446 0 474 0 380 0 400 0 256 0 194 0 96 0 
SAlphaB:
0 0 0 0 0 0 0 0 0 0 0 0 0 0 0 0 0 0 0 0 0 0 0 0 0 0 0 0 0 0 0 0 0 0 0 0 2 0 0 0 15 0 5 0 6 0 12 0 20 0 69 0 116 0 117 0 110 0 108 0 132 0 265 0 301 0 338 0 446 0 474 0 380 0 400 0 256 0 194 0 96 0 
