0 36 80 18 -5 3 4 17

0 43 80 23 -7 0 6 2

0 74 98 52 -15 3 30 34

0 26 65 69 -3 3 4 11

0 46 72 93 -15 3 7 15

0 17 57 76 -17 3 9 3

0 10 87 68 -4 8 20 8

0 15 57 48 -9 29 33 10

0 49 80 59 -8 2 40 11

0 2 55 41 -4 9 30 21

0 18 64 79 -3 19 41 32

0 33 83 16 -9 4 12 48

0 4 84 92 -5 46 47 29

0 61 65 18 -17 7 20 23

0 40 96 75 -1 2 4 8

0 2 24 94 -9 4 10 2

0 15 70 52 -9 22 45 36

0 75 95 19 -6 9 34 9

0 17 79 10 -6 1 2 39

0 6 65 12 -12 27 41 1

0 38 51 45 -4 9 30 49

0 73 78 38 -3 3 9 3

0 48 79 26 -5 9 20 4

0 64 98 26 -13 8 15 2

0 12 72 44 -8 14 37 4

0 11 36 10 -17 9 16 27

0 86 89 61 -14 1 5 13

0 36 51 68 -5 29 48 19

0 39 49 90 -8 13 37 15

0 18 45 84 -3 14 17 4

0 38 46 60 -18 7 24 45

0 2 8 91 -19 0 3 1

0 13 42 97 -20 32 41 39

0 19 30 16 -2 9 12 30

0 62 81 28 -6 21 29 12

0 12 38 70 -6 9 43 1

0 1 48 50 -4 6 19 1

0 20 78 64 -19 3 47 1

0 48 63 22 -8 0 13 38

0 14 55 62 -15 38 45 24

0 14 15 41 -12 4 37 2

0 8 84 34 -4 21 28 39

0 25 97 49 -11 14 41 23

0 15 26 50 -1 8 36 2

0 69 89 14 -18 7 10 9

0 77 88 64 -4 3 24 26

0 10 68 63 -3 23 42 33

0 7 36 96 -11 1 13 0

0 9 49 63 -10 25 37 40

0 37 47 12 -12 31 46 8

0 5 43 62 -14 5 30 25

0 4 28 84 -12 12 31 47

0 77 98 68 -4 25 28 6

0 18 26 5 -3 33 39 31

0 31 54 73 -4 17 23 5

0 55 83 88 -20 20 32 15

0 29 52 61 -20 11 12 17

0 28 46 86 -17 7 36 36

0 29 32 55 -4 27 47 18

0 5 33 76 -3 26 29 11

0 27 59 78 -12 22 33 45

0 36 42 51 -2 2 4 46

0 9 17 16 -2 16 29 14

0 11 28 96 -8 2 19 38

0 19 24 74 -9 2 42 18

0 8 29 65 -15 24 29 42

0 6 50 67 -13 11 43 40

0 29 49 60 -2 6 10 34

0 11 22 64 -4 8 37 45

0 0 25 9 -14 12 15 3

0 0 8 44 -20 36 40 43

0 2 61 70 -18 1 2 32

0 6 15 4 -11 2 37 1

0 86 91 18 -5 0 8 23

0 20 27 90 -9 12 41 37

0 6 9 2 -9 34 41 29

0 7 18 74 -8 13 23 46

0 3 6 5 -15 35 41 21

0 35 49 61 -11 18 27 47

0 6 25 81 -14 27 32 26

0 21 24 53 -18 9 14 41

0 16 26 23 -14 3 15 33

0 4 8 52 -11 18 39 29

0 12 22 41 -5 34 41 44

0 2 4 46 -17 21 32 15

0 1 6 77 -19 28 32 17

0 14 17 66 -3 17 18 48

0 0 1 74 -13 0 11 18

0 3 4 85 -19 37 44 12

0 4 10 42 -4 9 13 3

0 6 13 78 -5 1 7 48

0 0 28 94 -19 18 31 44

0 7 13 53 -11 23 37 32

0 6 12 99 -20 5 31 35

0 1 3 22 -1 1 2 16

0 23 34 35 -6 13 18 28

0 7 14 13 -2 3 42 45

0 2 7 42 -9 3 13 41

0 1 5 48 -6 1 3 25

0 0 2 50 -2 4 16 26


SAlphaB: 701.0, std-dev 258.33910521411246

Earliest win: 40
Latest win: 81

WinDepth:
0 0 0 0 0 0 0 0 0 0 0 0 0 0 0 0 0 0 0 0 0 0 0 0 0 0 0 0 0 0 0 0 0 0 0 0 0 0 0 0 2 3 3 28 17 9 12 66 25 20 77 210 124 97 85 126 138 181 157 181 153 210 242 326 340 326 436 405 426 393 450 361 454 444 425 392 242 239 188 142 95 68 
SAlphaB:
0 0 0 0 0 0 0 0 0 0 0 0 0 0 0 0 0 0 0 0 0 0 0 0 0 0 0 0 0 0 0 0 0 0 0 0 0 0 0 0 2 3 3 28 17 9 12 66 25 20 77 210 124 97 85 126 138 181 157 181 153 210 242 326 340 326 436 405 426 393 450 361 454 444 425 392 242 239 188 142 95 68 

LossDepth:
SAlphaB:
0 0 0 0 0 0 0 0 0 0 0 0 0 0 0 0 0 0 0 0 0 0 0 0 0 0 0 0 0 0 0 0 0 0 0 0 0 0 0 0 2 3 3 28 17 9 12 66 25 20 77 210 124 97 85 126 138 181 157 181 153 210 242 326 340 326 436 405 426 393 450 361 454 444 425 392 242 239 188 142 95 68 

FirstWin:
0 0 0 0 0 0 0 0 0 0 0 0 0 0 0 0 0 0 0 0 0 0 0 0 0 0 0 0 0 0 0 0 0 0 0 0 0 0 0 0 0 3 0 28 0 9 0 66 0 20 0 210 0 97 0 126 0 181 0 181 0 210 0 326 0 326 0 405 0 393 0 361 0 444 0 392 0 239 0 142 0 68 
SAlphaB:
0 0 0 0 0 0 0 0 0 0 0 0 0 0 0 0 0 0 0 0 0 0 0 0 0 0 0 0 0 0 0 0 0 0 0 0 0 0 0 0 0 3 0 28 0 9 0 66 0 20 0 210 0 97 0 126 0 181 0 181 0 210 0 326 0 326 0 405 0 393 0 361 0 444 0 392 0 239 0 142 0 68 

SecondWin:
0 0 0 0 0 0 0 0 0 0 0 0 0 0 0 0 0 0 0 0 0 0 0 0 0 0 0 0 0 0 0 0 0 0 0 0 0 0 0 0 2 0 3 0 17 0 12 0 25 0 77 0 124 0 85 0 138 0 157 0 153 0 242 0 340 0 436 0 426 0 450 0 454 0 425 0 242 0 188 0 95 0 
SAlphaB:
0 0 0 0 0 0 0 0 0 0 0 0 0 0 0 0 0 0 0 0 0 0 0 0 0 0 0 0 0 0 0 0 0 0 0 0 0 0 0 0 2 0 3 0 17 0 12 0 25 0 77 0 124 0 85 0 138 0 157 0 153 0 242 0 340 0 436 0 426 0 450 0 454 0 425 0 242 0 188 0 95 0 
