0 59 85 58 -14 0 1 7

0 32 59 99 -20 1 4 4

0 60 98 24 -3 19 40 40

0 45 68 34 -8 2 16 12

0 8 52 8 -12 1 2 10

0 26 56 61 -4 15 21 15

0 26 60 63 -11 40 44 15

0 52 69 85 -8 19 44 4

0 48 55 49 -11 3 14 20

0 28 55 98 -20 11 15 45

0 56 62 82 -2 4 15 6

0 37 88 13 -15 13 34 19

0 5 89 41 -5 38 44 13

0 1 56 68 -7 17 42 9

0 42 84 21 -2 1 22 34

0 26 27 78 -8 13 26 4

0 20 42 30 -6 19 29 7

0 10 27 46 -19 1 4 20

0 13 66 38 -19 7 19 2

0 37 70 76 -3 14 32 10

0 50 54 8 -5 6 19 1

0 19 73 99 -10 25 41 44

0 61 93 27 -11 5 12 49

0 25 75 5 -18 4 10 26

0 21 76 69 -10 1 25 42

0 44 80 63 -6 0 6 28

0 36 93 32 -11 11 28 38

0 18 77 67 -18 14 40 10

0 63 87 20 -8 6 15 3

0 22 91 90 -6 1 7 40

0 4 93 31 -8 2 40 10

0 25 57 75 -3 28 47 35

0 30 42 48 -6 28 30 13

0 54 99 23 -7 5 32 35

0 72 96 30 -20 15 21 32

0 12 75 80 -9 23 34 30

0 65 97 25 -5 2 16 34

0 15 32 96 -7 23 45 9

0 4 40 52 -11 10 24 12

0 38 87 47 -8 17 29 15

0 39 65 67 -4 10 49 4

0 22 48 17 -1 28 47 7

0 6 22 94 -2 22 23 10

0 22 27 83 -7 8 12 24

0 82 92 98 -1 1 22 8

0 23 57 29 -2 3 14 32

0 18 43 73 -8 0 1 23

0 13 45 49 -6 3 6 36

0 15 20 16 -5 19 37 9

0 10 37 91 -17 15 28 5

0 5 34 74 -16 8 12 1

0 22 90 61 -14 16 25 32

0 25 78 27 -20 4 28 11

0 73 94 55 -15 25 41 2

0 55 65 26 -4 24 28 16

0 63 66 86 -7 15 20 32

0 4 56 77 -19 8 33 29

0 31 62 12 -2 12 18 44

0 44 71 88 -11 14 18 49

0 26 70 23 -1 13 17 30

0 11 31 48 -17 6 23 2

0 58 59 19 -4 7 8 45

0 23 93 38 -16 15 44 7

0 32 39 55 -2 6 14 42

0 35 45 55 -3 2 43 22

0 0 9 95 -18 2 11 16

0 26 33 31 -20 11 21 12

0 1 8 8 -17 26 32 26

0 11 21 18 -1 5 8 15

0 19 64 58 -13 21 35 42

0 22 32 80 -20 9 36 43

0 29 57 35 -13 16 43 33

0 47 91 68 -19 38 43 19

0 6 88 50 -16 4 31 38

0 6 75 53 -2 3 10 9

0 6 23 1 -7 18 40 41

0 18 78 18 -1 25 27 21

0 25 62 51 -16 7 32 47

0 25 60 97 -16 9 36 43

0 1 12 23 -18 20 42 6

0 13 67 63 -4 19 21 49

0 19 62 84 -7 24 35 3

0 20 25 48 -19 13 37 30

0 1 33 73 -15 11 43 30

0 17 24 63 -3 9 29 45

0 3 50 60 -6 2 13 46

0 3 32 33 -5 1 9 40

0 8 17 57 -13 27 48 24

0 24 66 10 -1 25 33 44

0 17 29 11 -3 19 46 26

0 0 3 21 -12 7 41 6

0 4 7 42 -18 3 5 42

0 8 15 65 -14 8 10 14

0 4 8 67 -7 9 11 1

0 0 18 11 -2 1 7 26

0 11 17 92 -11 16 39 40

0 3 5 42 -1 5 15 26

0 0 2 98 -7 3 48 13

0 10 18 53 -12 24 36 40

0 12 17 1 -14 21 32 48


SAlphaB: 707.0, std-dev 262.22388142558447

Earliest win: 37
Latest win: 81

WinDepth:
0 0 0 0 0 0 0 0 0 0 0 0 0 0 0 0 0 0 0 0 0 0 0 0 0 0 0 0 0 0 0 0 0 0 0 0 0 15 0 2 9 1 1 12 2 14 15 42 12 62 42 217 61 152 76 137 102 183 146 144 175 227 252 310 365 341 370 399 476 397 488 460 385 424 440 389 258 235 137 144 98 64 
SAlphaB:
0 0 0 0 0 0 0 0 0 0 0 0 0 0 0 0 0 0 0 0 0 0 0 0 0 0 0 0 0 0 0 0 0 0 0 0 0 15 0 2 9 1 1 12 2 14 15 42 12 62 42 217 61 152 76 137 102 183 146 144 175 227 252 310 365 341 370 399 476 397 488 460 385 424 440 389 258 235 137 144 98 64 

LossDepth:
SAlphaB:
0 0 0 0 0 0 0 0 0 0 0 0 0 0 0 0 0 0 0 0 0 0 0 0 0 0 0 0 0 0 0 0 0 0 0 0 0 15 0 2 9 1 1 12 2 14 15 42 12 62 42 217 61 152 76 137 102 183 146 144 175 227 252 310 365 341 370 399 476 397 488 460 385 424 440 389 258 235 137 144 98 64 

FirstWin:
0 0 0 0 0 0 0 0 0 0 0 0 0 0 0 0 0 0 0 0 0 0 0 0 0 0 0 0 0 0 0 0 0 0 0 0 0 15 0 2 0 1 0 12 0 14 0 42 0 62 0 217 0 152 0 137 0 183 0 144 0 227 0 310 0 341 0 399 0 397 0 460 0 424 0 389 0 235 0 144 0 64 
SAlphaB:
0 0 0 0 0 0 0 0 0 0 0 0 0 0 0 0 0 0 0 0 0 0 0 0 0 0 0 0 0 0 0 0 0 0 0 0 0 15 0 2 0 1 0 12 0 14 0 42 0 62 0 217 0 152 0 137 0 183 0 144 0 227 0 310 0 341 0 399 0 397 0 460 0 424 0 389 0 235 0 144 0 64 

SecondWin:
0 0 0 0 0 0 0 0 0 0 0 0 0 0 0 0 0 0 0 0 0 0 0 0 0 0 0 0 0 0 0 0 0 0 0 0 0 0 0 0 9 0 1 0 2 0 15 0 12 0 42 0 61 0 76 0 102 0 146 0 175 0 252 0 365 0 370 0 476 0 488 0 385 0 440 0 258 0 137 0 98 0 
SAlphaB:
0 0 0 0 0 0 0 0 0 0 0 0 0 0 0 0 0 0 0 0 0 0 0 0 0 0 0 0 0 0 0 0 0 0 0 0 0 0 0 0 9 0 1 0 2 0 15 0 12 0 42 0 61 0 76 0 102 0 146 0 175 0 252 0 365 0 370 0 476 0 488 0 385 0 440 0 258 0 137 0 98 0 
