0 42 63 76 -9 8 14 13

0 59 74 69 -19 8 19 15

0 20 53 17 -13 2 6 4

0 37 77 15 -2 1 28 7

0 38 65 32 -4 3 17 16

0 91 99 81 -2 5 41 40

0 5 46 89 -5 19 36 19

0 70 76 86 -12 2 18 16

0 24 69 95 -7 18 27 8

0 52 84 48 -9 7 20 29

0 43 95 89 -4 5 37 25

0 5 23 65 -15 5 13 13

0 34 76 70 -10 0 10 17

0 65 73 38 -4 10 30 45

0 15 79 82 -6 10 16 5

0 56 92 69 -7 6 30 40

0 59 80 88 -15 7 13 47

0 31 39 5 -18 29 30 8

0 39 69 49 -2 17 44 3

0 43 60 31 -13 3 4 0

0 40 53 19 -6 2 4 4

0 77 80 99 -14 24 25 7

0 48 82 58 -2 7 14 38

0 58 93 35 -15 3 28 23

0 90 91 5 -8 4 14 13

0 8 19 72 -7 14 18 34

0 24 66 75 -14 9 15 17

0 15 38 67 -2 16 21 25

0 32 90 98 -5 16 31 30

0 0 67 86 -13 25 38 38

0 58 75 73 -17 3 38 29

0 8 81 41 -9 6 33 41

0 53 57 98 -2 16 22 0

0 15 18 60 -4 3 4 21

0 1 66 57 -6 30 48 34

0 41 64 58 -10 13 37 27

0 8 15 95 -10 0 1 24

0 43 45 72 -18 11 38 11

0 48 98 82 -14 18 45 12

0 27 74 75 -2 11 18 25

0 39 52 88 -18 11 24 14

0 47 82 26 -11 0 4 36

0 28 42 64 -16 7 12 32

0 14 48 44 -8 1 5 35

0 65 66 61 -17 7 18 23

0 60 67 0 -8 5 7 33

0 4 17 55 -12 1 9 11

0 31 68 68 -8 10 15 41

0 20 23 25 -17 4 5 1

0 2 33 15 -3 20 41 2

0 5 10 76 -3 24 36 10

0 30 35 61 -2 2 7 32

0 82 97 94 -14 21 26 39

0 16 42 19 -3 26 46 5

0 17 27 3 -14 38 45 33

0 0 44 86 -16 12 31 33

0 34 57 42 -19 22 26 37

0 40 53 96 -3 2 4 30

0 43 60 24 -10 27 48 14

0 29 60 18 -11 14 19 8

0 13 93 53 -12 4 26 30

0 37 67 23 -3 36 44 12

0 10 47 91 -9 39 40 9

0 14 21 78 -14 4 6 40

0 36 43 67 -20 15 48 10

0 14 50 32 -3 30 35 1

0 19 45 86 -8 42 46 36

0 23 30 77 -16 11 12 30

0 21 45 16 -15 9 47 5

0 2 4 94 -8 20 22 29

0 20 84 14 -20 17 33 19

0 5 59 45 -14 5 6 2

0 12 41 98 -15 5 27 10

0 2 28 0 -20 28 30 8

0 14 77 35 -16 14 22 45

0 2 18 98 -13 2 4 28

0 51 54 78 -13 24 37 15

0 60 71 22 -13 30 45 35

0 19 41 73 -8 23 35 36

0 57 69 64 -5 6 14 27

0 51 56 11 -12 1 10 48

0 14 17 20 -16 31 41 28

0 1 52 62 -3 3 4 43

0 17 20 65 -11 24 44 24

0 8 51 82 -16 17 32 44

0 7 79 97 -2 7 22 32

0 7 11 9 -8 36 38 5

0 13 27 71 -1 8 32 23

0 5 25 40 -14 2 3 44

0 10 66 17 -4 9 20 36

0 6 60 83 -4 3 15 29

0 9 14 14 -14 36 47 20

0 31 92 43 -19 43 44 11

0 16 20 83 -14 34 46 7

0 0 43 98 -8 3 14 31

0 8 69 93 -8 12 14 46

0 4 29 47 -2 0 6 46

0 1 4 56 -9 10 13 37

0 0 1 85 -2 20 43 29

0 1 9 13 -9 11 19 28


SAlphaB: 710.0, std-dev 267.97025558592856

Earliest win: 39
Latest win: 81

WinDepth:
0 0 0 0 0 0 0 0 0 0 0 0 0 0 0 0 0 0 0 0 0 0 0 0 0 0 0 0 0 0 0 0 0 0 0 0 0 0 0 2 2 7 2 13 6 15 10 67 10 34 72 193 114 99 62 154 82 165 136 144 133 238 235 355 304 368 409 394 455 452 463 473 389 479 413 345 271 260 173 130 124 69 
SAlphaB:
0 0 0 0 0 0 0 0 0 0 0 0 0 0 0 0 0 0 0 0 0 0 0 0 0 0 0 0 0 0 0 0 0 0 0 0 0 0 0 2 2 7 2 13 6 15 10 67 10 34 72 193 114 99 62 154 82 165 136 144 133 238 235 355 304 368 409 394 455 452 463 473 389 479 413 345 271 260 173 130 124 69 

LossDepth:
SAlphaB:
0 0 0 0 0 0 0 0 0 0 0 0 0 0 0 0 0 0 0 0 0 0 0 0 0 0 0 0 0 0 0 0 0 0 0 0 0 0 0 2 2 7 2 13 6 15 10 67 10 34 72 193 114 99 62 154 82 165 136 144 133 238 235 355 304 368 409 394 455 452 463 473 389 479 413 345 271 260 173 130 124 69 

FirstWin:
0 0 0 0 0 0 0 0 0 0 0 0 0 0 0 0 0 0 0 0 0 0 0 0 0 0 0 0 0 0 0 0 0 0 0 0 0 0 0 2 0 7 0 13 0 15 0 67 0 34 0 193 0 99 0 154 0 165 0 144 0 238 0 355 0 368 0 394 0 452 0 473 0 479 0 345 0 260 0 130 0 69 
SAlphaB:
0 0 0 0 0 0 0 0 0 0 0 0 0 0 0 0 0 0 0 0 0 0 0 0 0 0 0 0 0 0 0 0 0 0 0 0 0 0 0 2 0 7 0 13 0 15 0 67 0 34 0 193 0 99 0 154 0 165 0 144 0 238 0 355 0 368 0 394 0 452 0 473 0 479 0 345 0 260 0 130 0 69 

SecondWin:
0 0 0 0 0 0 0 0 0 0 0 0 0 0 0 0 0 0 0 0 0 0 0 0 0 0 0 0 0 0 0 0 0 0 0 0 0 0 0 0 2 0 2 0 6 0 10 0 10 0 72 0 114 0 62 0 82 0 136 0 133 0 235 0 304 0 409 0 455 0 463 0 389 0 413 0 271 0 173 0 124 0 
SAlphaB:
0 0 0 0 0 0 0 0 0 0 0 0 0 0 0 0 0 0 0 0 0 0 0 0 0 0 0 0 0 0 0 0 0 0 0 0 0 0 0 0 2 0 2 0 6 0 10 0 10 0 72 0 114 0 62 0 82 0 136 0 133 0 235 0 304 0 409 0 455 0 463 0 389 0 413 0 271 0 173 0 124 0 
