0 21 65 83 -17 0 2 9

0 27 33 90 -7 6 12 9

0 22 35 35 -6 8 25 13

0 18 80 77 -6 17 40 13

0 85 89 27 -6 8 20 22

0 66 82 35 -1 8 13 29

0 61 99 75 -6 2 7 27

0 12 43 27 -9 0 2 29

0 67 80 7 -4 18 40 0

0 10 80 96 -10 0 1 20

0 66 75 22 -11 11 42 48

0 19 20 67 -4 2 10 6

0 59 82 56 -15 15 40 49

0 3 70 81 -1 27 28 32

0 72 81 21 -3 2 5 40

0 27 50 71 -5 12 17 20

0 18 65 61 -11 8 21 28

0 57 73 74 -11 0 1 23

0 6 97 62 -4 4 6 35

0 24 51 41 -8 2 7 35

0 53 70 17 -8 10 36 47

0 1 68 77 -14 24 35 35

0 22 85 0 -17 7 47 6

0 34 87 20 -13 12 13 49

0 25 64 72 -4 9 22 5

0 6 66 64 -6 1 23 12

0 11 96 7 -10 15 39 19

0 32 73 52 -17 11 21 10

0 66 93 13 -16 21 31 46

0 32 57 9 -4 15 42 15

0 22 25 43 -4 8 14 17

0 31 88 65 -16 16 17 48

0 40 61 68 -12 15 28 43

0 24 47 22 -7 5 14 49

0 24 47 78 -13 1 9 46

0 49 68 85 -2 18 22 5

0 8 83 40 -7 25 39 29

0 27 67 67 -17 16 43 43

0 22 43 50 -2 19 20 21

0 10 18 97 -1 0 5 3

0 4 30 16 -8 2 15 4

0 45 48 49 -8 0 43 9

0 12 90 98 -11 13 40 43

0 40 88 58 -14 0 1 41

0 7 72 84 -13 35 47 0

0 14 54 29 -4 30 38 24

0 60 64 55 -14 34 42 38

0 47 51 82 -1 4 18 42

0 9 92 10 -5 1 5 33

0 15 92 8 -13 4 49 9

0 66 90 32 -18 1 33 2

0 28 34 49 -18 14 48 4

0 78 80 64 -3 11 17 30

0 63 91 5 -1 37 38 8

0 47 52 75 -20 6 8 46

0 56 84 5 -13 18 32 49

0 11 16 87 -13 6 7 24

0 31 44 98 -9 25 26 6

0 27 48 98 -10 9 15 35

0 9 13 74 -19 3 9 32

0 19 33 48 -7 0 1 30

0 33 72 99 -8 7 8 48

0 16 23 49 -18 3 28 3

0 7 52 23 -14 10 45 14

0 20 29 37 -13 5 28 23

0 27 57 64 -20 3 24 15

0 3 55 91 -7 25 29 0

0 5 19 88 -5 12 14 19

0 27 48 83 -15 2 24 23

0 2 52 19 -19 42 49 36

0 1 7 5 -16 0 6 11

0 17 23 11 -7 15 35 9

0 10 22 4 -17 20 47 5

0 19 37 26 -17 19 37 26

0 11 24 14 -2 44 47 1

0 4 13 31 -4 12 28 6

0 14 44 56 -14 1 22 28

0 12 42 17 -4 13 18 49

0 12 44 1 -19 2 3 20

0 10 68 80 -14 12 16 4

0 12 37 51 -4 9 45 26

0 29 43 49 -14 17 47 15

0 3 15 27 -2 15 46 22

0 7 9 69 -4 0 1 38

0 2 5 22 -5 6 24 27

0 5 11 56 -14 15 19 5

0 0 1 60 -9 21 30 29

0 6 16 13 -16 10 18 43

0 7 27 10 -8 12 14 32

0 11 35 98 -15 4 19 23

0 0 2 17 -6 13 25 4

0 13 18 23 -1 17 38 38

0 4 12 42 -9 15 34 42

0 2 3 58 -14 14 25 14

0 15 18 0 -18 9 10 18

0 7 13 46 -17 3 44 38

0 10 12 61 -10 21 28 47

0 0 1 29 -2 6 43 18

0 1 5 88 -8 13 23 1

0 0 2 66 -1 7 13 48


SAlphaB: 726.0, std-dev 273.8231849499995

Earliest win: 37
Latest win: 81

WinDepth:
0 0 0 0 0 0 0 0 0 0 0 0 0 0 0 0 0 0 0 0 0 0 0 0 0 0 0 0 0 0 0 0 0 0 0 0 0 10 2 1 15 6 2 16 8 6 14 32 28 61 58 236 87 137 100 200 136 191 164 175 146 260 224 323 345 334 391 414 401 420 393 415 446 423 394 352 232 257 183 155 89 85 
SAlphaB:
0 0 0 0 0 0 0 0 0 0 0 0 0 0 0 0 0 0 0 0 0 0 0 0 0 0 0 0 0 0 0 0 0 0 0 0 0 10 2 1 15 6 2 16 8 6 14 32 28 61 58 236 87 137 100 200 136 191 164 175 146 260 224 323 345 334 391 414 401 420 393 415 446 423 394 352 232 257 183 155 89 85 

LossDepth:
SAlphaB:
0 0 0 0 0 0 0 0 0 0 0 0 0 0 0 0 0 0 0 0 0 0 0 0 0 0 0 0 0 0 0 0 0 0 0 0 0 10 2 1 15 6 2 16 8 6 14 32 28 61 58 236 87 137 100 200 136 191 164 175 146 260 224 323 345 334 391 414 401 420 393 415 446 423 394 352 232 257 183 155 89 85 

FirstWin:
0 0 0 0 0 0 0 0 0 0 0 0 0 0 0 0 0 0 0 0 0 0 0 0 0 0 0 0 0 0 0 0 0 0 0 0 0 10 0 1 0 6 0 16 0 6 0 32 0 61 0 236 0 137 0 200 0 191 0 175 0 260 0 323 0 334 0 414 0 420 0 415 0 423 0 352 0 257 0 155 0 85 
SAlphaB:
0 0 0 0 0 0 0 0 0 0 0 0 0 0 0 0 0 0 0 0 0 0 0 0 0 0 0 0 0 0 0 0 0 0 0 0 0 10 0 1 0 6 0 16 0 6 0 32 0 61 0 236 0 137 0 200 0 191 0 175 0 260 0 323 0 334 0 414 0 420 0 415 0 423 0 352 0 257 0 155 0 85 

SecondWin:
0 0 0 0 0 0 0 0 0 0 0 0 0 0 0 0 0 0 0 0 0 0 0 0 0 0 0 0 0 0 0 0 0 0 0 0 0 0 2 0 15 0 2 0 8 0 14 0 28 0 58 0 87 0 100 0 136 0 164 0 146 0 224 0 345 0 391 0 401 0 393 0 446 0 394 0 232 0 183 0 89 0 
SAlphaB:
0 0 0 0 0 0 0 0 0 0 0 0 0 0 0 0 0 0 0 0 0 0 0 0 0 0 0 0 0 0 0 0 0 0 0 0 0 0 2 0 15 0 2 0 8 0 14 0 28 0 58 0 87 0 100 0 136 0 164 0 146 0 224 0 345 0 391 0 401 0 393 0 446 0 394 0 232 0 183 0 89 0 
