0 11 35 37 -7 1 2 5

0 14 70 53 -1 3 7 3

0 69 85 54 -11 2 30 26

0 44 53 76 -6 0 9 7

0 46 79 36 -7 1 11 8

0 61 82 90 -3 9 32 18

0 20 70 96 -14 2 4 4

0 50 58 69 -6 4 21 14

0 14 53 24 -7 0 10 4

0 39 50 0 -14 1 6 4

0 84 97 32 -9 27 49 2

0 67 76 45 -10 17 37 11

0 17 84 83 -3 0 12 37

0 64 85 54 -17 4 10 44

0 57 64 59 -1 3 14 10

0 2 35 59 -12 1 3 1

0 62 98 41 -10 10 25 38

0 35 80 50 -11 8 39 2

0 8 37 40 -16 0 2 13

0 18 27 61 -5 2 7 9

0 73 79 40 -15 2 28 39

0 47 90 7 -12 9 29 47

0 51 87 81 -10 31 39 5

0 6 29 88 -20 1 2 14

0 44 82 11 -18 0 35 15

0 55 81 74 -15 24 31 37

0 29 43 89 -9 22 27 25

0 55 69 77 -12 8 11 35

0 0 18 76 -7 2 4 3

0 55 71 17 -16 4 39 33

0 12 59 89 -19 11 17 36

0 31 48 85 -16 8 9 9

0 12 52 53 -5 35 39 15

0 28 32 48 -15 6 11 7

0 39 58 84 -6 8 9 38

0 2 79 51 -6 25 41 2

0 87 91 97 -17 21 36 0

0 3 25 69 -14 6 17 22

0 12 56 69 -18 25 26 19

0 10 14 34 -6 2 4 15

0 8 37 38 -2 32 38 14

0 8 41 52 -6 24 35 12

0 6 35 89 -5 14 15 3

0 0 65 40 -16 5 8 2

0 47 69 84 -20 5 12 24

0 18 96 19 -12 14 18 34

0 38 39 89 -2 3 25 43

0 6 37 54 -2 0 2 11

0 18 27 52 -4 1 19 21

0 28 81 86 -3 15 17 36

0 24 39 98 -19 2 25 36

0 12 29 15 -2 21 39 2

0 39 48 84 -14 0 7 49

0 84 96 13 -1 9 13 40

0 68 89 98 -14 28 34 9

0 14 34 68 -9 4 5 48

0 3 54 19 -1 10 29 7

0 8 9 95 -5 7 8 9

0 38 55 30 -9 3 15 42

0 21 29 49 -20 21 48 20

0 28 72 70 -17 8 39 7

0 31 43 36 -10 46 49 24

0 37 45 16 -16 14 29 31

0 20 37 27 -5 18 35 25

0 21 32 42 -18 3 31 24

0 9 13 32 -1 15 19 2

0 14 92 8 -20 2 30 46

0 25 40 58 -20 21 37 21

0 2 16 15 -3 14 26 2

0 4 38 51 -18 9 10 49

0 2 19 67 -3 23 45 10

0 1 7 20 -14 22 46 36

0 5 23 66 -6 43 48 18

0 10 13 67 -1 5 27 10

0 13 21 92 -11 5 30 28

0 0 1 84 -15 7 14 31

0 18 48 61 -4 25 26 41

0 0 20 26 -14 16 27 0

0 24 27 69 -10 23 28 38

0 10 24 52 -1 3 21 20

0 25 64 10 -7 7 48 47

0 2 23 91 -9 27 30 43

0 15 17 85 -4 0 11 15

0 8 18 72 -14 23 40 33

0 3 54 26 -2 3 22 40

0 1 5 99 -7 3 46 3

0 1 4 9 -13 0 14 8

0 0 4 27 -5 19 37 28

0 4 7 84 -20 0 13 22

0 1 3 32 -15 0 14 35

0 1 3 26 -19 1 4 41

0 1 11 8 -11 9 12 6

0 3 9 8 -9 8 29 42

0 0 2 29 -20 32 40 45

0 16 29 4 -15 4 7 40

0 3 39 64 -4 7 43 35

0 0 3 80 -14 4 40 33

0 1 6 95 -6 17 27 39

0 0 4 65 -7 3 48 44

0 0 1 6 -8 4 47 36


SAlphaB: 715.0, std-dev 266.98022758098006

Earliest win: 35
Latest win: 81

WinDepth:
0 0 0 0 0 0 0 0 0 0 0 0 0 0 0 0 0 0 0 0 0 0 0 0 0 0 0 0 0 0 0 0 0 0 0 1 0 1 0 10 1 8 2 15 1 28 12 44 29 83 88 212 86 121 107 133 119 194 170 184 142 255 280 250 322 351 397 386 415 415 417 436 436 396 395 379 272 242 170 148 98 67 
SAlphaB:
0 0 0 0 0 0 0 0 0 0 0 0 0 0 0 0 0 0 0 0 0 0 0 0 0 0 0 0 0 0 0 0 0 0 0 1 0 1 0 10 1 8 2 15 1 28 12 44 29 83 88 212 86 121 107 133 119 194 170 184 142 255 280 250 322 351 397 386 415 415 417 436 436 396 395 379 272 242 170 148 98 67 

LossDepth:
SAlphaB:
0 0 0 0 0 0 0 0 0 0 0 0 0 0 0 0 0 0 0 0 0 0 0 0 0 0 0 0 0 0 0 0 0 0 0 1 0 1 0 10 1 8 2 15 1 28 12 44 29 83 88 212 86 121 107 133 119 194 170 184 142 255 280 250 322 351 397 386 415 415 417 436 436 396 395 379 272 242 170 148 98 67 

FirstWin:
0 0 0 0 0 0 0 0 0 0 0 0 0 0 0 0 0 0 0 0 0 0 0 0 0 0 0 0 0 0 0 0 0 0 0 1 0 1 0 10 0 8 0 15 0 28 0 44 0 83 0 212 0 121 0 133 0 194 0 184 0 255 0 250 0 351 0 386 0 415 0 436 0 396 0 379 0 242 0 148 0 67 
SAlphaB:
0 0 0 0 0 0 0 0 0 0 0 0 0 0 0 0 0 0 0 0 0 0 0 0 0 0 0 0 0 0 0 0 0 0 0 1 0 1 0 10 0 8 0 15 0 28 0 44 0 83 0 212 0 121 0 133 0 194 0 184 0 255 0 250 0 351 0 386 0 415 0 436 0 396 0 379 0 242 0 148 0 67 

SecondWin:
0 0 0 0 0 0 0 0 0 0 0 0 0 0 0 0 0 0 0 0 0 0 0 0 0 0 0 0 0 0 0 0 0 0 0 0 0 0 0 0 1 0 2 0 1 0 12 0 29 0 88 0 86 0 107 0 119 0 170 0 142 0 280 0 322 0 397 0 415 0 417 0 436 0 395 0 272 0 170 0 98 0 
SAlphaB:
0 0 0 0 0 0 0 0 0 0 0 0 0 0 0 0 0 0 0 0 0 0 0 0 0 0 0 0 0 0 0 0 0 0 0 0 0 0 0 0 1 0 2 0 1 0 12 0 29 0 88 0 86 0 107 0 119 0 170 0 142 0 280 0 322 0 397 0 415 0 417 0 436 0 395 0 272 0 170 0 98 0 
