0 61 92 36 -2 5 39 2

0 2 82 21 -18 2 4 14

0 61 83 23 -6 11 34 21

0 21 54 70 -18 0 1 6

0 34 56 10 -14 4 21 22

0 36 52 75 -17 3 15 15

0 71 94 62 -2 16 32 14

0 39 92 60 -6 1 6 8

0 39 54 82 -11 2 3 3

0 68 93 2 -3 6 20 16

0 58 99 96 -5 6 24 19

0 4 66 49 -18 2 6 28

0 57 71 33 -20 9 35 24

0 3 86 69 -11 21 43 1

0 65 94 29 -3 17 28 20

0 25 46 54 -14 6 12 42

0 68 73 7 -15 3 20 20

0 53 93 31 -7 16 34 21

0 3 80 78 -11 4 13 0

0 10 52 5 -11 0 1 19

0 4 82 91 -10 27 48 49

0 65 89 22 -3 0 5 10

0 29 62 56 -18 7 31 18

0 78 89 27 -11 3 7 46

0 63 72 48 -12 2 32 21

0 43 93 48 -5 4 11 10

0 38 43 72 -9 7 30 20

0 30 37 58 -18 21 48 3

0 28 54 71 -14 2 18 31

0 43 53 10 -3 16 34 33

0 8 13 94 -3 4 7 16

0 63 81 13 -10 4 5 34

0 65 89 89 -17 6 9 23

0 42 94 42 -5 8 12 47

0 10 77 57 -15 1 5 35

0 7 83 90 -20 22 37 22

0 9 74 95 -8 9 34 10

0 40 47 35 -4 2 20 33

0 95 99 44 -3 4 7 36

0 35 75 66 -9 37 39 39

0 39 47 36 -17 1 4 0

0 33 89 5 -20 10 13 19

0 30 60 54 -2 14 43 13

0 67 71 2 -3 21 26 21

0 21 70 10 -19 23 45 35

0 42 71 98 -20 1 13 48

0 83 92 70 -16 24 45 13

0 5 36 79 -13 7 24 8

0 37 88 65 -18 18 22 4

0 37 48 44 -18 12 29 42

0 4 39 77 -17 16 42 30

0 33 84 32 -14 1 2 4

0 18 25 19 -16 7 18 12

0 32 35 52 -10 17 47 37

0 47 84 85 -7 0 1 40

0 14 47 12 -10 12 26 9

0 37 47 91 -10 3 32 33

0 0 90 86 -10 3 27 28

0 40 63 63 -15 27 44 32

0 2 35 23 -2 4 5 21

0 23 26 41 -6 15 42 19

0 16 49 5 -12 8 17 47

0 55 78 53 -4 25 29 2

0 29 82 0 -19 11 40 16

0 31 36 91 -17 33 35 38

0 7 80 30 -12 5 14 31

0 15 32 60 -13 11 37 5

0 39 57 46 -3 5 6 40

0 7 34 66 -1 4 15 45

0 3 57 54 -16 3 39 21

0 13 30 48 -18 10 23 45

0 3 69 21 -1 6 30 37

0 21 22 71 -12 18 46 39

0 10 57 61 -7 7 28 23

0 12 42 21 -14 30 47 43

0 14 21 68 -11 8 30 16

0 64 73 15 -18 27 46 22

0 1 7 95 -11 10 11 44

0 12 16 52 -2 24 32 13

0 0 15 52 -3 18 40 30

0 10 18 40 -6 4 13 28

0 34 91 30 -16 41 42 36

0 16 62 9 -1 22 26 0

0 2 8 13 -11 7 23 41

0 50 90 18 -7 0 45 48

0 7 12 98 -18 17 33 44

0 8 11 18 -16 17 42 4

0 13 15 66 -1 3 10 43

0 15 27 33 -20 21 39 36

0 0 10 9 -16 22 35 10

0 29 40 23 -3 26 46 41

0 7 8 72 -20 21 36 47

0 3 10 52 -4 4 11 35

0 7 20 32 -10 2 24 32

0 6 26 20 -17 29 44 46

0 2 6 73 -9 0 22 36

0 1 3 91 -8 43 48 0

0 5 59 70 -2 10 45 46

0 1 2 90 -6 1 12 24

0 1 2 12 -20 3 29 17


SAlphaB: 702.0, std-dev 257.7220591014179

Earliest win: 37
Latest win: 81

WinDepth:
0 0 0 0 0 0 0 0 0 0 0 0 0 0 0 0 0 0 0 0 0 0 0 0 0 0 0 0 0 0 0 0 0 0 0 0 0 2 1 1 1 8 4 7 3 24 13 42 10 135 49 218 64 126 73 184 112 183 166 215 179 215 247 320 318 408 375 396 430 423 490 414 425 389 390 359 258 248 187 120 110 59 
SAlphaB:
0 0 0 0 0 0 0 0 0 0 0 0 0 0 0 0 0 0 0 0 0 0 0 0 0 0 0 0 0 0 0 0 0 0 0 0 0 2 1 1 1 8 4 7 3 24 13 42 10 135 49 218 64 126 73 184 112 183 166 215 179 215 247 320 318 408 375 396 430 423 490 414 425 389 390 359 258 248 187 120 110 59 

LossDepth:
SAlphaB:
0 0 0 0 0 0 0 0 0 0 0 0 0 0 0 0 0 0 0 0 0 0 0 0 0 0 0 0 0 0 0 0 0 0 0 0 0 2 1 1 1 8 4 7 3 24 13 42 10 135 49 218 64 126 73 184 112 183 166 215 179 215 247 320 318 408 375 396 430 423 490 414 425 389 390 359 258 248 187 120 110 59 

FirstWin:
0 0 0 0 0 0 0 0 0 0 0 0 0 0 0 0 0 0 0 0 0 0 0 0 0 0 0 0 0 0 0 0 0 0 0 0 0 2 0 1 0 8 0 7 0 24 0 42 0 135 0 218 0 126 0 184 0 183 0 215 0 215 0 320 0 408 0 396 0 423 0 414 0 389 0 359 0 248 0 120 0 59 
SAlphaB:
0 0 0 0 0 0 0 0 0 0 0 0 0 0 0 0 0 0 0 0 0 0 0 0 0 0 0 0 0 0 0 0 0 0 0 0 0 2 0 1 0 8 0 7 0 24 0 42 0 135 0 218 0 126 0 184 0 183 0 215 0 215 0 320 0 408 0 396 0 423 0 414 0 389 0 359 0 248 0 120 0 59 

SecondWin:
0 0 0 0 0 0 0 0 0 0 0 0 0 0 0 0 0 0 0 0 0 0 0 0 0 0 0 0 0 0 0 0 0 0 0 0 0 0 1 0 1 0 4 0 3 0 13 0 10 0 49 0 64 0 73 0 112 0 166 0 179 0 247 0 318 0 375 0 430 0 490 0 425 0 390 0 258 0 187 0 110 0 
SAlphaB:
0 0 0 0 0 0 0 0 0 0 0 0 0 0 0 0 0 0 0 0 0 0 0 0 0 0 0 0 0 0 0 0 0 0 0 0 0 0 1 0 1 0 4 0 3 0 13 0 10 0 49 0 64 0 73 0 112 0 166 0 179 0 247 0 318 0 375 0 430 0 490 0 425 0 390 0 258 0 187 0 110 0 
