0 38 78 51 -20 1 8 12

0 20 92 33 -4 0 7 10

0 34 90 92 -17 0 7 41

0 34 90 31 -10 14 18 26

0 25 68 1 -11 0 1 26

0 45 92 82 -9 4 5 2

0 81 88 74 -15 2 13 14

0 40 75 79 -20 13 20 28

0 32 84 0 -17 6 11 42

0 50 55 62 -11 2 5 14

0 94 95 36 -15 11 20 38

0 48 50 18 -19 5 8 31

0 41 73 63 -2 7 41 40

0 50 87 77 -7 1 11 46

0 21 43 40 -5 8 26 9

0 82 91 77 -18 5 12 46

0 39 77 4 -6 1 8 39

0 31 68 44 -6 2 15 31

0 38 72 88 -12 19 34 32

0 9 79 56 -13 12 16 27

0 26 94 94 -14 7 11 47

0 66 97 86 -14 0 1 9

0 65 81 26 -3 0 33 9

0 19 31 32 -13 5 16 3

0 24 99 16 -4 7 30 18

0 46 47 81 -12 1 30 38

0 79 92 67 -4 1 11 48

0 85 93 52 -8 1 6 8

0 24 53 83 -13 9 16 1

0 75 82 19 -10 15 17 43

0 6 67 7 -7 6 31 29

0 1 59 83 -14 19 28 28

0 25 34 25 -10 11 44 23

0 6 81 98 -6 16 31 42

0 11 15 79 -1 13 20 6

0 16 74 75 -11 14 38 32

0 24 25 94 -5 33 39 33

0 6 70 15 -4 1 3 28

0 54 71 93 -7 17 26 2

0 54 64 67 -8 27 32 43

0 14 24 22 -7 29 44 28

0 5 44 87 -4 5 10 18

0 40 68 45 -10 15 19 22

0 28 31 53 -13 0 1 46

0 68 92 72 -13 43 49 33

0 70 96 13 -9 34 36 21

0 17 49 13 -19 33 35 41

0 9 83 20 -11 8 36 39

0 63 66 17 -13 8 12 6

0 4 45 65 -16 2 4 46

0 13 50 26 -15 6 13 14

0 9 57 15 -15 5 42 3

0 38 39 67 -5 0 2 39

0 17 28 24 -9 8 31 13

0 3 21 63 -10 8 14 25

0 43 49 32 -8 6 41 5

0 18 35 85 -9 5 21 25

0 14 18 6 -7 18 29 24

0 43 58 0 -12 11 44 10

0 8 24 38 -15 4 12 1

0 0 25 90 -18 30 32 23

0 3 48 58 -18 3 4 49

0 3 39 72 -15 20 21 10

0 63 69 19 -19 29 46 29

0 4 39 92 -5 41 46 8

0 24 26 77 -13 20 43 26

0 42 67 84 -15 5 39 5

0 12 15 13 -12 2 15 17

0 9 13 89 -8 24 34 20

0 0 3 53 -10 22 46 20

0 27 49 51 -5 7 37 49

0 28 38 77 -17 1 27 18

0 6 18 53 -19 9 27 29

0 15 39 37 -10 15 19 19

0 4 40 83 -20 4 12 45

0 3 49 76 -3 16 49 0

0 1 3 21 -14 20 28 29

0 7 20 63 -10 1 35 5

0 0 6 3 -15 0 1 22

0 2 5 88 -15 12 15 45

0 0 6 86 -10 1 22 15

0 6 33 48 -19 13 14 11

0 7 8 32 -10 32 45 5

0 0 3 56 -14 4 10 16

0 57 62 45 -5 30 49 46

0 2 8 42 -12 9 14 48

0 11 30 63 -17 32 48 20

0 7 11 22 -13 8 12 8

0 7 15 8 -2 16 49 26

0 1 26 58 -15 27 40 23

0 9 26 23 -16 10 11 30

0 2 7 79 -17 8 12 31

0 0 5 9 -10 27 43 41

0 1 5 73 -7 4 11 38

0 7 9 22 -9 1 17 14

0 3 16 71 -3 1 23 4

0 3 12 33 -9 3 40 29

0 2 12 28 -6 29 31 28

0 1 3 71 -19 44 48 9

0 2 7 82 -1 9 14 18


SAlphaB: 707.0, std-dev 259.925517011969

Earliest win: 37
Latest win: 81

WinDepth:
0 0 0 0 0 0 0 0 0 0 0 0 0 0 0 0 0 0 0 0 0 0 0 0 0 0 0 0 0 0 0 0 0 0 0 0 0 7 0 4 0 3 2 13 6 10 8 37 12 71 54 152 74 109 90 220 109 217 123 231 146 261 243 344 299 341 439 372 481 447 417 435 454 386 375 357 250 264 203 142 96 88 
SAlphaB:
0 0 0 0 0 0 0 0 0 0 0 0 0 0 0 0 0 0 0 0 0 0 0 0 0 0 0 0 0 0 0 0 0 0 0 0 0 7 0 4 0 3 2 13 6 10 8 37 12 71 54 152 74 109 90 220 109 217 123 231 146 261 243 344 299 341 439 372 481 447 417 435 454 386 375 357 250 264 203 142 96 88 

LossDepth:
SAlphaB:
0 0 0 0 0 0 0 0 0 0 0 0 0 0 0 0 0 0 0 0 0 0 0 0 0 0 0 0 0 0 0 0 0 0 0 0 0 7 0 4 0 3 2 13 6 10 8 37 12 71 54 152 74 109 90 220 109 217 123 231 146 261 243 344 299 341 439 372 481 447 417 435 454 386 375 357 250 264 203 142 96 88 

FirstWin:
0 0 0 0 0 0 0 0 0 0 0 0 0 0 0 0 0 0 0 0 0 0 0 0 0 0 0 0 0 0 0 0 0 0 0 0 0 7 0 4 0 3 0 13 0 10 0 37 0 71 0 152 0 109 0 220 0 217 0 231 0 261 0 344 0 341 0 372 0 447 0 435 0 386 0 357 0 264 0 142 0 88 
SAlphaB:
0 0 0 0 0 0 0 0 0 0 0 0 0 0 0 0 0 0 0 0 0 0 0 0 0 0 0 0 0 0 0 0 0 0 0 0 0 7 0 4 0 3 0 13 0 10 0 37 0 71 0 152 0 109 0 220 0 217 0 231 0 261 0 344 0 341 0 372 0 447 0 435 0 386 0 357 0 264 0 142 0 88 

SecondWin:
0 0 0 0 0 0 0 0 0 0 0 0 0 0 0 0 0 0 0 0 0 0 0 0 0 0 0 0 0 0 0 0 0 0 0 0 0 0 0 0 0 0 2 0 6 0 8 0 12 0 54 0 74 0 90 0 109 0 123 0 146 0 243 0 299 0 439 0 481 0 417 0 454 0 375 0 250 0 203 0 96 0 
SAlphaB:
0 0 0 0 0 0 0 0 0 0 0 0 0 0 0 0 0 0 0 0 0 0 0 0 0 0 0 0 0 0 0 0 0 0 0 0 0 0 0 0 0 0 2 0 6 0 8 0 12 0 54 0 74 0 90 0 109 0 123 0 146 0 243 0 299 0 439 0 481 0 417 0 454 0 375 0 250 0 203 0 96 0 
