0 22 87 51 -14 0 9 9

0 36 94 36 -4 7 14 21

0 53 92 72 -17 1 3 4

0 57 88 0 -5 3 26 18

0 36 46 65 -11 2 4 9

0 67 94 52 -15 4 15 17

0 81 95 61 -19 13 22 21

0 33 80 98 -15 1 3 0

0 28 53 55 -14 2 7 6

0 22 75 63 -6 4 11 14

0 54 97 35 -17 7 15 25

0 23 77 95 -16 2 3 6

0 55 89 81 -16 9 31 36

0 40 97 5 -4 11 13 4

0 76 96 53 -5 8 37 23

0 40 91 89 -5 2 16 25

0 25 82 58 -17 0 1 12

0 18 72 64 -9 3 11 18

0 69 76 24 -2 4 17 15

0 43 71 90 -10 8 24 6

0 24 34 41 -15 2 7 16

0 18 98 30 -13 3 9 6

0 40 75 45 -14 4 20 24

0 57 91 59 -17 12 16 36

0 67 96 51 -15 7 26 36

0 48 71 10 -12 0 12 36

0 45 66 32 -16 8 18 6

0 43 52 8 -14 2 8 13

0 43 89 54 -14 0 1 29

0 43 47 44 -10 2 12 4

0 45 57 98 -7 4 32 21

0 44 66 94 -1 5 27 23

0 67 81 92 -18 15 37 15

0 57 99 37 -10 8 15 19

0 50 93 89 -7 3 40 0

0 64 86 64 -5 11 15 37

0 65 94 99 -20 3 22 18

0 43 52 40 -20 0 2 4

0 44 75 24 -11 5 29 17

0 40 99 4 -12 6 29 31

0 45 84 26 -18 1 5 29

0 29 67 84 -1 9 18 25

0 18 73 77 -4 3 8 13

0 29 96 49 -14 4 9 24

0 49 57 91 -12 0 10 5

0 51 96 78 -14 10 17 5

0 69 92 84 -3 5 26 32

0 71 98 43 -11 10 27 19

0 24 63 13 -7 1 3 30

0 58 70 46 -3 1 42 22

0 42 59 67 -8 8 26 11

0 72 82 54 -1 13 24 6

0 23 57 30 -15 7 8 23

0 44 84 1 -14 0 3 25

0 37 72 13 -12 0 10 24

0 20 63 70 -12 4 10 10

0 71 96 81 -16 4 40 36

0 63 85 47 -18 12 30 11

0 65 92 53 -2 16 43 19

0 62 96 67 -20 6 26 25

0 22 44 16 -5 4 6 21

0 43 45 27 -19 0 2 34

0 29 74 52 -14 5 9 27

0 37 59 69 -2 0 23 8

0 19 96 17 -12 5 6 31

0 40 75 14 -17 8 26 4

0 28 50 25 -7 9 13 45

0 63 90 23 -15 7 15 35

0 59 94 86 -6 30 41 0

0 27 83 9 -13 3 9 40

0 24 76 96 -12 6 11 20

0 36 62 53 -1 8 27 32

0 11 85 61 -15 1 2 20

0 22 42 45 -1 6 9 0

0 33 59 70 -16 5 15 15

0 36 64 26 -7 5 21 28

0 1 53 51 -17 12 19 24

0 55 92 4 -5 9 16 33

0 18 68 11 -1 9 34 1

0 7 88 77 -9 0 2 12

0 12 80 61 -9 0 3 30

0 81 87 69 -16 17 28 32

0 44 84 45 -11 9 26 0

0 53 69 59 -10 15 17 21

0 5 85 80 -3 0 4 3

0 72 81 28 -10 3 8 20

0 4 54 48 -2 4 12 13

0 21 87 26 -15 0 12 40

0 14 70 42 -2 4 7 15

0 7 69 77 -12 11 17 27

0 5 94 82 -12 7 24 17

0 35 36 80 -7 34 39 13

0 22 52 50 -16 2 4 27

0 4 91 85 -2 9 28 24

0 45 71 45 -6 0 31 5

0 0 90 66 -6 33 43 23

0 12 36 59 -1 16 29 4

0 11 96 58 -13 17 31 6

0 37 41 65 -7 15 40 1

0 7 55 84 -14 26 27 31


SAlphaB: 727.0, std-dev 267.81897578005703

Earliest win: 35
Latest win: 81

WinDepth:
0 0 0 0 0 0 0 0 0 0 0 0 0 0 0 0 0 0 0 0 0 0 0 0 0 0 0 0 0 0 0 0 0 0 0 5 0 12 14 52 3 42 14 37 45 89 63 147 59 158 171 402 169 323 215 461 416 659 407 546 458 675 679 768 746 832 930 1014 943 939 955 928 854 840 873 726 581 436 392 282 161 121 
SAlphaB:
0 0 0 0 0 0 0 0 0 0 0 0 0 0 0 0 0 0 0 0 0 0 0 0 0 0 0 0 0 0 0 0 0 0 0 5 0 12 14 52 3 42 14 37 45 89 63 147 59 158 171 402 169 323 215 461 416 659 407 546 458 675 679 768 746 832 930 1014 943 939 955 928 854 840 873 726 581 436 392 282 161 121 

LossDepth:
SAlphaB:
0 0 0 0 0 0 0 0 0 0 0 0 0 0 0 0 0 0 0 0 0 0 0 0 0 0 0 0 0 0 0 0 0 0 0 3 0 2 9 36 1 31 6 35 19 66 22 86 44 82 112 189 120 172 143 259 263 366 223 361 289 447 434 614 473 624 621 764 682 783 682 801 677 703 729 590 479 415 302 276 199 136 

FirstWin:
0 0 0 0 0 0 0 0 0 0 0 0 0 0 0 0 0 0 0 0 0 0 0 0 0 0 0 0 0 0 0 0 0 0 0 5 0 12 0 52 0 42 0 37 0 89 0 147 0 158 0 402 0 323 0 461 0 659 0 546 0 675 0 768 0 832 0 1014 0 939 0 928 0 840 0 726 0 436 0 282 0 121 
SAlphaB:
0 0 0 0 0 0 0 0 0 0 0 0 0 0 0 0 0 0 0 0 0 0 0 0 0 0 0 0 0 0 0 0 0 0 0 5 0 12 0 52 0 42 0 37 0 89 0 147 0 158 0 402 0 323 0 461 0 659 0 546 0 675 0 768 0 832 0 1014 0 939 0 928 0 840 0 726 0 436 0 282 0 121 

SecondWin:
0 0 0 0 0 0 0 0 0 0 0 0 0 0 0 0 0 0 0 0 0 0 0 0 0 0 0 0 0 0 0 0 0 0 0 0 0 0 14 0 3 0 14 0 45 0 63 0 59 0 171 0 169 0 215 0 416 0 407 0 458 0 679 0 746 0 930 0 943 0 955 0 854 0 873 0 581 0 392 0 161 0 
SAlphaB:
0 0 0 0 0 0 0 0 0 0 0 0 0 0 0 0 0 0 0 0 0 0 0 0 0 0 0 0 0 0 0 0 0 0 0 0 0 0 14 0 3 0 14 0 45 0 63 0 59 0 171 0 169 0 215 0 416 0 407 0 458 0 679 0 746 0 930 0 943 0 955 0 854 0 873 0 581 0 392 0 161 0 
