0 40 75 45 -14 4 20 24

0 24 34 41 -15 2 7 16

0 69 92 84 -3 5 26 32

0 11 96 58 -13 17 31 6

0 5 85 80 -3 0 4 3

0 50 93 89 -7 3 40 0

0 23 57 30 -15 7 8 23

0 7 55 84 -14 26 27 31

0 35 36 80 -7 34 39 13

0 72 82 54 -1 13 24 6

0 6 56 67 -2 21 26 30

0 25 75 68 -4 25 31 19

0 29 85 41 -17 8 26 39

0 13 69 95 -3 46 47 15

0 62 68 47 -4 1 5 20

0 3 16 28 -3 1 2 11

0 36 76 51 -5 41 48 39

0 26 61 90 -18 12 15 48

0 18 24 21 -1 23 28 8

0 28 44 78 -14 3 6 19

0 3 33 41 -4 14 31 14

0 33 39 83 -17 1 5 49

0 6 59 87 -4 14 20 13

0 22 27 24 -4 8 17 32

0 66 73 76 -8 17 21 7

0 35 75 52 -11 0 35 44

0 42 47 93 -6 5 8 13

0 1 28 40 -9 5 10 4

0 17 28 51 -6 5 11 34

0 24 33 46 -7 0 19 37

0 35 44 1 -14 1 2 15

0 0 76 95 -20 9 30 21

0 45 75 60 -5 7 43 11

0 39 56 71 -12 0 10 2

0 19 52 42 -3 46 48 32

0 85 87 18 -14 10 20 40

0 25 31 29 -13 4 10 35

0 13 25 43 -1 24 48 8

0 47 55 50 -14 9 18 34

0 56 59 83 -13 12 42 19

0 24 64 14 -13 5 24 45

0 21 64 56 -16 7 11 26

0 3 91 87 -6 1 14 8

0 32 63 32 -19 18 19 15

0 71 80 18 -17 4 49 49

0 33 71 17 -4 12 23 7

0 17 65 8 -9 35 44 20

0 65 84 91 -9 19 21 17

0 44 56 86 -14 4 44 29

0 13 56 96 -13 10 30 29

0 13 26 92 -7 0 1 16

0 33 58 0 -6 3 48 7

0 45 79 60 -2 33 45 48

0 22 25 53 -12 25 29 21

0 7 89 49 -17 3 21 11

0 25 45 97 -5 9 11 20

0 2 11 30 -16 0 3 24

0 20 40 60 -20 17 48 40

0 51 64 5 -2 22 32 28

0 51 72 20 -4 2 28 43

0 40 45 42 -12 16 19 36

0 10 45 66 -18 4 16 22

0 2 48 75 -5 0 8 2

0 29 49 2 -5 6 47 5

0 10 12 98 -3 9 19 26

0 12 54 52 -17 10 11 29

0 7 49 31 -5 13 15 31

0 29 45 72 -18 32 44 5

0 5 10 16 -11 18 31 25

0 4 34 19 -17 41 44 23

0 4 19 39 -3 27 42 23

0 7 12 28 -15 17 34 5

0 27 32 70 -3 6 47 31

0 53 59 23 -14 0 33 38

0 45 49 24 -16 18 33 16

0 3 43 16 -11 0 1 47

0 2 14 98 -18 11 15 37

0 41 67 16 -15 3 41 13

0 4 24 50 -16 5 33 27

0 2 8 63 -9 7 13 37

0 16 22 45 -9 15 27 10

0 54 67 56 -11 28 44 36

0 0 16 32 -9 4 17 6

0 5 14 11 -15 0 5 19

0 8 28 61 -17 26 33 14

0 12 33 19 -16 7 12 18

0 6 34 55 -11 10 15 43

0 1 11 90 -2 1 4 5

0 7 11 94 -15 35 45 35

0 9 42 27 -13 32 46 41

0 6 35 94 -20 27 40 45

0 0 25 26 -19 4 8 43

0 19 33 69 -1 20 36 48

0 1 2 15 -7 13 17 0

0 8 27 64 -13 0 37 27

0 5 7 98 -13 34 42 49

0 10 24 86 -13 20 26 0

0 3 4 48 -9 3 36 18

0 4 9 24 -8 13 14 45

0 7 9 12 -3 12 19 45


SAlphaB: 722.0, std-dev 280.77815535623944

Earliest win: 37
Latest win: 81

WinDepth:
0 0 0 0 0 0 0 0 0 0 0 0 0 0 0 0 0 0 0 0 0 0 0 0 0 0 0 0 0 0 0 0 0 0 0 0 0 7 2 11 2 1 3 16 11 20 15 33 28 101 52 308 87 130 81 205 148 183 117 193 176 234 252 287 288 332 425 398 475 409 431 384 456 416 375 379 288 209 185 135 74 59 
SAlphaB:
0 0 0 0 0 0 0 0 0 0 0 0 0 0 0 0 0 0 0 0 0 0 0 0 0 0 0 0 0 0 0 0 0 0 0 0 0 7 2 11 2 1 3 16 11 20 15 33 28 101 52 308 87 130 81 205 148 183 117 193 176 234 252 287 288 332 425 398 475 409 431 384 456 416 375 379 288 209 185 135 74 59 

LossDepth:
SAlphaB:
0 0 0 0 0 0 0 0 0 0 0 0 0 0 0 0 0 0 0 0 0 0 0 0 0 0 0 0 0 0 0 0 0 0 0 0 0 7 2 11 2 1 3 16 11 20 15 33 28 101 52 308 87 130 81 205 148 183 117 193 176 234 252 287 288 332 425 398 475 409 431 384 456 416 375 379 288 209 185 135 74 59 

FirstWin:
0 0 0 0 0 0 0 0 0 0 0 0 0 0 0 0 0 0 0 0 0 0 0 0 0 0 0 0 0 0 0 0 0 0 0 0 0 7 0 11 0 1 0 16 0 20 0 33 0 101 0 308 0 130 0 205 0 183 0 193 0 234 0 287 0 332 0 398 0 409 0 384 0 416 0 379 0 209 0 135 0 59 
SAlphaB:
0 0 0 0 0 0 0 0 0 0 0 0 0 0 0 0 0 0 0 0 0 0 0 0 0 0 0 0 0 0 0 0 0 0 0 0 0 7 0 11 0 1 0 16 0 20 0 33 0 101 0 308 0 130 0 205 0 183 0 193 0 234 0 287 0 332 0 398 0 409 0 384 0 416 0 379 0 209 0 135 0 59 

SecondWin:
0 0 0 0 0 0 0 0 0 0 0 0 0 0 0 0 0 0 0 0 0 0 0 0 0 0 0 0 0 0 0 0 0 0 0 0 0 0 2 0 2 0 3 0 11 0 15 0 28 0 52 0 87 0 81 0 148 0 117 0 176 0 252 0 288 0 425 0 475 0 431 0 456 0 375 0 288 0 185 0 74 0 
SAlphaB:
0 0 0 0 0 0 0 0 0 0 0 0 0 0 0 0 0 0 0 0 0 0 0 0 0 0 0 0 0 0 0 0 0 0 0 0 0 0 2 0 2 0 3 0 11 0 15 0 28 0 52 0 87 0 81 0 148 0 117 0 176 0 252 0 288 0 425 0 475 0 431 0 456 0 375 0 288 0 185 0 74 0 
