0 44 84 1 -14 0 3 25

0 67 94 52 -15 4 15 17

0 22 75 63 -6 4 11 14

0 14 70 42 -2 4 7 15

0 37 72 13 -12 0 10 24

0 21 87 26 -15 0 12 40

0 4 54 48 -2 4 12 13

0 33 59 70 -16 5 15 15

0 58 70 46 -3 1 42 22

0 51 96 78 -14 10 17 5

0 69 84 0 -7 19 31 32

0 13 58 89 -4 37 41 6

0 32 54 57 -2 7 10 12

0 78 94 49 -5 16 20 46

0 33 67 41 -3 4 35 21

0 41 53 19 -15 0 10 26

0 50 95 54 -1 2 28 35

0 61 86 63 -19 11 24 32

0 58 88 74 -6 19 48 23

0 46 51 32 -16 4 5 29

0 16 54 30 -5 6 7 36

0 29 41 36 -11 4 20 12

0 29 47 96 -18 26 35 31

0 9 74 59 -18 15 23 10

0 20 43 53 -18 8 23 19

0 4 35 42 -2 8 30 15

0 53 82 69 -1 4 6 39

0 35 56 83 -16 6 15 30

0 57 87 20 -8 0 22 16

0 18 25 74 -7 2 11 20

0 70 85 19 -6 3 7 16

0 18 84 30 -6 18 48 33

0 16 93 90 -1 26 42 19

0 9 80 65 -19 14 22 10

0 32 94 6 -20 4 10 49

0 52 90 69 -20 33 38 31

0 3 45 64 -1 2 14 25

0 73 77 63 -7 4 22 0

0 14 66 74 -1 5 20 4

0 87 97 80 -3 2 8 34

0 31 62 19 -8 19 21 11

0 45 98 56 -12 15 29 5

0 93 96 63 -13 1 42 38

0 28 46 68 -3 13 16 22

0 6 32 24 -19 20 27 15

0 83 87 39 -10 3 45 35

0 0 34 0 -14 1 3 9

0 14 98 64 -10 5 15 44

0 60 71 64 -5 33 44 0

0 51 55 76 -2 35 42 48

0 0 36 19 -1 9 39 15

0 2 18 26 -14 4 25 9

0 3 23 71 -7 32 38 27

0 4 36 14 -3 9 30 23

0 2 17 9 -14 10 31 29

0 50 57 25 -15 24 37 6

0 13 23 66 -16 4 45 16

0 5 49 43 -16 0 11 46

0 7 45 46 -7 23 42 31

0 10 38 43 -2 1 45 43

0 16 41 18 -13 3 40 22

0 0 12 11 -15 3 8 25

0 6 10 12 -19 20 36 20

0 1 43 81 -3 0 2 22

0 2 17 20 -11 15 39 13

0 0 23 42 -18 4 13 35

0 17 23 18 -3 12 20 24

0 5 37 60 -14 6 22 5

0 11 15 94 -1 2 10 10

0 14 50 22 -15 1 34 3

0 30 46 12 -18 19 24 19

0 19 46 3 -3 0 30 20

0 3 30 77 -9 26 35 17

0 7 51 83 -13 36 41 31

0 5 7 58 -8 19 36 15

0 5 19 48 -5 28 41 29

0 10 49 6 -15 1 2 42

0 5 6 90 -8 18 19 16

0 2 16 93 -4 20 49 42

0 8 27 77 -2 11 13 43

0 5 11 38 -13 13 35 16

0 46 72 23 -1 36 37 17

0 6 8 35 -5 4 46 30

0 0 25 34 -14 22 27 48

0 4 32 4 -4 35 37 43

0 0 7 38 -9 17 47 46

0 0 2 6 -17 10 11 18

0 4 21 55 -14 10 44 16

0 15 39 58 -12 10 23 41

0 3 4 55 -12 1 5 35

0 12 29 14 -4 0 46 22

0 9 12 55 -14 36 45 3

0 7 16 51 -3 0 24 36

0 2 25 9 -9 20 21 47

0 0 5 28 -7 30 43 30

0 2 29 17 -11 0 35 34

0 0 10 31 -1 29 40 2

0 8 18 37 -12 29 48 38

0 2 8 84 -11 4 6 44

0 2 17 43 -8 6 8 46


SAlphaB: 759.0, std-dev 289.8654560761986

Earliest win: 37
Latest win: 81

WinDepth:
0 0 0 0 0 0 0 0 0 0 0 0 0 0 0 0 0 0 0 0 0 0 0 0 0 0 0 0 0 0 0 0 0 0 0 0 0 1 2 3 2 7 2 6 6 24 27 39 48 61 83 205 65 104 91 158 118 208 156 180 185 239 222 312 322 356 429 396 482 433 457 449 416 350 367 368 280 209 199 165 116 70 
SAlphaB:
0 0 0 0 0 0 0 0 0 0 0 0 0 0 0 0 0 0 0 0 0 0 0 0 0 0 0 0 0 0 0 0 0 0 0 0 0 1 2 3 2 7 2 6 6 24 27 39 48 61 83 205 65 104 91 158 118 208 156 180 185 239 222 312 322 356 429 396 482 433 457 449 416 350 367 368 280 209 199 165 116 70 

LossDepth:
SAlphaB:
0 0 0 0 0 0 0 0 0 0 0 0 0 0 0 0 0 0 0 0 0 0 0 0 0 0 0 0 0 0 0 0 0 0 0 0 0 1 2 3 2 7 2 6 6 24 27 39 48 61 83 205 65 104 91 158 118 208 156 180 185 239 222 312 322 356 429 396 482 433 457 449 416 350 367 368 280 209 199 165 116 70 

FirstWin:
0 0 0 0 0 0 0 0 0 0 0 0 0 0 0 0 0 0 0 0 0 0 0 0 0 0 0 0 0 0 0 0 0 0 0 0 0 1 0 3 0 7 0 6 0 24 0 39 0 61 0 205 0 104 0 158 0 208 0 180 0 239 0 312 0 356 0 396 0 433 0 449 0 350 0 368 0 209 0 165 0 70 
SAlphaB:
0 0 0 0 0 0 0 0 0 0 0 0 0 0 0 0 0 0 0 0 0 0 0 0 0 0 0 0 0 0 0 0 0 0 0 0 0 1 0 3 0 7 0 6 0 24 0 39 0 61 0 205 0 104 0 158 0 208 0 180 0 239 0 312 0 356 0 396 0 433 0 449 0 350 0 368 0 209 0 165 0 70 

SecondWin:
0 0 0 0 0 0 0 0 0 0 0 0 0 0 0 0 0 0 0 0 0 0 0 0 0 0 0 0 0 0 0 0 0 0 0 0 0 0 2 0 2 0 2 0 6 0 27 0 48 0 83 0 65 0 91 0 118 0 156 0 185 0 222 0 322 0 429 0 482 0 457 0 416 0 367 0 280 0 199 0 116 0 
SAlphaB:
0 0 0 0 0 0 0 0 0 0 0 0 0 0 0 0 0 0 0 0 0 0 0 0 0 0 0 0 0 0 0 0 0 0 0 0 0 0 2 0 2 0 2 0 6 0 27 0 48 0 83 0 65 0 91 0 118 0 156 0 185 0 222 0 322 0 429 0 482 0 457 0 416 0 367 0 280 0 199 0 116 0 
