0 43 89 54 -14 0 1 29

0 57 88 0 -5 3 26 18

0 18 73 77 -4 3 8 13

0 36 94 36 -4 7 14 21

0 48 71 10 -12 0 12 36

0 28 53 55 -14 2 7 6

0 59 94 86 -6 30 41 0

0 65 92 53 -2 16 43 19

0 40 75 14 -17 8 26 4

0 40 91 89 -5 2 16 25

0 59 68 4 -14 3 23 23

0 31 56 89 -17 7 19 4

0 40 57 18 -12 6 17 30

0 94 95 88 -6 9 42 9

0 15 85 36 -14 1 4 20

0 47 89 60 -5 22 45 25

0 79 86 90 -14 6 25 37

0 34 66 72 -1 1 2 0

0 36 83 20 -14 1 4 42

0 65 88 0 -8 0 32 44

0 70 78 9 -6 1 33 37

0 25 63 36 -1 3 28 14

0 39 40 79 -11 21 29 16

0 61 94 76 -17 7 22 8

0 52 60 58 -16 0 14 17

0 42 74 19 -3 14 31 22

0 52 75 60 -9 0 26 9

0 53 57 28 -19 7 38 22

0 8 60 10 -5 1 16 7

0 5 45 98 -5 5 13 16

0 24 80 24 -12 44 47 29

0 58 80 56 -2 1 2 22

0 65 72 73 -3 5 13 2

0 65 69 41 -4 1 5 3

0 34 68 82 -20 22 40 25

0 65 71 62 -20 8 29 19

0 7 70 50 -20 30 33 8

0 24 59 49 -17 1 3 40

0 63 69 95 -7 12 32 6

0 37 73 26 -10 16 26 14

0 8 60 80 -17 1 13 17

0 39 50 92 -10 6 17 34

0 8 90 12 -20 2 6 9

0 3 99 3 -3 10 12 15

0 34 51 1 -18 10 17 26

0 34 39 55 -1 1 20 37

0 32 59 68 -19 23 37 34

0 19 60 43 -6 16 18 7

0 29 52 56 -14 17 31 22

0 34 74 64 -8 20 39 3

0 0 18 88 -2 18 21 0

0 39 45 72 -5 6 49 38

0 24 25 99 -13 15 22 18

0 20 62 91 -1 19 31 44

0 26 41 53 -5 16 18 6

0 3 5 90 -3 19 23 24

0 1 30 11 -11 8 21 23

0 18 35 80 -18 1 5 42

0 11 33 50 -20 15 37 1

0 42 67 32 -2 18 42 27

0 21 26 83 -3 2 4 29

0 12 52 81 -3 25 28 32

0 15 25 2 -2 20 21 25

0 15 30 81 -10 20 21 23

0 4 27 20 -18 9 14 12

0 28 66 38 -11 19 34 34

0 1 7 13 -9 4 14 8

0 33 36 36 -2 0 7 30

0 44 69 49 -12 29 43 22

0 13 48 77 -20 3 46 25

0 1 47 99 -13 1 18 24

0 8 36 26 -15 39 41 48

0 2 45 13 -12 6 40 28

0 58 97 57 -18 32 42 15

0 9 72 46 -11 14 37 48

0 0 28 77 -10 23 42 32

0 14 19 88 -3 5 6 49

0 9 19 41 -20 3 35 31

0 1 28 35 -6 8 44 0

0 15 17 75 -18 35 41 42

0 2 5 66 -15 25 26 44

0 5 41 53 -3 33 49 30

0 37 44 91 -6 0 2 47

0 6 56 48 -15 2 38 0

0 2 7 85 -13 19 28 34

0 0 8 73 -8 27 43 27

0 3 13 25 -19 17 44 3

0 2 3 70 -3 0 45 13

0 1 2 59 -19 48 49 12

0 8 18 49 -11 19 41 31

0 21 41 18 -13 22 28 46

0 0 8 83 -11 10 19 35

0 3 6 34 -14 1 37 14

0 12 16 72 -8 13 20 0

0 2 5 13 -2 38 43 30

0 7 14 52 -17 15 21 38

0 18 25 87 -3 6 43 31

0 0 2 30 -8 10 14 42

0 1 2 26 -12 4 15 17

0 0 10 51 -2 0 1 41


SAlphaB: 714.0, std-dev 257.35369247458453

Earliest win: 37
Latest win: 81

WinDepth:
0 0 0 0 0 0 0 0 0 0 0 0 0 0 0 0 0 0 0 0 0 0 0 0 0 0 0 0 0 0 0 0 0 0 0 0 0 1 4 1 3 6 5 13 2 15 15 35 14 51 65 204 78 122 79 197 105 225 153 173 147 246 240 314 348 352 406 438 453 420 397 448 412 405 387 350 296 260 180 149 88 80 
SAlphaB:
0 0 0 0 0 0 0 0 0 0 0 0 0 0 0 0 0 0 0 0 0 0 0 0 0 0 0 0 0 0 0 0 0 0 0 0 0 1 4 1 3 6 5 13 2 15 15 35 14 51 65 204 78 122 79 197 105 225 153 173 147 246 240 314 348 352 406 438 453 420 397 448 412 405 387 350 296 260 180 149 88 80 

LossDepth:
SAlphaB:
0 0 0 0 0 0 0 0 0 0 0 0 0 0 0 0 0 0 0 0 0 0 0 0 0 0 0 0 0 0 0 0 0 0 0 0 0 1 4 1 3 6 5 13 2 15 15 35 14 51 65 204 78 122 79 197 105 225 153 173 147 246 240 314 348 352 406 438 453 420 397 448 412 405 387 350 296 260 180 149 88 80 

FirstWin:
0 0 0 0 0 0 0 0 0 0 0 0 0 0 0 0 0 0 0 0 0 0 0 0 0 0 0 0 0 0 0 0 0 0 0 0 0 1 0 1 0 6 0 13 0 15 0 35 0 51 0 204 0 122 0 197 0 225 0 173 0 246 0 314 0 352 0 438 0 420 0 448 0 405 0 350 0 260 0 149 0 80 
SAlphaB:
0 0 0 0 0 0 0 0 0 0 0 0 0 0 0 0 0 0 0 0 0 0 0 0 0 0 0 0 0 0 0 0 0 0 0 0 0 1 0 1 0 6 0 13 0 15 0 35 0 51 0 204 0 122 0 197 0 225 0 173 0 246 0 314 0 352 0 438 0 420 0 448 0 405 0 350 0 260 0 149 0 80 

SecondWin:
0 0 0 0 0 0 0 0 0 0 0 0 0 0 0 0 0 0 0 0 0 0 0 0 0 0 0 0 0 0 0 0 0 0 0 0 0 0 4 0 3 0 5 0 2 0 15 0 14 0 65 0 78 0 79 0 105 0 153 0 147 0 240 0 348 0 406 0 453 0 397 0 412 0 387 0 296 0 180 0 88 0 
SAlphaB:
0 0 0 0 0 0 0 0 0 0 0 0 0 0 0 0 0 0 0 0 0 0 0 0 0 0 0 0 0 0 0 0 0 0 0 0 0 0 4 0 3 0 5 0 2 0 15 0 14 0 65 0 78 0 79 0 105 0 153 0 147 0 240 0 348 0 406 0 453 0 397 0 412 0 387 0 296 0 180 0 88 0 
