0 65 94 99 -20 3 22 18

0 18 98 30 -13 3 9 6

0 54 97 35 -17 7 15 25

0 12 80 61 -9 0 3 30

0 69 76 24 -2 4 17 15

0 62 96 67 -20 6 26 25

0 53 69 59 -10 15 17 21

0 42 59 67 -8 8 26 11

0 55 92 4 -5 9 16 33

0 33 80 98 -15 1 3 0

0 36 87 49 -7 5 11 3

0 38 54 36 -4 7 24 38

0 37 50 79 -6 18 41 10

0 51 59 77 -19 12 33 8

0 69 87 17 -16 2 9 32

0 20 54 93 -9 8 23 21

0 33 68 20 -5 0 6 8

0 42 74 12 -12 7 10 40

0 19 70 26 -8 1 30 4

0 36 54 12 -2 14 47 19

0 6 59 69 -10 10 13 25

0 39 86 95 -13 15 17 23

0 21 52 91 -16 1 3 31

0 42 80 91 -9 24 38 5

0 22 37 42 -4 10 11 5

0 10 89 65 -11 28 42 13

0 25 27 0 -15 0 1 11

0 30 81 67 -10 10 39 2

0 57 89 20 -8 11 15 11

0 4 13 81 -3 0 4 5

0 75 85 55 -10 13 20 13

0 17 62 90 -14 37 44 11

0 25 63 89 -10 17 37 25

0 48 62 24 -1 25 34 31

0 44 81 28 -1 4 6 24

0 33 79 86 -10 45 47 16

0 7 69 46 -14 11 28 19

0 49 96 55 -5 18 43 12

0 67 84 79 -12 22 41 37

0 21 26 19 -2 5 30 0

0 21 39 77 -15 21 45 7

0 25 79 33 -11 6 24 44

0 61 72 90 -8 18 35 35

0 23 39 56 -20 21 42 1

0 26 31 88 -16 5 43 1

0 34 38 22 -1 16 31 33

0 81 86 36 -1 11 25 42

0 28 94 93 -5 40 42 43

0 20 61 67 -4 9 31 21

0 31 50 63 -15 47 49 19

0 1 46 69 -20 4 18 7

0 4 52 48 -4 0 18 22

0 0 93 8 -4 0 1 44

0 5 70 32 -11 22 35 29

0 29 87 55 -14 1 34 25

0 32 43 64 -2 27 39 42

0 6 28 43 -20 23 34 21

0 20 25 63 -20 18 21 8

0 10 33 41 -17 20 48 16

0 2 98 69 -17 21 25 12

0 25 27 83 -13 17 29 23

0 7 45 38 -13 12 37 35

0 25 33 96 -8 0 1 36

0 30 32 40 -4 34 49 38

0 26 29 7 -2 3 21 35

0 16 54 41 -11 29 32 19

0 0 74 14 -12 7 8 7

0 18 19 41 -16 34 43 9

0 10 57 68 -2 20 28 25

0 2 33 92 -7 0 24 19

0 9 27 62 -12 8 34 18

0 1 28 24 -16 5 14 33

0 17 34 79 -11 11 12 9

0 24 43 42 -13 37 42 29

0 25 32 5 -9 2 9 43

0 9 24 31 -3 30 39 3

0 7 13 29 -6 0 12 30

0 20 58 34 -10 16 18 37

0 1 46 69 -5 31 42 5

0 28 31 3 -19 32 39 11

0 12 14 20 -16 9 10 18

0 0 2 32 -8 22 39 19

0 11 14 41 -1 7 43 19

0 51 63 29 -20 28 38 8

0 25 32 48 -17 41 49 16

0 4 12 9 -17 41 42 44

0 10 17 66 -18 1 20 35

0 4 10 59 -18 33 41 15

0 6 14 48 -10 11 20 13

0 5 30 84 -1 10 12 29

0 1 3 34 -20 9 28 20

0 0 1 5 -4 17 35 21

0 10 12 98 -18 11 16 4

0 5 11 41 -19 4 6 38

0 12 14 21 -2 0 26 17

0 7 33 30 -12 3 28 42

0 8 13 43 -5 16 20 45

0 10 31 29 -3 8 35 48

0 6 14 5 -10 17 33 41

0 1 6 40 -2 1 12 40


SAlphaB: 714.0, std-dev 276.95064113712147

Earliest win: 35
Latest win: 81

WinDepth:
0 0 0 0 0 0 0 0 0 0 0 0 0 0 0 0 0 0 0 0 0 0 0 0 0 0 0 0 0 0 0 0 0 0 0 2 0 4 0 2 0 8 1 37 23 16 30 36 33 56 114 157 179 126 98 186 145 183 104 198 186 214 221 258 306 338 431 341 495 421 479 436 399 408 374 330 240 203 189 141 97 83 
SAlphaB:
0 0 0 0 0 0 0 0 0 0 0 0 0 0 0 0 0 0 0 0 0 0 0 0 0 0 0 0 0 0 0 0 0 0 0 2 0 4 0 2 0 8 1 37 23 16 30 36 33 56 114 157 179 126 98 186 145 183 104 198 186 214 221 258 306 338 431 341 495 421 479 436 399 408 374 330 240 203 189 141 97 83 

LossDepth:
SAlphaB:
0 0 0 0 0 0 0 0 0 0 0 0 0 0 0 0 0 0 0 0 0 0 0 0 0 0 0 0 0 0 0 0 0 0 0 2 0 4 0 2 0 8 1 37 23 16 30 36 33 56 114 157 179 126 98 186 145 183 104 198 186 214 221 258 306 338 431 341 495 421 479 436 399 408 374 330 240 203 189 141 97 83 

FirstWin:
0 0 0 0 0 0 0 0 0 0 0 0 0 0 0 0 0 0 0 0 0 0 0 0 0 0 0 0 0 0 0 0 0 0 0 2 0 4 0 2 0 8 0 37 0 16 0 36 0 56 0 157 0 126 0 186 0 183 0 198 0 214 0 258 0 338 0 341 0 421 0 436 0 408 0 330 0 203 0 141 0 83 
SAlphaB:
0 0 0 0 0 0 0 0 0 0 0 0 0 0 0 0 0 0 0 0 0 0 0 0 0 0 0 0 0 0 0 0 0 0 0 2 0 4 0 2 0 8 0 37 0 16 0 36 0 56 0 157 0 126 0 186 0 183 0 198 0 214 0 258 0 338 0 341 0 421 0 436 0 408 0 330 0 203 0 141 0 83 

SecondWin:
0 0 0 0 0 0 0 0 0 0 0 0 0 0 0 0 0 0 0 0 0 0 0 0 0 0 0 0 0 0 0 0 0 0 0 0 0 0 0 0 0 0 1 0 23 0 30 0 33 0 114 0 179 0 98 0 145 0 104 0 186 0 221 0 306 0 431 0 495 0 479 0 399 0 374 0 240 0 189 0 97 0 
SAlphaB:
0 0 0 0 0 0 0 0 0 0 0 0 0 0 0 0 0 0 0 0 0 0 0 0 0 0 0 0 0 0 0 0 0 0 0 0 0 0 0 0 0 0 1 0 23 0 30 0 33 0 114 0 179 0 98 0 145 0 104 0 186 0 221 0 306 0 431 0 495 0 479 0 399 0 374 0 240 0 189 0 97 0 
