0 22 87 51 -14 0 9 9

0 44 75 24 -11 5 29 17

0 25 82 58 -17 0 1 12

0 40 97 5 -4 11 13 4

0 45 66 32 -16 8 18 6

0 1 53 51 -17 12 19 24

0 36 64 26 -7 5 21 28

0 37 41 65 -7 15 40 1

0 18 68 11 -1 9 34 1

0 29 67 84 -1 9 18 25

0 58 92 83 -1 13 20 14

0 17 39 55 -5 6 8 0

0 44 59 10 -7 6 23 21

0 39 95 21 -15 2 6 33

0 30 98 47 -4 1 5 47

0 72 82 62 -3 12 36 35

0 7 32 26 -19 0 1 7

0 76 84 20 -2 8 37 32

0 54 94 8 -1 18 22 9

0 26 45 39 -2 13 17 0

0 25 86 32 -13 8 21 38

0 2 54 3 -6 17 33 24

0 52 66 54 -9 12 19 5

0 13 49 53 -4 15 30 46

0 31 76 35 -19 15 20 33

0 2 74 81 -13 20 37 17

0 10 97 39 -5 2 10 0

0 51 66 32 -18 14 32 18

0 26 64 28 -16 22 34 6

0 12 30 40 -17 2 5 29

0 41 89 42 -11 1 2 46

0 44 58 47 -12 21 30 8

0 22 79 99 -12 5 31 20

0 20 51 15 -7 40 44 7

0 60 73 93 -1 9 14 21

0 55 69 63 -13 27 39 11

0 40 88 74 -18 12 14 2

0 8 34 35 -11 11 26 37

0 53 96 21 -3 0 4 36

0 69 98 71 -12 31 36 14

0 9 93 33 -2 9 32 20

0 48 55 93 -17 16 36 29

0 14 56 89 -11 7 11 12

0 36 68 19 -2 26 31 20

0 4 70 44 -7 21 23 32

0 6 97 12 -12 3 28 41

0 28 44 55 -12 17 34 37

0 16 56 34 -8 15 20 25

0 23 24 36 -9 24 34 7

0 9 12 32 -15 0 1 8

0 11 99 40 -20 3 20 33

0 5 14 78 -13 3 11 16

0 5 62 81 -18 9 18 34

0 4 23 47 -1 0 2 37

0 18 37 5 -20 5 7 31

0 25 55 42 -19 13 42 8

0 24 82 11 -17 7 39 2

0 5 34 38 -18 0 3 21

0 16 66 48 -15 5 49 11

0 4 17 73 -7 14 16 35

0 36 73 77 -4 4 7 39

0 4 49 31 -2 21 29 32

0 17 26 50 -19 6 8 46

0 23 29 87 -5 17 29 34

0 14 48 73 -20 7 46 47

0 43 52 85 -6 40 41 37

0 1 84 96 -13 5 20 32

0 41 42 28 -4 5 41 36

0 55 82 81 -4 8 9 43

0 2 16 79 -11 45 47 48

0 60 88 71 -3 30 43 33

0 0 1 0 -7 17 38 20

0 43 64 75 -3 25 38 22

0 2 9 85 -15 37 39 41

0 7 99 89 -1 0 1 44

0 4 7 32 -2 19 39 8

0 12 97 10 -20 8 17 43

0 12 33 26 -13 14 30 34

0 2 3 99 -18 24 27 39

0 19 21 88 -2 25 48 32

0 34 51 58 -5 28 35 38

0 19 20 98 -18 2 3 35

0 34 40 22 -18 18 26 47

0 0 2 58 -19 26 31 16

0 0 2 65 -1 20 21 17

0 2 13 51 -12 0 1 45

0 25 30 10 -15 12 40 12

0 26 37 13 -13 20 32 30

0 8 9 37 -11 10 19 36

0 12 18 28 -11 12 22 7

0 3 14 16 -8 4 39 28

0 1 18 2 -14 21 49 44

0 0 4 66 -12 12 22 41

0 3 8 49 -3 16 22 2

0 0 18 19 -1 0 2 33

0 3 5 6 -17 10 22 46

0 2 6 40 -10 29 47 5

0 4 17 76 -13 25 29 1

0 1 3 19 -1 14 20 13

0 3 4 37 -8 1 6 45


SAlphaB: 680.0, std-dev 261.68084752154857

Earliest win: 37
Latest win: 81

WinDepth:
0 0 0 0 0 0 0 0 0 0 0 0 0 0 0 0 0 0 0 0 0 0 0 0 0 0 0 0 0 0 0 0 0 0 0 0 0 7 0 5 0 0 7 9 13 13 18 55 29 70 58 222 42 128 68 185 85 221 170 154 188 206 222 298 342 335 354 351 419 419 455 435 419 424 430 391 293 257 177 123 103 77 
SAlphaB:
0 0 0 0 0 0 0 0 0 0 0 0 0 0 0 0 0 0 0 0 0 0 0 0 0 0 0 0 0 0 0 0 0 0 0 0 0 7 0 5 0 0 7 9 13 13 18 55 29 70 58 222 42 128 68 185 85 221 170 154 188 206 222 298 342 335 354 351 419 419 455 435 419 424 430 391 293 257 177 123 103 77 

LossDepth:
SAlphaB:
0 0 0 0 0 0 0 0 0 0 0 0 0 0 0 0 0 0 0 0 0 0 0 0 0 0 0 0 0 0 0 0 0 0 0 0 0 7 0 5 0 0 7 9 13 13 18 55 29 70 58 222 42 128 68 185 85 221 170 154 188 206 222 298 342 335 354 351 419 419 455 435 419 424 430 391 293 257 177 123 103 77 

FirstWin:
0 0 0 0 0 0 0 0 0 0 0 0 0 0 0 0 0 0 0 0 0 0 0 0 0 0 0 0 0 0 0 0 0 0 0 0 0 7 0 5 0 0 0 9 0 13 0 55 0 70 0 222 0 128 0 185 0 221 0 154 0 206 0 298 0 335 0 351 0 419 0 435 0 424 0 391 0 257 0 123 0 77 
SAlphaB:
0 0 0 0 0 0 0 0 0 0 0 0 0 0 0 0 0 0 0 0 0 0 0 0 0 0 0 0 0 0 0 0 0 0 0 0 0 7 0 5 0 0 0 9 0 13 0 55 0 70 0 222 0 128 0 185 0 221 0 154 0 206 0 298 0 335 0 351 0 419 0 435 0 424 0 391 0 257 0 123 0 77 

SecondWin:
0 0 0 0 0 0 0 0 0 0 0 0 0 0 0 0 0 0 0 0 0 0 0 0 0 0 0 0 0 0 0 0 0 0 0 0 0 0 0 0 0 0 7 0 13 0 18 0 29 0 58 0 42 0 68 0 85 0 170 0 188 0 222 0 342 0 354 0 419 0 455 0 419 0 430 0 293 0 177 0 103 0 
SAlphaB:
0 0 0 0 0 0 0 0 0 0 0 0 0 0 0 0 0 0 0 0 0 0 0 0 0 0 0 0 0 0 0 0 0 0 0 0 0 0 0 0 0 0 7 0 13 0 18 0 29 0 58 0 42 0 68 0 85 0 170 0 188 0 222 0 342 0 354 0 419 0 455 0 419 0 430 0 293 0 177 0 103 0 
