0 19 96 17 -12 5 6 31

0 71 98 43 -11 10 27 19

0 18 72 64 -9 3 11 18

0 22 42 45 -1 6 9 0

0 81 95 61 -19 13 22 21

0 12 36 59 -1 16 29 4

0 63 90 23 -15 7 15 35

0 63 85 47 -18 12 30 11

0 64 86 64 -5 11 15 37

0 49 57 91 -12 0 10 5

0 73 99 68 -20 17 44 47

0 44 66 51 -13 1 32 0

0 62 69 30 -11 0 19 6

0 71 80 87 -16 16 18 2

0 9 20 82 -7 0 9 2

0 18 24 29 -8 10 25 17

0 32 57 75 -9 28 40 35

0 37 70 85 -9 2 4 35

0 34 84 33 -3 12 18 37

0 0 75 26 -13 0 3 21

0 98 99 10 -15 11 28 38

0 10 83 81 -9 11 28 36

0 0 50 52 -15 7 11 35

0 40 51 95 -11 14 27 9

0 30 31 94 -7 3 16 27

0 33 45 40 -15 6 19 23

0 50 71 63 -2 1 3 9

0 38 50 64 -4 36 41 2

0 55 89 0 -3 23 47 21

0 51 68 37 -7 17 20 5

0 7 95 54 -17 10 37 18

0 23 77 50 -11 3 24 29

0 41 67 94 -8 0 7 24

0 6 75 90 -1 3 4 19

0 32 44 99 -10 0 42 20

0 58 63 58 -4 4 6 8

0 49 71 72 -4 31 49 30

0 15 41 78 -19 3 6 40

0 14 64 35 -2 17 30 12

0 13 70 43 -16 19 21 4

0 29 40 94 -2 5 48 15

0 14 93 53 -18 28 36 13

0 23 28 4 -14 17 24 37

0 6 17 59 -3 7 16 24

0 35 48 2 -7 4 15 27

0 11 44 27 -3 25 46 31

0 14 63 0 -13 3 12 17

0 4 53 39 -10 1 6 41

0 10 76 98 -13 8 11 24

0 3 11 96 -1 8 11 8

0 6 63 44 -11 28 37 20

0 40 52 41 -10 16 49 7

0 34 73 22 -16 25 37 3

0 13 18 24 -8 5 6 12

0 63 64 24 -4 30 43 8

0 50 54 26 -10 7 14 49

0 9 20 12 -10 2 25 25

0 6 8 65 -3 21 45 1

0 25 28 80 -14 22 35 30

0 29 37 62 -6 9 11 34

0 45 97 43 -4 23 37 22

0 35 44 29 -10 7 11 43

0 63 98 93 -16 19 26 40

0 26 30 4 -13 2 4 38

0 16 56 59 -10 6 32 44

0 27 39 2 -15 9 16 47

0 53 54 79 -10 3 5 48

0 40 49 5 -15 18 25 31

0 41 48 44 -5 4 6 46

0 1 15 87 -12 12 25 19

0 20 69 55 -9 7 31 33

0 3 45 1 -6 10 12 28

0 2 3 34 -1 0 2 6

0 13 29 23 -11 38 44 8

0 8 15 20 -13 36 45 33

0 7 12 85 -16 18 26 25

0 45 75 3 -16 21 44 38

0 9 10 41 -6 12 23 12

0 1 3 51 -20 3 4 20

0 2 13 6 -12 9 13 25

0 7 46 9 -3 0 5 43

0 6 7 42 -8 22 47 13

0 24 95 18 -10 26 38 11

0 8 10 79 -10 22 26 48

0 4 23 87 -16 5 31 44

0 7 11 92 -3 2 14 47

0 1 6 27 -4 0 16 35

0 18 21 90 -19 7 34 45

0 1 3 42 -12 24 35 42

0 1 10 28 -12 7 28 25

0 7 16 24 -2 30 44 1

0 10 25 86 -7 3 31 37

0 0 1 47 -11 13 38 19

0 9 40 5 -4 27 38 34

0 8 10 85 -16 6 36 40

0 6 9 80 -17 9 48 27

0 10 26 47 -4 2 8 46

0 3 35 5 -6 5 7 48

0 2 4 97 -10 4 10 33

0 0 1 71 -7 4 23 42


SAlphaB: 689.0, std-dev 263.4517187860294

Earliest win: 35
Latest win: 81

WinDepth:
0 0 0 0 0 0 0 0 0 0 0 0 0 0 0 0 0 0 0 0 0 0 0 0 0 0 0 0 0 0 0 0 0 0 0 2 0 3 0 9 13 4 1 14 10 32 11 24 29 60 83 166 78 128 77 211 112 170 136 169 171 234 221 309 338 354 475 329 417 380 449 472 437 381 364 381 248 227 187 143 135 94 
SAlphaB:
0 0 0 0 0 0 0 0 0 0 0 0 0 0 0 0 0 0 0 0 0 0 0 0 0 0 0 0 0 0 0 0 0 0 0 2 0 3 0 9 13 4 1 14 10 32 11 24 29 60 83 166 78 128 77 211 112 170 136 169 171 234 221 309 338 354 475 329 417 380 449 472 437 381 364 381 248 227 187 143 135 94 

LossDepth:
SAlphaB:
0 0 0 0 0 0 0 0 0 0 0 0 0 0 0 0 0 0 0 0 0 0 0 0 0 0 0 0 0 0 0 0 0 0 0 2 0 3 0 9 13 4 1 14 10 32 11 24 29 60 83 166 78 128 77 211 112 170 136 169 171 234 221 309 338 354 475 329 417 380 449 472 437 381 364 381 248 227 187 143 135 94 

FirstWin:
0 0 0 0 0 0 0 0 0 0 0 0 0 0 0 0 0 0 0 0 0 0 0 0 0 0 0 0 0 0 0 0 0 0 0 2 0 3 0 9 0 4 0 14 0 32 0 24 0 60 0 166 0 128 0 211 0 170 0 169 0 234 0 309 0 354 0 329 0 380 0 472 0 381 0 381 0 227 0 143 0 94 
SAlphaB:
0 0 0 0 0 0 0 0 0 0 0 0 0 0 0 0 0 0 0 0 0 0 0 0 0 0 0 0 0 0 0 0 0 0 0 2 0 3 0 9 0 4 0 14 0 32 0 24 0 60 0 166 0 128 0 211 0 170 0 169 0 234 0 309 0 354 0 329 0 380 0 472 0 381 0 381 0 227 0 143 0 94 

SecondWin:
0 0 0 0 0 0 0 0 0 0 0 0 0 0 0 0 0 0 0 0 0 0 0 0 0 0 0 0 0 0 0 0 0 0 0 0 0 0 0 0 13 0 1 0 10 0 11 0 29 0 83 0 78 0 77 0 112 0 136 0 171 0 221 0 338 0 475 0 417 0 449 0 437 0 364 0 248 0 187 0 135 0 
SAlphaB:
0 0 0 0 0 0 0 0 0 0 0 0 0 0 0 0 0 0 0 0 0 0 0 0 0 0 0 0 0 0 0 0 0 0 0 0 0 0 0 0 13 0 1 0 10 0 11 0 29 0 83 0 78 0 77 0 112 0 136 0 171 0 221 0 338 0 475 0 417 0 449 0 437 0 364 0 248 0 187 0 135 0 
