0 43 47 44 -10 2 12 4

0 43 71 90 -10 8 24 6

0 45 84 26 -18 1 5 29

0 40 99 4 -12 6 29 31

0 37 59 69 -2 0 23 8

0 29 96 49 -14 4 9 24

0 67 81 92 -18 15 37 15

0 36 62 53 -1 8 27 32

0 44 84 45 -11 9 26 0

0 43 45 27 -19 0 2 34

0 46 50 52 -1 2 12 24

0 33 35 82 -10 0 1 6

0 54 55 33 -14 13 40 20

0 46 54 59 -18 8 38 6

0 60 82 63 -10 0 1 10

0 59 91 46 -20 10 42 30

0 20 44 76 -2 2 14 18

0 81 89 74 -4 10 12 44

0 3 60 44 -20 0 5 16

0 73 97 27 -6 11 23 28

0 13 96 60 -5 10 14 8

0 47 91 79 -5 12 36 29

0 86 90 27 -14 26 49 22

0 30 78 33 -14 9 31 46

0 0 44 47 -12 5 14 2

0 9 86 68 -13 14 45 4

0 39 49 74 -13 8 27 2

0 35 44 9 -10 1 3 27

0 17 21 7 -7 3 8 8

0 42 65 45 -10 4 12 47

0 12 34 61 -5 15 26 6

0 44 90 99 -13 20 41 26

0 36 97 67 -13 23 40 13

0 25 41 83 -19 21 33 3

0 60 86 56 -14 8 24 49

0 5 31 48 -2 9 15 8

0 47 60 37 -3 19 34 18

0 28 30 38 -3 23 25 27

0 23 45 40 -6 0 5 29

0 22 42 42 -11 20 42 29

0 17 57 64 -8 30 44 6

0 26 83 16 -12 11 18 37

0 11 80 95 -10 13 18 29

0 85 98 15 -19 23 30 0

0 55 89 50 -4 2 3 13

0 18 54 1 -18 2 10 8

0 29 41 73 -20 1 7 32

0 72 74 60 -17 3 22 37

0 16 52 95 -14 31 44 31

0 5 7 75 -13 0 3 12

0 62 75 8 -11 43 46 28

0 6 24 84 -2 4 5 15

0 39 49 20 -13 2 3 49

0 25 88 46 -17 4 38 25

0 35 60 67 -12 8 39 45

0 25 32 21 -10 38 39 2

0 28 32 28 -19 2 4 32

0 3 37 16 -1 9 12 18

0 15 31 7 -11 3 24 17

0 83 88 72 -4 1 2 39

0 37 89 28 -15 18 21 16

0 5 29 79 -6 28 37 45

0 38 47 66 -6 15 36 48

0 9 36 48 -9 9 32 26

0 0 72 6 -10 2 18 29

0 4 26 61 -14 5 17 27

0 12 24 41 -8 47 48 7

0 6 18 91 -2 1 2 19

0 3 18 69 -9 32 41 29

0 9 44 39 -15 9 43 39

0 10 67 15 -13 9 37 43

0 2 32 72 -3 22 23 39

0 17 72 29 -6 21 22 20

0 7 22 25 -16 11 38 36

0 7 42 87 -3 2 9 23

0 14 29 10 -18 7 14 5

0 12 46 62 -4 0 22 21

0 33 41 76 -8 24 44 49

0 11 20 76 -15 7 36 23

0 18 52 12 -8 29 42 10

0 15 22 94 -9 0 1 31

0 30 35 50 -12 7 47 24

0 5 24 37 -10 6 33 22

0 18 24 25 -17 44 45 22

0 1 3 9 -13 0 3 30

0 16 20 66 -19 0 25 44

0 14 16 54 -5 22 47 9

0 20 51 4 -7 0 45 0

0 12 40 68 -10 34 43 12

0 8 60 9 -14 5 46 16

0 16 28 68 -17 27 48 48

0 19 25 62 -6 1 3 45

0 11 12 47 -9 3 45 39

0 17 23 91 -11 13 49 12

0 1 9 89 -7 27 33 46

0 7 17 14 -9 0 47 27

0 4 6 1 -12 47 49 11

0 3 13 6 -6 24 44 35

0 0 8 88 -10 2 43 39

0 0 3 91 -2 9 18 49


SAlphaB: 700.0, std-dev 253.5553827494343

Earliest win: 37
Latest win: 81

WinDepth:
0 0 0 0 0 0 0 0 0 0 0 0 0 0 0 0 0 0 0 0 0 0 0 0 0 0 0 0 0 0 0 0 0 0 0 0 0 12 2 4 0 4 2 12 7 11 19 33 23 84 67 189 130 126 60 146 131 211 183 175 175 247 257 347 266 331 395 410 396 396 423 436 434 415 403 358 316 224 169 158 108 67 
SAlphaB:
0 0 0 0 0 0 0 0 0 0 0 0 0 0 0 0 0 0 0 0 0 0 0 0 0 0 0 0 0 0 0 0 0 0 0 0 0 12 2 4 0 4 2 12 7 11 19 33 23 84 67 189 130 126 60 146 131 211 183 175 175 247 257 347 266 331 395 410 396 396 423 436 434 415 403 358 316 224 169 158 108 67 

LossDepth:
SAlphaB:
0 0 0 0 0 0 0 0 0 0 0 0 0 0 0 0 0 0 0 0 0 0 0 0 0 0 0 0 0 0 0 0 0 0 0 0 0 12 2 4 0 4 2 12 7 11 19 33 23 84 67 189 130 126 60 146 131 211 183 175 175 247 257 347 266 331 395 410 396 396 423 436 434 415 403 358 316 224 169 158 108 67 

FirstWin:
0 0 0 0 0 0 0 0 0 0 0 0 0 0 0 0 0 0 0 0 0 0 0 0 0 0 0 0 0 0 0 0 0 0 0 0 0 12 0 4 0 4 0 12 0 11 0 33 0 84 0 189 0 126 0 146 0 211 0 175 0 247 0 347 0 331 0 410 0 396 0 436 0 415 0 358 0 224 0 158 0 67 
SAlphaB:
0 0 0 0 0 0 0 0 0 0 0 0 0 0 0 0 0 0 0 0 0 0 0 0 0 0 0 0 0 0 0 0 0 0 0 0 0 12 0 4 0 4 0 12 0 11 0 33 0 84 0 189 0 126 0 146 0 211 0 175 0 247 0 347 0 331 0 410 0 396 0 436 0 415 0 358 0 224 0 158 0 67 

SecondWin:
0 0 0 0 0 0 0 0 0 0 0 0 0 0 0 0 0 0 0 0 0 0 0 0 0 0 0 0 0 0 0 0 0 0 0 0 0 0 2 0 0 0 2 0 7 0 19 0 23 0 67 0 130 0 60 0 131 0 183 0 175 0 257 0 266 0 395 0 396 0 423 0 434 0 403 0 316 0 169 0 108 0 
SAlphaB:
0 0 0 0 0 0 0 0 0 0 0 0 0 0 0 0 0 0 0 0 0 0 0 0 0 0 0 0 0 0 0 0 0 0 0 0 0 0 2 0 0 0 2 0 7 0 19 0 23 0 67 0 130 0 60 0 131 0 183 0 175 0 257 0 266 0 395 0 396 0 423 0 434 0 403 0 316 0 169 0 108 0 
