0 28 50 25 -7 9 13 45

0 67 96 51 -15 7 26 36

0 57 91 59 -17 12 16 36

0 20 63 70 -12 4 10 10

0 29 74 52 -14 5 9 27

0 43 52 8 -14 2 8 13

0 4 91 85 -2 9 28 24

0 22 44 16 -5 4 6 21

0 43 52 40 -20 0 2 4

0 11 85 61 -15 1 2 20

0 27 40 79 -15 2 4 14

0 20 64 72 -2 4 14 35

0 31 62 88 -7 30 37 24

0 29 96 90 -14 12 24 14

0 66 91 59 -5 3 44 25

0 27 72 17 -4 1 18 24

0 77 79 75 -16 6 13 16

0 19 59 69 -17 16 32 20

0 24 62 49 -11 40 48 16

0 10 42 17 -1 18 26 4

0 49 78 36 -17 20 41 23

0 82 99 20 -15 28 29 42

0 22 72 71 -15 0 1 43

0 9 16 59 -7 13 16 5

0 29 43 12 -19 2 15 45

0 20 51 5 -4 7 23 24

0 53 99 51 -16 8 10 35

0 60 62 66 -13 17 47 41

0 15 81 69 -16 0 24 26

0 1 76 42 -11 9 33 19

0 19 54 19 -8 14 39 27

0 20 73 9 -20 24 48 13

0 85 89 10 -13 31 48 36

0 6 85 93 -4 6 11 46

0 1 34 62 -20 0 15 4

0 35 45 10 -4 5 12 41

0 57 66 78 -20 15 47 19

0 34 52 37 -1 2 4 37

0 38 78 14 -10 36 48 20

0 8 75 11 -13 13 48 36

0 27 58 85 -9 5 7 10

0 51 67 19 -8 38 41 47

0 45 61 19 -11 3 4 42

0 41 72 49 -1 6 8 42

0 26 27 31 -14 2 6 37

0 19 38 95 -9 23 48 22

0 10 38 9 -9 7 24 32

0 7 41 4 -15 13 40 33

0 6 7 50 -1 7 11 17

0 19 52 83 -16 6 29 25

0 45 80 54 -12 19 29 42

0 37 82 35 -19 32 46 43

0 28 29 9 -17 8 36 27

0 19 32 82 -13 7 21 29

0 34 47 10 -8 28 29 11

0 13 18 87 -13 44 49 19

0 7 10 11 -11 7 30 28

0 1 31 21 -18 4 23 1

0 37 53 17 -5 32 42 48

0 10 68 88 -18 41 46 43

0 39 68 54 -3 0 1 22

0 9 16 29 -1 8 11 14

0 3 35 46 -2 0 22 29

0 41 49 42 -18 10 34 22

0 18 26 88 -7 13 18 3

0 37 56 57 -4 0 1 37

0 15 18 7 -15 4 23 1

0 18 32 72 -3 22 43 47

0 18 28 25 -17 9 10 1

0 28 30 92 -2 5 47 37

0 5 8 81 -19 1 2 25

0 12 13 6 -16 3 6 12

0 2 7 54 -4 19 26 12

0 4 6 81 -7 5 7 20

0 25 31 13 -10 24 32 46

0 3 7 51 -13 18 19 40

0 6 18 69 -10 6 8 45

0 0 1 22 -13 7 13 0

0 24 40 56 -12 24 31 43

0 6 13 45 -7 32 46 13

0 0 14 95 -18 34 37 49

0 11 19 46 -16 36 37 29

0 4 11 53 -20 10 45 18

0 16 39 32 -12 10 19 42

0 3 6 64 -18 14 18 44

0 4 7 24 -2 11 19 9

0 0 3 42 -14 10 15 6

0 0 4 14 -4 31 38 24

0 4 8 30 -6 9 27 5

0 3 41 68 -16 1 9 45

0 2 20 51 -6 13 34 5

0 6 23 87 -16 18 30 40

0 13 19 58 -20 0 2 44

0 14 31 65 -8 28 42 0

0 2 8 38 -11 8 49 37

0 17 21 28 -18 11 16 30

0 18 22 32 -18 1 15 32

0 2 26 33 -1 19 28 36

0 4 8 27 -19 2 8 46

0 3 50 30 -1 3 13 44


SAlphaB: 727.0, std-dev 282.4426321477433

Earliest win: 37
Latest win: 81

WinDepth:
0 0 0 0 0 0 0 0 0 0 0 0 0 0 0 0 0 0 0 0 0 0 0 0 0 0 0 0 0 0 0 0 0 0 0 0 0 1 2 9 10 3 5 14 18 27 18 23 24 128 49 191 85 105 105 200 126 204 184 177 184 191 223 329 294 297 349 355 428 380 441 378 509 401 409 361 298 254 183 119 108 74 
SAlphaB:
0 0 0 0 0 0 0 0 0 0 0 0 0 0 0 0 0 0 0 0 0 0 0 0 0 0 0 0 0 0 0 0 0 0 0 0 0 1 2 9 10 3 5 14 18 27 18 23 24 128 49 191 85 105 105 200 126 204 184 177 184 191 223 329 294 297 349 355 428 380 441 378 509 401 409 361 298 254 183 119 108 74 

LossDepth:
SAlphaB:
0 0 0 0 0 0 0 0 0 0 0 0 0 0 0 0 0 0 0 0 0 0 0 0 0 0 0 0 0 0 0 0 0 0 0 0 0 1 2 9 10 3 5 14 18 27 18 23 24 128 49 191 85 105 105 200 126 204 184 177 184 191 223 329 294 297 349 355 428 380 441 378 509 401 409 361 298 254 183 119 108 74 

FirstWin:
0 0 0 0 0 0 0 0 0 0 0 0 0 0 0 0 0 0 0 0 0 0 0 0 0 0 0 0 0 0 0 0 0 0 0 0 0 1 0 9 0 3 0 14 0 27 0 23 0 128 0 191 0 105 0 200 0 204 0 177 0 191 0 329 0 297 0 355 0 380 0 378 0 401 0 361 0 254 0 119 0 74 
SAlphaB:
0 0 0 0 0 0 0 0 0 0 0 0 0 0 0 0 0 0 0 0 0 0 0 0 0 0 0 0 0 0 0 0 0 0 0 0 0 1 0 9 0 3 0 14 0 27 0 23 0 128 0 191 0 105 0 200 0 204 0 177 0 191 0 329 0 297 0 355 0 380 0 378 0 401 0 361 0 254 0 119 0 74 

SecondWin:
0 0 0 0 0 0 0 0 0 0 0 0 0 0 0 0 0 0 0 0 0 0 0 0 0 0 0 0 0 0 0 0 0 0 0 0 0 0 2 0 10 0 5 0 18 0 18 0 24 0 49 0 85 0 105 0 126 0 184 0 184 0 223 0 294 0 349 0 428 0 441 0 509 0 409 0 298 0 183 0 108 0 
SAlphaB:
0 0 0 0 0 0 0 0 0 0 0 0 0 0 0 0 0 0 0 0 0 0 0 0 0 0 0 0 0 0 0 0 0 0 0 0 0 0 2 0 10 0 5 0 18 0 18 0 24 0 49 0 85 0 105 0 126 0 184 0 184 0 223 0 294 0 349 0 428 0 441 0 509 0 409 0 298 0 183 0 108 0 
