0 24 63 13 -7 1 3 30

0 53 92 72 -17 1 3 4

0 5 94 82 -12 7 24 17

0 24 76 96 -12 6 11 20

0 55 89 81 -16 9 31 36

0 0 90 66 -6 33 43 23

0 45 71 45 -6 0 31 5

0 22 52 50 -16 2 4 27

0 27 83 9 -13 3 9 40

0 7 69 77 -12 11 17 27

0 33 64 78 -20 1 25 45

0 4 63 48 -18 20 26 25

0 33 71 80 -8 19 21 42

0 14 35 99 -5 16 21 15

0 9 95 68 -16 13 26 29

0 34 98 55 -19 9 16 42

0 1 55 96 -5 14 21 15

0 37 77 55 -6 2 28 23

0 34 74 17 -14 1 24 6

0 2 75 84 -14 15 38 16

0 9 43 12 -6 0 5 21

0 52 63 55 -16 14 27 9

0 25 27 0 -4 3 10 14

0 3 39 78 -15 8 23 21

0 19 46 57 -6 22 28 13

0 37 69 13 -9 0 31 41

0 49 60 73 -14 20 21 21

0 10 77 4 -17 1 4 4

0 31 57 93 -19 1 17 20

0 45 74 8 -19 26 42 35

0 68 79 77 -12 1 2 31

0 19 78 61 -14 3 37 27

0 7 66 59 -16 11 47 29

0 88 96 90 -20 21 38 29

0 5 58 33 -10 4 17 8

0 47 86 78 -12 23 29 8

0 29 91 76 -5 18 39 37

0 11 83 52 -14 13 43 9

0 51 53 24 -12 3 14 32

0 29 67 90 -4 15 30 39

0 12 35 81 -14 9 24 40

0 10 99 78 -2 20 45 38

0 16 39 62 -12 0 1 27

0 43 52 38 -12 11 32 33

0 50 56 22 -7 20 47 36

0 38 45 69 -5 12 13 21

0 24 29 83 -20 15 34 7

0 6 57 90 -3 8 29 33

0 4 66 26 -2 40 48 15

0 64 84 6 -2 19 34 35

0 8 56 13 -6 29 48 23

0 14 53 68 -19 4 43 18

0 2 20 48 -3 37 42 39

0 33 42 14 -1 0 1 9

0 52 80 53 -9 28 43 31

0 9 55 92 -17 3 39 22

0 18 63 25 -13 18 22 29

0 11 26 21 -19 33 34 17

0 4 43 59 -1 1 2 40

0 31 47 14 -7 22 30 20

0 17 81 79 -12 3 10 46

0 29 51 19 -13 14 27 9

0 19 24 17 -8 3 42 17

0 12 20 31 -10 36 37 11

0 25 30 94 -12 18 37 35

0 0 6 74 -14 4 38 8

0 13 43 11 -20 5 13 34

0 1 30 5 -11 4 37 16

0 26 31 4 -11 15 17 33

0 11 12 54 -7 22 24 40

0 4 98 12 -18 11 18 29

0 23 42 40 -13 9 10 20

0 2 4 5 -5 7 35 2

0 8 75 47 -2 5 14 27

0 2 6 30 -1 13 24 5

0 16 40 97 -14 1 44 15

0 16 27 87 -16 10 12 39

0 4 32 19 -13 10 14 48

0 10 18 28 -6 0 5 33

0 7 8 1 -2 1 33 25

0 22 35 9 -12 17 18 41

0 12 14 90 -15 7 12 13

0 16 19 44 -11 18 29 24

0 9 29 36 -9 14 45 48

0 0 3 46 -6 2 6 26

0 18 32 35 -3 29 42 39

0 16 68 4 -2 18 20 16

0 2 3 34 -20 5 9 25

0 1 4 58 -2 12 47 24

0 0 2 74 -7 7 9 8

0 6 10 55 -6 9 47 19

0 3 8 8 -12 2 4 1

0 4 6 62 -20 24 34 0

0 10 34 9 -19 31 49 5

0 4 7 52 -19 19 47 45

0 0 8 16 -7 0 42 44

0 4 22 45 -10 17 41 43

0 1 8 72 -14 32 36 1

0 2 6 27 -1 1 8 34

0 14 17 7 -1 4 19 45


SAlphaB: 710.0, std-dev 254.97205798584156

Earliest win: 37
Latest win: 81

WinDepth:
0 0 0 0 0 0 0 0 0 0 0 0 0 0 0 0 0 0 0 0 0 0 0 0 0 0 0 0 0 0 0 0 0 0 0 0 0 7 0 9 0 7 6 14 10 15 12 27 35 97 37 267 72 91 74 248 96 175 143 190 142 258 257 367 396 372 435 426 434 418 404 458 403 387 363 339 276 251 168 139 75 70 
SAlphaB:
0 0 0 0 0 0 0 0 0 0 0 0 0 0 0 0 0 0 0 0 0 0 0 0 0 0 0 0 0 0 0 0 0 0 0 0 0 7 0 9 0 7 6 14 10 15 12 27 35 97 37 267 72 91 74 248 96 175 143 190 142 258 257 367 396 372 435 426 434 418 404 458 403 387 363 339 276 251 168 139 75 70 

LossDepth:
SAlphaB:
0 0 0 0 0 0 0 0 0 0 0 0 0 0 0 0 0 0 0 0 0 0 0 0 0 0 0 0 0 0 0 0 0 0 0 0 0 7 0 9 0 7 6 14 10 15 12 27 35 97 37 267 72 91 74 248 96 175 143 190 142 258 257 367 396 372 435 426 434 418 404 458 403 387 363 339 276 251 168 139 75 70 

FirstWin:
0 0 0 0 0 0 0 0 0 0 0 0 0 0 0 0 0 0 0 0 0 0 0 0 0 0 0 0 0 0 0 0 0 0 0 0 0 7 0 9 0 7 0 14 0 15 0 27 0 97 0 267 0 91 0 248 0 175 0 190 0 258 0 367 0 372 0 426 0 418 0 458 0 387 0 339 0 251 0 139 0 70 
SAlphaB:
0 0 0 0 0 0 0 0 0 0 0 0 0 0 0 0 0 0 0 0 0 0 0 0 0 0 0 0 0 0 0 0 0 0 0 0 0 7 0 9 0 7 0 14 0 15 0 27 0 97 0 267 0 91 0 248 0 175 0 190 0 258 0 367 0 372 0 426 0 418 0 458 0 387 0 339 0 251 0 139 0 70 

SecondWin:
0 0 0 0 0 0 0 0 0 0 0 0 0 0 0 0 0 0 0 0 0 0 0 0 0 0 0 0 0 0 0 0 0 0 0 0 0 0 0 0 0 0 6 0 10 0 12 0 35 0 37 0 72 0 74 0 96 0 143 0 142 0 257 0 396 0 435 0 434 0 404 0 403 0 363 0 276 0 168 0 75 0 
SAlphaB:
0 0 0 0 0 0 0 0 0 0 0 0 0 0 0 0 0 0 0 0 0 0 0 0 0 0 0 0 0 0 0 0 0 0 0 0 0 0 0 0 0 0 6 0 10 0 12 0 35 0 37 0 72 0 74 0 96 0 143 0 142 0 257 0 396 0 435 0 434 0 404 0 403 0 363 0 276 0 168 0 75 0 
