0 57 99 37 -10 8 15 19

0 36 46 65 -11 2 4 9

0 23 77 95 -16 2 3 6

0 81 87 69 -16 17 28 32

0 76 96 53 -5 8 37 23

0 71 96 81 -16 4 40 36

0 45 57 98 -7 4 32 21

0 7 88 77 -9 0 2 12

0 44 66 94 -1 5 27 23

0 72 81 28 -10 3 8 20

0 31 61 41 -15 14 29 34

0 36 57 15 -1 7 11 14

0 81 83 10 -7 7 30 16

0 13 14 68 -15 0 1 13

0 8 96 72 -3 4 8 31

0 31 43 68 -12 10 11 4

0 74 96 54 -16 2 14 33

0 51 94 69 -17 1 35 34

0 36 59 20 -12 7 15 9

0 81 99 79 -5 22 47 31

0 31 82 21 -10 13 19 20

0 56 98 20 -4 1 6 30

0 15 49 21 -2 26 32 13

0 76 78 90 -18 1 8 5

0 67 82 74 -15 4 39 8

0 29 57 54 -3 5 30 28

0 6 7 96 -13 0 3 14

0 16 27 43 -12 14 19 13

0 48 89 87 -12 5 6 8

0 5 87 66 -8 16 34 23

0 8 95 93 -10 3 19 17

0 32 62 92 -20 3 4 4

0 61 68 9 -1 4 19 25

0 16 99 51 -9 23 47 24

0 6 58 62 -7 14 26 36

0 21 34 49 -5 12 18 3

0 6 43 95 -20 23 36 15

0 33 52 37 -7 0 5 19

0 27 36 55 -15 4 6 35

0 12 74 15 -18 6 40 5

0 68 76 23 -8 33 43 23

0 76 91 4 -6 1 22 0

0 0 30 99 -10 3 5 11

0 10 41 4 -8 6 43 1

0 71 88 26 -19 12 16 7

0 18 69 75 -11 35 38 6

0 21 41 36 -15 41 48 17

0 11 39 81 -8 25 48 19

0 16 69 43 -13 32 34 26

0 11 90 72 -15 34 35 45

0 11 31 67 -19 0 1 39

0 28 79 98 -19 12 31 24

0 6 32 51 -7 25 28 25

0 17 30 42 -11 22 38 12

0 27 46 65 -5 1 22 31

0 66 67 72 -3 36 47 39

0 15 51 87 -14 28 42 46

0 63 83 42 -8 0 1 36

0 15 68 82 -19 2 18 42

0 21 81 30 -1 10 44 39

0 24 44 56 -15 18 33 34

0 24 75 45 -7 12 41 42

0 19 87 45 -11 6 40 19

0 0 27 67 -2 0 1 30

0 10 69 4 -11 27 37 33

0 54 57 96 -6 11 18 16

0 2 47 64 -6 24 46 24

0 33 46 12 -17 16 19 12

0 6 81 46 -2 11 25 45

0 6 7 34 -9 7 18 16

0 2 69 4 -10 14 23 33

0 47 56 21 -4 32 39 30

0 27 39 84 -2 9 39 30

0 23 54 87 -7 19 28 40

0 35 48 48 -20 26 27 40

0 9 21 92 -20 36 48 5

0 79 93 63 -9 31 32 48

0 15 40 24 -5 10 14 26

0 18 40 20 -7 28 49 42

0 0 13 87 -18 12 35 28

0 14 25 69 -20 24 41 19

0 24 33 80 -12 6 19 49

0 8 69 32 -11 0 38 28

0 13 14 34 -10 12 37 34

0 30 58 14 -18 34 48 3

0 4 10 8 -8 26 29 3

0 14 18 8 -8 26 47 34

0 5 11 18 -8 1 19 32

0 17 18 21 -6 9 26 46

0 3 38 52 -2 23 39 2

0 0 4 85 -4 6 21 6

0 2 9 87 -5 28 32 6

0 23 40 37 -12 5 33 48

0 4 11 77 -20 17 25 24

0 1 83 14 -20 2 3 46

0 2 7 48 -9 9 41 41

0 6 8 84 -10 1 10 19

0 0 21 8 -5 0 2 43

0 0 2 17 -13 7 9 30

0 3 15 1 -12 6 7 48


SAlphaB: 701.0, std-dev 260.2251005952308

Earliest win: 37
Latest win: 81

WinDepth:
0 0 0 0 0 0 0 0 0 0 0 0 0 0 0 0 0 0 0 0 0 0 0 0 0 0 0 0 0 0 0 0 0 0 0 0 0 2 0 5 1 3 3 22 14 18 17 35 24 53 92 141 92 98 108 153 104 150 145 176 156 237 243 344 326 356 421 379 472 425 463 450 459 418 391 348 258 226 181 146 93 81 
SAlphaB:
0 0 0 0 0 0 0 0 0 0 0 0 0 0 0 0 0 0 0 0 0 0 0 0 0 0 0 0 0 0 0 0 0 0 0 0 0 2 0 5 1 3 3 22 14 18 17 35 24 53 92 141 92 98 108 153 104 150 145 176 156 237 243 344 326 356 421 379 472 425 463 450 459 418 391 348 258 226 181 146 93 81 

LossDepth:
SAlphaB:
0 0 0 0 0 0 0 0 0 0 0 0 0 0 0 0 0 0 0 0 0 0 0 0 0 0 0 0 0 0 0 0 0 0 0 0 0 2 0 5 1 3 3 22 14 18 17 35 24 53 92 141 92 98 108 153 104 150 145 176 156 237 243 344 326 356 421 379 472 425 463 450 459 418 391 348 258 226 181 146 93 81 

FirstWin:
0 0 0 0 0 0 0 0 0 0 0 0 0 0 0 0 0 0 0 0 0 0 0 0 0 0 0 0 0 0 0 0 0 0 0 0 0 2 0 5 0 3 0 22 0 18 0 35 0 53 0 141 0 98 0 153 0 150 0 176 0 237 0 344 0 356 0 379 0 425 0 450 0 418 0 348 0 226 0 146 0 81 
SAlphaB:
0 0 0 0 0 0 0 0 0 0 0 0 0 0 0 0 0 0 0 0 0 0 0 0 0 0 0 0 0 0 0 0 0 0 0 0 0 2 0 5 0 3 0 22 0 18 0 35 0 53 0 141 0 98 0 153 0 150 0 176 0 237 0 344 0 356 0 379 0 425 0 450 0 418 0 348 0 226 0 146 0 81 

SecondWin:
0 0 0 0 0 0 0 0 0 0 0 0 0 0 0 0 0 0 0 0 0 0 0 0 0 0 0 0 0 0 0 0 0 0 0 0 0 0 0 0 1 0 3 0 14 0 17 0 24 0 92 0 92 0 108 0 104 0 145 0 156 0 243 0 326 0 421 0 472 0 463 0 459 0 391 0 258 0 181 0 93 0 
SAlphaB:
0 0 0 0 0 0 0 0 0 0 0 0 0 0 0 0 0 0 0 0 0 0 0 0 0 0 0 0 0 0 0 0 0 0 0 0 0 0 0 0 1 0 3 0 14 0 17 0 24 0 92 0 92 0 108 0 104 0 145 0 156 0 243 0 326 0 421 0 472 0 463 0 459 0 391 0 258 0 181 0 93 0 
