0 40 97 66 -14 4 10 13

0 41 65 51 -13 2 6 8

0 40 68 54 -6 5 14 20

0 47 64 79 -13 6 12 14

0 29 53 33 -1 1 24 5

0 18 96 67 -12 1 6 8

0 70 91 43 -6 0 11 17

0 33 76 95 -4 4 15 8

0 57 98 15 -14 0 14 14

0 75 90 59 -14 7 24 14

0 40 86 67 -17 0 6 14

0 18 85 6 -10 3 10 9

0 36 66 50 -18 0 10 33

0 30 61 53 -19 1 3 12

0 65 70 50 -19 12 26 25

0 40 70 7 -8 1 3 4

0 27 58 51 -19 0 2 9

0 38 68 58 -8 6 16 28

0 96 97 81 -9 19 37 28

0 18 97 59 -15 0 8 2

0 82 93 63 -20 12 26 15

0 30 54 37 -6 4 10 9

0 94 99 5 -14 5 15 17

0 95 99 86 -13 10 14 2

0 77 95 61 -6 3 24 17

0 81 88 24 -20 10 34 21

0 27 65 65 -14 3 6 9

0 45 56 62 -18 3 15 25

0 26 73 6 -16 0 12 10

0 31 42 83 -15 1 2 10

0 37 68 82 -5 3 24 33

0 71 80 55 -8 17 18 15

0 70 88 90 -3 18 22 5

0 17 32 58 -2 2 7 12

0 15 87 16 -14 0 5 27

0 96 98 82 -4 7 22 26

0 57 83 54 -6 5 13 20

0 43 47 52 -20 0 1 4

0 67 85 88 -5 7 20 10

0 49 90 29 -9 8 39 12

0 51 90 24 -19 3 4 26

0 29 43 48 -14 3 4 5

0 35 58 57 -12 0 7 19

0 15 81 49 -7 1 16 14

0 55 92 55 -10 6 33 30

0 17 93 3 -3 9 13 24

0 48 74 2 -14 2 4 29

0 70 96 87 -3 19 20 38

0 50 95 3 -8 14 33 2

0 67 99 26 -13 19 29 32

0 92 99 43 -6 8 32 45

0 59 79 53 -10 18 19 27

0 28 73 99 -5 0 4 21

0 54 77 5 -9 10 31 42

0 25 93 4 -11 0 1 12

0 42 88 88 -2 14 35 49

0 46 75 25 -19 1 4 25

0 22 62 45 -5 3 4 21

0 59 93 32 -12 2 19 49

0 55 67 72 -14 8 24 32

0 51 72 71 -19 9 13 12

0 89 99 32 -1 1 36 6

0 55 79 17 -19 3 16 31

0 25 75 15 -1 2 32 0

0 55 86 57 -17 4 6 8

0 11 66 67 -3 0 3 1

0 5 39 44 -4 3 8 7

0 31 73 93 -10 7 16 33

0 33 73 90 -18 9 11 39

0 56 87 66 -2 15 18 11

0 66 71 84 -18 3 11 18

0 44 58 50 -7 3 18 23

0 36 70 68 -5 3 13 29

0 72 78 34 -10 8 15 10

0 68 89 65 -8 18 24 14

0 17 57 77 -6 1 16 21

0 69 79 61 -2 15 41 24

0 39 76 14 -16 7 22 6

0 14 73 30 -11 2 6 13

0 12 94 50 -2 8 10 18

0 26 38 68 -12 1 5 8

0 13 48 45 -18 12 21 8

0 21 36 9 -6 3 4 13

0 40 51 83 -18 3 21 18

0 85 92 96 -14 14 24 2

0 38 86 47 -6 2 3 32

0 14 82 49 -5 10 28 1

0 35 57 79 -6 6 9 33

0 32 44 36 -4 8 28 30

0 27 80 34 -14 18 36 16

0 43 73 60 -19 2 8 43

0 62 63 51 -7 7 36 33

0 12 79 81 -1 7 24 29

0 41 68 12 -11 18 23 19

0 56 63 68 -3 3 7 30

0 23 32 66 -13 1 4 35

0 27 39 78 -1 23 30 16

0 7 91 85 -6 28 35 18

0 17 75 80 -11 4 7 45

0 5 42 25 -15 0 2 13


SAlphaB: 732.0, std-dev 262.66560884650863

Earliest win: 36
Latest win: 81

WinDepth:
0 0 0 0 0 0 0 0 0 0 0 0 0 0 0 0 0 0 0 0 0 0 0 0 0 0 0 0 0 0 0 0 0 0 0 0 2 6 1 16 4 33 16 42 19 77 61 200 58 182 113 326 153 319 219 439 461 581 399 563 439 699 682 833 705 885 843 984 985 981 963 927 970 843 863 653 577 518 417 301 240 169 
SAlphaB:
0 0 0 0 0 0 0 0 0 0 0 0 0 0 0 0 0 0 0 0 0 0 0 0 0 0 0 0 0 0 0 0 0 0 0 0 2 6 1 16 4 33 16 42 19 77 61 200 58 182 113 326 153 319 219 439 461 581 399 563 439 699 682 833 705 885 843 984 985 981 963 927 970 843 863 653 577 518 417 301 240 169 

LossDepth:
SAlphaB:
0 0 0 0 0 0 0 0 0 0 0 0 0 0 0 0 0 0 0 0 0 0 0 0 0 0 0 0 0 0 0 0 0 0 0 0 2 0 2 11 2 20 6 29 16 44 39 107 39 98 69 127 91 189 147 263 300 350 294 345 288 470 441 646 493 627 577 801 694 757 778 784 722 732 662 599 441 459 320 293 225 148 

FirstWin:
0 0 0 0 0 0 0 0 0 0 0 0 0 0 0 0 0 0 0 0 0 0 0 0 0 0 0 0 0 0 0 0 0 0 0 0 0 6 0 16 0 33 0 42 0 77 0 200 0 182 0 326 0 319 0 439 0 581 0 563 0 699 0 833 0 885 0 984 0 981 0 927 0 843 0 653 0 518 0 301 0 169 
SAlphaB:
0 0 0 0 0 0 0 0 0 0 0 0 0 0 0 0 0 0 0 0 0 0 0 0 0 0 0 0 0 0 0 0 0 0 0 0 0 6 0 16 0 33 0 42 0 77 0 200 0 182 0 326 0 319 0 439 0 581 0 563 0 699 0 833 0 885 0 984 0 981 0 927 0 843 0 653 0 518 0 301 0 169 

SecondWin:
0 0 0 0 0 0 0 0 0 0 0 0 0 0 0 0 0 0 0 0 0 0 0 0 0 0 0 0 0 0 0 0 0 0 0 0 2 0 1 0 4 0 16 0 19 0 61 0 58 0 113 0 153 0 219 0 461 0 399 0 439 0 682 0 705 0 843 0 985 0 963 0 970 0 863 0 577 0 417 0 240 0 
SAlphaB:
0 0 0 0 0 0 0 0 0 0 0 0 0 0 0 0 0 0 0 0 0 0 0 0 0 0 0 0 0 0 0 0 0 0 0 0 2 0 1 0 4 0 16 0 19 0 61 0 58 0 113 0 153 0 219 0 461 0 399 0 439 0 682 0 705 0 843 0 985 0 963 0 970 0 863 0 577 0 417 0 240 0 
