0 22 62 45 -5 3 4 21

0 66 71 84 -18 3 11 18

0 55 92 55 -10 6 33 30

0 59 79 53 -10 18 19 27

0 56 87 66 -2 15 18 11

0 26 73 6 -16 0 12 10

0 33 73 90 -18 9 11 39

0 35 57 79 -6 6 9 33

0 59 93 32 -12 2 19 49

0 62 63 51 -7 7 36 33

0 32 42 85 -1 9 16 0

0 16 51 82 -6 8 27 17

0 81 88 62 -12 13 45 47

0 16 37 73 -17 16 23 8

0 52 88 26 -17 0 20 41

0 15 75 21 -20 1 12 18

0 45 47 17 -20 4 9 13

0 61 88 38 -4 2 9 35

0 40 71 7 -5 5 11 17

0 19 68 62 -5 4 11 48

0 47 85 54 -9 0 49 11

0 54 82 52 -6 2 48 26

0 51 64 40 -18 8 34 6

0 17 49 94 -17 13 37 5

0 55 58 51 -15 10 18 19

0 37 51 43 -12 7 20 9

0 28 50 86 -5 20 38 24

0 48 69 78 -1 11 13 30

0 92 97 61 -11 23 41 35

0 73 90 69 -6 5 7 36

0 25 92 89 -14 1 41 38

0 16 45 66 -17 19 21 31

0 32 54 48 -6 0 6 29

0 38 53 5 -11 14 23 18

0 64 74 38 -5 2 15 43

0 5 28 95 -6 10 25 33

0 73 77 30 -16 11 21 10

0 14 47 19 -1 15 37 28

0 3 57 45 -9 1 5 6

0 37 54 31 -13 5 6 7

0 10 66 58 -19 0 3 43

0 24 55 22 -11 2 20 18

0 32 49 23 -9 1 2 33

0 7 13 92 -20 1 3 28

0 15 80 60 -14 2 31 31

0 2 30 10 -17 15 17 19

0 2 32 85 -14 3 5 46

0 24 79 84 -19 29 30 12

0 27 69 12 -5 15 34 36

0 12 15 69 -8 29 38 31

0 19 69 3 -18 4 37 5

0 59 60 6 -11 17 49 12

0 18 33 71 -13 3 31 0

0 45 80 5 -6 26 30 24

0 42 45 28 -6 1 6 38

0 10 69 76 -11 0 11 30

0 12 17 65 -1 15 24 42

0 38 48 59 -4 2 41 5

0 6 7 67 -8 22 25 22

0 3 56 76 -9 3 19 10

0 17 44 72 -16 8 22 47

0 9 22 94 -16 8 23 10

0 1 28 57 -5 34 41 17

0 19 22 87 -10 0 10 32

0 11 23 3 -16 12 28 24

0 0 87 85 -9 26 30 12

0 21 62 60 -19 14 21 33

0 26 61 61 -11 9 36 3

0 0 19 40 -14 14 22 26

0 6 27 47 -3 0 37 1

0 23 56 62 -7 18 21 0

0 2 5 93 -16 24 38 11

0 2 8 11 -11 4 11 5

0 2 29 38 -19 23 35 47

0 0 53 52 -20 1 41 25

0 72 77 88 -19 36 49 9

0 2 47 39 -1 12 15 29

0 11 38 83 -16 0 23 0

0 0 2 37 -12 9 12 30

0 18 27 47 -15 41 46 20

0 2 14 47 -4 11 25 39

0 9 21 56 -20 17 38 12

0 1 3 74 -5 6 32 15

0 3 33 58 -1 2 37 29

0 2 3 68 -13 0 17 40

0 1 45 40 -11 3 12 32

0 13 22 78 -5 10 47 15

0 0 32 68 -19 23 34 29

0 2 5 65 -11 4 33 1

0 2 36 46 -20 39 47 20

0 0 1 21 -5 31 34 13

0 1 3 98 -17 4 45 32

0 2 3 54 -7 0 5 41

0 3 9 28 -2 6 19 36

0 1 2 89 -19 10 34 11

0 1 4 21 -18 3 4 40

0 3 7 14 -14 17 21 49

0 3 8 11 -4 3 11 23

0 5 6 47 -3 7 41 45

0 3 6 9 -2 7 35 34


SAlphaB: 717.0, std-dev 263.054604405606

Earliest win: 37
Latest win: 81

WinDepth:
0 0 0 0 0 0 0 0 0 0 0 0 0 0 0 0 0 0 0 0 0 0 0 0 0 0 0 0 0 0 0 0 0 0 0 0 0 5 1 0 1 12 17 3 11 17 17 43 31 60 73 169 84 101 91 182 117 180 144 189 164 207 238 304 274 378 395 366 470 412 406 485 445 423 383 372 269 240 195 151 90 75 
SAlphaB:
0 0 0 0 0 0 0 0 0 0 0 0 0 0 0 0 0 0 0 0 0 0 0 0 0 0 0 0 0 0 0 0 0 0 0 0 0 5 1 0 1 12 17 3 11 17 17 43 31 60 73 169 84 101 91 182 117 180 144 189 164 207 238 304 274 378 395 366 470 412 406 485 445 423 383 372 269 240 195 151 90 75 

LossDepth:
SAlphaB:
0 0 0 0 0 0 0 0 0 0 0 0 0 0 0 0 0 0 0 0 0 0 0 0 0 0 0 0 0 0 0 0 0 0 0 0 0 5 1 0 1 12 17 3 11 17 17 43 31 60 73 169 84 101 91 182 117 180 144 189 164 207 238 304 274 378 395 366 470 412 406 485 445 423 383 372 269 240 195 151 90 75 

FirstWin:
0 0 0 0 0 0 0 0 0 0 0 0 0 0 0 0 0 0 0 0 0 0 0 0 0 0 0 0 0 0 0 0 0 0 0 0 0 5 0 0 0 12 0 3 0 17 0 43 0 60 0 169 0 101 0 182 0 180 0 189 0 207 0 304 0 378 0 366 0 412 0 485 0 423 0 372 0 240 0 151 0 75 
SAlphaB:
0 0 0 0 0 0 0 0 0 0 0 0 0 0 0 0 0 0 0 0 0 0 0 0 0 0 0 0 0 0 0 0 0 0 0 0 0 5 0 0 0 12 0 3 0 17 0 43 0 60 0 169 0 101 0 182 0 180 0 189 0 207 0 304 0 378 0 366 0 412 0 485 0 423 0 372 0 240 0 151 0 75 

SecondWin:
0 0 0 0 0 0 0 0 0 0 0 0 0 0 0 0 0 0 0 0 0 0 0 0 0 0 0 0 0 0 0 0 0 0 0 0 0 0 1 0 1 0 17 0 11 0 17 0 31 0 73 0 84 0 91 0 117 0 144 0 164 0 238 0 274 0 395 0 470 0 406 0 445 0 383 0 269 0 195 0 90 0 
SAlphaB:
0 0 0 0 0 0 0 0 0 0 0 0 0 0 0 0 0 0 0 0 0 0 0 0 0 0 0 0 0 0 0 0 0 0 0 0 0 0 1 0 1 0 17 0 11 0 17 0 31 0 73 0 84 0 91 0 117 0 144 0 164 0 238 0 274 0 395 0 470 0 406 0 445 0 383 0 269 0 195 0 90 0 
