0 68 89 65 -8 18 24 14

0 30 54 37 -6 4 10 9

0 25 75 15 -1 2 32 0

0 70 96 87 -3 19 20 38

0 75 90 59 -14 7 24 14

0 15 87 16 -14 0 5 27

0 96 98 82 -4 7 22 26

0 40 51 83 -18 3 21 18

0 85 92 96 -14 14 24 2

0 54 77 5 -9 10 31 42

0 34 36 17 -11 7 12 4

0 93 95 71 -6 19 48 19

0 73 95 88 -20 3 5 1

0 74 89 94 -8 4 6 6

0 27 63 94 -17 3 6 7

0 43 96 86 -4 10 21 45

0 44 84 92 -1 11 46 32

0 44 62 63 -9 8 20 28

0 20 61 38 -5 13 15 12

0 1 45 69 -10 8 24 29

0 68 82 52 -14 2 41 19

0 44 90 48 -10 18 27 31

0 52 77 53 -5 3 34 25

0 60 90 52 -13 11 36 6

0 8 82 61 -13 16 27 30

0 47 57 73 -14 17 48 43

0 37 75 51 -11 2 5 42

0 44 51 24 -11 11 19 25

0 42 77 40 -20 12 22 28

0 35 72 89 -4 0 22 44

0 15 36 61 -6 5 6 18

0 26 48 74 -7 1 11 21

0 10 88 66 -1 1 6 36

0 11 55 19 -11 10 31 41

0 55 79 94 -15 22 43 14

0 51 75 66 -20 3 48 37

0 27 46 87 -16 15 28 2

0 9 60 10 -7 4 27 2

0 71 82 29 -5 24 48 29

0 26 69 15 -5 0 2 20

0 0 61 50 -3 25 29 10

0 22 24 45 -16 9 20 19

0 8 95 70 -19 20 41 35

0 2 63 38 -5 19 39 13

0 39 58 73 -13 19 20 32

0 46 52 50 -15 31 36 19

0 9 28 81 -3 15 19 4

0 2 97 65 -5 14 15 45

0 56 58 86 -5 4 45 37

0 13 69 78 -20 27 34 48

0 29 56 99 -19 9 37 36

0 75 83 17 -5 10 16 31

0 2 70 80 -16 12 48 37

0 24 46 12 -10 5 37 28

0 11 83 85 -13 11 46 42

0 54 70 56 -19 9 15 48

0 13 16 77 -4 17 29 20

0 21 46 64 -2 5 28 12

0 6 16 65 -16 12 31 38

0 24 28 48 -3 15 26 7

0 29 65 30 -10 24 35 5

0 7 37 32 -17 11 12 34

0 48 90 41 -19 36 42 21

0 45 53 54 -10 22 33 38

0 74 77 64 -6 20 25 41

0 26 38 81 -18 9 10 1

0 31 47 31 -18 0 15 2

0 4 35 9 -3 11 16 31

0 2 28 96 -13 15 33 21

0 9 46 60 -3 25 26 44

0 42 63 55 -1 27 35 40

0 47 76 54 -13 0 3 46

0 8 62 79 -16 2 22 44

0 73 77 43 -13 44 49 31

0 44 46 82 -1 27 34 38

0 41 44 86 -15 5 44 30

0 9 12 70 -9 6 16 36

0 37 79 98 -2 37 40 4

0 38 84 17 -3 29 40 9

0 65 72 32 -7 25 29 36

0 5 37 8 -18 36 42 30

0 4 13 15 -14 6 19 35

0 8 21 55 -18 16 18 44

0 2 90 70 -4 6 27 39

0 9 10 12 -16 9 31 30

0 3 16 3 -14 3 38 22

0 12 19 35 -2 34 43 24

0 44 88 3 -15 29 32 20

0 19 34 18 -9 8 48 28

0 25 47 14 -4 1 38 48

0 17 51 9 -6 10 43 45

0 0 8 11 -10 41 49 42

0 3 14 98 -13 0 1 46

0 25 27 70 -10 3 45 29

0 1 5 24 -15 21 40 13

0 7 12 86 -17 30 33 20

0 13 21 1 -13 6 41 36

0 0 3 95 -2 0 1 5

0 13 14 97 -8 39 46 0

0 4 34 29 -2 2 11 32


SAlphaB: 707.0, std-dev 274.47065637718214

Earliest win: 37
Latest win: 81

WinDepth:
0 0 0 0 0 0 0 0 0 0 0 0 0 0 0 0 0 0 0 0 0 0 0 0 0 0 0 0 0 0 0 0 0 0 0 0 0 16 1 7 15 3 3 23 8 35 17 48 47 56 93 166 125 117 129 150 107 187 136 182 180 290 237 331 321 375 368 387 418 441 410 454 421 366 390 361 276 250 148 131 96 77 
SAlphaB:
0 0 0 0 0 0 0 0 0 0 0 0 0 0 0 0 0 0 0 0 0 0 0 0 0 0 0 0 0 0 0 0 0 0 0 0 0 16 1 7 15 3 3 23 8 35 17 48 47 56 93 166 125 117 129 150 107 187 136 182 180 290 237 331 321 375 368 387 418 441 410 454 421 366 390 361 276 250 148 131 96 77 

LossDepth:
SAlphaB:
0 0 0 0 0 0 0 0 0 0 0 0 0 0 0 0 0 0 0 0 0 0 0 0 0 0 0 0 0 0 0 0 0 0 0 0 0 16 1 7 15 3 3 23 8 35 17 48 47 56 93 166 125 117 129 150 107 187 136 182 180 290 237 331 321 375 368 387 418 441 410 454 421 366 390 361 276 250 148 131 96 77 

FirstWin:
0 0 0 0 0 0 0 0 0 0 0 0 0 0 0 0 0 0 0 0 0 0 0 0 0 0 0 0 0 0 0 0 0 0 0 0 0 16 0 7 0 3 0 23 0 35 0 48 0 56 0 166 0 117 0 150 0 187 0 182 0 290 0 331 0 375 0 387 0 441 0 454 0 366 0 361 0 250 0 131 0 77 
SAlphaB:
0 0 0 0 0 0 0 0 0 0 0 0 0 0 0 0 0 0 0 0 0 0 0 0 0 0 0 0 0 0 0 0 0 0 0 0 0 16 0 7 0 3 0 23 0 35 0 48 0 56 0 166 0 117 0 150 0 187 0 182 0 290 0 331 0 375 0 387 0 441 0 454 0 366 0 361 0 250 0 131 0 77 

SecondWin:
0 0 0 0 0 0 0 0 0 0 0 0 0 0 0 0 0 0 0 0 0 0 0 0 0 0 0 0 0 0 0 0 0 0 0 0 0 0 1 0 15 0 3 0 8 0 17 0 47 0 93 0 125 0 129 0 107 0 136 0 180 0 237 0 321 0 368 0 418 0 410 0 421 0 390 0 276 0 148 0 96 0 
SAlphaB:
0 0 0 0 0 0 0 0 0 0 0 0 0 0 0 0 0 0 0 0 0 0 0 0 0 0 0 0 0 0 0 0 0 0 0 0 0 0 1 0 15 0 3 0 8 0 17 0 47 0 93 0 125 0 129 0 107 0 136 0 180 0 237 0 321 0 368 0 418 0 410 0 421 0 390 0 276 0 148 0 96 0 
