0 44 58 50 -7 3 18 23

0 95 99 86 -13 10 14 2

0 40 86 67 -17 0 6 14

0 57 98 15 -14 0 14 14

0 17 75 80 -11 4 7 45

0 13 48 45 -18 12 21 8

0 27 80 34 -14 18 36 16

0 67 99 26 -13 19 29 32

0 29 43 48 -14 3 4 5

0 27 39 78 -1 23 30 16

0 37 59 67 -11 25 36 42

0 48 59 91 -13 10 25 1

0 31 78 61 -16 17 30 3

0 11 66 82 -9 7 23 28

0 82 96 24 -7 3 41 4

0 27 33 41 -10 8 24 33

0 72 76 75 -7 17 20 14

0 20 32 98 -12 12 38 21

0 26 27 76 -3 21 24 35

0 37 80 80 -15 8 38 3

0 18 23 47 -19 2 4 19

0 41 58 53 -20 7 9 12

0 17 38 62 -20 17 18 7

0 13 32 59 -5 25 48 11

0 18 37 72 -11 24 27 24

0 45 95 73 -5 33 46 14

0 27 45 44 -16 10 12 2

0 28 44 17 -8 1 3 31

0 63 88 36 -17 18 47 34

0 72 91 28 -17 4 8 1

0 39 78 29 -4 24 28 28

0 6 45 21 -15 16 23 9

0 10 13 35 -2 26 29 8

0 84 85 38 -20 24 47 5

0 28 34 4 -20 7 10 24

0 45 72 13 -17 32 47 10

0 10 67 3 -14 3 7 33

0 2 62 53 -6 8 14 15

0 58 89 40 -15 1 26 12

0 17 99 53 -2 0 1 27

0 75 96 33 -5 26 37 35

0 33 48 28 -1 15 31 5

0 16 66 14 -13 17 35 30

0 36 45 82 -11 24 40 32

0 79 86 88 -17 38 46 21

0 32 42 57 -2 11 15 49

0 61 80 19 -14 5 8 44

0 18 75 2 -1 26 33 25

0 5 61 25 -19 10 13 17

0 56 65 72 -17 14 34 22

0 18 56 13 -12 9 16 38

0 14 23 86 -6 3 4 27

0 61 76 90 -10 39 44 0

0 6 40 3 -4 11 20 25

0 16 24 75 -2 26 30 38

0 34 46 9 -17 26 29 19

0 12 49 28 -17 1 10 40

0 7 51 27 -17 26 31 27

0 6 33 53 -20 4 28 39

0 8 18 58 -19 4 6 32

0 7 10 47 -20 8 9 20

0 6 22 37 -4 18 30 14

0 13 33 4 -12 3 24 33

0 23 96 23 -8 15 18 17

0 56 68 77 -15 32 38 37

0 5 66 29 -10 29 43 42

0 6 28 50 -20 18 26 9

0 19 49 19 -7 26 47 29

0 6 14 53 -7 21 23 9

0 1 12 73 -7 29 35 7

0 10 11 84 -5 1 11 24

0 4 7 30 -2 7 20 9

0 51 59 17 -2 31 40 4

0 10 82 62 -16 5 6 47

0 5 9 81 -16 3 4 7

0 52 68 52 -7 28 33 4

0 56 76 24 -9 32 36 10

0 3 13 9 -17 32 38 18

0 32 33 37 -2 0 8 48

0 1 2 47 -14 32 39 37

0 3 5 76 -19 0 1 33

0 2 5 94 -15 9 20 22

0 11 19 53 -3 1 2 34

0 9 29 22 -9 16 37 49

0 10 13 4 -12 0 10 38

0 6 11 54 -7 7 22 38

0 6 8 84 -20 23 43 0

0 3 9 10 -11 0 29 29

0 6 12 34 -2 13 15 22

0 3 4 72 -11 18 45 22

0 1 6 51 -1 13 32 9

0 5 32 64 -6 6 18 48

0 1 2 28 -20 4 17 27

0 1 6 14 -4 0 14 44

0 2 7 45 -16 3 21 46

0 0 3 51 -10 13 20 41

0 1 22 24 -5 20 23 43

0 10 11 3 -7 4 25 19

0 6 10 37 -1 3 8 44

0 0 6 44 -2 2 7 34


SAlphaB: 701.0, std-dev 286.81922825530665

Earliest win: 37
Latest win: 81

WinDepth:
0 0 0 0 0 0 0 0 0 0 0 0 0 0 0 0 0 0 0 0 0 0 0 0 0 0 0 0 0 0 0 0 0 0 0 0 0 4 1 13 3 9 1 15 25 12 7 79 29 63 62 192 107 80 86 162 102 204 162 196 164 259 199 324 305 299 430 362 467 349 493 429 420 436 373 371 263 242 180 136 117 85 
SAlphaB:
0 0 0 0 0 0 0 0 0 0 0 0 0 0 0 0 0 0 0 0 0 0 0 0 0 0 0 0 0 0 0 0 0 0 0 0 0 4 1 13 3 9 1 15 25 12 7 79 29 63 62 192 107 80 86 162 102 204 162 196 164 259 199 324 305 299 430 362 467 349 493 429 420 436 373 371 263 242 180 136 117 85 

LossDepth:
SAlphaB:
0 0 0 0 0 0 0 0 0 0 0 0 0 0 0 0 0 0 0 0 0 0 0 0 0 0 0 0 0 0 0 0 0 0 0 0 0 4 1 13 3 9 1 15 25 12 7 79 29 63 62 192 107 80 86 162 102 204 162 196 164 259 199 324 305 299 430 362 467 349 493 429 420 436 373 371 263 242 180 136 117 85 

FirstWin:
0 0 0 0 0 0 0 0 0 0 0 0 0 0 0 0 0 0 0 0 0 0 0 0 0 0 0 0 0 0 0 0 0 0 0 0 0 4 0 13 0 9 0 15 0 12 0 79 0 63 0 192 0 80 0 162 0 204 0 196 0 259 0 324 0 299 0 362 0 349 0 429 0 436 0 371 0 242 0 136 0 85 
SAlphaB:
0 0 0 0 0 0 0 0 0 0 0 0 0 0 0 0 0 0 0 0 0 0 0 0 0 0 0 0 0 0 0 0 0 0 0 0 0 4 0 13 0 9 0 15 0 12 0 79 0 63 0 192 0 80 0 162 0 204 0 196 0 259 0 324 0 299 0 362 0 349 0 429 0 436 0 371 0 242 0 136 0 85 

SecondWin:
0 0 0 0 0 0 0 0 0 0 0 0 0 0 0 0 0 0 0 0 0 0 0 0 0 0 0 0 0 0 0 0 0 0 0 0 0 0 1 0 3 0 1 0 25 0 7 0 29 0 62 0 107 0 86 0 102 0 162 0 164 0 199 0 305 0 430 0 467 0 493 0 420 0 373 0 263 0 180 0 117 0 
SAlphaB:
0 0 0 0 0 0 0 0 0 0 0 0 0 0 0 0 0 0 0 0 0 0 0 0 0 0 0 0 0 0 0 0 0 0 0 0 0 0 1 0 3 0 1 0 25 0 7 0 29 0 62 0 107 0 86 0 102 0 162 0 164 0 199 0 305 0 430 0 467 0 493 0 420 0 373 0 263 0 180 0 117 0 
