0 70 91 43 -6 0 11 17

0 11 66 67 -3 0 3 1

0 46 75 25 -19 1 4 25

0 18 97 59 -15 0 8 2

0 17 32 58 -2 2 7 12

0 65 70 50 -19 12 26 25

0 41 68 12 -11 18 23 19

0 50 95 3 -8 14 33 2

0 14 82 49 -5 10 28 1

0 31 42 83 -15 1 2 10

0 57 86 41 -8 6 29 28

0 65 68 47 -10 10 26 31

0 8 23 61 -14 3 4 8

0 26 29 67 -16 1 4 6

0 28 68 70 -11 32 36 37

0 33 38 60 -15 5 17 11

0 23 92 11 -6 1 2 49

0 7 68 46 -12 29 36 1

0 59 73 1 -9 16 40 36

0 32 52 44 -5 4 12 26

0 9 83 43 -19 16 30 7

0 35 38 69 -15 0 12 21

0 32 99 86 -11 30 41 9

0 25 34 12 -14 1 8 36

0 2 94 51 -15 0 1 4

0 15 75 13 -15 34 49 21

0 42 81 50 -8 31 43 30

0 85 98 11 -18 0 1 44

0 50 60 64 -11 2 46 34

0 55 74 67 -4 22 33 43

0 28 53 98 -20 15 30 7

0 1 2 91 -9 17 18 21

0 7 55 91 -12 2 3 26

0 16 46 60 -1 16 25 11

0 76 88 58 -15 33 35 22

0 22 84 64 -17 25 42 47

0 57 58 58 -7 1 3 9

0 53 68 36 -10 45 47 41

0 31 34 6 -11 12 13 22

0 3 57 35 -12 27 40 18

0 18 80 90 -9 35 43 46

0 22 98 89 -15 25 35 27

0 32 68 62 -20 6 9 32

0 25 34 60 -12 19 25 32

0 1 93 2 -10 12 21 44

0 23 37 96 -18 2 3 29

0 1 53 27 -3 5 16 15

0 21 28 86 -14 5 30 25

0 2 19 5 -3 8 11 5

0 60 96 17 -10 0 38 32

0 38 41 5 -8 9 15 25

0 82 94 50 -2 1 16 47

0 48 52 73 -6 31 46 20

0 33 38 79 -15 4 31 45

0 26 29 1 -20 33 40 28

0 26 61 64 -15 27 39 40

0 34 51 68 -5 26 31 5

0 21 41 44 -5 17 28 30

0 23 67 77 -15 7 41 49

0 29 31 85 -19 16 18 4

0 43 46 42 -17 9 15 35

0 9 40 56 -16 9 33 46

0 35 97 50 -12 16 29 9

0 69 81 48 -11 31 49 13

0 1 4 55 -8 7 19 19

0 45 48 29 -6 22 24 32

0 32 40 39 -14 5 8 33

0 12 41 90 -7 10 20 26

0 0 1 50 -6 8 11 6

0 8 43 80 -3 36 40 46

0 51 88 7 -17 17 27 8

0 23 31 84 -15 5 14 45

0 38 52 45 -8 35 39 36

0 9 14 26 -13 14 26 26

0 2 5 99 -16 13 15 33

0 17 30 48 -10 8 42 25

0 10 29 11 -17 2 32 17

0 1 10 19 -8 0 5 30

0 3 24 48 -15 5 28 8

0 22 46 1 -9 7 33 27

0 21 38 35 -7 3 44 44

0 1 2 24 -19 33 39 35

0 7 16 12 -20 14 17 18

0 16 38 64 -8 4 31 11

0 2 4 56 -15 34 46 33

0 12 26 62 -16 5 25 30

0 5 37 37 -16 12 38 5

0 0 4 11 -10 28 36 26

0 4 35 66 -18 31 42 1

0 0 17 72 -12 6 25 36

0 2 18 56 -6 1 2 47

0 0 9 36 -3 13 38 42

0 0 6 33 -17 20 24 4

0 17 29 78 -6 11 41 11

0 0 1 63 -4 20 35 38

0 14 24 7 -7 3 44 29

0 3 4 91 -4 4 33 18

0 1 13 0 -1 0 3 35

0 2 7 61 -20 11 45 5

0 2 3 7 -18 10 38 34


SAlphaB: 737.0, std-dev 267.92210640596664

Earliest win: 37
Latest win: 81

WinDepth:
0 0 0 0 0 0 0 0 0 0 0 0 0 0 0 0 0 0 0 0 0 0 0 0 0 0 0 0 0 0 0 0 0 0 0 0 0 10 0 4 9 4 4 18 14 49 12 64 23 92 85 193 69 126 74 208 119 146 154 212 178 210 239 272 306 337 393 371 374 403 391 481 446 384 386 405 276 238 186 142 94 83 
SAlphaB:
0 0 0 0 0 0 0 0 0 0 0 0 0 0 0 0 0 0 0 0 0 0 0 0 0 0 0 0 0 0 0 0 0 0 0 0 0 10 0 4 9 4 4 18 14 49 12 64 23 92 85 193 69 126 74 208 119 146 154 212 178 210 239 272 306 337 393 371 374 403 391 481 446 384 386 405 276 238 186 142 94 83 

LossDepth:
SAlphaB:
0 0 0 0 0 0 0 0 0 0 0 0 0 0 0 0 0 0 0 0 0 0 0 0 0 0 0 0 0 0 0 0 0 0 0 0 0 10 0 4 9 4 4 18 14 49 12 64 23 92 85 193 69 126 74 208 119 146 154 212 178 210 239 272 306 337 393 371 374 403 391 481 446 384 386 405 276 238 186 142 94 83 

FirstWin:
0 0 0 0 0 0 0 0 0 0 0 0 0 0 0 0 0 0 0 0 0 0 0 0 0 0 0 0 0 0 0 0 0 0 0 0 0 10 0 4 0 4 0 18 0 49 0 64 0 92 0 193 0 126 0 208 0 146 0 212 0 210 0 272 0 337 0 371 0 403 0 481 0 384 0 405 0 238 0 142 0 83 
SAlphaB:
0 0 0 0 0 0 0 0 0 0 0 0 0 0 0 0 0 0 0 0 0 0 0 0 0 0 0 0 0 0 0 0 0 0 0 0 0 10 0 4 0 4 0 18 0 49 0 64 0 92 0 193 0 126 0 208 0 146 0 212 0 210 0 272 0 337 0 371 0 403 0 481 0 384 0 405 0 238 0 142 0 83 

SecondWin:
0 0 0 0 0 0 0 0 0 0 0 0 0 0 0 0 0 0 0 0 0 0 0 0 0 0 0 0 0 0 0 0 0 0 0 0 0 0 0 0 9 0 4 0 14 0 12 0 23 0 85 0 69 0 74 0 119 0 154 0 178 0 239 0 306 0 393 0 374 0 391 0 446 0 386 0 276 0 186 0 94 0 
SAlphaB:
0 0 0 0 0 0 0 0 0 0 0 0 0 0 0 0 0 0 0 0 0 0 0 0 0 0 0 0 0 0 0 0 0 0 0 0 0 0 0 0 9 0 4 0 14 0 12 0 23 0 85 0 69 0 74 0 119 0 154 0 178 0 239 0 306 0 393 0 374 0 391 0 446 0 386 0 276 0 186 0 94 0 
