0 82 93 63 -20 12 26 15

0 31 73 93 -10 7 16 33

0 17 93 3 -3 9 13 24

0 81 88 24 -20 10 34 21

0 29 53 33 -1 1 24 5

0 27 65 65 -14 3 6 9

0 35 58 57 -12 0 7 19

0 37 68 82 -5 3 24 33

0 12 79 81 -1 7 24 29

0 17 57 77 -6 1 16 21

0 22 25 68 -6 4 11 10

0 2 75 14 -5 3 9 8

0 52 73 9 -16 11 15 1

0 64 74 8 -18 0 12 32

0 4 8 44 -6 0 1 9

0 11 89 2 -2 21 45 4

0 60 73 4 -17 13 23 11

0 37 51 21 -3 12 25 1

0 1 28 73 -18 10 21 22

0 64 97 63 -12 29 45 39

0 22 23 47 -4 1 4 15

0 51 94 87 -17 18 27 15

0 29 70 12 -5 28 35 25

0 47 56 16 -4 13 21 29

0 24 46 65 -15 29 34 38

0 5 60 69 -1 8 11 16

0 20 37 78 -13 0 25 8

0 24 50 10 -1 18 41 25

0 0 43 45 -16 1 3 46

0 70 75 11 -20 25 37 14

0 31 86 70 -2 19 27 19

0 67 85 17 -8 44 46 31

0 1 27 24 -7 27 41 22

0 0 25 35 -19 1 11 7

0 25 51 90 -11 8 28 34

0 17 51 12 -1 14 32 31

0 90 91 53 -12 28 48 38

0 39 58 1 -14 11 27 46

0 26 64 1 -16 13 34 42

0 37 38 16 -13 17 19 17

0 4 28 45 -10 4 7 17

0 17 73 48 -8 35 36 41

0 31 71 87 -12 34 41 38

0 5 59 25 -7 16 22 46

0 52 68 14 -18 3 33 8

0 13 94 60 -9 22 34 32

0 12 17 54 -14 12 37 47

0 6 84 94 -19 28 30 38

0 35 54 89 -5 17 43 43

0 9 35 95 -5 8 14 47

0 32 42 49 -1 6 36 27

0 26 51 54 -14 28 49 24

0 18 97 91 -14 2 42 33

0 39 75 21 -13 28 30 8

0 16 63 2 -20 2 36 1

0 49 77 57 -3 31 37 0

0 60 86 33 -5 30 41 48

0 1 70 85 -16 0 6 21

0 35 74 45 -17 37 38 38

0 13 61 32 -5 22 34 33

0 27 80 36 -10 22 27 16

0 8 20 54 -5 23 29 30

0 14 36 96 -16 34 42 19

0 3 8 78 -2 7 39 6

0 6 24 78 -18 4 38 21

0 2 29 85 -2 5 6 48

0 6 16 45 -16 8 23 49

0 59 65 87 -7 34 41 49

0 25 45 42 -17 0 37 27

0 9 16 22 -6 24 36 24

0 14 35 40 -12 25 45 33

0 6 18 27 -3 1 6 17

0 28 31 68 -18 16 30 46

0 3 23 69 -6 14 15 35

0 23 26 38 -10 20 36 25

0 4 5 95 -19 0 9 26

0 8 24 96 -5 3 36 9

0 3 52 49 -4 3 5 40

0 25 44 11 -18 8 36 44

0 19 33 73 -1 43 45 46

0 1 4 99 -1 14 22 6

0 1 4 10 -15 4 29 13

0 4 7 11 -15 12 26 49

0 6 24 63 -18 25 42 39

0 6 19 26 -2 7 26 38

0 0 29 75 -9 45 49 2

0 8 30 15 -4 4 18 40

0 3 7 9 -14 25 39 1

0 4 9 16 -13 8 12 25

0 11 26 16 -8 20 48 28

0 2 4 55 -6 0 1 34

0 6 12 33 -16 0 13 27

0 0 8 59 -3 7 15 41

0 0 1 80 -7 1 30 21

0 3 17 93 -13 36 39 27

0 2 10 43 -11 3 9 4

0 5 20 68 -11 3 21 42

0 4 19 5 -11 6 38 46

0 1 3 89 -15 2 6 40

0 0 1 38 -3 1 10 27


SAlphaB: 725.0, std-dev 271.01123350678415

Earliest win: 36
Latest win: 81

WinDepth:
0 0 0 0 0 0 0 0 0 0 0 0 0 0 0 0 0 0 0 0 0 0 0 0 0 0 0 0 0 0 0 0 0 0 0 0 2 9 1 1 6 14 3 12 5 16 30 28 47 94 73 199 100 122 77 206 135 187 133 205 164 285 253 348 354 365 436 376 449 377 438 505 410 381 354 337 194 234 177 134 97 63 
SAlphaB:
0 0 0 0 0 0 0 0 0 0 0 0 0 0 0 0 0 0 0 0 0 0 0 0 0 0 0 0 0 0 0 0 0 0 0 0 2 9 1 1 6 14 3 12 5 16 30 28 47 94 73 199 100 122 77 206 135 187 133 205 164 285 253 348 354 365 436 376 449 377 438 505 410 381 354 337 194 234 177 134 97 63 

LossDepth:
SAlphaB:
0 0 0 0 0 0 0 0 0 0 0 0 0 0 0 0 0 0 0 0 0 0 0 0 0 0 0 0 0 0 0 0 0 0 0 0 2 9 1 1 6 14 3 12 5 16 30 28 47 94 73 199 100 122 77 206 135 187 133 205 164 285 253 348 354 365 436 376 449 377 438 505 410 381 354 337 194 234 177 134 97 63 

FirstWin:
0 0 0 0 0 0 0 0 0 0 0 0 0 0 0 0 0 0 0 0 0 0 0 0 0 0 0 0 0 0 0 0 0 0 0 0 0 9 0 1 0 14 0 12 0 16 0 28 0 94 0 199 0 122 0 206 0 187 0 205 0 285 0 348 0 365 0 376 0 377 0 505 0 381 0 337 0 234 0 134 0 63 
SAlphaB:
0 0 0 0 0 0 0 0 0 0 0 0 0 0 0 0 0 0 0 0 0 0 0 0 0 0 0 0 0 0 0 0 0 0 0 0 0 9 0 1 0 14 0 12 0 16 0 28 0 94 0 199 0 122 0 206 0 187 0 205 0 285 0 348 0 365 0 376 0 377 0 505 0 381 0 337 0 234 0 134 0 63 

SecondWin:
0 0 0 0 0 0 0 0 0 0 0 0 0 0 0 0 0 0 0 0 0 0 0 0 0 0 0 0 0 0 0 0 0 0 0 0 2 0 1 0 6 0 3 0 5 0 30 0 47 0 73 0 100 0 77 0 135 0 133 0 164 0 253 0 354 0 436 0 449 0 438 0 410 0 354 0 194 0 177 0 97 0 
SAlphaB:
0 0 0 0 0 0 0 0 0 0 0 0 0 0 0 0 0 0 0 0 0 0 0 0 0 0 0 0 0 0 0 0 0 0 0 0 2 0 1 0 6 0 3 0 5 0 30 0 47 0 73 0 100 0 77 0 135 0 133 0 164 0 253 0 354 0 436 0 449 0 438 0 410 0 354 0 194 0 177 0 97 0 
