0 14 73 30 -11 2 6 13

0 40 97 66 -14 4 10 13

0 30 61 53 -19 1 3 12

0 72 78 34 -10 8 15 10

0 55 86 57 -17 4 6 8

0 5 39 44 -4 3 8 7

0 47 64 79 -13 6 12 14

0 96 97 81 -9 19 37 28

0 71 80 55 -8 17 18 15

0 21 36 9 -6 3 4 13

0 57 65 43 -4 6 16 9

0 9 60 17 -9 1 2 8

0 28 78 35 -10 5 6 18

0 76 94 66 -12 3 4 37

0 23 99 81 -19 5 11 4

0 50 64 26 -8 4 8 11

0 23 67 68 -12 4 13 18

0 45 58 28 -6 5 10 18

0 5 44 45 -5 11 17 3

0 24 30 98 -4 13 34 13

0 52 80 69 -13 7 41 14

0 68 71 69 -7 16 20 22

0 23 43 42 -12 0 4 25

0 2 48 30 -19 8 22 29

0 4 35 77 -18 0 4 10

0 79 86 23 -7 7 17 1

0 53 56 72 -11 2 13 42

0 19 28 11 -8 1 4 30

0 28 45 96 -15 6 13 40

0 4 60 31 -14 4 13 41

0 61 99 58 -1 26 47 41

0 14 98 56 -5 14 38 20

0 40 54 82 -6 8 11 21

0 38 88 54 -20 14 32 7

0 20 34 34 -10 14 27 22

0 59 90 26 -10 19 21 37

0 8 32 55 -16 7 13 19

0 19 41 83 -17 5 15 7

0 3 42 31 -5 25 27 0

0 67 90 7 -10 9 39 21

0 31 87 52 -10 7 9 31

0 53 61 14 -17 3 5 32

0 56 69 96 -8 5 28 44

0 37 54 65 -5 6 13 48

0 25 46 73 -5 15 26 18

0 34 37 50 -17 0 7 36

0 25 78 97 -6 7 11 24

0 66 76 99 -11 23 43 32

0 0 85 36 -16 7 12 6

0 44 45 56 -15 17 18 34

0 19 83 41 -6 19 29 49

0 3 61 21 -7 22 36 27

0 7 35 41 -19 5 22 18

0 39 65 73 -1 6 32 22

0 5 44 54 -5 9 34 26

0 68 77 20 -14 0 14 0

0 5 99 13 -18 10 13 23

0 13 70 77 -2 18 42 27

0 17 35 32 -20 3 4 22

0 0 18 7 -15 18 20 13

0 55 99 61 -20 43 44 26

0 14 33 17 -19 8 27 18

0 2 23 23 -17 1 3 41

0 23 27 79 -15 7 28 20

0 36 68 41 -8 4 6 41

0 16 55 52 -10 38 46 17

0 46 81 29 -5 39 40 13

0 11 69 91 -20 1 10 24

0 20 83 3 -20 23 40 25

0 16 18 77 -10 9 31 20

0 29 33 8 -20 22 47 29

0 2 23 46 -10 0 1 31

0 8 49 67 -17 28 43 46

0 13 36 14 -13 36 39 43

0 5 38 18 -10 12 21 29

0 1 5 79 -2 16 19 24

0 39 92 9 -4 29 39 10

0 8 23 94 -20 12 30 5

0 31 36 28 -14 19 26 37

0 12 20 29 -2 3 26 16

0 13 15 53 -16 2 26 17

0 11 13 90 -17 4 12 42

0 8 42 75 -20 31 41 15

0 2 55 2 -1 30 47 22

0 2 5 27 -13 30 45 19

0 6 37 97 -6 8 43 32

0 0 4 52 -7 2 19 1

0 7 11 95 -16 1 6 26

0 1 6 95 -19 45 49 32

0 20 37 22 -8 2 36 35

0 5 15 16 -15 30 39 35

0 2 4 28 -14 16 45 32

0 0 15 99 -12 0 1 38

0 3 15 40 -6 26 42 6

0 1 2 12 -10 24 25 48

0 5 6 42 -2 11 19 41

0 3 13 78 -12 25 34 37

0 0 1 34 -9 10 35 25

0 1 20 37 -15 10 36 23

0 9 11 73 -13 7 46 0


SAlphaB: 692.0, std-dev 265.77626897733956

Earliest win: 33
Latest win: 81

WinDepth:
0 0 0 0 0 0 0 0 0 0 0 0 0 0 0 0 0 0 0 0 0 0 0 0 0 0 0 0 0 0 0 0 0 1 0 0 0 0 0 4 0 7 1 13 9 17 14 35 27 89 38 173 76 110 93 155 150 202 119 159 197 268 251 345 322 400 391 404 411 450 417 469 430 424 422 342 314 216 188 139 121 73 
SAlphaB:
0 0 0 0 0 0 0 0 0 0 0 0 0 0 0 0 0 0 0 0 0 0 0 0 0 0 0 0 0 0 0 0 0 1 0 0 0 0 0 4 0 7 1 13 9 17 14 35 27 89 38 173 76 110 93 155 150 202 119 159 197 268 251 345 322 400 391 404 411 450 417 469 430 424 422 342 314 216 188 139 121 73 

LossDepth:
SAlphaB:
0 0 0 0 0 0 0 0 0 0 0 0 0 0 0 0 0 0 0 0 0 0 0 0 0 0 0 0 0 0 0 0 0 1 0 0 0 0 0 4 0 7 1 13 9 17 14 35 27 89 38 173 76 110 93 155 150 202 119 159 197 268 251 345 322 400 391 404 411 450 417 469 430 424 422 342 314 216 188 139 121 73 

FirstWin:
0 0 0 0 0 0 0 0 0 0 0 0 0 0 0 0 0 0 0 0 0 0 0 0 0 0 0 0 0 0 0 0 0 1 0 0 0 0 0 4 0 7 0 13 0 17 0 35 0 89 0 173 0 110 0 155 0 202 0 159 0 268 0 345 0 400 0 404 0 450 0 469 0 424 0 342 0 216 0 139 0 73 
SAlphaB:
0 0 0 0 0 0 0 0 0 0 0 0 0 0 0 0 0 0 0 0 0 0 0 0 0 0 0 0 0 0 0 0 0 1 0 0 0 0 0 4 0 7 0 13 0 17 0 35 0 89 0 173 0 110 0 155 0 202 0 159 0 268 0 345 0 400 0 404 0 450 0 469 0 424 0 342 0 216 0 139 0 73 

SecondWin:
0 0 0 0 0 0 0 0 0 0 0 0 0 0 0 0 0 0 0 0 0 0 0 0 0 0 0 0 0 0 0 0 0 0 0 0 0 0 0 0 0 0 1 0 9 0 14 0 27 0 38 0 76 0 93 0 150 0 119 0 197 0 251 0 322 0 391 0 411 0 417 0 430 0 422 0 314 0 188 0 121 0 
SAlphaB:
0 0 0 0 0 0 0 0 0 0 0 0 0 0 0 0 0 0 0 0 0 0 0 0 0 0 0 0 0 0 0 0 0 0 0 0 0 0 0 0 0 0 1 0 9 0 14 0 27 0 38 0 76 0 93 0 150 0 119 0 197 0 251 0 322 0 391 0 411 0 417 0 430 0 422 0 314 0 188 0 121 0 
