0 25 93 4 -11 0 1 12

0 55 67 72 -14 8 24 32

0 57 83 54 -6 5 13 20

0 67 85 88 -5 7 20 10

0 7 91 85 -6 28 35 18

0 40 68 54 -6 5 14 20

0 51 90 24 -19 3 4 26

0 42 88 88 -2 14 35 49

0 92 99 43 -6 8 32 45

0 32 44 36 -4 8 28 30

0 5 85 79 -11 20 42 18

0 22 47 94 -18 1 11 18

0 43 55 22 -6 1 3 6

0 16 55 76 -13 6 14 12

0 33 65 53 -5 9 29 12

0 36 38 70 -19 3 5 19

0 71 82 30 -19 22 28 30

0 47 77 5 -18 0 8 25

0 24 43 89 -5 19 24 23

0 17 83 43 -2 25 48 26

0 57 61 6 -15 21 29 31

0 7 22 93 -12 4 5 7

0 58 62 35 -20 13 41 24

0 9 49 72 -15 14 34 29

0 62 66 88 -18 26 33 18

0 59 81 98 -20 17 40 0

0 16 56 24 -3 4 7 32

0 11 54 17 -5 1 2 34

0 22 56 18 -5 1 8 29

0 2 64 76 -17 6 11 15

0 0 21 32 -16 3 5 24

0 16 35 59 -8 36 38 14

0 19 42 68 -3 35 38 0

0 32 64 79 -3 21 40 30

0 60 69 53 -6 14 15 42

0 14 45 59 -16 30 46 19

0 40 69 12 -15 12 48 15

0 0 15 46 -20 3 4 22

0 49 71 63 -19 2 35 17

0 9 15 69 -3 18 46 21

0 60 72 51 -2 24 29 40

0 6 92 72 -2 21 27 35

0 7 88 31 -2 12 13 34

0 13 37 97 -13 20 39 13

0 22 44 86 -15 17 36 40

0 24 27 13 -13 23 32 15

0 21 44 69 -20 16 19 28

0 27 41 73 -8 0 1 35

0 30 79 54 -20 17 43 48

0 69 93 82 -16 28 48 21

0 19 53 83 -14 11 17 25

0 1 99 78 -6 20 25 49

0 22 94 13 -16 17 41 35

0 27 50 83 -17 0 44 4

0 84 94 38 -11 28 31 48

0 37 95 17 -19 13 15 16

0 14 59 26 -12 1 43 6

0 8 21 79 -12 1 20 30

0 60 84 73 -11 30 39 34

0 3 17 69 -14 4 14 15

0 16 46 31 -18 4 33 41

0 7 60 40 -3 4 39 9

0 2 20 94 -3 3 4 5

0 13 48 87 -16 3 10 48

0 10 54 25 -9 24 39 31

0 10 33 70 -6 10 20 42

0 40 53 47 -5 23 25 21

0 6 8 66 -14 6 19 23

0 27 50 69 -16 41 45 26

0 0 7 94 -17 17 37 24

0 25 59 12 -16 12 24 43

0 4 24 33 -10 5 30 0

0 5 12 13 -18 6 24 10

0 6 48 19 -19 8 45 11

0 1 34 15 -2 17 37 39

0 6 77 44 -15 2 7 37

0 0 7 31 -15 1 43 6

0 21 25 38 -12 6 36 17

0 16 91 90 -7 7 31 39

0 19 20 75 -19 12 34 33

0 20 40 18 -12 3 5 44

0 10 30 36 -17 6 27 14

0 12 13 31 -13 2 19 12

0 15 26 2 -11 36 42 16

0 1 2 72 -7 1 10 8

0 13 37 87 -19 12 40 15

0 14 31 57 -20 29 48 28

0 0 1 54 -2 23 47 21

0 24 65 22 -16 13 20 40

0 8 17 78 -6 29 32 15

0 23 27 28 -2 22 41 41

0 19 39 5 -1 3 35 30

0 0 1 54 -4 8 29 12

0 2 5 42 -5 8 22 19

0 10 13 62 -8 1 7 38

0 4 10 34 -16 27 35 16

0 7 10 4 -3 20 25 39

0 2 3 29 -4 15 21 6

0 13 38 2 -10 21 42 40

0 9 30 17 -11 25 40 46


SAlphaB: 723.0, std-dev 263.711370477634

Earliest win: 37
Latest win: 81

WinDepth:
0 0 0 0 0 0 0 0 0 0 0 0 0 0 0 0 0 0 0 0 0 0 0 0 0 0 0 0 0 0 0 0 0 0 0 0 0 4 0 2 2 2 7 8 4 12 10 29 9 41 28 303 101 122 100 197 122 187 104 168 140 275 220 290 341 330 443 392 443 409 471 443 442 372 424 334 267 248 195 126 74 74 
SAlphaB:
0 0 0 0 0 0 0 0 0 0 0 0 0 0 0 0 0 0 0 0 0 0 0 0 0 0 0 0 0 0 0 0 0 0 0 0 0 4 0 2 2 2 7 8 4 12 10 29 9 41 28 303 101 122 100 197 122 187 104 168 140 275 220 290 341 330 443 392 443 409 471 443 442 372 424 334 267 248 195 126 74 74 

LossDepth:
SAlphaB:
0 0 0 0 0 0 0 0 0 0 0 0 0 0 0 0 0 0 0 0 0 0 0 0 0 0 0 0 0 0 0 0 0 0 0 0 0 4 0 2 2 2 7 8 4 12 10 29 9 41 28 303 101 122 100 197 122 187 104 168 140 275 220 290 341 330 443 392 443 409 471 443 442 372 424 334 267 248 195 126 74 74 

FirstWin:
0 0 0 0 0 0 0 0 0 0 0 0 0 0 0 0 0 0 0 0 0 0 0 0 0 0 0 0 0 0 0 0 0 0 0 0 0 4 0 2 0 2 0 8 0 12 0 29 0 41 0 303 0 122 0 197 0 187 0 168 0 275 0 290 0 330 0 392 0 409 0 443 0 372 0 334 0 248 0 126 0 74 
SAlphaB:
0 0 0 0 0 0 0 0 0 0 0 0 0 0 0 0 0 0 0 0 0 0 0 0 0 0 0 0 0 0 0 0 0 0 0 0 0 4 0 2 0 2 0 8 0 12 0 29 0 41 0 303 0 122 0 197 0 187 0 168 0 275 0 290 0 330 0 392 0 409 0 443 0 372 0 334 0 248 0 126 0 74 

SecondWin:
0 0 0 0 0 0 0 0 0 0 0 0 0 0 0 0 0 0 0 0 0 0 0 0 0 0 0 0 0 0 0 0 0 0 0 0 0 0 0 0 2 0 7 0 4 0 10 0 9 0 28 0 101 0 100 0 122 0 104 0 140 0 220 0 341 0 443 0 443 0 471 0 442 0 424 0 267 0 195 0 74 0 
SAlphaB:
0 0 0 0 0 0 0 0 0 0 0 0 0 0 0 0 0 0 0 0 0 0 0 0 0 0 0 0 0 0 0 0 0 0 0 0 0 0 0 0 2 0 7 0 4 0 10 0 9 0 28 0 101 0 100 0 122 0 104 0 140 0 220 0 341 0 443 0 443 0 471 0 442 0 424 0 267 0 195 0 74 0 
