0 27 58 51 -19 0 2 9

0 89 99 32 -1 1 36 6

0 38 68 58 -8 6 16 28

0 33 76 95 -4 4 15 8

0 39 76 14 -16 7 22 6

0 43 73 60 -19 2 8 43

0 15 81 49 -7 1 16 14

0 12 94 50 -2 8 10 18

0 56 63 68 -3 3 7 30

0 38 86 47 -6 2 3 32

0 67 80 36 -19 8 9 42

0 78 88 10 -12 15 46 11

0 28 36 31 -5 3 21 4

0 38 85 94 -5 1 4 6

0 25 39 82 -9 3 4 24

0 19 72 46 -17 5 11 15

0 15 22 24 -2 3 18 12

0 42 90 46 -12 4 11 40

0 48 65 58 -1 6 36 32

0 25 37 54 -10 10 35 34

0 25 46 86 -12 1 3 29

0 42 60 94 -11 32 46 5

0 1 95 94 -20 31 41 34

0 86 95 35 -9 8 33 4

0 8 61 41 -16 0 1 12

0 51 96 8 -17 27 42 25

0 55 66 9 -8 6 28 2

0 77 97 68 -15 3 5 7

0 26 37 35 -19 6 9 12

0 12 75 98 -10 4 9 46

0 44 93 86 -15 1 45 7

0 2 52 78 -6 17 21 22

0 21 37 2 -7 4 5 21

0 0 97 79 -19 38 44 41

0 46 50 19 -10 7 26 45

0 22 46 38 -8 43 45 38

0 5 31 99 -2 32 43 41

0 30 48 67 -20 5 7 5

0 35 55 8 -19 10 20 5

0 2 38 70 -19 16 17 21

0 69 83 65 -1 3 5 8

0 45 68 69 -3 32 36 31

0 24 53 32 -1 0 9 33

0 2 53 13 -9 26 48 31

0 23 44 99 -10 1 5 37

0 27 65 70 -15 4 20 26

0 0 2 29 -9 25 29 25

0 15 59 43 -17 10 47 2

0 47 65 70 -15 7 17 1

0 16 44 59 -5 14 49 39

0 16 49 24 -13 9 22 37

0 11 40 70 -14 25 36 28

0 12 32 92 -1 26 33 18

0 25 98 34 -11 29 33 7

0 21 22 55 -13 9 26 20

0 1 82 4 -2 14 27 19

0 15 83 31 -10 11 31 40

0 37 73 43 -2 31 33 38

0 19 29 67 -16 1 11 37

0 27 29 97 -5 15 16 32

0 6 15 18 -19 3 10 23

0 4 43 30 -15 0 1 1

0 14 73 0 -18 5 8 36

0 66 72 31 -9 36 38 44

0 11 18 85 -10 1 2 10

0 42 80 65 -3 1 2 41

0 7 16 66 -14 7 8 25

0 10 38 61 -6 11 13 42

0 65 90 51 -6 33 49 37

0 20 98 64 -19 32 33 37

0 6 41 18 -17 14 16 34

0 22 71 10 -14 4 7 11

0 27 49 64 -1 29 49 36

0 30 87 40 -20 26 34 12

0 32 77 88 -4 30 31 27

0 2 14 63 -2 9 39 18

0 12 14 89 -12 2 13 26

0 10 34 39 -15 1 9 40

0 25 30 45 -20 14 17 39

0 38 47 80 -10 22 25 25

0 57 58 26 -14 38 44 2

0 16 75 89 -6 23 27 38

0 6 37 83 -19 4 21 44

0 5 13 52 -9 9 21 49

0 10 18 96 -11 41 45 0

0 3 7 26 -13 6 33 29

0 2 10 21 -3 33 36 19

0 0 29 38 -20 0 46 35

0 11 13 41 -14 8 17 39

0 1 4 13 -20 10 17 24

0 24 34 34 -15 7 34 42

0 0 8 56 -20 19 45 49

0 1 16 17 -18 39 41 23

0 0 1 47 -3 15 42 38

0 10 16 64 -14 6 19 38

0 0 6 71 -6 39 40 3

0 0 3 61 -13 6 47 35

0 4 20 33 -6 2 37 23

0 0 6 0 -20 8 11 45

0 0 4 82 -3 19 47 48


SAlphaB: 726.0, std-dev 266.0367924733249

Earliest win: 37
Latest win: 81

WinDepth:
0 0 0 0 0 0 0 0 0 0 0 0 0 0 0 0 0 0 0 0 0 0 0 0 0 0 0 0 0 0 0 0 0 0 0 0 0 3 0 1 1 10 0 14 10 12 15 17 21 44 97 192 99 100 103 130 132 181 128 155 142 233 243 363 341 372 420 412 473 447 458 444 447 448 403 359 287 245 175 106 83 65 
SAlphaB:
0 0 0 0 0 0 0 0 0 0 0 0 0 0 0 0 0 0 0 0 0 0 0 0 0 0 0 0 0 0 0 0 0 0 0 0 0 3 0 1 1 10 0 14 10 12 15 17 21 44 97 192 99 100 103 130 132 181 128 155 142 233 243 363 341 372 420 412 473 447 458 444 447 448 403 359 287 245 175 106 83 65 

LossDepth:
SAlphaB:
0 0 0 0 0 0 0 0 0 0 0 0 0 0 0 0 0 0 0 0 0 0 0 0 0 0 0 0 0 0 0 0 0 0 0 0 0 3 0 1 1 10 0 14 10 12 15 17 21 44 97 192 99 100 103 130 132 181 128 155 142 233 243 363 341 372 420 412 473 447 458 444 447 448 403 359 287 245 175 106 83 65 

FirstWin:
0 0 0 0 0 0 0 0 0 0 0 0 0 0 0 0 0 0 0 0 0 0 0 0 0 0 0 0 0 0 0 0 0 0 0 0 0 3 0 1 0 10 0 14 0 12 0 17 0 44 0 192 0 100 0 130 0 181 0 155 0 233 0 363 0 372 0 412 0 447 0 444 0 448 0 359 0 245 0 106 0 65 
SAlphaB:
0 0 0 0 0 0 0 0 0 0 0 0 0 0 0 0 0 0 0 0 0 0 0 0 0 0 0 0 0 0 0 0 0 0 0 0 0 3 0 1 0 10 0 14 0 12 0 17 0 44 0 192 0 100 0 130 0 181 0 155 0 233 0 363 0 372 0 412 0 447 0 444 0 448 0 359 0 245 0 106 0 65 

SecondWin:
0 0 0 0 0 0 0 0 0 0 0 0 0 0 0 0 0 0 0 0 0 0 0 0 0 0 0 0 0 0 0 0 0 0 0 0 0 0 0 0 1 0 0 0 10 0 15 0 21 0 97 0 99 0 103 0 132 0 128 0 142 0 243 0 341 0 420 0 473 0 458 0 447 0 403 0 287 0 175 0 83 0 
SAlphaB:
0 0 0 0 0 0 0 0 0 0 0 0 0 0 0 0 0 0 0 0 0 0 0 0 0 0 0 0 0 0 0 0 0 0 0 0 0 0 0 0 1 0 0 0 10 0 15 0 21 0 97 0 99 0 103 0 132 0 128 0 142 0 243 0 341 0 420 0 473 0 458 0 447 0 403 0 287 0 175 0 83 0 
