0 36 66 50 -18 0 10 33

0 41 65 51 -13 2 6 8

0 51 72 71 -19 9 13 12

0 36 70 68 -5 3 13 29

0 18 85 6 -10 3 10 9

0 48 74 2 -14 2 4 29

0 70 88 90 -3 18 22 5

0 94 99 5 -14 5 15 17

0 69 79 61 -2 15 41 24

0 55 79 17 -19 3 16 31

0 64 83 57 -17 5 8 17

0 52 53 35 -1 8 9 2

0 25 40 65 -17 14 30 4

0 92 95 20 -12 1 36 26

0 27 76 29 -14 8 24 8

0 63 85 92 -3 12 16 25

0 31 48 3 -7 5 9 19

0 87 91 42 -13 25 43 21

0 16 70 85 -12 22 38 36

0 25 35 86 -18 1 16 28

0 64 75 27 -11 21 30 27

0 63 74 69 -18 2 4 18

0 37 87 62 -17 37 46 46

0 56 83 51 -8 16 35 26

0 89 93 69 -6 7 23 35

0 38 93 59 -17 5 8 23

0 50 67 85 -4 13 15 42

0 62 89 82 -20 5 18 10

0 26 57 27 -6 0 15 30

0 39 74 80 -20 0 1 4

0 65 93 1 -18 32 40 38

0 31 80 13 -7 23 37 3

0 78 83 66 -3 2 38 44

0 2 87 71 -16 22 38 36

0 7 60 41 -11 8 16 44

0 20 78 98 -8 3 29 21

0 32 51 41 -8 12 18 10

0 30 53 86 -15 2 13 48

0 0 24 35 -4 12 13 13

0 60 70 83 -2 24 33 12

0 2 86 86 -2 9 30 30

0 65 95 76 -19 15 18 32

0 17 76 51 -1 12 36 42

0 8 43 39 -12 3 4 9

0 38 46 69 -13 0 20 27

0 5 77 30 -2 9 15 17

0 88 94 30 -1 0 1 16

0 48 72 63 -1 26 36 17

0 10 33 21 -7 0 3 39

0 68 90 29 -3 23 33 45

0 30 35 83 -2 1 20 18

0 12 77 57 -9 9 13 19

0 5 74 25 -11 12 25 41

0 22 33 91 -1 0 26 15

0 20 47 50 -11 6 33 5

0 42 43 92 -6 5 6 16

0 29 37 39 -19 19 33 26

0 63 70 19 -14 22 32 24

0 13 19 68 -12 6 13 45

0 20 40 93 -14 19 45 4

0 41 45 24 -15 8 13 40

0 33 36 32 -12 23 42 29

0 31 34 91 -8 14 17 18

0 22 97 33 -19 4 47 45

0 1 24 83 -1 10 47 7

0 26 43 79 -18 14 47 19

0 15 55 0 -20 32 46 1

0 26 28 37 -17 11 14 47

0 32 81 83 -4 0 1 25

0 29 68 94 -19 12 42 22

0 5 49 92 -8 18 21 40

0 15 33 2 -15 37 43 2

0 2 69 98 -13 1 7 13

0 6 10 33 -15 5 7 14

0 49 52 17 -7 0 6 46

0 13 75 83 -2 24 29 41

0 2 13 44 -16 20 36 24

0 6 41 13 -10 3 19 19

0 6 56 9 -15 33 42 40

0 9 17 11 -13 0 10 33

0 14 20 48 -8 0 6 43

0 3 11 85 -11 0 11 8

0 3 9 43 -17 9 26 16

0 1 17 8 -15 6 9 39

0 4 22 99 -11 47 49 44

0 8 11 75 -19 5 32 13

0 6 10 66 -8 8 46 11

0 52 80 3 -13 38 43 6

0 14 22 83 -14 30 34 40

0 3 15 17 -13 1 3 43

0 8 17 23 -11 26 34 42

0 0 2 57 -5 21 22 44

0 0 7 98 -3 2 48 5

0 5 38 97 -15 1 9 49

0 4 18 53 -10 31 44 9

0 1 6 46 -2 22 27 33

0 1 12 9 -17 2 25 22

0 3 15 44 -9 13 20 48

0 4 24 78 -10 1 12 40

0 8 14 29 -10 2 28 34


SAlphaB: 741.0, std-dev 272.4809327033154

Earliest win: 36
Latest win: 81

WinDepth:
0 0 0 0 0 0 0 0 0 0 0 0 0 0 0 0 0 0 0 0 0 0 0 0 0 0 0 0 0 0 0 0 0 0 0 0 3 1 3 2 4 12 5 12 6 26 19 47 18 88 34 157 54 125 58 153 139 162 142 230 189 234 239 329 297 390 385 424 417 437 440 443 413 390 437 390 242 278 217 162 122 77 
SAlphaB:
0 0 0 0 0 0 0 0 0 0 0 0 0 0 0 0 0 0 0 0 0 0 0 0 0 0 0 0 0 0 0 0 0 0 0 0 3 1 3 2 4 12 5 12 6 26 19 47 18 88 34 157 54 125 58 153 139 162 142 230 189 234 239 329 297 390 385 424 417 437 440 443 413 390 437 390 242 278 217 162 122 77 

LossDepth:
SAlphaB:
0 0 0 0 0 0 0 0 0 0 0 0 0 0 0 0 0 0 0 0 0 0 0 0 0 0 0 0 0 0 0 0 0 0 0 0 3 1 3 2 4 12 5 12 6 26 19 47 18 88 34 157 54 125 58 153 139 162 142 230 189 234 239 329 297 390 385 424 417 437 440 443 413 390 437 390 242 278 217 162 122 77 

FirstWin:
0 0 0 0 0 0 0 0 0 0 0 0 0 0 0 0 0 0 0 0 0 0 0 0 0 0 0 0 0 0 0 0 0 0 0 0 0 1 0 2 0 12 0 12 0 26 0 47 0 88 0 157 0 125 0 153 0 162 0 230 0 234 0 329 0 390 0 424 0 437 0 443 0 390 0 390 0 278 0 162 0 77 
SAlphaB:
0 0 0 0 0 0 0 0 0 0 0 0 0 0 0 0 0 0 0 0 0 0 0 0 0 0 0 0 0 0 0 0 0 0 0 0 0 1 0 2 0 12 0 12 0 26 0 47 0 88 0 157 0 125 0 153 0 162 0 230 0 234 0 329 0 390 0 424 0 437 0 443 0 390 0 390 0 278 0 162 0 77 

SecondWin:
0 0 0 0 0 0 0 0 0 0 0 0 0 0 0 0 0 0 0 0 0 0 0 0 0 0 0 0 0 0 0 0 0 0 0 0 3 0 3 0 4 0 5 0 6 0 19 0 18 0 34 0 54 0 58 0 139 0 142 0 189 0 239 0 297 0 385 0 417 0 440 0 413 0 437 0 242 0 217 0 122 0 
SAlphaB:
0 0 0 0 0 0 0 0 0 0 0 0 0 0 0 0 0 0 0 0 0 0 0 0 0 0 0 0 0 0 0 0 0 0 0 0 3 0 3 0 4 0 5 0 6 0 19 0 18 0 34 0 54 0 58 0 139 0 142 0 189 0 239 0 297 0 385 0 417 0 440 0 413 0 437 0 242 0 217 0 122 0 
