0 36 93 5 -18 0 11 20

0 32 73 40 -18 0 2 8

0 28 81 0 -18 0 7 23

0 28 95 96 -15 0 3 5

0 62 88 46 -1 10 28 13

0 19 64 25 -10 0 6 7

0 30 98 58 -10 4 5 7

0 35 61 84 -13 3 8 23

0 23 97 4 -14 2 18 11

0 38 55 25 -14 0 8 4
0 32 48 72 -12 3 6 8

0 68 95 73 -20 10 37 36

0 26 53 66 -3 6 9 2

0 52 79 12 -7 4 23 12

0 37 78 4 -4 7 15 18

0 15 99 47 -12 1 4 2

0 47 72 23 -2 12 24 7

0 27 76 98 -15 2 12 1

0 41 65 33 -5 10 21 21

0 49 97 56 -11 8 22 27
0 20 79 7 -10 1 3 6

0 38 96 98 -16 3 9 5

0 56 88 35 -15 2 7 18

0 48 81 15 -4 6 19 4

0 40 79 65 -16 0 6 5

0 34 67 78 -11 3 4 22

0 33 59 47 -19 0 1 3

0 69 71 19 -7 10 30 25

0 43 87 86 -9 5 14 5

0 71 74 51 -5 11 20 18
0 41 85 70 -11 5 17 8

0 29 67 65 -7 2 6 7

0 48 67 90 -7 4 12 18

0 42 83 21 -9 0 11 25

0 53 69 56 -11 6 18 25

0 81 95 17 -12 2 15 25

0 69 89 54 -19 2 11 37

0 20 99 17 -9 3 14 15

0 43 95 3 -6 4 5 11

0 70 92 31 -17 2 16 23
0 84 97 62 -15 15 30 22

0 33 96 76 -5 4 18 2

0 40 76 75 -4 7 19 13

0 41 76 37 -11 3 14 6

0 59 76 48 -5 7 25 26

0 33 93 26 -4 4 16 5

0 35 59 23 -5 1 8 9

0 24 81 74 -15 0 4 20

0 23 48 89 -12 0 8 15

0 39 88 58 -5 9 10 4
0 32 81 16 -1 4 15 2

0 20 70 30 -10 2 9 8

0 27 84 33 -5 1 14 8

0 28 89 37 -2 5 15 10

0 27 66 59 -8 1 6 2

0 30 50 39 -15 3 12 23

0 42 51 11 -12 6 21 12

0 20 51 28 -13 2 4 3

0 21 72 54 -17 1 7 11

0 25 60 18 -10 3 6 2
0 24 57 0 -14 1 3 5

0 30 68 76 -15 2 4 13

0 46 73 46 -13 9 22 14

0 16 88 1 -3 0 3 2

0 22 59 50 -12 1 5 8

0 28 73 72 -6 3 9 10

0 49 60 98 -12 3 13 6

0 33 78 47 -18 4 18 13

0 81 95 57 -2 5 35 17

0 36 90 79 -16 0 1 15
0 52 57 81 -17 1 8 24

0 66 91 57 -9 11 40 27

0 79 95 85 -17 5 14 19

0 81 89 70 -4 5 26 17

0 33 95 97 -20 2 11 9

0 30 87 55 -7 6 20 26

0 49 99 44 -11 8 16 25

0 52 65 84 -7 16 19 21

0 43 83 79 -16 2 6 4

0 38 92 2 -15 4 14 28
0 60 74 94 -6 10 30 28

0 50 74 32 -14 1 3 5

0 37 96 84 -1 1 13 1

0 46 66 91 -4 7 24 14

0 25 51 45 -11 0 2 14

0 56 94 8 -15 8 18 31

0 71 98 97 -15 1 22 28

0 56 95 54 -7 4 25 9

0 31 93 60 -16 0 2 33

0 77 97 96 -15 7 34 11
0 17 77 13 -14 1 6 15

0 29 78 4 -8 2 18 22

0 36 84 33 -19 3 15 36

0 19 36 21 -10 1 6 16

0 61 68 48 -6 9 28 4

0 84 91 68 -16 11 42 23

0 60 80 74 -8 1 20 16

0 38 61 58 -11 3 13 13

0 41 94 86 -3 2 16 28

0 45 85 28 -16 0 1 19
