0 26 48 10 -2 2 11 12

0 38 67 57 -12 2 9 9

0 68 97 6 -16 7 27 14

0 24 95 25 -14 1 3 15

0 15 49 27 -7 1 2 4

0 16 81 73 -6 0 3 4

0 68 78 56 -10 6 22 15

0 33 43 33 -5 1 7 8

0 45 52 87 -16 3 6 14

0 52 68 26 -12 8 18 0

0 60 85 74 -1 17 37 16

0 63 99 25 -17 2 13 18

0 63 68 89 -5 9 28 17

0 50 92 78 -3 6 25 21

0 24 56 76 -15 0 4 13

0 58 86 94 -18 4 17 36

0 28 38 92 -13 2 6 11

0 54 77 42 -5 9 36 13

0 36 94 92 -10 1 13 0

0 18 39 41 -11 1 2 13

0 18 71 51 -6 21 44 17

0 28 94 52 -9 0 9 8

0 28 89 0 -18 0 7 9

0 73 98 59 -3 20 27 11

0 56 91 97 -6 9 23 3

0 17 66 2 -2 3 4 2

0 32 93 98 -16 0 3 12

0 21 46 96 -3 6 7 4

0 51 79 50 -8 5 7 24

0 46 64 12 -11 2 15 1

0 46 74 32 -20 2 5 2

0 71 88 71 -16 3 14 5

0 54 90 56 -3 9 37 13

0 67 97 48 -13 10 25 24

0 32 48 15 -13 0 1 1

0 26 27 46 -8 1 4 4

0 52 87 29 -5 9 10 20

0 45 96 3 -15 10 14 42

0 18 69 24 -2 1 20 18

0 49 70 22 -16 0 2 38

0 77 79 37 -3 19 46 23

0 16 75 72 -17 0 2 2

0 15 42 6 -7 2 6 19

0 30 61 93 -14 12 31 45

0 52 81 23 -6 1 30 15

0 49 91 79 -20 8 19 37

0 41 70 98 -4 15 34 38

0 59 69 29 -14 15 16 20

0 36 61 82 -15 1 10 13

0 72 93 36 -10 11 30 27

0 68 73 0 -17 1 20 13

0 77 84 51 -13 11 45 17

0 77 90 92 -6 7 26 25

0 30 87 26 -13 8 23 2

0 38 59 28 -10 6 7 27

0 63 71 98 -16 1 4 17

0 49 82 41 -13 4 31 11

0 29 60 96 -5 28 35 18

0 42 88 76 -6 4 29 23

0 46 59 34 -4 1 8 17

0 47 61 5 -20 1 2 2

0 34 70 85 -10 2 11 32

0 69 84 6 -10 5 9 26

0 76 83 39 -11 4 5 12

0 57 93 60 -17 19 49 43

0 32 49 90 -7 0 8 24

0 6 22 37 -5 2 5 2

0 9 91 35 -18 0 8 19

0 38 40 55 -16 3 8 9

0 44 83 79 -6 12 37 10

0 71 97 28 -9 9 18 3

0 20 49 34 -15 2 5 5

0 32 86 2 -18 5 8 12

0 39 54 67 -7 11 20 19

0 56 80 84 -11 9 41 25

0 45 93 75 -2 0 1 5

0 60 68 52 -11 0 1 14

0 43 95 41 -14 0 1 28

0 46 57 8 -13 0 15 9

0 24 32 71 -1 7 9 0

0 25 71 14 -13 1 8 39

0 47 55 87 -4 5 29 33

0 68 79 83 -1 18 34 25

0 19 81 62 -15 2 4 14

0 45 52 54 -10 10 44 21

0 50 98 19 -6 8 14 28

0 15 72 73 -5 0 18 24

0 7 38 60 -13 6 10 9

0 22 67 47 -8 10 14 32

0 28 84 24 -1 24 48 5

0 62 64 82 -2 16 31 23

0 5 98 58 -5 14 45 7

0 25 97 49 -20 22 44 25

0 39 67 52 -15 3 37 15

0 21 90 47 -5 8 33 8

0 9 85 39 -6 7 11 20

0 21 99 22 -7 6 17 15

0 47 50 5 -20 9 32 19

0 10 86 15 -4 3 10 31

0 31 78 24 -3 2 31 33


SAlphaB: 737.0, std-dev 250.7609161546254

Earliest win: 35
Latest win: 81

WinDepth:
0 0 0 0 0 0 0 0 0 0 0 0 0 0 0 0 0 0 0 0 0 0 0 0 0 0 0 0 0 0 0 0 0 0 0 1 1 11 0 7 4 34 27 36 14 50 34 132 96 154 156 365 146 329 258 485 372 600 398 557 463 715 624 820 825 878 905 935 1005 982 932 1004 840 801 922 796 606 478 413 287 186 140 
SAlphaB:
0 0 0 0 0 0 0 0 0 0 0 0 0 0 0 0 0 0 0 0 0 0 0 0 0 0 0 0 0 0 0 0 0 0 0 1 1 11 0 7 4 34 27 36 14 50 34 132 96 154 156 365 146 329 258 485 372 600 398 557 463 715 624 820 825 878 905 935 1005 982 932 1004 840 801 922 796 606 478 413 287 186 140 

LossDepth:
SAlphaB:
0 0 0 0 0 0 0 0 0 0 0 0 0 0 0 0 0 0 0 0 0 0 0 0 0 0 0 0 0 0 0 0 0 0 0 1 1 9 0 3 1 22 7 18 8 17 21 70 71 80 100 157 96 180 171 276 236 335 211 337 283 461 439 606 556 666 670 710 691 796 691 828 623 677 696 668 488 446 321 277 202 135 

FirstWin:
0 0 0 0 0 0 0 0 0 0 0 0 0 0 0 0 0 0 0 0 0 0 0 0 0 0 0 0 0 0 0 0 0 0 0 1 0 11 0 7 0 34 0 36 0 50 0 132 0 154 0 365 0 329 0 485 0 600 0 557 0 715 0 820 0 878 0 935 0 982 0 1004 0 801 0 796 0 478 0 287 0 140 
SAlphaB:
0 0 0 0 0 0 0 0 0 0 0 0 0 0 0 0 0 0 0 0 0 0 0 0 0 0 0 0 0 0 0 0 0 0 0 1 0 11 0 7 0 34 0 36 0 50 0 132 0 154 0 365 0 329 0 485 0 600 0 557 0 715 0 820 0 878 0 935 0 982 0 1004 0 801 0 796 0 478 0 287 0 140 

SecondWin:
0 0 0 0 0 0 0 0 0 0 0 0 0 0 0 0 0 0 0 0 0 0 0 0 0 0 0 0 0 0 0 0 0 0 0 0 1 0 0 0 4 0 27 0 14 0 34 0 96 0 156 0 146 0 258 0 372 0 398 0 463 0 624 0 825 0 905 0 1005 0 932 0 840 0 922 0 606 0 413 0 186 0 
SAlphaB:
0 0 0 0 0 0 0 0 0 0 0 0 0 0 0 0 0 0 0 0 0 0 0 0 0 0 0 0 0 0 0 0 0 0 0 0 1 0 0 0 4 0 27 0 14 0 34 0 96 0 156 0 146 0 258 0 372 0 398 0 463 0 624 0 825 0 905 0 1005 0 932 0 840 0 922 0 606 0 413 0 186 0 
