0 41 70 98 -4 15 34 38

0 50 92 78 -3 6 25 21

0 71 88 71 -16 3 14 5

0 77 90 92 -6 7 26 25

0 49 91 79 -20 8 19 37

0 47 61 5 -20 1 2 2

0 46 57 8 -13 0 15 9

0 21 90 47 -5 8 33 8

0 15 42 6 -7 2 6 19

0 18 69 24 -2 1 20 18

0 34 73 32 -17 11 34 23

0 45 66 79 -12 2 10 9

0 52 91 10 -19 6 12 31

0 75 91 15 -18 14 34 1

0 62 75 14 -1 16 23 49

0 54 91 6 -17 8 15 48

0 11 66 78 -10 12 37 33

0 7 53 72 -2 21 40 29

0 85 91 22 -5 14 29 17

0 39 94 52 -17 13 39 3

0 43 49 21 -10 1 20 23

0 3 93 20 -8 12 28 1

0 73 85 65 -11 22 30 14

0 20 22 77 -1 24 41 6

0 14 16 93 -11 0 1 34

0 51 80 98 -6 1 10 7

0 76 85 46 -11 8 11 4

0 27 48 19 -16 13 15 36

0 17 93 45 -14 9 14 26

0 49 92 20 -17 27 47 0

0 18 36 84 -9 6 11 40

0 3 85 85 -8 0 2 39

0 22 63 27 -9 7 39 10

0 34 92 7 -2 19 34 27

0 26 41 36 -8 12 24 27

0 4 36 46 -9 10 18 29

0 1 92 78 -20 32 36 44

0 8 42 54 -13 5 10 24

0 74 75 4 -3 16 36 20

0 10 54 83 -13 6 22 31

0 7 9 65 -7 1 4 7

0 74 95 98 -6 33 35 22

0 0 39 44 -10 2 6 8

0 45 70 66 -1 30 38 10

0 68 71 14 -2 0 44 27

0 10 85 19 -18 22 25 23

0 3 43 43 -2 1 3 20

0 51 54 66 -9 12 39 25

0 6 45 14 -13 22 33 21

0 74 75 49 -9 0 2 9

0 19 89 9 -16 6 26 4

0 61 91 48 -11 32 44 38

0 41 55 52 -9 20 24 40

0 25 64 46 -18 13 48 5

0 59 83 25 -3 31 36 19

0 3 95 42 -4 6 39 1

0 25 93 11 -8 34 40 9

0 27 57 14 -3 11 13 49

0 18 29 61 -14 31 49 33

0 21 24 8 -8 33 38 34

0 1 24 83 -1 29 31 7

0 32 36 34 -18 2 34 13

0 6 48 36 -2 7 11 47

0 12 62 26 -17 4 7 43

0 2 19 61 -4 12 28 13

0 16 18 26 -6 11 31 5

0 1 84 38 -12 6 29 15

0 22 51 60 -6 45 48 25

0 19 35 3 -3 5 35 4

0 15 26 26 -19 11 41 21

0 16 32 7 -13 10 33 32

0 13 26 36 -7 9 29 26

0 24 66 2 -8 32 45 19

0 37 60 26 -20 21 39 14

0 18 97 23 -18 23 44 47

0 0 6 98 -8 3 4 15

0 14 25 99 -1 1 2 27

0 21 35 32 -11 28 47 34

0 22 40 52 -20 0 37 49

0 8 14 63 -20 7 24 37

0 9 28 37 -7 8 20 33

0 9 32 1 -5 3 40 28

0 15 25 68 -10 31 36 10

0 3 16 90 -12 20 22 34

0 8 39 79 -7 1 8 46

0 1 4 59 -3 13 46 34

0 5 14 44 -1 4 5 31

0 7 24 50 -13 0 46 41

0 9 20 45 -6 8 14 49

0 15 36 6 -18 2 31 28

0 10 30 42 -10 32 44 39

0 6 28 6 -16 21 40 30

0 3 37 56 -3 30 45 39

0 7 8 85 -12 19 29 0

0 8 10 90 -9 5 37 48

0 5 13 59 -14 18 24 22

0 5 46 5 -15 19 34 39

0 5 6 87 -3 0 8 45

0 0 1 0 -13 40 47 38

0 30 36 1 -17 33 49 5


SAlphaB: 691.0, std-dev 261.80147916875774

Earliest win: 37
Latest win: 81

WinDepth:
0 0 0 0 0 0 0 0 0 0 0 0 0 0 0 0 0 0 0 0 0 0 0 0 0 0 0 0 0 0 0 0 0 0 0 0 0 2 0 0 0 7 6 17 10 21 28 38 40 94 64 190 78 156 77 193 127 214 140 184 133 243 233 372 328 387 354 407 466 436 436 455 419 408 390 348 248 213 158 137 78 87 
SAlphaB:
0 0 0 0 0 0 0 0 0 0 0 0 0 0 0 0 0 0 0 0 0 0 0 0 0 0 0 0 0 0 0 0 0 0 0 0 0 2 0 0 0 7 6 17 10 21 28 38 40 94 64 190 78 156 77 193 127 214 140 184 133 243 233 372 328 387 354 407 466 436 436 455 419 408 390 348 248 213 158 137 78 87 

LossDepth:
SAlphaB:
0 0 0 0 0 0 0 0 0 0 0 0 0 0 0 0 0 0 0 0 0 0 0 0 0 0 0 0 0 0 0 0 0 0 0 0 0 2 0 0 0 7 6 17 10 21 28 38 40 94 64 190 78 156 77 193 127 214 140 184 133 243 233 372 328 387 354 407 466 436 436 455 419 408 390 348 248 213 158 137 78 87 

FirstWin:
0 0 0 0 0 0 0 0 0 0 0 0 0 0 0 0 0 0 0 0 0 0 0 0 0 0 0 0 0 0 0 0 0 0 0 0 0 2 0 0 0 7 0 17 0 21 0 38 0 94 0 190 0 156 0 193 0 214 0 184 0 243 0 372 0 387 0 407 0 436 0 455 0 408 0 348 0 213 0 137 0 87 
SAlphaB:
0 0 0 0 0 0 0 0 0 0 0 0 0 0 0 0 0 0 0 0 0 0 0 0 0 0 0 0 0 0 0 0 0 0 0 0 0 2 0 0 0 7 0 17 0 21 0 38 0 94 0 190 0 156 0 193 0 214 0 184 0 243 0 372 0 387 0 407 0 436 0 455 0 408 0 348 0 213 0 137 0 87 

SecondWin:
0 0 0 0 0 0 0 0 0 0 0 0 0 0 0 0 0 0 0 0 0 0 0 0 0 0 0 0 0 0 0 0 0 0 0 0 0 0 0 0 0 0 6 0 10 0 28 0 40 0 64 0 78 0 77 0 127 0 140 0 133 0 233 0 328 0 354 0 466 0 436 0 419 0 390 0 248 0 158 0 78 0 
SAlphaB:
0 0 0 0 0 0 0 0 0 0 0 0 0 0 0 0 0 0 0 0 0 0 0 0 0 0 0 0 0 0 0 0 0 0 0 0 0 0 0 0 0 0 6 0 10 0 28 0 40 0 64 0 78 0 77 0 127 0 140 0 133 0 233 0 328 0 354 0 466 0 436 0 419 0 390 0 248 0 158 0 78 0 
