0 72 93 36 -10 11 30 27

0 24 95 25 -14 1 3 15

0 28 38 92 -13 2 6 11

0 18 39 41 -11 1 2 13

0 42 88 76 -6 4 29 23

0 52 68 26 -12 8 18 0

0 45 96 3 -15 10 14 42

0 9 85 39 -6 7 11 20

0 34 70 85 -10 2 11 32

0 52 81 23 -6 1 30 15

0 23 39 94 -6 1 5 26

0 32 51 48 -11 1 8 36

0 7 31 65 -1 3 8 9

0 30 82 71 -8 0 1 41

0 25 63 0 -18 7 15 1

0 70 90 48 -6 10 49 48

0 14 75 1 -16 3 5 20

0 5 98 67 -6 5 19 4

0 59 88 83 -3 3 30 36

0 48 66 57 -12 0 29 5

0 32 51 34 -13 0 20 37

0 10 39 24 -20 0 3 33

0 24 57 9 -1 5 13 20

0 20 72 88 -2 23 33 20

0 60 91 1 -11 19 39 41

0 68 79 86 -10 1 25 33

0 45 71 81 -13 10 13 31

0 8 36 60 -18 7 8 37

0 54 59 14 -19 2 9 42

0 16 17 78 -8 0 8 4

0 2 30 27 -9 11 29 26

0 21 61 10 -13 9 13 24

0 36 64 89 -18 21 40 29

0 56 94 23 -11 0 2 15

0 45 46 49 -6 13 14 42

0 57 62 91 -14 6 8 30

0 18 79 58 -11 20 43 26

0 30 86 32 -20 8 37 34

0 42 60 45 -10 33 41 39

0 27 39 65 -4 21 24 12

0 20 25 10 -9 28 43 15

0 86 99 12 -14 1 48 15

0 57 70 82 -3 29 37 14

0 5 28 10 -9 15 16 2

0 9 57 16 -17 25 31 32

0 7 98 39 -19 6 42 11

0 44 46 56 -5 27 30 20

0 12 94 53 -16 12 41 2

0 23 43 63 -17 24 40 6

0 19 89 24 -18 23 35 19

0 4 82 54 -14 3 5 44

0 53 61 83 -4 7 9 31

0 23 92 80 -11 3 32 22

0 0 64 24 -16 10 15 33

0 2 43 28 -15 16 40 37

0 13 23 43 -3 14 16 22

0 23 29 77 -10 2 27 4

0 66 81 41 -14 15 36 32

0 4 91 40 -9 4 30 21

0 26 50 41 -19 7 23 5

0 22 38 42 -19 0 16 49

0 64 68 15 -5 21 35 40

0 11 69 79 -7 29 39 38

0 21 77 40 -14 16 45 15

0 14 67 15 -3 20 25 43

0 33 35 96 -12 6 9 45

0 34 67 68 -13 34 38 49

0 10 31 52 -8 3 11 2

0 3 32 65 -14 23 31 30

0 6 99 10 -15 37 45 29

0 11 71 20 -20 14 15 34

0 18 32 60 -20 10 25 4

0 6 35 6 -19 11 31 42

0 24 28 16 -9 9 49 9

0 19 55 23 -11 11 15 40

0 29 32 68 -10 4 6 41

0 1 66 25 -6 24 25 49

0 16 24 64 -2 2 35 23

0 6 11 94 -14 1 26 12

0 69 81 69 -11 41 44 28

0 14 64 61 -18 1 25 33

0 4 64 44 -6 21 29 2

0 6 23 55 -13 21 37 19

0 13 28 52 -15 6 40 4

0 12 15 48 -17 13 41 14

0 0 1 52 -16 5 12 24

0 3 6 26 -15 2 12 27

0 6 80 46 -15 1 14 30

0 13 16 1 -4 2 28 20

0 4 52 29 -5 1 8 42

0 9 11 81 -1 21 49 37

0 0 19 37 -11 36 45 28

0 0 1 13 -14 10 24 30

0 0 5 76 -3 7 14 37

0 0 2 22 -16 14 24 19

0 0 3 35 -11 4 23 1

0 10 15 55 -19 5 49 18

0 5 6 12 -6 26 30 47

0 21 22 20 -10 19 21 48

0 8 30 27 -6 1 9 47


SAlphaB: 720.0, std-dev 256.23291675009796

Earliest win: 37
Latest win: 81

WinDepth:
0 0 0 0 0 0 0 0 0 0 0 0 0 0 0 0 0 0 0 0 0 0 0 0 0 0 0 0 0 0 0 0 0 0 0 0 0 7 0 8 1 0 1 13 8 14 17 61 23 67 58 197 65 139 68 171 135 191 123 183 158 236 229 314 332 374 411 419 436 451 418 437 394 382 393 412 285 246 199 144 89 67 
SAlphaB:
0 0 0 0 0 0 0 0 0 0 0 0 0 0 0 0 0 0 0 0 0 0 0 0 0 0 0 0 0 0 0 0 0 0 0 0 0 7 0 8 1 0 1 13 8 14 17 61 23 67 58 197 65 139 68 171 135 191 123 183 158 236 229 314 332 374 411 419 436 451 418 437 394 382 393 412 285 246 199 144 89 67 

LossDepth:
SAlphaB:
0 0 0 0 0 0 0 0 0 0 0 0 0 0 0 0 0 0 0 0 0 0 0 0 0 0 0 0 0 0 0 0 0 0 0 0 0 7 0 8 1 0 1 13 8 14 17 61 23 67 58 197 65 139 68 171 135 191 123 183 158 236 229 314 332 374 411 419 436 451 418 437 394 382 393 412 285 246 199 144 89 67 

FirstWin:
0 0 0 0 0 0 0 0 0 0 0 0 0 0 0 0 0 0 0 0 0 0 0 0 0 0 0 0 0 0 0 0 0 0 0 0 0 7 0 8 0 0 0 13 0 14 0 61 0 67 0 197 0 139 0 171 0 191 0 183 0 236 0 314 0 374 0 419 0 451 0 437 0 382 0 412 0 246 0 144 0 67 
SAlphaB:
0 0 0 0 0 0 0 0 0 0 0 0 0 0 0 0 0 0 0 0 0 0 0 0 0 0 0 0 0 0 0 0 0 0 0 0 0 7 0 8 0 0 0 13 0 14 0 61 0 67 0 197 0 139 0 171 0 191 0 183 0 236 0 314 0 374 0 419 0 451 0 437 0 382 0 412 0 246 0 144 0 67 

SecondWin:
0 0 0 0 0 0 0 0 0 0 0 0 0 0 0 0 0 0 0 0 0 0 0 0 0 0 0 0 0 0 0 0 0 0 0 0 0 0 0 0 1 0 1 0 8 0 17 0 23 0 58 0 65 0 68 0 135 0 123 0 158 0 229 0 332 0 411 0 436 0 418 0 394 0 393 0 285 0 199 0 89 0 
SAlphaB:
0 0 0 0 0 0 0 0 0 0 0 0 0 0 0 0 0 0 0 0 0 0 0 0 0 0 0 0 0 0 0 0 0 0 0 0 0 0 0 0 1 0 1 0 8 0 17 0 23 0 58 0 65 0 68 0 135 0 123 0 158 0 229 0 332 0 411 0 436 0 418 0 394 0 393 0 285 0 199 0 89 0 
