0 21 46 96 -3 6 7 4

0 60 85 74 -1 17 37 16

0 73 98 59 -3 20 27 11

0 36 61 82 -15 1 10 13

0 32 93 98 -16 0 3 12

0 68 79 83 -1 18 34 25

0 63 71 98 -16 1 4 17

0 6 22 37 -5 2 5 2

0 46 64 12 -11 2 15 1

0 30 87 26 -13 8 23 2

0 41 67 64 -6 13 30 35

0 24 41 35 -7 3 16 19

0 82 87 42 -20 10 45 9

0 32 57 48 -4 8 22 11

0 70 83 70 -1 3 26 19

0 69 92 87 -14 0 1 28

0 2 70 60 -9 8 13 12

0 37 61 26 -18 7 12 1

0 19 39 26 -10 8 12 22

0 17 44 52 -20 2 10 16

0 23 85 89 -3 7 11 29

0 2 81 49 -19 0 5 10

0 55 57 80 -7 1 3 29

0 11 86 25 -17 16 49 31

0 18 34 75 -6 6 7 28

0 18 68 16 -17 2 26 49

0 67 71 77 -6 14 19 14

0 88 94 5 -8 13 17 16

0 40 51 0 -4 32 38 47

0 34 45 81 -17 16 48 49

0 32 43 9 -13 35 43 2

0 19 99 40 -11 24 33 31

0 14 27 94 -5 2 3 38

0 24 84 34 -10 5 43 49

0 41 52 7 -11 5 33 43

0 4 7 52 -17 0 3 19

0 19 37 25 -8 2 7 33

0 4 94 40 -14 15 22 5

0 82 85 44 -17 14 26 48

0 14 40 73 -11 16 36 43

0 44 47 14 -9 10 16 4

0 56 74 72 -4 32 44 41

0 6 91 65 -15 3 17 43

0 10 34 45 -14 7 36 28

0 1 5 58 -12 0 1 37

0 29 30 9 -8 28 42 46

0 84 85 63 -1 6 9 24

0 15 20 93 -17 0 11 48

0 61 85 8 -4 4 5 11

0 12 22 26 -10 11 16 42

0 2 54 54 -2 32 34 17

0 13 21 1 -19 0 1 25

0 25 40 78 -3 25 47 14

0 60 96 97 -14 20 28 19

0 34 41 19 -16 15 45 11

0 0 62 52 -15 2 35 21

0 25 36 60 -20 0 38 25

0 22 60 58 -19 32 46 7

0 20 36 12 -15 15 33 26

0 22 93 39 -2 20 31 48

0 41 47 19 -19 0 31 48

0 18 21 13 -6 2 18 2

0 12 33 79 -12 2 6 30

0 21 23 76 -9 17 36 41

0 9 57 61 -13 6 15 42

0 5 12 51 -1 10 32 36

0 9 40 7 -14 15 18 21

0 0 8 29 -14 3 4 22

0 1 49 36 -1 31 34 44

0 36 68 81 -9 0 1 46

0 1 4 36 -9 10 23 22

0 6 12 1 -17 11 30 0

0 5 28 51 -1 25 43 41

0 31 51 17 -2 24 35 8

0 7 16 70 -12 34 45 32

0 0 2 76 -6 34 48 28

0 24 30 86 -8 2 9 46

0 7 33 23 -20 12 25 11

0 19 38 49 -3 0 4 49

0 12 31 60 -7 4 27 19

0 24 29 19 -18 16 31 39

0 5 48 9 -18 40 45 36

0 0 31 70 -18 39 43 11

0 8 14 13 -7 11 35 15

0 10 19 36 -14 4 12 34

0 2 10 80 -10 19 26 9

0 5 9 69 -13 39 48 27

0 0 1 49 -5 3 32 42

0 7 12 92 -7 2 14 5

0 9 25 28 -3 35 36 48

0 1 14 26 -2 8 25 49

0 5 6 94 -15 5 35 2

0 1 16 29 -12 7 32 47

0 9 21 76 -12 27 43 34

0 4 12 5 -4 1 15 44

0 5 6 53 -4 0 20 43

0 11 17 92 -11 3 5 44

0 0 1 36 -2 0 5 24

0 8 9 75 -17 9 40 2

0 1 2 71 -2 1 4 40


SAlphaB: 700.0, std-dev 265.34143470196466

Earliest win: 37
Latest win: 81

WinDepth:
0 0 0 0 0 0 0 0 0 0 0 0 0 0 0 0 0 0 0 0 0 0 0 0 0 0 0 0 0 0 0 0 0 0 0 0 0 1 0 7 4 17 12 15 5 11 18 43 39 86 36 187 83 112 97 175 91 223 149 184 152 239 213 336 335 354 358 401 437 406 446 468 429 406 407 365 262 244 188 138 111 79 
SAlphaB:
0 0 0 0 0 0 0 0 0 0 0 0 0 0 0 0 0 0 0 0 0 0 0 0 0 0 0 0 0 0 0 0 0 0 0 0 0 1 0 7 4 17 12 15 5 11 18 43 39 86 36 187 83 112 97 175 91 223 149 184 152 239 213 336 335 354 358 401 437 406 446 468 429 406 407 365 262 244 188 138 111 79 

LossDepth:
SAlphaB:
0 0 0 0 0 0 0 0 0 0 0 0 0 0 0 0 0 0 0 0 0 0 0 0 0 0 0 0 0 0 0 0 0 0 0 0 0 1 0 7 4 17 12 15 5 11 18 43 39 86 36 187 83 112 97 175 91 223 149 184 152 239 213 336 335 354 358 401 437 406 446 468 429 406 407 365 262 244 188 138 111 79 

FirstWin:
0 0 0 0 0 0 0 0 0 0 0 0 0 0 0 0 0 0 0 0 0 0 0 0 0 0 0 0 0 0 0 0 0 0 0 0 0 1 0 7 0 17 0 15 0 11 0 43 0 86 0 187 0 112 0 175 0 223 0 184 0 239 0 336 0 354 0 401 0 406 0 468 0 406 0 365 0 244 0 138 0 79 
SAlphaB:
0 0 0 0 0 0 0 0 0 0 0 0 0 0 0 0 0 0 0 0 0 0 0 0 0 0 0 0 0 0 0 0 0 0 0 0 0 1 0 7 0 17 0 15 0 11 0 43 0 86 0 187 0 112 0 175 0 223 0 184 0 239 0 336 0 354 0 401 0 406 0 468 0 406 0 365 0 244 0 138 0 79 

SecondWin:
0 0 0 0 0 0 0 0 0 0 0 0 0 0 0 0 0 0 0 0 0 0 0 0 0 0 0 0 0 0 0 0 0 0 0 0 0 0 0 0 4 0 12 0 5 0 18 0 39 0 36 0 83 0 97 0 91 0 149 0 152 0 213 0 335 0 358 0 437 0 446 0 429 0 407 0 262 0 188 0 111 0 
SAlphaB:
0 0 0 0 0 0 0 0 0 0 0 0 0 0 0 0 0 0 0 0 0 0 0 0 0 0 0 0 0 0 0 0 0 0 0 0 0 0 0 0 4 0 12 0 5 0 18 0 39 0 36 0 83 0 97 0 91 0 149 0 152 0 213 0 335 0 358 0 437 0 446 0 429 0 407 0 262 0 188 0 111 0 
