0 20 49 34 -15 2 5 5

0 17 66 2 -2 3 4 2

0 38 59 28 -10 6 7 27

0 50 98 19 -6 8 14 28

0 38 40 55 -16 3 8 9

0 26 27 46 -8 1 4 4

0 7 38 60 -13 6 10 9

0 15 72 73 -5 0 18 24

0 69 84 6 -10 5 9 26

0 39 54 67 -7 11 20 19

0 25 99 73 -1 2 12 24

0 3 65 83 -2 16 46 30

0 69 82 65 -7 0 1 9

0 12 65 9 -13 1 6 28

0 38 68 94 -16 20 25 5

0 96 97 18 -16 0 8 13

0 11 51 61 -14 3 10 31

0 19 40 0 -17 2 5 19

0 28 91 6 -6 0 17 37

0 43 56 99 -18 11 23 36

0 28 43 99 -4 9 11 3

0 35 72 30 -9 0 1 30

0 46 50 88 -18 4 15 38

0 26 86 68 -10 9 22 48

0 21 54 94 -18 21 26 37

0 63 94 57 -12 25 31 22

0 33 39 5 -1 13 29 17

0 30 34 30 -13 8 11 4

0 7 58 81 -1 14 16 9

0 9 76 5 -13 7 10 5

0 45 49 71 -4 14 22 16

0 22 35 55 -4 5 6 35

0 70 79 68 -5 5 32 40

0 63 85 54 -8 29 40 16

0 69 71 51 -6 17 20 38

0 19 28 76 -6 7 8 9

0 73 82 5 -11 3 38 4

0 9 10 39 -14 2 3 14

0 6 48 28 -16 2 13 24

0 15 47 57 -17 15 42 20

0 49 64 60 -18 24 31 25

0 45 69 74 -13 2 43 32

0 14 85 48 -7 13 20 40

0 26 62 54 -13 1 47 12

0 36 53 25 -13 16 19 32

0 27 47 76 -15 21 32 41

0 48 55 85 -2 3 47 24

0 59 77 42 -1 3 4 49

0 45 73 1 -1 23 27 49

0 46 71 88 -12 18 33 7

0 23 36 15 -7 10 17 4

0 22 36 12 -8 26 39 12

0 6 29 94 -12 0 1 35

0 72 90 25 -16 21 40 3

0 67 68 4 -8 27 46 42

0 18 43 76 -9 36 45 19

0 10 26 56 -14 6 31 21

0 1 92 78 -8 0 1 23

0 5 54 16 -4 5 34 13

0 29 83 48 -19 5 42 13

0 6 35 49 -2 10 33 46

0 35 55 6 -13 42 46 42

0 34 40 45 -12 16 22 30

0 21 25 67 -1 8 28 37

0 3 92 1 -10 14 37 49

0 9 79 20 -3 16 19 34

0 13 71 20 -1 9 22 27

0 13 15 56 -2 0 5 24

0 26 38 21 -9 19 30 39

0 9 79 11 -4 21 22 39

0 13 81 83 -6 25 30 3

0 2 22 24 -19 8 14 18

0 23 26 7 -9 2 3 38

0 6 7 20 -4 1 4 14

0 3 76 12 -10 5 24 45

0 26 28 95 -5 18 22 33

0 0 15 66 -18 31 36 21

0 1 5 56 -19 14 35 30

0 0 25 10 -20 6 21 23

0 21 30 79 -18 4 20 48

0 0 1 54 -9 15 33 41

0 1 6 69 -14 2 27 43

0 24 88 80 -15 11 12 1

0 5 31 15 -18 10 15 32

0 2 5 54 -5 0 3 29

0 8 21 61 -10 2 3 42

0 0 3 41 -12 22 33 30

0 1 8 81 -12 29 30 45

0 8 13 89 -14 7 29 0

0 3 37 35 -19 10 40 18

0 2 12 75 -8 1 11 18

0 0 8 76 -12 8 21 44

0 16 18 40 -16 1 12 47

0 8 22 91 -14 3 14 2

0 9 24 10 -19 7 48 28

0 18 24 0 -3 17 36 45

0 0 2 59 -2 13 19 35

0 9 11 18 -8 9 11 20

0 3 6 93 -2 12 22 17

0 10 27 31 -6 21 30 27


SAlphaB: 695.0, std-dev 272.088798079605

Earliest win: 36
Latest win: 81

WinDepth:
0 0 0 0 0 0 0 0 0 0 0 0 0 0 0 0 0 0 0 0 0 0 0 0 0 0 0 0 0 0 0 0 0 0 0 0 3 13 0 5 0 10 1 7 12 25 15 26 33 64 42 128 89 130 76 171 136 188 147 198 166 272 232 342 300 365 372 376 435 379 426 489 439 402 381 392 256 261 182 149 80 87 
SAlphaB:
0 0 0 0 0 0 0 0 0 0 0 0 0 0 0 0 0 0 0 0 0 0 0 0 0 0 0 0 0 0 0 0 0 0 0 0 3 13 0 5 0 10 1 7 12 25 15 26 33 64 42 128 89 130 76 171 136 188 147 198 166 272 232 342 300 365 372 376 435 379 426 489 439 402 381 392 256 261 182 149 80 87 

LossDepth:
SAlphaB:
0 0 0 0 0 0 0 0 0 0 0 0 0 0 0 0 0 0 0 0 0 0 0 0 0 0 0 0 0 0 0 0 0 0 0 0 3 13 0 5 0 10 1 7 12 25 15 26 33 64 42 128 89 130 76 171 136 188 147 198 166 272 232 342 300 365 372 376 435 379 426 489 439 402 381 392 256 261 182 149 80 87 

FirstWin:
0 0 0 0 0 0 0 0 0 0 0 0 0 0 0 0 0 0 0 0 0 0 0 0 0 0 0 0 0 0 0 0 0 0 0 0 0 13 0 5 0 10 0 7 0 25 0 26 0 64 0 128 0 130 0 171 0 188 0 198 0 272 0 342 0 365 0 376 0 379 0 489 0 402 0 392 0 261 0 149 0 87 
SAlphaB:
0 0 0 0 0 0 0 0 0 0 0 0 0 0 0 0 0 0 0 0 0 0 0 0 0 0 0 0 0 0 0 0 0 0 0 0 0 13 0 5 0 10 0 7 0 25 0 26 0 64 0 128 0 130 0 171 0 188 0 198 0 272 0 342 0 365 0 376 0 379 0 489 0 402 0 392 0 261 0 149 0 87 

SecondWin:
0 0 0 0 0 0 0 0 0 0 0 0 0 0 0 0 0 0 0 0 0 0 0 0 0 0 0 0 0 0 0 0 0 0 0 0 3 0 0 0 0 0 1 0 12 0 15 0 33 0 42 0 89 0 76 0 136 0 147 0 166 0 232 0 300 0 372 0 435 0 426 0 439 0 381 0 256 0 182 0 80 0 
SAlphaB:
0 0 0 0 0 0 0 0 0 0 0 0 0 0 0 0 0 0 0 0 0 0 0 0 0 0 0 0 0 0 0 0 0 0 0 0 3 0 0 0 0 0 1 0 12 0 15 0 33 0 42 0 89 0 76 0 136 0 147 0 166 0 232 0 300 0 372 0 435 0 426 0 439 0 381 0 256 0 182 0 80 0 
