0 24 32 71 -1 7 9 0

0 56 91 97 -6 9 23 3

0 77 79 37 -3 19 46 23

0 36 94 92 -10 1 13 0

0 68 78 56 -10 6 22 15

0 44 83 79 -6 12 37 10

0 39 67 52 -15 3 37 15

0 46 74 32 -20 2 5 2

0 31 78 24 -3 2 31 33

0 28 84 24 -1 24 48 5

0 54 88 72 -20 1 28 11

0 44 47 73 -14 4 20 16

0 28 87 98 -5 21 36 17

0 40 97 38 -10 3 12 38

0 38 87 82 -3 6 14 24

0 33 95 62 -16 28 48 25

0 25 82 90 -14 0 3 35

0 77 90 74 -19 3 21 14

0 47 66 13 -12 14 33 42

0 18 86 7 -9 4 9 15

0 18 25 55 -11 0 1 6

0 42 65 85 -6 2 28 4

0 9 74 10 -10 10 32 46

0 16 35 46 -2 2 19 2

0 54 60 14 -17 3 31 22

0 31 63 58 -18 8 11 44

0 7 95 2 -16 11 27 24

0 55 63 53 -3 0 23 4

0 19 96 21 -16 6 21 15

0 0 51 22 -10 8 27 24

0 18 27 89 -20 1 2 26

0 1 96 28 -12 2 7 27

0 94 97 30 -17 6 11 24

0 41 63 35 -2 19 27 21

0 25 78 19 -1 36 44 34

0 2 84 25 -1 24 40 23

0 9 44 82 -4 0 5 43

0 39 66 32 -17 17 39 8

0 3 16 21 -9 4 8 2

0 50 55 11 -13 1 36 2

0 53 69 47 -16 23 33 9

0 38 73 17 -2 25 32 18

0 71 84 15 -10 13 29 28

0 2 6 67 -12 0 3 26

0 36 40 49 -10 6 12 31

0 9 57 22 -2 7 28 31

0 50 76 73 -8 13 23 47

0 33 42 95 -15 3 25 40

0 18 19 62 -10 5 20 8

0 12 54 51 -9 23 29 49

0 25 34 44 -10 19 32 39

0 21 60 82 -8 24 35 33

0 13 98 30 -15 5 21 15

0 50 54 87 -16 15 16 48

0 38 46 45 -11 12 24 0

0 8 54 93 -1 23 26 44

0 32 39 66 -2 23 31 3

0 7 23 25 -8 9 18 29

0 14 16 80 -11 31 33 6

0 4 43 7 -9 21 28 12

0 4 17 72 -12 15 36 25

0 11 36 10 -4 13 14 18

0 17 18 92 -18 15 25 35

0 23 85 17 -19 42 43 12

0 51 67 54 -1 25 45 2

0 4 86 83 -7 7 28 17

0 0 24 8 -14 42 48 7

0 26 78 85 -14 23 30 45

0 3 25 12 -1 33 43 36

0 41 70 4 -4 0 1 37

0 5 6 28 -6 0 7 15

0 57 73 66 -5 0 6 42

0 13 73 89 -14 17 22 3

0 9 13 71 -6 5 30 13

0 4 20 87 -5 6 7 31

0 3 10 18 -10 16 34 1

0 9 17 55 -7 38 41 40

0 15 26 67 -8 10 37 5

0 18 28 24 -4 10 14 32

0 3 22 83 -10 9 33 36

0 25 39 28 -4 11 25 48

0 34 73 37 -4 31 38 5

0 42 74 69 -19 33 44 2

0 9 20 3 -18 5 8 43

0 6 45 85 -19 4 24 34

0 90 91 98 -9 4 7 48

0 1 2 50 -20 3 25 14

0 0 69 30 -17 18 34 47

0 8 12 92 -11 40 49 15

0 3 9 24 -18 16 20 2

0 7 12 91 -12 8 10 46

0 1 4 43 -16 0 2 27

0 5 11 19 -14 1 22 16

0 0 6 66 -20 4 37 5

0 4 39 0 -3 17 21 32

0 3 15 89 -4 22 28 1

0 16 23 20 -17 3 49 26

0 1 7 85 -1 4 7 39

0 0 4 81 -7 20 26 0

0 1 6 20 -14 26 30 3


SAlphaB: 718.0, std-dev 265.2022085393359

Earliest win: 35
Latest win: 81

WinDepth:
0 0 0 0 0 0 0 0 0 0 0 0 0 0 0 0 0 0 0 0 0 0 0 0 0 0 0 0 0 0 0 0 0 0 0 1 0 4 0 1 1 3 12 3 15 24 24 51 13 61 67 162 172 81 123 157 136 203 108 164 157 242 230 369 334 399 388 362 416 415 417 470 442 444 400 356 292 225 200 120 99 74 
SAlphaB:
0 0 0 0 0 0 0 0 0 0 0 0 0 0 0 0 0 0 0 0 0 0 0 0 0 0 0 0 0 0 0 0 0 0 0 1 0 4 0 1 1 3 12 3 15 24 24 51 13 61 67 162 172 81 123 157 136 203 108 164 157 242 230 369 334 399 388 362 416 415 417 470 442 444 400 356 292 225 200 120 99 74 

LossDepth:
SAlphaB:
0 0 0 0 0 0 0 0 0 0 0 0 0 0 0 0 0 0 0 0 0 0 0 0 0 0 0 0 0 0 0 0 0 0 0 1 0 4 0 1 1 3 12 3 15 24 24 51 13 61 67 162 172 81 123 157 136 203 108 164 157 242 230 369 334 399 388 362 416 415 417 470 442 444 400 356 292 225 200 120 99 74 

FirstWin:
0 0 0 0 0 0 0 0 0 0 0 0 0 0 0 0 0 0 0 0 0 0 0 0 0 0 0 0 0 0 0 0 0 0 0 1 0 4 0 1 0 3 0 3 0 24 0 51 0 61 0 162 0 81 0 157 0 203 0 164 0 242 0 369 0 399 0 362 0 415 0 470 0 444 0 356 0 225 0 120 0 74 
SAlphaB:
0 0 0 0 0 0 0 0 0 0 0 0 0 0 0 0 0 0 0 0 0 0 0 0 0 0 0 0 0 0 0 0 0 0 0 1 0 4 0 1 0 3 0 3 0 24 0 51 0 61 0 162 0 81 0 157 0 203 0 164 0 242 0 369 0 399 0 362 0 415 0 470 0 444 0 356 0 225 0 120 0 74 

SecondWin:
0 0 0 0 0 0 0 0 0 0 0 0 0 0 0 0 0 0 0 0 0 0 0 0 0 0 0 0 0 0 0 0 0 0 0 0 0 0 0 0 1 0 12 0 15 0 24 0 13 0 67 0 172 0 123 0 136 0 108 0 157 0 230 0 334 0 388 0 416 0 417 0 442 0 400 0 292 0 200 0 99 0 
SAlphaB:
0 0 0 0 0 0 0 0 0 0 0 0 0 0 0 0 0 0 0 0 0 0 0 0 0 0 0 0 0 0 0 0 0 0 0 0 0 0 0 0 1 0 12 0 15 0 24 0 13 0 67 0 172 0 123 0 136 0 108 0 157 0 230 0 334 0 388 0 416 0 417 0 442 0 400 0 292 0 200 0 99 0 
