0 54 77 42 -5 9 36 13

0 76 83 39 -11 4 5 12

0 16 75 72 -17 0 2 2

0 33 43 33 -5 1 7 8

0 58 86 94 -18 4 17 36

0 21 99 22 -7 6 17 15

0 9 91 35 -18 0 8 19

0 47 50 5 -20 9 32 19

0 22 67 47 -8 10 14 32

0 10 86 15 -4 3 10 31

0 29 35 15 -14 0 1 0

0 52 94 96 -2 5 37 17

0 29 38 22 -12 0 7 17

0 46 69 43 -18 0 12 29

0 82 90 22 -3 2 14 13

0 24 41 35 -11 15 45 29

0 6 81 67 -9 3 10 0

0 27 89 11 -4 16 39 19

0 9 62 78 -2 1 2 11

0 63 64 28 -19 21 29 49

0 59 83 49 -14 5 8 5

0 3 11 86 -15 21 23 34

0 9 69 39 -3 22 41 28

0 8 37 75 -2 11 16 28

0 38 39 72 -4 11 20 27

0 61 90 84 -8 30 32 8

0 18 42 24 -10 10 30 23

0 23 91 47 -8 22 28 14

0 25 26 53 -9 24 31 26

0 10 41 43 -1 1 9 1

0 42 68 97 -15 1 11 27

0 5 66 37 -6 1 10 29

0 15 64 4 -8 3 6 42

0 1 89 14 -15 4 42 32

0 22 71 42 -8 7 49 31

0 22 59 83 -5 9 25 34

0 22 79 85 -7 7 32 45

0 55 58 57 -10 0 1 7

0 24 60 9 -16 9 25 38

0 31 42 82 -4 7 39 12

0 19 69 84 -17 8 11 46

0 8 49 8 -8 14 40 45

0 28 31 12 -19 0 3 31

0 12 49 87 -14 1 3 25

0 37 45 94 -7 20 34 34

0 16 24 86 -17 12 19 39

0 54 57 33 -12 21 27 1

0 16 75 28 -8 4 14 31

0 22 73 51 -18 3 7 46

0 23 87 43 -18 17 34 24

0 9 16 91 -17 16 19 47

0 1 90 34 -1 3 15 13

0 8 17 10 -4 16 25 5

0 47 49 75 -19 25 35 3

0 1 93 56 -6 2 8 23

0 43 81 75 -7 15 44 15

0 8 19 33 -20 17 33 31

0 13 51 91 -10 37 48 31

0 19 94 22 -17 0 35 3

0 21 58 60 -2 8 20 42

0 7 72 6 -10 13 41 29

0 2 56 24 -20 7 23 0

0 6 30 97 -10 17 18 10

0 9 51 63 -20 2 32 23

0 42 78 21 -10 27 32 2

0 17 25 28 -13 30 36 37

0 2 80 35 -17 0 2 49

0 8 31 85 -20 0 1 44

0 14 15 33 -19 0 2 33

0 9 40 78 -10 34 45 15

0 14 47 81 -12 5 35 46

0 3 20 0 -9 37 49 22

0 6 15 60 -15 14 19 37

0 5 76 7 -15 10 27 22

0 10 15 80 -20 18 45 28

0 10 18 36 -11 5 7 30

0 8 76 35 -14 13 19 24

0 0 18 26 -13 42 45 16

0 18 24 27 -16 8 9 36

0 5 22 23 -17 12 15 32

0 2 3 73 -9 38 46 16

0 16 32 96 -17 1 36 33

0 8 26 99 -2 15 35 7

0 21 37 16 -3 2 36 49

0 0 1 19 -17 35 45 37

0 22 23 88 -20 0 32 6

0 12 22 39 -9 3 29 41

0 10 11 42 -1 1 8 26

0 3 67 4 -7 3 4 33

0 7 27 61 -3 5 34 41

0 4 8 51 -20 8 20 13

0 30 31 68 -4 2 13 43

0 1 2 30 -7 36 49 48

0 1 4 46 -19 12 30 17

0 3 8 63 -20 3 7 42

0 8 22 74 -15 26 46 44

0 0 1 59 -13 19 49 22

0 8 14 17 -2 0 7 47

0 0 1 31 -16 22 34 43

0 9 12 1 -10 5 12 30


SAlphaB: 702.0, std-dev 259.3578036285593

Earliest win: 37
Latest win: 81

WinDepth:
0 0 0 0 0 0 0 0 0 0 0 0 0 0 0 0 0 0 0 0 0 0 0 0 0 0 0 0 0 0 0 0 0 0 0 0 0 1 0 2 1 5 6 6 17 12 7 26 28 49 49 165 66 96 69 249 129 203 181 191 179 229 250 308 398 341 494 372 444 431 455 459 387 373 381 365 260 256 203 130 105 81 
SAlphaB:
0 0 0 0 0 0 0 0 0 0 0 0 0 0 0 0 0 0 0 0 0 0 0 0 0 0 0 0 0 0 0 0 0 0 0 0 0 1 0 2 1 5 6 6 17 12 7 26 28 49 49 165 66 96 69 249 129 203 181 191 179 229 250 308 398 341 494 372 444 431 455 459 387 373 381 365 260 256 203 130 105 81 

LossDepth:
SAlphaB:
0 0 0 0 0 0 0 0 0 0 0 0 0 0 0 0 0 0 0 0 0 0 0 0 0 0 0 0 0 0 0 0 0 0 0 0 0 1 0 2 1 5 6 6 17 12 7 26 28 49 49 165 66 96 69 249 129 203 181 191 179 229 250 308 398 341 494 372 444 431 455 459 387 373 381 365 260 256 203 130 105 81 

FirstWin:
0 0 0 0 0 0 0 0 0 0 0 0 0 0 0 0 0 0 0 0 0 0 0 0 0 0 0 0 0 0 0 0 0 0 0 0 0 1 0 2 0 5 0 6 0 12 0 26 0 49 0 165 0 96 0 249 0 203 0 191 0 229 0 308 0 341 0 372 0 431 0 459 0 373 0 365 0 256 0 130 0 81 
SAlphaB:
0 0 0 0 0 0 0 0 0 0 0 0 0 0 0 0 0 0 0 0 0 0 0 0 0 0 0 0 0 0 0 0 0 0 0 0 0 1 0 2 0 5 0 6 0 12 0 26 0 49 0 165 0 96 0 249 0 203 0 191 0 229 0 308 0 341 0 372 0 431 0 459 0 373 0 365 0 256 0 130 0 81 

SecondWin:
0 0 0 0 0 0 0 0 0 0 0 0 0 0 0 0 0 0 0 0 0 0 0 0 0 0 0 0 0 0 0 0 0 0 0 0 0 0 0 0 1 0 6 0 17 0 7 0 28 0 49 0 66 0 69 0 129 0 181 0 179 0 250 0 398 0 494 0 444 0 455 0 387 0 381 0 260 0 203 0 105 0 
SAlphaB:
0 0 0 0 0 0 0 0 0 0 0 0 0 0 0 0 0 0 0 0 0 0 0 0 0 0 0 0 0 0 0 0 0 0 0 0 0 0 0 0 1 0 6 0 17 0 7 0 28 0 49 0 66 0 69 0 129 0 181 0 179 0 250 0 398 0 494 0 444 0 455 0 387 0 381 0 260 0 203 0 105 0 
