0 54 90 56 -3 9 37 13

0 77 84 51 -13 11 45 17

0 30 61 93 -14 12 31 45

0 57 93 60 -17 19 49 43

0 68 73 0 -17 1 20 13

0 59 69 29 -14 15 16 20

0 68 97 6 -16 7 27 14

0 71 97 28 -9 9 18 3

0 56 80 84 -11 9 41 25

0 62 64 82 -2 16 31 23

0 64 92 47 -2 7 8 5

0 16 76 57 -8 30 38 18

0 82 97 60 -8 3 11 12

0 42 80 95 -11 0 10 21

0 14 59 87 -19 3 10 15

0 35 89 62 -1 19 26 29

0 55 71 44 -10 13 33 46

0 39 84 66 -11 15 18 39

0 53 63 11 -13 16 25 35

0 13 26 32 -14 17 24 12

0 4 59 53 -16 22 39 25

0 28 58 12 -1 0 1 23

0 14 58 98 -4 11 22 15

0 27 28 7 -11 1 3 6

0 51 60 6 -14 12 30 37

0 26 43 25 -15 5 7 28

0 9 82 42 -13 7 22 17

0 55 77 96 -10 0 16 23

0 50 92 15 -16 16 21 11

0 36 74 33 -11 23 33 1

0 14 36 60 -13 1 2 34

0 56 77 98 -11 13 32 45

0 50 85 17 -11 4 41 37

0 0 40 97 -18 13 15 19

0 64 74 84 -10 0 1 33

0 97 99 23 -13 4 5 33

0 27 53 4 -3 0 5 26

0 17 37 89 -8 17 35 25

0 47 61 40 -7 4 15 31

0 29 44 57 -19 9 29 16

0 24 62 73 -19 10 17 17

0 32 70 58 -11 1 29 46

0 8 13 80 -1 23 28 15

0 45 47 21 -13 4 46 14

0 23 89 48 -4 1 2 22

0 43 62 40 -16 14 19 22

0 26 90 14 -12 6 36 39

0 9 74 79 -20 10 16 19

0 4 69 9 -7 1 3 49

0 1 45 57 -10 20 36 16

0 39 76 97 -19 0 14 3

0 5 56 51 -14 10 24 47

0 10 21 50 -13 7 15 19

0 9 42 29 -15 0 24 33

0 15 78 71 -19 9 16 28

0 22 49 95 -7 39 43 34

0 44 45 67 -15 9 48 19

0 49 69 17 -1 22 48 0

0 15 41 17 -15 4 41 34

0 16 55 21 -4 7 35 4

0 40 60 64 -20 21 30 29

0 35 86 67 -6 6 8 36

0 16 33 20 -8 8 19 25

0 23 32 97 -5 23 40 20

0 9 16 81 -20 18 34 30

0 5 74 79 -10 9 39 28

0 11 56 35 -3 22 38 46

0 31 91 80 -3 44 48 37

0 10 16 97 -11 15 27 23

0 2 33 26 -13 20 28 15

0 12 91 70 -17 2 20 37

0 11 48 19 -10 4 6 45

0 67 74 49 -12 26 48 26

0 10 88 83 -10 18 20 39

0 5 31 16 -13 2 3 41

0 4 52 85 -2 6 16 33

0 6 28 19 -13 6 22 28

0 57 94 51 -17 32 34 48

0 0 92 40 -20 1 37 11

0 13 37 65 -10 4 46 46

0 11 12 8 -17 0 42 29

0 35 38 53 -2 28 32 36

0 0 2 61 -14 0 1 2

0 11 36 41 -18 3 43 24

0 41 56 59 -9 1 36 41

0 1 10 47 -18 10 48 22

0 0 9 65 -16 24 34 10

0 0 50 18 -17 17 25 37

0 4 17 56 -15 3 26 39

0 5 13 44 -12 15 24 34

0 4 19 39 -12 9 24 34

0 22 28 96 -14 12 47 23

0 8 12 23 -19 1 25 28

0 7 9 28 -4 0 2 36

0 11 37 53 -15 8 17 48

0 8 18 9 -13 23 36 1

0 3 7 6 -9 8 35 4

0 12 23 28 -12 7 18 41

0 24 32 12 -19 19 26 47

0 13 20 13 -8 16 26 41


SAlphaB: 707.0, std-dev 254.5409501495394

Earliest win: 37
Latest win: 81

WinDepth:
0 0 0 0 0 0 0 0 0 0 0 0 0 0 0 0 0 0 0 0 0 0 0 0 0 0 0 0 0 0 0 0 0 0 0 0 0 7 0 8 0 4 2 7 4 17 15 36 20 51 41 186 64 127 70 182 145 202 116 173 167 248 252 339 366 387 416 426 453 446 465 468 394 393 353 370 263 214 176 114 87 78 
SAlphaB:
0 0 0 0 0 0 0 0 0 0 0 0 0 0 0 0 0 0 0 0 0 0 0 0 0 0 0 0 0 0 0 0 0 0 0 0 0 7 0 8 0 4 2 7 4 17 15 36 20 51 41 186 64 127 70 182 145 202 116 173 167 248 252 339 366 387 416 426 453 446 465 468 394 393 353 370 263 214 176 114 87 78 

LossDepth:
SAlphaB:
0 0 0 0 0 0 0 0 0 0 0 0 0 0 0 0 0 0 0 0 0 0 0 0 0 0 0 0 0 0 0 0 0 0 0 0 0 7 0 8 0 4 2 7 4 17 15 36 20 51 41 186 64 127 70 182 145 202 116 173 167 248 252 339 366 387 416 426 453 446 465 468 394 393 353 370 263 214 176 114 87 78 

FirstWin:
0 0 0 0 0 0 0 0 0 0 0 0 0 0 0 0 0 0 0 0 0 0 0 0 0 0 0 0 0 0 0 0 0 0 0 0 0 7 0 8 0 4 0 7 0 17 0 36 0 51 0 186 0 127 0 182 0 202 0 173 0 248 0 339 0 387 0 426 0 446 0 468 0 393 0 370 0 214 0 114 0 78 
SAlphaB:
0 0 0 0 0 0 0 0 0 0 0 0 0 0 0 0 0 0 0 0 0 0 0 0 0 0 0 0 0 0 0 0 0 0 0 0 0 7 0 8 0 4 0 7 0 17 0 36 0 51 0 186 0 127 0 182 0 202 0 173 0 248 0 339 0 387 0 426 0 446 0 468 0 393 0 370 0 214 0 114 0 78 

SecondWin:
0 0 0 0 0 0 0 0 0 0 0 0 0 0 0 0 0 0 0 0 0 0 0 0 0 0 0 0 0 0 0 0 0 0 0 0 0 0 0 0 0 0 2 0 4 0 15 0 20 0 41 0 64 0 70 0 145 0 116 0 167 0 252 0 366 0 416 0 453 0 465 0 394 0 353 0 263 0 176 0 87 0 
SAlphaB:
0 0 0 0 0 0 0 0 0 0 0 0 0 0 0 0 0 0 0 0 0 0 0 0 0 0 0 0 0 0 0 0 0 0 0 0 0 0 0 0 0 0 2 0 4 0 15 0 20 0 41 0 64 0 70 0 145 0 116 0 167 0 252 0 366 0 416 0 453 0 465 0 394 0 353 0 263 0 176 0 87 0 
