0 19 81 62 -15 2 4 14

0 28 94 52 -9 0 9 8

0 24 56 76 -15 0 4 13

0 45 93 75 -2 0 1 5

0 67 97 48 -13 10 25 24

0 63 99 25 -17 2 13 18

0 45 52 87 -16 3 6 14

0 43 95 41 -14 0 1 28

0 46 59 34 -4 1 8 17

0 32 49 90 -7 0 8 24

0 25 96 32 -5 4 11 21

0 60 90 48 -19 0 4 24

0 61 74 47 -19 2 31 13

0 57 77 99 -18 0 4 8

0 36 55 3 -16 9 15 22

0 45 57 95 -14 8 17 23

0 64 70 26 -7 0 1 37

0 68 93 88 -2 25 47 38

0 19 97 74 -20 4 11 46

0 69 70 57 -5 14 44 40

0 15 21 13 -11 24 28 7

0 27 80 4 -16 14 18 33

0 69 98 75 -10 2 11 47

0 53 82 97 -6 1 39 39

0 42 59 60 -18 1 3 36

0 49 51 71 -15 9 16 27

0 0 70 85 -20 18 23 28

0 28 41 47 -12 0 1 0

0 54 55 0 -17 25 45 33

0 58 61 48 -11 4 5 13

0 79 93 36 -12 23 44 22

0 42 43 68 -17 16 40 44

0 71 91 43 -19 22 39 13

0 39 70 51 -6 0 8 41

0 8 62 51 -2 14 32 10

0 22 85 95 -19 4 14 37

0 37 45 71 -20 14 22 5

0 12 79 67 -4 34 45 45

0 12 24 68 -17 35 39 15

0 61 78 75 -6 0 16 28

0 10 99 80 -4 7 24 47

0 41 63 18 -3 2 24 46

0 41 79 19 -13 2 47 6

0 11 20 41 -11 4 7 36

0 5 57 50 -7 18 25 30

0 14 66 91 -9 20 30 48

0 13 22 95 -17 11 38 44

0 56 89 25 -19 3 44 44

0 35 42 24 -20 24 33 20

0 10 43 73 -8 24 44 12

0 27 34 8 -18 25 26 2

0 79 84 99 -5 27 42 46

0 19 28 39 -8 1 32 0

0 22 35 80 -3 10 20 49

0 15 16 75 -4 5 6 10

0 36 64 94 -1 30 31 8

0 22 51 6 -9 2 3 41

0 44 54 35 -8 40 41 25

0 34 85 98 -6 39 44 6

0 26 53 15 -6 17 27 39

0 3 13 23 -4 15 40 6

0 8 15 53 -8 21 28 37

0 14 47 67 -13 7 34 29

0 46 55 97 -3 33 46 42

0 18 20 80 -15 19 27 30

0 17 47 27 -3 2 3 48

0 38 51 79 -11 17 28 25

0 12 29 8 -12 3 4 45

0 1 53 51 -6 5 7 21

0 50 78 9 -4 31 33 25

0 12 17 6 -11 38 39 40

0 24 50 57 -15 16 26 39

0 6 36 33 -1 13 21 38

0 19 56 22 -3 10 11 46

0 15 77 58 -3 8 33 43

0 32 58 44 -5 25 26 0

0 3 11 76 -9 20 22 38

0 24 35 63 -11 23 34 35

0 0 5 35 -14 35 49 23

0 7 10 62 -14 32 42 45

0 11 14 54 -13 19 27 34

0 14 19 82 -12 23 27 30

0 5 6 47 -1 12 15 17

0 12 34 4 -1 0 3 29

0 1 6 70 -10 7 13 30

0 1 8 56 -19 6 11 9

0 2 11 96 -19 24 47 8

0 10 32 34 -13 29 41 38

0 2 6 34 -9 26 44 19

0 45 76 6 -20 22 25 7

0 1 19 62 -10 6 23 9

0 0 9 62 -12 2 31 33

0 57 68 30 -11 33 37 26

0 8 21 78 -20 14 25 28

0 4 21 66 -17 5 6 41

0 8 15 87 -19 5 27 37

0 9 75 84 -5 3 46 40

0 0 3 95 -1 0 31 38

0 1 3 36 -15 0 25 39

0 2 12 29 -1 29 32 37


SAlphaB: 691.0, std-dev 264.1022599048874

Earliest win: 37
Latest win: 81

WinDepth:
0 0 0 0 0 0 0 0 0 0 0 0 0 0 0 0 0 0 0 0 0 0 0 0 0 0 0 0 0 0 0 0 0 0 0 0 0 5 1 1 14 1 4 18 6 36 12 49 28 75 89 192 78 122 99 167 115 198 150 183 150 215 222 302 274 328 382 383 441 417 460 456 490 375 395 416 274 275 199 131 108 58 
SAlphaB:
0 0 0 0 0 0 0 0 0 0 0 0 0 0 0 0 0 0 0 0 0 0 0 0 0 0 0 0 0 0 0 0 0 0 0 0 0 5 1 1 14 1 4 18 6 36 12 49 28 75 89 192 78 122 99 167 115 198 150 183 150 215 222 302 274 328 382 383 441 417 460 456 490 375 395 416 274 275 199 131 108 58 

LossDepth:
SAlphaB:
0 0 0 0 0 0 0 0 0 0 0 0 0 0 0 0 0 0 0 0 0 0 0 0 0 0 0 0 0 0 0 0 0 0 0 0 0 5 1 1 14 1 4 18 6 36 12 49 28 75 89 192 78 122 99 167 115 198 150 183 150 215 222 302 274 328 382 383 441 417 460 456 490 375 395 416 274 275 199 131 108 58 

FirstWin:
0 0 0 0 0 0 0 0 0 0 0 0 0 0 0 0 0 0 0 0 0 0 0 0 0 0 0 0 0 0 0 0 0 0 0 0 0 5 0 1 0 1 0 18 0 36 0 49 0 75 0 192 0 122 0 167 0 198 0 183 0 215 0 302 0 328 0 383 0 417 0 456 0 375 0 416 0 275 0 131 0 58 
SAlphaB:
0 0 0 0 0 0 0 0 0 0 0 0 0 0 0 0 0 0 0 0 0 0 0 0 0 0 0 0 0 0 0 0 0 0 0 0 0 5 0 1 0 1 0 18 0 36 0 49 0 75 0 192 0 122 0 167 0 198 0 183 0 215 0 302 0 328 0 383 0 417 0 456 0 375 0 416 0 275 0 131 0 58 

SecondWin:
0 0 0 0 0 0 0 0 0 0 0 0 0 0 0 0 0 0 0 0 0 0 0 0 0 0 0 0 0 0 0 0 0 0 0 0 0 0 1 0 14 0 4 0 6 0 12 0 28 0 89 0 78 0 99 0 115 0 150 0 150 0 222 0 274 0 382 0 441 0 460 0 490 0 395 0 274 0 199 0 108 0 
SAlphaB:
0 0 0 0 0 0 0 0 0 0 0 0 0 0 0 0 0 0 0 0 0 0 0 0 0 0 0 0 0 0 0 0 0 0 0 0 0 0 1 0 14 0 4 0 6 0 12 0 28 0 89 0 78 0 99 0 115 0 150 0 150 0 222 0 274 0 382 0 441 0 460 0 490 0 395 0 274 0 199 0 108 0 
