0 35 67 25 -12 0 1 10

0 35 58 10 -2 3 19 9

0 34 41 9 -18 0 1 2

0 39 94 73 -19 0 4 0

0 27 65 72 -15 0 1 16

0 34 85 60 -5 5 13 14

0 65 92 95 -16 9 31 5

0 54 77 19 -2 6 17 7

0 41 75 50 -5 9 22 5

0 42 96 41 -16 3 9 12

0 28 87 38 -16 2 9 6

0 40 95 68 -10 5 19 1

0 43 51 86 -15 5 9 14

0 57 69 25 -18 2 6 24

0 37 99 86 -7 5 17 23

0 23 59 21 -4 0 4 6

0 41 99 15 -7 9 11 8

0 30 98 43 -9 7 21 9

0 34 90 22 -13 6 12 23

0 43 80 86 -16 5 13 32

0 19 95 13 -8 0 4 6

0 74 76 81 -9 1 24 35

0 68 97 40 -4 7 26 30

0 29 46 69 -9 3 11 10

0 41 76 27 -9 0 1 8

0 57 60 46 -18 3 9 33

0 39 91 88 -15 0 14 35

0 63 74 82 -9 1 13 20

0 80 97 39 -6 18 44 12

0 26 87 7 -17 7 24 18

0 58 80 50 -6 3 23 2

0 80 93 58 -3 3 15 9

0 68 76 65 -10 14 46 18

0 42 72 6 -16 1 10 33

0 45 77 47 -13 6 35 7

0 42 59 10 -11 1 13 12

0 25 46 72 -12 2 11 15

0 52 65 91 -20 2 7 28

0 76 84 27 -11 15 32 15

0 53 74 86 -3 3 18 5

0 39 97 64 -9 4 6 1

0 29 50 70 -4 5 9 11

0 34 89 57 -9 2 15 45

0 40 64 19 -13 7 15 4

0 44 64 40 -2 4 5 2

0 50 67 33 -8 2 32 11

0 78 89 33 -18 5 35 44

0 92 99 50 -15 4 44 21

0 5 42 10 -3 2 5 7

0 18 96 33 -16 2 16 12

0 21 86 71 -3 4 15 0

0 72 96 24 -14 22 31 27

0 25 28 30 -2 2 12 1

0 57 81 65 -6 1 36 25

0 81 93 24 -3 4 31 15

0 95 99 66 -2 12 24 31

0 47 83 50 -4 8 17 16

0 55 98 79 -8 10 17 16

0 35 87 78 -12 4 7 2

0 33 58 6 -19 0 13 27

0 59 97 73 -3 1 4 12

0 25 71 73 -2 11 32 32

0 21 95 66 -9 2 4 9

0 19 98 9 -15 6 13 42

0 46 86 59 -12 5 10 26

0 9 82 42 -14 10 37 7

0 36 74 24 -10 0 1 32

0 12 57 80 -3 5 12 23

0 31 89 40 -15 1 32 41

0 66 85 14 -5 16 42 15

0 49 88 43 -13 1 2 18

0 41 87 5 -9 9 26 35

0 19 67 55 -4 5 9 9

0 56 85 62 -10 4 10 42

0 8 31 18 -1 5 17 3

0 16 40 48 -9 2 4 6

0 20 88 72 -10 4 5 35

0 17 84 68 -4 3 9 29

0 8 61 1 -14 17 37 3

0 25 87 99 -7 16 35 24

0 20 50 73 -19 0 2 42

0 39 40 86 -13 26 37 20

0 82 86 81 -17 5 33 22

0 35 40 94 -19 3 9 2

0 34 68 5 -10 4 7 49

0 28 44 48 -7 28 40 19

0 7 90 27 -12 0 15 8

0 59 77 85 -5 6 10 2

0 16 27 78 -2 3 6 0

0 35 87 43 -20 4 7 32

0 39 55 62 -19 19 32 5

0 21 61 68 -20 9 20 11

0 29 82 76 -16 20 32 9

0 25 67 64 -14 32 40 25

0 6 81 36 -2 30 45 4

0 8 64 86 -2 23 44 1

0 30 81 20 -8 5 14 46

0 26 34 82 -15 4 8 1

0 21 35 96 -12 17 26 3

0 11 95 69 -10 0 49 24


SAlphaB: 771.0, std-dev 272.69085921051646

Earliest win: 36
Latest win: 81

WinDepth:
0 0 0 0 0 0 0 0 0 0 0 0 0 0 0 0 0 0 0 0 0 0 0 0 0 0 0 0 0 0 0 0 0 0 0 0 2 11 3 16 1 23 12 34 13 51 54 180 78 177 174 348 135 324 227 442 384 622 380 536 443 688 580 829 772 890 873 1000 1020 947 994 993 868 878 910 724 598 527 392 243 208 156 
SAlphaB:
0 0 0 0 0 0 0 0 0 0 0 0 0 0 0 0 0 0 0 0 0 0 0 0 0 0 0 0 0 0 0 0 0 0 0 0 2 11 3 16 1 23 12 34 13 51 54 180 78 177 174 348 135 324 227 442 384 622 380 536 443 688 580 829 772 890 873 1000 1020 947 994 993 868 878 910 724 598 527 392 243 208 156 

LossDepth:
SAlphaB:
0 0 0 0 0 0 0 0 0 0 0 0 0 0 0 0 0 0 0 0 0 0 0 0 0 0 0 0 0 0 0 0 0 0 0 0 2 5 2 6 0 22 9 25 8 37 39 106 43 117 105 131 86 185 164 228 224 430 232 345 274 441 384 675 507 677 645 728 713 751 727 793 643 730 703 620 486 486 315 225 215 155 

FirstWin:
0 0 0 0 0 0 0 0 0 0 0 0 0 0 0 0 0 0 0 0 0 0 0 0 0 0 0 0 0 0 0 0 0 0 0 0 0 11 0 16 0 23 0 34 0 51 0 180 0 177 0 348 0 324 0 442 0 622 0 536 0 688 0 829 0 890 0 1000 0 947 0 993 0 878 0 724 0 527 0 243 0 156 
SAlphaB:
0 0 0 0 0 0 0 0 0 0 0 0 0 0 0 0 0 0 0 0 0 0 0 0 0 0 0 0 0 0 0 0 0 0 0 0 0 11 0 16 0 23 0 34 0 51 0 180 0 177 0 348 0 324 0 442 0 622 0 536 0 688 0 829 0 890 0 1000 0 947 0 993 0 878 0 724 0 527 0 243 0 156 

SecondWin:
0 0 0 0 0 0 0 0 0 0 0 0 0 0 0 0 0 0 0 0 0 0 0 0 0 0 0 0 0 0 0 0 0 0 0 0 2 0 3 0 1 0 12 0 13 0 54 0 78 0 174 0 135 0 227 0 384 0 380 0 443 0 580 0 772 0 873 0 1020 0 994 0 868 0 910 0 598 0 392 0 208 0 
SAlphaB:
0 0 0 0 0 0 0 0 0 0 0 0 0 0 0 0 0 0 0 0 0 0 0 0 0 0 0 0 0 0 0 0 0 0 0 0 2 0 3 0 1 0 12 0 13 0 54 0 78 0 174 0 135 0 227 0 384 0 380 0 443 0 580 0 772 0 873 0 1020 0 994 0 868 0 910 0 598 0 392 0 208 0 
