0 82 86 81 -17 5 33 22

0 25 28 30 -2 2 12 1

0 39 97 64 -9 4 6 1

0 35 40 94 -19 3 9 2

0 35 87 78 -12 4 7 2

0 53 74 86 -3 3 18 5

0 30 98 43 -9 7 21 9

0 25 71 73 -2 11 32 32

0 59 77 85 -5 6 10 2

0 95 99 66 -2 12 24 31

0 68 93 80 -6 1 24 30

0 41 80 78 -9 2 8 45

0 37 90 86 -20 1 10 32

0 50 72 75 -18 1 9 8

0 78 89 45 -11 16 44 49

0 20 67 78 -8 2 11 37

0 33 64 86 -6 6 18 16

0 36 67 35 -12 11 28 34

0 27 62 21 -17 5 7 26

0 38 65 6 -1 3 7 16

0 20 37 54 -20 17 19 26

0 43 44 79 -17 13 39 21

0 13 16 31 -9 1 2 12

0 95 98 51 -8 16 23 27

0 27 98 31 -13 13 34 39

0 43 49 94 -9 5 11 32

0 24 73 67 -3 14 15 17

0 55 73 62 -6 1 45 32

0 15 58 80 -5 20 24 32

0 67 89 41 -11 18 27 37

0 6 29 27 -7 0 9 29

0 8 67 70 -8 30 42 17

0 25 40 39 -10 1 3 30

0 19 23 52 -4 23 37 24

0 42 48 16 -13 10 43 7

0 34 50 62 -1 0 29 10

0 27 38 82 -2 3 8 27

0 29 52 30 -10 6 8 27

0 74 90 9 -1 4 37 28

0 53 57 63 -8 0 1 25

0 5 51 62 -17 10 35 33

0 55 61 85 -5 37 45 17

0 16 21 2 -8 7 9 26

0 21 55 87 -15 31 34 12

0 0 53 99 -13 9 27 10

0 29 57 85 -7 43 47 2

0 8 34 24 -12 14 28 11

0 24 29 72 -19 14 30 48

0 2 3 54 -13 0 1 8

0 12 59 50 -2 14 19 5

0 3 47 65 -14 2 5 39

0 42 99 5 -11 42 46 43

0 68 71 52 -4 0 2 18

0 37 39 73 -15 29 32 39

0 21 32 42 -2 8 25 11

0 0 39 97 -18 37 41 41

0 28 62 98 -16 4 5 39

0 1 58 75 -14 28 31 12

0 12 22 91 -13 1 4 16

0 24 40 89 -7 20 28 41

0 56 59 35 -3 6 15 48

0 69 76 66 -14 3 13 44

0 16 25 62 -10 0 3 34

0 9 16 72 -17 17 21 16

0 5 68 18 -3 18 29 46

0 12 47 6 -5 12 19 45

0 61 67 54 -13 26 34 39

0 15 30 9 -10 2 3 32

0 43 46 45 -16 1 42 21

0 33 50 69 -18 19 26 33

0 20 35 23 -17 9 12 25

0 17 32 20 -19 26 31 11

0 0 25 71 -5 2 30 1

0 5 14 91 -9 23 40 3

0 19 85 38 -3 45 49 7

0 18 26 48 -5 17 40 38

0 0 12 82 -6 20 42 36

0 3 28 96 -20 38 47 37

0 28 30 84 -15 21 40 23

0 16 17 0 -12 5 8 9

0 1 14 48 -4 9 35 34

0 2 3 48 -15 8 24 45

0 8 44 1 -18 5 32 0

0 18 44 22 -15 10 11 0

0 21 36 85 -15 4 28 28

0 23 38 8 -10 28 39 8

0 3 18 88 -13 2 21 7

0 20 23 31 -18 14 27 31

0 8 9 6 -1 11 17 25

0 0 18 1 -8 37 48 47

0 13 19 18 -5 13 26 37

0 9 10 51 -2 2 48 40

0 0 3 55 -20 23 48 46

0 0 20 56 -1 11 33 11

0 0 3 87 -1 0 7 19

0 2 5 70 -2 10 20 11

0 0 1 8 -5 3 23 30

0 2 8 32 -9 0 28 42

0 0 1 11 -17 18 26 1

0 0 2 25 -8 1 3 32


SAlphaB: 709.0, std-dev 253.18238126263483

Earliest win: 37
Latest win: 81

WinDepth:
0 0 0 0 0 0 0 0 0 0 0 0 0 0 0 0 0 0 0 0 0 0 0 0 0 0 0 0 0 0 0 0 0 0 0 0 0 6 0 3 0 6 1 13 4 10 11 57 39 76 69 138 80 140 72 184 142 202 128 208 133 211 238 295 349 377 412 405 484 419 443 482 418 414 432 389 238 254 175 111 92 78 
SAlphaB:
0 0 0 0 0 0 0 0 0 0 0 0 0 0 0 0 0 0 0 0 0 0 0 0 0 0 0 0 0 0 0 0 0 0 0 0 0 6 0 3 0 6 1 13 4 10 11 57 39 76 69 138 80 140 72 184 142 202 128 208 133 211 238 295 349 377 412 405 484 419 443 482 418 414 432 389 238 254 175 111 92 78 

LossDepth:
SAlphaB:
0 0 0 0 0 0 0 0 0 0 0 0 0 0 0 0 0 0 0 0 0 0 0 0 0 0 0 0 0 0 0 0 0 0 0 0 0 6 0 3 0 6 1 13 4 10 11 57 39 76 69 138 80 140 72 184 142 202 128 208 133 211 238 295 349 377 412 405 484 419 443 482 418 414 432 389 238 254 175 111 92 78 

FirstWin:
0 0 0 0 0 0 0 0 0 0 0 0 0 0 0 0 0 0 0 0 0 0 0 0 0 0 0 0 0 0 0 0 0 0 0 0 0 6 0 3 0 6 0 13 0 10 0 57 0 76 0 138 0 140 0 184 0 202 0 208 0 211 0 295 0 377 0 405 0 419 0 482 0 414 0 389 0 254 0 111 0 78 
SAlphaB:
0 0 0 0 0 0 0 0 0 0 0 0 0 0 0 0 0 0 0 0 0 0 0 0 0 0 0 0 0 0 0 0 0 0 0 0 0 6 0 3 0 6 0 13 0 10 0 57 0 76 0 138 0 140 0 184 0 202 0 208 0 211 0 295 0 377 0 405 0 419 0 482 0 414 0 389 0 254 0 111 0 78 

SecondWin:
0 0 0 0 0 0 0 0 0 0 0 0 0 0 0 0 0 0 0 0 0 0 0 0 0 0 0 0 0 0 0 0 0 0 0 0 0 0 0 0 0 0 1 0 4 0 11 0 39 0 69 0 80 0 72 0 142 0 128 0 133 0 238 0 349 0 412 0 484 0 443 0 418 0 432 0 238 0 175 0 92 0 
SAlphaB:
0 0 0 0 0 0 0 0 0 0 0 0 0 0 0 0 0 0 0 0 0 0 0 0 0 0 0 0 0 0 0 0 0 0 0 0 0 0 0 0 0 0 1 0 4 0 11 0 39 0 69 0 80 0 72 0 142 0 128 0 133 0 238 0 349 0 412 0 484 0 443 0 418 0 432 0 238 0 175 0 92 0 
