0 5 42 10 -3 2 5 7

0 58 80 50 -6 3 23 2

0 37 99 86 -7 5 17 23

0 78 89 33 -18 5 35 44

0 42 96 41 -16 3 9 12

0 68 97 40 -4 7 26 30

0 23 59 21 -4 0 4 6

0 41 87 5 -9 9 26 35

0 25 87 99 -7 16 35 24

0 55 98 79 -8 10 17 16

0 33 44 24 -7 5 6 2

0 6 54 49 -13 4 8 6

0 58 85 56 -16 4 13 35

0 83 89 88 -17 2 20 6

0 39 55 44 -7 6 12 34

0 27 98 57 -16 1 2 20

0 61 82 80 -18 11 49 21

0 65 83 48 -18 0 27 25

0 41 83 30 -6 10 15 11

0 13 60 66 -17 13 21 15

0 73 93 57 -8 3 14 43

0 9 45 68 -8 2 4 7

0 13 59 99 -2 4 6 29

0 59 75 38 -15 12 24 32

0 18 80 44 -14 12 13 38

0 55 86 50 -14 11 46 12

0 25 84 0 -3 5 9 23

0 19 58 81 -2 26 42 25

0 20 94 14 -19 17 36 29

0 48 66 14 -7 1 32 7

0 53 98 79 -9 0 13 40

0 17 93 2 -16 4 5 37

0 37 46 60 -1 13 44 23

0 8 67 42 -18 18 47 46

0 59 65 81 -11 2 8 46

0 69 91 0 -12 5 11 7

0 59 61 26 -18 0 41 15

0 77 86 7 -16 29 42 0

0 52 70 98 -13 16 26 29

0 10 69 46 -20 26 31 40

0 14 50 68 -7 18 47 41

0 7 60 20 -10 16 28 16

0 72 75 19 -11 2 4 47

0 9 29 97 -19 11 23 33

0 3 46 31 -6 0 19 14

0 35 43 74 -5 1 24 18

0 1 53 60 -10 21 45 23

0 8 62 20 -4 6 13 12

0 9 78 93 -20 0 9 46

0 40 55 2 -7 8 37 22

0 3 65 44 -8 3 21 3

0 10 52 96 -10 15 21 20

0 10 38 84 -19 11 18 36

0 19 32 79 -15 2 5 39

0 30 63 22 -13 0 43 47

0 11 62 70 -15 29 49 44

0 23 88 28 -19 18 34 40

0 23 28 38 -7 9 17 19

0 25 28 29 -14 5 34 5

0 2 60 96 -9 29 30 33

0 8 34 70 -8 38 42 16

0 28 35 58 -6 20 38 15

0 26 28 18 -8 0 35 48

0 47 54 29 -2 24 25 41

0 31 85 95 -8 22 26 48

0 12 26 62 -15 14 19 22

0 46 80 27 -16 24 26 27

0 17 33 60 -9 23 43 38

0 2 42 65 -18 29 49 26

0 11 48 56 -20 45 49 46

0 11 49 18 -18 5 23 36

0 25 33 56 -10 7 12 49

0 59 86 15 -19 24 46 22

0 19 72 40 -14 11 49 29

0 7 22 70 -16 17 36 45

0 35 92 37 -11 33 36 12

0 3 8 96 -19 13 27 21

0 6 49 28 -11 13 41 1

0 1 11 19 -11 6 43 14

0 0 13 48 -2 0 3 19

0 5 46 9 -15 2 16 47

0 3 92 96 -1 1 23 39

0 78 86 23 -10 45 48 12

0 18 38 33 -18 5 48 48

0 1 8 53 -11 17 22 27

0 16 27 81 -17 19 23 48

0 19 24 16 -19 9 10 14

0 0 1 15 -9 6 7 5

0 16 18 25 -7 11 45 20

0 6 25 90 -17 34 46 3

0 19 31 8 -5 6 16 49

0 8 30 98 -15 1 2 29

0 20 24 36 -19 35 44 3

0 4 39 18 -8 1 21 49

0 14 18 63 -1 16 19 28

0 10 28 22 -17 33 48 43

0 16 36 10 -15 24 37 45

0 1 3 23 -10 0 1 46

0 0 1 28 -9 31 44 49

0 0 13 79 -6 0 16 48


SAlphaB: 713.0, std-dev 266.3674356177492

Earliest win: 37
Latest win: 81

WinDepth:
0 0 0 0 0 0 0 0 0 0 0 0 0 0 0 0 0 0 0 0 0 0 0 0 0 0 0 0 0 0 0 0 0 0 0 0 0 2 0 5 0 3 2 7 1 21 18 37 28 57 64 223 64 137 86 194 124 230 123 177 147 280 189 353 290 414 399 410 408 434 379 463 394 412 406 381 282 233 162 140 98 72 
SAlphaB:
0 0 0 0 0 0 0 0 0 0 0 0 0 0 0 0 0 0 0 0 0 0 0 0 0 0 0 0 0 0 0 0 0 0 0 0 0 2 0 5 0 3 2 7 1 21 18 37 28 57 64 223 64 137 86 194 124 230 123 177 147 280 189 353 290 414 399 410 408 434 379 463 394 412 406 381 282 233 162 140 98 72 

LossDepth:
SAlphaB:
0 0 0 0 0 0 0 0 0 0 0 0 0 0 0 0 0 0 0 0 0 0 0 0 0 0 0 0 0 0 0 0 0 0 0 0 0 2 0 5 0 3 2 7 1 21 18 37 28 57 64 223 64 137 86 194 124 230 123 177 147 280 189 353 290 414 399 410 408 434 379 463 394 412 406 381 282 233 162 140 98 72 

FirstWin:
0 0 0 0 0 0 0 0 0 0 0 0 0 0 0 0 0 0 0 0 0 0 0 0 0 0 0 0 0 0 0 0 0 0 0 0 0 2 0 5 0 3 0 7 0 21 0 37 0 57 0 223 0 137 0 194 0 230 0 177 0 280 0 353 0 414 0 410 0 434 0 463 0 412 0 381 0 233 0 140 0 72 
SAlphaB:
0 0 0 0 0 0 0 0 0 0 0 0 0 0 0 0 0 0 0 0 0 0 0 0 0 0 0 0 0 0 0 0 0 0 0 0 0 2 0 5 0 3 0 7 0 21 0 37 0 57 0 223 0 137 0 194 0 230 0 177 0 280 0 353 0 414 0 410 0 434 0 463 0 412 0 381 0 233 0 140 0 72 

SecondWin:
0 0 0 0 0 0 0 0 0 0 0 0 0 0 0 0 0 0 0 0 0 0 0 0 0 0 0 0 0 0 0 0 0 0 0 0 0 0 0 0 0 0 2 0 1 0 18 0 28 0 64 0 64 0 86 0 124 0 123 0 147 0 189 0 290 0 399 0 408 0 379 0 394 0 406 0 282 0 162 0 98 0 
SAlphaB:
0 0 0 0 0 0 0 0 0 0 0 0 0 0 0 0 0 0 0 0 0 0 0 0 0 0 0 0 0 0 0 0 0 0 0 0 0 0 0 0 0 0 2 0 1 0 18 0 28 0 64 0 64 0 86 0 124 0 123 0 147 0 189 0 290 0 399 0 408 0 379 0 394 0 406 0 282 0 162 0 98 0 
