0 39 94 73 -19 0 4 0

0 21 86 71 -3 4 15 0

0 34 85 60 -5 5 13 14

0 29 82 76 -16 20 32 9

0 26 87 7 -17 7 24 18

0 42 72 6 -16 1 10 33

0 39 40 86 -13 26 37 20

0 76 84 27 -11 15 32 15

0 6 81 36 -2 30 45 4

0 7 90 27 -12 0 15 8

0 30 67 20 -1 10 43 11

0 28 31 57 -16 11 26 5

0 18 67 66 -20 9 21 20

0 73 78 18 -1 24 47 14

0 45 89 17 -7 40 45 39

0 41 54 57 -12 1 22 26

0 10 37 37 -10 2 21 17

0 44 53 89 -10 8 18 27

0 6 26 60 -12 0 7 8

0 18 50 12 -3 0 4 12

0 43 85 38 -2 3 41 38

0 10 12 59 -11 22 30 12

0 27 69 53 -8 17 21 23

0 41 46 47 -6 4 5 20

0 12 44 69 -4 9 22 17

0 34 74 80 -20 24 45 39

0 8 40 74 -19 1 4 7

0 48 83 89 -19 26 28 25

0 20 26 1 -15 1 3 11

0 38 98 19 -2 29 35 30

0 14 16 30 -19 40 45 45

0 8 81 81 -15 1 31 32

0 39 41 56 -17 5 7 6

0 19 46 48 -20 0 7 45

0 16 55 83 -16 3 10 7

0 75 91 86 -9 0 46 34

0 77 80 89 -1 28 31 9

0 18 98 3 -16 5 12 47

0 15 73 10 -4 29 41 21

0 42 80 39 -16 30 37 21

0 22 41 25 -1 11 19 12

0 14 18 25 -19 8 22 31

0 48 51 69 -6 36 46 5

0 7 37 8 -7 16 20 16

0 0 7 69 -10 3 16 15

0 10 15 92 -9 30 49 16

0 66 80 38 -5 35 42 26

0 19 27 21 -7 6 20 37

0 24 25 88 -13 11 16 0

0 36 40 55 -8 15 23 34

0 19 26 75 -5 35 40 24

0 22 67 17 -15 10 31 35

0 22 34 5 -15 21 36 29

0 13 22 96 -2 0 8 21

0 13 38 28 -4 3 7 48

0 17 86 77 -19 1 47 2

0 12 33 62 -9 9 13 22

0 10 21 42 -14 1 5 21

0 51 80 8 -1 30 43 27

0 52 56 14 -7 0 38 5

0 60 81 51 -12 0 1 41

0 48 64 74 -17 3 48 14

0 11 28 44 -18 10 43 45

0 19 45 79 -7 30 42 43

0 10 29 80 -17 16 30 3

0 4 82 19 -19 14 18 15

0 3 4 52 -13 19 26 35

0 1 16 31 -18 20 42 22

0 6 35 48 -13 36 48 32

0 4 27 45 -15 19 38 0

0 5 41 38 -4 13 26 38

0 23 64 27 -3 31 40 44

0 8 59 35 -19 2 12 46

0 76 77 24 -20 28 49 38

0 31 38 26 -16 9 37 7

0 15 33 33 -4 20 38 44

0 11 79 63 -5 30 34 2

0 4 8 27 -19 25 41 15

0 22 55 17 -20 6 42 4

0 0 10 65 -3 37 42 35

0 8 38 84 -1 6 9 37

0 23 52 27 -2 16 33 37

0 2 3 32 -10 4 34 42

0 17 26 7 -18 16 35 34

0 10 12 22 -4 15 35 33

0 4 5 72 -4 0 4 43

0 1 18 33 -19 0 23 1

0 5 11 75 -14 5 6 28

0 2 44 94 -2 3 48 23

0 4 33 51 -8 15 18 37

0 2 13 27 -6 4 44 45

0 1 17 81 -20 30 36 17

0 3 14 3 -16 41 42 25

0 0 21 39 -2 4 41 32

0 3 11 39 -12 11 34 34

0 6 18 57 -12 10 13 46

0 0 7 52 -19 15 41 22

0 0 6 31 -3 28 39 10

0 8 17 73 -11 26 39 6

0 1 7 20 -8 1 29 22


SAlphaB: 712.0, std-dev 261.88578501694093

Earliest win: 36
Latest win: 81

WinDepth:
0 0 0 0 0 0 0 0 0 0 0 0 0 0 0 0 0 0 0 0 0 0 0 0 0 0 0 0 0 0 0 0 0 0 0 0 1 6 0 0 2 1 2 6 18 12 23 46 43 96 106 194 65 126 89 185 111 169 92 183 163 247 239 345 336 341 389 422 492 410 482 481 442 375 406 352 258 232 159 145 111 78 
SAlphaB:
0 0 0 0 0 0 0 0 0 0 0 0 0 0 0 0 0 0 0 0 0 0 0 0 0 0 0 0 0 0 0 0 0 0 0 0 1 6 0 0 2 1 2 6 18 12 23 46 43 96 106 194 65 126 89 185 111 169 92 183 163 247 239 345 336 341 389 422 492 410 482 481 442 375 406 352 258 232 159 145 111 78 

LossDepth:
SAlphaB:
0 0 0 0 0 0 0 0 0 0 0 0 0 0 0 0 0 0 0 0 0 0 0 0 0 0 0 0 0 0 0 0 0 0 0 0 1 6 0 0 2 1 2 6 18 12 23 46 43 96 106 194 65 126 89 185 111 169 92 183 163 247 239 345 336 341 389 422 492 410 482 481 442 375 406 352 258 232 159 145 111 78 

FirstWin:
0 0 0 0 0 0 0 0 0 0 0 0 0 0 0 0 0 0 0 0 0 0 0 0 0 0 0 0 0 0 0 0 0 0 0 0 0 6 0 0 0 1 0 6 0 12 0 46 0 96 0 194 0 126 0 185 0 169 0 183 0 247 0 345 0 341 0 422 0 410 0 481 0 375 0 352 0 232 0 145 0 78 
SAlphaB:
0 0 0 0 0 0 0 0 0 0 0 0 0 0 0 0 0 0 0 0 0 0 0 0 0 0 0 0 0 0 0 0 0 0 0 0 0 6 0 0 0 1 0 6 0 12 0 46 0 96 0 194 0 126 0 185 0 169 0 183 0 247 0 345 0 341 0 422 0 410 0 481 0 375 0 352 0 232 0 145 0 78 

SecondWin:
0 0 0 0 0 0 0 0 0 0 0 0 0 0 0 0 0 0 0 0 0 0 0 0 0 0 0 0 0 0 0 0 0 0 0 0 1 0 0 0 2 0 2 0 18 0 23 0 43 0 106 0 65 0 89 0 111 0 92 0 163 0 239 0 336 0 389 0 492 0 482 0 442 0 406 0 258 0 159 0 111 0 
SAlphaB:
0 0 0 0 0 0 0 0 0 0 0 0 0 0 0 0 0 0 0 0 0 0 0 0 0 0 0 0 0 0 0 0 0 0 0 0 1 0 0 0 2 0 2 0 18 0 23 0 43 0 106 0 65 0 89 0 111 0 92 0 163 0 239 0 336 0 389 0 492 0 482 0 442 0 406 0 258 0 159 0 111 0 
