0 18 96 33 -16 2 16 12

0 41 76 27 -9 0 1 8

0 21 61 68 -20 9 20 11

0 9 82 42 -14 10 37 7

0 31 89 40 -15 1 32 41

0 35 87 43 -20 4 7 32

0 57 60 46 -18 3 9 33

0 54 77 19 -2 6 17 7

0 36 74 24 -10 0 1 32

0 66 85 14 -5 16 42 15

0 4 13 62 -8 3 4 8

0 21 25 14 -6 1 2 14

0 63 98 13 -14 11 15 30

0 7 69 91 -6 8 25 32

0 33 77 72 -19 6 30 28

0 16 91 69 -20 0 6 29

0 16 76 61 -11 10 12 25

0 61 64 56 -8 17 25 21

0 25 36 82 -1 27 28 14

0 84 87 79 -12 8 14 42

0 51 87 44 -15 11 35 20

0 62 76 23 -12 3 9 43

0 10 66 99 -2 13 37 8

0 85 91 13 -3 7 19 17

0 49 72 19 -4 17 19 15

0 11 16 30 -12 10 16 8

0 41 51 46 -4 6 38 28

0 30 65 51 -9 18 32 23

0 23 58 37 -7 3 29 21

0 81 83 67 -5 1 10 12

0 3 35 12 -16 9 21 0

0 24 88 30 -8 5 48 0

0 10 29 2 -10 0 11 1

0 27 67 43 -18 25 34 9

0 26 30 27 -9 9 47 7

0 15 89 65 -19 7 14 16

0 40 45 16 -1 35 43 11

0 44 66 19 -19 6 40 2

0 70 71 0 -10 15 16 46

0 10 96 33 -17 6 22 35

0 9 67 96 -5 12 17 25

0 61 67 27 -8 8 11 37

0 21 83 91 -2 36 38 11

0 37 49 72 -10 22 30 9

0 76 80 83 -6 6 8 30

0 29 46 54 -4 9 11 20

0 56 61 61 -15 20 36 49

0 39 65 61 -12 8 9 25

0 3 99 54 -15 5 27 35

0 31 33 99 -10 19 36 30

0 17 21 15 -20 5 10 10

0 3 73 78 -13 1 3 7

0 11 46 63 -10 5 9 38

0 17 35 63 -3 0 1 17

0 7 15 85 -3 0 1 38

0 7 42 70 -12 13 44 44

0 40 62 2 -16 15 29 40

0 45 60 62 -8 36 42 18

0 11 30 74 -5 2 6 39

0 3 42 40 -4 27 34 34

0 29 42 35 -4 12 45 43

0 6 7 50 -14 24 29 18

0 7 37 75 -18 27 28 25

0 0 21 75 -18 8 47 32

0 6 37 29 -3 16 20 30

0 2 61 28 -6 3 9 39

0 1 16 31 -9 2 9 1

0 14 24 34 -7 8 20 44

0 32 37 1 -19 5 7 48

0 19 41 85 -18 4 30 37

0 28 39 20 -9 8 33 33

0 65 73 14 -20 32 46 25

0 31 66 21 -8 21 30 3

0 7 22 48 -12 6 34 3

0 66 81 62 -1 0 1 33

0 4 25 47 -15 20 32 45

0 15 28 96 -7 18 41 13

0 8 38 11 -11 1 31 34

0 57 66 55 -2 35 42 7

0 0 25 14 -8 16 36 8

0 8 11 27 -16 34 39 29

0 60 68 7 -4 45 49 9

0 13 20 61 -1 15 17 33

0 2 9 69 -17 4 14 48

0 5 23 30 -13 2 3 37

0 4 12 86 -12 20 27 15

0 2 4 29 -6 5 8 24

0 3 19 77 -16 6 31 45

0 7 21 78 -5 21 45 16

0 5 21 13 -12 22 35 46

0 0 4 65 -5 8 22 14

0 6 20 61 -6 1 27 32

0 6 11 65 -19 6 7 38

0 1 12 56 -9 7 9 41

0 7 13 76 -5 41 47 32

0 6 12 40 -18 8 30 47

0 13 18 14 -12 44 45 32

0 10 17 85 -4 2 39 24

0 0 2 20 -5 21 28 3

0 3 11 7 -8 0 2 44


SAlphaB: 714.0, std-dev 264.99438520828926

Earliest win: 37
Latest win: 81

WinDepth:
0 0 0 0 0 0 0 0 0 0 0 0 0 0 0 0 0 0 0 0 0 0 0 0 0 0 0 0 0 0 0 0 0 0 0 0 0 3 0 3 22 4 0 14 11 24 13 32 31 46 77 212 82 111 91 125 123 232 155 134 185 218 245 311 293 358 410 358 447 389 513 451 407 411 423 336 269 236 169 134 89 61 
SAlphaB:
0 0 0 0 0 0 0 0 0 0 0 0 0 0 0 0 0 0 0 0 0 0 0 0 0 0 0 0 0 0 0 0 0 0 0 0 0 3 0 3 22 4 0 14 11 24 13 32 31 46 77 212 82 111 91 125 123 232 155 134 185 218 245 311 293 358 410 358 447 389 513 451 407 411 423 336 269 236 169 134 89 61 

LossDepth:
SAlphaB:
0 0 0 0 0 0 0 0 0 0 0 0 0 0 0 0 0 0 0 0 0 0 0 0 0 0 0 0 0 0 0 0 0 0 0 0 0 3 0 3 22 4 0 14 11 24 13 32 31 46 77 212 82 111 91 125 123 232 155 134 185 218 245 311 293 358 410 358 447 389 513 451 407 411 423 336 269 236 169 134 89 61 

FirstWin:
0 0 0 0 0 0 0 0 0 0 0 0 0 0 0 0 0 0 0 0 0 0 0 0 0 0 0 0 0 0 0 0 0 0 0 0 0 3 0 3 0 4 0 14 0 24 0 32 0 46 0 212 0 111 0 125 0 232 0 134 0 218 0 311 0 358 0 358 0 389 0 451 0 411 0 336 0 236 0 134 0 61 
SAlphaB:
0 0 0 0 0 0 0 0 0 0 0 0 0 0 0 0 0 0 0 0 0 0 0 0 0 0 0 0 0 0 0 0 0 0 0 0 0 3 0 3 0 4 0 14 0 24 0 32 0 46 0 212 0 111 0 125 0 232 0 134 0 218 0 311 0 358 0 358 0 389 0 451 0 411 0 336 0 236 0 134 0 61 

SecondWin:
0 0 0 0 0 0 0 0 0 0 0 0 0 0 0 0 0 0 0 0 0 0 0 0 0 0 0 0 0 0 0 0 0 0 0 0 0 0 0 0 22 0 0 0 11 0 13 0 31 0 77 0 82 0 91 0 123 0 155 0 185 0 245 0 293 0 410 0 447 0 513 0 407 0 423 0 269 0 169 0 89 0 
SAlphaB:
0 0 0 0 0 0 0 0 0 0 0 0 0 0 0 0 0 0 0 0 0 0 0 0 0 0 0 0 0 0 0 0 0 0 0 0 0 0 0 0 22 0 0 0 11 0 13 0 31 0 77 0 82 0 91 0 123 0 155 0 185 0 245 0 293 0 410 0 447 0 513 0 407 0 423 0 269 0 169 0 89 0 
