0 29 46 69 -9 3 11 10

0 28 87 38 -16 2 9 6

0 39 91 88 -15 0 14 35

0 21 95 66 -9 2 4 9

0 43 51 86 -15 5 9 14

0 8 31 18 -1 5 17 3

0 34 41 9 -18 0 1 2

0 19 95 13 -8 0 4 6

0 80 93 58 -3 3 15 9

0 92 99 50 -15 4 44 21

0 3 51 69 -3 0 1 5

0 25 82 3 -2 12 30 37

0 2 37 78 -6 6 13 26

0 36 81 65 -2 12 14 20

0 18 58 37 -6 25 49 26

0 22 33 30 -3 18 24 16

0 14 32 92 -17 0 5 28

0 79 96 24 -7 1 14 11

0 66 84 79 -10 18 22 26

0 19 88 85 -18 21 41 2

0 71 92 55 -2 33 37 3

0 16 45 4 -9 0 5 37

0 53 60 11 -1 9 31 43

0 11 65 94 -10 26 34 34

0 51 61 90 -15 2 8 9

0 12 51 65 -20 2 7 1

0 43 49 8 -10 16 25 18

0 55 96 52 -17 2 4 0

0 12 14 12 -2 11 16 8

0 6 20 53 -3 2 4 5

0 70 75 49 -16 33 38 48

0 30 33 53 -18 7 18 19

0 8 76 92 -3 3 5 16

0 25 60 48 -12 31 46 19

0 24 59 20 -3 5 32 22

0 0 87 76 -11 10 30 35

0 53 54 68 -6 4 7 30

0 58 63 88 -14 20 24 7

0 22 42 41 -18 11 25 15

0 45 49 8 -4 17 28 28

0 31 46 73 -7 14 30 45

0 37 53 5 -10 25 27 8

0 13 20 28 -11 3 21 11

0 33 46 1 -4 3 37 9

0 8 45 22 -16 13 39 25

0 1 23 66 -6 4 7 5

0 44 50 59 -9 18 45 43

0 28 40 15 -10 3 37 6

0 26 28 81 -7 4 19 42

0 35 49 89 -3 10 48 7

0 26 27 5 -7 17 21 15

0 16 41 72 -2 14 37 37

0 28 62 8 -13 18 24 48

0 20 92 90 -12 6 47 7

0 5 62 0 -18 6 27 16

0 1 97 35 -10 31 43 5

0 21 56 42 -19 1 37 38

0 24 31 16 -18 2 32 4

0 0 89 43 -2 27 34 1

0 20 35 91 -6 1 6 48

0 14 16 62 -2 30 35 31

0 7 28 3 -3 1 25 16

0 30 37 79 -20 16 44 38

0 8 91 66 -4 9 46 43

0 22 45 2 -19 22 24 13

0 2 28 75 -9 25 37 13

0 4 11 35 -12 0 4 34

0 15 19 42 -12 5 14 4

0 4 9 26 -4 18 45 2

0 7 33 46 -10 1 14 36

0 56 94 13 -7 37 40 6

0 10 14 62 -19 9 16 11

0 0 1 80 -14 14 27 20

0 8 86 30 -9 5 9 36

0 19 23 72 -10 9 31 1

0 8 99 30 -10 29 39 0

0 6 12 58 -15 9 20 41

0 6 38 37 -9 32 44 43

0 5 6 84 -13 3 48 42

0 9 33 87 -14 7 36 48

0 11 26 27 -18 3 38 47

0 4 6 23 -14 7 33 31

0 1 34 17 -16 37 41 25

0 11 14 5 -10 0 1 44

0 1 2 75 -15 8 26 15

0 1 3 69 -11 2 3 3

0 8 34 44 -6 8 21 44

0 4 32 40 -20 1 5 33

0 1 27 27 -9 9 47 47

0 1 5 25 -3 1 5 30

0 7 13 98 -14 1 4 47

0 10 11 50 -11 17 34 49

0 0 2 21 -13 35 48 45

0 6 10 61 -14 0 40 49

0 0 7 69 -18 18 34 40

0 0 5 80 -8 5 27 45

0 10 13 17 -17 29 40 2

0 8 24 43 -1 4 30 47

0 0 2 5 -4 18 26 26

0 4 9 84 -3 26 36 2


SAlphaB: 706.0, std-dev 262.61621477476643

Earliest win: 39
Latest win: 81

WinDepth:
0 0 0 0 0 0 0 0 0 0 0 0 0 0 0 0 0 0 0 0 0 0 0 0 0 0 0 0 0 0 0 0 0 0 0 0 0 0 0 6 3 4 6 6 10 13 23 52 60 66 101 219 86 121 88 173 158 165 170 195 152 226 236 363 292 331 385 381 413 404 422 455 434 370 403 362 254 254 191 136 84 86 
SAlphaB:
0 0 0 0 0 0 0 0 0 0 0 0 0 0 0 0 0 0 0 0 0 0 0 0 0 0 0 0 0 0 0 0 0 0 0 0 0 0 0 6 3 4 6 6 10 13 23 52 60 66 101 219 86 121 88 173 158 165 170 195 152 226 236 363 292 331 385 381 413 404 422 455 434 370 403 362 254 254 191 136 84 86 

LossDepth:
SAlphaB:
0 0 0 0 0 0 0 0 0 0 0 0 0 0 0 0 0 0 0 0 0 0 0 0 0 0 0 0 0 0 0 0 0 0 0 0 0 0 0 6 3 4 6 6 10 13 23 52 60 66 101 219 86 121 88 173 158 165 170 195 152 226 236 363 292 331 385 381 413 404 422 455 434 370 403 362 254 254 191 136 84 86 

FirstWin:
0 0 0 0 0 0 0 0 0 0 0 0 0 0 0 0 0 0 0 0 0 0 0 0 0 0 0 0 0 0 0 0 0 0 0 0 0 0 0 6 0 4 0 6 0 13 0 52 0 66 0 219 0 121 0 173 0 165 0 195 0 226 0 363 0 331 0 381 0 404 0 455 0 370 0 362 0 254 0 136 0 86 
SAlphaB:
0 0 0 0 0 0 0 0 0 0 0 0 0 0 0 0 0 0 0 0 0 0 0 0 0 0 0 0 0 0 0 0 0 0 0 0 0 0 0 6 0 4 0 6 0 13 0 52 0 66 0 219 0 121 0 173 0 165 0 195 0 226 0 363 0 331 0 381 0 404 0 455 0 370 0 362 0 254 0 136 0 86 

SecondWin:
0 0 0 0 0 0 0 0 0 0 0 0 0 0 0 0 0 0 0 0 0 0 0 0 0 0 0 0 0 0 0 0 0 0 0 0 0 0 0 0 3 0 6 0 10 0 23 0 60 0 101 0 86 0 88 0 158 0 170 0 152 0 236 0 292 0 385 0 413 0 422 0 434 0 403 0 254 0 191 0 84 0 
SAlphaB:
0 0 0 0 0 0 0 0 0 0 0 0 0 0 0 0 0 0 0 0 0 0 0 0 0 0 0 0 0 0 0 0 0 0 0 0 0 0 0 0 3 0 6 0 10 0 23 0 60 0 101 0 86 0 88 0 158 0 170 0 152 0 236 0 292 0 385 0 413 0 422 0 434 0 403 0 254 0 191 0 84 0 
