0 20 88 72 -10 4 5 35

0 41 99 15 -7 9 11 8

0 63 74 82 -9 1 13 20

0 68 76 65 -10 14 46 18

0 57 81 65 -6 1 36 25

0 19 67 55 -4 5 9 9

0 81 93 24 -3 4 31 15

0 39 55 62 -19 19 32 5

0 72 96 24 -14 22 31 27

0 25 46 72 -12 2 11 15

0 38 52 51 -1 4 18 7

0 50 67 95 -2 3 5 11

0 27 64 63 -9 4 21 9

0 1 94 19 -1 0 1 0

0 45 92 63 -6 7 8 32

0 66 78 64 -18 17 24 31

0 55 59 29 -9 6 32 24

0 68 99 75 -1 2 7 48

0 29 73 22 -6 13 27 34

0 22 70 19 -17 20 40 23

0 81 92 93 -10 1 8 37

0 30 50 9 -7 0 2 28

0 16 57 74 -1 4 11 24

0 38 71 81 -17 1 13 43

0 50 90 74 -3 6 12 1

0 17 72 45 -16 17 20 35

0 34 88 82 -5 11 15 48

0 60 99 56 -10 0 15 9

0 48 52 74 -4 6 18 32

0 14 42 87 -1 19 35 26

0 3 95 92 -18 7 12 38

0 57 64 27 -19 4 23 2

0 7 27 95 -14 22 32 20

0 70 79 45 -1 11 16 28

0 3 79 59 -4 12 20 4

0 45 64 60 -8 0 2 45

0 19 61 46 -8 17 29 0

0 4 92 94 -12 0 1 47

0 8 71 0 -16 25 48 21

0 23 28 4 -13 3 9 28

0 36 40 53 -10 8 32 5

0 38 76 86 -8 38 42 16

0 10 37 48 -3 31 38 8

0 97 98 64 -4 9 12 32

0 14 82 49 -6 4 20 23

0 9 90 24 -9 7 28 23

0 17 86 68 -4 31 34 36

0 27 39 88 -3 7 41 0

0 7 14 78 -3 29 38 24

0 47 57 45 -10 10 20 40

0 34 57 86 -12 39 48 48

0 12 88 73 -14 28 45 46

0 35 74 86 -20 23 25 48

0 41 47 95 -11 1 6 38

0 26 48 33 -16 27 47 36

0 14 86 41 -12 12 14 9

0 2 46 46 -9 14 27 41

0 3 22 54 -16 7 17 34

0 18 20 23 -11 28 32 24

0 56 82 56 -20 34 49 38

0 18 46 22 -1 3 6 44

0 21 34 40 -19 4 11 46

0 1 25 29 -20 31 37 17

0 32 47 0 -13 2 47 27

0 1 38 6 -1 13 22 15

0 30 83 28 -12 20 31 45

0 20 59 50 -8 0 42 40

0 17 53 36 -7 27 31 31

0 4 13 62 -9 12 17 36

0 12 32 86 -20 7 33 29

0 13 30 90 -18 5 22 32

0 14 42 52 -5 22 26 46

0 23 79 90 -5 20 28 2

0 9 21 35 -2 9 28 20

0 2 6 60 -20 21 46 48

0 13 19 56 -7 0 1 40

0 0 12 69 -7 0 1 39

0 0 25 59 -20 0 6 38

0 15 24 79 -11 2 25 17

0 36 38 16 -7 42 47 47

0 9 34 90 -7 10 37 18

0 1 35 88 -13 13 44 21

0 3 25 81 -16 16 30 3

0 1 8 20 -5 14 43 12

0 0 29 42 -5 27 46 34

0 11 12 1 -8 19 25 36

0 3 6 36 -9 8 17 31

0 6 9 24 -5 12 41 38

0 6 9 52 -6 8 10 40

0 8 11 75 -15 15 18 24

0 1 2 82 -3 8 25 13

0 2 6 60 -6 25 29 39

0 4 7 5 -3 31 32 18

0 0 1 85 -14 21 48 17

0 18 20 92 -2 0 34 21

0 6 11 29 -20 3 20 42

0 12 39 50 -7 14 47 2

0 1 5 51 -7 1 24 17

0 17 27 22 -4 8 35 42

0 6 19 87 -16 7 24 29


SAlphaB: 713.0, std-dev 256.0966389565636

Earliest win: 37
Latest win: 81

WinDepth:
0 0 0 0 0 0 0 0 0 0 0 0 0 0 0 0 0 0 0 0 0 0 0 0 0 0 0 0 0 0 0 0 0 0 0 0 0 4 0 5 0 3 3 6 18 12 11 29 25 56 82 158 65 111 88 172 95 178 121 158 174 247 210 325 296 385 411 411 447 432 472 490 443 423 398 346 275 255 194 134 91 76 
SAlphaB:
0 0 0 0 0 0 0 0 0 0 0 0 0 0 0 0 0 0 0 0 0 0 0 0 0 0 0 0 0 0 0 0 0 0 0 0 0 4 0 5 0 3 3 6 18 12 11 29 25 56 82 158 65 111 88 172 95 178 121 158 174 247 210 325 296 385 411 411 447 432 472 490 443 423 398 346 275 255 194 134 91 76 

LossDepth:
SAlphaB:
0 0 0 0 0 0 0 0 0 0 0 0 0 0 0 0 0 0 0 0 0 0 0 0 0 0 0 0 0 0 0 0 0 0 0 0 0 4 0 5 0 3 3 6 18 12 11 29 25 56 82 158 65 111 88 172 95 178 121 158 174 247 210 325 296 385 411 411 447 432 472 490 443 423 398 346 275 255 194 134 91 76 

FirstWin:
0 0 0 0 0 0 0 0 0 0 0 0 0 0 0 0 0 0 0 0 0 0 0 0 0 0 0 0 0 0 0 0 0 0 0 0 0 4 0 5 0 3 0 6 0 12 0 29 0 56 0 158 0 111 0 172 0 178 0 158 0 247 0 325 0 385 0 411 0 432 0 490 0 423 0 346 0 255 0 134 0 76 
SAlphaB:
0 0 0 0 0 0 0 0 0 0 0 0 0 0 0 0 0 0 0 0 0 0 0 0 0 0 0 0 0 0 0 0 0 0 0 0 0 4 0 5 0 3 0 6 0 12 0 29 0 56 0 158 0 111 0 172 0 178 0 158 0 247 0 325 0 385 0 411 0 432 0 490 0 423 0 346 0 255 0 134 0 76 

SecondWin:
0 0 0 0 0 0 0 0 0 0 0 0 0 0 0 0 0 0 0 0 0 0 0 0 0 0 0 0 0 0 0 0 0 0 0 0 0 0 0 0 0 0 3 0 18 0 11 0 25 0 82 0 65 0 88 0 95 0 121 0 174 0 210 0 296 0 411 0 447 0 472 0 443 0 398 0 275 0 194 0 91 0 
SAlphaB:
0 0 0 0 0 0 0 0 0 0 0 0 0 0 0 0 0 0 0 0 0 0 0 0 0 0 0 0 0 0 0 0 0 0 0 0 0 0 0 0 0 0 3 0 18 0 11 0 25 0 82 0 65 0 88 0 95 0 121 0 174 0 210 0 296 0 411 0 447 0 472 0 443 0 398 0 275 0 194 0 91 0 
