0 33 58 6 -19 0 13 27

0 40 64 19 -13 7 15 4

0 34 90 22 -13 6 12 23

0 16 40 48 -9 2 4 6

0 20 50 73 -19 0 2 42

0 27 65 72 -15 0 1 16

0 16 27 78 -2 3 6 0

0 74 76 81 -9 1 24 35

0 50 67 33 -8 2 32 11

0 30 81 20 -8 5 14 46

0 2 72 87 -18 25 36 23

0 27 87 25 -14 7 15 17

0 39 95 62 -6 14 34 27

0 44 62 11 -13 0 11 15

0 42 62 78 -13 0 14 36

0 59 83 56 -12 0 3 17

0 31 68 14 -8 2 10 21

0 56 71 96 -20 6 8 5

0 6 70 99 -6 20 24 27

0 51 93 41 -5 23 44 44

0 75 99 90 -5 3 4 31

0 15 80 77 -14 2 8 36

0 35 95 72 -18 40 49 35

0 23 64 5 -15 2 5 36

0 70 71 35 -2 1 6 27

0 6 82 55 -20 2 20 30

0 37 89 72 -18 6 41 19

0 25 56 63 -15 35 38 10

0 9 73 70 -15 33 45 5

0 34 86 71 -12 23 44 1

0 51 65 86 -13 13 15 25

0 74 76 96 -18 12 23 2

0 30 44 12 -13 0 5 30

0 13 73 35 -9 0 1 40

0 34 40 77 -3 9 22 13

0 80 98 74 -16 20 36 49

0 43 67 78 -8 7 22 42

0 30 53 29 -7 0 15 40

0 82 84 13 -10 2 17 48

0 21 57 10 -16 4 8 11

0 34 52 44 -15 37 48 29

0 74 88 35 -6 1 2 15

0 38 64 51 -10 17 29 28

0 13 65 78 -9 20 31 45

0 30 36 36 -8 0 31 16

0 29 44 17 -1 10 24 21

0 37 78 40 -11 0 1 49

0 26 84 55 -16 12 27 27

0 22 28 15 -20 35 36 10

0 38 51 38 -8 22 41 43

0 44 77 17 -11 1 45 0

0 18 95 46 -18 2 12 49

0 18 30 46 -15 1 3 47

0 5 37 52 -15 13 14 11

0 27 28 33 -2 10 16 13

0 9 37 33 -11 6 43 28

0 27 32 33 -2 17 24 35

0 8 12 93 -14 6 7 25

0 24 94 81 -16 8 35 48

0 19 22 54 -13 4 6 42

0 25 86 17 -9 16 48 39

0 0 44 37 -9 0 1 21

0 11 22 83 -8 3 30 34

0 13 18 26 -6 9 26 31

0 11 54 27 -8 14 41 43

0 6 49 16 -16 1 5 48

0 16 32 59 -6 4 31 6

0 5 10 55 -1 3 38 39

0 6 10 39 -17 3 41 11

0 31 82 54 -2 30 39 12

0 12 49 49 -17 0 27 24

0 0 1 85 -11 13 33 39

0 1 2 73 -15 11 31 3

0 0 50 14 -6 2 22 0

0 20 32 41 -16 34 46 16

0 0 28 13 -14 6 11 47

0 12 15 90 -12 0 24 13

0 17 65 23 -13 7 19 40

0 17 22 34 -12 3 22 41

0 3 7 11 -16 10 48 34

0 0 3 53 -5 17 34 45

0 0 17 26 -20 8 33 12

0 3 8 52 -19 12 13 2

0 19 35 4 -7 2 31 42

0 25 42 17 -3 7 34 25

0 10 17 84 -7 7 24 5

0 8 38 21 -17 3 27 46

0 27 34 36 -14 8 39 23

0 2 3 14 -8 11 28 6

0 14 43 98 -2 30 42 47

0 5 20 89 -1 22 24 35

0 0 1 98 -9 9 30 13

0 8 11 49 -16 40 45 31

0 9 11 35 -11 24 26 35

0 1 4 7 -17 3 26 44

0 3 4 16 -5 1 34 38

0 6 24 84 -8 3 15 43

0 8 10 39 -6 9 10 43

0 2 9 48 -7 34 38 3

0 0 11 64 -20 38 47 7


SAlphaB: 717.0, std-dev 257.0779998955629

Earliest win: 35
Latest win: 81

WinDepth:
0 0 0 0 0 0 0 0 0 0 0 0 0 0 0 0 0 0 0 0 0 0 0 0 0 0 0 0 0 0 0 0 0 0 0 2 0 6 3 8 2 15 2 32 7 18 20 31 71 72 75 135 104 146 132 190 145 212 122 175 181 245 242 352 336 370 389 365 420 394 429 447 374 366 396 369 291 242 171 145 101 68 
SAlphaB:
0 0 0 0 0 0 0 0 0 0 0 0 0 0 0 0 0 0 0 0 0 0 0 0 0 0 0 0 0 0 0 0 0 0 0 2 0 6 3 8 2 15 2 32 7 18 20 31 71 72 75 135 104 146 132 190 145 212 122 175 181 245 242 352 336 370 389 365 420 394 429 447 374 366 396 369 291 242 171 145 101 68 

LossDepth:
SAlphaB:
0 0 0 0 0 0 0 0 0 0 0 0 0 0 0 0 0 0 0 0 0 0 0 0 0 0 0 0 0 0 0 0 0 0 0 2 0 6 3 8 2 15 2 32 7 18 20 31 71 72 75 135 104 146 132 190 145 212 122 175 181 245 242 352 336 370 389 365 420 394 429 447 374 366 396 369 291 242 171 145 101 68 

FirstWin:
0 0 0 0 0 0 0 0 0 0 0 0 0 0 0 0 0 0 0 0 0 0 0 0 0 0 0 0 0 0 0 0 0 0 0 2 0 6 0 8 0 15 0 32 0 18 0 31 0 72 0 135 0 146 0 190 0 212 0 175 0 245 0 352 0 370 0 365 0 394 0 447 0 366 0 369 0 242 0 145 0 68 
SAlphaB:
0 0 0 0 0 0 0 0 0 0 0 0 0 0 0 0 0 0 0 0 0 0 0 0 0 0 0 0 0 0 0 0 0 0 0 2 0 6 0 8 0 15 0 32 0 18 0 31 0 72 0 135 0 146 0 190 0 212 0 175 0 245 0 352 0 370 0 365 0 394 0 447 0 366 0 369 0 242 0 145 0 68 

SecondWin:
0 0 0 0 0 0 0 0 0 0 0 0 0 0 0 0 0 0 0 0 0 0 0 0 0 0 0 0 0 0 0 0 0 0 0 0 0 0 3 0 2 0 2 0 7 0 20 0 71 0 75 0 104 0 132 0 145 0 122 0 181 0 242 0 336 0 389 0 420 0 429 0 374 0 396 0 291 0 171 0 101 0 
SAlphaB:
0 0 0 0 0 0 0 0 0 0 0 0 0 0 0 0 0 0 0 0 0 0 0 0 0 0 0 0 0 0 0 0 0 0 0 0 0 0 3 0 2 0 2 0 7 0 20 0 71 0 75 0 104 0 132 0 145 0 122 0 181 0 242 0 336 0 389 0 420 0 429 0 374 0 396 0 291 0 171 0 101 0 
