0 24 61 68 -17 1 3 5

0 44 95 11 -19 1 2 17

0 79 97 97 -9 9 27 29

0 29 81 37 -10 1 8 12

0 27 57 34 -11 1 6 6

0 43 74 74 -1 6 22 9

0 52 93 20 -2 0 33 20

0 26 82 20 -9 0 1 12

0 9 64 33 -2 1 2 4

0 30 71 69 -20 1 4 4

0 34 86 49 -11 2 16 26

0 34 66 25 -7 3 8 1

0 33 48 20 -15 1 7 21

0 23 69 28 -4 0 12 9

0 58 61 43 -8 5 41 3

0 75 82 91 -5 14 28 4

0 72 89 4 -3 15 31 14

0 27 94 86 -13 1 3 1

0 64 91 53 -20 8 21 28

0 47 58 16 -14 1 2 13

0 53 68 32 -20 4 14 24

0 38 61 38 -11 1 24 5

0 50 68 10 -14 7 19 31

0 33 86 73 -3 4 26 8

0 50 83 81 -10 7 25 41

0 45 72 74 -9 6 12 8

0 37 46 53 -20 2 6 3

0 33 47 37 -3 3 10 9

0 23 66 38 -3 5 10 5

0 40 84 71 -16 0 8 23

0 46 54 32 -4 3 32 6

0 70 76 58 -7 5 24 7

0 93 99 63 -19 17 35 48

0 35 47 36 -8 4 9 26

0 85 90 83 -18 3 14 19

0 36 64 34 -16 6 13 8

0 58 87 72 -12 7 16 28

0 43 89 24 -15 0 1 17

0 25 48 76 -2 10 12 8

0 64 87 61 -12 6 45 34

0 36 84 17 -15 12 29 3

0 78 94 69 -15 1 36 20

0 26 66 40 -15 3 9 10

0 58 96 76 -12 11 41 47

0 13 99 58 -18 0 1 21

0 13 91 72 -16 0 9 2

0 38 86 12 -15 2 5 38

0 22 75 47 -14 0 1 5

0 65 97 47 -13 6 28 42

0 51 93 65 -17 2 3 17

0 78 94 57 -2 23 24 31

0 67 87 73 -8 9 30 12

0 23 28 4 -11 6 21 9

0 30 89 41 -10 5 6 29

0 21 84 9 -15 0 18 20

0 4 49 30 -11 6 14 15

0 13 52 24 -6 3 8 5

0 43 66 69 -16 9 41 16

0 67 72 72 -15 4 23 14

0 25 88 45 -13 0 4 29

0 62 69 7 -14 2 5 27

0 42 91 30 -14 13 28 33

0 23 33 91 -18 0 2 24

0 49 74 51 -14 1 2 6

0 69 86 26 -11 5 40 0

0 70 84 42 -3 0 2 7

0 54 61 10 -2 9 26 4

0 27 70 46 -4 0 5 13

0 36 39 33 -2 6 21 16

0 23 89 33 -14 10 14 39

0 34 92 31 -2 7 43 13

0 68 78 75 -9 5 28 48

0 67 88 91 -6 14 23 23

0 25 49 20 -1 13 37 2

0 28 97 54 -16 5 6 19

0 38 75 81 -3 16 38 16

0 11 93 70 -9 19 44 14

0 16 37 17 -6 6 7 24

0 32 97 76 -20 5 13 46

0 45 80 84 -14 9 27 27

0 95 96 28 -17 9 10 3

0 85 86 27 -18 8 16 35

0 39 82 70 -2 16 32 12

0 7 95 80 -10 28 34 23

0 29 59 54 -6 5 12 21

0 44 56 32 -8 6 7 2

0 10 43 96 -14 12 29 25

0 26 56 98 -5 20 31 31

0 49 84 75 -15 19 28 31

0 31 87 98 -12 5 8 41

0 6 37 78 -15 10 23 16

0 16 63 74 -13 1 4 45

0 63 90 45 -6 21 37 2

0 12 97 70 -15 32 48 11

0 21 27 99 -5 0 11 19

0 14 91 99 -20 0 4 3

0 10 63 81 -10 0 1 33

0 15 65 98 -1 31 48 9

0 61 71 72 -3 30 34 31

0 12 90 65 -2 32 33 18


SAlphaB: 737.0, std-dev 258.67913785931086

Earliest win: 35
Latest win: 81

WinDepth:
0 0 0 0 0 0 0 0 0 0 0 0 0 0 0 0 0 0 0 0 0 0 0 0 0 0 0 0 0 0 0 0 0 0 0 2 1 8 1 17 3 20 16 40 24 55 65 163 57 174 129 355 168 328 209 442 380 577 326 503 440 650 543 817 744 922 915 954 946 1016 968 942 888 896 974 730 584 521 414 296 186 161 
SAlphaB:
0 0 0 0 0 0 0 0 0 0 0 0 0 0 0 0 0 0 0 0 0 0 0 0 0 0 0 0 0 0 0 0 0 0 0 2 1 8 1 17 3 20 16 40 24 55 65 163 57 174 129 355 168 328 209 442 380 577 326 503 440 650 543 817 744 922 915 954 946 1016 968 942 888 896 974 730 584 521 414 296 186 161 

LossDepth:
SAlphaB:
0 0 0 0 0 0 0 0 0 0 0 0 0 0 0 0 0 0 0 0 0 0 0 0 0 0 0 0 0 0 0 0 0 0 0 2 1 2 0 7 5 14 14 32 10 35 38 97 40 113 77 179 122 181 138 263 228 359 204 326 277 420 377 582 564 698 680 843 676 800 709 791 664 764 754 676 460 477 358 270 221 153 

FirstWin:
0 0 0 0 0 0 0 0 0 0 0 0 0 0 0 0 0 0 0 0 0 0 0 0 0 0 0 0 0 0 0 0 0 0 0 2 0 8 0 17 0 20 0 40 0 55 0 163 0 174 0 355 0 328 0 442 0 577 0 503 0 650 0 817 0 922 0 954 0 1016 0 942 0 896 0 730 0 521 0 296 0 161 
SAlphaB:
0 0 0 0 0 0 0 0 0 0 0 0 0 0 0 0 0 0 0 0 0 0 0 0 0 0 0 0 0 0 0 0 0 0 0 2 0 8 0 17 0 20 0 40 0 55 0 163 0 174 0 355 0 328 0 442 0 577 0 503 0 650 0 817 0 922 0 954 0 1016 0 942 0 896 0 730 0 521 0 296 0 161 

SecondWin:
0 0 0 0 0 0 0 0 0 0 0 0 0 0 0 0 0 0 0 0 0 0 0 0 0 0 0 0 0 0 0 0 0 0 0 0 1 0 1 0 3 0 16 0 24 0 65 0 57 0 129 0 168 0 209 0 380 0 326 0 440 0 543 0 744 0 915 0 946 0 968 0 888 0 974 0 584 0 414 0 186 0 
SAlphaB:
0 0 0 0 0 0 0 0 0 0 0 0 0 0 0 0 0 0 0 0 0 0 0 0 0 0 0 0 0 0 0 0 0 0 0 0 1 0 1 0 3 0 16 0 24 0 65 0 57 0 129 0 168 0 209 0 380 0 326 0 440 0 543 0 744 0 915 0 946 0 968 0 888 0 974 0 584 0 414 0 186 0 
