0 10 43 96 -14 12 29 25

0 24 61 68 -17 1 3 5

0 33 86 73 -3 4 26 8

0 54 61 10 -2 9 26 4

0 78 94 57 -2 23 24 31

0 67 72 72 -15 4 23 14

0 44 95 11 -19 1 2 17

0 33 47 37 -3 3 10 9

0 49 74 51 -14 1 2 6

0 85 90 83 -18 3 14 19

0 77 92 94 -20 11 39 38

0 30 70 45 -4 8 21 28

0 52 79 97 -12 35 40 24

0 26 73 10 -11 7 11 35

0 27 99 6 -16 4 6 16

0 20 21 73 -19 0 1 31

0 36 92 87 -14 19 48 7

0 19 52 39 -16 2 6 25

0 53 67 2 -4 1 5 8

0 12 85 86 -13 2 7 5

0 10 46 91 -15 44 48 23

0 14 87 89 -15 1 2 46

0 49 79 27 -7 19 37 42

0 22 25 15 -15 6 8 30

0 20 77 77 -8 13 14 26

0 48 63 20 -15 8 18 21

0 4 61 17 -18 18 21 36

0 7 30 11 -17 13 28 23

0 19 25 48 -4 2 5 35

0 2 41 84 -2 14 34 44

0 97 99 22 -8 4 9 6

0 20 54 10 -7 13 14 21

0 60 63 59 -6 9 20 44

0 37 93 98 -10 15 17 47

0 25 55 54 -9 0 1 31

0 41 48 94 -4 3 6 24

0 31 46 9 -14 9 14 46

0 5 96 66 -7 34 38 48

0 31 47 6 -3 44 48 14

0 19 40 82 -14 14 44 25

0 28 44 18 -11 8 22 42

0 42 82 9 -13 5 8 30

0 78 84 85 -10 26 27 29

0 34 61 78 -13 1 2 34

0 6 20 41 -17 12 36 26

0 45 46 9 -15 0 3 2

0 26 42 78 -16 3 21 26

0 38 46 31 -8 6 25 40

0 74 87 50 -9 1 5 47

0 71 80 47 -9 15 25 47

0 20 37 67 -11 1 4 32

0 9 85 96 -18 1 12 27

0 24 63 1 -16 23 24 14

0 29 55 22 -6 3 40 36

0 2 69 41 -18 13 38 27

0 10 31 56 -7 6 8 2

0 23 35 81 -8 16 29 41

0 10 51 63 -7 27 40 24

0 5 22 27 -16 2 11 2

0 46 51 38 -1 2 27 29

0 32 49 73 -6 17 49 6

0 3 12 56 -4 0 1 2

0 13 32 14 -18 0 8 15

0 61 70 8 -12 26 42 37

0 29 37 54 -5 22 43 46

0 15 77 62 -14 15 18 39

0 16 18 92 -3 17 44 9

0 46 52 4 -5 6 48 20

0 9 30 17 -18 29 30 27

0 9 18 94 -19 15 18 35

0 6 15 91 -4 29 38 21

0 27 66 60 -4 20 32 9

0 19 68 54 -18 7 28 0

0 14 29 64 -1 23 40 16

0 49 86 54 -18 20 21 3

0 6 25 73 -10 43 47 18

0 10 11 65 -15 22 31 23

0 15 31 33 -11 8 14 43

0 8 12 97 -1 1 8 27

0 6 85 74 -2 27 32 46

0 7 17 61 -5 21 25 35

0 3 8 60 -16 32 39 42

0 7 63 21 -12 2 44 34

0 11 25 63 -4 2 27 31

0 6 7 5 -4 25 42 18

0 22 35 14 -1 23 42 44

0 25 54 71 -6 7 36 42

0 1 3 1 -5 30 39 26

0 0 3 75 -18 25 35 34

0 13 18 27 -10 33 43 5

0 12 28 27 -5 1 34 36

0 7 27 11 -9 25 33 49

0 5 8 95 -4 9 19 29

0 1 13 28 -16 20 31 26

0 0 11 68 -16 15 21 1

0 1 2 8 -18 17 22 2

0 2 3 47 -8 4 7 28

0 0 4 17 -19 10 36 44

0 5 10 62 -12 2 11 38

0 6 16 21 -10 2 9 38


SAlphaB: 692.0, std-dev 258.883715754445

Earliest win: 37
Latest win: 81

WinDepth:
0 0 0 0 0 0 0 0 0 0 0 0 0 0 0 0 0 0 0 0 0 0 0 0 0 0 0 0 0 0 0 0 0 0 0 0 0 7 0 0 0 8 5 6 12 22 29 16 30 91 54 162 114 125 77 170 95 196 147 172 136 246 223 307 342 359 390 406 399 436 413 451 464 444 369 418 279 262 168 142 107 81 
SAlphaB:
0 0 0 0 0 0 0 0 0 0 0 0 0 0 0 0 0 0 0 0 0 0 0 0 0 0 0 0 0 0 0 0 0 0 0 0 0 7 0 0 0 8 5 6 12 22 29 16 30 91 54 162 114 125 77 170 95 196 147 172 136 246 223 307 342 359 390 406 399 436 413 451 464 444 369 418 279 262 168 142 107 81 

LossDepth:
SAlphaB:
0 0 0 0 0 0 0 0 0 0 0 0 0 0 0 0 0 0 0 0 0 0 0 0 0 0 0 0 0 0 0 0 0 0 0 0 0 7 0 0 0 8 5 6 12 22 29 16 30 91 54 162 114 125 77 170 95 196 147 172 136 246 223 307 342 359 390 406 399 436 413 451 464 444 369 418 279 262 168 142 107 81 

FirstWin:
0 0 0 0 0 0 0 0 0 0 0 0 0 0 0 0 0 0 0 0 0 0 0 0 0 0 0 0 0 0 0 0 0 0 0 0 0 7 0 0 0 8 0 6 0 22 0 16 0 91 0 162 0 125 0 170 0 196 0 172 0 246 0 307 0 359 0 406 0 436 0 451 0 444 0 418 0 262 0 142 0 81 
SAlphaB:
0 0 0 0 0 0 0 0 0 0 0 0 0 0 0 0 0 0 0 0 0 0 0 0 0 0 0 0 0 0 0 0 0 0 0 0 0 7 0 0 0 8 0 6 0 22 0 16 0 91 0 162 0 125 0 170 0 196 0 172 0 246 0 307 0 359 0 406 0 436 0 451 0 444 0 418 0 262 0 142 0 81 

SecondWin:
0 0 0 0 0 0 0 0 0 0 0 0 0 0 0 0 0 0 0 0 0 0 0 0 0 0 0 0 0 0 0 0 0 0 0 0 0 0 0 0 0 0 5 0 12 0 29 0 30 0 54 0 114 0 77 0 95 0 147 0 136 0 223 0 342 0 390 0 399 0 413 0 464 0 369 0 279 0 168 0 107 0 
SAlphaB:
0 0 0 0 0 0 0 0 0 0 0 0 0 0 0 0 0 0 0 0 0 0 0 0 0 0 0 0 0 0 0 0 0 0 0 0 0 0 0 0 0 0 5 0 12 0 29 0 30 0 54 0 114 0 77 0 95 0 147 0 136 0 223 0 342 0 390 0 399 0 413 0 464 0 369 0 279 0 168 0 107 0 
