0 32 97 76 -20 5 13 46

0 47 58 16 -14 1 2 13

0 23 66 38 -3 5 10 5

0 13 52 24 -6 3 8 5

0 93 99 63 -19 17 35 48

0 78 94 69 -15 1 36 20

0 49 84 75 -15 19 28 31

0 21 27 99 -5 0 11 19

0 61 71 72 -3 30 34 31

0 16 63 74 -13 1 4 45

0 22 31 95 -3 25 36 11

0 22 64 51 -1 5 11 39

0 22 85 52 -2 10 37 23

0 15 25 30 -5 4 6 16

0 30 73 99 -20 15 46 29

0 14 19 92 -17 0 1 30

0 18 29 62 -10 25 26 9

0 38 65 43 -2 28 42 1

0 56 66 35 -12 7 8 37

0 57 60 72 -15 13 33 47

0 43 68 59 -20 18 30 48

0 75 92 47 -8 24 29 16

0 16 27 97 -11 12 14 17

0 57 64 25 -13 6 9 45

0 18 38 21 -12 4 11 43

0 35 98 63 -9 17 31 25

0 11 96 34 -19 10 14 32

0 48 57 77 -1 15 44 0

0 20 85 19 -6 19 30 31

0 39 57 23 -15 14 17 37

0 18 56 78 -5 33 40 34

0 18 45 72 -3 24 48 10

0 23 75 69 -8 16 26 44

0 9 35 60 -7 12 21 20

0 39 55 56 -20 6 14 16

0 29 78 86 -2 40 42 33

0 11 13 85 -12 0 7 29

0 55 78 98 -8 37 40 37

0 17 18 81 -10 8 12 7

0 29 40 83 -2 8 27 36

0 60 71 40 -15 30 33 32

0 14 29 6 -4 2 5 28

0 32 34 71 -13 5 8 4

0 23 36 79 -11 32 40 39

0 48 94 45 -3 18 23 36

0 34 90 78 -10 5 40 43

0 55 84 66 -18 21 22 27

0 8 15 81 -16 14 43 18

0 23 25 26 -15 11 14 12

0 30 48 39 -12 12 45 18

0 23 24 69 -3 15 28 15

0 9 46 97 -11 39 49 48

0 29 31 29 -14 6 29 19

0 57 76 90 -15 5 8 31

0 4 51 3 -1 3 9 8

0 33 46 88 -15 42 49 2

0 77 83 13 -8 4 18 44

0 51 60 30 -15 4 40 42

0 12 95 6 -2 11 48 12

0 7 48 55 -15 1 6 3

0 7 44 41 -17 5 13 35

0 7 34 57 -14 0 48 24

0 18 59 47 -9 9 42 1

0 9 55 11 -16 27 29 42

0 13 43 5 -19 37 42 26

0 3 18 66 -10 1 3 16

0 32 56 21 -2 18 46 43

0 8 10 87 -3 6 9 23

0 3 18 5 -11 1 2 7

0 4 11 85 -20 13 14 18

0 1 92 69 -3 6 40 47

0 1 27 92 -17 19 34 48

0 10 33 20 -3 45 47 2

0 23 51 56 -9 2 40 7

0 52 75 19 -4 35 37 26

0 16 21 22 -10 2 10 31

0 40 70 40 -7 34 43 0

0 14 15 53 -2 43 45 22

0 6 28 3 -12 23 40 5

0 14 37 16 -5 5 29 21

0 15 30 19 -1 3 18 43

0 20 28 82 -8 35 38 44

0 0 11 43 -8 38 39 7

0 22 44 7 -18 15 40 13

0 2 12 64 -16 29 36 46

0 18 24 64 -5 1 33 35

0 0 1 2 -6 0 43 13

0 3 5 36 -8 5 30 13

0 13 17 20 -9 1 36 20

0 5 51 44 -3 4 5 47

0 7 25 84 -1 4 6 47

0 0 9 54 -4 3 33 10

0 1 5 55 -20 27 46 47

0 3 16 53 -10 2 4 24

0 0 1 97 -1 4 6 18

0 6 7 69 -16 15 44 30

0 9 16 11 -8 11 21 0

0 10 20 76 -14 1 27 49

0 0 13 48 -8 10 15 40

0 2 9 14 -2 7 11 26


SAlphaB: 687.0, std-dev 263.1589516592279

Earliest win: 37
Latest win: 81

WinDepth:
0 0 0 0 0 0 0 0 0 0 0 0 0 0 0 0 0 0 0 0 0 0 0 0 0 0 0 0 0 0 0 0 0 0 0 0 0 30 0 6 1 9 6 26 30 15 25 20 42 73 95 252 91 143 80 151 123 172 114 198 160 262 227 296 333 370 395 323 487 401 474 411 350 361 420 341 281 240 158 134 102 74 
SAlphaB:
0 0 0 0 0 0 0 0 0 0 0 0 0 0 0 0 0 0 0 0 0 0 0 0 0 0 0 0 0 0 0 0 0 0 0 0 0 30 0 6 1 9 6 26 30 15 25 20 42 73 95 252 91 143 80 151 123 172 114 198 160 262 227 296 333 370 395 323 487 401 474 411 350 361 420 341 281 240 158 134 102 74 

LossDepth:
SAlphaB:
0 0 0 0 0 0 0 0 0 0 0 0 0 0 0 0 0 0 0 0 0 0 0 0 0 0 0 0 0 0 0 0 0 0 0 0 0 30 0 6 1 9 6 26 30 15 25 20 42 73 95 252 91 143 80 151 123 172 114 198 160 262 227 296 333 370 395 323 487 401 474 411 350 361 420 341 281 240 158 134 102 74 

FirstWin:
0 0 0 0 0 0 0 0 0 0 0 0 0 0 0 0 0 0 0 0 0 0 0 0 0 0 0 0 0 0 0 0 0 0 0 0 0 30 0 6 0 9 0 26 0 15 0 20 0 73 0 252 0 143 0 151 0 172 0 198 0 262 0 296 0 370 0 323 0 401 0 411 0 361 0 341 0 240 0 134 0 74 
SAlphaB:
0 0 0 0 0 0 0 0 0 0 0 0 0 0 0 0 0 0 0 0 0 0 0 0 0 0 0 0 0 0 0 0 0 0 0 0 0 30 0 6 0 9 0 26 0 15 0 20 0 73 0 252 0 143 0 151 0 172 0 198 0 262 0 296 0 370 0 323 0 401 0 411 0 361 0 341 0 240 0 134 0 74 

SecondWin:
0 0 0 0 0 0 0 0 0 0 0 0 0 0 0 0 0 0 0 0 0 0 0 0 0 0 0 0 0 0 0 0 0 0 0 0 0 0 0 0 1 0 6 0 30 0 25 0 42 0 95 0 91 0 80 0 123 0 114 0 160 0 227 0 333 0 395 0 487 0 474 0 350 0 420 0 281 0 158 0 102 0 
SAlphaB:
0 0 0 0 0 0 0 0 0 0 0 0 0 0 0 0 0 0 0 0 0 0 0 0 0 0 0 0 0 0 0 0 0 0 0 0 0 0 0 0 1 0 6 0 30 0 25 0 42 0 95 0 91 0 80 0 123 0 114 0 160 0 227 0 333 0 395 0 487 0 474 0 350 0 420 0 281 0 158 0 102 0 
