0 34 86 49 -11 2 16 26

0 28 97 54 -16 5 6 19

0 13 99 58 -18 0 1 21

0 72 89 4 -3 15 31 14

0 58 96 76 -12 11 41 47

0 36 84 17 -15 12 29 3

0 38 86 12 -15 2 5 38

0 12 90 65 -2 32 33 18

0 95 96 28 -17 9 10 3

0 26 56 98 -5 20 31 31

0 54 75 25 -18 9 38 14

0 60 97 13 -6 11 28 40

0 75 78 15 -4 1 30 35

0 50 71 36 -4 1 9 14

0 61 79 59 -13 19 22 17

0 2 80 75 -1 17 19 16

0 86 97 14 -18 2 49 36

0 29 42 23 -20 1 9 33

0 33 93 67 -16 0 7 25

0 45 59 99 -19 20 37 3

0 74 99 95 -14 30 31 12

0 51 97 82 -9 8 21 48

0 52 69 74 -11 5 7 8

0 20 28 52 -12 11 13 8

0 6 91 85 -3 13 32 0

0 20 73 91 -9 12 24 12

0 7 11 39 -2 13 14 1

0 66 86 90 -8 11 13 28

0 26 32 66 -3 34 48 39

0 4 66 68 -16 11 44 5

0 48 67 64 -10 21 22 5

0 69 94 41 -19 1 4 48

0 68 76 40 -19 5 8 48

0 17 32 13 -1 4 19 2

0 24 82 38 -5 16 33 11

0 23 41 60 -1 12 20 0

0 52 68 33 -12 26 30 31

0 61 97 41 -9 7 34 45

0 17 57 79 -4 1 19 2

0 46 55 64 -6 15 24 6

0 91 94 69 -18 28 48 35

0 16 38 18 -8 3 41 19

0 3 68 33 -5 20 21 8

0 65 86 6 -16 2 46 12

0 67 86 43 -12 1 6 40

0 14 58 39 -14 2 4 46

0 0 39 6 -20 15 41 27

0 26 41 19 -10 31 35 1

0 12 40 20 -12 21 31 14

0 48 49 85 -15 9 43 49

0 70 71 9 -5 2 3 49

0 30 33 71 -5 7 35 9

0 21 23 23 -15 10 29 13

0 17 82 1 -11 9 24 43

0 58 71 59 -4 1 7 14

0 22 33 39 -7 16 39 34

0 26 94 66 -20 4 18 40

0 4 61 21 -20 5 18 30

0 0 2 59 -1 13 21 36

0 31 33 25 -10 3 6 46

0 41 55 1 -2 31 34 2

0 0 16 27 -7 5 24 6

0 16 49 12 -17 24 42 49

0 26 29 93 -10 18 46 2

0 8 37 46 -17 5 49 15

0 17 49 10 -19 16 25 49

0 5 21 31 -1 5 11 13

0 20 21 98 -16 28 40 20

0 1 80 2 -9 11 32 41

0 4 37 34 -1 0 1 21

0 17 39 47 -7 8 14 43

0 24 46 38 -1 4 29 48

0 3 19 39 -1 20 39 42

0 7 13 10 -15 11 46 28

0 12 28 72 -12 32 40 4

0 16 27 89 -4 6 38 18

0 14 27 88 -6 2 17 25

0 15 20 39 -15 5 48 29

0 10 49 54 -17 35 48 4

0 12 26 49 -3 12 21 42

0 10 34 34 -6 1 34 36

0 3 14 69 -12 4 46 11

0 46 82 25 -20 46 49 33

0 6 16 94 -7 10 26 44

0 10 15 72 -3 0 1 20

0 1 5 36 -11 6 10 17

0 18 57 39 -16 20 30 46

0 5 42 24 -18 6 10 27

0 35 44 88 -3 9 41 45

0 8 13 23 -2 9 48 6

0 18 61 57 -15 17 21 49

0 4 7 20 -9 2 4 27

0 2 19 25 -2 22 24 34

0 12 20 69 -16 7 45 37

0 3 5 35 -12 13 33 6

0 6 25 14 -1 10 26 35

0 0 5 99 -6 2 6 20

0 11 18 99 -7 4 20 43

0 2 3 81 -13 34 45 6

0 5 6 46 -3 2 44 18


SAlphaB: 707.0, std-dev 254.61799620195544

Earliest win: 37
Latest win: 81

WinDepth:
0 0 0 0 0 0 0 0 0 0 0 0 0 0 0 0 0 0 0 0 0 0 0 0 0 0 0 0 0 0 0 0 0 0 0 0 0 2 0 9 0 2 2 8 5 11 20 18 26 73 88 150 74 112 117 128 131 181 125 145 153 260 249 366 310 378 435 380 435 435 449 486 428 410 441 355 304 215 193 151 95 73 
SAlphaB:
0 0 0 0 0 0 0 0 0 0 0 0 0 0 0 0 0 0 0 0 0 0 0 0 0 0 0 0 0 0 0 0 0 0 0 0 0 2 0 9 0 2 2 8 5 11 20 18 26 73 88 150 74 112 117 128 131 181 125 145 153 260 249 366 310 378 435 380 435 435 449 486 428 410 441 355 304 215 193 151 95 73 

LossDepth:
SAlphaB:
0 0 0 0 0 0 0 0 0 0 0 0 0 0 0 0 0 0 0 0 0 0 0 0 0 0 0 0 0 0 0 0 0 0 0 0 0 2 0 9 0 2 2 8 5 11 20 18 26 73 88 150 74 112 117 128 131 181 125 145 153 260 249 366 310 378 435 380 435 435 449 486 428 410 441 355 304 215 193 151 95 73 

FirstWin:
0 0 0 0 0 0 0 0 0 0 0 0 0 0 0 0 0 0 0 0 0 0 0 0 0 0 0 0 0 0 0 0 0 0 0 0 0 2 0 9 0 2 0 8 0 11 0 18 0 73 0 150 0 112 0 128 0 181 0 145 0 260 0 366 0 378 0 380 0 435 0 486 0 410 0 355 0 215 0 151 0 73 
SAlphaB:
0 0 0 0 0 0 0 0 0 0 0 0 0 0 0 0 0 0 0 0 0 0 0 0 0 0 0 0 0 0 0 0 0 0 0 0 0 2 0 9 0 2 0 8 0 11 0 18 0 73 0 150 0 112 0 128 0 181 0 145 0 260 0 366 0 378 0 380 0 435 0 486 0 410 0 355 0 215 0 151 0 73 

SecondWin:
0 0 0 0 0 0 0 0 0 0 0 0 0 0 0 0 0 0 0 0 0 0 0 0 0 0 0 0 0 0 0 0 0 0 0 0 0 0 0 0 0 0 2 0 5 0 20 0 26 0 88 0 74 0 117 0 131 0 125 0 153 0 249 0 310 0 435 0 435 0 449 0 428 0 441 0 304 0 193 0 95 0 
SAlphaB:
0 0 0 0 0 0 0 0 0 0 0 0 0 0 0 0 0 0 0 0 0 0 0 0 0 0 0 0 0 0 0 0 0 0 0 0 0 0 0 0 0 0 2 0 5 0 20 0 26 0 88 0 74 0 117 0 131 0 125 0 153 0 249 0 310 0 435 0 435 0 449 0 428 0 441 0 304 0 193 0 95 0 
