0 43 74 74 -1 6 22 9

0 53 68 32 -20 4 14 24

0 70 76 58 -7 5 24 7

0 65 97 47 -13 6 28 42

0 27 94 86 -13 1 3 1

0 52 93 20 -2 0 33 20

0 75 82 91 -5 14 28 4

0 64 91 53 -20 8 21 28

0 63 90 45 -6 21 37 2

0 43 66 69 -16 9 41 16

0 27 58 54 -5 33 36 13

0 88 98 58 -14 1 11 12

0 49 50 93 -1 11 30 19

0 11 17 90 -6 1 2 3

0 45 64 13 -2 11 13 11

0 53 73 48 -4 4 21 48

0 19 33 52 -18 13 17 6

0 38 41 45 -2 12 19 3

0 32 58 0 -12 4 5 31

0 51 92 96 -4 9 11 39

0 32 90 75 -5 18 35 11

0 31 40 93 -15 22 36 10

0 26 85 88 -19 2 3 16

0 14 26 82 -9 0 2 10

0 47 74 75 -19 5 26 11

0 25 53 79 -18 4 6 15

0 25 33 85 -7 13 20 5

0 16 25 11 -9 1 2 11

0 4 15 16 -9 0 1 4

0 38 57 69 -3 19 33 1

0 8 85 78 -18 2 6 3

0 54 85 32 -20 14 15 35

0 41 74 70 -6 8 15 39

0 89 95 68 -9 7 28 46

0 24 70 25 -3 1 34 9

0 39 55 81 -9 3 37 30

0 43 82 66 -9 13 20 33

0 2 85 47 -3 31 45 0

0 31 46 72 -6 7 36 27

0 18 58 7 -18 14 44 34

0 23 36 79 -10 30 36 24

0 78 81 32 -9 8 15 42

0 31 35 4 -15 3 6 40

0 38 65 60 -19 14 20 27

0 60 66 79 -9 3 32 45

0 51 76 15 -10 1 3 20

0 52 79 73 -13 0 49 39

0 1 41 68 -5 8 16 2

0 25 64 20 -15 38 41 21

0 7 65 19 -4 1 7 33

0 22 79 75 -14 33 36 24

0 0 5 30 -2 1 2 4

0 18 63 30 -13 10 15 9

0 24 31 29 -10 9 23 43

0 6 38 84 -13 6 22 32

0 18 45 86 -15 33 37 19

0 13 24 99 -8 9 13 40

0 10 20 50 -10 3 4 6

0 32 77 27 -3 24 39 9

0 19 37 83 -18 4 10 43

0 19 39 78 -8 31 33 48

0 25 27 72 -9 3 37 12

0 69 87 77 -13 29 31 5

0 15 29 72 -7 9 38 20

0 6 19 27 -9 0 9 8

0 18 60 53 -10 1 42 6

0 63 69 12 -10 0 45 31

0 22 26 5 -19 10 11 23

0 13 89 14 -20 12 16 22

0 3 29 42 -19 4 17 10

0 5 53 58 -11 7 37 16

0 37 68 3 -3 21 23 31

0 31 77 34 -12 24 42 41

0 33 46 3 -1 9 12 29

0 6 23 60 -20 12 23 18

0 5 99 93 -2 2 21 25

0 11 21 18 -13 18 28 20

0 23 28 27 -9 0 42 9

0 1 22 44 -20 8 13 48

0 12 26 55 -1 8 23 7

0 14 27 57 -13 19 42 4

0 2 5 86 -17 7 20 18

0 6 7 62 -11 20 37 8

0 31 55 41 -10 7 40 39

0 0 4 25 -3 34 40 37

0 5 14 86 -16 2 7 47

0 5 15 15 -7 23 29 37

0 14 42 66 -9 15 27 47

0 1 2 88 -2 4 8 2

0 7 11 32 -10 39 40 22

0 15 17 61 -14 11 43 9

0 3 34 80 -4 0 12 39

0 1 3 53 -7 8 16 38

0 1 2 30 -8 27 30 18

0 6 17 75 -2 0 43 37

0 4 16 66 -4 9 49 40

0 0 1 62 -2 21 34 45

0 4 32 27 -3 1 5 49

0 6 7 2 -14 1 2 39

0 9 32 33 -2 4 20 38


SAlphaB: 699.0, std-dev 263.4235911679863

Earliest win: 39
Latest win: 81

WinDepth:
0 0 0 0 0 0 0 0 0 0 0 0 0 0 0 0 0 0 0 0 0 0 0 0 0 0 0 0 0 0 0 0 0 0 0 0 0 0 0 7 0 4 3 12 10 28 22 40 37 61 50 145 93 109 97 177 121 199 146 207 142 239 271 343 330 371 384 423 418 420 444 432 417 396 406 370 287 248 185 148 116 79 
SAlphaB:
0 0 0 0 0 0 0 0 0 0 0 0 0 0 0 0 0 0 0 0 0 0 0 0 0 0 0 0 0 0 0 0 0 0 0 0 0 0 0 7 0 4 3 12 10 28 22 40 37 61 50 145 93 109 97 177 121 199 146 207 142 239 271 343 330 371 384 423 418 420 444 432 417 396 406 370 287 248 185 148 116 79 

LossDepth:
SAlphaB:
0 0 0 0 0 0 0 0 0 0 0 0 0 0 0 0 0 0 0 0 0 0 0 0 0 0 0 0 0 0 0 0 0 0 0 0 0 0 0 7 0 4 3 12 10 28 22 40 37 61 50 145 93 109 97 177 121 199 146 207 142 239 271 343 330 371 384 423 418 420 444 432 417 396 406 370 287 248 185 148 116 79 

FirstWin:
0 0 0 0 0 0 0 0 0 0 0 0 0 0 0 0 0 0 0 0 0 0 0 0 0 0 0 0 0 0 0 0 0 0 0 0 0 0 0 7 0 4 0 12 0 28 0 40 0 61 0 145 0 109 0 177 0 199 0 207 0 239 0 343 0 371 0 423 0 420 0 432 0 396 0 370 0 248 0 148 0 79 
SAlphaB:
0 0 0 0 0 0 0 0 0 0 0 0 0 0 0 0 0 0 0 0 0 0 0 0 0 0 0 0 0 0 0 0 0 0 0 0 0 0 0 7 0 4 0 12 0 28 0 40 0 61 0 145 0 109 0 177 0 199 0 207 0 239 0 343 0 371 0 423 0 420 0 432 0 396 0 370 0 248 0 148 0 79 

SecondWin:
0 0 0 0 0 0 0 0 0 0 0 0 0 0 0 0 0 0 0 0 0 0 0 0 0 0 0 0 0 0 0 0 0 0 0 0 0 0 0 0 0 0 3 0 10 0 22 0 37 0 50 0 93 0 97 0 121 0 146 0 142 0 271 0 330 0 384 0 418 0 444 0 417 0 406 0 287 0 185 0 116 0 
SAlphaB:
0 0 0 0 0 0 0 0 0 0 0 0 0 0 0 0 0 0 0 0 0 0 0 0 0 0 0 0 0 0 0 0 0 0 0 0 0 0 0 0 0 0 3 0 10 0 22 0 37 0 50 0 93 0 97 0 121 0 146 0 142 0 271 0 330 0 384 0 418 0 444 0 417 0 406 0 287 0 185 0 116 0 
