0 45 80 84 -14 9 27 27

0 70 84 42 -3 0 2 7

0 67 87 73 -8 9 30 12

0 6 37 78 -15 10 23 16

0 44 56 32 -8 6 7 2

0 31 87 98 -12 5 8 41

0 43 89 24 -15 0 1 17

0 39 82 70 -2 16 32 12

0 26 66 40 -15 3 9 10

0 34 92 31 -2 7 43 13

0 37 86 53 -1 32 43 22

0 26 40 33 -1 13 27 0

0 75 88 54 -3 11 27 33

0 49 86 61 -7 4 5 21

0 26 96 6 -20 3 4 41

0 57 71 85 -15 3 19 33

0 18 43 2 -6 3 11 23

0 31 45 90 -16 10 21 7

0 75 92 37 -8 1 8 29

0 51 95 6 -18 7 11 7

0 73 85 28 -17 0 4 6

0 27 83 34 -5 29 43 19

0 48 96 96 -7 24 46 25

0 53 75 52 -12 0 11 39

0 73 88 59 -1 25 26 41

0 19 49 49 -11 8 12 48

0 10 83 90 -15 5 35 24

0 29 69 69 -6 36 47 11

0 29 43 56 -15 15 31 15

0 35 72 96 -10 7 10 12

0 31 34 64 -8 5 29 21

0 47 87 60 -9 30 33 16

0 13 78 96 -3 3 18 38

0 47 51 13 -20 32 49 22

0 23 46 1 -8 6 16 28

0 29 43 79 -20 31 38 29

0 79 86 43 -18 2 22 0

0 43 94 54 -5 4 7 44

0 1 21 68 -4 4 9 11

0 2 13 96 -13 14 15 18

0 44 68 25 -3 6 43 0

0 70 71 89 -11 5 13 21

0 47 71 37 -2 21 36 37

0 20 87 70 -6 16 23 46

0 12 39 5 -6 33 34 11

0 78 87 67 -5 0 1 49

0 75 84 84 -6 28 32 4

0 30 41 89 -3 28 34 38

0 10 96 19 -12 16 29 21

0 9 94 20 -20 7 19 4

0 61 87 87 -4 0 1 16

0 0 4 57 -18 0 6 11

0 26 53 62 -20 4 23 14

0 28 62 45 -15 29 32 49

0 37 64 19 -14 18 32 32

0 32 35 93 -12 0 2 40

0 32 92 21 -10 23 25 20

0 53 91 60 -3 30 32 37

0 33 57 71 -13 28 38 49

0 3 42 8 -11 0 35 18

0 6 14 17 -18 1 21 16

0 5 43 64 -11 0 8 1

0 2 51 73 -17 22 29 32

0 2 5 11 -7 13 15 15

0 42 55 79 -2 0 47 32

0 3 27 80 -1 15 44 26

0 11 23 29 -18 9 19 11

0 13 59 82 -13 24 34 4

0 2 82 65 -10 7 14 49

0 26 42 14 -3 15 29 37

0 5 25 43 -9 48 49 15

0 8 10 17 -19 14 38 31

0 40 52 48 -14 40 49 5

0 36 55 34 -19 9 14 43

0 3 7 65 -13 22 33 19

0 3 76 7 -14 19 30 21

0 56 70 72 -3 33 39 3

0 27 28 2 -20 11 19 36

0 0 5 73 -17 19 24 11

0 12 17 57 -7 1 18 3

0 10 46 50 -7 38 41 43

0 8 41 35 -13 32 34 46

0 2 14 25 -3 2 25 21

0 7 19 4 -9 7 10 26

0 0 3 78 -10 9 17 30

0 1 6 97 -17 1 4 29

0 2 24 92 -17 42 43 29

0 1 20 11 -11 4 34 24

0 8 11 58 -2 11 47 11

0 4 5 58 -17 4 41 35

0 7 11 71 -9 46 48 37

0 6 19 37 -9 3 7 45

0 2 12 98 -11 39 43 12

0 8 9 78 -6 23 27 1

0 3 7 67 -10 3 4 28

0 4 16 92 -3 8 38 33

0 1 7 9 -14 23 28 39

0 1 7 50 -15 8 29 2

0 0 3 4 -7 9 19 38

0 4 7 33 -4 4 10 47


SAlphaB: 731.0, std-dev 277.707134360548

Earliest win: 39
Latest win: 81

WinDepth:
0 0 0 0 0 0 0 0 0 0 0 0 0 0 0 0 0 0 0 0 0 0 0 0 0 0 0 0 0 0 0 0 0 0 0 0 0 0 0 1 1 2 3 12 15 11 28 57 34 81 101 155 103 114 72 210 123 172 161 211 173 245 215 349 283 332 392 376 505 377 469 448 432 424 408 348 246 241 174 139 106 94 
SAlphaB:
0 0 0 0 0 0 0 0 0 0 0 0 0 0 0 0 0 0 0 0 0 0 0 0 0 0 0 0 0 0 0 0 0 0 0 0 0 0 0 1 1 2 3 12 15 11 28 57 34 81 101 155 103 114 72 210 123 172 161 211 173 245 215 349 283 332 392 376 505 377 469 448 432 424 408 348 246 241 174 139 106 94 

LossDepth:
SAlphaB:
0 0 0 0 0 0 0 0 0 0 0 0 0 0 0 0 0 0 0 0 0 0 0 0 0 0 0 0 0 0 0 0 0 0 0 0 0 0 0 1 1 2 3 12 15 11 28 57 34 81 101 155 103 114 72 210 123 172 161 211 173 245 215 349 283 332 392 376 505 377 469 448 432 424 408 348 246 241 174 139 106 94 

FirstWin:
0 0 0 0 0 0 0 0 0 0 0 0 0 0 0 0 0 0 0 0 0 0 0 0 0 0 0 0 0 0 0 0 0 0 0 0 0 0 0 1 0 2 0 12 0 11 0 57 0 81 0 155 0 114 0 210 0 172 0 211 0 245 0 349 0 332 0 376 0 377 0 448 0 424 0 348 0 241 0 139 0 94 
SAlphaB:
0 0 0 0 0 0 0 0 0 0 0 0 0 0 0 0 0 0 0 0 0 0 0 0 0 0 0 0 0 0 0 0 0 0 0 0 0 0 0 1 0 2 0 12 0 11 0 57 0 81 0 155 0 114 0 210 0 172 0 211 0 245 0 349 0 332 0 376 0 377 0 448 0 424 0 348 0 241 0 139 0 94 

SecondWin:
0 0 0 0 0 0 0 0 0 0 0 0 0 0 0 0 0 0 0 0 0 0 0 0 0 0 0 0 0 0 0 0 0 0 0 0 0 0 0 0 1 0 3 0 15 0 28 0 34 0 101 0 103 0 72 0 123 0 161 0 173 0 215 0 283 0 392 0 505 0 469 0 432 0 408 0 246 0 174 0 106 0 
SAlphaB:
0 0 0 0 0 0 0 0 0 0 0 0 0 0 0 0 0 0 0 0 0 0 0 0 0 0 0 0 0 0 0 0 0 0 0 0 0 0 0 0 1 0 3 0 15 0 28 0 34 0 101 0 103 0 72 0 123 0 161 0 173 0 215 0 283 0 392 0 505 0 469 0 432 0 408 0 246 0 174 0 106 0 
