0 13 91 72 -16 0 9 2

0 27 70 46 -4 0 5 13

0 37 46 53 -20 2 6 3

0 35 47 36 -8 4 9 26

0 30 89 41 -10 5 6 29

0 21 84 9 -15 0 18 20

0 12 97 70 -15 32 48 11

0 58 61 43 -8 5 41 3

0 42 91 30 -14 13 28 33

0 33 48 20 -15 1 7 21

0 16 90 0 -12 26 27 47

0 23 45 43 -19 0 7 1

0 54 60 27 -18 9 17 19

0 30 35 80 -9 4 8 4

0 45 86 70 -8 0 24 7

0 10 39 18 -13 2 7 1

0 43 48 65 -2 7 43 24

0 6 88 89 -15 26 32 29

0 33 85 98 -16 14 37 15

0 43 93 92 -16 3 27 17

0 5 86 32 -10 13 43 30

0 21 29 8 -17 0 2 24

0 40 74 39 -10 2 25 34

0 25 43 90 -13 0 4 15

0 1 50 16 -17 12 23 18

0 81 98 47 -2 3 40 39

0 11 61 90 -9 15 32 36

0 39 50 57 -13 38 45 16

0 57 81 28 -15 22 35 25

0 26 60 66 -6 5 7 31

0 54 68 44 -1 1 14 26

0 11 30 31 -6 1 2 18

0 11 51 86 -19 2 28 28

0 47 55 95 -20 16 31 17

0 26 66 84 -19 36 37 43

0 34 94 24 -14 23 24 36

0 58 66 51 -7 3 44 9

0 52 88 8 -20 41 48 37

0 6 68 14 -15 9 24 45

0 13 36 54 -12 12 24 33

0 25 46 54 -4 14 30 37

0 45 61 80 -16 14 44 49

0 0 95 42 -14 13 34 34

0 25 95 28 -9 0 41 25

0 18 25 73 -3 4 25 13

0 19 61 73 -7 0 3 41

0 25 28 31 -5 16 23 9

0 46 57 12 -3 22 25 17

0 16 38 27 -1 37 44 16

0 26 55 55 -11 31 47 47

0 10 30 73 -3 21 24 30

0 74 97 96 -18 24 30 21

0 70 81 15 -13 0 15 42

0 81 86 59 -12 19 20 48

0 0 28 77 -4 5 12 3

0 6 15 11 -10 20 26 24

0 27 40 75 -19 8 33 36

0 38 68 55 -2 14 22 31

0 44 99 97 -15 9 47 37

0 14 43 42 -2 4 35 12

0 9 77 56 -8 25 29 1

0 18 25 17 -7 7 11 15

0 39 43 96 -19 17 49 8

0 9 20 51 -12 4 14 29

0 4 6 65 -4 25 33 17

0 6 13 5 -5 14 18 16

0 10 37 4 -6 24 27 35

0 23 42 29 -13 32 34 1

0 7 19 28 -1 21 32 7

0 24 54 97 -16 24 26 16

0 8 31 59 -10 8 28 19

0 6 13 93 -20 4 21 10

0 20 26 45 -2 3 19 44

0 5 55 10 -9 12 26 49

0 8 9 99 -4 5 11 33

0 4 50 22 -20 15 46 40

0 4 11 0 -19 10 23 10

0 1 51 29 -19 28 33 25

0 2 39 43 -2 12 15 1

0 3 16 75 -11 18 48 38

0 12 21 81 -1 8 43 28

0 5 11 75 -10 45 46 12

0 3 9 24 -19 14 17 22

0 0 9 12 -11 5 40 25

0 0 10 73 -13 0 1 23

0 12 22 70 -16 17 33 9

0 2 4 78 -17 9 47 44

0 4 6 61 -6 6 14 1

0 0 19 26 -9 36 43 14

0 5 35 0 -3 14 44 28

0 4 7 53 -17 10 34 1

0 11 15 69 -15 13 32 10

0 2 59 60 -2 3 45 27

0 11 24 20 -12 2 48 22

0 4 9 14 -3 32 39 17

0 4 16 60 -9 2 33 48

0 1 19 4 -16 17 40 37

0 8 15 79 -4 2 39 34

0 3 5 5 -4 13 18 29

0 6 15 6 -8 4 20 33


SAlphaB: 707.0, std-dev 258.06193397647155

Earliest win: 38
Latest win: 81

WinDepth:
0 0 0 0 0 0 0 0 0 0 0 0 0 0 0 0 0 0 0 0 0 0 0 0 0 0 0 0 0 0 0 0 0 0 0 0 0 0 1 3 2 2 0 10 17 17 18 33 29 68 108 183 148 127 78 158 132 166 156 161 160 226 237 350 302 363 437 315 499 420 456 419 414 356 399 345 219 255 181 124 95 84 
SAlphaB:
0 0 0 0 0 0 0 0 0 0 0 0 0 0 0 0 0 0 0 0 0 0 0 0 0 0 0 0 0 0 0 0 0 0 0 0 0 0 1 3 2 2 0 10 17 17 18 33 29 68 108 183 148 127 78 158 132 166 156 161 160 226 237 350 302 363 437 315 499 420 456 419 414 356 399 345 219 255 181 124 95 84 

LossDepth:
SAlphaB:
0 0 0 0 0 0 0 0 0 0 0 0 0 0 0 0 0 0 0 0 0 0 0 0 0 0 0 0 0 0 0 0 0 0 0 0 0 0 1 3 2 2 0 10 17 17 18 33 29 68 108 183 148 127 78 158 132 166 156 161 160 226 237 350 302 363 437 315 499 420 456 419 414 356 399 345 219 255 181 124 95 84 

FirstWin:
0 0 0 0 0 0 0 0 0 0 0 0 0 0 0 0 0 0 0 0 0 0 0 0 0 0 0 0 0 0 0 0 0 0 0 0 0 0 0 3 0 2 0 10 0 17 0 33 0 68 0 183 0 127 0 158 0 166 0 161 0 226 0 350 0 363 0 315 0 420 0 419 0 356 0 345 0 255 0 124 0 84 
SAlphaB:
0 0 0 0 0 0 0 0 0 0 0 0 0 0 0 0 0 0 0 0 0 0 0 0 0 0 0 0 0 0 0 0 0 0 0 0 0 0 0 3 0 2 0 10 0 17 0 33 0 68 0 183 0 127 0 158 0 166 0 161 0 226 0 350 0 363 0 315 0 420 0 419 0 356 0 345 0 255 0 124 0 84 

SecondWin:
0 0 0 0 0 0 0 0 0 0 0 0 0 0 0 0 0 0 0 0 0 0 0 0 0 0 0 0 0 0 0 0 0 0 0 0 0 0 1 0 2 0 0 0 17 0 18 0 29 0 108 0 148 0 78 0 132 0 156 0 160 0 237 0 302 0 437 0 499 0 456 0 414 0 399 0 219 0 181 0 95 0 
SAlphaB:
0 0 0 0 0 0 0 0 0 0 0 0 0 0 0 0 0 0 0 0 0 0 0 0 0 0 0 0 0 0 0 0 0 0 0 0 0 0 1 0 2 0 0 0 17 0 18 0 29 0 108 0 148 0 78 0 132 0 156 0 160 0 237 0 302 0 437 0 499 0 456 0 414 0 399 0 219 0 181 0 95 0 
