0 36 64 34 -16 6 13 8

0 25 88 45 -13 0 4 29

0 14 91 99 -20 0 4 3

0 29 59 54 -6 5 12 21

0 26 82 20 -9 0 1 12

0 51 93 65 -17 2 3 17

0 15 65 98 -1 31 48 9

0 46 54 32 -4 3 32 6

0 23 33 91 -18 0 2 24

0 36 39 33 -2 6 21 16

0 63 76 42 -7 8 22 42

0 44 52 95 -3 2 13 18

0 29 86 48 -17 3 7 37

0 21 23 45 -19 0 2 25

0 26 68 78 -7 0 8 36

0 79 91 41 -17 0 1 35

0 7 59 58 -11 4 10 3

0 45 90 28 -7 0 1 11

0 62 82 75 -11 8 32 40

0 42 67 41 -14 6 26 46

0 48 84 29 -19 0 3 26

0 45 70 95 -16 0 8 26

0 32 38 84 -17 1 22 21

0 11 23 18 -8 4 6 24

0 32 92 25 -20 12 36 42

0 46 47 66 -18 7 40 12

0 8 77 99 -9 4 26 36

0 38 46 62 -11 20 22 32

0 19 69 91 -3 19 43 5

0 65 71 93 -8 3 4 29

0 28 33 0 -11 16 23 1

0 11 40 10 -8 19 20 10

0 70 71 45 -10 1 46 26

0 77 94 25 -8 1 12 13

0 89 92 75 -2 11 37 22

0 41 85 15 -19 21 39 40

0 12 30 40 -4 16 36 1

0 37 83 68 -14 15 49 23

0 31 44 6 -19 0 1 6

0 49 67 10 -3 8 9 35

0 3 58 82 -4 9 18 33

0 5 42 3 -20 0 6 30

0 33 95 31 -16 22 44 5

0 30 71 10 -10 16 49 6

0 34 59 93 -7 13 22 40

0 55 59 96 -19 14 18 36

0 31 40 10 -9 43 47 10

0 25 48 27 -7 9 45 25

0 20 31 65 -4 22 25 6

0 16 43 79 -18 20 49 37

0 56 57 17 -11 21 26 30

0 36 54 91 -18 15 29 2

0 15 68 34 -2 5 27 35

0 61 66 65 -20 14 24 47

0 15 53 6 -15 7 36 5

0 72 89 97 -9 35 36 9

0 37 56 95 -10 8 34 17

0 43 74 64 -9 14 16 49

0 38 48 69 -5 18 21 5

0 12 88 46 -14 21 22 44

0 35 43 35 -20 9 42 23

0 5 38 91 -19 3 4 39

0 63 89 6 -16 7 9 3

0 29 97 34 -20 5 26 29

0 4 65 61 -16 2 11 2

0 35 83 27 -3 18 37 48

0 58 85 98 -18 46 48 3

0 2 7 23 -5 10 32 46

0 29 44 58 -14 27 49 4

0 4 24 41 -6 20 43 28

0 8 40 1 -8 39 45 9

0 16 20 73 -4 42 44 22

0 35 51 18 -14 24 35 45

0 27 36 1 -11 23 25 30

0 3 12 62 -5 40 42 10

0 33 64 34 -8 3 6 47

0 1 77 46 -11 10 16 32

0 1 34 99 -18 5 28 6

0 10 18 23 -5 2 4 24

0 54 57 1 -19 24 27 0

0 3 21 49 -9 16 47 20

0 21 24 92 -15 7 27 39

0 22 50 62 -4 26 32 31

0 13 31 63 -3 0 1 46

0 41 51 67 -7 41 44 2

0 4 17 88 -16 8 18 3

0 9 82 3 -3 6 26 31

0 16 26 40 -11 6 44 13

0 21 62 29 -11 26 30 47

0 8 37 91 -11 18 40 1

0 10 11 20 -16 2 3 31

0 7 46 75 -16 3 4 0

0 13 37 88 -2 24 37 42

0 0 3 29 -6 15 33 1

0 0 1 20 -15 13 35 44

0 23 26 46 -7 23 36 33

0 9 23 28 -19 16 39 12

0 1 6 23 -17 12 23 30

0 2 5 53 -17 19 30 44

0 0 11 25 -1 1 16 25


SAlphaB: 698.0, std-dev 265.2288276377608

Earliest win: 37
Latest win: 81

WinDepth:
0 0 0 0 0 0 0 0 0 0 0 0 0 0 0 0 0 0 0 0 0 0 0 0 0 0 0 0 0 0 0 0 0 0 0 0 0 1 0 2 31 6 8 4 11 19 18 47 39 61 72 173 104 107 88 191 123 177 119 172 176 222 229 359 299 339 381 377 438 373 490 413 422 389 403 369 292 253 178 156 133 87 
SAlphaB:
0 0 0 0 0 0 0 0 0 0 0 0 0 0 0 0 0 0 0 0 0 0 0 0 0 0 0 0 0 0 0 0 0 0 0 0 0 1 0 2 31 6 8 4 11 19 18 47 39 61 72 173 104 107 88 191 123 177 119 172 176 222 229 359 299 339 381 377 438 373 490 413 422 389 403 369 292 253 178 156 133 87 

LossDepth:
SAlphaB:
0 0 0 0 0 0 0 0 0 0 0 0 0 0 0 0 0 0 0 0 0 0 0 0 0 0 0 0 0 0 0 0 0 0 0 0 0 1 0 2 31 6 8 4 11 19 18 47 39 61 72 173 104 107 88 191 123 177 119 172 176 222 229 359 299 339 381 377 438 373 490 413 422 389 403 369 292 253 178 156 133 87 

FirstWin:
0 0 0 0 0 0 0 0 0 0 0 0 0 0 0 0 0 0 0 0 0 0 0 0 0 0 0 0 0 0 0 0 0 0 0 0 0 1 0 2 0 6 0 4 0 19 0 47 0 61 0 173 0 107 0 191 0 177 0 172 0 222 0 359 0 339 0 377 0 373 0 413 0 389 0 369 0 253 0 156 0 87 
SAlphaB:
0 0 0 0 0 0 0 0 0 0 0 0 0 0 0 0 0 0 0 0 0 0 0 0 0 0 0 0 0 0 0 0 0 0 0 0 0 1 0 2 0 6 0 4 0 19 0 47 0 61 0 173 0 107 0 191 0 177 0 172 0 222 0 359 0 339 0 377 0 373 0 413 0 389 0 369 0 253 0 156 0 87 

SecondWin:
0 0 0 0 0 0 0 0 0 0 0 0 0 0 0 0 0 0 0 0 0 0 0 0 0 0 0 0 0 0 0 0 0 0 0 0 0 0 0 0 31 0 8 0 11 0 18 0 39 0 72 0 104 0 88 0 123 0 119 0 176 0 229 0 299 0 381 0 438 0 490 0 422 0 403 0 292 0 178 0 133 0 
SAlphaB:
0 0 0 0 0 0 0 0 0 0 0 0 0 0 0 0 0 0 0 0 0 0 0 0 0 0 0 0 0 0 0 0 0 0 0 0 0 0 0 0 31 0 8 0 11 0 18 0 39 0 72 0 104 0 88 0 123 0 119 0 176 0 229 0 299 0 381 0 438 0 490 0 422 0 403 0 292 0 178 0 133 0 
