0 30 71 69 -20 1 4 4

0 16 37 17 -6 6 7 24

0 38 61 38 -11 1 24 5

0 22 75 47 -14 0 1 5

0 34 66 25 -7 3 8 1

0 23 28 4 -11 6 21 9

0 40 84 71 -16 0 8 23

0 45 72 74 -9 6 12 8

0 23 89 33 -14 10 14 39

0 69 86 26 -11 5 40 0

0 43 94 74 -4 3 31 12

0 12 36 65 -13 0 3 20

0 3 96 62 -2 25 39 16

0 52 66 69 -2 13 25 15

0 4 81 94 -11 11 15 17

0 41 62 55 -1 3 19 4

0 69 80 31 -18 11 17 8

0 45 98 18 -19 4 35 42

0 13 93 33 -13 18 46 20

0 47 71 74 -14 15 42 2

0 40 66 77 -19 15 28 12

0 6 58 83 -17 25 31 17

0 11 12 48 -1 20 22 20

0 14 50 39 -11 3 6 34

0 8 96 26 -13 3 35 20

0 65 84 73 -20 0 28 21

0 34 88 39 -14 41 42 11

0 61 70 35 -20 5 10 9

0 24 72 11 -2 9 10 17

0 61 77 75 -10 24 27 17

0 24 49 1 -13 18 20 6

0 31 84 67 -15 0 2 46

0 2 32 21 -2 4 22 3

0 12 91 78 -6 2 3 45

0 37 45 84 -20 16 40 30

0 1 77 21 -5 22 48 18

0 15 88 90 -14 10 19 48

0 91 92 82 -20 6 9 9

0 8 47 28 -9 5 13 3

0 5 13 84 -4 7 8 2

0 15 33 58 -16 12 31 22

0 45 72 31 -1 4 7 25

0 19 34 30 -4 8 23 31

0 1 70 26 -1 5 8 0

0 14 22 97 -11 12 15 4

0 26 64 33 -20 9 22 34

0 6 42 50 -6 10 15 15

0 90 99 50 -9 8 10 1

0 13 80 20 -3 2 4 48

0 13 18 75 -6 14 18 2

0 22 52 96 -13 8 15 35

0 14 90 63 -20 6 45 40

0 13 16 89 -13 0 1 44

0 16 20 30 -13 8 15 20

0 14 48 80 -10 24 47 0

0 50 71 50 -11 40 46 32

0 15 80 5 -15 13 19 17

0 12 21 72 -17 7 16 11

0 11 54 97 -7 19 47 14

0 55 57 71 -7 24 27 2

0 32 93 9 -16 23 34 38

0 16 58 19 -19 6 40 24

0 9 16 15 -12 0 8 19

0 26 27 24 -13 28 35 0

0 14 54 36 -16 3 30 36

0 22 23 12 -17 7 8 30

0 7 87 21 -1 42 46 14

0 19 83 17 -17 10 45 36

0 4 68 69 -1 33 35 29

0 60 62 4 -20 12 31 48

0 17 44 56 -4 0 1 44

0 25 50 97 -17 4 36 3

0 6 15 18 -8 11 22 5

0 10 40 49 -8 8 28 11

0 1 33 86 -1 1 2 27

0 24 46 23 -8 10 46 21

0 44 46 5 -2 3 16 42

0 7 23 28 -17 11 48 25

0 6 38 0 -17 6 13 32

0 2 8 43 -11 18 38 37

0 22 24 10 -15 3 4 27

0 24 43 73 -18 0 49 40

0 14 16 9 -2 0 1 18

0 0 1 85 -5 2 7 26

0 13 46 12 -10 3 48 30

0 3 6 82 -9 18 21 3

0 0 1 31 -8 5 18 35

0 1 8 51 -8 8 48 1

0 8 21 60 -1 14 33 38

0 13 47 78 -11 4 29 37

0 0 2 62 -18 10 46 22

0 4 12 96 -8 2 3 2

0 20 22 62 -18 21 32 6

0 20 30 1 -2 20 22 42

0 13 25 48 -4 23 42 32

0 5 27 88 -11 31 42 4

0 5 9 44 -19 16 28 31

0 8 22 71 -4 4 21 30

0 16 21 46 -6 19 35 44

0 1 3 75 -4 5 25 28


SAlphaB: 693.0, std-dev 258.39291629593714

Earliest win: 37
Latest win: 81

WinDepth:
0 0 0 0 0 0 0 0 0 0 0 0 0 0 0 0 0 0 0 0 0 0 0 0 0 0 0 0 0 0 0 0 0 0 0 0 0 2 2 8 1 5 1 17 4 21 16 55 15 66 85 171 97 135 114 184 133 191 117 188 177 214 266 328 350 360 418 385 472 385 446 450 407 403 421 373 263 223 191 132 109 72 
SAlphaB:
0 0 0 0 0 0 0 0 0 0 0 0 0 0 0 0 0 0 0 0 0 0 0 0 0 0 0 0 0 0 0 0 0 0 0 0 0 2 2 8 1 5 1 17 4 21 16 55 15 66 85 171 97 135 114 184 133 191 117 188 177 214 266 328 350 360 418 385 472 385 446 450 407 403 421 373 263 223 191 132 109 72 

LossDepth:
SAlphaB:
0 0 0 0 0 0 0 0 0 0 0 0 0 0 0 0 0 0 0 0 0 0 0 0 0 0 0 0 0 0 0 0 0 0 0 0 0 2 2 8 1 5 1 17 4 21 16 55 15 66 85 171 97 135 114 184 133 191 117 188 177 214 266 328 350 360 418 385 472 385 446 450 407 403 421 373 263 223 191 132 109 72 

FirstWin:
0 0 0 0 0 0 0 0 0 0 0 0 0 0 0 0 0 0 0 0 0 0 0 0 0 0 0 0 0 0 0 0 0 0 0 0 0 2 0 8 0 5 0 17 0 21 0 55 0 66 0 171 0 135 0 184 0 191 0 188 0 214 0 328 0 360 0 385 0 385 0 450 0 403 0 373 0 223 0 132 0 72 
SAlphaB:
0 0 0 0 0 0 0 0 0 0 0 0 0 0 0 0 0 0 0 0 0 0 0 0 0 0 0 0 0 0 0 0 0 0 0 0 0 2 0 8 0 5 0 17 0 21 0 55 0 66 0 171 0 135 0 184 0 191 0 188 0 214 0 328 0 360 0 385 0 385 0 450 0 403 0 373 0 223 0 132 0 72 

SecondWin:
0 0 0 0 0 0 0 0 0 0 0 0 0 0 0 0 0 0 0 0 0 0 0 0 0 0 0 0 0 0 0 0 0 0 0 0 0 0 2 0 1 0 1 0 4 0 16 0 15 0 85 0 97 0 114 0 133 0 117 0 177 0 266 0 350 0 418 0 472 0 446 0 407 0 421 0 263 0 191 0 109 0 
SAlphaB:
0 0 0 0 0 0 0 0 0 0 0 0 0 0 0 0 0 0 0 0 0 0 0 0 0 0 0 0 0 0 0 0 0 0 0 0 0 0 2 0 1 0 1 0 4 0 16 0 15 0 85 0 97 0 114 0 133 0 117 0 177 0 266 0 350 0 418 0 472 0 446 0 407 0 421 0 263 0 191 0 109 0 
