0 85 86 27 -18 8 16 35

0 79 97 97 -9 9 27 29

0 50 83 81 -10 7 25 41

0 68 78 75 -9 5 28 48

0 38 75 81 -3 16 38 16

0 25 48 76 -2 10 12 8

0 62 69 7 -14 2 5 27

0 50 68 10 -14 7 19 31

0 25 49 20 -1 13 37 2

0 4 49 30 -11 6 14 15

0 2 35 28 -16 3 8 19

0 44 67 72 -3 2 12 17

0 33 96 60 -1 5 16 27

0 22 85 62 -11 2 13 34

0 39 73 45 -20 1 2 24

0 22 29 13 -9 1 9 12

0 41 93 79 -2 11 36 37

0 47 95 75 -7 0 28 43

0 26 56 8 -9 3 21 3

0 49 78 19 -1 9 12 9

0 42 69 20 -9 10 34 18

0 8 70 37 -11 11 26 14

0 16 25 25 -1 21 31 12

0 84 92 86 -7 0 32 5

0 5 90 79 -18 5 18 35

0 21 36 83 -10 7 14 0

0 81 93 62 -10 2 4 38

0 29 56 80 -4 40 46 36

0 66 97 95 -17 15 21 28

0 49 52 80 -18 11 19 9

0 26 33 53 -11 11 30 47

0 75 85 36 -16 1 2 49

0 39 66 34 -4 12 42 3

0 59 61 43 -17 14 24 23

0 43 54 95 -4 40 42 35

0 25 94 69 -14 7 14 48

0 17 67 29 -13 14 42 29

0 57 60 85 -8 12 49 40

0 3 16 51 -11 27 28 32

0 17 57 93 -3 1 19 0

0 17 57 56 -14 22 47 18

0 64 84 14 -1 2 3 16

0 20 35 34 -19 3 27 18

0 26 70 44 -5 6 26 38

0 55 81 60 -11 31 44 1

0 11 62 22 -8 7 13 16

0 42 98 50 -4 42 43 47

0 16 33 59 -19 6 7 2

0 24 89 47 -5 7 44 32

0 10 56 52 -4 44 46 21

0 23 78 34 -18 2 44 17

0 11 94 65 -16 2 9 0

0 6 32 86 -3 0 2 21

0 5 76 21 -13 17 43 32

0 3 26 71 -8 11 19 28

0 33 38 99 -11 22 28 29

0 27 28 62 -14 11 12 49

0 6 51 71 -15 13 44 11

0 12 20 79 -4 11 26 21

0 32 36 0 -13 12 29 12

0 48 66 87 -3 1 9 36

0 8 30 89 -11 20 32 30

0 11 51 86 -12 2 21 30

0 26 32 87 -16 30 46 35

0 28 51 69 -11 23 45 19

0 0 11 60 -15 4 30 42

0 7 94 26 -6 8 12 28

0 11 45 27 -4 0 2 22

0 10 30 39 -1 8 35 1

0 43 56 98 -19 13 28 16

0 6 14 60 -4 3 9 0

0 20 77 37 -14 13 38 49

0 0 71 1 -2 2 7 30

0 27 58 44 -19 4 22 16

0 12 13 58 -14 12 30 45

0 4 64 10 -9 26 37 41

0 6 15 69 -1 38 46 27

0 17 52 82 -13 2 42 48

0 0 2 75 -17 45 47 47

0 3 41 42 -1 12 18 44

0 44 93 69 -20 28 44 48

0 8 15 63 -2 21 46 34

0 19 24 97 -7 33 49 26

0 17 54 15 -16 9 18 16

0 14 21 79 -9 22 29 3

0 1 36 30 -8 14 35 47

0 61 87 99 -4 35 40 10

0 6 11 53 -3 5 10 35

0 22 23 11 -2 3 43 18

0 21 28 0 -4 3 20 16

0 39 44 10 -5 11 14 39

0 19 37 17 -9 15 32 28

0 3 34 22 -12 18 32 41

0 5 32 4 -12 20 39 6

0 1 6 10 -12 3 5 43

0 2 23 44 -7 0 30 17

0 0 12 69 -20 3 11 23

0 0 5 78 -9 0 3 47

0 1 2 41 -7 9 12 0

0 7 15 25 -8 2 9 39


SAlphaB: 708.0, std-dev 262.29452390914923

Earliest win: 37
Latest win: 81

WinDepth:
0 0 0 0 0 0 0 0 0 0 0 0 0 0 0 0 0 0 0 0 0 0 0 0 0 0 0 0 0 0 0 0 0 0 0 0 0 2 1 0 1 8 2 6 13 13 36 25 19 66 64 172 83 133 103 180 98 176 143 178 177 231 210 329 369 406 422 391 418 448 466 483 395 442 396 374 250 234 171 130 104 73 
SAlphaB:
0 0 0 0 0 0 0 0 0 0 0 0 0 0 0 0 0 0 0 0 0 0 0 0 0 0 0 0 0 0 0 0 0 0 0 0 0 2 1 0 1 8 2 6 13 13 36 25 19 66 64 172 83 133 103 180 98 176 143 178 177 231 210 329 369 406 422 391 418 448 466 483 395 442 396 374 250 234 171 130 104 73 

LossDepth:
SAlphaB:
0 0 0 0 0 0 0 0 0 0 0 0 0 0 0 0 0 0 0 0 0 0 0 0 0 0 0 0 0 0 0 0 0 0 0 0 0 2 1 0 1 8 2 6 13 13 36 25 19 66 64 172 83 133 103 180 98 176 143 178 177 231 210 329 369 406 422 391 418 448 466 483 395 442 396 374 250 234 171 130 104 73 

FirstWin:
0 0 0 0 0 0 0 0 0 0 0 0 0 0 0 0 0 0 0 0 0 0 0 0 0 0 0 0 0 0 0 0 0 0 0 0 0 2 0 0 0 8 0 6 0 13 0 25 0 66 0 172 0 133 0 180 0 176 0 178 0 231 0 329 0 406 0 391 0 448 0 483 0 442 0 374 0 234 0 130 0 73 
SAlphaB:
0 0 0 0 0 0 0 0 0 0 0 0 0 0 0 0 0 0 0 0 0 0 0 0 0 0 0 0 0 0 0 0 0 0 0 0 0 2 0 0 0 8 0 6 0 13 0 25 0 66 0 172 0 133 0 180 0 176 0 178 0 231 0 329 0 406 0 391 0 448 0 483 0 442 0 374 0 234 0 130 0 73 

SecondWin:
0 0 0 0 0 0 0 0 0 0 0 0 0 0 0 0 0 0 0 0 0 0 0 0 0 0 0 0 0 0 0 0 0 0 0 0 0 0 1 0 1 0 2 0 13 0 36 0 19 0 64 0 83 0 103 0 98 0 143 0 177 0 210 0 369 0 422 0 418 0 466 0 395 0 396 0 250 0 171 0 104 0 
SAlphaB:
0 0 0 0 0 0 0 0 0 0 0 0 0 0 0 0 0 0 0 0 0 0 0 0 0 0 0 0 0 0 0 0 0 0 0 0 0 0 1 0 1 0 2 0 13 0 36 0 19 0 64 0 83 0 103 0 98 0 143 0 177 0 210 0 369 0 422 0 418 0 466 0 395 0 396 0 250 0 171 0 104 0 
