0 29 81 37 -10 1 8 12

0 27 57 34 -11 1 6 6

0 23 69 28 -4 0 12 9

0 11 93 70 -9 19 44 14

0 9 64 33 -2 1 2 4

0 7 95 80 -10 28 34 23

0 64 87 61 -12 6 45 34

0 10 63 81 -10 0 1 33

0 58 87 72 -12 7 16 28

0 67 88 91 -6 14 23 23

0 17 62 89 -5 6 16 16

0 33 80 15 -14 7 9 40

0 15 68 61 -1 22 36 6

0 31 89 36 -12 8 9 25

0 14 78 46 -8 24 46 17

0 30 77 88 -1 27 46 0

0 80 98 35 -15 10 24 37

0 10 92 29 -13 3 4 2

0 89 99 83 -6 19 34 39

0 19 84 38 -7 15 44 9

0 13 51 97 -8 3 4 10

0 12 55 39 -16 34 38 12

0 52 87 14 -5 1 16 45

0 6 62 95 -7 33 42 31

0 55 74 87 -4 1 3 39

0 89 99 48 -18 0 1 15

0 72 82 53 -3 0 46 47

0 50 63 14 -2 20 21 27

0 13 99 26 -17 12 40 12

0 19 58 76 -9 5 10 38

0 31 54 38 -10 2 38 33

0 15 18 56 -17 4 11 14

0 37 57 35 -3 0 10 20

0 56 85 95 -4 42 49 26

0 19 37 61 -5 9 42 0

0 33 79 8 -1 28 49 1

0 33 72 48 -12 38 41 12

0 16 20 90 -7 5 14 25

0 36 59 94 -13 24 36 31

0 34 91 63 -14 10 42 24

0 64 93 29 -9 35 40 28

0 69 81 45 -4 19 27 33

0 87 91 13 -6 16 23 28

0 10 96 19 -19 6 12 1

0 44 53 74 -17 0 43 19

0 8 26 15 -11 7 19 22

0 71 82 73 -11 1 5 21

0 20 46 35 -16 4 37 31

0 11 81 11 -6 38 47 13

0 9 11 16 -10 1 3 0

0 53 69 58 -3 31 44 36

0 9 12 61 -8 8 19 31

0 53 73 42 -2 0 1 16

0 12 59 28 -12 1 25 1

0 26 39 76 -3 27 36 34

0 1 11 99 -18 0 13 11

0 35 41 54 -18 29 32 39

0 17 25 84 -3 14 27 40

0 4 12 61 -18 4 33 29

0 14 20 71 -6 0 20 15

0 1 94 51 -20 29 35 0

0 28 51 42 -15 14 38 15

0 2 3 70 -5 0 2 14

0 24 26 88 -1 12 23 32

0 17 23 61 -19 4 9 2

0 8 21 90 -17 15 16 43

0 24 49 41 -10 11 24 41

0 6 44 80 -13 9 22 41

0 0 30 52 -10 17 31 47

0 0 25 72 -13 5 13 42

0 23 74 24 -7 2 45 39

0 3 11 20 -2 0 14 6

0 16 34 94 -9 0 33 11

0 10 20 50 -15 10 36 25

0 23 66 50 -11 15 29 31

0 9 25 90 -4 30 31 34

0 13 14 35 -12 12 46 15

0 21 29 38 -10 11 24 44

0 2 9 46 -10 27 34 10

0 5 9 37 -1 10 35 5

0 13 20 48 -17 2 42 35

0 6 9 60 -6 29 31 45

0 9 31 25 -1 37 39 49

0 5 16 57 -3 3 44 12

0 18 26 48 -15 9 18 40

0 4 26 26 -5 14 38 48

0 1 5 66 -16 3 8 40

0 0 22 61 -14 0 15 30

0 0 6 91 -3 14 32 30

0 5 6 13 -4 20 23 25

0 2 5 26 -20 3 34 18

0 2 23 67 -19 41 44 3

0 4 5 27 -16 4 7 23

0 14 21 13 -5 1 2 43

0 12 14 86 -19 1 28 38

0 10 14 3 -10 14 15 48

0 0 28 40 -7 0 5 49

0 5 17 11 -16 25 34 3

0 2 20 90 -6 1 5 32

0 0 1 3 -12 0 42 26


SAlphaB: 693.0, std-dev 246.3314042242091

Earliest win: 37
Latest win: 81

WinDepth:
0 0 0 0 0 0 0 0 0 0 0 0 0 0 0 0 0 0 0 0 0 0 0 0 0 0 0 0 0 0 0 0 0 0 0 0 0 2 0 2 0 4 1 20 4 8 13 42 28 92 89 321 99 142 99 156 122 158 135 178 214 219 236 328 322 344 400 354 413 393 402 438 434 411 464 362 277 231 200 120 99 74 
SAlphaB:
0 0 0 0 0 0 0 0 0 0 0 0 0 0 0 0 0 0 0 0 0 0 0 0 0 0 0 0 0 0 0 0 0 0 0 0 0 2 0 2 0 4 1 20 4 8 13 42 28 92 89 321 99 142 99 156 122 158 135 178 214 219 236 328 322 344 400 354 413 393 402 438 434 411 464 362 277 231 200 120 99 74 

LossDepth:
SAlphaB:
0 0 0 0 0 0 0 0 0 0 0 0 0 0 0 0 0 0 0 0 0 0 0 0 0 0 0 0 0 0 0 0 0 0 0 0 0 2 0 2 0 4 1 20 4 8 13 42 28 92 89 321 99 142 99 156 122 158 135 178 214 219 236 328 322 344 400 354 413 393 402 438 434 411 464 362 277 231 200 120 99 74 

FirstWin:
0 0 0 0 0 0 0 0 0 0 0 0 0 0 0 0 0 0 0 0 0 0 0 0 0 0 0 0 0 0 0 0 0 0 0 0 0 2 0 2 0 4 0 20 0 8 0 42 0 92 0 321 0 142 0 156 0 158 0 178 0 219 0 328 0 344 0 354 0 393 0 438 0 411 0 362 0 231 0 120 0 74 
SAlphaB:
0 0 0 0 0 0 0 0 0 0 0 0 0 0 0 0 0 0 0 0 0 0 0 0 0 0 0 0 0 0 0 0 0 0 0 0 0 2 0 2 0 4 0 20 0 8 0 42 0 92 0 321 0 142 0 156 0 158 0 178 0 219 0 328 0 344 0 354 0 393 0 438 0 411 0 362 0 231 0 120 0 74 

SecondWin:
0 0 0 0 0 0 0 0 0 0 0 0 0 0 0 0 0 0 0 0 0 0 0 0 0 0 0 0 0 0 0 0 0 0 0 0 0 0 0 0 0 0 1 0 4 0 13 0 28 0 89 0 99 0 99 0 122 0 135 0 214 0 236 0 322 0 400 0 413 0 402 0 434 0 464 0 277 0 200 0 99 0 
SAlphaB:
0 0 0 0 0 0 0 0 0 0 0 0 0 0 0 0 0 0 0 0 0 0 0 0 0 0 0 0 0 0 0 0 0 0 0 0 0 0 0 0 0 0 1 0 4 0 13 0 28 0 89 0 99 0 99 0 122 0 135 0 214 0 236 0 322 0 400 0 413 0 402 0 434 0 464 0 277 0 200 0 99 0 
