0 29 96 87 -17 1 13 25

0 48 99 42 -8 7 22 27

0 38 93 4 -7 0 19 13

0 36 47 34 -8 3 9 8

0 29 96 50 -17 1 10 30

0 66 93 29 -5 14 28 16

0 31 96 86 -18 4 16 20

0 58 95 75 -5 4 16 16

0 78 87 62 -16 6 33 15

0 71 84 80 -18 1 14 3

0 42 84 79 -10 6 12 6

0 49 74 90 -2 3 19 20

0 76 99 99 -3 16 38 17

0 61 90 71 -17 9 35 31

0 27 57 79 -2 2 18 15

0 62 86 1 -19 10 28 34

0 42 68 96 -10 2 11 8

0 24 77 87 -9 1 6 19

0 29 42 81 -20 1 3 2

0 43 91 77 -14 8 10 18

0 66 85 58 -19 8 28 15

0 23 46 10 -18 1 14 8

0 53 96 70 -10 14 20 15

0 41 91 28 -18 5 30 18

0 35 95 60 -13 0 17 21

0 34 84 13 -6 3 5 12

0 38 52 85 -2 8 22 16

0 17 98 22 -5 0 1 0

0 74 87 34 -13 16 46 3

0 77 87 22 -17 18 37 3

0 24 57 29 -12 0 1 28

0 24 26 34 -9 1 2 6

0 12 54 88 -10 0 5 3

0 41 57 34 -12 2 14 6

0 11 23 4 -1 3 5 0

0 54 84 12 -5 9 17 13

0 87 88 11 -4 4 39 4

0 48 78 24 -2 15 39 23

0 64 80 92 -15 2 13 9

0 23 26 22 -9 1 9 15

0 53 81 93 -4 4 31 10

0 52 88 76 -7 9 42 8

0 36 38 86 -19 0 2 13

0 27 36 30 -18 0 3 26

0 51 52 52 -7 3 7 19

0 54 55 79 -16 5 14 1

0 74 90 95 -11 8 30 20

0 48 72 80 -1 17 30 25

0 79 88 24 -11 10 26 48

0 55 83 23 -11 18 28 29

0 52 93 86 -16 3 8 33

0 90 91 82 -13 13 47 30

0 90 91 84 -12 2 4 4

0 53 92 54 -2 5 10 7

0 47 55 36 -19 2 4 16

0 8 52 4 -13 0 4 16

0 32 60 37 -20 3 14 18

0 53 73 79 -13 8 48 15

0 20 38 86 -18 2 5 5

0 17 55 0 -7 6 21 6

0 76 97 66 -17 9 15 31

0 74 92 39 -4 14 49 38

0 81 86 39 -10 26 27 7

0 37 64 49 -10 4 8 31

0 41 52 88 -18 5 22 25

0 47 61 0 -16 4 5 33

0 89 90 17 -6 8 19 5

0 64 78 92 -14 8 21 2

0 53 72 80 -3 3 29 38

0 54 65 94 -4 2 5 9

0 67 81 88 -19 8 25 22

0 28 59 78 -10 8 21 37

0 49 76 94 -8 3 35 0

0 69 89 32 -20 4 15 45

0 90 96 31 -5 12 13 1

0 59 80 26 -8 15 49 14

0 47 78 52 -4 9 36 41

0 43 69 8 -16 1 29 13

0 29 61 15 -2 1 2 0

0 12 56 65 -11 4 8 4

0 49 65 66 -14 0 4 34

0 18 87 80 -1 8 17 44

0 75 99 47 -18 4 5 31

0 71 90 31 -1 6 14 8

0 14 50 76 -4 2 14 14

0 15 59 78 -2 14 38 0

0 88 99 2 -5 15 23 37

0 14 95 26 -1 15 37 7

0 4 57 28 -2 8 23 21

0 31 33 61 -9 25 36 25

0 19 83 86 -13 2 21 17

0 67 82 79 -5 11 17 25

0 7 76 27 -13 23 46 17

0 23 62 88 -5 33 35 34

0 37 84 59 -6 21 24 33

0 76 82 47 -11 4 9 47

0 5 61 95 -7 18 20 18

0 28 64 48 -6 6 9 45

0 6 59 81 -12 20 26 25

0 10 70 68 -3 0 27 2


SAlphaB: 745.0, std-dev 254.35916624832976

Earliest win: 35
Latest win: 81

WinDepth:
0 0 0 0 0 0 0 0 0 0 0 0 0 0 0 0 0 0 0 0 0 0 0 0 0 0 0 0 0 0 0 0 0 0 0 3 0 22 2 15 6 42 12 45 46 40 40 150 69 137 118 312 154 289 269 420 362 571 333 546 505 615 585 772 810 935 868 1009 949 904 1006 998 890 882 980 731 562 515 451 284 186 166 
SAlphaB:
0 0 0 0 0 0 0 0 0 0 0 0 0 0 0 0 0 0 0 0 0 0 0 0 0 0 0 0 0 0 0 0 0 0 0 3 0 22 2 15 6 42 12 45 46 40 40 150 69 137 118 312 154 289 269 420 362 571 333 546 505 615 585 772 810 935 868 1009 949 904 1006 998 890 882 980 731 562 515 451 284 186 166 

LossDepth:
SAlphaB:
0 0 0 0 0 0 0 0 0 0 0 0 0 0 0 0 0 0 0 0 0 0 0 0 0 0 0 0 0 0 0 0 0 0 0 1 0 21 0 10 4 28 2 37 33 30 26 83 53 92 93 170 114 124 162 270 257 414 223 359 324 428 383 551 591 668 650 743 700 760 712 850 649 726 758 632 407 459 354 244 212 154 

FirstWin:
0 0 0 0 0 0 0 0 0 0 0 0 0 0 0 0 0 0 0 0 0 0 0 0 0 0 0 0 0 0 0 0 0 0 0 3 0 22 0 15 0 42 0 45 0 40 0 150 0 137 0 312 0 289 0 420 0 571 0 546 0 615 0 772 0 935 0 1009 0 904 0 998 0 882 0 731 0 515 0 284 0 166 
SAlphaB:
0 0 0 0 0 0 0 0 0 0 0 0 0 0 0 0 0 0 0 0 0 0 0 0 0 0 0 0 0 0 0 0 0 0 0 3 0 22 0 15 0 42 0 45 0 40 0 150 0 137 0 312 0 289 0 420 0 571 0 546 0 615 0 772 0 935 0 1009 0 904 0 998 0 882 0 731 0 515 0 284 0 166 

SecondWin:
0 0 0 0 0 0 0 0 0 0 0 0 0 0 0 0 0 0 0 0 0 0 0 0 0 0 0 0 0 0 0 0 0 0 0 0 0 0 2 0 6 0 12 0 46 0 40 0 69 0 118 0 154 0 269 0 362 0 333 0 505 0 585 0 810 0 868 0 949 0 1006 0 890 0 980 0 562 0 451 0 186 0 
SAlphaB:
0 0 0 0 0 0 0 0 0 0 0 0 0 0 0 0 0 0 0 0 0 0 0 0 0 0 0 0 0 0 0 0 0 0 0 0 0 0 2 0 6 0 12 0 46 0 40 0 69 0 118 0 154 0 269 0 362 0 333 0 505 0 585 0 810 0 868 0 949 0 1006 0 890 0 980 0 562 0 451 0 186 0 
