0 38 93 4 -7 0 19 13

0 90 91 84 -12 2 4 4

0 47 78 52 -4 9 36 41

0 78 87 62 -16 6 33 15

0 17 55 0 -7 6 21 6

0 36 47 34 -8 3 9 8

0 28 59 78 -10 8 21 37

0 90 91 82 -13 13 47 30

0 53 72 80 -3 3 29 38

0 17 98 22 -5 0 1 0

0 59 73 96 -7 0 3 8

0 72 85 64 -11 4 24 28

0 83 98 76 -14 11 45 7

0 52 54 61 -8 6 13 23

0 8 12 31 -14 0 4 6

0 34 66 92 -16 0 9 32

0 67 86 55 -4 25 37 25

0 7 53 31 -3 23 48 3

0 19 73 52 -13 12 35 19

0 50 70 95 -20 2 13 28

0 40 62 14 -13 9 11 27

0 11 63 14 -12 11 25 13

0 6 55 97 -10 3 9 8

0 19 57 64 -2 24 40 5

0 48 49 65 -10 11 28 31

0 28 65 22 -14 15 20 19

0 13 89 28 -20 3 31 13

0 16 56 52 -12 13 20 23

0 32 78 29 -20 14 28 3

0 55 64 71 -5 1 29 44

0 3 71 97 -13 2 3 5

0 7 59 83 -14 29 30 41

0 53 54 26 -10 8 32 3

0 23 26 92 -16 0 5 26

0 26 60 96 -4 2 6 41

0 6 74 7 -15 0 7 26

0 8 42 1 -2 24 28 21

0 5 19 14 -3 11 29 14

0 12 64 83 -1 7 11 43

0 42 63 75 -19 17 32 1

0 61 77 94 -17 38 45 28

0 49 82 13 -3 1 6 37

0 18 24 66 -20 5 19 37

0 76 82 62 -3 6 9 44

0 24 69 37 -13 14 28 20

0 31 58 37 -11 22 41 40

0 32 33 15 -5 3 4 19

0 39 62 57 -10 25 31 30

0 57 97 17 -5 0 1 28

0 0 32 57 -3 5 6 10

0 52 89 93 -6 25 31 12

0 26 57 89 -11 16 20 5

0 1 69 31 -9 2 3 0

0 36 43 61 -7 4 7 28

0 7 53 87 -4 2 8 19

0 6 69 5 -7 9 35 31

0 16 39 13 -12 31 35 21

0 54 96 96 -17 26 29 24

0 98 99 11 -6 5 8 36

0 15 30 59 -15 2 3 33

0 29 92 18 -3 20 35 29

0 25 40 93 -17 8 30 46

0 26 27 90 -7 5 18 41

0 48 77 23 -12 33 48 45

0 2 22 79 -5 31 37 40

0 18 51 10 -14 1 2 34

0 24 28 15 -4 6 7 23

0 6 38 79 -5 26 49 24

0 6 44 1 -13 17 41 10

0 16 93 71 -16 40 44 7

0 3 28 11 -2 34 40 35

0 30 59 56 -6 10 39 48

0 14 76 79 -15 1 22 45

0 18 76 11 -17 27 32 4

0 9 60 87 -2 0 3 25

0 25 77 1 -17 31 47 33

0 1 43 49 -15 2 32 25

0 15 32 8 -7 8 12 5

0 2 14 56 -1 40 45 39

0 29 52 55 -1 22 48 44

0 0 7 76 -9 14 17 32

0 15 65 71 -4 1 33 46

0 9 14 69 -3 39 45 15

0 19 34 99 -16 3 8 41

0 4 10 71 -7 8 33 19

0 11 18 69 -7 0 1 45

0 15 40 53 -3 3 42 8

0 23 59 53 -16 20 30 47

0 1 5 14 -14 9 18 44

0 18 21 67 -18 6 48 2

0 53 76 14 -1 31 37 20

0 1 6 39 -15 10 38 0

0 15 24 89 -1 3 42 21

0 3 8 30 -1 41 42 6

0 9 38 20 -11 1 15 39

0 0 4 58 -8 0 4 21

0 10 12 96 -3 1 12 10

0 3 34 57 -1 2 13 37

0 2 4 14 -10 7 46 27

0 7 14 4 -17 46 47 24


SAlphaB: 726.0, std-dev 274.94326531379915

Earliest win: 37
Latest win: 81

WinDepth:
0 0 0 0 0 0 0 0 0 0 0 0 0 0 0 0 0 0 0 0 0 0 0 0 0 0 0 0 0 0 0 0 0 0 0 0 0 9 1 5 2 11 3 33 7 14 12 48 12 57 67 162 138 118 97 156 110 180 153 181 177 246 250 302 356 341 385 396 403 421 407 465 377 393 441 378 242 256 221 157 117 94 
SAlphaB:
0 0 0 0 0 0 0 0 0 0 0 0 0 0 0 0 0 0 0 0 0 0 0 0 0 0 0 0 0 0 0 0 0 0 0 0 0 9 1 5 2 11 3 33 7 14 12 48 12 57 67 162 138 118 97 156 110 180 153 181 177 246 250 302 356 341 385 396 403 421 407 465 377 393 441 378 242 256 221 157 117 94 

LossDepth:
SAlphaB:
0 0 0 0 0 0 0 0 0 0 0 0 0 0 0 0 0 0 0 0 0 0 0 0 0 0 0 0 0 0 0 0 0 0 0 0 0 9 1 5 2 11 3 33 7 14 12 48 12 57 67 162 138 118 97 156 110 180 153 181 177 246 250 302 356 341 385 396 403 421 407 465 377 393 441 378 242 256 221 157 117 94 

FirstWin:
0 0 0 0 0 0 0 0 0 0 0 0 0 0 0 0 0 0 0 0 0 0 0 0 0 0 0 0 0 0 0 0 0 0 0 0 0 9 0 5 0 11 0 33 0 14 0 48 0 57 0 162 0 118 0 156 0 180 0 181 0 246 0 302 0 341 0 396 0 421 0 465 0 393 0 378 0 256 0 157 0 94 
SAlphaB:
0 0 0 0 0 0 0 0 0 0 0 0 0 0 0 0 0 0 0 0 0 0 0 0 0 0 0 0 0 0 0 0 0 0 0 0 0 9 0 5 0 11 0 33 0 14 0 48 0 57 0 162 0 118 0 156 0 180 0 181 0 246 0 302 0 341 0 396 0 421 0 465 0 393 0 378 0 256 0 157 0 94 

SecondWin:
0 0 0 0 0 0 0 0 0 0 0 0 0 0 0 0 0 0 0 0 0 0 0 0 0 0 0 0 0 0 0 0 0 0 0 0 0 0 1 0 2 0 3 0 7 0 12 0 12 0 67 0 138 0 97 0 110 0 153 0 177 0 250 0 356 0 385 0 403 0 407 0 377 0 441 0 242 0 221 0 117 0 
SAlphaB:
0 0 0 0 0 0 0 0 0 0 0 0 0 0 0 0 0 0 0 0 0 0 0 0 0 0 0 0 0 0 0 0 0 0 0 0 0 0 1 0 2 0 3 0 7 0 12 0 12 0 67 0 138 0 97 0 110 0 153 0 177 0 250 0 356 0 385 0 403 0 407 0 377 0 441 0 242 0 221 0 117 0 
