0 77 87 22 -17 18 37 3

0 61 90 71 -17 9 35 31

0 74 92 39 -4 14 49 38

0 55 83 23 -11 18 28 29

0 76 82 47 -11 4 9 47

0 49 76 94 -8 3 35 0

0 41 91 28 -18 5 30 18

0 31 33 61 -9 25 36 25

0 67 82 79 -5 11 17 25

0 87 88 11 -4 4 39 4

0 41 90 19 -20 3 10 49

0 26 59 0 -4 11 19 20

0 37 71 58 -16 1 8 40

0 46 91 13 -4 2 3 7

0 21 23 51 -15 4 11 29

0 16 56 52 -19 0 1 43

0 66 83 6 -14 6 9 19

0 7 68 3 -19 0 2 3

0 8 44 29 -16 1 13 26

0 13 97 73 -19 29 41 44

0 6 95 37 -13 0 2 38

0 74 94 1 -7 3 13 38

0 43 82 15 -3 2 4 12

0 32 64 75 -5 19 22 47

0 59 78 32 -10 0 2 35

0 41 75 22 -13 0 1 35

0 72 89 46 -2 22 33 25

0 41 65 67 -2 3 11 20

0 8 33 86 -6 11 34 3

0 4 95 34 -11 3 42 27

0 66 96 44 -16 25 30 10

0 18 42 77 -6 13 34 29

0 1 78 24 -19 22 33 33

0 25 44 4 -16 15 18 37

0 5 60 65 -3 0 23 31

0 39 62 67 -3 27 36 18

0 9 92 98 -13 28 44 6

0 4 14 91 -4 0 1 26

0 7 14 61 -4 15 21 20

0 12 49 91 -7 1 2 24

0 52 68 53 -1 20 30 6

0 25 80 54 -20 7 30 43

0 27 32 48 -1 19 37 13

0 21 57 93 -14 33 37 47

0 26 41 95 -12 1 2 42

0 31 63 67 -13 13 47 6

0 35 70 88 -2 2 8 46

0 9 40 81 -8 25 43 10

0 41 51 98 -5 1 32 33

0 4 50 33 -2 7 42 11

0 60 80 37 -15 23 41 42

0 2 42 3 -13 0 1 39

0 14 49 70 -6 14 21 22

0 31 71 38 -16 37 49 0

0 23 29 46 -13 32 44 20

0 9 55 20 -12 17 20 23

0 4 47 23 -18 30 40 7

0 26 81 68 -18 20 33 32

0 14 18 1 -9 8 9 19

0 19 26 27 -6 4 5 36

0 57 68 62 -3 28 45 2

0 16 21 34 -15 8 9 6

0 4 77 81 -5 42 48 30

0 10 26 39 -15 4 10 46

0 66 74 58 -17 30 44 42

0 24 28 11 -19 2 3 26

0 1 11 73 -20 11 12 13

0 10 72 34 -15 23 28 10

0 0 92 45 -1 1 18 43

0 19 27 89 -10 8 29 15

0 29 44 70 -3 28 35 31

0 35 38 58 -7 1 2 25

0 0 21 35 -11 12 35 8

0 1 2 95 -7 7 12 37

0 10 19 57 -10 9 11 40

0 13 59 25 -18 30 32 46

0 68 73 52 -3 37 42 34

0 6 21 3 -8 6 9 14

0 3 16 10 -4 6 19 17

0 2 16 70 -17 9 35 3

0 2 4 63 -20 2 3 24

0 16 23 54 -16 12 31 34

0 5 6 64 -6 2 7 18

0 22 78 31 -16 14 25 37

0 8 11 56 -20 1 21 29

0 2 5 90 -3 20 30 17

0 7 18 64 -10 14 42 32

0 0 11 49 -10 24 30 30

0 7 18 42 -6 16 37 36

0 4 22 10 -4 14 26 40

0 1 3 85 -12 25 46 17

0 10 37 29 -12 3 38 49

0 3 19 65 -11 30 40 0

0 2 4 28 -11 4 9 15

0 3 7 38 -18 7 10 27

0 6 10 36 -1 12 43 30

0 0 1 9 -11 0 34 8

0 0 1 5 -1 12 20 46

0 0 1 25 -5 7 13 47

0 6 51 71 -6 4 33 36


SAlphaB: 709.0, std-dev 273.1861266572294

Earliest win: 37
Latest win: 81

WinDepth:
0 0 0 0 0 0 0 0 0 0 0 0 0 0 0 0 0 0 0 0 0 0 0 0 0 0 0 0 0 0 0 0 0 0 0 0 0 3 0 3 1 6 3 21 3 38 20 47 24 79 35 257 53 121 85 172 103 165 154 182 148 228 185 288 328 405 427 384 487 399 483 412 489 393 386 400 227 250 174 105 93 97 
SAlphaB:
0 0 0 0 0 0 0 0 0 0 0 0 0 0 0 0 0 0 0 0 0 0 0 0 0 0 0 0 0 0 0 0 0 0 0 0 0 3 0 3 1 6 3 21 3 38 20 47 24 79 35 257 53 121 85 172 103 165 154 182 148 228 185 288 328 405 427 384 487 399 483 412 489 393 386 400 227 250 174 105 93 97 

LossDepth:
SAlphaB:
0 0 0 0 0 0 0 0 0 0 0 0 0 0 0 0 0 0 0 0 0 0 0 0 0 0 0 0 0 0 0 0 0 0 0 0 0 3 0 3 1 6 3 21 3 38 20 47 24 79 35 257 53 121 85 172 103 165 154 182 148 228 185 288 328 405 427 384 487 399 483 412 489 393 386 400 227 250 174 105 93 97 

FirstWin:
0 0 0 0 0 0 0 0 0 0 0 0 0 0 0 0 0 0 0 0 0 0 0 0 0 0 0 0 0 0 0 0 0 0 0 0 0 3 0 3 0 6 0 21 0 38 0 47 0 79 0 257 0 121 0 172 0 165 0 182 0 228 0 288 0 405 0 384 0 399 0 412 0 393 0 400 0 250 0 105 0 97 
SAlphaB:
0 0 0 0 0 0 0 0 0 0 0 0 0 0 0 0 0 0 0 0 0 0 0 0 0 0 0 0 0 0 0 0 0 0 0 0 0 3 0 3 0 6 0 21 0 38 0 47 0 79 0 257 0 121 0 172 0 165 0 182 0 228 0 288 0 405 0 384 0 399 0 412 0 393 0 400 0 250 0 105 0 97 

SecondWin:
0 0 0 0 0 0 0 0 0 0 0 0 0 0 0 0 0 0 0 0 0 0 0 0 0 0 0 0 0 0 0 0 0 0 0 0 0 0 0 0 1 0 3 0 3 0 20 0 24 0 35 0 53 0 85 0 103 0 154 0 148 0 185 0 328 0 427 0 487 0 483 0 489 0 386 0 227 0 174 0 93 0 
SAlphaB:
0 0 0 0 0 0 0 0 0 0 0 0 0 0 0 0 0 0 0 0 0 0 0 0 0 0 0 0 0 0 0 0 0 0 0 0 0 0 0 0 1 0 3 0 3 0 20 0 24 0 35 0 53 0 85 0 103 0 154 0 148 0 185 0 328 0 427 0 487 0 483 0 489 0 386 0 227 0 174 0 93 0 
