0 48 99 42 -8 7 22 27

0 64 78 92 -14 8 21 2

0 14 95 26 -1 15 37 7

0 20 38 86 -18 2 5 5

0 71 84 80 -18 1 14 3

0 54 55 79 -16 5 14 1

0 28 64 48 -6 6 9 45

0 47 61 0 -16 4 5 33

0 37 64 49 -10 4 8 31

0 49 65 66 -14 0 4 34

0 87 96 10 -17 5 20 10

0 26 37 57 -7 0 5 7

0 24 45 60 -8 19 27 11

0 52 58 17 -15 11 28 28

0 4 32 31 -5 0 10 17

0 28 92 89 -5 15 23 45

0 80 96 22 -19 3 5 45

0 40 68 19 -9 10 13 34

0 81 98 57 -17 7 24 27

0 31 91 1 -1 7 43 49

0 35 54 8 -3 13 24 37

0 37 92 80 -17 17 31 19

0 5 79 16 -15 5 29 35

0 21 68 70 -5 38 49 25

0 9 31 36 -3 0 1 20

0 17 60 25 -16 12 30 12

0 42 69 6 -17 14 19 33

0 26 32 88 -16 36 47 39

0 32 76 84 -6 33 45 17

0 10 54 58 -18 17 48 7

0 32 93 52 -6 0 6 47

0 18 22 39 -14 4 19 17

0 17 35 71 -7 28 40 18

0 15 48 4 -16 5 17 35

0 71 96 43 -9 1 16 42

0 65 89 52 -17 6 10 42

0 14 64 74 -2 27 34 29

0 41 57 67 -19 19 37 0

0 1 75 42 -5 1 6 40

0 46 54 94 -11 34 45 43

0 55 80 84 -2 28 32 49

0 15 18 96 -7 2 8 6

0 23 98 4 -19 11 17 42

0 81 82 74 -1 19 27 48

0 6 20 46 -17 20 22 44

0 5 44 35 -1 7 40 9

0 17 55 86 -19 12 19 12

0 12 65 47 -13 5 42 20

0 41 87 60 -15 12 22 20

0 22 26 11 -3 10 18 25

0 14 30 61 -12 18 30 26

0 9 85 36 -5 13 16 49

0 46 60 34 -2 0 8 41

0 31 41 91 -9 35 37 43

0 16 44 89 -5 3 5 49

0 17 83 0 -18 16 32 13

0 4 38 58 -2 11 14 39

0 4 26 72 -15 6 11 24

0 6 24 63 -4 4 26 10

0 52 55 83 -11 0 38 42

0 56 64 69 -6 30 36 19

0 39 41 26 -3 2 46 13

0 55 62 34 -3 28 33 28

0 9 61 26 -1 25 41 30

0 12 29 5 -11 4 23 25

0 7 38 66 -16 17 20 11

0 8 19 91 -20 0 17 24

0 18 34 51 -16 4 18 4

0 4 38 12 -13 32 37 47

0 7 16 71 -15 7 17 32

0 6 29 81 -13 22 39 3

0 6 48 20 -19 4 40 10

0 0 31 80 -9 8 46 30

0 4 19 7 -15 28 33 9

0 6 16 97 -6 7 17 11

0 33 52 45 -19 2 33 44

0 10 22 44 -18 14 28 10

0 1 7 12 -16 9 10 4

0 27 29 55 -11 16 29 41

0 1 29 56 -5 12 45 22

0 6 19 63 -16 5 23 25

0 7 9 75 -12 7 9 13

0 0 1 65 -17 1 18 31

0 2 7 73 -8 44 48 7

0 3 36 48 -17 14 48 7

0 6 12 22 -7 22 29 34

0 4 46 17 -10 9 40 37

0 25 77 33 -12 0 44 39

0 5 22 88 -3 15 36 42

0 3 5 1 -14 13 42 30

0 27 37 67 -3 1 45 38

0 5 16 25 -11 13 22 34

0 13 17 28 -4 39 40 25

0 3 4 63 -7 46 49 46

0 12 14 14 -8 1 15 17

0 16 32 27 -12 20 28 38

0 3 15 58 -6 1 34 38

0 1 8 67 -5 24 27 44

0 8 56 66 -8 1 27 49

0 9 15 1 -17 9 11 44


SAlphaB: 713.0, std-dev 254.38299824866402

Earliest win: 39
Latest win: 81

WinDepth:
0 0 0 0 0 0 0 0 0 0 0 0 0 0 0 0 0 0 0 0 0 0 0 0 0 0 0 0 0 0 0 0 0 0 0 0 0 0 0 5 1 8 5 15 4 11 27 18 32 61 54 208 81 104 63 168 143 194 148 193 163 229 229 345 296 372 443 360 392 394 430 464 442 371 404 352 254 248 208 135 137 62 
SAlphaB:
0 0 0 0 0 0 0 0 0 0 0 0 0 0 0 0 0 0 0 0 0 0 0 0 0 0 0 0 0 0 0 0 0 0 0 0 0 0 0 5 1 8 5 15 4 11 27 18 32 61 54 208 81 104 63 168 143 194 148 193 163 229 229 345 296 372 443 360 392 394 430 464 442 371 404 352 254 248 208 135 137 62 

LossDepth:
SAlphaB:
0 0 0 0 0 0 0 0 0 0 0 0 0 0 0 0 0 0 0 0 0 0 0 0 0 0 0 0 0 0 0 0 0 0 0 0 0 0 0 5 1 8 5 15 4 11 27 18 32 61 54 208 81 104 63 168 143 194 148 193 163 229 229 345 296 372 443 360 392 394 430 464 442 371 404 352 254 248 208 135 137 62 

FirstWin:
0 0 0 0 0 0 0 0 0 0 0 0 0 0 0 0 0 0 0 0 0 0 0 0 0 0 0 0 0 0 0 0 0 0 0 0 0 0 0 5 0 8 0 15 0 11 0 18 0 61 0 208 0 104 0 168 0 194 0 193 0 229 0 345 0 372 0 360 0 394 0 464 0 371 0 352 0 248 0 135 0 62 
SAlphaB:
0 0 0 0 0 0 0 0 0 0 0 0 0 0 0 0 0 0 0 0 0 0 0 0 0 0 0 0 0 0 0 0 0 0 0 0 0 0 0 5 0 8 0 15 0 11 0 18 0 61 0 208 0 104 0 168 0 194 0 193 0 229 0 345 0 372 0 360 0 394 0 464 0 371 0 352 0 248 0 135 0 62 

SecondWin:
0 0 0 0 0 0 0 0 0 0 0 0 0 0 0 0 0 0 0 0 0 0 0 0 0 0 0 0 0 0 0 0 0 0 0 0 0 0 0 0 1 0 5 0 4 0 27 0 32 0 54 0 81 0 63 0 143 0 148 0 163 0 229 0 296 0 443 0 392 0 430 0 442 0 404 0 254 0 208 0 137 0 
SAlphaB:
0 0 0 0 0 0 0 0 0 0 0 0 0 0 0 0 0 0 0 0 0 0 0 0 0 0 0 0 0 0 0 0 0 0 0 0 0 0 0 0 1 0 5 0 4 0 27 0 32 0 54 0 81 0 63 0 143 0 148 0 163 0 229 0 296 0 443 0 392 0 430 0 442 0 404 0 254 0 208 0 137 0 
