0 12 54 88 -10 0 5 3

0 32 60 37 -20 3 14 18

0 11 23 4 -1 3 5 0

0 66 85 58 -19 8 28 15

0 76 99 99 -3 16 38 17

0 24 77 87 -9 1 6 19

0 52 93 86 -16 3 8 33

0 88 99 2 -5 15 23 37

0 43 91 77 -14 8 10 18

0 6 59 81 -12 20 26 25

0 62 68 53 -11 2 12 16

0 58 65 96 -12 0 8 7

0 1 30 19 -10 5 17 18

0 25 79 56 -5 8 29 24

0 21 43 58 -1 3 10 13

0 56 64 77 -20 41 44 22

0 73 80 52 -8 7 18 2

0 73 99 11 -4 0 20 0

0 28 76 38 -14 1 2 35

0 9 84 98 -7 20 43 38

0 24 93 55 -14 6 9 10

0 44 79 27 -8 45 48 23

0 15 97 51 -7 0 24 10

0 69 76 56 -18 2 42 47

0 16 31 88 -10 10 30 33

0 44 75 26 -13 1 30 31

0 31 39 48 -2 4 6 23

0 53 57 54 -6 15 41 49

0 81 94 24 -6 9 20 40

0 37 51 98 -13 4 7 42

0 17 26 99 -7 15 26 24

0 55 72 82 -18 12 27 17

0 37 93 41 -18 9 35 35

0 13 19 31 -3 2 11 0

0 13 77 65 -8 2 19 40

0 23 97 1 -13 20 21 23

0 8 54 82 -6 14 21 21

0 35 47 52 -16 13 15 12

0 5 72 60 -20 36 44 15

0 54 73 1 -2 10 45 19

0 8 50 14 -6 5 6 13

0 2 47 71 -17 3 6 26

0 13 59 46 -7 2 15 33

0 46 96 52 -1 28 48 43

0 1 42 96 -11 18 22 20

0 52 97 63 -19 20 28 6

0 52 60 52 -2 2 9 33

0 71 92 45 -2 0 2 12

0 83 91 58 -16 4 5 1

0 20 23 61 -11 5 19 21

0 29 66 68 -11 20 30 25

0 30 37 59 -12 14 27 19

0 26 45 59 -16 6 14 13

0 27 39 94 -15 10 12 46

0 53 77 8 -5 16 37 45

0 57 98 46 -4 27 43 33

0 18 53 26 -20 2 16 40

0 11 35 27 -1 20 47 16

0 17 37 79 -18 16 30 22

0 27 38 75 -12 8 48 21

0 25 61 53 -20 16 19 44

0 30 32 33 -17 42 46 34

0 1 36 78 -10 7 27 16

0 48 49 32 -19 33 47 13

0 4 28 73 -18 16 34 10

0 20 31 51 -19 10 26 49

0 53 61 16 -19 25 30 30

0 9 24 90 -3 6 10 43

0 25 47 64 -3 28 34 47

0 2 3 93 -12 26 45 15

0 7 29 3 -8 17 41 24

0 22 53 65 -19 3 28 47

0 21 35 83 -12 12 44 38

0 0 1 98 -15 2 5 26

0 12 20 4 -19 18 32 7

0 20 63 66 -13 19 27 0

0 64 74 54 -9 27 34 10

0 13 15 37 -17 6 14 10

0 0 11 85 -2 36 48 27

0 10 45 78 -1 0 11 29

0 5 13 50 -18 10 15 9

0 3 24 18 -3 4 24 17

0 16 19 11 -9 23 40 33

0 6 8 83 -16 35 44 24

0 6 11 95 -15 13 27 0

0 8 13 18 -16 5 7 34

0 1 10 18 -9 0 6 22

0 12 27 15 -7 29 42 46

0 7 23 6 -18 27 45 13

0 10 22 78 -20 1 45 2

0 3 13 23 -15 38 48 5

0 6 10 55 -20 34 49 9

0 0 14 75 -4 8 9 34

0 11 19 20 -11 31 42 40

0 3 6 53 -14 3 19 9

0 1 3 6 -13 10 27 23

0 27 34 0 -11 7 43 39

0 0 3 99 -5 14 32 21

0 0 7 35 -3 26 33 35

0 3 8 38 -15 43 47 0


SAlphaB: 726.0, std-dev 279.9801666857382

Earliest win: 34
Latest win: 81

WinDepth:
0 0 0 0 0 0 0 0 0 0 0 0 0 0 0 0 0 0 0 0 0 0 0 0 0 0 0 0 0 0 0 0 0 0 1 0 0 2 0 8 10 1 5 26 18 11 10 41 20 70 50 179 61 139 105 183 92 184 143 169 196 199 222 336 312 334 419 348 440 391 435 454 518 381 381 366 272 255 181 125 114 94 
SAlphaB:
0 0 0 0 0 0 0 0 0 0 0 0 0 0 0 0 0 0 0 0 0 0 0 0 0 0 0 0 0 0 0 0 0 0 1 0 0 2 0 8 10 1 5 26 18 11 10 41 20 70 50 179 61 139 105 183 92 184 143 169 196 199 222 336 312 334 419 348 440 391 435 454 518 381 381 366 272 255 181 125 114 94 

LossDepth:
SAlphaB:
0 0 0 0 0 0 0 0 0 0 0 0 0 0 0 0 0 0 0 0 0 0 0 0 0 0 0 0 0 0 0 0 0 0 1 0 0 2 0 8 10 1 5 26 18 11 10 41 20 70 50 179 61 139 105 183 92 184 143 169 196 199 222 336 312 334 419 348 440 391 435 454 518 381 381 366 272 255 181 125 114 94 

FirstWin:
0 0 0 0 0 0 0 0 0 0 0 0 0 0 0 0 0 0 0 0 0 0 0 0 0 0 0 0 0 0 0 0 0 0 0 0 0 2 0 8 0 1 0 26 0 11 0 41 0 70 0 179 0 139 0 183 0 184 0 169 0 199 0 336 0 334 0 348 0 391 0 454 0 381 0 366 0 255 0 125 0 94 
SAlphaB:
0 0 0 0 0 0 0 0 0 0 0 0 0 0 0 0 0 0 0 0 0 0 0 0 0 0 0 0 0 0 0 0 0 0 0 0 0 2 0 8 0 1 0 26 0 11 0 41 0 70 0 179 0 139 0 183 0 184 0 169 0 199 0 336 0 334 0 348 0 391 0 454 0 381 0 366 0 255 0 125 0 94 

SecondWin:
0 0 0 0 0 0 0 0 0 0 0 0 0 0 0 0 0 0 0 0 0 0 0 0 0 0 0 0 0 0 0 0 0 0 1 0 0 0 0 0 10 0 5 0 18 0 10 0 20 0 50 0 61 0 105 0 92 0 143 0 196 0 222 0 312 0 419 0 440 0 435 0 518 0 381 0 272 0 181 0 114 0 
SAlphaB:
0 0 0 0 0 0 0 0 0 0 0 0 0 0 0 0 0 0 0 0 0 0 0 0 0 0 0 0 0 0 0 0 0 0 1 0 0 0 0 0 10 0 5 0 18 0 10 0 20 0 50 0 61 0 105 0 92 0 143 0 196 0 222 0 312 0 419 0 440 0 435 0 518 0 381 0 272 0 181 0 114 0 
