0 34 84 13 -6 3 5 12

0 41 52 88 -18 5 22 25

0 79 88 24 -11 10 26 48

0 27 36 30 -18 0 3 26

0 54 65 94 -4 2 5 9

0 10 70 68 -3 0 27 2

0 18 87 80 -1 8 17 44

0 75 99 47 -18 4 5 31

0 23 26 22 -9 1 9 15

0 89 90 17 -6 8 19 5

0 9 48 41 -19 0 1 41

0 17 70 82 -16 3 33 6

0 20 24 74 -4 4 24 15

0 86 94 54 -17 4 5 6

0 3 85 10 -1 0 14 29

0 30 52 42 -11 42 48 25

0 40 65 68 -6 41 44 9

0 94 96 23 -11 13 41 40

0 26 92 18 -19 9 10 27

0 59 97 19 -9 5 7 13

0 28 47 39 -17 10 30 31

0 56 68 40 -18 3 14 45

0 19 72 93 -2 1 2 39

0 24 38 46 -15 44 46 6

0 27 66 37 -12 4 34 26

0 36 74 12 -4 2 9 42

0 40 65 37 -20 27 38 21

0 29 53 23 -13 12 24 12

0 27 41 63 -20 9 20 33

0 6 85 24 -17 24 26 20

0 37 70 14 -14 4 43 38

0 45 62 30 -17 17 26 47

0 19 24 23 -1 20 46 2

0 14 26 79 -13 27 28 10

0 57 71 20 -4 8 11 22

0 5 10 46 -9 2 6 7

0 6 9 58 -8 1 3 0

0 38 59 47 -11 14 23 14

0 22 41 41 -2 25 44 7

0 53 54 66 -9 27 41 5

0 13 52 47 -5 7 12 48

0 4 46 24 -5 10 22 14

0 5 50 58 -3 1 6 6

0 53 79 24 -14 28 48 20

0 2 90 54 -20 20 34 19

0 18 27 90 -11 0 18 47

0 41 84 27 -7 9 49 29

0 14 15 41 -19 20 21 1

0 62 86 29 -12 23 43 8

0 30 41 17 -19 18 20 12

0 26 60 15 -9 22 34 15

0 53 87 67 -9 21 27 10

0 2 40 89 -8 14 45 29

0 45 79 56 -7 8 9 16

0 17 89 99 -9 18 37 2

0 29 39 65 -13 16 37 25

0 41 54 42 -5 10 14 47

0 11 22 30 -5 8 10 12

0 14 54 78 -16 10 15 40

0 1 4 68 -17 6 15 27

0 8 60 1 -20 16 27 21

0 3 57 41 -2 19 43 41

0 33 34 71 -11 18 21 10

0 11 42 53 -10 0 40 1

0 10 24 32 -19 14 24 25

0 24 47 32 -17 11 27 22

0 30 32 72 -1 4 6 22

0 5 68 65 -4 6 28 38

0 8 20 11 -12 2 6 40

0 70 71 30 -6 31 49 39

0 14 22 25 -14 37 47 15

0 5 93 6 -6 14 17 45

0 14 53 76 -19 11 16 1

0 21 35 17 -11 3 20 33

0 8 38 80 -10 4 44 40

0 9 14 39 -20 43 45 25

0 1 57 23 -18 20 38 8

0 8 61 3 -16 12 18 21

0 8 16 47 -19 5 14 48

0 21 38 61 -19 13 46 25

0 15 29 20 -13 19 44 1

0 1 20 86 -8 20 27 20

0 2 4 0 -12 21 25 24

0 0 2 98 -15 1 13 23

0 11 23 95 -17 37 48 22

0 0 5 59 -17 23 35 34

0 19 31 45 -4 40 46 28

0 2 13 82 -18 18 36 36

0 14 49 42 -9 23 42 1

0 7 26 19 -14 11 39 32

0 3 4 68 -1 4 37 20

0 1 17 73 -10 33 43 30

0 2 17 7 -9 41 49 2

0 10 13 37 -17 10 17 25

0 5 7 67 -20 23 43 5

0 2 4 4 -15 15 34 30

0 1 10 25 -2 2 3 49

0 0 3 28 -20 7 34 1

0 0 1 79 -4 7 27 49

0 0 2 8 -4 4 26 38


SAlphaB: 692.0, std-dev 267.3038400945503

Earliest win: 40
Latest win: 81

WinDepth:
0 0 0 0 0 0 0 0 0 0 0 0 0 0 0 0 0 0 0 0 0 0 0 0 0 0 0 0 0 0 0 0 0 0 0 0 0 0 0 0 16 1 3 35 7 27 18 37 28 67 42 195 168 113 112 135 85 167 134 203 149 178 231 302 321 307 335 376 492 420 489 496 399 394 407 396 292 253 174 171 95 76 
SAlphaB:
0 0 0 0 0 0 0 0 0 0 0 0 0 0 0 0 0 0 0 0 0 0 0 0 0 0 0 0 0 0 0 0 0 0 0 0 0 0 0 0 16 1 3 35 7 27 18 37 28 67 42 195 168 113 112 135 85 167 134 203 149 178 231 302 321 307 335 376 492 420 489 496 399 394 407 396 292 253 174 171 95 76 

LossDepth:
SAlphaB:
0 0 0 0 0 0 0 0 0 0 0 0 0 0 0 0 0 0 0 0 0 0 0 0 0 0 0 0 0 0 0 0 0 0 0 0 0 0 0 0 16 1 3 35 7 27 18 37 28 67 42 195 168 113 112 135 85 167 134 203 149 178 231 302 321 307 335 376 492 420 489 496 399 394 407 396 292 253 174 171 95 76 

FirstWin:
0 0 0 0 0 0 0 0 0 0 0 0 0 0 0 0 0 0 0 0 0 0 0 0 0 0 0 0 0 0 0 0 0 0 0 0 0 0 0 0 0 1 0 35 0 27 0 37 0 67 0 195 0 113 0 135 0 167 0 203 0 178 0 302 0 307 0 376 0 420 0 496 0 394 0 396 0 253 0 171 0 76 
SAlphaB:
0 0 0 0 0 0 0 0 0 0 0 0 0 0 0 0 0 0 0 0 0 0 0 0 0 0 0 0 0 0 0 0 0 0 0 0 0 0 0 0 0 1 0 35 0 27 0 37 0 67 0 195 0 113 0 135 0 167 0 203 0 178 0 302 0 307 0 376 0 420 0 496 0 394 0 396 0 253 0 171 0 76 

SecondWin:
0 0 0 0 0 0 0 0 0 0 0 0 0 0 0 0 0 0 0 0 0 0 0 0 0 0 0 0 0 0 0 0 0 0 0 0 0 0 0 0 16 0 3 0 7 0 18 0 28 0 42 0 168 0 112 0 85 0 134 0 149 0 231 0 321 0 335 0 492 0 489 0 399 0 407 0 292 0 174 0 95 0 
SAlphaB:
0 0 0 0 0 0 0 0 0 0 0 0 0 0 0 0 0 0 0 0 0 0 0 0 0 0 0 0 0 0 0 0 0 0 0 0 0 0 0 0 16 0 3 0 7 0 18 0 28 0 42 0 168 0 112 0 85 0 134 0 149 0 231 0 321 0 335 0 492 0 489 0 399 0 407 0 292 0 174 0 95 0 
