0 29 96 50 -17 1 10 30

0 31 96 86 -18 4 16 20

0 27 57 79 -2 2 18 15

0 29 42 81 -20 1 3 2

0 42 68 96 -10 2 11 8

0 24 26 34 -9 1 2 6

0 5 61 95 -7 18 20 18

0 8 52 4 -13 0 4 16

0 49 74 90 -2 3 19 20

0 59 80 26 -8 15 49 14

0 93 97 47 -10 3 16 21

0 62 77 63 -5 7 33 37

0 83 97 49 -3 19 20 17

0 43 46 21 -8 1 2 4

0 65 93 65 -2 20 25 21

0 7 47 88 -16 4 9 3

0 13 41 73 -3 10 28 30

0 19 47 88 -16 1 12 29

0 18 71 88 -10 42 46 10

0 26 67 26 -18 9 10 34

0 38 49 67 -16 2 8 4

0 24 25 34 -3 2 16 3

0 65 71 68 -19 0 40 28

0 24 49 26 -11 1 4 25

0 46 52 83 -2 11 43 14

0 36 58 18 -2 0 3 10

0 51 58 3 -12 1 10 22

0 16 60 82 -15 8 11 28

0 18 22 44 -11 4 13 38

0 75 98 63 -14 18 41 42

0 17 64 7 -17 11 13 28

0 44 46 76 -14 12 21 43

0 10 81 89 -11 26 32 36

0 39 71 70 -18 28 31 22

0 15 24 25 -3 0 1 8

0 2 60 60 -19 34 39 40

0 11 29 7 -18 2 3 10

0 15 89 41 -16 0 45 6

0 24 61 15 -4 7 17 21

0 7 82 6 -3 4 6 33

0 3 65 50 -13 8 15 27

0 42 47 3 -14 18 36 41

0 5 7 36 -5 8 21 0

0 32 40 3 -18 10 33 35

0 18 24 87 -16 5 27 4

0 69 75 20 -10 0 15 38

0 7 88 94 -5 5 23 46

0 0 24 65 -20 2 8 24

0 68 71 97 -2 0 3 13

0 23 24 16 -20 21 47 22

0 8 47 6 -4 5 7 4

0 31 54 56 -6 13 33 6

0 46 60 76 -9 16 47 43

0 7 17 34 -13 6 29 22

0 55 61 85 -20 14 38 12

0 5 34 46 -2 21 47 0

0 47 89 55 -13 14 17 34

0 31 42 50 -16 12 40 49

0 52 58 98 -5 0 26 32

0 8 9 0 -10 2 10 3

0 2 43 15 -18 1 34 30

0 32 60 2 -4 21 47 44

0 8 9 91 -20 7 32 41

0 27 47 28 -9 2 29 40

0 15 17 44 -2 14 47 28

0 26 27 0 -20 4 24 25

0 1 33 5 -18 24 49 16

0 22 24 60 -6 13 31 22

0 10 13 22 -20 4 19 36

0 0 16 41 -13 2 36 4

0 1 93 32 -16 17 29 30

0 1 15 51 -4 5 16 45

0 21 26 87 -10 36 41 32

0 7 28 41 -2 37 44 15

0 13 16 88 -16 10 31 44

0 14 26 98 -10 7 14 36

0 24 51 51 -9 0 47 31

0 0 8 57 -20 12 32 37

0 9 28 8 -11 2 3 40

0 36 37 58 -19 7 41 49

0 9 37 8 -5 10 24 35

0 20 24 7 -3 19 46 13

0 7 41 15 -18 3 19 33

0 8 21 55 -2 4 25 20

0 4 15 16 -16 17 39 36

0 4 5 26 -1 6 42 41

0 8 29 77 -6 34 48 13

0 5 8 49 -2 30 33 22

0 0 9 5 -6 22 47 6

0 11 15 85 -12 21 31 28

0 3 37 12 -18 2 11 29

0 8 11 96 -14 1 2 45

0 5 20 33 -14 10 17 47

0 5 13 36 -19 6 22 44

0 16 18 5 -8 17 31 31

0 17 22 55 -20 17 23 36

0 7 13 48 -7 11 16 46

0 2 5 77 -8 4 35 8

0 10 16 59 -3 25 38 5

0 4 8 30 -4 12 19 31


SAlphaB: 706.0, std-dev 251.85974451883118

Earliest win: 35
Latest win: 81

WinDepth:
0 0 0 0 0 0 0 0 0 0 0 0 0 0 0 0 0 0 0 0 0 0 0 0 0 0 0 0 0 0 0 0 0 0 0 2 0 9 2 5 0 5 3 7 10 11 14 26 40 44 65 146 66 158 120 135 109 178 180 179 165 219 240 325 320 400 442 370 446 424 472 438 425 392 423 331 273 228 169 141 100 75 
SAlphaB:
0 0 0 0 0 0 0 0 0 0 0 0 0 0 0 0 0 0 0 0 0 0 0 0 0 0 0 0 0 0 0 0 0 0 0 2 0 9 2 5 0 5 3 7 10 11 14 26 40 44 65 146 66 158 120 135 109 178 180 179 165 219 240 325 320 400 442 370 446 424 472 438 425 392 423 331 273 228 169 141 100 75 

LossDepth:
SAlphaB:
0 0 0 0 0 0 0 0 0 0 0 0 0 0 0 0 0 0 0 0 0 0 0 0 0 0 0 0 0 0 0 0 0 0 0 2 0 9 2 5 0 5 3 7 10 11 14 26 40 44 65 146 66 158 120 135 109 178 180 179 165 219 240 325 320 400 442 370 446 424 472 438 425 392 423 331 273 228 169 141 100 75 

FirstWin:
0 0 0 0 0 0 0 0 0 0 0 0 0 0 0 0 0 0 0 0 0 0 0 0 0 0 0 0 0 0 0 0 0 0 0 2 0 9 0 5 0 5 0 7 0 11 0 26 0 44 0 146 0 158 0 135 0 178 0 179 0 219 0 325 0 400 0 370 0 424 0 438 0 392 0 331 0 228 0 141 0 75 
SAlphaB:
0 0 0 0 0 0 0 0 0 0 0 0 0 0 0 0 0 0 0 0 0 0 0 0 0 0 0 0 0 0 0 0 0 0 0 2 0 9 0 5 0 5 0 7 0 11 0 26 0 44 0 146 0 158 0 135 0 178 0 179 0 219 0 325 0 400 0 370 0 424 0 438 0 392 0 331 0 228 0 141 0 75 

SecondWin:
0 0 0 0 0 0 0 0 0 0 0 0 0 0 0 0 0 0 0 0 0 0 0 0 0 0 0 0 0 0 0 0 0 0 0 0 0 0 2 0 0 0 3 0 10 0 14 0 40 0 65 0 66 0 120 0 109 0 180 0 165 0 240 0 320 0 442 0 446 0 472 0 425 0 423 0 273 0 169 0 100 0 
SAlphaB:
0 0 0 0 0 0 0 0 0 0 0 0 0 0 0 0 0 0 0 0 0 0 0 0 0 0 0 0 0 0 0 0 0 0 0 0 0 0 2 0 0 0 3 0 10 0 14 0 40 0 65 0 66 0 120 0 109 0 180 0 165 0 240 0 320 0 442 0 446 0 472 0 425 0 423 0 273 0 169 0 100 0 
