0 74 87 34 -13 16 46 3

0 41 57 34 -12 2 14 6

0 74 90 95 -11 8 30 20

0 53 96 70 -10 14 20 15

0 24 57 29 -12 0 1 28

0 53 81 93 -4 4 31 10

0 81 86 39 -10 26 27 7

0 53 92 54 -2 5 10 7

0 51 52 52 -7 3 7 19

0 23 46 10 -18 1 14 8

0 55 78 8 -10 16 34 11

0 72 88 62 -5 9 17 37

0 44 66 11 -18 8 11 6

0 23 38 81 -8 34 36 9

0 53 74 66 -2 16 41 0

0 89 91 45 -8 1 10 12

0 16 76 56 -10 13 48 5

0 53 76 98 -5 2 10 22

0 10 86 56 -12 22 46 45

0 98 99 6 -4 7 22 39

0 23 44 17 -16 9 10 33

0 1 24 32 -20 1 2 7

0 84 98 57 -4 0 16 10

0 44 51 2 -15 9 21 22

0 78 91 14 -17 11 25 34

0 65 81 24 -4 20 34 6

0 26 51 79 -16 5 8 30

0 22 37 93 -17 4 19 47

0 13 38 42 -6 13 17 26

0 8 52 11 -10 39 43 11

0 57 65 95 -12 40 48 46

0 44 63 2 -19 7 28 35

0 10 95 80 -20 7 22 26

0 33 94 20 -4 16 30 3

0 35 74 54 -15 20 27 12

0 29 36 29 -2 3 11 11

0 54 88 84 -5 1 4 40

0 20 71 65 -20 7 12 19

0 16 56 71 -17 6 8 30

0 71 83 78 -19 14 17 17

0 2 33 32 -11 1 2 31

0 1 76 59 -6 16 49 47

0 43 73 88 -16 4 35 44

0 14 90 61 -8 12 16 48

0 10 91 13 -17 21 35 32

0 7 11 67 -12 3 4 1

0 65 98 34 -20 22 43 37

0 3 15 78 -16 1 3 16

0 20 81 5 -2 0 1 6

0 68 77 76 -8 6 8 48

0 1 44 54 -1 44 48 5

0 12 64 71 -6 11 21 37

0 14 28 38 -11 42 45 43

0 2 70 90 -4 19 25 1

0 44 56 11 -17 32 34 41

0 18 24 26 -3 1 11 26

0 3 22 73 -1 11 27 29

0 34 96 65 -14 9 36 24

0 36 42 16 -12 4 28 22

0 32 51 78 -3 21 33 37

0 6 53 32 -10 25 34 9

0 30 78 30 -11 39 43 25

0 42 84 41 -6 37 39 26

0 5 23 98 -19 23 41 26

0 51 73 20 -16 28 42 9

0 23 92 91 -5 39 47 3

0 1 76 59 -4 20 22 45

0 43 46 86 -1 29 40 47

0 13 35 73 -16 3 41 34

0 11 26 65 -5 4 18 3

0 28 29 6 -3 11 27 16

0 20 25 76 -8 32 43 49

0 10 12 79 -12 27 38 22

0 20 21 83 -10 6 19 48

0 15 20 87 -13 8 34 45

0 3 30 23 -8 14 17 16

0 3 4 59 -10 26 42 27

0 4 7 45 -8 30 49 13

0 0 3 73 -4 10 30 34

0 26 73 85 -2 1 7 39

0 17 24 77 -17 2 5 46

0 4 7 18 -8 20 27 13

0 1 14 78 -16 3 4 2

0 28 32 5 -19 14 39 29

0 10 33 56 -10 35 48 2

0 1 4 42 -13 18 30 5

0 5 49 4 -8 9 38 40

0 3 11 24 -2 5 7 32

0 23 34 4 -9 8 39 40

0 1 6 85 -6 7 29 7

0 1 4 51 -7 5 11 15

0 8 15 27 -8 0 28 47

0 3 6 10 -17 10 11 33

0 1 43 80 -2 2 17 48

0 9 14 98 -2 1 22 20

0 4 6 4 -13 4 14 41

0 1 34 78 -2 2 9 39

0 23 25 1 -16 20 32 44

0 3 5 10 -12 16 44 44

0 5 9 51 -10 8 36 5


SAlphaB: 712.0, std-dev 269.6035580910488

Earliest win: 37
Latest win: 81

WinDepth:
0 0 0 0 0 0 0 0 0 0 0 0 0 0 0 0 0 0 0 0 0 0 0 0 0 0 0 0 0 0 0 0 0 0 0 0 0 7 0 4 1 3 0 20 8 19 13 51 28 56 67 158 107 132 97 168 140 198 124 184 183 216 239 330 346 315 416 411 478 422 412 480 389 413 375 373 284 254 165 133 87 91 
SAlphaB:
0 0 0 0 0 0 0 0 0 0 0 0 0 0 0 0 0 0 0 0 0 0 0 0 0 0 0 0 0 0 0 0 0 0 0 0 0 7 0 4 1 3 0 20 8 19 13 51 28 56 67 158 107 132 97 168 140 198 124 184 183 216 239 330 346 315 416 411 478 422 412 480 389 413 375 373 284 254 165 133 87 91 

LossDepth:
SAlphaB:
0 0 0 0 0 0 0 0 0 0 0 0 0 0 0 0 0 0 0 0 0 0 0 0 0 0 0 0 0 0 0 0 0 0 0 0 0 7 0 4 1 3 0 20 8 19 13 51 28 56 67 158 107 132 97 168 140 198 124 184 183 216 239 330 346 315 416 411 478 422 412 480 389 413 375 373 284 254 165 133 87 91 

FirstWin:
0 0 0 0 0 0 0 0 0 0 0 0 0 0 0 0 0 0 0 0 0 0 0 0 0 0 0 0 0 0 0 0 0 0 0 0 0 7 0 4 0 3 0 20 0 19 0 51 0 56 0 158 0 132 0 168 0 198 0 184 0 216 0 330 0 315 0 411 0 422 0 480 0 413 0 373 0 254 0 133 0 91 
SAlphaB:
0 0 0 0 0 0 0 0 0 0 0 0 0 0 0 0 0 0 0 0 0 0 0 0 0 0 0 0 0 0 0 0 0 0 0 0 0 7 0 4 0 3 0 20 0 19 0 51 0 56 0 158 0 132 0 168 0 198 0 184 0 216 0 330 0 315 0 411 0 422 0 480 0 413 0 373 0 254 0 133 0 91 

SecondWin:
0 0 0 0 0 0 0 0 0 0 0 0 0 0 0 0 0 0 0 0 0 0 0 0 0 0 0 0 0 0 0 0 0 0 0 0 0 0 0 0 1 0 0 0 8 0 13 0 28 0 67 0 107 0 97 0 140 0 124 0 183 0 239 0 346 0 416 0 478 0 412 0 389 0 375 0 284 0 165 0 87 0 
SAlphaB:
0 0 0 0 0 0 0 0 0 0 0 0 0 0 0 0 0 0 0 0 0 0 0 0 0 0 0 0 0 0 0 0 0 0 0 0 0 0 0 0 1 0 0 0 8 0 13 0 28 0 67 0 107 0 97 0 140 0 124 0 183 0 239 0 346 0 416 0 478 0 412 0 389 0 375 0 284 0 165 0 87 0 
