0 45 86 55 -4 7 29 18

0 18 44 37 -11 0 1 7

0 19 37 63 -8 2 5 8

0 80 83 60 -5 7 21 11

0 40 87 22 -3 9 22 22

0 37 86 29 -18 5 8 4

0 24 57 49 -12 0 6 8

0 32 98 30 -10 2 9 14

0 37 79 61 -8 6 17 2

0 56 79 24 -6 8 26 8
0 18 69 61 -6 2 9 2

0 32 76 53 -20 0 4 15

0 36 89 17 -7 0 24 4

0 42 78 71 -6 10 13 6

0 44 78 96 -7 5 23 4

0 28 67 34 -4 2 5 3

0 38 98 51 -4 4 29 20

0 69 91 48 -7 11 25 2

0 8 60 55 -6 4 9 2

0 27 94 76 -14 3 8 19
0 29 92 82 -10 6 10 1

0 32 72 87 -11 0 7 11

0 54 98 49 -15 1 13 25

0 63 87 17 -10 4 12 17

0 24 85 24 -12 4 7 6

0 28 66 50 -13 3 12 5

0 53 80 55 -8 5 23 22

0 63 81 46 -3 12 41 27

0 28 40 60 -13 0 2 12

0 74 85 93 -14 5 44 31
0 55 81 36 -16 9 30 22

0 25 98 52 -20 1 10 34

0 16 91 32 -6 3 16 9

0 73 99 2 -10 7 32 24

0 61 69 61 -12 9 33 1

0 44 76 34 -20 3 10 40

0 50 78 80 -5 2 7 7

0 20 71 99 -15 0 10 16

0 29 78 73 -17 0 2 20

0 29 67 17 -1 0 14 12
0 29 58 27 -6 2 11 10

0 30 82 37 -15 2 11 24

0 58 81 56 -5 15 28 12

0 48 77 66 -7 1 23 18

0 55 71 16 -10 8 29 18

0 54 86 43 -14 1 10 2

0 42 99 33 -7 3 9 6

0 56 85 59 -14 1 3 11

0 49 92 67 -15 5 18 27

0 14 80 33 -12 0 7 8
0 48 97 34 -4 11 19 3

0 40 95 71 -4 8 27 36

0 56 76 65 -9 8 24 6

0 57 85 68 -7 3 21 28

0 41 68 93 -17 1 3 16

0 56 84 7 -14 3 6 11

0 89 98 70 -12 3 27 31

0 12 58 49 -1 2 6 0

0 67 92 88 -11 2 14 15

0 79 82 46 -3 5 23 14
0 21 42 17 -14 1 3 4

0 30 62 52 -20 1 2 12

0 64 88 40 -18 8 24 16

0 40 58 18 -4 7 15 18

0 35 93 30 -13 3 13 0

0 28 67 62 -12 1 12 21

0 37 80 26 -13 2 8 4

0 20 30 36 -10 1 3 0

0 83 93 79 -11 7 28 14

0 26 54 40 -17 1 3 15
0 34 88 22 -16 5 17 23

0 29 66 24 -3 0 11 4

0 27 89 72 -2 4 30 15

0 65 77 40 -9 10 23 21

0 36 73 14 -1 7 29 8

0 78 99 32 -15 2 25 34

0 39 55 83 -11 3 7 6

0 22 47 67 -3 2 9 3

0 31 42 40 -4 1 15 0

0 60 73 34 -3 7 19 5
0 24 61 68 -17 1 3 5

0 44 95 11 -19 1 2 17

0 79 97 97 -9 9 27 29

0 29 81 37 -10 1 8 12

0 27 57 34 -11 1 6 6

0 43 74 74 -1 6 22 9

0 52 93 20 -2 0 33 20

0 26 82 20 -9 0 1 12

0 9 64 33 -2 1 2 4

0 30 71 69 -20 1 4 4
0 45 96 27 -16 10 11 42

0 43 87 87 -2 10 12 15

0 49 79 90 -6 9 34 9

0 47 98 82 -19 8 22 33

0 40 98 67 -5 7 11 26

0 48 96 49 -20 1 9 36

0 23 81 23 -6 3 7 8

0 32 59 11 -10 2 13 23

0 38 67 46 -19 2 9 20

0 27 68 46 -5 1 7 1
