0 25 76 36 -4 2 14 10

0 54 86 72 -14 8 9 7

0 42 78 41 -1 8 23 18

0 53 88 68 -5 10 29 12

0 45 58 42 -9 7 24 14

0 35 44 28 -11 1 7 8

0 88 97 58 -17 1 7 27

0 30 64 0 -10 2 11 0

0 64 74 61 -1 12 36 10

0 29 83 46 -2 2 19 21

0 33 78 82 -1 9 14 15

0 91 99 63 -2 11 35 39

0 70 98 49 -13 3 7 14

0 29 69 78 -16 4 11 9

0 46 71 64 -20 3 9 25

0 63 90 56 -14 9 14 30

0 24 91 29 -5 2 7 4

0 23 98 28 -11 2 10 16

0 8 20 30 -5 1 3 9

0 54 91 28 -10 1 13 3

0 48 90 44 -1 4 20 21

0 44 83 19 -15 2 13 7

0 29 49 69 -9 0 12 4

0 69 92 71 -2 12 22 34

0 16 48 42 -1 3 13 0

0 38 46 70 -13 7 17 12

0 51 81 32 -13 10 16 22

0 64 89 96 -3 4 29 9

0 57 68 54 -19 12 24 9

0 24 31 33 -12 3 8 7

0 25 63 6 -4 5 29 11

0 42 49 71 -14 0 11 4

0 34 79 52 -15 6 26 24

0 26 82 11 -16 2 3 13

0 80 85 32 -10 16 33 12

0 38 74 70 -6 3 16 25

0 33 63 73 -4 15 37 24

0 59 85 50 -12 10 19 27

0 56 81 56 -2 13 26 23

0 52 83 61 -11 8 14 45

0 21 38 64 -9 2 4 13

0 24 40 65 -15 2 5 7

0 66 98 19 -1 1 32 31

0 27 96 28 -2 6 17 20

0 57 72 74 -9 4 9 12

0 34 88 37 -18 0 9 41

0 85 88 86 -4 23 33 5

0 18 72 18 -11 3 4 0

0 40 60 92 -10 4 29 6

0 82 86 22 -6 20 24 19

0 46 61 16 -18 9 22 8

0 48 83 24 -8 14 27 16

0 13 24 51 -3 9 22 21

0 50 59 40 -5 15 32 27

0 90 93 52 -20 14 19 2

0 71 97 31 -11 4 30 5

0 75 84 13 -17 6 35 18

0 34 67 46 -18 2 11 2

0 34 98 21 -10 0 1 19

0 23 48 90 -14 2 6 24

0 21 80 47 -3 0 11 19

0 69 97 95 -6 4 10 47

0 73 92 91 -7 10 22 35

0 41 91 4 -5 15 45 36

0 46 52 5 -14 12 17 9

0 14 40 96 -16 0 2 23

0 38 56 67 -10 5 19 38

0 13 77 79 -3 12 37 14

0 17 89 33 -2 1 3 1

0 76 89 66 -9 7 48 36

0 39 87 88 -15 0 35 33

0 30 62 84 -17 31 38 10

0 20 54 73 -16 3 11 23

0 29 65 53 -3 33 47 8

0 29 83 25 -7 0 1 17

0 38 99 41 -4 4 5 24

0 50 55 99 -18 3 12 15

0 6 81 87 -7 21 49 30

0 13 47 26 -20 0 7 10

0 11 35 85 -20 9 26 29

0 39 47 45 -3 30 41 12

0 11 88 88 -17 0 2 11

0 27 40 83 -15 0 3 15

0 70 96 13 -15 21 23 47

0 5 14 49 -17 2 5 16

0 22 92 27 -18 17 21 47

0 83 89 28 -9 20 34 26

0 6 44 72 -8 0 1 5

0 1 43 64 -1 7 16 14

0 32 91 56 -11 0 36 13

0 23 37 89 -8 10 19 7

0 17 74 77 -9 15 38 28

0 73 82 79 -20 25 29 22

0 7 67 81 -19 2 7 7

0 36 82 78 -2 13 41 26

0 23 43 59 -11 25 28 22

0 3 53 4 -15 2 4 0

0 20 78 88 -7 0 13 36

0 9 39 40 -18 0 1 19

0 14 65 81 -14 1 2 48


SAlphaB: 713.0, std-dev 269.7933523639861

Earliest win: 35
Latest win: 81

WinDepth:
0 0 0 0 0 0 0 0 0 0 0 0 0 0 0 0 0 0 0 0 0 0 0 0 0 0 0 0 0 0 0 0 0 0 0 5 1 6 3 28 4 50 16 50 27 61 57 142 73 221 105 448 169 396 263 432 379 529 401 465 513 616 615 895 774 833 908 1000 962 918 960 914 847 924 887 703 550 494 431 301 187 149 
SAlphaB:
0 0 0 0 0 0 0 0 0 0 0 0 0 0 0 0 0 0 0 0 0 0 0 0 0 0 0 0 0 0 0 0 0 0 0 5 1 6 3 28 4 50 16 50 27 61 57 142 73 221 105 448 169 396 263 432 379 529 401 465 513 616 615 895 774 833 908 1000 962 918 960 914 847 924 887 703 550 494 431 301 187 149 

LossDepth:
SAlphaB:
0 0 0 0 0 0 0 0 0 0 0 0 0 0 0 0 0 0 0 0 0 0 0 0 0 0 0 0 0 0 0 0 0 0 0 2 1 3 3 14 1 40 14 38 15 29 36 63 54 106 65 213 117 236 165 265 246 361 272 326 307 460 415 660 504 653 715 797 690 746 743 783 642 697 685 628 456 451 335 285 186 152 

FirstWin:
0 0 0 0 0 0 0 0 0 0 0 0 0 0 0 0 0 0 0 0 0 0 0 0 0 0 0 0 0 0 0 0 0 0 0 5 0 6 0 28 0 50 0 50 0 61 0 142 0 221 0 448 0 396 0 432 0 529 0 465 0 616 0 895 0 833 0 1000 0 918 0 914 0 924 0 703 0 494 0 301 0 149 
SAlphaB:
0 0 0 0 0 0 0 0 0 0 0 0 0 0 0 0 0 0 0 0 0 0 0 0 0 0 0 0 0 0 0 0 0 0 0 5 0 6 0 28 0 50 0 50 0 61 0 142 0 221 0 448 0 396 0 432 0 529 0 465 0 616 0 895 0 833 0 1000 0 918 0 914 0 924 0 703 0 494 0 301 0 149 

SecondWin:
0 0 0 0 0 0 0 0 0 0 0 0 0 0 0 0 0 0 0 0 0 0 0 0 0 0 0 0 0 0 0 0 0 0 0 0 1 0 3 0 4 0 16 0 27 0 57 0 73 0 105 0 169 0 263 0 379 0 401 0 513 0 615 0 774 0 908 0 962 0 960 0 847 0 887 0 550 0 431 0 187 0 
SAlphaB:
0 0 0 0 0 0 0 0 0 0 0 0 0 0 0 0 0 0 0 0 0 0 0 0 0 0 0 0 0 0 0 0 0 0 0 0 1 0 3 0 4 0 16 0 27 0 57 0 73 0 105 0 169 0 263 0 379 0 401 0 513 0 615 0 774 0 908 0 962 0 960 0 847 0 887 0 550 0 431 0 187 0 
