0 44 83 19 -15 2 13 7

0 24 40 65 -15 2 5 7

0 17 89 33 -2 1 3 1

0 13 24 51 -3 9 22 21

0 41 91 4 -5 15 45 36

0 8 20 30 -5 1 3 9

0 59 85 50 -12 10 19 27

0 6 81 87 -7 21 49 30

0 27 40 83 -15 0 3 15

0 70 96 13 -15 21 23 47

0 42 44 99 -7 1 14 0

0 55 94 27 -11 1 8 1

0 24 69 2 -7 3 16 25

0 29 43 48 -10 16 30 0

0 36 63 81 -18 2 28 38

0 10 40 69 -8 0 11 4

0 61 91 87 -2 20 40 41

0 65 78 65 -5 7 40 27

0 54 76 33 -13 5 6 26

0 53 82 75 -15 8 30 43

0 18 32 50 -11 15 19 24

0 51 78 57 -1 23 34 23

0 49 69 81 -8 2 37 29

0 8 21 68 -19 8 16 29

0 5 73 43 -13 12 16 9

0 14 37 85 -6 30 38 4

0 29 46 46 -17 14 46 4

0 92 98 57 -3 21 33 23

0 32 77 14 -14 15 24 35

0 10 56 34 -4 0 21 8

0 33 55 1 -12 12 20 22

0 31 54 64 -14 3 13 32

0 8 49 0 -4 10 11 12

0 6 77 67 -1 18 29 41

0 26 48 72 -10 1 10 29

0 4 31 4 -11 14 32 23

0 15 78 45 -17 5 10 19

0 14 64 44 -18 7 8 33

0 14 44 46 -2 29 42 5

0 21 40 82 -6 3 5 42

0 82 85 17 -7 1 6 33

0 40 55 88 -20 11 13 11

0 43 51 47 -11 3 8 31

0 56 98 23 -6 0 2 33

0 64 91 38 -20 34 41 42

0 4 18 37 -11 8 13 4

0 41 63 2 -2 35 36 13

0 25 46 34 -6 14 34 23

0 0 22 56 -3 22 43 31

0 35 36 72 -12 14 18 1

0 22 37 73 -10 2 5 33

0 13 78 8 -6 3 23 18

0 3 96 1 -4 3 8 18

0 41 44 10 -1 10 39 7

0 78 80 78 -8 27 45 14

0 20 31 8 -8 9 11 28

0 28 36 29 -1 0 3 24

0 15 75 16 -14 18 23 14

0 16 97 77 -10 25 41 30

0 15 17 80 -9 7 24 22

0 10 18 64 -4 38 46 39

0 35 54 12 -3 25 39 23

0 13 26 83 -14 1 15 16

0 8 29 10 -17 26 29 28

0 22 83 44 -16 9 39 22

0 0 9 24 -2 6 10 13

0 7 13 67 -16 4 5 3

0 16 53 5 -13 7 37 22

0 31 48 20 -19 14 30 49

0 9 22 38 -9 19 33 25

0 25 73 80 -15 28 33 2

0 2 37 69 -12 8 11 43

0 8 25 39 -12 2 30 13

0 2 48 96 -17 33 44 4

0 9 30 75 -11 4 43 48

0 6 98 72 -13 21 24 6

0 17 22 36 -15 16 26 44

0 31 59 41 -6 1 5 45

0 0 1 60 -5 27 43 26

0 6 15 72 -9 9 19 4

0 5 68 37 -2 8 47 19

0 7 15 41 -16 10 13 34

0 22 72 36 -7 32 41 48

0 20 21 82 -19 4 7 30

0 6 80 38 -1 6 12 46

0 5 44 8 -10 32 43 48

0 19 35 24 -4 29 35 48

0 10 14 29 -16 26 44 5

0 0 8 94 -7 3 12 19

0 6 10 95 -11 0 6 38

0 8 45 5 -17 0 28 49

0 1 6 31 -18 25 27 42

0 0 1 55 -11 20 26 2

0 4 6 22 -9 15 32 41

0 3 12 2 -15 11 12 28

0 5 6 19 -6 20 37 40

0 1 3 17 -2 28 30 46

0 0 3 3 -12 7 26 1

0 0 1 18 -9 22 23 41

0 0 1 0 -15 15 17 35


SAlphaB: 705.0, std-dev 260.6601650936841

Earliest win: 37
Latest win: 81

WinDepth:
0 0 0 0 0 0 0 0 0 0 0 0 0 0 0 0 0 0 0 0 0 0 0 0 0 0 0 0 0 0 0 0 0 0 0 0 0 5 0 6 0 6 4 16 14 7 11 39 17 92 88 198 49 110 74 207 138 214 182 155 174 211 213 312 286 354 412 321 495 417 482 438 410 413 408 360 262 251 162 147 86 98 
SAlphaB:
0 0 0 0 0 0 0 0 0 0 0 0 0 0 0 0 0 0 0 0 0 0 0 0 0 0 0 0 0 0 0 0 0 0 0 0 0 5 0 6 0 6 4 16 14 7 11 39 17 92 88 198 49 110 74 207 138 214 182 155 174 211 213 312 286 354 412 321 495 417 482 438 410 413 408 360 262 251 162 147 86 98 

LossDepth:
SAlphaB:
0 0 0 0 0 0 0 0 0 0 0 0 0 0 0 0 0 0 0 0 0 0 0 0 0 0 0 0 0 0 0 0 0 0 0 0 0 5 0 6 0 6 4 16 14 7 11 39 17 92 88 198 49 110 74 207 138 214 182 155 174 211 213 312 286 354 412 321 495 417 482 438 410 413 408 360 262 251 162 147 86 98 

FirstWin:
0 0 0 0 0 0 0 0 0 0 0 0 0 0 0 0 0 0 0 0 0 0 0 0 0 0 0 0 0 0 0 0 0 0 0 0 0 5 0 6 0 6 0 16 0 7 0 39 0 92 0 198 0 110 0 207 0 214 0 155 0 211 0 312 0 354 0 321 0 417 0 438 0 413 0 360 0 251 0 147 0 98 
SAlphaB:
0 0 0 0 0 0 0 0 0 0 0 0 0 0 0 0 0 0 0 0 0 0 0 0 0 0 0 0 0 0 0 0 0 0 0 0 0 5 0 6 0 6 0 16 0 7 0 39 0 92 0 198 0 110 0 207 0 214 0 155 0 211 0 312 0 354 0 321 0 417 0 438 0 413 0 360 0 251 0 147 0 98 

SecondWin:
0 0 0 0 0 0 0 0 0 0 0 0 0 0 0 0 0 0 0 0 0 0 0 0 0 0 0 0 0 0 0 0 0 0 0 0 0 0 0 0 0 0 4 0 14 0 11 0 17 0 88 0 49 0 74 0 138 0 182 0 174 0 213 0 286 0 412 0 495 0 482 0 410 0 408 0 262 0 162 0 86 0 
SAlphaB:
0 0 0 0 0 0 0 0 0 0 0 0 0 0 0 0 0 0 0 0 0 0 0 0 0 0 0 0 0 0 0 0 0 0 0 0 0 0 0 0 0 0 4 0 14 0 11 0 17 0 88 0 49 0 74 0 138 0 182 0 174 0 213 0 286 0 412 0 495 0 482 0 410 0 408 0 262 0 162 0 86 0 
