0 23 98 28 -11 2 10 16

0 29 49 69 -9 0 12 4

0 13 47 26 -20 0 7 10

0 6 44 72 -8 0 1 5

0 91 99 63 -2 11 35 39

0 34 88 37 -18 0 9 41

0 90 93 52 -20 14 19 2

0 20 78 88 -7 0 13 36

0 23 43 59 -11 25 28 22

0 23 48 90 -14 2 6 24

0 41 77 47 -18 0 16 13

0 30 53 57 -16 2 3 12

0 18 78 38 -9 5 19 26

0 62 90 12 -20 5 12 20

0 63 66 70 -20 0 1 0

0 82 96 34 -20 16 49 41

0 38 78 23 -11 1 5 37

0 69 74 21 -16 18 23 22

0 67 70 81 -13 5 12 30

0 61 85 30 -6 4 11 46

0 59 76 83 -10 8 17 19

0 19 75 98 -6 2 4 20

0 2 16 33 -6 4 13 10

0 82 99 67 -12 4 8 11

0 31 42 87 -7 22 23 35

0 45 99 78 -17 38 43 33

0 19 53 6 -19 4 5 44

0 66 76 85 -7 7 9 17

0 29 66 52 -20 0 3 49

0 34 85 54 -9 3 7 31

0 44 48 43 -3 14 43 13

0 18 67 38 -16 8 14 13

0 18 72 72 -3 26 28 15

0 24 86 72 -3 12 35 46

0 31 80 21 -5 23 46 21

0 57 77 72 -16 14 16 7

0 6 37 62 -12 10 20 24

0 80 92 59 -8 10 19 33

0 16 72 56 -20 20 33 39

0 17 30 28 -18 2 7 24

0 2 80 34 -18 37 39 4

0 18 21 28 -13 7 18 19

0 41 93 50 -10 16 17 38

0 56 72 13 -17 11 38 42

0 5 81 65 -14 16 44 49

0 29 42 1 -5 21 35 3

0 52 95 13 -10 27 47 22

0 39 41 57 -6 9 13 28

0 2 48 74 -1 23 32 30

0 7 44 80 -20 25 31 36

0 7 84 19 -1 19 35 19

0 28 34 73 -5 37 48 27

0 19 90 12 -1 0 1 26

0 11 21 44 -7 24 34 25

0 59 69 31 -15 20 32 27

0 6 16 41 -1 22 49 3

0 16 59 75 -7 21 23 38

0 35 40 60 -2 12 33 29

0 43 51 97 -9 27 34 13

0 7 30 34 -3 9 35 42

0 4 45 32 -15 37 45 25

0 36 39 20 -4 44 47 46

0 27 71 30 -15 19 35 7

0 30 94 61 -18 1 47 38

0 39 54 66 -9 14 18 24

0 2 12 74 -2 28 43 11

0 4 33 39 -19 12 41 24

0 16 22 58 -2 3 18 35

0 19 60 87 -2 23 27 21

0 3 42 8 -2 25 46 22

0 21 42 28 -20 7 18 33

0 16 81 7 -1 37 44 30

0 0 75 38 -13 5 15 43

0 28 54 39 -12 41 43 45

0 82 86 42 -13 11 45 2

0 8 13 2 -5 3 9 28

0 4 13 98 -18 12 35 10

0 3 26 42 -12 17 36 39

0 9 14 79 -17 10 13 47

0 8 15 52 -15 11 12 25

0 2 7 49 -13 2 4 2

0 5 21 73 -5 21 23 28

0 0 1 44 -13 4 15 9

0 23 36 55 -8 3 5 43

0 20 32 7 -18 19 28 31

0 13 22 68 -18 44 46 5

0 8 11 92 -13 0 14 22

0 9 13 3 -5 2 39 43

0 5 16 5 -19 17 41 27

0 8 23 36 -2 19 20 40

0 22 37 93 -10 23 38 39

0 29 51 34 -14 2 43 48

0 9 11 13 -11 2 4 24

0 1 22 50 -1 0 18 46

0 48 62 63 -7 0 1 36

0 12 25 54 -20 4 37 49

0 0 1 56 -15 6 11 14

0 2 5 92 -8 1 13 34

0 0 1 32 -9 0 14 12

0 1 23 4 -18 37 40 0


SAlphaB: 690.0, std-dev 260.44638448617246

Earliest win: 35
Latest win: 81

WinDepth:
0 0 0 0 0 0 0 0 0 0 0 0 0 0 0 0 0 0 0 0 0 0 0 0 0 0 0 0 0 0 0 0 0 0 0 1 0 2 0 4 0 4 3 20 20 15 6 44 26 53 44 205 54 97 78 200 104 146 145 155 200 279 241 363 326 405 453 398 433 434 441 480 437 392 359 347 237 238 175 149 98 83 
SAlphaB:
0 0 0 0 0 0 0 0 0 0 0 0 0 0 0 0 0 0 0 0 0 0 0 0 0 0 0 0 0 0 0 0 0 0 0 1 0 2 0 4 0 4 3 20 20 15 6 44 26 53 44 205 54 97 78 200 104 146 145 155 200 279 241 363 326 405 453 398 433 434 441 480 437 392 359 347 237 238 175 149 98 83 

LossDepth:
SAlphaB:
0 0 0 0 0 0 0 0 0 0 0 0 0 0 0 0 0 0 0 0 0 0 0 0 0 0 0 0 0 0 0 0 0 0 0 1 0 2 0 4 0 4 3 20 20 15 6 44 26 53 44 205 54 97 78 200 104 146 145 155 200 279 241 363 326 405 453 398 433 434 441 480 437 392 359 347 237 238 175 149 98 83 

FirstWin:
0 0 0 0 0 0 0 0 0 0 0 0 0 0 0 0 0 0 0 0 0 0 0 0 0 0 0 0 0 0 0 0 0 0 0 1 0 2 0 4 0 4 0 20 0 15 0 44 0 53 0 205 0 97 0 200 0 146 0 155 0 279 0 363 0 405 0 398 0 434 0 480 0 392 0 347 0 238 0 149 0 83 
SAlphaB:
0 0 0 0 0 0 0 0 0 0 0 0 0 0 0 0 0 0 0 0 0 0 0 0 0 0 0 0 0 0 0 0 0 0 0 1 0 2 0 4 0 4 0 20 0 15 0 44 0 53 0 205 0 97 0 200 0 146 0 155 0 279 0 363 0 405 0 398 0 434 0 480 0 392 0 347 0 238 0 149 0 83 

SecondWin:
0 0 0 0 0 0 0 0 0 0 0 0 0 0 0 0 0 0 0 0 0 0 0 0 0 0 0 0 0 0 0 0 0 0 0 0 0 0 0 0 0 0 3 0 20 0 6 0 26 0 44 0 54 0 78 0 104 0 145 0 200 0 241 0 326 0 453 0 433 0 441 0 437 0 359 0 237 0 175 0 98 0 
SAlphaB:
0 0 0 0 0 0 0 0 0 0 0 0 0 0 0 0 0 0 0 0 0 0 0 0 0 0 0 0 0 0 0 0 0 0 0 0 0 0 0 0 0 0 3 0 20 0 6 0 26 0 44 0 54 0 78 0 104 0 145 0 200 0 241 0 326 0 453 0 433 0 441 0 437 0 359 0 237 0 175 0 98 0 
