0 38 46 70 -13 7 17 12

0 53 88 68 -5 10 29 12

0 14 40 96 -16 0 2 23

0 34 67 46 -18 2 11 2

0 51 81 32 -13 10 16 22

0 36 82 78 -2 13 41 26

0 34 98 21 -10 0 1 19

0 52 83 61 -11 8 14 45

0 22 92 27 -18 17 21 47

0 29 83 46 -2 2 19 21

0 18 44 15 -2 2 4 9

0 32 61 85 -16 0 2 10

0 57 79 74 -2 10 35 48

0 25 52 12 -10 1 11 5

0 10 68 41 -6 0 9 1

0 57 97 49 -6 3 5 34

0 60 96 77 -15 5 10 25

0 17 27 64 -15 0 8 26

0 43 89 45 -9 12 18 15

0 13 90 48 -5 0 20 5

0 28 53 35 -12 0 11 45

0 8 45 81 -8 3 4 32

0 55 95 33 -8 10 41 20

0 64 69 9 -5 4 10 26

0 5 95 84 -10 4 9 26

0 83 95 41 -20 11 18 29

0 78 95 9 -18 3 27 22

0 21 38 2 -11 2 3 15

0 63 87 69 -8 7 11 25

0 41 43 4 -7 8 18 18

0 91 98 19 -12 14 32 45

0 12 66 41 -14 5 31 40

0 33 73 99 -7 19 30 22

0 1 56 59 -9 6 24 18

0 30 83 79 -17 13 23 27

0 79 98 17 -1 0 39 5

0 40 89 87 -20 17 48 19

0 9 30 59 -2 13 30 25

0 11 56 82 -8 5 30 16

0 13 22 86 -5 4 12 19

0 28 40 21 -3 5 20 38

0 18 88 78 -14 24 29 28

0 42 68 36 -19 7 14 39

0 15 46 29 -3 15 42 4

0 15 69 24 -1 1 28 15

0 2 75 21 -9 14 17 27

0 9 82 6 -15 5 29 19

0 21 68 21 -6 4 21 2

0 5 47 88 -10 14 27 33

0 73 85 87 -16 0 17 33

0 7 67 0 -7 1 10 27

0 81 94 51 -3 1 18 21

0 76 89 72 -2 3 42 39

0 41 68 76 -11 2 39 7

0 22 46 25 -7 7 11 1

0 22 93 99 -2 8 46 4

0 25 38 61 -3 5 6 22

0 28 37 97 -8 12 15 2

0 6 70 43 -14 45 49 39

0 55 81 24 -4 9 16 49

0 32 47 73 -10 4 6 39

0 53 59 91 -3 26 32 32

0 25 34 38 -15 15 28 48

0 19 45 68 -19 34 38 47

0 5 15 14 -9 19 21 6

0 7 8 36 -4 10 14 18

0 13 53 70 -19 4 5 47

0 12 30 63 -15 9 11 45

0 16 48 35 -19 11 13 7

0 75 86 60 -14 39 45 29

0 0 1 49 -17 25 28 7

0 31 45 22 -3 21 22 16

0 29 36 34 -12 20 23 34

0 13 21 24 -3 11 27 4

0 21 55 6 -12 18 49 16

0 55 90 33 -17 21 25 8

0 4 9 16 -6 22 47 20

0 27 33 53 -3 7 49 33

0 53 59 41 -11 14 15 41

0 65 88 15 -1 0 2 36

0 17 32 49 -9 4 32 23

0 16 78 43 -17 3 45 32

0 13 16 83 -8 43 45 36

0 16 22 99 -4 8 47 20

0 3 26 39 -17 0 14 3

0 6 20 54 -1 11 23 37

0 0 1 81 -5 32 47 44

0 4 13 95 -5 22 34 20

0 10 14 37 -3 40 48 20

0 0 26 70 -7 1 42 15

0 1 5 68 -14 18 36 17

0 0 1 27 -4 12 19 1

0 16 26 45 -6 43 46 49

0 13 14 92 -7 2 5 49

0 2 5 3 -17 0 3 42

0 6 17 57 -9 1 30 27

0 4 7 96 -11 0 1 22

0 2 6 77 -1 4 9 39

0 5 10 1 -7 25 40 43

0 2 6 94 -11 5 24 49


SAlphaB: 736.0, std-dev 278.90698578051376

Earliest win: 36
Latest win: 81

WinDepth:
0 0 0 0 0 0 0 0 0 0 0 0 0 0 0 0 0 0 0 0 0 0 0 0 0 0 0 0 0 0 0 0 0 0 0 0 1 6 0 10 1 14 5 10 17 28 12 57 19 92 47 137 71 136 87 210 133 223 167 153 177 225 256 331 332 320 401 414 428 389 417 437 398 420 419 393 283 245 189 130 112 90 
SAlphaB:
0 0 0 0 0 0 0 0 0 0 0 0 0 0 0 0 0 0 0 0 0 0 0 0 0 0 0 0 0 0 0 0 0 0 0 0 1 6 0 10 1 14 5 10 17 28 12 57 19 92 47 137 71 136 87 210 133 223 167 153 177 225 256 331 332 320 401 414 428 389 417 437 398 420 419 393 283 245 189 130 112 90 

LossDepth:
SAlphaB:
0 0 0 0 0 0 0 0 0 0 0 0 0 0 0 0 0 0 0 0 0 0 0 0 0 0 0 0 0 0 0 0 0 0 0 0 1 6 0 10 1 14 5 10 17 28 12 57 19 92 47 137 71 136 87 210 133 223 167 153 177 225 256 331 332 320 401 414 428 389 417 437 398 420 419 393 283 245 189 130 112 90 

FirstWin:
0 0 0 0 0 0 0 0 0 0 0 0 0 0 0 0 0 0 0 0 0 0 0 0 0 0 0 0 0 0 0 0 0 0 0 0 0 6 0 10 0 14 0 10 0 28 0 57 0 92 0 137 0 136 0 210 0 223 0 153 0 225 0 331 0 320 0 414 0 389 0 437 0 420 0 393 0 245 0 130 0 90 
SAlphaB:
0 0 0 0 0 0 0 0 0 0 0 0 0 0 0 0 0 0 0 0 0 0 0 0 0 0 0 0 0 0 0 0 0 0 0 0 0 6 0 10 0 14 0 10 0 28 0 57 0 92 0 137 0 136 0 210 0 223 0 153 0 225 0 331 0 320 0 414 0 389 0 437 0 420 0 393 0 245 0 130 0 90 

SecondWin:
0 0 0 0 0 0 0 0 0 0 0 0 0 0 0 0 0 0 0 0 0 0 0 0 0 0 0 0 0 0 0 0 0 0 0 0 1 0 0 0 1 0 5 0 17 0 12 0 19 0 47 0 71 0 87 0 133 0 167 0 177 0 256 0 332 0 401 0 428 0 417 0 398 0 419 0 283 0 189 0 112 0 
SAlphaB:
0 0 0 0 0 0 0 0 0 0 0 0 0 0 0 0 0 0 0 0 0 0 0 0 0 0 0 0 0 0 0 0 0 0 0 0 1 0 0 0 1 0 5 0 17 0 12 0 19 0 47 0 71 0 87 0 133 0 167 0 177 0 256 0 332 0 401 0 428 0 417 0 398 0 419 0 283 0 189 0 112 0 
