0 35 44 28 -11 1 7 8

0 20 54 73 -16 3 11 23

0 46 71 64 -20 3 9 25

0 56 81 56 -2 13 26 23

0 80 85 32 -10 16 33 12

0 17 74 77 -9 15 38 28

0 5 14 49 -17 2 5 16

0 57 72 74 -9 4 9 12

0 83 89 28 -9 20 34 26

0 48 83 24 -8 14 27 16

0 33 70 64 -4 6 28 3

0 19 89 52 -15 0 9 39

0 24 72 77 -20 6 8 41

0 55 98 84 -15 0 6 17

0 41 58 72 -3 8 31 37

0 25 36 20 -4 2 3 4

0 17 54 50 -2 6 10 4

0 41 55 23 -5 6 37 10

0 29 34 76 -17 18 23 23

0 50 93 30 -11 32 35 20

0 58 93 0 -9 13 25 34

0 37 60 18 -9 0 18 34

0 26 97 98 -1 3 29 12

0 48 92 47 -9 10 15 37

0 43 74 72 -15 11 13 17

0 29 32 90 -11 33 34 18

0 36 72 35 -10 25 27 12

0 34 70 96 -5 10 17 7

0 76 87 61 -7 26 38 21

0 28 67 83 -6 2 17 38

0 48 56 10 -6 3 17 48

0 23 81 10 -14 18 25 3

0 19 53 96 -3 14 22 24

0 3 15 45 -2 14 19 8

0 68 75 12 -8 22 36 39

0 37 69 86 -6 1 2 31

0 10 51 48 -3 3 41 1

0 21 84 60 -20 1 14 34

0 60 78 71 -7 22 47 26

0 44 75 96 -7 43 45 38

0 0 58 39 -10 7 11 12

0 44 54 97 -7 23 40 29

0 13 34 78 -3 36 44 19

0 1 18 94 -11 9 38 28

0 9 13 47 -10 8 36 25

0 70 97 70 -12 16 23 49

0 16 36 34 -7 39 44 20

0 31 46 24 -9 5 40 12

0 5 57 41 -6 3 4 25

0 42 70 30 -15 23 36 29

0 32 68 99 -15 19 34 44

0 3 43 49 -9 6 28 34

0 16 21 80 -18 34 37 10

0 61 90 63 -9 0 15 39

0 4 61 51 -2 2 4 47

0 2 77 39 -9 2 4 35

0 58 64 24 -19 26 49 4

0 39 43 97 -17 23 40 45

0 4 74 97 -7 4 17 8

0 9 96 83 -18 3 33 4

0 53 55 3 -9 28 30 36

0 5 34 24 -10 19 44 13

0 7 27 55 -2 0 3 47

0 6 77 84 -15 4 40 42

0 10 14 90 -5 0 3 17

0 10 69 34 -8 10 24 36

0 9 29 10 -1 12 46 10

0 1 58 25 -12 19 46 34

0 19 40 56 -19 19 23 34

0 19 45 37 -10 0 1 44

0 10 26 40 -7 3 16 6

0 7 48 4 -10 18 26 34

0 16 18 91 -8 18 30 36

0 3 21 94 -3 6 7 37

0 14 98 6 -6 20 34 21

0 0 10 86 -16 6 16 21

0 0 4 97 -9 2 4 10

0 15 20 51 -19 7 10 35

0 1 9 57 -9 7 21 36

0 3 5 53 -9 5 6 20

0 10 32 11 -17 4 10 36

0 5 19 39 -6 37 48 46

0 8 81 9 -4 6 48 30

0 20 29 3 -7 21 43 38

0 0 25 34 -1 14 17 27

0 0 3 26 -8 25 35 48

0 0 8 1 -16 6 37 42

0 1 16 10 -18 7 26 38

0 9 10 20 -15 1 34 49

0 2 17 62 -14 15 22 18

0 2 6 7 -18 19 38 17

0 5 17 81 -3 3 21 45

0 15 18 51 -8 32 48 0

0 10 11 26 -6 2 40 19

0 5 7 2 -6 5 27 41

0 0 2 44 -15 47 49 3

0 2 5 12 -9 0 2 26

0 7 15 13 -4 32 36 48

0 1 2 62 -15 16 17 49

0 1 7 42 -5 16 21 46


SAlphaB: 697.0, std-dev 259.3170485461121

Earliest win: 36
Latest win: 81

WinDepth:
0 0 0 0 0 0 0 0 0 0 0 0 0 0 0 0 0 0 0 0 0 0 0 0 0 0 0 0 0 0 0 0 0 0 0 0 1 5 0 2 1 4 1 10 8 26 14 40 40 75 79 208 107 150 102 163 103 192 154 159 175 238 257 376 380 350 433 372 424 437 400 407 393 389 355 325 249 286 197 136 78 69 
SAlphaB:
0 0 0 0 0 0 0 0 0 0 0 0 0 0 0 0 0 0 0 0 0 0 0 0 0 0 0 0 0 0 0 0 0 0 0 0 1 5 0 2 1 4 1 10 8 26 14 40 40 75 79 208 107 150 102 163 103 192 154 159 175 238 257 376 380 350 433 372 424 437 400 407 393 389 355 325 249 286 197 136 78 69 

LossDepth:
SAlphaB:
0 0 0 0 0 0 0 0 0 0 0 0 0 0 0 0 0 0 0 0 0 0 0 0 0 0 0 0 0 0 0 0 0 0 0 0 1 5 0 2 1 4 1 10 8 26 14 40 40 75 79 208 107 150 102 163 103 192 154 159 175 238 257 376 380 350 433 372 424 437 400 407 393 389 355 325 249 286 197 136 78 69 

FirstWin:
0 0 0 0 0 0 0 0 0 0 0 0 0 0 0 0 0 0 0 0 0 0 0 0 0 0 0 0 0 0 0 0 0 0 0 0 0 5 0 2 0 4 0 10 0 26 0 40 0 75 0 208 0 150 0 163 0 192 0 159 0 238 0 376 0 350 0 372 0 437 0 407 0 389 0 325 0 286 0 136 0 69 
SAlphaB:
0 0 0 0 0 0 0 0 0 0 0 0 0 0 0 0 0 0 0 0 0 0 0 0 0 0 0 0 0 0 0 0 0 0 0 0 0 5 0 2 0 4 0 10 0 26 0 40 0 75 0 208 0 150 0 163 0 192 0 159 0 238 0 376 0 350 0 372 0 437 0 407 0 389 0 325 0 286 0 136 0 69 

SecondWin:
0 0 0 0 0 0 0 0 0 0 0 0 0 0 0 0 0 0 0 0 0 0 0 0 0 0 0 0 0 0 0 0 0 0 0 0 1 0 0 0 1 0 1 0 8 0 14 0 40 0 79 0 107 0 102 0 103 0 154 0 175 0 257 0 380 0 433 0 424 0 400 0 393 0 355 0 249 0 197 0 78 0 
SAlphaB:
0 0 0 0 0 0 0 0 0 0 0 0 0 0 0 0 0 0 0 0 0 0 0 0 0 0 0 0 0 0 0 0 0 0 0 0 1 0 0 0 1 0 1 0 8 0 14 0 40 0 79 0 107 0 102 0 103 0 154 0 175 0 257 0 380 0 433 0 424 0 400 0 393 0 355 0 249 0 197 0 78 0 
