0 16 48 42 -1 3 13 0

0 29 69 78 -16 4 11 9

0 27 96 28 -2 6 17 20

0 33 78 82 -1 9 14 15

0 76 89 66 -9 7 48 36

0 42 49 71 -14 0 11 4

0 18 72 18 -11 3 4 0

0 46 52 5 -14 12 17 9

0 88 97 58 -17 1 7 27

0 38 56 67 -10 5 19 38

0 64 84 77 -17 6 15 28

0 41 55 89 -2 6 31 14

0 32 45 96 -7 0 8 0

0 36 49 97 -6 2 9 17

0 80 98 76 -12 16 45 20

0 59 70 86 -8 11 25 49

0 12 43 39 -1 22 45 14

0 75 85 56 -19 15 38 19

0 29 44 93 -11 1 13 28

0 52 57 58 -16 37 43 24

0 41 50 22 -15 44 49 14

0 61 76 57 -11 9 43 13

0 16 94 94 -14 3 33 11

0 94 98 26 -2 26 46 37

0 44 94 9 -1 15 31 47

0 43 52 59 -1 2 24 31

0 71 79 6 -5 41 43 38

0 47 54 21 -18 16 26 40

0 14 58 29 -13 18 34 5

0 25 38 74 -10 12 13 32

0 21 41 13 -6 2 8 26

0 8 86 89 -5 0 10 29

0 28 32 51 -12 19 22 8

0 14 42 32 -16 5 15 23

0 39 55 70 -16 7 20 29

0 15 64 47 -2 22 28 28

0 17 56 30 -17 20 24 14

0 35 59 74 -1 15 26 38

0 13 29 97 -19 7 15 12

0 11 19 91 -16 17 20 14

0 1 68 57 -1 1 14 1

0 7 14 6 -5 1 5 8

0 39 83 90 -5 7 8 48

0 68 92 41 -9 11 42 4

0 8 98 78 -14 25 30 38

0 16 73 19 -16 19 46 34

0 38 58 4 -17 1 31 42

0 8 33 30 -20 4 12 28

0 40 53 46 -2 22 40 21

0 32 74 22 -1 20 49 9

0 6 55 17 -20 41 43 45

0 29 31 18 -7 6 10 16

0 16 32 41 -13 34 38 33

0 5 9 77 -10 3 6 9

0 9 21 91 -8 30 32 11

0 22 63 87 -20 20 36 44

0 17 66 2 -2 29 38 39

0 13 41 78 -16 26 27 33

0 39 69 77 -3 5 6 43

0 42 60 46 -4 37 45 1

0 9 11 83 -17 9 19 32

0 19 95 6 -20 30 37 42

0 6 27 13 -14 0 9 17

0 13 15 65 -4 1 9 20

0 30 76 41 -19 22 42 19

0 1 97 75 -7 19 49 19

0 29 41 17 -10 1 28 23

0 18 39 64 -7 19 42 18

0 0 26 0 -7 11 14 33

0 4 36 41 -19 1 8 22

0 10 51 65 -12 4 9 40

0 18 28 39 -5 44 48 41

0 17 30 63 -11 2 5 48

0 16 18 63 -10 6 7 47

0 24 79 1 -10 19 30 47

0 21 29 39 -3 13 46 4

0 5 20 35 -15 3 28 2

0 3 7 55 -18 10 17 47

0 5 7 54 -15 4 15 15

0 11 61 10 -4 16 25 45

0 19 46 1 -14 0 24 49

0 6 15 89 -5 19 33 28

0 2 35 73 -10 6 28 34

0 5 8 50 -7 1 8 14

0 4 14 88 -11 1 15 20

0 0 25 80 -15 5 7 44

0 7 31 99 -9 2 4 33

0 5 16 42 -7 1 41 34

0 1 6 94 -1 8 21 44

0 7 23 30 -6 4 21 41

0 1 2 90 -17 2 38 30

0 0 1 85 -20 3 30 46

0 1 3 79 -17 5 27 42

0 1 9 82 -12 2 43 49

0 0 10 8 -15 1 31 39

0 13 44 18 -12 37 49 0

0 8 9 9 -10 8 35 39

0 3 10 34 -12 0 32 49

0 0 1 13 -4 0 43 46

0 7 20 35 -17 1 2 47


SAlphaB: 704.0, std-dev 253.38083416314683

Earliest win: 36
Latest win: 81

WinDepth:
0 0 0 0 0 0 0 0 0 0 0 0 0 0 0 0 0 0 0 0 0 0 0 0 0 0 0 0 0 0 0 0 0 0 0 0 1 10 0 7 14 11 2 18 9 42 8 40 40 75 71 143 95 146 104 162 161 227 142 169 170 239 228 316 335 364 405 390 451 366 464 464 414 438 388 389 231 206 153 159 94 71 
SAlphaB:
0 0 0 0 0 0 0 0 0 0 0 0 0 0 0 0 0 0 0 0 0 0 0 0 0 0 0 0 0 0 0 0 0 0 0 0 1 10 0 7 14 11 2 18 9 42 8 40 40 75 71 143 95 146 104 162 161 227 142 169 170 239 228 316 335 364 405 390 451 366 464 464 414 438 388 389 231 206 153 159 94 71 

LossDepth:
SAlphaB:
0 0 0 0 0 0 0 0 0 0 0 0 0 0 0 0 0 0 0 0 0 0 0 0 0 0 0 0 0 0 0 0 0 0 0 0 1 10 0 7 14 11 2 18 9 42 8 40 40 75 71 143 95 146 104 162 161 227 142 169 170 239 228 316 335 364 405 390 451 366 464 464 414 438 388 389 231 206 153 159 94 71 

FirstWin:
0 0 0 0 0 0 0 0 0 0 0 0 0 0 0 0 0 0 0 0 0 0 0 0 0 0 0 0 0 0 0 0 0 0 0 0 0 10 0 7 0 11 0 18 0 42 0 40 0 75 0 143 0 146 0 162 0 227 0 169 0 239 0 316 0 364 0 390 0 366 0 464 0 438 0 389 0 206 0 159 0 71 
SAlphaB:
0 0 0 0 0 0 0 0 0 0 0 0 0 0 0 0 0 0 0 0 0 0 0 0 0 0 0 0 0 0 0 0 0 0 0 0 0 10 0 7 0 11 0 18 0 42 0 40 0 75 0 143 0 146 0 162 0 227 0 169 0 239 0 316 0 364 0 390 0 366 0 464 0 438 0 389 0 206 0 159 0 71 

SecondWin:
0 0 0 0 0 0 0 0 0 0 0 0 0 0 0 0 0 0 0 0 0 0 0 0 0 0 0 0 0 0 0 0 0 0 0 0 1 0 0 0 14 0 2 0 9 0 8 0 40 0 71 0 95 0 104 0 161 0 142 0 170 0 228 0 335 0 405 0 451 0 464 0 414 0 388 0 231 0 153 0 94 0 
SAlphaB:
0 0 0 0 0 0 0 0 0 0 0 0 0 0 0 0 0 0 0 0 0 0 0 0 0 0 0 0 0 0 0 0 0 0 0 0 1 0 0 0 14 0 2 0 9 0 8 0 40 0 71 0 95 0 104 0 161 0 142 0 170 0 228 0 335 0 405 0 451 0 464 0 414 0 388 0 231 0 153 0 94 0 
