0 34 79 52 -15 6 26 24

0 75 84 13 -17 6 35 18

0 11 88 88 -17 0 2 11

0 66 98 19 -1 1 32 31

0 69 97 95 -6 4 10 47

0 21 38 64 -9 2 4 13

0 11 35 85 -20 9 26 29

0 50 59 40 -5 15 32 27

0 7 67 81 -19 2 7 7

0 40 60 92 -10 4 29 6

0 24 38 99 -10 20 35 10

0 37 98 93 -2 21 22 43

0 40 59 57 -13 25 31 10

0 17 51 97 -12 0 3 23

0 48 56 1 -4 1 3 19

0 38 90 59 -9 7 8 31

0 67 75 32 -14 20 44 38

0 48 94 5 -12 16 42 36

0 14 43 56 -4 3 12 31

0 86 96 19 -6 3 8 11

0 15 89 52 -13 39 43 23

0 32 81 50 -11 2 31 4

0 28 77 91 -2 13 14 2

0 30 80 19 -6 0 5 26

0 6 41 76 -4 21 26 25

0 37 61 55 -15 0 3 41

0 16 59 71 -16 0 1 48

0 14 62 33 -18 46 47 17

0 35 93 31 -2 11 13 24

0 5 52 61 -4 13 23 43

0 30 97 41 -9 2 29 48

0 30 35 57 -12 9 25 15

0 9 26 89 -3 19 41 32

0 42 62 69 -7 26 44 0

0 78 88 55 -3 35 45 41

0 2 43 88 -11 10 14 20

0 55 93 38 -16 13 17 27

0 30 51 26 -3 31 43 10

0 17 69 37 -7 18 24 11

0 6 44 38 -3 17 19 3

0 69 85 47 -7 5 13 46

0 81 83 91 -20 23 27 32

0 2 80 98 -15 9 13 3

0 15 37 43 -2 35 37 38

0 42 48 90 -12 0 1 31

0 20 25 9 -1 37 41 1

0 14 30 92 -13 10 25 39

0 61 86 73 -15 27 30 31

0 44 46 76 -2 15 30 3

0 17 80 88 -15 7 22 29

0 6 90 10 -11 33 41 18

0 8 52 14 -9 16 45 49

0 48 65 41 -11 21 26 21

0 24 97 24 -14 6 43 30

0 8 82 41 -18 1 29 9

0 12 49 7 -9 6 10 34

0 4 17 69 -5 31 32 6

0 43 65 41 -19 17 21 37

0 9 10 28 -8 1 5 21

0 22 70 26 -2 28 29 40

0 19 25 60 -1 31 39 17

0 81 98 62 -14 21 22 48

0 13 24 40 -12 41 46 15

0 7 20 85 -2 11 25 15

0 19 39 0 -14 0 42 31

0 1 11 95 -5 0 1 0

0 5 11 68 -7 3 8 14

0 24 81 19 -9 8 39 32

0 13 72 26 -11 17 42 32

0 17 21 40 -15 2 39 16

0 5 14 6 -11 3 7 13

0 35 76 8 -11 23 30 21

0 44 55 26 -16 6 41 14

0 17 22 7 -17 38 46 37

0 3 37 27 -18 1 5 44

0 11 96 93 -13 7 33 17

0 39 48 24 -8 24 25 21

0 28 37 84 -5 7 35 43

0 9 10 18 -8 6 14 5

0 0 2 90 -6 31 44 23

0 31 53 9 -12 19 37 25

0 4 8 9 -14 11 22 38

0 7 13 9 -11 4 34 1

0 0 1 84 -17 0 2 43

0 5 14 59 -1 4 27 11

0 19 51 38 -5 6 38 47

0 2 3 64 -6 35 41 30

0 57 80 78 -4 0 3 43

0 2 3 83 -7 16 39 15

0 4 18 23 -11 5 24 29

0 10 21 1 -14 20 36 14

0 5 12 77 -17 2 46 48

0 10 16 8 -16 35 49 4

0 5 7 66 -7 7 30 42

0 3 19 58 -19 5 10 49

0 7 9 0 -19 37 39 28

0 0 1 91 -12 1 27 31

0 3 8 25 -12 4 28 49

0 0 2 79 -15 30 34 6

0 0 2 41 -6 4 9 38


SAlphaB: 694.0, std-dev 258.60837616407986

Earliest win: 37
Latest win: 81

WinDepth:
0 0 0 0 0 0 0 0 0 0 0 0 0 0 0 0 0 0 0 0 0 0 0 0 0 0 0 0 0 0 0 0 0 0 0 0 0 4 0 4 0 4 3 37 5 23 19 35 34 87 111 265 121 125 112 181 84 153 152 208 190 239 250 332 249 316 402 355 499 362 484 427 387 390 370 299 257 268 217 145 110 79 
SAlphaB:
0 0 0 0 0 0 0 0 0 0 0 0 0 0 0 0 0 0 0 0 0 0 0 0 0 0 0 0 0 0 0 0 0 0 0 0 0 4 0 4 0 4 3 37 5 23 19 35 34 87 111 265 121 125 112 181 84 153 152 208 190 239 250 332 249 316 402 355 499 362 484 427 387 390 370 299 257 268 217 145 110 79 

LossDepth:
SAlphaB:
0 0 0 0 0 0 0 0 0 0 0 0 0 0 0 0 0 0 0 0 0 0 0 0 0 0 0 0 0 0 0 0 0 0 0 0 0 4 0 4 0 4 3 37 5 23 19 35 34 87 111 265 121 125 112 181 84 153 152 208 190 239 250 332 249 316 402 355 499 362 484 427 387 390 370 299 257 268 217 145 110 79 

FirstWin:
0 0 0 0 0 0 0 0 0 0 0 0 0 0 0 0 0 0 0 0 0 0 0 0 0 0 0 0 0 0 0 0 0 0 0 0 0 4 0 4 0 4 0 37 0 23 0 35 0 87 0 265 0 125 0 181 0 153 0 208 0 239 0 332 0 316 0 355 0 362 0 427 0 390 0 299 0 268 0 145 0 79 
SAlphaB:
0 0 0 0 0 0 0 0 0 0 0 0 0 0 0 0 0 0 0 0 0 0 0 0 0 0 0 0 0 0 0 0 0 0 0 0 0 4 0 4 0 4 0 37 0 23 0 35 0 87 0 265 0 125 0 181 0 153 0 208 0 239 0 332 0 316 0 355 0 362 0 427 0 390 0 299 0 268 0 145 0 79 

SecondWin:
0 0 0 0 0 0 0 0 0 0 0 0 0 0 0 0 0 0 0 0 0 0 0 0 0 0 0 0 0 0 0 0 0 0 0 0 0 0 0 0 0 0 3 0 5 0 19 0 34 0 111 0 121 0 112 0 84 0 152 0 190 0 250 0 249 0 402 0 499 0 484 0 387 0 370 0 257 0 217 0 110 0 
SAlphaB:
0 0 0 0 0 0 0 0 0 0 0 0 0 0 0 0 0 0 0 0 0 0 0 0 0 0 0 0 0 0 0 0 0 0 0 0 0 0 0 0 0 0 3 0 5 0 19 0 34 0 111 0 121 0 112 0 84 0 152 0 190 0 250 0 249 0 402 0 499 0 484 0 387 0 370 0 257 0 217 0 110 0 
