0 24 91 29 -5 2 7 4

0 54 86 72 -14 8 9 7

0 21 80 47 -3 0 11 19

0 42 78 41 -1 8 23 18

0 57 68 54 -19 12 24 9

0 13 77 79 -3 12 37 14

0 33 63 73 -4 15 37 24

0 73 82 79 -20 25 29 22

0 24 31 33 -12 3 8 7

0 29 65 53 -3 33 47 8

0 14 90 54 -17 5 17 33

0 75 77 25 -18 9 40 22

0 29 84 92 -18 2 5 0

0 59 76 67 -13 15 19 28

0 45 83 78 -10 5 25 5

0 53 55 68 -12 31 45 2

0 5 41 86 -7 11 24 22

0 55 94 55 -9 5 9 26

0 37 45 4 -5 10 30 17

0 48 52 42 -9 1 3 24

0 47 75 61 -14 6 7 23

0 32 49 57 -13 10 13 41

0 6 20 32 -19 1 3 6

0 39 77 14 -13 10 35 15

0 42 63 37 -3 33 49 14

0 12 95 78 -1 16 30 31

0 85 92 60 -6 5 6 36

0 14 47 16 -12 3 4 16

0 51 68 55 -15 33 42 20

0 22 41 89 -4 7 15 41

0 56 97 89 -4 4 8 31

0 34 88 56 -2 1 2 40

0 13 35 29 -2 0 5 20

0 68 81 10 -18 8 35 38

0 33 52 81 -12 3 18 48

0 64 85 95 -2 0 32 19

0 30 33 88 -15 2 7 37

0 23 67 52 -16 4 6 6

0 22 70 98 -7 1 2 33

0 5 19 9 -20 9 20 14

0 13 87 68 -17 26 28 39

0 53 56 83 -3 7 38 45

0 10 71 70 -14 11 22 23

0 2 3 62 -6 20 34 12

0 17 61 26 -13 7 12 18

0 39 66 75 -19 14 23 31

0 30 97 63 -19 28 44 34

0 26 53 25 -10 0 30 22

0 0 76 49 -11 10 12 30

0 65 74 12 -4 23 25 16

0 53 71 50 -6 14 17 26

0 31 46 29 -3 17 31 3

0 16 66 55 -3 4 21 3

0 8 55 20 -19 10 12 36

0 3 31 28 -1 13 24 32

0 21 87 59 -3 0 1 8

0 7 70 43 -13 13 30 46

0 13 33 42 -4 23 25 48

0 14 53 18 -11 31 40 5

0 27 66 95 -5 35 37 16

0 6 21 26 -15 24 31 28

0 44 82 16 -16 24 41 17

0 39 46 12 -10 36 43 21

0 28 55 67 -16 16 45 21

0 25 62 87 -11 38 39 23

0 43 96 14 -12 42 47 26

0 3 11 88 -12 5 8 22

0 22 43 3 -11 5 21 29

0 12 27 61 -14 0 24 6

0 2 7 55 -10 6 12 1

0 11 50 21 -17 22 38 29

0 24 46 37 -20 16 35 15

0 8 59 14 -14 10 30 46

0 9 20 76 -8 20 23 43

0 42 50 28 -19 21 39 31

0 1 13 78 -14 0 8 22

0 21 22 85 -14 19 45 11

0 33 40 13 -5 26 40 49

0 7 32 78 -5 9 40 39

0 1 19 50 -17 3 30 11

0 6 33 10 -14 0 2 46

0 2 16 25 -7 0 9 10

0 7 47 13 -3 18 28 42

0 6 23 75 -19 7 47 8

0 2 4 49 -9 4 36 6

0 9 13 43 -15 2 17 28

0 3 18 85 -8 21 22 45

0 13 23 85 -16 15 40 42

0 6 18 50 -15 10 36 26

0 1 4 64 -17 1 13 7

0 8 19 32 -3 30 31 36

0 0 24 68 -7 24 39 43

0 2 3 9 -12 2 6 22

0 1 2 42 -15 2 24 35

0 2 6 75 -3 17 24 36

0 1 4 77 -7 4 7 38

0 1 13 7 -6 1 4 37

0 6 10 6 -3 16 18 28

0 0 1 33 -13 0 11 32

0 3 4 24 -14 2 11 36


SAlphaB: 687.0, std-dev 258.2181116455974

Earliest win: 39
Latest win: 81

WinDepth:
0 0 0 0 0 0 0 0 0 0 0 0 0 0 0 0 0 0 0 0 0 0 0 0 0 0 0 0 0 0 0 0 0 0 0 0 0 0 0 1 1 8 9 23 4 11 20 31 44 80 58 191 68 146 115 164 109 158 176 191 175 215 250 373 295 332 373 392 424 420 409 462 460 455 417 391 270 229 219 151 100 63 
SAlphaB:
0 0 0 0 0 0 0 0 0 0 0 0 0 0 0 0 0 0 0 0 0 0 0 0 0 0 0 0 0 0 0 0 0 0 0 0 0 0 0 1 1 8 9 23 4 11 20 31 44 80 58 191 68 146 115 164 109 158 176 191 175 215 250 373 295 332 373 392 424 420 409 462 460 455 417 391 270 229 219 151 100 63 

LossDepth:
SAlphaB:
0 0 0 0 0 0 0 0 0 0 0 0 0 0 0 0 0 0 0 0 0 0 0 0 0 0 0 0 0 0 0 0 0 0 0 0 0 0 0 1 1 8 9 23 4 11 20 31 44 80 58 191 68 146 115 164 109 158 176 191 175 215 250 373 295 332 373 392 424 420 409 462 460 455 417 391 270 229 219 151 100 63 

FirstWin:
0 0 0 0 0 0 0 0 0 0 0 0 0 0 0 0 0 0 0 0 0 0 0 0 0 0 0 0 0 0 0 0 0 0 0 0 0 0 0 1 0 8 0 23 0 11 0 31 0 80 0 191 0 146 0 164 0 158 0 191 0 215 0 373 0 332 0 392 0 420 0 462 0 455 0 391 0 229 0 151 0 63 
SAlphaB:
0 0 0 0 0 0 0 0 0 0 0 0 0 0 0 0 0 0 0 0 0 0 0 0 0 0 0 0 0 0 0 0 0 0 0 0 0 0 0 1 0 8 0 23 0 11 0 31 0 80 0 191 0 146 0 164 0 158 0 191 0 215 0 373 0 332 0 392 0 420 0 462 0 455 0 391 0 229 0 151 0 63 

SecondWin:
0 0 0 0 0 0 0 0 0 0 0 0 0 0 0 0 0 0 0 0 0 0 0 0 0 0 0 0 0 0 0 0 0 0 0 0 0 0 0 0 1 0 9 0 4 0 20 0 44 0 58 0 68 0 115 0 109 0 176 0 175 0 250 0 295 0 373 0 424 0 409 0 460 0 417 0 270 0 219 0 100 0 
SAlphaB:
0 0 0 0 0 0 0 0 0 0 0 0 0 0 0 0 0 0 0 0 0 0 0 0 0 0 0 0 0 0 0 0 0 0 0 0 0 0 0 0 1 0 9 0 4 0 20 0 44 0 58 0 68 0 115 0 109 0 176 0 175 0 250 0 295 0 373 0 424 0 409 0 460 0 417 0 270 0 219 0 100 0 
