0 25 76 36 -4 2 14 10

0 48 90 44 -1 4 20 21

0 63 90 56 -14 9 14 30

0 9 39 40 -18 0 1 19

0 54 91 28 -10 1 13 3

0 38 74 70 -6 3 16 25

0 25 63 6 -4 5 29 11

0 46 61 16 -18 9 22 8

0 29 83 25 -7 0 1 17

0 70 98 49 -13 3 7 14

0 35 53 40 -11 0 11 17

0 87 92 43 -17 6 25 35

0 39 82 2 -2 9 18 13

0 43 54 38 -10 8 18 19

0 2 58 75 -3 26 43 3

0 4 66 83 -2 33 34 36

0 30 98 52 -6 0 9 13

0 8 18 26 -10 0 4 13

0 16 78 80 -10 6 9 32

0 7 66 50 -16 36 48 45

0 66 89 42 -9 8 19 0

0 3 11 77 -11 17 18 22

0 63 78 60 -14 7 8 15

0 6 38 77 -11 3 17 3

0 11 13 70 -8 9 11 8

0 20 68 10 -19 4 9 39

0 66 82 97 -2 17 37 29

0 13 71 43 -2 25 37 15

0 9 84 31 -10 23 28 7

0 3 31 93 -12 4 8 24

0 60 71 3 -3 3 9 21

0 34 35 55 -20 21 22 6

0 93 96 22 -5 1 18 5

0 51 76 55 -4 26 33 36

0 76 94 35 -10 15 32 24

0 73 76 98 -14 1 35 3

0 71 89 36 -14 3 32 10

0 7 35 97 -1 34 35 10

0 13 19 7 -13 36 39 27

0 20 45 78 -18 1 15 42

0 19 55 21 -1 7 35 19

0 8 20 61 -9 9 27 13

0 23 96 41 -18 20 28 11

0 15 48 74 -8 25 45 19

0 23 36 99 -2 37 45 3

0 10 11 80 -7 0 6 2

0 55 69 26 -17 36 44 29

0 63 70 8 -4 19 30 7

0 18 30 85 -5 4 11 19

0 12 23 12 -20 22 24 11

0 50 79 22 -8 18 32 0

0 32 79 54 -10 16 22 16

0 28 47 86 -9 9 28 46

0 24 76 0 -12 15 34 7

0 21 55 10 -17 9 13 4

0 3 42 20 -18 3 16 31

0 18 84 60 -15 23 35 27

0 20 41 29 -3 6 39 32

0 11 92 13 -10 14 18 29

0 64 79 92 -6 0 1 29

0 19 99 70 -8 7 30 9

0 17 32 47 -2 10 40 25

0 32 76 29 -16 35 38 38

0 52 55 23 -11 19 20 38

0 6 64 7 -12 16 22 26

0 15 20 11 -5 17 31 17

0 3 81 88 -20 9 13 45

0 23 25 7 -18 22 48 39

0 30 34 60 -5 7 45 40

0 4 42 7 -11 11 38 22

0 3 24 64 -19 28 36 40

0 4 15 29 -12 6 15 26

0 11 12 77 -17 7 27 14

0 18 29 36 -15 15 44 2

0 1 2 32 -14 8 12 29

0 9 24 28 -3 37 38 36

0 6 19 45 -2 19 31 2

0 16 18 85 -8 6 11 20

0 5 47 37 -17 21 36 1

0 1 58 3 -7 3 13 38

0 0 6 70 -7 25 29 42

0 11 22 27 -2 15 44 34

0 2 3 50 -8 48 49 37

0 4 9 91 -17 5 31 38

0 1 9 60 -8 8 42 0

0 15 27 48 -12 11 13 49

0 4 24 87 -3 10 11 44

0 21 31 36 -4 7 47 46

0 10 11 82 -14 2 20 13

0 1 12 71 -18 1 3 44

0 0 93 10 -3 3 14 44

0 3 4 2 -20 13 20 48

0 6 39 50 -3 6 43 46

0 3 11 57 -11 9 13 48

0 1 16 13 -13 11 39 5

0 3 19 79 -13 1 4 46

0 6 23 62 -5 6 27 35

0 8 10 15 -11 4 13 40

0 2 9 10 -10 16 22 39

0 2 7 95 -8 1 13 25


SAlphaB: 709.0, std-dev 251.7947567870597

Earliest win: 35
Latest win: 81

WinDepth:
0 0 0 0 0 0 0 0 0 0 0 0 0 0 0 0 0 0 0 0 0 0 0 0 0 0 0 0 0 0 0 0 0 0 0 1 0 1 0 2 0 2 0 7 11 14 13 33 18 84 99 170 116 118 71 141 120 200 163 157 169 201 259 306 339 374 460 415 458 418 466 409 416 377 408 330 260 256 178 130 99 86 
SAlphaB:
0 0 0 0 0 0 0 0 0 0 0 0 0 0 0 0 0 0 0 0 0 0 0 0 0 0 0 0 0 0 0 0 0 0 0 1 0 1 0 2 0 2 0 7 11 14 13 33 18 84 99 170 116 118 71 141 120 200 163 157 169 201 259 306 339 374 460 415 458 418 466 409 416 377 408 330 260 256 178 130 99 86 

LossDepth:
SAlphaB:
0 0 0 0 0 0 0 0 0 0 0 0 0 0 0 0 0 0 0 0 0 0 0 0 0 0 0 0 0 0 0 0 0 0 0 1 0 1 0 2 0 2 0 7 11 14 13 33 18 84 99 170 116 118 71 141 120 200 163 157 169 201 259 306 339 374 460 415 458 418 466 409 416 377 408 330 260 256 178 130 99 86 

FirstWin:
0 0 0 0 0 0 0 0 0 0 0 0 0 0 0 0 0 0 0 0 0 0 0 0 0 0 0 0 0 0 0 0 0 0 0 1 0 1 0 2 0 2 0 7 0 14 0 33 0 84 0 170 0 118 0 141 0 200 0 157 0 201 0 306 0 374 0 415 0 418 0 409 0 377 0 330 0 256 0 130 0 86 
SAlphaB:
0 0 0 0 0 0 0 0 0 0 0 0 0 0 0 0 0 0 0 0 0 0 0 0 0 0 0 0 0 0 0 0 0 0 0 1 0 1 0 2 0 2 0 7 0 14 0 33 0 84 0 170 0 118 0 141 0 200 0 157 0 201 0 306 0 374 0 415 0 418 0 409 0 377 0 330 0 256 0 130 0 86 

SecondWin:
0 0 0 0 0 0 0 0 0 0 0 0 0 0 0 0 0 0 0 0 0 0 0 0 0 0 0 0 0 0 0 0 0 0 0 0 0 0 0 0 0 0 0 0 11 0 13 0 18 0 99 0 116 0 71 0 120 0 163 0 169 0 259 0 339 0 460 0 458 0 466 0 416 0 408 0 260 0 178 0 99 0 
SAlphaB:
0 0 0 0 0 0 0 0 0 0 0 0 0 0 0 0 0 0 0 0 0 0 0 0 0 0 0 0 0 0 0 0 0 0 0 0 0 0 0 0 0 0 0 0 11 0 13 0 18 0 99 0 116 0 71 0 120 0 163 0 169 0 259 0 339 0 460 0 458 0 466 0 416 0 408 0 260 0 178 0 99 0 
