0 43 98 88 -2 9 31 8

0 19 90 29 -13 1 7 16

0 59 98 54 -1 13 28 37

0 38 99 62 -12 2 6 0

0 41 76 59 -19 6 21 18

0 29 47 31 -9 0 5 17

0 42 56 19 -13 4 9 15

0 21 99 44 -6 1 2 7

0 34 92 18 -20 4 12 24

0 57 89 84 -7 4 19 12

0 42 99 80 -8 4 17 20

0 30 93 74 -9 1 4 10

0 59 68 87 -4 8 20 22

0 64 92 97 -16 2 25 40

0 66 81 63 -13 9 35 27

0 38 81 42 -7 9 29 23

0 27 64 22 -14 5 10 4

0 37 86 28 -18 0 4 36

0 52 93 49 -19 4 15 15

0 20 62 68 -12 0 2 0

0 57 84 56 -1 11 30 7

0 43 78 55 -13 4 7 9

0 55 69 49 -2 13 30 17

0 26 46 48 -3 1 10 11

0 67 69 74 -15 9 49 20

0 40 93 14 -9 5 16 47

0 17 34 87 -13 0 1 9

0 55 74 83 -12 7 29 29

0 27 78 39 -17 1 6 23

0 56 67 68 -13 5 11 39

0 46 98 78 -12 1 3 2

0 58 98 81 -19 0 1 42

0 65 70 23 -10 5 6 15

0 37 82 43 -8 1 20 17

0 65 83 66 -17 1 6 14

0 78 98 71 -18 1 16 17

0 54 80 18 -18 1 2 26

0 34 74 81 -6 4 13 1

0 44 62 96 -3 6 22 43

0 38 68 64 -15 7 17 14

0 79 83 71 -18 1 7 35

0 52 81 81 -20 6 39 19

0 58 85 30 -11 4 17 40

0 30 65 57 -5 5 7 15

0 77 99 56 -14 17 36 7

0 45 64 14 -12 1 12 20

0 52 99 45 -2 4 48 22

0 58 83 45 -9 4 9 4

0 28 65 57 -7 6 17 1

0 59 61 86 -13 37 46 18

0 68 74 68 -20 2 9 14

0 45 67 77 -20 3 22 40

0 25 27 77 -16 3 5 2

0 62 83 66 -16 2 18 38

0 63 71 95 -15 2 8 20

0 85 94 41 -9 23 24 17

0 56 65 53 -12 16 35 29

0 85 87 46 -4 6 44 9

0 36 64 79 -11 4 10 32

0 13 97 88 -2 2 16 31

0 53 85 69 -20 2 17 11

0 12 63 36 -8 1 7 22

0 63 80 99 -6 10 42 45

0 61 81 87 -3 19 31 20

0 37 51 13 -19 7 11 7

0 29 92 29 -13 4 9 31

0 21 76 90 -2 1 3 6

0 10 48 18 -2 8 26 11

0 14 51 26 -2 7 10 5

0 25 27 74 -3 3 11 1

0 77 98 88 -5 1 7 24

0 23 52 23 -5 7 23 14

0 17 93 24 -3 8 18 0

0 58 79 43 -3 2 43 34

0 40 87 95 -19 8 19 32

0 39 55 84 -3 4 33 18

0 22 91 77 -19 26 37 26

0 36 40 8 -2 5 10 8

0 76 92 9 -14 4 7 36

0 15 89 76 -13 14 40 20

0 24 96 65 -19 0 9 28

0 40 96 38 -5 12 46 47

0 24 56 85 -7 4 6 11

0 43 64 66 -8 30 43 29

0 27 84 20 -15 6 22 33

0 35 87 47 -7 2 37 29

0 4 37 46 -2 12 31 7

0 48 98 84 -15 4 44 19

0 41 97 56 -12 15 18 13

0 55 87 41 -5 20 21 11

0 36 51 51 -8 16 32 1

0 17 71 13 -13 0 4 27

0 9 42 73 -17 14 20 6

0 22 87 35 -2 12 27 20

0 27 87 71 -15 3 18 29

0 32 60 98 -6 13 32 0

0 10 52 61 -3 28 32 7

0 32 55 91 -18 12 14 39

0 23 64 24 -18 24 37 8

0 28 60 85 -17 12 23 35


SAlphaB: 772.0, std-dev 271.86895127370957

Earliest win: 35
Latest win: 81

WinDepth:
0 0 0 0 0 0 0 0 0 0 0 0 0 0 0 0 0 0 0 0 0 0 0 0 0 0 0 0 0 0 0 0 0 0 0 7 1 39 5 19 7 34 15 28 20 56 42 85 73 133 172 319 197 281 223 480 354 561 353 509 454 605 654 839 714 915 911 943 1006 993 945 950 894 915 925 774 619 487 404 286 210 152 
SAlphaB:
0 0 0 0 0 0 0 0 0 0 0 0 0 0 0 0 0 0 0 0 0 0 0 0 0 0 0 0 0 0 0 0 0 0 0 7 1 39 5 19 7 34 15 28 20 56 42 85 73 133 172 319 197 281 223 480 354 561 353 509 454 605 654 839 714 915 911 943 1006 993 945 950 894 915 925 774 619 487 404 286 210 152 

LossDepth:
SAlphaB:
0 0 0 0 0 0 0 0 0 0 0 0 0 0 0 0 0 0 0 0 0 0 0 0 0 0 0 0 0 0 0 0 0 0 0 7 0 32 2 6 0 30 7 19 9 33 27 51 52 79 111 142 120 169 156 284 194 383 220 333 286 407 422 646 513 657 661 784 735 788 750 778 662 756 749 676 489 413 354 245 222 149 

FirstWin:
0 0 0 0 0 0 0 0 0 0 0 0 0 0 0 0 0 0 0 0 0 0 0 0 0 0 0 0 0 0 0 0 0 0 0 7 0 39 0 19 0 34 0 28 0 56 0 85 0 133 0 319 0 281 0 480 0 561 0 509 0 605 0 839 0 915 0 943 0 993 0 950 0 915 0 774 0 487 0 286 0 152 
SAlphaB:
0 0 0 0 0 0 0 0 0 0 0 0 0 0 0 0 0 0 0 0 0 0 0 0 0 0 0 0 0 0 0 0 0 0 0 7 0 39 0 19 0 34 0 28 0 56 0 85 0 133 0 319 0 281 0 480 0 561 0 509 0 605 0 839 0 915 0 943 0 993 0 950 0 915 0 774 0 487 0 286 0 152 

SecondWin:
0 0 0 0 0 0 0 0 0 0 0 0 0 0 0 0 0 0 0 0 0 0 0 0 0 0 0 0 0 0 0 0 0 0 0 0 1 0 5 0 7 0 15 0 20 0 42 0 73 0 172 0 197 0 223 0 354 0 353 0 454 0 654 0 714 0 911 0 1006 0 945 0 894 0 925 0 619 0 404 0 210 0 
SAlphaB:
0 0 0 0 0 0 0 0 0 0 0 0 0 0 0 0 0 0 0 0 0 0 0 0 0 0 0 0 0 0 0 0 0 0 0 0 1 0 5 0 7 0 15 0 20 0 42 0 73 0 172 0 197 0 223 0 354 0 353 0 454 0 654 0 714 0 911 0 1006 0 945 0 894 0 925 0 619 0 404 0 210 0 
