0 57 89 84 -7 4 19 12

0 30 93 74 -9 1 4 10

0 66 81 63 -13 9 35 27

0 44 62 96 -3 6 22 43

0 12 63 36 -8 1 7 22

0 64 92 97 -16 2 25 40

0 79 83 71 -18 1 7 35

0 36 64 79 -11 4 10 32

0 9 42 73 -17 14 20 6

0 23 64 24 -18 24 37 8

0 44 45 94 -2 31 42 17

0 30 93 80 -12 5 9 27

0 39 48 50 -9 6 13 24

0 31 96 28 -2 20 26 25

0 0 86 61 -3 4 5 7

0 38 87 14 -9 4 7 35

0 69 88 81 -15 7 44 47

0 26 98 17 -16 3 12 49

0 29 77 38 -9 3 32 36

0 9 93 56 -17 0 1 37

0 24 73 87 -5 25 43 18

0 11 31 38 -3 1 5 18

0 36 77 60 -10 7 14 42

0 79 99 21 -18 14 19 0

0 6 84 30 -9 4 15 12

0 16 41 77 -15 9 21 9

0 11 72 62 -13 14 36 37

0 60 71 32 -8 4 10 43

0 65 94 60 -9 18 30 46

0 36 57 45 -1 20 22 29

0 6 64 25 -15 8 11 11

0 32 64 86 -15 12 20 23

0 25 67 37 -3 4 29 46

0 29 58 36 -10 15 18 23

0 33 52 95 -7 15 18 4

0 3 64 6 -2 7 23 11

0 18 99 45 -6 20 33 35

0 41 63 50 -1 39 40 19

0 15 29 72 -17 8 13 26

0 22 59 36 -4 2 4 44

0 20 26 65 -7 31 32 11

0 18 44 39 -3 23 29 25

0 12 42 83 -17 14 30 39

0 4 49 43 -16 25 44 23

0 25 67 87 -13 23 43 43

0 20 76 95 -8 1 3 45

0 12 23 99 -8 24 27 49

0 2 48 59 -5 29 44 9

0 13 48 47 -4 0 14 34

0 10 68 70 -2 4 38 0

0 14 43 38 -7 0 1 41

0 13 35 40 -18 21 46 23

0 75 79 37 -8 1 43 45

0 2 37 14 -13 19 33 17

0 27 28 82 -10 20 38 41

0 6 50 62 -3 12 45 17

0 8 62 35 -12 16 25 3

0 11 80 77 -2 0 1 27

0 22 24 13 -2 3 5 21

0 37 76 6 -14 10 14 38

0 32 75 59 -5 0 45 44

0 24 32 3 -6 11 28 30

0 31 50 73 -2 0 1 19

0 8 25 69 -4 0 8 26

0 0 31 33 -12 6 39 37

0 45 63 15 -7 29 49 26

0 1 14 94 -16 37 46 34

0 54 62 94 -6 0 7 30

0 10 61 82 -12 4 43 36

0 33 50 17 -17 18 22 16

0 12 36 59 -18 12 40 40

0 16 30 26 -20 7 16 37

0 6 38 72 -11 0 1 39

0 7 31 22 -15 21 32 5

0 21 27 65 -14 15 22 39

0 16 27 24 -15 41 46 26

0 58 64 24 -3 41 45 46

0 6 11 37 -16 2 23 10

0 2 6 87 -18 27 32 14

0 4 56 24 -18 24 31 38

0 16 18 6 -15 23 25 41

0 7 18 14 -4 0 1 38

0 12 18 86 -12 1 2 26

0 1 14 72 -8 1 18 7

0 5 12 55 -18 1 10 5

0 0 28 11 -14 0 2 0

0 0 5 56 -20 26 31 36

0 4 14 44 -1 9 17 30

0 0 21 7 -11 6 8 27

0 5 29 62 -15 4 21 35

0 18 33 8 -14 6 48 32

0 5 8 43 -15 12 26 36

0 0 9 9 -2 1 23 21

0 5 10 88 -4 6 11 41

0 1 10 14 -10 1 5 23

0 4 11 78 -10 11 33 6

0 3 4 66 -16 8 12 12

0 2 6 98 -6 10 43 13

0 4 5 11 -8 19 34 32

0 0 1 11 -6 1 8 45


SAlphaB: 711.0, std-dev 248.1565914677442

Earliest win: 35
Latest win: 81

WinDepth:
0 0 0 0 0 0 0 0 0 0 0 0 0 0 0 0 0 0 0 0 0 0 0 0 0 0 0 0 0 0 0 0 0 0 0 2 0 5 0 2 1 12 3 8 6 22 8 41 38 69 49 205 59 110 92 190 97 203 142 176 159 241 220 313 329 363 402 391 455 407 439 452 413 426 403 391 305 264 166 148 90 72 
SAlphaB:
0 0 0 0 0 0 0 0 0 0 0 0 0 0 0 0 0 0 0 0 0 0 0 0 0 0 0 0 0 0 0 0 0 0 0 2 0 5 0 2 1 12 3 8 6 22 8 41 38 69 49 205 59 110 92 190 97 203 142 176 159 241 220 313 329 363 402 391 455 407 439 452 413 426 403 391 305 264 166 148 90 72 

LossDepth:
SAlphaB:
0 0 0 0 0 0 0 0 0 0 0 0 0 0 0 0 0 0 0 0 0 0 0 0 0 0 0 0 0 0 0 0 0 0 0 2 0 5 0 2 1 12 3 8 6 22 8 41 38 69 49 205 59 110 92 190 97 203 142 176 159 241 220 313 329 363 402 391 455 407 439 452 413 426 403 391 305 264 166 148 90 72 

FirstWin:
0 0 0 0 0 0 0 0 0 0 0 0 0 0 0 0 0 0 0 0 0 0 0 0 0 0 0 0 0 0 0 0 0 0 0 2 0 5 0 2 0 12 0 8 0 22 0 41 0 69 0 205 0 110 0 190 0 203 0 176 0 241 0 313 0 363 0 391 0 407 0 452 0 426 0 391 0 264 0 148 0 72 
SAlphaB:
0 0 0 0 0 0 0 0 0 0 0 0 0 0 0 0 0 0 0 0 0 0 0 0 0 0 0 0 0 0 0 0 0 0 0 2 0 5 0 2 0 12 0 8 0 22 0 41 0 69 0 205 0 110 0 190 0 203 0 176 0 241 0 313 0 363 0 391 0 407 0 452 0 426 0 391 0 264 0 148 0 72 

SecondWin:
0 0 0 0 0 0 0 0 0 0 0 0 0 0 0 0 0 0 0 0 0 0 0 0 0 0 0 0 0 0 0 0 0 0 0 0 0 0 0 0 1 0 3 0 6 0 8 0 38 0 49 0 59 0 92 0 97 0 142 0 159 0 220 0 329 0 402 0 455 0 439 0 413 0 403 0 305 0 166 0 90 0 
SAlphaB:
0 0 0 0 0 0 0 0 0 0 0 0 0 0 0 0 0 0 0 0 0 0 0 0 0 0 0 0 0 0 0 0 0 0 0 0 0 0 0 0 1 0 3 0 6 0 8 0 38 0 49 0 59 0 92 0 97 0 142 0 159 0 220 0 329 0 402 0 455 0 439 0 413 0 403 0 305 0 166 0 90 0 
