0 55 69 49 -2 13 30 17

0 59 98 54 -1 13 28 37

0 40 87 95 -19 8 19 32

0 19 90 29 -13 1 7 16

0 20 62 68 -12 0 2 0

0 85 87 46 -4 6 44 9

0 45 67 77 -20 3 22 40

0 4 37 46 -2 12 31 7

0 63 71 95 -15 2 8 20

0 58 85 30 -11 4 17 40

0 39 52 15 -2 3 30 30

0 24 38 44 -13 2 11 3

0 39 73 84 -5 6 35 42

0 28 56 12 -3 6 27 6

0 3 28 68 -12 6 11 16

0 48 95 19 -14 1 7 4

0 16 83 75 -14 9 10 38

0 97 99 74 -1 3 7 25

0 6 24 4 -15 0 1 19

0 14 54 85 -10 11 18 16

0 52 95 18 -2 17 26 35

0 72 97 21 -10 1 32 37

0 12 50 38 -8 9 36 20

0 23 67 88 -7 7 14 45

0 14 53 83 -17 25 42 20

0 58 70 99 -15 16 33 20

0 15 38 90 -12 1 4 10

0 12 26 96 -10 11 24 29

0 2 92 69 -13 3 5 31

0 29 30 43 -10 2 24 11

0 42 64 91 -8 16 26 28

0 49 84 95 -10 1 40 43

0 60 76 89 -20 13 36 0

0 8 69 43 -9 14 26 44

0 74 95 89 -15 1 2 29

0 18 55 79 -1 4 25 5

0 16 17 92 -6 14 27 29

0 15 60 48 -3 4 6 43

0 16 45 46 -20 20 21 11

0 44 77 15 -18 4 41 9

0 83 90 76 -15 9 14 7

0 6 36 76 -10 26 44 42

0 9 21 90 -3 1 4 16

0 18 42 98 -17 1 14 7

0 37 68 7 -11 6 17 44

0 15 45 9 -5 12 34 12

0 45 54 64 -5 31 47 32

0 29 67 43 -13 4 35 44

0 41 43 75 -11 0 25 39

0 46 78 19 -9 15 18 48

0 17 21 45 -8 4 7 24

0 76 81 41 -5 4 43 38

0 13 30 60 -3 30 35 33

0 16 22 84 -8 4 6 40

0 9 30 86 -17 2 7 42

0 11 13 27 -16 2 5 41

0 14 71 54 -15 0 49 20

0 64 65 43 -16 12 19 41

0 28 35 12 -12 0 1 6

0 5 28 30 -18 3 31 29

0 5 29 11 -20 6 12 24

0 0 18 33 -10 41 48 47

0 15 50 55 -10 23 24 15

0 51 90 28 -11 28 31 3

0 15 31 39 -13 5 23 16

0 58 76 1 -8 25 37 24

0 11 24 40 -5 31 37 33

0 13 34 62 -10 7 18 42

0 6 26 68 -14 12 16 20

0 36 50 0 -5 31 35 18

0 23 29 50 -9 24 49 18

0 3 26 45 -12 5 6 30

0 26 85 70 -16 33 38 1

0 8 23 40 -6 13 31 20

0 0 26 25 -4 1 12 2

0 5 9 35 -18 22 42 36

0 10 20 5 -3 0 5 49

0 0 17 66 -1 16 21 27

0 5 17 17 -18 6 39 28

0 5 7 45 -16 23 26 12

0 6 31 77 -15 28 32 8

0 4 6 80 -20 3 4 0

0 11 44 17 -3 25 31 38

0 11 18 34 -7 12 43 29

0 3 28 58 -6 21 35 47

0 5 42 2 -17 17 34 35

0 3 8 21 -4 23 37 21

0 9 30 47 -14 9 46 44

0 4 5 19 -20 18 38 42

0 0 33 21 -18 29 37 12

0 8 22 76 -4 0 12 27

0 2 20 82 -4 14 49 15

0 11 13 71 -17 31 39 12

0 13 38 51 -9 12 21 42

0 3 5 67 -5 16 45 31

0 0 32 86 -14 2 16 41

0 0 1 76 -15 1 5 22

0 7 48 85 -3 3 22 49

0 0 10 50 -10 4 12 34

0 9 35 81 -2 4 28 24


SAlphaB: 705.0, std-dev 258.11029335412707

Earliest win: 36
Latest win: 81

WinDepth:
0 0 0 0 0 0 0 0 0 0 0 0 0 0 0 0 0 0 0 0 0 0 0 0 0 0 0 0 0 0 0 0 0 0 0 0 2 3 3 5 14 5 2 10 13 35 10 47 21 81 73 185 149 121 102 198 108 163 140 216 172 222 274 319 301 357 435 393 469 385 438 382 408 374 421 349 261 230 190 130 87 84 
SAlphaB:
0 0 0 0 0 0 0 0 0 0 0 0 0 0 0 0 0 0 0 0 0 0 0 0 0 0 0 0 0 0 0 0 0 0 0 0 2 3 3 5 14 5 2 10 13 35 10 47 21 81 73 185 149 121 102 198 108 163 140 216 172 222 274 319 301 357 435 393 469 385 438 382 408 374 421 349 261 230 190 130 87 84 

LossDepth:
SAlphaB:
0 0 0 0 0 0 0 0 0 0 0 0 0 0 0 0 0 0 0 0 0 0 0 0 0 0 0 0 0 0 0 0 0 0 0 0 2 3 3 5 14 5 2 10 13 35 10 47 21 81 73 185 149 121 102 198 108 163 140 216 172 222 274 319 301 357 435 393 469 385 438 382 408 374 421 349 261 230 190 130 87 84 

FirstWin:
0 0 0 0 0 0 0 0 0 0 0 0 0 0 0 0 0 0 0 0 0 0 0 0 0 0 0 0 0 0 0 0 0 0 0 0 0 3 0 5 0 5 0 10 0 35 0 47 0 81 0 185 0 121 0 198 0 163 0 216 0 222 0 319 0 357 0 393 0 385 0 382 0 374 0 349 0 230 0 130 0 84 
SAlphaB:
0 0 0 0 0 0 0 0 0 0 0 0 0 0 0 0 0 0 0 0 0 0 0 0 0 0 0 0 0 0 0 0 0 0 0 0 0 3 0 5 0 5 0 10 0 35 0 47 0 81 0 185 0 121 0 198 0 163 0 216 0 222 0 319 0 357 0 393 0 385 0 382 0 374 0 349 0 230 0 130 0 84 

SecondWin:
0 0 0 0 0 0 0 0 0 0 0 0 0 0 0 0 0 0 0 0 0 0 0 0 0 0 0 0 0 0 0 0 0 0 0 0 2 0 3 0 14 0 2 0 13 0 10 0 21 0 73 0 149 0 102 0 108 0 140 0 172 0 274 0 301 0 435 0 469 0 438 0 408 0 421 0 261 0 190 0 87 0 
SAlphaB:
0 0 0 0 0 0 0 0 0 0 0 0 0 0 0 0 0 0 0 0 0 0 0 0 0 0 0 0 0 0 0 0 0 0 0 0 2 0 3 0 14 0 2 0 13 0 10 0 21 0 73 0 149 0 102 0 108 0 140 0 172 0 274 0 301 0 435 0 469 0 438 0 408 0 421 0 261 0 190 0 87 0 
