0 21 99 44 -6 1 2 7

0 28 65 57 -7 6 17 1

0 54 80 18 -18 1 2 26

0 38 68 64 -15 7 17 14

0 62 83 66 -16 2 18 38

0 67 69 74 -15 9 49 20

0 17 71 13 -13 0 4 27

0 38 81 42 -7 9 29 23

0 25 27 77 -16 3 5 2

0 59 68 87 -4 8 20 22

0 19 54 65 -17 0 2 35

0 30 73 32 -5 2 32 1

0 69 82 87 -17 5 17 38

0 6 62 83 -18 20 25 43

0 13 91 63 -9 4 9 23

0 74 82 28 -15 5 32 41

0 13 96 97 -20 6 19 20

0 27 76 46 -13 3 17 2

0 9 21 23 -14 1 4 4

0 88 93 41 -18 23 26 32

0 35 97 21 -12 15 24 37

0 47 91 96 -1 1 4 30

0 47 55 80 -1 6 41 48

0 13 27 21 -12 0 3 38

0 39 72 15 -17 16 22 17

0 78 82 22 -9 10 33 34

0 81 98 25 -16 12 15 38

0 30 58 36 -20 25 36 26

0 75 81 14 -6 2 19 49

0 45 52 97 -19 9 23 32

0 31 81 68 -7 0 1 20

0 20 56 7 -18 9 23 2

0 44 89 1 -3 3 8 40

0 28 60 11 -15 11 14 29

0 10 65 64 -19 15 35 11

0 26 89 84 -17 9 16 6

0 92 93 94 -14 10 11 14

0 39 83 1 -20 16 43 42

0 47 48 49 -5 1 4 8

0 58 93 62 -12 15 42 48

0 31 39 56 -17 32 34 4

0 26 48 84 -14 10 32 15

0 38 46 62 -15 0 11 47

0 34 42 75 -17 2 10 43

0 17 25 66 -15 7 8 27

0 3 71 64 -13 5 43 37

0 47 78 21 -18 26 44 44

0 69 93 1 -1 35 41 2

0 3 87 37 -11 4 17 33

0 80 82 38 -14 1 9 26

0 48 53 50 -3 33 36 47

0 8 38 54 -15 8 35 39

0 56 96 59 -11 37 43 3

0 36 86 18 -9 39 48 38

0 8 13 58 -7 9 13 8

0 48 71 38 -13 34 46 16

0 63 67 89 -9 36 39 16

0 36 99 62 -4 3 46 19

0 11 25 96 -16 22 25 39

0 39 55 36 -1 0 32 30

0 9 57 66 -8 8 13 40

0 3 91 58 -6 29 32 22

0 13 66 31 -11 7 32 32

0 40 61 80 -11 0 1 49

0 20 34 10 -16 12 33 27

0 59 85 21 -20 18 39 21

0 9 22 37 -7 1 3 38

0 40 99 46 -15 20 22 4

0 14 93 88 -6 27 29 22

0 1 43 70 -18 25 35 47

0 26 28 32 -2 30 42 19

0 16 20 76 -14 22 31 32

0 56 81 62 -14 30 39 36

0 0 93 20 -20 3 27 39

0 15 21 11 -12 17 18 10

0 36 68 8 -2 21 40 37

0 4 64 91 -12 2 25 24

0 13 26 65 -7 0 1 44

0 10 38 9 -1 16 45 15

0 0 3 99 -11 24 44 13

0 11 13 87 -14 1 18 13

0 4 72 92 -5 1 2 46

0 21 26 41 -5 26 32 2

0 2 6 43 -18 0 22 2

0 17 28 35 -4 2 25 27

0 0 24 34 -2 4 5 31

0 59 75 13 -17 21 37 5

0 14 16 39 -10 13 14 11

0 1 21 1 -6 14 40 26

0 11 23 23 -18 13 26 48

0 6 33 44 -15 35 45 41

0 40 56 16 -13 4 49 30

0 4 7 59 -3 10 19 36

0 0 30 77 -11 38 49 37

0 16 20 0 -17 38 44 23

0 8 10 69 -5 28 33 17

0 4 16 60 -8 12 28 49

0 7 15 57 -18 16 30 24

0 1 3 33 -7 1 5 30

0 2 4 61 -6 31 47 14


SAlphaB: 710.0, std-dev 281.0702791441703

Earliest win: 37
Latest win: 81

WinDepth:
0 0 0 0 0 0 0 0 0 0 0 0 0 0 0 0 0 0 0 0 0 0 0 0 0 0 0 0 0 0 0 0 0 0 0 0 0 6 0 4 3 0 1 20 20 23 16 26 31 58 70 157 148 109 86 147 149 170 145 192 177 263 241 286 304 347 400 397 476 415 431 435 389 425 385 332 249 237 182 159 100 82 
SAlphaB:
0 0 0 0 0 0 0 0 0 0 0 0 0 0 0 0 0 0 0 0 0 0 0 0 0 0 0 0 0 0 0 0 0 0 0 0 0 6 0 4 3 0 1 20 20 23 16 26 31 58 70 157 148 109 86 147 149 170 145 192 177 263 241 286 304 347 400 397 476 415 431 435 389 425 385 332 249 237 182 159 100 82 

LossDepth:
SAlphaB:
0 0 0 0 0 0 0 0 0 0 0 0 0 0 0 0 0 0 0 0 0 0 0 0 0 0 0 0 0 0 0 0 0 0 0 0 0 6 0 4 3 0 1 20 20 23 16 26 31 58 70 157 148 109 86 147 149 170 145 192 177 263 241 286 304 347 400 397 476 415 431 435 389 425 385 332 249 237 182 159 100 82 

FirstWin:
0 0 0 0 0 0 0 0 0 0 0 0 0 0 0 0 0 0 0 0 0 0 0 0 0 0 0 0 0 0 0 0 0 0 0 0 0 6 0 4 0 0 0 20 0 23 0 26 0 58 0 157 0 109 0 147 0 170 0 192 0 263 0 286 0 347 0 397 0 415 0 435 0 425 0 332 0 237 0 159 0 82 
SAlphaB:
0 0 0 0 0 0 0 0 0 0 0 0 0 0 0 0 0 0 0 0 0 0 0 0 0 0 0 0 0 0 0 0 0 0 0 0 0 6 0 4 0 0 0 20 0 23 0 26 0 58 0 157 0 109 0 147 0 170 0 192 0 263 0 286 0 347 0 397 0 415 0 435 0 425 0 332 0 237 0 159 0 82 

SecondWin:
0 0 0 0 0 0 0 0 0 0 0 0 0 0 0 0 0 0 0 0 0 0 0 0 0 0 0 0 0 0 0 0 0 0 0 0 0 0 0 0 3 0 1 0 20 0 16 0 31 0 70 0 148 0 86 0 149 0 145 0 177 0 241 0 304 0 400 0 476 0 431 0 389 0 385 0 249 0 182 0 100 0 
SAlphaB:
0 0 0 0 0 0 0 0 0 0 0 0 0 0 0 0 0 0 0 0 0 0 0 0 0 0 0 0 0 0 0 0 0 0 0 0 0 0 0 0 3 0 1 0 20 0 16 0 31 0 70 0 148 0 86 0 149 0 145 0 177 0 241 0 304 0 400 0 476 0 431 0 389 0 385 0 249 0 182 0 100 0 
