0 46 98 78 -12 1 3 2

0 27 64 22 -14 5 10 4

0 76 92 9 -14 4 7 36

0 32 60 98 -6 13 32 0

0 58 83 45 -9 4 9 4

0 22 91 77 -19 26 37 26

0 37 51 13 -19 7 11 7

0 77 98 88 -5 1 7 24

0 65 70 23 -10 5 6 15

0 25 27 74 -3 3 11 1

0 33 64 98 -16 20 21 19

0 73 96 44 -13 5 24 37

0 47 53 40 -12 17 40 18

0 21 67 75 -7 15 44 2

0 79 89 60 -20 0 1 6

0 17 55 79 -18 3 8 44

0 68 93 39 -14 20 24 35

0 13 31 48 -18 0 9 39

0 30 54 8 -11 11 32 35

0 1 50 48 -17 5 14 22

0 63 90 78 -9 21 43 2

0 43 72 90 -18 19 38 39

0 67 97 95 -16 37 41 44

0 57 85 99 -9 8 11 14

0 35 52 87 -14 27 37 19

0 4 60 89 -11 28 36 9

0 65 91 57 -1 9 10 22

0 5 97 33 -3 13 43 29

0 53 58 55 -5 0 14 28

0 55 67 53 -18 0 2 14

0 38 59 35 -1 40 41 23

0 65 73 30 -12 2 4 18

0 14 42 70 -2 24 32 13

0 68 83 12 -2 2 43 38

0 25 68 59 -12 22 33 1

0 36 59 89 -11 38 40 15

0 1 55 69 -15 1 6 8

0 7 22 65 -8 6 11 5

0 25 81 2 -2 40 45 18

0 26 32 68 -12 6 8 16

0 15 16 81 -3 32 36 29

0 17 27 64 -5 8 9 6

0 1 60 82 -3 17 21 28

0 38 81 78 -10 12 17 38

0 26 57 25 -20 6 7 12

0 9 27 79 -18 0 9 23

0 24 60 93 -14 10 12 47

0 12 20 95 -13 11 15 39

0 61 79 55 -9 31 34 14

0 10 33 77 -18 0 12 7

0 51 67 4 -14 26 33 46

0 15 90 37 -2 1 3 41

0 4 42 56 -20 9 24 13

0 31 55 96 -16 22 39 14

0 12 55 87 -6 11 30 44

0 12 38 61 -8 10 32 2

0 24 35 79 -19 22 32 12

0 22 40 43 -14 2 34 23

0 12 77 55 -11 9 32 3

0 55 97 75 -13 19 21 37

0 38 73 9 -18 23 42 33

0 50 70 4 -9 0 40 20

0 10 79 25 -15 22 31 13

0 39 47 69 -2 9 43 42

0 28 29 22 -13 15 26 31

0 13 72 9 -18 19 28 23

0 35 68 44 -8 27 35 33

0 4 74 64 -8 22 27 49

0 3 29 85 -18 0 2 46

0 56 65 10 -18 23 31 18

0 44 51 8 -15 1 10 14

0 11 95 19 -16 8 40 3

0 17 29 53 -3 6 30 8

0 11 32 56 -14 10 26 13

0 35 44 77 -11 21 22 3

0 6 35 38 -13 3 7 48

0 6 29 26 -18 0 44 15

0 3 92 30 -1 24 42 39

0 2 10 55 -11 21 44 0

0 20 80 8 -1 25 26 48

0 2 5 26 -12 0 2 21

0 0 1 47 -17 0 31 1

0 10 19 45 -12 17 46 29

0 5 12 98 -5 1 6 17

0 2 17 96 -7 33 46 47

0 10 18 67 -6 25 41 37

0 13 25 63 -7 47 49 23

0 15 27 10 -16 4 27 32

0 15 36 51 -9 2 46 28

0 2 3 59 -1 7 10 9

0 30 33 5 -11 3 35 45

0 3 5 26 -2 2 7 31

0 0 13 19 -2 20 34 34

0 5 11 95 -2 30 32 22

0 7 22 8 -10 17 41 48

0 11 26 2 -13 1 17 44

0 9 12 60 -1 5 10 48

0 13 36 83 -11 1 47 27

0 7 17 53 -17 3 45 24

0 1 3 74 -3 5 23 40


SAlphaB: 691.0, std-dev 277.5448374914976

Earliest win: 37
Latest win: 81

WinDepth:
0 0 0 0 0 0 0 0 0 0 0 0 0 0 0 0 0 0 0 0 0 0 0 0 0 0 0 0 0 0 0 0 0 0 0 0 0 11 0 2 11 3 1 11 10 14 19 41 48 55 70 214 68 111 103 175 147 173 131 178 171 205 238 369 308 365 389 373 457 409 450 442 471 414 402 372 282 249 158 142 106 62 
SAlphaB:
0 0 0 0 0 0 0 0 0 0 0 0 0 0 0 0 0 0 0 0 0 0 0 0 0 0 0 0 0 0 0 0 0 0 0 0 0 11 0 2 11 3 1 11 10 14 19 41 48 55 70 214 68 111 103 175 147 173 131 178 171 205 238 369 308 365 389 373 457 409 450 442 471 414 402 372 282 249 158 142 106 62 

LossDepth:
SAlphaB:
0 0 0 0 0 0 0 0 0 0 0 0 0 0 0 0 0 0 0 0 0 0 0 0 0 0 0 0 0 0 0 0 0 0 0 0 0 11 0 2 11 3 1 11 10 14 19 41 48 55 70 214 68 111 103 175 147 173 131 178 171 205 238 369 308 365 389 373 457 409 450 442 471 414 402 372 282 249 158 142 106 62 

FirstWin:
0 0 0 0 0 0 0 0 0 0 0 0 0 0 0 0 0 0 0 0 0 0 0 0 0 0 0 0 0 0 0 0 0 0 0 0 0 11 0 2 0 3 0 11 0 14 0 41 0 55 0 214 0 111 0 175 0 173 0 178 0 205 0 369 0 365 0 373 0 409 0 442 0 414 0 372 0 249 0 142 0 62 
SAlphaB:
0 0 0 0 0 0 0 0 0 0 0 0 0 0 0 0 0 0 0 0 0 0 0 0 0 0 0 0 0 0 0 0 0 0 0 0 0 11 0 2 0 3 0 11 0 14 0 41 0 55 0 214 0 111 0 175 0 173 0 178 0 205 0 369 0 365 0 373 0 409 0 442 0 414 0 372 0 249 0 142 0 62 

SecondWin:
0 0 0 0 0 0 0 0 0 0 0 0 0 0 0 0 0 0 0 0 0 0 0 0 0 0 0 0 0 0 0 0 0 0 0 0 0 0 0 0 11 0 1 0 10 0 19 0 48 0 70 0 68 0 103 0 147 0 131 0 171 0 238 0 308 0 389 0 457 0 450 0 471 0 402 0 282 0 158 0 106 0 
SAlphaB:
0 0 0 0 0 0 0 0 0 0 0 0 0 0 0 0 0 0 0 0 0 0 0 0 0 0 0 0 0 0 0 0 0 0 0 0 0 0 0 0 11 0 1 0 10 0 19 0 48 0 70 0 68 0 103 0 147 0 131 0 171 0 238 0 308 0 389 0 457 0 450 0 471 0 402 0 282 0 158 0 106 0 
