0 65 83 66 -17 1 6 14

0 52 93 49 -19 4 15 15

0 26 46 48 -3 1 10 11

0 29 47 31 -9 0 5 17

0 15 89 76 -13 14 40 20

0 10 48 18 -2 8 26 11

0 56 65 53 -12 16 35 29

0 21 76 90 -2 1 3 6

0 14 51 26 -2 7 10 5

0 58 98 81 -19 0 1 42

0 29 33 54 -6 1 15 0

0 39 97 62 -5 18 43 10

0 86 88 54 -18 9 11 0

0 43 93 12 -6 23 31 46

0 3 99 90 -16 30 34 48

0 20 85 84 -10 17 24 30

0 70 78 0 -6 9 46 36

0 77 97 76 -5 9 19 26

0 71 87 1 -19 7 20 26

0 27 99 41 -5 17 24 24

0 39 54 2 -10 0 19 32

0 31 56 15 -16 3 5 36

0 25 32 72 -10 1 2 2

0 16 70 54 -12 26 29 9

0 54 63 61 -1 1 47 7

0 20 59 48 -8 10 12 20

0 41 66 1 -2 12 13 20

0 25 36 55 -14 14 18 18

0 29 38 30 -10 19 30 4

0 57 78 99 -18 19 20 29

0 52 61 77 -2 21 28 17

0 32 37 35 -5 0 27 0

0 14 25 62 -1 2 16 31

0 28 84 50 -11 43 44 16

0 1 96 73 -10 0 19 7

0 10 36 23 -6 0 13 33

0 18 43 55 -1 4 24 1

0 20 53 94 -3 5 9 37

0 1 30 50 -1 7 10 20

0 23 43 28 -1 4 37 16

0 32 39 54 -7 3 30 33

0 24 30 19 -15 12 29 26

0 4 75 23 -10 1 7 17

0 57 67 89 -9 20 22 36

0 39 84 12 -3 19 49 43

0 36 45 68 -7 4 5 43

0 26 41 28 -10 1 20 16

0 23 64 99 -12 9 11 48

0 30 39 18 -9 10 41 13

0 14 38 50 -16 14 31 44

0 2 18 49 -18 17 18 31

0 23 49 14 -16 5 6 49

0 24 28 70 -3 10 13 10

0 1 66 51 -6 28 40 33

0 46 51 36 -11 21 30 21

0 19 72 0 -16 4 18 14

0 1 51 49 -2 6 33 7

0 43 85 98 -17 9 41 21

0 23 42 93 -3 13 48 4

0 39 41 49 -2 7 10 28

0 15 70 21 -18 29 44 37

0 3 49 73 -17 16 42 23

0 23 38 12 -7 1 9 44

0 22 30 60 -11 0 33 40

0 4 67 5 -13 27 48 20

0 19 57 45 -5 3 36 40

0 2 3 68 -19 9 25 19

0 49 58 10 -18 25 36 35

0 27 51 4 -3 15 49 9

0 5 35 83 -16 16 37 25

0 1 13 25 -7 15 16 21

0 4 49 25 -20 15 23 39

0 0 6 72 -14 0 18 3

0 15 24 76 -7 2 3 22

0 43 71 95 -2 32 34 23

0 9 39 35 -11 41 48 8

0 10 15 22 -8 15 38 19

0 1 19 84 -14 4 14 44

0 7 20 10 -17 42 49 15

0 11 18 15 -18 2 18 36

0 13 20 58 -6 20 49 41

0 7 10 20 -7 32 44 7

0 3 4 60 -10 2 32 10

0 0 40 68 -15 0 29 33

0 3 8 41 -20 11 32 37

0 26 30 64 -17 2 36 35

0 3 8 86 -20 17 44 12

0 0 6 18 -16 9 13 6

0 2 5 12 -10 8 14 30

0 0 3 70 -12 1 28 30

0 0 16 12 -7 32 44 12

0 2 20 33 -3 2 37 21

0 10 21 13 -4 1 42 36

0 10 35 3 -8 15 16 42

0 11 14 95 -8 3 19 30

0 2 3 20 -6 27 42 39

0 7 12 30 -2 4 17 45

0 0 1 5 -17 4 9 28

0 0 1 82 -6 3 48 23

0 0 1 32 -16 0 9 0


SAlphaB: 707.0, std-dev 256.6982257260636

Earliest win: 37
Latest win: 81

WinDepth:
0 0 0 0 0 0 0 0 0 0 0 0 0 0 0 0 0 0 0 0 0 0 0 0 0 0 0 0 0 0 0 0 0 0 0 0 0 13 0 3 0 2 3 16 14 23 7 36 39 58 72 183 88 113 94 208 116 207 144 182 136 247 208 321 296 405 415 391 448 432 426 465 397 374 394 376 278 250 210 130 135 82 
SAlphaB:
0 0 0 0 0 0 0 0 0 0 0 0 0 0 0 0 0 0 0 0 0 0 0 0 0 0 0 0 0 0 0 0 0 0 0 0 0 13 0 3 0 2 3 16 14 23 7 36 39 58 72 183 88 113 94 208 116 207 144 182 136 247 208 321 296 405 415 391 448 432 426 465 397 374 394 376 278 250 210 130 135 82 

LossDepth:
SAlphaB:
0 0 0 0 0 0 0 0 0 0 0 0 0 0 0 0 0 0 0 0 0 0 0 0 0 0 0 0 0 0 0 0 0 0 0 0 0 13 0 3 0 2 3 16 14 23 7 36 39 58 72 183 88 113 94 208 116 207 144 182 136 247 208 321 296 405 415 391 448 432 426 465 397 374 394 376 278 250 210 130 135 82 

FirstWin:
0 0 0 0 0 0 0 0 0 0 0 0 0 0 0 0 0 0 0 0 0 0 0 0 0 0 0 0 0 0 0 0 0 0 0 0 0 13 0 3 0 2 0 16 0 23 0 36 0 58 0 183 0 113 0 208 0 207 0 182 0 247 0 321 0 405 0 391 0 432 0 465 0 374 0 376 0 250 0 130 0 82 
SAlphaB:
0 0 0 0 0 0 0 0 0 0 0 0 0 0 0 0 0 0 0 0 0 0 0 0 0 0 0 0 0 0 0 0 0 0 0 0 0 13 0 3 0 2 0 16 0 23 0 36 0 58 0 183 0 113 0 208 0 207 0 182 0 247 0 321 0 405 0 391 0 432 0 465 0 374 0 376 0 250 0 130 0 82 

SecondWin:
0 0 0 0 0 0 0 0 0 0 0 0 0 0 0 0 0 0 0 0 0 0 0 0 0 0 0 0 0 0 0 0 0 0 0 0 0 0 0 0 0 0 3 0 14 0 7 0 39 0 72 0 88 0 94 0 116 0 144 0 136 0 208 0 296 0 415 0 448 0 426 0 397 0 394 0 278 0 210 0 135 0 
SAlphaB:
0 0 0 0 0 0 0 0 0 0 0 0 0 0 0 0 0 0 0 0 0 0 0 0 0 0 0 0 0 0 0 0 0 0 0 0 0 0 0 0 0 0 3 0 14 0 7 0 39 0 72 0 88 0 94 0 116 0 144 0 136 0 208 0 296 0 415 0 448 0 426 0 397 0 394 0 278 0 210 0 135 0 
