0 37 82 43 -8 1 20 17

0 34 74 81 -6 4 13 1

0 42 56 19 -13 4 9 15

0 37 86 28 -18 0 4 36

0 23 52 23 -5 7 23 14

0 17 93 24 -3 8 18 0

0 35 87 47 -7 2 37 29

0 27 84 20 -15 6 22 33

0 27 87 71 -15 3 18 29

0 43 64 66 -8 30 43 29

0 41 78 56 -13 1 28 0

0 27 99 23 -7 0 5 27

0 32 97 46 -8 11 19 41

0 30 54 28 -9 2 19 34

0 77 83 51 -13 6 7 36

0 73 95 77 -3 26 31 27

0 43 96 84 -13 1 7 13

0 50 72 90 -1 2 9 25

0 34 77 35 -17 6 36 16

0 7 43 31 -9 0 1 8

0 34 75 91 -4 0 20 48

0 36 78 39 -14 4 27 30

0 16 24 87 -6 15 22 6

0 47 69 78 -9 14 22 3

0 64 73 17 -10 12 20 8

0 22 27 27 -7 1 4 18

0 9 46 89 -9 11 27 27

0 5 83 57 -15 35 38 44

0 64 97 98 -6 23 39 15

0 33 52 72 -4 8 34 9

0 75 84 2 -20 0 14 43

0 8 49 45 -1 1 4 14

0 39 45 77 -15 8 20 49

0 44 50 39 -11 0 1 1

0 71 99 63 -7 35 36 30

0 24 29 95 -8 15 17 11

0 0 34 67 -19 7 20 14

0 8 31 30 -20 7 15 3

0 31 75 73 -10 9 12 0

0 57 58 12 -6 18 37 17

0 12 88 66 -16 11 20 27

0 44 95 62 -10 8 15 43

0 52 70 74 -4 6 8 47

0 29 86 15 -20 16 28 7

0 74 94 96 -3 3 12 44

0 36 88 80 -5 6 36 31

0 26 34 3 -3 3 25 6

0 32 36 84 -2 20 46 15

0 90 98 62 -4 34 36 0

0 54 69 39 -2 0 1 14

0 50 74 52 -7 35 37 22

0 17 22 2 -4 19 20 10

0 17 93 66 -3 26 42 19

0 17 47 89 -11 23 33 4

0 12 63 78 -17 23 39 21

0 4 77 13 -14 4 31 16

0 17 26 3 -10 24 40 34

0 22 99 3 -11 5 30 19

0 16 49 38 -11 32 37 3

0 4 25 38 -16 16 48 47

0 5 22 96 -11 8 24 21

0 30 48 0 -16 4 23 15

0 69 74 68 -17 5 7 32

0 0 2 86 -2 22 36 13

0 14 60 96 -20 1 30 0

0 7 17 16 -10 13 16 11

0 87 99 26 -4 22 28 41

0 7 8 97 -18 10 14 48

0 12 32 40 -14 8 10 29

0 54 86 40 -10 41 45 1

0 8 54 10 -10 41 42 38

0 0 24 75 -19 12 18 26

0 22 26 29 -14 4 12 48

0 10 19 8 -15 7 13 5

0 27 73 36 -14 25 27 10

0 20 93 42 -2 32 33 23

0 6 32 14 -10 11 43 19

0 8 15 55 -16 0 13 47

0 4 17 33 -11 1 4 23

0 8 17 15 -16 1 3 27

0 53 68 4 -8 21 29 47

0 2 4 36 -10 10 37 47

0 0 1 20 -11 7 17 32

0 5 16 1 -1 16 48 5

0 13 18 14 -5 0 28 4

0 3 5 32 -17 18 29 9

0 1 2 58 -20 21 22 27

0 5 12 75 -5 13 16 5

0 14 29 42 -9 3 32 23

0 4 10 98 -7 1 2 30

0 7 23 42 -7 1 33 17

0 4 6 42 -15 22 34 17

0 3 59 40 -16 1 43 46

0 5 12 86 -9 4 42 45

0 12 27 29 -10 3 14 45

0 4 7 12 -17 33 42 2

0 8 10 14 -1 36 44 5

0 1 3 33 -3 2 5 33

0 0 1 77 -7 3 8 26

0 1 4 0 -4 3 37 40


SAlphaB: 705.0, std-dev 273.1404104821984

Earliest win: 33
Latest win: 81

WinDepth:
0 0 0 0 0 0 0 0 0 0 0 0 0 0 0 0 0 0 0 0 0 0 0 0 0 0 0 0 0 0 0 0 0 1 1 1 1 1 0 3 29 5 6 6 11 15 19 40 50 65 84 134 80 122 75 192 137 209 131 187 175 256 236 311 265 378 371 407 469 440 454 427 436 424 389 358 310 241 187 126 109 91 
SAlphaB:
0 0 0 0 0 0 0 0 0 0 0 0 0 0 0 0 0 0 0 0 0 0 0 0 0 0 0 0 0 0 0 0 0 1 1 1 1 1 0 3 29 5 6 6 11 15 19 40 50 65 84 134 80 122 75 192 137 209 131 187 175 256 236 311 265 378 371 407 469 440 454 427 436 424 389 358 310 241 187 126 109 91 

LossDepth:
SAlphaB:
0 0 0 0 0 0 0 0 0 0 0 0 0 0 0 0 0 0 0 0 0 0 0 0 0 0 0 0 0 0 0 0 0 1 1 1 1 1 0 3 29 5 6 6 11 15 19 40 50 65 84 134 80 122 75 192 137 209 131 187 175 256 236 311 265 378 371 407 469 440 454 427 436 424 389 358 310 241 187 126 109 91 

FirstWin:
0 0 0 0 0 0 0 0 0 0 0 0 0 0 0 0 0 0 0 0 0 0 0 0 0 0 0 0 0 0 0 0 0 1 0 1 0 1 0 3 0 5 0 6 0 15 0 40 0 65 0 134 0 122 0 192 0 209 0 187 0 256 0 311 0 378 0 407 0 440 0 427 0 424 0 358 0 241 0 126 0 91 
SAlphaB:
0 0 0 0 0 0 0 0 0 0 0 0 0 0 0 0 0 0 0 0 0 0 0 0 0 0 0 0 0 0 0 0 0 1 0 1 0 1 0 3 0 5 0 6 0 15 0 40 0 65 0 134 0 122 0 192 0 209 0 187 0 256 0 311 0 378 0 407 0 440 0 427 0 424 0 358 0 241 0 126 0 91 

SecondWin:
0 0 0 0 0 0 0 0 0 0 0 0 0 0 0 0 0 0 0 0 0 0 0 0 0 0 0 0 0 0 0 0 0 0 1 0 1 0 0 0 29 0 6 0 11 0 19 0 50 0 84 0 80 0 75 0 137 0 131 0 175 0 236 0 265 0 371 0 469 0 454 0 436 0 389 0 310 0 187 0 109 0 
SAlphaB:
0 0 0 0 0 0 0 0 0 0 0 0 0 0 0 0 0 0 0 0 0 0 0 0 0 0 0 0 0 0 0 0 0 0 1 0 1 0 0 0 29 0 6 0 11 0 19 0 50 0 84 0 80 0 75 0 137 0 131 0 175 0 236 0 265 0 371 0 469 0 454 0 436 0 389 0 310 0 187 0 109 0 
