0 57 84 56 -1 11 30 7

0 63 80 99 -6 10 42 45

0 59 61 86 -13 37 46 18

0 24 96 65 -19 0 9 28

0 10 52 61 -3 28 32 7

0 68 74 68 -20 2 9 14

0 43 78 55 -13 4 7 9

0 56 67 68 -13 5 11 39

0 77 99 56 -14 17 36 7

0 52 81 81 -20 6 39 19

0 7 80 97 -9 8 20 6

0 26 87 12 -7 3 29 3

0 11 96 60 -4 7 18 17

0 65 68 40 -11 0 2 12

0 28 82 81 -17 34 42 21

0 7 26 57 -10 0 3 8

0 26 52 50 -6 0 2 28

0 38 81 86 -9 2 5 13

0 40 78 86 -4 14 16 46

0 72 85 64 -16 13 48 31

0 34 42 69 -15 25 40 12

0 4 34 52 -1 13 30 1

0 2 25 29 -10 0 1 10

0 34 54 16 -6 9 22 32

0 44 88 90 -16 1 8 37

0 26 39 69 -3 29 48 13

0 55 60 87 -7 5 26 31

0 40 46 28 -14 7 10 15

0 33 45 16 -1 22 40 5

0 18 29 57 -6 17 31 7

0 69 72 16 -17 8 37 45

0 53 95 74 -10 0 1 35

0 24 39 62 -11 6 19 34

0 17 71 95 -16 2 3 47

0 62 76 14 -5 1 5 2

0 5 40 96 -19 10 18 42

0 16 43 29 -2 9 23 24

0 40 52 26 -2 7 35 24

0 63 66 77 -5 13 15 30

0 40 48 89 -2 11 29 3

0 76 77 87 -13 4 6 33

0 46 65 72 -6 0 34 41

0 17 94 42 -1 0 18 49

0 56 69 1 -12 9 43 25

0 40 62 40 -16 18 42 13

0 44 67 21 -10 12 36 47

0 16 86 44 -8 25 36 19

0 28 38 7 -5 20 26 8

0 22 30 6 -6 4 9 37

0 46 81 18 -4 16 18 45

0 8 19 89 -5 8 15 39

0 26 44 57 -10 0 5 1

0 20 47 73 -15 18 27 37

0 41 60 51 -6 6 22 49

0 34 58 49 -8 33 41 1

0 13 21 15 -8 1 15 26

0 42 58 83 -14 17 19 15

0 1 93 77 -12 3 27 17

0 1 94 38 -11 14 19 23

0 14 62 53 -16 14 25 29

0 18 71 94 -6 21 36 16

0 63 80 97 -2 2 16 47

0 24 49 10 -18 10 18 4

0 44 45 91 -5 1 48 0

0 14 56 21 -13 4 24 7

0 20 68 84 -12 14 26 37

0 17 56 70 -16 24 40 46

0 2 46 23 -8 12 19 34

0 4 14 83 -8 34 42 37

0 14 37 49 -19 21 38 12

0 22 65 21 -8 45 49 8

0 44 56 8 -12 18 31 22

0 27 29 93 -14 2 4 46

0 12 35 22 -15 21 37 26

0 43 66 75 -19 5 42 20

0 0 17 57 -15 30 31 18

0 28 59 16 -20 14 27 49

0 23 40 29 -16 13 23 39

0 5 18 98 -20 0 15 15

0 29 67 52 -5 8 38 25

0 26 27 54 -17 8 37 2

0 20 48 1 -2 17 24 32

0 38 62 5 -20 16 26 14

0 6 44 24 -19 2 7 7

0 6 24 2 -5 4 6 41

0 21 22 59 -12 13 33 18

0 2 38 59 -12 0 17 39

0 38 88 23 -18 41 44 2

0 10 11 84 -4 18 35 26

0 16 22 35 -15 22 23 0

0 16 20 14 -11 20 30 34

0 3 7 53 -20 6 10 41

0 17 24 41 -1 1 32 47

0 1 4 89 -16 32 43 12

0 6 11 73 -6 28 44 37

0 4 5 13 -13 3 36 16

0 2 5 20 -12 0 18 15

0 1 4 82 -5 2 47 39

0 4 11 34 -6 9 49 32

0 0 2 65 -1 6 16 45


SAlphaB: 721.0, std-dev 260.2457236280102

Earliest win: 37
Latest win: 81

WinDepth:
0 0 0 0 0 0 0 0 0 0 0 0 0 0 0 0 0 0 0 0 0 0 0 0 0 0 0 0 0 0 0 0 0 0 0 0 0 11 1 5 8 12 1 15 13 16 11 55 25 85 55 148 72 98 83 135 118 178 145 170 179 213 241 304 297 332 388 383 468 358 481 490 486 418 381 366 298 222 191 129 122 75 
SAlphaB:
0 0 0 0 0 0 0 0 0 0 0 0 0 0 0 0 0 0 0 0 0 0 0 0 0 0 0 0 0 0 0 0 0 0 0 0 0 11 1 5 8 12 1 15 13 16 11 55 25 85 55 148 72 98 83 135 118 178 145 170 179 213 241 304 297 332 388 383 468 358 481 490 486 418 381 366 298 222 191 129 122 75 

LossDepth:
SAlphaB:
0 0 0 0 0 0 0 0 0 0 0 0 0 0 0 0 0 0 0 0 0 0 0 0 0 0 0 0 0 0 0 0 0 0 0 0 0 11 1 5 8 12 1 15 13 16 11 55 25 85 55 148 72 98 83 135 118 178 145 170 179 213 241 304 297 332 388 383 468 358 481 490 486 418 381 366 298 222 191 129 122 75 

FirstWin:
0 0 0 0 0 0 0 0 0 0 0 0 0 0 0 0 0 0 0 0 0 0 0 0 0 0 0 0 0 0 0 0 0 0 0 0 0 11 0 5 0 12 0 15 0 16 0 55 0 85 0 148 0 98 0 135 0 178 0 170 0 213 0 304 0 332 0 383 0 358 0 490 0 418 0 366 0 222 0 129 0 75 
SAlphaB:
0 0 0 0 0 0 0 0 0 0 0 0 0 0 0 0 0 0 0 0 0 0 0 0 0 0 0 0 0 0 0 0 0 0 0 0 0 11 0 5 0 12 0 15 0 16 0 55 0 85 0 148 0 98 0 135 0 178 0 170 0 213 0 304 0 332 0 383 0 358 0 490 0 418 0 366 0 222 0 129 0 75 

SecondWin:
0 0 0 0 0 0 0 0 0 0 0 0 0 0 0 0 0 0 0 0 0 0 0 0 0 0 0 0 0 0 0 0 0 0 0 0 0 0 1 0 8 0 1 0 13 0 11 0 25 0 55 0 72 0 83 0 118 0 145 0 179 0 241 0 297 0 388 0 468 0 481 0 486 0 381 0 298 0 191 0 122 0 
SAlphaB:
0 0 0 0 0 0 0 0 0 0 0 0 0 0 0 0 0 0 0 0 0 0 0 0 0 0 0 0 0 0 0 0 0 0 0 0 0 0 1 0 8 0 1 0 13 0 11 0 25 0 55 0 72 0 83 0 118 0 145 0 179 0 241 0 297 0 388 0 468 0 481 0 486 0 381 0 298 0 191 0 122 0 
