0 34 92 18 -20 4 12 24

0 53 85 69 -20 2 17 11

0 36 40 8 -2 5 10 8

0 38 99 62 -12 2 6 0

0 41 76 59 -19 6 21 18

0 29 92 29 -13 4 9 31

0 61 81 87 -3 19 31 20

0 52 99 45 -2 4 48 22

0 36 51 51 -8 16 32 1

0 41 97 56 -12 15 18 13

0 53 62 55 -19 5 10 19

0 7 78 67 -17 11 12 5

0 56 92 89 -6 2 10 11

0 12 17 17 -2 10 20 3

0 23 26 23 -14 22 25 3

0 39 82 85 -18 2 25 17

0 16 89 36 -16 4 7 49

0 88 91 76 -3 17 24 32

0 29 45 93 -9 16 30 10

0 46 93 61 -3 17 44 5

0 17 46 38 -18 0 2 48

0 24 68 57 -3 8 29 0

0 88 99 54 -10 14 44 6

0 30 67 91 -17 41 46 5

0 30 76 82 -1 1 5 27

0 29 39 69 -14 42 45 13

0 28 80 16 -12 39 40 17

0 75 93 22 -1 1 4 8

0 48 59 83 -6 24 33 30

0 55 95 66 -9 20 25 25

0 42 43 66 -18 15 20 48

0 10 36 8 -7 0 3 29

0 5 24 14 -12 30 31 5

0 11 24 91 -10 4 24 3

0 67 90 17 -15 8 9 32

0 9 76 64 -9 2 16 10

0 78 83 29 -11 1 25 40

0 73 81 19 -4 0 5 15

0 18 41 55 -2 6 49 5

0 46 49 45 -20 11 13 11

0 18 21 28 -19 27 33 13

0 50 54 82 -16 9 21 45

0 21 42 66 -9 28 38 17

0 8 81 94 -9 19 39 16

0 36 54 54 -8 6 41 12

0 32 60 13 -7 0 10 47

0 38 47 75 -8 29 34 38

0 13 49 55 -13 2 9 7

0 19 99 50 -14 12 29 45

0 14 82 54 -17 15 25 40

0 16 34 9 -3 11 24 15

0 7 74 96 -8 5 14 34

0 1 57 91 -1 4 8 20

0 0 17 25 -5 4 12 20

0 13 16 29 -9 35 40 38

0 8 12 37 -20 1 10 15

0 14 39 2 -10 6 17 25

0 41 71 13 -13 10 42 31

0 9 27 22 -16 1 35 3

0 20 23 92 -17 28 48 16

0 12 44 49 -7 13 40 2

0 21 23 26 -11 32 46 40

0 21 39 47 -20 3 49 2

0 6 40 97 -3 9 24 46

0 50 59 8 -14 12 40 38

0 13 22 9 -11 3 20 14

0 2 12 81 -1 3 8 10

0 8 10 4 -1 17 25 8

0 18 22 34 -14 11 48 48

0 4 7 50 -12 18 19 23

0 12 66 68 -8 7 41 7

0 9 10 41 -2 19 35 9

0 27 88 58 -15 21 32 37

0 0 1 55 -3 5 17 5

0 0 30 0 -17 2 39 31

0 12 20 22 -5 1 10 22

0 14 33 27 -4 10 18 18

0 11 24 6 -18 12 24 38

0 9 85 10 -8 17 26 20

0 4 5 44 -7 9 27 48

0 0 1 18 -2 34 46 40

0 1 3 54 -15 23 25 46

0 24 58 11 -3 19 21 30

0 13 29 90 -10 30 45 14

0 7 15 31 -1 30 42 34

0 12 14 92 -4 22 24 29

0 14 22 60 -16 22 34 28

0 15 16 98 -2 5 10 45

0 1 13 58 -8 3 18 7

0 0 5 70 -2 28 39 13

0 1 4 56 -15 23 39 46

0 6 16 18 -1 1 38 20

0 1 3 12 -4 0 19 45

0 2 3 5 -13 3 11 28

0 12 26 97 -4 5 29 45

0 8 11 64 -2 17 26 49

0 4 27 15 -18 2 49 27

0 2 3 89 -15 7 9 30

0 10 18 81 -7 7 37 40

0 2 7 45 -4 1 44 20


SAlphaB: 710.0, std-dev 259.8340773989774

Earliest win: 35
Latest win: 81

WinDepth:
0 0 0 0 0 0 0 0 0 0 0 0 0 0 0 0 0 0 0 0 0 0 0 0 0 0 0 0 0 0 0 0 0 0 0 3 0 5 4 2 0 7 2 6 3 24 4 22 16 81 66 151 102 124 73 165 100 130 94 189 142 211 225 346 309 372 387 385 467 413 478 468 504 389 452 364 298 244 191 132 98 71 
SAlphaB:
0 0 0 0 0 0 0 0 0 0 0 0 0 0 0 0 0 0 0 0 0 0 0 0 0 0 0 0 0 0 0 0 0 0 0 3 0 5 4 2 0 7 2 6 3 24 4 22 16 81 66 151 102 124 73 165 100 130 94 189 142 211 225 346 309 372 387 385 467 413 478 468 504 389 452 364 298 244 191 132 98 71 

LossDepth:
SAlphaB:
0 0 0 0 0 0 0 0 0 0 0 0 0 0 0 0 0 0 0 0 0 0 0 0 0 0 0 0 0 0 0 0 0 0 0 3 0 5 4 2 0 7 2 6 3 24 4 22 16 81 66 151 102 124 73 165 100 130 94 189 142 211 225 346 309 372 387 385 467 413 478 468 504 389 452 364 298 244 191 132 98 71 

FirstWin:
0 0 0 0 0 0 0 0 0 0 0 0 0 0 0 0 0 0 0 0 0 0 0 0 0 0 0 0 0 0 0 0 0 0 0 3 0 5 0 2 0 7 0 6 0 24 0 22 0 81 0 151 0 124 0 165 0 130 0 189 0 211 0 346 0 372 0 385 0 413 0 468 0 389 0 364 0 244 0 132 0 71 
SAlphaB:
0 0 0 0 0 0 0 0 0 0 0 0 0 0 0 0 0 0 0 0 0 0 0 0 0 0 0 0 0 0 0 0 0 0 0 3 0 5 0 2 0 7 0 6 0 24 0 22 0 81 0 151 0 124 0 165 0 130 0 189 0 211 0 346 0 372 0 385 0 413 0 468 0 389 0 364 0 244 0 132 0 71 

SecondWin:
0 0 0 0 0 0 0 0 0 0 0 0 0 0 0 0 0 0 0 0 0 0 0 0 0 0 0 0 0 0 0 0 0 0 0 0 0 0 4 0 0 0 2 0 3 0 4 0 16 0 66 0 102 0 73 0 100 0 94 0 142 0 225 0 309 0 387 0 467 0 478 0 504 0 452 0 298 0 191 0 98 0 
SAlphaB:
0 0 0 0 0 0 0 0 0 0 0 0 0 0 0 0 0 0 0 0 0 0 0 0 0 0 0 0 0 0 0 0 0 0 0 0 0 0 4 0 0 0 2 0 3 0 4 0 16 0 66 0 102 0 73 0 100 0 94 0 142 0 225 0 309 0 387 0 467 0 478 0 504 0 452 0 298 0 191 0 98 0 
