0 38 98 11 -5 2 14 1

0 36 90 41 -15 4 9 16

0 32 46 4 -8 1 3 9

0 40 74 83 -17 0 1 20

0 43 60 12 -4 5 15 18

0 42 92 22 -8 4 26 27

0 42 76 27 -20 0 3 22

0 69 87 58 -1 16 34 2

0 42 95 79 -6 11 15 7

0 62 88 29 -10 9 42 35

0 51 84 98 -7 1 15 14

0 60 80 5 -17 7 25 33

0 32 57 38 -11 1 3 0

0 26 55 7 -12 2 6 0

0 33 66 14 -9 4 14 22

0 27 49 46 -7 2 14 16

0 40 93 15 -4 4 35 1

0 53 61 45 -15 6 12 13

0 24 86 95 -9 1 15 15

0 19 57 62 -5 0 4 9

0 37 96 53 -5 7 33 6

0 17 59 42 -11 0 1 12

0 26 70 99 -14 5 11 9

0 33 65 24 -8 1 2 8

0 52 86 93 -3 4 31 7

0 48 65 86 -7 5 25 27

0 42 68 36 -20 5 18 29

0 46 82 96 -3 2 18 1

0 60 93 52 -13 3 34 9

0 62 92 38 -7 5 9 21

0 12 21 10 -4 1 4 7

0 37 83 89 -4 3 13 22

0 43 71 49 -14 4 16 17

0 59 78 52 -19 1 44 38

0 48 87 72 -9 13 29 0

0 32 42 94 -14 4 10 40

0 18 27 24 -4 3 9 10

0 45 90 2 -5 5 26 15

0 61 90 39 -1 19 43 43

0 70 89 61 -6 2 21 27

0 23 72 11 -11 3 6 15

0 59 80 75 -8 9 20 49

0 75 78 21 -10 3 22 4

0 67 81 18 -20 9 29 19

0 41 66 42 -2 0 4 6

0 50 71 23 -17 8 13 20

0 24 49 6 -4 2 18 0

0 21 71 16 -13 2 7 19

0 51 92 7 -18 1 20 5

0 51 83 48 -3 0 1 5

0 42 76 38 -6 0 1 10

0 26 95 97 -12 12 41 12

0 31 85 44 -19 0 4 21

0 44 54 14 -17 1 5 33

0 23 37 29 -11 2 4 13

0 29 77 86 -20 3 9 34

0 82 98 57 -12 5 36 31

0 56 66 15 -9 0 10 9

0 61 79 64 -14 6 34 45

0 59 83 73 -17 9 14 32

0 49 83 41 -10 0 38 2

0 18 58 30 -4 4 5 2

0 53 92 32 -11 5 6 15

0 63 91 72 -12 17 29 12

0 25 66 60 -4 1 16 26

0 20 37 28 -11 2 14 7

0 46 71 62 -5 13 24 33

0 23 70 43 -6 2 10 27

0 70 77 97 -12 4 17 28

0 77 81 18 -4 5 9 15

0 16 32 87 -10 1 3 10

0 45 57 96 -3 3 15 29

0 51 60 23 -13 1 14 2

0 49 90 6 -12 0 3 19

0 72 88 85 -7 7 30 31

0 45 69 20 -16 0 19 43

0 77 97 90 -14 4 36 19

0 11 90 99 -19 5 9 16

0 30 49 80 -4 5 30 2

0 66 84 97 -7 2 5 13

0 29 72 33 -3 8 20 10

0 25 41 49 -6 12 13 7

0 20 77 99 -4 30 48 6

0 39 72 88 -9 1 24 11

0 52 94 40 -14 4 11 46

0 69 98 25 -12 8 48 1

0 39 41 71 -2 2 5 3

0 32 55 94 -14 3 15 16

0 23 28 74 -13 1 10 12

0 58 87 66 -3 6 12 1

0 42 64 75 -4 13 27 20

0 2 37 84 -2 10 26 8

0 21 77 35 -16 6 17 31

0 49 88 81 -20 9 24 48

0 8 17 82 -1 2 3 8

0 28 76 98 -10 22 30 11

0 16 48 16 -14 1 2 23

0 32 48 75 -6 27 44 12

0 53 68 40 -4 34 43 29

0 22 31 65 -11 20 24 18


SAlphaB: 784.0, std-dev 265.6389147514028

Earliest win: 35
Latest win: 81

WinDepth:
0 0 0 0 0 0 0 0 0 0 0 0 0 0 0 0 0 0 0 0 0 0 0 0 0 0 0 0 0 0 0 0 0 0 0 2 4 29 7 19 5 30 11 21 15 58 41 127 67 142 171 361 157 317 225 540 298 624 347 584 377 713 692 764 774 1005 887 995 1016 989 969 1013 934 860 823 760 579 503 402 262 177 141 
SAlphaB:
0 0 0 0 0 0 0 0 0 0 0 0 0 0 0 0 0 0 0 0 0 0 0 0 0 0 0 0 0 0 0 0 0 0 0 2 4 29 7 19 5 30 11 21 15 58 41 127 67 142 171 361 157 317 225 540 298 624 347 584 377 713 692 764 774 1005 887 995 1016 989 969 1013 934 860 823 760 579 503 402 262 177 141 

LossDepth:
SAlphaB:
0 0 0 0 0 0 0 0 0 0 0 0 0 0 0 0 0 0 0 0 0 0 0 0 0 0 0 0 0 0 0 0 0 0 0 1 4 22 4 15 2 33 8 13 14 43 23 57 53 54 130 163 95 162 142 328 180 406 197 378 238 497 410 538 517 743 588 735 719 817 715 840 673 702 629 716 456 473 311 247 189 142 

FirstWin:
0 0 0 0 0 0 0 0 0 0 0 0 0 0 0 0 0 0 0 0 0 0 0 0 0 0 0 0 0 0 0 0 0 0 0 2 0 29 0 19 0 30 0 21 0 58 0 127 0 142 0 361 0 317 0 540 0 624 0 584 0 713 0 764 0 1005 0 995 0 989 0 1013 0 860 0 760 0 503 0 262 0 141 
SAlphaB:
0 0 0 0 0 0 0 0 0 0 0 0 0 0 0 0 0 0 0 0 0 0 0 0 0 0 0 0 0 0 0 0 0 0 0 2 0 29 0 19 0 30 0 21 0 58 0 127 0 142 0 361 0 317 0 540 0 624 0 584 0 713 0 764 0 1005 0 995 0 989 0 1013 0 860 0 760 0 503 0 262 0 141 

SecondWin:
0 0 0 0 0 0 0 0 0 0 0 0 0 0 0 0 0 0 0 0 0 0 0 0 0 0 0 0 0 0 0 0 0 0 0 0 4 0 7 0 5 0 11 0 15 0 41 0 67 0 171 0 157 0 225 0 298 0 347 0 377 0 692 0 774 0 887 0 1016 0 969 0 934 0 823 0 579 0 402 0 177 0 
SAlphaB:
0 0 0 0 0 0 0 0 0 0 0 0 0 0 0 0 0 0 0 0 0 0 0 0 0 0 0 0 0 0 0 0 0 0 0 0 4 0 7 0 5 0 11 0 15 0 41 0 67 0 171 0 157 0 225 0 298 0 347 0 377 0 692 0 774 0 887 0 1016 0 969 0 934 0 823 0 579 0 402 0 177 0 
