0 61 90 39 -1 19 43 43

0 72 88 85 -7 7 30 31

0 30 49 80 -4 5 30 2

0 12 21 10 -4 1 4 7

0 24 49 6 -4 2 18 0

0 33 65 24 -8 1 2 8

0 53 61 45 -15 6 12 13

0 18 27 24 -4 3 9 10

0 60 93 52 -13 3 34 9

0 69 98 25 -12 8 48 1

0 51 94 71 -16 1 5 39

0 4 83 99 -4 25 43 8

0 64 87 40 -15 22 41 2

0 59 78 74 -18 1 9 28

0 37 92 66 -17 5 31 15

0 24 58 18 -2 4 35 25

0 39 90 23 -4 4 31 33

0 83 86 30 -7 20 30 0

0 31 58 67 -13 5 7 19

0 33 85 11 -8 1 2 39

0 36 86 74 -14 17 46 47

0 70 86 98 -4 1 20 15

0 34 73 79 -5 0 3 46

0 23 35 10 -17 0 5 0

0 24 35 87 -18 9 11 12

0 38 39 97 -5 13 14 10

0 87 92 40 -1 20 27 43

0 15 94 68 -20 6 36 44

0 51 57 38 -14 4 13 41

0 64 72 20 -7 7 24 48

0 53 59 92 -15 0 26 38

0 24 60 86 -6 4 19 33

0 33 58 78 -4 13 21 19

0 18 23 2 -9 0 3 19

0 11 68 5 -5 1 9 18

0 43 71 46 -12 21 44 45

0 44 46 97 -19 1 18 39

0 36 70 79 -19 23 41 21

0 24 45 67 -20 7 29 46

0 13 38 99 -8 2 4 19

0 32 59 67 -12 40 41 20

0 14 36 79 -5 2 6 28

0 3 95 66 -10 14 27 30

0 35 51 19 -6 0 15 39

0 28 66 51 -15 7 49 32

0 12 34 81 -12 17 49 12

0 31 99 70 -13 38 46 19

0 36 50 17 -4 0 5 34

0 4 52 81 -9 7 25 49

0 40 96 0 -19 16 18 29

0 14 40 50 -5 0 11 38

0 26 95 6 -12 8 23 38

0 14 40 25 -15 25 37 16

0 46 90 3 -14 16 19 48

0 11 41 6 -14 15 18 13

0 16 32 39 -2 17 21 9

0 25 42 28 -2 30 46 12

0 47 72 25 -15 28 44 40

0 7 81 34 -18 18 25 6

0 10 15 25 -8 8 9 42

0 4 69 92 -12 0 1 14

0 7 65 42 -19 47 48 28

0 10 38 34 -18 2 16 42

0 0 31 2 -14 4 22 2

0 0 10 35 -10 2 6 23

0 54 78 37 -20 27 29 33

0 87 90 25 -11 41 43 7

0 33 74 56 -8 8 43 48

0 21 55 33 -20 31 42 47

0 2 12 73 -15 23 24 27

0 17 48 10 -18 10 49 22

0 11 13 34 -12 28 29 11

0 2 3 92 -12 17 22 15

0 40 56 79 -20 29 30 20

0 1 3 60 -20 14 49 19

0 1 10 32 -20 6 16 15

0 19 36 90 -15 32 35 37

0 22 41 6 -20 0 16 42

0 51 54 85 -2 18 22 39

0 7 24 32 -7 11 28 3

0 2 6 86 -1 16 46 48

0 4 6 74 -16 16 33 15

0 2 13 4 -20 4 6 34

0 3 7 24 -14 5 21 35

0 6 23 45 -3 8 40 32

0 18 22 59 -9 22 37 23

0 69 73 41 -10 42 47 3

0 8 13 2 -18 8 34 37

0 11 60 5 -20 19 32 36

0 33 51 5 -14 15 16 0

0 1 12 36 -2 14 22 11

0 5 25 11 -1 13 25 34

0 1 9 38 -5 9 47 23

0 2 20 11 -4 16 37 40

0 11 31 79 -3 25 42 3

0 1 14 20 -15 2 7 43

0 0 49 17 -17 2 22 44

0 0 11 87 -17 6 24 21

0 1 3 41 -11 3 5 39

0 4 9 68 -20 26 36 1


SAlphaB: 707.0, std-dev 270.37176883661203

Earliest win: 36
Latest win: 81

WinDepth:
0 0 0 0 0 0 0 0 0 0 0 0 0 0 0 0 0 0 0 0 0 0 0 0 0 0 0 0 0 0 0 0 0 0 0 0 2 7 1 9 17 5 5 7 7 28 14 20 13 66 71 123 122 119 85 180 113 170 132 168 153 247 239 299 363 369 437 360 454 389 407 447 399 428 405 368 273 275 216 158 107 68 
SAlphaB:
0 0 0 0 0 0 0 0 0 0 0 0 0 0 0 0 0 0 0 0 0 0 0 0 0 0 0 0 0 0 0 0 0 0 0 0 2 7 1 9 17 5 5 7 7 28 14 20 13 66 71 123 122 119 85 180 113 170 132 168 153 247 239 299 363 369 437 360 454 389 407 447 399 428 405 368 273 275 216 158 107 68 

LossDepth:
SAlphaB:
0 0 0 0 0 0 0 0 0 0 0 0 0 0 0 0 0 0 0 0 0 0 0 0 0 0 0 0 0 0 0 0 0 0 0 0 2 7 1 9 17 5 5 7 7 28 14 20 13 66 71 123 122 119 85 180 113 170 132 168 153 247 239 299 363 369 437 360 454 389 407 447 399 428 405 368 273 275 216 158 107 68 

FirstWin:
0 0 0 0 0 0 0 0 0 0 0 0 0 0 0 0 0 0 0 0 0 0 0 0 0 0 0 0 0 0 0 0 0 0 0 0 0 7 0 9 0 5 0 7 0 28 0 20 0 66 0 123 0 119 0 180 0 170 0 168 0 247 0 299 0 369 0 360 0 389 0 447 0 428 0 368 0 275 0 158 0 68 
SAlphaB:
0 0 0 0 0 0 0 0 0 0 0 0 0 0 0 0 0 0 0 0 0 0 0 0 0 0 0 0 0 0 0 0 0 0 0 0 0 7 0 9 0 5 0 7 0 28 0 20 0 66 0 123 0 119 0 180 0 170 0 168 0 247 0 299 0 369 0 360 0 389 0 447 0 428 0 368 0 275 0 158 0 68 

SecondWin:
0 0 0 0 0 0 0 0 0 0 0 0 0 0 0 0 0 0 0 0 0 0 0 0 0 0 0 0 0 0 0 0 0 0 0 0 2 0 1 0 17 0 5 0 7 0 14 0 13 0 71 0 122 0 85 0 113 0 132 0 153 0 239 0 363 0 437 0 454 0 407 0 399 0 405 0 273 0 216 0 107 0 
SAlphaB:
0 0 0 0 0 0 0 0 0 0 0 0 0 0 0 0 0 0 0 0 0 0 0 0 0 0 0 0 0 0 0 0 0 0 0 0 2 0 1 0 17 0 5 0 7 0 14 0 13 0 71 0 122 0 85 0 113 0 132 0 153 0 239 0 363 0 437 0 454 0 407 0 399 0 405 0 273 0 216 0 107 0 
