0 17 59 42 -11 0 1 12

0 45 90 2 -5 5 26 15

0 82 98 57 -12 5 36 31

0 62 88 29 -10 9 42 35

0 49 90 6 -12 0 3 19

0 33 66 14 -9 4 14 22

0 51 60 23 -13 1 14 2

0 23 28 74 -13 1 10 12

0 45 69 20 -16 0 19 43

0 42 76 38 -6 0 1 10

0 73 78 46 -19 6 19 47

0 38 45 43 -19 1 19 22

0 63 86 78 -14 13 48 35

0 81 98 20 -20 20 49 4

0 36 51 17 -12 5 29 22

0 60 80 14 -14 13 25 20

0 42 78 75 -19 12 25 11

0 17 35 18 -19 2 5 24

0 0 44 71 -19 9 14 22

0 30 48 15 -16 5 11 13

0 36 45 93 -15 17 40 35

0 83 93 19 -2 11 16 28

0 4 27 83 -13 8 15 13

0 64 69 97 -15 22 33 21

0 20 60 83 -5 6 18 43

0 25 73 44 -5 18 45 21

0 25 93 97 -7 31 35 38

0 41 56 28 -15 1 33 27

0 23 29 15 -13 0 4 39

0 45 58 86 -8 23 41 4

0 88 89 71 -12 18 37 41

0 25 59 50 -3 35 49 1

0 25 88 48 -13 2 19 41

0 17 62 19 -8 2 10 42

0 33 87 18 -6 0 1 14

0 41 59 2 -5 1 42 12

0 27 29 53 -9 20 34 11

0 11 97 88 -16 27 40 9

0 26 55 98 -7 4 21 32

0 74 89 62 -3 12 20 16

0 50 65 68 -17 26 42 10

0 35 92 61 -12 10 18 2

0 5 42 37 -10 0 7 32

0 23 39 46 -20 2 3 43

0 6 75 97 -17 19 27 22

0 37 54 54 -13 32 49 1

0 14 36 61 -5 12 30 36

0 14 78 50 -20 44 45 25

0 47 61 20 -20 25 27 14

0 24 38 14 -2 0 2 40

0 25 37 72 -4 11 30 45

0 4 22 34 -13 16 19 17

0 33 48 91 -6 2 43 33

0 42 84 14 -5 3 4 46

0 5 84 0 -5 0 29 1

0 3 7 99 -19 1 22 4

0 37 57 65 -13 17 18 43

0 25 52 96 -3 13 20 4

0 9 33 85 -7 22 37 34

0 19 33 92 -1 27 32 43

0 28 53 19 -2 3 36 47

0 14 15 43 -20 4 12 21

0 2 41 40 -14 26 41 13

0 13 68 52 -2 3 4 32

0 3 45 14 -6 6 35 16

0 1 85 32 -12 14 37 34

0 16 19 25 -2 17 42 8

0 29 37 64 -15 0 31 19

0 30 68 94 -2 30 39 42

0 2 86 33 -8 16 44 41

0 27 50 20 -1 0 31 23

0 6 13 55 -15 0 1 30

0 19 25 23 -1 17 45 23

0 56 58 52 -18 0 47 19

0 5 19 6 -5 21 33 10

0 11 19 31 -15 5 30 5

0 2 9 5 -10 2 16 17

0 4 9 92 -18 31 39 48

0 14 15 2 -10 6 26 32

0 5 30 9 -8 0 22 22

0 37 53 6 -9 11 31 28

0 47 53 79 -16 16 22 43

0 1 5 49 -19 8 17 49

0 5 7 3 -11 28 42 18

0 2 12 10 -7 12 34 20

0 3 6 45 -17 1 6 46

0 0 1 7 -1 14 20 2

0 1 54 94 -16 6 7 46

0 4 16 64 -12 20 34 24

0 13 85 23 -17 20 34 24

0 6 12 73 -7 1 6 22

0 14 20 79 -1 2 4 30

0 3 10 75 -6 1 7 18

0 0 13 22 -6 17 23 32

0 14 24 20 -20 0 22 42

0 1 23 79 -16 2 27 46

0 7 8 49 -18 10 11 33

0 2 3 43 -13 16 23 41

0 7 8 37 -1 15 24 47

0 0 1 2 -6 27 28 1


SAlphaB: 711.0, std-dev 264.2128061226252

Earliest win: 35
Latest win: 81

WinDepth:
0 0 0 0 0 0 0 0 0 0 0 0 0 0 0 0 0 0 0 0 0 0 0 0 0 0 0 0 0 0 0 0 0 0 0 1 1 6 1 12 1 3 3 15 8 27 24 28 43 80 58 240 93 160 120 186 107 211 134 193 187 241 253 322 341 346 352 372 482 358 462 434 458 383 348 384 246 237 173 141 101 61 
SAlphaB:
0 0 0 0 0 0 0 0 0 0 0 0 0 0 0 0 0 0 0 0 0 0 0 0 0 0 0 0 0 0 0 0 0 0 0 1 1 6 1 12 1 3 3 15 8 27 24 28 43 80 58 240 93 160 120 186 107 211 134 193 187 241 253 322 341 346 352 372 482 358 462 434 458 383 348 384 246 237 173 141 101 61 

LossDepth:
SAlphaB:
0 0 0 0 0 0 0 0 0 0 0 0 0 0 0 0 0 0 0 0 0 0 0 0 0 0 0 0 0 0 0 0 0 0 0 1 1 6 1 12 1 3 3 15 8 27 24 28 43 80 58 240 93 160 120 186 107 211 134 193 187 241 253 322 341 346 352 372 482 358 462 434 458 383 348 384 246 237 173 141 101 61 

FirstWin:
0 0 0 0 0 0 0 0 0 0 0 0 0 0 0 0 0 0 0 0 0 0 0 0 0 0 0 0 0 0 0 0 0 0 0 1 0 6 0 12 0 3 0 15 0 27 0 28 0 80 0 240 0 160 0 186 0 211 0 193 0 241 0 322 0 346 0 372 0 358 0 434 0 383 0 384 0 237 0 141 0 61 
SAlphaB:
0 0 0 0 0 0 0 0 0 0 0 0 0 0 0 0 0 0 0 0 0 0 0 0 0 0 0 0 0 0 0 0 0 0 0 1 0 6 0 12 0 3 0 15 0 27 0 28 0 80 0 240 0 160 0 186 0 211 0 193 0 241 0 322 0 346 0 372 0 358 0 434 0 383 0 384 0 237 0 141 0 61 

SecondWin:
0 0 0 0 0 0 0 0 0 0 0 0 0 0 0 0 0 0 0 0 0 0 0 0 0 0 0 0 0 0 0 0 0 0 0 0 1 0 1 0 1 0 3 0 8 0 24 0 43 0 58 0 93 0 120 0 107 0 134 0 187 0 253 0 341 0 352 0 482 0 462 0 458 0 348 0 246 0 173 0 101 0 
SAlphaB:
0 0 0 0 0 0 0 0 0 0 0 0 0 0 0 0 0 0 0 0 0 0 0 0 0 0 0 0 0 0 0 0 0 0 0 0 1 0 1 0 1 0 3 0 8 0 24 0 43 0 58 0 93 0 120 0 107 0 134 0 187 0 253 0 341 0 352 0 482 0 462 0 458 0 348 0 246 0 173 0 101 0 
