0 23 72 11 -11 3 6 15

0 24 86 95 -9 1 15 15

0 69 87 58 -1 16 34 2

0 16 48 16 -14 1 2 23

0 51 92 7 -18 1 20 5

0 19 57 62 -5 0 4 9

0 59 78 52 -19 1 44 38

0 70 89 61 -6 2 21 27

0 11 90 99 -19 5 9 16

0 21 71 16 -13 2 7 19

0 51 96 60 -3 15 49 0

0 49 51 35 -8 6 31 25

0 71 89 44 -19 11 16 12

0 40 46 37 -7 8 13 12

0 16 50 95 -18 14 30 15

0 27 65 94 -19 35 43 14

0 4 54 38 -10 0 5 19

0 13 71 90 -3 1 11 48

0 40 46 18 -19 0 1 42

0 78 94 91 -2 3 6 13

0 24 68 73 -12 11 27 45

0 29 68 72 -8 13 23 30

0 24 55 94 -8 4 10 38

0 16 65 39 -4 13 25 21

0 50 92 4 -11 4 9 30

0 52 57 79 -16 12 24 31

0 22 77 88 -1 14 47 2

0 7 25 41 -18 3 6 2

0 12 34 63 -5 3 15 7

0 31 39 43 -17 7 9 40

0 32 46 66 -14 9 25 15

0 21 38 73 -13 4 5 39

0 23 37 15 -15 6 11 4

0 12 56 79 -19 2 35 38

0 63 95 84 -4 26 33 20

0 15 78 52 -17 6 24 22

0 33 73 0 -12 0 40 5

0 62 67 19 -19 21 30 3

0 38 65 61 -13 4 38 36

0 0 81 23 -18 0 4 29

0 29 75 72 -5 45 46 47

0 11 84 5 -19 28 32 33

0 6 29 54 -17 3 13 12

0 12 66 95 -15 6 32 9

0 2 23 4 -11 13 16 17

0 20 25 53 -18 5 18 23

0 40 84 2 -14 26 47 42

0 11 58 18 -7 3 20 32

0 17 58 74 -8 4 33 23

0 28 69 98 -18 8 38 12

0 56 91 66 -15 29 38 22

0 2 65 86 -10 7 28 31

0 1 41 36 -16 1 27 36

0 63 76 2 -17 22 48 16

0 34 53 2 -16 14 18 20

0 23 28 32 -7 10 30 33

0 5 36 98 -12 3 16 20

0 41 57 70 -7 23 27 42

0 24 25 39 -18 8 16 28

0 2 17 70 -9 23 27 33

0 8 27 86 -5 22 42 37

0 6 38 76 -8 21 22 25

0 26 40 96 -16 16 21 47

0 24 78 56 -12 1 47 41

0 51 65 21 -19 34 45 32

0 19 32 80 -6 33 49 12

0 3 33 17 -13 1 4 34

0 16 66 31 -17 0 45 43

0 1 40 46 -20 15 28 42

0 39 78 29 -20 30 45 30

0 16 60 8 -14 13 17 47

0 16 22 54 -8 31 45 20

0 28 62 12 -7 0 3 47

0 11 25 62 -20 14 37 45

0 15 91 1 -4 1 37 32

0 20 27 40 -7 20 36 18

0 7 16 61 -3 3 13 26

0 2 26 40 -13 46 47 33

0 33 38 81 -5 16 27 36

0 12 37 5 -8 11 14 49

0 8 20 40 -3 10 25 7

0 7 48 68 -19 4 48 24

0 11 24 15 -8 15 47 34

0 12 13 31 -19 16 25 3

0 7 9 10 -15 34 42 46

0 11 44 80 -20 31 46 6

0 8 53 12 -19 8 11 32

0 2 3 6 -14 3 34 45

0 6 10 24 -14 14 45 9

0 1 13 87 -18 14 19 49

0 20 27 63 -8 0 12 44

0 5 14 57 -20 27 29 0

0 0 1 78 -7 13 16 7

0 17 18 2 -13 40 48 3

0 5 6 64 -7 28 46 22

0 8 13 99 -10 0 45 33

0 0 12 10 -2 4 5 43

0 1 14 40 -14 20 38 40

0 12 15 48 -2 4 47 16

0 0 3 1 -8 18 36 37


SAlphaB: 703.0, std-dev 263.5555163566496

Earliest win: 37
Latest win: 81

WinDepth:
0 0 0 0 0 0 0 0 0 0 0 0 0 0 0 0 0 0 0 0 0 0 0 0 0 0 0 0 0 0 0 0 0 0 0 0 0 1 5 5 0 7 2 16 23 16 11 45 33 56 49 197 56 125 99 207 138 191 193 170 147 263 235 289 356 339 417 351 440 399 434 442 444 384 410 366 250 236 165 113 111 71 
SAlphaB:
0 0 0 0 0 0 0 0 0 0 0 0 0 0 0 0 0 0 0 0 0 0 0 0 0 0 0 0 0 0 0 0 0 0 0 0 0 1 5 5 0 7 2 16 23 16 11 45 33 56 49 197 56 125 99 207 138 191 193 170 147 263 235 289 356 339 417 351 440 399 434 442 444 384 410 366 250 236 165 113 111 71 

LossDepth:
SAlphaB:
0 0 0 0 0 0 0 0 0 0 0 0 0 0 0 0 0 0 0 0 0 0 0 0 0 0 0 0 0 0 0 0 0 0 0 0 0 1 5 5 0 7 2 16 23 16 11 45 33 56 49 197 56 125 99 207 138 191 193 170 147 263 235 289 356 339 417 351 440 399 434 442 444 384 410 366 250 236 165 113 111 71 

FirstWin:
0 0 0 0 0 0 0 0 0 0 0 0 0 0 0 0 0 0 0 0 0 0 0 0 0 0 0 0 0 0 0 0 0 0 0 0 0 1 0 5 0 7 0 16 0 16 0 45 0 56 0 197 0 125 0 207 0 191 0 170 0 263 0 289 0 339 0 351 0 399 0 442 0 384 0 366 0 236 0 113 0 71 
SAlphaB:
0 0 0 0 0 0 0 0 0 0 0 0 0 0 0 0 0 0 0 0 0 0 0 0 0 0 0 0 0 0 0 0 0 0 0 0 0 1 0 5 0 7 0 16 0 16 0 45 0 56 0 197 0 125 0 207 0 191 0 170 0 263 0 289 0 339 0 351 0 399 0 442 0 384 0 366 0 236 0 113 0 71 

SecondWin:
0 0 0 0 0 0 0 0 0 0 0 0 0 0 0 0 0 0 0 0 0 0 0 0 0 0 0 0 0 0 0 0 0 0 0 0 0 0 5 0 0 0 2 0 23 0 11 0 33 0 49 0 56 0 99 0 138 0 193 0 147 0 235 0 356 0 417 0 440 0 434 0 444 0 410 0 250 0 165 0 111 0 
SAlphaB:
0 0 0 0 0 0 0 0 0 0 0 0 0 0 0 0 0 0 0 0 0 0 0 0 0 0 0 0 0 0 0 0 0 0 0 0 0 0 5 0 0 0 2 0 23 0 11 0 33 0 49 0 56 0 99 0 138 0 193 0 147 0 235 0 356 0 417 0 440 0 434 0 444 0 410 0 250 0 165 0 111 0 
