0 38 98 11 -5 2 14 1

0 22 31 65 -11 20 24 18

0 42 68 36 -20 5 18 29

0 75 78 21 -10 3 22 4

0 63 91 72 -12 17 29 12

0 62 92 38 -7 5 9 21

0 42 92 22 -8 4 26 27

0 53 68 40 -4 34 43 29

0 66 84 97 -7 2 5 13

0 28 76 98 -10 22 30 11

0 56 88 44 -16 8 37 31

0 89 98 37 -5 21 44 22

0 62 89 73 -4 10 26 8

0 14 77 72 -6 9 23 11

0 30 39 34 -13 3 5 32

0 31 61 97 -18 33 36 36

0 32 38 67 -17 37 38 28

0 79 96 36 -18 0 1 48

0 22 36 55 -10 0 21 10

0 62 67 14 -8 0 9 23

0 24 29 96 -6 13 23 8

0 11 72 15 -7 25 39 0

0 10 46 56 -20 28 34 1

0 29 54 50 -10 35 47 39

0 8 11 49 -9 0 4 9

0 8 82 38 -5 42 47 39

0 29 79 7 -1 3 26 32

0 35 78 48 -19 10 24 43

0 16 22 65 -8 1 3 22

0 1 8 49 -9 2 5 8

0 21 45 44 -19 1 2 45

0 61 87 62 -19 43 46 30

0 7 38 17 -18 5 21 5

0 24 45 55 -2 26 27 4

0 31 40 56 -14 4 22 38

0 25 50 82 -17 3 4 43

0 25 34 65 -16 1 8 40

0 49 98 12 -4 0 2 21

0 7 9 42 -14 21 47 6

0 23 44 39 -4 2 47 25

0 6 52 50 -7 39 44 14

0 0 15 76 -19 0 1 27

0 20 94 34 -13 5 19 36

0 0 89 45 -3 1 2 39

0 30 92 32 -8 5 42 8

0 47 51 17 -19 12 38 46

0 28 37 75 -8 39 41 33

0 23 27 92 -2 9 11 9

0 25 57 41 -15 19 32 16

0 29 51 50 -2 4 17 39

0 8 18 47 -8 19 43 7

0 17 22 59 -2 0 26 13

0 1 27 70 -15 0 34 17

0 10 74 95 -19 18 19 3

0 25 29 77 -20 21 26 11

0 2 30 59 -16 16 45 6

0 72 98 44 -4 0 1 43

0 2 14 35 -18 0 1 31

0 25 36 31 -20 19 31 2

0 2 35 29 -18 3 5 48

0 36 39 49 -6 0 13 41

0 0 35 61 -15 32 43 25

0 8 31 1 -8 3 7 6

0 4 12 14 -15 7 13 6

0 15 73 25 -12 14 17 31

0 14 57 59 -10 23 29 42

0 59 65 0 -9 17 35 47

0 0 3 80 -19 0 2 41

0 1 10 7 -16 6 30 11

0 23 49 22 -10 12 47 22

0 17 25 97 -19 20 25 48

0 0 54 75 -10 27 43 5

0 5 12 62 -5 19 41 43

0 4 7 79 -3 14 22 7

0 2 21 85 -7 2 3 46

0 24 31 85 -17 18 41 26

0 47 51 35 -13 35 43 46

0 8 26 38 -3 4 6 40

0 11 14 35 -10 28 41 37

0 4 61 0 -13 5 40 41

0 11 27 34 -9 29 47 42

0 2 16 74 -16 3 18 22

0 1 81 17 -3 3 46 48

0 2 17 28 -10 1 2 28

0 2 5 56 -10 11 24 40

0 1 11 51 -5 0 6 26

0 1 30 9 -8 13 28 40

0 3 18 42 -1 2 5 35

0 6 17 84 -13 14 41 22

0 3 7 87 -8 6 35 28

0 8 10 5 -19 3 28 39

0 6 9 82 -3 3 33 36

0 6 13 27 -2 44 48 30

0 12 13 21 -19 30 34 42

0 15 22 7 -3 5 27 46

0 0 1 23 -3 2 29 28

0 7 8 42 -14 29 42 7

0 0 2 81 -20 25 36 9

0 0 1 77 -17 36 42 0

0 2 3 64 -3 2 47 24


SAlphaB: 723.0, std-dev 265.7791758265314

Earliest win: 37
Latest win: 81

WinDepth:
0 0 0 0 0 0 0 0 0 0 0 0 0 0 0 0 0 0 0 0 0 0 0 0 0 0 0 0 0 0 0 0 0 0 0 0 0 9 0 3 28 3 0 21 10 20 11 28 50 82 96 181 100 114 98 202 111 190 136 202 214 201 244 316 306 333 387 363 490 402 496 387 412 350 379 356 315 229 161 158 90 70 
SAlphaB:
0 0 0 0 0 0 0 0 0 0 0 0 0 0 0 0 0 0 0 0 0 0 0 0 0 0 0 0 0 0 0 0 0 0 0 0 0 9 0 3 28 3 0 21 10 20 11 28 50 82 96 181 100 114 98 202 111 190 136 202 214 201 244 316 306 333 387 363 490 402 496 387 412 350 379 356 315 229 161 158 90 70 

LossDepth:
SAlphaB:
0 0 0 0 0 0 0 0 0 0 0 0 0 0 0 0 0 0 0 0 0 0 0 0 0 0 0 0 0 0 0 0 0 0 0 0 0 9 0 3 28 3 0 21 10 20 11 28 50 82 96 181 100 114 98 202 111 190 136 202 214 201 244 316 306 333 387 363 490 402 496 387 412 350 379 356 315 229 161 158 90 70 

FirstWin:
0 0 0 0 0 0 0 0 0 0 0 0 0 0 0 0 0 0 0 0 0 0 0 0 0 0 0 0 0 0 0 0 0 0 0 0 0 9 0 3 0 3 0 21 0 20 0 28 0 82 0 181 0 114 0 202 0 190 0 202 0 201 0 316 0 333 0 363 0 402 0 387 0 350 0 356 0 229 0 158 0 70 
SAlphaB:
0 0 0 0 0 0 0 0 0 0 0 0 0 0 0 0 0 0 0 0 0 0 0 0 0 0 0 0 0 0 0 0 0 0 0 0 0 9 0 3 0 3 0 21 0 20 0 28 0 82 0 181 0 114 0 202 0 190 0 202 0 201 0 316 0 333 0 363 0 402 0 387 0 350 0 356 0 229 0 158 0 70 

SecondWin:
0 0 0 0 0 0 0 0 0 0 0 0 0 0 0 0 0 0 0 0 0 0 0 0 0 0 0 0 0 0 0 0 0 0 0 0 0 0 0 0 28 0 0 0 10 0 11 0 50 0 96 0 100 0 98 0 111 0 136 0 214 0 244 0 306 0 387 0 490 0 496 0 412 0 379 0 315 0 161 0 90 0 
SAlphaB:
0 0 0 0 0 0 0 0 0 0 0 0 0 0 0 0 0 0 0 0 0 0 0 0 0 0 0 0 0 0 0 0 0 0 0 0 0 0 0 0 28 0 0 0 10 0 11 0 50 0 96 0 100 0 98 0 111 0 136 0 214 0 244 0 306 0 387 0 490 0 496 0 412 0 379 0 315 0 161 0 90 0 
