0 70 77 97 -12 4 17 28

0 32 55 94 -14 3 15 16

0 29 77 86 -20 3 9 34

0 37 83 89 -4 3 13 22

0 29 72 33 -3 8 20 10

0 59 80 75 -8 9 20 49

0 46 71 62 -5 13 24 33

0 48 65 86 -7 5 25 27

0 16 32 87 -10 1 3 10

0 49 83 41 -10 0 38 2

0 50 68 93 -16 3 7 3

0 22 87 37 -10 4 15 32

0 51 73 99 -3 8 43 32

0 24 59 75 -15 12 38 21

0 56 70 82 -5 17 19 8

0 2 38 56 -20 4 7 1

0 19 76 10 -8 0 9 46

0 47 72 53 -5 35 41 28

0 49 89 85 -3 15 25 25

0 4 84 68 -12 5 21 16

0 0 59 27 -7 15 40 16

0 67 96 1 -18 3 31 36

0 3 62 5 -4 0 9 8

0 59 69 64 -16 14 47 27

0 42 89 37 -6 3 36 36

0 35 42 52 -18 4 21 26

0 11 66 93 -17 6 19 25

0 38 45 92 -7 10 22 32

0 27 43 88 -12 30 40 18

0 55 95 50 -11 0 26 18

0 44 79 19 -15 43 44 20

0 57 62 82 -6 25 47 2

0 15 28 35 -2 1 8 16

0 78 92 62 -20 33 36 28

0 31 97 39 -20 7 8 7

0 52 65 33 -10 30 38 20

0 51 62 17 -13 2 3 33

0 41 86 61 -10 3 7 44

0 22 25 62 -6 5 6 22

0 44 94 2 -19 17 31 12

0 22 68 73 -13 12 21 10

0 28 38 88 -13 21 38 4

0 32 33 99 -20 3 4 42

0 8 49 79 -11 1 3 39

0 13 25 72 -18 17 18 5

0 1 37 67 -20 1 2 0

0 48 50 62 -18 3 33 6

0 11 13 33 -1 6 15 29

0 48 54 49 -9 0 25 47

0 35 36 97 -16 4 26 44

0 0 23 81 -8 1 3 12

0 12 17 57 -15 22 30 17

0 11 53 5 -8 34 37 34

0 14 64 96 -19 5 49 45

0 5 15 37 -5 7 8 2

0 3 30 89 -8 3 4 12

0 8 49 98 -4 9 17 1

0 25 62 2 -5 14 16 22

0 29 40 28 -12 8 14 40

0 16 66 43 -8 10 34 26

0 32 85 32 -9 2 4 47

0 10 40 64 -2 10 29 17

0 11 95 7 -4 3 9 41

0 21 32 29 -18 47 49 2

0 61 93 39 -14 3 47 32

0 3 30 18 -6 23 47 28

0 14 15 75 -17 16 37 16

0 0 35 78 -1 1 3 2

0 28 29 89 -4 5 7 34

0 65 84 22 -14 31 34 7

0 54 83 68 -10 31 42 41

0 0 21 18 -16 3 13 41

0 2 9 97 -2 6 15 7

0 5 32 20 -6 34 35 9

0 12 32 96 -9 27 43 33

0 3 82 2 -8 4 13 31

0 9 18 53 -20 18 20 21

0 8 30 48 -15 17 31 37

0 5 25 44 -5 10 33 37

0 4 27 43 -12 8 25 45

0 7 30 42 -15 0 28 29

0 5 32 43 -17 44 47 26

0 47 62 64 -13 17 32 0

0 1 5 37 -20 5 15 35

0 37 60 8 -20 26 47 21

0 5 27 17 -17 1 13 40

0 21 33 84 -3 44 46 9

0 7 10 11 -20 30 37 34

0 8 10 4 -15 0 19 22

0 1 3 83 -6 39 40 19

0 4 9 13 -12 10 17 24

0 10 18 80 -10 3 41 31

0 6 9 54 -8 12 19 28

0 5 7 82 -2 1 26 49

0 2 9 90 -3 7 36 35

0 1 13 40 -10 0 20 31

0 4 14 23 -3 24 41 43

0 0 4 56 -6 8 35 36

0 9 10 32 -1 17 19 29

0 1 13 21 -1 1 2 25


SAlphaB: 697.0, std-dev 272.8754892368727

Earliest win: 35
Latest win: 81

WinDepth:
0 0 0 0 0 0 0 0 0 0 0 0 0 0 0 0 0 0 0 0 0 0 0 0 0 0 0 0 0 0 0 0 0 0 0 1 1 5 3 8 16 6 1 16 6 17 27 22 35 44 94 241 100 116 100 136 131 168 136 162 145 221 226 321 328 391 427 393 463 396 452 497 443 382 372 377 242 237 178 129 94 92 
SAlphaB:
0 0 0 0 0 0 0 0 0 0 0 0 0 0 0 0 0 0 0 0 0 0 0 0 0 0 0 0 0 0 0 0 0 0 0 1 1 5 3 8 16 6 1 16 6 17 27 22 35 44 94 241 100 116 100 136 131 168 136 162 145 221 226 321 328 391 427 393 463 396 452 497 443 382 372 377 242 237 178 129 94 92 

LossDepth:
SAlphaB:
0 0 0 0 0 0 0 0 0 0 0 0 0 0 0 0 0 0 0 0 0 0 0 0 0 0 0 0 0 0 0 0 0 0 0 1 1 5 3 8 16 6 1 16 6 17 27 22 35 44 94 241 100 116 100 136 131 168 136 162 145 221 226 321 328 391 427 393 463 396 452 497 443 382 372 377 242 237 178 129 94 92 

FirstWin:
0 0 0 0 0 0 0 0 0 0 0 0 0 0 0 0 0 0 0 0 0 0 0 0 0 0 0 0 0 0 0 0 0 0 0 1 0 5 0 8 0 6 0 16 0 17 0 22 0 44 0 241 0 116 0 136 0 168 0 162 0 221 0 321 0 391 0 393 0 396 0 497 0 382 0 377 0 237 0 129 0 92 
SAlphaB:
0 0 0 0 0 0 0 0 0 0 0 0 0 0 0 0 0 0 0 0 0 0 0 0 0 0 0 0 0 0 0 0 0 0 0 1 0 5 0 8 0 6 0 16 0 17 0 22 0 44 0 241 0 116 0 136 0 168 0 162 0 221 0 321 0 391 0 393 0 396 0 497 0 382 0 377 0 237 0 129 0 92 

SecondWin:
0 0 0 0 0 0 0 0 0 0 0 0 0 0 0 0 0 0 0 0 0 0 0 0 0 0 0 0 0 0 0 0 0 0 0 0 1 0 3 0 16 0 1 0 6 0 27 0 35 0 94 0 100 0 100 0 131 0 136 0 145 0 226 0 328 0 427 0 463 0 452 0 443 0 372 0 242 0 178 0 94 0 
SAlphaB:
0 0 0 0 0 0 0 0 0 0 0 0 0 0 0 0 0 0 0 0 0 0 0 0 0 0 0 0 0 0 0 0 0 0 0 0 1 0 3 0 16 0 1 0 6 0 27 0 35 0 94 0 100 0 100 0 131 0 136 0 145 0 226 0 328 0 427 0 463 0 452 0 443 0 372 0 242 0 178 0 94 0 
