0 48 87 72 -9 13 29 0

0 37 96 53 -5 7 33 6

0 51 83 48 -3 0 1 5

0 44 54 14 -17 1 5 33

0 43 60 12 -4 5 15 18

0 41 66 42 -2 0 4 6

0 49 88 81 -20 9 24 48

0 61 79 64 -14 6 34 45

0 32 42 94 -14 4 10 40

0 42 64 75 -4 13 27 20

0 64 85 86 -7 19 35 3

0 29 91 63 -1 1 29 8

0 73 87 39 -20 3 7 12

0 72 93 13 -7 7 33 3

0 27 37 33 -12 17 23 10

0 38 94 32 -10 15 44 13

0 90 92 55 -8 7 48 39

0 39 68 90 -15 9 14 11

0 22 30 50 -19 3 8 27

0 58 70 49 -5 2 5 11

0 6 93 51 -11 20 21 20

0 35 89 60 -1 13 33 30

0 28 37 19 -5 32 33 9

0 5 40 97 -15 5 18 15

0 84 97 86 -16 9 11 15

0 31 79 54 -8 9 44 0

0 13 84 38 -12 10 16 0

0 31 67 83 -12 25 37 18

0 23 50 51 -16 40 42 15

0 64 82 82 -3 6 14 31

0 48 59 18 -20 2 25 13

0 32 80 9 -17 8 9 4

0 48 82 32 -18 12 47 26

0 37 47 50 -5 1 2 14

0 22 49 69 -16 47 48 20

0 46 54 50 -4 18 19 19

0 33 58 33 -2 8 11 22

0 77 80 69 -13 7 12 17

0 30 86 57 -9 0 1 44

0 36 54 60 -4 6 22 40

0 28 47 78 -17 9 19 41

0 29 91 56 -15 17 39 13

0 16 97 92 -20 14 43 2

0 12 40 11 -4 1 9 43

0 20 65 55 -20 3 31 33

0 26 33 50 -15 0 1 38

0 1 52 15 -1 1 4 14

0 0 35 23 -7 6 28 6

0 7 25 97 -6 6 10 12

0 51 59 36 -11 33 44 18

0 14 33 77 -7 16 35 18

0 35 67 84 -5 0 5 27

0 30 31 87 -11 13 34 49

0 44 65 90 -19 7 35 40

0 14 17 80 -14 2 17 3

0 16 56 38 -5 7 18 41

0 7 88 60 -15 25 29 30

0 11 55 2 -13 0 3 44

0 14 19 53 -16 6 11 24

0 16 26 86 -19 30 46 17

0 31 88 14 -2 8 48 3

0 40 45 23 -11 22 38 34

0 10 32 6 -6 0 9 34

0 17 82 85 -8 13 14 4

0 21 40 23 -20 6 12 37

0 6 47 52 -7 30 33 46

0 3 94 28 -15 31 43 46

0 14 87 69 -16 6 31 40

0 4 44 35 -9 1 18 16

0 12 37 51 -1 5 10 32

0 16 25 24 -14 28 39 42

0 14 54 5 -20 6 9 9

0 3 27 5 -1 30 33 22

0 0 43 65 -12 14 36 27

0 33 61 86 -7 5 47 32

0 24 30 9 -6 21 38 32

0 18 22 62 -12 18 31 27

0 33 37 33 -3 7 49 26

0 4 34 49 -14 28 31 23

0 2 76 30 -13 1 48 19

0 6 93 68 -11 19 35 40

0 19 23 88 -12 2 48 1

0 1 2 38 -2 24 37 17

0 12 18 90 -16 0 4 49

0 2 10 14 -11 5 7 21

0 17 35 15 -18 4 5 34

0 2 3 28 -12 1 22 22

0 16 18 28 -7 7 36 16

0 5 6 47 -11 44 47 28

0 0 2 83 -16 3 18 36

0 4 7 60 -8 4 5 47

0 4 10 45 -11 1 4 44

0 6 31 13 -2 10 11 24

0 7 9 74 -11 9 39 39

0 0 7 47 -12 2 34 25

0 0 29 53 -4 19 20 49

0 5 9 9 -13 33 41 46

0 4 10 19 -4 4 24 30

0 17 19 13 -1 21 37 31

0 0 8 5 -9 8 37 43


SAlphaB: 744.0, std-dev 279.964792248936

Earliest win: 37
Latest win: 81

WinDepth:
0 0 0 0 0 0 0 0 0 0 0 0 0 0 0 0 0 0 0 0 0 0 0 0 0 0 0 0 0 0 0 0 0 0 0 0 0 3 1 4 11 13 3 7 14 20 23 71 25 81 92 170 75 141 82 167 142 203 118 197 139 236 237 369 302 350 403 401 409 402 421 474 402 386 430 384 279 247 206 139 80 64 
SAlphaB:
0 0 0 0 0 0 0 0 0 0 0 0 0 0 0 0 0 0 0 0 0 0 0 0 0 0 0 0 0 0 0 0 0 0 0 0 0 3 1 4 11 13 3 7 14 20 23 71 25 81 92 170 75 141 82 167 142 203 118 197 139 236 237 369 302 350 403 401 409 402 421 474 402 386 430 384 279 247 206 139 80 64 

LossDepth:
SAlphaB:
0 0 0 0 0 0 0 0 0 0 0 0 0 0 0 0 0 0 0 0 0 0 0 0 0 0 0 0 0 0 0 0 0 0 0 0 0 3 1 4 11 13 3 7 14 20 23 71 25 81 92 170 75 141 82 167 142 203 118 197 139 236 237 369 302 350 403 401 409 402 421 474 402 386 430 384 279 247 206 139 80 64 

FirstWin:
0 0 0 0 0 0 0 0 0 0 0 0 0 0 0 0 0 0 0 0 0 0 0 0 0 0 0 0 0 0 0 0 0 0 0 0 0 3 0 4 0 13 0 7 0 20 0 71 0 81 0 170 0 141 0 167 0 203 0 197 0 236 0 369 0 350 0 401 0 402 0 474 0 386 0 384 0 247 0 139 0 64 
SAlphaB:
0 0 0 0 0 0 0 0 0 0 0 0 0 0 0 0 0 0 0 0 0 0 0 0 0 0 0 0 0 0 0 0 0 0 0 0 0 3 0 4 0 13 0 7 0 20 0 71 0 81 0 170 0 141 0 167 0 203 0 197 0 236 0 369 0 350 0 401 0 402 0 474 0 386 0 384 0 247 0 139 0 64 

SecondWin:
0 0 0 0 0 0 0 0 0 0 0 0 0 0 0 0 0 0 0 0 0 0 0 0 0 0 0 0 0 0 0 0 0 0 0 0 0 0 1 0 11 0 3 0 14 0 23 0 25 0 92 0 75 0 82 0 142 0 118 0 139 0 237 0 302 0 403 0 409 0 421 0 402 0 430 0 279 0 206 0 80 0 
SAlphaB:
0 0 0 0 0 0 0 0 0 0 0 0 0 0 0 0 0 0 0 0 0 0 0 0 0 0 0 0 0 0 0 0 0 0 0 0 0 0 1 0 11 0 3 0 14 0 23 0 25 0 92 0 75 0 82 0 142 0 118 0 139 0 237 0 302 0 403 0 409 0 421 0 402 0 430 0 279 0 206 0 80 0 
