0 18 58 30 -4 4 5 2

0 32 46 4 -8 1 3 9

0 58 87 66 -3 6 12 1

0 52 86 93 -3 4 31 7

0 32 57 38 -11 1 3 0

0 51 84 98 -7 1 15 14

0 52 94 40 -14 4 11 46

0 20 77 99 -4 30 48 6

0 77 81 18 -4 5 9 15

0 56 66 15 -9 0 10 9

0 24 71 99 -2 25 45 46

0 38 55 34 -3 7 31 15

0 13 78 92 -18 4 7 15

0 20 25 38 -8 17 20 12

0 20 43 42 -11 5 17 17

0 18 92 69 -14 3 9 23

0 39 97 66 -12 5 7 37

0 60 83 26 -16 25 36 45

0 24 50 30 -4 8 23 9

0 24 91 8 -2 1 6 3

0 14 91 32 -6 22 49 5

0 69 78 75 -20 0 1 39

0 38 44 39 -7 4 24 7

0 58 77 12 -10 0 4 15

0 17 73 69 -2 13 41 4

0 22 94 20 -20 16 30 13

0 14 35 56 -13 9 15 2

0 84 88 70 -13 0 2 8

0 38 39 97 -9 8 24 45

0 29 92 67 -8 2 4 47

0 26 99 70 -19 15 25 11

0 30 84 70 -15 11 12 32

0 32 68 32 -6 8 36 41

0 46 50 12 -15 10 38 23

0 15 45 83 -18 0 10 17

0 16 72 42 -18 3 7 49

0 30 80 44 -2 1 5 10

0 11 60 73 -15 2 15 13

0 38 48 94 -14 6 13 37

0 27 35 21 -18 3 10 32

0 85 95 27 -18 39 48 45

0 27 42 91 -12 15 18 10

0 5 70 39 -14 17 26 7

0 28 91 28 -4 15 44 35

0 20 38 39 -17 15 33 37

0 7 91 78 -11 3 5 14

0 57 81 90 -15 26 31 4

0 30 33 69 -16 9 15 48

0 20 26 6 -1 35 38 37

0 45 49 89 -20 12 23 33

0 35 46 50 -17 10 20 29

0 73 87 57 -19 32 40 9

0 3 50 43 -2 2 4 33

0 18 55 47 -13 11 48 1

0 19 46 86 -3 12 13 23

0 10 23 73 -10 3 33 2

0 29 34 90 -18 1 38 21

0 23 67 72 -14 7 43 16

0 3 39 71 -14 6 13 44

0 45 57 19 -13 31 42 39

0 10 96 66 -2 1 45 0

0 45 76 28 -6 3 4 38

0 12 27 23 -7 1 2 21

0 7 49 14 -4 4 8 28

0 15 18 74 -1 13 44 19

0 5 82 12 -13 13 15 16

0 32 36 40 -10 8 47 35

0 24 37 17 -15 19 49 37

0 45 65 94 -6 12 19 33

0 8 11 84 -9 6 19 32

0 12 80 16 -4 7 37 45

0 1 3 45 -12 17 33 14

0 44 62 13 -6 0 5 47

0 1 3 25 -17 19 22 15

0 26 54 48 -10 1 2 39

0 20 92 6 -9 22 29 48

0 22 34 39 -1 8 12 47

0 1 2 25 -15 13 17 12

0 7 54 15 -1 21 22 44

0 57 60 27 -17 33 46 33

0 23 57 21 -7 22 31 3

0 21 44 14 -6 29 39 43

0 13 15 11 -12 7 18 24

0 5 23 98 -17 8 45 5

0 14 35 15 -8 25 39 46

0 0 2 66 -10 3 7 9

0 14 16 57 -12 4 33 48

0 10 20 41 -7 2 35 28

0 1 2 13 -17 7 21 21

0 4 27 93 -2 24 31 45

0 2 8 76 -18 6 31 12

0 21 28 73 -5 1 14 42

0 1 7 95 -6 4 6 44

0 11 24 89 -17 24 44 35

0 4 18 24 -15 0 7 48

0 0 36 32 -6 13 15 38

0 0 1 71 -4 5 42 8

0 16 17 31 -9 0 40 6

0 0 6 18 -6 0 14 9

0 6 7 89 -1 26 30 16


SAlphaB: 726.0, std-dev 270.4376735081953

Earliest win: 37
Latest win: 81

WinDepth:
0 0 0 0 0 0 0 0 0 0 0 0 0 0 0 0 0 0 0 0 0 0 0 0 0 0 0 0 0 0 0 0 0 0 0 0 0 5 0 5 11 3 3 12 5 15 8 28 22 86 49 219 43 113 93 175 81 191 117 169 163 239 237 406 299 357 356 400 437 446 448 470 468 442 393 374 264 240 197 136 102 74 
SAlphaB:
0 0 0 0 0 0 0 0 0 0 0 0 0 0 0 0 0 0 0 0 0 0 0 0 0 0 0 0 0 0 0 0 0 0 0 0 0 5 0 5 11 3 3 12 5 15 8 28 22 86 49 219 43 113 93 175 81 191 117 169 163 239 237 406 299 357 356 400 437 446 448 470 468 442 393 374 264 240 197 136 102 74 

LossDepth:
SAlphaB:
0 0 0 0 0 0 0 0 0 0 0 0 0 0 0 0 0 0 0 0 0 0 0 0 0 0 0 0 0 0 0 0 0 0 0 0 0 5 0 5 11 3 3 12 5 15 8 28 22 86 49 219 43 113 93 175 81 191 117 169 163 239 237 406 299 357 356 400 437 446 448 470 468 442 393 374 264 240 197 136 102 74 

FirstWin:
0 0 0 0 0 0 0 0 0 0 0 0 0 0 0 0 0 0 0 0 0 0 0 0 0 0 0 0 0 0 0 0 0 0 0 0 0 5 0 5 0 3 0 12 0 15 0 28 0 86 0 219 0 113 0 175 0 191 0 169 0 239 0 406 0 357 0 400 0 446 0 470 0 442 0 374 0 240 0 136 0 74 
SAlphaB:
0 0 0 0 0 0 0 0 0 0 0 0 0 0 0 0 0 0 0 0 0 0 0 0 0 0 0 0 0 0 0 0 0 0 0 0 0 5 0 5 0 3 0 12 0 15 0 28 0 86 0 219 0 113 0 175 0 191 0 169 0 239 0 406 0 357 0 400 0 446 0 470 0 442 0 374 0 240 0 136 0 74 

SecondWin:
0 0 0 0 0 0 0 0 0 0 0 0 0 0 0 0 0 0 0 0 0 0 0 0 0 0 0 0 0 0 0 0 0 0 0 0 0 0 0 0 11 0 3 0 5 0 8 0 22 0 49 0 43 0 93 0 81 0 117 0 163 0 237 0 299 0 356 0 437 0 448 0 468 0 393 0 264 0 197 0 102 0 
SAlphaB:
0 0 0 0 0 0 0 0 0 0 0 0 0 0 0 0 0 0 0 0 0 0 0 0 0 0 0 0 0 0 0 0 0 0 0 0 0 0 0 0 11 0 3 0 5 0 8 0 22 0 49 0 43 0 93 0 81 0 117 0 163 0 237 0 299 0 356 0 437 0 448 0 468 0 393 0 264 0 197 0 102 0 
