0 36 90 41 -15 4 9 16

0 27 49 46 -7 2 14 16

0 77 97 90 -14 4 36 19

0 20 37 28 -11 2 14 7

0 39 41 71 -2 2 5 3

0 43 71 49 -14 4 16 17

0 39 72 88 -9 1 24 11

0 50 71 23 -17 8 13 20

0 59 83 73 -17 9 14 32

0 23 37 29 -11 2 4 13

0 22 65 22 -16 0 1 14

0 14 36 43 -3 9 16 10

0 30 90 91 -11 13 20 34

0 18 30 12 -17 0 2 10

0 42 44 83 -14 4 9 20

0 27 90 86 -15 1 3 49

0 30 72 97 -8 5 9 44

0 47 75 11 -15 7 14 27

0 77 93 76 -14 0 3 14

0 42 73 70 -16 25 35 5

0 19 87 70 -5 4 14 26

0 33 50 97 -12 30 37 43

0 6 18 39 -11 4 6 6

0 25 82 80 -1 2 31 49

0 8 14 82 -3 0 2 8

0 23 58 63 -3 18 25 46

0 55 62 4 -14 3 38 12

0 51 66 43 -7 19 22 8

0 12 60 27 -18 2 16 17

0 18 66 93 -9 8 14 24

0 28 44 74 -8 29 35 14

0 45 74 45 -15 25 30 9

0 34 42 91 -8 9 26 1

0 10 30 74 -15 1 5 0

0 38 64 45 -19 0 40 15

0 4 16 35 -9 0 1 10

0 1 13 18 -14 9 10 10

0 32 33 73 -1 17 35 44

0 7 52 31 -18 20 45 20

0 30 66 54 -8 10 13 9

0 10 50 37 -6 15 27 30

0 21 43 90 -19 2 35 19

0 0 14 27 -12 4 5 5

0 24 29 31 -20 29 42 17

0 19 53 25 -16 7 44 5

0 34 49 17 -2 17 26 20

0 23 29 84 -2 7 24 45

0 6 50 66 -12 0 1 32

0 3 19 98 -12 2 6 5

0 4 48 46 -6 11 42 26

0 11 92 71 -2 15 45 18

0 35 77 56 -18 6 43 38

0 57 79 46 -6 21 26 40

0 48 97 55 -13 30 39 46

0 36 66 7 -15 4 34 20

0 16 78 5 -12 28 34 5

0 76 86 87 -18 31 41 41

0 48 59 50 -13 27 36 3

0 64 82 26 -2 1 6 45

0 2 70 0 -19 0 23 41

0 1 23 74 -9 1 15 14

0 9 36 37 -17 2 3 21

0 0 15 47 -13 45 46 45

0 4 7 50 -9 8 18 13

0 4 69 53 -4 6 47 22

0 29 58 3 -11 5 21 49

0 1 9 37 -11 0 10 9

0 3 5 14 -17 11 19 12

0 12 18 88 -6 3 27 16

0 45 51 47 -4 17 27 1

0 0 1 82 -17 13 18 25

0 4 9 71 -7 1 14 10

0 1 38 25 -5 1 16 0

0 11 25 83 -5 27 28 40

0 39 48 43 -4 3 40 44

0 5 14 19 -16 6 41 4

0 9 17 42 -7 18 44 18

0 12 54 62 -4 9 47 19

0 29 93 0 -13 31 35 21

0 15 65 16 -3 4 24 41

0 13 16 34 -3 41 43 20

0 4 17 2 -14 5 48 5

0 21 44 42 -9 4 47 41

0 38 39 1 -14 42 44 37

0 3 13 99 -14 16 43 10

0 1 21 64 -18 12 38 2

0 3 22 9 -5 0 1 44

0 11 19 54 -10 32 36 5

0 2 14 63 -3 3 7 45

0 13 21 36 -14 8 20 42

0 1 11 54 -6 3 6 24

0 0 3 24 -16 5 8 3

0 10 17 3 -20 21 24 46

0 4 8 4 -13 0 8 17

0 1 3 96 -19 17 20 15

0 4 7 84 -18 9 44 35

0 4 25 6 -15 27 31 34

0 10 16 26 -16 1 17 47

0 2 25 1 -19 7 28 47

0 1 2 17 -6 10 13 32


SAlphaB: 709.0, std-dev 266.2683871395532

Earliest win: 37
Latest win: 81

WinDepth:
0 0 0 0 0 0 0 0 0 0 0 0 0 0 0 0 0 0 0 0 0 0 0 0 0 0 0 0 0 0 0 0 0 0 0 0 0 2 0 5 16 4 6 22 4 19 14 41 37 63 80 128 92 155 108 202 107 208 134 186 148 245 244 327 361 375 416 365 407 407 402 460 451 402 387 343 264 230 171 144 95 67 
SAlphaB:
0 0 0 0 0 0 0 0 0 0 0 0 0 0 0 0 0 0 0 0 0 0 0 0 0 0 0 0 0 0 0 0 0 0 0 0 0 2 0 5 16 4 6 22 4 19 14 41 37 63 80 128 92 155 108 202 107 208 134 186 148 245 244 327 361 375 416 365 407 407 402 460 451 402 387 343 264 230 171 144 95 67 

LossDepth:
SAlphaB:
0 0 0 0 0 0 0 0 0 0 0 0 0 0 0 0 0 0 0 0 0 0 0 0 0 0 0 0 0 0 0 0 0 0 0 0 0 2 0 5 16 4 6 22 4 19 14 41 37 63 80 128 92 155 108 202 107 208 134 186 148 245 244 327 361 375 416 365 407 407 402 460 451 402 387 343 264 230 171 144 95 67 

FirstWin:
0 0 0 0 0 0 0 0 0 0 0 0 0 0 0 0 0 0 0 0 0 0 0 0 0 0 0 0 0 0 0 0 0 0 0 0 0 2 0 5 0 4 0 22 0 19 0 41 0 63 0 128 0 155 0 202 0 208 0 186 0 245 0 327 0 375 0 365 0 407 0 460 0 402 0 343 0 230 0 144 0 67 
SAlphaB:
0 0 0 0 0 0 0 0 0 0 0 0 0 0 0 0 0 0 0 0 0 0 0 0 0 0 0 0 0 0 0 0 0 0 0 0 0 2 0 5 0 4 0 22 0 19 0 41 0 63 0 128 0 155 0 202 0 208 0 186 0 245 0 327 0 375 0 365 0 407 0 460 0 402 0 343 0 230 0 144 0 67 

SecondWin:
0 0 0 0 0 0 0 0 0 0 0 0 0 0 0 0 0 0 0 0 0 0 0 0 0 0 0 0 0 0 0 0 0 0 0 0 0 0 0 0 16 0 6 0 4 0 14 0 37 0 80 0 92 0 108 0 107 0 134 0 148 0 244 0 361 0 416 0 407 0 402 0 451 0 387 0 264 0 171 0 95 0 
SAlphaB:
0 0 0 0 0 0 0 0 0 0 0 0 0 0 0 0 0 0 0 0 0 0 0 0 0 0 0 0 0 0 0 0 0 0 0 0 0 0 0 0 16 0 6 0 4 0 14 0 37 0 80 0 92 0 108 0 107 0 134 0 148 0 244 0 361 0 416 0 407 0 402 0 451 0 387 0 264 0 171 0 95 0 
