0 42 95 79 -6 11 15 7

0 26 70 99 -14 5 11 9

0 60 80 5 -17 7 25 33

0 8 17 82 -1 2 3 8

0 67 81 18 -20 9 29 19

0 2 37 84 -2 10 26 8

0 26 55 7 -12 2 6 0

0 45 57 96 -3 3 15 29

0 46 82 96 -3 2 18 1

0 25 41 49 -6 12 13 7

0 84 93 31 -3 21 42 21

0 29 92 89 -10 14 23 14

0 33 63 56 -15 2 3 38

0 47 71 18 -6 1 44 12

0 35 62 93 -1 9 21 40

0 61 88 42 -19 0 32 25

0 13 65 81 -4 5 6 40

0 20 71 12 -3 11 12 19

0 1 26 88 -13 4 8 15

0 69 80 99 -13 14 36 21

0 58 98 98 -16 23 39 20

0 23 75 61 -9 9 40 20

0 7 30 96 -3 2 14 7

0 43 94 70 -12 6 28 14

0 37 39 22 -4 11 31 12

0 14 63 67 -16 21 44 20

0 27 69 58 -13 16 26 9

0 12 18 18 -17 1 2 8

0 73 74 67 -2 13 15 42

0 28 57 62 -8 20 39 34

0 0 82 6 -13 30 46 38

0 33 45 90 -6 18 47 20

0 12 77 74 -6 20 44 36

0 5 72 85 -2 10 15 42

0 18 48 0 -1 2 31 1

0 19 88 22 -16 7 20 24

0 54 62 70 -10 17 41 7

0 34 85 57 -18 26 39 40

0 11 41 22 -4 9 47 27

0 9 26 99 -9 19 30 26

0 31 48 68 -7 10 21 17

0 39 47 71 -17 0 36 3

0 24 62 32 -17 15 30 6

0 41 72 57 -9 23 42 8

0 70 77 15 -6 9 22 34

0 40 49 79 -1 15 26 27

0 22 31 62 -5 38 45 42

0 51 90 26 -9 28 45 43

0 29 56 26 -9 42 43 20

0 62 66 86 -16 2 40 3

0 9 70 17 -16 0 9 38

0 19 27 80 -5 9 10 30

0 7 16 7 -1 15 40 7

0 11 51 45 -15 29 48 23

0 20 41 71 -15 1 42 5

0 5 92 24 -4 11 12 41

0 28 43 38 -11 1 2 49

0 17 56 61 -1 1 25 33

0 12 18 64 -11 8 14 35

0 8 66 38 -4 7 19 39

0 23 63 29 -19 37 47 22

0 1 20 46 -8 15 18 27

0 11 62 84 -8 2 49 13

0 42 87 67 -3 2 46 48

0 67 77 26 -10 47 48 34

0 26 50 37 -10 37 42 42

0 7 27 86 -7 25 34 47

0 3 37 62 -8 5 43 20

0 6 15 49 -9 23 46 17

0 8 13 54 -2 36 45 28

0 3 16 77 -4 25 39 35

0 21 77 68 -19 20 21 30

0 2 31 0 -7 1 2 32

0 19 26 26 -15 10 18 33

0 9 47 30 -2 8 16 43

0 31 42 18 -4 16 18 2

0 5 47 21 -7 3 20 30

0 9 61 67 -12 4 34 48

0 9 57 98 -2 4 49 17

0 0 33 90 -1 22 35 29

0 68 78 26 -7 36 41 22

0 23 60 34 -17 11 17 41

0 3 5 65 -13 6 8 30

0 10 14 6 -1 10 23 6

0 8 20 1 -18 41 45 48

0 4 7 58 -5 30 40 37

0 9 12 98 -10 10 29 43

0 4 54 66 -15 0 3 47

0 0 11 14 -18 9 30 15

0 2 49 53 -13 3 5 37

0 0 2 64 -7 6 31 5

0 3 7 29 -6 25 49 42

0 5 8 36 -15 20 49 17

0 1 10 35 -18 6 11 46

0 1 17 51 -9 1 24 48

0 6 17 55 -16 18 31 38

0 12 17 74 -4 2 5 47

0 6 15 23 -11 5 9 36

0 0 3 31 -6 1 22 39

0 2 5 37 -3 4 9 33


SAlphaB: 724.0, std-dev 273.2594174816748

Earliest win: 37
Latest win: 81

WinDepth:
0 0 0 0 0 0 0 0 0 0 0 0 0 0 0 0 0 0 0 0 0 0 0 0 0 0 0 0 0 0 0 0 0 0 0 0 0 10 1 4 2 8 1 7 4 16 8 20 31 54 47 181 63 111 73 152 109 217 177 182 155 208 279 356 318 353 435 435 418 416 509 484 406 425 420 399 221 227 197 125 119 75 
SAlphaB:
0 0 0 0 0 0 0 0 0 0 0 0 0 0 0 0 0 0 0 0 0 0 0 0 0 0 0 0 0 0 0 0 0 0 0 0 0 10 1 4 2 8 1 7 4 16 8 20 31 54 47 181 63 111 73 152 109 217 177 182 155 208 279 356 318 353 435 435 418 416 509 484 406 425 420 399 221 227 197 125 119 75 

LossDepth:
SAlphaB:
0 0 0 0 0 0 0 0 0 0 0 0 0 0 0 0 0 0 0 0 0 0 0 0 0 0 0 0 0 0 0 0 0 0 0 0 0 10 1 4 2 8 1 7 4 16 8 20 31 54 47 181 63 111 73 152 109 217 177 182 155 208 279 356 318 353 435 435 418 416 509 484 406 425 420 399 221 227 197 125 119 75 

FirstWin:
0 0 0 0 0 0 0 0 0 0 0 0 0 0 0 0 0 0 0 0 0 0 0 0 0 0 0 0 0 0 0 0 0 0 0 0 0 10 0 4 0 8 0 7 0 16 0 20 0 54 0 181 0 111 0 152 0 217 0 182 0 208 0 356 0 353 0 435 0 416 0 484 0 425 0 399 0 227 0 125 0 75 
SAlphaB:
0 0 0 0 0 0 0 0 0 0 0 0 0 0 0 0 0 0 0 0 0 0 0 0 0 0 0 0 0 0 0 0 0 0 0 0 0 10 0 4 0 8 0 7 0 16 0 20 0 54 0 181 0 111 0 152 0 217 0 182 0 208 0 356 0 353 0 435 0 416 0 484 0 425 0 399 0 227 0 125 0 75 

SecondWin:
0 0 0 0 0 0 0 0 0 0 0 0 0 0 0 0 0 0 0 0 0 0 0 0 0 0 0 0 0 0 0 0 0 0 0 0 0 0 1 0 2 0 1 0 4 0 8 0 31 0 47 0 63 0 73 0 109 0 177 0 155 0 279 0 318 0 435 0 418 0 509 0 406 0 420 0 221 0 197 0 119 0 
SAlphaB:
0 0 0 0 0 0 0 0 0 0 0 0 0 0 0 0 0 0 0 0 0 0 0 0 0 0 0 0 0 0 0 0 0 0 0 0 0 0 1 0 2 0 1 0 4 0 8 0 31 0 47 0 63 0 73 0 109 0 177 0 155 0 279 0 318 0 435 0 418 0 509 0 406 0 420 0 221 0 197 0 119 0 
