0 40 74 83 -17 0 1 20

0 53 92 32 -11 5 6 15

0 42 76 27 -20 0 3 22

0 40 93 15 -4 4 35 1

0 23 70 43 -6 2 10 27

0 26 95 97 -12 12 41 12

0 31 85 44 -19 0 4 21

0 21 77 35 -16 6 17 31

0 32 48 75 -6 27 44 12

0 25 66 60 -4 1 16 26

0 57 85 11 -18 2 23 19

0 32 66 4 -15 0 1 33

0 19 92 48 -13 16 48 26

0 56 92 99 -15 16 46 23

0 31 78 27 -19 1 7 24

0 53 64 34 -17 5 14 0

0 49 58 2 -5 7 21 29

0 9 30 52 -9 11 16 2

0 82 96 71 -10 0 1 27

0 79 85 76 -16 1 2 7

0 33 36 57 -10 9 21 18

0 78 79 40 -13 9 41 11

0 65 81 4 -16 22 25 11

0 29 49 25 -13 11 22 21

0 47 89 86 -11 3 40 46

0 57 99 95 -7 5 13 39

0 18 72 27 -20 1 2 29

0 38 76 81 -1 2 5 10

0 34 92 17 -9 36 38 13

0 15 83 70 -9 4 5 14

0 66 84 87 -14 1 4 38

0 11 42 61 -6 9 49 7

0 4 90 19 -19 0 5 8

0 38 72 52 -9 23 42 21

0 10 92 9 -20 0 7 6

0 13 97 86 -17 1 20 23

0 34 41 85 -19 2 6 36

0 66 92 33 -2 1 11 43

0 11 25 86 -10 20 21 24

0 18 60 99 -3 7 32 7

0 71 90 95 -16 14 28 28

0 29 34 95 -6 4 27 7

0 27 52 53 -15 34 44 3

0 85 94 12 -4 3 14 32

0 23 41 88 -15 23 43 42

0 15 81 10 -13 8 22 29

0 28 52 0 -7 29 36 29

0 7 80 43 -4 17 35 7

0 66 76 87 -18 8 9 1

0 24 68 42 -4 15 27 17

0 14 29 71 -7 14 16 21

0 23 33 5 -14 1 11 26

0 21 22 95 -14 2 13 37

0 84 97 20 -1 18 21 16

0 24 47 17 -12 17 27 27

0 17 48 47 -18 19 26 1

0 16 51 13 -8 25 37 41

0 22 55 74 -1 10 15 47

0 1 43 58 -7 19 24 33

0 14 16 56 -17 7 20 28

0 9 62 26 -4 1 27 15

0 38 98 84 -19 9 45 24

0 25 57 50 -7 25 30 29

0 12 51 8 -1 17 28 43

0 5 54 49 -10 0 8 26

0 62 88 55 -13 0 1 49

0 4 8 69 -20 3 5 20

0 19 28 47 -19 3 28 25

0 23 24 10 -7 15 40 27

0 20 70 45 -7 26 29 34

0 7 12 81 -8 13 34 17

0 15 17 44 -1 7 24 20

0 15 39 46 -10 0 22 37

0 10 16 66 -13 1 8 28

0 9 13 55 -4 0 2 26

0 8 61 43 -19 2 47 25

0 0 14 28 -18 39 44 46

0 10 26 80 -10 22 42 7

0 14 23 5 -8 6 13 42

0 14 25 36 -5 2 28 26

0 7 13 83 -2 17 39 0

0 11 13 10 -13 5 39 20

0 4 30 76 -15 10 18 46

0 7 17 21 -4 2 3 38

0 0 12 38 -8 12 24 2

0 5 44 27 -1 3 7 37

0 13 21 59 -12 7 8 46

0 15 38 3 -20 22 25 45

0 0 4 54 -20 23 27 39

0 0 1 62 -2 2 4 48

0 2 5 58 -1 2 42 33

0 3 5 74 -14 18 45 4

0 0 2 48 -7 7 33 13

0 5 9 26 -7 23 27 17

0 2 27 16 -8 15 22 32

0 7 11 29 -9 7 33 5

0 2 4 14 -9 9 37 28

0 0 9 73 -1 13 28 43

0 0 1 92 -12 1 40 9

0 0 2 10 -14 34 47 48


SAlphaB: 715.0, std-dev 252.49427136215797

Earliest win: 37
Latest win: 81

WinDepth:
0 0 0 0 0 0 0 0 0 0 0 0 0 0 0 0 0 0 0 0 0 0 0 0 0 0 0 0 0 0 0 0 0 0 0 0 0 3 0 5 0 6 0 12 14 21 13 42 10 81 73 263 50 96 67 256 107 194 130 178 168 247 246 350 365 393 368 378 405 394 483 404 405 369 382 378 292 242 201 150 99 81 
SAlphaB:
0 0 0 0 0 0 0 0 0 0 0 0 0 0 0 0 0 0 0 0 0 0 0 0 0 0 0 0 0 0 0 0 0 0 0 0 0 3 0 5 0 6 0 12 14 21 13 42 10 81 73 263 50 96 67 256 107 194 130 178 168 247 246 350 365 393 368 378 405 394 483 404 405 369 382 378 292 242 201 150 99 81 

LossDepth:
SAlphaB:
0 0 0 0 0 0 0 0 0 0 0 0 0 0 0 0 0 0 0 0 0 0 0 0 0 0 0 0 0 0 0 0 0 0 0 0 0 3 0 5 0 6 0 12 14 21 13 42 10 81 73 263 50 96 67 256 107 194 130 178 168 247 246 350 365 393 368 378 405 394 483 404 405 369 382 378 292 242 201 150 99 81 

FirstWin:
0 0 0 0 0 0 0 0 0 0 0 0 0 0 0 0 0 0 0 0 0 0 0 0 0 0 0 0 0 0 0 0 0 0 0 0 0 3 0 5 0 6 0 12 0 21 0 42 0 81 0 263 0 96 0 256 0 194 0 178 0 247 0 350 0 393 0 378 0 394 0 404 0 369 0 378 0 242 0 150 0 81 
SAlphaB:
0 0 0 0 0 0 0 0 0 0 0 0 0 0 0 0 0 0 0 0 0 0 0 0 0 0 0 0 0 0 0 0 0 0 0 0 0 3 0 5 0 6 0 12 0 21 0 42 0 81 0 263 0 96 0 256 0 194 0 178 0 247 0 350 0 393 0 378 0 394 0 404 0 369 0 378 0 242 0 150 0 81 

SecondWin:
0 0 0 0 0 0 0 0 0 0 0 0 0 0 0 0 0 0 0 0 0 0 0 0 0 0 0 0 0 0 0 0 0 0 0 0 0 0 0 0 0 0 0 0 14 0 13 0 10 0 73 0 50 0 67 0 107 0 130 0 168 0 246 0 365 0 368 0 405 0 483 0 405 0 382 0 292 0 201 0 99 0 
SAlphaB:
0 0 0 0 0 0 0 0 0 0 0 0 0 0 0 0 0 0 0 0 0 0 0 0 0 0 0 0 0 0 0 0 0 0 0 0 0 0 0 0 0 0 0 0 14 0 13 0 10 0 73 0 50 0 67 0 107 0 130 0 168 0 246 0 365 0 368 0 405 0 483 0 405 0 382 0 292 0 201 0 99 0 
