0 41 85 70 -11 5 17 8

0 29 67 65 -7 2 6 7

0 48 67 90 -7 4 12 18

0 42 83 21 -9 0 11 25

0 53 69 56 -11 6 18 25

0 81 95 17 -12 2 15 25

0 69 89 54 -19 2 11 37

0 20 99 17 -9 3 14 15

0 43 95 3 -6 4 5 11

0 70 92 31 -17 2 16 23

0 22 58 18 -3 0 6 3

0 80 91 39 -17 5 24 11

0 13 38 29 -3 1 4 2

0 49 96 55 -1 7 33 9

0 79 86 12 -19 1 6 26

0 25 96 35 -7 0 11 15

0 29 91 32 -4 4 15 44

0 66 85 36 -5 12 39 8

0 73 99 83 -6 14 39 34

0 34 49 78 -10 0 9 8

0 27 89 28 -11 3 7 36

0 92 95 25 -3 17 27 24

0 80 98 2 -20 4 21 20

0 49 67 80 -9 10 22 29

0 30 41 21 -2 5 10 1

0 82 84 68 -9 8 40 3

0 38 66 29 -4 9 17 12

0 51 84 50 -10 10 28 9

0 39 65 90 -9 5 11 23

0 40 79 50 -3 0 2 7

0 71 79 33 -18 7 15 18

0 39 90 36 -3 10 29 16

0 57 58 35 -7 2 26 28

0 41 44 54 -9 2 9 17

0 18 39 74 -3 3 7 5

0 68 75 82 -3 5 32 33

0 30 50 93 -19 3 5 13

0 94 99 58 -14 4 30 47

0 33 92 48 -4 3 31 20

0 32 64 74 -6 2 7 5

0 21 37 17 -6 4 10 12

0 44 86 85 -1 7 37 25

0 12 27 49 -18 2 5 16

0 23 85 75 -13 0 3 0

0 34 85 23 -6 1 20 34

0 46 59 97 -7 4 19 25

0 27 63 65 -5 5 13 22

0 21 86 70 -16 0 9 18

0 50 82 5 -7 8 23 23

0 23 74 67 -16 0 1 19

0 39 91 99 -20 4 11 43

0 27 67 0 -18 0 12 27

0 69 85 8 -13 4 19 31

0 37 48 90 -14 6 20 10

0 32 47 86 -2 23 48 3

0 43 63 8 -15 3 14 6

0 38 96 66 -8 3 4 3

0 19 67 47 -18 0 1 25

0 26 59 54 -19 2 11 9

0 40 80 74 -11 14 44 30

0 21 36 82 -12 2 8 8

0 43 70 41 -12 4 5 45

0 51 94 13 -1 9 27 43

0 61 92 87 -19 0 1 27

0 65 87 65 -19 7 13 23

0 57 65 69 -17 2 18 46

0 12 51 49 -9 1 2 8

0 42 58 49 -18 1 21 15

0 33 71 73 -13 0 26 49

0 87 98 46 -20 9 40 21

0 43 57 19 -8 7 16 32

0 24 62 71 -4 6 12 18

0 69 86 38 -4 17 21 33

0 28 48 19 -13 11 27 20

0 43 66 75 -9 1 13 4

0 35 79 81 -20 4 13 33

0 41 92 55 -10 5 9 0

0 11 17 40 -9 0 6 7

0 22 66 26 -2 0 22 0

0 26 87 73 -15 1 20 6

0 21 22 95 -20 0 2 18

0 54 67 11 -18 8 39 25

0 44 81 9 -16 18 41 31

0 13 85 74 -15 0 3 8

0 68 73 16 -1 5 11 17

0 28 70 55 -16 9 18 21

0 24 88 27 -14 5 12 27

0 81 83 50 -18 3 11 39

0 88 98 56 -16 15 22 36

0 26 66 50 -9 13 16 37

0 2 77 68 -11 15 30 26

0 58 83 81 -20 10 43 26

0 22 50 76 -19 2 5 4

0 20 72 90 -6 10 25 23

0 8 60 73 -1 9 15 1

0 22 61 55 -18 3 8 22

0 37 88 79 -18 23 39 13

0 15 57 89 -18 19 27 9

0 64 88 11 -4 25 45 17

0 21 30 79 -3 25 32 22


SAlphaB: 737.0, std-dev 257.4424091722342

Earliest win: 35
Latest win: 81

WinDepth:
0 0 0 0 0 0 0 0 0 0 0 0 0 0 0 0 0 0 0 0 0 0 0 0 0 0 0 0 0 0 0 0 0 0 0 2 1 5 10 24 4 18 16 53 40 75 56 150 47 154 182 396 107 321 220 453 326 569 335 585 452 702 641 859 759 1008 933 915 965 994 939 943 849 871 927 700 591 514 404 268 210 152 
SAlphaB:
0 0 0 0 0 0 0 0 0 0 0 0 0 0 0 0 0 0 0 0 0 0 0 0 0 0 0 0 0 0 0 0 0 0 0 2 1 5 10 24 4 18 16 53 40 75 56 150 47 154 182 396 107 321 220 453 326 569 335 585 452 702 641 859 759 1008 933 915 965 994 939 943 849 871 927 700 591 514 404 268 210 152 

LossDepth:
SAlphaB:
0 0 0 0 0 0 0 0 0 0 0 0 0 0 0 0 0 0 0 0 0 0 0 0 0 0 0 0 0 0 0 0 0 0 0 2 0 3 4 20 4 11 9 32 24 55 40 57 27 91 116 164 52 187 151 274 204 366 221 362 257 454 405 680 533 761 689 741 654 822 682 805 623 714 741 657 471 467 329 261 231 151 

FirstWin:
0 0 0 0 0 0 0 0 0 0 0 0 0 0 0 0 0 0 0 0 0 0 0 0 0 0 0 0 0 0 0 0 0 0 0 2 0 5 0 24 0 18 0 53 0 75 0 150 0 154 0 396 0 321 0 453 0 569 0 585 0 702 0 859 0 1008 0 915 0 994 0 943 0 871 0 700 0 514 0 268 0 152 
SAlphaB:
0 0 0 0 0 0 0 0 0 0 0 0 0 0 0 0 0 0 0 0 0 0 0 0 0 0 0 0 0 0 0 0 0 0 0 2 0 5 0 24 0 18 0 53 0 75 0 150 0 154 0 396 0 321 0 453 0 569 0 585 0 702 0 859 0 1008 0 915 0 994 0 943 0 871 0 700 0 514 0 268 0 152 

SecondWin:
0 0 0 0 0 0 0 0 0 0 0 0 0 0 0 0 0 0 0 0 0 0 0 0 0 0 0 0 0 0 0 0 0 0 0 0 1 0 10 0 4 0 16 0 40 0 56 0 47 0 182 0 107 0 220 0 326 0 335 0 452 0 641 0 759 0 933 0 965 0 939 0 849 0 927 0 591 0 404 0 210 0 
SAlphaB:
0 0 0 0 0 0 0 0 0 0 0 0 0 0 0 0 0 0 0 0 0 0 0 0 0 0 0 0 0 0 0 0 0 0 0 0 1 0 10 0 4 0 16 0 40 0 56 0 47 0 182 0 107 0 220 0 326 0 335 0 452 0 641 0 759 0 933 0 965 0 939 0 849 0 927 0 591 0 404 0 210 0 
