0 44 86 85 -1 7 37 25

0 68 75 82 -3 5 32 33

0 29 91 32 -4 4 15 44

0 50 82 5 -7 8 23 23

0 22 61 55 -18 3 8 22

0 27 89 28 -11 3 7 36

0 34 49 78 -10 0 9 8

0 94 99 58 -14 4 30 47

0 13 85 74 -15 0 3 8

0 79 86 12 -19 1 6 26

0 8 99 3 -15 0 3 16

0 57 73 6 -5 3 26 4

0 31 69 36 -14 12 15 30

0 46 91 88 -8 18 37 34

0 44 90 96 -13 9 29 18

0 9 67 58 -20 15 36 36

0 7 87 33 -1 17 48 31

0 75 89 33 -2 12 13 18

0 49 82 20 -3 1 9 27

0 26 96 49 -18 16 39 17

0 56 89 47 -10 2 28 33

0 29 95 11 -3 3 21 4

0 20 34 37 -2 3 4 8

0 35 53 82 -4 0 23 23

0 36 66 67 -17 0 22 37

0 67 83 62 -16 7 14 42

0 85 96 86 -17 4 8 35

0 43 67 75 -19 13 37 32

0 11 22 33 -2 6 14 0

0 19 99 47 -9 22 24 25

0 25 38 67 -5 1 4 25

0 52 78 72 -17 20 36 9

0 43 53 23 -7 11 12 0

0 50 76 73 -16 10 19 42

0 35 64 87 -5 21 25 17

0 73 92 87 -8 0 8 43

0 41 97 7 -5 7 49 27

0 30 37 99 -15 9 33 11

0 27 49 69 -11 46 47 27

0 43 44 31 -8 5 12 43

0 29 67 94 -14 7 11 35

0 33 80 36 -10 27 32 32

0 2 32 77 -12 12 30 24

0 1 72 1 -12 34 40 12

0 26 64 10 -10 1 26 29

0 4 42 25 -20 4 16 30

0 8 60 64 -4 16 30 42

0 16 82 70 -19 3 26 21

0 10 58 93 -5 14 46 9

0 9 17 81 -5 5 14 10

0 0 76 24 -8 6 22 39

0 15 30 76 -13 26 33 31

0 8 80 3 -5 35 41 18

0 11 45 95 -4 4 6 38

0 0 28 79 -17 0 1 18

0 31 72 60 -19 2 44 34

0 15 81 12 -8 1 46 25

0 59 71 28 -12 18 20 41

0 21 30 45 -17 7 13 40

0 7 93 35 -11 12 23 47

0 5 12 98 -17 3 10 11

0 45 53 12 -2 29 47 18

0 36 41 1 -5 20 23 42

0 12 32 22 -11 0 13 29

0 24 59 53 -17 25 46 27

0 26 46 49 -18 18 41 13

0 4 36 70 -12 1 2 23

0 24 26 21 -14 2 41 17

0 2 3 46 -14 3 10 16

0 20 79 22 -11 22 26 10

0 9 22 73 -19 19 40 31

0 6 17 78 -7 2 7 24

0 40 50 63 -1 0 43 47

0 0 50 2 -3 2 6 47

0 10 51 66 -7 6 46 8

0 11 43 84 -12 2 10 21

0 23 54 83 -5 18 46 6

0 0 31 34 -20 21 38 29

0 18 21 72 -18 20 23 12

0 21 53 93 -18 4 41 17

0 0 3 25 -15 38 41 12

0 12 76 67 -12 3 30 44

0 26 38 96 -11 42 47 1

0 5 18 3 -4 2 4 42

0 1 10 98 -18 34 47 30

0 19 23 5 -1 33 42 8

0 2 19 43 -15 0 46 37

0 2 73 4 -5 16 32 37

0 2 3 61 -14 11 27 36

0 10 35 79 -16 9 45 21

0 3 6 55 -2 29 49 36

0 10 25 51 -13 10 12 27

0 2 13 23 -17 1 28 4

0 7 16 50 -4 18 28 35

0 2 50 79 -4 5 41 47

0 0 1 80 -16 7 33 34

0 3 21 67 -4 5 25 29

0 9 23 53 -7 8 36 40

0 0 2 57 -1 4 22 5

0 5 14 11 -2 4 18 48


SAlphaB: 701.0, std-dev 258.04039079730967

Earliest win: 35
Latest win: 81

WinDepth:
0 0 0 0 0 0 0 0 0 0 0 0 0 0 0 0 0 0 0 0 0 0 0 0 0 0 0 0 0 0 0 0 0 0 0 2 0 7 5 1 1 7 2 5 9 29 12 31 25 56 75 122 117 116 132 182 135 184 128 192 181 235 237 359 334 386 431 402 387 399 471 412 368 358 390 367 275 222 199 137 94 78 
SAlphaB:
0 0 0 0 0 0 0 0 0 0 0 0 0 0 0 0 0 0 0 0 0 0 0 0 0 0 0 0 0 0 0 0 0 0 0 2 0 7 5 1 1 7 2 5 9 29 12 31 25 56 75 122 117 116 132 182 135 184 128 192 181 235 237 359 334 386 431 402 387 399 471 412 368 358 390 367 275 222 199 137 94 78 

LossDepth:
SAlphaB:
0 0 0 0 0 0 0 0 0 0 0 0 0 0 0 0 0 0 0 0 0 0 0 0 0 0 0 0 0 0 0 0 0 0 0 2 0 7 5 1 1 7 2 5 9 29 12 31 25 56 75 122 117 116 132 182 135 184 128 192 181 235 237 359 334 386 431 402 387 399 471 412 368 358 390 367 275 222 199 137 94 78 

FirstWin:
0 0 0 0 0 0 0 0 0 0 0 0 0 0 0 0 0 0 0 0 0 0 0 0 0 0 0 0 0 0 0 0 0 0 0 2 0 7 0 1 0 7 0 5 0 29 0 31 0 56 0 122 0 116 0 182 0 184 0 192 0 235 0 359 0 386 0 402 0 399 0 412 0 358 0 367 0 222 0 137 0 78 
SAlphaB:
0 0 0 0 0 0 0 0 0 0 0 0 0 0 0 0 0 0 0 0 0 0 0 0 0 0 0 0 0 0 0 0 0 0 0 2 0 7 0 1 0 7 0 5 0 29 0 31 0 56 0 122 0 116 0 182 0 184 0 192 0 235 0 359 0 386 0 402 0 399 0 412 0 358 0 367 0 222 0 137 0 78 

SecondWin:
0 0 0 0 0 0 0 0 0 0 0 0 0 0 0 0 0 0 0 0 0 0 0 0 0 0 0 0 0 0 0 0 0 0 0 0 0 0 5 0 1 0 2 0 9 0 12 0 25 0 75 0 117 0 132 0 135 0 128 0 181 0 237 0 334 0 431 0 387 0 471 0 368 0 390 0 275 0 199 0 94 0 
SAlphaB:
0 0 0 0 0 0 0 0 0 0 0 0 0 0 0 0 0 0 0 0 0 0 0 0 0 0 0 0 0 0 0 0 0 0 0 0 0 0 5 0 1 0 2 0 9 0 12 0 25 0 75 0 117 0 132 0 135 0 128 0 181 0 237 0 334 0 431 0 387 0 471 0 368 0 390 0 275 0 199 0 94 0 
