0 40 80 74 -11 14 44 30

0 33 92 48 -4 3 31 20

0 41 92 55 -10 5 9 0

0 82 84 68 -9 8 40 3

0 57 58 35 -7 2 26 28

0 81 83 50 -18 3 11 39

0 44 81 9 -16 18 41 31

0 39 91 99 -20 4 11 43

0 43 63 8 -15 3 14 6

0 88 98 56 -16 15 22 36

0 13 99 52 -6 7 15 17

0 12 87 38 -20 2 4 22

0 39 87 96 -8 3 5 2

0 4 67 59 -10 33 36 19

0 20 62 96 -15 45 47 19

0 5 28 30 -1 2 3 14

0 4 12 72 -1 7 11 2

0 49 78 79 -15 13 33 25

0 19 30 83 -18 12 15 8

0 42 61 37 -9 16 27 14

0 23 88 85 -12 22 29 20

0 22 37 87 -4 4 11 31

0 34 76 7 -7 12 22 34

0 51 73 15 -11 2 31 27

0 34 91 24 -13 11 45 26

0 1 45 28 -20 0 6 10

0 20 62 84 -16 34 41 28

0 48 57 68 -18 15 37 44

0 37 76 85 -10 9 43 44

0 18 45 78 -6 0 9 23

0 52 69 29 -9 0 2 38

0 11 29 42 -4 2 11 1

0 72 79 78 -11 39 43 44

0 22 44 44 -3 0 7 27

0 17 59 82 -16 14 33 32

0 64 72 39 -2 23 39 28

0 12 56 64 -15 34 41 1

0 38 60 82 -9 27 29 19

0 40 83 90 -7 18 47 8

0 90 92 53 -1 40 43 14

0 69 97 69 -11 33 37 13

0 9 90 20 -13 2 15 42

0 7 36 33 -19 0 4 25

0 39 56 0 -14 17 27 42

0 57 75 15 -17 11 47 41

0 11 28 15 -3 10 11 14

0 9 27 63 -8 15 26 16

0 14 25 84 -13 45 47 7

0 48 79 54 -14 28 29 39

0 20 56 17 -15 17 38 15

0 77 78 12 -14 31 45 42

0 22 26 75 -10 3 22 26

0 2 7 27 -18 1 2 17

0 3 88 55 -7 3 26 11

0 67 77 62 -16 12 16 38

0 27 48 69 -8 30 35 40

0 27 63 88 -4 8 34 47

0 8 63 32 -20 8 16 1

0 45 69 93 -5 6 12 49

0 29 74 59 -5 2 34 47

0 75 84 93 -8 0 1 25

0 6 18 87 -10 26 27 1

0 25 28 34 -12 9 19 41

0 84 89 20 -8 0 1 11

0 46 67 59 -3 25 48 6

0 6 25 69 -19 13 17 24

0 22 39 52 -4 6 29 44

0 18 59 65 -13 9 11 1

0 2 11 90 -3 18 21 41

0 71 92 76 -19 26 49 37

0 25 75 99 -9 9 13 16

0 28 59 11 -14 18 43 15

0 3 12 66 -10 10 24 18

0 19 26 71 -15 13 42 46

0 9 46 80 -6 5 10 43

0 23 30 80 -10 12 47 12

0 47 48 35 -13 4 40 8

0 26 53 60 -16 18 29 33

0 30 51 49 -12 30 33 2

0 8 15 37 -5 4 11 6

0 26 63 53 -12 26 47 15

0 12 26 92 -11 4 39 41

0 0 11 87 -8 10 35 45

0 24 65 57 -18 23 28 35

0 25 28 28 -17 23 48 30

0 2 4 1 -19 8 27 6

0 0 80 54 -3 4 7 39

0 39 41 7 -10 9 42 26

0 32 33 27 -9 29 33 35

0 6 12 46 -3 5 37 3

0 2 24 16 -10 7 33 36

0 1 5 96 -17 2 28 21

0 8 10 74 -11 21 27 40

0 57 58 51 -5 22 32 26

0 4 6 16 -20 7 8 41

0 7 9 73 -7 8 33 13

0 1 17 26 -17 0 39 36

0 0 3 51 -17 4 42 43

0 0 3 35 -7 7 48 36

0 2 8 25 -1 39 47 4


SAlphaB: 694.0, std-dev 263.56774396076173

Earliest win: 37
Latest win: 81

WinDepth:
0 0 0 0 0 0 0 0 0 0 0 0 0 0 0 0 0 0 0 0 0 0 0 0 0 0 0 0 0 0 0 0 0 0 0 0 0 9 2 7 0 8 1 17 18 22 12 35 28 87 161 213 85 99 96 170 146 222 113 180 198 231 281 417 318 342 347 363 461 402 413 402 409 338 365 367 236 260 203 113 88 69 
SAlphaB:
0 0 0 0 0 0 0 0 0 0 0 0 0 0 0 0 0 0 0 0 0 0 0 0 0 0 0 0 0 0 0 0 0 0 0 0 0 9 2 7 0 8 1 17 18 22 12 35 28 87 161 213 85 99 96 170 146 222 113 180 198 231 281 417 318 342 347 363 461 402 413 402 409 338 365 367 236 260 203 113 88 69 

LossDepth:
SAlphaB:
0 0 0 0 0 0 0 0 0 0 0 0 0 0 0 0 0 0 0 0 0 0 0 0 0 0 0 0 0 0 0 0 0 0 0 0 0 9 2 7 0 8 1 17 18 22 12 35 28 87 161 213 85 99 96 170 146 222 113 180 198 231 281 417 318 342 347 363 461 402 413 402 409 338 365 367 236 260 203 113 88 69 

FirstWin:
0 0 0 0 0 0 0 0 0 0 0 0 0 0 0 0 0 0 0 0 0 0 0 0 0 0 0 0 0 0 0 0 0 0 0 0 0 9 0 7 0 8 0 17 0 22 0 35 0 87 0 213 0 99 0 170 0 222 0 180 0 231 0 417 0 342 0 363 0 402 0 402 0 338 0 367 0 260 0 113 0 69 
SAlphaB:
0 0 0 0 0 0 0 0 0 0 0 0 0 0 0 0 0 0 0 0 0 0 0 0 0 0 0 0 0 0 0 0 0 0 0 0 0 9 0 7 0 8 0 17 0 22 0 35 0 87 0 213 0 99 0 170 0 222 0 180 0 231 0 417 0 342 0 363 0 402 0 402 0 338 0 367 0 260 0 113 0 69 

SecondWin:
0 0 0 0 0 0 0 0 0 0 0 0 0 0 0 0 0 0 0 0 0 0 0 0 0 0 0 0 0 0 0 0 0 0 0 0 0 0 2 0 0 0 1 0 18 0 12 0 28 0 161 0 85 0 96 0 146 0 113 0 198 0 281 0 318 0 347 0 461 0 413 0 409 0 365 0 236 0 203 0 88 0 
SAlphaB:
0 0 0 0 0 0 0 0 0 0 0 0 0 0 0 0 0 0 0 0 0 0 0 0 0 0 0 0 0 0 0 0 0 0 0 0 0 0 2 0 0 0 1 0 18 0 12 0 28 0 161 0 85 0 96 0 146 0 113 0 198 0 281 0 318 0 347 0 461 0 413 0 409 0 365 0 236 0 203 0 88 0 
