0 20 99 17 -9 3 14 15

0 22 50 76 -19 2 5 4

0 42 58 49 -18 1 21 15

0 11 17 40 -9 0 6 7

0 43 66 75 -9 1 13 4

0 15 57 89 -18 19 27 9

0 43 95 3 -6 4 5 11

0 12 27 49 -18 2 5 16

0 22 66 26 -2 0 22 0

0 41 44 54 -9 2 9 17

0 0 81 21 -12 4 12 14

0 81 93 91 -10 3 34 34

0 10 49 32 -4 3 11 4

0 67 94 37 -17 0 16 21

0 16 45 53 -10 0 1 35

0 84 92 99 -18 7 11 17

0 35 43 18 -16 1 5 24

0 45 58 81 -11 8 45 42

0 7 84 86 -19 14 37 19

0 52 87 67 -20 10 45 38

0 32 48 55 -13 2 8 39

0 9 16 52 -19 1 3 20

0 45 60 72 -6 5 19 30

0 69 96 67 -6 15 48 47

0 54 80 86 -6 17 42 32

0 18 54 99 -9 2 3 20

0 22 36 52 -14 28 38 14

0 76 79 78 -10 4 6 32

0 36 49 65 -9 0 5 34

0 23 44 19 -12 5 14 22

0 49 64 96 -11 36 44 11

0 33 65 14 -4 27 49 19

0 59 63 64 -13 3 6 22

0 26 50 77 -2 14 40 23

0 80 92 21 -16 8 19 22

0 92 96 25 -12 9 25 3

0 7 20 66 -5 18 29 18

0 14 48 97 -13 11 22 30

0 60 98 27 -7 23 39 45

0 6 22 96 -18 7 13 12

0 32 41 80 -15 3 5 36

0 45 64 87 -3 6 14 39

0 43 64 40 -11 0 1 25

0 31 32 21 -1 44 47 20

0 15 75 10 -17 3 5 13

0 39 95 93 -1 17 19 21

0 37 41 22 -12 9 37 18

0 15 41 37 -14 15 48 21

0 75 77 24 -15 2 4 38

0 25 26 86 -18 2 5 36

0 14 87 62 -18 7 48 37

0 32 39 64 -19 3 30 14

0 32 48 16 -9 4 7 43

0 43 85 98 -6 28 32 3

0 87 88 14 -5 23 31 37

0 72 98 84 -4 40 48 33

0 26 75 48 -3 37 41 3

0 9 38 31 -16 10 42 22

0 37 53 73 -20 7 8 16

0 16 47 65 -16 7 19 4

0 11 37 26 -6 10 17 15

0 10 24 16 -11 32 47 31

0 81 98 88 -1 8 16 48

0 59 85 31 -16 28 45 14

0 3 67 53 -1 39 47 49

0 82 84 19 -8 31 32 24

0 21 64 22 -12 25 31 35

0 19 31 28 -3 7 27 43

0 8 11 95 -10 0 2 34

0 1 7 78 -12 3 5 13

0 29 37 72 -6 25 30 36

0 23 31 82 -6 2 49 11

0 3 56 72 -14 34 37 29

0 7 33 68 -7 2 17 38

0 5 23 78 -6 0 36 6

0 5 35 72 -11 23 41 18

0 30 32 49 -13 5 43 38

0 15 20 43 -6 13 28 27

0 37 40 67 -16 7 49 0

0 0 1 35 -6 28 37 32

0 20 23 52 -19 3 49 27

0 12 14 62 -1 23 43 7

0 7 8 9 -7 2 30 43

0 3 4 63 -5 9 45 14

0 1 31 5 -3 21 38 47

0 15 22 80 -19 5 44 27

0 4 8 42 -14 15 45 20

0 8 17 75 -1 26 40 39

0 5 16 93 -19 21 33 33

0 2 9 48 -20 15 35 41

0 0 5 36 -14 37 40 7

0 6 10 93 -10 27 37 43

0 13 35 31 -18 2 10 37

0 9 14 77 -7 5 41 22

0 0 4 16 -3 1 2 24

0 6 11 35 -2 8 37 12

0 6 7 6 -13 20 39 31

0 2 15 45 -19 0 16 20

0 2 7 24 -9 7 11 42

0 2 16 82 -3 1 5 15


SAlphaB: 709.0, std-dev 270.98330980324084

Earliest win: 37
Latest win: 81

WinDepth:
0 0 0 0 0 0 0 0 0 0 0 0 0 0 0 0 0 0 0 0 0 0 0 0 0 0 0 0 0 0 0 0 0 0 0 0 0 1 0 9 19 8 3 19 6 30 17 41 18 38 38 163 51 87 75 163 113 154 124 170 188 202 252 333 267 413 387 369 428 450 479 470 428 407 436 399 285 280 191 143 101 80 
SAlphaB:
0 0 0 0 0 0 0 0 0 0 0 0 0 0 0 0 0 0 0 0 0 0 0 0 0 0 0 0 0 0 0 0 0 0 0 0 0 1 0 9 19 8 3 19 6 30 17 41 18 38 38 163 51 87 75 163 113 154 124 170 188 202 252 333 267 413 387 369 428 450 479 470 428 407 436 399 285 280 191 143 101 80 

LossDepth:
SAlphaB:
0 0 0 0 0 0 0 0 0 0 0 0 0 0 0 0 0 0 0 0 0 0 0 0 0 0 0 0 0 0 0 0 0 0 0 0 0 1 0 9 19 8 3 19 6 30 17 41 18 38 38 163 51 87 75 163 113 154 124 170 188 202 252 333 267 413 387 369 428 450 479 470 428 407 436 399 285 280 191 143 101 80 

FirstWin:
0 0 0 0 0 0 0 0 0 0 0 0 0 0 0 0 0 0 0 0 0 0 0 0 0 0 0 0 0 0 0 0 0 0 0 0 0 1 0 9 0 8 0 19 0 30 0 41 0 38 0 163 0 87 0 163 0 154 0 170 0 202 0 333 0 413 0 369 0 450 0 470 0 407 0 399 0 280 0 143 0 80 
SAlphaB:
0 0 0 0 0 0 0 0 0 0 0 0 0 0 0 0 0 0 0 0 0 0 0 0 0 0 0 0 0 0 0 0 0 0 0 0 0 1 0 9 0 8 0 19 0 30 0 41 0 38 0 163 0 87 0 163 0 154 0 170 0 202 0 333 0 413 0 369 0 450 0 470 0 407 0 399 0 280 0 143 0 80 

SecondWin:
0 0 0 0 0 0 0 0 0 0 0 0 0 0 0 0 0 0 0 0 0 0 0 0 0 0 0 0 0 0 0 0 0 0 0 0 0 0 0 0 19 0 3 0 6 0 17 0 18 0 38 0 51 0 75 0 113 0 124 0 188 0 252 0 267 0 387 0 428 0 479 0 428 0 436 0 285 0 191 0 101 0 
SAlphaB:
0 0 0 0 0 0 0 0 0 0 0 0 0 0 0 0 0 0 0 0 0 0 0 0 0 0 0 0 0 0 0 0 0 0 0 0 0 0 0 0 19 0 3 0 6 0 17 0 18 0 38 0 51 0 75 0 113 0 124 0 188 0 252 0 267 0 387 0 428 0 479 0 428 0 436 0 285 0 191 0 101 0 
