0 35 79 81 -20 4 13 33

0 30 41 21 -2 5 10 1

0 87 98 46 -20 9 40 21

0 34 85 23 -6 1 20 34

0 54 67 11 -18 8 39 25

0 21 30 79 -3 25 32 22

0 49 67 80 -9 10 22 29

0 32 47 86 -2 23 48 3

0 64 88 11 -4 25 45 17

0 43 57 19 -8 7 16 32

0 37 58 90 -5 5 24 32

0 60 70 11 -11 1 20 23

0 42 76 74 -5 8 47 43

0 23 73 87 -16 1 10 17

0 86 95 95 -7 6 25 10

0 33 35 37 -5 5 10 7

0 71 79 77 -8 0 2 2

0 16 91 16 -5 2 23 31

0 1 75 43 -19 15 36 5

0 55 82 24 -2 7 20 36

0 43 62 16 -2 11 17 32

0 77 82 93 -6 2 15 19

0 53 78 90 -18 5 9 10

0 11 90 76 -12 1 5 3

0 74 87 30 -10 16 20 27

0 0 74 32 -14 1 16 22

0 37 47 55 -14 0 3 28

0 15 49 92 -11 1 11 0

0 24 25 53 -13 12 15 12

0 24 25 32 -11 2 5 29

0 58 73 49 -18 17 34 14

0 18 47 61 -14 1 38 10

0 49 99 76 -3 19 34 20

0 2 8 55 -10 0 1 7

0 14 42 35 -4 12 33 6

0 13 58 75 -1 5 12 15

0 6 83 85 -16 10 12 9

0 7 66 70 -6 1 12 13

0 39 92 55 -6 1 9 39

0 19 20 81 -8 9 18 27

0 49 90 44 -3 8 23 49

0 48 55 38 -13 8 22 39

0 5 66 59 -10 7 8 16

0 33 61 85 -5 2 39 41

0 18 29 28 -19 13 22 4

0 3 4 54 -17 0 1 16

0 22 97 8 -9 13 28 49

0 69 73 41 -3 25 36 2

0 16 19 89 -3 2 4 18

0 10 42 26 -3 0 20 6

0 8 17 0 -19 1 12 21

0 35 43 5 -1 2 3 31

0 29 44 76 -16 13 31 10

0 54 74 56 -7 34 46 30

0 41 82 2 -20 12 49 24

0 17 46 91 -4 1 5 24

0 14 45 30 -10 2 13 0

0 9 93 22 -7 1 30 9

0 8 89 27 -14 30 36 48

0 26 64 42 -16 31 49 10

0 14 77 45 -6 12 36 16

0 0 2 97 -18 21 24 32

0 3 22 5 -17 9 11 4

0 46 82 19 -3 33 38 8

0 26 66 22 -11 38 43 38

0 22 44 43 -10 6 10 12

0 5 68 7 -15 14 28 45

0 3 27 17 -5 9 21 15

0 40 45 37 -15 14 29 14

0 9 32 72 -7 20 32 5

0 16 65 12 -20 11 32 35

0 29 73 79 -15 34 40 44

0 8 9 66 -15 3 7 48

0 3 13 36 -5 24 31 24

0 41 51 41 -14 10 29 11

0 7 27 55 -10 12 21 10

0 13 17 80 -8 4 8 23

0 29 73 29 -13 19 41 37

0 3 37 49 -18 31 49 32

0 4 10 85 -11 37 49 44

0 14 21 99 -14 18 40 19

0 8 11 13 -2 1 2 24

0 2 37 62 -13 32 37 25

0 12 21 24 -1 4 46 9

0 20 41 91 -11 10 42 25

0 0 16 26 -11 2 23 6

0 0 76 67 -15 1 4 2

0 4 37 72 -19 0 23 18

0 0 2 13 -15 20 22 20

0 0 5 76 -19 26 34 15

0 10 37 50 -11 33 47 14

0 1 9 33 -4 24 30 13

0 73 77 20 -5 0 7 49

0 2 14 28 -15 37 41 28

0 1 2 40 -12 1 16 17

0 4 10 25 -18 17 22 42

0 0 19 19 -12 10 32 42

0 3 7 57 -1 1 16 38

0 4 7 57 -16 2 13 45

0 8 12 2 -16 8 11 32


SAlphaB: 702.0, std-dev 254.5799704682919

Earliest win: 36
Latest win: 81

WinDepth:
0 0 0 0 0 0 0 0 0 0 0 0 0 0 0 0 0 0 0 0 0 0 0 0 0 0 0 0 0 0 0 0 0 0 0 0 2 3 1 3 3 7 2 9 5 21 11 20 18 63 54 110 63 85 69 143 119 190 130 224 169 298 225 357 280 327 382 417 465 390 459 504 429 443 449 364 273 258 212 127 117 79 
SAlphaB:
0 0 0 0 0 0 0 0 0 0 0 0 0 0 0 0 0 0 0 0 0 0 0 0 0 0 0 0 0 0 0 0 0 0 0 0 2 3 1 3 3 7 2 9 5 21 11 20 18 63 54 110 63 85 69 143 119 190 130 224 169 298 225 357 280 327 382 417 465 390 459 504 429 443 449 364 273 258 212 127 117 79 

LossDepth:
SAlphaB:
0 0 0 0 0 0 0 0 0 0 0 0 0 0 0 0 0 0 0 0 0 0 0 0 0 0 0 0 0 0 0 0 0 0 0 0 2 3 1 3 3 7 2 9 5 21 11 20 18 63 54 110 63 85 69 143 119 190 130 224 169 298 225 357 280 327 382 417 465 390 459 504 429 443 449 364 273 258 212 127 117 79 

FirstWin:
0 0 0 0 0 0 0 0 0 0 0 0 0 0 0 0 0 0 0 0 0 0 0 0 0 0 0 0 0 0 0 0 0 0 0 0 0 3 0 3 0 7 0 9 0 21 0 20 0 63 0 110 0 85 0 143 0 190 0 224 0 298 0 357 0 327 0 417 0 390 0 504 0 443 0 364 0 258 0 127 0 79 
SAlphaB:
0 0 0 0 0 0 0 0 0 0 0 0 0 0 0 0 0 0 0 0 0 0 0 0 0 0 0 0 0 0 0 0 0 0 0 0 0 3 0 3 0 7 0 9 0 21 0 20 0 63 0 110 0 85 0 143 0 190 0 224 0 298 0 357 0 327 0 417 0 390 0 504 0 443 0 364 0 258 0 127 0 79 

SecondWin:
0 0 0 0 0 0 0 0 0 0 0 0 0 0 0 0 0 0 0 0 0 0 0 0 0 0 0 0 0 0 0 0 0 0 0 0 2 0 1 0 3 0 2 0 5 0 11 0 18 0 54 0 63 0 69 0 119 0 130 0 169 0 225 0 280 0 382 0 465 0 459 0 429 0 449 0 273 0 212 0 117 0 
SAlphaB:
0 0 0 0 0 0 0 0 0 0 0 0 0 0 0 0 0 0 0 0 0 0 0 0 0 0 0 0 0 0 0 0 0 0 0 0 2 0 1 0 3 0 2 0 5 0 11 0 18 0 54 0 63 0 69 0 119 0 130 0 169 0 225 0 280 0 382 0 465 0 459 0 429 0 449 0 273 0 212 0 117 0 
