0 61 92 87 -19 0 1 27

0 13 38 29 -3 1 4 2

0 80 91 39 -17 5 24 11

0 37 48 90 -14 6 20 10

0 40 79 50 -3 0 2 7

0 26 87 73 -15 1 20 6

0 69 89 54 -19 2 11 37

0 39 90 36 -3 10 29 16

0 23 74 67 -16 0 1 19

0 66 85 36 -5 12 39 8

0 49 56 75 -16 1 3 9

0 75 82 81 -8 7 13 1

0 75 92 43 -2 15 39 15

0 48 56 41 -9 3 17 27

0 2 50 83 -10 11 21 0

0 63 83 45 -19 7 42 26

0 14 87 78 -13 20 25 18

0 60 63 60 -9 3 4 3

0 1 63 73 -16 10 21 19

0 27 43 34 -17 2 5 40

0 11 33 94 -7 16 19 24

0 52 69 29 -12 4 11 17

0 23 35 38 -7 0 2 0

0 69 96 67 -17 1 7 31

0 51 92 52 -16 0 1 0

0 35 57 37 -18 1 14 41

0 1 80 14 -10 5 8 4

0 38 63 24 -5 5 34 23

0 34 91 25 -20 3 27 21

0 0 75 69 -19 6 18 18

0 6 58 34 -19 5 10 26

0 84 95 41 -11 9 10 33

0 30 98 92 -5 12 23 35

0 62 70 94 -18 11 20 21

0 7 69 51 -3 32 39 27

0 8 80 93 -17 0 32 1

0 20 91 3 -3 18 45 25

0 51 56 84 -8 16 43 16

0 2 98 52 -17 3 14 4

0 10 24 51 -15 5 8 5

0 8 33 86 -8 30 35 49

0 39 71 21 -3 19 41 8

0 5 56 32 -15 5 12 37

0 17 42 10 -19 9 11 13

0 52 55 54 -4 12 17 30

0 30 37 65 -17 18 31 22

0 8 17 79 -3 24 44 3

0 51 83 96 -1 21 25 31

0 67 78 32 -7 0 15 40

0 17 39 68 -3 12 47 2

0 14 58 71 -18 1 7 47

0 14 47 97 -18 4 5 38

0 23 50 20 -5 33 43 15

0 10 26 68 -20 13 22 6

0 12 13 34 -19 7 26 28

0 68 70 92 -19 21 30 30

0 21 23 88 -18 6 39 11

0 34 42 8 -16 15 28 15

0 20 37 4 -14 23 24 38

0 55 74 53 -1 20 48 35

0 21 40 29 -5 17 39 33

0 23 79 46 -19 16 20 36

0 7 18 61 -5 13 37 43

0 46 57 75 -8 26 29 4

0 13 15 75 -1 20 21 29

0 6 18 73 -20 9 31 43

0 3 23 48 -9 5 27 16

0 5 35 58 -7 1 21 14

0 2 12 97 -15 10 37 37

0 19 25 74 -2 22 36 33

0 8 49 69 -17 31 47 0

0 20 38 75 -5 1 38 44

0 6 11 71 -20 4 11 8

0 46 50 84 -14 15 26 2

0 0 1 83 -17 10 16 33

0 0 3 20 -11 1 9 7

0 6 9 90 -13 25 26 3

0 34 35 59 -2 25 26 18

0 48 49 68 -12 27 39 41

0 1 21 87 -9 0 7 48

0 0 1 20 -1 23 29 15

0 46 53 55 -4 31 37 6

0 3 17 2 -5 10 47 3

0 18 28 1 -18 10 31 13

0 0 39 23 -5 15 44 43

0 0 6 0 -20 7 29 25

0 1 6 1 -5 6 10 16

0 0 5 25 -5 0 18 13

0 5 11 47 -7 4 12 34

0 0 1 77 -16 43 45 20

0 4 8 52 -1 4 8 48

0 3 4 89 -16 21 30 8

0 2 5 20 -20 17 26 26

0 9 12 4 -19 2 7 47

0 5 10 39 -12 15 26 45

0 2 13 45 -14 2 7 49

0 20 28 2 -2 17 39 41

0 5 6 96 -13 6 39 36

0 1 3 60 -15 5 23 36

0 7 9 87 -8 2 16 48


SAlphaB: 713.0, std-dev 266.9792636558544

Earliest win: 37
Latest win: 81

WinDepth:
0 0 0 0 0 0 0 0 0 0 0 0 0 0 0 0 0 0 0 0 0 0 0 0 0 0 0 0 0 0 0 0 0 0 0 0 0 1 2 4 1 3 2 6 6 14 11 46 30 90 80 181 56 128 84 167 134 174 156 212 160 224 219 354 316 398 378 377 434 434 428 410 440 426 388 408 299 226 191 142 105 57 
SAlphaB:
0 0 0 0 0 0 0 0 0 0 0 0 0 0 0 0 0 0 0 0 0 0 0 0 0 0 0 0 0 0 0 0 0 0 0 0 0 1 2 4 1 3 2 6 6 14 11 46 30 90 80 181 56 128 84 167 134 174 156 212 160 224 219 354 316 398 378 377 434 434 428 410 440 426 388 408 299 226 191 142 105 57 

LossDepth:
SAlphaB:
0 0 0 0 0 0 0 0 0 0 0 0 0 0 0 0 0 0 0 0 0 0 0 0 0 0 0 0 0 0 0 0 0 0 0 0 0 1 2 4 1 3 2 6 6 14 11 46 30 90 80 181 56 128 84 167 134 174 156 212 160 224 219 354 316 398 378 377 434 434 428 410 440 426 388 408 299 226 191 142 105 57 

FirstWin:
0 0 0 0 0 0 0 0 0 0 0 0 0 0 0 0 0 0 0 0 0 0 0 0 0 0 0 0 0 0 0 0 0 0 0 0 0 1 0 4 0 3 0 6 0 14 0 46 0 90 0 181 0 128 0 167 0 174 0 212 0 224 0 354 0 398 0 377 0 434 0 410 0 426 0 408 0 226 0 142 0 57 
SAlphaB:
0 0 0 0 0 0 0 0 0 0 0 0 0 0 0 0 0 0 0 0 0 0 0 0 0 0 0 0 0 0 0 0 0 0 0 0 0 1 0 4 0 3 0 6 0 14 0 46 0 90 0 181 0 128 0 167 0 174 0 212 0 224 0 354 0 398 0 377 0 434 0 410 0 426 0 408 0 226 0 142 0 57 

SecondWin:
0 0 0 0 0 0 0 0 0 0 0 0 0 0 0 0 0 0 0 0 0 0 0 0 0 0 0 0 0 0 0 0 0 0 0 0 0 0 2 0 1 0 2 0 6 0 11 0 30 0 80 0 56 0 84 0 134 0 156 0 160 0 219 0 316 0 378 0 434 0 428 0 440 0 388 0 299 0 191 0 105 0 
SAlphaB:
0 0 0 0 0 0 0 0 0 0 0 0 0 0 0 0 0 0 0 0 0 0 0 0 0 0 0 0 0 0 0 0 0 0 0 0 0 0 2 0 1 0 2 0 6 0 11 0 30 0 80 0 56 0 84 0 134 0 156 0 160 0 219 0 316 0 378 0 434 0 428 0 440 0 388 0 299 0 191 0 105 0 
