0 73 99 83 -6 14 39 34

0 27 63 65 -5 5 13 22

0 30 50 93 -19 3 5 13

0 21 37 17 -6 4 10 12

0 32 64 74 -6 2 7 5

0 28 70 55 -16 9 18 21

0 26 66 50 -9 13 16 37

0 70 92 31 -17 2 16 23

0 43 70 41 -12 4 5 45

0 92 95 25 -3 17 27 24

0 43 53 60 -7 6 13 40

0 22 85 42 -10 0 2 38

0 71 77 38 -3 20 35 15

0 33 51 52 -11 8 21 13

0 43 87 95 -16 4 8 44

0 51 54 7 -19 2 24 25

0 10 72 69 -8 17 27 14

0 46 68 74 -14 10 13 25

0 25 54 84 -5 7 25 15

0 45 46 29 -14 6 26 30

0 14 39 26 -10 9 24 18

0 36 42 30 -12 3 16 1

0 49 94 12 -5 7 11 38

0 43 68 33 -18 8 37 10

0 43 62 71 -15 2 14 39

0 32 70 51 -12 12 41 37

0 59 87 75 -7 23 47 46

0 73 88 80 -5 18 30 43

0 2 88 98 -18 0 4 28

0 56 69 28 -11 2 5 23

0 0 92 72 -16 12 21 34

0 25 71 54 -3 15 26 0

0 79 82 75 -5 10 12 26

0 26 72 37 -13 9 33 34

0 15 30 25 -5 22 46 7

0 38 88 73 -18 34 46 35

0 19 46 68 -16 1 34 10

0 10 25 41 -10 19 25 22

0 37 69 54 -7 0 1 38

0 22 83 52 -14 26 34 18

0 29 72 18 -1 1 2 28

0 39 57 20 -5 6 13 46

0 18 23 68 -9 14 21 15

0 28 79 96 -9 18 20 16

0 24 47 49 -3 14 37 5

0 33 49 53 -3 7 31 35

0 15 70 99 -9 9 16 12

0 93 95 3 -20 2 4 25

0 23 38 45 -2 4 26 7

0 53 56 68 -3 0 2 39

0 9 58 0 -2 28 41 12

0 35 79 81 -19 14 15 28

0 13 21 63 -4 26 40 19

0 5 90 31 -7 0 28 37

0 30 81 8 -14 27 35 25

0 23 29 46 -19 8 10 31

0 24 72 73 -1 9 40 2

0 17 21 91 -6 9 14 4

0 6 23 40 -12 3 26 11

0 46 81 30 -18 29 31 25

0 50 73 77 -9 15 27 40

0 10 44 48 -18 15 32 4

0 3 55 87 -1 5 15 32

0 13 18 79 -16 0 12 21

0 3 34 93 -11 0 2 13

0 1 27 78 -20 0 1 10

0 18 82 58 -16 8 39 28

0 4 7 85 -8 26 29 43

0 7 13 93 -20 0 8 38

0 7 24 15 -2 2 3 37

0 13 63 71 -8 1 25 26

0 24 25 18 -19 0 33 3

0 21 94 39 -7 15 18 1

0 4 22 66 -4 0 46 22

0 1 33 30 -3 15 40 31

0 6 49 43 -4 12 37 41

0 12 20 32 -6 2 36 1

0 0 3 62 -4 15 33 46

0 8 26 7 -7 21 48 17

0 26 36 26 -15 22 32 31

0 3 6 28 -6 15 19 7

0 31 45 25 -4 31 38 38

0 2 4 21 -9 2 28 7

0 8 27 93 -18 28 42 43

0 14 70 25 -18 14 15 29

0 2 3 64 -20 43 47 21

0 4 7 71 -13 22 40 0

0 21 49 11 -17 36 48 8

0 8 36 92 -19 15 38 6

0 13 40 40 -15 6 48 45

0 4 23 51 -6 1 42 36

0 2 9 76 -2 12 21 18

0 23 52 81 -9 15 22 36

0 1 16 11 -16 1 3 34

0 2 3 15 -2 11 17 1

0 4 11 98 -3 40 42 34

0 0 1 15 -15 6 10 18

0 6 11 54 -5 11 18 44

0 4 18 85 -19 10 43 8

0 0 5 29 -8 1 39 33


SAlphaB: 697.0, std-dev 255.78250042810302

Earliest win: 35
Latest win: 81

WinDepth:
0 0 0 0 0 0 0 0 0 0 0 0 0 0 0 0 0 0 0 0 0 0 0 0 0 0 0 0 0 0 0 0 0 0 0 2 0 4 0 7 0 24 0 13 10 28 12 36 17 64 65 155 59 108 70 198 94 184 159 180 166 279 229 294 342 335 387 386 427 420 462 477 420 420 453 377 282 258 224 160 103 63 
SAlphaB:
0 0 0 0 0 0 0 0 0 0 0 0 0 0 0 0 0 0 0 0 0 0 0 0 0 0 0 0 0 0 0 0 0 0 0 2 0 4 0 7 0 24 0 13 10 28 12 36 17 64 65 155 59 108 70 198 94 184 159 180 166 279 229 294 342 335 387 386 427 420 462 477 420 420 453 377 282 258 224 160 103 63 

LossDepth:
SAlphaB:
0 0 0 0 0 0 0 0 0 0 0 0 0 0 0 0 0 0 0 0 0 0 0 0 0 0 0 0 0 0 0 0 0 0 0 2 0 4 0 7 0 24 0 13 10 28 12 36 17 64 65 155 59 108 70 198 94 184 159 180 166 279 229 294 342 335 387 386 427 420 462 477 420 420 453 377 282 258 224 160 103 63 

FirstWin:
0 0 0 0 0 0 0 0 0 0 0 0 0 0 0 0 0 0 0 0 0 0 0 0 0 0 0 0 0 0 0 0 0 0 0 2 0 4 0 7 0 24 0 13 0 28 0 36 0 64 0 155 0 108 0 198 0 184 0 180 0 279 0 294 0 335 0 386 0 420 0 477 0 420 0 377 0 258 0 160 0 63 
SAlphaB:
0 0 0 0 0 0 0 0 0 0 0 0 0 0 0 0 0 0 0 0 0 0 0 0 0 0 0 0 0 0 0 0 0 0 0 2 0 4 0 7 0 24 0 13 0 28 0 36 0 64 0 155 0 108 0 198 0 184 0 180 0 279 0 294 0 335 0 386 0 420 0 477 0 420 0 377 0 258 0 160 0 63 

SecondWin:
0 0 0 0 0 0 0 0 0 0 0 0 0 0 0 0 0 0 0 0 0 0 0 0 0 0 0 0 0 0 0 0 0 0 0 0 0 0 0 0 0 0 0 0 10 0 12 0 17 0 65 0 59 0 70 0 94 0 159 0 166 0 229 0 342 0 387 0 427 0 462 0 420 0 453 0 282 0 224 0 103 0 
SAlphaB:
0 0 0 0 0 0 0 0 0 0 0 0 0 0 0 0 0 0 0 0 0 0 0 0 0 0 0 0 0 0 0 0 0 0 0 0 0 0 0 0 0 0 0 0 10 0 12 0 17 0 65 0 59 0 70 0 94 0 159 0 166 0 229 0 342 0 387 0 427 0 462 0 420 0 453 0 282 0 224 0 103 0 
