0 48 67 90 -7 4 12 18

0 27 67 0 -18 0 12 27

0 19 67 47 -18 0 1 25

0 41 85 70 -11 5 17 8

0 49 96 55 -1 7 33 9

0 12 51 49 -9 1 2 8

0 46 59 97 -7 4 19 25

0 80 98 2 -20 4 21 20

0 57 65 69 -17 2 18 46

0 28 48 19 -13 11 27 20

0 48 61 70 -19 10 29 1

0 64 81 33 -7 9 24 12

0 83 89 68 -12 21 22 20

0 36 42 59 -9 4 23 14

0 72 74 32 -4 1 2 6

0 20 24 24 -15 3 4 9

0 20 89 53 -20 11 25 29

0 62 67 84 -5 3 28 46

0 29 81 63 -9 9 22 21

0 39 46 66 -11 20 41 37

0 56 58 40 -17 5 43 31

0 28 89 70 -2 17 24 32

0 20 62 65 -15 8 17 5

0 1 43 88 -2 8 16 10

0 33 47 90 -4 7 8 8

0 84 87 82 -9 0 2 23

0 22 26 86 -5 17 26 3

0 87 92 83 -7 8 12 6

0 76 92 32 -6 6 7 38

0 21 48 26 -17 0 4 3

0 48 76 49 -13 16 26 33

0 22 34 14 -1 0 9 12

0 74 86 43 -9 0 3 7

0 62 95 4 -16 31 35 38

0 51 63 57 -9 8 25 45

0 23 41 80 -4 8 11 4

0 8 59 80 -9 4 5 36

0 60 81 7 -14 10 11 25

0 86 92 46 -12 22 38 6

0 29 52 77 -16 7 8 21

0 55 62 81 -6 0 28 39

0 13 28 84 -17 8 20 14

0 13 47 20 -2 9 31 41

0 76 87 50 -18 31 46 49

0 63 65 60 -2 9 16 39

0 12 36 68 -19 5 8 32

0 4 48 38 -11 22 26 16

0 35 36 65 -11 12 24 0

0 9 10 41 -7 3 4 3

0 76 91 53 -17 18 21 0

0 37 65 95 -9 7 46 32

0 18 87 27 -9 44 48 29

0 11 60 37 -15 14 21 27

0 6 19 46 -18 15 18 20

0 11 13 13 -17 13 40 46

0 30 56 26 -16 0 1 49

0 17 27 97 -10 45 46 2

0 6 87 37 -12 34 42 11

0 75 84 97 -10 37 41 5

0 3 53 3 -8 0 1 31

0 24 32 86 -11 21 31 29

0 24 36 79 -1 36 37 29

0 69 98 48 -18 19 27 21

0 45 63 10 -7 16 30 41

0 40 73 36 -15 19 20 18

0 46 65 92 -13 43 45 6

0 7 53 49 -1 37 42 13

0 9 10 23 -4 7 19 5

0 36 37 32 -15 26 35 30

0 53 68 73 -4 0 2 42

0 2 32 52 -10 0 23 41

0 6 8 82 -20 43 49 46

0 19 45 29 -12 12 48 24

0 3 27 98 -6 46 49 3

0 9 26 40 -15 31 39 13

0 13 68 16 -8 3 29 1

0 4 73 32 -9 10 13 42

0 5 25 96 -1 11 16 45

0 13 51 14 -2 12 28 46

0 40 42 58 -7 23 26 25

0 3 24 89 -7 20 47 14

0 39 47 39 -16 24 35 27

0 15 37 39 -9 15 23 48

0 22 70 38 -15 39 41 35

0 37 77 48 -2 30 32 31

0 1 16 33 -8 0 2 23

0 3 8 60 -10 12 41 0

0 7 25 53 -17 0 3 42

0 0 2 76 -4 9 10 1

0 3 48 5 -13 3 44 49

0 0 22 27 -13 14 18 47

0 9 12 22 -9 0 2 42

0 5 8 1 -16 14 18 19

0 4 18 84 -16 15 40 0

0 5 15 23 -4 37 45 41

0 5 11 11 -17 2 45 27

0 0 1 17 -3 15 16 32

0 0 1 74 -19 2 19 43

0 4 28 64 -7 6 28 43

0 11 17 23 -4 30 39 49


SAlphaB: 677.0, std-dev 268.1044737381005

Earliest win: 37
Latest win: 81

WinDepth:
0 0 0 0 0 0 0 0 0 0 0 0 0 0 0 0 0 0 0 0 0 0 0 0 0 0 0 0 0 0 0 0 0 0 0 0 0 7 0 0 28 4 2 22 11 14 17 45 29 58 69 160 96 101 80 173 103 189 132 163 181 217 215 323 326 342 403 338 440 450 437 473 384 410 465 346 284 253 194 131 100 68 
SAlphaB:
0 0 0 0 0 0 0 0 0 0 0 0 0 0 0 0 0 0 0 0 0 0 0 0 0 0 0 0 0 0 0 0 0 0 0 0 0 7 0 0 28 4 2 22 11 14 17 45 29 58 69 160 96 101 80 173 103 189 132 163 181 217 215 323 326 342 403 338 440 450 437 473 384 410 465 346 284 253 194 131 100 68 

LossDepth:
SAlphaB:
0 0 0 0 0 0 0 0 0 0 0 0 0 0 0 0 0 0 0 0 0 0 0 0 0 0 0 0 0 0 0 0 0 0 0 0 0 7 0 0 28 4 2 22 11 14 17 45 29 58 69 160 96 101 80 173 103 189 132 163 181 217 215 323 326 342 403 338 440 450 437 473 384 410 465 346 284 253 194 131 100 68 

FirstWin:
0 0 0 0 0 0 0 0 0 0 0 0 0 0 0 0 0 0 0 0 0 0 0 0 0 0 0 0 0 0 0 0 0 0 0 0 0 7 0 0 0 4 0 22 0 14 0 45 0 58 0 160 0 101 0 173 0 189 0 163 0 217 0 323 0 342 0 338 0 450 0 473 0 410 0 346 0 253 0 131 0 68 
SAlphaB:
0 0 0 0 0 0 0 0 0 0 0 0 0 0 0 0 0 0 0 0 0 0 0 0 0 0 0 0 0 0 0 0 0 0 0 0 0 7 0 0 0 4 0 22 0 14 0 45 0 58 0 160 0 101 0 173 0 189 0 163 0 217 0 323 0 342 0 338 0 450 0 473 0 410 0 346 0 253 0 131 0 68 

SecondWin:
0 0 0 0 0 0 0 0 0 0 0 0 0 0 0 0 0 0 0 0 0 0 0 0 0 0 0 0 0 0 0 0 0 0 0 0 0 0 0 0 28 0 2 0 11 0 17 0 29 0 69 0 96 0 80 0 103 0 132 0 181 0 215 0 326 0 403 0 440 0 437 0 384 0 465 0 284 0 194 0 100 0 
SAlphaB:
0 0 0 0 0 0 0 0 0 0 0 0 0 0 0 0 0 0 0 0 0 0 0 0 0 0 0 0 0 0 0 0 0 0 0 0 0 0 0 0 28 0 2 0 11 0 17 0 29 0 69 0 96 0 80 0 103 0 132 0 181 0 215 0 326 0 403 0 440 0 437 0 384 0 465 0 284 0 194 0 100 0 
