0 17 77 13 -14 1 6 15

0 29 78 4 -8 2 18 22

0 36 84 33 -19 3 15 36

0 19 36 21 -10 1 6 16

0 61 68 48 -6 9 28 4

0 84 91 68 -16 11 42 23

0 60 80 74 -8 1 20 16

0 38 61 58 -11 3 13 13

0 41 94 86 -3 2 16 28

0 45 85 28 -16 0 1 19

0 46 48 52 -11 1 3 11

0 74 98 83 -4 18 39 29

0 54 55 80 -12 8 30 44

0 60 81 97 -2 6 30 10

0 39 48 40 -15 2 6 16

0 71 97 49 -7 2 4 4

0 85 87 87 -4 3 28 15

0 30 50 24 -16 0 2 19

0 65 99 26 -9 8 25 48

0 18 87 15 -14 0 5 9

0 55 99 70 -12 6 37 13

0 37 93 1 -9 2 12 27

0 64 79 89 -18 11 21 20

0 30 94 34 -14 1 4 35

0 39 81 11 -18 0 1 38

0 76 90 43 -12 4 24 26

0 66 99 45 -20 0 6 37

0 40 59 59 -5 10 12 8

0 33 50 38 -4 0 18 6

0 35 67 76 -11 0 3 16

0 52 66 34 -13 3 18 24

0 39 91 52 -15 3 8 47

0 86 97 73 -3 4 29 13

0 67 83 33 -16 13 14 14

0 23 41 18 -6 0 2 3

0 41 72 20 -19 1 13 13

0 44 66 9 -18 0 9 21

0 23 76 66 -1 3 18 27

0 39 88 47 -7 0 37 3

0 32 49 27 -9 3 6 12

0 8 55 55 -10 0 2 3

0 60 92 73 -17 1 2 6

0 20 62 81 -19 0 2 19

0 81 97 3 -4 9 23 15

0 16 29 48 -13 0 1 9

0 47 67 78 -3 8 29 16

0 85 95 13 -20 1 6 26

0 58 78 45 -13 0 5 24

0 36 41 19 -4 6 24 21

0 81 83 48 -1 21 31 17

0 49 93 27 -20 6 14 35

0 21 97 94 -13 12 14 26

0 33 67 92 -9 4 8 25

0 39 83 2 -13 6 16 13

0 32 74 75 -17 2 21 36

0 55 91 51 -5 12 23 41

0 60 71 69 -5 13 35 44

0 17 69 64 -3 3 5 8

0 29 91 50 -9 3 29 27

0 24 70 14 -4 1 21 25

0 40 57 55 -15 0 1 25

0 31 94 12 -10 3 29 28

0 21 56 36 -13 1 11 2

0 37 85 61 -14 9 31 20

0 18 78 55 -14 0 2 37

0 66 67 45 -4 5 14 18

0 82 92 9 -17 2 7 34

0 71 92 80 -14 3 22 49

0 39 77 1 -9 2 5 36

0 23 98 11 -17 0 2 41

0 48 67 83 -18 2 25 29

0 65 76 17 -8 10 43 7

0 72 94 45 -9 19 22 25

0 17 38 62 -4 13 30 2

0 26 59 60 -11 5 20 24

0 48 64 97 -15 5 6 23

0 39 90 65 -18 9 28 28

0 21 98 90 -1 0 20 31

0 40 44 19 -19 3 14 22

0 64 66 28 -16 10 12 27

0 29 50 8 -12 7 22 26

0 23 65 9 -4 2 3 19

0 21 40 60 -3 25 30 5

0 7 52 42 -16 0 1 8

0 36 94 8 -5 11 26 20

0 26 93 93 -7 0 2 29

0 36 83 32 -13 10 29 20

0 32 63 65 -11 2 3 28

0 40 87 2 -20 2 29 21

0 25 98 70 -5 8 9 38

0 38 87 82 -19 10 33 23

0 19 34 41 -20 0 1 17

0 93 94 28 -19 3 7 6

0 0 74 45 -10 8 25 19

0 7 82 83 -7 0 3 14

0 11 31 59 -9 12 17 5

0 14 78 40 -6 25 43 0

0 2 96 20 -17 27 31 25

0 26 52 58 -2 29 47 10

0 23 58 40 -12 3 29 2


SAlphaB: 746.0, std-dev 247.9438210237117

Earliest win: 35
Latest win: 81

WinDepth:
0 0 0 0 0 0 0 0 0 0 0 0 0 0 0 0 0 0 0 0 0 0 0 0 0 0 0 0 0 0 0 0 0 0 0 3 2 9 1 20 2 10 26 24 22 77 58 162 57 170 268 400 172 294 296 447 316 575 335 571 493 731 591 819 741 984 850 969 924 1029 1023 986 828 829 972 711 605 472 415 299 196 146 
SAlphaB:
0 0 0 0 0 0 0 0 0 0 0 0 0 0 0 0 0 0 0 0 0 0 0 0 0 0 0 0 0 0 0 0 0 0 0 3 2 9 1 20 2 10 26 24 22 77 58 162 57 170 268 400 172 294 296 447 316 575 335 571 493 731 591 819 741 984 850 969 924 1029 1023 986 828 829 972 711 605 472 415 299 196 146 

LossDepth:
SAlphaB:
0 0 0 0 0 0 0 0 0 0 0 0 0 0 0 0 0 0 0 0 0 0 0 0 0 0 0 0 0 0 0 0 0 0 0 1 1 6 0 15 3 9 17 23 14 48 31 74 46 96 182 166 98 167 177 274 216 350 208 370 280 521 369 602 513 747 603 707 631 796 758 842 627 676 702 623 502 434 323 263 219 157 

FirstWin:
0 0 0 0 0 0 0 0 0 0 0 0 0 0 0 0 0 0 0 0 0 0 0 0 0 0 0 0 0 0 0 0 0 0 0 3 0 9 0 20 0 10 0 24 0 77 0 162 0 170 0 400 0 294 0 447 0 575 0 571 0 731 0 819 0 984 0 969 0 1029 0 986 0 829 0 711 0 472 0 299 0 146 
SAlphaB:
0 0 0 0 0 0 0 0 0 0 0 0 0 0 0 0 0 0 0 0 0 0 0 0 0 0 0 0 0 0 0 0 0 0 0 3 0 9 0 20 0 10 0 24 0 77 0 162 0 170 0 400 0 294 0 447 0 575 0 571 0 731 0 819 0 984 0 969 0 1029 0 986 0 829 0 711 0 472 0 299 0 146 

SecondWin:
0 0 0 0 0 0 0 0 0 0 0 0 0 0 0 0 0 0 0 0 0 0 0 0 0 0 0 0 0 0 0 0 0 0 0 0 2 0 1 0 2 0 26 0 22 0 58 0 57 0 268 0 172 0 296 0 316 0 335 0 493 0 591 0 741 0 850 0 924 0 1023 0 828 0 972 0 605 0 415 0 196 0 
SAlphaB:
0 0 0 0 0 0 0 0 0 0 0 0 0 0 0 0 0 0 0 0 0 0 0 0 0 0 0 0 0 0 0 0 0 0 0 0 2 0 1 0 2 0 26 0 22 0 58 0 57 0 268 0 172 0 296 0 316 0 335 0 493 0 591 0 741 0 850 0 924 0 1023 0 828 0 972 0 605 0 415 0 196 0 
