0 23 41 18 -6 0 2 3

0 49 93 27 -20 6 14 35

0 29 78 4 -8 2 18 22

0 60 92 73 -17 1 2 6

0 11 31 59 -9 12 17 5

0 33 67 92 -9 4 8 25

0 14 78 40 -6 25 43 0

0 71 92 80 -14 3 22 49

0 32 63 65 -11 2 3 28

0 93 94 28 -19 3 7 6

0 32 86 24 -1 5 20 32

0 51 69 33 -12 19 36 32

0 29 31 75 -17 14 23 0

0 14 21 64 -9 3 7 10

0 47 61 75 -3 7 49 24

0 71 89 32 -15 2 27 33

0 35 80 74 -10 21 30 45

0 82 94 39 -3 9 40 22

0 21 80 61 -4 16 38 30

0 2 79 26 -12 5 16 18

0 33 42 71 -10 4 9 31

0 57 80 82 -12 22 28 11

0 0 11 19 -1 0 1 3

0 22 89 69 -1 17 26 5

0 54 73 25 -10 0 37 39

0 32 53 32 -4 3 13 17

0 50 58 90 -18 4 18 2

0 1 39 14 -20 18 20 14

0 78 79 19 -6 10 11 20

0 17 99 76 -8 25 32 41

0 30 48 86 -13 36 42 42

0 20 77 78 -3 8 14 48

0 37 75 25 -5 30 49 13

0 5 64 92 -8 14 34 42

0 7 73 1 -16 10 38 40

0 33 63 75 -8 1 2 32

0 35 42 55 -7 10 17 15

0 30 98 30 -19 17 18 30

0 43 71 19 -4 5 41 18

0 0 27 54 -5 17 21 23

0 3 26 75 -12 12 15 33

0 50 72 43 -9 21 39 46

0 16 52 63 -2 31 34 2

0 8 11 84 -6 6 13 22

0 55 57 12 -6 8 43 28

0 34 56 56 -16 26 46 27

0 12 22 71 -20 5 42 8

0 2 91 56 -5 0 35 27

0 30 51 8 -19 1 2 0

0 20 61 0 -4 12 20 49

0 1 41 51 -11 20 45 11

0 30 68 34 -2 25 48 21

0 15 82 95 -6 30 34 7

0 41 60 9 -14 5 34 19

0 3 40 83 -11 17 26 36

0 31 76 1 -7 12 42 5

0 2 4 90 -15 18 22 21

0 42 79 55 -11 37 42 0

0 12 96 65 -18 14 18 49

0 15 37 81 -16 0 38 8

0 53 60 44 -8 29 34 44

0 21 27 43 -13 9 19 16

0 29 43 49 -13 16 45 17

0 8 16 91 -16 23 28 46

0 1 10 32 -11 11 23 48

0 57 63 71 -5 30 48 29

0 7 10 56 -20 24 44 20

0 6 13 50 -1 10 23 25

0 26 72 30 -18 6 33 45

0 12 22 83 -13 39 40 47

0 4 6 36 -20 3 27 24

0 45 59 25 -5 39 43 1

0 22 24 43 -18 20 48 17

0 3 34 56 -4 2 8 35

0 10 11 60 -6 26 41 21

0 3 24 23 -17 3 7 26

0 21 71 22 -10 27 28 47

0 1 2 25 -7 6 7 10

0 12 42 67 -9 1 39 2

0 6 9 93 -5 19 30 23

0 28 42 20 -10 21 49 40

0 6 10 65 -7 1 2 22

0 2 15 76 -14 17 42 42

0 15 26 67 -16 9 12 0

0 3 5 16 -13 20 39 34

0 2 8 46 -19 2 39 16

0 12 13 36 -4 16 17 42

0 0 5 53 -19 3 18 6

0 42 45 3 -13 27 36 1

0 6 12 9 -12 3 18 34

0 0 17 83 -12 5 7 40

0 18 26 10 -15 23 42 38

0 5 7 2 -20 19 49 42

0 15 23 11 -5 23 24 48

0 11 12 3 -12 3 10 35

0 11 12 10 -9 14 25 37

0 2 13 71 -4 6 7 40

0 0 55 8 -5 10 45 48

0 6 8 45 -12 6 18 39

0 9 11 13 -3 16 25 47


SAlphaB: 726.0, std-dev 274.3009983152954

Earliest win: 36
Latest win: 81

WinDepth:
0 0 0 0 0 0 0 0 0 0 0 0 0 0 0 0 0 0 0 0 0 0 0 0 0 0 0 0 0 0 0 0 0 0 0 0 1 2 2 0 17 2 4 16 1 23 7 62 18 105 58 284 99 130 101 198 122 146 207 175 129 203 232 297 324 361 408 408 472 385 523 453 455 375 346 348 285 235 195 134 87 68 
SAlphaB:
0 0 0 0 0 0 0 0 0 0 0 0 0 0 0 0 0 0 0 0 0 0 0 0 0 0 0 0 0 0 0 0 0 0 0 0 1 2 2 0 17 2 4 16 1 23 7 62 18 105 58 284 99 130 101 198 122 146 207 175 129 203 232 297 324 361 408 408 472 385 523 453 455 375 346 348 285 235 195 134 87 68 

LossDepth:
SAlphaB:
0 0 0 0 0 0 0 0 0 0 0 0 0 0 0 0 0 0 0 0 0 0 0 0 0 0 0 0 0 0 0 0 0 0 0 0 1 2 2 0 17 2 4 16 1 23 7 62 18 105 58 284 99 130 101 198 122 146 207 175 129 203 232 297 324 361 408 408 472 385 523 453 455 375 346 348 285 235 195 134 87 68 

FirstWin:
0 0 0 0 0 0 0 0 0 0 0 0 0 0 0 0 0 0 0 0 0 0 0 0 0 0 0 0 0 0 0 0 0 0 0 0 0 2 0 0 0 2 0 16 0 23 0 62 0 105 0 284 0 130 0 198 0 146 0 175 0 203 0 297 0 361 0 408 0 385 0 453 0 375 0 348 0 235 0 134 0 68 
SAlphaB:
0 0 0 0 0 0 0 0 0 0 0 0 0 0 0 0 0 0 0 0 0 0 0 0 0 0 0 0 0 0 0 0 0 0 0 0 0 2 0 0 0 2 0 16 0 23 0 62 0 105 0 284 0 130 0 198 0 146 0 175 0 203 0 297 0 361 0 408 0 385 0 453 0 375 0 348 0 235 0 134 0 68 

SecondWin:
0 0 0 0 0 0 0 0 0 0 0 0 0 0 0 0 0 0 0 0 0 0 0 0 0 0 0 0 0 0 0 0 0 0 0 0 1 0 2 0 17 0 4 0 1 0 7 0 18 0 58 0 99 0 101 0 122 0 207 0 129 0 232 0 324 0 408 0 472 0 523 0 455 0 346 0 285 0 195 0 87 0 
SAlphaB:
0 0 0 0 0 0 0 0 0 0 0 0 0 0 0 0 0 0 0 0 0 0 0 0 0 0 0 0 0 0 0 0 0 0 0 0 1 0 2 0 17 0 4 0 1 0 7 0 18 0 58 0 99 0 101 0 122 0 207 0 129 0 232 0 324 0 408 0 472 0 523 0 455 0 346 0 285 0 195 0 87 0 
