0 8 55 55 -10 0 2 3

0 40 59 59 -5 10 12 8

0 36 84 33 -19 3 15 36

0 29 91 50 -9 3 29 27

0 40 57 55 -15 0 1 25

0 7 52 42 -16 0 1 8

0 30 50 24 -16 0 2 19

0 21 98 90 -1 0 20 31

0 61 68 48 -6 9 28 4

0 17 38 62 -4 13 30 2

0 9 73 99 -5 9 17 8

0 52 95 27 -19 21 48 28

0 32 60 71 -17 4 8 30

0 55 88 57 -10 17 22 10

0 33 40 81 -6 17 38 2

0 18 84 9 -20 1 4 38

0 36 69 63 -18 7 22 35

0 45 76 54 -7 2 4 5

0 39 65 84 -3 3 28 37

0 53 64 28 -12 10 24 44

0 54 96 24 -14 13 42 29

0 29 77 94 -12 5 43 7

0 9 41 71 -7 3 10 11

0 30 64 10 -10 1 5 36

0 17 76 79 -5 10 26 13

0 12 67 41 -12 16 39 34

0 25 68 81 -16 12 17 23

0 1 65 85 -11 17 22 48

0 58 72 77 -20 12 14 34

0 18 78 29 -7 7 20 30

0 79 87 75 -12 6 7 13

0 79 86 61 -14 24 42 3

0 56 69 52 -3 6 13 19

0 8 36 7 -12 0 8 17

0 25 49 30 -16 1 37 34

0 13 20 92 -15 7 30 7

0 48 62 90 -2 27 29 48

0 23 29 50 -5 6 31 18

0 80 83 99 -3 19 30 42

0 15 38 85 -13 3 4 7

0 13 64 57 -12 2 18 17

0 11 29 38 -9 2 10 10

0 21 96 11 -1 4 44 13

0 51 77 40 -4 0 2 32

0 31 39 83 -1 11 15 11

0 21 52 28 -17 2 21 39

0 12 77 47 -7 3 9 33

0 58 68 78 -8 22 43 43

0 27 45 91 -1 1 5 38

0 23 40 54 -4 41 45 18

0 28 49 75 -11 2 4 49

0 28 36 4 -12 30 41 14

0 11 80 46 -6 19 41 48

0 37 99 18 -19 21 38 44

0 23 91 80 -13 0 49 17

0 13 38 77 -1 8 12 25

0 29 58 40 -5 7 33 42

0 41 47 2 -16 0 9 46

0 18 40 25 -7 0 37 39

0 8 56 13 -12 12 23 14

0 32 42 30 -12 19 21 21

0 42 51 99 -17 10 43 39

0 47 50 29 -17 7 37 49

0 1 63 63 -1 19 47 31

0 1 16 47 -12 24 31 31

0 0 8 63 -16 41 44 40

0 23 72 77 -10 1 30 43

0 36 43 63 -3 25 47 37

0 28 29 45 -12 5 7 14

0 48 52 96 -5 2 3 38

0 24 59 89 -4 22 31 30

0 23 25 96 -18 15 40 30

0 20 28 53 -11 10 34 5

0 13 36 95 -13 9 39 32

0 5 44 36 -3 31 36 26

0 12 57 56 -3 14 19 45

0 8 29 35 -10 32 35 41

0 33 84 53 -12 30 37 49

0 16 18 80 -6 13 49 25

0 9 22 99 -2 12 22 35

0 9 20 41 -17 31 34 43

0 0 2 53 -3 12 37 27

0 1 77 63 -4 0 6 37

0 5 60 67 -12 11 42 30

0 27 31 29 -2 1 23 45

0 8 93 18 -2 5 26 44

0 0 1 58 -8 3 11 21

0 1 28 76 -20 30 42 11

0 14 18 0 -15 8 20 10

0 3 5 33 -5 3 28 11

0 3 15 62 -6 13 40 18

0 16 23 24 -19 14 46 20

0 8 9 92 -8 1 14 44

0 5 12 74 -19 0 39 6

0 2 7 83 -5 36 40 27

0 2 8 11 -1 4 14 36

0 0 1 85 -16 4 23 4

0 8 16 39 -9 26 40 46

0 1 2 15 -13 1 7 36

0 19 22 46 -12 3 26 43


SAlphaB: 693.0, std-dev 254.67399521424215

Earliest win: 38
Latest win: 81

WinDepth:
0 0 0 0 0 0 0 0 0 0 0 0 0 0 0 0 0 0 0 0 0 0 0 0 0 0 0 0 0 0 0 0 0 0 0 0 0 0 1 3 1 15 4 16 12 22 19 48 25 73 50 146 61 90 97 182 146 204 108 191 184 224 237 348 344 371 394 376 440 363 443 491 432 385 381 358 269 230 198 134 91 74 
SAlphaB:
0 0 0 0 0 0 0 0 0 0 0 0 0 0 0 0 0 0 0 0 0 0 0 0 0 0 0 0 0 0 0 0 0 0 0 0 0 0 1 3 1 15 4 16 12 22 19 48 25 73 50 146 61 90 97 182 146 204 108 191 184 224 237 348 344 371 394 376 440 363 443 491 432 385 381 358 269 230 198 134 91 74 

LossDepth:
SAlphaB:
0 0 0 0 0 0 0 0 0 0 0 0 0 0 0 0 0 0 0 0 0 0 0 0 0 0 0 0 0 0 0 0 0 0 0 0 0 0 1 3 1 15 4 16 12 22 19 48 25 73 50 146 61 90 97 182 146 204 108 191 184 224 237 348 344 371 394 376 440 363 443 491 432 385 381 358 269 230 198 134 91 74 

FirstWin:
0 0 0 0 0 0 0 0 0 0 0 0 0 0 0 0 0 0 0 0 0 0 0 0 0 0 0 0 0 0 0 0 0 0 0 0 0 0 0 3 0 15 0 16 0 22 0 48 0 73 0 146 0 90 0 182 0 204 0 191 0 224 0 348 0 371 0 376 0 363 0 491 0 385 0 358 0 230 0 134 0 74 
SAlphaB:
0 0 0 0 0 0 0 0 0 0 0 0 0 0 0 0 0 0 0 0 0 0 0 0 0 0 0 0 0 0 0 0 0 0 0 0 0 0 0 3 0 15 0 16 0 22 0 48 0 73 0 146 0 90 0 182 0 204 0 191 0 224 0 348 0 371 0 376 0 363 0 491 0 385 0 358 0 230 0 134 0 74 

SecondWin:
0 0 0 0 0 0 0 0 0 0 0 0 0 0 0 0 0 0 0 0 0 0 0 0 0 0 0 0 0 0 0 0 0 0 0 0 0 0 1 0 1 0 4 0 12 0 19 0 25 0 50 0 61 0 97 0 146 0 108 0 184 0 237 0 344 0 394 0 440 0 443 0 432 0 381 0 269 0 198 0 91 0 
SAlphaB:
0 0 0 0 0 0 0 0 0 0 0 0 0 0 0 0 0 0 0 0 0 0 0 0 0 0 0 0 0 0 0 0 0 0 0 0 0 0 1 0 1 0 4 0 12 0 19 0 25 0 50 0 61 0 97 0 146 0 108 0 184 0 237 0 344 0 394 0 440 0 443 0 432 0 381 0 269 0 198 0 91 0 
