0 39 77 1 -9 2 5 36

0 55 91 51 -5 12 23 41

0 71 97 49 -7 2 4 4

0 17 69 64 -3 3 5 8

0 45 85 28 -16 0 1 19

0 64 66 28 -16 10 12 27

0 65 76 17 -8 10 43 7

0 58 78 45 -13 0 5 24

0 26 93 93 -7 0 2 29

0 81 97 3 -4 9 23 15

0 49 91 7 -13 16 17 8

0 40 76 67 -6 6 9 8

0 62 83 19 -18 8 23 33

0 57 81 87 -7 9 28 19

0 60 96 44 -17 13 27 41

0 46 80 46 -7 2 3 32

0 64 79 0 -15 3 5 14

0 4 75 94 -20 20 49 31

0 50 60 64 -10 11 36 5

0 50 92 57 -20 16 18 47

0 80 81 78 -5 18 33 44

0 40 81 53 -4 20 22 17

0 35 60 27 -4 10 33 48

0 81 89 23 -14 16 28 49

0 49 72 5 -14 6 16 29

0 47 94 89 -3 9 12 20

0 59 61 15 -11 15 17 12

0 58 84 72 -13 0 46 0

0 54 77 66 -20 4 38 30

0 28 63 97 -12 3 6 42

0 46 71 48 -6 7 41 39

0 15 65 98 -17 3 4 29

0 32 44 88 -10 4 11 28

0 21 35 47 -9 2 28 7

0 2 77 78 -10 4 33 22

0 2 53 14 -2 17 26 4

0 9 74 58 -11 0 8 25

0 17 92 91 -3 19 44 28

0 14 22 53 -1 24 28 26

0 68 87 87 -7 21 26 29

0 11 82 97 -13 0 45 7

0 43 74 10 -10 15 27 36

0 27 41 63 -5 13 30 28

0 21 40 79 -4 9 45 3

0 12 36 13 -16 18 39 20

0 17 54 90 -10 40 43 28

0 22 28 53 -7 6 22 30

0 75 79 43 -12 0 5 7

0 10 68 46 -6 6 49 25

0 7 65 25 -1 9 13 31

0 53 59 35 -5 41 42 24

0 18 56 92 -11 11 40 47

0 17 82 8 -1 15 36 22

0 6 17 34 -11 16 29 16

0 27 32 27 -1 9 37 18

0 15 42 69 -17 43 46 16

0 51 85 68 -1 0 5 23

0 5 65 38 -18 5 10 35

0 3 16 83 -19 11 31 6

0 21 44 35 -6 12 40 39

0 4 35 14 -19 46 47 19

0 16 48 11 -16 26 42 24

0 8 10 32 -11 1 14 21

0 3 81 49 -17 2 6 45

0 14 24 31 -1 15 32 20

0 26 41 64 -14 2 48 18

0 8 34 65 -14 5 43 27

0 11 54 83 -14 28 44 17

0 5 42 2 -12 12 20 48

0 5 54 99 -18 5 47 6

0 8 37 94 -12 2 40 40

0 17 31 44 -1 18 30 42

0 0 16 95 -18 12 35 4

0 25 32 36 -5 11 29 43

0 31 40 6 -11 16 24 15

0 3 14 88 -4 3 13 15

0 0 46 37 -12 5 25 2

0 1 2 43 -12 2 41 12

0 9 20 40 -17 4 9 35

0 1 89 54 -13 19 36 46

0 1 16 59 -12 12 30 47

0 7 16 62 -18 27 46 23

0 0 1 34 -3 12 20 9

0 6 11 83 -16 7 20 2

0 3 17 27 -3 32 47 44

0 7 15 67 -6 38 45 4

0 6 7 68 -17 8 25 4

0 15 54 20 -4 1 34 44

0 1 4 93 -17 0 38 16

0 3 9 36 -20 3 29 49

0 12 19 8 -20 4 8 45

0 3 31 7 -12 7 14 49

0 2 18 42 -11 23 27 17

0 3 11 89 -9 29 47 37

0 3 45 29 -17 31 47 7

0 3 7 22 -4 0 41 26

0 1 3 56 -14 11 48 4

0 1 7 64 -3 32 43 1

0 0 3 78 -9 3 4 7

0 12 15 25 -6 3 5 47


SAlphaB: 698.0, std-dev 260.09173012767644

Earliest win: 37
Latest win: 81

WinDepth:
0 0 0 0 0 0 0 0 0 0 0 0 0 0 0 0 0 0 0 0 0 0 0 0 0 0 0 0 0 0 0 0 0 0 0 0 0 4 0 4 10 6 2 12 8 26 10 31 24 66 51 147 68 101 64 202 118 177 168 190 150 264 267 403 346 354 414 338 407 400 446 448 481 416 352 366 256 242 182 164 97 64 
SAlphaB:
0 0 0 0 0 0 0 0 0 0 0 0 0 0 0 0 0 0 0 0 0 0 0 0 0 0 0 0 0 0 0 0 0 0 0 0 0 4 0 4 10 6 2 12 8 26 10 31 24 66 51 147 68 101 64 202 118 177 168 190 150 264 267 403 346 354 414 338 407 400 446 448 481 416 352 366 256 242 182 164 97 64 

LossDepth:
SAlphaB:
0 0 0 0 0 0 0 0 0 0 0 0 0 0 0 0 0 0 0 0 0 0 0 0 0 0 0 0 0 0 0 0 0 0 0 0 0 4 0 4 10 6 2 12 8 26 10 31 24 66 51 147 68 101 64 202 118 177 168 190 150 264 267 403 346 354 414 338 407 400 446 448 481 416 352 366 256 242 182 164 97 64 

FirstWin:
0 0 0 0 0 0 0 0 0 0 0 0 0 0 0 0 0 0 0 0 0 0 0 0 0 0 0 0 0 0 0 0 0 0 0 0 0 4 0 4 0 6 0 12 0 26 0 31 0 66 0 147 0 101 0 202 0 177 0 190 0 264 0 403 0 354 0 338 0 400 0 448 0 416 0 366 0 242 0 164 0 64 
SAlphaB:
0 0 0 0 0 0 0 0 0 0 0 0 0 0 0 0 0 0 0 0 0 0 0 0 0 0 0 0 0 0 0 0 0 0 0 0 0 4 0 4 0 6 0 12 0 26 0 31 0 66 0 147 0 101 0 202 0 177 0 190 0 264 0 403 0 354 0 338 0 400 0 448 0 416 0 366 0 242 0 164 0 64 

SecondWin:
0 0 0 0 0 0 0 0 0 0 0 0 0 0 0 0 0 0 0 0 0 0 0 0 0 0 0 0 0 0 0 0 0 0 0 0 0 0 0 0 10 0 2 0 8 0 10 0 24 0 51 0 68 0 64 0 118 0 168 0 150 0 267 0 346 0 414 0 407 0 446 0 481 0 352 0 256 0 182 0 97 0 
SAlphaB:
0 0 0 0 0 0 0 0 0 0 0 0 0 0 0 0 0 0 0 0 0 0 0 0 0 0 0 0 0 0 0 0 0 0 0 0 0 0 0 0 10 0 2 0 8 0 10 0 24 0 51 0 68 0 64 0 118 0 168 0 150 0 267 0 346 0 414 0 407 0 446 0 481 0 352 0 256 0 182 0 97 0 
