0 54 55 80 -12 8 30 44

0 16 29 48 -13 0 1 9

0 39 91 52 -15 3 8 47

0 36 94 8 -5 11 26 20

0 31 94 12 -10 3 29 28

0 48 64 97 -15 5 6 23

0 39 83 2 -13 6 16 13

0 40 44 19 -19 3 14 22

0 2 96 20 -17 27 31 25

0 33 50 38 -4 0 18 6

0 55 69 52 -11 10 11 37

0 85 93 64 -10 9 15 45

0 28 73 72 -18 7 23 2

0 72 92 12 -17 7 9 30

0 67 96 50 -11 35 40 24

0 26 43 74 -5 1 7 10

0 11 25 21 -9 0 2 19

0 47 91 24 -14 38 45 45

0 21 55 77 -1 10 39 2

0 17 39 52 -11 1 18 18

0 17 51 29 -12 1 15 46

0 32 47 37 -8 11 14 11

0 2 85 76 -5 2 23 5

0 45 49 61 -11 13 36 34

0 28 49 16 -7 0 1 39

0 10 57 66 -17 18 38 13

0 4 53 85 -20 6 9 24

0 15 54 47 -7 12 14 20

0 37 87 39 -19 18 35 43

0 50 89 39 -8 15 33 6

0 0 46 5 -5 40 46 16

0 5 65 76 -1 10 41 13

0 21 98 43 -10 17 36 16

0 14 35 20 -14 13 43 20

0 11 62 49 -14 13 39 15

0 16 80 24 -15 5 17 34

0 23 25 76 -1 10 16 27

0 12 73 62 -1 0 31 3

0 13 39 75 -14 0 28 9

0 58 76 6 -8 7 38 16

0 25 52 63 -19 17 42 19

0 1 50 96 -15 16 38 12

0 1 32 9 -11 9 25 17

0 5 93 79 -4 20 37 8

0 31 44 93 -14 19 38 43

0 1 68 1 -9 30 46 48

0 2 36 28 -20 19 44 26

0 6 60 91 -20 43 47 30

0 16 59 67 -11 9 14 45

0 8 56 42 -18 28 38 19

0 27 42 70 -14 17 33 39

0 53 63 77 -10 4 41 41

0 13 15 19 -2 12 31 24

0 21 37 6 -15 13 18 8

0 4 26 59 -3 6 24 31

0 1 28 59 -5 15 33 22

0 12 15 12 -11 1 19 32

0 8 14 57 -9 37 49 21

0 39 40 97 -2 0 2 33

0 29 59 98 -18 8 38 6

0 22 25 15 -14 1 20 36

0 18 37 72 -20 6 30 3

0 9 24 67 -8 30 31 20

0 4 11 13 -20 6 16 7

0 1 7 63 -12 23 24 24

0 1 9 70 -1 24 41 14

0 10 22 30 -17 13 39 6

0 10 24 73 -14 6 38 24

0 10 24 5 -8 14 20 5

0 26 58 9 -2 22 34 27

0 16 31 46 -12 2 42 20

0 3 7 89 -18 15 31 33

0 0 1 32 -19 2 7 47

0 19 23 6 -20 2 43 16

0 5 43 63 -5 9 35 24

0 6 10 27 -17 17 43 23

0 5 19 10 -9 10 43 48

0 15 32 42 -5 16 24 36

0 8 17 58 -13 16 49 28

0 19 28 64 -14 20 46 48

0 5 6 60 -20 1 18 13

0 12 33 81 -4 3 46 43

0 0 6 6 -7 4 29 10

0 9 10 74 -14 13 41 44

0 0 35 52 -9 1 27 34

0 7 48 86 -14 4 27 42

0 1 7 34 -7 23 34 8

0 7 19 24 -20 19 30 47

0 0 5 33 -14 9 49 7

0 1 6 42 -20 19 24 46

0 2 9 68 -3 0 1 20

0 5 41 14 -1 10 26 40

0 0 2 42 -18 7 13 7

0 4 8 70 -6 3 4 25

0 0 3 90 -6 20 47 24

0 0 1 7 -17 1 3 2

0 3 10 78 -1 17 33 39

0 11 13 6 -1 13 47 37

0 3 7 62 -1 10 42 29

0 5 10 15 -20 1 7 45


SAlphaB: 715.0, std-dev 253.9794114975591

Earliest win: 37
Latest win: 81

WinDepth:
0 0 0 0 0 0 0 0 0 0 0 0 0 0 0 0 0 0 0 0 0 0 0 0 0 0 0 0 0 0 0 0 0 0 0 0 0 6 0 6 2 7 2 9 16 10 24 18 12 65 43 161 73 100 85 194 99 165 132 177 150 231 302 302 357 357 416 345 494 380 458 478 442 385 413 344 269 217 209 140 90 69 
SAlphaB:
0 0 0 0 0 0 0 0 0 0 0 0 0 0 0 0 0 0 0 0 0 0 0 0 0 0 0 0 0 0 0 0 0 0 0 0 0 6 0 6 2 7 2 9 16 10 24 18 12 65 43 161 73 100 85 194 99 165 132 177 150 231 302 302 357 357 416 345 494 380 458 478 442 385 413 344 269 217 209 140 90 69 

LossDepth:
SAlphaB:
0 0 0 0 0 0 0 0 0 0 0 0 0 0 0 0 0 0 0 0 0 0 0 0 0 0 0 0 0 0 0 0 0 0 0 0 0 6 0 6 2 7 2 9 16 10 24 18 12 65 43 161 73 100 85 194 99 165 132 177 150 231 302 302 357 357 416 345 494 380 458 478 442 385 413 344 269 217 209 140 90 69 

FirstWin:
0 0 0 0 0 0 0 0 0 0 0 0 0 0 0 0 0 0 0 0 0 0 0 0 0 0 0 0 0 0 0 0 0 0 0 0 0 6 0 6 0 7 0 9 0 10 0 18 0 65 0 161 0 100 0 194 0 165 0 177 0 231 0 302 0 357 0 345 0 380 0 478 0 385 0 344 0 217 0 140 0 69 
SAlphaB:
0 0 0 0 0 0 0 0 0 0 0 0 0 0 0 0 0 0 0 0 0 0 0 0 0 0 0 0 0 0 0 0 0 0 0 0 0 6 0 6 0 7 0 9 0 10 0 18 0 65 0 161 0 100 0 194 0 165 0 177 0 231 0 302 0 357 0 345 0 380 0 478 0 385 0 344 0 217 0 140 0 69 

SecondWin:
0 0 0 0 0 0 0 0 0 0 0 0 0 0 0 0 0 0 0 0 0 0 0 0 0 0 0 0 0 0 0 0 0 0 0 0 0 0 0 0 2 0 2 0 16 0 24 0 12 0 43 0 73 0 85 0 99 0 132 0 150 0 302 0 357 0 416 0 494 0 458 0 442 0 413 0 269 0 209 0 90 0 
SAlphaB:
0 0 0 0 0 0 0 0 0 0 0 0 0 0 0 0 0 0 0 0 0 0 0 0 0 0 0 0 0 0 0 0 0 0 0 0 0 0 0 0 2 0 2 0 16 0 24 0 12 0 43 0 73 0 85 0 99 0 132 0 150 0 302 0 357 0 416 0 494 0 458 0 442 0 413 0 269 0 209 0 90 0 
