0 46 48 52 -11 1 3 11

0 24 70 14 -4 1 21 25

0 47 67 78 -3 8 29 16

0 52 66 34 -13 3 18 24

0 76 90 43 -12 4 24 26

0 60 81 97 -2 6 30 10

0 72 94 45 -9 19 22 25

0 0 74 45 -10 8 25 19

0 81 83 48 -1 21 31 17

0 23 58 40 -12 3 29 2

0 21 29 33 -10 12 27 16

0 40 54 72 -16 2 30 15

0 25 69 71 -7 6 26 5

0 54 88 54 -1 1 41 22

0 12 86 11 -12 11 41 15

0 8 70 67 -3 29 39 19

0 66 79 65 -1 22 30 25

0 54 63 1 -9 0 2 11

0 79 99 3 -5 11 29 33

0 29 72 91 -4 11 22 35

0 21 56 62 -16 14 46 6

0 5 97 59 -16 15 31 5

0 33 86 74 -1 14 28 17

0 62 81 46 -16 1 30 1

0 28 82 49 -7 16 41 12

0 79 99 5 -17 16 19 18

0 2 53 80 -2 20 36 21

0 39 78 68 -10 26 33 17

0 9 34 92 -20 14 17 10

0 1 96 40 -10 7 13 2

0 28 73 76 -17 9 42 9

0 11 55 53 -14 4 5 17

0 40 97 95 -1 8 41 33

0 56 60 66 -3 21 42 4

0 18 19 50 -12 29 36 29

0 67 78 20 -16 0 10 40

0 29 49 96 -1 10 12 22

0 24 49 11 -15 17 18 19

0 59 83 67 -1 27 30 11

0 69 90 87 -3 1 4 14

0 22 58 71 -6 6 10 43

0 10 80 64 -3 1 16 30

0 17 24 54 -13 6 14 49

0 21 34 50 -12 10 18 31

0 21 55 84 -17 4 8 37

0 19 22 92 -15 42 44 13

0 40 73 83 -6 4 20 36

0 5 68 94 -5 13 19 22

0 0 39 97 -1 20 31 26

0 21 61 82 -20 10 15 43

0 18 28 61 -8 36 40 5

0 73 81 66 -1 2 10 43

0 39 68 1 -16 46 48 18

0 24 38 98 -19 17 28 13

0 48 82 76 -9 15 23 14

0 2 68 40 -14 21 40 30

0 15 75 1 -4 33 47 29

0 30 55 34 -18 13 18 37

0 56 67 83 -10 0 2 42

0 46 56 28 -18 25 26 49

0 14 58 88 -1 12 40 45

0 10 51 40 -14 1 6 36

0 23 51 16 -11 7 11 44

0 26 72 82 -18 1 26 47

0 25 75 6 -1 21 34 15

0 66 75 58 -19 16 37 44

0 42 59 83 -1 1 41 45

0 31 74 13 -20 5 27 45

0 11 42 21 -6 9 11 28

0 14 49 36 -3 6 15 27

0 8 16 21 -17 16 41 24

0 19 26 81 -14 14 27 46

0 11 37 28 -12 42 44 31

0 4 38 70 -13 19 44 30

0 9 38 19 -9 32 42 20

0 23 31 65 -15 5 37 17

0 11 24 19 -9 10 21 4

0 8 84 11 -7 0 19 39

0 3 7 68 -12 38 44 44

0 5 46 10 -4 10 12 2

0 71 92 53 -12 35 38 6

0 38 40 97 -7 27 48 47

0 5 24 69 -17 20 48 48

0 6 26 77 -19 1 43 17

0 4 28 77 -19 18 48 20

0 18 91 75 -8 1 34 37

0 4 20 95 -15 9 40 23

0 4 74 22 -19 2 33 10

0 10 23 64 -20 4 15 43

0 4 34 27 -9 30 34 23

0 13 20 21 -1 9 43 30

0 1 7 35 -15 3 32 33

0 20 41 25 -19 1 22 47

0 1 30 15 -15 4 35 41

0 1 12 84 -11 2 13 35

0 11 13 29 -18 16 24 43

0 0 1 58 -8 1 5 26

0 3 9 56 -6 1 2 40

0 2 5 5 -7 2 4 34

0 0 2 11 -15 7 8 21


SAlphaB: 724.0, std-dev 264.6493706660558

Earliest win: 37
Latest win: 81

WinDepth:
0 0 0 0 0 0 0 0 0 0 0 0 0 0 0 0 0 0 0 0 0 0 0 0 0 0 0 0 0 0 0 0 0 0 0 0 0 8 0 5 0 2 0 5 10 13 12 42 8 56 78 188 85 91 83 162 127 186 147 157 166 269 285 358 380 350 482 399 473 401 497 443 399 344 408 365 258 237 168 126 103 64 
SAlphaB:
0 0 0 0 0 0 0 0 0 0 0 0 0 0 0 0 0 0 0 0 0 0 0 0 0 0 0 0 0 0 0 0 0 0 0 0 0 8 0 5 0 2 0 5 10 13 12 42 8 56 78 188 85 91 83 162 127 186 147 157 166 269 285 358 380 350 482 399 473 401 497 443 399 344 408 365 258 237 168 126 103 64 

LossDepth:
SAlphaB:
0 0 0 0 0 0 0 0 0 0 0 0 0 0 0 0 0 0 0 0 0 0 0 0 0 0 0 0 0 0 0 0 0 0 0 0 0 8 0 5 0 2 0 5 10 13 12 42 8 56 78 188 85 91 83 162 127 186 147 157 166 269 285 358 380 350 482 399 473 401 497 443 399 344 408 365 258 237 168 126 103 64 

FirstWin:
0 0 0 0 0 0 0 0 0 0 0 0 0 0 0 0 0 0 0 0 0 0 0 0 0 0 0 0 0 0 0 0 0 0 0 0 0 8 0 5 0 2 0 5 0 13 0 42 0 56 0 188 0 91 0 162 0 186 0 157 0 269 0 358 0 350 0 399 0 401 0 443 0 344 0 365 0 237 0 126 0 64 
SAlphaB:
0 0 0 0 0 0 0 0 0 0 0 0 0 0 0 0 0 0 0 0 0 0 0 0 0 0 0 0 0 0 0 0 0 0 0 0 0 8 0 5 0 2 0 5 0 13 0 42 0 56 0 188 0 91 0 162 0 186 0 157 0 269 0 358 0 350 0 399 0 401 0 443 0 344 0 365 0 237 0 126 0 64 

SecondWin:
0 0 0 0 0 0 0 0 0 0 0 0 0 0 0 0 0 0 0 0 0 0 0 0 0 0 0 0 0 0 0 0 0 0 0 0 0 0 0 0 0 0 0 0 10 0 12 0 8 0 78 0 85 0 83 0 127 0 147 0 166 0 285 0 380 0 482 0 473 0 497 0 399 0 408 0 258 0 168 0 103 0 
SAlphaB:
0 0 0 0 0 0 0 0 0 0 0 0 0 0 0 0 0 0 0 0 0 0 0 0 0 0 0 0 0 0 0 0 0 0 0 0 0 0 0 0 0 0 0 0 10 0 12 0 8 0 78 0 85 0 83 0 127 0 147 0 166 0 285 0 380 0 482 0 473 0 497 0 399 0 408 0 258 0 168 0 103 0 
