0 39 48 40 -15 2 6 16

0 29 50 8 -12 7 22 26

0 35 67 76 -11 0 3 16

0 36 41 19 -4 6 24 21

0 85 95 13 -20 1 6 26

0 85 87 87 -4 3 28 15

0 66 99 45 -20 0 6 37

0 66 67 45 -4 5 14 18

0 41 72 20 -19 1 13 13

0 67 83 33 -16 13 14 14

0 36 53 22 -18 0 2 40

0 25 46 74 -12 3 13 26

0 70 83 70 -13 0 26 3

0 19 27 73 -6 6 16 20

0 54 86 69 -18 2 5 2

0 12 79 61 -1 5 11 15

0 53 66 75 -8 1 2 0

0 18 66 4 -15 7 9 37

0 67 70 90 -10 6 9 22

0 21 87 69 -16 3 8 26

0 31 41 26 -7 0 13 17

0 45 48 32 -3 0 23 19

0 56 74 77 -13 12 26 5

0 38 99 0 -14 8 27 44

0 20 75 91 -10 4 15 10

0 40 46 31 -4 8 15 19

0 38 51 53 -4 16 23 13

0 42 62 69 -14 4 32 23

0 21 66 90 -19 36 42 35

0 14 99 85 -11 17 30 8

0 26 61 36 -2 4 5 1

0 46 49 21 -5 3 5 35

0 39 50 49 -5 15 24 0

0 28 84 67 -14 13 15 17

0 34 41 43 -9 0 1 12

0 17 47 60 -16 17 44 46

0 6 12 86 -6 3 6 11

0 20 91 79 -5 6 7 41

0 45 59 13 -6 0 16 8

0 41 80 59 -14 23 37 0

0 9 64 12 -18 14 35 4

0 25 86 98 -2 16 29 29

0 29 55 87 -1 20 35 37

0 0 53 24 -16 25 43 8

0 14 41 69 -4 0 1 10

0 32 64 70 -18 23 37 29

0 33 87 76 -6 16 32 40

0 19 89 3 -16 24 42 10

0 20 47 31 -14 34 43 18

0 10 44 7 -14 22 29 0

0 53 66 49 -1 13 16 16

0 9 13 91 -7 1 8 19

0 43 50 30 -14 10 28 46

0 7 84 44 -7 29 34 36

0 27 38 57 -12 14 16 48

0 29 34 46 -12 14 29 7

0 13 36 56 -1 7 12 35

0 87 99 1 -14 36 41 9

0 11 36 36 -5 5 36 7

0 28 67 42 -18 18 34 49

0 61 78 58 -18 20 29 12

0 18 31 36 -10 8 10 47

0 20 41 13 -8 40 47 12

0 4 25 25 -2 5 7 21

0 20 37 12 -6 18 33 33

0 27 51 90 -11 0 45 35

0 52 71 35 -12 16 28 9

0 11 61 83 -8 6 29 2

0 19 33 28 -11 43 45 18

0 11 16 53 -12 27 30 10

0 22 30 70 -15 6 48 10

0 4 71 0 -14 9 18 8

0 18 76 19 -16 15 25 46

0 15 27 63 -19 5 41 3

0 6 17 69 -15 0 2 13

0 13 21 35 -20 3 5 38

0 2 3 46 -1 9 10 13

0 9 18 28 -2 0 9 20

0 4 12 64 -3 29 39 12

0 13 50 6 -19 32 34 0

0 8 13 26 -4 26 37 12

0 11 43 73 -17 6 38 49

0 11 13 87 -10 13 19 5

0 5 13 71 -10 23 40 6

0 23 32 87 -8 0 34 37

0 14 18 17 -6 9 13 37

0 6 11 42 -15 4 5 29

0 13 16 95 -8 0 20 24

0 1 26 45 -18 10 20 49

0 1 5 33 -9 25 27 47

0 9 33 65 -5 1 30 8

0 9 18 41 -14 2 10 47

0 0 24 95 -18 24 42 43

0 10 17 82 -3 1 4 37

0 0 3 72 -9 1 3 37

0 7 16 96 -16 7 41 8

0 4 9 57 -9 2 33 33

0 7 10 47 -2 1 18 42

0 0 17 57 -6 1 6 25

0 0 2 93 -1 4 46 41


SAlphaB: 707.0, std-dev 263.3069275214917

Earliest win: 37
Latest win: 81

WinDepth:
0 0 0 0 0 0 0 0 0 0 0 0 0 0 0 0 0 0 0 0 0 0 0 0 0 0 0 0 0 0 0 0 0 0 0 0 0 9 0 4 2 8 2 19 4 15 13 27 28 82 60 208 80 129 92 190 117 210 119 181 144 266 240 326 328 333 465 400 415 412 452 425 410 445 420 372 244 262 176 138 98 75 
SAlphaB:
0 0 0 0 0 0 0 0 0 0 0 0 0 0 0 0 0 0 0 0 0 0 0 0 0 0 0 0 0 0 0 0 0 0 0 0 0 9 0 4 2 8 2 19 4 15 13 27 28 82 60 208 80 129 92 190 117 210 119 181 144 266 240 326 328 333 465 400 415 412 452 425 410 445 420 372 244 262 176 138 98 75 

LossDepth:
SAlphaB:
0 0 0 0 0 0 0 0 0 0 0 0 0 0 0 0 0 0 0 0 0 0 0 0 0 0 0 0 0 0 0 0 0 0 0 0 0 9 0 4 2 8 2 19 4 15 13 27 28 82 60 208 80 129 92 190 117 210 119 181 144 266 240 326 328 333 465 400 415 412 452 425 410 445 420 372 244 262 176 138 98 75 

FirstWin:
0 0 0 0 0 0 0 0 0 0 0 0 0 0 0 0 0 0 0 0 0 0 0 0 0 0 0 0 0 0 0 0 0 0 0 0 0 9 0 4 0 8 0 19 0 15 0 27 0 82 0 208 0 129 0 190 0 210 0 181 0 266 0 326 0 333 0 400 0 412 0 425 0 445 0 372 0 262 0 138 0 75 
SAlphaB:
0 0 0 0 0 0 0 0 0 0 0 0 0 0 0 0 0 0 0 0 0 0 0 0 0 0 0 0 0 0 0 0 0 0 0 0 0 9 0 4 0 8 0 19 0 15 0 27 0 82 0 208 0 129 0 190 0 210 0 181 0 266 0 326 0 333 0 400 0 412 0 425 0 445 0 372 0 262 0 138 0 75 

SecondWin:
0 0 0 0 0 0 0 0 0 0 0 0 0 0 0 0 0 0 0 0 0 0 0 0 0 0 0 0 0 0 0 0 0 0 0 0 0 0 0 0 2 0 2 0 4 0 13 0 28 0 60 0 80 0 92 0 117 0 119 0 144 0 240 0 328 0 465 0 415 0 452 0 410 0 420 0 244 0 176 0 98 0 
SAlphaB:
0 0 0 0 0 0 0 0 0 0 0 0 0 0 0 0 0 0 0 0 0 0 0 0 0 0 0 0 0 0 0 0 0 0 0 0 0 0 0 0 2 0 2 0 4 0 13 0 28 0 60 0 80 0 92 0 117 0 119 0 144 0 240 0 328 0 465 0 415 0 452 0 410 0 420 0 244 0 176 0 98 0 
