0 48 67 83 -18 2 25 29

0 38 61 58 -11 3 13 13

0 23 98 11 -17 0 2 41

0 39 81 11 -18 0 1 38

0 32 49 27 -9 3 6 12

0 74 98 83 -4 18 39 29

0 25 98 70 -5 8 9 38

0 39 90 65 -18 9 28 28

0 37 85 61 -14 9 31 20

0 40 87 2 -20 2 29 21

0 53 81 56 -5 1 9 3

0 40 67 4 -15 4 25 26

0 76 77 51 -4 0 10 11

0 27 74 46 -16 4 18 1

0 40 79 88 -7 0 27 15

0 3 84 22 -16 7 11 6

0 28 38 87 -3 11 22 33

0 83 94 82 -15 2 6 36

0 64 71 7 -16 3 37 17

0 29 78 70 -18 4 21 30

0 23 81 24 -3 0 1 21

0 3 11 66 -7 6 17 13

0 73 75 97 -6 6 17 38

0 14 77 47 -20 3 6 2

0 21 36 96 -16 5 15 18

0 22 84 23 -17 5 37 16

0 72 90 15 -20 9 16 31

0 3 75 56 -7 4 8 0

0 10 83 19 -6 5 8 45

0 18 83 57 -18 35 47 3

0 11 88 6 -20 9 14 43

0 32 36 98 -1 4 34 4

0 23 45 80 -14 4 19 25

0 36 80 20 -1 0 6 9

0 20 91 74 -16 4 36 41

0 19 69 9 -17 5 25 21

0 26 30 67 -19 8 14 32

0 7 62 64 -10 2 14 5

0 68 85 71 -6 20 22 34

0 3 78 13 -8 6 37 15

0 2 87 58 -8 11 20 36

0 48 58 22 -19 35 42 5

0 23 31 78 -20 7 18 43

0 5 20 11 -20 16 21 17

0 23 24 9 -2 4 5 20

0 4 40 71 -15 27 39 22

0 35 45 84 -10 12 36 49

0 9 56 99 -17 2 21 26

0 41 77 84 -4 0 12 41

0 39 41 31 -14 2 20 47

0 35 97 4 -1 10 12 28

0 24 25 14 -9 1 28 13

0 25 69 97 -1 11 17 43

0 9 23 33 -5 2 22 15

0 21 86 31 -11 20 27 1

0 5 49 28 -4 2 3 33

0 49 71 44 -18 42 49 28

0 4 91 37 -2 1 27 42

0 17 23 11 -13 0 3 41

0 36 54 92 -4 22 28 36

0 46 91 76 -3 31 47 34

0 19 45 42 -6 32 38 42

0 4 45 31 -6 11 46 0

0 4 60 19 -13 29 41 5

0 37 57 57 -3 5 6 45

0 9 82 11 -16 7 16 12

0 3 8 94 -17 4 5 13

0 1 4 40 -10 26 31 28

0 4 29 86 -12 6 28 33

0 22 35 44 -20 12 19 25

0 26 48 14 -12 14 27 42

0 65 92 53 -17 32 45 14

0 27 32 43 -1 15 21 28

0 10 42 75 -5 11 26 2

0 52 70 73 -18 29 37 40

0 41 91 5 -20 1 43 4

0 14 30 79 -4 1 3 47

0 1 26 56 -5 26 43 39

0 0 20 55 -16 20 23 34

0 8 10 46 -2 25 28 0

0 7 13 0 -18 2 5 18

0 2 25 21 -16 3 11 45

0 1 15 83 -5 29 43 31

0 5 8 27 -7 5 8 10

0 21 39 22 -9 8 38 16

0 7 15 44 -4 6 32 24

0 3 43 4 -1 3 6 33

0 3 14 70 -18 10 35 30

0 2 28 5 -20 6 10 7

0 1 11 67 -16 11 14 43

0 3 14 89 -15 14 45 29

0 6 7 79 -3 17 29 31

0 8 30 84 -13 3 12 33

0 5 6 69 -7 5 48 18

0 2 21 23 -16 1 14 37

0 2 24 88 -11 11 49 40

0 2 4 79 -1 6 46 45

0 1 13 78 -10 13 15 34

0 9 19 11 -8 2 17 42

0 8 14 0 -4 4 42 16


SAlphaB: 725.0, std-dev 256.1347421009323

Earliest win: 38
Latest win: 81

WinDepth:
0 0 0 0 0 0 0 0 0 0 0 0 0 0 0 0 0 0 0 0 0 0 0 0 0 0 0 0 0 0 0 0 0 0 0 0 0 0 1 1 0 0 10 11 11 12 23 25 36 85 70 145 73 95 98 179 157 167 141 223 201 240 228 380 347 377 394 426 414 445 462 388 357 378 387 332 274 217 166 143 112 81 
SAlphaB:
0 0 0 0 0 0 0 0 0 0 0 0 0 0 0 0 0 0 0 0 0 0 0 0 0 0 0 0 0 0 0 0 0 0 0 0 0 0 1 1 0 0 10 11 11 12 23 25 36 85 70 145 73 95 98 179 157 167 141 223 201 240 228 380 347 377 394 426 414 445 462 388 357 378 387 332 274 217 166 143 112 81 

LossDepth:
SAlphaB:
0 0 0 0 0 0 0 0 0 0 0 0 0 0 0 0 0 0 0 0 0 0 0 0 0 0 0 0 0 0 0 0 0 0 0 0 0 0 1 1 0 0 10 11 11 12 23 25 36 85 70 145 73 95 98 179 157 167 141 223 201 240 228 380 347 377 394 426 414 445 462 388 357 378 387 332 274 217 166 143 112 81 

FirstWin:
0 0 0 0 0 0 0 0 0 0 0 0 0 0 0 0 0 0 0 0 0 0 0 0 0 0 0 0 0 0 0 0 0 0 0 0 0 0 0 1 0 0 0 11 0 12 0 25 0 85 0 145 0 95 0 179 0 167 0 223 0 240 0 380 0 377 0 426 0 445 0 388 0 378 0 332 0 217 0 143 0 81 
SAlphaB:
0 0 0 0 0 0 0 0 0 0 0 0 0 0 0 0 0 0 0 0 0 0 0 0 0 0 0 0 0 0 0 0 0 0 0 0 0 0 0 1 0 0 0 11 0 12 0 25 0 85 0 145 0 95 0 179 0 167 0 223 0 240 0 380 0 377 0 426 0 445 0 388 0 378 0 332 0 217 0 143 0 81 

SecondWin:
0 0 0 0 0 0 0 0 0 0 0 0 0 0 0 0 0 0 0 0 0 0 0 0 0 0 0 0 0 0 0 0 0 0 0 0 0 0 1 0 0 0 10 0 11 0 23 0 36 0 70 0 73 0 98 0 157 0 141 0 201 0 228 0 347 0 394 0 414 0 462 0 357 0 387 0 274 0 166 0 112 0 
SAlphaB:
0 0 0 0 0 0 0 0 0 0 0 0 0 0 0 0 0 0 0 0 0 0 0 0 0 0 0 0 0 0 0 0 0 0 0 0 0 0 1 0 0 0 10 0 11 0 23 0 36 0 70 0 73 0 98 0 157 0 141 0 201 0 228 0 347 0 394 0 414 0 462 0 357 0 387 0 274 0 166 0 112 0 
