0 18 87 15 -14 0 5 9

0 7 82 83 -7 0 3 14

0 36 83 32 -13 10 29 20

0 26 59 60 -11 5 20 24

0 17 77 13 -14 1 6 15

0 39 88 47 -7 0 37 3

0 23 76 66 -1 3 18 27

0 60 80 74 -8 1 20 16

0 23 65 9 -4 2 3 19

0 64 79 89 -18 11 21 20

0 71 82 0 -6 9 29 24

0 23 75 57 -5 18 36 6

0 41 82 48 -17 4 5 24

0 6 82 47 -6 0 28 33

0 62 81 24 -2 20 27 11

0 59 76 85 -15 41 49 35

0 16 45 38 -14 15 32 16

0 65 94 38 -6 1 24 18

0 62 77 26 -16 13 29 25

0 45 73 61 -19 8 13 28

0 26 69 33 -12 4 7 10

0 59 80 79 -14 10 18 0

0 19 94 91 -14 6 27 13

0 20 45 10 -6 11 12 13

0 96 97 79 -3 10 39 9

0 49 75 48 -4 48 49 21

0 21 71 8 -9 1 20 24

0 62 68 30 -12 5 39 6

0 42 93 50 -5 8 20 37

0 10 94 61 -18 21 49 9

0 66 75 76 -7 3 8 43

0 43 57 43 -10 7 27 2

0 17 83 67 -13 14 21 23

0 1 30 43 -4 11 15 12

0 12 50 75 -4 22 30 28

0 75 86 22 -14 19 32 47

0 20 72 75 -10 14 24 6

0 60 81 8 -3 1 30 45

0 78 94 81 -10 4 49 34

0 31 58 37 -17 8 13 16

0 56 57 28 -12 3 14 41

0 48 71 6 -5 7 10 12

0 30 90 95 -5 24 38 31

0 26 49 2 -9 5 9 38

0 12 51 29 -1 15 28 14

0 18 47 11 -6 9 24 32

0 11 45 27 -3 28 37 22

0 17 22 33 -20 8 11 5

0 39 69 25 -9 12 27 17

0 9 37 82 -14 13 16 30

0 1 57 1 -18 10 33 24

0 31 45 85 -15 8 45 32

0 36 37 37 -8 18 20 13

0 3 38 75 -1 28 38 32

0 12 44 83 -19 13 16 40

0 12 45 54 -20 20 22 30

0 24 94 80 -14 1 2 35

0 5 10 26 -10 0 4 9

0 68 76 6 -3 28 37 17

0 53 89 86 -16 32 47 34

0 63 79 34 -10 26 38 2

0 59 63 29 -6 30 43 42

0 37 71 82 -15 10 42 46

0 45 47 85 -3 39 45 28

0 2 3 49 -6 17 29 8

0 26 52 91 -19 5 12 12

0 8 20 75 -9 6 27 21

0 3 99 78 -17 8 36 43

0 37 53 45 -18 21 28 36

0 1 46 21 -4 7 12 31

0 19 56 79 -18 10 45 9

0 18 26 8 -13 10 12 19

0 8 60 37 -3 35 42 40

0 7 34 31 -9 0 16 9

0 15 16 22 -4 7 11 19

0 22 45 22 -20 0 19 49

0 1 77 89 -11 3 15 0

0 0 18 93 -19 3 6 1

0 6 29 65 -20 12 31 32

0 2 66 24 -9 15 34 37

0 8 22 33 -11 2 28 5

0 21 44 85 -7 36 42 45

0 60 78 44 -7 0 6 43

0 14 32 23 -16 2 26 14

0 4 68 91 -4 1 31 44

0 1 3 19 -4 37 39 45

0 6 19 49 -16 5 43 18

0 0 10 76 -16 2 10 15

0 4 7 99 -13 0 43 14

0 6 10 77 -16 14 19 39

0 0 3 55 -6 11 14 26

0 1 4 21 -7 1 2 20

0 0 1 23 -15 1 42 43

0 0 14 17 -6 14 16 49

0 1 8 49 -1 5 36 9

0 10 55 1 -15 0 46 35

0 3 4 1 -9 6 12 29

0 3 8 32 -12 10 21 30

0 20 27 43 -20 20 48 45

0 7 13 24 -17 14 23 33


SAlphaB: 708.0, std-dev 261.57244868122274

Earliest win: 35
Latest win: 81

WinDepth:
0 0 0 0 0 0 0 0 0 0 0 0 0 0 0 0 0 0 0 0 0 0 0 0 0 0 0 0 0 0 0 0 0 0 0 1 0 5 0 5 8 5 2 1 7 27 8 57 11 74 68 222 61 134 70 182 128 196 160 183 214 285 258 348 323 434 377 400 408 408 436 464 426 415 380 343 241 198 174 125 89 71 
SAlphaB:
0 0 0 0 0 0 0 0 0 0 0 0 0 0 0 0 0 0 0 0 0 0 0 0 0 0 0 0 0 0 0 0 0 0 0 1 0 5 0 5 8 5 2 1 7 27 8 57 11 74 68 222 61 134 70 182 128 196 160 183 214 285 258 348 323 434 377 400 408 408 436 464 426 415 380 343 241 198 174 125 89 71 

LossDepth:
SAlphaB:
0 0 0 0 0 0 0 0 0 0 0 0 0 0 0 0 0 0 0 0 0 0 0 0 0 0 0 0 0 0 0 0 0 0 0 1 0 5 0 5 8 5 2 1 7 27 8 57 11 74 68 222 61 134 70 182 128 196 160 183 214 285 258 348 323 434 377 400 408 408 436 464 426 415 380 343 241 198 174 125 89 71 

FirstWin:
0 0 0 0 0 0 0 0 0 0 0 0 0 0 0 0 0 0 0 0 0 0 0 0 0 0 0 0 0 0 0 0 0 0 0 1 0 5 0 5 0 5 0 1 0 27 0 57 0 74 0 222 0 134 0 182 0 196 0 183 0 285 0 348 0 434 0 400 0 408 0 464 0 415 0 343 0 198 0 125 0 71 
SAlphaB:
0 0 0 0 0 0 0 0 0 0 0 0 0 0 0 0 0 0 0 0 0 0 0 0 0 0 0 0 0 0 0 0 0 0 0 1 0 5 0 5 0 5 0 1 0 27 0 57 0 74 0 222 0 134 0 182 0 196 0 183 0 285 0 348 0 434 0 400 0 408 0 464 0 415 0 343 0 198 0 125 0 71 

SecondWin:
0 0 0 0 0 0 0 0 0 0 0 0 0 0 0 0 0 0 0 0 0 0 0 0 0 0 0 0 0 0 0 0 0 0 0 0 0 0 0 0 8 0 2 0 7 0 8 0 11 0 68 0 61 0 70 0 128 0 160 0 214 0 258 0 323 0 377 0 408 0 436 0 426 0 380 0 241 0 174 0 89 0 
SAlphaB:
0 0 0 0 0 0 0 0 0 0 0 0 0 0 0 0 0 0 0 0 0 0 0 0 0 0 0 0 0 0 0 0 0 0 0 0 0 0 0 0 8 0 2 0 7 0 8 0 11 0 68 0 61 0 70 0 128 0 160 0 214 0 258 0 323 0 377 0 408 0 436 0 426 0 380 0 241 0 174 0 89 0 
