0 86 97 73 -3 4 29 13

0 37 93 1 -9 2 12 27

0 55 99 70 -12 6 37 13

0 21 56 36 -13 1 11 2

0 26 52 58 -2 29 47 10

0 84 91 68 -16 11 42 23

0 19 36 21 -10 1 6 16

0 38 87 82 -19 10 33 23

0 82 92 9 -17 2 7 34

0 19 34 41 -20 0 1 17

0 82 95 45 -12 0 5 39

0 65 76 76 -10 2 4 23

0 38 76 38 -18 6 11 7

0 56 84 14 -4 8 25 46

0 40 73 42 -19 18 41 14

0 22 40 80 -1 6 22 22

0 23 60 78 -15 10 29 2

0 45 72 47 -6 12 24 10

0 75 79 72 -19 11 16 33

0 74 83 97 -2 8 26 39

0 29 63 18 -2 1 9 19

0 25 29 41 -15 0 1 25

0 5 83 46 -16 15 38 12

0 12 16 73 -8 3 12 13

0 28 44 87 -19 11 19 21

0 67 80 91 -12 19 48 47

0 21 84 32 -4 3 35 32

0 68 91 9 -2 10 21 23

0 3 23 48 -1 3 10 4

0 35 38 27 -13 1 12 46

0 13 62 78 -17 25 36 1

0 5 64 58 -11 7 11 3

0 17 56 46 -4 29 48 41

0 29 59 87 -3 12 16 30

0 28 89 58 -7 0 1 37

0 31 36 94 -7 27 41 1

0 45 58 48 -1 14 32 48

0 16 27 39 -6 2 4 12

0 2 60 77 -11 4 26 5

0 47 52 71 -4 22 26 40

0 11 86 86 -16 1 5 32

0 17 57 3 -1 5 6 42

0 55 67 1 -2 5 14 29

0 82 98 60 -18 17 32 10

0 12 52 64 -20 11 17 5

0 36 86 53 -4 34 41 45

0 39 41 10 -20 5 35 3

0 25 46 60 -15 0 3 41

0 18 24 4 -11 18 24 21

0 53 64 94 -5 28 31 36

0 30 43 59 -3 2 28 30

0 55 59 29 -6 0 43 24

0 27 79 17 -4 5 35 31

0 15 24 42 -9 20 26 12

0 7 38 4 -14 11 27 39

0 18 37 12 -18 12 18 11

0 20 83 50 -20 0 39 14

0 20 32 74 -3 15 17 34

0 38 60 1 -9 32 39 45

0 4 30 32 -7 0 1 26

0 13 23 74 -5 25 36 33

0 27 35 7 -15 0 37 18

0 16 72 58 -4 2 3 39

0 10 33 29 -8 26 31 45

0 13 40 85 -3 4 12 26

0 3 54 43 -12 11 15 42

0 2 4 88 -10 10 13 49

0 24 30 76 -9 20 43 29

0 32 39 3 -17 14 27 19

0 5 14 8 -4 18 35 5

0 19 41 25 -15 7 45 11

0 30 59 9 -11 24 38 20

0 20 21 63 -5 16 17 38

0 12 32 56 -9 13 39 13

0 4 7 68 -17 4 10 43

0 16 24 98 -9 34 41 44

0 6 13 95 -10 9 16 21

0 0 1 3 -16 40 43 45

0 2 11 57 -20 37 43 36

0 18 42 79 -5 6 31 42

0 19 57 39 -18 10 29 40

0 12 16 88 -8 32 48 31

0 2 10 39 -14 17 29 0

0 24 34 16 -17 21 31 40

0 4 8 67 -9 7 19 39

0 5 14 5 -8 15 48 12

0 2 4 1 -18 40 46 40

0 7 14 95 -13 1 12 39

0 9 13 1 -10 3 6 30

0 10 12 60 -11 19 20 45

0 31 40 22 -1 10 42 40

0 0 4 96 -1 11 25 16

0 0 1 85 -15 37 48 3

0 2 4 26 -14 3 5 26

0 26 34 3 -12 2 26 48

0 1 4 70 -2 2 9 15

0 2 3 88 -1 0 14 20

0 2 3 22 -19 13 18 16

0 2 4 97 -4 1 27 31

0 4 5 11 -10 1 2 43


SAlphaB: 720.0, std-dev 259.3761150152497

Earliest win: 35
Latest win: 81

WinDepth:
0 0 0 0 0 0 0 0 0 0 0 0 0 0 0 0 0 0 0 0 0 0 0 0 0 0 0 0 0 0 0 0 0 0 0 1 0 4 0 4 1 9 2 15 6 11 15 54 22 81 85 167 47 116 92 204 111 196 151 158 157 243 223 323 285 351 383 360 419 415 455 481 418 403 433 353 289 225 173 160 119 70 
SAlphaB:
0 0 0 0 0 0 0 0 0 0 0 0 0 0 0 0 0 0 0 0 0 0 0 0 0 0 0 0 0 0 0 0 0 0 0 1 0 4 0 4 1 9 2 15 6 11 15 54 22 81 85 167 47 116 92 204 111 196 151 158 157 243 223 323 285 351 383 360 419 415 455 481 418 403 433 353 289 225 173 160 119 70 

LossDepth:
SAlphaB:
0 0 0 0 0 0 0 0 0 0 0 0 0 0 0 0 0 0 0 0 0 0 0 0 0 0 0 0 0 0 0 0 0 0 0 1 0 4 0 4 1 9 2 15 6 11 15 54 22 81 85 167 47 116 92 204 111 196 151 158 157 243 223 323 285 351 383 360 419 415 455 481 418 403 433 353 289 225 173 160 119 70 

FirstWin:
0 0 0 0 0 0 0 0 0 0 0 0 0 0 0 0 0 0 0 0 0 0 0 0 0 0 0 0 0 0 0 0 0 0 0 1 0 4 0 4 0 9 0 15 0 11 0 54 0 81 0 167 0 116 0 204 0 196 0 158 0 243 0 323 0 351 0 360 0 415 0 481 0 403 0 353 0 225 0 160 0 70 
SAlphaB:
0 0 0 0 0 0 0 0 0 0 0 0 0 0 0 0 0 0 0 0 0 0 0 0 0 0 0 0 0 0 0 0 0 0 0 1 0 4 0 4 0 9 0 15 0 11 0 54 0 81 0 167 0 116 0 204 0 196 0 158 0 243 0 323 0 351 0 360 0 415 0 481 0 403 0 353 0 225 0 160 0 70 

SecondWin:
0 0 0 0 0 0 0 0 0 0 0 0 0 0 0 0 0 0 0 0 0 0 0 0 0 0 0 0 0 0 0 0 0 0 0 0 0 0 0 0 1 0 2 0 6 0 15 0 22 0 85 0 47 0 92 0 111 0 151 0 157 0 223 0 285 0 383 0 419 0 455 0 418 0 433 0 289 0 173 0 119 0 
SAlphaB:
0 0 0 0 0 0 0 0 0 0 0 0 0 0 0 0 0 0 0 0 0 0 0 0 0 0 0 0 0 0 0 0 0 0 0 0 0 0 0 0 1 0 2 0 6 0 15 0 22 0 85 0 47 0 92 0 111 0 151 0 157 0 223 0 285 0 383 0 419 0 455 0 418 0 433 0 289 0 173 0 119 0 
