0 34 88 22 -16 5 17 23

0 29 66 24 -3 0 11 4

0 27 89 72 -2 4 30 15

0 65 77 40 -9 10 23 21

0 36 73 14 -1 7 29 8

0 78 99 32 -15 2 25 34

0 39 55 83 -11 3 7 6

0 22 47 67 -3 2 9 3

0 31 42 40 -4 1 15 0

0 60 73 34 -3 7 19 5

0 18 84 63 -19 0 11 8

0 23 70 53 -5 1 4 1

0 54 72 28 -14 4 14 31

0 65 76 15 -2 12 38 33

0 17 60 8 -6 3 4 8

0 35 68 29 -5 0 21 8

0 20 29 0 -10 0 9 10

0 29 80 84 -2 3 16 26

0 41 66 45 -18 3 9 29

0 34 66 8 -4 3 13 21

0 42 65 65 -10 3 15 3

0 54 92 1 -20 3 23 5

0 8 67 93 -14 2 5 6

0 70 85 87 -1 5 26 29

0 29 92 34 -17 1 3 31

0 27 70 28 -14 3 10 2

0 48 87 45 -16 4 19 25

0 60 91 15 -4 5 22 23

0 25 75 48 -6 1 6 19

0 16 66 19 -7 0 13 5

0 39 88 6 -17 1 15 36

0 29 89 71 -20 1 3 20

0 26 91 1 -17 0 17 26

0 52 84 19 -7 1 12 21

0 54 76 48 -10 1 21 19

0 60 75 71 -9 13 41 29

0 56 83 94 -17 1 10 37

0 40 63 1 -6 1 7 19

0 71 87 18 -2 14 32 21

0 51 91 76 -18 0 14 32

0 45 90 24 -2 7 10 0

0 67 90 20 -17 3 17 7

0 20 33 6 -6 0 3 15

0 26 68 34 -10 6 14 16

0 62 91 20 -19 10 11 19

0 72 76 97 -3 3 40 40

0 56 58 2 -11 5 36 17

0 60 83 92 -20 0 1 35

0 20 45 94 -18 1 7 13

0 34 53 39 -7 1 7 1

0 28 65 91 -6 8 19 14

0 44 70 46 -13 0 18 27

0 48 66 12 -18 2 22 13

0 38 44 81 -9 4 15 10

0 47 48 53 -1 10 39 6

0 38 47 91 -3 11 23 22

0 25 63 62 -10 10 27 12

0 45 83 87 -5 0 8 5

0 23 59 53 -8 9 20 3

0 32 61 97 -8 6 35 11

0 65 89 61 -18 5 37 18

0 22 32 37 -3 3 4 2

0 9 28 55 -7 8 20 14

0 55 83 61 -9 5 10 28

0 67 79 19 -9 14 22 2

0 62 64 67 -8 3 4 20

0 9 86 97 -14 7 26 46

0 34 90 22 -1 2 3 8

0 8 39 38 -4 0 6 2

0 88 90 85 -5 18 20 10

0 13 95 15 -8 5 7 22

0 12 44 43 -5 1 4 22

0 64 72 21 -17 2 3 10

0 26 61 27 -6 2 7 37

0 43 56 93 -8 8 12 15

0 47 49 58 -12 1 2 16

0 35 48 59 -8 15 32 14

0 54 62 56 -7 7 12 48

0 23 81 64 -2 6 19 7

0 24 58 11 -16 1 6 42

0 14 83 29 -9 3 6 19

0 63 79 16 -11 1 3 28

0 27 66 73 -3 10 29 11

0 31 61 12 -5 1 27 7

0 25 71 63 -1 14 15 12

0 55 88 84 -16 9 49 14

0 32 73 75 -8 14 46 28

0 51 60 17 -17 5 20 20

0 45 51 99 -8 31 34 22

0 43 60 37 -9 6 14 46

0 17 99 87 -19 0 2 28

0 4 64 8 -20 0 1 12

0 38 97 73 -3 19 22 37

0 19 86 73 -4 8 10 46

0 4 74 65 -15 29 40 19

0 10 81 8 -14 0 19 13

0 6 91 12 -4 0 1 15

0 24 49 54 -2 22 36 8

0 7 94 80 -11 24 45 10

0 22 38 68 -17 10 20 6


SAlphaB: 762.0, std-dev 263.1702398667356

Earliest win: 35
Latest win: 81

WinDepth:
0 0 0 0 0 0 0 0 0 0 0 0 0 0 0 0 0 0 0 0 0 0 0 0 0 0 0 0 0 0 0 0 0 0 0 3 1 6 1 19 6 23 14 43 24 67 29 148 47 130 137 344 139 322 248 484 329 577 392 528 435 623 677 762 746 961 878 984 924 973 902 1006 924 865 949 741 584 500 444 294 192 149 
SAlphaB:
0 0 0 0 0 0 0 0 0 0 0 0 0 0 0 0 0 0 0 0 0 0 0 0 0 0 0 0 0 0 0 0 0 0 0 3 1 6 1 19 6 23 14 43 24 67 29 148 47 130 137 344 139 322 248 484 329 577 392 528 435 623 677 762 746 961 878 984 924 973 902 1006 924 865 949 741 584 500 444 294 192 149 

LossDepth:
SAlphaB:
0 0 0 0 0 0 0 0 0 0 0 0 0 0 0 0 0 0 0 0 0 0 0 0 0 0 0 0 0 0 0 0 0 0 0 2 2 2 1 13 2 14 6 21 10 58 16 64 36 91 90 145 98 197 170 299 188 331 245 341 254 434 433 599 527 711 611 767 633 839 693 752 715 716 701 664 504 480 369 249 234 154 

FirstWin:
0 0 0 0 0 0 0 0 0 0 0 0 0 0 0 0 0 0 0 0 0 0 0 0 0 0 0 0 0 0 0 0 0 0 0 3 0 6 0 19 0 23 0 43 0 67 0 148 0 130 0 344 0 322 0 484 0 577 0 528 0 623 0 762 0 961 0 984 0 973 0 1006 0 865 0 741 0 500 0 294 0 149 
SAlphaB:
0 0 0 0 0 0 0 0 0 0 0 0 0 0 0 0 0 0 0 0 0 0 0 0 0 0 0 0 0 0 0 0 0 0 0 3 0 6 0 19 0 23 0 43 0 67 0 148 0 130 0 344 0 322 0 484 0 577 0 528 0 623 0 762 0 961 0 984 0 973 0 1006 0 865 0 741 0 500 0 294 0 149 

SecondWin:
0 0 0 0 0 0 0 0 0 0 0 0 0 0 0 0 0 0 0 0 0 0 0 0 0 0 0 0 0 0 0 0 0 0 0 0 1 0 1 0 6 0 14 0 24 0 29 0 47 0 137 0 139 0 248 0 329 0 392 0 435 0 677 0 746 0 878 0 924 0 902 0 924 0 949 0 584 0 444 0 192 0 
SAlphaB:
0 0 0 0 0 0 0 0 0 0 0 0 0 0 0 0 0 0 0 0 0 0 0 0 0 0 0 0 0 0 0 0 0 0 0 0 1 0 1 0 6 0 14 0 24 0 29 0 47 0 137 0 139 0 248 0 329 0 392 0 435 0 677 0 746 0 878 0 924 0 902 0 924 0 949 0 584 0 444 0 192 0 
