0 65 89 61 -18 5 37 18

0 32 73 75 -8 14 46 28

0 26 68 34 -10 6 14 16

0 60 91 15 -4 5 22 23

0 26 91 1 -17 0 17 26

0 32 61 97 -8 6 35 11

0 64 72 21 -17 2 3 10

0 20 29 0 -10 0 9 10

0 88 90 85 -5 18 20 10

0 72 76 97 -3 3 40 40

0 25 87 61 -2 0 9 19

0 29 69 85 -17 3 14 39

0 63 76 58 -4 0 6 13

0 47 65 65 -11 1 7 35

0 45 50 30 -20 8 26 9

0 16 33 34 -17 0 9 0

0 51 56 93 -1 2 35 23

0 6 71 76 -2 15 26 31

0 27 56 99 -1 17 28 31

0 21 26 55 -10 0 9 23

0 66 90 3 -16 8 47 36

0 94 95 97 -13 30 31 17

0 16 84 91 -14 6 22 20

0 11 23 18 -13 34 44 37

0 31 42 55 -15 9 26 24

0 43 47 5 -20 3 32 25

0 28 97 56 -12 30 45 15

0 22 70 13 -4 11 24 5

0 28 33 54 -20 5 18 36

0 62 70 39 -3 1 35 47

0 8 87 33 -13 11 24 1

0 10 67 68 -3 6 10 34

0 28 98 42 -14 1 46 6

0 0 14 59 -1 11 15 3

0 29 48 77 -10 9 17 34

0 21 80 84 -9 13 24 33

0 63 71 46 -1 1 4 35

0 4 95 4 -15 5 22 19

0 33 77 51 -18 15 18 29

0 20 33 23 -16 2 22 20

0 33 64 34 -3 28 43 23

0 21 29 29 -18 37 41 8

0 20 46 16 -16 30 33 6

0 7 53 86 -12 47 48 10

0 3 92 38 -1 13 42 40

0 18 50 11 -14 16 23 9

0 11 40 45 -14 15 38 19

0 2 35 84 -16 34 37 17

0 5 65 18 -1 26 31 2

0 25 28 93 -1 35 48 19

0 41 49 36 -14 13 14 43

0 27 60 23 -9 14 32 33

0 1 11 14 -13 1 3 7

0 8 49 87 -16 36 40 37

0 12 94 82 -3 10 42 18

0 8 37 48 -18 17 18 12

0 4 13 66 -19 0 4 49

0 34 36 24 -11 4 6 39

0 0 31 41 -2 23 43 6

0 6 9 91 -10 15 16 29

0 11 51 97 -16 7 12 22

0 27 47 9 -9 13 15 40

0 29 34 11 -5 4 12 48

0 8 14 10 -13 20 21 17

0 20 44 11 -5 36 44 34

0 6 11 51 -9 29 37 38

0 28 80 7 -17 16 29 40

0 40 55 45 -2 3 7 28

0 1 18 98 -9 7 9 29

0 7 18 35 -5 0 21 2

0 63 69 31 -14 27 32 11

0 24 48 35 -19 5 39 5

0 1 82 1 -6 13 34 35

0 14 56 65 -13 2 9 21

0 6 74 43 -4 14 18 42

0 13 17 62 -20 25 42 5

0 6 18 57 -15 16 22 10

0 6 10 94 -10 20 24 9

0 1 6 63 -20 12 18 39

0 0 1 4 -19 22 26 47

0 8 14 86 -12 20 34 22

0 6 14 28 -13 11 43 22

0 5 12 89 -14 39 47 10

0 7 14 73 -8 20 31 26

0 4 59 85 -10 1 26 41

0 1 9 57 -18 29 47 19

0 6 10 33 -3 11 17 0

0 3 5 69 -20 12 40 32

0 0 69 29 -9 8 47 49

0 9 19 96 -19 2 12 44

0 6 34 98 -15 2 41 33

0 0 1 58 -11 3 16 43

0 1 2 57 -9 16 20 2

0 3 12 76 -17 27 31 0

0 6 8 25 -1 3 43 23

0 1 2 15 -19 20 37 35

0 7 8 11 -4 7 49 28

0 0 1 7 -1 3 25 35

0 5 9 4 -15 12 24 33

0 3 57 20 -2 7 46 48


SAlphaB: 705.0, std-dev 266.6638146627792

Earliest win: 33
Latest win: 81

WinDepth:
0 0 0 0 0 0 0 0 0 0 0 0 0 0 0 0 0 0 0 0 0 0 0 0 0 0 0 0 0 0 0 0 0 1 0 0 0 0 0 2 0 2 7 8 32 7 20 39 41 85 106 209 141 125 95 221 104 159 141 159 141 266 214 332 378 341 399 328 403 439 421 377 415 388 410 339 284 235 184 140 99 81 
SAlphaB:
0 0 0 0 0 0 0 0 0 0 0 0 0 0 0 0 0 0 0 0 0 0 0 0 0 0 0 0 0 0 0 0 0 1 0 0 0 0 0 2 0 2 7 8 32 7 20 39 41 85 106 209 141 125 95 221 104 159 141 159 141 266 214 332 378 341 399 328 403 439 421 377 415 388 410 339 284 235 184 140 99 81 

LossDepth:
SAlphaB:
0 0 0 0 0 0 0 0 0 0 0 0 0 0 0 0 0 0 0 0 0 0 0 0 0 0 0 0 0 0 0 0 0 1 0 0 0 0 0 2 0 2 7 8 32 7 20 39 41 85 106 209 141 125 95 221 104 159 141 159 141 266 214 332 378 341 399 328 403 439 421 377 415 388 410 339 284 235 184 140 99 81 

FirstWin:
0 0 0 0 0 0 0 0 0 0 0 0 0 0 0 0 0 0 0 0 0 0 0 0 0 0 0 0 0 0 0 0 0 1 0 0 0 0 0 2 0 2 0 8 0 7 0 39 0 85 0 209 0 125 0 221 0 159 0 159 0 266 0 332 0 341 0 328 0 439 0 377 0 388 0 339 0 235 0 140 0 81 
SAlphaB:
0 0 0 0 0 0 0 0 0 0 0 0 0 0 0 0 0 0 0 0 0 0 0 0 0 0 0 0 0 0 0 0 0 1 0 0 0 0 0 2 0 2 0 8 0 7 0 39 0 85 0 209 0 125 0 221 0 159 0 159 0 266 0 332 0 341 0 328 0 439 0 377 0 388 0 339 0 235 0 140 0 81 

SecondWin:
0 0 0 0 0 0 0 0 0 0 0 0 0 0 0 0 0 0 0 0 0 0 0 0 0 0 0 0 0 0 0 0 0 0 0 0 0 0 0 0 0 0 7 0 32 0 20 0 41 0 106 0 141 0 95 0 104 0 141 0 141 0 214 0 378 0 399 0 403 0 421 0 415 0 410 0 284 0 184 0 99 0 
SAlphaB:
0 0 0 0 0 0 0 0 0 0 0 0 0 0 0 0 0 0 0 0 0 0 0 0 0 0 0 0 0 0 0 0 0 0 0 0 0 0 0 0 0 0 7 0 32 0 20 0 41 0 106 0 141 0 95 0 104 0 141 0 141 0 214 0 378 0 399 0 403 0 421 0 415 0 410 0 284 0 184 0 99 0 
