0 39 55 83 -11 3 7 6

0 65 76 15 -2 12 38 33

0 14 83 29 -9 3 6 19

0 23 70 53 -5 1 4 1

0 22 32 37 -3 3 4 2

0 39 88 6 -17 1 15 36

0 26 61 27 -6 2 7 37

0 7 94 80 -11 24 45 10

0 56 83 94 -17 1 10 37

0 48 66 12 -18 2 22 13

0 57 59 29 -11 2 6 13

0 81 90 28 -8 4 12 23

0 51 70 60 -5 2 7 4

0 58 99 9 -5 2 9 17

0 68 71 83 -12 4 48 27

0 73 83 40 -18 1 9 16

0 31 35 71 -7 1 2 0

0 75 84 90 -16 9 10 46

0 94 98 11 -9 2 30 2

0 22 24 0 -5 0 2 4

0 17 42 71 -10 15 21 13

0 38 39 67 -8 3 24 26

0 46 98 19 -13 11 20 5

0 25 33 86 -5 25 38 9

0 3 96 52 -19 0 8 20

0 26 77 85 -5 2 36 4

0 31 32 19 -13 6 22 12

0 41 79 56 -10 14 24 21

0 19 32 21 -20 13 27 1

0 87 94 74 -12 0 2 45

0 19 68 9 -6 7 23 26

0 28 59 71 -9 14 32 40

0 6 69 23 -5 26 38 27

0 12 92 82 -20 5 25 3

0 13 28 3 -19 2 4 7

0 24 39 87 -9 5 11 32

0 68 76 61 -3 2 3 34

0 28 80 58 -2 0 26 41

0 31 58 75 -19 24 39 1

0 4 24 74 -1 0 4 17

0 14 94 88 -9 2 5 14

0 23 74 67 -13 8 48 29

0 22 23 62 -20 4 20 14

0 38 99 29 -1 20 21 16

0 34 81 11 -6 26 31 29

0 29 38 48 -3 10 23 46

0 7 41 16 -19 3 11 31

0 47 64 2 -14 10 39 6

0 86 99 2 -1 3 7 39

0 58 79 20 -11 23 26 13

0 7 16 48 -3 11 44 18

0 4 57 51 -10 26 49 7

0 29 38 74 -15 3 5 29

0 84 85 57 -1 12 14 12

0 21 57 64 -11 29 33 48

0 10 42 21 -17 39 48 9

0 7 8 67 -4 24 29 30

0 50 62 53 -2 25 31 10

0 12 24 46 -16 1 6 35

0 35 96 14 -10 28 38 30

0 20 46 19 -4 8 29 39

0 4 5 28 -11 12 15 26

0 53 55 27 -10 45 49 35

0 11 29 39 -14 23 24 33

0 1 47 23 -4 10 19 21

0 4 30 81 -6 7 8 32

0 11 47 7 -8 39 44 3

0 15 29 17 -16 9 30 29

0 49 86 69 -5 39 44 45

0 8 56 0 -12 29 42 46

0 0 4 74 -18 0 3 6

0 2 3 67 -17 6 36 28

0 10 55 22 -4 8 36 20

0 9 14 44 -12 2 22 12

0 76 97 19 -4 45 46 11

0 7 21 74 -13 17 48 49

0 9 60 56 -9 2 43 41

0 2 70 52 -6 2 30 41

0 7 8 64 -2 10 22 30

0 0 4 82 -1 17 25 10

0 0 3 51 -18 4 8 15

0 1 4 18 -5 22 36 10

0 1 13 69 -14 16 32 1

0 23 52 63 -13 14 19 41

0 7 8 21 -14 12 17 38

0 85 94 48 -9 45 48 10

0 7 30 46 -3 4 46 15

0 2 5 58 -11 21 28 39

0 5 6 35 -20 3 41 2

0 1 14 37 -17 10 21 3

0 6 19 91 -7 0 8 32

0 10 12 9 -15 0 28 22

0 4 22 15 -11 0 3 44

0 3 10 10 -11 8 11 46

0 3 14 82 -13 8 13 44

0 2 12 71 -17 13 30 44

0 11 14 26 -7 10 37 44

0 0 5 33 -1 23 26 30

0 2 8 22 -5 13 25 41

0 8 22 3 -16 3 46 37


SAlphaB: 708.0, std-dev 274.41865420881606

Earliest win: 37
Latest win: 81

WinDepth:
0 0 0 0 0 0 0 0 0 0 0 0 0 0 0 0 0 0 0 0 0 0 0 0 0 0 0 0 0 0 0 0 0 0 0 0 0 10 2 4 8 8 6 4 6 18 7 32 30 29 67 152 45 114 75 185 100 170 156 178 149 170 239 358 302 356 367 395 447 413 486 485 428 447 378 409 299 247 200 169 121 74 
SAlphaB:
0 0 0 0 0 0 0 0 0 0 0 0 0 0 0 0 0 0 0 0 0 0 0 0 0 0 0 0 0 0 0 0 0 0 0 0 0 10 2 4 8 8 6 4 6 18 7 32 30 29 67 152 45 114 75 185 100 170 156 178 149 170 239 358 302 356 367 395 447 413 486 485 428 447 378 409 299 247 200 169 121 74 

LossDepth:
SAlphaB:
0 0 0 0 0 0 0 0 0 0 0 0 0 0 0 0 0 0 0 0 0 0 0 0 0 0 0 0 0 0 0 0 0 0 0 0 0 10 2 4 8 8 6 4 6 18 7 32 30 29 67 152 45 114 75 185 100 170 156 178 149 170 239 358 302 356 367 395 447 413 486 485 428 447 378 409 299 247 200 169 121 74 

FirstWin:
0 0 0 0 0 0 0 0 0 0 0 0 0 0 0 0 0 0 0 0 0 0 0 0 0 0 0 0 0 0 0 0 0 0 0 0 0 10 0 4 0 8 0 4 0 18 0 32 0 29 0 152 0 114 0 185 0 170 0 178 0 170 0 358 0 356 0 395 0 413 0 485 0 447 0 409 0 247 0 169 0 74 
SAlphaB:
0 0 0 0 0 0 0 0 0 0 0 0 0 0 0 0 0 0 0 0 0 0 0 0 0 0 0 0 0 0 0 0 0 0 0 0 0 10 0 4 0 8 0 4 0 18 0 32 0 29 0 152 0 114 0 185 0 170 0 178 0 170 0 358 0 356 0 395 0 413 0 485 0 447 0 409 0 247 0 169 0 74 

SecondWin:
0 0 0 0 0 0 0 0 0 0 0 0 0 0 0 0 0 0 0 0 0 0 0 0 0 0 0 0 0 0 0 0 0 0 0 0 0 0 2 0 8 0 6 0 6 0 7 0 30 0 67 0 45 0 75 0 100 0 156 0 149 0 239 0 302 0 367 0 447 0 486 0 428 0 378 0 299 0 200 0 121 0 
SAlphaB:
0 0 0 0 0 0 0 0 0 0 0 0 0 0 0 0 0 0 0 0 0 0 0 0 0 0 0 0 0 0 0 0 0 0 0 0 0 0 2 0 8 0 6 0 6 0 7 0 30 0 67 0 45 0 75 0 100 0 156 0 149 0 239 0 302 0 367 0 447 0 486 0 428 0 378 0 299 0 200 0 121 0 
