0 22 47 67 -3 2 9 3

0 6 91 12 -4 0 1 15

0 60 83 92 -20 0 1 35

0 25 71 63 -1 14 15 12

0 62 64 67 -8 3 4 20

0 29 80 84 -2 3 16 26

0 19 86 73 -4 8 10 46

0 60 75 71 -9 13 41 29

0 54 62 56 -7 7 12 48

0 40 63 1 -6 1 7 19

0 46 61 59 -9 2 23 4

0 4 84 56 -9 2 5 20

0 39 92 66 -16 8 18 49

0 15 93 28 -10 7 8 11

0 27 28 36 -16 3 6 12

0 43 90 41 -8 2 9 18

0 28 50 91 -5 14 23 17

0 50 58 84 -14 8 11 20

0 13 88 7 -1 0 12 28

0 39 99 88 -11 11 15 36

0 27 87 3 -17 39 44 22

0 34 56 17 -19 0 1 40

0 23 58 23 -8 10 12 2

0 25 30 31 -8 3 36 9

0 4 79 58 -20 0 3 3

0 93 96 97 -5 2 5 48

0 6 31 61 -16 8 13 14

0 11 98 11 -11 2 7 33

0 56 67 90 -17 0 2 3

0 42 58 97 -9 1 28 2

0 12 62 79 -4 2 7 49

0 24 51 79 -19 21 24 26

0 5 38 75 -17 4 5 7

0 50 61 17 -20 13 28 30

0 40 48 12 -5 13 42 18

0 10 51 31 -10 20 29 29

0 33 79 22 -17 0 25 9

0 71 81 82 -8 27 32 5

0 24 32 37 -16 4 6 13

0 15 44 51 -3 13 36 15

0 26 89 0 -4 16 34 17

0 13 63 52 -7 6 20 28

0 58 90 73 -9 30 36 7

0 10 52 87 -17 17 34 4

0 3 43 96 -16 12 18 0

0 10 38 22 -9 11 31 36

0 55 58 87 -12 1 2 37

0 27 59 95 -10 24 27 18

0 15 51 69 -19 28 35 44

0 68 84 16 -4 24 34 40

0 3 60 5 -14 4 32 38

0 56 85 7 -11 25 30 8

0 4 14 47 -19 9 17 38

0 25 34 86 -2 5 32 38

0 9 23 33 -2 42 45 12

0 4 65 62 -11 2 12 31

0 1 54 67 -9 29 45 28

0 51 75 17 -5 0 24 35

0 34 76 78 -10 1 3 40

0 2 46 3 -10 23 49 32

0 11 25 88 -13 5 21 28

0 0 38 46 -10 2 35 35

0 3 5 91 -3 9 11 34

0 1 86 72 -3 23 34 47

0 80 87 17 -19 16 22 46

0 30 36 84 -11 29 36 41

0 11 16 37 -12 8 26 34

0 6 22 37 -6 11 17 5

0 50 64 83 -10 27 31 35

0 20 52 1 -19 7 25 49

0 30 64 40 -1 29 34 45

0 17 41 58 -5 25 49 46

0 3 22 83 -16 3 8 40

0 24 42 14 -13 14 27 28

0 19 42 80 -20 10 13 20

0 7 8 60 -13 5 12 29

0 7 33 13 -10 8 10 29

0 25 43 58 -8 1 44 42

0 8 40 18 -17 24 31 22

0 17 27 12 -5 12 42 14

0 4 17 74 -15 8 10 44

0 11 48 18 -15 5 46 3

0 31 32 1 -3 18 21 13

0 0 5 33 -9 21 35 1

0 9 26 23 -2 1 19 26

0 22 23 18 -3 12 19 35

0 18 26 90 -2 1 42 37

0 8 9 12 -10 6 9 17

0 5 18 26 -16 7 22 11

0 8 34 98 -19 2 21 43

0 33 38 46 -10 7 27 48

0 0 6 34 -11 2 18 0

0 2 9 59 -1 4 36 10

0 0 1 51 -2 15 24 0

0 2 11 49 -13 25 36 48

0 0 1 19 -7 0 1 28

0 0 1 54 -19 16 32 34

0 1 3 1 -3 0 27 34

0 0 1 81 -13 1 2 38

0 2 12 14 -4 6 7 43


SAlphaB: 703.0, std-dev 273.4995701989126

Earliest win: 37
Latest win: 81

WinDepth:
0 0 0 0 0 0 0 0 0 0 0 0 0 0 0 0 0 0 0 0 0 0 0 0 0 0 0 0 0 0 0 0 0 0 0 0 0 12 3 1 0 7 4 5 7 18 8 52 29 77 69 204 75 157 72 166 114 168 127 162 191 236 259 314 318 338 401 354 433 455 445 455 382 372 424 362 324 228 169 149 111 79 
SAlphaB:
0 0 0 0 0 0 0 0 0 0 0 0 0 0 0 0 0 0 0 0 0 0 0 0 0 0 0 0 0 0 0 0 0 0 0 0 0 12 3 1 0 7 4 5 7 18 8 52 29 77 69 204 75 157 72 166 114 168 127 162 191 236 259 314 318 338 401 354 433 455 445 455 382 372 424 362 324 228 169 149 111 79 

LossDepth:
SAlphaB:
0 0 0 0 0 0 0 0 0 0 0 0 0 0 0 0 0 0 0 0 0 0 0 0 0 0 0 0 0 0 0 0 0 0 0 0 0 12 3 1 0 7 4 5 7 18 8 52 29 77 69 204 75 157 72 166 114 168 127 162 191 236 259 314 318 338 401 354 433 455 445 455 382 372 424 362 324 228 169 149 111 79 

FirstWin:
0 0 0 0 0 0 0 0 0 0 0 0 0 0 0 0 0 0 0 0 0 0 0 0 0 0 0 0 0 0 0 0 0 0 0 0 0 12 0 1 0 7 0 5 0 18 0 52 0 77 0 204 0 157 0 166 0 168 0 162 0 236 0 314 0 338 0 354 0 455 0 455 0 372 0 362 0 228 0 149 0 79 
SAlphaB:
0 0 0 0 0 0 0 0 0 0 0 0 0 0 0 0 0 0 0 0 0 0 0 0 0 0 0 0 0 0 0 0 0 0 0 0 0 12 0 1 0 7 0 5 0 18 0 52 0 77 0 204 0 157 0 166 0 168 0 162 0 236 0 314 0 338 0 354 0 455 0 455 0 372 0 362 0 228 0 149 0 79 

SecondWin:
0 0 0 0 0 0 0 0 0 0 0 0 0 0 0 0 0 0 0 0 0 0 0 0 0 0 0 0 0 0 0 0 0 0 0 0 0 0 3 0 0 0 4 0 7 0 8 0 29 0 69 0 75 0 72 0 114 0 127 0 191 0 259 0 318 0 401 0 433 0 445 0 382 0 424 0 324 0 169 0 111 0 
SAlphaB:
0 0 0 0 0 0 0 0 0 0 0 0 0 0 0 0 0 0 0 0 0 0 0 0 0 0 0 0 0 0 0 0 0 0 0 0 0 0 3 0 0 0 4 0 7 0 8 0 29 0 69 0 75 0 72 0 114 0 127 0 191 0 259 0 318 0 401 0 433 0 445 0 382 0 424 0 324 0 169 0 111 0 
