0 23 59 53 -8 9 20 3

0 13 95 15 -8 5 7 22

0 36 73 14 -1 7 29 8

0 34 66 8 -4 3 13 21

0 45 90 24 -2 7 10 0

0 78 99 32 -15 2 25 34

0 45 83 87 -5 0 8 5

0 22 38 68 -17 10 20 6

0 31 61 12 -5 1 27 7

0 24 58 11 -16 1 6 42

0 22 57 69 -20 2 4 37

0 11 79 30 -2 8 20 10

0 22 48 72 -7 0 12 0

0 58 90 37 -15 17 41 3

0 37 81 8 -12 14 26 16

0 55 60 53 -10 9 23 4

0 17 51 2 -13 0 19 3

0 46 93 51 -13 0 2 34

0 44 83 72 -13 3 4 12

0 31 69 56 -7 0 20 46

0 16 50 11 -19 20 33 22

0 18 70 3 -10 14 28 10

0 39 40 43 -17 18 41 14

0 52 92 72 -1 6 23 41

0 19 55 79 -2 26 36 3

0 9 36 83 -18 13 29 33

0 25 62 95 -11 0 14 41

0 92 96 71 -3 20 31 46

0 19 88 65 -10 18 38 21

0 1 28 88 -7 5 15 20

0 69 71 43 -11 21 29 45

0 64 66 89 -20 6 39 25

0 69 77 59 -14 17 26 19

0 49 65 5 -11 6 47 34

0 54 64 39 -6 14 34 31

0 46 71 95 -4 18 24 7

0 2 89 94 -4 15 16 36

0 13 94 74 -13 14 17 20

0 14 67 93 -15 9 28 42

0 15 77 39 -12 38 39 19

0 16 28 15 -5 0 1 22

0 30 41 90 -4 8 34 23

0 12 52 56 -12 15 27 2

0 55 85 94 -9 29 47 13

0 48 71 74 -7 31 41 5

0 24 87 29 -12 19 27 24

0 20 68 24 -3 2 3 30

0 49 63 91 -4 5 11 48

0 25 57 50 -8 14 37 18

0 11 36 91 -1 12 24 45

0 39 74 88 -8 2 3 37

0 24 26 33 -6 12 31 32

0 90 94 62 -17 25 41 22

0 15 17 58 -10 1 7 22

0 36 50 77 -16 43 49 27

0 15 32 48 -17 3 14 9

0 2 3 44 -6 12 39 47

0 36 62 34 -11 37 44 35

0 18 97 30 -3 16 38 35

0 40 79 90 -19 23 33 30

0 23 27 91 -7 12 14 18

0 12 14 60 -9 0 2 39

0 4 9 56 -10 1 2 16

0 11 37 76 -4 1 2 34

0 9 32 34 -3 4 41 35

0 26 48 93 -5 18 33 41

0 52 54 52 -18 2 3 47

0 2 70 18 -7 0 26 41

0 26 29 58 -7 28 34 32

0 2 28 40 -18 11 22 0

0 1 17 61 -9 32 33 37

0 36 39 57 -10 15 24 29

0 3 26 27 -14 7 32 10

0 48 69 17 -17 19 21 3

0 18 29 84 -13 9 27 20

0 16 47 20 -20 28 30 35

0 15 21 35 -18 6 17 41

0 31 33 38 -13 17 22 32

0 16 37 62 -18 14 38 6

0 10 61 76 -10 1 49 7

0 0 24 97 -20 7 17 30

0 8 21 16 -4 0 24 4

0 1 2 46 -18 2 10 32

0 3 44 97 -17 0 23 28

0 7 17 94 -11 18 25 39

0 3 49 9 -3 26 47 1

0 2 53 70 -5 6 33 33

0 2 4 98 -8 32 39 41

0 0 35 6 -10 25 33 11

0 1 15 79 -6 2 3 40

0 3 15 92 -4 20 39 10

0 3 28 65 -4 6 36 35

0 3 5 0 -6 37 43 33

0 2 3 89 -8 16 49 46

0 11 16 1 -1 20 32 26

0 2 13 62 -12 0 10 23

0 0 4 12 -7 0 24 19

0 8 31 44 -1 6 30 38

0 1 3 60 -10 13 29 46

0 0 2 15 -10 0 1 45


SAlphaB: 691.0, std-dev 253.91078923292898

Earliest win: 37
Latest win: 81

WinDepth:
0 0 0 0 0 0 0 0 0 0 0 0 0 0 0 0 0 0 0 0 0 0 0 0 0 0 0 0 0 0 0 0 0 0 0 0 0 3 1 1 3 6 3 14 3 20 6 32 12 72 74 198 69 111 97 201 134 214 162 209 163 225 280 324 352 349 393 415 425 429 422 459 394 433 385 377 277 222 165 148 86 70 
SAlphaB:
0 0 0 0 0 0 0 0 0 0 0 0 0 0 0 0 0 0 0 0 0 0 0 0 0 0 0 0 0 0 0 0 0 0 0 0 0 3 1 1 3 6 3 14 3 20 6 32 12 72 74 198 69 111 97 201 134 214 162 209 163 225 280 324 352 349 393 415 425 429 422 459 394 433 385 377 277 222 165 148 86 70 

LossDepth:
SAlphaB:
0 0 0 0 0 0 0 0 0 0 0 0 0 0 0 0 0 0 0 0 0 0 0 0 0 0 0 0 0 0 0 0 0 0 0 0 0 3 1 1 3 6 3 14 3 20 6 32 12 72 74 198 69 111 97 201 134 214 162 209 163 225 280 324 352 349 393 415 425 429 422 459 394 433 385 377 277 222 165 148 86 70 

FirstWin:
0 0 0 0 0 0 0 0 0 0 0 0 0 0 0 0 0 0 0 0 0 0 0 0 0 0 0 0 0 0 0 0 0 0 0 0 0 3 0 1 0 6 0 14 0 20 0 32 0 72 0 198 0 111 0 201 0 214 0 209 0 225 0 324 0 349 0 415 0 429 0 459 0 433 0 377 0 222 0 148 0 70 
SAlphaB:
0 0 0 0 0 0 0 0 0 0 0 0 0 0 0 0 0 0 0 0 0 0 0 0 0 0 0 0 0 0 0 0 0 0 0 0 0 3 0 1 0 6 0 14 0 20 0 32 0 72 0 198 0 111 0 201 0 214 0 209 0 225 0 324 0 349 0 415 0 429 0 459 0 433 0 377 0 222 0 148 0 70 

SecondWin:
0 0 0 0 0 0 0 0 0 0 0 0 0 0 0 0 0 0 0 0 0 0 0 0 0 0 0 0 0 0 0 0 0 0 0 0 0 0 1 0 3 0 3 0 3 0 6 0 12 0 74 0 69 0 97 0 134 0 162 0 163 0 280 0 352 0 393 0 425 0 422 0 394 0 385 0 277 0 165 0 86 0 
SAlphaB:
0 0 0 0 0 0 0 0 0 0 0 0 0 0 0 0 0 0 0 0 0 0 0 0 0 0 0 0 0 0 0 0 0 0 0 0 0 0 1 0 3 0 3 0 3 0 6 0 12 0 74 0 69 0 97 0 134 0 162 0 163 0 280 0 352 0 393 0 425 0 422 0 394 0 385 0 277 0 165 0 86 0 
