0 51 91 76 -18 0 14 32

0 54 92 1 -20 3 23 5

0 23 81 64 -2 6 19 7

0 70 85 87 -1 5 26 29

0 51 60 17 -17 5 20 20

0 62 91 20 -19 10 11 19

0 29 89 71 -20 1 3 20

0 38 47 91 -3 11 23 22

0 4 64 8 -20 0 1 12

0 25 63 62 -10 10 27 12

0 28 95 86 -16 26 38 21

0 18 42 17 -19 28 36 31

0 38 41 73 -2 12 16 18

0 22 86 60 -4 3 4 4

0 36 38 5 -7 4 6 18

0 57 72 77 -3 5 18 47

0 13 45 52 -18 33 38 8

0 62 95 68 -10 8 10 30

0 23 94 83 -20 10 30 21

0 16 44 86 -4 2 3 3

0 26 53 57 -19 31 36 6

0 26 47 73 -17 3 8 35

0 34 77 87 -13 8 13 38

0 41 53 88 -10 0 1 39

0 46 81 26 -5 1 2 18

0 70 93 79 -19 1 12 16

0 30 58 20 -20 7 13 22

0 61 69 40 -4 14 20 15

0 88 93 95 -16 2 4 37

0 14 25 99 -16 21 24 30

0 37 88 26 -9 9 47 8

0 25 44 52 -10 10 32 27

0 33 47 93 -6 2 22 35

0 23 72 18 -9 14 32 34

0 17 78 75 -20 3 34 30

0 26 56 1 -1 6 41 22

0 38 51 66 -20 31 40 22

0 24 95 97 -19 3 19 23

0 14 93 97 -18 11 44 18

0 24 68 0 -10 39 47 32

0 40 57 68 -2 7 10 44

0 94 97 21 -13 5 12 5

0 5 70 54 -13 15 29 16

0 24 37 6 -11 1 4 45

0 32 35 25 -15 9 13 22

0 4 51 82 -17 10 13 19

0 20 52 44 -3 3 5 40

0 30 75 47 -8 33 38 22

0 27 48 69 -9 14 18 12

0 65 84 61 -16 25 27 39

0 27 52 77 -10 15 28 1

0 5 58 36 -9 3 8 31

0 0 54 61 -2 22 24 40

0 90 93 72 -1 32 35 44

0 18 34 41 -2 21 38 20

0 44 52 68 -16 6 49 22

0 3 9 62 -16 0 4 10

0 37 74 77 -7 24 26 39

0 14 52 1 -12 12 21 29

0 19 53 60 -5 33 35 43

0 22 73 20 -3 18 39 46

0 11 41 99 -3 11 42 23

0 19 38 27 -17 5 6 6

0 40 78 96 -9 13 19 36

0 11 18 50 -4 5 14 41

0 22 33 3 -4 40 43 24

0 3 12 93 -16 12 13 14

0 30 36 85 -1 15 25 35

0 23 62 68 -1 29 37 36

0 45 57 81 -1 27 37 34

0 21 89 13 -16 11 30 5

0 11 38 47 -16 15 44 42

0 2 30 36 -3 19 23 7

0 4 86 24 -14 14 30 43

0 65 85 91 -19 39 40 17

0 27 73 1 -10 5 33 45

0 36 74 15 -1 41 43 5

0 2 29 88 -12 20 30 10

0 47 50 15 -16 27 44 28

0 16 43 93 -11 1 41 11

0 3 5 88 -18 5 29 14

0 3 8 51 -9 38 43 46

0 18 25 31 -19 25 29 42

0 22 76 65 -1 23 45 42

0 18 32 8 -6 19 49 38

0 1 62 32 -5 2 5 39

0 0 44 25 -1 0 32 22

0 14 58 78 -10 6 26 32

0 0 16 75 -19 3 4 4

0 8 44 34 -1 7 48 38

0 1 3 22 -15 0 4 2

0 0 17 37 -17 15 22 17

0 1 2 55 -12 1 27 38

0 17 23 4 -4 16 20 49

0 0 6 76 -13 20 32 36

0 1 10 19 -2 38 40 37

0 0 62 34 -16 13 17 40

0 0 17 7 -6 24 25 41

0 1 15 21 -17 13 43 8

0 2 27 5 -7 1 27 42


SAlphaB: 698.0, std-dev 269.3815475896933

Earliest win: 35
Latest win: 81

WinDepth:
0 0 0 0 0 0 0 0 0 0 0 0 0 0 0 0 0 0 0 0 0 0 0 0 0 0 0 0 0 0 0 0 0 0 0 1 1 0 0 1 15 3 1 12 8 11 13 30 22 59 69 151 99 123 91 161 89 164 159 174 130 228 254 330 391 427 417 391 436 450 422 440 413 384 391 329 285 250 216 135 106 80 
SAlphaB:
0 0 0 0 0 0 0 0 0 0 0 0 0 0 0 0 0 0 0 0 0 0 0 0 0 0 0 0 0 0 0 0 0 0 0 1 1 0 0 1 15 3 1 12 8 11 13 30 22 59 69 151 99 123 91 161 89 164 159 174 130 228 254 330 391 427 417 391 436 450 422 440 413 384 391 329 285 250 216 135 106 80 

LossDepth:
SAlphaB:
0 0 0 0 0 0 0 0 0 0 0 0 0 0 0 0 0 0 0 0 0 0 0 0 0 0 0 0 0 0 0 0 0 0 0 1 1 0 0 1 15 3 1 12 8 11 13 30 22 59 69 151 99 123 91 161 89 164 159 174 130 228 254 330 391 427 417 391 436 450 422 440 413 384 391 329 285 250 216 135 106 80 

FirstWin:
0 0 0 0 0 0 0 0 0 0 0 0 0 0 0 0 0 0 0 0 0 0 0 0 0 0 0 0 0 0 0 0 0 0 0 1 0 0 0 1 0 3 0 12 0 11 0 30 0 59 0 151 0 123 0 161 0 164 0 174 0 228 0 330 0 427 0 391 0 450 0 440 0 384 0 329 0 250 0 135 0 80 
SAlphaB:
0 0 0 0 0 0 0 0 0 0 0 0 0 0 0 0 0 0 0 0 0 0 0 0 0 0 0 0 0 0 0 0 0 0 0 1 0 0 0 1 0 3 0 12 0 11 0 30 0 59 0 151 0 123 0 161 0 164 0 174 0 228 0 330 0 427 0 391 0 450 0 440 0 384 0 329 0 250 0 135 0 80 

SecondWin:
0 0 0 0 0 0 0 0 0 0 0 0 0 0 0 0 0 0 0 0 0 0 0 0 0 0 0 0 0 0 0 0 0 0 0 0 1 0 0 0 15 0 1 0 8 0 13 0 22 0 69 0 99 0 91 0 89 0 159 0 130 0 254 0 391 0 417 0 436 0 422 0 413 0 391 0 285 0 216 0 106 0 
SAlphaB:
0 0 0 0 0 0 0 0 0 0 0 0 0 0 0 0 0 0 0 0 0 0 0 0 0 0 0 0 0 0 0 0 0 0 0 0 1 0 0 0 15 0 1 0 8 0 13 0 22 0 69 0 99 0 91 0 89 0 159 0 130 0 254 0 391 0 417 0 436 0 422 0 413 0 391 0 285 0 216 0 106 0 
