0 29 66 24 -3 0 11 4

0 38 44 81 -9 4 15 10

0 34 88 22 -16 5 17 23

0 43 56 93 -8 8 12 15

0 8 67 93 -14 2 5 6

0 67 79 19 -9 14 22 2

0 4 74 65 -15 29 40 19

0 43 60 37 -9 6 14 46

0 55 88 84 -16 9 49 14

0 24 49 54 -2 22 36 8

0 79 81 71 -17 0 1 42

0 52 78 45 -3 5 14 24

0 71 93 23 -14 2 4 11

0 10 47 78 -12 18 32 20

0 5 74 33 -13 9 23 10

0 80 91 72 -3 22 23 1

0 29 74 17 -5 17 33 15

0 86 91 75 -5 0 1 28

0 50 65 47 -20 2 16 24

0 30 47 46 -11 31 43 13

0 78 89 3 -12 11 21 24

0 66 71 38 -18 21 23 32

0 18 90 6 -19 8 27 3

0 28 90 78 -12 25 48 25

0 24 37 80 -16 35 38 27

0 18 47 46 -8 18 28 4

0 19 57 39 -1 14 43 5

0 55 62 76 -12 13 20 26

0 37 40 91 -11 18 24 10

0 10 20 14 -4 4 14 11

0 25 66 60 -17 14 24 24

0 3 64 51 -2 12 22 1

0 47 95 8 -9 28 40 43

0 11 17 49 -16 2 3 35

0 37 52 8 -15 1 2 21

0 88 95 98 -2 26 39 42

0 41 83 16 -15 13 16 27

0 4 25 94 -1 0 2 21

0 61 90 73 -19 25 47 10

0 20 38 91 -1 28 34 5

0 50 90 53 -1 4 9 45

0 46 67 14 -12 20 41 11

0 18 67 85 -16 4 6 5

0 65 72 34 -12 3 37 24

0 29 86 25 -5 31 47 7

0 85 91 70 -5 38 45 43

0 18 52 78 -19 16 18 26

0 41 46 16 -2 17 18 18

0 61 71 37 -16 18 38 13

0 28 35 2 -1 14 19 4

0 15 82 35 -8 7 27 25

0 5 64 59 -16 25 36 34

0 19 50 3 -3 8 46 9

0 4 38 20 -6 11 16 17

0 17 53 79 -18 19 46 33

0 34 72 74 -1 0 10 30

0 28 49 81 -4 15 49 7

0 12 20 78 -9 36 37 4

0 18 75 43 -6 1 32 16

0 0 90 95 -10 21 30 48

0 5 44 93 -6 11 23 40

0 4 15 39 -20 0 17 8

0 7 30 45 -17 18 21 21

0 0 1 50 -17 0 5 2

0 26 37 71 -5 3 17 40

0 30 59 88 -1 25 37 49

0 4 98 58 -9 10 15 43

0 17 22 73 -8 4 8 32

0 6 52 29 -9 5 9 2

0 5 71 2 -12 11 12 13

0 19 23 25 -15 7 42 5

0 4 24 85 -1 5 17 26

0 16 39 12 -7 9 21 42

0 1 3 58 -10 26 32 24

0 7 59 94 -7 37 45 47

0 5 50 80 -16 0 18 43

0 9 17 49 -10 17 34 18

0 19 24 28 -19 1 14 35

0 1 38 90 -12 17 20 49

0 17 24 60 -7 6 7 38

0 14 29 29 -6 1 7 39

0 0 25 41 -16 8 36 17

0 15 35 97 -8 20 47 14

0 4 12 54 -4 34 41 38

0 26 31 9 -7 16 25 44

0 10 14 32 -20 4 19 33

0 0 10 64 -3 0 36 44

0 4 5 18 -5 8 42 10

0 7 23 35 -8 29 35 2

0 6 24 0 -17 12 40 49

0 20 24 2 -1 8 12 48

0 2 15 18 -13 14 25 30

0 68 73 72 -7 44 49 11

0 0 13 89 -12 30 46 9

0 2 3 96 -7 3 12 23

0 3 23 6 -6 2 6 44

0 3 11 73 -3 1 5 16

0 3 4 13 -4 17 45 27

0 0 10 24 -10 10 45 19

0 0 11 1 -13 13 19 42


SAlphaB: 707.0, std-dev 272.11687467859923

Earliest win: 37
Latest win: 81

WinDepth:
0 0 0 0 0 0 0 0 0 0 0 0 0 0 0 0 0 0 0 0 0 0 0 0 0 0 0 0 0 0 0 0 0 0 0 0 0 6 1 2 2 6 0 20 13 25 7 44 9 55 44 178 87 112 68 193 101 213 138 183 149 222 250 325 323 354 377 399 536 464 463 447 418 416 414 347 280 234 188 136 89 68 
SAlphaB:
0 0 0 0 0 0 0 0 0 0 0 0 0 0 0 0 0 0 0 0 0 0 0 0 0 0 0 0 0 0 0 0 0 0 0 0 0 6 1 2 2 6 0 20 13 25 7 44 9 55 44 178 87 112 68 193 101 213 138 183 149 222 250 325 323 354 377 399 536 464 463 447 418 416 414 347 280 234 188 136 89 68 

LossDepth:
SAlphaB:
0 0 0 0 0 0 0 0 0 0 0 0 0 0 0 0 0 0 0 0 0 0 0 0 0 0 0 0 0 0 0 0 0 0 0 0 0 6 1 2 2 6 0 20 13 25 7 44 9 55 44 178 87 112 68 193 101 213 138 183 149 222 250 325 323 354 377 399 536 464 463 447 418 416 414 347 280 234 188 136 89 68 

FirstWin:
0 0 0 0 0 0 0 0 0 0 0 0 0 0 0 0 0 0 0 0 0 0 0 0 0 0 0 0 0 0 0 0 0 0 0 0 0 6 0 2 0 6 0 20 0 25 0 44 0 55 0 178 0 112 0 193 0 213 0 183 0 222 0 325 0 354 0 399 0 464 0 447 0 416 0 347 0 234 0 136 0 68 
SAlphaB:
0 0 0 0 0 0 0 0 0 0 0 0 0 0 0 0 0 0 0 0 0 0 0 0 0 0 0 0 0 0 0 0 0 0 0 0 0 6 0 2 0 6 0 20 0 25 0 44 0 55 0 178 0 112 0 193 0 213 0 183 0 222 0 325 0 354 0 399 0 464 0 447 0 416 0 347 0 234 0 136 0 68 

SecondWin:
0 0 0 0 0 0 0 0 0 0 0 0 0 0 0 0 0 0 0 0 0 0 0 0 0 0 0 0 0 0 0 0 0 0 0 0 0 0 1 0 2 0 0 0 13 0 7 0 9 0 44 0 87 0 68 0 101 0 138 0 149 0 250 0 323 0 377 0 536 0 463 0 418 0 414 0 280 0 188 0 89 0 
SAlphaB:
0 0 0 0 0 0 0 0 0 0 0 0 0 0 0 0 0 0 0 0 0 0 0 0 0 0 0 0 0 0 0 0 0 0 0 0 0 0 1 0 2 0 0 0 13 0 7 0 9 0 44 0 87 0 68 0 101 0 138 0 149 0 250 0 323 0 377 0 536 0 463 0 418 0 414 0 280 0 188 0 89 0 
