0 17 60 8 -6 3 4 8

0 28 65 91 -6 8 19 14

0 67 90 20 -17 3 17 7

0 71 87 18 -2 14 32 21

0 18 84 63 -19 0 11 8

0 41 66 45 -18 3 9 29

0 27 89 72 -2 4 30 15

0 44 70 46 -13 0 18 27

0 42 65 65 -10 3 15 3

0 47 49 58 -12 1 2 16

0 46 59 56 -13 2 4 37

0 45 87 20 -2 8 18 9

0 30 49 19 -10 7 20 4

0 64 77 28 -2 4 14 18

0 67 69 92 -13 13 14 0

0 39 45 98 -5 10 35 39

0 20 41 94 -20 2 6 1

0 58 89 22 -18 1 41 37

0 78 88 68 -8 13 20 44

0 56 99 20 -20 32 41 27

0 55 92 54 -18 20 35 2

0 51 55 45 -1 13 22 22

0 32 49 93 -14 5 13 29

0 26 57 16 -18 17 38 37

0 37 97 10 -9 12 33 33

0 21 92 45 -11 30 45 44

0 17 27 39 -3 1 6 0

0 57 82 0 -2 22 23 21

0 24 25 7 -1 9 12 10

0 55 66 88 -14 5 8 35

0 96 97 18 -9 0 1 32

0 73 83 4 -19 18 28 24

0 54 67 73 -10 18 48 30

0 27 69 59 -8 7 11 40

0 22 66 51 -16 38 42 21

0 20 61 62 -20 5 25 5

0 33 34 58 -10 9 10 14

0 49 62 7 -15 18 22 15

0 69 78 2 -3 8 9 18

0 12 15 93 -8 2 4 3

0 0 47 58 -1 4 5 3

0 76 97 56 -8 27 41 11

0 66 90 63 -7 30 37 19

0 14 36 73 -7 18 37 27

0 13 95 84 -20 0 28 38

0 42 53 39 -10 12 27 12

0 28 33 54 -14 14 25 49

0 16 73 12 -20 5 45 37

0 7 21 23 -18 0 2 29

0 32 38 68 -7 12 23 39

0 23 87 2 -7 24 37 5

0 56 58 46 -6 25 29 19

0 22 40 82 -16 12 37 35

0 7 45 6 -6 13 42 4

0 24 64 59 -11 13 41 32

0 12 53 43 -15 2 8 22

0 3 86 22 -6 16 32 19

0 6 36 51 -17 31 40 28

0 27 31 2 -20 15 38 17

0 39 60 21 -19 26 27 11

0 20 45 27 -18 4 12 38

0 10 78 82 -5 1 2 21

0 15 35 71 -5 4 6 42

0 31 81 18 -15 7 47 11

0 10 12 5 -18 0 1 31

0 10 71 30 -12 40 48 1

0 8 49 53 -20 45 49 48

0 22 44 61 -15 2 47 16

0 19 30 4 -11 13 14 2

0 21 29 56 -16 5 9 49

0 0 31 51 -8 22 39 14

0 7 25 14 -18 38 46 36

0 28 37 6 -6 0 43 15

0 22 43 86 -14 2 40 2

0 34 55 15 -16 26 34 27

0 11 96 55 -20 19 22 44

0 12 99 48 -17 4 31 43

0 6 38 69 -2 41 49 39

0 19 63 82 -1 11 14 36

0 36 43 81 -2 3 37 40

0 6 18 8 -5 3 6 17

0 8 32 69 -19 7 36 35

0 10 53 65 -15 10 19 35

0 25 26 26 -12 24 35 38

0 54 58 82 -14 25 28 2

0 5 33 72 -15 22 43 41

0 1 20 42 -17 1 27 47

0 2 19 44 -5 16 23 11

0 1 5 73 -5 10 14 27

0 1 7 10 -5 13 29 21

0 4 5 35 -1 9 30 12

0 1 7 70 -5 5 40 25

0 1 10 30 -19 1 2 34

0 0 4 61 -18 1 18 20

0 2 32 11 -11 7 31 46

0 0 8 84 -1 15 21 40

0 3 13 36 -9 1 3 46

0 2 7 69 -8 1 17 49

0 0 11 21 -17 12 20 43

0 6 20 59 -4 11 48 9


SAlphaB: 684.0, std-dev 278.4571269794626

Earliest win: 37
Latest win: 81

WinDepth:
0 0 0 0 0 0 0 0 0 0 0 0 0 0 0 0 0 0 0 0 0 0 0 0 0 0 0 0 0 0 0 0 0 0 0 0 0 3 1 17 12 14 8 24 9 20 11 25 40 89 64 138 93 131 88 166 125 223 128 164 162 249 268 329 310 380 374 386 429 375 423 476 436 415 402 414 270 245 191 143 101 66 
SAlphaB:
0 0 0 0 0 0 0 0 0 0 0 0 0 0 0 0 0 0 0 0 0 0 0 0 0 0 0 0 0 0 0 0 0 0 0 0 0 3 1 17 12 14 8 24 9 20 11 25 40 89 64 138 93 131 88 166 125 223 128 164 162 249 268 329 310 380 374 386 429 375 423 476 436 415 402 414 270 245 191 143 101 66 

LossDepth:
SAlphaB:
0 0 0 0 0 0 0 0 0 0 0 0 0 0 0 0 0 0 0 0 0 0 0 0 0 0 0 0 0 0 0 0 0 0 0 0 0 3 1 17 12 14 8 24 9 20 11 25 40 89 64 138 93 131 88 166 125 223 128 164 162 249 268 329 310 380 374 386 429 375 423 476 436 415 402 414 270 245 191 143 101 66 

FirstWin:
0 0 0 0 0 0 0 0 0 0 0 0 0 0 0 0 0 0 0 0 0 0 0 0 0 0 0 0 0 0 0 0 0 0 0 0 0 3 0 17 0 14 0 24 0 20 0 25 0 89 0 138 0 131 0 166 0 223 0 164 0 249 0 329 0 380 0 386 0 375 0 476 0 415 0 414 0 245 0 143 0 66 
SAlphaB:
0 0 0 0 0 0 0 0 0 0 0 0 0 0 0 0 0 0 0 0 0 0 0 0 0 0 0 0 0 0 0 0 0 0 0 0 0 3 0 17 0 14 0 24 0 20 0 25 0 89 0 138 0 131 0 166 0 223 0 164 0 249 0 329 0 380 0 386 0 375 0 476 0 415 0 414 0 245 0 143 0 66 

SecondWin:
0 0 0 0 0 0 0 0 0 0 0 0 0 0 0 0 0 0 0 0 0 0 0 0 0 0 0 0 0 0 0 0 0 0 0 0 0 0 1 0 12 0 8 0 9 0 11 0 40 0 64 0 93 0 88 0 125 0 128 0 162 0 268 0 310 0 374 0 429 0 423 0 436 0 402 0 270 0 191 0 101 0 
SAlphaB:
0 0 0 0 0 0 0 0 0 0 0 0 0 0 0 0 0 0 0 0 0 0 0 0 0 0 0 0 0 0 0 0 0 0 0 0 0 0 1 0 12 0 8 0 9 0 11 0 40 0 64 0 93 0 88 0 125 0 128 0 162 0 268 0 310 0 374 0 429 0 423 0 436 0 402 0 270 0 191 0 101 0 
