0 48 87 45 -16 4 19 25

0 8 39 38 -4 0 6 2

0 29 92 34 -17 1 3 31

0 60 73 34 -3 7 19 5

0 56 58 2 -11 5 36 17

0 20 33 6 -6 0 3 15

0 54 76 48 -10 1 21 19

0 34 90 22 -1 2 3 8

0 10 81 8 -14 0 19 13

0 38 97 73 -3 19 22 37

0 40 84 85 -18 3 13 47

0 50 73 31 -9 8 22 32

0 43 46 43 -18 1 23 26

0 90 93 3 -2 13 19 20

0 39 95 84 -1 21 46 36

0 91 98 19 -9 15 41 12

0 31 60 31 -20 5 8 42

0 34 54 64 -7 10 30 2

0 15 83 26 -2 1 11 40

0 3 86 55 -1 14 23 28

0 87 98 5 -5 0 1 18

0 23 94 7 -11 2 13 44

0 50 94 25 -17 24 46 25

0 15 87 62 -1 8 13 1

0 12 26 91 -17 1 11 14

0 36 69 23 -15 27 46 16

0 28 39 62 -8 3 17 48

0 10 70 18 -18 0 18 7

0 23 98 64 -11 3 48 5

0 80 82 20 -10 0 1 43

0 58 62 9 -17 0 44 26

0 57 77 40 -8 8 12 38

0 24 51 53 -18 4 5 33

0 28 36 66 -1 14 20 42

0 29 64 54 -2 12 14 1

0 9 79 49 -8 8 21 35

0 10 42 43 -18 14 30 25

0 39 43 11 -6 17 43 6

0 7 42 98 -9 14 34 13

0 59 66 15 -16 9 13 47

0 42 61 6 -19 11 36 2

0 18 54 40 -20 18 24 30

0 33 81 64 -12 18 32 45

0 28 99 51 -13 11 33 8

0 14 87 62 -12 7 38 24

0 1 81 85 -6 16 18 41

0 64 72 38 -4 2 8 36

0 6 45 22 -10 0 15 31

0 45 86 74 -13 18 29 37

0 24 71 73 -16 6 25 13

0 1 75 76 -7 6 29 3

0 3 47 83 -18 10 20 30

0 45 67 31 -20 26 39 29

0 15 48 60 -3 0 21 41

0 57 58 45 -3 26 35 4

0 27 70 23 -3 30 42 12

0 17 26 90 -10 4 6 40

0 41 81 98 -16 9 25 48

0 16 43 34 -19 43 46 19

0 56 92 37 -2 0 1 13

0 29 32 2 -12 3 8 47

0 7 24 54 -19 12 33 9

0 38 45 37 -11 14 21 14

0 30 66 68 -10 17 22 44

0 1 79 72 -4 2 28 9

0 0 71 36 -10 19 23 10

0 82 84 18 -14 10 13 13

0 0 49 33 -4 0 1 22

0 10 42 7 -19 7 11 23

0 23 46 84 -10 21 25 3

0 14 43 15 -19 5 11 31

0 11 37 64 -9 6 30 29

0 29 37 14 -20 28 43 38

0 7 12 2 -8 6 20 21

0 10 91 98 -16 12 13 24

0 1 3 67 -7 12 14 11

0 39 41 40 -8 27 47 45

0 9 55 1 -16 0 39 31

0 0 12 21 -11 4 21 11

0 20 24 24 -4 10 30 29

0 12 13 96 -14 0 4 33

0 42 63 14 -16 20 27 5

0 13 16 99 -15 13 22 28

0 15 38 3 -17 1 11 45

0 12 21 99 -20 1 32 23

0 9 25 31 -8 4 39 27

0 13 17 50 -4 24 36 27

0 6 28 38 -9 11 20 44

0 16 20 0 -20 22 31 18

0 15 17 61 -3 37 42 28

0 6 23 64 -9 19 38 22

0 8 9 26 -7 25 39 31

0 17 24 31 -20 19 32 26

0 0 18 2 -9 11 19 20

0 1 30 37 -2 2 11 18

0 6 36 40 -12 9 10 47

0 18 29 57 -13 19 24 48

0 24 31 43 -2 1 2 46

0 1 5 43 -1 0 1 23

0 10 16 14 -18 0 26 38


SAlphaB: 703.0, std-dev 264.29812960581336

Earliest win: 37
Latest win: 81

WinDepth:
0 0 0 0 0 0 0 0 0 0 0 0 0 0 0 0 0 0 0 0 0 0 0 0 0 0 0 0 0 0 0 0 0 0 0 0 0 4 0 1 0 5 1 13 5 19 22 42 34 70 54 160 63 131 97 203 102 233 116 186 167 271 238 354 338 381 355 373 436 442 451 457 427 385 367 366 261 232 162 146 131 71 
SAlphaB:
0 0 0 0 0 0 0 0 0 0 0 0 0 0 0 0 0 0 0 0 0 0 0 0 0 0 0 0 0 0 0 0 0 0 0 0 0 4 0 1 0 5 1 13 5 19 22 42 34 70 54 160 63 131 97 203 102 233 116 186 167 271 238 354 338 381 355 373 436 442 451 457 427 385 367 366 261 232 162 146 131 71 

LossDepth:
SAlphaB:
0 0 0 0 0 0 0 0 0 0 0 0 0 0 0 0 0 0 0 0 0 0 0 0 0 0 0 0 0 0 0 0 0 0 0 0 0 4 0 1 0 5 1 13 5 19 22 42 34 70 54 160 63 131 97 203 102 233 116 186 167 271 238 354 338 381 355 373 436 442 451 457 427 385 367 366 261 232 162 146 131 71 

FirstWin:
0 0 0 0 0 0 0 0 0 0 0 0 0 0 0 0 0 0 0 0 0 0 0 0 0 0 0 0 0 0 0 0 0 0 0 0 0 4 0 1 0 5 0 13 0 19 0 42 0 70 0 160 0 131 0 203 0 233 0 186 0 271 0 354 0 381 0 373 0 442 0 457 0 385 0 366 0 232 0 146 0 71 
SAlphaB:
0 0 0 0 0 0 0 0 0 0 0 0 0 0 0 0 0 0 0 0 0 0 0 0 0 0 0 0 0 0 0 0 0 0 0 0 0 4 0 1 0 5 0 13 0 19 0 42 0 70 0 160 0 131 0 203 0 233 0 186 0 271 0 354 0 381 0 373 0 442 0 457 0 385 0 366 0 232 0 146 0 71 

SecondWin:
0 0 0 0 0 0 0 0 0 0 0 0 0 0 0 0 0 0 0 0 0 0 0 0 0 0 0 0 0 0 0 0 0 0 0 0 0 0 0 0 0 0 1 0 5 0 22 0 34 0 54 0 63 0 97 0 102 0 116 0 167 0 238 0 338 0 355 0 436 0 451 0 427 0 367 0 261 0 162 0 131 0 
SAlphaB:
0 0 0 0 0 0 0 0 0 0 0 0 0 0 0 0 0 0 0 0 0 0 0 0 0 0 0 0 0 0 0 0 0 0 0 0 0 0 0 0 0 0 1 0 5 0 22 0 34 0 54 0 63 0 97 0 102 0 116 0 167 0 238 0 338 0 355 0 436 0 451 0 427 0 367 0 261 0 162 0 131 0 
