0 50 70 48 -7 2 21 25

0 30 89 31 -2 3 14 3

0 38 57 62 -18 2 6 4

0 65 99 88 -6 6 31 39

0 31 69 16 -7 6 9 12

0 36 93 49 -9 2 9 16

0 22 62 77 -13 0 2 0

0 34 90 89 -17 0 3 8

0 45 66 92 -4 5 19 12

0 48 98 21 -2 5 12 4

0 52 85 20 -17 1 26 21

0 31 62 5 -17 3 8 14

0 27 56 49 -15 1 4 15

0 46 72 79 -16 2 19 4

0 82 86 12 -13 0 4 13

0 61 62 43 -4 3 30 27

0 44 53 81 -14 8 9 7

0 40 58 36 -15 0 1 7

0 67 98 94 -18 2 20 14

0 70 91 1 -16 11 40 38

0 62 86 85 -1 13 29 3

0 86 99 73 -9 1 9 32

0 32 38 75 -8 6 20 21

0 79 83 98 -7 9 32 9

0 55 69 33 -19 4 16 11

0 43 84 9 -5 8 22 41

0 33 61 41 -18 3 4 9

0 31 93 43 -16 5 11 14

0 57 78 64 -14 8 33 27

0 33 89 64 -13 6 19 5

0 66 97 65 -15 9 38 2

0 50 88 86 -1 3 39 0

0 37 65 60 -18 4 10 9

0 34 69 36 -1 3 4 6

0 22 61 23 -12 0 7 22

0 89 99 60 -18 14 29 37

0 46 60 6 -15 6 21 25

0 15 98 68 -16 0 11 4

0 5 75 39 -15 1 2 8

0 82 96 22 -7 10 31 15

0 23 86 2 -18 0 2 19

0 11 68 42 -4 7 24 17

0 24 74 17 -3 4 7 10

0 82 99 9 -12 8 25 29

0 54 84 80 -15 4 10 10

0 64 99 84 -2 11 42 18

0 76 84 99 -4 5 38 43

0 42 59 92 -5 6 22 4

0 43 89 62 -3 6 10 25

0 28 40 19 -9 0 13 20

0 65 85 9 -20 4 5 11

0 34 56 11 -16 3 16 36

0 76 95 33 -20 3 29 6

0 57 73 80 -10 3 6 8

0 7 77 90 -3 8 11 7

0 67 75 63 -11 8 12 37

0 6 59 45 -4 4 11 6

0 13 24 3 -1 2 5 1

0 36 80 58 -10 1 10 31

0 59 66 72 -9 12 17 0

0 31 78 64 -1 11 19 7

0 15 86 31 -2 8 15 18

0 35 93 79 -14 8 11 14

0 15 93 30 -10 5 12 5

0 74 93 99 -3 12 27 41

0 89 99 98 -8 18 21 13

0 84 87 56 -9 10 48 17

0 21 54 60 -11 0 12 8

0 58 69 72 -17 3 7 0

0 24 80 3 -19 0 2 36

0 60 98 73 -13 10 18 38

0 28 37 45 -1 0 5 3

0 23 59 96 -3 6 10 0

0 11 79 64 -17 0 6 30

0 53 55 85 -15 2 12 23

0 44 64 7 -18 3 27 34

0 20 55 70 -8 0 13 20

0 69 80 94 -19 4 9 36

0 41 79 55 -14 9 22 12

0 45 69 45 -5 2 16 35

0 34 96 70 -12 14 38 28

0 37 43 34 -4 3 20 25

0 38 58 83 -6 11 25 42

0 34 71 69 -14 11 25 2

0 20 83 73 -12 2 18 1

0 31 63 81 -10 15 31 31

0 26 44 62 -17 6 22 35

0 39 45 65 -9 4 28 38

0 15 73 35 -15 3 5 4

0 27 72 63 -3 5 14 41

0 8 47 58 -1 23 43 24

0 1 82 37 -6 21 39 24

0 8 20 72 -1 8 16 11

0 53 86 80 -14 9 15 45

0 24 64 64 -16 0 2 46

0 4 33 41 -1 7 12 16

0 37 63 34 -7 14 18 0

0 13 87 69 -15 34 36 35

0 25 62 83 -7 8 17 6

0 13 77 29 -16 45 48 14


SAlphaB: 754.0, std-dev 262.7007298902089

Earliest win: 35
Latest win: 81

WinDepth:
0 0 0 0 0 0 0 0 0 0 0 0 0 0 0 0 0 0 0 0 0 0 0 0 0 0 0 0 0 0 0 0 0 0 0 3 0 6 0 16 9 22 37 43 28 73 35 146 58 163 141 336 164 355 218 392 366 594 420 495 466 740 636 738 736 917 856 926 968 1014 982 967 871 876 951 762 578 505 400 293 221 151 
SAlphaB:
0 0 0 0 0 0 0 0 0 0 0 0 0 0 0 0 0 0 0 0 0 0 0 0 0 0 0 0 0 0 0 0 0 0 0 3 0 6 0 16 9 22 37 43 28 73 35 146 58 163 141 336 164 355 218 392 366 594 420 495 466 740 636 738 736 917 856 926 968 1014 982 967 871 876 951 762 578 505 400 293 221 151 

LossDepth:
SAlphaB:
0 0 0 0 0 0 0 0 0 0 0 0 0 0 0 0 0 0 0 0 0 0 0 0 0 0 0 0 0 0 0 0 0 0 0 2 3 7 1 17 2 16 15 26 17 50 21 70 34 89 102 166 113 209 149 211 246 347 259 312 289 484 427 552 502 625 600 731 674 859 720 797 683 718 735 666 467 472 371 266 238 135 

FirstWin:
0 0 0 0 0 0 0 0 0 0 0 0 0 0 0 0 0 0 0 0 0 0 0 0 0 0 0 0 0 0 0 0 0 0 0 3 0 6 0 16 0 22 0 43 0 73 0 146 0 163 0 336 0 355 0 392 0 594 0 495 0 740 0 738 0 917 0 926 0 1014 0 967 0 876 0 762 0 505 0 293 0 151 
SAlphaB:
0 0 0 0 0 0 0 0 0 0 0 0 0 0 0 0 0 0 0 0 0 0 0 0 0 0 0 0 0 0 0 0 0 0 0 3 0 6 0 16 0 22 0 43 0 73 0 146 0 163 0 336 0 355 0 392 0 594 0 495 0 740 0 738 0 917 0 926 0 1014 0 967 0 876 0 762 0 505 0 293 0 151 

SecondWin:
0 0 0 0 0 0 0 0 0 0 0 0 0 0 0 0 0 0 0 0 0 0 0 0 0 0 0 0 0 0 0 0 0 0 0 0 0 0 0 0 9 0 37 0 28 0 35 0 58 0 141 0 164 0 218 0 366 0 420 0 466 0 636 0 736 0 856 0 968 0 982 0 871 0 951 0 578 0 400 0 221 0 
SAlphaB:
0 0 0 0 0 0 0 0 0 0 0 0 0 0 0 0 0 0 0 0 0 0 0 0 0 0 0 0 0 0 0 0 0 0 0 0 0 0 0 0 9 0 37 0 28 0 35 0 58 0 141 0 164 0 218 0 366 0 420 0 466 0 636 0 736 0 856 0 968 0 982 0 871 0 951 0 578 0 400 0 221 0 
