0 44 53 81 -14 8 9 7

0 31 78 64 -1 11 19 7

0 55 69 33 -19 4 16 11

0 70 91 1 -16 11 40 38

0 8 20 72 -1 8 16 11

0 54 84 80 -15 4 10 10

0 42 59 92 -5 6 22 4

0 59 66 72 -9 12 17 0

0 76 95 33 -20 3 29 6

0 34 69 36 -1 3 4 6

0 25 40 67 -13 6 16 19

0 53 82 70 -16 2 16 45

0 49 89 11 -20 2 5 47

0 94 96 92 -2 8 17 23

0 11 25 27 -20 0 2 5

0 79 85 74 -18 0 4 20

0 22 72 54 -9 6 7 28

0 34 78 55 -20 9 24 20

0 73 81 93 -9 8 18 6

0 74 95 35 -18 5 18 24

0 35 96 91 -5 18 26 6

0 66 96 26 -5 25 36 6

0 81 86 14 -12 9 10 5

0 78 87 6 -12 5 15 28

0 7 99 48 -9 1 6 31

0 1 89 47 -11 9 31 22

0 85 95 95 -8 14 28 40

0 74 85 40 -16 32 36 48

0 28 58 40 -6 1 2 36

0 7 68 32 -4 2 7 15

0 14 47 7 -2 8 11 40

0 68 87 4 -6 11 20 41

0 18 19 73 -5 10 16 2

0 10 75 85 -9 0 17 3

0 52 67 8 -1 21 32 19

0 24 53 46 -1 5 33 10

0 11 34 10 -6 13 41 26

0 29 61 71 -14 22 45 44

0 41 63 69 -6 36 39 33

0 17 25 42 -1 28 32 11

0 41 64 85 -11 6 7 30

0 12 77 89 -19 7 36 3

0 61 63 28 -12 3 4 44

0 28 76 34 -9 27 29 34

0 12 26 78 -12 8 28 15

0 6 34 1 -3 1 6 21

0 23 52 38 -4 13 22 44

0 3 19 88 -5 1 2 22

0 5 40 74 -1 17 38 43

0 50 66 66 -3 2 6 12

0 81 97 0 -15 3 5 37

0 59 69 88 -5 6 30 44

0 23 68 73 -14 25 38 16

0 37 85 94 -11 10 33 42

0 47 94 91 -2 21 30 28

0 51 54 3 -6 25 28 24

0 20 48 12 -1 8 9 40

0 29 30 79 -2 41 45 49

0 45 48 70 -18 2 9 47

0 13 19 18 -15 0 14 22

0 15 31 54 -15 7 10 19

0 5 7 79 -1 6 11 3

0 25 34 26 -17 13 41 20

0 22 49 70 -1 15 19 42

0 11 65 41 -4 23 27 5

0 4 29 33 -17 12 25 43

0 19 95 87 -19 38 45 18

0 7 33 7 -5 9 10 22

0 20 68 6 -6 36 43 30

0 22 27 52 -13 12 25 12

0 21 36 35 -4 48 49 23

0 20 51 35 -11 2 44 27

0 10 15 27 -5 15 31 18

0 1 30 80 -8 3 16 8

0 0 2 45 -16 0 1 10

0 4 44 92 -13 0 12 39

0 0 2 95 -19 20 21 45

0 4 81 0 -20 2 41 6

0 11 48 68 -4 22 32 1

0 19 31 54 -6 28 31 2

0 76 77 18 -2 45 46 28

0 17 50 25 -16 0 40 1

0 8 16 39 -1 1 2 36

0 3 98 77 -6 28 37 41

0 22 26 48 -17 40 49 5

0 3 42 19 -4 9 15 8

0 29 55 6 -7 26 48 34

0 15 38 81 -12 10 41 39

0 1 9 9 -14 7 10 8

0 3 4 21 -19 1 6 30

0 2 15 16 -13 2 24 35

0 37 53 29 -17 18 24 22

0 3 4 50 -14 2 13 20

0 9 31 1 -14 25 38 41

0 7 13 45 -13 6 33 20

0 53 77 65 -1 40 42 46

0 0 2 15 -6 10 18 13

0 1 10 75 -15 11 29 49

0 0 1 98 -14 23 25 10

0 0 2 79 -15 17 21 1


SAlphaB: 719.0, std-dev 284.30784656101497

Earliest win: 37
Latest win: 81

WinDepth:
0 0 0 0 0 0 0 0 0 0 0 0 0 0 0 0 0 0 0 0 0 0 0 0 0 0 0 0 0 0 0 0 0 0 0 0 0 5 3 1 1 4 2 10 28 19 27 17 27 43 97 144 112 120 84 154 94 211 159 194 158 238 211 345 297 380 372 378 400 494 401 394 446 382 406 365 287 268 204 146 120 59 
SAlphaB:
0 0 0 0 0 0 0 0 0 0 0 0 0 0 0 0 0 0 0 0 0 0 0 0 0 0 0 0 0 0 0 0 0 0 0 0 0 5 3 1 1 4 2 10 28 19 27 17 27 43 97 144 112 120 84 154 94 211 159 194 158 238 211 345 297 380 372 378 400 494 401 394 446 382 406 365 287 268 204 146 120 59 

LossDepth:
SAlphaB:
0 0 0 0 0 0 0 0 0 0 0 0 0 0 0 0 0 0 0 0 0 0 0 0 0 0 0 0 0 0 0 0 0 0 0 0 0 5 3 1 1 4 2 10 28 19 27 17 27 43 97 144 112 120 84 154 94 211 159 194 158 238 211 345 297 380 372 378 400 494 401 394 446 382 406 365 287 268 204 146 120 59 

FirstWin:
0 0 0 0 0 0 0 0 0 0 0 0 0 0 0 0 0 0 0 0 0 0 0 0 0 0 0 0 0 0 0 0 0 0 0 0 0 5 0 1 0 4 0 10 0 19 0 17 0 43 0 144 0 120 0 154 0 211 0 194 0 238 0 345 0 380 0 378 0 494 0 394 0 382 0 365 0 268 0 146 0 59 
SAlphaB:
0 0 0 0 0 0 0 0 0 0 0 0 0 0 0 0 0 0 0 0 0 0 0 0 0 0 0 0 0 0 0 0 0 0 0 0 0 5 0 1 0 4 0 10 0 19 0 17 0 43 0 144 0 120 0 154 0 211 0 194 0 238 0 345 0 380 0 378 0 494 0 394 0 382 0 365 0 268 0 146 0 59 

SecondWin:
0 0 0 0 0 0 0 0 0 0 0 0 0 0 0 0 0 0 0 0 0 0 0 0 0 0 0 0 0 0 0 0 0 0 0 0 0 0 3 0 1 0 2 0 28 0 27 0 27 0 97 0 112 0 84 0 94 0 159 0 158 0 211 0 297 0 372 0 400 0 401 0 446 0 406 0 287 0 204 0 120 0 
SAlphaB:
0 0 0 0 0 0 0 0 0 0 0 0 0 0 0 0 0 0 0 0 0 0 0 0 0 0 0 0 0 0 0 0 0 0 0 0 0 0 3 0 1 0 2 0 28 0 27 0 27 0 97 0 112 0 84 0 94 0 159 0 158 0 211 0 297 0 372 0 400 0 401 0 446 0 406 0 287 0 204 0 120 0 
