0 7 77 90 -3 8 11 7

0 22 62 77 -13 0 2 0

0 33 89 64 -13 6 19 5

0 36 93 49 -9 2 9 16

0 66 97 65 -15 9 38 2

0 8 47 58 -1 23 43 24

0 11 79 64 -17 0 6 30

0 37 43 34 -4 3 20 25

0 21 54 60 -11 0 12 8

0 13 87 69 -15 34 36 35

0 48 89 49 -4 9 40 44

0 46 67 74 -20 16 37 8

0 82 94 81 -15 1 16 20

0 39 57 67 -18 0 2 21

0 74 84 95 -2 15 49 39

0 35 90 61 -3 10 11 35

0 5 64 64 -1 12 20 20

0 30 57 85 -4 25 35 32

0 28 56 38 -12 10 15 19

0 34 60 70 -3 7 34 41

0 11 28 76 -8 4 12 22

0 62 67 80 -9 0 33 29

0 27 49 97 -8 4 23 8

0 49 80 35 -15 8 14 7

0 7 68 21 -20 4 16 28

0 34 43 19 -6 3 23 24

0 53 83 37 -10 0 2 26

0 6 45 99 -12 1 20 18

0 52 70 8 -14 5 12 1

0 10 22 72 -16 0 1 38

0 66 94 24 -9 14 26 14

0 34 62 12 -17 6 10 30

0 13 74 29 -20 46 47 9

0 25 72 75 -4 13 16 28

0 12 76 63 -8 0 17 31

0 36 41 83 -8 0 1 6

0 43 54 44 -5 14 16 9

0 45 60 25 -15 1 30 47

0 38 42 26 -8 9 23 37

0 15 21 45 -6 2 6 41

0 66 82 90 -16 21 35 47

0 43 89 96 -3 44 48 9

0 36 56 17 -4 7 43 37

0 6 24 25 -18 0 1 18

0 7 54 16 -11 22 36 38

0 47 53 26 -2 3 24 34

0 14 36 86 -16 2 3 6

0 3 53 64 -16 25 30 29

0 27 42 4 -7 32 42 17

0 0 46 73 -18 3 7 48

0 0 4 86 -17 13 14 20

0 26 55 72 -5 15 22 35

0 23 61 44 -14 16 34 36

0 94 96 11 -8 8 19 15

0 27 51 72 -19 7 37 11

0 6 15 66 -10 13 16 42

0 4 13 49 -5 2 20 0

0 36 54 69 -2 4 34 10

0 65 81 42 -3 30 46 29

0 0 1 78 -12 22 29 30

0 24 94 65 -18 22 26 40

0 9 26 47 -16 24 43 29

0 6 62 57 -13 6 22 37

0 2 26 17 -15 8 16 27

0 16 49 88 -17 9 10 35

0 8 10 81 -8 4 19 5

0 48 60 6 -16 26 31 23

0 10 45 90 -16 2 9 17

0 0 10 29 -20 8 33 38

0 3 48 52 -15 19 42 36

0 13 31 52 -4 3 39 3

0 8 16 20 -3 12 35 6

0 34 60 2 -6 32 45 29

0 13 17 96 -1 12 32 1

0 12 15 64 -14 13 46 21

0 1 76 23 -7 21 22 48

0 9 37 18 -4 22 40 37

0 3 44 13 -4 0 47 28

0 7 50 7 -19 42 48 2

0 1 20 61 -2 21 25 12

0 8 18 82 -2 25 45 32

0 11 37 97 -16 1 30 23

0 6 9 6 -13 1 2 1

0 8 9 83 -11 25 48 29

0 12 45 85 -13 22 49 39

0 9 12 31 -13 4 29 37

0 12 22 46 -2 18 35 32

0 0 19 53 -16 2 8 27

0 27 37 33 -15 14 28 37

0 0 1 87 -4 6 16 8

0 9 12 79 -6 31 42 3

0 8 10 78 -14 19 47 40

0 11 14 58 -3 9 40 0

0 3 17 43 -4 11 26 40

0 4 6 65 -19 13 38 39

0 5 9 77 -6 25 42 35

0 8 14 4 -5 2 49 48

0 1 10 65 -5 26 44 3

0 2 13 83 -15 24 34 10

0 0 39 12 -4 14 42 32


SAlphaB: 745.0, std-dev 271.1922955425101

Earliest win: 37
Latest win: 81

WinDepth:
0 0 0 0 0 0 0 0 0 0 0 0 0 0 0 0 0 0 0 0 0 0 0 0 0 0 0 0 0 0 0 0 0 0 0 0 0 2 0 2 1 5 2 16 9 29 13 28 21 70 68 168 83 166 90 185 105 179 135 168 182 231 281 314 353 453 467 398 449 433 459 468 363 429 389 365 270 216 156 122 103 73 
SAlphaB:
0 0 0 0 0 0 0 0 0 0 0 0 0 0 0 0 0 0 0 0 0 0 0 0 0 0 0 0 0 0 0 0 0 0 0 0 0 2 0 2 1 5 2 16 9 29 13 28 21 70 68 168 83 166 90 185 105 179 135 168 182 231 281 314 353 453 467 398 449 433 459 468 363 429 389 365 270 216 156 122 103 73 

LossDepth:
SAlphaB:
0 0 0 0 0 0 0 0 0 0 0 0 0 0 0 0 0 0 0 0 0 0 0 0 0 0 0 0 0 0 0 0 0 0 0 0 0 2 0 2 1 5 2 16 9 29 13 28 21 70 68 168 83 166 90 185 105 179 135 168 182 231 281 314 353 453 467 398 449 433 459 468 363 429 389 365 270 216 156 122 103 73 

FirstWin:
0 0 0 0 0 0 0 0 0 0 0 0 0 0 0 0 0 0 0 0 0 0 0 0 0 0 0 0 0 0 0 0 0 0 0 0 0 2 0 2 0 5 0 16 0 29 0 28 0 70 0 168 0 166 0 185 0 179 0 168 0 231 0 314 0 453 0 398 0 433 0 468 0 429 0 365 0 216 0 122 0 73 
SAlphaB:
0 0 0 0 0 0 0 0 0 0 0 0 0 0 0 0 0 0 0 0 0 0 0 0 0 0 0 0 0 0 0 0 0 0 0 0 0 2 0 2 0 5 0 16 0 29 0 28 0 70 0 168 0 166 0 185 0 179 0 168 0 231 0 314 0 453 0 398 0 433 0 468 0 429 0 365 0 216 0 122 0 73 

SecondWin:
0 0 0 0 0 0 0 0 0 0 0 0 0 0 0 0 0 0 0 0 0 0 0 0 0 0 0 0 0 0 0 0 0 0 0 0 0 0 0 0 1 0 2 0 9 0 13 0 21 0 68 0 83 0 90 0 105 0 135 0 182 0 281 0 353 0 467 0 449 0 459 0 363 0 389 0 270 0 156 0 103 0 
SAlphaB:
0 0 0 0 0 0 0 0 0 0 0 0 0 0 0 0 0 0 0 0 0 0 0 0 0 0 0 0 0 0 0 0 0 0 0 0 0 0 0 0 1 0 2 0 9 0 13 0 21 0 68 0 83 0 90 0 105 0 135 0 182 0 281 0 353 0 467 0 449 0 459 0 363 0 389 0 270 0 156 0 103 0 
