0 5 75 39 -15 1 2 8

0 31 93 43 -16 5 11 14

0 34 90 89 -17 0 3 8

0 22 61 23 -12 0 7 22

0 50 70 48 -7 2 21 25

0 60 98 73 -13 10 18 38

0 74 93 99 -3 12 27 41

0 46 72 79 -16 2 19 4

0 43 84 9 -5 8 22 41

0 24 80 3 -19 0 2 36

0 56 88 92 -10 3 6 22

0 38 83 3 -8 11 21 22

0 34 49 23 -7 3 21 25

0 82 86 98 -18 21 46 4

0 65 66 57 -9 15 32 49

0 22 38 16 -15 0 1 43

0 54 61 82 -15 2 41 17

0 23 79 69 -13 1 4 34

0 53 58 7 -3 1 35 3

0 56 60 19 -8 11 15 37

0 56 65 76 -15 0 14 6

0 18 32 25 -2 4 10 17

0 5 23 9 -4 8 13 8

0 37 40 81 -8 2 3 15

0 27 71 51 -18 3 33 0

0 11 81 98 -5 12 18 3

0 20 90 13 -16 7 8 23

0 32 80 64 -3 12 46 35

0 44 94 92 -1 18 29 8

0 7 44 84 -19 0 10 9

0 53 56 6 -19 11 25 23

0 18 23 91 -20 16 25 6

0 34 96 42 -7 0 1 19

0 24 67 6 -14 8 10 10

0 35 42 82 -4 2 14 48

0 29 43 72 -13 30 37 26

0 11 32 61 -13 1 5 42

0 26 37 59 -6 2 7 23

0 1 54 94 -1 29 37 24

0 52 73 83 -13 0 12 46

0 47 78 27 -11 45 48 8

0 28 41 4 -11 0 7 33

0 42 67 83 -18 26 32 28

0 1 26 88 -13 4 5 12

0 58 74 52 -9 15 17 42

0 16 20 12 -3 5 14 13

0 4 53 32 -5 2 6 26

0 12 53 50 -20 9 22 35

0 13 15 77 -3 10 11 26

0 5 48 56 -1 0 1 6

0 37 64 48 -12 8 9 44

0 2 57 28 -13 3 21 39

0 74 88 37 -7 15 21 32

0 2 54 31 -17 15 30 31

0 22 31 34 -14 0 2 41

0 3 54 52 -17 4 25 33

0 24 25 37 -11 19 38 8

0 4 44 92 -5 27 44 26

0 27 71 88 -7 40 45 6

0 22 63 50 -10 8 47 33

0 32 40 53 -11 17 19 18

0 20 26 27 -16 32 44 25

0 3 32 25 -9 0 1 33

0 5 6 99 -20 1 15 24

0 9 38 17 -1 0 1 34

0 21 25 10 -15 10 20 20

0 2 13 57 -14 20 45 3

0 4 33 99 -14 2 26 23

0 56 94 86 -3 0 4 49

0 9 15 64 -16 12 26 27

0 22 26 93 -3 32 34 35

0 8 39 94 -19 3 21 32

0 9 28 83 -1 18 24 38

0 40 45 13 -5 21 27 40

0 4 12 11 -20 0 7 32

0 10 40 33 -11 1 20 39

0 10 43 43 -8 31 32 46

0 1 14 16 -18 1 23 10

0 13 16 50 -8 12 29 33

0 9 46 39 -18 21 26 43

0 9 19 73 -20 19 47 8

0 0 1 33 -16 0 4 17

0 2 16 58 -2 4 16 4

0 3 5 55 -19 14 32 20

0 4 11 34 -14 11 41 39

0 7 23 35 -14 10 11 39

0 4 11 98 -5 28 43 28

0 14 96 81 -4 35 43 14

0 0 2 60 -6 20 23 15

0 0 4 91 -14 15 31 26

0 9 12 10 -12 18 43 23

0 4 47 8 -9 0 2 45

0 0 2 46 -3 7 25 7

0 17 19 25 -18 6 12 49

0 1 13 8 -9 35 49 45

0 2 3 34 -20 0 10 37

0 0 2 18 -3 16 30 39

0 5 6 48 -3 26 27 20

0 0 1 66 -6 12 31 14

0 0 1 68 -8 1 6 31


SAlphaB: 706.0, std-dev 256.3339838231097

Earliest win: 36
Latest win: 81

WinDepth:
0 0 0 0 0 0 0 0 0 0 0 0 0 0 0 0 0 0 0 0 0 0 0 0 0 0 0 0 0 0 0 0 0 0 0 0 2 9 0 4 10 3 5 14 4 13 9 34 17 72 49 169 57 122 111 174 107 206 147 210 187 237 219 292 310 351 412 403 398 377 466 465 391 412 401 374 288 267 183 150 114 75 
SAlphaB:
0 0 0 0 0 0 0 0 0 0 0 0 0 0 0 0 0 0 0 0 0 0 0 0 0 0 0 0 0 0 0 0 0 0 0 0 2 9 0 4 10 3 5 14 4 13 9 34 17 72 49 169 57 122 111 174 107 206 147 210 187 237 219 292 310 351 412 403 398 377 466 465 391 412 401 374 288 267 183 150 114 75 

LossDepth:
SAlphaB:
0 0 0 0 0 0 0 0 0 0 0 0 0 0 0 0 0 0 0 0 0 0 0 0 0 0 0 0 0 0 0 0 0 0 0 0 2 9 0 4 10 3 5 14 4 13 9 34 17 72 49 169 57 122 111 174 107 206 147 210 187 237 219 292 310 351 412 403 398 377 466 465 391 412 401 374 288 267 183 150 114 75 

FirstWin:
0 0 0 0 0 0 0 0 0 0 0 0 0 0 0 0 0 0 0 0 0 0 0 0 0 0 0 0 0 0 0 0 0 0 0 0 0 9 0 4 0 3 0 14 0 13 0 34 0 72 0 169 0 122 0 174 0 206 0 210 0 237 0 292 0 351 0 403 0 377 0 465 0 412 0 374 0 267 0 150 0 75 
SAlphaB:
0 0 0 0 0 0 0 0 0 0 0 0 0 0 0 0 0 0 0 0 0 0 0 0 0 0 0 0 0 0 0 0 0 0 0 0 0 9 0 4 0 3 0 14 0 13 0 34 0 72 0 169 0 122 0 174 0 206 0 210 0 237 0 292 0 351 0 403 0 377 0 465 0 412 0 374 0 267 0 150 0 75 

SecondWin:
0 0 0 0 0 0 0 0 0 0 0 0 0 0 0 0 0 0 0 0 0 0 0 0 0 0 0 0 0 0 0 0 0 0 0 0 2 0 0 0 10 0 5 0 4 0 9 0 17 0 49 0 57 0 111 0 107 0 147 0 187 0 219 0 310 0 412 0 398 0 466 0 391 0 401 0 288 0 183 0 114 0 
SAlphaB:
0 0 0 0 0 0 0 0 0 0 0 0 0 0 0 0 0 0 0 0 0 0 0 0 0 0 0 0 0 0 0 0 0 0 0 0 2 0 0 0 10 0 5 0 4 0 9 0 17 0 49 0 57 0 111 0 107 0 147 0 187 0 219 0 310 0 412 0 398 0 466 0 391 0 401 0 288 0 183 0 114 0 
