0 48 98 21 -2 5 12 4

0 57 78 64 -14 8 33 27

0 31 62 5 -17 3 8 14

0 89 99 60 -18 14 29 37

0 34 96 70 -12 14 38 28

0 15 86 31 -2 8 15 18

0 52 85 20 -17 1 26 21

0 33 61 41 -18 3 4 9

0 31 63 81 -10 15 31 31

0 35 93 79 -14 8 11 14

0 61 70 98 -1 19 43 9

0 69 89 5 -11 2 12 7

0 79 91 55 -18 9 23 25

0 62 64 13 -18 6 10 32

0 66 69 7 -10 10 39 22

0 11 88 80 -8 10 11 16

0 9 55 3 -18 6 26 10

0 58 90 76 -7 4 9 16

0 4 24 81 -14 11 19 31

0 36 47 30 -19 3 4 5

0 14 87 14 -20 8 20 25

0 27 66 16 -3 9 24 17

0 72 75 11 -7 11 20 9

0 80 82 77 -18 0 8 38

0 64 70 51 -2 1 43 5

0 62 88 96 -19 1 2 38

0 69 80 11 -14 1 7 9

0 80 85 60 -1 4 15 46

0 56 73 59 -11 8 48 18

0 19 78 77 -6 1 21 10

0 32 45 52 -15 29 35 14

0 12 44 42 -18 10 21 3

0 42 68 89 -16 19 32 7

0 1 54 57 -7 0 8 11

0 26 32 30 -16 11 23 28

0 6 54 38 -6 3 10 18

0 34 72 30 -4 26 36 20

0 35 39 80 -7 13 28 19

0 77 84 75 -2 9 11 33

0 28 56 69 -12 4 28 16

0 20 53 88 -5 7 31 28

0 34 86 50 -1 22 24 2

0 18 79 78 -9 34 46 26

0 26 63 2 -20 41 42 17

0 1 60 37 -7 2 6 18

0 4 28 36 -2 20 21 14

0 37 84 8 -6 27 43 29

0 64 76 3 -10 15 33 27

0 18 92 29 -8 19 31 28

0 36 73 73 -13 15 20 40

0 19 59 57 -1 0 1 7

0 14 16 56 -15 0 9 26

0 26 96 33 -16 23 48 24

0 33 51 21 -5 6 21 37

0 20 39 89 -5 6 8 49

0 35 54 86 -14 27 44 35

0 32 45 84 -20 5 21 30

0 3 81 15 -1 29 46 39

0 28 87 50 -15 2 29 14

0 32 46 50 -8 30 36 27

0 88 96 0 -10 18 29 40

0 27 58 47 -15 8 11 14

0 23 33 66 -2 4 14 38

0 19 56 30 -11 17 20 40

0 30 80 10 -5 27 39 12

0 0 38 22 -6 33 42 9

0 6 66 65 -13 7 10 1

0 28 62 2 -11 18 20 17

0 30 99 51 -20 18 22 26

0 60 96 40 -2 0 1 37

0 26 51 39 -9 14 19 31

0 31 39 48 -14 18 39 40

0 19 39 2 -18 7 9 29

0 7 48 32 -4 8 13 3

0 47 49 24 -11 10 19 48

0 24 98 99 -9 39 45 5

0 7 20 56 -6 0 17 19

0 0 27 94 -16 18 34 23

0 11 14 78 -18 9 11 43

0 17 91 7 -4 8 40 38

0 9 17 97 -8 13 30 32

0 6 59 0 -17 13 15 10

0 9 14 37 -15 32 39 13

0 3 30 4 -8 37 44 37

0 0 29 11 -6 31 42 15

0 20 22 4 -16 26 44 40

0 15 49 10 -20 23 29 40

0 9 42 18 -18 4 7 42

0 6 24 2 -2 5 7 25

0 12 20 94 -6 39 47 14

0 4 31 40 -12 5 13 46

0 3 24 10 -1 21 47 22

0 0 12 25 -8 13 14 38

0 10 12 54 -13 24 43 22

0 1 17 66 -9 11 42 30

0 15 21 6 -10 2 15 24

0 5 16 79 -3 2 10 23

0 5 29 6 -9 8 43 38

0 28 29 43 -1 1 2 44

0 1 17 99 -7 12 25 39


SAlphaB: 707.0, std-dev 266.2206227924501

Earliest win: 37
Latest win: 81

WinDepth:
0 0 0 0 0 0 0 0 0 0 0 0 0 0 0 0 0 0 0 0 0 0 0 0 0 0 0 0 0 0 0 0 0 0 0 0 0 1 0 8 1 7 6 24 12 30 8 24 21 47 53 195 120 143 73 157 137 167 106 154 127 226 237 317 374 382 377 418 451 435 513 436 439 402 409 373 242 233 184 150 106 68 
SAlphaB:
0 0 0 0 0 0 0 0 0 0 0 0 0 0 0 0 0 0 0 0 0 0 0 0 0 0 0 0 0 0 0 0 0 0 0 0 0 1 0 8 1 7 6 24 12 30 8 24 21 47 53 195 120 143 73 157 137 167 106 154 127 226 237 317 374 382 377 418 451 435 513 436 439 402 409 373 242 233 184 150 106 68 

LossDepth:
SAlphaB:
0 0 0 0 0 0 0 0 0 0 0 0 0 0 0 0 0 0 0 0 0 0 0 0 0 0 0 0 0 0 0 0 0 0 0 0 0 1 0 8 1 7 6 24 12 30 8 24 21 47 53 195 120 143 73 157 137 167 106 154 127 226 237 317 374 382 377 418 451 435 513 436 439 402 409 373 242 233 184 150 106 68 

FirstWin:
0 0 0 0 0 0 0 0 0 0 0 0 0 0 0 0 0 0 0 0 0 0 0 0 0 0 0 0 0 0 0 0 0 0 0 0 0 1 0 8 0 7 0 24 0 30 0 24 0 47 0 195 0 143 0 157 0 167 0 154 0 226 0 317 0 382 0 418 0 435 0 436 0 402 0 373 0 233 0 150 0 68 
SAlphaB:
0 0 0 0 0 0 0 0 0 0 0 0 0 0 0 0 0 0 0 0 0 0 0 0 0 0 0 0 0 0 0 0 0 0 0 0 0 1 0 8 0 7 0 24 0 30 0 24 0 47 0 195 0 143 0 157 0 167 0 154 0 226 0 317 0 382 0 418 0 435 0 436 0 402 0 373 0 233 0 150 0 68 

SecondWin:
0 0 0 0 0 0 0 0 0 0 0 0 0 0 0 0 0 0 0 0 0 0 0 0 0 0 0 0 0 0 0 0 0 0 0 0 0 0 0 0 1 0 6 0 12 0 8 0 21 0 53 0 120 0 73 0 137 0 106 0 127 0 237 0 374 0 377 0 451 0 513 0 439 0 409 0 242 0 184 0 106 0 
SAlphaB:
0 0 0 0 0 0 0 0 0 0 0 0 0 0 0 0 0 0 0 0 0 0 0 0 0 0 0 0 0 0 0 0 0 0 0 0 0 0 0 0 1 0 6 0 12 0 8 0 21 0 53 0 120 0 73 0 137 0 106 0 127 0 237 0 374 0 377 0 451 0 513 0 439 0 409 0 242 0 184 0 106 0 
