0 38 57 62 -18 2 6 4

0 41 79 55 -14 9 22 12

0 36 80 58 -10 1 10 31

0 34 71 69 -14 11 25 2

0 1 82 37 -6 21 39 24

0 13 77 29 -16 45 48 14

0 39 45 65 -9 4 28 38

0 67 75 63 -11 8 12 37

0 86 99 73 -9 1 9 32

0 37 63 34 -7 14 18 0

0 61 74 84 -5 19 46 33

0 3 68 74 -15 19 37 33

0 54 58 23 -4 0 4 4

0 45 67 62 -3 14 18 20

0 70 91 35 -20 1 28 37

0 7 50 14 -3 0 2 12

0 4 59 72 -18 22 36 3

0 22 46 46 -3 1 18 20

0 16 49 55 -12 5 17 2

0 82 94 92 -7 8 44 3

0 33 87 97 -2 23 44 30

0 31 46 88 -2 29 39 29

0 28 82 52 -16 5 7 14

0 28 60 49 -11 14 31 17

0 43 46 39 -2 46 47 1

0 14 69 46 -17 10 15 46

0 21 57 90 -12 4 7 0

0 15 28 66 -6 0 1 0

0 16 47 85 -8 10 24 18

0 39 87 37 -1 15 23 38

0 40 88 24 -6 1 2 28

0 18 57 46 -15 2 10 3

0 29 55 20 -20 1 20 17

0 88 89 36 -13 13 43 25

0 44 81 92 -17 21 47 20

0 97 98 21 -12 14 17 45

0 60 63 91 -9 25 27 11

0 62 76 90 -9 2 3 40

0 71 85 4 -11 14 17 27

0 47 97 0 -13 22 30 29

0 12 96 99 -3 5 9 47

0 12 25 32 -19 1 6 11

0 47 72 79 -20 14 30 35

0 61 69 73 -18 40 43 24

0 9 96 82 -9 18 27 21

0 9 62 11 -2 21 34 30

0 61 75 18 -6 9 15 40

0 40 64 89 -19 8 49 15

0 34 80 82 -9 30 33 21

0 1 83 36 -16 13 25 3

0 23 39 56 -7 33 48 34

0 36 59 75 -5 1 2 28

0 30 56 73 -11 39 45 48

0 46 88 2 -16 39 40 47

0 22 26 72 -11 28 29 38

0 48 57 30 -4 2 47 27

0 5 22 67 -19 8 27 39

0 36 38 80 -19 15 29 45

0 17 18 50 -11 3 5 16

0 8 59 50 -2 20 44 43

0 42 81 19 -7 9 48 43

0 4 13 71 -1 17 22 10

0 1 21 68 -13 36 41 42

0 3 9 39 -18 9 40 32

0 13 67 70 -11 5 29 15

0 38 76 17 -17 23 40 30

0 21 26 33 -16 3 38 17

0 18 48 69 -20 8 44 29

0 6 41 70 -15 6 17 47

0 6 19 5 -13 38 46 40

0 26 30 31 -3 19 21 34

0 57 72 24 -19 25 41 21

0 1 2 22 -13 5 8 11

0 25 38 11 -19 6 14 49

0 70 81 27 -20 19 36 3

0 37 42 31 -16 16 40 44

0 29 41 37 -12 28 33 42

0 17 36 6 -9 22 35 28

0 11 23 16 -14 7 36 22

0 0 4 97 -16 42 48 14

0 36 47 12 -12 10 41 43

0 2 12 13 -9 6 8 20

0 3 15 74 -18 22 27 21

0 1 6 53 -5 4 36 13

0 5 11 16 -19 31 36 16

0 37 43 5 -11 1 36 26

0 14 23 70 -8 21 48 31

0 47 53 83 -11 18 33 29

0 5 7 43 -12 16 27 14

0 3 4 70 -11 18 21 3

0 46 60 42 -5 31 33 47

0 3 22 60 -3 2 33 43

0 8 11 16 -4 1 30 39

0 0 2 36 -20 3 5 43

0 1 2 16 -9 3 32 46

0 3 6 23 -14 8 18 25

0 0 2 32 -4 2 4 18

0 1 11 46 -2 31 48 41

0 8 12 50 -4 16 19 47

0 1 2 51 -2 3 8 44


SAlphaB: 686.0, std-dev 261.4407690224895

Earliest win: 35
Latest win: 81

WinDepth:
0 0 0 0 0 0 0 0 0 0 0 0 0 0 0 0 0 0 0 0 0 0 0 0 0 0 0 0 0 0 0 0 0 0 0 1 0 6 0 1 16 2 2 4 11 8 9 50 32 99 56 207 73 111 102 177 111 149 130 162 166 240 240 338 333 341 413 378 422 396 409 464 454 407 413 340 316 236 185 115 93 82 
SAlphaB:
0 0 0 0 0 0 0 0 0 0 0 0 0 0 0 0 0 0 0 0 0 0 0 0 0 0 0 0 0 0 0 0 0 0 0 1 0 6 0 1 16 2 2 4 11 8 9 50 32 99 56 207 73 111 102 177 111 149 130 162 166 240 240 338 333 341 413 378 422 396 409 464 454 407 413 340 316 236 185 115 93 82 

LossDepth:
SAlphaB:
0 0 0 0 0 0 0 0 0 0 0 0 0 0 0 0 0 0 0 0 0 0 0 0 0 0 0 0 0 0 0 0 0 0 0 1 0 6 0 1 16 2 2 4 11 8 9 50 32 99 56 207 73 111 102 177 111 149 130 162 166 240 240 338 333 341 413 378 422 396 409 464 454 407 413 340 316 236 185 115 93 82 

FirstWin:
0 0 0 0 0 0 0 0 0 0 0 0 0 0 0 0 0 0 0 0 0 0 0 0 0 0 0 0 0 0 0 0 0 0 0 1 0 6 0 1 0 2 0 4 0 8 0 50 0 99 0 207 0 111 0 177 0 149 0 162 0 240 0 338 0 341 0 378 0 396 0 464 0 407 0 340 0 236 0 115 0 82 
SAlphaB:
0 0 0 0 0 0 0 0 0 0 0 0 0 0 0 0 0 0 0 0 0 0 0 0 0 0 0 0 0 0 0 0 0 0 0 1 0 6 0 1 0 2 0 4 0 8 0 50 0 99 0 207 0 111 0 177 0 149 0 162 0 240 0 338 0 341 0 378 0 396 0 464 0 407 0 340 0 236 0 115 0 82 

SecondWin:
0 0 0 0 0 0 0 0 0 0 0 0 0 0 0 0 0 0 0 0 0 0 0 0 0 0 0 0 0 0 0 0 0 0 0 0 0 0 0 0 16 0 2 0 11 0 9 0 32 0 56 0 73 0 102 0 111 0 130 0 166 0 240 0 333 0 413 0 422 0 409 0 454 0 413 0 316 0 185 0 93 0 
SAlphaB:
0 0 0 0 0 0 0 0 0 0 0 0 0 0 0 0 0 0 0 0 0 0 0 0 0 0 0 0 0 0 0 0 0 0 0 0 0 0 0 0 16 0 2 0 11 0 9 0 32 0 56 0 73 0 102 0 111 0 130 0 166 0 240 0 333 0 413 0 422 0 409 0 454 0 413 0 316 0 185 0 93 0 
