0 20 83 73 -12 2 18 1

0 76 84 99 -4 5 38 43

0 15 73 35 -15 3 5 4

0 26 44 62 -17 6 22 35

0 11 68 42 -4 7 24 17

0 28 37 45 -1 0 5 3

0 82 96 22 -7 10 31 15

0 38 58 83 -6 11 25 42

0 61 62 43 -4 3 30 27

0 43 89 62 -3 6 10 25

0 29 79 28 -1 3 31 38

0 83 99 60 -7 18 30 38

0 62 68 13 -12 4 12 25

0 19 20 95 -12 1 8 2

0 96 98 46 -14 3 8 31

0 85 97 33 -4 2 49 13

0 13 80 22 -15 8 22 4

0 37 50 84 -16 27 39 20

0 63 82 35 -18 4 48 33

0 1 66 69 -14 23 26 12

0 26 34 44 -8 1 27 12

0 37 72 52 -6 5 16 31

0 37 98 44 -1 4 12 49

0 21 93 24 -19 5 9 20

0 75 88 55 -10 30 47 38

0 48 95 16 -3 24 27 27

0 96 97 72 -11 10 21 43

0 6 80 46 -7 18 24 48

0 73 79 35 -5 1 8 32

0 18 51 62 -8 7 14 29

0 31 36 88 -5 0 1 15

0 50 86 59 -17 6 44 35

0 26 76 34 -8 6 11 38

0 27 55 82 -10 2 30 29

0 20 46 61 -9 13 38 36

0 40 43 1 -14 11 12 12

0 35 56 22 -18 13 26 49

0 73 79 49 -20 0 24 49

0 28 29 11 -9 0 16 19

0 1 30 90 -20 18 22 32

0 68 75 27 -13 26 32 18

0 46 84 87 -19 24 31 16

0 7 86 40 -13 23 32 29

0 12 28 33 -4 5 16 38

0 10 81 38 -15 5 32 34

0 64 80 3 -5 34 37 22

0 31 43 41 -1 7 24 44

0 2 72 6 -17 16 23 4

0 44 93 71 -1 28 34 1

0 13 16 24 -15 16 37 7

0 4 98 55 -20 2 45 24

0 8 20 27 -9 0 3 20

0 48 72 17 -16 6 48 35

0 12 24 81 -15 2 20 1

0 85 88 56 -15 39 43 45

0 0 21 94 -12 24 25 46

0 30 34 87 -20 17 32 25

0 5 9 5 -10 14 19 15

0 22 30 32 -7 7 35 11

0 11 29 64 -6 11 17 1

0 6 15 33 -12 0 3 29

0 10 55 66 -11 19 20 42

0 16 70 78 -9 1 32 43

0 17 22 76 -19 36 43 20

0 6 38 60 -16 14 20 38

0 55 58 56 -18 31 40 49

0 54 62 68 -5 0 15 26

0 46 67 99 -9 27 44 26

0 11 22 57 -4 6 29 23

0 0 5 75 -7 21 42 19

0 22 31 27 -20 2 26 37

0 25 67 92 -10 11 47 45

0 6 9 32 -4 19 46 32

0 9 13 34 -5 0 11 18

0 3 9 43 -7 24 34 36

0 18 25 68 -4 34 41 21

0 4 7 98 -18 3 9 2

0 14 33 50 -17 1 15 45

0 25 33 67 -18 15 23 47

0 4 12 30 -15 15 39 38

0 7 39 31 -9 2 3 29

0 6 18 73 -13 1 8 32

0 5 7 87 -16 11 28 4

0 17 18 9 -17 16 23 7

0 17 36 7 -11 6 25 42

0 1 18 5 -16 3 4 24

0 4 7 76 -3 22 29 21

0 5 6 7 -8 6 32 24

0 2 12 3 -8 12 25 14

0 1 4 89 -16 6 18 40

0 3 58 7 -20 2 9 41

0 8 32 11 -12 1 39 27

0 4 24 13 -16 10 14 43

0 1 3 55 -11 8 39 32

0 0 10 40 -2 4 29 44

0 4 6 75 -3 13 48 7

0 1 10 21 -4 30 35 42

0 0 1 19 -1 7 17 41

0 3 9 15 -18 1 4 49

0 0 1 8 -7 2 4 47


SAlphaB: 715.0, std-dev 264.33074562148096

Earliest win: 37
Latest win: 81

WinDepth:
0 0 0 0 0 0 0 0 0 0 0 0 0 0 0 0 0 0 0 0 0 0 0 0 0 0 0 0 0 0 0 0 0 0 0 0 0 2 0 3 5 6 4 12 11 14 11 46 35 55 61 235 85 111 90 209 116 184 132 204 184 234 258 324 338 352 388 376 457 409 402 469 420 395 363 353 260 250 179 115 98 82 
SAlphaB:
0 0 0 0 0 0 0 0 0 0 0 0 0 0 0 0 0 0 0 0 0 0 0 0 0 0 0 0 0 0 0 0 0 0 0 0 0 2 0 3 5 6 4 12 11 14 11 46 35 55 61 235 85 111 90 209 116 184 132 204 184 234 258 324 338 352 388 376 457 409 402 469 420 395 363 353 260 250 179 115 98 82 

LossDepth:
SAlphaB:
0 0 0 0 0 0 0 0 0 0 0 0 0 0 0 0 0 0 0 0 0 0 0 0 0 0 0 0 0 0 0 0 0 0 0 0 0 2 0 3 5 6 4 12 11 14 11 46 35 55 61 235 85 111 90 209 116 184 132 204 184 234 258 324 338 352 388 376 457 409 402 469 420 395 363 353 260 250 179 115 98 82 

FirstWin:
0 0 0 0 0 0 0 0 0 0 0 0 0 0 0 0 0 0 0 0 0 0 0 0 0 0 0 0 0 0 0 0 0 0 0 0 0 2 0 3 0 6 0 12 0 14 0 46 0 55 0 235 0 111 0 209 0 184 0 204 0 234 0 324 0 352 0 376 0 409 0 469 0 395 0 353 0 250 0 115 0 82 
SAlphaB:
0 0 0 0 0 0 0 0 0 0 0 0 0 0 0 0 0 0 0 0 0 0 0 0 0 0 0 0 0 0 0 0 0 0 0 0 0 2 0 3 0 6 0 12 0 14 0 46 0 55 0 235 0 111 0 209 0 184 0 204 0 234 0 324 0 352 0 376 0 409 0 469 0 395 0 353 0 250 0 115 0 82 

SecondWin:
0 0 0 0 0 0 0 0 0 0 0 0 0 0 0 0 0 0 0 0 0 0 0 0 0 0 0 0 0 0 0 0 0 0 0 0 0 0 0 0 5 0 4 0 11 0 11 0 35 0 61 0 85 0 90 0 116 0 132 0 184 0 258 0 338 0 388 0 457 0 402 0 420 0 363 0 260 0 179 0 98 0 
SAlphaB:
0 0 0 0 0 0 0 0 0 0 0 0 0 0 0 0 0 0 0 0 0 0 0 0 0 0 0 0 0 0 0 0 0 0 0 0 0 0 0 0 5 0 4 0 11 0 11 0 35 0 61 0 85 0 90 0 116 0 132 0 184 0 258 0 338 0 388 0 457 0 402 0 420 0 363 0 260 0 179 0 98 0 
