0 30 89 31 -2 3 14 3

0 45 66 92 -4 5 19 12

0 37 65 60 -18 4 10 9

0 20 55 70 -8 0 13 20

0 23 59 96 -3 6 10 0

0 62 86 85 -1 13 29 3

0 34 56 11 -16 3 16 36

0 32 38 75 -8 6 20 21

0 24 64 64 -16 0 2 46

0 82 86 12 -13 0 4 13

0 14 89 71 -4 7 10 39

0 29 72 65 -16 5 30 42

0 86 98 26 -15 15 19 2

0 11 26 37 -14 0 4 6

0 60 71 35 -2 4 36 25

0 47 68 62 -2 23 27 39

0 76 92 29 -11 0 1 11

0 48 83 97 -6 0 1 17

0 27 56 2 -13 10 15 38

0 20 58 69 -13 0 15 11

0 21 38 40 -6 24 37 22

0 22 30 4 -4 2 3 1

0 25 35 40 -10 27 41 32

0 75 85 75 -4 19 31 11

0 2 49 48 -6 30 35 26

0 38 43 85 -9 47 49 19

0 38 50 68 -5 4 10 41

0 31 78 42 -2 1 44 5

0 50 57 93 -1 19 27 9

0 29 65 52 -1 23 25 6

0 22 94 10 -20 34 47 29

0 39 79 35 -12 8 37 19

0 34 56 10 -10 8 14 40

0 2 57 78 -1 17 38 2

0 8 22 79 -6 19 39 26

0 14 66 79 -12 2 15 24

0 23 53 35 -18 10 13 16

0 26 42 95 -4 7 14 41

0 75 84 16 -10 24 27 6

0 11 16 32 -11 14 23 9

0 6 36 77 -15 1 3 5

0 5 96 3 -1 23 38 2

0 24 52 31 -16 38 40 38

0 41 81 46 -16 26 27 1

0 1 31 67 -5 30 35 5

0 10 15 88 -7 7 8 16

0 11 13 25 -5 20 24 17

0 41 52 74 -8 20 23 7

0 32 42 30 -2 16 37 21

0 16 28 12 -8 15 29 11

0 56 85 76 -10 0 1 45

0 25 33 88 -19 6 27 24

0 1 45 43 -9 38 48 16

0 42 46 87 -5 4 5 16

0 46 62 0 -11 47 49 35

0 1 4 68 -10 8 16 35

0 46 90 37 -2 24 32 10

0 3 30 13 -1 25 44 5

0 0 20 94 -13 13 34 15

0 11 54 70 -18 7 41 2

0 8 23 61 -7 12 27 5

0 28 43 3 -20 30 38 30

0 3 46 18 -10 36 40 45

0 17 18 76 -10 5 6 37

0 31 73 82 -11 19 27 20

0 32 72 73 -3 24 29 22

0 46 74 27 -1 31 34 3

0 9 36 79 -10 5 6 24

0 3 44 6 -19 3 15 41

0 1 61 88 -19 5 23 20

0 3 12 93 -1 5 21 10

0 1 20 47 -2 15 24 2

0 3 22 8 -12 16 41 23

0 31 61 35 -3 36 41 49

0 2 40 99 -4 16 49 9

0 26 53 6 -17 26 32 2

0 2 39 46 -2 36 48 44

0 0 10 22 -16 16 23 34

0 8 23 21 -19 23 45 33

0 14 19 79 -2 13 46 37

0 5 6 69 -16 21 39 12

0 4 7 7 -5 0 2 18

0 3 5 95 -4 22 30 26

0 2 3 64 -15 14 16 9

0 11 14 69 -19 17 32 22

0 7 59 94 -20 9 45 42

0 0 4 80 -3 19 48 35

0 1 3 46 -16 3 42 4

0 18 46 30 -17 25 42 49

0 1 46 14 -1 1 24 32

0 18 19 99 -18 2 4 32

0 0 1 1 -6 43 44 13

0 1 21 18 -17 3 37 15

0 12 15 60 -1 0 20 42

0 0 3 51 -18 0 19 34

0 2 6 4 -5 3 43 13

0 2 8 1 -2 1 22 36

0 1 10 15 -16 15 41 24

0 5 20 76 -12 2 41 42

0 10 38 31 -15 5 49 43


SAlphaB: 703.0, std-dev 270.3680572176313

Earliest win: 35
Latest win: 81

WinDepth:
0 0 0 0 0 0 0 0 0 0 0 0 0 0 0 0 0 0 0 0 0 0 0 0 0 0 0 0 0 0 0 0 0 0 0 1 0 1 0 0 17 5 12 14 24 13 28 56 43 54 85 168 103 124 80 140 114 172 127 195 184 238 258 284 324 370 364 390 457 391 476 416 484 404 382 387 253 256 201 157 116 88 
SAlphaB:
0 0 0 0 0 0 0 0 0 0 0 0 0 0 0 0 0 0 0 0 0 0 0 0 0 0 0 0 0 0 0 0 0 0 0 1 0 1 0 0 17 5 12 14 24 13 28 56 43 54 85 168 103 124 80 140 114 172 127 195 184 238 258 284 324 370 364 390 457 391 476 416 484 404 382 387 253 256 201 157 116 88 

LossDepth:
SAlphaB:
0 0 0 0 0 0 0 0 0 0 0 0 0 0 0 0 0 0 0 0 0 0 0 0 0 0 0 0 0 0 0 0 0 0 0 1 0 1 0 0 17 5 12 14 24 13 28 56 43 54 85 168 103 124 80 140 114 172 127 195 184 238 258 284 324 370 364 390 457 391 476 416 484 404 382 387 253 256 201 157 116 88 

FirstWin:
0 0 0 0 0 0 0 0 0 0 0 0 0 0 0 0 0 0 0 0 0 0 0 0 0 0 0 0 0 0 0 0 0 0 0 1 0 1 0 0 0 5 0 14 0 13 0 56 0 54 0 168 0 124 0 140 0 172 0 195 0 238 0 284 0 370 0 390 0 391 0 416 0 404 0 387 0 256 0 157 0 88 
SAlphaB:
0 0 0 0 0 0 0 0 0 0 0 0 0 0 0 0 0 0 0 0 0 0 0 0 0 0 0 0 0 0 0 0 0 0 0 1 0 1 0 0 0 5 0 14 0 13 0 56 0 54 0 168 0 124 0 140 0 172 0 195 0 238 0 284 0 370 0 390 0 391 0 416 0 404 0 387 0 256 0 157 0 88 

SecondWin:
0 0 0 0 0 0 0 0 0 0 0 0 0 0 0 0 0 0 0 0 0 0 0 0 0 0 0 0 0 0 0 0 0 0 0 0 0 0 0 0 17 0 12 0 24 0 28 0 43 0 85 0 103 0 80 0 114 0 127 0 184 0 258 0 324 0 364 0 457 0 476 0 484 0 382 0 253 0 201 0 116 0 
SAlphaB:
0 0 0 0 0 0 0 0 0 0 0 0 0 0 0 0 0 0 0 0 0 0 0 0 0 0 0 0 0 0 0 0 0 0 0 0 0 0 0 0 17 0 12 0 24 0 28 0 43 0 85 0 103 0 80 0 114 0 127 0 184 0 258 0 324 0 364 0 457 0 476 0 484 0 382 0 253 0 201 0 116 0 
