0 28 40 19 -9 0 13 20

0 27 56 49 -15 1 4 15

0 45 69 45 -5 2 16 35

0 23 86 2 -18 0 2 19

0 27 72 63 -3 5 14 41

0 24 74 17 -3 4 7 10

0 58 69 72 -17 3 7 0

0 40 58 36 -15 0 1 7

0 53 86 80 -14 9 15 45

0 89 99 98 -8 18 21 13

0 76 88 30 -18 0 11 23

0 31 89 69 -10 1 33 23

0 11 17 70 -2 0 9 3

0 17 28 94 -20 0 1 0

0 91 97 23 -10 6 22 12

0 7 52 33 -3 1 6 8

0 50 60 85 -6 6 36 0

0 18 82 81 -8 7 23 4

0 40 54 67 -14 15 29 7

0 6 82 99 -17 0 1 5

0 72 76 52 -15 19 32 27

0 32 42 97 -20 3 16 30

0 72 99 31 -16 9 14 12

0 67 69 21 -16 16 36 24

0 69 83 61 -17 18 26 25

0 35 60 91 -3 15 40 34

0 67 91 61 -18 17 42 49

0 33 46 47 -15 33 40 28

0 42 67 88 -13 11 42 21

0 10 63 98 -3 31 41 34

0 67 73 82 -12 4 12 42

0 10 11 97 -10 4 6 3

0 43 98 69 -1 0 12 22

0 62 66 15 -7 0 40 13

0 25 28 54 -10 22 44 10

0 34 46 97 -19 16 39 42

0 70 76 94 -19 17 22 17

0 53 70 84 -3 14 42 43

0 26 30 92 -11 22 28 25

0 31 42 27 -12 9 15 11

0 35 59 27 -5 12 46 14

0 5 47 53 -19 33 35 5

0 16 33 66 -18 0 11 23

0 37 62 73 -15 8 34 11

0 8 78 21 -15 1 3 22

0 16 63 55 -16 4 12 8

0 7 76 60 -3 24 30 25

0 6 30 68 -11 11 15 2

0 11 43 72 -6 26 28 23

0 22 32 32 -5 8 13 38

0 66 77 17 -1 5 46 40

0 12 23 68 -1 18 27 29

0 28 63 4 -12 35 36 11

0 3 23 95 -16 25 33 32

0 17 27 90 -6 17 18 44

0 34 55 0 -12 9 11 6

0 49 70 55 -19 19 31 21

0 10 61 2 -6 13 32 21

0 5 20 74 -7 10 22 20

0 12 44 37 -11 23 35 10

0 10 85 98 -4 3 42 43

0 10 14 40 -19 28 31 6

0 12 76 21 -20 18 44 31

0 59 75 91 -17 25 46 27

0 19 82 61 -20 2 29 21

0 7 15 88 -8 30 34 32

0 35 37 22 -18 3 4 30

0 12 14 20 -10 4 18 23

0 47 56 54 -3 19 29 2

0 2 60 93 -12 0 48 19

0 10 25 82 -6 25 44 35

0 0 3 53 -6 16 18 17

0 14 29 22 -6 8 30 30

0 8 97 32 -9 26 28 35

0 3 9 79 -8 45 46 19

0 14 23 3 -5 13 29 17

0 14 24 71 -14 5 24 31

0 6 12 96 -13 18 22 43

0 6 32 34 -14 21 34 28

0 7 19 39 -12 13 48 1

0 10 80 16 -8 6 47 28

0 6 21 80 -7 10 38 44

0 32 48 99 -3 8 33 45

0 0 21 27 -11 0 2 47

0 50 80 43 -3 43 48 1

0 21 29 56 -9 34 47 0

0 0 7 46 -18 7 8 21

0 13 14 99 -20 20 27 36

0 1 7 92 -19 10 15 14

0 2 6 33 -15 2 39 1

0 13 29 9 -8 7 17 40

0 0 12 82 -1 2 3 46

0 5 10 0 -2 6 21 37

0 5 12 32 -13 2 48 25

0 0 2 75 -7 4 6 35

0 6 11 55 -5 35 38 49

0 8 12 53 -1 14 29 46

0 9 18 32 -3 21 36 38

0 20 26 29 -16 18 30 44

0 2 14 2 -5 2 9 21


SAlphaB: 685.0, std-dev 262.12068765931065

Earliest win: 36
Latest win: 81

WinDepth:
0 0 0 0 0 0 0 0 0 0 0 0 0 0 0 0 0 0 0 0 0 0 0 0 0 0 0 0 0 0 0 0 0 0 0 0 1 1 2 4 13 5 3 25 12 25 3 26 33 82 47 157 74 129 85 182 98 194 157 214 201 245 244 311 308 349 403 374 441 420 501 436 441 438 396 337 284 218 209 124 98 68 
SAlphaB:
0 0 0 0 0 0 0 0 0 0 0 0 0 0 0 0 0 0 0 0 0 0 0 0 0 0 0 0 0 0 0 0 0 0 0 0 1 1 2 4 13 5 3 25 12 25 3 26 33 82 47 157 74 129 85 182 98 194 157 214 201 245 244 311 308 349 403 374 441 420 501 436 441 438 396 337 284 218 209 124 98 68 

LossDepth:
SAlphaB:
0 0 0 0 0 0 0 0 0 0 0 0 0 0 0 0 0 0 0 0 0 0 0 0 0 0 0 0 0 0 0 0 0 0 0 0 1 1 2 4 13 5 3 25 12 25 3 26 33 82 47 157 74 129 85 182 98 194 157 214 201 245 244 311 308 349 403 374 441 420 501 436 441 438 396 337 284 218 209 124 98 68 

FirstWin:
0 0 0 0 0 0 0 0 0 0 0 0 0 0 0 0 0 0 0 0 0 0 0 0 0 0 0 0 0 0 0 0 0 0 0 0 0 1 0 4 0 5 0 25 0 25 0 26 0 82 0 157 0 129 0 182 0 194 0 214 0 245 0 311 0 349 0 374 0 420 0 436 0 438 0 337 0 218 0 124 0 68 
SAlphaB:
0 0 0 0 0 0 0 0 0 0 0 0 0 0 0 0 0 0 0 0 0 0 0 0 0 0 0 0 0 0 0 0 0 0 0 0 0 1 0 4 0 5 0 25 0 25 0 26 0 82 0 157 0 129 0 182 0 194 0 214 0 245 0 311 0 349 0 374 0 420 0 436 0 438 0 337 0 218 0 124 0 68 

SecondWin:
0 0 0 0 0 0 0 0 0 0 0 0 0 0 0 0 0 0 0 0 0 0 0 0 0 0 0 0 0 0 0 0 0 0 0 0 1 0 2 0 13 0 3 0 12 0 3 0 33 0 47 0 74 0 85 0 98 0 157 0 201 0 244 0 308 0 403 0 441 0 501 0 441 0 396 0 284 0 209 0 98 0 
SAlphaB:
0 0 0 0 0 0 0 0 0 0 0 0 0 0 0 0 0 0 0 0 0 0 0 0 0 0 0 0 0 0 0 0 0 0 0 0 1 0 2 0 13 0 3 0 12 0 3 0 33 0 47 0 74 0 85 0 98 0 157 0 201 0 244 0 308 0 403 0 441 0 501 0 441 0 396 0 284 0 209 0 98 0 
