0 50 88 86 -1 3 39 0

0 67 98 94 -18 2 20 14

0 31 69 16 -7 6 9 12

0 64 99 84 -2 11 42 18

0 6 59 45 -4 4 11 6

0 15 98 68 -16 0 11 4

0 79 83 98 -7 9 32 9

0 82 99 9 -12 8 25 29

0 46 60 6 -15 6 21 25

0 13 24 3 -1 2 5 1

0 21 71 13 -2 2 16 19

0 73 88 40 -10 5 25 34

0 78 88 21 -4 0 20 8

0 28 70 81 -6 10 41 12

0 83 89 88 -18 13 22 30

0 32 42 81 -12 6 7 9

0 18 94 98 -4 0 1 5

0 18 52 45 -15 14 18 16

0 1 69 53 -13 11 30 29

0 46 70 73 -1 1 29 38

0 84 96 14 -7 2 3 16

0 41 74 50 -4 10 40 44

0 12 33 62 -6 4 11 6

0 31 40 73 -10 0 5 2

0 44 74 37 -6 17 23 34

0 8 31 11 -1 0 3 10

0 35 62 13 -17 15 31 4

0 10 36 91 -6 1 11 4

0 5 63 74 -7 40 42 15

0 10 69 57 -20 2 7 9

0 12 98 7 -20 23 47 47

0 28 53 11 -2 0 1 8

0 68 87 89 -14 0 11 23

0 19 33 20 -16 0 5 41

0 29 35 31 -14 0 12 13

0 63 71 85 -8 2 36 31

0 5 18 63 -8 35 38 36

0 49 53 45 -19 20 33 27

0 6 67 29 -20 3 16 17

0 12 44 90 -11 23 41 5

0 5 53 5 -10 33 35 4

0 20 54 59 -5 7 34 16

0 8 56 14 -8 3 8 18

0 23 58 64 -5 16 19 7

0 53 92 64 -18 0 44 1

0 7 31 80 -8 0 3 15

0 39 57 96 -13 1 2 31

0 8 39 33 -15 4 20 13

0 10 45 75 -10 37 40 21

0 37 72 9 -2 13 20 44

0 0 31 70 -12 11 32 12

0 57 66 9 -11 29 46 24

0 20 28 92 -7 24 37 17

0 23 94 53 -7 12 13 49

0 24 80 54 -9 32 33 11

0 7 13 99 -6 27 37 30

0 4 67 91 -4 11 44 3

0 49 54 11 -8 9 37 34

0 46 87 16 -7 13 17 42

0 31 47 20 -16 21 38 11

0 61 62 96 -14 20 23 28

0 15 44 87 -3 10 26 3

0 3 20 28 -9 2 6 29

0 13 24 76 -14 3 28 15

0 9 40 63 -9 26 48 42

0 17 80 96 -19 6 20 37

0 8 12 13 -2 7 22 9

0 0 4 37 -17 0 1 32

0 0 61 40 -17 3 23 45

0 4 8 73 -1 3 4 15

0 28 40 15 -3 1 8 30

0 4 6 95 -18 0 11 1

0 4 55 68 -19 19 34 39

0 20 57 51 -9 9 14 47

0 1 68 22 -4 14 28 39

0 41 76 38 -18 32 37 16

0 7 24 1 -15 20 48 15

0 13 26 71 -10 4 26 35

0 4 9 82 -7 17 44 18

0 0 68 74 -13 24 36 0

0 7 14 94 -17 0 12 30

0 3 15 91 -13 0 1 23

0 0 6 76 -1 8 9 0

0 8 48 28 -17 19 38 17

0 2 17 28 -16 7 42 31

0 14 74 3 -19 16 22 6

0 5 53 56 -19 21 34 3

0 17 24 37 -14 11 34 48

0 0 2 55 -18 3 8 3

0 11 14 72 -4 30 32 48

0 38 46 6 -6 29 42 49

0 5 36 38 -4 12 27 40

0 8 26 12 -10 7 27 33

0 4 5 36 -8 3 4 27

0 1 3 65 -12 1 15 10

0 0 5 58 -20 4 5 40

0 5 18 63 -10 1 38 48

0 5 16 86 -15 0 23 41

0 2 10 97 -17 4 35 1

0 10 13 10 -12 8 23 33


SAlphaB: 780.0, std-dev 293.66997942960023

Earliest win: 36
Latest win: 81

WinDepth:
0 0 0 0 0 0 0 0 0 0 0 0 0 0 0 0 0 0 0 0 0 0 0 0 0 0 0 0 0 0 0 0 0 0 0 0 1 3 1 1 0 1 2 13 10 20 14 35 27 83 73 117 89 131 102 175 117 197 140 206 165 208 222 339 374 383 425 415 460 412 491 439 395 376 420 373 264 222 196 128 89 76 
SAlphaB:
0 0 0 0 0 0 0 0 0 0 0 0 0 0 0 0 0 0 0 0 0 0 0 0 0 0 0 0 0 0 0 0 0 0 0 0 1 3 1 1 0 1 2 13 10 20 14 35 27 83 73 117 89 131 102 175 117 197 140 206 165 208 222 339 374 383 425 415 460 412 491 439 395 376 420 373 264 222 196 128 89 76 

LossDepth:
SAlphaB:
0 0 0 0 0 0 0 0 0 0 0 0 0 0 0 0 0 0 0 0 0 0 0 0 0 0 0 0 0 0 0 0 0 0 0 0 1 3 1 1 0 1 2 13 10 20 14 35 27 83 73 117 89 131 102 175 117 197 140 206 165 208 222 339 374 383 425 415 460 412 491 439 395 376 420 373 264 222 196 128 89 76 

FirstWin:
0 0 0 0 0 0 0 0 0 0 0 0 0 0 0 0 0 0 0 0 0 0 0 0 0 0 0 0 0 0 0 0 0 0 0 0 0 3 0 1 0 1 0 13 0 20 0 35 0 83 0 117 0 131 0 175 0 197 0 206 0 208 0 339 0 383 0 415 0 412 0 439 0 376 0 373 0 222 0 128 0 76 
SAlphaB:
0 0 0 0 0 0 0 0 0 0 0 0 0 0 0 0 0 0 0 0 0 0 0 0 0 0 0 0 0 0 0 0 0 0 0 0 0 3 0 1 0 1 0 13 0 20 0 35 0 83 0 117 0 131 0 175 0 197 0 206 0 208 0 339 0 383 0 415 0 412 0 439 0 376 0 373 0 222 0 128 0 76 

SecondWin:
0 0 0 0 0 0 0 0 0 0 0 0 0 0 0 0 0 0 0 0 0 0 0 0 0 0 0 0 0 0 0 0 0 0 0 0 1 0 1 0 0 0 2 0 10 0 14 0 27 0 73 0 89 0 102 0 117 0 140 0 165 0 222 0 374 0 425 0 460 0 491 0 395 0 420 0 264 0 196 0 89 0 
SAlphaB:
0 0 0 0 0 0 0 0 0 0 0 0 0 0 0 0 0 0 0 0 0 0 0 0 0 0 0 0 0 0 0 0 0 0 0 0 1 0 1 0 0 0 2 0 10 0 14 0 27 0 73 0 89 0 102 0 117 0 140 0 165 0 222 0 374 0 425 0 460 0 491 0 395 0 420 0 264 0 196 0 89 0 
