0 18 69 61 -6 2 9 2

0 32 76 53 -20 0 4 15

0 36 89 17 -7 0 24 4

0 42 78 71 -6 10 13 6

0 44 78 96 -7 5 23 4

0 28 67 34 -4 2 5 3

0 38 98 51 -4 4 29 20

0 69 91 48 -7 11 25 2

0 8 60 55 -6 4 9 2

0 27 94 76 -14 3 8 19

0 65 92 14 -19 2 4 18

0 60 89 87 -14 6 36 20

0 39 80 71 -2 8 19 17

0 36 59 27 -9 4 10 29

0 42 64 84 -6 0 1 1

0 32 77 48 -2 0 2 1

0 52 85 21 -16 6 27 17

0 44 93 79 -8 2 3 5

0 65 98 49 -9 3 6 31

0 68 84 23 -1 12 14 5

0 40 81 73 -15 2 17 30

0 66 93 19 -5 11 41 34

0 55 91 34 -3 7 24 45

0 77 84 26 -19 0 21 20

0 78 99 85 -14 7 14 17

0 63 74 41 -9 1 3 16

0 68 81 97 -11 13 41 7

0 31 54 94 -18 3 10 20

0 18 97 72 -2 2 13 35

0 53 92 21 -11 2 25 22

0 60 83 27 -9 3 21 26

0 59 77 63 -20 1 3 6

0 69 85 31 -13 6 25 19

0 26 64 26 -20 0 6 12

0 26 49 62 -12 0 4 20

0 23 33 23 -3 5 7 3

0 43 79 81 -5 4 23 7

0 22 56 32 -14 8 23 26

0 69 97 23 -10 4 29 24

0 73 91 51 -20 8 30 30

0 47 92 93 -9 5 13 33

0 40 55 76 -1 8 26 16

0 57 65 33 -17 12 40 23

0 17 46 98 -13 0 1 7

0 43 83 25 -10 4 11 19

0 40 46 97 -14 1 8 36

0 6 56 27 -10 1 2 7

0 51 57 26 -8 2 15 19

0 53 56 44 -9 1 18 9

0 14 95 11 -2 1 19 12

0 15 34 48 -7 0 16 7

0 43 84 2 -18 5 24 32

0 14 20 13 -9 2 5 8

0 3 72 22 -10 2 3 10

0 95 96 21 -5 8 42 11

0 82 89 96 -4 2 41 32

0 51 69 6 -11 8 27 31

0 85 90 16 -16 19 31 0

0 29 46 41 -17 10 27 9

0 37 88 94 -8 2 47 7

0 13 84 93 -8 10 11 14

0 51 81 37 -4 5 21 31

0 49 92 59 -17 8 32 26

0 18 93 88 -2 6 9 4

0 25 30 32 -13 0 6 12

0 10 24 52 -4 11 13 17

0 21 86 70 -2 4 13 29

0 7 67 85 -15 5 13 9

0 64 81 81 -20 9 22 5

0 4 55 52 -19 2 3 15

0 27 99 41 -16 0 1 28

0 24 40 19 -14 7 18 21

0 37 90 88 -12 0 32 4

0 60 90 80 -18 18 22 4

0 13 47 44 -8 16 39 17

0 48 60 33 -19 2 3 22

0 44 88 31 -5 9 17 17

0 38 61 73 -20 0 4 41

0 64 98 40 -6 3 4 48

0 41 86 85 -8 2 7 29

0 29 92 0 -8 0 31 13

0 30 44 45 -3 7 21 36

0 59 83 27 -6 4 33 5

0 27 76 92 -9 0 30 25

0 54 62 20 -12 3 6 1

0 21 36 36 -2 2 4 1

0 34 68 62 -9 3 5 36

0 15 51 82 -5 19 36 2

0 65 68 73 -17 0 3 14

0 19 41 23 -14 7 15 14

0 44 58 83 -16 2 3 1

0 7 63 68 -7 23 37 9

0 4 84 92 -12 21 45 40

0 82 94 63 -14 32 37 31

0 5 61 35 -3 1 3 11

0 83 88 86 -7 4 6 22

0 15 99 50 -2 0 21 45

0 4 80 74 -20 0 1 6

0 41 71 89 -5 16 21 9

0 28 56 78 -14 9 13 37


SAlphaB: 1070.0, std-dev 394.4365015916742

Earliest win: 36
Latest win: 81

WinDepth:
0 0 0 0 0 0 0 0 0 0 0 0 0 0 0 0 0 0 0 0 0 0 0 0 0 0 0 0 0 0 0 0 0 0 0 0 3 9 16 8 5 14 10 28 17 55 31 156 60 144 140 400 177 328 239 420 346 569 425 579 500 599 640 750 803 1006 843 983 1019 965 998 1006 857 870 873 758 656 500 418 290 184 116 
SAlphaB:
0 0 0 0 0 0 0 0 0 0 0 0 0 0 0 0 0 0 0 0 0 0 0 0 0 0 0 0 0 0 0 0 0 0 0 0 3 9 16 8 5 14 10 28 17 55 31 156 60 144 140 400 177 328 239 420 346 569 425 579 500 599 640 750 803 1006 843 983 1019 965 998 1006 857 870 873 758 656 500 418 290 184 116 

LossDepth:
SAlphaB:
0 0 0 0 0 0 0 0 0 0 0 0 0 0 0 0 0 0 0 0 0 0 0 0 0 0 0 0 0 0 0 0 0 0 0 0 2 5 7 6 3 4 8 12 16 42 21 74 38 92 98 168 118 178 166 253 202 331 269 364 299 374 447 580 540 728 631 735 679 756 772 808 652 747 707 729 490 426 312 271 237 152 

FirstWin:
0 0 0 0 0 0 0 0 0 0 0 0 0 0 0 0 0 0 0 0 0 0 0 0 0 0 0 0 0 0 0 0 0 0 0 0 0 9 0 8 0 14 0 28 0 55 0 156 0 144 0 400 0 328 0 420 0 569 0 579 0 599 0 750 0 1006 0 983 0 965 0 1006 0 870 0 758 0 500 0 290 0 116 
SAlphaB:
0 0 0 0 0 0 0 0 0 0 0 0 0 0 0 0 0 0 0 0 0 0 0 0 0 0 0 0 0 0 0 0 0 0 0 0 0 9 0 8 0 14 0 28 0 55 0 156 0 144 0 400 0 328 0 420 0 569 0 579 0 599 0 750 0 1006 0 983 0 965 0 1006 0 870 0 758 0 500 0 290 0 116 

SecondWin:
0 0 0 0 0 0 0 0 0 0 0 0 0 0 0 0 0 0 0 0 0 0 0 0 0 0 0 0 0 0 0 0 0 0 0 0 3 0 16 0 5 0 10 0 17 0 31 0 60 0 140 0 177 0 239 0 346 0 425 0 500 0 640 0 803 0 843 0 1019 0 998 0 857 0 873 0 656 0 418 0 184 0 
SAlphaB:
0 0 0 0 0 0 0 0 0 0 0 0 0 0 0 0 0 0 0 0 0 0 0 0 0 0 0 0 0 0 0 0 0 0 0 0 3 0 16 0 5 0 10 0 17 0 31 0 60 0 140 0 177 0 239 0 346 0 425 0 500 0 640 0 803 0 843 0 1019 0 998 0 857 0 873 0 656 0 418 0 184 0 
