0 18 93 88 -2 6 9 4

0 68 81 97 -11 13 41 7

0 68 84 23 -1 12 14 5

0 4 84 92 -12 21 45 40

0 85 90 16 -16 19 31 0

0 21 36 36 -2 2 4 1

0 51 57 26 -8 2 15 19

0 48 60 33 -19 2 3 22

0 22 56 32 -14 8 23 26

0 47 92 93 -9 5 13 33

0 64 78 26 -15 8 14 0

0 26 89 79 -6 4 5 8

0 35 88 32 -16 11 18 34

0 17 54 91 -13 20 38 9

0 66 96 93 -9 2 3 10

0 24 75 82 -19 15 28 5

0 47 58 39 -12 1 38 28

0 6 49 7 -3 4 7 11

0 27 61 11 -15 21 36 5

0 42 64 67 -12 6 11 44

0 40 87 47 -7 0 3 0

0 29 53 56 -16 13 44 25

0 59 78 81 -20 10 32 24

0 25 64 70 -18 6 7 48

0 16 71 9 -3 7 26 6

0 6 77 35 -8 2 12 24

0 7 91 48 -20 0 4 15

0 32 45 67 -11 18 48 32

0 72 96 79 -12 26 46 35

0 69 77 44 -2 2 4 45

0 18 39 71 -11 36 39 21

0 48 63 77 -8 2 8 18

0 58 88 35 -5 22 26 12

0 27 39 88 -1 6 33 36

0 17 82 66 -14 28 46 49

0 53 60 87 -9 0 3 24

0 67 81 42 -20 12 35 46

0 9 19 77 -14 4 6 24

0 25 45 15 -4 18 19 45

0 3 19 31 -1 7 8 14

0 7 44 59 -13 1 10 9

0 12 40 91 -20 37 38 30

0 9 48 2 -8 3 22 6

0 10 87 5 -15 10 42 26

0 5 54 52 -17 29 43 24

0 20 32 98 -9 13 17 28

0 17 71 13 -6 5 20 24

0 54 59 34 -9 21 30 4

0 11 82 18 -16 8 44 2

0 6 55 28 -15 10 48 21

0 12 19 53 -11 15 22 11

0 25 32 88 -16 10 27 26

0 16 55 67 -15 9 10 29

0 42 85 21 -15 23 42 16

0 12 34 53 -3 3 16 3

0 6 60 0 -20 39 46 36

0 13 47 93 -8 4 26 27

0 7 78 7 -12 15 37 39

0 46 60 76 -4 24 40 38

0 16 23 7 -9 8 10 32

0 8 9 50 -19 11 38 46

0 4 32 96 -19 0 4 2

0 5 13 16 -4 10 16 14

0 30 78 50 -12 25 34 43

0 52 54 69 -12 24 39 34

0 27 36 37 -13 17 47 0

0 38 42 41 -20 15 19 7

0 43 94 62 -9 42 43 37

0 60 63 55 -13 6 8 47

0 16 38 95 -13 7 43 31

0 0 58 86 -2 2 3 45

0 39 56 45 -2 25 47 39

0 5 26 60 -12 0 3 40

0 0 2 87 -19 27 47 47

0 1 5 47 -4 32 37 19

0 13 14 79 -13 3 6 31

0 7 43 22 -15 11 23 39

0 6 8 33 -16 0 11 36

0 4 17 81 -17 6 18 30

0 50 54 25 -3 34 41 9

0 4 6 41 -20 12 15 29

0 8 17 99 -2 41 48 27

0 0 3 19 -11 13 41 20

0 0 1 74 -12 9 39 11

0 6 7 66 -10 19 23 3

0 3 5 94 -2 28 45 4

0 0 7 21 -8 42 49 12

0 51 54 51 -4 3 6 46

0 1 7 49 -16 24 36 43

0 0 2 22 -14 33 40 48

0 10 11 19 -8 33 42 39

0 1 6 34 -18 15 27 14

0 12 13 91 -11 0 9 39

0 5 20 46 -14 14 46 22

0 0 1 69 -20 7 13 47

0 3 11 34 -11 1 32 22

0 0 4 42 -6 11 30 17

0 8 14 33 -2 7 15 45

0 0 1 19 -12 14 34 6

0 2 8 15 -8 1 4 46


SAlphaB: 978.0, std-dev 397.0918295698252

Earliest win: 37
Latest win: 81

WinDepth:
0 0 0 0 0 0 0 0 0 0 0 0 0 0 0 0 0 0 0 0 0 0 0 0 0 0 0 0 0 0 0 0 0 0 0 0 0 3 0 3 0 7 4 14 19 19 20 27 38 87 55 232 95 128 107 158 152 175 183 163 148 190 195 316 331 360 361 390 464 402 435 441 378 394 379 387 285 257 190 145 130 75 
SAlphaB:
0 0 0 0 0 0 0 0 0 0 0 0 0 0 0 0 0 0 0 0 0 0 0 0 0 0 0 0 0 0 0 0 0 0 0 0 0 3 0 3 0 7 4 14 19 19 20 27 38 87 55 232 95 128 107 158 152 175 183 163 148 190 195 316 331 360 361 390 464 402 435 441 378 394 379 387 285 257 190 145 130 75 

LossDepth:
SAlphaB:
0 0 0 0 0 0 0 0 0 0 0 0 0 0 0 0 0 0 0 0 0 0 0 0 0 0 0 0 0 0 0 0 0 0 0 0 0 3 0 3 0 7 4 14 19 19 20 27 38 87 55 232 95 128 107 158 152 175 183 163 148 190 195 316 331 360 361 390 464 402 435 441 378 394 379 387 285 257 190 145 130 75 

FirstWin:
0 0 0 0 0 0 0 0 0 0 0 0 0 0 0 0 0 0 0 0 0 0 0 0 0 0 0 0 0 0 0 0 0 0 0 0 0 3 0 3 0 7 0 14 0 19 0 27 0 87 0 232 0 128 0 158 0 175 0 163 0 190 0 316 0 360 0 390 0 402 0 441 0 394 0 387 0 257 0 145 0 75 
SAlphaB:
0 0 0 0 0 0 0 0 0 0 0 0 0 0 0 0 0 0 0 0 0 0 0 0 0 0 0 0 0 0 0 0 0 0 0 0 0 3 0 3 0 7 0 14 0 19 0 27 0 87 0 232 0 128 0 158 0 175 0 163 0 190 0 316 0 360 0 390 0 402 0 441 0 394 0 387 0 257 0 145 0 75 

SecondWin:
0 0 0 0 0 0 0 0 0 0 0 0 0 0 0 0 0 0 0 0 0 0 0 0 0 0 0 0 0 0 0 0 0 0 0 0 0 0 0 0 0 0 4 0 19 0 20 0 38 0 55 0 95 0 107 0 152 0 183 0 148 0 195 0 331 0 361 0 464 0 435 0 378 0 379 0 285 0 190 0 130 0 
SAlphaB:
0 0 0 0 0 0 0 0 0 0 0 0 0 0 0 0 0 0 0 0 0 0 0 0 0 0 0 0 0 0 0 0 0 0 0 0 0 0 0 0 0 0 4 0 19 0 20 0 38 0 55 0 95 0 107 0 152 0 183 0 148 0 195 0 331 0 361 0 464 0 435 0 378 0 379 0 285 0 190 0 130 0 
