0 18 69 61 -6 2 9 2

0 43 79 81 -5 4 23 7

0 27 99 41 -16 0 1 28

0 63 74 41 -9 1 3 16

0 42 78 71 -6 10 13 6

0 65 68 73 -17 0 3 14

0 40 55 76 -1 8 26 16

0 53 92 21 -11 2 25 22

0 18 97 72 -2 2 13 35

0 4 55 52 -19 2 3 15

0 50 60 78 -4 11 23 49

0 67 68 16 -5 16 24 15

0 70 79 75 -17 7 15 2

0 38 63 84 -11 9 19 36

0 37 83 75 -14 40 46 31

0 2 31 60 -13 29 30 7

0 33 59 47 -6 0 10 26

0 50 79 19 -9 16 37 16

0 23 57 7 -6 0 1 33

0 30 74 67 -2 20 29 42

0 15 76 16 -12 13 29 3

0 59 79 87 -10 21 45 29

0 51 67 19 -8 8 37 20

0 24 57 22 -1 1 24 45

0 12 54 47 -2 9 16 13

0 25 28 86 -14 8 26 25

0 54 71 51 -11 0 4 35

0 31 88 25 -16 15 28 16

0 28 45 35 -8 8 19 36

0 47 68 57 -2 17 47 24

0 31 68 76 -14 4 7 39

0 15 76 44 -3 14 16 13

0 34 84 7 -19 14 28 19

0 24 39 98 -5 36 48 47

0 49 70 8 -7 4 25 47

0 49 51 65 -16 2 5 31

0 20 87 8 -7 23 45 10

0 23 63 92 -8 1 2 43

0 43 82 29 -17 4 39 45

0 26 54 7 -18 4 21 21

0 44 56 17 -7 13 25 0

0 29 50 60 -20 20 38 35

0 15 87 5 -1 14 42 17

0 25 63 50 -4 7 45 18

0 12 33 66 -8 2 3 0

0 75 81 0 -12 38 41 23

0 3 72 4 -18 2 19 18

0 9 66 49 -16 10 16 28

0 31 86 24 -18 5 30 24

0 18 36 98 -3 7 8 5

0 17 18 47 -18 5 10 28

0 7 34 58 -18 0 3 17

0 47 59 18 -9 24 42 24

0 62 67 43 -5 21 24 34

0 0 66 24 -10 14 27 12

0 59 72 15 -18 23 28 47

0 59 66 4 -8 12 20 49

0 30 36 52 -15 15 42 36

0 37 62 56 -6 29 30 49

0 38 58 46 -6 26 31 1

0 13 14 16 -2 24 34 38

0 1 66 12 -5 5 47 15

0 8 81 80 -10 9 43 18

0 3 49 22 -20 2 28 5

0 92 94 0 -8 0 2 7

0 5 62 72 -7 29 37 18

0 3 52 17 -6 28 46 25

0 34 49 56 -6 10 45 38

0 34 70 47 -14 8 47 21

0 36 77 38 -3 16 44 47

0 12 27 87 -15 11 15 47

0 0 19 66 -6 7 22 34

0 78 84 85 -13 37 49 6

0 6 36 27 -1 4 7 19

0 18 48 35 -20 20 36 27

0 29 83 48 -13 22 24 38

0 14 28 35 -18 37 48 27

0 10 11 52 -13 1 31 36

0 46 58 98 -18 32 39 4

0 7 50 33 -19 10 41 38

0 7 17 15 -16 13 28 12

0 22 24 31 -13 13 48 42

0 1 3 8 -4 0 5 6

0 2 19 60 -19 7 41 3

0 3 53 64 -6 2 36 25

0 1 75 65 -14 2 18 8

0 6 25 99 -8 4 16 16

0 4 37 94 -2 3 30 39

0 3 26 96 -17 12 31 12

0 15 25 25 -10 23 31 48

0 4 14 16 -20 7 13 49

0 9 16 39 -6 35 39 24

0 10 28 16 -8 6 27 17

0 10 22 91 -13 1 33 19

0 1 2 58 -5 8 22 40

0 6 7 74 -3 13 23 33

0 1 2 69 -11 35 39 20

0 6 16 4 -15 8 37 21

0 0 42 39 -6 4 22 48

0 6 22 32 -1 1 47 40


SAlphaB: 1015.0, std-dev 398.56650801733366

Earliest win: 37
Latest win: 81

WinDepth:
0 0 0 0 0 0 0 0 0 0 0 0 0 0 0 0 0 0 0 0 0 0 0 0 0 0 0 0 0 0 0 0 0 0 0 0 0 9 0 5 0 7 3 11 14 16 25 35 47 79 62 166 99 149 89 194 116 205 155 198 179 241 251 320 330 347 414 360 394 403 466 434 401 393 391 364 282 283 177 108 103 52 
SAlphaB:
0 0 0 0 0 0 0 0 0 0 0 0 0 0 0 0 0 0 0 0 0 0 0 0 0 0 0 0 0 0 0 0 0 0 0 0 0 9 0 5 0 7 3 11 14 16 25 35 47 79 62 166 99 149 89 194 116 205 155 198 179 241 251 320 330 347 414 360 394 403 466 434 401 393 391 364 282 283 177 108 103 52 

LossDepth:
SAlphaB:
0 0 0 0 0 0 0 0 0 0 0 0 0 0 0 0 0 0 0 0 0 0 0 0 0 0 0 0 0 0 0 0 0 0 0 0 0 9 0 5 0 7 3 11 14 16 25 35 47 79 62 166 99 149 89 194 116 205 155 198 179 241 251 320 330 347 414 360 394 403 466 434 401 393 391 364 282 283 177 108 103 52 

FirstWin:
0 0 0 0 0 0 0 0 0 0 0 0 0 0 0 0 0 0 0 0 0 0 0 0 0 0 0 0 0 0 0 0 0 0 0 0 0 9 0 5 0 7 0 11 0 16 0 35 0 79 0 166 0 149 0 194 0 205 0 198 0 241 0 320 0 347 0 360 0 403 0 434 0 393 0 364 0 283 0 108 0 52 
SAlphaB:
0 0 0 0 0 0 0 0 0 0 0 0 0 0 0 0 0 0 0 0 0 0 0 0 0 0 0 0 0 0 0 0 0 0 0 0 0 9 0 5 0 7 0 11 0 16 0 35 0 79 0 166 0 149 0 194 0 205 0 198 0 241 0 320 0 347 0 360 0 403 0 434 0 393 0 364 0 283 0 108 0 52 

SecondWin:
0 0 0 0 0 0 0 0 0 0 0 0 0 0 0 0 0 0 0 0 0 0 0 0 0 0 0 0 0 0 0 0 0 0 0 0 0 0 0 0 0 0 3 0 14 0 25 0 47 0 62 0 99 0 89 0 116 0 155 0 179 0 251 0 330 0 414 0 394 0 466 0 401 0 391 0 282 0 177 0 103 0 
SAlphaB:
0 0 0 0 0 0 0 0 0 0 0 0 0 0 0 0 0 0 0 0 0 0 0 0 0 0 0 0 0 0 0 0 0 0 0 0 0 0 0 0 0 0 3 0 14 0 25 0 47 0 62 0 99 0 89 0 116 0 155 0 179 0 251 0 330 0 414 0 394 0 466 0 401 0 391 0 282 0 177 0 103 0 
