0 44 93 79 -8 2 3 5

0 29 92 0 -8 0 31 13

0 64 81 81 -20 9 22 5

0 8 60 55 -6 4 9 2

0 53 56 44 -9 1 18 9

0 27 76 92 -9 0 30 25

0 38 98 51 -4 4 29 20

0 41 71 89 -5 16 21 9

0 66 93 19 -5 11 41 34

0 60 90 80 -18 18 22 4

0 37 92 63 -7 4 5 36

0 36 82 89 -20 2 31 47

0 23 99 89 -19 5 27 14

0 24 47 65 -16 7 21 42

0 10 43 90 -2 25 44 5

0 46 84 64 -7 0 19 8

0 45 92 57 -5 4 9 24

0 29 41 2 -1 12 13 6

0 39 72 81 -2 5 9 0

0 13 75 80 -19 16 26 22

0 72 92 92 -19 0 25 45

0 52 68 55 -11 10 14 19

0 67 72 11 -9 11 13 26

0 50 76 50 -8 14 21 39

0 60 64 23 -8 15 27 33

0 8 60 93 -8 20 42 48

0 37 67 73 -5 16 33 10

0 0 11 75 -7 5 8 24

0 25 60 30 -15 28 34 14

0 85 88 1 -6 7 10 8

0 35 79 3 -19 8 30 41

0 27 43 59 -16 22 36 15

0 89 94 15 -12 0 2 44

0 7 17 64 -20 7 14 27

0 22 61 52 -9 0 31 35

0 24 55 87 -13 10 19 42

0 29 88 28 -17 6 34 2

0 13 65 76 -9 33 43 42

0 39 67 64 -17 23 28 2

0 35 47 14 -18 45 47 44

0 46 76 96 -7 5 44 44

0 38 77 87 -3 31 46 23

0 35 43 59 -6 20 33 33

0 2 13 48 -15 2 15 9

0 18 70 93 -17 17 49 44

0 24 32 88 -15 8 24 45

0 0 27 98 -12 10 14 6

0 14 90 25 -16 10 28 41

0 8 36 74 -18 9 12 26

0 45 70 30 -11 23 43 25

0 1 32 83 -14 0 9 3

0 44 47 67 -10 9 44 16

0 8 46 91 -18 25 37 17

0 36 70 27 -17 19 46 10

0 4 17 53 -20 0 1 16

0 42 66 15 -19 27 28 47

0 5 86 21 -7 1 11 36

0 3 66 69 -15 12 33 43

0 37 45 26 -20 2 44 49

0 14 78 36 -2 10 20 23

0 4 42 98 -16 1 2 32

0 88 95 31 -9 1 16 32

0 22 69 5 -3 31 33 14

0 21 38 5 -8 3 35 10

0 9 15 50 -1 25 37 19

0 4 15 1 -16 0 32 16

0 18 64 22 -8 2 17 46

0 54 59 85 -6 32 36 30

0 5 11 82 -3 19 26 32

0 6 24 91 -8 2 17 6

0 20 56 82 -1 7 41 37

0 28 43 3 -10 15 48 44

0 1 24 49 -18 15 31 20

0 7 80 61 -3 3 18 48

0 2 49 20 -15 0 1 36

0 3 15 87 -3 10 12 30

0 9 12 16 -11 18 32 4

0 34 59 41 -14 36 40 49

0 3 33 21 -14 15 45 10

0 8 29 23 -2 18 23 37

0 12 28 9 -7 9 27 27

0 10 25 35 -11 8 34 23

0 1 8 55 -12 40 44 4

0 4 10 62 -10 15 32 17

0 3 19 69 -10 21 46 20

0 4 5 83 -8 42 45 25

0 1 19 62 -6 34 36 29

0 3 11 38 -20 1 5 28

0 2 44 6 -2 10 13 5

0 3 13 4 -19 20 30 14

0 3 16 66 -10 23 38 17

0 0 1 22 -20 14 16 21

0 10 16 69 -11 4 24 35

0 0 20 26 -15 17 42 35

0 52 60 66 -17 24 25 3

0 5 22 21 -12 0 43 5

0 0 14 96 -8 25 29 5

0 21 22 3 -2 34 44 1

0 4 15 23 -13 2 15 45

0 0 1 42 -7 1 5 27


SAlphaB: 1000.0, std-dev 397.4111424729007

Earliest win: 36
Latest win: 81

WinDepth:
0 0 0 0 0 0 0 0 0 0 0 0 0 0 0 0 0 0 0 0 0 0 0 0 0 0 0 0 0 0 0 0 0 0 0 0 1 6 0 6 0 3 5 11 9 17 18 40 29 90 53 303 108 116 85 166 121 208 134 153 185 226 256 313 353 396 415 356 475 379 472 427 404 363 387 334 248 249 162 112 92 75 
SAlphaB:
0 0 0 0 0 0 0 0 0 0 0 0 0 0 0 0 0 0 0 0 0 0 0 0 0 0 0 0 0 0 0 0 0 0 0 0 1 6 0 6 0 3 5 11 9 17 18 40 29 90 53 303 108 116 85 166 121 208 134 153 185 226 256 313 353 396 415 356 475 379 472 427 404 363 387 334 248 249 162 112 92 75 

LossDepth:
SAlphaB:
0 0 0 0 0 0 0 0 0 0 0 0 0 0 0 0 0 0 0 0 0 0 0 0 0 0 0 0 0 0 0 0 0 0 0 0 1 6 0 6 0 3 5 11 9 17 18 40 29 90 53 303 108 116 85 166 121 208 134 153 185 226 256 313 353 396 415 356 475 379 472 427 404 363 387 334 248 249 162 112 92 75 

FirstWin:
0 0 0 0 0 0 0 0 0 0 0 0 0 0 0 0 0 0 0 0 0 0 0 0 0 0 0 0 0 0 0 0 0 0 0 0 0 6 0 6 0 3 0 11 0 17 0 40 0 90 0 303 0 116 0 166 0 208 0 153 0 226 0 313 0 396 0 356 0 379 0 427 0 363 0 334 0 249 0 112 0 75 
SAlphaB:
0 0 0 0 0 0 0 0 0 0 0 0 0 0 0 0 0 0 0 0 0 0 0 0 0 0 0 0 0 0 0 0 0 0 0 0 0 6 0 6 0 3 0 11 0 17 0 40 0 90 0 303 0 116 0 166 0 208 0 153 0 226 0 313 0 396 0 356 0 379 0 427 0 363 0 334 0 249 0 112 0 75 

SecondWin:
0 0 0 0 0 0 0 0 0 0 0 0 0 0 0 0 0 0 0 0 0 0 0 0 0 0 0 0 0 0 0 0 0 0 0 0 1 0 0 0 0 0 5 0 9 0 18 0 29 0 53 0 108 0 85 0 121 0 134 0 185 0 256 0 353 0 415 0 475 0 472 0 404 0 387 0 248 0 162 0 92 0 
SAlphaB:
0 0 0 0 0 0 0 0 0 0 0 0 0 0 0 0 0 0 0 0 0 0 0 0 0 0 0 0 0 0 0 0 0 0 0 0 1 0 0 0 0 0 5 0 9 0 18 0 29 0 53 0 108 0 85 0 121 0 134 0 185 0 256 0 353 0 415 0 475 0 472 0 404 0 387 0 248 0 162 0 92 0 
