0 32 76 53 -20 0 4 15

0 27 94 76 -14 3 8 19

0 59 77 63 -20 1 3 6

0 51 81 37 -4 5 21 31

0 25 30 32 -13 0 6 12

0 15 51 82 -5 19 36 2

0 30 44 45 -3 7 21 36

0 36 59 27 -9 4 10 29

0 55 91 34 -3 7 24 45

0 44 58 83 -16 2 3 1

0 34 49 45 -18 15 32 37

0 30 81 52 -11 10 16 17

0 42 59 96 -9 0 6 36

0 29 95 10 -17 4 5 24

0 40 73 36 -14 2 5 42

0 15 52 68 -5 26 29 33

0 34 35 82 -19 2 16 43

0 27 33 90 -20 12 31 32

0 43 57 56 -15 4 42 5

0 55 56 38 -1 8 22 13

0 17 25 57 -3 10 15 18

0 26 53 38 -19 2 4 48

0 17 66 39 -15 20 34 40

0 28 49 82 -14 19 26 12

0 6 78 31 -2 6 10 1

0 61 86 82 -19 1 20 20

0 30 33 23 -20 3 6 43

0 22 40 25 -9 12 29 11

0 34 86 79 -17 36 42 45

0 41 84 48 -13 15 20 41

0 30 85 71 -14 19 26 11

0 15 94 9 -14 4 31 14

0 42 55 67 -16 14 25 47

0 19 49 94 -4 20 35 46

0 33 74 69 -19 20 21 43

0 49 51 86 -19 36 39 46

0 6 89 91 -15 9 49 29

0 2 49 27 -9 3 22 6

0 6 10 55 -4 21 37 6

0 12 60 74 -10 17 37 37

0 26 62 99 -7 3 40 9

0 51 91 97 -20 13 36 27

0 76 81 54 -13 24 39 18

0 5 61 96 -17 1 11 32

0 7 48 16 -1 16 20 20

0 30 55 57 -8 13 21 11

0 12 54 43 -11 10 36 39

0 11 12 92 -18 1 4 1

0 40 41 31 -2 7 14 21

0 38 48 33 -16 2 25 34

0 50 74 0 -11 25 41 18

0 41 60 48 -9 13 24 10

0 55 59 31 -13 27 46 11

0 21 32 20 -9 12 22 29

0 11 19 82 -6 18 33 36

0 25 41 77 -7 0 2 32

0 34 59 14 -1 38 41 30

0 38 52 6 -7 1 33 39

0 23 71 24 -16 25 39 34

0 0 38 24 -18 4 29 18

0 10 88 53 -2 25 30 5

0 47 57 28 -14 44 45 4

0 27 28 48 -11 10 16 31

0 10 37 9 -2 26 32 20

0 0 3 93 -14 36 45 35

0 7 8 36 -8 1 23 35

0 1 2 44 -5 6 11 8

0 20 32 23 -15 16 27 29

0 51 80 97 -9 22 24 26

0 0 1 43 -8 16 32 42

0 1 9 32 -3 19 25 17

0 22 23 55 -3 18 34 26

0 17 24 8 -1 12 32 11

0 1 9 82 -13 0 23 9

0 1 3 67 -7 17 36 46

0 2 18 0 -15 0 17 20

0 9 10 48 -7 0 17 39

0 1 4 21 -14 0 1 7

0 15 23 53 -11 25 37 38

0 17 22 36 -11 13 21 49

0 8 28 33 -20 14 22 36

0 7 14 24 -12 1 2 28

0 57 62 76 -1 3 4 35

0 1 2 69 -8 1 4 22

0 44 77 14 -13 24 30 0

0 7 8 77 -11 2 33 12

0 6 30 90 -19 20 33 1

0 18 31 28 -11 31 42 12

0 0 3 71 -15 9 18 20

0 7 10 48 -19 9 23 12

0 9 13 16 -8 14 30 40

0 7 25 41 -12 24 34 7

0 5 9 94 -10 4 34 23

0 3 32 19 -18 12 19 48

0 1 6 29 -8 26 30 6

0 9 17 76 -6 1 7 29

0 4 6 6 -13 9 18 22

0 1 4 12 -15 6 8 27

0 1 22 7 -3 39 46 25

0 1 3 88 -7 42 48 0


SAlphaB: 1024.0, std-dev 391.0352395057938

Earliest win: 37
Latest win: 81

WinDepth:
0 0 0 0 0 0 0 0 0 0 0 0 0 0 0 0 0 0 0 0 0 0 0 0 0 0 0 0 0 0 0 0 0 0 0 0 0 1 1 1 9 3 0 13 17 16 12 10 37 68 63 213 69 124 74 255 106 180 160 191 142 228 211 312 351 382 427 387 471 433 431 463 434 396 407 363 271 247 182 144 110 68 
SAlphaB:
0 0 0 0 0 0 0 0 0 0 0 0 0 0 0 0 0 0 0 0 0 0 0 0 0 0 0 0 0 0 0 0 0 0 0 0 0 1 1 1 9 3 0 13 17 16 12 10 37 68 63 213 69 124 74 255 106 180 160 191 142 228 211 312 351 382 427 387 471 433 431 463 434 396 407 363 271 247 182 144 110 68 

LossDepth:
SAlphaB:
0 0 0 0 0 0 0 0 0 0 0 0 0 0 0 0 0 0 0 0 0 0 0 0 0 0 0 0 0 0 0 0 0 0 0 0 0 1 1 1 9 3 0 13 17 16 12 10 37 68 63 213 69 124 74 255 106 180 160 191 142 228 211 312 351 382 427 387 471 433 431 463 434 396 407 363 271 247 182 144 110 68 

FirstWin:
0 0 0 0 0 0 0 0 0 0 0 0 0 0 0 0 0 0 0 0 0 0 0 0 0 0 0 0 0 0 0 0 0 0 0 0 0 1 0 1 0 3 0 13 0 16 0 10 0 68 0 213 0 124 0 255 0 180 0 191 0 228 0 312 0 382 0 387 0 433 0 463 0 396 0 363 0 247 0 144 0 68 
SAlphaB:
0 0 0 0 0 0 0 0 0 0 0 0 0 0 0 0 0 0 0 0 0 0 0 0 0 0 0 0 0 0 0 0 0 0 0 0 0 1 0 1 0 3 0 13 0 16 0 10 0 68 0 213 0 124 0 255 0 180 0 191 0 228 0 312 0 382 0 387 0 433 0 463 0 396 0 363 0 247 0 144 0 68 

SecondWin:
0 0 0 0 0 0 0 0 0 0 0 0 0 0 0 0 0 0 0 0 0 0 0 0 0 0 0 0 0 0 0 0 0 0 0 0 0 0 1 0 9 0 0 0 17 0 12 0 37 0 63 0 69 0 74 0 106 0 160 0 142 0 211 0 351 0 427 0 471 0 431 0 434 0 407 0 271 0 182 0 110 0 
SAlphaB:
0 0 0 0 0 0 0 0 0 0 0 0 0 0 0 0 0 0 0 0 0 0 0 0 0 0 0 0 0 0 0 0 0 0 0 0 0 0 1 0 9 0 0 0 17 0 12 0 37 0 63 0 69 0 74 0 106 0 160 0 142 0 211 0 351 0 427 0 471 0 431 0 434 0 407 0 271 0 182 0 110 0 
