0 3 72 22 -10 2 3 10

0 44 78 96 -7 5 23 4

0 17 46 98 -13 0 1 7

0 28 67 34 -4 2 5 3

0 65 92 14 -19 2 4 18

0 7 67 85 -15 5 13 9

0 15 34 48 -7 0 16 7

0 13 47 44 -8 16 39 17

0 10 24 52 -4 11 13 17

0 28 56 78 -14 9 13 37

0 0 75 18 -2 14 29 11

0 8 58 86 -17 9 24 26

0 66 71 56 -17 6 41 1

0 51 85 20 -9 6 10 2

0 27 79 90 -5 9 30 40

0 29 83 59 -11 18 37 6

0 11 34 47 -2 8 9 9

0 52 57 74 -15 9 38 7

0 75 88 49 -19 10 13 47

0 8 55 89 -18 23 38 31

0 8 26 19 -9 2 10 19

0 53 77 33 -5 29 46 31

0 60 61 36 -15 39 46 14

0 67 91 96 -7 0 8 31

0 59 63 91 -1 5 7 7

0 31 99 26 -3 21 25 10

0 25 48 5 -17 1 6 29

0 37 74 17 -15 20 44 19

0 24 74 4 -18 7 8 3

0 38 60 12 -12 3 15 32

0 29 59 98 -19 5 19 39

0 70 77 37 -17 16 29 10

0 20 29 75 -17 19 25 23

0 62 74 19 -13 0 18 44

0 60 63 56 -11 2 3 36

0 47 50 94 -9 1 29 20

0 90 98 1 -6 16 37 18

0 12 32 47 -7 16 26 12

0 36 49 75 -1 1 3 37

0 29 76 49 -4 32 34 5

0 20 64 30 -17 29 48 13

0 27 66 96 -16 29 39 34

0 36 91 93 -2 10 40 6

0 20 32 41 -1 14 33 24

0 23 92 84 -10 5 27 48

0 11 44 69 -1 25 47 1

0 27 49 14 -4 7 21 46

0 12 90 22 -6 20 36 13

0 19 33 74 -19 15 45 27

0 6 34 87 -3 3 8 42

0 35 96 67 -10 18 21 12

0 52 54 31 -20 35 46 27

0 10 47 65 -16 11 14 0

0 20 71 11 -16 1 22 44

0 69 71 42 -16 32 43 26

0 17 37 48 -9 5 8 42

0 7 39 59 -8 5 20 25

0 13 40 43 -10 12 15 29

0 27 29 81 -18 34 42 22

0 17 26 28 -16 32 40 43

0 15 40 45 -6 41 45 0

0 5 24 36 -3 17 40 12

0 9 53 65 -19 8 18 43

0 13 47 23 -20 2 32 1

0 4 7 96 -9 16 22 12

0 10 22 59 -12 1 14 11

0 6 52 21 -11 27 31 20

0 6 73 11 -20 27 29 19

0 4 23 20 -12 8 23 25

0 20 69 9 -16 15 48 14

0 1 17 11 -19 0 3 47

0 53 69 13 -13 16 25 37

0 1 32 80 -2 33 49 35

0 11 26 24 -7 1 9 32

0 6 32 15 -14 26 37 41

0 0 6 92 -18 18 39 26

0 39 93 50 -17 30 34 39

0 3 51 17 -3 21 28 26

0 4 57 43 -8 2 10 38

0 3 30 10 -1 0 28 39

0 17 83 2 -12 33 35 31

0 1 2 45 -20 24 47 42

0 9 10 80 -9 6 32 14

0 0 2 38 -13 20 24 41

0 2 5 82 -9 19 42 12

0 1 2 55 -13 4 5 10

0 2 6 21 -17 11 17 48

0 2 4 43 -17 20 44 45

0 21 27 30 -12 23 27 49

0 3 4 16 -13 42 44 49

0 0 1 98 -9 15 18 46

0 0 4 36 -1 7 28 10

0 0 8 80 -18 10 20 45

0 0 1 16 -7 11 22 20

0 10 12 37 -4 23 48 48

0 7 19 15 -8 36 41 46

0 9 11 5 -8 14 22 26

0 11 27 10 -11 14 39 43

0 1 69 62 -11 4 21 49

0 10 11 97 -3 7 31 42


SAlphaB: 1023.0, std-dev 390.71830244907505

Earliest win: 37
Latest win: 81

WinDepth:
0 0 0 0 0 0 0 0 0 0 0 0 0 0 0 0 0 0 0 0 0 0 0 0 0 0 0 0 0 0 0 0 0 0 0 0 0 3 0 1 2 4 0 14 2 5 18 10 16 39 21 231 54 115 87 189 125 128 180 180 174 217 248 317 343 350 388 467 503 390 522 420 446 400 428 345 263 264 179 141 115 51 
SAlphaB:
0 0 0 0 0 0 0 0 0 0 0 0 0 0 0 0 0 0 0 0 0 0 0 0 0 0 0 0 0 0 0 0 0 0 0 0 0 3 0 1 2 4 0 14 2 5 18 10 16 39 21 231 54 115 87 189 125 128 180 180 174 217 248 317 343 350 388 467 503 390 522 420 446 400 428 345 263 264 179 141 115 51 

LossDepth:
SAlphaB:
0 0 0 0 0 0 0 0 0 0 0 0 0 0 0 0 0 0 0 0 0 0 0 0 0 0 0 0 0 0 0 0 0 0 0 0 0 3 0 1 2 4 0 14 2 5 18 10 16 39 21 231 54 115 87 189 125 128 180 180 174 217 248 317 343 350 388 467 503 390 522 420 446 400 428 345 263 264 179 141 115 51 

FirstWin:
0 0 0 0 0 0 0 0 0 0 0 0 0 0 0 0 0 0 0 0 0 0 0 0 0 0 0 0 0 0 0 0 0 0 0 0 0 3 0 1 0 4 0 14 0 5 0 10 0 39 0 231 0 115 0 189 0 128 0 180 0 217 0 317 0 350 0 467 0 390 0 420 0 400 0 345 0 264 0 141 0 51 
SAlphaB:
0 0 0 0 0 0 0 0 0 0 0 0 0 0 0 0 0 0 0 0 0 0 0 0 0 0 0 0 0 0 0 0 0 0 0 0 0 3 0 1 0 4 0 14 0 5 0 10 0 39 0 231 0 115 0 189 0 128 0 180 0 217 0 317 0 350 0 467 0 390 0 420 0 400 0 345 0 264 0 141 0 51 

SecondWin:
0 0 0 0 0 0 0 0 0 0 0 0 0 0 0 0 0 0 0 0 0 0 0 0 0 0 0 0 0 0 0 0 0 0 0 0 0 0 0 0 2 0 0 0 2 0 18 0 16 0 21 0 54 0 87 0 125 0 180 0 174 0 248 0 343 0 388 0 503 0 522 0 446 0 428 0 263 0 179 0 115 0 
SAlphaB:
0 0 0 0 0 0 0 0 0 0 0 0 0 0 0 0 0 0 0 0 0 0 0 0 0 0 0 0 0 0 0 0 0 0 0 0 0 0 0 0 2 0 0 0 2 0 18 0 16 0 21 0 54 0 87 0 125 0 180 0 174 0 248 0 343 0 388 0 503 0 522 0 446 0 428 0 263 0 179 0 115 0 
