0 36 89 17 -7 0 24 4

0 43 83 25 -10 4 11 19

0 39 80 71 -2 8 19 17

0 40 81 73 -15 2 17 30

0 5 61 35 -3 1 3 11

0 69 91 48 -7 11 25 2

0 14 95 11 -2 1 19 12

0 73 91 51 -20 8 30 30

0 15 99 50 -2 0 21 45

0 60 89 87 -14 6 36 20

0 32 62 77 -19 3 8 36

0 46 66 67 -5 9 33 32

0 66 99 17 -3 15 25 26

0 24 96 95 -18 43 49 12

0 67 86 42 -7 4 13 14

0 14 58 46 -9 18 23 15

0 39 72 56 -18 12 32 19

0 23 65 61 -6 2 8 21

0 16 78 34 -1 21 39 5

0 44 67 97 -19 6 21 7

0 56 75 73 -7 9 13 16

0 50 64 45 -4 32 40 31

0 40 81 23 -16 7 10 9

0 8 83 39 -19 0 1 12

0 24 69 96 -10 12 23 22

0 30 32 70 -8 12 28 6

0 51 82 34 -14 22 49 8

0 3 51 37 -19 30 34 12

0 54 92 69 -17 13 14 6

0 31 78 78 -3 21 37 23

0 51 78 77 -4 3 13 38

0 49 92 48 -2 0 1 47

0 64 79 38 -1 28 30 5

0 35 37 64 -2 18 47 44

0 14 56 49 -9 3 7 31

0 12 69 65 -14 0 23 2

0 21 40 14 -13 35 45 37

0 1 19 47 -3 14 33 4

0 6 77 56 -7 12 17 8

0 73 86 64 -8 1 2 36

0 43 63 72 -6 0 2 36

0 83 96 37 -12 13 33 49

0 66 98 15 -5 27 41 49

0 23 34 59 -7 17 42 42

0 10 18 97 -3 11 19 16

0 14 16 47 -10 0 12 39

0 33 62 58 -8 1 6 48

0 80 81 11 -3 20 33 35

0 20 35 67 -15 45 48 23

0 87 88 45 -18 0 31 22

0 16 46 11 -16 21 32 11

0 25 31 80 -3 22 33 20

0 48 79 56 -17 40 41 26

0 1 88 78 -8 8 9 31

0 14 73 82 -14 13 18 42

0 4 46 38 -17 5 15 49

0 13 60 12 -16 29 36 43

0 3 98 24 -1 18 27 20

0 46 93 76 -4 3 4 28

0 9 36 41 -11 2 11 5

0 70 83 29 -14 22 23 39

0 5 39 46 -6 7 8 15

0 10 72 20 -5 8 21 48

0 6 33 3 -15 17 18 31

0 62 85 65 -9 37 49 44

0 7 25 80 -9 13 32 18

0 28 95 18 -15 8 36 23

0 6 10 23 -8 27 38 5

0 6 7 84 -7 23 24 49

0 0 84 48 -2 12 24 45

0 39 43 69 -3 0 1 21

0 8 9 18 -4 13 18 2

0 9 90 31 -18 5 13 31

0 14 28 74 -5 5 9 30

0 14 18 63 -12 13 46 39

0 4 36 11 -19 3 11 36

0 6 10 83 -20 0 28 11

0 17 50 51 -14 29 33 49

0 1 3 77 -12 0 4 40

0 9 25 64 -7 19 25 34

0 3 38 47 -13 19 21 43

0 15 18 48 -5 11 38 46

0 14 19 32 -1 17 47 22

0 6 26 37 -3 5 12 29

0 84 90 23 -5 6 7 46

0 1 44 50 -2 5 12 26

0 0 19 4 -8 41 43 8

0 33 61 43 -6 25 35 28

0 29 33 63 -1 7 47 25

0 9 16 34 -16 27 42 28

0 5 18 90 -14 20 31 33

0 17 34 30 -16 23 35 4

0 11 64 36 -18 25 46 0

0 29 47 26 -17 13 33 43

0 0 6 85 -12 26 27 9

0 2 36 24 -3 12 19 47

0 0 11 97 -8 12 24 39

0 1 4 46 -13 9 14 2

0 19 30 2 -4 7 42 48

0 5 7 2 -3 24 29 40


SAlphaB: 1029.0, std-dev 402.77435389001016

Earliest win: 37
Latest win: 81

WinDepth:
0 0 0 0 0 0 0 0 0 0 0 0 0 0 0 0 0 0 0 0 0 0 0 0 0 0 0 0 0 0 0 0 0 0 0 0 0 1 0 6 0 3 4 17 13 17 17 29 24 52 26 164 76 136 59 189 111 178 152 148 161 205 227 295 292 374 387 392 516 419 505 472 438 438 381 393 271 248 198 138 94 95 
SAlphaB:
0 0 0 0 0 0 0 0 0 0 0 0 0 0 0 0 0 0 0 0 0 0 0 0 0 0 0 0 0 0 0 0 0 0 0 0 0 1 0 6 0 3 4 17 13 17 17 29 24 52 26 164 76 136 59 189 111 178 152 148 161 205 227 295 292 374 387 392 516 419 505 472 438 438 381 393 271 248 198 138 94 95 

LossDepth:
SAlphaB:
0 0 0 0 0 0 0 0 0 0 0 0 0 0 0 0 0 0 0 0 0 0 0 0 0 0 0 0 0 0 0 0 0 0 0 0 0 1 0 6 0 3 4 17 13 17 17 29 24 52 26 164 76 136 59 189 111 178 152 148 161 205 227 295 292 374 387 392 516 419 505 472 438 438 381 393 271 248 198 138 94 95 

FirstWin:
0 0 0 0 0 0 0 0 0 0 0 0 0 0 0 0 0 0 0 0 0 0 0 0 0 0 0 0 0 0 0 0 0 0 0 0 0 1 0 6 0 3 0 17 0 17 0 29 0 52 0 164 0 136 0 189 0 178 0 148 0 205 0 295 0 374 0 392 0 419 0 472 0 438 0 393 0 248 0 138 0 95 
SAlphaB:
0 0 0 0 0 0 0 0 0 0 0 0 0 0 0 0 0 0 0 0 0 0 0 0 0 0 0 0 0 0 0 0 0 0 0 0 0 1 0 6 0 3 0 17 0 17 0 29 0 52 0 164 0 136 0 189 0 178 0 148 0 205 0 295 0 374 0 392 0 419 0 472 0 438 0 393 0 248 0 138 0 95 

SecondWin:
0 0 0 0 0 0 0 0 0 0 0 0 0 0 0 0 0 0 0 0 0 0 0 0 0 0 0 0 0 0 0 0 0 0 0 0 0 0 0 0 0 0 4 0 13 0 17 0 24 0 26 0 76 0 59 0 111 0 152 0 161 0 227 0 292 0 387 0 516 0 505 0 438 0 381 0 271 0 198 0 94 0 
SAlphaB:
0 0 0 0 0 0 0 0 0 0 0 0 0 0 0 0 0 0 0 0 0 0 0 0 0 0 0 0 0 0 0 0 0 0 0 0 0 0 0 0 0 0 4 0 13 0 17 0 24 0 26 0 76 0 59 0 111 0 152 0 161 0 227 0 292 0 387 0 516 0 505 0 438 0 381 0 271 0 198 0 94 0 
