0 60 83 27 -9 3 21 26

0 29 46 41 -17 10 27 9

0 69 85 31 -13 6 25 19

0 65 98 49 -9 3 6 31

0 7 63 68 -7 23 37 9

0 69 97 23 -10 4 29 24

0 52 85 21 -16 6 27 17

0 24 40 19 -14 7 18 21

0 13 84 93 -8 10 11 14

0 57 65 33 -17 12 40 23

0 42 77 76 -5 12 26 31

0 34 59 53 -12 26 39 17

0 16 54 44 -7 6 15 31

0 64 78 9 -17 6 9 20

0 40 81 90 -20 13 14 5

0 58 77 25 -15 2 8 20

0 26 39 34 -13 3 13 19

0 1 11 44 -9 12 16 12

0 70 75 37 -10 6 7 12

0 25 50 68 -14 8 11 33

0 3 84 82 -3 6 46 4

0 55 86 10 -6 17 27 37

0 41 72 65 -5 37 42 36

0 58 81 69 -7 1 23 2

0 14 33 24 -12 17 18 17

0 50 81 98 -12 7 25 29

0 22 36 49 -11 39 46 41

0 2 82 56 -6 9 26 45

0 5 31 38 -20 25 34 23

0 7 87 63 -2 15 48 1

0 31 54 80 -12 3 25 7

0 14 63 78 -10 2 8 19

0 35 49 87 -3 8 45 8

0 14 69 5 -15 7 19 42

0 41 96 26 -18 23 30 21

0 10 15 73 -2 11 27 12

0 7 20 63 -3 7 14 18

0 38 39 62 -14 3 49 15

0 8 32 90 -12 13 20 23

0 16 58 26 -19 4 20 25

0 28 51 42 -3 14 37 42

0 2 46 69 -2 6 12 24

0 2 28 92 -13 14 24 12

0 34 41 67 -8 10 17 32

0 27 67 45 -8 2 20 43

0 36 82 75 -1 0 10 30

0 21 69 36 -16 26 42 27

0 4 20 28 -14 3 4 14

0 12 32 22 -7 15 24 8

0 47 58 48 -13 30 48 23

0 2 92 14 -20 31 37 45

0 33 51 10 -2 17 37 27

0 9 12 76 -4 39 40 15

0 40 44 57 -13 19 25 6

0 2 95 0 -5 16 45 45

0 73 89 21 -10 26 28 3

0 27 33 48 -12 13 32 37

0 6 43 23 -13 10 34 2

0 24 63 11 -19 3 39 27

0 8 31 37 -19 1 37 10

0 43 64 50 -11 28 33 36

0 16 30 26 -9 19 22 28

0 0 50 24 -17 6 41 42

0 18 49 99 -4 1 14 48

0 37 46 95 -13 13 23 24

0 38 40 24 -19 20 32 34

0 46 51 40 -14 1 20 36

0 3 48 65 -1 7 14 39

0 14 29 93 -13 2 3 41

0 7 10 50 -20 5 32 9

0 2 30 30 -19 2 4 40

0 5 39 50 -12 2 14 27

0 2 13 20 -20 8 24 31

0 17 30 86 -4 1 8 39

0 15 22 52 -3 0 3 27

0 56 57 84 -6 7 12 40

0 2 16 86 -11 17 25 6

0 19 35 50 -16 9 21 37

0 3 17 2 -4 9 19 9

0 16 25 82 -20 0 32 49

0 0 1 86 -3 23 41 10

0 41 50 45 -20 23 42 47

0 4 32 11 -6 38 49 7

0 7 24 7 -7 10 18 40

0 15 17 38 -17 13 30 35

0 52 70 93 -4 0 4 46

0 6 10 21 -8 7 36 6

0 1 9 21 -4 1 4 11

0 6 8 53 -18 8 31 32

0 1 5 62 -4 5 43 24

0 0 5 21 -19 7 14 43

0 1 2 2 -19 13 24 48

0 1 8 99 -1 16 34 32

0 6 9 26 -1 14 29 40

0 4 6 94 -18 1 15 48

0 6 7 39 -7 11 23 29

0 1 8 25 -14 2 3 37

0 0 3 55 -13 11 19 28

0 6 9 77 -20 16 32 43

0 10 34 4 -4 6 13 47


SAlphaB: 1027.0, std-dev 384.5950815041343

Earliest win: 37
Latest win: 81

WinDepth:
0 0 0 0 0 0 0 0 0 0 0 0 0 0 0 0 0 0 0 0 0 0 0 0 0 0 0 0 0 0 0 0 0 0 0 0 0 2 1 2 0 3 2 9 4 16 24 18 16 58 58 249 70 102 80 195 106 211 143 167 207 262 243 382 328 404 386 393 439 469 428 442 385 383 385 368 282 213 195 143 97 58 
SAlphaB:
0 0 0 0 0 0 0 0 0 0 0 0 0 0 0 0 0 0 0 0 0 0 0 0 0 0 0 0 0 0 0 0 0 0 0 0 0 2 1 2 0 3 2 9 4 16 24 18 16 58 58 249 70 102 80 195 106 211 143 167 207 262 243 382 328 404 386 393 439 469 428 442 385 383 385 368 282 213 195 143 97 58 

LossDepth:
SAlphaB:
0 0 0 0 0 0 0 0 0 0 0 0 0 0 0 0 0 0 0 0 0 0 0 0 0 0 0 0 0 0 0 0 0 0 0 0 0 2 1 2 0 3 2 9 4 16 24 18 16 58 58 249 70 102 80 195 106 211 143 167 207 262 243 382 328 404 386 393 439 469 428 442 385 383 385 368 282 213 195 143 97 58 

FirstWin:
0 0 0 0 0 0 0 0 0 0 0 0 0 0 0 0 0 0 0 0 0 0 0 0 0 0 0 0 0 0 0 0 0 0 0 0 0 2 0 2 0 3 0 9 0 16 0 18 0 58 0 249 0 102 0 195 0 211 0 167 0 262 0 382 0 404 0 393 0 469 0 442 0 383 0 368 0 213 0 143 0 58 
SAlphaB:
0 0 0 0 0 0 0 0 0 0 0 0 0 0 0 0 0 0 0 0 0 0 0 0 0 0 0 0 0 0 0 0 0 0 0 0 0 2 0 2 0 3 0 9 0 16 0 18 0 58 0 249 0 102 0 195 0 211 0 167 0 262 0 382 0 404 0 393 0 469 0 442 0 383 0 368 0 213 0 143 0 58 

SecondWin:
0 0 0 0 0 0 0 0 0 0 0 0 0 0 0 0 0 0 0 0 0 0 0 0 0 0 0 0 0 0 0 0 0 0 0 0 0 0 1 0 0 0 2 0 4 0 24 0 16 0 58 0 70 0 80 0 106 0 143 0 207 0 243 0 328 0 386 0 439 0 428 0 385 0 385 0 282 0 195 0 97 0 
SAlphaB:
0 0 0 0 0 0 0 0 0 0 0 0 0 0 0 0 0 0 0 0 0 0 0 0 0 0 0 0 0 0 0 0 0 0 0 0 0 0 1 0 0 0 2 0 4 0 24 0 16 0 58 0 70 0 80 0 106 0 143 0 207 0 243 0 328 0 386 0 439 0 428 0 385 0 385 0 282 0 195 0 97 0 
