0 59 83 27 -6 4 33 5

0 19 41 23 -14 7 15 14

0 32 77 48 -2 0 2 1

0 38 61 73 -20 0 4 41

0 40 46 97 -14 1 8 36

0 51 69 6 -11 8 27 31

0 23 33 23 -3 5 7 3

0 77 84 26 -19 0 21 20

0 41 86 85 -8 2 7 29

0 37 88 94 -8 2 47 7

0 65 83 33 -13 9 45 17

0 38 62 91 -10 2 27 43

0 67 89 68 -11 12 27 0

0 65 89 29 -13 3 29 10

0 31 68 13 -7 10 27 23

0 14 22 64 -18 1 6 23

0 58 61 43 -15 3 15 43

0 33 91 69 -5 3 4 16

0 19 32 16 -15 17 22 15

0 6 78 42 -13 31 39 18

0 47 79 64 -17 8 14 40

0 72 84 70 -12 29 32 10

0 59 95 4 -19 4 7 46

0 6 74 71 -1 12 36 2

0 1 55 43 -3 8 9 10

0 35 76 33 -7 23 41 31

0 47 93 2 -1 22 31 35

0 18 38 35 -18 1 5 36

0 8 86 16 -10 21 40 20

0 22 29 89 -2 23 36 22

0 15 37 18 -6 6 7 8

0 64 92 77 -15 3 40 20

0 12 83 3 -8 2 7 8

0 38 47 50 -13 1 15 41

0 15 18 90 -4 23 29 16

0 35 83 42 -12 20 28 23

0 13 34 84 -4 5 11 36

0 3 27 80 -8 26 29 37

0 3 98 80 -10 1 6 6

0 58 82 57 -8 2 9 41

0 6 69 73 -4 7 12 18

0 44 54 69 -10 26 36 29

0 58 84 19 -16 1 2 38

0 0 68 14 -3 11 12 26

0 23 57 58 -8 14 16 22

0 9 95 84 -9 7 14 49

0 30 33 30 -2 1 7 10

0 33 72 91 -12 4 40 21

0 23 43 52 -3 13 46 21

0 3 30 6 -4 4 9 23

0 32 68 75 -5 0 4 20

0 47 75 13 -20 3 44 13

0 19 27 90 -14 1 19 12

0 60 75 78 -10 3 46 8

0 5 10 73 -19 17 18 24

0 21 50 96 -6 40 43 35

0 23 65 58 -19 6 32 24

0 9 32 88 -20 4 12 11

0 10 40 17 -1 5 25 23

0 22 23 75 -4 11 18 37

0 54 77 23 -18 37 42 40

0 27 45 71 -17 4 22 45

0 10 73 55 -20 41 48 43

0 6 72 38 -5 2 22 24

0 4 36 25 -10 43 45 9

0 34 64 69 -19 6 31 1

0 17 54 29 -7 8 28 33

0 40 46 71 -10 15 33 22

0 46 75 62 -13 28 46 16

0 7 10 45 -17 7 14 8

0 45 63 56 -9 31 45 5

0 10 74 95 -5 1 20 14

0 2 7 90 -1 38 39 6

0 19 22 25 -18 7 8 12

0 8 14 0 -9 21 27 13

0 16 19 40 -16 14 39 44

0 2 23 4 -6 19 39 48

0 5 41 67 -13 0 34 20

0 2 9 86 -9 1 5 2

0 22 25 1 -8 2 29 26

0 5 11 59 -11 4 5 19

0 48 59 38 -7 36 47 24

0 12 23 30 -8 24 43 36

0 6 13 70 -2 4 6 38

0 5 14 21 -5 28 30 31

0 3 17 50 -19 12 18 20

0 4 12 43 -19 1 42 19

0 2 36 93 -10 6 26 35

0 19 72 22 -6 18 45 48

0 13 15 71 -17 1 3 49

0 2 3 88 -1 14 48 45

0 12 13 86 -12 2 23 23

0 5 6 88 -10 7 12 49

0 4 10 79 -16 2 16 26

0 3 5 0 -14 37 42 9

0 10 11 27 -13 1 40 0

0 2 3 40 -6 1 38 12

0 4 8 92 -14 3 42 18

0 0 46 69 -11 2 29 42

0 6 13 13 -9 7 43 31


SAlphaB: 1057.0, std-dev 390.2766318830009

Earliest win: 37
Latest win: 81

WinDepth:
0 0 0 0 0 0 0 0 0 0 0 0 0 0 0 0 0 0 0 0 0 0 0 0 0 0 0 0 0 0 0 0 0 0 0 0 0 3 0 0 0 3 4 9 10 9 16 41 19 57 63 159 104 109 89 147 122 206 153 220 166 225 227 359 389 399 427 342 428 370 450 516 435 385 396 380 247 259 175 123 92 71 
SAlphaB:
0 0 0 0 0 0 0 0 0 0 0 0 0 0 0 0 0 0 0 0 0 0 0 0 0 0 0 0 0 0 0 0 0 0 0 0 0 3 0 0 0 3 4 9 10 9 16 41 19 57 63 159 104 109 89 147 122 206 153 220 166 225 227 359 389 399 427 342 428 370 450 516 435 385 396 380 247 259 175 123 92 71 

LossDepth:
SAlphaB:
0 0 0 0 0 0 0 0 0 0 0 0 0 0 0 0 0 0 0 0 0 0 0 0 0 0 0 0 0 0 0 0 0 0 0 0 0 3 0 0 0 3 4 9 10 9 16 41 19 57 63 159 104 109 89 147 122 206 153 220 166 225 227 359 389 399 427 342 428 370 450 516 435 385 396 380 247 259 175 123 92 71 

FirstWin:
0 0 0 0 0 0 0 0 0 0 0 0 0 0 0 0 0 0 0 0 0 0 0 0 0 0 0 0 0 0 0 0 0 0 0 0 0 3 0 0 0 3 0 9 0 9 0 41 0 57 0 159 0 109 0 147 0 206 0 220 0 225 0 359 0 399 0 342 0 370 0 516 0 385 0 380 0 259 0 123 0 71 
SAlphaB:
0 0 0 0 0 0 0 0 0 0 0 0 0 0 0 0 0 0 0 0 0 0 0 0 0 0 0 0 0 0 0 0 0 0 0 0 0 3 0 0 0 3 0 9 0 9 0 41 0 57 0 159 0 109 0 147 0 206 0 220 0 225 0 359 0 399 0 342 0 370 0 516 0 385 0 380 0 259 0 123 0 71 

SecondWin:
0 0 0 0 0 0 0 0 0 0 0 0 0 0 0 0 0 0 0 0 0 0 0 0 0 0 0 0 0 0 0 0 0 0 0 0 0 0 0 0 0 0 4 0 10 0 16 0 19 0 63 0 104 0 89 0 122 0 153 0 166 0 227 0 389 0 427 0 428 0 450 0 435 0 396 0 247 0 175 0 92 0 
SAlphaB:
0 0 0 0 0 0 0 0 0 0 0 0 0 0 0 0 0 0 0 0 0 0 0 0 0 0 0 0 0 0 0 0 0 0 0 0 0 0 0 0 0 0 4 0 10 0 16 0 19 0 63 0 104 0 89 0 122 0 153 0 166 0 227 0 389 0 427 0 428 0 450 0 435 0 396 0 247 0 175 0 92 0 
