0 95 96 21 -5 8 42 11

0 6 56 27 -10 1 2 7

0 43 84 2 -18 5 24 32

0 21 86 70 -2 4 13 29

0 82 94 63 -14 32 37 31

0 42 64 84 -6 0 1 1

0 4 80 74 -20 0 1 6

0 14 20 13 -9 2 5 8

0 37 90 88 -12 0 32 4

0 82 89 96 -4 2 41 32

0 27 67 94 -1 21 24 11

0 60 74 22 -14 3 18 48

0 40 75 80 -11 10 37 2

0 38 42 2 -10 40 42 17

0 58 76 31 -20 6 22 15

0 19 44 97 -2 35 46 25

0 9 48 6 -8 2 5 21

0 9 22 10 -10 0 10 16

0 0 53 42 -5 14 29 9

0 28 44 7 -13 1 3 20

0 21 43 68 -6 21 35 4

0 37 70 98 -16 7 8 26

0 5 77 28 -8 0 10 23

0 45 56 4 -7 2 25 30

0 13 59 76 -14 24 33 28

0 23 92 60 -13 11 47 13

0 59 79 61 -13 16 32 49

0 18 45 67 -2 26 34 12

0 67 79 43 -17 0 7 25

0 24 80 86 -6 14 23 7

0 18 50 80 -2 22 28 21

0 47 54 95 -9 30 41 8

0 51 54 17 -4 11 45 49

0 7 89 89 -16 3 16 42

0 1 74 61 -13 21 32 1

0 5 16 80 -6 0 2 1

0 58 63 28 -5 9 17 36

0 71 74 15 -7 27 48 29

0 14 15 14 -2 28 32 16

0 32 73 61 -1 2 41 47

0 37 59 40 -11 13 20 36

0 55 74 98 -16 23 26 38

0 16 39 63 -6 16 22 5

0 14 56 43 -20 35 44 45

0 15 59 37 -6 14 27 18

0 32 64 29 -11 17 44 24

0 21 48 87 -7 35 42 23

0 5 45 25 -3 26 37 28

0 10 38 79 -11 9 22 15

0 38 65 75 -9 0 45 38

0 20 84 63 -14 11 26 6

0 18 23 6 -16 10 37 49

0 32 33 60 -9 2 5 29

0 7 35 65 -18 1 24 19

0 76 80 92 -2 31 32 14

0 7 36 63 -20 20 34 14

0 2 26 57 -14 0 17 2

0 61 67 28 -5 0 6 41

0 22 53 61 -16 1 28 39

0 6 54 2 -6 12 33 15

0 15 30 62 -17 0 17 16

0 10 80 57 -18 1 35 47

0 0 12 42 -9 9 19 3

0 8 26 96 -17 10 34 25

0 7 35 65 -20 14 26 21

0 14 22 42 -7 5 16 42

0 18 22 28 -18 4 27 25

0 19 20 23 -10 6 31 5

0 18 29 40 -18 4 37 7

0 15 24 73 -15 22 27 34

0 21 24 27 -4 19 49 16

0 23 39 91 -19 15 19 0

0 0 33 56 -4 1 4 41

0 6 67 1 -19 34 39 25

0 2 20 67 -13 0 5 19

0 5 9 12 -17 10 33 33

0 6 11 94 -19 1 28 35

0 7 12 48 -12 37 40 5

0 54 60 66 -12 29 30 49

0 15 18 30 -12 0 6 43

0 0 51 44 -2 2 7 14

0 27 31 79 -15 12 35 27

0 2 3 28 -19 11 26 23

0 8 50 26 -16 10 20 35

0 3 67 6 -6 11 19 47

0 1 48 91 -16 27 47 14

0 23 45 66 -18 15 18 36

0 5 13 4 -13 29 38 6

0 0 6 96 -19 2 45 3

0 8 21 22 -19 4 32 42

0 2 3 43 -12 0 2 42

0 11 22 39 -13 4 28 18

0 6 28 70 -20 2 7 33

0 4 14 5 -16 1 6 32

0 0 3 3 -16 0 1 15

0 14 83 2 -6 9 46 49

0 0 2 36 -6 14 30 39

0 8 14 41 -4 20 40 32

0 1 10 65 -9 8 9 36

0 0 6 56 -14 4 41 15


SAlphaB: 1025.0, std-dev 394.48436399221634

Earliest win: 34
Latest win: 81

WinDepth:
0 0 0 0 0 0 0 0 0 0 0 0 0 0 0 0 0 0 0 0 0 0 0 0 0 0 0 0 0 0 0 0 0 0 1 0 0 3 9 4 6 7 2 19 12 24 36 56 40 57 67 169 81 81 83 214 93 172 120 251 195 218 260 334 322 365 400 423 488 376 429 411 426 375 393 355 256 222 197 135 92 81 
SAlphaB:
0 0 0 0 0 0 0 0 0 0 0 0 0 0 0 0 0 0 0 0 0 0 0 0 0 0 0 0 0 0 0 0 0 0 1 0 0 3 9 4 6 7 2 19 12 24 36 56 40 57 67 169 81 81 83 214 93 172 120 251 195 218 260 334 322 365 400 423 488 376 429 411 426 375 393 355 256 222 197 135 92 81 

LossDepth:
SAlphaB:
0 0 0 0 0 0 0 0 0 0 0 0 0 0 0 0 0 0 0 0 0 0 0 0 0 0 0 0 0 0 0 0 0 0 1 0 0 3 9 4 6 7 2 19 12 24 36 56 40 57 67 169 81 81 83 214 93 172 120 251 195 218 260 334 322 365 400 423 488 376 429 411 426 375 393 355 256 222 197 135 92 81 

FirstWin:
0 0 0 0 0 0 0 0 0 0 0 0 0 0 0 0 0 0 0 0 0 0 0 0 0 0 0 0 0 0 0 0 0 0 0 0 0 3 0 4 0 7 0 19 0 24 0 56 0 57 0 169 0 81 0 214 0 172 0 251 0 218 0 334 0 365 0 423 0 376 0 411 0 375 0 355 0 222 0 135 0 81 
SAlphaB:
0 0 0 0 0 0 0 0 0 0 0 0 0 0 0 0 0 0 0 0 0 0 0 0 0 0 0 0 0 0 0 0 0 0 0 0 0 3 0 4 0 7 0 19 0 24 0 56 0 57 0 169 0 81 0 214 0 172 0 251 0 218 0 334 0 365 0 423 0 376 0 411 0 375 0 355 0 222 0 135 0 81 

SecondWin:
0 0 0 0 0 0 0 0 0 0 0 0 0 0 0 0 0 0 0 0 0 0 0 0 0 0 0 0 0 0 0 0 0 0 1 0 0 0 9 0 6 0 2 0 12 0 36 0 40 0 67 0 81 0 83 0 93 0 120 0 195 0 260 0 322 0 400 0 488 0 429 0 426 0 393 0 256 0 197 0 92 0 
SAlphaB:
0 0 0 0 0 0 0 0 0 0 0 0 0 0 0 0 0 0 0 0 0 0 0 0 0 0 0 0 0 0 0 0 0 0 1 0 0 0 9 0 6 0 2 0 12 0 36 0 40 0 67 0 81 0 83 0 93 0 120 0 195 0 260 0 322 0 400 0 488 0 429 0 426 0 393 0 256 0 197 0 92 0 
