0 60 74 94 -6 10 30 28

0 50 74 32 -14 1 3 5

0 37 96 84 -1 1 13 1

0 46 66 91 -4 7 24 14

0 25 51 45 -11 0 2 14

0 56 94 8 -15 8 18 31

0 71 98 97 -15 1 22 28

0 56 95 54 -7 4 25 9

0 31 93 60 -16 0 2 33

0 77 97 96 -15 7 34 11

0 61 78 29 -15 9 19 17

0 17 95 52 -7 7 21 18

0 42 58 82 -10 4 26 11

0 29 74 57 -9 3 16 8

0 41 90 23 -9 8 12 18

0 71 94 35 -11 0 15 4

0 67 94 39 -8 17 21 11

0 52 81 67 -8 14 37 22

0 36 69 36 -15 4 9 3

0 32 43 61 -6 4 11 4

0 36 72 50 -9 8 10 8

0 51 87 73 -20 5 25 6

0 69 85 43 -15 1 24 32

0 50 81 71 -20 1 4 32

0 57 89 30 -11 14 26 18

0 67 91 3 -13 20 22 17

0 53 93 5 -14 3 14 27

0 28 63 65 -5 2 20 11

0 56 98 90 -9 8 20 43

0 11 78 66 -12 5 12 14

0 2 87 66 -10 40 45 11

0 19 91 61 -4 7 22 15

0 77 86 13 -17 7 35 21

0 70 99 0 -19 0 13 34

0 41 82 41 -17 2 5 35

0 12 79 36 -6 0 1 20

0 68 94 50 -15 8 26 2

0 44 65 77 -8 0 20 3

0 52 78 7 -6 5 27 36

0 90 92 79 -11 10 24 13

0 43 62 63 -16 7 9 13

0 20 53 21 -15 7 8 27

0 26 56 3 -17 0 6 29

0 54 63 1 -12 13 16 13

0 80 88 33 -19 4 5 11

0 42 46 30 -7 1 5 1

0 39 94 25 -4 17 45 3

0 51 79 84 -13 4 32 4

0 42 96 83 -14 4 5 16

0 19 80 7 -4 1 3 10

0 41 92 53 -2 18 23 35

0 47 66 50 -19 7 26 36

0 62 96 59 -6 13 28 46

0 28 56 43 -16 10 23 8

0 59 95 63 -8 10 11 39

0 51 73 63 -1 9 12 5

0 81 88 25 -12 0 3 16

0 62 99 95 -6 19 46 25

0 56 74 62 -5 2 6 19

0 9 65 17 -1 2 5 17

0 59 62 98 -8 5 37 32

0 55 71 46 -18 3 17 2

0 94 95 92 -6 20 47 32

0 5 83 32 -19 23 48 8

0 46 78 28 -13 6 28 30

0 13 18 85 -16 0 1 14

0 79 86 55 -11 11 36 33

0 12 54 58 -2 6 17 6

0 33 79 12 -14 0 24 18

0 43 45 20 -11 4 10 35

0 16 36 40 -16 0 4 19

0 43 59 79 -9 0 18 38

0 0 92 54 -19 2 5 14

0 28 76 1 -1 0 19 0

0 48 87 43 -4 10 38 4

0 45 80 92 -2 6 36 42

0 7 39 35 -6 4 6 17

0 48 59 92 -11 15 30 10

0 3 50 30 -8 14 23 1

0 12 80 94 -18 3 9 15

0 4 23 61 -5 0 2 3

0 27 34 32 -4 20 31 0

0 35 85 63 -17 6 8 22

0 24 73 53 -5 11 39 3

0 66 73 36 -14 0 26 48

0 11 71 64 -15 0 1 0

0 1 53 74 -13 2 6 12

0 6 72 94 -15 15 31 21

0 11 86 59 -2 0 16 17

0 74 89 71 -2 19 32 43

0 44 67 20 -11 22 38 4

0 41 74 95 -11 33 49 19

0 44 93 63 -11 22 47 45

0 9 42 57 -4 1 5 15

0 67 78 75 -13 14 33 47

0 47 61 5 -10 16 48 0

0 37 46 65 -18 15 35 4

0 6 51 64 -13 0 1 4

0 22 86 88 -16 35 49 25

0 21 58 42 -2 28 36 13


SAlphaB: 754.0, std-dev 267.96107671892133

Earliest win: 35
Latest win: 81

WinDepth:
0 0 0 0 0 0 0 0 0 0 0 0 0 0 0 0 0 0 0 0 0 0 0 0 0 0 0 0 0 0 0 0 0 0 0 1 1 3 3 11 7 25 12 49 11 60 25 148 47 190 137 375 177 273 187 425 292 521 365 546 419 716 616 782 709 936 828 958 1008 1048 986 961 907 861 882 746 658 574 427 256 218 158 
SAlphaB:
0 0 0 0 0 0 0 0 0 0 0 0 0 0 0 0 0 0 0 0 0 0 0 0 0 0 0 0 0 0 0 0 0 0 0 1 1 3 3 11 7 25 12 49 11 60 25 148 47 190 137 375 177 273 187 425 292 521 365 546 419 716 616 782 709 936 828 958 1008 1048 986 961 907 861 882 746 658 574 427 256 218 158 

LossDepth:
SAlphaB:
0 0 0 0 0 0 0 0 0 0 0 0 0 0 0 0 0 0 0 0 0 0 0 0 0 0 0 0 0 0 0 0 0 0 0 0 1 6 2 9 0 10 4 37 9 41 14 90 25 117 92 143 101 140 112 248 177 379 194 327 254 505 417 612 520 719 588 748 739 792 734 821 669 767 697 643 506 505 344 218 219 175 

FirstWin:
0 0 0 0 0 0 0 0 0 0 0 0 0 0 0 0 0 0 0 0 0 0 0 0 0 0 0 0 0 0 0 0 0 0 0 1 0 3 0 11 0 25 0 49 0 60 0 148 0 190 0 375 0 273 0 425 0 521 0 546 0 716 0 782 0 936 0 958 0 1048 0 961 0 861 0 746 0 574 0 256 0 158 
SAlphaB:
0 0 0 0 0 0 0 0 0 0 0 0 0 0 0 0 0 0 0 0 0 0 0 0 0 0 0 0 0 0 0 0 0 0 0 1 0 3 0 11 0 25 0 49 0 60 0 148 0 190 0 375 0 273 0 425 0 521 0 546 0 716 0 782 0 936 0 958 0 1048 0 961 0 861 0 746 0 574 0 256 0 158 

SecondWin:
0 0 0 0 0 0 0 0 0 0 0 0 0 0 0 0 0 0 0 0 0 0 0 0 0 0 0 0 0 0 0 0 0 0 0 0 1 0 3 0 7 0 12 0 11 0 25 0 47 0 137 0 177 0 187 0 292 0 365 0 419 0 616 0 709 0 828 0 1008 0 986 0 907 0 882 0 658 0 427 0 218 0 
SAlphaB:
0 0 0 0 0 0 0 0 0 0 0 0 0 0 0 0 0 0 0 0 0 0 0 0 0 0 0 0 0 0 0 0 0 0 0 0 1 0 3 0 7 0 12 0 11 0 25 0 47 0 137 0 177 0 187 0 292 0 365 0 419 0 616 0 709 0 828 0 1008 0 986 0 907 0 882 0 658 0 427 0 218 0 
