0 60 74 94 -6 10 30 28

0 50 81 71 -20 1 4 32

0 26 56 3 -17 0 6 29

0 45 80 92 -2 6 36 42

0 6 72 94 -15 15 31 21

0 42 46 30 -7 1 5 1

0 56 98 90 -9 8 20 43

0 74 89 71 -2 19 32 43

0 0 92 54 -19 2 5 14

0 12 79 36 -6 0 1 20

0 76 89 75 -3 9 18 2

0 18 26 72 -8 5 11 27

0 61 64 39 -13 11 33 18

0 61 71 89 -1 18 23 14

0 23 98 31 -15 7 10 29

0 18 76 7 -8 9 13 38

0 52 66 67 -16 14 36 32

0 44 55 37 -5 4 5 22

0 50 78 78 -12 1 2 28

0 44 89 74 -18 7 8 16

0 20 71 0 -15 9 16 34

0 10 53 70 -5 8 23 1

0 59 86 82 -19 15 44 17

0 17 50 50 -16 13 15 12

0 34 77 52 -20 0 45 15

0 26 44 24 -16 6 10 14

0 1 62 46 -10 12 24 0

0 66 73 45 -15 4 7 37

0 76 87 90 -5 24 28 47

0 17 22 55 -10 2 7 0

0 10 37 25 -16 3 9 22

0 9 27 21 -1 8 25 18

0 18 42 71 -7 9 33 18

0 18 44 37 -12 13 34 19

0 47 53 92 -15 6 47 25

0 35 57 33 -1 15 34 26

0 77 83 14 -19 10 17 6

0 21 57 53 -3 3 23 23

0 56 69 95 -11 45 49 30

0 46 54 64 -11 7 10 32

0 17 43 23 -9 7 15 17

0 25 99 17 -16 6 46 19

0 66 88 65 -9 18 22 24

0 42 93 95 -2 23 25 42

0 20 56 16 -4 0 12 41

0 32 40 67 -3 41 46 43

0 44 98 98 -14 28 30 12

0 11 14 42 -9 6 12 0

0 76 95 3 -14 34 45 23

0 0 1 80 -16 15 48 49

0 48 56 61 -20 29 35 23

0 8 46 91 -12 32 43 38

0 72 74 17 -10 30 46 11

0 44 51 3 -4 13 27 44

0 11 13 56 -3 9 18 25

0 3 23 29 -2 7 16 29

0 58 97 34 -10 11 13 16

0 5 54 35 -12 0 4 44

0 11 14 28 -6 28 42 23

0 9 58 45 -11 13 25 41

0 21 23 38 -3 8 17 30

0 31 92 46 -11 18 22 28

0 34 47 56 -19 31 32 24

0 3 11 16 -3 1 11 9

0 4 62 11 -9 8 38 24

0 8 31 83 -2 31 32 17

0 1 12 57 -7 3 11 13

0 0 17 12 -13 3 12 4

0 42 75 31 -4 0 1 48

0 6 19 31 -13 8 39 28

0 14 25 63 -13 10 11 2

0 12 32 77 -6 9 48 42

0 6 25 30 -10 9 19 31

0 7 19 41 -12 26 27 38

0 18 24 92 -20 9 27 26

0 25 58 59 -9 31 49 18

0 0 21 96 -15 13 44 37

0 62 82 70 -6 0 1 38

0 38 59 22 -4 29 32 3

0 40 46 17 -13 7 11 45

0 6 19 15 -1 11 16 24

0 36 39 9 -9 22 47 24

0 3 14 16 -8 1 20 2

0 0 4 33 -6 0 25 9

0 0 15 57 -12 14 26 21

0 50 53 56 -10 25 28 8

0 1 28 77 -17 1 38 25

0 19 21 49 -3 1 27 39

0 8 12 12 -2 2 41 2

0 0 1 90 -11 1 29 39

0 0 9 97 -2 2 18 23

0 6 7 42 -6 3 4 42

0 4 6 91 -16 17 48 3

0 1 6 78 -9 6 15 22

0 10 11 15 -15 15 32 36

0 0 1 59 -16 14 26 7

0 0 3 4 -8 2 34 11

0 4 15 12 -2 2 4 41

0 7 9 53 -19 5 18 1

0 1 4 37 -10 25 44 42


SAlphaB: 696.0, std-dev 267.7713443944065

Earliest win: 37
Latest win: 81

WinDepth:
0 0 0 0 0 0 0 0 0 0 0 0 0 0 0 0 0 0 0 0 0 0 0 0 0 0 0 0 0 0 0 0 0 0 0 0 0 4 0 15 41 12 5 10 6 27 24 55 28 86 74 162 57 97 67 196 133 177 120 162 163 206 236 324 339 354 365 374 427 432 423 439 431 427 427 351 285 253 175 138 126 77 
SAlphaB:
0 0 0 0 0 0 0 0 0 0 0 0 0 0 0 0 0 0 0 0 0 0 0 0 0 0 0 0 0 0 0 0 0 0 0 0 0 4 0 15 41 12 5 10 6 27 24 55 28 86 74 162 57 97 67 196 133 177 120 162 163 206 236 324 339 354 365 374 427 432 423 439 431 427 427 351 285 253 175 138 126 77 

LossDepth:
SAlphaB:
0 0 0 0 0 0 0 0 0 0 0 0 0 0 0 0 0 0 0 0 0 0 0 0 0 0 0 0 0 0 0 0 0 0 0 0 0 4 0 15 41 12 5 10 6 27 24 55 28 86 74 162 57 97 67 196 133 177 120 162 163 206 236 324 339 354 365 374 427 432 423 439 431 427 427 351 285 253 175 138 126 77 

FirstWin:
0 0 0 0 0 0 0 0 0 0 0 0 0 0 0 0 0 0 0 0 0 0 0 0 0 0 0 0 0 0 0 0 0 0 0 0 0 4 0 15 0 12 0 10 0 27 0 55 0 86 0 162 0 97 0 196 0 177 0 162 0 206 0 324 0 354 0 374 0 432 0 439 0 427 0 351 0 253 0 138 0 77 
SAlphaB:
0 0 0 0 0 0 0 0 0 0 0 0 0 0 0 0 0 0 0 0 0 0 0 0 0 0 0 0 0 0 0 0 0 0 0 0 0 4 0 15 0 12 0 10 0 27 0 55 0 86 0 162 0 97 0 196 0 177 0 162 0 206 0 324 0 354 0 374 0 432 0 439 0 427 0 351 0 253 0 138 0 77 

SecondWin:
0 0 0 0 0 0 0 0 0 0 0 0 0 0 0 0 0 0 0 0 0 0 0 0 0 0 0 0 0 0 0 0 0 0 0 0 0 0 0 0 41 0 5 0 6 0 24 0 28 0 74 0 57 0 67 0 133 0 120 0 163 0 236 0 339 0 365 0 427 0 423 0 431 0 427 0 285 0 175 0 126 0 
SAlphaB:
0 0 0 0 0 0 0 0 0 0 0 0 0 0 0 0 0 0 0 0 0 0 0 0 0 0 0 0 0 0 0 0 0 0 0 0 0 0 0 0 41 0 5 0 6 0 24 0 28 0 74 0 57 0 67 0 133 0 120 0 163 0 236 0 339 0 365 0 427 0 423 0 431 0 427 0 285 0 175 0 126 0 
