0 25 51 45 -11 0 2 14

0 16 36 40 -16 0 4 19

0 77 97 96 -15 7 34 11

0 55 71 46 -18 3 17 2

0 33 79 12 -14 0 24 18

0 4 23 61 -5 0 2 3

0 56 95 54 -7 4 25 9

0 71 98 97 -15 1 22 28

0 11 71 64 -15 0 1 0

0 44 65 77 -8 0 20 3

0 33 79 65 -10 7 29 10

0 77 89 60 -10 7 12 13

0 29 99 84 -19 8 17 31

0 67 88 16 -20 11 13 12

0 20 86 63 -11 10 33 22

0 30 37 79 -16 13 39 38

0 28 55 35 -11 0 8 40

0 75 88 40 -19 1 2 32

0 30 89 1 -7 15 47 27

0 19 73 79 -8 0 3 20

0 65 79 98 -12 17 32 28

0 23 68 62 -3 1 5 13

0 62 71 95 -6 0 3 14

0 69 88 81 -1 9 10 0

0 89 90 45 -12 19 36 0

0 15 62 95 -3 0 2 9

0 34 88 37 -17 1 21 28

0 20 75 28 -5 12 29 39

0 56 94 46 -14 28 40 25

0 24 73 76 -15 5 11 48

0 21 47 14 -16 4 14 43

0 18 99 71 -18 17 22 35

0 38 53 74 -19 12 26 18

0 81 97 58 -12 8 9 16

0 65 89 32 -3 7 14 49

0 70 82 27 -2 5 25 27

0 29 45 62 -4 13 22 28

0 51 63 6 -1 27 41 31

0 39 59 84 -2 16 41 38

0 21 30 76 -8 7 13 11

0 45 59 76 -5 13 36 31

0 23 28 89 -16 3 20 3

0 32 50 97 -5 0 17 34

0 51 55 63 -12 0 4 49

0 10 70 23 -11 11 33 22

0 12 84 25 -5 15 17 28

0 58 65 24 -19 16 23 23

0 13 21 93 -5 34 45 36

0 36 55 49 -12 10 16 30

0 64 70 19 -3 14 22 10

0 52 97 76 -19 28 42 12

0 20 41 14 -6 2 3 33

0 6 64 60 -4 10 19 25

0 14 71 17 -5 42 44 3

0 77 87 45 -15 25 40 24

0 32 43 2 -6 4 14 45

0 31 54 20 -9 18 24 44

0 42 90 83 -2 5 7 46

0 14 97 8 -18 0 14 45

0 8 16 93 -3 14 21 30

0 1 68 40 -17 21 22 43

0 45 57 49 -7 38 44 19

0 3 59 79 -14 0 1 38

0 21 35 62 -11 16 48 34

0 2 17 99 -2 31 46 7

0 3 17 20 -9 11 17 4

0 4 54 58 -10 5 11 48

0 19 55 35 -12 19 38 47

0 60 72 98 -1 1 2 43

0 0 1 93 -14 6 9 31

0 4 13 12 -20 32 39 23

0 4 9 85 -2 29 33 48

0 5 16 41 -13 17 46 32

0 38 67 60 -3 1 2 26

0 16 52 21 -19 2 25 0

0 4 6 83 -14 2 17 1

0 72 74 41 -18 29 30 23

0 2 5 98 -18 14 38 17

0 1 5 64 -19 0 3 7

0 7 30 29 -7 25 47 3

0 24 27 61 -6 13 21 45

0 14 15 20 -20 15 38 12

0 34 46 39 -11 14 15 41

0 16 83 60 -10 8 42 36

0 15 16 88 -16 10 37 48

0 10 12 38 -7 0 6 20

0 0 1 9 -11 1 7 12

0 5 97 93 -13 14 15 1

0 7 31 96 -18 4 7 48

0 0 1 81 -18 6 12 30

0 13 19 26 -11 3 33 32

0 18 24 77 -7 0 4 43

0 0 3 60 -12 42 43 23

0 0 9 86 -4 0 25 21

0 3 21 62 -14 32 49 0

0 8 22 18 -14 1 2 47

0 1 4 16 -17 5 7 26

0 5 6 95 -8 1 3 44

0 2 17 76 -7 9 21 47

0 0 1 91 -13 1 8 46


SAlphaB: 690.0, std-dev 268.1448761322125

Earliest win: 35
Latest win: 81

WinDepth:
0 0 0 0 0 0 0 0 0 0 0 0 0 0 0 0 0 0 0 0 0 0 0 0 0 0 0 0 0 0 0 0 0 0 0 2 0 2 3 4 11 21 5 14 9 31 26 33 18 69 61 145 74 158 83 198 135 195 153 195 193 231 226 358 289 359 374 385 417 414 427 479 429 411 394 363 313 214 188 128 109 90 
SAlphaB:
0 0 0 0 0 0 0 0 0 0 0 0 0 0 0 0 0 0 0 0 0 0 0 0 0 0 0 0 0 0 0 0 0 0 0 2 0 2 3 4 11 21 5 14 9 31 26 33 18 69 61 145 74 158 83 198 135 195 153 195 193 231 226 358 289 359 374 385 417 414 427 479 429 411 394 363 313 214 188 128 109 90 

LossDepth:
SAlphaB:
0 0 0 0 0 0 0 0 0 0 0 0 0 0 0 0 0 0 0 0 0 0 0 0 0 0 0 0 0 0 0 0 0 0 0 2 0 2 3 4 11 21 5 14 9 31 26 33 18 69 61 145 74 158 83 198 135 195 153 195 193 231 226 358 289 359 374 385 417 414 427 479 429 411 394 363 313 214 188 128 109 90 

FirstWin:
0 0 0 0 0 0 0 0 0 0 0 0 0 0 0 0 0 0 0 0 0 0 0 0 0 0 0 0 0 0 0 0 0 0 0 2 0 2 0 4 0 21 0 14 0 31 0 33 0 69 0 145 0 158 0 198 0 195 0 195 0 231 0 358 0 359 0 385 0 414 0 479 0 411 0 363 0 214 0 128 0 90 
SAlphaB:
0 0 0 0 0 0 0 0 0 0 0 0 0 0 0 0 0 0 0 0 0 0 0 0 0 0 0 0 0 0 0 0 0 0 0 2 0 2 0 4 0 21 0 14 0 31 0 33 0 69 0 145 0 158 0 198 0 195 0 195 0 231 0 358 0 359 0 385 0 414 0 479 0 411 0 363 0 214 0 128 0 90 

SecondWin:
0 0 0 0 0 0 0 0 0 0 0 0 0 0 0 0 0 0 0 0 0 0 0 0 0 0 0 0 0 0 0 0 0 0 0 0 0 0 3 0 11 0 5 0 9 0 26 0 18 0 61 0 74 0 83 0 135 0 153 0 193 0 226 0 289 0 374 0 417 0 427 0 429 0 394 0 313 0 188 0 109 0 
SAlphaB:
0 0 0 0 0 0 0 0 0 0 0 0 0 0 0 0 0 0 0 0 0 0 0 0 0 0 0 0 0 0 0 0 0 0 0 0 0 0 3 0 11 0 5 0 9 0 26 0 18 0 61 0 74 0 83 0 135 0 153 0 193 0 226 0 289 0 374 0 417 0 427 0 429 0 394 0 313 0 188 0 109 0 
