0 61 78 29 -15 9 19 17

0 29 74 57 -9 3 16 8

0 67 94 39 -8 17 21 11

0 28 76 1 -1 0 19 0

0 36 72 50 -9 8 10 8

0 9 42 57 -4 1 5 15

0 69 85 43 -15 1 24 32

0 44 67 20 -11 22 38 4

0 37 46 65 -18 15 35 4

0 24 73 53 -5 11 39 3

0 48 89 76 -8 14 40 49

0 29 98 53 -6 12 33 20

0 64 93 51 -14 7 26 37

0 48 75 54 -4 14 31 18

0 25 79 54 -2 5 19 49

0 70 81 90 -2 5 29 5

0 47 91 77 -15 12 24 12

0 26 30 76 -19 1 9 28

0 23 47 9 -5 6 8 34

0 60 65 56 -6 7 26 33

0 58 67 94 -11 0 7 17

0 14 82 7 -3 11 40 12

0 38 67 79 -12 23 26 15

0 2 27 21 -5 8 18 2

0 75 97 74 -3 18 34 28

0 22 59 95 -12 0 5 45

0 19 96 20 -8 28 36 42

0 39 41 26 -15 12 21 22

0 2 21 63 -20 0 3 10

0 24 72 6 -13 11 12 33

0 20 45 52 -4 1 37 3

0 40 43 26 -16 0 18 22

0 12 27 23 -3 1 6 17

0 35 56 70 -20 39 43 21

0 29 47 77 -2 15 46 49

0 29 49 95 -9 5 8 34

0 77 83 35 -9 35 41 8

0 29 78 6 -17 1 30 31

0 9 64 25 -11 22 48 41

0 70 93 43 -5 0 1 23

0 5 70 33 -19 12 42 14

0 40 49 53 -9 8 9 20

0 17 69 62 -15 2 22 38

0 8 22 31 -5 2 15 4

0 68 70 46 -14 27 43 27

0 25 56 24 -20 23 37 25

0 16 49 36 -16 12 43 39

0 16 42 19 -1 43 48 13

0 21 96 87 -17 5 6 41

0 47 56 38 -4 16 23 29

0 11 16 10 -18 1 7 3

0 40 41 56 -20 19 24 30

0 0 35 68 -18 13 16 48

0 81 87 64 -19 34 40 11

0 35 72 20 -19 29 47 25

0 8 33 40 -17 7 24 49

0 20 22 79 -9 11 12 44

0 3 7 69 -7 18 22 30

0 17 19 48 -9 10 22 37

0 3 26 50 -14 25 31 31

0 35 82 40 -5 18 32 20

0 29 66 13 -5 27 42 27

0 10 21 56 -3 20 27 11

0 5 15 17 -18 8 22 15

0 17 48 59 -16 18 36 18

0 30 93 50 -15 31 47 3

0 15 40 75 -16 1 20 45

0 30 39 86 -13 3 46 8

0 21 41 38 -2 32 43 38

0 23 41 98 -16 5 47 17

0 10 17 86 -5 11 12 19

0 0 71 4 -5 14 49 43

0 34 56 8 -1 35 46 45

0 1 33 9 -5 24 49 34

0 11 14 91 -11 3 11 32

0 35 56 95 -2 16 21 41

0 0 1 88 -18 2 6 0

0 15 63 9 -8 11 49 38

0 5 6 78 -1 24 46 26

0 1 5 68 -14 0 35 5

0 0 77 3 -14 2 5 45

0 2 30 93 -14 11 35 45

0 6 8 4 -17 1 3 12

0 14 35 70 -7 3 39 12

0 6 7 99 -15 8 9 25

0 3 8 14 -12 1 11 19

0 0 15 81 -20 1 4 1

0 33 34 94 -10 1 11 43

0 6 8 29 -5 27 29 2

0 7 29 31 -3 21 22 35

0 10 24 15 -10 17 32 45

0 20 25 29 -20 28 40 49

0 1 4 52 -19 26 35 2

0 5 8 15 -1 0 1 33

0 5 16 54 -20 37 48 6

0 0 2 25 -14 25 40 28

0 9 12 4 -20 8 16 25

0 0 6 70 -11 2 8 30

0 2 18 27 -11 9 21 47

0 3 33 56 -6 2 18 43


SAlphaB: 695.0, std-dev 271.36375536772175

Earliest win: 36
Latest win: 81

WinDepth:
0 0 0 0 0 0 0 0 0 0 0 0 0 0 0 0 0 0 0 0 0 0 0 0 0 0 0 0 0 0 0 0 0 0 0 0 1 2 1 7 2 5 2 21 15 25 19 35 30 86 26 172 83 123 95 213 109 233 133 205 158 278 219 333 356 332 431 352 414 454 460 428 433 385 389 343 269 230 201 134 83 77 
SAlphaB:
0 0 0 0 0 0 0 0 0 0 0 0 0 0 0 0 0 0 0 0 0 0 0 0 0 0 0 0 0 0 0 0 0 0 0 0 1 2 1 7 2 5 2 21 15 25 19 35 30 86 26 172 83 123 95 213 109 233 133 205 158 278 219 333 356 332 431 352 414 454 460 428 433 385 389 343 269 230 201 134 83 77 

LossDepth:
SAlphaB:
0 0 0 0 0 0 0 0 0 0 0 0 0 0 0 0 0 0 0 0 0 0 0 0 0 0 0 0 0 0 0 0 0 0 0 0 1 2 1 7 2 5 2 21 15 25 19 35 30 86 26 172 83 123 95 213 109 233 133 205 158 278 219 333 356 332 431 352 414 454 460 428 433 385 389 343 269 230 201 134 83 77 

FirstWin:
0 0 0 0 0 0 0 0 0 0 0 0 0 0 0 0 0 0 0 0 0 0 0 0 0 0 0 0 0 0 0 0 0 0 0 0 0 2 0 7 0 5 0 21 0 25 0 35 0 86 0 172 0 123 0 213 0 233 0 205 0 278 0 333 0 332 0 352 0 454 0 428 0 385 0 343 0 230 0 134 0 77 
SAlphaB:
0 0 0 0 0 0 0 0 0 0 0 0 0 0 0 0 0 0 0 0 0 0 0 0 0 0 0 0 0 0 0 0 0 0 0 0 0 2 0 7 0 5 0 21 0 25 0 35 0 86 0 172 0 123 0 213 0 233 0 205 0 278 0 333 0 332 0 352 0 454 0 428 0 385 0 343 0 230 0 134 0 77 

SecondWin:
0 0 0 0 0 0 0 0 0 0 0 0 0 0 0 0 0 0 0 0 0 0 0 0 0 0 0 0 0 0 0 0 0 0 0 0 1 0 1 0 2 0 2 0 15 0 19 0 30 0 26 0 83 0 95 0 109 0 133 0 158 0 219 0 356 0 431 0 414 0 460 0 433 0 389 0 269 0 201 0 83 0 
SAlphaB:
0 0 0 0 0 0 0 0 0 0 0 0 0 0 0 0 0 0 0 0 0 0 0 0 0 0 0 0 0 0 0 0 0 0 0 0 1 0 1 0 2 0 2 0 15 0 19 0 30 0 26 0 83 0 95 0 109 0 133 0 158 0 219 0 356 0 431 0 414 0 460 0 433 0 389 0 269 0 201 0 83 0 
