0 59 95 63 -8 10 11 39

0 50 74 32 -14 1 3 5

0 56 74 62 -5 2 6 19

0 39 94 25 -4 17 45 3

0 41 74 95 -11 33 49 19

0 22 86 88 -16 35 49 25

0 43 45 20 -11 4 10 35

0 51 87 73 -20 5 25 6

0 12 54 58 -2 6 17 6

0 48 59 92 -11 15 30 10

0 23 27 58 -17 0 6 29

0 30 36 69 -15 2 4 13

0 13 56 51 -8 20 32 8

0 33 58 63 -20 15 47 36

0 35 43 92 -18 10 25 20

0 55 93 82 -4 2 17 34

0 68 70 35 -20 18 29 31

0 48 65 78 -9 1 2 3

0 12 21 58 -5 0 1 0

0 18 21 34 -1 8 11 19

0 54 70 97 -5 7 18 34

0 40 73 96 -8 26 44 42

0 9 22 73 -11 13 18 15

0 32 38 21 -7 7 14 3

0 24 25 95 -11 4 14 41

0 31 72 98 -9 9 28 7

0 63 72 93 -5 16 43 3

0 10 28 63 -13 28 44 26

0 16 48 9 -4 6 13 26

0 18 69 30 -7 13 29 44

0 68 93 3 -13 15 22 29

0 53 80 2 -5 1 33 33

0 2 7 60 -15 0 1 13

0 9 71 14 -2 3 23 39

0 23 53 48 -1 6 47 19

0 35 39 55 -16 8 18 23

0 17 66 78 -11 13 49 11

0 3 14 14 -9 12 13 14

0 21 44 10 -13 10 26 22

0 22 46 23 -11 33 48 33

0 77 78 75 -15 1 2 40

0 42 43 39 -13 8 38 20

0 12 79 66 -1 17 19 22

0 1 9 48 -1 21 22 4

0 2 57 29 -2 2 11 16

0 13 37 68 -1 3 5 29

0 6 58 58 -20 19 44 42

0 32 80 55 -18 35 42 15

0 0 77 13 -19 14 19 48

0 22 39 23 -1 19 31 29

0 5 99 1 -18 9 23 26

0 18 98 23 -10 5 40 33

0 12 26 95 -18 4 24 17

0 1 3 68 -13 19 24 17

0 2 94 92 -7 0 1 31

0 2 69 79 -20 1 21 1

0 11 35 49 -15 21 29 8

0 52 56 23 -19 17 48 32

0 3 20 54 -2 30 31 17

0 69 81 10 -13 5 13 45

0 88 92 31 -13 21 28 42

0 33 58 79 -18 1 49 36

0 62 79 99 -19 25 39 42

0 20 30 94 -18 6 31 6

0 42 73 34 -2 11 22 39

0 21 48 44 -12 12 47 42

0 12 23 90 -16 9 22 41

0 6 97 40 -8 5 7 1

0 0 47 98 -12 7 28 46

0 9 11 6 -15 0 6 18

0 43 51 89 -17 44 46 41

0 2 23 65 -10 23 39 21

0 18 21 73 -15 14 28 19

0 4 15 41 -19 28 49 15

0 0 1 86 -14 16 30 34

0 5 29 46 -5 28 34 17

0 15 80 32 -18 0 47 25

0 1 13 26 -16 15 32 14

0 1 2 13 -5 0 1 16

0 1 49 14 -18 27 28 42

0 9 20 15 -4 12 20 36

0 19 22 22 -15 20 40 29

0 8 22 38 -12 42 46 25

0 4 6 46 -17 2 31 35

0 6 89 50 -9 1 3 48

0 20 21 19 -13 11 12 20

0 7 17 45 -13 0 1 49

0 4 8 19 -5 15 26 43

0 2 7 75 -15 36 47 44

0 6 31 97 -3 0 30 22

0 5 18 10 -8 7 36 25

0 1 4 87 -5 0 34 19

0 5 8 41 -11 0 26 33

0 2 5 33 -7 14 46 47

0 5 18 28 -6 14 40 22

0 0 1 85 -16 13 38 20

0 13 20 59 -1 0 34 3

0 6 19 2 -7 3 16 33

0 4 6 17 -9 19 30 3

0 0 6 2 -5 8 36 14


SAlphaB: 700.0, std-dev 254.05312645312213

Earliest win: 37
Latest win: 81

WinDepth:
0 0 0 0 0 0 0 0 0 0 0 0 0 0 0 0 0 0 0 0 0 0 0 0 0 0 0 0 0 0 0 0 0 0 0 0 0 3 0 5 2 6 5 19 5 17 24 25 25 72 41 148 75 128 48 166 107 175 119 165 154 214 227 343 302 391 430 392 506 398 457 466 424 409 425 346 294 246 181 128 110 79 
SAlphaB:
0 0 0 0 0 0 0 0 0 0 0 0 0 0 0 0 0 0 0 0 0 0 0 0 0 0 0 0 0 0 0 0 0 0 0 0 0 3 0 5 2 6 5 19 5 17 24 25 25 72 41 148 75 128 48 166 107 175 119 165 154 214 227 343 302 391 430 392 506 398 457 466 424 409 425 346 294 246 181 128 110 79 

LossDepth:
SAlphaB:
0 0 0 0 0 0 0 0 0 0 0 0 0 0 0 0 0 0 0 0 0 0 0 0 0 0 0 0 0 0 0 0 0 0 0 0 0 3 0 5 2 6 5 19 5 17 24 25 25 72 41 148 75 128 48 166 107 175 119 165 154 214 227 343 302 391 430 392 506 398 457 466 424 409 425 346 294 246 181 128 110 79 

FirstWin:
0 0 0 0 0 0 0 0 0 0 0 0 0 0 0 0 0 0 0 0 0 0 0 0 0 0 0 0 0 0 0 0 0 0 0 0 0 3 0 5 0 6 0 19 0 17 0 25 0 72 0 148 0 128 0 166 0 175 0 165 0 214 0 343 0 391 0 392 0 398 0 466 0 409 0 346 0 246 0 128 0 79 
SAlphaB:
0 0 0 0 0 0 0 0 0 0 0 0 0 0 0 0 0 0 0 0 0 0 0 0 0 0 0 0 0 0 0 0 0 0 0 0 0 3 0 5 0 6 0 19 0 17 0 25 0 72 0 148 0 128 0 166 0 175 0 165 0 214 0 343 0 391 0 392 0 398 0 466 0 409 0 346 0 246 0 128 0 79 

SecondWin:
0 0 0 0 0 0 0 0 0 0 0 0 0 0 0 0 0 0 0 0 0 0 0 0 0 0 0 0 0 0 0 0 0 0 0 0 0 0 0 0 2 0 5 0 5 0 24 0 25 0 41 0 75 0 48 0 107 0 119 0 154 0 227 0 302 0 430 0 506 0 457 0 424 0 425 0 294 0 181 0 110 0 
SAlphaB:
0 0 0 0 0 0 0 0 0 0 0 0 0 0 0 0 0 0 0 0 0 0 0 0 0 0 0 0 0 0 0 0 0 0 0 0 0 0 0 0 2 0 5 0 5 0 24 0 25 0 41 0 75 0 48 0 107 0 119 0 154 0 227 0 302 0 430 0 506 0 457 0 424 0 425 0 294 0 181 0 110 0 
