0 11 86 59 -2 0 16 17

0 37 96 84 -1 1 13 1

0 66 73 36 -14 0 26 48

0 70 99 0 -19 0 13 34

0 41 90 23 -9 8 12 18

0 90 92 79 -11 10 24 13

0 21 58 42 -2 28 36 13

0 19 80 7 -4 1 3 10

0 48 87 43 -4 10 38 4

0 6 51 64 -13 0 1 4

0 53 87 86 -13 3 8 20

0 57 76 53 -13 6 22 34

0 21 37 43 -14 3 5 3

0 25 77 1 -9 2 4 40

0 22 83 23 -6 2 6 40

0 25 58 85 -10 5 23 11

0 24 79 70 -10 1 2 0

0 45 69 49 -10 2 8 37

0 72 95 31 -1 10 26 37

0 55 56 15 -12 12 38 4

0 41 45 66 -9 8 22 3

0 70 72 57 -10 18 36 45

0 7 65 74 -11 27 35 23

0 22 71 51 -3 8 14 26

0 77 79 38 -10 21 37 37

0 51 88 48 -13 22 30 4

0 35 45 49 -15 3 26 4

0 44 66 19 -12 12 16 49

0 19 21 0 -6 3 7 15

0 52 80 80 -19 21 25 16

0 34 54 86 -1 31 44 23

0 38 43 3 -14 6 21 37

0 66 76 14 -8 21 36 20

0 20 35 65 -17 31 34 10

0 54 83 84 -12 15 41 14

0 43 55 7 -2 14 22 0

0 6 89 96 -14 9 11 25

0 61 96 8 -1 9 10 27

0 5 29 91 -18 9 15 14

0 18 32 39 -8 4 8 19

0 22 48 20 -19 2 21 29

0 32 42 79 -18 14 26 45

0 76 88 20 -17 27 34 27

0 12 98 48 -9 27 31 21

0 41 92 75 -11 16 30 12

0 24 39 71 -8 29 36 31

0 34 92 83 -15 13 22 41

0 21 60 14 -16 6 11 28

0 72 91 99 -14 23 32 18

0 41 54 92 -3 17 23 37

0 8 58 23 -7 25 34 4

0 7 31 22 -2 1 6 24

0 37 67 34 -17 21 23 24

0 19 27 79 -8 16 25 16

0 43 68 88 -11 4 6 37

0 33 87 41 -15 34 44 21

0 88 94 58 -8 8 14 42

0 15 46 14 -19 10 29 46

0 18 95 12 -15 23 29 42

0 1 55 33 -1 1 2 19

0 7 81 16 -16 1 3 24

0 41 52 12 -5 2 12 40

0 55 92 72 -4 2 7 47

0 26 28 75 -7 30 43 32

0 22 56 5 -4 1 17 47

0 1 2 50 -4 19 41 19

0 37 54 73 -10 9 47 16

0 36 52 83 -3 3 9 43

0 17 20 68 -19 15 28 41

0 4 62 29 -18 7 34 39

0 1 2 87 -6 16 19 34

0 4 5 48 -6 26 34 29

0 12 58 63 -9 1 20 48

0 9 18 85 -20 32 47 2

0 43 49 30 -4 39 48 43

0 3 21 27 -16 24 38 13

0 0 23 53 -6 0 1 19

0 3 33 66 -12 8 16 38

0 36 39 38 -2 1 2 30

0 20 25 21 -14 3 22 24

0 2 40 66 -16 10 20 35

0 12 18 87 -13 30 32 19

0 29 94 45 -8 36 48 49

0 4 36 43 -13 1 6 12

0 14 31 11 -3 8 25 37

0 7 8 84 -7 24 36 39

0 5 60 39 -19 1 14 39

0 5 25 71 -17 4 25 25

0 26 32 1 -18 14 17 41

0 13 26 65 -2 14 31 44

0 4 7 73 -20 17 25 3

0 17 38 28 -5 4 20 40

0 3 16 82 -18 2 42 42

0 14 43 34 -5 20 22 48

0 14 17 12 -16 11 48 20

0 1 9 84 -1 0 35 23

0 2 8 65 -3 10 43 40

0 0 6 24 -9 7 39 46

0 0 1 7 -15 9 41 48

0 3 4 14 -10 0 5 13


SAlphaB: 714.0, std-dev 269.520520573297

Earliest win: 39
Latest win: 81

WinDepth:
0 0 0 0 0 0 0 0 0 0 0 0 0 0 0 0 0 0 0 0 0 0 0 0 0 0 0 0 0 0 0 0 0 0 0 0 0 0 0 6 1 8 3 14 13 21 10 27 6 47 68 151 92 95 70 199 120 185 155 200 171 229 272 326 301 344 347 444 435 388 442 449 440 389 435 354 294 232 185 139 113 88 
SAlphaB:
0 0 0 0 0 0 0 0 0 0 0 0 0 0 0 0 0 0 0 0 0 0 0 0 0 0 0 0 0 0 0 0 0 0 0 0 0 0 0 6 1 8 3 14 13 21 10 27 6 47 68 151 92 95 70 199 120 185 155 200 171 229 272 326 301 344 347 444 435 388 442 449 440 389 435 354 294 232 185 139 113 88 

LossDepth:
SAlphaB:
0 0 0 0 0 0 0 0 0 0 0 0 0 0 0 0 0 0 0 0 0 0 0 0 0 0 0 0 0 0 0 0 0 0 0 0 0 0 0 6 1 8 3 14 13 21 10 27 6 47 68 151 92 95 70 199 120 185 155 200 171 229 272 326 301 344 347 444 435 388 442 449 440 389 435 354 294 232 185 139 113 88 

FirstWin:
0 0 0 0 0 0 0 0 0 0 0 0 0 0 0 0 0 0 0 0 0 0 0 0 0 0 0 0 0 0 0 0 0 0 0 0 0 0 0 6 0 8 0 14 0 21 0 27 0 47 0 151 0 95 0 199 0 185 0 200 0 229 0 326 0 344 0 444 0 388 0 449 0 389 0 354 0 232 0 139 0 88 
SAlphaB:
0 0 0 0 0 0 0 0 0 0 0 0 0 0 0 0 0 0 0 0 0 0 0 0 0 0 0 0 0 0 0 0 0 0 0 0 0 0 0 6 0 8 0 14 0 21 0 27 0 47 0 151 0 95 0 199 0 185 0 200 0 229 0 326 0 344 0 444 0 388 0 449 0 389 0 354 0 232 0 139 0 88 

SecondWin:
0 0 0 0 0 0 0 0 0 0 0 0 0 0 0 0 0 0 0 0 0 0 0 0 0 0 0 0 0 0 0 0 0 0 0 0 0 0 0 0 1 0 3 0 13 0 10 0 6 0 68 0 92 0 70 0 120 0 155 0 171 0 272 0 301 0 347 0 435 0 442 0 440 0 435 0 294 0 185 0 113 0 
SAlphaB:
0 0 0 0 0 0 0 0 0 0 0 0 0 0 0 0 0 0 0 0 0 0 0 0 0 0 0 0 0 0 0 0 0 0 0 0 0 0 0 0 1 0 3 0 13 0 10 0 6 0 68 0 92 0 70 0 120 0 155 0 171 0 272 0 301 0 347 0 435 0 442 0 440 0 435 0 294 0 185 0 113 0 
