0 94 95 92 -6 20 47 32

0 46 66 91 -4 7 24 14

0 42 96 83 -14 4 5 16

0 53 93 5 -14 3 14 27

0 41 82 41 -17 2 5 35

0 27 34 32 -4 20 31 0

0 62 99 95 -6 19 46 25

0 67 91 3 -13 20 22 17

0 46 78 28 -13 6 28 30

0 12 80 94 -18 3 9 15

0 10 81 70 -6 14 38 21

0 88 91 65 -16 6 14 15

0 17 38 41 -17 12 18 22

0 33 56 57 -15 3 11 22

0 51 70 42 -18 11 40 3

0 13 50 97 -10 5 17 4

0 26 80 23 -12 13 32 15

0 64 75 41 -6 13 43 47

0 34 71 8 -17 2 9 20

0 45 87 93 -12 0 29 0

0 23 31 29 -10 5 6 6

0 17 63 38 -15 23 39 21

0 38 74 85 -7 8 41 44

0 10 49 84 -16 12 15 13

0 31 60 61 -11 10 14 0

0 57 81 20 -5 4 19 0

0 32 87 98 -15 14 26 2

0 45 47 90 -18 0 2 19

0 7 47 12 -14 13 34 27

0 10 36 18 -11 16 40 26

0 33 85 79 -3 2 3 10

0 97 99 90 -9 2 15 39

0 6 80 33 -17 8 17 6

0 25 96 5 -9 2 4 32

0 6 47 60 -13 12 17 31

0 27 61 25 -15 0 9 0

0 54 69 94 -15 0 3 21

0 30 61 95 -6 15 35 3

0 68 89 25 -13 9 12 37

0 51 87 79 -14 1 22 49

0 25 60 0 -7 16 47 16

0 22 51 31 -2 9 13 6

0 5 90 30 -12 10 12 48

0 29 74 63 -6 8 12 42

0 2 82 53 -4 0 2 8

0 11 85 58 -14 2 7 37

0 32 81 92 -20 16 31 30

0 50 57 83 -7 21 22 12

0 40 77 33 -3 0 33 34

0 5 50 73 -20 25 45 37

0 48 73 19 -16 15 19 40

0 19 22 10 -7 4 18 8

0 45 51 76 -12 19 21 41

0 55 83 46 -10 4 9 46

0 37 88 84 -7 24 35 8

0 14 59 65 -18 27 32 14

0 45 48 89 -14 3 18 38

0 33 76 90 -11 40 44 46

0 30 35 61 -4 20 24 16

0 11 53 36 -15 0 16 47

0 18 22 39 -17 9 22 23

0 51 64 40 -6 4 11 41

0 33 38 31 -1 14 20 15

0 14 24 33 -20 0 7 20

0 22 57 89 -16 22 23 7

0 10 57 19 -5 8 46 2

0 22 32 49 -15 0 31 26

0 15 39 73 -18 0 20 34

0 46 52 88 -4 0 1 32

0 1 63 17 -5 19 47 26

0 32 39 1 -9 18 29 15

0 9 13 71 -10 17 24 33

0 34 38 29 -3 2 19 45

0 62 95 79 -4 23 33 37

0 29 87 72 -4 21 34 23

0 10 26 87 -18 19 32 22

0 3 26 31 -16 2 9 18

0 27 55 94 -8 2 23 31

0 0 43 5 -8 5 14 37

0 49 54 27 -2 25 43 8

0 5 6 78 -14 17 19 27

0 3 34 70 -12 23 24 37

0 6 77 53 -6 3 22 21

0 9 18 69 -7 15 42 3

0 13 46 18 -3 5 6 46

0 1 12 17 -14 14 47 8

0 4 8 49 -1 5 12 48

0 6 27 45 -11 5 21 39

0 8 12 9 -18 12 15 26

0 2 8 57 -7 4 15 15

0 3 4 88 -18 6 39 42

0 1 7 93 -8 1 4 19

0 0 5 48 -3 20 21 32

0 6 14 7 -12 18 19 24

0 5 13 7 -20 2 25 45

0 0 1 82 -17 44 45 40

0 2 3 18 -5 1 2 34

0 2 13 35 -18 10 16 29

0 2 5 4 -4 21 25 7

0 0 1 22 -15 17 43 17


SAlphaB: 711.0, std-dev 268.40620147436795

Earliest win: 37
Latest win: 81

WinDepth:
0 0 0 0 0 0 0 0 0 0 0 0 0 0 0 0 0 0 0 0 0 0 0 0 0 0 0 0 0 0 0 0 0 0 0 0 0 1 1 9 1 7 6 9 9 15 14 61 14 73 37 190 72 108 90 170 87 196 130 194 141 226 255 308 314 416 379 428 415 414 450 474 429 398 391 395 293 245 177 147 108 70 
SAlphaB:
0 0 0 0 0 0 0 0 0 0 0 0 0 0 0 0 0 0 0 0 0 0 0 0 0 0 0 0 0 0 0 0 0 0 0 0 0 1 1 9 1 7 6 9 9 15 14 61 14 73 37 190 72 108 90 170 87 196 130 194 141 226 255 308 314 416 379 428 415 414 450 474 429 398 391 395 293 245 177 147 108 70 

LossDepth:
SAlphaB:
0 0 0 0 0 0 0 0 0 0 0 0 0 0 0 0 0 0 0 0 0 0 0 0 0 0 0 0 0 0 0 0 0 0 0 0 0 1 1 9 1 7 6 9 9 15 14 61 14 73 37 190 72 108 90 170 87 196 130 194 141 226 255 308 314 416 379 428 415 414 450 474 429 398 391 395 293 245 177 147 108 70 

FirstWin:
0 0 0 0 0 0 0 0 0 0 0 0 0 0 0 0 0 0 0 0 0 0 0 0 0 0 0 0 0 0 0 0 0 0 0 0 0 1 0 9 0 7 0 9 0 15 0 61 0 73 0 190 0 108 0 170 0 196 0 194 0 226 0 308 0 416 0 428 0 414 0 474 0 398 0 395 0 245 0 147 0 70 
SAlphaB:
0 0 0 0 0 0 0 0 0 0 0 0 0 0 0 0 0 0 0 0 0 0 0 0 0 0 0 0 0 0 0 0 0 0 0 0 0 1 0 9 0 7 0 9 0 15 0 61 0 73 0 190 0 108 0 170 0 196 0 194 0 226 0 308 0 416 0 428 0 414 0 474 0 398 0 395 0 245 0 147 0 70 

SecondWin:
0 0 0 0 0 0 0 0 0 0 0 0 0 0 0 0 0 0 0 0 0 0 0 0 0 0 0 0 0 0 0 0 0 0 0 0 0 0 1 0 1 0 6 0 9 0 14 0 14 0 37 0 72 0 90 0 87 0 130 0 141 0 255 0 314 0 379 0 415 0 450 0 429 0 391 0 293 0 177 0 108 0 
SAlphaB:
0 0 0 0 0 0 0 0 0 0 0 0 0 0 0 0 0 0 0 0 0 0 0 0 0 0 0 0 0 0 0 0 0 0 0 0 0 0 1 0 1 0 6 0 9 0 14 0 14 0 37 0 72 0 90 0 87 0 130 0 141 0 255 0 314 0 379 0 415 0 450 0 429 0 391 0 293 0 177 0 108 0 
