0 62 96 59 -6 13 28 46

0 47 66 50 -19 7 26 36

0 9 65 17 -1 2 5 17

0 71 94 35 -11 0 15 4

0 20 53 21 -15 7 8 27

0 57 89 30 -11 14 26 18

0 31 93 60 -16 0 2 33

0 68 94 50 -15 8 26 2

0 35 85 63 -17 6 8 22

0 43 62 63 -16 7 9 13

0 29 31 39 -19 4 10 12

0 26 44 40 -13 8 26 13

0 33 41 33 -2 30 48 19

0 31 91 11 -2 12 18 32

0 48 63 72 -9 0 1 18

0 27 53 44 -9 1 7 28

0 18 82 33 -2 1 6 11

0 27 76 99 -3 12 13 2

0 28 39 61 -12 3 16 7

0 51 89 67 -7 1 4 33

0 20 48 76 -5 3 9 30

0 15 85 92 -1 14 23 44

0 47 93 30 -8 21 36 36

0 51 91 90 -20 15 31 1

0 23 26 69 -9 27 35 31

0 26 36 30 -12 1 7 35

0 3 68 27 -16 3 25 10

0 59 95 30 -20 29 35 28

0 38 40 87 -4 2 7 22

0 23 92 81 -20 22 34 32

0 85 93 12 -17 3 6 8

0 25 76 79 -18 6 49 42

0 14 37 34 -11 13 23 10

0 27 85 55 -3 0 1 39

0 27 33 29 -11 29 40 33

0 33 57 86 -11 3 4 18

0 23 74 70 -20 29 44 34

0 32 77 61 -13 6 46 34

0 11 58 48 -1 14 17 20

0 22 31 17 -4 36 42 17

0 43 55 86 -10 4 23 1

0 35 47 96 -17 18 39 43

0 16 27 55 -13 0 1 47

0 73 81 7 -7 31 37 34

0 62 88 18 -17 11 49 35

0 58 59 79 -6 17 20 38

0 7 24 64 -5 1 10 1

0 14 48 6 -5 26 36 25

0 44 78 39 -8 31 38 37

0 59 77 33 -9 34 35 11

0 7 67 75 -4 21 24 0

0 59 94 3 -1 5 21 49

0 25 53 76 -9 40 48 33

0 5 79 29 -17 0 1 35

0 28 35 8 -12 21 35 23

0 3 56 99 -9 25 38 42

0 0 77 3 -15 3 7 25

0 95 97 44 -14 19 22 37

0 17 32 86 -9 21 25 2

0 1 96 21 -1 31 36 31

0 5 8 42 -11 5 10 2

0 29 37 39 -13 3 28 9

0 84 98 5 -4 0 13 35

0 25 54 69 -20 1 29 40

0 18 29 57 -10 8 9 6

0 13 31 85 -15 0 9 31

0 55 79 97 -8 23 29 21

0 23 30 25 -13 11 21 28

0 7 23 68 -18 40 41 48

0 13 24 63 -15 3 12 1

0 2 8 63 -8 0 18 0

0 64 70 54 -1 2 8 46

0 3 7 75 -20 6 31 15

0 0 1 24 -9 21 45 5

0 0 26 0 -9 20 32 6

0 11 15 92 -20 18 48 25

0 37 38 82 -16 20 21 45

0 6 14 69 -13 2 8 32

0 72 87 9 -19 32 41 0

0 4 12 55 -15 3 23 27

0 5 6 51 -5 22 39 28

0 0 84 91 -7 2 4 47

0 15 28 45 -10 11 47 39

0 3 4 99 -10 14 28 28

0 7 19 15 -3 2 25 39

0 0 5 84 -11 35 38 45

0 1 3 85 -15 17 30 41

0 3 6 3 -7 2 34 41

0 4 8 30 -16 0 20 38

0 8 11 55 -11 20 22 44

0 0 20 32 -20 0 8 21

0 0 14 98 -2 27 37 11

0 4 8 83 -16 22 31 14

0 1 8 33 -5 1 27 1

0 19 27 12 -8 20 22 41

0 1 4 81 -9 0 1 20

0 0 4 16 -13 26 35 4

0 2 15 68 -20 1 30 21

0 0 1 22 -19 21 32 32

0 1 4 39 -2 3 49 28


SAlphaB: 718.0, std-dev 268.4297385638457

Earliest win: 37
Latest win: 81

WinDepth:
0 0 0 0 0 0 0 0 0 0 0 0 0 0 0 0 0 0 0 0 0 0 0 0 0 0 0 0 0 0 0 0 0 0 0 0 0 6 0 5 1 12 5 2 8 16 11 32 26 51 76 130 60 86 60 174 121 152 155 185 134 248 214 346 335 338 381 471 436 399 427 483 395 382 402 441 282 250 188 151 101 82 
SAlphaB:
0 0 0 0 0 0 0 0 0 0 0 0 0 0 0 0 0 0 0 0 0 0 0 0 0 0 0 0 0 0 0 0 0 0 0 0 0 6 0 5 1 12 5 2 8 16 11 32 26 51 76 130 60 86 60 174 121 152 155 185 134 248 214 346 335 338 381 471 436 399 427 483 395 382 402 441 282 250 188 151 101 82 

LossDepth:
SAlphaB:
0 0 0 0 0 0 0 0 0 0 0 0 0 0 0 0 0 0 0 0 0 0 0 0 0 0 0 0 0 0 0 0 0 0 0 0 0 6 0 5 1 12 5 2 8 16 11 32 26 51 76 130 60 86 60 174 121 152 155 185 134 248 214 346 335 338 381 471 436 399 427 483 395 382 402 441 282 250 188 151 101 82 

FirstWin:
0 0 0 0 0 0 0 0 0 0 0 0 0 0 0 0 0 0 0 0 0 0 0 0 0 0 0 0 0 0 0 0 0 0 0 0 0 6 0 5 0 12 0 2 0 16 0 32 0 51 0 130 0 86 0 174 0 152 0 185 0 248 0 346 0 338 0 471 0 399 0 483 0 382 0 441 0 250 0 151 0 82 
SAlphaB:
0 0 0 0 0 0 0 0 0 0 0 0 0 0 0 0 0 0 0 0 0 0 0 0 0 0 0 0 0 0 0 0 0 0 0 0 0 6 0 5 0 12 0 2 0 16 0 32 0 51 0 130 0 86 0 174 0 152 0 185 0 248 0 346 0 338 0 471 0 399 0 483 0 382 0 441 0 250 0 151 0 82 

SecondWin:
0 0 0 0 0 0 0 0 0 0 0 0 0 0 0 0 0 0 0 0 0 0 0 0 0 0 0 0 0 0 0 0 0 0 0 0 0 0 0 0 1 0 5 0 8 0 11 0 26 0 76 0 60 0 60 0 121 0 155 0 134 0 214 0 335 0 381 0 436 0 427 0 395 0 402 0 282 0 188 0 101 0 
SAlphaB:
0 0 0 0 0 0 0 0 0 0 0 0 0 0 0 0 0 0 0 0 0 0 0 0 0 0 0 0 0 0 0 0 0 0 0 0 0 0 0 0 1 0 5 0 8 0 11 0 26 0 76 0 60 0 60 0 121 0 155 0 134 0 214 0 335 0 381 0 436 0 427 0 395 0 402 0 282 0 188 0 101 0 
