0 59 62 98 -8 5 37 32

0 51 79 84 -13 4 32 4

0 77 86 13 -17 7 35 21

0 80 88 33 -19 4 5 11

0 2 87 66 -10 40 45 11

0 67 78 75 -13 14 33 47

0 3 50 30 -8 14 23 1

0 54 63 1 -12 13 16 13

0 44 93 63 -11 22 47 45

0 19 91 61 -4 7 22 15

0 56 70 20 -7 0 23 24

0 29 73 17 -8 11 43 49

0 86 93 25 -16 6 35 0

0 10 84 18 -18 35 40 12

0 49 51 37 -1 1 2 22

0 59 64 93 -6 7 13 28

0 78 98 27 -18 0 31 2

0 32 44 96 -20 27 38 14

0 23 62 86 -4 4 6 36

0 43 97 13 -4 37 41 25

0 35 40 76 -19 0 1 10

0 25 71 44 -1 14 25 24

0 5 30 73 -10 8 23 25

0 14 39 94 -9 1 19 3

0 22 35 32 -5 13 37 21

0 41 56 93 -15 0 4 31

0 12 37 77 -16 0 11 8

0 10 28 64 -2 5 9 35

0 68 93 28 -5 24 28 10

0 28 41 26 -9 13 36 46

0 42 92 17 -9 12 35 39

0 31 32 79 -15 1 7 38

0 75 92 92 -17 24 46 40

0 29 38 79 -10 11 37 25

0 25 96 98 -7 29 33 20

0 87 94 92 -17 16 33 7

0 5 33 78 -11 8 12 4

0 35 79 61 -2 13 22 42

0 48 55 7 -12 11 22 32

0 21 57 27 -1 4 16 44

0 4 29 5 -1 7 20 3

0 14 35 89 -12 34 41 19

0 12 54 67 -5 38 48 18

0 16 99 82 -14 9 41 42

0 22 99 97 -15 19 27 36

0 43 51 25 -12 15 48 47

0 17 37 56 -19 5 12 1

0 21 25 97 -9 28 34 8

0 15 22 23 -4 8 22 22

0 77 82 3 -5 41 45 28

0 84 98 77 -3 32 42 2

0 18 64 70 -15 13 16 47

0 5 31 84 -16 26 46 8

0 11 91 32 -13 4 35 6

0 20 26 58 -18 8 31 25

0 10 87 97 -10 6 47 24

0 35 64 2 -14 2 38 35

0 28 54 83 -9 2 41 47

0 20 41 40 -1 3 12 35

0 7 60 35 -16 5 30 21

0 5 15 19 -15 14 30 7

0 29 52 35 -12 8 49 2

0 4 42 90 -5 4 5 45

0 10 20 97 -10 32 35 30

0 4 27 46 -7 20 38 16

0 11 47 92 -5 13 20 17

0 20 97 44 -3 3 48 16

0 35 46 77 -8 14 22 40

0 16 35 54 -8 0 19 10

0 35 49 24 -12 18 30 31

0 26 61 14 -9 37 48 26

0 19 35 4 -18 0 43 18

0 11 26 35 -16 5 6 47

0 28 77 31 -17 27 33 20

0 31 91 19 -6 26 47 15

0 4 17 31 -6 0 22 14

0 9 26 59 -12 6 8 26

0 24 27 21 -5 28 34 47

0 30 40 83 -16 39 43 1

0 43 79 26 -19 34 42 16

0 4 22 63 -19 1 13 39

0 2 52 75 -7 2 12 46

0 4 50 64 -14 11 13 43

0 6 14 25 -8 12 16 47

0 18 27 70 -20 37 43 44

0 6 12 7 -20 10 36 7

0 0 18 69 -9 4 9 49

0 3 4 38 -3 27 31 42

0 9 13 1 -13 7 9 16

0 1 4 34 -16 13 23 17

0 0 15 41 -4 26 42 31

0 0 8 95 -16 4 35 41

0 3 13 91 -2 11 40 1

0 4 75 41 -1 1 45 49

0 15 17 32 -13 21 32 29

0 8 10 46 -3 3 23 49

0 8 16 93 -4 6 30 39

0 0 3 84 -14 18 19 13

0 2 20 67 -1 5 24 49

0 0 3 44 -4 1 15 46


SAlphaB: 729.0, std-dev 278.5236535845037

Earliest win: 37
Latest win: 81

WinDepth:
0 0 0 0 0 0 0 0 0 0 0 0 0 0 0 0 0 0 0 0 0 0 0 0 0 0 0 0 0 0 0 0 0 0 0 0 0 1 0 3 2 1 3 9 14 24 16 42 74 79 76 164 119 162 89 193 137 183 140 177 166 230 279 346 361 342 420 346 457 405 455 456 374 394 387 324 252 251 149 133 104 74 
SAlphaB:
0 0 0 0 0 0 0 0 0 0 0 0 0 0 0 0 0 0 0 0 0 0 0 0 0 0 0 0 0 0 0 0 0 0 0 0 0 1 0 3 2 1 3 9 14 24 16 42 74 79 76 164 119 162 89 193 137 183 140 177 166 230 279 346 361 342 420 346 457 405 455 456 374 394 387 324 252 251 149 133 104 74 

LossDepth:
SAlphaB:
0 0 0 0 0 0 0 0 0 0 0 0 0 0 0 0 0 0 0 0 0 0 0 0 0 0 0 0 0 0 0 0 0 0 0 0 0 1 0 3 2 1 3 9 14 24 16 42 74 79 76 164 119 162 89 193 137 183 140 177 166 230 279 346 361 342 420 346 457 405 455 456 374 394 387 324 252 251 149 133 104 74 

FirstWin:
0 0 0 0 0 0 0 0 0 0 0 0 0 0 0 0 0 0 0 0 0 0 0 0 0 0 0 0 0 0 0 0 0 0 0 0 0 1 0 3 0 1 0 9 0 24 0 42 0 79 0 164 0 162 0 193 0 183 0 177 0 230 0 346 0 342 0 346 0 405 0 456 0 394 0 324 0 251 0 133 0 74 
SAlphaB:
0 0 0 0 0 0 0 0 0 0 0 0 0 0 0 0 0 0 0 0 0 0 0 0 0 0 0 0 0 0 0 0 0 0 0 0 0 1 0 3 0 1 0 9 0 24 0 42 0 79 0 164 0 162 0 193 0 183 0 177 0 230 0 346 0 342 0 346 0 405 0 456 0 394 0 324 0 251 0 133 0 74 

SecondWin:
0 0 0 0 0 0 0 0 0 0 0 0 0 0 0 0 0 0 0 0 0 0 0 0 0 0 0 0 0 0 0 0 0 0 0 0 0 0 0 0 2 0 3 0 14 0 16 0 74 0 76 0 119 0 89 0 137 0 140 0 166 0 279 0 361 0 420 0 457 0 455 0 374 0 387 0 252 0 149 0 104 0 
SAlphaB:
0 0 0 0 0 0 0 0 0 0 0 0 0 0 0 0 0 0 0 0 0 0 0 0 0 0 0 0 0 0 0 0 0 0 0 0 0 0 0 0 2 0 3 0 14 0 16 0 74 0 76 0 119 0 89 0 137 0 140 0 166 0 279 0 361 0 420 0 457 0 455 0 374 0 387 0 252 0 149 0 104 0 
