0 28 63 65 -5 2 20 11

0 36 69 36 -15 4 9 3

0 32 43 61 -6 4 11 4

0 13 18 85 -16 0 1 14

0 17 95 52 -7 7 21 18

0 43 59 79 -9 0 18 38

0 7 39 35 -6 4 6 17

0 81 88 25 -12 0 3 16

0 79 86 55 -11 11 36 33

0 52 81 67 -8 14 37 22

0 90 99 20 -7 6 35 0

0 21 55 52 -4 1 7 23

0 42 90 6 -15 5 37 49

0 34 50 54 -13 4 15 46

0 86 91 27 -11 21 25 30

0 44 51 66 -13 36 43 7

0 13 52 77 -9 7 8 21

0 67 98 93 -17 11 40 23

0 32 41 1 -20 3 10 6

0 68 72 1 -11 11 34 4

0 34 66 73 -18 3 18 39

0 13 78 60 -17 20 25 17

0 22 72 14 -6 10 27 26

0 76 83 63 -2 4 7 21

0 42 70 84 -18 6 20 49

0 20 36 40 -3 37 45 25

0 45 86 32 -14 7 32 49

0 55 78 58 -3 0 25 2

0 35 39 91 -4 6 28 20

0 27 92 82 -17 21 22 23

0 34 63 62 -12 10 18 43

0 8 26 84 -20 0 3 15

0 36 62 7 -15 10 18 10

0 15 42 38 -12 22 46 40

0 13 71 48 -5 9 11 20

0 47 98 17 -1 10 15 41

0 50 93 17 -18 28 36 12

0 77 80 55 -16 2 5 40

0 16 29 9 -20 21 27 19

0 42 59 66 -10 7 23 14

0 7 34 98 -4 44 49 44

0 3 51 75 -14 20 22 13

0 20 30 92 -12 18 22 4

0 27 82 36 -15 11 14 16

0 23 81 53 -15 12 13 9

0 25 36 47 -10 13 18 45

0 20 49 5 -15 2 12 12

0 31 34 43 -1 14 37 5

0 5 83 39 -4 5 12 49

0 33 48 65 -5 11 36 1

0 9 56 63 -4 0 11 39

0 36 42 74 -17 7 42 23

0 10 61 9 -4 20 37 6

0 17 26 61 -2 26 43 17

0 6 87 45 -7 32 42 20

0 46 54 18 -7 5 9 48

0 15 25 97 -12 8 21 11

0 7 35 56 -13 16 39 7

0 1 15 70 -14 1 2 10

0 28 39 22 -10 27 33 11

0 2 31 85 -15 24 46 18

0 34 37 29 -1 37 39 34

0 28 36 75 -1 0 11 45

0 51 68 93 -15 25 33 27

0 22 34 25 -11 24 43 30

0 2 7 22 -17 20 21 22

0 0 59 58 -20 1 13 29

0 10 62 55 -20 15 21 45

0 26 30 87 -9 11 20 32

0 43 73 3 -14 37 40 11

0 9 18 97 -18 10 17 47

0 9 15 67 -18 5 42 31

0 10 66 35 -17 10 38 40

0 5 66 1 -4 28 37 39

0 14 15 90 -9 0 4 38

0 7 17 64 -4 0 20 12

0 3 5 80 -14 20 25 27

0 0 1 43 -12 3 5 11

0 36 72 77 -3 0 2 16

0 4 29 99 -10 0 1 38

0 21 31 87 -8 30 43 8

0 13 33 20 -11 23 37 7

0 1 20 83 -18 13 45 5

0 10 19 8 -17 3 8 0

0 5 23 96 -20 13 43 13

0 24 29 85 -6 34 48 12

0 18 78 1 -9 32 41 49

0 11 24 11 -16 3 17 6

0 44 45 76 -6 27 32 38

0 16 19 52 -10 11 12 22

0 23 26 51 -8 7 47 17

0 16 33 60 -7 3 16 48

0 7 12 78 -8 5 31 30

0 18 29 39 -12 0 40 11

0 0 9 88 -12 9 45 34

0 0 12 96 -7 3 17 24

0 19 67 7 -4 4 43 49

0 14 23 79 -9 3 26 48

0 7 15 30 -8 16 20 45

0 0 3 20 -13 1 21 37


SAlphaB: 743.0, std-dev 266.95202932286537

Earliest win: 37
Latest win: 81

WinDepth:
0 0 0 0 0 0 0 0 0 0 0 0 0 0 0 0 0 0 0 0 0 0 0 0 0 0 0 0 0 0 0 0 0 0 0 0 0 1 0 6 14 1 2 17 7 14 13 39 43 62 60 163 84 107 72 170 132 194 137 200 152 216 240 349 262 371 351 382 524 400 461 466 380 393 368 377 273 262 193 150 99 72 
SAlphaB:
0 0 0 0 0 0 0 0 0 0 0 0 0 0 0 0 0 0 0 0 0 0 0 0 0 0 0 0 0 0 0 0 0 0 0 0 0 1 0 6 14 1 2 17 7 14 13 39 43 62 60 163 84 107 72 170 132 194 137 200 152 216 240 349 262 371 351 382 524 400 461 466 380 393 368 377 273 262 193 150 99 72 

LossDepth:
SAlphaB:
0 0 0 0 0 0 0 0 0 0 0 0 0 0 0 0 0 0 0 0 0 0 0 0 0 0 0 0 0 0 0 0 0 0 0 0 0 1 0 6 14 1 2 17 7 14 13 39 43 62 60 163 84 107 72 170 132 194 137 200 152 216 240 349 262 371 351 382 524 400 461 466 380 393 368 377 273 262 193 150 99 72 

FirstWin:
0 0 0 0 0 0 0 0 0 0 0 0 0 0 0 0 0 0 0 0 0 0 0 0 0 0 0 0 0 0 0 0 0 0 0 0 0 1 0 6 0 1 0 17 0 14 0 39 0 62 0 163 0 107 0 170 0 194 0 200 0 216 0 349 0 371 0 382 0 400 0 466 0 393 0 377 0 262 0 150 0 72 
SAlphaB:
0 0 0 0 0 0 0 0 0 0 0 0 0 0 0 0 0 0 0 0 0 0 0 0 0 0 0 0 0 0 0 0 0 0 0 0 0 1 0 6 0 1 0 17 0 14 0 39 0 62 0 163 0 107 0 170 0 194 0 200 0 216 0 349 0 371 0 382 0 400 0 466 0 393 0 377 0 262 0 150 0 72 

SecondWin:
0 0 0 0 0 0 0 0 0 0 0 0 0 0 0 0 0 0 0 0 0 0 0 0 0 0 0 0 0 0 0 0 0 0 0 0 0 0 0 0 14 0 2 0 7 0 13 0 43 0 60 0 84 0 72 0 132 0 137 0 152 0 240 0 262 0 351 0 524 0 461 0 380 0 368 0 273 0 193 0 99 0 
SAlphaB:
0 0 0 0 0 0 0 0 0 0 0 0 0 0 0 0 0 0 0 0 0 0 0 0 0 0 0 0 0 0 0 0 0 0 0 0 0 0 0 0 14 0 2 0 7 0 13 0 43 0 60 0 84 0 72 0 132 0 137 0 152 0 240 0 262 0 351 0 524 0 461 0 380 0 368 0 273 0 193 0 99 0 
