0 11 78 66 -12 5 12 14

0 51 73 63 -1 9 12 5

0 56 94 8 -15 8 18 31

0 28 56 43 -16 10 23 8

0 1 53 74 -13 2 6 12

0 5 83 32 -19 23 48 8

0 41 92 53 -2 18 23 35

0 52 78 7 -6 5 27 36

0 47 61 5 -10 16 48 0

0 42 58 82 -10 4 26 11

0 25 53 85 -8 40 46 10

0 8 79 41 -3 14 35 20

0 12 37 85 -11 2 4 2

0 6 93 79 -13 2 3 21

0 49 68 54 -6 4 23 18

0 44 48 68 -12 14 33 31

0 47 94 37 -5 6 37 24

0 9 97 92 -8 32 45 31

0 64 79 80 -6 2 17 40

0 23 57 87 -16 5 7 22

0 31 43 11 -8 11 20 37

0 45 72 66 -14 0 3 4

0 89 94 56 -7 9 46 16

0 74 77 84 -20 1 41 21

0 15 18 20 -9 5 8 17

0 48 63 23 -20 0 1 44

0 78 85 3 -2 0 22 10

0 46 89 2 -2 0 10 24

0 24 68 29 -12 41 45 1

0 60 74 55 -6 7 31 24

0 35 58 69 -19 35 46 24

0 30 91 99 -2 5 11 33

0 67 77 13 -5 22 24 8

0 16 29 90 -14 7 11 13

0 1 87 26 -18 5 29 34

0 52 98 91 -17 2 25 45

0 39 67 32 -11 29 30 40

0 22 60 87 -5 40 41 39

0 75 89 71 -5 3 12 40

0 79 82 4 -10 31 42 16

0 21 23 48 -12 17 29 18

0 20 56 6 -15 16 36 21

0 29 78 72 -20 0 18 8

0 21 41 31 -10 8 29 4

0 0 30 14 -7 3 5 10

0 21 54 46 -13 11 41 25

0 12 39 4 -10 40 42 6

0 28 30 3 -20 1 2 1

0 5 21 54 -2 18 48 8

0 48 65 6 -10 37 43 41

0 18 64 7 -2 6 16 26

0 40 51 43 -13 14 26 25

0 20 40 77 -17 8 22 38

0 14 83 6 -19 11 24 6

0 8 81 80 -18 12 33 39

0 2 32 66 -18 16 45 37

0 8 21 91 -13 6 14 37

0 57 84 67 -1 22 41 46

0 1 34 48 -9 29 30 15

0 12 16 19 -9 27 30 20

0 76 88 99 -6 34 45 40

0 15 38 29 -15 44 45 18

0 46 61 23 -15 18 21 39

0 19 36 48 -7 1 25 16

0 4 21 28 -8 24 42 31

0 27 30 30 -15 18 47 31

0 9 22 13 -2 0 34 13

0 42 70 38 -14 13 15 11

0 35 43 14 -6 27 30 28

0 15 29 32 -4 7 37 6

0 4 13 32 -1 16 37 9

0 1 5 58 -7 37 48 30

0 21 55 5 -10 8 41 1

0 1 4 99 -6 32 41 24

0 10 21 53 -7 23 26 20

0 24 77 51 -11 24 28 43

0 49 59 58 -10 1 5 41

0 0 4 80 -10 36 43 31

0 31 72 41 -14 5 27 20

0 5 41 29 -13 18 22 45

0 7 17 50 -19 13 16 4

0 3 19 39 -5 4 9 24

0 7 44 52 -19 24 48 44

0 8 18 60 -4 21 43 26

0 0 4 15 -8 1 11 12

0 5 16 85 -12 17 24 11

0 9 19 42 -5 21 39 38

0 21 28 0 -19 7 17 38

0 1 2 68 -4 12 18 10

0 3 5 52 -10 3 6 1

0 7 10 89 -20 34 48 44

0 14 15 66 -9 8 24 46

0 30 65 17 -3 35 36 41

0 2 4 93 -12 17 19 46

0 5 18 62 -8 1 7 20

0 6 21 31 -19 39 40 35

0 3 13 99 -5 0 23 42

0 3 38 78 -7 1 21 40

0 0 14 13 -11 29 30 49

0 6 10 32 -9 6 32 44


SAlphaB: 712.0, std-dev 254.49197810381355

Earliest win: 39
Latest win: 81

WinDepth:
0 0 0 0 0 0 0 0 0 0 0 0 0 0 0 0 0 0 0 0 0 0 0 0 0 0 0 0 0 0 0 0 0 0 0 0 0 0 0 1 1 2 4 6 10 10 15 21 44 66 78 219 100 99 82 229 131 173 168 177 179 213 247 310 391 330 381 377 459 419 503 449 388 401 355 336 260 264 160 139 109 86 
SAlphaB:
0 0 0 0 0 0 0 0 0 0 0 0 0 0 0 0 0 0 0 0 0 0 0 0 0 0 0 0 0 0 0 0 0 0 0 0 0 0 0 1 1 2 4 6 10 10 15 21 44 66 78 219 100 99 82 229 131 173 168 177 179 213 247 310 391 330 381 377 459 419 503 449 388 401 355 336 260 264 160 139 109 86 

LossDepth:
SAlphaB:
0 0 0 0 0 0 0 0 0 0 0 0 0 0 0 0 0 0 0 0 0 0 0 0 0 0 0 0 0 0 0 0 0 0 0 0 0 0 0 1 1 2 4 6 10 10 15 21 44 66 78 219 100 99 82 229 131 173 168 177 179 213 247 310 391 330 381 377 459 419 503 449 388 401 355 336 260 264 160 139 109 86 

FirstWin:
0 0 0 0 0 0 0 0 0 0 0 0 0 0 0 0 0 0 0 0 0 0 0 0 0 0 0 0 0 0 0 0 0 0 0 0 0 0 0 1 0 2 0 6 0 10 0 21 0 66 0 219 0 99 0 229 0 173 0 177 0 213 0 310 0 330 0 377 0 419 0 449 0 401 0 336 0 264 0 139 0 86 
SAlphaB:
0 0 0 0 0 0 0 0 0 0 0 0 0 0 0 0 0 0 0 0 0 0 0 0 0 0 0 0 0 0 0 0 0 0 0 0 0 0 0 1 0 2 0 6 0 10 0 21 0 66 0 219 0 99 0 229 0 173 0 177 0 213 0 310 0 330 0 377 0 419 0 449 0 401 0 336 0 264 0 139 0 86 

SecondWin:
0 0 0 0 0 0 0 0 0 0 0 0 0 0 0 0 0 0 0 0 0 0 0 0 0 0 0 0 0 0 0 0 0 0 0 0 0 0 0 0 1 0 4 0 10 0 15 0 44 0 78 0 100 0 82 0 131 0 168 0 179 0 247 0 391 0 381 0 459 0 503 0 388 0 355 0 260 0 160 0 109 0 
SAlphaB:
0 0 0 0 0 0 0 0 0 0 0 0 0 0 0 0 0 0 0 0 0 0 0 0 0 0 0 0 0 0 0 0 0 0 0 0 0 0 0 0 1 0 4 0 10 0 15 0 44 0 78 0 100 0 82 0 131 0 168 0 179 0 247 0 391 0 381 0 459 0 503 0 388 0 355 0 260 0 160 0 109 0 
