0 42 99 33 -2 8 24 3

0 24 50 4 -1 4 10 9

0 34 79 52 -4 6 18 0

0 22 66 0 -11 0 7 17

0 46 68 58 -17 1 10 22

0 79 89 67 -13 20 33 16

0 75 99 13 -17 4 13 30

0 30 36 56 -9 4 16 16

0 36 80 95 -14 2 13 3

0 38 98 71 -15 20 42 30

0 87 93 95 -15 4 14 13

0 41 94 18 -18 1 15 20

0 45 84 73 -14 2 22 19

0 65 81 95 -7 7 25 38

0 83 86 62 -11 13 44 5

0 35 60 59 -11 5 25 30

0 46 72 60 -11 2 10 9

0 63 96 63 -2 12 16 2

0 35 83 4 -16 1 2 18

0 37 64 14 -16 0 4 18

0 48 57 38 -16 2 7 21

0 27 56 27 -16 0 9 32

0 69 94 69 -20 10 31 30

0 60 77 23 -17 1 8 33

0 18 69 81 -5 3 15 5

0 70 81 43 -14 1 12 22

0 67 99 95 -12 1 12 13

0 45 89 45 -13 6 31 23

0 26 74 66 -10 1 2 0

0 49 74 61 -8 14 32 8

0 33 94 72 -8 7 19 16

0 42 83 40 -12 1 2 27

0 43 95 12 -12 2 5 40

0 30 47 87 -2 9 11 6

0 66 83 95 -15 12 33 28

0 71 73 60 -8 10 44 17

0 40 94 85 -4 5 10 13

0 93 94 79 -17 6 15 19

0 51 52 60 -11 6 10 22

0 31 67 52 -13 13 27 22

0 45 75 81 -10 2 13 8

0 79 99 80 -19 15 31 33

0 56 67 45 -18 3 24 14

0 57 93 90 -16 4 38 27

0 33 89 31 -18 14 39 24

0 47 69 20 -9 5 17 3

0 30 89 84 -18 30 49 16

0 4 54 64 -1 0 1 2

0 64 78 19 -15 4 20 23

0 48 88 9 -16 1 3 20

0 52 86 28 -7 17 35 21

0 56 69 66 -10 9 25 39

0 30 96 19 -12 1 20 36

0 44 46 22 -12 3 17 30

0 26 43 17 -2 3 4 2

0 30 58 84 -10 13 19 27

0 33 68 22 -11 2 22 31

0 5 79 97 -16 5 6 14

0 10 21 69 -5 12 15 9

0 33 81 33 -13 6 19 24

0 39 96 97 -7 12 33 4

0 4 96 44 -5 0 4 2

0 44 88 2 -17 1 5 31

0 6 76 18 -7 10 27 16

0 26 51 40 -18 6 21 39

0 25 47 68 -18 9 26 13

0 70 74 86 -20 8 19 15

0 5 57 60 -16 3 8 6

0 55 70 15 -5 0 1 11

0 63 99 45 -17 16 49 6

0 64 84 81 -4 9 15 0

0 4 74 35 -2 4 5 17

0 37 92 41 -20 0 29 36

0 52 86 63 -7 3 12 15

0 17 93 84 -2 1 5 16

0 69 91 44 -3 3 41 15

0 35 46 63 -17 3 18 27

0 42 63 82 -18 21 35 30

0 23 59 72 -16 3 7 17

0 29 98 73 -6 9 14 39

0 5 95 59 -16 5 18 19

0 48 88 34 -19 10 11 46

0 19 86 86 -11 0 4 41

0 62 92 24 -4 24 49 48

0 25 50 97 -13 8 21 33

0 22 69 28 -12 1 2 39

0 8 77 30 -9 1 4 10

0 3 60 74 -2 28 45 7

0 40 75 21 -19 12 44 42

0 26 52 16 -6 6 19 23

0 36 75 64 -15 36 49 28

0 15 99 57 -1 14 34 3

0 34 51 70 -10 3 19 43

0 15 59 53 -14 0 7 0

0 0 98 16 -5 20 48 8

0 60 81 37 -4 21 40 14

0 35 61 99 -16 15 24 39

0 26 54 99 -7 20 38 13

0 34 69 60 -16 16 35 46

0 38 40 38 -10 25 35 9


SAlphaB: 771.0, std-dev 266.7113239122597

Earliest win: 35
Latest win: 81

WinDepth:
0 0 0 0 0 0 0 0 0 0 0 0 0 0 0 0 0 0 0 0 0 0 0 0 0 0 0 0 0 0 0 0 0 0 0 2 3 2 4 12 11 20 17 20 39 44 45 121 63 175 171 443 183 331 233 460 381 523 369 480 389 638 640 723 769 936 974 944 991 1001 915 975 809 786 857 731 632 504 485 283 219 169 
SAlphaB:
0 0 0 0 0 0 0 0 0 0 0 0 0 0 0 0 0 0 0 0 0 0 0 0 0 0 0 0 0 0 0 0 0 0 0 2 3 2 4 12 11 20 17 20 39 44 45 121 63 175 171 443 183 331 233 460 381 523 369 480 389 638 640 723 769 936 974 944 991 1001 915 975 809 786 857 731 632 504 485 283 219 169 

LossDepth:
SAlphaB:
0 0 0 0 0 0 0 0 0 0 0 0 0 0 0 0 0 0 0 0 0 0 0 0 0 0 0 0 0 0 0 0 0 0 0 2 3 0 4 12 9 18 4 14 28 31 26 66 39 82 125 170 110 161 161 237 233 316 247 353 252 436 396 577 518 705 678 764 733 814 696 788 656 680 660 640 512 426 382 264 231 158 

FirstWin:
0 0 0 0 0 0 0 0 0 0 0 0 0 0 0 0 0 0 0 0 0 0 0 0 0 0 0 0 0 0 0 0 0 0 0 2 0 2 0 12 0 20 0 20 0 44 0 121 0 175 0 443 0 331 0 460 0 523 0 480 0 638 0 723 0 936 0 944 0 1001 0 975 0 786 0 731 0 504 0 283 0 169 
SAlphaB:
0 0 0 0 0 0 0 0 0 0 0 0 0 0 0 0 0 0 0 0 0 0 0 0 0 0 0 0 0 0 0 0 0 0 0 2 0 2 0 12 0 20 0 20 0 44 0 121 0 175 0 443 0 331 0 460 0 523 0 480 0 638 0 723 0 936 0 944 0 1001 0 975 0 786 0 731 0 504 0 283 0 169 

SecondWin:
0 0 0 0 0 0 0 0 0 0 0 0 0 0 0 0 0 0 0 0 0 0 0 0 0 0 0 0 0 0 0 0 0 0 0 0 3 0 4 0 11 0 17 0 39 0 45 0 63 0 171 0 183 0 233 0 381 0 369 0 389 0 640 0 769 0 974 0 991 0 915 0 809 0 857 0 632 0 485 0 219 0 
SAlphaB:
0 0 0 0 0 0 0 0 0 0 0 0 0 0 0 0 0 0 0 0 0 0 0 0 0 0 0 0 0 0 0 0 0 0 0 0 3 0 4 0 11 0 17 0 39 0 45 0 63 0 171 0 183 0 233 0 381 0 369 0 389 0 640 0 769 0 974 0 991 0 915 0 809 0 857 0 632 0 485 0 219 0 
