0 40 94 85 -4 5 10 13

0 38 40 38 -10 25 35 9

0 46 68 58 -17 1 10 22

0 34 79 52 -4 6 18 0

0 24 50 4 -1 4 10 9

0 3 60 74 -2 28 45 7

0 34 69 60 -16 16 35 46

0 40 75 21 -19 12 44 42

0 15 59 53 -14 0 7 0

0 42 83 40 -12 1 2 27

0 9 88 22 -16 22 44 0

0 48 79 98 -12 4 21 35

0 27 53 57 -8 0 5 31

0 42 67 21 -14 11 17 8

0 22 55 86 -14 2 17 34

0 18 60 61 -17 12 30 23

0 29 47 35 -2 9 21 20

0 48 86 56 -4 16 28 26

0 65 75 6 -15 9 10 0

0 1 68 76 -17 10 32 27

0 20 52 30 -6 8 24 35

0 22 62 64 -4 14 15 18

0 8 80 84 -2 13 36 36

0 2 33 63 -6 9 19 11

0 58 85 70 -17 1 2 32

0 94 99 66 -14 1 2 25

0 56 70 33 -14 6 17 26

0 9 22 13 -5 2 3 22

0 73 90 46 -10 20 32 32

0 18 48 65 -2 26 28 8

0 12 62 17 -6 4 6 34

0 89 94 18 -1 14 26 7

0 49 62 60 -17 11 34 43

0 62 63 0 -11 1 4 22

0 70 79 65 -16 0 1 40

0 44 97 56 -9 41 46 5

0 9 37 16 -3 4 10 34

0 47 63 22 -7 5 9 28

0 3 70 63 -2 5 29 16

0 14 72 93 -1 4 49 21

0 19 71 88 -15 2 29 22

0 11 94 62 -2 7 14 34

0 84 96 25 -19 13 28 49

0 17 18 34 -2 0 4 4

0 9 34 97 -2 9 19 29

0 17 43 97 -7 9 33 25

0 30 50 33 -12 13 23 35

0 2 46 41 -17 25 48 18

0 0 85 18 -5 15 16 2

0 3 99 38 -8 3 22 26

0 37 77 16 -15 18 19 2

0 24 34 84 -1 1 2 34

0 32 73 80 -4 1 4 39

0 9 46 35 -11 10 13 21

0 51 75 4 -15 24 37 20

0 4 14 68 -16 4 6 22

0 29 35 42 -14 6 17 38

0 2 54 30 -1 11 23 11

0 43 56 7 -3 22 23 44

0 18 96 10 -15 3 12 0

0 3 13 68 -1 7 31 15

0 48 89 78 -16 19 31 47

0 35 59 42 -6 9 40 29

0 1 11 10 -2 18 37 0

0 46 50 6 -9 10 39 41

0 8 48 0 -5 12 24 34

0 25 73 42 -11 22 26 39

0 21 22 72 -10 8 30 36

0 9 17 49 -9 9 13 14

0 0 1 42 -9 11 23 32

0 32 46 65 -15 15 20 23

0 0 69 42 -16 2 31 1

0 0 2 73 -12 2 21 7

0 5 8 80 -18 6 37 19

0 3 31 98 -9 14 20 31

0 66 81 26 -4 28 42 12

0 1 14 37 -19 20 38 15

0 0 7 13 -18 7 18 18

0 16 43 8 -9 1 46 36

0 2 27 61 -18 4 15 14

0 0 1 62 -20 1 26 11

0 12 18 13 -5 6 8 36

0 8 40 67 -20 8 18 48

0 5 17 33 -2 6 35 1

0 7 32 97 -20 15 19 27

0 2 46 66 -5 5 24 21

0 5 45 15 -20 21 33 6

0 0 26 68 -17 31 44 37

0 1 12 50 -19 22 42 23

0 11 18 58 -12 42 49 4

0 1 3 86 -17 5 8 43

0 0 1 54 -11 3 25 16

0 6 21 37 -7 10 14 39

0 2 36 36 -18 37 45 26

0 1 25 4 -9 10 25 32

0 5 8 83 -5 23 35 43

0 9 54 83 -12 3 25 47

0 2 9 11 -16 25 40 26

0 0 5 7 -14 16 41 35

0 5 6 73 -11 12 14 44


SAlphaB: 708.0, std-dev 266.98769029241174

Earliest win: 37
Latest win: 81

WinDepth:
0 0 0 0 0 0 0 0 0 0 0 0 0 0 0 0 0 0 0 0 0 0 0 0 0 0 0 0 0 0 0 0 0 0 0 0 0 9 1 5 2 5 2 12 2 16 12 28 33 54 45 303 44 108 88 195 109 180 135 172 170 255 257 340 299 371 406 423 391 411 464 430 381 414 368 389 282 248 181 109 101 63 
SAlphaB:
0 0 0 0 0 0 0 0 0 0 0 0 0 0 0 0 0 0 0 0 0 0 0 0 0 0 0 0 0 0 0 0 0 0 0 0 0 9 1 5 2 5 2 12 2 16 12 28 33 54 45 303 44 108 88 195 109 180 135 172 170 255 257 340 299 371 406 423 391 411 464 430 381 414 368 389 282 248 181 109 101 63 

LossDepth:
SAlphaB:
0 0 0 0 0 0 0 0 0 0 0 0 0 0 0 0 0 0 0 0 0 0 0 0 0 0 0 0 0 0 0 0 0 0 0 0 0 9 1 5 2 5 2 12 2 16 12 28 33 54 45 303 44 108 88 195 109 180 135 172 170 255 257 340 299 371 406 423 391 411 464 430 381 414 368 389 282 248 181 109 101 63 

FirstWin:
0 0 0 0 0 0 0 0 0 0 0 0 0 0 0 0 0 0 0 0 0 0 0 0 0 0 0 0 0 0 0 0 0 0 0 0 0 9 0 5 0 5 0 12 0 16 0 28 0 54 0 303 0 108 0 195 0 180 0 172 0 255 0 340 0 371 0 423 0 411 0 430 0 414 0 389 0 248 0 109 0 63 
SAlphaB:
0 0 0 0 0 0 0 0 0 0 0 0 0 0 0 0 0 0 0 0 0 0 0 0 0 0 0 0 0 0 0 0 0 0 0 0 0 9 0 5 0 5 0 12 0 16 0 28 0 54 0 303 0 108 0 195 0 180 0 172 0 255 0 340 0 371 0 423 0 411 0 430 0 414 0 389 0 248 0 109 0 63 

SecondWin:
0 0 0 0 0 0 0 0 0 0 0 0 0 0 0 0 0 0 0 0 0 0 0 0 0 0 0 0 0 0 0 0 0 0 0 0 0 0 1 0 2 0 2 0 2 0 12 0 33 0 45 0 44 0 88 0 109 0 135 0 170 0 257 0 299 0 406 0 391 0 464 0 381 0 368 0 282 0 181 0 101 0 
SAlphaB:
0 0 0 0 0 0 0 0 0 0 0 0 0 0 0 0 0 0 0 0 0 0 0 0 0 0 0 0 0 0 0 0 0 0 0 0 0 0 1 0 2 0 2 0 2 0 12 0 33 0 45 0 44 0 88 0 109 0 135 0 170 0 257 0 299 0 406 0 391 0 464 0 381 0 368 0 282 0 181 0 101 0 
