0 5 57 60 -16 3 8 6

0 30 36 56 -9 4 16 16

0 45 75 81 -10 2 13 8

0 42 99 33 -2 8 24 3

0 33 81 33 -13 6 19 24

0 87 93 95 -15 4 14 13

0 0 98 16 -5 20 48 8

0 22 69 28 -12 1 2 39

0 35 60 59 -11 5 25 30

0 6 76 18 -7 10 27 16

0 16 76 84 -12 21 29 15

0 41 82 45 -6 7 16 48

0 82 93 65 -5 7 14 42

0 40 99 95 -9 8 16 20

0 65 74 82 -13 3 26 43

0 14 94 83 -17 4 5 41

0 29 84 50 -10 14 17 36

0 72 82 99 -16 15 24 35

0 42 73 59 -9 14 19 3

0 34 75 53 -19 1 5 39

0 38 49 33 -4 4 8 20

0 84 88 95 -19 8 26 47

0 13 28 51 -7 8 19 0

0 46 83 13 -14 11 21 16

0 63 66 61 -19 10 20 25

0 18 93 1 -4 5 7 13

0 36 91 79 -9 21 36 9

0 38 43 73 -14 26 29 30

0 0 96 13 -7 5 8 11

0 49 60 65 -10 5 9 25

0 26 71 20 -8 7 10 49

0 49 80 10 -11 15 16 7

0 28 42 79 -1 4 5 30

0 36 67 72 -16 28 31 26

0 60 82 24 -20 14 18 43

0 16 55 49 -7 5 7 4

0 11 55 5 -7 1 4 35

0 10 74 25 -2 9 31 35

0 74 96 10 -2 15 21 35

0 20 71 93 -1 1 2 16

0 11 17 41 -19 1 4 14

0 18 57 66 -11 7 23 24

0 56 58 80 -15 13 31 30

0 22 54 45 -6 4 41 26

0 29 40 15 -17 7 14 14

0 86 95 24 -17 26 40 31

0 6 48 86 -15 28 46 46

0 92 93 15 -10 0 44 37

0 32 82 41 -20 21 24 20

0 2 42 51 -15 3 5 40

0 6 26 77 -17 3 4 16

0 9 45 64 -11 5 19 24

0 1 65 1 -13 0 32 14

0 47 48 98 -14 3 5 34

0 15 41 31 -3 9 34 7

0 36 41 32 -4 20 38 13

0 12 14 11 -6 3 11 19

0 1 54 91 -10 11 15 11

0 21 38 98 -7 4 5 5

0 35 47 86 -8 1 31 22

0 46 57 17 -19 12 19 15

0 1 23 19 -20 5 9 13

0 34 53 14 -14 41 47 35

0 4 56 44 -18 2 18 17

0 16 77 37 -14 11 39 47

0 15 42 65 -5 14 16 41

0 8 25 51 -15 6 16 42

0 30 46 51 -4 2 28 34

0 32 62 78 -12 2 36 25

0 5 40 94 -16 1 14 10

0 13 25 32 -7 41 42 8

0 33 43 20 -16 17 39 46

0 69 71 33 -1 36 37 48

0 36 49 46 -7 10 41 6

0 63 68 88 -4 0 2 29

0 9 36 43 -12 20 38 27

0 22 38 87 -17 9 23 5

0 7 91 10 -6 24 39 18

0 25 35 77 -16 7 18 39

0 8 37 65 -19 37 39 45

0 4 44 39 -8 4 19 40

0 5 45 18 -14 2 21 45

0 3 15 29 -18 16 38 31

0 1 15 54 -14 16 48 30

0 4 5 31 -20 7 11 44

0 1 15 26 -10 30 35 24

0 5 7 90 -6 16 36 5

0 5 8 16 -14 5 8 36

0 3 4 65 -14 11 12 39

0 1 5 75 -16 3 4 35

0 7 8 25 -6 11 16 31

0 6 7 74 -16 22 38 6

0 3 9 3 -4 29 39 43

0 2 4 51 -8 22 29 4

0 8 9 24 -1 6 45 47

0 0 9 9 -15 43 46 8

0 2 3 26 -17 6 45 43

0 1 28 28 -20 36 45 1

0 2 16 61 -7 4 33 5

0 1 5 62 -20 6 45 1


SAlphaB: 708.0, std-dev 267.1536931385673

Earliest win: 39
Latest win: 81

WinDepth:
0 0 0 0 0 0 0 0 0 0 0 0 0 0 0 0 0 0 0 0 0 0 0 0 0 0 0 0 0 0 0 0 0 0 0 0 0 0 0 4 1 4 3 9 13 12 16 28 29 63 44 229 50 110 79 193 118 186 196 158 212 196 238 367 354 412 357 411 404 425 389 468 429 397 385 371 264 261 163 152 106 75 
SAlphaB:
0 0 0 0 0 0 0 0 0 0 0 0 0 0 0 0 0 0 0 0 0 0 0 0 0 0 0 0 0 0 0 0 0 0 0 0 0 0 0 4 1 4 3 9 13 12 16 28 29 63 44 229 50 110 79 193 118 186 196 158 212 196 238 367 354 412 357 411 404 425 389 468 429 397 385 371 264 261 163 152 106 75 

LossDepth:
SAlphaB:
0 0 0 0 0 0 0 0 0 0 0 0 0 0 0 0 0 0 0 0 0 0 0 0 0 0 0 0 0 0 0 0 0 0 0 0 0 0 0 4 1 4 3 9 13 12 16 28 29 63 44 229 50 110 79 193 118 186 196 158 212 196 238 367 354 412 357 411 404 425 389 468 429 397 385 371 264 261 163 152 106 75 

FirstWin:
0 0 0 0 0 0 0 0 0 0 0 0 0 0 0 0 0 0 0 0 0 0 0 0 0 0 0 0 0 0 0 0 0 0 0 0 0 0 0 4 0 4 0 9 0 12 0 28 0 63 0 229 0 110 0 193 0 186 0 158 0 196 0 367 0 412 0 411 0 425 0 468 0 397 0 371 0 261 0 152 0 75 
SAlphaB:
0 0 0 0 0 0 0 0 0 0 0 0 0 0 0 0 0 0 0 0 0 0 0 0 0 0 0 0 0 0 0 0 0 0 0 0 0 0 0 4 0 4 0 9 0 12 0 28 0 63 0 229 0 110 0 193 0 186 0 158 0 196 0 367 0 412 0 411 0 425 0 468 0 397 0 371 0 261 0 152 0 75 

SecondWin:
0 0 0 0 0 0 0 0 0 0 0 0 0 0 0 0 0 0 0 0 0 0 0 0 0 0 0 0 0 0 0 0 0 0 0 0 0 0 0 0 1 0 3 0 13 0 16 0 29 0 44 0 50 0 79 0 118 0 196 0 212 0 238 0 354 0 357 0 404 0 389 0 429 0 385 0 264 0 163 0 106 0 
SAlphaB:
0 0 0 0 0 0 0 0 0 0 0 0 0 0 0 0 0 0 0 0 0 0 0 0 0 0 0 0 0 0 0 0 0 0 0 0 0 0 0 0 1 0 3 0 13 0 16 0 29 0 44 0 50 0 79 0 118 0 196 0 212 0 238 0 354 0 357 0 404 0 389 0 429 0 385 0 264 0 163 0 106 0 
