0 31 67 52 -13 13 27 22

0 25 47 68 -18 9 26 13

0 26 52 16 -6 6 19 23

0 56 69 66 -10 9 25 39

0 18 69 81 -5 3 15 5

0 83 86 62 -11 13 44 5

0 60 77 23 -17 1 8 33

0 52 86 63 -7 3 12 15

0 26 74 66 -10 1 2 0

0 39 96 97 -7 12 33 4

0 55 98 52 -14 0 1 23

0 44 68 41 -4 7 39 9

0 52 74 84 -15 2 6 20

0 37 92 60 -16 1 23 6

0 2 79 45 -17 6 7 11

0 22 31 47 -1 3 9 10

0 50 84 34 -16 7 16 0

0 20 95 74 -11 10 30 19

0 85 89 22 -20 9 11 32

0 11 85 97 -6 3 6 11

0 23 24 54 -13 11 14 10

0 39 76 79 -19 10 16 36

0 12 47 99 -5 16 28 30

0 45 78 26 -5 6 12 45

0 0 75 61 -17 29 32 27

0 17 54 94 -2 15 48 33

0 25 74 41 -6 28 42 39

0 13 73 19 -4 14 33 2

0 13 81 12 -14 14 34 20

0 23 45 45 -16 23 31 22

0 19 44 10 -13 24 37 22

0 32 97 38 -18 18 26 46

0 28 31 90 -18 11 14 24

0 13 47 27 -5 10 11 28

0 44 47 60 -17 1 2 24

0 47 56 88 -19 13 19 0

0 69 95 47 -10 7 13 26

0 7 75 42 -14 3 28 33

0 0 28 65 -8 6 12 12

0 19 26 99 -9 34 37 6

0 46 60 17 -13 5 47 6

0 2 11 33 -16 2 4 10

0 7 51 38 -9 37 41 29

0 23 49 82 -11 0 2 37

0 17 19 58 -9 8 15 38

0 0 37 82 -10 9 26 17

0 94 96 19 -12 15 18 44

0 4 98 35 -16 8 25 43

0 9 31 11 -4 0 9 47

0 6 11 15 -4 0 1 26

0 10 37 63 -6 8 30 44

0 5 16 25 -15 36 48 12

0 69 85 37 -11 46 47 26

0 15 29 41 -19 15 43 40

0 4 64 26 -18 2 47 12

0 14 15 47 -10 10 17 25

0 1 4 24 -14 14 28 14

0 10 25 69 -17 27 39 2

0 2 26 50 -8 16 25 11

0 8 29 7 -18 40 45 46

0 4 27 1 -20 4 10 31

0 22 68 10 -12 23 27 45

0 19 47 21 -15 11 43 13

0 0 45 56 -17 28 36 39

0 1 10 91 -5 11 29 16

0 59 67 39 -19 29 36 20

0 16 22 71 -9 17 19 32

0 14 35 0 -5 15 36 26

0 3 40 54 -3 19 44 37

0 6 16 55 -18 11 12 29

0 40 42 14 -1 0 7 38

0 11 27 9 -14 35 46 22

0 5 7 32 -7 36 42 11

0 11 47 77 -18 7 25 44

0 7 31 20 -8 12 13 34

0 0 1 90 -7 1 3 27

0 5 18 72 -16 8 42 33

0 19 30 60 -11 19 32 30

0 11 43 22 -10 2 9 44

0 7 55 25 -20 17 27 47

0 14 17 47 -14 27 31 37

0 15 26 31 -4 35 49 39

0 3 73 29 -10 0 11 41

0 2 4 5 -18 0 6 15

0 17 21 50 -17 35 44 24

0 12 14 21 -19 43 45 41

0 9 24 77 -9 3 12 35

0 12 17 37 -8 1 33 37

0 0 9 5 -6 6 22 43

0 6 20 42 -1 20 22 32

0 1 2 28 -10 19 28 6

0 2 9 52 -3 34 39 45

0 15 16 47 -16 26 31 44

0 6 9 65 -12 17 20 45

0 4 25 64 -2 3 19 32

0 1 4 60 -20 7 48 21

0 13 22 98 -7 1 36 48

0 0 6 4 -8 11 13 35

0 0 3 66 -12 1 15 46

0 0 3 4 -2 8 36 27


SAlphaB: 702.0, std-dev 248.3548656518114

Earliest win: 39
Latest win: 81

WinDepth:
0 0 0 0 0 0 0 0 0 0 0 0 0 0 0 0 0 0 0 0 0 0 0 0 0 0 0 0 0 0 0 0 0 0 0 0 0 0 0 2 1 1 1 5 11 22 11 28 16 75 56 186 71 120 72 200 122 175 133 180 115 239 244 330 357 360 456 355 480 383 467 407 442 406 411 340 300 279 199 118 84 106 
SAlphaB:
0 0 0 0 0 0 0 0 0 0 0 0 0 0 0 0 0 0 0 0 0 0 0 0 0 0 0 0 0 0 0 0 0 0 0 0 0 0 0 2 1 1 1 5 11 22 11 28 16 75 56 186 71 120 72 200 122 175 133 180 115 239 244 330 357 360 456 355 480 383 467 407 442 406 411 340 300 279 199 118 84 106 

LossDepth:
SAlphaB:
0 0 0 0 0 0 0 0 0 0 0 0 0 0 0 0 0 0 0 0 0 0 0 0 0 0 0 0 0 0 0 0 0 0 0 0 0 0 0 2 1 1 1 5 11 22 11 28 16 75 56 186 71 120 72 200 122 175 133 180 115 239 244 330 357 360 456 355 480 383 467 407 442 406 411 340 300 279 199 118 84 106 

FirstWin:
0 0 0 0 0 0 0 0 0 0 0 0 0 0 0 0 0 0 0 0 0 0 0 0 0 0 0 0 0 0 0 0 0 0 0 0 0 0 0 2 0 1 0 5 0 22 0 28 0 75 0 186 0 120 0 200 0 175 0 180 0 239 0 330 0 360 0 355 0 383 0 407 0 406 0 340 0 279 0 118 0 106 
SAlphaB:
0 0 0 0 0 0 0 0 0 0 0 0 0 0 0 0 0 0 0 0 0 0 0 0 0 0 0 0 0 0 0 0 0 0 0 0 0 0 0 2 0 1 0 5 0 22 0 28 0 75 0 186 0 120 0 200 0 175 0 180 0 239 0 330 0 360 0 355 0 383 0 407 0 406 0 340 0 279 0 118 0 106 

SecondWin:
0 0 0 0 0 0 0 0 0 0 0 0 0 0 0 0 0 0 0 0 0 0 0 0 0 0 0 0 0 0 0 0 0 0 0 0 0 0 0 0 1 0 1 0 11 0 11 0 16 0 56 0 71 0 72 0 122 0 133 0 115 0 244 0 357 0 456 0 480 0 467 0 442 0 411 0 300 0 199 0 84 0 
SAlphaB:
0 0 0 0 0 0 0 0 0 0 0 0 0 0 0 0 0 0 0 0 0 0 0 0 0 0 0 0 0 0 0 0 0 0 0 0 0 0 0 0 1 0 1 0 11 0 11 0 16 0 56 0 71 0 72 0 122 0 133 0 115 0 244 0 357 0 456 0 480 0 467 0 442 0 411 0 300 0 199 0 84 0 
