0 4 54 64 -1 0 1 2

0 45 84 73 -14 2 22 19

0 45 89 45 -13 6 31 23

0 5 95 59 -16 5 18 19

0 49 74 61 -8 14 32 8

0 26 51 40 -18 6 21 39

0 57 93 90 -16 4 38 27

0 29 98 73 -6 9 14 39

0 79 99 80 -19 15 31 33

0 48 88 9 -16 1 3 20

0 27 49 25 -17 1 17 32

0 38 56 74 -12 14 42 10

0 8 87 65 -18 10 25 6

0 17 47 14 -19 0 9 31

0 70 84 4 -8 5 25 42

0 29 44 69 -13 18 43 14

0 54 70 59 -9 0 1 4

0 44 46 50 -19 2 16 32

0 5 18 12 -12 9 28 27

0 44 86 32 -8 6 32 3

0 27 79 86 -5 10 34 3

0 77 97 82 -9 1 4 8

0 55 92 92 -3 11 14 31

0 36 40 80 -6 4 22 6

0 37 68 68 -20 2 22 1

0 47 55 95 -20 12 31 15

0 28 87 52 -10 2 46 24

0 5 69 74 -11 7 20 38

0 40 55 86 -3 25 30 46

0 53 96 11 -13 0 7 41

0 86 92 57 -2 2 5 11

0 5 46 96 -15 4 6 18

0 21 39 61 -9 33 39 25

0 2 29 98 -3 10 17 17

0 34 81 72 -6 24 28 21

0 50 95 77 -2 23 40 47

0 45 54 70 -19 11 15 7

0 33 41 53 -14 9 21 44

0 51 55 75 -12 15 28 38

0 31 96 81 -10 24 27 26

0 54 65 94 -12 0 5 34

0 54 87 9 -15 20 42 8

0 19 32 70 -14 0 18 3

0 14 69 82 -2 2 12 27

0 19 54 31 -18 33 40 40

0 15 37 88 -18 35 40 39

0 10 47 35 -19 1 24 34

0 27 34 94 -11 27 36 24

0 15 98 33 -11 34 49 11

0 7 45 70 -19 4 15 24

0 0 53 38 -15 27 28 16

0 23 51 54 -11 16 17 34

0 2 5 58 -15 0 1 20

0 8 11 15 -19 2 3 8

0 15 28 7 -11 13 41 37

0 68 76 80 -1 1 17 38

0 33 36 68 -1 27 46 18

0 5 73 65 -8 33 37 11

0 24 28 34 -8 14 24 21

0 19 55 93 -14 11 43 40

0 25 62 67 -14 5 8 46

0 42 44 0 -16 27 34 35

0 13 15 18 -6 5 13 21

0 9 21 94 -16 12 17 42

0 6 35 85 -15 21 48 44

0 33 42 94 -14 13 24 49

0 44 64 9 -18 35 48 1

0 41 48 40 -17 4 17 49

0 34 35 20 -16 16 49 33

0 27 89 19 -3 32 46 8

0 15 29 98 -4 33 35 8

0 12 16 99 -10 1 3 18

0 55 78 29 -12 7 49 23

0 17 31 8 -10 1 17 35

0 18 19 26 -19 14 44 41

0 12 31 32 -20 16 33 2

0 3 39 54 -13 11 12 44

0 4 72 59 -17 21 22 11

0 8 16 72 -14 16 42 30

0 6 77 35 -7 25 37 36

0 47 79 57 -14 26 45 14

0 6 67 5 -10 0 5 44

0 9 26 49 -7 28 30 10

0 7 18 37 -5 6 26 29

0 0 18 41 -6 1 2 21

0 4 31 57 -18 26 38 46

0 19 58 90 -14 3 17 49

0 1 5 69 -9 14 23 5

0 8 22 20 -13 21 31 5

0 5 41 2 -4 0 10 43

0 7 15 30 -9 5 13 36

0 1 2 14 -16 10 19 49

0 0 5 21 -5 4 13 37

0 3 9 66 -16 8 14 2

0 3 8 42 -2 0 14 32

0 0 14 49 -4 38 39 9

0 0 7 73 -2 8 18 32

0 44 55 59 -18 26 29 0

0 0 9 4 -7 14 22 40

0 7 15 97 -11 5 27 48


SAlphaB: 710.0, std-dev 264.67909805931964

Earliest win: 40
Latest win: 81

WinDepth:
0 0 0 0 0 0 0 0 0 0 0 0 0 0 0 0 0 0 0 0 0 0 0 0 0 0 0 0 0 0 0 0 0 0 0 0 0 0 0 0 2 7 0 37 5 14 28 46 19 67 85 199 95 162 53 179 112 190 131 187 148 275 260 300 303 362 421 375 450 382 430 476 413 388 404 356 240 241 200 121 97 82 
SAlphaB:
0 0 0 0 0 0 0 0 0 0 0 0 0 0 0 0 0 0 0 0 0 0 0 0 0 0 0 0 0 0 0 0 0 0 0 0 0 0 0 0 2 7 0 37 5 14 28 46 19 67 85 199 95 162 53 179 112 190 131 187 148 275 260 300 303 362 421 375 450 382 430 476 413 388 404 356 240 241 200 121 97 82 

LossDepth:
SAlphaB:
0 0 0 0 0 0 0 0 0 0 0 0 0 0 0 0 0 0 0 0 0 0 0 0 0 0 0 0 0 0 0 0 0 0 0 0 0 0 0 0 2 7 0 37 5 14 28 46 19 67 85 199 95 162 53 179 112 190 131 187 148 275 260 300 303 362 421 375 450 382 430 476 413 388 404 356 240 241 200 121 97 82 

FirstWin:
0 0 0 0 0 0 0 0 0 0 0 0 0 0 0 0 0 0 0 0 0 0 0 0 0 0 0 0 0 0 0 0 0 0 0 0 0 0 0 0 0 7 0 37 0 14 0 46 0 67 0 199 0 162 0 179 0 190 0 187 0 275 0 300 0 362 0 375 0 382 0 476 0 388 0 356 0 241 0 121 0 82 
SAlphaB:
0 0 0 0 0 0 0 0 0 0 0 0 0 0 0 0 0 0 0 0 0 0 0 0 0 0 0 0 0 0 0 0 0 0 0 0 0 0 0 0 0 7 0 37 0 14 0 46 0 67 0 199 0 162 0 179 0 190 0 187 0 275 0 300 0 362 0 375 0 382 0 476 0 388 0 356 0 241 0 121 0 82 

SecondWin:
0 0 0 0 0 0 0 0 0 0 0 0 0 0 0 0 0 0 0 0 0 0 0 0 0 0 0 0 0 0 0 0 0 0 0 0 0 0 0 0 2 0 0 0 5 0 28 0 19 0 85 0 95 0 53 0 112 0 131 0 148 0 260 0 303 0 421 0 450 0 430 0 413 0 404 0 240 0 200 0 97 0 
SAlphaB:
0 0 0 0 0 0 0 0 0 0 0 0 0 0 0 0 0 0 0 0 0 0 0 0 0 0 0 0 0 0 0 0 0 0 0 0 0 0 0 0 2 0 0 0 5 0 28 0 19 0 85 0 95 0 53 0 112 0 131 0 148 0 260 0 303 0 421 0 450 0 430 0 413 0 404 0 240 0 200 0 97 0 
