0 47 69 20 -9 5 17 3

0 23 59 72 -16 3 7 17

0 4 96 44 -5 0 4 2

0 35 83 4 -16 1 2 18

0 30 96 19 -12 1 20 36

0 19 86 86 -11 0 4 41

0 63 99 45 -17 16 49 6

0 66 83 95 -15 12 33 28

0 5 79 97 -16 5 6 14

0 26 43 17 -2 3 4 2

0 36 92 99 -4 6 38 35

0 4 67 22 -2 23 42 11

0 33 68 11 -11 4 26 30

0 60 72 43 -11 22 23 28

0 25 30 87 -2 4 26 0

0 46 82 52 -1 12 36 39

0 13 68 26 -18 7 9 4

0 50 82 27 -8 1 20 36

0 26 54 34 -5 12 17 9

0 10 68 51 -20 19 26 7

0 7 84 48 -20 24 34 3

0 77 91 39 -2 11 16 1

0 29 84 74 -12 4 18 29

0 79 83 10 -8 7 37 0

0 25 50 99 -2 12 43 10

0 56 79 80 -4 3 8 32

0 41 57 23 -15 0 1 19

0 14 35 76 -16 2 9 6

0 31 38 90 -14 0 4 37

0 5 7 55 -5 17 37 14

0 68 70 34 -14 2 17 9

0 22 75 1 -18 3 7 31

0 23 75 95 -8 26 35 30

0 87 96 20 -7 11 18 25

0 21 27 55 -14 9 14 9

0 26 69 2 -20 6 12 41

0 26 30 38 -17 6 15 29

0 63 87 97 -13 14 19 39

0 39 67 86 -18 37 46 16

0 10 44 90 -10 11 32 0

0 21 46 65 -13 9 22 17

0 45 80 22 -1 3 4 45

0 40 42 48 -11 15 19 26

0 4 49 72 -1 2 10 10

0 95 96 19 -1 17 19 19

0 35 53 30 -7 36 47 23

0 36 38 76 -20 4 40 40

0 10 22 98 -14 1 4 14

0 1 79 56 -17 0 38 16

0 36 65 57 -5 16 41 46

0 28 33 72 -20 10 31 32

0 21 98 8 -18 15 32 21

0 40 91 39 -3 28 43 43

0 0 16 46 -15 23 42 13

0 44 47 93 -4 4 15 26

0 47 95 72 -19 23 25 30

0 29 33 1 -2 27 28 19

0 3 36 34 -7 16 46 22

0 25 30 44 -17 7 42 34

0 12 88 10 -15 24 25 48

0 13 24 59 -4 11 13 5

0 22 29 0 -3 18 36 34

0 7 51 84 -3 1 26 3

0 31 33 41 -2 8 22 37

0 0 19 75 -17 11 26 15

0 8 24 77 -5 12 29 36

0 63 66 86 -1 0 1 24

0 7 27 30 -14 4 27 4

0 25 33 48 -16 16 30 6

0 9 38 62 -10 20 28 30

0 11 75 12 -20 1 32 17

0 42 46 54 -2 28 32 15

0 28 31 32 -2 28 31 40

0 32 37 1 -15 13 29 8

0 2 4 30 -8 14 22 20

0 1 23 25 -17 11 42 4

0 1 3 91 -14 16 30 20

0 8 23 7 -19 2 43 7

0 36 49 82 -10 13 24 49

0 50 69 15 -6 0 1 34

0 34 58 23 -2 36 37 27

0 21 26 65 -10 12 23 8

0 2 35 71 -11 17 31 32

0 21 30 35 -20 19 23 14

0 27 72 70 -15 17 29 44

0 0 2 83 -17 11 18 6

0 0 1 41 -19 26 38 47

0 34 35 46 -8 16 20 46

0 9 18 63 -20 4 7 39

0 21 49 23 -16 0 43 49

0 0 30 44 -3 22 23 43

0 0 6 93 -5 13 34 15

0 1 3 18 -9 0 1 20

0 0 1 8 -1 22 38 25

0 3 16 99 -2 43 49 27

0 0 22 25 -3 8 11 49

0 3 23 20 -17 38 46 4

0 4 16 21 -15 28 41 5

0 1 2 0 -15 4 9 42

0 1 7 12 -7 13 16 42


SAlphaB: 709.0, std-dev 265.7645787405299

Earliest win: 37
Latest win: 81

WinDepth:
0 0 0 0 0 0 0 0 0 0 0 0 0 0 0 0 0 0 0 0 0 0 0 0 0 0 0 0 0 0 0 0 0 0 0 0 0 7 0 4 13 7 2 17 20 3 18 46 12 47 66 211 53 171 84 192 99 172 189 176 163 225 221 290 303 349 367 440 467 421 453 434 430 426 393 337 294 251 199 154 110 70 
SAlphaB:
0 0 0 0 0 0 0 0 0 0 0 0 0 0 0 0 0 0 0 0 0 0 0 0 0 0 0 0 0 0 0 0 0 0 0 0 0 7 0 4 13 7 2 17 20 3 18 46 12 47 66 211 53 171 84 192 99 172 189 176 163 225 221 290 303 349 367 440 467 421 453 434 430 426 393 337 294 251 199 154 110 70 

LossDepth:
SAlphaB:
0 0 0 0 0 0 0 0 0 0 0 0 0 0 0 0 0 0 0 0 0 0 0 0 0 0 0 0 0 0 0 0 0 0 0 0 0 7 0 4 13 7 2 17 20 3 18 46 12 47 66 211 53 171 84 192 99 172 189 176 163 225 221 290 303 349 367 440 467 421 453 434 430 426 393 337 294 251 199 154 110 70 

FirstWin:
0 0 0 0 0 0 0 0 0 0 0 0 0 0 0 0 0 0 0 0 0 0 0 0 0 0 0 0 0 0 0 0 0 0 0 0 0 7 0 4 0 7 0 17 0 3 0 46 0 47 0 211 0 171 0 192 0 172 0 176 0 225 0 290 0 349 0 440 0 421 0 434 0 426 0 337 0 251 0 154 0 70 
SAlphaB:
0 0 0 0 0 0 0 0 0 0 0 0 0 0 0 0 0 0 0 0 0 0 0 0 0 0 0 0 0 0 0 0 0 0 0 0 0 7 0 4 0 7 0 17 0 3 0 46 0 47 0 211 0 171 0 192 0 172 0 176 0 225 0 290 0 349 0 440 0 421 0 434 0 426 0 337 0 251 0 154 0 70 

SecondWin:
0 0 0 0 0 0 0 0 0 0 0 0 0 0 0 0 0 0 0 0 0 0 0 0 0 0 0 0 0 0 0 0 0 0 0 0 0 0 0 0 13 0 2 0 20 0 18 0 12 0 66 0 53 0 84 0 99 0 189 0 163 0 221 0 303 0 367 0 467 0 453 0 430 0 393 0 294 0 199 0 110 0 
SAlphaB:
0 0 0 0 0 0 0 0 0 0 0 0 0 0 0 0 0 0 0 0 0 0 0 0 0 0 0 0 0 0 0 0 0 0 0 0 0 0 0 0 13 0 2 0 20 0 18 0 12 0 66 0 53 0 84 0 99 0 189 0 163 0 221 0 303 0 367 0 467 0 453 0 430 0 393 0 294 0 199 0 110 0 
