0 63 96 63 -2 12 16 2

0 62 92 24 -4 24 49 48

0 55 70 15 -5 0 1 11

0 43 95 12 -12 2 5 40

0 26 54 99 -7 20 38 13

0 79 89 67 -13 20 33 16

0 69 94 69 -20 10 31 30

0 25 50 97 -13 8 21 33

0 35 61 99 -16 15 24 39

0 48 57 38 -16 2 7 21

0 50 75 23 -15 6 19 43

0 63 75 90 -19 2 39 40

0 38 57 94 -10 6 18 42

0 47 83 53 -20 8 15 10

0 28 38 95 -4 0 15 17

0 21 63 47 -8 34 35 11

0 36 88 80 -18 8 12 41

0 61 91 78 -7 2 7 36

0 19 52 33 -19 35 37 34

0 11 65 68 -9 21 37 34

0 2 90 98 -16 22 29 19

0 45 81 36 -2 3 49 48

0 81 86 11 -2 36 47 12

0 22 24 94 -18 1 4 1

0 63 79 26 -15 24 36 26

0 47 84 24 -17 0 1 45

0 53 58 68 -9 0 1 33

0 29 71 25 -9 36 38 22

0 13 22 63 -1 1 10 4

0 19 40 68 -9 1 14 29

0 15 24 4 -18 18 21 17

0 22 35 8 -5 28 43 14

0 50 54 80 -16 16 30 46

0 38 92 4 -12 13 17 25

0 12 86 37 -3 10 11 17

0 49 59 10 -7 4 8 18

0 39 83 13 -10 13 22 8

0 3 6 35 -7 2 3 10

0 19 20 55 -19 3 10 24

0 50 72 18 -14 19 31 36

0 5 22 31 -13 1 8 5

0 23 35 73 -1 21 27 9

0 7 14 94 -19 10 13 13

0 1 40 30 -18 8 27 25

0 13 74 59 -20 3 21 48

0 20 25 68 -16 6 15 35

0 21 24 39 -15 20 28 16

0 7 74 76 -18 1 29 31

0 23 68 81 -17 15 17 36

0 68 76 20 -4 23 42 8

0 8 75 7 -19 22 35 4

0 17 62 23 -9 14 15 40

0 0 7 7 -13 26 32 23

0 7 40 4 -16 14 20 28

0 40 85 16 -14 11 13 12

0 3 45 85 -9 42 48 29

0 22 69 15 -3 17 36 40

0 86 92 82 -3 8 12 16

0 3 5 99 -1 1 2 0

0 0 7 98 -3 11 30 0

0 3 29 81 -18 26 28 35

0 5 29 55 -9 6 36 4

0 4 86 83 -15 1 37 23

0 4 70 57 -15 0 3 43

0 3 18 24 -7 25 35 21

0 8 30 93 -11 2 25 32

0 1 15 97 -16 0 15 12

0 23 91 33 -20 11 16 22

0 13 31 70 -13 8 29 2

0 22 42 3 -16 3 26 8

0 2 46 75 -12 25 35 32

0 2 8 62 -10 5 37 43

0 6 34 42 -15 19 28 42

0 4 15 35 -20 3 49 14

0 1 2 75 -2 8 10 2

0 12 18 44 -19 3 30 10

0 11 14 13 -14 9 10 23

0 1 10 63 -7 44 48 11

0 10 39 80 -3 29 32 48

0 0 8 38 -17 5 10 21

0 13 17 53 -14 4 36 8

0 12 26 91 -16 18 31 2

0 1 20 52 -15 9 25 7

0 18 85 23 -3 11 29 8

0 19 43 13 -18 9 37 8

0 7 19 22 -20 18 33 22

0 0 1 90 -9 0 2 29

0 16 99 5 -5 18 30 2

0 3 44 62 -15 1 25 37

0 0 11 79 -1 1 8 48

0 5 59 8 -6 6 8 32

0 13 14 90 -19 24 35 38

0 13 20 64 -8 30 44 41

0 1 2 13 -19 1 41 24

0 2 4 14 -19 4 9 3

0 7 8 4 -11 9 15 25

0 5 12 51 -14 3 18 37

0 4 5 39 -11 3 8 33

0 2 5 50 -11 11 36 0

0 8 14 33 -8 5 45 34


SAlphaB: 706.0, std-dev 264.0378772185169

Earliest win: 38
Latest win: 81

WinDepth:
0 0 0 0 0 0 0 0 0 0 0 0 0 0 0 0 0 0 0 0 0 0 0 0 0 0 0 0 0 0 0 0 0 0 0 0 0 0 1 2 0 5 3 7 4 29 3 35 6 81 67 178 86 123 79 180 104 187 132 155 157 207 244 272 389 328 425 372 501 406 467 447 473 403 399 321 275 222 189 151 96 94 
SAlphaB:
0 0 0 0 0 0 0 0 0 0 0 0 0 0 0 0 0 0 0 0 0 0 0 0 0 0 0 0 0 0 0 0 0 0 0 0 0 0 1 2 0 5 3 7 4 29 3 35 6 81 67 178 86 123 79 180 104 187 132 155 157 207 244 272 389 328 425 372 501 406 467 447 473 403 399 321 275 222 189 151 96 94 

LossDepth:
SAlphaB:
0 0 0 0 0 0 0 0 0 0 0 0 0 0 0 0 0 0 0 0 0 0 0 0 0 0 0 0 0 0 0 0 0 0 0 0 0 0 1 2 0 5 3 7 4 29 3 35 6 81 67 178 86 123 79 180 104 187 132 155 157 207 244 272 389 328 425 372 501 406 467 447 473 403 399 321 275 222 189 151 96 94 

FirstWin:
0 0 0 0 0 0 0 0 0 0 0 0 0 0 0 0 0 0 0 0 0 0 0 0 0 0 0 0 0 0 0 0 0 0 0 0 0 0 0 2 0 5 0 7 0 29 0 35 0 81 0 178 0 123 0 180 0 187 0 155 0 207 0 272 0 328 0 372 0 406 0 447 0 403 0 321 0 222 0 151 0 94 
SAlphaB:
0 0 0 0 0 0 0 0 0 0 0 0 0 0 0 0 0 0 0 0 0 0 0 0 0 0 0 0 0 0 0 0 0 0 0 0 0 0 0 2 0 5 0 7 0 29 0 35 0 81 0 178 0 123 0 180 0 187 0 155 0 207 0 272 0 328 0 372 0 406 0 447 0 403 0 321 0 222 0 151 0 94 

SecondWin:
0 0 0 0 0 0 0 0 0 0 0 0 0 0 0 0 0 0 0 0 0 0 0 0 0 0 0 0 0 0 0 0 0 0 0 0 0 0 1 0 0 0 3 0 4 0 3 0 6 0 67 0 86 0 79 0 104 0 132 0 157 0 244 0 389 0 425 0 501 0 467 0 473 0 399 0 275 0 189 0 96 0 
SAlphaB:
0 0 0 0 0 0 0 0 0 0 0 0 0 0 0 0 0 0 0 0 0 0 0 0 0 0 0 0 0 0 0 0 0 0 0 0 0 0 1 0 0 0 3 0 4 0 3 0 6 0 67 0 86 0 79 0 104 0 132 0 157 0 244 0 389 0 425 0 501 0 467 0 473 0 399 0 275 0 189 0 96 0 
