0 4 74 35 -2 4 5 17

0 33 94 72 -8 7 19 16

0 64 84 81 -4 9 15 0

0 35 46 63 -17 3 18 27

0 75 99 13 -17 4 13 30

0 56 67 45 -18 3 24 14

0 30 89 84 -18 30 49 16

0 33 89 31 -18 14 39 24

0 8 77 30 -9 1 4 10

0 42 63 82 -18 21 35 30

0 65 67 61 -18 2 3 20

0 39 72 7 -19 13 28 23

0 44 50 13 -10 0 5 30

0 51 69 5 -12 0 5 0

0 28 42 32 -17 3 10 30

0 49 89 0 -10 6 47 29

0 67 97 46 -10 0 2 14

0 67 93 63 -20 5 20 22

0 15 35 94 -2 7 13 9

0 23 61 93 -1 4 13 46

0 33 44 58 -1 20 38 14

0 68 71 18 -2 7 47 26

0 45 62 31 -13 7 9 29

0 15 70 49 -7 8 22 16

0 7 71 58 -8 17 48 38

0 48 65 56 -16 17 33 2

0 12 85 74 -17 22 23 7

0 44 76 13 -1 1 14 44

0 31 76 63 -5 3 8 34

0 43 51 75 -8 9 14 9

0 14 17 59 -10 0 1 21

0 43 44 70 -9 41 42 33

0 28 87 43 -5 13 15 5

0 29 42 44 -17 8 33 16

0 18 46 71 -19 10 17 28

0 17 92 53 -20 9 19 34

0 48 80 45 -13 17 28 44

0 10 16 19 -7 13 27 15

0 59 73 93 -17 19 22 13

0 10 61 1 -14 11 31 10

0 27 49 0 -7 4 40 27

0 42 79 93 -16 16 19 35

0 40 55 61 -14 4 30 31

0 16 59 72 -9 1 3 42

0 34 86 17 -20 6 28 11

0 73 98 64 -4 41 49 27

0 13 18 33 -15 29 32 11

0 43 76 70 -13 21 23 39

0 4 74 57 -18 1 17 2

0 24 27 44 -20 9 14 31

0 28 49 60 -11 6 8 4

0 41 50 23 -3 24 46 37

0 5 18 60 -18 3 7 6

0 26 37 14 -15 22 31 31

0 17 46 33 -18 31 48 12

0 13 15 30 -18 26 44 33

0 5 68 1 -13 10 11 34

0 23 98 6 -3 15 29 0

0 23 66 57 -4 24 25 17

0 12 54 46 -17 0 9 48

0 8 71 2 -10 19 21 2

0 9 27 0 -15 1 3 9

0 27 36 7 -13 8 14 9

0 19 38 30 -2 21 49 10

0 11 31 34 -10 18 46 4

0 11 42 57 -10 1 28 9

0 14 31 91 -19 22 28 13

0 9 14 15 -9 25 41 15

0 15 21 98 -8 3 10 37

0 20 23 26 -20 2 30 31

0 8 36 30 -14 36 37 42

0 0 1 74 -5 13 33 28

0 31 35 1 -17 0 38 30

0 10 41 24 -11 6 14 31

0 3 10 82 -19 9 21 44

0 12 90 34 -5 2 34 48

0 10 53 5 -1 13 48 39

0 1 15 39 -11 7 17 19

0 11 26 12 -2 4 9 29

0 3 21 65 -16 0 5 24

0 28 41 82 -7 0 1 48

0 25 27 70 -10 30 47 47

0 10 14 81 -20 1 24 3

0 4 24 24 -20 8 46 40

0 2 5 47 -17 29 43 38

0 14 54 46 -10 15 21 0

0 2 13 12 -9 11 30 48

0 0 1 86 -19 26 48 15

0 1 8 48 -5 9 27 40

0 6 10 31 -13 6 48 45

0 20 26 23 -6 2 38 34

0 1 7 86 -19 6 13 30

0 2 5 75 -1 24 42 18

0 0 1 22 -9 16 42 43

0 6 12 5 -1 4 6 46

0 2 7 20 -14 6 8 36

0 9 12 59 -10 13 45 29

0 1 3 4 -15 6 33 44

0 9 24 98 -7 3 45 38

0 10 17 9 -7 3 26 44


SAlphaB: 706.0, std-dev 277.21819889390343

Earliest win: 39
Latest win: 81

WinDepth:
0 0 0 0 0 0 0 0 0 0 0 0 0 0 0 0 0 0 0 0 0 0 0 0 0 0 0 0 0 0 0 0 0 0 0 0 0 0 0 1 22 7 4 24 11 20 16 26 33 95 74 191 77 123 101 191 125 178 137 175 154 224 252 332 318 335 428 359 419 412 378 447 407 409 370 394 298 265 212 121 107 66 
SAlphaB:
0 0 0 0 0 0 0 0 0 0 0 0 0 0 0 0 0 0 0 0 0 0 0 0 0 0 0 0 0 0 0 0 0 0 0 0 0 0 0 1 22 7 4 24 11 20 16 26 33 95 74 191 77 123 101 191 125 178 137 175 154 224 252 332 318 335 428 359 419 412 378 447 407 409 370 394 298 265 212 121 107 66 

LossDepth:
SAlphaB:
0 0 0 0 0 0 0 0 0 0 0 0 0 0 0 0 0 0 0 0 0 0 0 0 0 0 0 0 0 0 0 0 0 0 0 0 0 0 0 1 22 7 4 24 11 20 16 26 33 95 74 191 77 123 101 191 125 178 137 175 154 224 252 332 318 335 428 359 419 412 378 447 407 409 370 394 298 265 212 121 107 66 

FirstWin:
0 0 0 0 0 0 0 0 0 0 0 0 0 0 0 0 0 0 0 0 0 0 0 0 0 0 0 0 0 0 0 0 0 0 0 0 0 0 0 1 0 7 0 24 0 20 0 26 0 95 0 191 0 123 0 191 0 178 0 175 0 224 0 332 0 335 0 359 0 412 0 447 0 409 0 394 0 265 0 121 0 66 
SAlphaB:
0 0 0 0 0 0 0 0 0 0 0 0 0 0 0 0 0 0 0 0 0 0 0 0 0 0 0 0 0 0 0 0 0 0 0 0 0 0 0 1 0 7 0 24 0 20 0 26 0 95 0 191 0 123 0 191 0 178 0 175 0 224 0 332 0 335 0 359 0 412 0 447 0 409 0 394 0 265 0 121 0 66 

SecondWin:
0 0 0 0 0 0 0 0 0 0 0 0 0 0 0 0 0 0 0 0 0 0 0 0 0 0 0 0 0 0 0 0 0 0 0 0 0 0 0 0 22 0 4 0 11 0 16 0 33 0 74 0 77 0 101 0 125 0 137 0 154 0 252 0 318 0 428 0 419 0 378 0 407 0 370 0 298 0 212 0 107 0 
SAlphaB:
0 0 0 0 0 0 0 0 0 0 0 0 0 0 0 0 0 0 0 0 0 0 0 0 0 0 0 0 0 0 0 0 0 0 0 0 0 0 0 0 22 0 4 0 11 0 16 0 33 0 74 0 77 0 101 0 125 0 137 0 154 0 252 0 318 0 428 0 419 0 378 0 407 0 370 0 298 0 212 0 107 0 
