0 52 86 28 -7 17 35 21

0 93 94 79 -17 6 15 19

0 37 64 14 -16 0 4 18

0 38 98 71 -15 20 42 30

0 46 72 60 -11 2 10 9

0 67 99 95 -12 1 12 13

0 69 91 44 -3 3 41 15

0 37 92 41 -20 0 29 36

0 60 81 37 -4 21 40 14

0 30 58 84 -10 13 19 27

0 50 82 47 -13 3 14 29

0 15 99 50 -11 3 11 16

0 80 91 24 -18 3 19 22

0 29 39 98 -19 0 8 11

0 21 36 61 -9 6 16 10

0 4 69 69 -1 14 33 4

0 33 60 69 -4 3 17 36

0 4 71 68 -9 0 1 16

0 42 92 21 -9 17 19 9

0 19 71 78 -17 18 30 20

0 9 74 30 -6 23 32 21

0 85 99 6 -13 14 27 42

0 6 38 79 -17 6 18 19

0 29 71 27 -2 6 43 16

0 28 53 90 -16 31 33 37

0 28 42 8 -10 9 18 14

0 1 69 18 -8 0 7 1

0 63 87 35 -18 17 23 4

0 56 81 42 -3 24 27 6

0 68 86 92 -2 15 19 26

0 2 13 53 -16 2 14 16

0 46 95 81 -2 2 34 48

0 37 45 47 -7 4 6 44

0 11 79 3 -8 4 11 39

0 55 65 22 -3 3 7 25

0 33 47 32 -7 13 16 14

0 36 38 15 -15 6 10 21

0 32 65 86 -18 46 49 26

0 33 37 79 -4 17 18 20

0 48 92 76 -8 15 28 10

0 39 78 5 -2 1 4 24

0 4 84 32 -1 11 16 37

0 36 73 42 -2 0 1 8

0 21 53 0 -20 10 31 47

0 21 32 10 -8 13 16 24

0 11 49 51 -20 0 3 47

0 36 65 31 -6 0 3 27

0 46 85 43 -17 45 46 48

0 1 74 76 -7 1 37 13

0 19 75 16 -4 19 39 35

0 0 38 23 -19 3 9 34

0 15 17 41 -16 0 13 10

0 7 89 54 -16 40 45 24

0 1 78 32 -17 1 6 31

0 19 65 57 -18 38 48 21

0 20 62 47 -5 23 45 15

0 11 40 67 -12 36 43 24

0 34 80 17 -2 33 40 48

0 3 13 74 -11 23 30 44

0 65 66 12 -2 28 37 41

0 9 41 37 -15 36 39 13

0 43 92 13 -10 30 33 24

0 0 25 6 -17 8 22 10

0 13 34 14 -15 15 35 32

0 13 34 25 -3 33 35 5

0 18 48 67 -10 17 42 2

0 5 64 21 -15 8 12 31

0 31 35 12 -15 11 20 10

0 13 22 49 -3 1 30 4

0 13 37 42 -4 5 24 37

0 14 68 6 -13 21 35 43

0 30 72 11 -9 21 26 7

0 3 68 59 -8 7 8 39

0 34 70 17 -6 0 1 47

0 23 57 87 -1 18 20 42

0 7 27 85 -12 3 6 39

0 62 94 26 -5 39 49 49

0 9 15 73 -19 17 48 20

0 11 50 47 -14 16 45 7

0 23 51 91 -9 8 33 31

0 8 36 91 -10 28 38 9

0 14 36 21 -20 0 18 32

0 5 12 38 -8 28 44 41

0 7 11 59 -17 16 17 12

0 3 12 82 -3 9 12 15

0 28 85 95 -19 33 46 2

0 4 59 57 -20 0 37 41

0 19 36 98 -17 6 45 41

0 13 16 73 -12 0 28 29

0 7 55 48 -9 19 38 49

0 3 9 73 -5 11 12 43

0 2 5 44 -14 21 25 1

0 0 5 44 -13 4 13 2

0 11 13 92 -1 0 29 37

0 1 5 43 -11 3 39 12

0 3 7 20 -20 5 6 19

0 12 17 46 -6 34 47 41

0 4 9 1 -18 13 23 26

0 0 12 57 -15 4 17 44

0 0 4 0 -20 3 6 25


SAlphaB: 712.0, std-dev 274.89071097401234

Earliest win: 35
Latest win: 81

WinDepth:
0 0 0 0 0 0 0 0 0 0 0 0 0 0 0 0 0 0 0 0 0 0 0 0 0 0 0 0 0 0 0 0 0 0 0 2 0 4 0 1 3 4 0 23 17 21 23 60 23 54 45 178 134 131 94 169 106 169 130 166 179 198 235 288 360 359 436 361 458 424 485 443 427 411 327 332 292 246 183 135 118 80 
SAlphaB:
0 0 0 0 0 0 0 0 0 0 0 0 0 0 0 0 0 0 0 0 0 0 0 0 0 0 0 0 0 0 0 0 0 0 0 2 0 4 0 1 3 4 0 23 17 21 23 60 23 54 45 178 134 131 94 169 106 169 130 166 179 198 235 288 360 359 436 361 458 424 485 443 427 411 327 332 292 246 183 135 118 80 

LossDepth:
SAlphaB:
0 0 0 0 0 0 0 0 0 0 0 0 0 0 0 0 0 0 0 0 0 0 0 0 0 0 0 0 0 0 0 0 0 0 0 2 0 4 0 1 3 4 0 23 17 21 23 60 23 54 45 178 134 131 94 169 106 169 130 166 179 198 235 288 360 359 436 361 458 424 485 443 427 411 327 332 292 246 183 135 118 80 

FirstWin:
0 0 0 0 0 0 0 0 0 0 0 0 0 0 0 0 0 0 0 0 0 0 0 0 0 0 0 0 0 0 0 0 0 0 0 2 0 4 0 1 0 4 0 23 0 21 0 60 0 54 0 178 0 131 0 169 0 169 0 166 0 198 0 288 0 359 0 361 0 424 0 443 0 411 0 332 0 246 0 135 0 80 
SAlphaB:
0 0 0 0 0 0 0 0 0 0 0 0 0 0 0 0 0 0 0 0 0 0 0 0 0 0 0 0 0 0 0 0 0 0 0 2 0 4 0 1 0 4 0 23 0 21 0 60 0 54 0 178 0 131 0 169 0 169 0 166 0 198 0 288 0 359 0 361 0 424 0 443 0 411 0 332 0 246 0 135 0 80 

SecondWin:
0 0 0 0 0 0 0 0 0 0 0 0 0 0 0 0 0 0 0 0 0 0 0 0 0 0 0 0 0 0 0 0 0 0 0 0 0 0 0 0 3 0 0 0 17 0 23 0 23 0 45 0 134 0 94 0 106 0 130 0 179 0 235 0 360 0 436 0 458 0 485 0 427 0 327 0 292 0 183 0 118 0 
SAlphaB:
0 0 0 0 0 0 0 0 0 0 0 0 0 0 0 0 0 0 0 0 0 0 0 0 0 0 0 0 0 0 0 0 0 0 0 0 0 0 0 0 3 0 0 0 17 0 23 0 23 0 45 0 134 0 94 0 106 0 130 0 179 0 235 0 360 0 436 0 458 0 485 0 427 0 327 0 292 0 183 0 118 0 
