0 41 94 18 -18 1 15 20

0 30 47 87 -2 9 11 6

0 15 99 57 -1 14 34 3

0 71 73 60 -8 10 44 17

0 64 78 19 -15 4 20 23

0 48 88 34 -19 10 11 46

0 51 52 60 -11 6 10 22

0 34 51 70 -10 3 19 43

0 17 93 84 -2 1 5 16

0 65 81 95 -7 7 25 38

0 30 43 13 -18 1 3 2

0 12 21 54 -8 2 3 5

0 7 57 37 -7 15 34 17

0 34 82 49 -3 2 12 38

0 19 77 8 -6 1 13 43

0 75 78 60 -14 5 6 3

0 36 80 21 -9 1 4 26

0 26 58 20 -6 6 12 41

0 36 58 56 -11 9 13 27

0 37 53 49 -14 1 24 42

0 21 66 42 -4 0 1 27

0 3 67 31 -6 9 28 36

0 9 21 20 -1 6 15 3

0 34 69 39 -17 6 7 27

0 36 59 75 -14 22 44 22

0 12 50 38 -3 5 6 37

0 58 70 87 -16 15 30 41

0 17 84 3 -13 15 48 8

0 45 92 11 -7 12 14 45

0 32 85 28 -20 4 5 44

0 33 47 19 -17 4 20 5

0 12 34 82 -17 4 6 26

0 56 71 32 -6 1 17 37

0 41 48 36 -2 16 44 5

0 10 68 65 -20 11 19 27

0 82 92 65 -7 12 20 33

0 24 78 54 -6 12 35 44

0 4 26 91 -14 5 6 25

0 65 67 19 -9 13 42 49

0 2 22 86 -18 1 2 18

0 75 89 20 -9 3 4 2

0 2 40 69 -4 5 30 6

0 34 48 19 -12 1 2 29

0 53 57 57 -18 3 5 3

0 6 25 67 -15 34 37 36

0 2 79 32 -7 32 34 25

0 75 84 85 -2 20 22 44

0 45 51 33 -17 4 7 47

0 42 50 15 -3 17 33 6

0 36 48 18 -10 0 34 20

0 41 76 34 -8 17 20 5

0 1 44 50 -4 2 4 6

0 22 33 67 -6 32 33 15

0 16 20 68 -10 0 22 48

0 12 50 25 -17 5 25 15

0 63 85 22 -13 27 39 2

0 16 71 39 -20 6 34 7

0 10 39 99 -19 6 9 23

0 5 72 54 -12 8 13 43

0 11 17 81 -8 12 33 12

0 0 52 19 -10 22 30 25

0 36 50 61 -6 19 24 49

0 12 34 26 -17 37 44 12

0 32 55 77 -4 3 6 39

0 12 23 73 -10 21 46 27

0 28 60 74 -7 30 38 11

0 33 74 38 -19 24 32 19

0 16 19 88 -11 9 17 40

0 9 77 28 -9 9 20 15

0 18 39 54 -18 7 10 25

0 11 13 20 -4 0 1 23

0 13 20 87 -4 1 28 7

0 17 37 70 -3 1 9 35

0 51 57 15 -10 12 47 19

0 6 15 65 -16 0 1 12

0 34 43 30 -13 1 2 49

0 8 35 61 -16 4 40 31

0 7 48 37 -12 3 19 48

0 8 12 16 -14 0 2 22

0 3 7 20 -11 11 22 14

0 13 50 34 -19 0 5 42

0 5 9 63 -12 20 36 26

0 5 6 36 -2 0 10 6

0 1 74 1 -16 1 4 49

0 8 11 68 -8 21 27 15

0 6 11 52 -13 0 1 11

0 29 78 16 -20 18 25 46

0 12 21 37 -1 7 40 13

0 1 5 57 -3 14 40 28

0 6 28 91 -13 27 46 28

0 0 4 26 -13 10 17 15

0 0 2 88 -14 24 37 44

0 0 4 8 -11 35 37 32

0 7 44 46 -3 2 9 45

0 1 14 28 -18 8 14 1

0 4 7 55 -15 11 32 43

0 1 2 69 -1 5 9 0

0 15 27 12 -4 9 24 43

0 1 11 34 -3 11 47 10

0 2 5 39 -2 20 23 46


SAlphaB: 689.0, std-dev 260.41758860442866

Earliest win: 37
Latest win: 81

WinDepth:
0 0 0 0 0 0 0 0 0 0 0 0 0 0 0 0 0 0 0 0 0 0 0 0 0 0 0 0 0 0 0 0 0 0 0 0 0 4 2 10 1 8 10 8 7 19 11 20 25 54 32 205 77 125 76 170 109 161 133 183 169 252 210 311 294 362 411 413 426 433 420 494 426 449 399 387 321 256 187 124 81 101 
SAlphaB:
0 0 0 0 0 0 0 0 0 0 0 0 0 0 0 0 0 0 0 0 0 0 0 0 0 0 0 0 0 0 0 0 0 0 0 0 0 4 2 10 1 8 10 8 7 19 11 20 25 54 32 205 77 125 76 170 109 161 133 183 169 252 210 311 294 362 411 413 426 433 420 494 426 449 399 387 321 256 187 124 81 101 

LossDepth:
SAlphaB:
0 0 0 0 0 0 0 0 0 0 0 0 0 0 0 0 0 0 0 0 0 0 0 0 0 0 0 0 0 0 0 0 0 0 0 0 0 4 2 10 1 8 10 8 7 19 11 20 25 54 32 205 77 125 76 170 109 161 133 183 169 252 210 311 294 362 411 413 426 433 420 494 426 449 399 387 321 256 187 124 81 101 

FirstWin:
0 0 0 0 0 0 0 0 0 0 0 0 0 0 0 0 0 0 0 0 0 0 0 0 0 0 0 0 0 0 0 0 0 0 0 0 0 4 0 10 0 8 0 8 0 19 0 20 0 54 0 205 0 125 0 170 0 161 0 183 0 252 0 311 0 362 0 413 0 433 0 494 0 449 0 387 0 256 0 124 0 101 
SAlphaB:
0 0 0 0 0 0 0 0 0 0 0 0 0 0 0 0 0 0 0 0 0 0 0 0 0 0 0 0 0 0 0 0 0 0 0 0 0 4 0 10 0 8 0 8 0 19 0 20 0 54 0 205 0 125 0 170 0 161 0 183 0 252 0 311 0 362 0 413 0 433 0 494 0 449 0 387 0 256 0 124 0 101 

SecondWin:
0 0 0 0 0 0 0 0 0 0 0 0 0 0 0 0 0 0 0 0 0 0 0 0 0 0 0 0 0 0 0 0 0 0 0 0 0 0 2 0 1 0 10 0 7 0 11 0 25 0 32 0 77 0 76 0 109 0 133 0 169 0 210 0 294 0 411 0 426 0 420 0 426 0 399 0 321 0 187 0 81 0 
SAlphaB:
0 0 0 0 0 0 0 0 0 0 0 0 0 0 0 0 0 0 0 0 0 0 0 0 0 0 0 0 0 0 0 0 0 0 0 0 0 0 2 0 1 0 10 0 7 0 11 0 25 0 32 0 77 0 76 0 109 0 133 0 169 0 210 0 294 0 411 0 426 0 420 0 426 0 399 0 321 0 187 0 81 0 
