0 22 66 0 -11 0 7 17

0 36 80 95 -14 2 13 3

0 27 56 27 -16 0 9 32

0 44 88 2 -17 1 5 31

0 44 46 22 -12 3 17 30

0 70 74 86 -20 8 19 15

0 33 68 22 -11 2 22 31

0 36 75 64 -15 36 49 28

0 10 21 69 -5 12 15 9

0 70 81 43 -14 1 12 22

0 76 81 63 -10 7 38 2

0 55 99 87 -9 9 11 43

0 2 89 81 -13 4 5 6

0 36 71 24 -19 0 31 35

0 40 76 0 -17 0 3 46

0 16 54 5 -1 27 48 8

0 43 48 62 -1 5 7 20

0 2 71 75 -3 10 36 4

0 11 55 58 -11 0 13 15

0 70 75 90 -9 20 25 22

0 66 88 26 -16 9 42 35

0 45 75 25 -13 5 10 34

0 38 46 16 -7 5 16 17

0 72 84 58 -4 2 21 4

0 17 46 45 -3 9 10 4

0 32 41 50 -20 3 4 49

0 31 70 97 -16 11 22 43

0 41 89 43 -2 24 36 35

0 47 93 96 -6 17 22 25

0 16 39 88 -1 0 1 26

0 58 63 63 -9 3 6 43

0 8 26 30 -13 10 12 19

0 11 21 33 -15 2 6 33

0 46 70 90 -11 15 16 29

0 20 88 38 -15 5 27 22

0 12 36 80 -20 5 10 16

0 65 79 79 -2 34 40 45

0 51 64 27 -15 20 25 38

0 23 68 98 -12 1 2 35

0 15 47 58 -17 3 4 47

0 14 91 30 -11 2 21 21

0 30 86 49 -19 41 45 17

0 37 41 58 -16 3 33 37

0 25 52 33 -11 3 36 19

0 49 67 86 -11 25 38 8

0 14 66 26 -10 29 44 40

0 17 23 52 -10 12 37 33

0 18 21 74 -16 18 29 15

0 20 86 23 -13 17 47 35

0 28 58 98 -20 0 26 47

0 32 72 43 -10 20 41 14

0 8 16 91 -3 6 15 8

0 5 20 82 -9 7 12 37

0 10 47 83 -18 5 10 0

0 16 33 98 -4 2 15 7

0 44 54 81 -15 19 20 48

0 5 70 73 -19 5 24 39

0 17 48 21 -9 22 42 23

0 63 85 99 -13 22 33 42

0 17 44 52 -3 13 48 46

0 29 53 29 -17 16 21 4

0 13 17 88 -9 1 3 35

0 21 38 46 -12 12 19 27

0 1 25 73 -13 22 24 30

0 6 34 53 -16 17 18 37

0 3 41 80 -5 44 45 35

0 8 15 2 -3 1 9 18

0 18 32 43 -15 11 16 32

0 2 63 32 -5 2 9 5

0 8 35 48 -6 2 4 48

0 8 30 64 -9 15 44 3

0 9 74 7 -16 15 26 25

0 16 19 63 -1 1 25 4

0 5 9 91 -6 44 48 21

0 13 49 52 -3 15 26 25

0 0 4 13 -8 37 39 20

0 13 21 93 -11 2 36 18

0 19 24 49 -14 34 49 8

0 20 47 10 -17 26 30 48

0 33 34 36 -11 33 38 46

0 7 25 89 -3 17 23 44

0 0 10 37 -5 6 23 14

0 8 10 16 -9 0 30 6

0 44 58 3 -20 16 25 14

0 0 1 53 -11 2 9 19

0 0 9 50 -12 42 43 44

0 2 4 45 -5 23 27 12

0 11 20 2 -12 36 47 13

0 9 18 60 -19 0 20 27

0 5 6 87 -4 0 10 6

0 1 4 51 -17 29 49 36

0 5 43 90 -4 2 35 37

0 3 5 97 -15 28 43 38

0 0 4 62 -11 0 46 46

0 17 18 18 -16 2 4 48

0 2 4 94 -5 0 21 39

0 4 10 54 -13 1 46 26

0 1 6 6 -4 5 32 2

0 1 9 61 -10 2 3 48

0 7 22 68 -9 2 27 44


SAlphaB: 737.0, std-dev 282.80106805121704

Earliest win: 35
Latest win: 81

WinDepth:
0 0 0 0 0 0 0 0 0 0 0 0 0 0 0 0 0 0 0 0 0 0 0 0 0 0 0 0 0 0 0 0 0 0 0 2 1 5 1 5 0 5 1 23 10 10 25 61 37 91 79 197 93 120 104 169 132 188 139 203 149 239 234 327 293 371 381 374 441 427 439 461 395 387 400 340 271 226 183 153 96 84 
SAlphaB:
0 0 0 0 0 0 0 0 0 0 0 0 0 0 0 0 0 0 0 0 0 0 0 0 0 0 0 0 0 0 0 0 0 0 0 2 1 5 1 5 0 5 1 23 10 10 25 61 37 91 79 197 93 120 104 169 132 188 139 203 149 239 234 327 293 371 381 374 441 427 439 461 395 387 400 340 271 226 183 153 96 84 

LossDepth:
SAlphaB:
0 0 0 0 0 0 0 0 0 0 0 0 0 0 0 0 0 0 0 0 0 0 0 0 0 0 0 0 0 0 0 0 0 0 0 2 1 5 1 5 0 5 1 23 10 10 25 61 37 91 79 197 93 120 104 169 132 188 139 203 149 239 234 327 293 371 381 374 441 427 439 461 395 387 400 340 271 226 183 153 96 84 

FirstWin:
0 0 0 0 0 0 0 0 0 0 0 0 0 0 0 0 0 0 0 0 0 0 0 0 0 0 0 0 0 0 0 0 0 0 0 2 0 5 0 5 0 5 0 23 0 10 0 61 0 91 0 197 0 120 0 169 0 188 0 203 0 239 0 327 0 371 0 374 0 427 0 461 0 387 0 340 0 226 0 153 0 84 
SAlphaB:
0 0 0 0 0 0 0 0 0 0 0 0 0 0 0 0 0 0 0 0 0 0 0 0 0 0 0 0 0 0 0 0 0 0 0 2 0 5 0 5 0 5 0 23 0 10 0 61 0 91 0 197 0 120 0 169 0 188 0 203 0 239 0 327 0 371 0 374 0 427 0 461 0 387 0 340 0 226 0 153 0 84 

SecondWin:
0 0 0 0 0 0 0 0 0 0 0 0 0 0 0 0 0 0 0 0 0 0 0 0 0 0 0 0 0 0 0 0 0 0 0 0 1 0 1 0 0 0 1 0 10 0 25 0 37 0 79 0 93 0 104 0 132 0 139 0 149 0 234 0 293 0 381 0 441 0 439 0 395 0 400 0 271 0 183 0 96 0 
SAlphaB:
0 0 0 0 0 0 0 0 0 0 0 0 0 0 0 0 0 0 0 0 0 0 0 0 0 0 0 0 0 0 0 0 0 0 0 0 1 0 1 0 0 0 1 0 10 0 25 0 37 0 79 0 93 0 104 0 132 0 139 0 149 0 234 0 293 0 381 0 441 0 439 0 395 0 400 0 271 0 183 0 96 0 
