0 22 99 28 -7 1 13 4

0 55 80 9 -7 9 27 14

0 65 93 47 -12 11 38 18

0 39 51 50 -19 2 6 8

0 38 83 58 -19 1 2 15

0 26 95 75 -8 1 7 8

0 25 62 5 -11 2 5 8

0 32 94 5 -6 6 21 14

0 39 62 70 -20 1 3 10

0 59 95 55 -15 10 34 13

0 15 34 1 -2 1 2 3

0 41 70 20 -16 3 9 10

0 32 45 47 -3 4 12 8

0 26 61 11 -7 3 11 8

0 30 92 3 -15 2 14 24

0 20 84 71 -5 2 4 3

0 27 61 9 -14 2 6 9

0 25 99 6 -18 1 3 20

0 34 95 6 -7 5 24 12

0 58 92 30 -5 6 22 10

0 31 81 41 -14 3 6 10

0 29 67 69 -8 4 12 14

0 46 71 49 -15 5 16 27

0 41 82 2 -14 2 3 7

0 42 69 32 -3 12 23 13

0 35 94 28 -17 5 12 29

0 45 90 91 -4 8 30 16

0 40 68 48 -13 7 16 20

0 58 89 35 -8 5 34 29

0 61 83 60 -8 10 22 35

0 34 42 47 -7 3 10 9

0 59 72 14 -2 7 27 17

0 56 80 77 -2 7 24 6

0 51 93 78 -4 3 25 17

0 25 69 59 -16 0 1 10

0 40 74 33 -5 6 16 14

0 57 92 67 -5 14 39 34

0 42 86 4 -5 2 7 28

0 59 84 61 -10 10 38 28

0 77 99 92 -15 13 44 22

0 26 79 14 -12 1 3 17

0 62 72 19 -5 9 35 16

0 30 86 0 -10 2 11 14

0 63 66 26 -4 7 18 4

0 70 83 5 -18 4 17 0

0 74 96 26 -10 5 32 42

0 54 96 84 -14 5 23 28

0 43 96 48 -12 1 18 15

0 50 98 18 -20 4 12 24

0 23 86 26 -15 1 16 14

0 28 89 51 -8 2 5 8

0 21 43 23 -6 4 8 3

0 6 17 14 -3 0 1 3

0 12 64 60 -7 1 2 8

0 48 85 97 -11 8 26 13

0 82 96 46 -8 18 42 31

0 37 87 88 -12 5 7 3

0 80 87 21 -3 16 40 26

0 27 46 96 -18 0 4 11

0 68 81 60 -10 14 33 14

0 37 89 48 -4 7 21 23

0 52 98 63 -17 9 18 8

0 14 66 50 -8 1 6 6

0 26 68 89 -13 2 15 21

0 16 58 57 -2 3 6 5

0 26 60 7 -11 3 16 5

0 32 49 29 -13 4 14 17

0 38 81 79 -13 0 11 18

0 17 87 4 -9 1 4 15

0 39 88 58 -10 5 21 5

0 32 59 90 -7 2 13 26

0 57 97 59 -4 2 30 22

0 45 58 25 -1 5 17 4

0 40 67 36 -5 2 6 4

0 56 80 78 -10 4 31 24

0 55 87 84 -19 8 30 32

0 28 58 13 -11 0 13 9

0 37 55 47 -16 0 6 13

0 43 90 15 -6 6 24 1

0 35 94 63 -18 5 21 25

0 52 54 74 -4 4 21 14

0 61 92 44 -2 8 42 7

0 25 75 72 -13 0 2 3

0 54 84 86 -18 2 11 20

0 29 64 72 -10 2 11 15

0 38 84 41 -14 5 19 28

0 55 58 34 -20 0 12 7

0 28 54 59 -11 0 2 11

0 21 96 39 -3 5 12 0

0 18 56 87 -12 0 2 2

0 31 77 79 -16 2 9 22

0 50 83 65 -6 4 31 18

0 54 74 21 -4 2 10 3

0 50 99 82 -20 2 22 39

0 78 96 66 -12 15 36 39

0 80 87 75 -13 3 25 10

0 53 61 64 -20 4 14 25

0 48 97 52 -12 2 33 22

0 22 57 29 -6 3 15 4

0 50 96 51 -15 3 29 9


SAlphaB: 1306.0, std-dev 412.00844847668066

Earliest win: 35
Latest win: 81

WinDepth:
0 0 0 0 0 0 0 0 0 0 0 0 0 0 0 0 0 0 0 0 0 0 0 0 0 0 0 0 0 0 0 0 0 0 0 4 0 6 2 17 2 11 4 15 8 24 8 55 30 65 223 126 72 114 80 189 152 310 152 295 274 327 273 438 339 491 395 479 393 434 415 435 383 357 330 274 210 177 136 128 100 66 
SAlphaB:
0 0 0 0 0 0 0 0 0 0 0 0 0 0 0 0 0 0 0 0 0 0 0 0 0 0 0 0 0 0 0 0 0 0 0 4 0 6 2 17 2 11 4 15 8 24 8 55 30 65 223 126 72 114 80 189 152 310 152 295 274 327 273 438 339 491 395 479 393 434 415 435 383 357 330 274 210 177 136 128 100 66 

LossDepth:
SAlphaB:
0 0 0 0 0 0 0 0 0 0 0 0 0 0 0 0 0 0 0 0 0 0 0 0 0 0 0 0 0 0 0 0 0 0 0 4 0 6 2 17 2 11 4 15 8 24 8 55 30 65 223 126 72 114 80 189 152 310 152 295 274 327 273 438 339 491 395 479 393 434 415 435 383 357 330 274 210 177 136 128 100 66 

FirstWin:
0 0 0 0 0 0 0 0 0 0 0 0 0 0 0 0 0 0 0 0 0 0 0 0 0 0 0 0 0 0 0 0 0 0 0 4 0 6 0 17 0 11 0 15 0 24 0 55 0 65 0 126 0 114 0 189 0 310 0 295 0 327 0 438 0 491 0 479 0 434 0 435 0 357 0 274 0 177 0 128 0 66 
SAlphaB:
0 0 0 0 0 0 0 0 0 0 0 0 0 0 0 0 0 0 0 0 0 0 0 0 0 0 0 0 0 0 0 0 0 0 0 4 0 6 0 17 0 11 0 15 0 24 0 55 0 65 0 126 0 114 0 189 0 310 0 295 0 327 0 438 0 491 0 479 0 434 0 435 0 357 0 274 0 177 0 128 0 66 

SecondWin:
0 0 0 0 0 0 0 0 0 0 0 0 0 0 0 0 0 0 0 0 0 0 0 0 0 0 0 0 0 0 0 0 0 0 0 0 0 0 2 0 2 0 4 0 8 0 8 0 30 0 223 0 72 0 80 0 152 0 152 0 274 0 273 0 339 0 395 0 393 0 415 0 383 0 330 0 210 0 136 0 100 0 
SAlphaB:
0 0 0 0 0 0 0 0 0 0 0 0 0 0 0 0 0 0 0 0 0 0 0 0 0 0 0 0 0 0 0 0 0 0 0 0 0 0 2 0 2 0 4 0 8 0 8 0 30 0 223 0 72 0 80 0 152 0 152 0 274 0 273 0 339 0 395 0 393 0 415 0 383 0 330 0 210 0 136 0 100 0 
