0 50 98 18 -20 4 12 24

0 25 75 72 -13 0 2 3

0 25 69 59 -16 0 1 10

0 37 55 47 -16 0 6 13

0 28 89 51 -8 2 5 8

0 58 92 30 -5 6 22 10

0 57 92 67 -5 14 39 34

0 59 72 14 -2 7 27 17

0 56 80 77 -2 7 24 6

0 23 86 26 -15 1 16 14

0 34 66 60 -19 0 3 16

0 31 95 84 -16 3 9 31

0 48 77 47 -18 1 3 33

0 32 61 28 -3 6 19 17

0 19 87 65 -8 0 1 14

0 49 61 24 -8 14 28 35

0 37 47 55 -16 2 5 2

0 32 71 96 -13 0 5 23

0 62 97 12 -12 8 16 12

0 21 85 57 -2 5 17 21

0 44 89 66 -4 5 18 10

0 43 83 58 -9 10 21 23

0 12 50 71 -6 0 2 16

0 23 57 4 -18 0 1 10

0 57 62 49 -6 6 20 10

0 34 71 80 -8 0 19 10

0 35 72 29 -3 8 21 3

0 40 76 0 -7 9 20 1

0 64 92 25 -15 13 40 26

0 59 69 81 -3 13 17 20

0 25 60 42 -1 1 15 8

0 33 82 60 -16 0 10 48

0 66 78 90 -20 1 7 15

0 59 93 40 -5 9 17 30

0 45 96 2 -11 2 4 17

0 36 71 53 -7 13 24 11

0 42 67 14 -10 1 3 7

0 57 91 88 -19 3 15 19

0 45 47 32 -3 4 19 19

0 57 68 87 -15 11 28 8

0 50 76 81 -19 4 16 8

0 53 90 62 -20 5 6 14

0 38 83 61 -10 4 11 21

0 58 81 63 -9 13 26 21

0 60 92 6 -14 9 41 29

0 69 73 37 -15 9 31 19

0 43 83 29 -1 3 13 0

0 19 92 22 -11 1 6 30

0 76 89 57 -3 5 17 19

0 36 62 21 -4 11 17 30

0 35 97 92 -5 3 4 20

0 48 83 94 -4 2 25 12

0 74 85 67 -13 1 5 32

0 25 64 21 -11 0 18 29

0 5 69 0 -1 0 6 8

0 8 39 45 -6 5 11 10

0 40 61 80 -19 22 44 5

0 50 98 0 -7 12 25 27

0 39 71 7 -10 4 24 33

0 63 69 80 -10 4 17 7

0 27 90 84 -13 0 10 29

0 70 76 35 -8 1 33 41

0 38 89 22 -17 1 6 21

0 37 62 20 -8 0 2 7

0 12 61 51 -14 16 35 16

0 42 99 95 -2 16 39 35

0 36 61 95 -18 0 29 4

0 70 71 3 -7 8 33 9

0 45 52 54 -4 3 34 30

0 13 92 64 -2 9 12 29

0 64 97 47 -2 16 46 7

0 52 86 64 -9 5 9 25

0 33 95 7 -19 0 12 39

0 43 83 0 -11 9 32 39

0 71 89 28 -2 7 8 40

0 22 74 63 -10 4 8 8

0 33 46 75 -17 0 2 25

0 27 50 50 -12 0 18 36

0 14 18 65 -15 0 2 12

0 54 61 88 -11 5 32 32

0 24 26 60 -6 20 33 11

0 3 84 54 -5 7 15 6

0 48 54 66 -11 2 5 16

0 9 95 62 -9 20 22 21

0 43 52 81 -10 2 4 19

0 32 44 91 -4 12 31 20

0 17 58 83 -1 15 17 18

0 61 68 55 -2 25 44 39

0 6 88 12 -6 9 12 13

0 26 38 71 -14 2 9 3

0 7 36 22 -12 0 6 11

0 10 63 42 -9 30 47 11

0 30 56 94 -19 33 44 32

0 25 74 44 -6 21 43 1

0 5 78 70 -20 14 34 28

0 4 66 68 -8 7 24 11

0 28 69 90 -17 28 39 30

0 1 74 50 -2 6 15 3

0 45 57 67 -17 31 36 33

0 4 73 88 -18 25 29 18


SAlphaB: 1082.0, std-dev 393.74561488659685

Earliest win: 35
Latest win: 81

WinDepth:
0 0 0 0 0 0 0 0 0 0 0 0 0 0 0 0 0 0 0 0 0 0 0 0 0 0 0 0 0 0 0 0 0 0 0 1 1 18 2 10 0 21 14 15 15 53 31 187 56 169 106 418 119 291 229 450 352 571 416 568 429 684 601 763 776 890 886 1024 1035 902 1032 1027 899 848 851 759 634 526 387 311 209 142 
SAlphaB:
0 0 0 0 0 0 0 0 0 0 0 0 0 0 0 0 0 0 0 0 0 0 0 0 0 0 0 0 0 0 0 0 0 0 0 1 1 18 2 10 0 21 14 15 15 53 31 187 56 169 106 418 119 291 229 450 352 571 416 568 429 684 601 763 776 890 886 1024 1035 902 1032 1027 899 848 851 759 634 526 387 311 209 142 

LossDepth:
SAlphaB:
0 0 0 0 0 0 0 0 0 0 0 0 0 0 0 0 0 0 0 0 0 0 0 0 0 0 0 0 0 0 0 0 0 0 0 1 1 17 4 5 0 13 11 8 8 25 14 110 34 81 65 145 89 151 135 254 224 362 262 379 282 485 394 590 558 682 608 768 698 751 745 864 644 737 681 692 493 446 310 302 233 141 

FirstWin:
0 0 0 0 0 0 0 0 0 0 0 0 0 0 0 0 0 0 0 0 0 0 0 0 0 0 0 0 0 0 0 0 0 0 0 1 0 18 0 10 0 21 0 15 0 53 0 187 0 169 0 418 0 291 0 450 0 571 0 568 0 684 0 763 0 890 0 1024 0 902 0 1027 0 848 0 759 0 526 0 311 0 142 
SAlphaB:
0 0 0 0 0 0 0 0 0 0 0 0 0 0 0 0 0 0 0 0 0 0 0 0 0 0 0 0 0 0 0 0 0 0 0 1 0 18 0 10 0 21 0 15 0 53 0 187 0 169 0 418 0 291 0 450 0 571 0 568 0 684 0 763 0 890 0 1024 0 902 0 1027 0 848 0 759 0 526 0 311 0 142 

SecondWin:
0 0 0 0 0 0 0 0 0 0 0 0 0 0 0 0 0 0 0 0 0 0 0 0 0 0 0 0 0 0 0 0 0 0 0 0 1 0 2 0 0 0 14 0 15 0 31 0 56 0 106 0 119 0 229 0 352 0 416 0 429 0 601 0 776 0 886 0 1035 0 1032 0 899 0 851 0 634 0 387 0 209 0 
SAlphaB:
0 0 0 0 0 0 0 0 0 0 0 0 0 0 0 0 0 0 0 0 0 0 0 0 0 0 0 0 0 0 0 0 0 0 0 0 1 0 2 0 0 0 14 0 15 0 31 0 56 0 106 0 119 0 229 0 352 0 416 0 429 0 601 0 776 0 886 0 1035 0 1032 0 899 0 851 0 634 0 387 0 209 0 
