0 31 95 84 -16 3 9 31

0 43 52 81 -10 2 4 19

0 45 47 32 -3 4 19 19

0 56 80 77 -2 7 24 6

0 42 67 14 -10 1 3 7

0 26 38 71 -14 2 9 3

0 34 71 80 -8 0 19 10

0 5 69 0 -1 0 6 8

0 48 54 66 -11 2 5 16

0 37 47 55 -16 2 5 2

0 37 48 41 -15 4 28 11

0 49 54 24 -19 1 16 6

0 6 19 86 -12 0 1 10

0 31 81 37 -17 11 19 30

0 10 85 29 -17 30 44 29

0 32 81 3 -9 6 7 0

0 54 78 70 -18 10 12 44

0 33 47 3 -16 1 16 19

0 80 92 37 -16 3 7 40

0 28 82 94 -20 11 12 47

0 31 73 13 -20 9 10 22

0 33 42 45 -1 8 12 14

0 10 32 63 -19 0 1 5

0 18 57 69 -5 8 25 8

0 39 70 78 -6 22 25 0

0 4 15 41 -5 6 7 18

0 70 89 1 -13 0 3 36

0 18 42 72 -9 11 19 1

0 78 93 10 -6 9 31 12

0 71 85 31 -6 18 20 31

0 8 63 72 -10 6 7 28

0 50 56 10 -16 10 24 16

0 45 53 0 -8 3 11 21

0 66 95 13 -4 18 38 3

0 21 78 12 -9 43 46 47

0 38 51 59 -20 0 1 16

0 32 85 5 -1 0 3 18

0 9 73 2 -3 11 38 21

0 14 93 77 -6 0 8 46

0 65 89 81 -20 25 39 28

0 17 49 9 -6 4 8 39

0 41 46 9 -19 9 20 29

0 35 90 52 -2 3 8 28

0 33 49 96 -3 10 11 16

0 7 19 76 -5 0 3 1

0 17 53 69 -13 31 34 39

0 12 65 24 -8 1 2 35

0 66 72 56 -12 35 46 28

0 6 65 73 -17 11 40 37

0 48 71 12 -15 19 25 39

0 4 37 29 -15 4 8 3

0 42 50 25 -16 39 43 4

0 36 68 87 -1 4 7 41

0 16 17 33 -1 7 16 14

0 6 79 3 -17 11 31 45

0 6 30 15 -13 1 8 29

0 33 69 90 -1 20 29 30

0 13 52 18 -10 1 16 42

0 23 53 67 -2 1 12 28

0 13 33 46 -10 16 32 16

0 28 74 40 -14 22 30 36

0 3 46 71 -7 27 46 24

0 12 15 81 -18 4 8 30

0 0 24 75 -19 12 26 34

0 14 77 73 -15 26 31 29

0 16 59 23 -4 10 12 6

0 37 65 4 -3 1 2 49

0 35 41 86 -19 28 32 2

0 12 93 17 -18 0 44 16

0 8 46 35 -14 15 16 37

0 10 15 58 -19 11 37 35

0 0 33 83 -11 26 44 39

0 5 9 6 -5 13 45 24

0 5 9 58 -19 7 42 20

0 6 28 51 -3 21 24 34

0 13 18 3 -2 0 17 23

0 12 18 3 -6 9 22 38

0 2 13 82 -1 9 16 20

0 52 56 99 -11 29 32 9

0 1 28 92 -7 22 49 3

0 8 15 18 -9 10 22 32

0 3 16 12 -10 27 34 45

0 30 36 2 -18 13 22 24

0 9 11 31 -19 22 42 3

0 8 57 76 -10 5 25 16

0 4 20 61 -11 4 37 2

0 0 1 33 -14 32 46 21

0 13 31 89 -8 0 37 20

0 9 21 83 -7 4 6 47

0 3 21 60 -9 26 34 34

0 2 27 37 -9 1 7 35

0 1 3 0 -17 12 16 18

0 4 19 61 -15 4 35 10

0 2 5 47 -11 1 37 18

0 15 52 24 -7 6 32 42

0 4 7 81 -7 14 41 32

0 2 10 10 -18 34 49 1

0 5 12 44 -6 3 25 48

0 3 8 32 -16 5 7 37

0 5 12 9 -11 10 20 41


SAlphaB: 999.0, std-dev 402.4035076006333

Earliest win: 37
Latest win: 81

WinDepth:
0 0 0 0 0 0 0 0 0 0 0 0 0 0 0 0 0 0 0 0 0 0 0 0 0 0 0 0 0 0 0 0 0 0 0 0 0 10 1 6 2 3 2 6 11 19 12 33 18 55 63 203 65 107 76 165 104 189 158 197 198 220 242 356 314 390 366 400 412 455 436 479 443 404 369 330 231 240 214 138 97 88 
SAlphaB:
0 0 0 0 0 0 0 0 0 0 0 0 0 0 0 0 0 0 0 0 0 0 0 0 0 0 0 0 0 0 0 0 0 0 0 0 0 10 1 6 2 3 2 6 11 19 12 33 18 55 63 203 65 107 76 165 104 189 158 197 198 220 242 356 314 390 366 400 412 455 436 479 443 404 369 330 231 240 214 138 97 88 

LossDepth:
SAlphaB:
0 0 0 0 0 0 0 0 0 0 0 0 0 0 0 0 0 0 0 0 0 0 0 0 0 0 0 0 0 0 0 0 0 0 0 0 0 10 1 6 2 3 2 6 11 19 12 33 18 55 63 203 65 107 76 165 104 189 158 197 198 220 242 356 314 390 366 400 412 455 436 479 443 404 369 330 231 240 214 138 97 88 

FirstWin:
0 0 0 0 0 0 0 0 0 0 0 0 0 0 0 0 0 0 0 0 0 0 0 0 0 0 0 0 0 0 0 0 0 0 0 0 0 10 0 6 0 3 0 6 0 19 0 33 0 55 0 203 0 107 0 165 0 189 0 197 0 220 0 356 0 390 0 400 0 455 0 479 0 404 0 330 0 240 0 138 0 88 
SAlphaB:
0 0 0 0 0 0 0 0 0 0 0 0 0 0 0 0 0 0 0 0 0 0 0 0 0 0 0 0 0 0 0 0 0 0 0 0 0 10 0 6 0 3 0 6 0 19 0 33 0 55 0 203 0 107 0 165 0 189 0 197 0 220 0 356 0 390 0 400 0 455 0 479 0 404 0 330 0 240 0 138 0 88 

SecondWin:
0 0 0 0 0 0 0 0 0 0 0 0 0 0 0 0 0 0 0 0 0 0 0 0 0 0 0 0 0 0 0 0 0 0 0 0 0 0 1 0 2 0 2 0 11 0 12 0 18 0 63 0 65 0 76 0 104 0 158 0 198 0 242 0 314 0 366 0 412 0 436 0 443 0 369 0 231 0 214 0 97 0 
SAlphaB:
0 0 0 0 0 0 0 0 0 0 0 0 0 0 0 0 0 0 0 0 0 0 0 0 0 0 0 0 0 0 0 0 0 0 0 0 0 0 1 0 2 0 2 0 11 0 12 0 18 0 63 0 65 0 76 0 104 0 158 0 198 0 242 0 314 0 366 0 412 0 436 0 443 0 369 0 231 0 214 0 97 0 
