0 27 90 84 -13 0 10 29

0 35 72 29 -3 8 21 3

0 37 55 47 -16 0 6 13

0 4 66 68 -8 7 24 11

0 13 92 64 -2 9 12 29

0 50 98 0 -7 12 25 27

0 10 63 42 -9 30 47 11

0 30 56 94 -19 33 44 32

0 6 88 12 -6 9 12 13

0 59 69 81 -3 13 17 20

0 23 72 56 -19 0 2 46

0 56 81 77 -2 9 13 12

0 46 50 98 -5 45 49 11

0 36 44 62 -2 5 15 41

0 25 60 82 -18 13 20 14

0 28 47 83 -14 3 9 33

0 2 37 40 -7 10 19 11

0 75 90 40 -3 9 14 41

0 60 99 74 -16 5 16 35

0 21 63 11 -6 9 12 35

0 3 49 24 -19 5 16 4

0 62 84 24 -1 1 21 31

0 19 34 49 -20 23 24 13

0 4 44 40 -7 16 23 22

0 52 99 8 -10 17 32 46

0 48 51 93 -16 9 44 5

0 75 77 43 -14 7 15 43

0 21 55 77 -15 2 44 20

0 7 96 55 -17 21 30 23

0 25 95 82 -18 10 47 16

0 79 88 44 -3 7 10 43

0 13 46 83 -14 13 27 42

0 54 98 98 -6 24 49 19

0 88 99 82 -3 24 41 37

0 4 46 62 -8 8 38 17

0 58 69 3 -10 2 11 15

0 6 34 14 -7 1 13 8

0 35 77 98 -11 18 21 39

0 73 82 44 -17 16 30 14

0 2 22 79 -2 7 10 24

0 50 78 61 -6 39 40 41

0 75 80 66 -3 1 6 5

0 13 46 70 -2 5 6 46

0 77 86 7 -13 38 47 39

0 45 77 96 -19 19 21 22

0 52 88 74 -7 0 4 35

0 68 85 66 -2 0 23 37

0 56 63 11 -7 0 3 34

0 6 22 67 -9 11 12 16

0 16 50 49 -9 5 18 2

0 15 48 49 -6 16 17 17

0 9 35 25 -9 4 10 14

0 38 92 40 -2 37 39 46

0 11 28 73 -12 18 22 27

0 15 40 78 -11 21 28 30

0 16 78 47 -19 42 44 9

0 32 50 10 -4 2 5 29

0 14 25 49 -12 3 7 16

0 66 80 18 -18 10 17 4

0 35 39 35 -12 25 28 32

0 7 46 55 -12 7 10 24

0 9 71 25 -2 10 12 44

0 20 97 27 -20 3 16 30

0 43 46 57 -8 29 46 15

0 38 68 45 -5 7 49 37

0 35 44 27 -8 4 25 38

0 65 67 19 -12 8 13 49

0 18 22 25 -6 33 44 4

0 22 25 82 -6 10 43 6

0 32 63 38 -17 15 16 7

0 31 73 46 -4 34 48 43

0 31 44 60 -6 18 31 1

0 14 86 58 -20 7 39 0

0 24 35 97 -14 6 8 2

0 40 48 93 -19 27 44 34

0 48 59 7 -7 4 47 23

0 0 18 93 -2 19 48 19

0 33 51 89 -16 18 28 41

0 9 11 28 -10 19 39 13

0 0 2 13 -20 20 27 32

0 3 51 14 -10 3 36 8

0 5 6 71 -7 27 30 46

0 2 9 18 -14 18 23 23

0 29 31 25 -12 6 14 18

0 33 47 26 -14 34 46 46

0 2 10 64 -8 29 47 13

0 12 17 41 -16 3 26 25

0 6 24 37 -10 1 3 40

0 18 24 18 -17 6 22 45

0 12 24 27 -7 13 25 49

0 10 18 91 -12 20 28 2

0 42 51 70 -11 24 43 19

0 9 10 70 -2 6 12 48

0 1 9 76 -4 37 49 15

0 2 3 68 -7 23 42 25

0 1 8 96 -7 11 16 34

0 0 11 29 -14 9 21 48

0 9 49 95 -9 1 37 27

0 6 24 11 -10 1 11 43

0 9 10 1 -20 35 40 16


SAlphaB: 1040.0, std-dev 400.79252151584654

Earliest win: 37
Latest win: 81

WinDepth:
0 0 0 0 0 0 0 0 0 0 0 0 0 0 0 0 0 0 0 0 0 0 0 0 0 0 0 0 0 0 0 0 0 0 0 0 0 8 1 3 8 6 3 8 11 6 13 59 27 94 54 234 63 132 65 163 145 153 158 163 144 245 193 323 327 314 399 383 472 438 466 457 426 421 421 363 271 251 196 130 98 84 
SAlphaB:
0 0 0 0 0 0 0 0 0 0 0 0 0 0 0 0 0 0 0 0 0 0 0 0 0 0 0 0 0 0 0 0 0 0 0 0 0 8 1 3 8 6 3 8 11 6 13 59 27 94 54 234 63 132 65 163 145 153 158 163 144 245 193 323 327 314 399 383 472 438 466 457 426 421 421 363 271 251 196 130 98 84 

LossDepth:
SAlphaB:
0 0 0 0 0 0 0 0 0 0 0 0 0 0 0 0 0 0 0 0 0 0 0 0 0 0 0 0 0 0 0 0 0 0 0 0 0 8 1 3 8 6 3 8 11 6 13 59 27 94 54 234 63 132 65 163 145 153 158 163 144 245 193 323 327 314 399 383 472 438 466 457 426 421 421 363 271 251 196 130 98 84 

FirstWin:
0 0 0 0 0 0 0 0 0 0 0 0 0 0 0 0 0 0 0 0 0 0 0 0 0 0 0 0 0 0 0 0 0 0 0 0 0 8 0 3 0 6 0 8 0 6 0 59 0 94 0 234 0 132 0 163 0 153 0 163 0 245 0 323 0 314 0 383 0 438 0 457 0 421 0 363 0 251 0 130 0 84 
SAlphaB:
0 0 0 0 0 0 0 0 0 0 0 0 0 0 0 0 0 0 0 0 0 0 0 0 0 0 0 0 0 0 0 0 0 0 0 0 0 8 0 3 0 6 0 8 0 6 0 59 0 94 0 234 0 132 0 163 0 153 0 163 0 245 0 323 0 314 0 383 0 438 0 457 0 421 0 363 0 251 0 130 0 84 

SecondWin:
0 0 0 0 0 0 0 0 0 0 0 0 0 0 0 0 0 0 0 0 0 0 0 0 0 0 0 0 0 0 0 0 0 0 0 0 0 0 1 0 8 0 3 0 11 0 13 0 27 0 54 0 63 0 65 0 145 0 158 0 144 0 193 0 327 0 399 0 472 0 466 0 426 0 421 0 271 0 196 0 98 0 
SAlphaB:
0 0 0 0 0 0 0 0 0 0 0 0 0 0 0 0 0 0 0 0 0 0 0 0 0 0 0 0 0 0 0 0 0 0 0 0 0 0 1 0 8 0 3 0 11 0 13 0 27 0 54 0 63 0 65 0 145 0 158 0 144 0 193 0 327 0 399 0 472 0 466 0 426 0 421 0 271 0 196 0 98 0 
