0 43 83 29 -1 3 13 0

0 28 89 51 -8 2 5 8

0 36 62 21 -4 11 17 30

0 57 91 88 -19 3 15 19

0 32 71 96 -13 0 5 23

0 38 83 61 -10 4 11 21

0 70 76 35 -8 1 33 41

0 14 18 65 -15 0 2 12

0 4 73 88 -18 25 29 18

0 71 89 28 -2 7 8 40

0 80 82 17 -9 15 35 14

0 65 98 16 -2 3 19 13

0 55 77 0 -10 3 10 16

0 35 84 53 -15 9 14 45

0 66 82 86 -4 4 28 27

0 0 59 35 -16 3 9 16

0 49 54 6 -10 7 8 22

0 2 15 97 -10 6 9 5

0 32 56 16 -19 0 1 43

0 37 89 99 -18 13 41 2

0 23 77 30 -6 2 19 20

0 50 59 43 -10 7 13 39

0 41 56 30 -5 0 8 7

0 22 39 73 -18 2 14 43

0 19 49 89 -18 29 32 6

0 27 55 83 -1 2 3 12

0 64 82 47 -13 7 12 1

0 13 60 38 -12 5 6 19

0 66 71 50 -19 13 14 39

0 7 71 46 -16 17 30 43

0 22 46 85 -14 14 20 8

0 65 66 5 -18 5 9 24

0 30 55 85 -13 8 13 35

0 19 68 85 -12 10 16 5

0 12 83 94 -19 24 26 27

0 12 20 12 -13 2 21 11

0 4 41 19 -18 1 15 14

0 68 92 6 -16 6 8 38

0 27 46 83 -11 28 45 30

0 0 6 18 -19 0 1 5

0 2 14 60 -9 9 11 32

0 18 55 98 -16 25 34 37

0 20 28 8 -3 8 15 45

0 24 79 6 -4 12 26 35

0 24 93 72 -6 3 4 46

0 20 55 62 -1 3 7 28

0 59 97 30 -3 33 35 42

0 12 16 36 -20 0 1 38

0 55 71 96 -4 21 33 39

0 25 35 43 -10 7 15 26

0 26 41 72 -1 20 30 43

0 0 61 73 -2 13 20 41

0 53 54 93 -6 1 2 27

0 92 95 10 -6 0 3 6

0 20 77 26 -4 17 30 36

0 24 40 52 -3 20 37 39

0 35 58 7 -2 0 3 32

0 40 41 83 -14 18 42 39

0 15 65 31 -17 24 42 4

0 23 29 31 -12 8 44 16

0 6 34 89 -12 10 13 41

0 22 28 77 -11 12 18 48

0 26 37 57 -3 3 17 40

0 21 56 68 -6 18 19 42

0 13 31 74 -8 19 34 41

0 2 3 47 -2 5 21 13

0 27 66 38 -10 3 48 19

0 6 93 37 -20 5 24 9

0 17 71 89 -2 9 14 40

0 5 43 50 -5 36 42 43

0 6 67 52 -2 16 31 40

0 17 41 95 -5 9 42 17

0 3 87 17 -16 4 47 3

0 14 38 92 -18 3 43 16

0 28 41 24 -17 33 34 40

0 8 16 64 -12 18 23 21

0 38 49 27 -8 33 49 39

0 1 7 43 -15 3 4 1

0 6 87 32 -17 5 20 46

0 2 8 91 -4 26 41 46

0 18 26 14 -19 12 17 41

0 1 6 68 -15 20 38 30

0 0 4 54 -10 19 43 43

0 23 33 57 -12 18 42 17

0 0 22 17 -7 15 31 29

0 8 22 86 -8 3 18 9

0 4 10 11 -13 0 1 38

0 6 7 79 -8 22 35 3

0 11 21 19 -11 1 6 38

0 2 17 11 -10 10 25 1

0 4 6 80 -9 10 46 20

0 5 10 84 -19 14 31 14

0 16 40 32 -17 18 29 37

0 17 37 9 -19 23 34 36

0 7 18 73 -11 30 37 0

0 1 14 5 -3 4 5 40

0 1 2 94 -20 14 28 7

0 5 13 67 -12 30 38 18

0 11 17 37 -6 4 23 42

0 0 27 32 -3 2 3 37


SAlphaB: 1060.0, std-dev 389.47511298716336

Earliest win: 37
Latest win: 81

WinDepth:
0 0 0 0 0 0 0 0 0 0 0 0 0 0 0 0 0 0 0 0 0 0 0 0 0 0 0 0 0 0 0 0 0 0 0 0 0 2 0 0 1 6 5 11 18 17 6 32 18 47 47 139 57 110 62 198 91 186 128 185 155 218 233 373 295 383 396 426 406 434 473 429 454 424 427 369 284 230 193 145 107 68 
SAlphaB:
0 0 0 0 0 0 0 0 0 0 0 0 0 0 0 0 0 0 0 0 0 0 0 0 0 0 0 0 0 0 0 0 0 0 0 0 0 2 0 0 1 6 5 11 18 17 6 32 18 47 47 139 57 110 62 198 91 186 128 185 155 218 233 373 295 383 396 426 406 434 473 429 454 424 427 369 284 230 193 145 107 68 

LossDepth:
SAlphaB:
0 0 0 0 0 0 0 0 0 0 0 0 0 0 0 0 0 0 0 0 0 0 0 0 0 0 0 0 0 0 0 0 0 0 0 0 0 2 0 0 1 6 5 11 18 17 6 32 18 47 47 139 57 110 62 198 91 186 128 185 155 218 233 373 295 383 396 426 406 434 473 429 454 424 427 369 284 230 193 145 107 68 

FirstWin:
0 0 0 0 0 0 0 0 0 0 0 0 0 0 0 0 0 0 0 0 0 0 0 0 0 0 0 0 0 0 0 0 0 0 0 0 0 2 0 0 0 6 0 11 0 17 0 32 0 47 0 139 0 110 0 198 0 186 0 185 0 218 0 373 0 383 0 426 0 434 0 429 0 424 0 369 0 230 0 145 0 68 
SAlphaB:
0 0 0 0 0 0 0 0 0 0 0 0 0 0 0 0 0 0 0 0 0 0 0 0 0 0 0 0 0 0 0 0 0 0 0 0 0 2 0 0 0 6 0 11 0 17 0 32 0 47 0 139 0 110 0 198 0 186 0 185 0 218 0 373 0 383 0 426 0 434 0 429 0 424 0 369 0 230 0 145 0 68 

SecondWin:
0 0 0 0 0 0 0 0 0 0 0 0 0 0 0 0 0 0 0 0 0 0 0 0 0 0 0 0 0 0 0 0 0 0 0 0 0 0 0 0 1 0 5 0 18 0 6 0 18 0 47 0 57 0 62 0 91 0 128 0 155 0 233 0 295 0 396 0 406 0 473 0 454 0 427 0 284 0 193 0 107 0 
SAlphaB:
0 0 0 0 0 0 0 0 0 0 0 0 0 0 0 0 0 0 0 0 0 0 0 0 0 0 0 0 0 0 0 0 0 0 0 0 0 0 0 0 1 0 5 0 18 0 6 0 18 0 47 0 57 0 62 0 91 0 128 0 155 0 233 0 295 0 396 0 406 0 473 0 454 0 427 0 284 0 193 0 107 0 
