0 58 92 30 -5 6 22 10

0 23 57 4 -18 0 1 10

0 33 46 75 -17 0 2 25

0 57 92 67 -5 14 39 34

0 61 68 55 -2 25 44 39

0 33 82 60 -16 0 10 48

0 54 61 88 -11 5 32 32

0 25 60 42 -1 1 15 8

0 32 61 28 -3 6 19 17

0 52 86 64 -9 5 9 25

0 82 87 84 -19 1 14 1

0 28 32 40 -7 1 7 18

0 94 97 72 -16 3 27 5

0 15 62 66 -18 6 7 8

0 17 36 96 -6 1 3 23

0 29 75 84 -8 1 29 24

0 62 92 35 -15 16 25 29

0 25 91 88 -5 1 32 13

0 36 72 72 -17 0 9 42

0 25 77 57 -4 6 8 23

0 60 80 93 -12 22 34 45

0 7 27 41 -14 5 7 8

0 91 97 71 -12 1 4 3

0 16 61 16 -15 0 16 20

0 68 85 84 -9 3 4 11

0 54 55 83 -9 2 11 0

0 62 75 19 -18 14 26 5

0 33 69 70 -7 32 44 21

0 2 39 5 -6 13 27 19

0 45 54 62 -16 2 14 37

0 20 47 3 -7 27 30 8

0 65 93 81 -12 23 42 27

0 65 66 75 -13 3 4 6

0 33 77 31 -20 9 32 17

0 22 63 85 -2 2 18 41

0 59 97 8 -10 0 2 45

0 35 61 44 -4 1 3 35

0 28 85 49 -11 7 28 18

0 37 55 83 -14 1 2 38

0 33 38 23 -4 10 22 34

0 35 55 15 -13 4 8 10

0 0 80 48 -10 12 20 5

0 5 88 1 -15 13 36 36

0 46 92 61 -20 0 1 46

0 42 53 72 -10 44 45 6

0 21 86 78 -11 26 43 15

0 33 63 34 -20 16 40 49

0 19 68 82 -17 1 2 26

0 19 51 3 -5 0 4 34

0 7 97 46 -14 32 37 26

0 10 55 88 -7 11 41 44

0 24 55 36 -16 12 34 12

0 88 90 25 -9 2 5 36

0 51 60 94 -19 1 22 12

0 8 91 25 -4 9 25 28

0 14 49 79 -3 6 13 43

0 27 90 3 -19 5 30 11

0 18 42 43 -17 2 7 44

0 19 79 49 -3 5 45 31

0 19 43 16 -14 19 20 31

0 2 84 11 -20 9 12 43

0 6 16 80 -14 19 22 22

0 16 90 86 -7 22 43 33

0 6 83 32 -18 12 43 45

0 37 49 28 -12 0 43 11

0 57 94 41 -5 47 48 5

0 15 81 55 -7 16 30 16

0 44 90 30 -7 41 46 28

0 33 61 1 -20 2 3 43

0 18 28 54 -11 8 23 35

0 17 37 84 -12 32 33 10

0 4 9 47 -18 15 19 28

0 19 32 45 -7 18 31 45

0 20 66 86 -5 17 21 2

0 0 3 42 -18 10 43 16

0 3 28 80 -18 16 29 35

0 0 29 24 -18 6 20 2

0 6 49 84 -11 5 7 29

0 4 6 42 -11 2 15 2

0 42 45 49 -2 22 23 6

0 5 78 79 -7 7 29 29

0 8 45 63 -14 20 22 46

0 12 21 64 -4 19 35 49

0 0 5 81 -18 18 46 18

0 1 9 31 -5 13 15 11

0 5 6 53 -9 25 48 3

0 4 5 66 -16 12 30 12

0 1 4 64 -17 4 21 28

0 2 32 89 -2 7 36 16

0 5 33 48 -11 1 22 23

0 12 24 43 -12 0 26 35

0 14 31 87 -1 40 48 0

0 1 12 3 -2 19 23 33

0 1 12 20 -8 23 26 16

0 2 4 52 -6 2 23 35

0 11 13 29 -13 17 26 4

0 3 4 28 -8 36 37 31

0 3 4 42 -10 1 2 32

0 1 2 71 -3 0 8 33

0 4 8 15 -4 27 30 2


SAlphaB: 1039.0, std-dev 403.71805149263525

Earliest win: 37
Latest win: 81

WinDepth:
0 0 0 0 0 0 0 0 0 0 0 0 0 0 0 0 0 0 0 0 0 0 0 0 0 0 0 0 0 0 0 0 0 0 0 0 0 3 2 6 28 8 5 13 4 19 14 31 33 64 54 196 94 81 87 205 122 210 128 184 151 226 224 345 340 358 434 398 408 426 444 480 410 369 434 337 270 242 196 142 98 90 
SAlphaB:
0 0 0 0 0 0 0 0 0 0 0 0 0 0 0 0 0 0 0 0 0 0 0 0 0 0 0 0 0 0 0 0 0 0 0 0 0 3 2 6 28 8 5 13 4 19 14 31 33 64 54 196 94 81 87 205 122 210 128 184 151 226 224 345 340 358 434 398 408 426 444 480 410 369 434 337 270 242 196 142 98 90 

LossDepth:
SAlphaB:
0 0 0 0 0 0 0 0 0 0 0 0 0 0 0 0 0 0 0 0 0 0 0 0 0 0 0 0 0 0 0 0 0 0 0 0 0 3 2 6 28 8 5 13 4 19 14 31 33 64 54 196 94 81 87 205 122 210 128 184 151 226 224 345 340 358 434 398 408 426 444 480 410 369 434 337 270 242 196 142 98 90 

FirstWin:
0 0 0 0 0 0 0 0 0 0 0 0 0 0 0 0 0 0 0 0 0 0 0 0 0 0 0 0 0 0 0 0 0 0 0 0 0 3 0 6 0 8 0 13 0 19 0 31 0 64 0 196 0 81 0 205 0 210 0 184 0 226 0 345 0 358 0 398 0 426 0 480 0 369 0 337 0 242 0 142 0 90 
SAlphaB:
0 0 0 0 0 0 0 0 0 0 0 0 0 0 0 0 0 0 0 0 0 0 0 0 0 0 0 0 0 0 0 0 0 0 0 0 0 3 0 6 0 8 0 13 0 19 0 31 0 64 0 196 0 81 0 205 0 210 0 184 0 226 0 345 0 358 0 398 0 426 0 480 0 369 0 337 0 242 0 142 0 90 

SecondWin:
0 0 0 0 0 0 0 0 0 0 0 0 0 0 0 0 0 0 0 0 0 0 0 0 0 0 0 0 0 0 0 0 0 0 0 0 0 0 2 0 28 0 5 0 4 0 14 0 33 0 54 0 94 0 87 0 122 0 128 0 151 0 224 0 340 0 434 0 408 0 444 0 410 0 434 0 270 0 196 0 98 0 
SAlphaB:
0 0 0 0 0 0 0 0 0 0 0 0 0 0 0 0 0 0 0 0 0 0 0 0 0 0 0 0 0 0 0 0 0 0 0 0 0 0 2 0 28 0 5 0 4 0 14 0 33 0 54 0 94 0 87 0 122 0 128 0 151 0 224 0 340 0 434 0 408 0 444 0 410 0 434 0 270 0 196 0 98 0 
