0 25 69 59 -16 0 1 10

0 5 78 70 -20 14 34 28

0 45 96 2 -11 2 4 17

0 43 83 0 -11 9 32 39

0 3 84 54 -5 7 15 6

0 9 95 62 -9 20 22 21

0 36 71 53 -7 13 24 11

0 69 73 37 -15 9 31 19

0 74 85 67 -13 1 5 32

0 17 58 83 -1 15 17 18

0 30 53 22 -10 12 16 16

0 38 88 95 -2 5 17 43

0 43 99 47 -8 1 2 10

0 44 75 96 -19 4 26 4

0 61 68 23 -5 1 35 19

0 18 38 75 -6 0 1 0

0 35 74 49 -1 2 11 21

0 53 68 65 -17 9 11 21

0 23 54 89 -4 2 7 18

0 53 96 22 -12 1 2 35

0 83 92 76 -15 6 15 31

0 43 58 46 -4 5 39 14

0 45 50 87 -11 0 31 37

0 59 70 88 -15 1 33 31

0 34 64 76 -14 25 46 21

0 22 24 3 -1 19 31 8

0 38 52 46 -8 5 30 33

0 23 29 43 -18 5 13 15

0 27 72 16 -20 6 8 25

0 3 85 52 -16 13 23 17

0 84 92 87 -11 21 44 32

0 22 88 6 -20 15 43 35

0 9 59 42 -17 17 19 28

0 9 98 87 -9 4 42 5

0 4 81 27 -20 4 8 18

0 13 68 60 -1 0 14 29

0 68 86 25 -6 1 6 33

0 9 70 23 -20 18 49 26

0 1 41 36 -15 0 2 7

0 10 43 92 -10 30 37 40

0 33 76 30 -1 29 35 18

0 57 66 75 -2 7 20 30

0 41 54 29 -12 2 12 49

0 8 46 51 -6 41 47 17

0 25 31 78 -10 4 5 47

0 20 90 68 -3 0 1 40

0 44 61 48 -2 4 46 13

0 8 31 68 -20 12 37 31

0 11 82 50 -4 34 37 36

0 5 17 94 -2 7 18 30

0 32 63 99 -6 0 1 20

0 20 72 64 -19 4 44 45

0 71 92 61 -20 33 42 38

0 0 61 67 -9 0 1 7

0 58 61 98 -17 2 3 32

0 12 44 43 -2 21 31 26

0 6 28 64 -12 9 21 7

0 6 37 36 -3 2 31 1

0 6 32 93 -5 8 21 39

0 6 10 85 -3 11 15 21

0 1 37 17 -7 8 10 19

0 48 80 87 -3 35 45 44

0 0 29 13 -11 1 10 1

0 1 7 40 -13 1 5 12

0 2 22 47 -4 15 43 18

0 53 55 97 -11 12 38 24

0 11 25 4 -2 6 20 25

0 41 45 92 -5 17 34 38

0 3 4 93 -9 16 36 1

0 30 50 31 -11 18 44 5

0 7 16 94 -11 20 34 23

0 38 42 72 -19 38 41 44

0 15 31 58 -14 9 40 4

0 6 11 41 -8 5 33 13

0 4 12 36 -14 0 2 46

0 7 11 51 -4 15 30 32

0 4 12 39 -13 8 25 34

0 50 84 15 -13 44 49 47

0 0 20 24 -13 16 33 30

0 4 16 86 -20 19 28 37

0 4 32 42 -17 7 44 46

0 12 97 31 -20 5 7 47

0 1 25 2 -8 9 40 34

0 5 31 23 -17 6 27 49

0 0 4 22 -16 15 21 7

0 11 27 58 -1 7 26 31

0 30 33 30 -1 18 45 31

0 17 23 42 -7 0 47 32

0 1 13 3 -10 27 33 17

0 37 63 42 -2 22 36 45

0 8 12 94 -6 30 38 11

0 4 7 0 -12 27 37 30

0 8 17 31 -3 37 43 23

0 4 8 3 -1 11 44 34

0 0 7 11 -3 8 19 23

0 20 22 83 -19 10 30 0

0 7 13 76 -3 15 46 2

0 1 2 27 -9 39 46 24

0 3 9 86 -18 5 27 0

0 10 11 3 -14 18 29 0


SAlphaB: 1059.0, std-dev 391.6983134861303

Earliest win: 37
Latest win: 81

WinDepth:
0 0 0 0 0 0 0 0 0 0 0 0 0 0 0 0 0 0 0 0 0 0 0 0 0 0 0 0 0 0 0 0 0 0 0 0 0 2 1 2 1 2 6 6 15 15 14 67 15 71 47 191 58 141 91 169 114 177 159 191 175 282 230 333 290 341 474 406 465 372 418 418 435 367 451 369 274 210 185 142 109 76 
SAlphaB:
0 0 0 0 0 0 0 0 0 0 0 0 0 0 0 0 0 0 0 0 0 0 0 0 0 0 0 0 0 0 0 0 0 0 0 0 0 2 1 2 1 2 6 6 15 15 14 67 15 71 47 191 58 141 91 169 114 177 159 191 175 282 230 333 290 341 474 406 465 372 418 418 435 367 451 369 274 210 185 142 109 76 

LossDepth:
SAlphaB:
0 0 0 0 0 0 0 0 0 0 0 0 0 0 0 0 0 0 0 0 0 0 0 0 0 0 0 0 0 0 0 0 0 0 0 0 0 2 1 2 1 2 6 6 15 15 14 67 15 71 47 191 58 141 91 169 114 177 159 191 175 282 230 333 290 341 474 406 465 372 418 418 435 367 451 369 274 210 185 142 109 76 

FirstWin:
0 0 0 0 0 0 0 0 0 0 0 0 0 0 0 0 0 0 0 0 0 0 0 0 0 0 0 0 0 0 0 0 0 0 0 0 0 2 0 2 0 2 0 6 0 15 0 67 0 71 0 191 0 141 0 169 0 177 0 191 0 282 0 333 0 341 0 406 0 372 0 418 0 367 0 369 0 210 0 142 0 76 
SAlphaB:
0 0 0 0 0 0 0 0 0 0 0 0 0 0 0 0 0 0 0 0 0 0 0 0 0 0 0 0 0 0 0 0 0 0 0 0 0 2 0 2 0 2 0 6 0 15 0 67 0 71 0 191 0 141 0 169 0 177 0 191 0 282 0 333 0 341 0 406 0 372 0 418 0 367 0 369 0 210 0 142 0 76 

SecondWin:
0 0 0 0 0 0 0 0 0 0 0 0 0 0 0 0 0 0 0 0 0 0 0 0 0 0 0 0 0 0 0 0 0 0 0 0 0 0 1 0 1 0 6 0 15 0 14 0 15 0 47 0 58 0 91 0 114 0 159 0 175 0 230 0 290 0 474 0 465 0 418 0 435 0 451 0 274 0 185 0 109 0 
SAlphaB:
0 0 0 0 0 0 0 0 0 0 0 0 0 0 0 0 0 0 0 0 0 0 0 0 0 0 0 0 0 0 0 0 0 0 0 0 0 0 1 0 1 0 6 0 15 0 14 0 15 0 47 0 58 0 91 0 114 0 159 0 175 0 230 0 290 0 474 0 465 0 418 0 435 0 451 0 274 0 185 0 109 0 
