0 34 66 60 -19 0 3 16

0 62 97 12 -12 8 16 12

0 60 92 6 -14 9 41 29

0 12 50 71 -6 0 2 16

0 33 95 7 -19 0 12 39

0 25 74 44 -6 21 43 1

0 24 26 60 -6 20 33 11

0 35 97 92 -5 3 4 20

0 28 69 90 -17 28 39 30

0 23 86 26 -15 1 16 14

0 85 99 85 -9 4 47 10

0 59 98 39 -2 3 22 18

0 32 53 52 -10 6 7 16

0 73 98 99 -9 18 22 15

0 8 46 86 -13 26 42 21

0 10 30 94 -14 0 1 25

0 60 71 63 -19 0 15 46

0 40 85 53 -10 8 11 10

0 13 60 73 -1 12 32 18

0 32 47 9 -4 5 15 32

0 30 44 71 -15 17 34 26

0 22 61 99 -9 13 25 4

0 24 45 39 -11 10 13 22

0 22 26 89 -16 0 3 3

0 33 42 99 -6 22 47 33

0 48 73 51 -12 7 45 40

0 11 52 34 -16 34 36 9

0 20 42 2 -17 6 7 24

0 13 99 23 -2 0 48 18

0 35 48 1 -13 1 17 10

0 51 81 59 -15 0 3 25

0 12 61 66 -19 17 27 1

0 18 66 52 -4 0 48 7

0 58 93 98 -13 34 40 48

0 56 63 71 -13 3 44 41

0 2 19 75 -19 38 41 43

0 9 99 30 -16 27 49 2

0 63 93 63 -15 3 37 15

0 82 84 96 -6 2 7 34

0 21 54 0 -18 1 15 13

0 31 32 8 -17 0 25 39

0 1 40 90 -12 26 32 16

0 10 63 38 -19 13 42 18

0 28 52 99 -11 16 29 25

0 48 69 40 -17 14 15 42

0 12 13 97 -8 9 22 0

0 39 40 3 -4 35 39 33

0 55 59 20 -10 0 6 26

0 42 80 74 -10 11 14 48

0 18 28 9 -7 10 16 47

0 3 65 32 -19 22 42 37

0 14 56 38 -11 3 12 14

0 36 41 39 -5 17 32 11

0 23 79 51 -7 4 43 28

0 5 17 94 -19 0 1 4

0 46 50 16 -18 24 37 26

0 44 87 94 -5 4 49 4

0 37 70 19 -13 25 36 7

0 12 90 12 -5 19 35 18

0 5 53 4 -16 5 27 41

0 7 37 7 -9 15 29 36

0 12 16 36 -5 0 1 27

0 13 18 29 -17 1 2 33

0 0 8 85 -6 14 45 47

0 0 71 73 -6 6 47 16

0 14 40 19 -15 40 48 7

0 15 50 45 -7 1 44 45

0 29 32 3 -9 17 44 26

0 92 99 29 -19 39 42 0

0 10 16 10 -10 1 10 11

0 12 37 41 -9 17 42 20

0 14 24 24 -15 9 12 41

0 0 21 23 -1 12 24 6

0 7 13 50 -16 1 2 37

0 2 13 56 -8 11 24 36

0 54 83 21 -20 22 30 3

0 0 1 42 -16 7 15 20

0 5 9 31 -19 7 34 21

0 4 29 8 -14 19 31 29

0 16 29 6 -5 1 24 47

0 15 33 35 -2 0 1 44

0 14 42 22 -2 0 2 48

0 1 26 84 -8 7 41 39

0 4 7 46 -6 0 11 18

0 14 28 6 -16 14 38 23

0 9 19 35 -12 7 24 47

0 6 8 80 -12 21 28 26

0 15 16 38 -7 24 40 18

0 3 20 19 -2 8 40 19

0 4 6 82 -12 27 29 2

0 0 12 54 -6 3 5 38

0 5 67 34 -14 2 18 42

0 4 6 71 -8 17 34 39

0 3 4 15 -13 45 47 21

0 9 13 27 -5 35 44 41

0 6 13 17 -18 19 45 42

0 6 10 5 -15 29 47 16

0 5 9 29 -2 41 45 25

0 1 8 31 -14 2 4 47

0 0 3 47 -1 23 30 9


SAlphaB: 1030.0, std-dev 405.4633663034694

Earliest win: 37
Latest win: 81

WinDepth:
0 0 0 0 0 0 0 0 0 0 0 0 0 0 0 0 0 0 0 0 0 0 0 0 0 0 0 0 0 0 0 0 0 0 0 0 0 2 1 2 1 4 4 5 13 15 13 48 40 102 46 233 72 122 137 181 120 189 163 188 168 238 234 293 343 383 373 384 435 429 432 435 459 370 381 343 273 249 195 143 81 64 
SAlphaB:
0 0 0 0 0 0 0 0 0 0 0 0 0 0 0 0 0 0 0 0 0 0 0 0 0 0 0 0 0 0 0 0 0 0 0 0 0 2 1 2 1 4 4 5 13 15 13 48 40 102 46 233 72 122 137 181 120 189 163 188 168 238 234 293 343 383 373 384 435 429 432 435 459 370 381 343 273 249 195 143 81 64 

LossDepth:
SAlphaB:
0 0 0 0 0 0 0 0 0 0 0 0 0 0 0 0 0 0 0 0 0 0 0 0 0 0 0 0 0 0 0 0 0 0 0 0 0 2 1 2 1 4 4 5 13 15 13 48 40 102 46 233 72 122 137 181 120 189 163 188 168 238 234 293 343 383 373 384 435 429 432 435 459 370 381 343 273 249 195 143 81 64 

FirstWin:
0 0 0 0 0 0 0 0 0 0 0 0 0 0 0 0 0 0 0 0 0 0 0 0 0 0 0 0 0 0 0 0 0 0 0 0 0 2 0 2 0 4 0 5 0 15 0 48 0 102 0 233 0 122 0 181 0 189 0 188 0 238 0 293 0 383 0 384 0 429 0 435 0 370 0 343 0 249 0 143 0 64 
SAlphaB:
0 0 0 0 0 0 0 0 0 0 0 0 0 0 0 0 0 0 0 0 0 0 0 0 0 0 0 0 0 0 0 0 0 0 0 0 0 2 0 2 0 4 0 5 0 15 0 48 0 102 0 233 0 122 0 181 0 189 0 188 0 238 0 293 0 383 0 384 0 429 0 435 0 370 0 343 0 249 0 143 0 64 

SecondWin:
0 0 0 0 0 0 0 0 0 0 0 0 0 0 0 0 0 0 0 0 0 0 0 0 0 0 0 0 0 0 0 0 0 0 0 0 0 0 1 0 1 0 4 0 13 0 13 0 40 0 46 0 72 0 137 0 120 0 163 0 168 0 234 0 343 0 373 0 435 0 432 0 459 0 381 0 273 0 195 0 81 0 
SAlphaB:
0 0 0 0 0 0 0 0 0 0 0 0 0 0 0 0 0 0 0 0 0 0 0 0 0 0 0 0 0 0 0 0 0 0 0 0 0 0 1 0 1 0 4 0 13 0 13 0 40 0 46 0 72 0 137 0 120 0 163 0 168 0 234 0 343 0 373 0 435 0 432 0 459 0 381 0 273 0 195 0 81 0 
