0 43 83 58 -9 10 21 23

0 66 78 90 -20 1 7 15

0 21 85 57 -2 5 17 21

0 57 62 49 -6 6 20 10

0 1 74 50 -2 6 15 3

0 63 69 80 -10 4 17 7

0 27 50 50 -12 0 18 36

0 70 71 3 -7 8 33 9

0 36 61 95 -18 0 29 4

0 32 44 91 -4 12 31 20

0 33 50 48 -7 2 7 20

0 22 62 89 -18 7 18 31

0 60 99 22 -1 18 22 0

0 7 99 63 -1 11 27 18

0 20 41 70 -20 2 6 30

0 91 96 2 -11 13 41 5

0 21 99 7 -16 1 15 35

0 71 95 15 -15 5 13 25

0 36 49 60 -14 2 3 17

0 15 49 96 -4 18 33 7

0 6 67 65 -2 11 25 31

0 6 90 55 -15 4 15 15

0 22 81 45 -4 1 22 17

0 53 86 7 -2 2 7 4

0 51 84 49 -10 12 41 46

0 47 76 10 -6 2 6 1

0 63 79 63 -15 18 24 8

0 6 67 80 -9 6 20 28

0 49 75 68 -8 21 44 42

0 16 34 92 -12 18 27 17

0 61 69 2 -3 5 31 15

0 9 46 42 -7 0 12 5

0 23 62 99 -13 15 33 0

0 23 84 1 -13 13 14 31

0 17 51 87 -13 41 48 23

0 13 39 86 -9 2 16 12

0 0 99 38 -3 7 9 41

0 58 71 4 -16 6 12 7

0 0 49 96 -4 10 13 30

0 35 89 23 -11 25 35 2

0 45 76 98 -3 5 28 49

0 54 82 72 -14 15 17 31

0 32 43 32 -16 35 40 30

0 52 82 18 -16 19 25 23

0 81 90 66 -8 7 8 38

0 17 24 66 -18 24 27 19

0 89 92 39 -7 1 3 18

0 6 19 48 -17 11 14 21

0 19 93 74 -19 19 26 31

0 38 43 89 -15 22 26 9

0 23 57 60 -5 16 31 31

0 11 34 4 -11 29 39 32

0 19 66 4 -16 11 16 21

0 4 30 65 -10 26 27 11

0 36 69 81 -19 4 42 31

0 0 66 24 -9 13 20 2

0 54 65 9 -14 28 32 19

0 55 57 65 -6 0 1 47

0 14 98 77 -3 9 42 44

0 15 42 6 -12 9 45 34

0 25 72 46 -19 31 32 20

0 5 43 29 -13 6 28 19

0 14 56 99 -6 29 34 39

0 7 73 33 -10 6 15 39

0 36 78 32 -7 43 45 4

0 12 75 80 -16 37 40 23

0 7 15 84 -15 11 20 10

0 5 12 69 -20 19 43 41

0 4 21 82 -12 16 48 43

0 57 72 83 -6 34 49 23

0 11 84 42 -1 1 38 31

0 42 45 55 -11 26 45 33

0 4 50 24 -1 10 15 42

0 28 42 17 -14 16 21 11

0 14 22 55 -7 3 7 43

0 20 23 54 -12 12 14 24

0 12 19 35 -13 15 35 22

0 4 61 51 -9 1 6 15

0 2 3 85 -9 6 17 16

0 3 22 23 -19 12 23 2

0 20 23 97 -20 5 28 41

0 2 6 86 -20 24 46 12

0 5 13 94 -18 0 1 36

0 8 11 32 -7 26 41 9

0 1 24 45 -14 1 22 13

0 7 15 94 -4 19 29 45

0 2 5 70 -18 20 23 16

0 2 3 1 -3 10 13 4

0 3 13 19 -20 12 49 11

0 14 19 34 -15 26 33 49

0 16 54 45 -20 18 32 46

0 1 2 35 -14 44 48 21

0 14 21 69 -20 10 15 19

0 51 54 71 -18 41 44 1

0 4 7 54 -2 3 12 25

0 4 8 2 -11 16 30 44

0 2 4 94 -5 2 3 15

0 1 21 33 -1 20 22 46

0 4 15 3 -20 7 17 48

0 8 22 27 -7 5 25 45


SAlphaB: 1047.0, std-dev 405.83966443944735

Earliest win: 37
Latest win: 81

WinDepth:
0 0 0 0 0 0 0 0 0 0 0 0 0 0 0 0 0 0 0 0 0 0 0 0 0 0 0 0 0 0 0 0 0 0 0 0 0 1 0 3 1 5 0 16 16 12 10 16 37 79 72 200 105 110 88 175 151 189 128 194 129 236 238 265 349 394 405 407 492 406 464 460 436 414 390 370 274 248 175 129 95 52 
SAlphaB:
0 0 0 0 0 0 0 0 0 0 0 0 0 0 0 0 0 0 0 0 0 0 0 0 0 0 0 0 0 0 0 0 0 0 0 0 0 1 0 3 1 5 0 16 16 12 10 16 37 79 72 200 105 110 88 175 151 189 128 194 129 236 238 265 349 394 405 407 492 406 464 460 436 414 390 370 274 248 175 129 95 52 

LossDepth:
SAlphaB:
0 0 0 0 0 0 0 0 0 0 0 0 0 0 0 0 0 0 0 0 0 0 0 0 0 0 0 0 0 0 0 0 0 0 0 0 0 1 0 3 1 5 0 16 16 12 10 16 37 79 72 200 105 110 88 175 151 189 128 194 129 236 238 265 349 394 405 407 492 406 464 460 436 414 390 370 274 248 175 129 95 52 

FirstWin:
0 0 0 0 0 0 0 0 0 0 0 0 0 0 0 0 0 0 0 0 0 0 0 0 0 0 0 0 0 0 0 0 0 0 0 0 0 1 0 3 0 5 0 16 0 12 0 16 0 79 0 200 0 110 0 175 0 189 0 194 0 236 0 265 0 394 0 407 0 406 0 460 0 414 0 370 0 248 0 129 0 52 
SAlphaB:
0 0 0 0 0 0 0 0 0 0 0 0 0 0 0 0 0 0 0 0 0 0 0 0 0 0 0 0 0 0 0 0 0 0 0 0 0 1 0 3 0 5 0 16 0 12 0 16 0 79 0 200 0 110 0 175 0 189 0 194 0 236 0 265 0 394 0 407 0 406 0 460 0 414 0 370 0 248 0 129 0 52 

SecondWin:
0 0 0 0 0 0 0 0 0 0 0 0 0 0 0 0 0 0 0 0 0 0 0 0 0 0 0 0 0 0 0 0 0 0 0 0 0 0 0 0 1 0 0 0 16 0 10 0 37 0 72 0 105 0 88 0 151 0 128 0 129 0 238 0 349 0 405 0 492 0 464 0 436 0 390 0 274 0 175 0 95 0 
SAlphaB:
0 0 0 0 0 0 0 0 0 0 0 0 0 0 0 0 0 0 0 0 0 0 0 0 0 0 0 0 0 0 0 0 0 0 0 0 0 0 0 0 1 0 0 0 16 0 10 0 37 0 72 0 105 0 88 0 151 0 128 0 129 0 238 0 349 0 405 0 492 0 464 0 436 0 390 0 274 0 175 0 95 0 
