0 38 89 22 -17 1 6 21

0 25 75 72 -13 0 2 3

0 48 83 94 -4 2 25 12

0 58 81 63 -9 13 26 21

0 59 72 14 -2 7 27 17

0 42 99 95 -2 16 39 35

0 12 61 51 -14 16 35 16

0 64 97 47 -2 16 46 7

0 76 89 57 -3 5 17 19

0 53 90 62 -20 5 6 14

0 31 93 36 -17 2 23 10

0 27 33 98 -9 5 7 4

0 45 81 18 -6 0 18 17

0 38 83 25 -20 28 47 8

0 39 69 81 -7 15 28 36

0 10 22 70 -14 0 1 8

0 38 39 91 -13 0 1 5

0 42 71 6 -10 1 5 8

0 62 89 72 -15 23 29 49

0 54 80 37 -13 6 44 15

0 8 34 36 -20 5 11 13

0 48 58 72 -16 2 32 16

0 18 34 48 -8 20 31 8

0 34 38 36 -6 13 25 37

0 57 69 80 -3 3 20 32

0 43 58 75 -3 11 44 22

0 42 87 95 -12 16 32 10

0 45 60 9 -14 0 1 5

0 24 88 17 -2 17 33 24

0 74 91 31 -16 21 43 42

0 68 79 93 -1 30 31 27

0 38 79 0 -4 17 20 35

0 39 73 55 -19 8 37 18

0 52 71 42 -17 5 13 1

0 39 59 22 -9 17 22 15

0 24 40 83 -17 7 19 3

0 14 81 74 -2 14 23 23

0 20 83 87 -4 0 5 33

0 27 39 62 -13 17 20 9

0 45 68 21 -13 22 31 24

0 1 33 56 -12 18 36 5

0 11 20 32 -12 1 5 11

0 5 31 19 -8 5 16 23

0 18 29 59 -16 5 6 7

0 21 39 86 -7 26 38 0

0 2 36 83 -10 9 14 3

0 24 49 76 -5 0 1 35

0 7 51 11 -10 12 32 22

0 8 93 52 -10 16 31 48

0 7 49 28 -1 16 35 36

0 0 22 37 -2 1 3 27

0 30 44 19 -6 0 4 32

0 48 52 26 -2 35 40 30

0 29 33 42 -19 30 40 42

0 19 51 45 -16 8 32 22

0 69 81 22 -13 27 47 16

0 17 55 99 -17 27 31 41

0 35 57 30 -10 32 44 11

0 65 85 80 -14 32 35 32

0 24 67 24 -9 16 45 16

0 87 91 94 -11 0 2 31

0 1 21 90 -7 30 36 39

0 55 59 77 -18 24 41 44

0 14 88 46 -14 39 47 19

0 28 98 35 -1 30 38 19

0 36 62 1 -20 19 25 28

0 31 46 57 -11 28 34 30

0 16 36 68 -20 14 25 30

0 21 35 19 -6 42 45 34

0 31 49 99 -18 32 34 45

0 25 31 42 -15 7 31 0

0 4 35 6 -14 10 35 0

0 13 57 85 -7 0 8 43

0 20 26 14 -12 21 43 6

0 9 39 34 -14 24 43 3

0 28 36 9 -6 9 43 20

0 8 14 46 -10 7 25 19

0 0 6 61 -2 36 45 40

0 16 45 32 -4 24 30 42

0 11 21 97 -5 5 42 36

0 15 16 74 -15 2 38 33

0 18 26 3 -2 36 39 40

0 27 65 29 -12 32 42 49

0 3 6 68 -4 6 20 3

0 19 27 33 -5 4 9 47

0 7 26 25 -17 4 24 0

0 26 32 41 -19 17 29 17

0 2 39 92 -1 6 48 1

0 5 6 24 -11 2 13 24

0 9 19 6 -9 0 3 42

0 8 14 60 -16 4 23 21

0 10 12 2 -9 5 7 45

0 5 6 51 -11 36 37 1

0 0 22 16 -17 12 23 46

0 4 5 17 -8 2 15 34

0 13 16 67 -1 0 40 33

0 0 32 26 -18 1 8 47

0 7 12 16 -9 13 19 44

0 14 20 15 -19 19 24 42

0 0 7 98 -13 1 11 39


SAlphaB: 1040.0, std-dev 396.9716905281888

Earliest win: 37
Latest win: 81

WinDepth:
0 0 0 0 0 0 0 0 0 0 0 0 0 0 0 0 0 0 0 0 0 0 0 0 0 0 0 0 0 0 0 0 0 0 0 0 0 10 0 2 2 1 6 13 8 21 15 62 18 79 68 183 89 137 81 180 106 179 166 167 167 240 246 331 362 400 398 376 469 367 474 466 400 379 401 359 267 252 171 153 105 70 
SAlphaB:
0 0 0 0 0 0 0 0 0 0 0 0 0 0 0 0 0 0 0 0 0 0 0 0 0 0 0 0 0 0 0 0 0 0 0 0 0 10 0 2 2 1 6 13 8 21 15 62 18 79 68 183 89 137 81 180 106 179 166 167 167 240 246 331 362 400 398 376 469 367 474 466 400 379 401 359 267 252 171 153 105 70 

LossDepth:
SAlphaB:
0 0 0 0 0 0 0 0 0 0 0 0 0 0 0 0 0 0 0 0 0 0 0 0 0 0 0 0 0 0 0 0 0 0 0 0 0 10 0 2 2 1 6 13 8 21 15 62 18 79 68 183 89 137 81 180 106 179 166 167 167 240 246 331 362 400 398 376 469 367 474 466 400 379 401 359 267 252 171 153 105 70 

FirstWin:
0 0 0 0 0 0 0 0 0 0 0 0 0 0 0 0 0 0 0 0 0 0 0 0 0 0 0 0 0 0 0 0 0 0 0 0 0 10 0 2 0 1 0 13 0 21 0 62 0 79 0 183 0 137 0 180 0 179 0 167 0 240 0 331 0 400 0 376 0 367 0 466 0 379 0 359 0 252 0 153 0 70 
SAlphaB:
0 0 0 0 0 0 0 0 0 0 0 0 0 0 0 0 0 0 0 0 0 0 0 0 0 0 0 0 0 0 0 0 0 0 0 0 0 10 0 2 0 1 0 13 0 21 0 62 0 79 0 183 0 137 0 180 0 179 0 167 0 240 0 331 0 400 0 376 0 367 0 466 0 379 0 359 0 252 0 153 0 70 

SecondWin:
0 0 0 0 0 0 0 0 0 0 0 0 0 0 0 0 0 0 0 0 0 0 0 0 0 0 0 0 0 0 0 0 0 0 0 0 0 0 0 0 2 0 6 0 8 0 15 0 18 0 68 0 89 0 81 0 106 0 166 0 167 0 246 0 362 0 398 0 469 0 474 0 400 0 401 0 267 0 171 0 105 0 
SAlphaB:
0 0 0 0 0 0 0 0 0 0 0 0 0 0 0 0 0 0 0 0 0 0 0 0 0 0 0 0 0 0 0 0 0 0 0 0 0 0 0 0 2 0 6 0 8 0 15 0 18 0 68 0 89 0 81 0 106 0 166 0 167 0 246 0 362 0 398 0 469 0 474 0 400 0 401 0 267 0 171 0 105 0 
