0 19 87 65 -8 0 1 14

0 22 74 63 -10 4 8 8

0 25 64 21 -11 0 18 29

0 7 36 22 -12 0 6 11

0 48 77 47 -18 1 3 33

0 37 62 20 -8 0 2 7

0 64 92 25 -15 13 40 26

0 39 71 7 -10 4 24 33

0 59 93 40 -5 9 17 30

0 45 57 67 -17 31 36 33

0 68 77 84 -16 3 25 11

0 14 74 55 -13 3 7 24

0 40 48 5 -15 1 6 4

0 44 61 62 -17 0 11 25

0 18 99 99 -16 2 5 20

0 16 27 9 -15 3 7 10

0 10 22 89 -4 8 9 4

0 25 57 13 -10 11 34 16

0 10 97 73 -19 0 32 23

0 36 75 40 -4 10 13 41

0 17 20 4 -12 12 17 8

0 19 72 39 -9 1 7 29

0 1 93 69 -12 1 6 8

0 7 42 92 -9 23 44 40

0 23 26 51 -11 2 13 22

0 17 64 67 -13 14 17 27

0 17 66 55 -8 36 40 33

0 52 65 45 -13 0 4 0

0 2 31 90 -20 13 15 8

0 2 92 90 -15 32 39 10

0 82 89 16 -15 0 17 28

0 48 68 85 -4 14 18 1

0 21 55 58 -15 15 39 35

0 60 99 44 -6 0 46 32

0 1 11 74 -6 9 10 0

0 86 98 21 -10 2 7 47

0 21 22 75 -13 6 13 28

0 33 91 7 -5 10 13 8

0 32 89 6 -15 23 27 35

0 0 42 55 -19 21 23 33

0 5 52 66 -20 6 7 17

0 87 89 6 -17 15 28 7

0 1 78 26 -16 18 31 47

0 50 67 32 -8 0 5 42

0 5 52 99 -5 17 24 40

0 16 24 38 -2 29 44 20

0 5 10 94 -18 24 48 15

0 29 47 1 -2 24 34 29

0 65 83 14 -17 28 39 34

0 24 92 67 -18 21 31 24

0 8 23 93 -11 19 42 45

0 67 83 38 -9 28 43 7

0 24 86 79 -17 11 36 27

0 11 48 66 -16 22 30 10

0 35 67 3 -6 22 29 20

0 81 83 13 -3 6 30 41

0 4 23 5 -4 5 7 9

0 0 27 23 -20 21 25 36

0 17 39 43 -17 36 47 45

0 6 42 58 -9 0 1 31

0 13 15 42 -15 13 23 20

0 25 91 16 -10 24 29 49

0 45 69 87 -5 0 3 31

0 39 48 79 -8 31 49 47

0 0 6 45 -13 25 44 8

0 3 8 70 -10 1 4 20

0 18 59 42 -12 20 38 38

0 46 66 69 -5 19 30 18

0 6 10 77 -16 16 35 2

0 11 68 18 -12 17 26 31

0 70 85 56 -8 29 35 46

0 5 61 30 -7 13 47 19

0 5 24 34 -17 0 10 31

0 25 94 2 -11 21 32 17

0 17 19 21 -5 0 49 13

0 9 38 60 -11 1 15 19

0 9 20 21 -16 11 17 25

0 22 97 4 -6 27 32 7

0 28 70 53 -16 9 44 23

0 3 10 88 -16 7 23 6

0 23 31 92 -19 19 35 12

0 22 41 61 -15 4 25 46

0 3 28 42 -3 7 17 40

0 11 13 76 -7 5 19 30

0 1 4 6 -4 21 29 21

0 13 24 15 -20 4 7 26

0 1 48 10 -1 30 46 35

0 2 22 14 -18 8 20 46

0 0 2 89 -9 5 27 26

0 5 23 29 -1 34 43 17

0 2 3 62 -19 7 8 34

0 8 22 70 -12 15 22 47

0 1 7 26 -7 16 21 24

0 0 10 0 -7 3 40 41

0 39 89 0 -10 7 49 35

0 5 14 63 -8 8 26 7

0 1 7 60 -1 26 27 45

0 10 36 17 -3 16 20 34

0 20 24 27 -10 2 46 28

0 6 8 31 -20 4 17 41


SAlphaB: 1055.0, std-dev 398.0235060440983

Earliest win: 37
Latest win: 81

WinDepth:
0 0 0 0 0 0 0 0 0 0 0 0 0 0 0 0 0 0 0 0 0 0 0 0 0 0 0 0 0 0 0 0 0 0 0 0 0 1 0 0 1 6 1 10 12 20 16 76 25 103 44 186 64 93 78 164 81 178 147 201 164 246 232 266 341 366 426 394 487 349 459 496 476 384 408 400 254 289 171 135 108 77 
SAlphaB:
0 0 0 0 0 0 0 0 0 0 0 0 0 0 0 0 0 0 0 0 0 0 0 0 0 0 0 0 0 0 0 0 0 0 0 0 0 1 0 0 1 6 1 10 12 20 16 76 25 103 44 186 64 93 78 164 81 178 147 201 164 246 232 266 341 366 426 394 487 349 459 496 476 384 408 400 254 289 171 135 108 77 

LossDepth:
SAlphaB:
0 0 0 0 0 0 0 0 0 0 0 0 0 0 0 0 0 0 0 0 0 0 0 0 0 0 0 0 0 0 0 0 0 0 0 0 0 1 0 0 1 6 1 10 12 20 16 76 25 103 44 186 64 93 78 164 81 178 147 201 164 246 232 266 341 366 426 394 487 349 459 496 476 384 408 400 254 289 171 135 108 77 

FirstWin:
0 0 0 0 0 0 0 0 0 0 0 0 0 0 0 0 0 0 0 0 0 0 0 0 0 0 0 0 0 0 0 0 0 0 0 0 0 1 0 0 0 6 0 10 0 20 0 76 0 103 0 186 0 93 0 164 0 178 0 201 0 246 0 266 0 366 0 394 0 349 0 496 0 384 0 400 0 289 0 135 0 77 
SAlphaB:
0 0 0 0 0 0 0 0 0 0 0 0 0 0 0 0 0 0 0 0 0 0 0 0 0 0 0 0 0 0 0 0 0 0 0 0 0 1 0 0 0 6 0 10 0 20 0 76 0 103 0 186 0 93 0 164 0 178 0 201 0 246 0 266 0 366 0 394 0 349 0 496 0 384 0 400 0 289 0 135 0 77 

SecondWin:
0 0 0 0 0 0 0 0 0 0 0 0 0 0 0 0 0 0 0 0 0 0 0 0 0 0 0 0 0 0 0 0 0 0 0 0 0 0 0 0 1 0 1 0 12 0 16 0 25 0 44 0 64 0 78 0 81 0 147 0 164 0 232 0 341 0 426 0 487 0 459 0 476 0 408 0 254 0 171 0 108 0 
SAlphaB:
0 0 0 0 0 0 0 0 0 0 0 0 0 0 0 0 0 0 0 0 0 0 0 0 0 0 0 0 0 0 0 0 0 0 0 0 0 0 0 0 1 0 1 0 12 0 16 0 25 0 44 0 64 0 78 0 81 0 147 0 164 0 232 0 341 0 426 0 487 0 459 0 476 0 408 0 254 0 171 0 108 0 
