0 18 61 17 -8 1 7 13

0 50 96 18 -1 11 15 0

0 37 77 7 -16 4 19 22

0 72 87 52 -11 4 12 5

0 37 69 8 -11 5 18 33

0 46 92 57 -4 2 14 2

0 58 63 36 -13 3 9 14

0 39 90 9 -1 1 41 6

0 24 43 30 -6 0 9 5

0 60 85 8 -3 7 25 4

0 53 62 22 -3 15 28 21

0 43 72 46 -3 4 17 15

0 65 80 65 -2 4 26 15

0 89 94 86 -3 27 33 25

0 28 40 17 -9 1 6 9

0 66 84 83 -19 7 21 29

0 43 62 59 -16 6 19 30

0 49 71 40 -4 3 26 24

0 23 82 4 -6 2 14 8

0 80 88 97 -19 14 30 30

0 21 60 82 -13 2 5 14

0 16 80 29 -7 4 9 13

0 22 35 7 -2 1 3 0

0 18 34 28 -4 0 5 4

0 43 85 79 -12 6 24 33

0 61 78 78 -3 2 16 25

0 26 89 34 -17 0 11 3

0 31 78 97 -6 3 16 26

0 15 44 26 -12 0 6 21

0 37 85 51 -3 9 16 25

0 51 58 39 -8 4 9 5

0 43 49 42 -16 2 5 15

0 87 94 59 -11 5 34 45

0 30 94 8 -2 7 12 14

0 41 94 77 -2 1 6 16

0 50 61 68 -8 4 15 30

0 40 99 54 -20 0 1 8

0 23 49 99 -13 1 5 8

0 15 89 34 -1 1 7 2

0 9 89 8 -10 5 8 10

0 54 98 26 -17 5 24 2

0 72 97 70 -8 16 47 22

0 18 91 10 -15 0 1 19

0 39 79 48 -14 0 5 19

0 41 73 36 -13 0 5 20

0 24 41 0 -18 4 11 4

0 87 98 97 -19 1 15 27

0 69 70 44 -15 2 32 21

0 28 30 99 -7 6 17 15

0 39 53 99 -4 13 32 35

0 22 55 43 -18 0 8 34

0 47 85 66 -7 4 18 27

0 46 88 44 -13 2 22 14

0 39 79 76 -6 7 10 3

0 25 78 4 -3 0 7 24

0 89 98 73 -17 19 21 44

0 60 88 4 -1 14 17 5

0 42 99 96 -9 4 29 41

0 52 79 69 -18 3 32 24

0 12 80 54 -17 3 7 9

0 57 58 31 -2 2 25 6

0 28 61 93 -12 1 18 23

0 52 99 66 -20 5 33 27

0 59 97 81 -17 3 8 40

0 89 98 67 -6 11 14 26

0 28 64 14 -18 1 3 37

0 76 93 79 -20 10 12 36

0 39 73 66 -13 5 25 22

0 74 85 82 -13 0 1 3

0 47 90 29 -20 0 25 38

0 75 95 43 -12 1 29 1

0 54 99 14 -2 5 14 29

0 45 94 86 -10 14 29 11

0 39 73 95 -9 12 26 14

0 72 96 13 -9 7 40 20

0 22 67 84 -2 17 27 10

0 57 96 64 -8 5 6 1

0 79 84 91 -16 10 40 21

0 71 81 2 -16 8 20 26

0 9 97 10 -10 1 2 0

0 57 59 68 -1 10 12 1

0 27 60 96 -16 8 9 28

0 26 83 29 -13 5 17 23

0 41 56 79 -15 4 26 27

0 4 40 61 -4 4 5 3

0 31 80 39 -18 17 46 8

0 54 68 55 -19 12 44 35

0 26 85 80 -19 26 45 18

0 6 77 46 -6 12 28 2

0 8 87 44 -17 18 43 9

0 56 71 76 -4 17 31 45

0 22 86 87 -10 38 45 15

0 42 49 24 -17 3 8 33

0 22 67 8 -15 5 6 35

0 3 35 62 -8 26 40 19

0 40 59 91 -10 19 42 3

0 25 72 16 -8 10 12 17

0 21 59 51 -4 7 24 23

0 7 64 66 -2 28 32 27

0 43 67 52 -16 29 48 11


SAlphaB: 744.0, std-dev 248.27116997022398

Earliest win: 35
Latest win: 81

WinDepth:
0 0 0 0 0 0 0 0 0 0 0 0 0 0 0 0 0 0 0 0 0 0 0 0 0 0 0 0 0 0 0 0 0 0 0 5 3 13 2 8 7 39 14 38 22 77 38 136 37 180 173 367 151 310 187 458 364 591 340 586 453 610 634 743 773 977 889 934 982 1040 1008 942 928 907 927 732 570 480 375 276 211 149 
SAlphaB:
0 0 0 0 0 0 0 0 0 0 0 0 0 0 0 0 0 0 0 0 0 0 0 0 0 0 0 0 0 0 0 0 0 0 0 5 3 13 2 8 7 39 14 38 22 77 38 136 37 180 173 367 151 310 187 458 364 591 340 586 453 610 634 743 773 977 889 934 982 1040 1008 942 928 907 927 732 570 480 375 276 211 149 

LossDepth:
SAlphaB:
0 0 0 0 0 0 0 0 0 0 0 0 0 0 0 0 0 0 0 0 0 0 0 0 0 0 0 0 0 0 0 0 0 0 0 3 3 9 2 4 1 30 9 24 17 43 22 58 24 90 103 143 113 197 115 276 230 363 200 350 294 430 383 548 548 708 640 734 671 821 725 803 687 769 728 645 484 460 315 239 209 142 

FirstWin:
0 0 0 0 0 0 0 0 0 0 0 0 0 0 0 0 0 0 0 0 0 0 0 0 0 0 0 0 0 0 0 0 0 0 0 5 0 13 0 8 0 39 0 38 0 77 0 136 0 180 0 367 0 310 0 458 0 591 0 586 0 610 0 743 0 977 0 934 0 1040 0 942 0 907 0 732 0 480 0 276 0 149 
SAlphaB:
0 0 0 0 0 0 0 0 0 0 0 0 0 0 0 0 0 0 0 0 0 0 0 0 0 0 0 0 0 0 0 0 0 0 0 5 0 13 0 8 0 39 0 38 0 77 0 136 0 180 0 367 0 310 0 458 0 591 0 586 0 610 0 743 0 977 0 934 0 1040 0 942 0 907 0 732 0 480 0 276 0 149 

SecondWin:
0 0 0 0 0 0 0 0 0 0 0 0 0 0 0 0 0 0 0 0 0 0 0 0 0 0 0 0 0 0 0 0 0 0 0 0 3 0 2 0 7 0 14 0 22 0 38 0 37 0 173 0 151 0 187 0 364 0 340 0 453 0 634 0 773 0 889 0 982 0 1008 0 928 0 927 0 570 0 375 0 211 0 
SAlphaB:
0 0 0 0 0 0 0 0 0 0 0 0 0 0 0 0 0 0 0 0 0 0 0 0 0 0 0 0 0 0 0 0 0 0 0 0 3 0 2 0 7 0 14 0 22 0 38 0 37 0 173 0 151 0 187 0 364 0 340 0 453 0 634 0 773 0 889 0 982 0 1008 0 928 0 927 0 570 0 375 0 211 0 
