0 89 94 86 -3 27 33 25

0 42 49 24 -17 3 8 33

0 43 49 42 -16 2 5 15

0 58 63 36 -13 3 9 14

0 66 84 83 -19 7 21 29

0 7 64 66 -2 28 32 27

0 71 81 2 -16 8 20 26

0 42 99 96 -9 4 29 41

0 9 97 10 -10 1 2 0

0 47 90 29 -20 0 25 38

0 16 96 67 -7 21 23 20

0 58 62 38 -7 1 39 38

0 46 81 29 -9 11 22 31

0 58 93 55 -20 35 40 2

0 24 65 49 -19 18 39 16

0 35 73 81 -13 0 24 31

0 75 76 48 -2 3 6 8

0 40 76 47 -2 6 9 19

0 85 92 86 -17 4 11 7

0 12 33 89 -20 3 5 9

0 6 71 53 -9 9 11 17

0 21 45 82 -5 32 41 16

0 54 84 75 -5 11 19 34

0 20 40 95 -12 8 24 44

0 14 31 23 -2 23 29 0

0 22 41 54 -16 0 3 32

0 37 52 38 -17 0 1 10

0 58 87 7 -17 0 9 23

0 29 59 11 -3 28 40 14

0 48 97 80 -6 36 46 31

0 47 68 85 -16 16 38 17

0 23 94 95 -19 2 39 49

0 46 54 49 -8 0 44 9

0 16 69 10 -4 6 11 41

0 0 74 7 -18 14 15 14

0 54 56 89 -9 19 26 9

0 11 13 78 -10 4 11 2

0 22 48 53 -17 1 3 44

0 10 49 16 -16 5 9 16

0 9 50 47 -16 0 22 35

0 27 79 18 -20 17 27 10

0 6 47 36 -7 14 33 23

0 55 78 13 -5 6 49 3

0 14 58 46 -16 11 13 37

0 12 17 89 -13 25 45 17

0 8 15 39 -5 0 1 19

0 6 58 0 -18 6 9 45

0 16 34 97 -14 10 37 32

0 19 37 57 -12 14 25 19

0 1 3 36 -11 18 32 23

0 3 51 57 -5 11 29 39

0 11 87 26 -12 7 33 5

0 42 48 7 -15 8 49 30

0 12 34 19 -15 8 29 14

0 11 46 57 -7 1 3 41

0 3 5 1 -16 10 22 11

0 35 99 84 -2 4 5 33

0 46 47 91 -8 28 44 40

0 3 13 11 -17 11 17 29

0 20 25 95 -14 17 23 38

0 31 83 97 -19 10 13 5

0 34 81 1 -17 24 44 18

0 29 33 77 -6 13 14 19

0 24 82 19 -18 26 36 48

0 10 73 24 -4 22 24 47

0 9 64 30 -7 15 37 45

0 18 22 79 -18 16 40 9

0 15 29 46 -16 29 47 46

0 0 35 0 -5 13 48 24

0 47 58 41 -7 24 40 11

0 0 1 71 -20 4 9 13

0 38 95 2 -12 31 45 32

0 0 8 82 -8 15 35 30

0 6 63 20 -12 15 20 2

0 23 25 75 -19 8 36 33

0 3 8 43 -18 26 38 16

0 3 7 58 -6 0 47 1

0 52 57 71 -1 2 49 35

0 10 81 38 -1 23 44 36

0 0 3 87 -1 5 13 22

0 14 20 53 -1 4 24 4

0 5 25 97 -17 0 1 25

0 0 5 65 -7 25 37 28

0 4 63 7 -6 32 43 12

0 5 14 46 -2 36 43 4

0 1 23 15 -20 3 18 47

0 13 18 56 -5 31 36 19

0 1 8 78 -16 5 9 39

0 3 8 47 -4 0 7 29

0 0 7 8 -6 13 16 31

0 0 8 10 -7 8 43 23

0 4 11 76 -11 12 14 49

0 4 6 82 -1 15 49 5

0 0 6 54 -11 0 2 49

0 8 14 37 -11 21 35 37

0 16 17 10 -17 17 34 38

0 1 40 26 -5 4 32 48

0 0 1 38 -13 7 31 4

0 0 6 0 -16 2 6 45

0 3 28 50 -5 1 14 38


SAlphaB: 709.0, std-dev 257.6977502910153

Earliest win: 35
Latest win: 81

WinDepth:
0 0 0 0 0 0 0 0 0 0 0 0 0 0 0 0 0 0 0 0 0 0 0 0 0 0 0 0 0 0 0 0 0 0 0 1 1 3 0 5 2 2 1 6 5 10 9 21 39 103 52 242 63 110 92 210 109 179 173 178 130 216 248 301 317 374 383 379 440 430 466 465 470 405 387 366 291 246 198 120 102 75 
SAlphaB:
0 0 0 0 0 0 0 0 0 0 0 0 0 0 0 0 0 0 0 0 0 0 0 0 0 0 0 0 0 0 0 0 0 0 0 1 1 3 0 5 2 2 1 6 5 10 9 21 39 103 52 242 63 110 92 210 109 179 173 178 130 216 248 301 317 374 383 379 440 430 466 465 470 405 387 366 291 246 198 120 102 75 

LossDepth:
SAlphaB:
0 0 0 0 0 0 0 0 0 0 0 0 0 0 0 0 0 0 0 0 0 0 0 0 0 0 0 0 0 0 0 0 0 0 0 1 1 3 0 5 2 2 1 6 5 10 9 21 39 103 52 242 63 110 92 210 109 179 173 178 130 216 248 301 317 374 383 379 440 430 466 465 470 405 387 366 291 246 198 120 102 75 

FirstWin:
0 0 0 0 0 0 0 0 0 0 0 0 0 0 0 0 0 0 0 0 0 0 0 0 0 0 0 0 0 0 0 0 0 0 0 1 0 3 0 5 0 2 0 6 0 10 0 21 0 103 0 242 0 110 0 210 0 179 0 178 0 216 0 301 0 374 0 379 0 430 0 465 0 405 0 366 0 246 0 120 0 75 
SAlphaB:
0 0 0 0 0 0 0 0 0 0 0 0 0 0 0 0 0 0 0 0 0 0 0 0 0 0 0 0 0 0 0 0 0 0 0 1 0 3 0 5 0 2 0 6 0 10 0 21 0 103 0 242 0 110 0 210 0 179 0 178 0 216 0 301 0 374 0 379 0 430 0 465 0 405 0 366 0 246 0 120 0 75 

SecondWin:
0 0 0 0 0 0 0 0 0 0 0 0 0 0 0 0 0 0 0 0 0 0 0 0 0 0 0 0 0 0 0 0 0 0 0 0 1 0 0 0 2 0 1 0 5 0 9 0 39 0 52 0 63 0 92 0 109 0 173 0 130 0 248 0 317 0 383 0 440 0 466 0 470 0 387 0 291 0 198 0 102 0 
SAlphaB:
0 0 0 0 0 0 0 0 0 0 0 0 0 0 0 0 0 0 0 0 0 0 0 0 0 0 0 0 0 0 0 0 0 0 0 0 1 0 0 0 2 0 1 0 5 0 9 0 39 0 52 0 63 0 92 0 109 0 173 0 130 0 248 0 317 0 383 0 440 0 466 0 470 0 387 0 291 0 198 0 102 0 
