0 18 61 17 -8 1 7 13

0 28 40 17 -9 1 6 9

0 23 82 4 -6 2 14 8

0 87 98 97 -19 1 15 27

0 39 79 76 -6 7 10 3

0 16 80 29 -7 4 9 13

0 40 59 91 -10 19 42 3

0 43 85 79 -12 6 24 33

0 9 89 8 -10 5 8 10

0 22 67 8 -15 5 6 35

0 17 31 44 -13 1 2 9

0 32 80 6 -1 17 49 6

0 9 98 88 -16 6 15 29

0 1 57 35 -15 31 37 3

0 53 55 27 -8 3 25 0

0 84 95 11 -1 5 16 40

0 78 86 33 -6 11 34 19

0 49 94 17 -1 2 5 37

0 70 94 33 -8 33 37 36

0 32 53 91 -19 31 46 20

0 62 91 76 -15 5 12 23

0 39 58 88 -13 3 15 10

0 49 99 28 -8 19 45 7

0 4 43 88 -9 35 39 11

0 35 54 41 -20 6 27 16

0 24 64 13 -10 13 14 22

0 33 76 26 -9 11 32 5

0 25 50 85 -3 9 16 39

0 10 11 52 -5 21 22 1

0 24 65 67 -14 1 20 25

0 15 57 77 -4 4 15 26

0 44 70 81 -17 36 41 31

0 24 53 71 -19 17 21 27

0 31 49 87 -8 41 48 39

0 71 76 76 -12 2 13 4

0 77 86 5 -18 26 28 29

0 28 36 62 -12 21 40 7

0 36 52 6 -5 0 1 29

0 55 78 93 -4 27 47 47

0 27 91 7 -1 17 22 25

0 16 32 16 -8 0 8 7

0 18 91 75 -8 14 42 40

0 25 32 40 -15 2 37 15

0 15 55 55 -15 11 14 26

0 0 29 47 -6 28 32 32

0 12 39 21 -11 18 25 13

0 85 95 80 -16 2 19 5

0 24 57 75 -12 6 7 13

0 35 98 90 -1 30 33 24

0 6 28 82 -19 14 23 12

0 72 84 10 -19 1 5 34

0 12 19 83 -19 3 10 15

0 12 64 17 -2 14 26 32

0 21 95 59 -15 8 48 43

0 56 65 96 -7 12 24 42

0 55 82 40 -1 26 47 6

0 17 91 53 -14 15 27 46

0 11 32 32 -19 10 12 46

0 2 65 54 -1 9 10 7

0 28 52 2 -2 4 7 40

0 38 71 11 -1 4 38 46

0 91 98 56 -16 0 6 45

0 40 46 29 -18 13 47 26

0 29 80 0 -6 14 17 3

0 20 23 83 -16 7 33 9

0 0 18 34 -5 19 40 22

0 42 67 23 -19 28 34 6

0 14 18 36 -7 5 24 15

0 10 52 24 -3 2 31 23

0 21 49 7 -10 15 40 33

0 21 95 13 -2 22 34 17

0 55 68 77 -5 15 19 26

0 28 30 7 -14 7 26 15

0 8 58 75 -7 14 40 9

0 22 36 13 -18 2 13 22

0 24 54 31 -19 22 25 11

0 8 74 46 -11 10 40 37

0 9 59 39 -10 26 44 48

0 5 96 63 -9 24 27 49

0 2 3 96 -5 8 35 8

0 3 80 85 -6 0 5 43

0 2 22 97 -7 4 8 3

0 7 18 46 -9 13 32 22

0 28 48 89 -6 10 45 26

0 0 17 56 -6 3 9 19

0 11 65 55 -3 33 47 42

0 14 16 40 -5 8 42 5

0 7 19 92 -3 34 42 33

0 20 27 48 -9 29 46 47

0 2 15 92 -4 14 40 29

0 3 20 13 -10 6 7 17

0 7 21 69 -4 0 12 10

0 0 1 48 -1 26 49 24

0 6 10 77 -20 32 47 43

0 10 53 18 -14 10 13 0

0 21 26 38 -20 25 43 35

0 10 33 75 -9 20 25 45

0 1 3 70 -12 0 1 39

0 6 35 17 -1 7 15 31

0 1 12 23 -7 34 48 6


SAlphaB: 701.0, std-dev 261.39010312194495

Earliest win: 37
Latest win: 81

WinDepth:
0 0 0 0 0 0 0 0 0 0 0 0 0 0 0 0 0 0 0 0 0 0 0 0 0 0 0 0 0 0 0 0 0 0 0 0 0 5 0 2 0 8 1 19 11 32 23 34 17 87 74 158 96 113 68 199 123 183 139 215 147 225 222 324 357 391 401 372 500 413 468 496 408 371 375 333 263 269 166 134 104 57 
SAlphaB:
0 0 0 0 0 0 0 0 0 0 0 0 0 0 0 0 0 0 0 0 0 0 0 0 0 0 0 0 0 0 0 0 0 0 0 0 0 5 0 2 0 8 1 19 11 32 23 34 17 87 74 158 96 113 68 199 123 183 139 215 147 225 222 324 357 391 401 372 500 413 468 496 408 371 375 333 263 269 166 134 104 57 

LossDepth:
SAlphaB:
0 0 0 0 0 0 0 0 0 0 0 0 0 0 0 0 0 0 0 0 0 0 0 0 0 0 0 0 0 0 0 0 0 0 0 0 0 5 0 2 0 8 1 19 11 32 23 34 17 87 74 158 96 113 68 199 123 183 139 215 147 225 222 324 357 391 401 372 500 413 468 496 408 371 375 333 263 269 166 134 104 57 

FirstWin:
0 0 0 0 0 0 0 0 0 0 0 0 0 0 0 0 0 0 0 0 0 0 0 0 0 0 0 0 0 0 0 0 0 0 0 0 0 5 0 2 0 8 0 19 0 32 0 34 0 87 0 158 0 113 0 199 0 183 0 215 0 225 0 324 0 391 0 372 0 413 0 496 0 371 0 333 0 269 0 134 0 57 
SAlphaB:
0 0 0 0 0 0 0 0 0 0 0 0 0 0 0 0 0 0 0 0 0 0 0 0 0 0 0 0 0 0 0 0 0 0 0 0 0 5 0 2 0 8 0 19 0 32 0 34 0 87 0 158 0 113 0 199 0 183 0 215 0 225 0 324 0 391 0 372 0 413 0 496 0 371 0 333 0 269 0 134 0 57 

SecondWin:
0 0 0 0 0 0 0 0 0 0 0 0 0 0 0 0 0 0 0 0 0 0 0 0 0 0 0 0 0 0 0 0 0 0 0 0 0 0 0 0 0 0 1 0 11 0 23 0 17 0 74 0 96 0 68 0 123 0 139 0 147 0 222 0 357 0 401 0 500 0 468 0 408 0 375 0 263 0 166 0 104 0 
SAlphaB:
0 0 0 0 0 0 0 0 0 0 0 0 0 0 0 0 0 0 0 0 0 0 0 0 0 0 0 0 0 0 0 0 0 0 0 0 0 0 0 0 0 0 1 0 11 0 23 0 17 0 74 0 96 0 68 0 123 0 139 0 147 0 222 0 357 0 401 0 500 0 468 0 408 0 375 0 263 0 166 0 104 0 
