0 18 91 10 -15 0 1 19

0 37 69 8 -11 5 18 33

0 50 96 18 -1 11 15 0

0 46 88 44 -13 2 22 14

0 12 80 54 -17 3 7 9

0 59 97 81 -17 3 8 40

0 40 99 54 -20 0 1 8

0 60 88 4 -1 14 17 5

0 43 67 52 -16 29 48 11

0 27 60 96 -16 8 9 28

0 37 55 98 -13 4 18 33

0 75 83 72 -18 13 29 31

0 30 76 94 -9 4 26 27

0 35 70 65 -19 0 3 25

0 53 80 36 -3 0 7 30

0 38 40 62 -6 3 5 7

0 34 87 88 -9 38 45 25

0 35 73 74 -8 12 21 44

0 63 84 37 -14 6 9 36

0 28 80 94 -5 20 49 38

0 2 94 91 -13 14 42 16

0 53 59 89 -2 42 48 17

0 70 82 33 -7 2 15 33

0 2 94 58 -2 18 38 22

0 32 39 54 -4 0 3 1

0 23 80 40 -4 8 13 44

0 11 66 94 -1 30 31 1

0 47 71 77 -8 0 32 10

0 13 61 41 -20 35 37 14

0 20 32 21 -19 37 49 42

0 4 54 37 -17 0 3 36

0 28 49 84 -12 4 13 44

0 81 95 84 -4 21 44 38

0 24 48 50 -4 7 27 23

0 74 84 10 -9 0 1 3

0 35 76 0 -11 12 13 28

0 1 31 74 -8 29 36 31

0 21 89 0 -2 12 25 43

0 94 99 69 -14 4 5 43

0 82 87 7 -19 0 10 45

0 3 41 95 -20 0 4 24

0 30 31 84 -11 10 32 11

0 56 77 9 -20 15 26 3

0 13 65 75 -3 42 46 23

0 1 97 27 -5 37 42 36

0 9 18 91 -9 1 7 2

0 2 67 25 -3 27 37 5

0 67 80 21 -19 11 18 29

0 11 44 27 -15 5 7 31

0 11 25 75 -18 9 13 2

0 52 71 66 -11 0 46 4

0 1 2 22 -20 35 41 36

0 24 40 93 -4 17 36 42

0 44 78 27 -9 0 42 41

0 35 66 33 -4 7 40 47

0 8 68 80 -5 11 42 39

0 12 56 64 -2 10 21 49

0 1 17 44 -20 4 6 19

0 35 77 42 -13 5 6 40

0 15 62 4 -17 2 23 49

0 20 94 50 -13 15 21 39

0 7 51 83 -11 1 39 14

0 22 56 29 -10 15 45 22

0 64 96 38 -1 36 44 1

0 19 27 22 -11 5 6 25

0 6 34 21 -1 10 39 4

0 11 59 59 -10 0 30 26

0 12 21 27 -12 36 43 35

0 3 4 41 -6 3 6 3

0 6 27 87 -7 12 25 28

0 12 41 60 -13 14 22 37

0 5 6 1 -2 13 30 1

0 0 1 52 -1 45 49 46

0 2 6 91 -10 4 6 29

0 28 79 35 -12 29 36 15

0 11 61 35 -17 4 5 2

0 20 64 18 -19 4 38 46

0 14 59 89 -4 16 20 4

0 2 67 32 -6 21 27 48

0 16 18 16 -13 3 5 12

0 10 31 34 -16 0 40 6

0 6 23 38 -16 8 23 44

0 14 29 81 -7 2 10 44

0 0 1 86 -13 29 37 31

0 3 7 0 -4 42 44 27

0 9 44 63 -4 30 44 3

0 7 76 45 -1 1 31 25

0 36 45 15 -11 1 43 27

0 7 19 13 -8 7 11 21

0 3 46 3 -16 9 12 23

0 0 1 85 -1 10 13 6

0 0 3 99 -13 1 7 27

0 0 9 5 -9 10 25 22

0 9 11 4 -9 2 4 41

0 0 4 30 -19 4 6 13

0 2 5 94 -20 2 19 47

0 4 14 7 -7 8 11 26

0 0 3 36 -19 26 36 0

0 2 11 24 -1 21 40 41

0 2 3 12 -1 14 18 40


SAlphaB: 732.0, std-dev 275.87660715206965

Earliest win: 37
Latest win: 81

WinDepth:
0 0 0 0 0 0 0 0 0 0 0 0 0 0 0 0 0 0 0 0 0 0 0 0 0 0 0 0 0 0 0 0 0 0 0 0 0 1 0 1 19 1 2 12 3 20 12 32 36 63 38 243 108 100 125 154 119 169 148 185 173 228 256 333 367 308 435 339 487 434 453 463 422 367 395 389 237 257 178 158 85 78 
SAlphaB:
0 0 0 0 0 0 0 0 0 0 0 0 0 0 0 0 0 0 0 0 0 0 0 0 0 0 0 0 0 0 0 0 0 0 0 0 0 1 0 1 19 1 2 12 3 20 12 32 36 63 38 243 108 100 125 154 119 169 148 185 173 228 256 333 367 308 435 339 487 434 453 463 422 367 395 389 237 257 178 158 85 78 

LossDepth:
SAlphaB:
0 0 0 0 0 0 0 0 0 0 0 0 0 0 0 0 0 0 0 0 0 0 0 0 0 0 0 0 0 0 0 0 0 0 0 0 0 1 0 1 19 1 2 12 3 20 12 32 36 63 38 243 108 100 125 154 119 169 148 185 173 228 256 333 367 308 435 339 487 434 453 463 422 367 395 389 237 257 178 158 85 78 

FirstWin:
0 0 0 0 0 0 0 0 0 0 0 0 0 0 0 0 0 0 0 0 0 0 0 0 0 0 0 0 0 0 0 0 0 0 0 0 0 1 0 1 0 1 0 12 0 20 0 32 0 63 0 243 0 100 0 154 0 169 0 185 0 228 0 333 0 308 0 339 0 434 0 463 0 367 0 389 0 257 0 158 0 78 
SAlphaB:
0 0 0 0 0 0 0 0 0 0 0 0 0 0 0 0 0 0 0 0 0 0 0 0 0 0 0 0 0 0 0 0 0 0 0 0 0 1 0 1 0 1 0 12 0 20 0 32 0 63 0 243 0 100 0 154 0 169 0 185 0 228 0 333 0 308 0 339 0 434 0 463 0 367 0 389 0 257 0 158 0 78 

SecondWin:
0 0 0 0 0 0 0 0 0 0 0 0 0 0 0 0 0 0 0 0 0 0 0 0 0 0 0 0 0 0 0 0 0 0 0 0 0 0 0 0 19 0 2 0 3 0 12 0 36 0 38 0 108 0 125 0 119 0 148 0 173 0 256 0 367 0 435 0 487 0 453 0 422 0 395 0 237 0 178 0 85 0 
SAlphaB:
0 0 0 0 0 0 0 0 0 0 0 0 0 0 0 0 0 0 0 0 0 0 0 0 0 0 0 0 0 0 0 0 0 0 0 0 0 0 0 0 19 0 2 0 3 0 12 0 36 0 38 0 108 0 125 0 119 0 148 0 173 0 256 0 367 0 435 0 487 0 453 0 422 0 395 0 237 0 178 0 85 0 
