0 22 55 43 -18 0 8 34

0 8 87 44 -17 18 43 9

0 25 78 4 -3 0 7 24

0 57 58 31 -2 2 25 6

0 28 30 99 -7 6 17 15

0 37 85 51 -3 9 16 25

0 26 83 29 -13 5 17 23

0 3 35 62 -8 26 40 19

0 22 86 87 -10 38 45 15

0 31 78 97 -6 3 16 26

0 33 84 93 -14 16 23 12

0 72 98 80 -10 0 7 1

0 52 67 35 -10 3 25 21

0 17 59 35 -17 1 24 27

0 48 94 64 -16 24 47 46

0 24 81 80 -15 19 20 21

0 34 80 96 -2 0 36 4

0 26 55 42 -20 15 18 15

0 8 56 17 -17 16 26 6

0 11 85 68 -4 15 23 16

0 13 52 60 -13 37 43 16

0 39 65 18 -10 23 49 9

0 60 69 54 -13 4 12 1

0 19 38 49 -13 24 49 7

0 71 94 49 -1 4 7 28

0 4 47 85 -7 11 13 12

0 74 93 3 -13 5 28 49

0 67 99 37 -17 18 31 18

0 22 63 96 -13 21 38 36

0 57 76 94 -15 2 8 41

0 8 98 26 -12 34 40 32

0 9 74 91 -2 4 13 26

0 30 70 17 -8 3 4 37

0 33 44 31 -4 13 25 0

0 12 63 61 -14 38 43 40

0 8 98 60 -4 32 39 31

0 20 53 26 -19 4 7 3

0 37 43 92 -14 25 33 12

0 40 92 58 -16 21 23 12

0 17 21 56 -6 7 15 25

0 39 52 93 -17 0 2 30

0 4 41 95 -2 7 11 5

0 27 57 90 -7 21 35 44

0 11 67 97 -16 26 29 39

0 51 53 76 -2 22 26 42

0 44 46 53 -2 3 4 32

0 9 25 82 -18 20 32 16

0 13 76 37 -7 42 45 31

0 19 37 75 -16 44 46 39

0 42 95 25 -2 29 35 43

0 4 8 7 -7 19 20 18

0 31 97 77 -17 7 31 28

0 79 87 54 -13 14 15 16

0 32 44 16 -12 18 29 38

0 6 89 38 -10 6 23 31

0 5 63 22 -3 12 36 41

0 40 49 20 -20 1 11 1

0 14 47 11 -3 7 25 23

0 22 57 49 -11 5 48 28

0 13 38 57 -5 4 5 38

0 6 25 63 -13 16 17 35

0 27 80 92 -20 28 39 44

0 9 10 47 -13 3 4 5

0 11 94 22 -10 9 45 28

0 19 75 53 -11 22 25 28

0 3 57 53 -15 29 39 12

0 25 54 91 -6 0 10 42

0 2 28 58 -15 0 45 18

0 5 23 44 -8 36 45 14

0 11 39 53 -19 3 41 35

0 18 35 31 -7 17 37 14

0 2 67 39 -18 1 38 41

0 2 36 8 -2 3 23 16

0 6 73 8 -11 10 14 47

0 0 1 74 -11 10 11 10

0 21 27 15 -8 3 9 45

0 3 23 31 -16 1 21 12

0 4 18 57 -12 3 27 4

0 12 48 0 -17 18 23 10

0 5 6 23 -11 4 10 8

0 0 19 33 -20 19 39 26

0 2 9 98 -18 16 39 47

0 0 2 71 -12 16 30 3

0 20 93 12 -20 28 31 22

0 5 28 51 -13 2 4 49

0 1 23 13 -20 15 38 44

0 3 18 5 -10 18 22 48

0 16 22 49 -1 0 21 32

0 11 44 89 -14 2 37 44

0 1 5 71 -5 19 23 11

0 55 79 29 -10 40 42 1

0 0 16 16 -8 8 18 43

0 2 11 3 -11 42 45 30

0 0 8 22 -5 8 48 27

0 0 3 79 -19 0 16 38

0 1 6 66 -8 14 45 28

0 1 6 45 -11 3 6 41

0 1 5 76 -5 15 38 48

0 0 12 8 -19 7 29 45

0 2 3 88 -19 3 16 48


SAlphaB: 715.0, std-dev 258.38018392369884

Earliest win: 35
Latest win: 81

WinDepth:
0 0 0 0 0 0 0 0 0 0 0 0 0 0 0 0 0 0 0 0 0 0 0 0 0 0 0 0 0 0 0 0 0 0 0 3 0 0 0 1 22 6 2 17 11 21 21 32 10 47 118 259 121 133 117 177 98 205 106 163 136 210 286 288 326 337 435 365 464 381 491 429 386 401 407 374 265 244 191 124 105 71 
SAlphaB:
0 0 0 0 0 0 0 0 0 0 0 0 0 0 0 0 0 0 0 0 0 0 0 0 0 0 0 0 0 0 0 0 0 0 0 3 0 0 0 1 22 6 2 17 11 21 21 32 10 47 118 259 121 133 117 177 98 205 106 163 136 210 286 288 326 337 435 365 464 381 491 429 386 401 407 374 265 244 191 124 105 71 

LossDepth:
SAlphaB:
0 0 0 0 0 0 0 0 0 0 0 0 0 0 0 0 0 0 0 0 0 0 0 0 0 0 0 0 0 0 0 0 0 0 0 3 0 0 0 1 22 6 2 17 11 21 21 32 10 47 118 259 121 133 117 177 98 205 106 163 136 210 286 288 326 337 435 365 464 381 491 429 386 401 407 374 265 244 191 124 105 71 

FirstWin:
0 0 0 0 0 0 0 0 0 0 0 0 0 0 0 0 0 0 0 0 0 0 0 0 0 0 0 0 0 0 0 0 0 0 0 3 0 0 0 1 0 6 0 17 0 21 0 32 0 47 0 259 0 133 0 177 0 205 0 163 0 210 0 288 0 337 0 365 0 381 0 429 0 401 0 374 0 244 0 124 0 71 
SAlphaB:
0 0 0 0 0 0 0 0 0 0 0 0 0 0 0 0 0 0 0 0 0 0 0 0 0 0 0 0 0 0 0 0 0 0 0 3 0 0 0 1 0 6 0 17 0 21 0 32 0 47 0 259 0 133 0 177 0 205 0 163 0 210 0 288 0 337 0 365 0 381 0 429 0 401 0 374 0 244 0 124 0 71 

SecondWin:
0 0 0 0 0 0 0 0 0 0 0 0 0 0 0 0 0 0 0 0 0 0 0 0 0 0 0 0 0 0 0 0 0 0 0 0 0 0 0 0 22 0 2 0 11 0 21 0 10 0 118 0 121 0 117 0 98 0 106 0 136 0 286 0 326 0 435 0 464 0 491 0 386 0 407 0 265 0 191 0 105 0 
SAlphaB:
0 0 0 0 0 0 0 0 0 0 0 0 0 0 0 0 0 0 0 0 0 0 0 0 0 0 0 0 0 0 0 0 0 0 0 0 0 0 0 0 22 0 2 0 11 0 21 0 10 0 118 0 121 0 117 0 98 0 106 0 136 0 286 0 326 0 435 0 464 0 491 0 386 0 407 0 265 0 191 0 105 0 
