0 15 44 26 -12 0 6 21

0 60 85 8 -3 7 25 4

0 72 87 52 -11 4 12 5

0 41 94 77 -2 1 6 16

0 54 99 14 -2 5 14 29

0 50 61 68 -8 4 15 30

0 45 94 86 -10 14 29 11

0 41 56 79 -15 4 26 27

0 22 67 84 -2 17 27 10

0 74 85 82 -13 0 1 3

0 37 91 23 -1 3 26 31

0 10 67 22 -17 2 4 14

0 6 57 98 -8 15 30 2

0 52 89 46 -3 10 16 34

0 63 94 42 -14 5 48 45

0 89 92 33 -8 6 15 10

0 26 31 57 -17 15 21 9

0 41 83 44 -10 5 6 12

0 39 66 75 -4 9 10 18

0 91 93 15 -14 1 16 31

0 78 88 20 -20 14 24 3

0 21 83 33 -12 9 11 15

0 6 56 20 -4 1 6 30

0 64 80 14 -1 12 20 19

0 38 98 95 -7 3 4 26

0 28 93 51 -6 9 17 5

0 14 47 67 -13 15 36 18

0 11 23 91 -3 9 20 12

0 50 77 34 -16 10 40 20

0 59 60 60 -2 5 16 40

0 10 80 40 -17 19 30 24

0 63 96 20 -17 5 47 4

0 26 89 78 -18 6 26 17

0 57 60 15 -15 9 13 13

0 55 84 55 -19 17 24 1

0 9 75 91 -2 6 7 1

0 53 73 83 -12 20 49 29

0 37 89 8 -5 34 40 44

0 59 65 66 -2 34 43 38

0 2 77 90 -10 14 17 33

0 43 49 49 -6 32 37 48

0 5 48 38 -4 9 16 12

0 30 31 35 -14 4 11 29

0 31 95 74 -20 29 30 24

0 20 64 78 -18 18 47 44

0 35 72 2 -1 2 36 36

0 1 91 98 -19 2 3 42

0 17 65 71 -6 0 13 47

0 18 28 79 -11 2 10 30

0 9 49 30 -5 17 19 1

0 42 64 8 -5 17 42 18

0 22 27 86 -15 6 9 18

0 35 57 77 -12 7 29 42

0 59 89 33 -11 29 35 25

0 44 76 28 -16 17 33 40

0 12 24 75 -15 5 9 0

0 19 95 34 -9 2 19 48

0 25 32 36 -16 30 32 1

0 34 93 68 -18 7 28 39

0 13 37 14 -5 6 29 6

0 18 68 14 -20 6 12 8

0 18 56 82 -8 25 38 45

0 47 49 99 -19 21 23 45

0 7 64 86 -9 36 47 49

0 52 62 14 -19 3 35 48

0 22 23 42 -3 10 38 48

0 28 64 65 -16 6 46 28

0 13 26 73 -19 17 39 32

0 7 13 99 -20 7 10 29

0 8 65 43 -6 14 19 46

0 0 61 19 -1 5 31 29

0 17 47 88 -7 2 9 44

0 2 26 49 -7 18 48 7

0 9 21 23 -12 0 18 14

0 11 15 86 -9 19 34 27

0 0 89 64 -6 11 47 0

0 0 13 62 -6 36 45 48

0 11 16 39 -4 30 39 17

0 4 7 28 -14 10 24 6

0 16 33 28 -12 10 44 43

0 1 2 9 -15 1 20 24

0 11 25 73 -13 2 19 22

0 8 9 65 -13 16 27 3

0 17 18 10 -6 42 49 16

0 4 5 91 -9 15 17 37

0 9 62 56 -12 0 44 43

0 12 14 1 -3 4 45 19

0 2 6 94 -14 2 9 2

0 20 22 23 -20 13 19 40

0 2 51 6 -18 7 14 48

0 6 8 4 -16 1 3 28

0 8 9 4 -16 0 1 41

0 4 50 25 -19 23 42 44

0 0 5 45 -13 7 23 28

0 10 32 92 -16 11 40 8

0 3 18 68 -16 12 15 33

0 1 2 10 -20 12 30 30

0 0 2 10 -10 7 23 22

0 0 1 95 -3 13 38 38

0 6 8 35 -13 6 34 16


SAlphaB: 701.0, std-dev 263.8567090852399

Earliest win: 35
Latest win: 81

WinDepth:
0 0 0 0 0 0 0 0 0 0 0 0 0 0 0 0 0 0 0 0 0 0 0 0 0 0 0 0 0 0 0 0 0 0 0 1 0 5 0 5 1 3 0 10 11 22 8 30 18 82 60 212 59 108 106 202 125 183 176 190 183 215 232 306 325 355 349 410 441 421 479 442 443 387 415 368 275 212 198 115 86 74 
SAlphaB:
0 0 0 0 0 0 0 0 0 0 0 0 0 0 0 0 0 0 0 0 0 0 0 0 0 0 0 0 0 0 0 0 0 0 0 1 0 5 0 5 1 3 0 10 11 22 8 30 18 82 60 212 59 108 106 202 125 183 176 190 183 215 232 306 325 355 349 410 441 421 479 442 443 387 415 368 275 212 198 115 86 74 

LossDepth:
SAlphaB:
0 0 0 0 0 0 0 0 0 0 0 0 0 0 0 0 0 0 0 0 0 0 0 0 0 0 0 0 0 0 0 0 0 0 0 1 0 5 0 5 1 3 0 10 11 22 8 30 18 82 60 212 59 108 106 202 125 183 176 190 183 215 232 306 325 355 349 410 441 421 479 442 443 387 415 368 275 212 198 115 86 74 

FirstWin:
0 0 0 0 0 0 0 0 0 0 0 0 0 0 0 0 0 0 0 0 0 0 0 0 0 0 0 0 0 0 0 0 0 0 0 1 0 5 0 5 0 3 0 10 0 22 0 30 0 82 0 212 0 108 0 202 0 183 0 190 0 215 0 306 0 355 0 410 0 421 0 442 0 387 0 368 0 212 0 115 0 74 
SAlphaB:
0 0 0 0 0 0 0 0 0 0 0 0 0 0 0 0 0 0 0 0 0 0 0 0 0 0 0 0 0 0 0 0 0 0 0 1 0 5 0 5 0 3 0 10 0 22 0 30 0 82 0 212 0 108 0 202 0 183 0 190 0 215 0 306 0 355 0 410 0 421 0 442 0 387 0 368 0 212 0 115 0 74 

SecondWin:
0 0 0 0 0 0 0 0 0 0 0 0 0 0 0 0 0 0 0 0 0 0 0 0 0 0 0 0 0 0 0 0 0 0 0 0 0 0 0 0 1 0 0 0 11 0 8 0 18 0 60 0 59 0 106 0 125 0 176 0 183 0 232 0 325 0 349 0 441 0 479 0 443 0 415 0 275 0 198 0 86 0 
SAlphaB:
0 0 0 0 0 0 0 0 0 0 0 0 0 0 0 0 0 0 0 0 0 0 0 0 0 0 0 0 0 0 0 0 0 0 0 0 0 0 0 0 1 0 0 0 11 0 8 0 18 0 60 0 59 0 106 0 125 0 176 0 183 0 232 0 325 0 349 0 441 0 479 0 443 0 415 0 275 0 198 0 86 0 
