0 30 94 8 -2 7 12 14

0 43 72 46 -3 4 17 15

0 21 60 82 -13 2 5 14

0 51 58 39 -8 4 9 5

0 80 88 97 -19 14 30 30

0 6 77 46 -6 12 28 2

0 39 53 99 -4 13 32 35

0 89 98 67 -6 11 14 26

0 56 71 76 -4 17 31 45

0 39 73 95 -9 12 26 14

0 12 97 51 -2 10 25 27

0 93 99 6 -7 26 28 15

0 53 64 68 -1 1 7 6

0 23 82 95 -9 22 32 30

0 10 54 54 -10 5 6 8

0 20 61 35 -7 5 15 27

0 65 66 80 -11 1 2 0

0 60 65 86 -18 0 9 19

0 45 47 83 -5 0 1 7

0 55 57 59 -19 3 4 32

0 53 83 58 -1 17 28 0

0 24 37 47 -4 17 20 14

0 50 53 89 -18 20 24 20

0 64 89 67 -6 23 29 9

0 31 46 52 -14 4 6 4

0 21 82 48 -20 26 44 16

0 76 98 30 -13 10 33 49

0 33 47 49 -10 7 8 17

0 3 85 37 -9 18 19 10

0 41 93 5 -15 10 15 31

0 68 72 89 -8 2 11 29

0 85 90 39 -12 16 17 17

0 19 54 68 -4 1 14 27

0 38 55 38 -10 10 22 34

0 11 38 20 -16 0 9 43

0 10 67 69 -1 0 20 13

0 36 66 47 -15 21 27 36

0 17 58 5 -17 7 23 40

0 19 73 40 -1 0 4 47

0 14 21 99 -4 10 13 27

0 31 58 30 -5 7 9 47

0 7 92 26 -12 27 33 19

0 39 44 80 -7 7 22 43

0 33 48 72 -10 25 26 13

0 45 72 59 -16 3 4 40

0 62 77 3 -2 13 16 28

0 28 44 48 -17 10 25 8

0 8 87 50 -7 1 5 1

0 10 14 97 -8 2 3 2

0 16 79 68 -1 22 37 3

0 25 58 79 -17 32 49 45

0 27 41 48 -18 26 32 23

0 53 66 99 -9 3 26 47

0 26 56 31 -7 0 1 41

0 29 99 99 -15 28 32 46

0 0 50 80 -11 2 15 4

0 20 72 83 -20 26 36 33

0 5 98 57 -12 16 29 49

0 10 44 3 -10 21 35 5

0 8 61 77 -19 17 37 8

0 20 31 77 -6 11 35 17

0 9 69 31 -3 20 33 20

0 10 80 7 -4 0 27 41

0 16 23 66 -3 3 11 49

0 15 45 33 -14 16 42 3

0 7 16 59 -1 15 32 8

0 30 45 49 -11 15 20 43

0 18 24 32 -18 11 37 15

0 10 64 4 -10 7 29 34

0 0 4 93 -19 40 47 45

0 0 2 74 -14 4 10 8

0 1 3 78 -4 1 6 4

0 16 50 35 -10 0 40 36

0 3 24 62 -12 11 31 29

0 23 59 80 -7 12 49 21

0 3 4 87 -4 0 1 6

0 26 27 14 -6 19 22 34

0 8 57 7 -11 8 38 19

0 5 18 7 -19 2 36 49

0 21 25 72 -15 22 27 49

0 0 11 52 -8 21 31 18

0 3 4 22 -11 14 41 5

0 25 35 33 -17 4 34 48

0 6 55 21 -8 2 37 20

0 13 37 33 -10 21 30 35

0 4 24 78 -14 0 15 1

0 23 54 7 -9 19 34 21

0 8 11 79 -19 20 23 42

0 0 8 89 -5 17 36 4

0 3 32 49 -15 0 23 32

0 0 30 28 -7 21 27 33

0 5 15 4 -17 20 39 22

0 2 40 85 -19 4 30 20

0 2 61 10 -18 29 40 3

0 18 23 80 -15 28 48 43

0 2 44 72 -5 0 8 46

0 1 11 1 -13 27 31 25

0 1 2 56 -2 3 26 15

0 15 18 46 -2 1 11 48

0 0 1 16 -6 2 7 43


SAlphaB: 697.0, std-dev 259.7365321072704

Earliest win: 37
Latest win: 81

WinDepth:
0 0 0 0 0 0 0 0 0 0 0 0 0 0 0 0 0 0 0 0 0 0 0 0 0 0 0 0 0 0 0 0 0 0 0 0 0 2 0 6 1 10 2 17 4 17 9 26 16 67 41 160 38 109 71 174 107 195 142 188 141 234 216 307 311 422 378 427 371 388 448 514 464 434 365 423 285 283 231 139 101 67 
SAlphaB:
0 0 0 0 0 0 0 0 0 0 0 0 0 0 0 0 0 0 0 0 0 0 0 0 0 0 0 0 0 0 0 0 0 0 0 0 0 2 0 6 1 10 2 17 4 17 9 26 16 67 41 160 38 109 71 174 107 195 142 188 141 234 216 307 311 422 378 427 371 388 448 514 464 434 365 423 285 283 231 139 101 67 

LossDepth:
SAlphaB:
0 0 0 0 0 0 0 0 0 0 0 0 0 0 0 0 0 0 0 0 0 0 0 0 0 0 0 0 0 0 0 0 0 0 0 0 0 2 0 6 1 10 2 17 4 17 9 26 16 67 41 160 38 109 71 174 107 195 142 188 141 234 216 307 311 422 378 427 371 388 448 514 464 434 365 423 285 283 231 139 101 67 

FirstWin:
0 0 0 0 0 0 0 0 0 0 0 0 0 0 0 0 0 0 0 0 0 0 0 0 0 0 0 0 0 0 0 0 0 0 0 0 0 2 0 6 0 10 0 17 0 17 0 26 0 67 0 160 0 109 0 174 0 195 0 188 0 234 0 307 0 422 0 427 0 388 0 514 0 434 0 423 0 283 0 139 0 67 
SAlphaB:
0 0 0 0 0 0 0 0 0 0 0 0 0 0 0 0 0 0 0 0 0 0 0 0 0 0 0 0 0 0 0 0 0 0 0 0 0 2 0 6 0 10 0 17 0 17 0 26 0 67 0 160 0 109 0 174 0 195 0 188 0 234 0 307 0 422 0 427 0 388 0 514 0 434 0 423 0 283 0 139 0 67 

SecondWin:
0 0 0 0 0 0 0 0 0 0 0 0 0 0 0 0 0 0 0 0 0 0 0 0 0 0 0 0 0 0 0 0 0 0 0 0 0 0 0 0 1 0 2 0 4 0 9 0 16 0 41 0 38 0 71 0 107 0 142 0 141 0 216 0 311 0 378 0 371 0 448 0 464 0 365 0 285 0 231 0 101 0 
SAlphaB:
0 0 0 0 0 0 0 0 0 0 0 0 0 0 0 0 0 0 0 0 0 0 0 0 0 0 0 0 0 0 0 0 0 0 0 0 0 0 0 0 1 0 2 0 4 0 9 0 16 0 41 0 38 0 71 0 107 0 142 0 141 0 216 0 311 0 378 0 371 0 448 0 464 0 365 0 285 0 231 0 101 0 
