0 39 73 66 -13 5 25 22

0 41 73 36 -13 0 5 20

0 47 85 66 -7 4 18 27

0 26 85 80 -19 26 45 18

0 49 71 40 -4 3 26 24

0 61 78 78 -3 2 16 25

0 54 68 55 -19 12 44 35

0 72 96 13 -9 7 40 20

0 57 59 68 -1 10 12 1

0 79 84 91 -16 10 40 21

0 22 26 61 -14 5 8 2

0 4 47 89 -9 9 18 25

0 48 66 59 -15 2 5 15

0 22 31 32 -10 2 7 16

0 28 82 53 -6 1 6 19

0 72 91 98 -1 24 28 21

0 11 36 38 -10 0 1 24

0 51 63 9 -7 8 45 25

0 43 60 66 -4 0 49 7

0 33 84 80 -7 7 29 42

0 70 92 99 -10 0 36 14

0 59 70 89 -10 17 24 16

0 29 81 94 -8 28 36 14

0 20 27 70 -5 8 20 14

0 55 58 77 -18 0 1 16

0 48 78 85 -6 16 22 19

0 8 56 60 -11 20 24 24

0 9 25 31 -10 7 19 15

0 48 73 94 -9 20 38 0

0 46 52 78 -2 16 37 40

0 22 71 85 -8 6 45 5

0 22 63 86 -2 31 45 41

0 14 81 79 -15 15 33 47

0 64 70 87 -16 18 47 4

0 36 46 56 -19 20 21 10

0 69 78 96 -8 28 37 48

0 9 84 1 -11 14 45 27

0 31 40 49 -16 8 21 9

0 13 42 86 -11 8 29 16

0 38 75 82 -13 4 18 44

0 47 63 63 -9 13 19 9

0 64 75 86 -9 20 26 5

0 37 53 58 -1 2 26 24

0 28 34 78 -4 0 16 1

0 42 46 79 -5 0 2 40

0 36 84 36 -1 26 27 1

0 15 47 33 -13 17 21 6

0 6 40 81 -9 19 33 19

0 17 75 7 -11 5 6 42

0 29 31 23 -17 10 13 33

0 43 52 95 -3 27 40 33

0 1 91 59 -18 2 13 4

0 10 66 43 -10 9 13 40

0 4 74 38 -7 13 18 36

0 0 92 56 -4 4 8 24

0 25 54 39 -6 14 40 12

0 5 16 61 -16 0 8 8

0 23 27 40 -12 2 10 48

0 0 7 38 -20 3 4 26

0 2 30 21 -10 22 43 33

0 0 50 9 -13 33 49 19

0 9 95 71 -9 26 27 4

0 13 31 36 -12 6 36 42

0 2 73 75 -1 7 16 45

0 39 49 88 -4 40 44 43

0 24 45 80 -17 41 48 5

0 17 27 2 -14 8 13 1

0 2 99 41 -8 1 10 11

0 22 29 81 -18 15 45 33

0 33 37 73 -17 15 26 49

0 45 49 2 -17 24 42 30

0 21 24 6 -17 29 48 28

0 21 44 52 -6 6 48 24

0 44 58 23 -4 21 49 25

0 19 24 69 -7 1 7 37

0 85 91 94 -1 33 40 20

0 64 76 15 -16 23 46 39

0 5 23 56 -11 19 41 29

0 18 22 65 -1 5 6 24

0 12 22 72 -7 5 7 41

0 5 11 38 -18 2 21 14

0 19 39 25 -17 15 23 45

0 3 8 38 -2 17 42 13

0 9 76 0 -13 5 43 49

0 23 40 28 -18 0 38 2

0 1 4 53 -20 21 40 32

0 7 18 20 -3 13 34 8

0 6 17 92 -10 13 49 48

0 0 12 89 -20 41 46 9

0 2 14 97 -15 24 40 47

0 75 90 69 -11 41 47 3

0 16 24 10 -3 0 1 44

0 10 11 50 -14 32 47 23

0 15 21 56 -5 27 31 38

0 2 3 47 -20 0 15 28

0 25 28 9 -5 24 40 45

0 6 10 23 -17 10 12 41

0 9 19 47 -6 2 4 42

0 0 10 70 -1 3 11 45

0 6 16 95 -1 4 41 19


SAlphaB: 685.0, std-dev 273.2063391236992

Earliest win: 37
Latest win: 81

WinDepth:
0 0 0 0 0 0 0 0 0 0 0 0 0 0 0 0 0 0 0 0 0 0 0 0 0 0 0 0 0 0 0 0 0 0 0 0 0 2 0 6 9 5 1 14 9 7 20 32 31 65 72 241 74 121 88 171 114 206 182 211 169 250 244 311 309 343 395 398 427 429 443 446 432 398 362 376 263 242 166 149 103 81 
SAlphaB:
0 0 0 0 0 0 0 0 0 0 0 0 0 0 0 0 0 0 0 0 0 0 0 0 0 0 0 0 0 0 0 0 0 0 0 0 0 2 0 6 9 5 1 14 9 7 20 32 31 65 72 241 74 121 88 171 114 206 182 211 169 250 244 311 309 343 395 398 427 429 443 446 432 398 362 376 263 242 166 149 103 81 

LossDepth:
SAlphaB:
0 0 0 0 0 0 0 0 0 0 0 0 0 0 0 0 0 0 0 0 0 0 0 0 0 0 0 0 0 0 0 0 0 0 0 0 0 2 0 6 9 5 1 14 9 7 20 32 31 65 72 241 74 121 88 171 114 206 182 211 169 250 244 311 309 343 395 398 427 429 443 446 432 398 362 376 263 242 166 149 103 81 

FirstWin:
0 0 0 0 0 0 0 0 0 0 0 0 0 0 0 0 0 0 0 0 0 0 0 0 0 0 0 0 0 0 0 0 0 0 0 0 0 2 0 6 0 5 0 14 0 7 0 32 0 65 0 241 0 121 0 171 0 206 0 211 0 250 0 311 0 343 0 398 0 429 0 446 0 398 0 376 0 242 0 149 0 81 
SAlphaB:
0 0 0 0 0 0 0 0 0 0 0 0 0 0 0 0 0 0 0 0 0 0 0 0 0 0 0 0 0 0 0 0 0 0 0 0 0 2 0 6 0 5 0 14 0 7 0 32 0 65 0 241 0 121 0 171 0 206 0 211 0 250 0 311 0 343 0 398 0 429 0 446 0 398 0 376 0 242 0 149 0 81 

SecondWin:
0 0 0 0 0 0 0 0 0 0 0 0 0 0 0 0 0 0 0 0 0 0 0 0 0 0 0 0 0 0 0 0 0 0 0 0 0 0 0 0 9 0 1 0 9 0 20 0 31 0 72 0 74 0 88 0 114 0 182 0 169 0 244 0 309 0 395 0 427 0 443 0 432 0 362 0 263 0 166 0 103 0 
SAlphaB:
0 0 0 0 0 0 0 0 0 0 0 0 0 0 0 0 0 0 0 0 0 0 0 0 0 0 0 0 0 0 0 0 0 0 0 0 0 0 0 0 9 0 1 0 9 0 20 0 31 0 72 0 74 0 88 0 114 0 182 0 169 0 244 0 309 0 395 0 427 0 443 0 432 0 362 0 263 0 166 0 103 0 
