0 26 89 34 -17 0 11 3

0 37 77 7 -16 4 19 22

0 18 34 28 -4 0 5 4

0 72 97 70 -8 16 47 22

0 28 61 93 -12 1 18 23

0 76 93 79 -20 10 12 36

0 87 94 59 -11 5 34 45

0 53 62 22 -3 15 28 21

0 75 95 43 -12 1 29 1

0 89 98 73 -17 19 21 44

0 57 71 63 -3 7 25 36

0 74 98 7 -2 7 43 32

0 25 57 37 -13 2 7 31

0 23 52 70 -10 0 13 8

0 43 64 91 -17 1 2 22

0 69 95 5 -17 2 10 5

0 58 67 28 -15 4 25 24

0 17 48 36 -17 0 10 27

0 34 81 80 -18 14 23 41

0 44 72 1 -15 8 27 35

0 27 63 57 -14 27 39 11

0 38 78 14 -9 16 44 14

0 71 73 69 -16 10 17 4

0 63 65 42 -14 10 42 36

0 7 61 72 -4 22 35 11

0 84 97 2 -16 13 40 10

0 45 95 61 -4 14 46 9

0 39 52 44 -12 7 22 34

0 46 82 57 -7 2 3 41

0 22 34 84 -14 2 24 30

0 64 77 69 -6 2 5 24

0 61 90 3 -13 33 41 37

0 14 62 39 -5 39 43 13

0 43 63 33 -18 4 43 1

0 49 84 56 -6 0 2 48

0 48 95 61 -18 16 33 20

0 64 66 4 -10 20 29 37

0 3 15 2 -13 0 1 10

0 68 81 99 -12 5 11 48

0 30 62 75 -9 39 43 10

0 36 54 25 -17 5 21 41

0 13 41 91 -7 21 23 23

0 30 37 22 -18 2 7 41

0 28 79 24 -17 1 38 37

0 34 56 44 -14 10 38 15

0 7 61 46 -18 31 32 41

0 40 82 62 -7 14 22 28

0 15 61 59 -17 31 49 7

0 33 77 55 -12 10 16 24

0 77 91 40 -1 32 49 32

0 17 32 56 -11 0 6 49

0 59 74 15 -12 30 48 15

0 13 31 81 -6 26 31 37

0 9 89 52 -4 31 38 12

0 22 33 34 -8 41 42 4

0 11 38 25 -15 32 43 33

0 1 80 89 -6 3 27 25

0 21 45 13 -9 20 34 15

0 24 28 91 -16 0 2 44

0 3 93 5 -9 33 45 19

0 18 25 51 -14 19 25 17

0 42 99 64 -19 2 44 38

0 10 60 16 -8 26 41 47

0 37 72 85 -7 0 17 42

0 6 85 38 -6 15 33 30

0 13 48 64 -3 12 20 10

0 36 52 67 -9 24 32 2

0 5 55 74 -2 7 9 48

0 5 6 94 -4 8 22 11

0 9 35 4 -15 7 22 2

0 4 11 13 -1 18 38 32

0 13 16 25 -8 19 29 30

0 52 76 13 -2 0 3 44

0 12 13 61 -15 11 14 7

0 34 51 71 -1 0 3 45

0 13 16 57 -9 6 36 18

0 12 58 73 -19 0 24 21

0 7 41 4 -7 0 5 35

0 24 55 14 -9 26 29 20

0 10 12 44 -15 35 36 49

0 26 38 66 -2 1 5 32

0 11 19 72 -16 19 27 9

0 29 31 63 -20 26 29 46

0 17 50 2 -9 2 19 42

0 11 24 19 -6 0 14 39

0 12 28 99 -2 4 16 7

0 25 32 95 -17 1 30 2

0 1 9 93 -14 10 28 8

0 4 19 20 -18 3 4 32

0 2 3 66 -16 3 32 24

0 1 2 51 -8 34 40 6

0 0 1 66 -13 0 7 13

0 4 10 42 -16 18 19 41

0 1 10 0 -7 9 46 7

0 3 5 74 -18 35 43 17

0 0 1 52 -4 3 29 9

0 7 14 87 -13 4 17 27

0 9 12 13 -14 1 4 31

0 0 4 53 -1 4 5 22

0 0 3 20 -2 3 47 29


SAlphaB: 716.0, std-dev 259.68882651389066

Earliest win: 39
Latest win: 81

WinDepth:
0 0 0 0 0 0 0 0 0 0 0 0 0 0 0 0 0 0 0 0 0 0 0 0 0 0 0 0 0 0 0 0 0 0 0 0 0 0 0 6 2 6 4 24 8 30 15 76 19 99 69 150 153 102 77 174 123 222 141 192 171 211 213 313 286 338 380 399 417 399 381 449 389 360 417 347 288 249 188 159 122 82 
SAlphaB:
0 0 0 0 0 0 0 0 0 0 0 0 0 0 0 0 0 0 0 0 0 0 0 0 0 0 0 0 0 0 0 0 0 0 0 0 0 0 0 6 2 6 4 24 8 30 15 76 19 99 69 150 153 102 77 174 123 222 141 192 171 211 213 313 286 338 380 399 417 399 381 449 389 360 417 347 288 249 188 159 122 82 

LossDepth:
SAlphaB:
0 0 0 0 0 0 0 0 0 0 0 0 0 0 0 0 0 0 0 0 0 0 0 0 0 0 0 0 0 0 0 0 0 0 0 0 0 0 0 6 2 6 4 24 8 30 15 76 19 99 69 150 153 102 77 174 123 222 141 192 171 211 213 313 286 338 380 399 417 399 381 449 389 360 417 347 288 249 188 159 122 82 

FirstWin:
0 0 0 0 0 0 0 0 0 0 0 0 0 0 0 0 0 0 0 0 0 0 0 0 0 0 0 0 0 0 0 0 0 0 0 0 0 0 0 6 0 6 0 24 0 30 0 76 0 99 0 150 0 102 0 174 0 222 0 192 0 211 0 313 0 338 0 399 0 399 0 449 0 360 0 347 0 249 0 159 0 82 
SAlphaB:
0 0 0 0 0 0 0 0 0 0 0 0 0 0 0 0 0 0 0 0 0 0 0 0 0 0 0 0 0 0 0 0 0 0 0 0 0 0 0 6 0 6 0 24 0 30 0 76 0 99 0 150 0 102 0 174 0 222 0 192 0 211 0 313 0 338 0 399 0 399 0 449 0 360 0 347 0 249 0 159 0 82 

SecondWin:
0 0 0 0 0 0 0 0 0 0 0 0 0 0 0 0 0 0 0 0 0 0 0 0 0 0 0 0 0 0 0 0 0 0 0 0 0 0 0 0 2 0 4 0 8 0 15 0 19 0 69 0 153 0 77 0 123 0 141 0 171 0 213 0 286 0 380 0 417 0 381 0 389 0 417 0 288 0 188 0 122 0 
SAlphaB:
0 0 0 0 0 0 0 0 0 0 0 0 0 0 0 0 0 0 0 0 0 0 0 0 0 0 0 0 0 0 0 0 0 0 0 0 0 0 0 0 2 0 4 0 8 0 15 0 19 0 69 0 153 0 77 0 123 0 141 0 171 0 213 0 286 0 380 0 417 0 381 0 389 0 417 0 288 0 188 0 122 0 
