0 46 92 57 -4 2 14 2

0 65 80 65 -2 4 26 15

0 4 40 61 -4 4 5 3

0 15 89 34 -1 1 7 2

0 21 59 51 -4 7 24 23

0 31 80 39 -18 17 46 8

0 52 79 69 -18 3 32 24

0 22 35 7 -2 1 3 0

0 54 98 26 -17 5 24 2

0 69 70 44 -15 2 32 21

0 64 95 53 -9 9 27 45

0 20 48 38 -15 9 19 14

0 5 63 37 -1 19 37 16

0 30 70 2 -17 1 21 0

0 25 83 33 -5 3 5 6

0 47 91 72 -19 4 11 29

0 5 54 35 -5 17 30 8

0 5 82 29 -16 0 3 5

0 4 61 71 -1 12 29 26

0 42 88 35 -3 1 17 45

0 79 80 71 -17 3 20 0

0 58 93 45 -13 8 41 1

0 16 68 95 -13 4 12 4

0 94 98 22 -4 11 28 29

0 51 91 86 -12 9 47 7

0 31 51 64 -10 3 6 6

0 56 90 45 -19 4 7 7

0 57 86 89 -8 11 19 25

0 57 91 7 -19 15 42 13

0 3 85 49 -19 5 6 29

0 59 82 99 -18 17 40 41

0 22 30 55 -9 3 10 23

0 81 90 21 -10 4 8 25

0 37 50 67 -6 5 12 45

0 10 51 28 -8 24 29 22

0 67 80 68 -15 2 45 18

0 6 64 74 -5 11 37 26

0 47 63 10 -2 7 10 20

0 24 81 67 -9 1 27 3

0 35 55 61 -15 12 34 32

0 20 25 44 -3 26 41 21

0 33 44 27 -10 6 17 28

0 23 67 64 -16 25 28 31

0 3 37 88 -9 20 33 6

0 37 46 36 -10 13 28 28

0 19 53 4 -20 0 9 39

0 71 90 54 -16 10 15 10

0 52 57 67 -18 0 1 23

0 0 1 57 -6 20 27 14

0 19 85 50 -18 17 29 3

0 37 39 25 -19 31 34 26

0 11 29 87 -3 11 26 11

0 54 55 62 -19 0 1 24

0 31 34 63 -3 9 41 20

0 73 87 94 -14 26 34 17

0 44 46 51 -12 24 40 19

0 1 7 79 -19 35 39 31

0 9 51 73 -19 9 17 31

0 7 97 30 -10 22 31 8

0 27 69 23 -20 4 41 45

0 86 95 38 -18 18 49 43

0 1 89 50 -6 12 41 25

0 5 84 25 -7 1 6 41

0 6 93 14 -6 16 45 46

0 65 72 96 -2 26 38 25

0 27 62 3 -12 23 28 6

0 45 84 51 -18 23 26 12

0 14 25 40 -14 40 43 1

0 21 99 20 -20 14 17 21

0 7 28 88 -5 26 42 7

0 63 76 87 -2 42 43 9

0 63 64 26 -12 2 16 49

0 16 64 30 -3 20 47 16

0 1 47 93 -18 11 31 19

0 31 69 58 -20 23 46 49

0 19 26 18 -9 31 49 40

0 31 93 21 -10 19 20 12

0 1 4 7 -20 15 27 9

0 8 11 80 -2 21 29 44

0 19 61 79 -2 3 34 28

0 1 21 44 -19 22 25 10

0 21 35 3 -15 7 11 45

0 2 39 20 -2 16 45 9

0 3 11 30 -12 18 46 13

0 14 21 69 -8 2 19 36

0 9 48 7 -5 12 15 41

0 14 37 15 -15 20 29 36

0 5 10 4 -1 8 25 43

0 15 76 68 -1 19 21 1

0 7 8 16 -19 28 39 35

0 4 8 50 -13 20 49 41

0 9 35 43 -15 5 35 46

0 24 38 61 -7 3 5 46

0 3 5 13 -1 23 34 22

0 5 9 77 -17 5 6 48

0 37 84 98 -8 26 30 13

0 1 6 66 -10 8 28 24

0 25 41 10 -16 8 32 49

0 20 21 70 -17 13 42 16

0 15 27 23 -14 24 44 1


SAlphaB: 712.0, std-dev 270.97593364755033

Earliest win: 38
Latest win: 81

WinDepth:
0 0 0 0 0 0 0 0 0 0 0 0 0 0 0 0 0 0 0 0 0 0 0 0 0 0 0 0 0 0 0 0 0 0 0 0 0 0 1 2 0 0 3 19 10 15 17 21 40 84 54 200 84 107 75 173 107 200 134 174 152 215 251 300 324 389 394 341 466 407 409 404 407 401 423 384 271 257 201 165 109 59 
SAlphaB:
0 0 0 0 0 0 0 0 0 0 0 0 0 0 0 0 0 0 0 0 0 0 0 0 0 0 0 0 0 0 0 0 0 0 0 0 0 0 1 2 0 0 3 19 10 15 17 21 40 84 54 200 84 107 75 173 107 200 134 174 152 215 251 300 324 389 394 341 466 407 409 404 407 401 423 384 271 257 201 165 109 59 

LossDepth:
SAlphaB:
0 0 0 0 0 0 0 0 0 0 0 0 0 0 0 0 0 0 0 0 0 0 0 0 0 0 0 0 0 0 0 0 0 0 0 0 0 0 1 2 0 0 3 19 10 15 17 21 40 84 54 200 84 107 75 173 107 200 134 174 152 215 251 300 324 389 394 341 466 407 409 404 407 401 423 384 271 257 201 165 109 59 

FirstWin:
0 0 0 0 0 0 0 0 0 0 0 0 0 0 0 0 0 0 0 0 0 0 0 0 0 0 0 0 0 0 0 0 0 0 0 0 0 0 0 2 0 0 0 19 0 15 0 21 0 84 0 200 0 107 0 173 0 200 0 174 0 215 0 300 0 389 0 341 0 407 0 404 0 401 0 384 0 257 0 165 0 59 
SAlphaB:
0 0 0 0 0 0 0 0 0 0 0 0 0 0 0 0 0 0 0 0 0 0 0 0 0 0 0 0 0 0 0 0 0 0 0 0 0 0 0 2 0 0 0 19 0 15 0 21 0 84 0 200 0 107 0 173 0 200 0 174 0 215 0 300 0 389 0 341 0 407 0 404 0 401 0 384 0 257 0 165 0 59 

SecondWin:
0 0 0 0 0 0 0 0 0 0 0 0 0 0 0 0 0 0 0 0 0 0 0 0 0 0 0 0 0 0 0 0 0 0 0 0 0 0 1 0 0 0 3 0 10 0 17 0 40 0 54 0 84 0 75 0 107 0 134 0 152 0 251 0 324 0 394 0 466 0 409 0 407 0 423 0 271 0 201 0 109 0 
SAlphaB:
0 0 0 0 0 0 0 0 0 0 0 0 0 0 0 0 0 0 0 0 0 0 0 0 0 0 0 0 0 0 0 0 0 0 0 0 0 0 1 0 0 0 3 0 10 0 17 0 40 0 54 0 84 0 75 0 107 0 134 0 152 0 251 0 324 0 394 0 466 0 409 0 407 0 423 0 271 0 201 0 109 0 
