0 32 48 72 -12 3 6 8

0 68 95 73 -20 10 37 36

0 26 53 66 -3 6 9 2

0 52 79 12 -7 4 23 12

0 37 78 4 -4 7 15 18

0 15 99 47 -12 1 4 2

0 47 72 23 -2 12 24 7

0 27 76 98 -15 2 12 1

0 41 65 33 -5 10 21 21

0 49 97 56 -11 8 22 27

0 65 94 30 -14 17 35 13

0 77 82 96 -7 12 39 27

0 63 92 12 -19 7 21 15

0 38 98 32 -16 2 9 11

0 97 98 74 -15 8 47 19

0 31 73 12 -9 2 10 13

0 72 90 91 -8 5 39 24

0 79 81 97 -19 11 33 47

0 14 88 75 -18 0 2 23

0 26 84 95 -20 3 7 5

0 52 75 22 -20 0 4 10

0 47 99 70 -1 1 30 7

0 67 91 95 -18 11 34 27

0 39 65 12 -17 3 11 14

0 72 88 75 -5 3 41 23

0 83 85 46 -5 9 34 13

0 86 95 83 -13 8 16 17

0 32 80 68 -9 4 26 4

0 32 43 35 -9 2 13 6

0 31 94 37 -4 6 30 34

0 65 99 41 -2 14 21 49

0 71 98 91 -10 14 20 12

0 59 81 81 -12 5 27 13

0 64 69 90 -2 13 35 16

0 23 87 96 -14 0 5 21

0 63 95 45 -4 6 12 19

0 52 86 30 -13 4 18 29

0 88 90 79 -16 1 16 43

0 20 33 25 -8 2 3 8

0 4 95 69 -12 11 28 2

0 33 69 57 -15 1 3 9

0 51 83 64 -2 15 24 27

0 45 66 28 -12 2 3 16

0 21 70 38 -19 1 8 30

0 61 78 54 -2 3 10 26

0 14 74 50 -20 0 5 13

0 12 91 89 -13 6 14 17

0 62 82 65 -16 4 15 33

0 25 71 54 -14 5 6 4

0 78 89 75 -5 11 22 30

0 58 93 80 -14 8 21 20

0 17 49 21 -8 0 11 18

0 69 77 22 -14 3 31 35

0 73 79 23 -16 5 23 34

0 12 83 1 -13 4 6 9

0 60 89 93 -10 9 13 9

0 45 61 37 -12 14 19 24

0 66 92 36 -14 1 3 39

0 38 98 59 -3 2 7 38

0 48 91 73 -3 13 16 40

0 86 96 38 -12 0 1 19

0 32 46 36 -14 5 14 32

0 26 66 69 -8 4 5 5

0 36 52 59 -1 1 26 9

0 51 84 40 -3 17 31 37

0 89 99 45 -3 21 40 20

0 41 77 5 -20 1 23 4

0 26 72 52 -10 0 2 28

0 27 49 29 -10 0 18 27

0 24 48 59 -3 2 9 21

0 29 65 30 -15 3 4 3

0 27 98 19 -14 6 8 47

0 14 73 33 -10 3 4 24

0 71 82 38 -17 5 14 10

0 17 50 5 -2 4 12 14

0 31 92 35 -4 0 16 23

0 40 46 19 -3 12 20 23

0 14 47 90 -9 5 12 11

0 11 91 62 -5 4 11 31

0 52 67 26 -7 9 34 49

0 42 86 72 -11 3 12 45

0 15 94 92 -18 0 11 26

0 61 97 24 -20 9 38 14

0 10 16 60 -11 3 8 3

0 62 79 28 -10 0 2 21

0 28 66 20 -8 7 22 26

0 10 83 27 -6 28 48 9

0 5 70 4 -7 19 43 34

0 19 53 97 -8 29 35 20

0 22 88 8 -15 3 13 43

0 25 98 84 -13 19 49 21

0 48 53 16 -15 0 5 37

0 27 51 94 -9 3 5 24

0 17 58 38 -18 2 7 30

0 22 83 95 -1 13 46 2

0 4 76 95 -4 0 2 1

0 20 98 30 -13 2 3 41

0 18 97 96 -20 24 36 23

0 28 47 6 -15 34 38 4

0 23 39 72 -5 0 13 28


SAlphaB: 787.0, std-dev 296.0500049899433

Earliest win: 33
Latest win: 81

WinDepth:
0 0 0 0 0 0 0 0 0 0 0 0 0 0 0 0 0 0 0 0 0 0 0 0 0 0 0 0 0 0 0 0 0 1 0 2 1 13 2 31 5 46 12 32 24 95 30 149 52 174 135 401 159 328 259 486 373 546 329 482 477 658 636 741 772 968 946 988 1019 983 974 935 825 860 849 712 618 430 412 322 192 147 
SAlphaB:
0 0 0 0 0 0 0 0 0 0 0 0 0 0 0 0 0 0 0 0 0 0 0 0 0 0 0 0 0 0 0 0 0 1 0 2 1 13 2 31 5 46 12 32 24 95 30 149 52 174 135 401 159 328 259 486 373 546 329 482 477 658 636 741 772 968 946 988 1019 983 974 935 825 860 849 712 618 430 412 322 192 147 

LossDepth:
SAlphaB:
0 0 0 0 0 0 0 0 0 0 0 0 0 0 0 0 0 0 0 0 0 0 0 0 0 0 0 0 0 0 0 0 0 0 0 1 1 2 2 18 4 23 10 8 13 51 20 84 45 74 86 177 98 169 154 326 226 386 215 314 301 435 353 566 543 736 695 802 729 822 724 768 654 723 620 621 475 433 349 285 248 155 

FirstWin:
0 0 0 0 0 0 0 0 0 0 0 0 0 0 0 0 0 0 0 0 0 0 0 0 0 0 0 0 0 0 0 0 0 1 0 2 0 13 0 31 0 46 0 32 0 95 0 149 0 174 0 401 0 328 0 486 0 546 0 482 0 658 0 741 0 968 0 988 0 983 0 935 0 860 0 712 0 430 0 322 0 147 
SAlphaB:
0 0 0 0 0 0 0 0 0 0 0 0 0 0 0 0 0 0 0 0 0 0 0 0 0 0 0 0 0 0 0 0 0 1 0 2 0 13 0 31 0 46 0 32 0 95 0 149 0 174 0 401 0 328 0 486 0 546 0 482 0 658 0 741 0 968 0 988 0 983 0 935 0 860 0 712 0 430 0 322 0 147 

SecondWin:
0 0 0 0 0 0 0 0 0 0 0 0 0 0 0 0 0 0 0 0 0 0 0 0 0 0 0 0 0 0 0 0 0 0 0 0 1 0 2 0 5 0 12 0 24 0 30 0 52 0 135 0 159 0 259 0 373 0 329 0 477 0 636 0 772 0 946 0 1019 0 974 0 825 0 849 0 618 0 412 0 192 0 
SAlphaB:
0 0 0 0 0 0 0 0 0 0 0 0 0 0 0 0 0 0 0 0 0 0 0 0 0 0 0 0 0 0 0 0 0 0 0 0 1 0 2 0 5 0 12 0 24 0 30 0 52 0 135 0 159 0 259 0 373 0 329 0 477 0 636 0 772 0 946 0 1019 0 974 0 825 0 849 0 618 0 412 0 192 0 
