0 89 99 45 -3 21 40 20

0 37 78 4 -4 7 15 18

0 32 43 35 -9 2 13 6

0 20 98 30 -13 2 3 41

0 67 91 95 -18 11 34 27

0 45 66 28 -12 2 3 16

0 11 91 62 -5 4 11 31

0 23 39 72 -5 0 13 28

0 20 33 25 -8 2 3 8

0 31 73 12 -9 2 10 13

0 64 77 71 -20 0 1 5

0 67 95 56 -9 5 22 27

0 56 71 40 -14 1 4 27

0 50 55 5 -18 2 12 25

0 14 93 8 -8 4 11 3

0 27 67 6 -11 10 23 20

0 10 72 60 -11 9 23 0

0 50 97 4 -8 15 26 46

0 28 83 22 -6 13 15 22

0 72 88 78 -15 0 19 16

0 59 94 81 -19 4 9 44

0 34 35 31 -13 3 5 22

0 50 96 53 -14 10 12 27

0 12 86 76 -4 11 23 19

0 24 90 58 -14 8 10 1

0 50 71 7 -12 2 5 36

0 12 54 6 -5 35 36 16

0 72 85 82 -12 0 1 36

0 64 90 73 -9 34 48 20

0 23 84 49 -14 4 45 10

0 6 70 73 -18 4 5 29

0 57 89 81 -13 1 4 24

0 54 64 22 -3 3 5 31

0 27 49 79 -7 0 32 9

0 8 53 46 -2 31 35 12

0 5 42 38 -14 14 23 1

0 1 88 78 -19 31 42 48

0 7 21 17 -4 3 10 10

0 47 72 55 -7 0 3 32

0 0 66 37 -12 15 32 39

0 9 46 30 -3 19 22 7

0 23 75 0 -17 6 38 42

0 6 22 58 -11 17 21 22

0 9 74 96 -4 27 38 2

0 1 21 88 -20 0 1 14

0 38 87 20 -12 12 45 47

0 18 21 97 -20 11 20 4

0 65 77 6 -9 18 30 23

0 13 86 2 -8 19 39 34

0 10 26 35 -12 28 34 8

0 11 59 13 -16 23 29 28

0 2 75 46 -17 3 23 27

0 17 42 93 -16 6 12 20

0 33 83 6 -20 14 15 3

0 17 76 81 -16 21 48 14

0 7 41 33 -13 3 5 38

0 9 47 86 -17 15 22 36

0 30 32 15 -8 7 29 23

0 13 31 34 -6 2 8 31

0 22 47 1 -7 24 26 46

0 46 58 24 -1 28 31 26

0 9 30 85 -10 0 48 25

0 10 30 53 -18 6 10 13

0 19 25 69 -16 8 31 28

0 12 36 62 -17 10 44 22

0 32 38 56 -19 6 48 27

0 23 28 50 -14 18 22 1

0 3 59 96 -1 4 10 44

0 6 81 62 -15 0 3 20

0 6 10 68 -12 8 18 21

0 1 4 82 -9 41 42 41

0 0 28 44 -2 15 49 44

0 31 35 45 -18 0 40 23

0 3 88 19 -19 7 35 3

0 6 21 80 -15 6 21 25

0 9 13 79 -11 5 23 5

0 0 2 10 -12 31 34 11

0 14 35 20 -7 1 20 45

0 11 20 32 -17 1 11 39

0 11 51 62 -16 5 46 37

0 36 51 58 -12 24 38 41

0 3 92 4 -10 7 48 32

0 11 45 1 -17 13 32 8

0 6 10 34 -1 0 12 11

0 6 17 86 -10 21 39 13

0 5 87 42 -20 20 31 37

0 16 38 14 -20 2 38 4

0 0 8 96 -8 19 49 41

0 12 34 61 -16 10 11 31

0 11 12 32 -20 7 40 9

0 9 19 62 -4 4 42 5

0 3 15 19 -6 13 34 26

0 1 4 43 -14 4 18 4

0 0 7 63 -9 3 45 10

0 3 9 12 -15 3 6 36

0 4 6 68 -3 7 42 18

0 0 4 26 -11 5 10 38

0 9 23 0 -8 2 3 43

0 2 10 23 -12 0 19 49

0 15 17 54 -8 20 30 46


SAlphaB: 739.0, std-dev 268.5785294185789

Earliest win: 35
Latest win: 81

WinDepth:
0 0 0 0 0 0 0 0 0 0 0 0 0 0 0 0 0 0 0 0 0 0 0 0 0 0 0 0 0 0 0 0 0 0 0 1 0 1 0 2 0 2 2 12 12 16 17 25 36 67 64 180 93 103 94 140 144 172 127 197 174 229 258 354 336 375 399 368 494 415 470 492 403 367 402 368 278 232 181 145 93 82 
SAlphaB:
0 0 0 0 0 0 0 0 0 0 0 0 0 0 0 0 0 0 0 0 0 0 0 0 0 0 0 0 0 0 0 0 0 0 0 1 0 1 0 2 0 2 2 12 12 16 17 25 36 67 64 180 93 103 94 140 144 172 127 197 174 229 258 354 336 375 399 368 494 415 470 492 403 367 402 368 278 232 181 145 93 82 

LossDepth:
SAlphaB:
0 0 0 0 0 0 0 0 0 0 0 0 0 0 0 0 0 0 0 0 0 0 0 0 0 0 0 0 0 0 0 0 0 0 0 1 0 1 0 2 0 2 2 12 12 16 17 25 36 67 64 180 93 103 94 140 144 172 127 197 174 229 258 354 336 375 399 368 494 415 470 492 403 367 402 368 278 232 181 145 93 82 

FirstWin:
0 0 0 0 0 0 0 0 0 0 0 0 0 0 0 0 0 0 0 0 0 0 0 0 0 0 0 0 0 0 0 0 0 0 0 1 0 1 0 2 0 2 0 12 0 16 0 25 0 67 0 180 0 103 0 140 0 172 0 197 0 229 0 354 0 375 0 368 0 415 0 492 0 367 0 368 0 232 0 145 0 82 
SAlphaB:
0 0 0 0 0 0 0 0 0 0 0 0 0 0 0 0 0 0 0 0 0 0 0 0 0 0 0 0 0 0 0 0 0 0 0 1 0 1 0 2 0 2 0 12 0 16 0 25 0 67 0 180 0 103 0 140 0 172 0 197 0 229 0 354 0 375 0 368 0 415 0 492 0 367 0 368 0 232 0 145 0 82 

SecondWin:
0 0 0 0 0 0 0 0 0 0 0 0 0 0 0 0 0 0 0 0 0 0 0 0 0 0 0 0 0 0 0 0 0 0 0 0 0 0 0 0 0 0 2 0 12 0 17 0 36 0 64 0 93 0 94 0 144 0 127 0 174 0 258 0 336 0 399 0 494 0 470 0 403 0 402 0 278 0 181 0 93 0 
SAlphaB:
0 0 0 0 0 0 0 0 0 0 0 0 0 0 0 0 0 0 0 0 0 0 0 0 0 0 0 0 0 0 0 0 0 0 0 0 0 0 0 0 0 0 2 0 12 0 17 0 36 0 64 0 93 0 94 0 144 0 127 0 174 0 258 0 336 0 399 0 494 0 470 0 403 0 402 0 278 0 181 0 93 0 
