0 24 48 59 -3 2 9 21

0 62 79 28 -10 0 2 21

0 62 82 65 -16 4 15 33

0 31 94 37 -4 6 30 34

0 5 70 4 -7 19 43 34

0 27 49 29 -10 0 18 27

0 60 89 93 -10 9 13 9

0 36 52 59 -1 1 26 9

0 48 53 16 -15 0 5 37

0 18 97 96 -20 24 36 23

0 67 93 45 -12 8 10 9

0 63 88 24 -4 1 39 12

0 50 94 41 -20 1 39 14

0 15 93 50 -1 7 8 23

0 30 42 82 -1 17 19 36

0 24 47 65 -9 21 43 41

0 44 59 56 -14 0 2 0

0 11 29 56 -10 8 23 26

0 69 90 89 -11 11 12 47

0 18 56 79 -6 7 10 26

0 33 40 11 -9 1 3 17

0 16 72 45 -3 29 36 26

0 75 89 77 -14 2 10 10

0 6 44 81 -20 18 20 8

0 0 92 86 -5 20 27 9

0 65 69 77 -15 1 5 12

0 39 67 89 -2 22 28 37

0 41 82 34 -8 16 28 33

0 27 63 74 -13 2 19 37

0 46 49 58 -13 5 8 47

0 20 26 97 -2 6 22 8

0 34 35 39 -14 6 8 1

0 31 62 10 -6 5 29 33

0 57 69 80 -18 8 9 5

0 21 68 76 -7 16 17 24

0 39 78 63 -6 25 44 43

0 33 35 10 -13 6 36 18

0 28 34 33 -18 39 47 10

0 5 35 17 -19 0 3 6

0 72 78 41 -5 1 2 10

0 5 67 4 -10 19 21 2

0 22 37 84 -1 20 26 39

0 18 48 21 -10 27 36 26

0 44 66 49 -14 1 4 48

0 17 97 61 -19 4 18 27

0 1 58 50 -7 10 12 38

0 28 68 85 -8 11 45 5

0 7 18 56 -11 22 28 23

0 73 90 5 -5 11 15 31

0 41 47 92 -20 22 48 8

0 17 42 60 -20 10 35 20

0 12 16 79 -9 11 17 12

0 79 80 27 -13 34 41 48

0 17 88 20 -19 31 34 37

0 40 48 88 -2 4 31 29

0 23 48 11 -12 0 49 25

0 22 64 10 -17 28 49 3

0 5 58 36 -12 2 4 40

0 6 10 89 -19 7 14 39

0 22 29 93 -13 18 48 12

0 19 58 6 -10 12 22 20

0 11 52 57 -19 29 39 15

0 15 24 28 -13 1 36 11

0 3 38 48 -16 39 40 9

0 10 19 28 -4 6 29 21

0 22 23 77 -14 0 45 15

0 52 77 38 -11 30 39 22

0 3 20 46 -9 17 46 43

0 11 66 14 -3 5 27 40

0 4 9 67 -6 9 37 15

0 11 31 54 -18 4 22 4

0 2 24 55 -3 6 21 46

0 6 8 58 -3 29 47 9

0 0 1 17 -20 13 25 10

0 6 9 25 -16 7 44 9

0 3 37 48 -19 1 6 33

0 4 28 37 -3 24 45 9

0 47 48 80 -5 15 30 43

0 1 7 77 -10 16 26 6

0 2 7 11 -20 5 17 14

0 6 40 33 -11 4 40 22

0 16 17 19 -19 46 48 9

0 45 69 95 -13 15 16 46

0 23 26 61 -11 6 25 34

0 3 21 9 -7 25 28 20

0 2 11 96 -7 6 10 2

0 4 13 91 -13 9 12 17

0 3 6 61 -17 20 25 1

0 0 1 7 -4 6 19 43

0 7 36 64 -5 6 40 48

0 2 10 67 -20 9 29 34

0 11 15 69 -9 22 26 44

0 4 13 77 -17 13 49 39

0 1 6 7 -4 13 32 7

0 3 9 84 -1 23 29 48

0 1 6 71 -13 13 14 45

0 7 10 99 -15 3 15 31

0 3 16 18 -15 1 2 47

0 0 3 48 -7 5 7 40

0 3 9 30 -1 32 41 49


SAlphaB: 762.0, std-dev 285.0144699498748

Earliest win: 39
Latest win: 81

WinDepth:
0 0 0 0 0 0 0 0 0 0 0 0 0 0 0 0 0 0 0 0 0 0 0 0 0 0 0 0 0 0 0 0 0 0 0 0 0 0 0 7 0 4 2 21 12 8 8 41 16 63 69 158 70 108 65 189 111 149 141 148 138 214 234 325 289 352 437 384 495 399 506 465 495 353 407 352 289 283 206 134 104 63 
SAlphaB:
0 0 0 0 0 0 0 0 0 0 0 0 0 0 0 0 0 0 0 0 0 0 0 0 0 0 0 0 0 0 0 0 0 0 0 0 0 0 0 7 0 4 2 21 12 8 8 41 16 63 69 158 70 108 65 189 111 149 141 148 138 214 234 325 289 352 437 384 495 399 506 465 495 353 407 352 289 283 206 134 104 63 

LossDepth:
SAlphaB:
0 0 0 0 0 0 0 0 0 0 0 0 0 0 0 0 0 0 0 0 0 0 0 0 0 0 0 0 0 0 0 0 0 0 0 0 0 0 0 7 0 4 2 21 12 8 8 41 16 63 69 158 70 108 65 189 111 149 141 148 138 214 234 325 289 352 437 384 495 399 506 465 495 353 407 352 289 283 206 134 104 63 

FirstWin:
0 0 0 0 0 0 0 0 0 0 0 0 0 0 0 0 0 0 0 0 0 0 0 0 0 0 0 0 0 0 0 0 0 0 0 0 0 0 0 7 0 4 0 21 0 8 0 41 0 63 0 158 0 108 0 189 0 149 0 148 0 214 0 325 0 352 0 384 0 399 0 465 0 353 0 352 0 283 0 134 0 63 
SAlphaB:
0 0 0 0 0 0 0 0 0 0 0 0 0 0 0 0 0 0 0 0 0 0 0 0 0 0 0 0 0 0 0 0 0 0 0 0 0 0 0 7 0 4 0 21 0 8 0 41 0 63 0 158 0 108 0 189 0 149 0 148 0 214 0 325 0 352 0 384 0 399 0 465 0 353 0 352 0 283 0 134 0 63 

SecondWin:
0 0 0 0 0 0 0 0 0 0 0 0 0 0 0 0 0 0 0 0 0 0 0 0 0 0 0 0 0 0 0 0 0 0 0 0 0 0 0 0 0 0 2 0 12 0 8 0 16 0 69 0 70 0 65 0 111 0 141 0 138 0 234 0 289 0 437 0 495 0 506 0 495 0 407 0 289 0 206 0 104 0 
SAlphaB:
0 0 0 0 0 0 0 0 0 0 0 0 0 0 0 0 0 0 0 0 0 0 0 0 0 0 0 0 0 0 0 0 0 0 0 0 0 0 0 0 0 0 2 0 12 0 8 0 16 0 69 0 70 0 65 0 111 0 141 0 138 0 234 0 289 0 437 0 495 0 506 0 495 0 407 0 289 0 206 0 104 0 
