0 17 49 21 -8 0 11 18

0 26 72 52 -10 0 2 28

0 27 76 98 -15 2 12 1

0 48 91 73 -3 13 16 40

0 22 83 95 -1 13 46 2

0 61 97 24 -20 9 38 14

0 10 83 27 -6 28 48 9

0 72 88 75 -5 3 41 23

0 97 98 74 -15 8 47 19

0 40 46 19 -3 12 20 23

0 21 87 63 -8 22 39 13

0 22 65 16 -10 11 15 39

0 31 53 96 -6 1 5 6

0 29 40 73 -9 12 18 38

0 24 74 26 -7 0 37 13

0 38 98 34 -2 22 35 36

0 61 69 73 -11 14 22 17

0 37 98 90 -7 10 41 30

0 5 36 27 -19 1 2 3

0 29 66 76 -2 4 5 21

0 52 93 37 -12 4 5 28

0 72 73 53 -10 19 39 19

0 9 35 76 -10 18 29 11

0 80 86 47 -5 1 5 29

0 24 71 40 -13 3 27 21

0 17 36 13 -20 16 20 18

0 22 52 77 -7 20 45 28

0 6 83 16 -7 39 40 11

0 9 39 30 -17 12 19 10

0 46 55 50 -14 2 8 6

0 0 55 90 -17 28 37 35

0 26 43 61 -4 7 11 1

0 35 45 61 -17 30 44 1

0 52 80 22 -10 34 42 21

0 24 49 72 -7 6 28 4

0 11 81 73 -4 26 48 45

0 31 59 25 -6 7 32 38

0 14 56 5 -6 5 7 11

0 6 87 74 -20 9 44 4

0 28 45 56 -1 2 3 21

0 19 20 89 -3 4 9 26

0 33 41 56 -9 13 48 42

0 35 44 6 -14 0 21 7

0 36 83 92 -3 0 12 47

0 6 20 20 -12 9 16 2

0 2 21 99 -6 1 2 28

0 17 83 37 -11 5 33 35

0 43 66 15 -5 31 48 16

0 10 91 6 -11 11 14 46

0 32 36 92 -2 2 3 0

0 9 15 77 -8 18 38 19

0 12 40 62 -19 2 11 10

0 75 77 28 -19 2 46 47

0 72 79 99 -5 35 41 7

0 20 93 86 -11 27 37 8

0 13 55 14 -3 4 9 43

0 8 11 17 -5 6 11 23

0 62 93 70 -9 26 43 26

0 8 52 32 -16 15 17 3

0 23 40 11 -17 6 9 46

0 24 29 36 -11 15 19 7

0 11 16 7 -12 46 47 4

0 16 30 3 -4 33 48 23

0 17 28 32 -19 1 22 33

0 62 76 64 -9 16 47 47

0 38 44 97 -6 0 1 26

0 10 24 79 -18 2 17 23

0 33 37 12 -12 4 43 34

0 28 45 1 -12 17 19 24

0 22 89 26 -19 23 32 18

0 38 72 75 -15 26 28 48

0 10 43 64 -16 2 28 17

0 62 63 53 -10 30 32 9

0 74 93 70 -4 31 49 13

0 1 2 61 -16 31 36 36

0 45 63 85 -7 16 20 35

0 15 32 46 -9 1 41 5

0 14 42 72 -18 27 31 36

0 0 19 21 -8 26 39 14

0 26 46 12 -12 8 41 37

0 6 9 38 -16 1 6 7

0 22 26 64 -13 5 6 36

0 1 34 49 -20 20 23 43

0 10 54 22 -14 12 47 47

0 9 17 50 -2 20 22 41

0 2 6 14 -10 9 18 22

0 45 57 99 -3 1 4 46

0 4 16 63 -6 0 41 39

0 13 28 48 -5 25 45 0

0 7 39 21 -10 4 29 19

0 0 7 44 -8 2 7 18

0 17 25 34 -2 4 8 47

0 10 21 25 -20 4 8 43

0 13 14 93 -6 33 42 49

0 3 13 52 -5 0 13 32

0 11 21 38 -3 14 15 40

0 0 39 57 -12 4 17 39

0 7 13 25 -7 23 24 42

0 0 5 24 -5 22 25 49

0 0 14 28 -4 17 31 45


SAlphaB: 725.0, std-dev 279.3267610603117

Earliest win: 33
Latest win: 81

WinDepth:
0 0 0 0 0 0 0 0 0 0 0 0 0 0 0 0 0 0 0 0 0 0 0 0 0 0 0 0 0 0 0 0 0 1 0 1 0 6 0 5 0 5 3 20 5 12 11 41 34 60 59 224 92 116 108 156 110 182 197 186 145 244 211 318 340 413 396 368 438 383 439 445 401 370 406 375 275 245 188 126 117 82 
SAlphaB:
0 0 0 0 0 0 0 0 0 0 0 0 0 0 0 0 0 0 0 0 0 0 0 0 0 0 0 0 0 0 0 0 0 1 0 1 0 6 0 5 0 5 3 20 5 12 11 41 34 60 59 224 92 116 108 156 110 182 197 186 145 244 211 318 340 413 396 368 438 383 439 445 401 370 406 375 275 245 188 126 117 82 

LossDepth:
SAlphaB:
0 0 0 0 0 0 0 0 0 0 0 0 0 0 0 0 0 0 0 0 0 0 0 0 0 0 0 0 0 0 0 0 0 1 0 1 0 6 0 5 0 5 3 20 5 12 11 41 34 60 59 224 92 116 108 156 110 182 197 186 145 244 211 318 340 413 396 368 438 383 439 445 401 370 406 375 275 245 188 126 117 82 

FirstWin:
0 0 0 0 0 0 0 0 0 0 0 0 0 0 0 0 0 0 0 0 0 0 0 0 0 0 0 0 0 0 0 0 0 1 0 1 0 6 0 5 0 5 0 20 0 12 0 41 0 60 0 224 0 116 0 156 0 182 0 186 0 244 0 318 0 413 0 368 0 383 0 445 0 370 0 375 0 245 0 126 0 82 
SAlphaB:
0 0 0 0 0 0 0 0 0 0 0 0 0 0 0 0 0 0 0 0 0 0 0 0 0 0 0 0 0 0 0 0 0 1 0 1 0 6 0 5 0 5 0 20 0 12 0 41 0 60 0 224 0 116 0 156 0 182 0 186 0 244 0 318 0 413 0 368 0 383 0 445 0 370 0 375 0 245 0 126 0 82 

SecondWin:
0 0 0 0 0 0 0 0 0 0 0 0 0 0 0 0 0 0 0 0 0 0 0 0 0 0 0 0 0 0 0 0 0 0 0 0 0 0 0 0 0 0 3 0 5 0 11 0 34 0 59 0 92 0 108 0 110 0 197 0 145 0 211 0 340 0 396 0 438 0 439 0 401 0 406 0 275 0 188 0 117 0 
SAlphaB:
0 0 0 0 0 0 0 0 0 0 0 0 0 0 0 0 0 0 0 0 0 0 0 0 0 0 0 0 0 0 0 0 0 0 0 0 0 0 0 0 0 0 3 0 5 0 11 0 34 0 59 0 92 0 108 0 110 0 197 0 145 0 211 0 340 0 396 0 438 0 439 0 401 0 406 0 275 0 188 0 117 0 
