0 38 98 32 -16 2 9 11

0 73 79 23 -16 5 23 34

0 83 85 46 -5 9 34 13

0 22 88 8 -15 3 13 43

0 78 89 75 -5 11 22 30

0 17 58 38 -18 2 7 30

0 15 94 92 -18 0 11 26

0 4 95 69 -12 11 28 2

0 26 66 69 -8 4 5 5

0 25 98 84 -13 19 49 21

0 24 41 39 -20 6 15 31

0 41 43 46 -19 9 18 20

0 72 79 78 -19 7 37 35

0 58 85 58 -20 9 15 34

0 7 19 93 -12 6 14 19

0 38 66 67 -18 7 32 2

0 17 99 59 -11 31 47 28

0 38 55 24 -19 8 29 20

0 72 81 82 -9 4 8 32

0 21 40 9 -17 2 8 4

0 44 96 87 -6 27 30 7

0 35 42 45 -3 6 7 16

0 19 50 44 -7 24 31 18

0 38 44 84 -3 21 49 13

0 22 55 45 -18 2 31 34

0 38 51 8 -6 21 26 25

0 30 64 5 -18 13 24 33

0 15 97 78 -14 14 38 36

0 51 59 68 -5 10 13 32

0 19 99 35 -3 0 2 24

0 11 82 86 -11 27 31 22

0 68 72 49 -17 5 10 34

0 75 94 67 -18 14 24 44

0 38 45 65 -2 3 4 16

0 33 54 18 -3 43 49 41

0 28 39 60 -19 1 6 29

0 19 62 34 -5 12 15 45

0 13 64 67 -10 11 15 33

0 0 49 77 -17 9 16 46

0 20 50 11 -1 12 29 45

0 43 64 39 -12 15 29 1

0 42 64 10 -20 10 49 26

0 53 92 95 -3 16 22 9

0 16 37 58 -7 5 8 32

0 7 42 9 -19 9 12 16

0 30 94 51 -12 42 46 7

0 80 87 35 -2 0 1 8

0 30 55 50 -8 2 15 40

0 26 67 41 -20 45 49 14

0 12 57 62 -13 1 24 15

0 30 50 91 -10 14 38 43

0 6 89 32 -18 29 32 28

0 2 13 55 -8 6 9 11

0 45 65 21 -11 20 40 30

0 39 41 10 -7 20 33 32

0 33 36 48 -12 0 11 17

0 22 31 34 -17 28 44 31

0 0 1 75 -13 0 2 18

0 2 25 88 -18 5 7 23

0 17 80 66 -2 3 4 44

0 27 40 88 -16 11 25 33

0 36 51 92 -13 15 19 24

0 4 28 36 -8 20 43 6

0 16 31 80 -4 16 43 8

0 11 99 26 -3 25 30 42

0 34 82 4 -6 25 31 2

0 14 72 59 -19 46 49 5

0 24 62 26 -9 1 22 45

0 3 8 33 -7 0 2 7

0 2 16 49 -16 3 10 30

0 15 16 48 -6 1 24 41

0 48 88 15 -10 0 40 29

0 15 96 5 -2 24 29 34

0 14 53 95 -8 8 9 11

0 8 19 96 -11 20 22 33

0 18 59 3 -20 5 22 34

0 1 3 68 -17 15 44 9

0 17 83 59 -19 22 34 46

0 4 23 52 -17 14 15 32

0 9 14 84 -15 22 34 12

0 33 85 34 -13 32 35 23

0 21 46 8 -16 9 35 0

0 0 31 16 -18 22 40 14

0 10 12 21 -1 2 36 10

0 1 28 58 -5 6 36 16

0 20 62 35 -20 2 46 5

0 6 13 81 -10 16 24 45

0 0 2 55 -6 10 30 11

0 1 11 71 -8 15 37 2

0 55 80 79 -20 31 36 45

0 0 2 66 -1 13 16 17

0 11 17 2 -6 1 18 27

0 18 27 16 -8 6 33 39

0 9 10 73 -20 24 28 22

0 1 10 1 -19 7 15 46

0 1 8 67 -4 10 33 13

0 20 35 30 -20 22 33 4

0 0 6 8 -19 5 9 17

0 7 26 7 -9 23 40 43

0 0 1 97 -10 0 6 4


SAlphaB: 707.0, std-dev 266.7873801590345

Earliest win: 37
Latest win: 81

WinDepth:
0 0 0 0 0 0 0 0 0 0 0 0 0 0 0 0 0 0 0 0 0 0 0 0 0 0 0 0 0 0 0 0 0 0 0 0 0 3 0 0 0 3 5 8 11 24 6 30 40 101 49 225 85 120 72 215 100 192 153 164 157 241 263 302 290 377 366 389 423 440 409 473 405 460 296 380 247 261 202 138 89 87 
SAlphaB:
0 0 0 0 0 0 0 0 0 0 0 0 0 0 0 0 0 0 0 0 0 0 0 0 0 0 0 0 0 0 0 0 0 0 0 0 0 3 0 0 0 3 5 8 11 24 6 30 40 101 49 225 85 120 72 215 100 192 153 164 157 241 263 302 290 377 366 389 423 440 409 473 405 460 296 380 247 261 202 138 89 87 

LossDepth:
SAlphaB:
0 0 0 0 0 0 0 0 0 0 0 0 0 0 0 0 0 0 0 0 0 0 0 0 0 0 0 0 0 0 0 0 0 0 0 0 0 3 0 0 0 3 5 8 11 24 6 30 40 101 49 225 85 120 72 215 100 192 153 164 157 241 263 302 290 377 366 389 423 440 409 473 405 460 296 380 247 261 202 138 89 87 

FirstWin:
0 0 0 0 0 0 0 0 0 0 0 0 0 0 0 0 0 0 0 0 0 0 0 0 0 0 0 0 0 0 0 0 0 0 0 0 0 3 0 0 0 3 0 8 0 24 0 30 0 101 0 225 0 120 0 215 0 192 0 164 0 241 0 302 0 377 0 389 0 440 0 473 0 460 0 380 0 261 0 138 0 87 
SAlphaB:
0 0 0 0 0 0 0 0 0 0 0 0 0 0 0 0 0 0 0 0 0 0 0 0 0 0 0 0 0 0 0 0 0 0 0 0 0 3 0 0 0 3 0 8 0 24 0 30 0 101 0 225 0 120 0 215 0 192 0 164 0 241 0 302 0 377 0 389 0 440 0 473 0 460 0 380 0 261 0 138 0 87 

SecondWin:
0 0 0 0 0 0 0 0 0 0 0 0 0 0 0 0 0 0 0 0 0 0 0 0 0 0 0 0 0 0 0 0 0 0 0 0 0 0 0 0 0 0 5 0 11 0 6 0 40 0 49 0 85 0 72 0 100 0 153 0 157 0 263 0 290 0 366 0 423 0 409 0 405 0 296 0 247 0 202 0 89 0 
SAlphaB:
0 0 0 0 0 0 0 0 0 0 0 0 0 0 0 0 0 0 0 0 0 0 0 0 0 0 0 0 0 0 0 0 0 0 0 0 0 0 0 0 0 0 5 0 11 0 6 0 40 0 49 0 85 0 72 0 100 0 153 0 157 0 263 0 290 0 366 0 423 0 409 0 405 0 296 0 247 0 202 0 89 0 
