0 52 86 30 -13 4 18 29

0 14 73 33 -10 3 4 24

0 17 50 5 -2 4 12 14

0 41 77 5 -20 1 23 4

0 71 98 91 -10 14 20 12

0 86 96 38 -12 0 1 19

0 79 81 97 -19 11 33 47

0 71 82 38 -17 5 14 10

0 27 98 19 -14 6 8 47

0 10 16 60 -11 3 8 3

0 70 74 44 -15 8 46 36

0 92 96 77 -19 0 11 2

0 58 77 53 -6 11 20 22

0 33 51 36 -8 9 17 2

0 55 75 39 -7 12 44 43

0 47 48 54 -18 0 2 1

0 19 38 99 -9 8 21 1

0 69 78 94 -1 0 36 8

0 3 67 26 -3 8 16 16

0 37 46 15 -10 1 10 31

0 17 51 38 -11 2 14 32

0 25 81 26 -20 3 21 11

0 25 26 0 -10 4 15 24

0 21 59 86 -10 12 32 38

0 28 61 86 -5 0 9 40

0 78 96 79 -3 2 4 8

0 16 97 99 -9 25 45 43

0 14 59 95 -1 23 40 20

0 20 83 69 -2 3 5 37

0 41 60 96 -18 8 16 22

0 16 80 37 -19 31 38 7

0 43 93 14 -17 11 25 48

0 16 21 75 -1 19 27 17

0 24 30 25 -12 0 15 8

0 20 52 35 -20 21 23 27

0 31 66 16 -4 15 21 48

0 14 87 34 -12 5 46 25

0 20 92 89 -10 25 36 36

0 60 63 53 -6 32 42 16

0 48 55 80 -5 16 19 48

0 3 49 63 -11 0 24 3

0 55 79 45 -9 21 28 40

0 34 38 43 -15 11 40 9

0 34 63 76 -14 15 46 6

0 54 69 84 -13 1 33 48

0 49 64 80 -2 22 36 4

0 16 72 54 -5 8 14 8

0 74 89 49 -7 31 41 15

0 62 84 61 -16 4 23 40

0 41 79 70 -4 15 30 32

0 30 39 58 -14 19 29 26

0 46 50 46 -9 0 2 29

0 7 63 23 -6 14 20 17

0 89 95 64 -12 23 32 42

0 2 11 70 -8 19 35 10

0 39 40 39 -11 31 37 6

0 12 56 92 -18 29 46 13

0 11 36 7 -3 18 31 27

0 28 34 1 -16 1 12 29

0 41 78 90 -3 0 4 48

0 4 45 45 -20 14 27 6

0 9 79 22 -9 33 43 8

0 14 50 0 -14 4 49 30

0 12 41 16 -9 14 25 22

0 18 74 3 -13 39 44 46

0 11 96 76 -1 10 13 0

0 19 34 95 -18 22 40 31

0 24 29 3 -2 0 2 31

0 18 20 35 -7 1 25 15

0 24 54 20 -4 28 46 32

0 23 42 12 -20 6 22 5

0 42 60 15 -14 21 48 43

0 18 82 76 -15 8 44 1

0 15 63 5 -12 8 48 6

0 6 61 17 -18 3 4 41

0 35 75 67 -20 0 49 9

0 1 29 28 -12 11 33 33

0 23 30 81 -5 30 41 0

0 6 18 93 -19 6 8 26

0 50 70 94 -4 28 39 27

0 0 6 89 -3 24 28 32

0 7 13 57 -14 9 30 18

0 3 4 64 -8 14 17 26

0 0 39 34 -19 37 49 43

0 7 8 29 -3 42 49 15

0 8 21 59 -18 10 25 33

0 19 42 2 -8 8 32 35

0 1 99 22 -5 2 9 27

0 0 1 95 -8 6 18 49

0 2 58 16 -3 1 36 25

0 4 8 38 -18 19 27 16

0 6 7 61 -11 0 1 43

0 15 28 22 -3 41 46 43

0 19 21 0 -13 1 7 41

0 17 21 24 -16 14 17 38

0 4 9 54 -2 22 31 22

0 6 7 71 -6 0 31 28

0 4 9 13 -7 4 8 17

0 11 36 33 -5 2 24 44

0 6 12 41 -9 6 7 44


SAlphaB: 708.0, std-dev 270.29902399701217

Earliest win: 37
Latest win: 81

WinDepth:
0 0 0 0 0 0 0 0 0 0 0 0 0 0 0 0 0 0 0 0 0 0 0 0 0 0 0 0 0 0 0 0 0 0 0 0 0 6 0 4 1 9 5 4 14 17 21 30 38 103 57 156 87 158 95 174 126 189 137 159 163 226 237 323 320 387 412 402 433 429 397 439 423 383 386 348 270 232 186 151 123 74 
SAlphaB:
0 0 0 0 0 0 0 0 0 0 0 0 0 0 0 0 0 0 0 0 0 0 0 0 0 0 0 0 0 0 0 0 0 0 0 0 0 6 0 4 1 9 5 4 14 17 21 30 38 103 57 156 87 158 95 174 126 189 137 159 163 226 237 323 320 387 412 402 433 429 397 439 423 383 386 348 270 232 186 151 123 74 

LossDepth:
SAlphaB:
0 0 0 0 0 0 0 0 0 0 0 0 0 0 0 0 0 0 0 0 0 0 0 0 0 0 0 0 0 0 0 0 0 0 0 0 0 6 0 4 1 9 5 4 14 17 21 30 38 103 57 156 87 158 95 174 126 189 137 159 163 226 237 323 320 387 412 402 433 429 397 439 423 383 386 348 270 232 186 151 123 74 

FirstWin:
0 0 0 0 0 0 0 0 0 0 0 0 0 0 0 0 0 0 0 0 0 0 0 0 0 0 0 0 0 0 0 0 0 0 0 0 0 6 0 4 0 9 0 4 0 17 0 30 0 103 0 156 0 158 0 174 0 189 0 159 0 226 0 323 0 387 0 402 0 429 0 439 0 383 0 348 0 232 0 151 0 74 
SAlphaB:
0 0 0 0 0 0 0 0 0 0 0 0 0 0 0 0 0 0 0 0 0 0 0 0 0 0 0 0 0 0 0 0 0 0 0 0 0 6 0 4 0 9 0 4 0 17 0 30 0 103 0 156 0 158 0 174 0 189 0 159 0 226 0 323 0 387 0 402 0 429 0 439 0 383 0 348 0 232 0 151 0 74 

SecondWin:
0 0 0 0 0 0 0 0 0 0 0 0 0 0 0 0 0 0 0 0 0 0 0 0 0 0 0 0 0 0 0 0 0 0 0 0 0 0 0 0 1 0 5 0 14 0 21 0 38 0 57 0 87 0 95 0 126 0 137 0 163 0 237 0 320 0 412 0 433 0 397 0 423 0 386 0 270 0 186 0 123 0 
SAlphaB:
0 0 0 0 0 0 0 0 0 0 0 0 0 0 0 0 0 0 0 0 0 0 0 0 0 0 0 0 0 0 0 0 0 0 0 0 0 0 0 0 1 0 5 0 14 0 21 0 38 0 57 0 87 0 95 0 126 0 137 0 163 0 237 0 320 0 412 0 433 0 397 0 423 0 386 0 270 0 186 0 123 0 
