0 49 97 56 -11 8 22 27

0 68 95 73 -20 10 37 36

0 58 93 80 -14 8 21 20

0 32 80 68 -9 4 26 4

0 63 95 45 -4 6 12 19

0 52 67 26 -7 9 34 49

0 19 53 97 -8 29 35 20

0 28 66 20 -8 7 22 26

0 52 79 12 -7 4 23 12

0 4 76 95 -4 0 2 1

0 27 34 12 -10 6 20 6

0 45 60 91 -19 11 18 15

0 25 50 76 -4 4 38 16

0 69 83 43 -6 5 8 7

0 39 57 34 -9 4 9 25

0 43 52 47 -19 2 6 44

0 62 81 55 -10 2 3 17

0 91 96 61 -19 2 11 11

0 11 20 52 -10 0 1 25

0 40 58 25 -10 11 23 29

0 62 75 34 -9 2 41 0

0 26 70 59 -12 4 9 27

0 27 77 92 -19 3 30 49

0 42 84 75 -1 32 36 12

0 24 70 64 -1 8 26 35

0 44 47 41 -17 5 11 23

0 23 48 52 -19 17 29 25

0 44 96 96 -14 32 49 25

0 21 24 93 -13 1 15 10

0 7 21 5 -9 1 2 8

0 26 49 49 -8 8 13 36

0 29 76 62 -1 4 14 46

0 3 87 64 -3 33 37 29

0 59 80 12 -18 23 25 8

0 63 67 64 -9 35 37 42

0 1 54 54 -8 24 26 10

0 26 31 26 -19 0 12 44

0 48 62 94 -3 7 17 35

0 25 45 49 -2 18 22 23

0 58 91 63 -19 15 29 27

0 19 65 34 -11 14 35 14

0 39 48 74 -8 6 35 27

0 19 63 58 -3 15 29 12

0 26 47 28 -2 3 12 29

0 0 87 68 -20 16 26 33

0 59 64 28 -3 28 42 38

0 21 27 60 -3 9 22 22

0 19 49 57 -12 6 29 7

0 10 25 3 -3 0 2 22

0 7 69 25 -9 12 22 16

0 3 54 89 -15 23 41 3

0 1 41 65 -15 13 29 4

0 8 28 62 -6 28 48 5

0 11 70 7 -16 9 47 13

0 38 87 3 -1 30 44 18

0 54 68 35 -7 26 49 33

0 9 67 56 -18 5 25 33

0 14 21 13 -20 11 12 22

0 19 84 69 -4 14 23 36

0 6 11 38 -8 0 6 1

0 1 7 52 -15 8 15 32

0 55 67 73 -9 24 28 49

0 5 58 67 -8 1 2 45

0 34 38 80 -16 1 44 24

0 72 75 16 -11 2 12 40

0 14 40 0 -5 18 47 13

0 3 85 24 -1 1 16 44

0 5 8 95 -6 22 23 2

0 15 31 33 -8 0 1 44

0 4 35 71 -17 17 21 17

0 22 25 61 -2 29 34 38

0 2 46 81 -18 38 47 40

0 0 87 84 -1 2 3 15

0 23 72 15 -18 1 35 46

0 3 11 57 -13 6 29 18

0 10 30 4 -2 8 24 29

0 6 18 33 -5 36 42 33

0 6 20 52 -3 25 36 43

0 9 29 9 -20 6 34 28

0 39 44 2 -13 29 31 40

0 0 1 13 -8 16 35 7

0 0 4 61 -2 14 39 1

0 7 21 84 -11 6 15 43

0 7 22 46 -3 24 29 15

0 1 2 3 -5 12 32 4

0 1 2 56 -17 32 38 18

0 0 1 51 -9 11 19 39

0 16 45 13 -20 1 41 37

0 11 15 93 -16 2 49 48

0 11 16 83 -11 18 43 13

0 0 14 49 -6 13 15 39

0 2 4 70 -3 0 9 33

0 10 26 16 -13 19 28 47

0 8 17 61 -4 25 47 45

0 2 11 1 -7 0 9 35

0 7 29 91 -3 2 27 42

0 12 33 73 -14 3 27 41

0 8 13 53 -12 3 45 25

0 0 1 30 -1 3 45 18

0 0 1 85 -1 0 3 25


SAlphaB: 729.0, std-dev 262.9602445276095

Earliest win: 37
Latest win: 81

WinDepth:
0 0 0 0 0 0 0 0 0 0 0 0 0 0 0 0 0 0 0 0 0 0 0 0 0 0 0 0 0 0 0 0 0 0 0 0 0 14 0 2 0 8 3 2 6 17 11 38 21 51 83 198 67 105 69 174 133 166 125 194 173 259 245 318 333 376 383 365 426 418 475 477 415 390 417 353 268 248 178 137 102 83 
SAlphaB:
0 0 0 0 0 0 0 0 0 0 0 0 0 0 0 0 0 0 0 0 0 0 0 0 0 0 0 0 0 0 0 0 0 0 0 0 0 14 0 2 0 8 3 2 6 17 11 38 21 51 83 198 67 105 69 174 133 166 125 194 173 259 245 318 333 376 383 365 426 418 475 477 415 390 417 353 268 248 178 137 102 83 

LossDepth:
SAlphaB:
0 0 0 0 0 0 0 0 0 0 0 0 0 0 0 0 0 0 0 0 0 0 0 0 0 0 0 0 0 0 0 0 0 0 0 0 0 14 0 2 0 8 3 2 6 17 11 38 21 51 83 198 67 105 69 174 133 166 125 194 173 259 245 318 333 376 383 365 426 418 475 477 415 390 417 353 268 248 178 137 102 83 

FirstWin:
0 0 0 0 0 0 0 0 0 0 0 0 0 0 0 0 0 0 0 0 0 0 0 0 0 0 0 0 0 0 0 0 0 0 0 0 0 14 0 2 0 8 0 2 0 17 0 38 0 51 0 198 0 105 0 174 0 166 0 194 0 259 0 318 0 376 0 365 0 418 0 477 0 390 0 353 0 248 0 137 0 83 
SAlphaB:
0 0 0 0 0 0 0 0 0 0 0 0 0 0 0 0 0 0 0 0 0 0 0 0 0 0 0 0 0 0 0 0 0 0 0 0 0 14 0 2 0 8 0 2 0 17 0 38 0 51 0 198 0 105 0 174 0 166 0 194 0 259 0 318 0 376 0 365 0 418 0 477 0 390 0 353 0 248 0 137 0 83 

SecondWin:
0 0 0 0 0 0 0 0 0 0 0 0 0 0 0 0 0 0 0 0 0 0 0 0 0 0 0 0 0 0 0 0 0 0 0 0 0 0 0 0 0 0 3 0 6 0 11 0 21 0 83 0 67 0 69 0 133 0 125 0 173 0 245 0 333 0 383 0 426 0 475 0 415 0 417 0 268 0 178 0 102 0 
SAlphaB:
0 0 0 0 0 0 0 0 0 0 0 0 0 0 0 0 0 0 0 0 0 0 0 0 0 0 0 0 0 0 0 0 0 0 0 0 0 0 0 0 0 0 3 0 6 0 11 0 21 0 83 0 67 0 69 0 133 0 125 0 173 0 245 0 333 0 383 0 426 0 475 0 415 0 417 0 268 0 178 0 102 0 
