0 86 95 83 -13 8 16 17

0 51 83 64 -2 15 24 27

0 26 53 66 -3 6 9 2

0 14 47 90 -9 5 12 11

0 12 91 89 -13 6 14 17

0 25 71 54 -14 5 6 4

0 66 92 36 -14 1 3 39

0 47 99 70 -1 1 30 7

0 52 75 22 -20 0 4 10

0 45 61 37 -12 14 19 24

0 17 96 30 -6 9 45 41

0 41 77 11 -4 7 18 26

0 22 27 89 -19 0 6 30

0 35 60 16 -17 11 37 24

0 3 76 83 -1 21 47 36

0 3 14 89 -17 0 1 7

0 27 64 7 -13 0 1 22

0 41 75 30 -5 0 6 18

0 61 80 60 -13 3 4 39

0 69 82 84 -19 16 37 17

0 18 96 18 -15 19 40 7

0 24 92 53 -6 11 29 44

0 34 86 30 -20 17 25 38

0 40 72 8 -11 9 17 32

0 34 45 64 -14 18 24 43

0 86 91 95 -7 8 38 46

0 58 96 20 -1 24 48 37

0 16 68 53 -11 30 40 29

0 65 93 76 -7 5 45 48

0 18 40 83 -13 1 14 8

0 48 49 96 -15 2 10 29

0 43 58 99 -8 26 41 37

0 46 70 54 -6 23 25 32

0 3 79 81 -7 2 9 8

0 46 61 63 -18 2 36 25

0 72 81 6 -4 16 20 49

0 71 78 59 -5 4 12 25

0 7 73 38 -10 16 32 20

0 21 68 9 -11 11 41 19

0 40 51 81 -17 18 34 32

0 8 30 15 -12 11 15 15

0 9 88 15 -11 9 45 42

0 37 45 7 -4 12 34 48

0 87 90 54 -2 34 42 12

0 58 70 46 -14 0 1 24

0 6 48 4 -9 9 14 15

0 18 57 24 -9 2 37 8

0 12 13 98 -11 10 26 20

0 14 53 76 -4 9 17 2

0 3 59 12 -13 2 21 13

0 10 21 14 -3 12 28 11

0 0 3 95 -20 8 13 48

0 16 25 10 -19 3 6 18

0 26 37 84 -9 21 24 30

0 8 13 5 -9 13 14 16

0 5 56 40 -12 9 32 40

0 6 27 74 -16 5 12 34

0 34 79 21 -8 0 6 49

0 48 73 83 -14 19 35 16

0 94 96 4 -15 0 4 36

0 3 53 31 -5 33 40 34

0 44 45 86 -20 16 37 24

0 13 18 24 -14 5 33 10

0 64 69 92 -7 3 47 47

0 8 47 34 -1 9 49 46

0 26 33 0 -7 3 48 25

0 11 21 64 -18 11 49 23

0 11 33 89 -2 24 28 41

0 15 18 36 -11 5 24 35

0 2 57 20 -20 5 6 30

0 15 16 40 -8 19 21 24

0 41 43 15 -6 30 47 36

0 9 40 22 -7 14 16 33

0 10 37 59 -12 37 43 22

0 30 32 65 -6 14 26 10

0 4 5 33 -9 2 3 8

0 2 5 29 -10 25 49 28

0 6 13 46 -2 0 1 16

0 8 21 53 -20 21 22 18

0 1 19 58 -3 3 6 37

0 6 27 30 -19 16 24 23

0 3 6 72 -13 13 19 23

0 20 22 43 -18 16 36 35

0 4 10 74 -7 19 22 14

0 1 2 67 -18 43 45 15

0 19 54 59 -3 0 1 49

0 3 5 91 -7 26 47 38

0 20 24 68 -7 2 10 46

0 11 15 90 -6 6 26 34

0 2 3 87 -5 13 26 5

0 2 3 17 -3 10 21 19

0 3 21 5 -18 8 9 47

0 4 14 50 -14 23 40 38

0 0 18 99 -3 21 22 44

0 1 2 1 -1 7 26 7

0 8 9 64 -5 28 43 0

0 2 7 34 -3 9 18 44

0 1 17 60 -3 4 19 33

0 0 21 29 -3 2 3 49

0 5 6 22 -3 13 18 40


SAlphaB: 750.0, std-dev 281.11086107107496

Earliest win: 38
Latest win: 81

WinDepth:
0 0 0 0 0 0 0 0 0 0 0 0 0 0 0 0 0 0 0 0 0 0 0 0 0 0 0 0 0 0 0 0 0 0 0 0 0 0 1 0 0 6 2 5 7 8 5 18 15 83 38 249 69 152 79 200 117 228 149 188 151 248 200 318 314 348 395 343 400 449 460 436 384 414 375 336 296 258 190 133 106 84 
SAlphaB:
0 0 0 0 0 0 0 0 0 0 0 0 0 0 0 0 0 0 0 0 0 0 0 0 0 0 0 0 0 0 0 0 0 0 0 0 0 0 1 0 0 6 2 5 7 8 5 18 15 83 38 249 69 152 79 200 117 228 149 188 151 248 200 318 314 348 395 343 400 449 460 436 384 414 375 336 296 258 190 133 106 84 

LossDepth:
SAlphaB:
0 0 0 0 0 0 0 0 0 0 0 0 0 0 0 0 0 0 0 0 0 0 0 0 0 0 0 0 0 0 0 0 0 0 0 0 0 0 1 0 0 6 2 5 7 8 5 18 15 83 38 249 69 152 79 200 117 228 149 188 151 248 200 318 314 348 395 343 400 449 460 436 384 414 375 336 296 258 190 133 106 84 

FirstWin:
0 0 0 0 0 0 0 0 0 0 0 0 0 0 0 0 0 0 0 0 0 0 0 0 0 0 0 0 0 0 0 0 0 0 0 0 0 0 0 0 0 6 0 5 0 8 0 18 0 83 0 249 0 152 0 200 0 228 0 188 0 248 0 318 0 348 0 343 0 449 0 436 0 414 0 336 0 258 0 133 0 84 
SAlphaB:
0 0 0 0 0 0 0 0 0 0 0 0 0 0 0 0 0 0 0 0 0 0 0 0 0 0 0 0 0 0 0 0 0 0 0 0 0 0 0 0 0 6 0 5 0 8 0 18 0 83 0 249 0 152 0 200 0 228 0 188 0 248 0 318 0 348 0 343 0 449 0 436 0 414 0 336 0 258 0 133 0 84 

SecondWin:
0 0 0 0 0 0 0 0 0 0 0 0 0 0 0 0 0 0 0 0 0 0 0 0 0 0 0 0 0 0 0 0 0 0 0 0 0 0 1 0 0 0 2 0 7 0 5 0 15 0 38 0 69 0 79 0 117 0 149 0 151 0 200 0 314 0 395 0 400 0 460 0 384 0 375 0 296 0 190 0 106 0 
SAlphaB:
0 0 0 0 0 0 0 0 0 0 0 0 0 0 0 0 0 0 0 0 0 0 0 0 0 0 0 0 0 0 0 0 0 0 0 0 0 0 1 0 0 0 2 0 7 0 5 0 15 0 38 0 69 0 79 0 117 0 149 0 151 0 200 0 314 0 395 0 400 0 460 0 384 0 375 0 296 0 190 0 106 0 
