0 14 88 75 -18 0 2 23

0 21 70 38 -19 1 8 30

0 31 92 35 -4 0 16 23

0 23 87 96 -14 0 5 21

0 39 65 12 -17 3 11 14

0 61 78 54 -2 3 10 26

0 65 94 30 -14 17 35 13

0 15 99 47 -12 1 4 2

0 42 86 72 -11 3 12 45

0 65 99 41 -2 14 21 49

0 35 53 91 -3 4 33 2

0 37 96 74 -17 4 32 6

0 3 73 65 -12 37 40 6

0 66 75 68 -17 8 38 0

0 49 67 74 -14 14 19 15

0 17 34 99 -2 35 47 39

0 6 60 30 -20 0 14 34

0 39 60 92 -3 7 30 29

0 51 77 22 -19 6 11 39

0 31 52 70 -7 11 23 35

0 52 79 69 -20 30 48 6

0 29 32 85 -13 23 29 17

0 49 64 95 -11 2 10 31

0 16 59 80 -9 21 49 39

0 24 55 59 -7 3 4 28

0 36 68 28 -15 20 47 8

0 52 57 60 -14 5 8 0

0 16 63 17 -11 7 25 14

0 16 88 75 -17 33 42 27

0 5 39 6 -1 23 33 16

0 26 42 84 -13 30 46 19

0 67 75 73 -5 0 31 44

0 5 55 17 -18 17 41 36

0 22 46 51 -16 10 11 6

0 2 53 92 -7 0 16 27

0 23 77 67 -7 29 38 17

0 9 43 13 -16 42 44 3

0 34 75 97 -11 4 5 46

0 28 52 34 -5 15 18 10

0 37 44 29 -15 12 36 28

0 41 62 56 -9 12 13 14

0 38 87 89 -4 14 21 22

0 18 98 13 -17 18 45 47

0 15 34 22 -11 1 16 26

0 14 46 18 -17 18 25 5

0 12 57 35 -20 30 38 13

0 9 92 54 -4 1 6 46

0 20 37 81 -6 1 2 45

0 4 8 60 -19 0 1 5

0 19 38 6 -10 15 19 39

0 1 82 93 -14 0 2 23

0 44 49 91 -11 28 40 49

0 8 33 99 -12 3 16 23

0 9 54 60 -6 11 14 43

0 92 97 35 -1 0 4 28

0 8 51 60 -5 1 2 41

0 21 49 61 -11 45 48 46

0 23 78 72 -19 29 30 0

0 1 10 52 -16 14 19 17

0 0 46 4 -10 27 45 4

0 14 61 21 -19 5 49 9

0 6 23 90 -12 13 36 38

0 25 32 36 -2 9 28 41

0 9 58 17 -7 16 28 45

0 7 72 3 -13 4 36 42

0 0 58 57 -12 3 48 0

0 12 19 44 -5 6 15 5

0 8 13 85 -20 0 2 39

0 16 50 23 -11 8 13 3

0 3 41 14 -13 38 42 30

0 0 59 21 -19 2 3 29

0 15 23 24 -17 29 40 45

0 10 33 50 -13 19 43 43

0 1 12 50 -2 13 32 44

0 8 19 49 -5 3 4 23

0 0 1 18 -1 20 28 15

0 8 17 17 -11 26 34 34

0 6 52 49 -3 7 25 46

0 7 19 59 -17 6 40 34

0 1 40 1 -20 12 49 39

0 30 37 32 -2 7 30 37

0 19 27 74 -20 3 40 4

0 1 13 94 -12 11 14 31

0 2 31 20 -9 17 31 39

0 15 37 71 -16 6 35 19

0 2 8 20 -16 0 14 13

0 2 5 94 -9 8 36 16

0 0 11 74 -15 5 40 16

0 8 24 33 -13 15 49 45

0 0 2 77 -6 0 45 49

0 0 20 64 -1 0 8 31

0 18 23 56 -14 39 48 21

0 10 47 32 -20 15 39 8

0 0 2 88 -5 18 27 42

0 1 5 48 -12 3 16 35

0 0 1 76 -16 0 5 49

0 0 3 41 -1 1 31 30

0 1 11 20 -1 6 12 26

0 0 3 27 -1 2 10 20

0 1 4 15 -2 9 13 48


SAlphaB: 700.0, std-dev 257.1071850337123

Earliest win: 34
Latest win: 81

WinDepth:
0 0 0 0 0 0 0 0 0 0 0 0 0 0 0 0 0 0 0 0 0 0 0 0 0 0 0 0 0 0 0 0 0 0 1 0 0 6 1 5 1 10 3 41 8 29 16 36 25 44 51 221 112 127 94 137 101 154 156 190 156 261 243 295 329 350 405 356 446 409 458 438 410 425 402 410 274 262 211 124 122 61 
SAlphaB:
0 0 0 0 0 0 0 0 0 0 0 0 0 0 0 0 0 0 0 0 0 0 0 0 0 0 0 0 0 0 0 0 0 0 1 0 0 6 1 5 1 10 3 41 8 29 16 36 25 44 51 221 112 127 94 137 101 154 156 190 156 261 243 295 329 350 405 356 446 409 458 438 410 425 402 410 274 262 211 124 122 61 

LossDepth:
SAlphaB:
0 0 0 0 0 0 0 0 0 0 0 0 0 0 0 0 0 0 0 0 0 0 0 0 0 0 0 0 0 0 0 0 0 0 1 0 0 6 1 5 1 10 3 41 8 29 16 36 25 44 51 221 112 127 94 137 101 154 156 190 156 261 243 295 329 350 405 356 446 409 458 438 410 425 402 410 274 262 211 124 122 61 

FirstWin:
0 0 0 0 0 0 0 0 0 0 0 0 0 0 0 0 0 0 0 0 0 0 0 0 0 0 0 0 0 0 0 0 0 0 0 0 0 6 0 5 0 10 0 41 0 29 0 36 0 44 0 221 0 127 0 137 0 154 0 190 0 261 0 295 0 350 0 356 0 409 0 438 0 425 0 410 0 262 0 124 0 61 
SAlphaB:
0 0 0 0 0 0 0 0 0 0 0 0 0 0 0 0 0 0 0 0 0 0 0 0 0 0 0 0 0 0 0 0 0 0 0 0 0 6 0 5 0 10 0 41 0 29 0 36 0 44 0 221 0 127 0 137 0 154 0 190 0 261 0 295 0 350 0 356 0 409 0 438 0 425 0 410 0 262 0 124 0 61 

SecondWin:
0 0 0 0 0 0 0 0 0 0 0 0 0 0 0 0 0 0 0 0 0 0 0 0 0 0 0 0 0 0 0 0 0 0 1 0 0 0 1 0 1 0 3 0 8 0 16 0 25 0 51 0 112 0 94 0 101 0 156 0 156 0 243 0 329 0 405 0 446 0 458 0 410 0 402 0 274 0 211 0 122 0 
SAlphaB:
0 0 0 0 0 0 0 0 0 0 0 0 0 0 0 0 0 0 0 0 0 0 0 0 0 0 0 0 0 0 0 0 0 0 1 0 0 0 1 0 1 0 3 0 8 0 16 0 25 0 51 0 112 0 94 0 101 0 156 0 156 0 243 0 329 0 405 0 446 0 458 0 410 0 402 0 274 0 211 0 122 0 
