0 26 84 95 -20 3 7 5

0 63 92 12 -19 7 21 15

0 12 83 1 -13 4 6 9

0 14 74 50 -20 0 5 13

0 29 65 30 -15 3 4 3

0 32 46 36 -14 5 14 32

0 47 72 23 -2 12 24 7

0 41 65 33 -5 10 21 21

0 51 84 40 -3 17 31 37

0 72 90 91 -8 5 39 24

0 5 72 25 -19 21 41 21

0 58 88 11 -16 5 15 36

0 69 92 71 -15 6 22 37

0 13 83 78 -8 8 29 22

0 18 68 10 -10 2 12 30

0 55 89 24 -14 8 10 36

0 16 55 3 -2 5 8 34

0 13 19 28 -11 26 34 22

0 10 38 73 -20 9 11 11

0 0 72 91 -20 5 16 30

0 54 63 39 -19 8 49 44

0 43 81 98 -12 37 42 36

0 44 72 62 -8 18 31 36

0 46 81 74 -4 5 33 11

0 69 80 2 -16 1 10 2

0 16 45 91 -2 13 28 21

0 43 78 62 -2 25 32 48

0 49 53 20 -20 2 6 0

0 37 84 22 -18 1 19 48

0 90 95 71 -3 0 36 22

0 31 56 44 -17 2 3 48

0 33 79 97 -15 20 47 15

0 49 65 97 -10 14 15 21

0 19 82 89 -13 7 31 0

0 15 21 83 -9 3 7 0

0 6 33 18 -8 11 20 0

0 13 32 94 -5 1 3 17

0 24 76 71 -16 26 43 26

0 64 97 23 -6 20 24 46

0 34 45 6 -13 34 37 11

0 10 55 94 -3 2 11 40

0 23 46 1 -1 11 14 10

0 56 87 47 -16 20 32 43

0 31 58 44 -8 31 41 23

0 6 29 32 -18 0 2 6

0 22 80 44 -14 14 29 32

0 14 42 88 -10 14 45 27

0 32 52 77 -15 6 26 37

0 14 77 50 -4 11 20 2

0 65 66 43 -12 27 37 0

0 25 87 89 -14 30 41 31

0 0 40 20 -10 10 26 40

0 17 70 18 -10 11 44 23

0 5 62 97 -20 0 2 29

0 54 56 57 -5 41 44 38

0 19 37 10 -2 17 35 22

0 35 45 88 -7 15 28 12

0 14 40 82 -14 10 18 31

0 8 91 47 -5 2 20 34

0 13 20 44 -9 21 26 2

0 30 90 0 -15 8 44 34

0 36 51 68 -4 8 43 46

0 5 19 8 -19 28 35 23

0 17 44 24 -11 26 28 1

0 17 37 90 -11 24 47 21

0 3 40 88 -15 42 44 24

0 61 74 47 -10 30 44 10

0 47 51 16 -19 1 33 15

0 61 73 55 -14 16 31 40

0 17 29 68 -5 22 32 0

0 29 91 19 -17 10 49 46

0 31 44 63 -20 5 9 14

0 1 19 1 -9 14 17 9

0 11 14 18 -4 25 26 12

0 2 8 99 -4 32 34 31

0 8 21 28 -3 28 41 33

0 5 21 12 -9 4 22 5

0 0 45 71 -9 13 48 48

0 4 71 12 -2 11 18 30

0 0 3 35 -15 1 4 15

0 42 60 96 -5 26 43 36

0 0 5 39 -12 0 3 26

0 15 83 25 -14 27 40 40

0 1 36 7 -1 0 1 48

0 1 6 52 -16 29 44 42

0 18 32 63 -18 8 12 31

0 36 53 59 -12 18 25 28

0 30 31 72 -17 18 38 49

0 7 9 42 -2 9 22 14

0 11 14 33 -8 0 6 46

0 9 12 42 -19 10 17 19

0 19 21 19 -1 2 13 42

0 0 5 83 -17 16 21 45

0 20 24 37 -12 25 49 48

0 1 5 40 -17 4 6 15

0 4 19 57 -16 38 43 25

0 4 16 1 -9 6 29 11

0 0 36 98 -18 26 32 5

0 6 7 7 -18 16 37 37

0 1 10 27 -5 12 16 49


SAlphaB: 704.0, std-dev 264.96414232339384

Earliest win: 37
Latest win: 81

WinDepth:
0 0 0 0 0 0 0 0 0 0 0 0 0 0 0 0 0 0 0 0 0 0 0 0 0 0 0 0 0 0 0 0 0 0 0 0 0 11 3 3 1 24 3 19 8 29 14 28 15 62 57 200 125 122 110 182 121 176 164 151 131 230 214 308 328 378 392 368 456 438 491 412 418 438 394 340 239 234 164 148 115 72 
SAlphaB:
0 0 0 0 0 0 0 0 0 0 0 0 0 0 0 0 0 0 0 0 0 0 0 0 0 0 0 0 0 0 0 0 0 0 0 0 0 11 3 3 1 24 3 19 8 29 14 28 15 62 57 200 125 122 110 182 121 176 164 151 131 230 214 308 328 378 392 368 456 438 491 412 418 438 394 340 239 234 164 148 115 72 

LossDepth:
SAlphaB:
0 0 0 0 0 0 0 0 0 0 0 0 0 0 0 0 0 0 0 0 0 0 0 0 0 0 0 0 0 0 0 0 0 0 0 0 0 11 3 3 1 24 3 19 8 29 14 28 15 62 57 200 125 122 110 182 121 176 164 151 131 230 214 308 328 378 392 368 456 438 491 412 418 438 394 340 239 234 164 148 115 72 

FirstWin:
0 0 0 0 0 0 0 0 0 0 0 0 0 0 0 0 0 0 0 0 0 0 0 0 0 0 0 0 0 0 0 0 0 0 0 0 0 11 0 3 0 24 0 19 0 29 0 28 0 62 0 200 0 122 0 182 0 176 0 151 0 230 0 308 0 378 0 368 0 438 0 412 0 438 0 340 0 234 0 148 0 72 
SAlphaB:
0 0 0 0 0 0 0 0 0 0 0 0 0 0 0 0 0 0 0 0 0 0 0 0 0 0 0 0 0 0 0 0 0 0 0 0 0 11 0 3 0 24 0 19 0 29 0 28 0 62 0 200 0 122 0 182 0 176 0 151 0 230 0 308 0 378 0 368 0 438 0 412 0 438 0 340 0 234 0 148 0 72 

SecondWin:
0 0 0 0 0 0 0 0 0 0 0 0 0 0 0 0 0 0 0 0 0 0 0 0 0 0 0 0 0 0 0 0 0 0 0 0 0 0 3 0 1 0 3 0 8 0 14 0 15 0 57 0 125 0 110 0 121 0 164 0 131 0 214 0 328 0 392 0 456 0 491 0 418 0 394 0 239 0 164 0 115 0 
SAlphaB:
0 0 0 0 0 0 0 0 0 0 0 0 0 0 0 0 0 0 0 0 0 0 0 0 0 0 0 0 0 0 0 0 0 0 0 0 0 0 3 0 1 0 3 0 8 0 14 0 15 0 57 0 125 0 110 0 121 0 164 0 131 0 214 0 328 0 392 0 456 0 491 0 418 0 394 0 239 0 164 0 115 0 
