0 27 91 50 -8 6 19 26

0 50 97 12 -19 0 12 21

0 18 71 27 -20 2 6 16

0 46 66 70 -5 18 49 43

0 25 51 62 -18 0 8 8

0 47 59 28 -17 7 15 35

0 6 64 39 -2 2 3 10

0 40 90 33 -18 1 24 8

0 0 51 40 -2 7 14 11

0 87 91 63 -18 11 23 28

0 46 89 31 -7 8 49 32

0 46 62 11 -13 5 11 14

0 70 92 30 -17 9 40 19

0 82 97 0 -18 5 28 4

0 22 95 52 -1 15 17 7

0 12 66 98 -13 21 36 8

0 16 30 89 -8 0 2 0

0 57 97 73 -9 8 10 31

0 37 55 55 -16 9 24 7

0 62 63 73 -10 0 28 25

0 40 88 75 -4 20 38 46

0 52 81 53 -11 19 22 18

0 94 95 54 -3 18 21 9

0 42 98 99 -11 24 25 41

0 30 86 14 -11 14 37 21

0 90 93 26 -10 2 4 8

0 34 89 4 -15 1 43 22

0 8 56 59 -20 15 41 48

0 29 62 56 -15 0 6 37

0 37 78 69 -4 0 36 40

0 13 97 92 -1 22 35 26

0 84 85 86 -8 29 40 5

0 17 52 66 -7 5 25 16

0 30 53 63 -9 11 27 33

0 33 71 55 -17 17 21 44

0 40 85 0 -2 9 10 47

0 19 45 65 -10 28 34 7

0 60 61 17 -9 9 16 6

0 9 76 51 -19 26 27 46

0 38 58 34 -16 20 46 4

0 41 58 56 -9 26 30 15

0 29 48 48 -13 2 32 19

0 4 96 25 -11 11 33 31

0 8 47 77 -11 18 34 45

0 48 51 65 -16 15 23 36

0 1 44 11 -11 0 10 10

0 9 51 24 -17 3 6 24

0 27 41 78 -9 4 21 35

0 34 68 21 -20 7 12 3

0 2 51 89 -14 12 28 9

0 8 27 57 -13 15 20 17

0 5 73 63 -12 0 35 45

0 34 59 82 -3 0 8 22

0 21 25 41 -20 9 17 17

0 11 15 46 -9 3 5 20

0 23 31 81 -1 10 23 41

0 9 98 42 -18 16 25 15

0 30 62 58 -17 0 31 24

0 0 40 49 -13 1 12 10

0 29 37 20 -13 32 33 46

0 2 80 95 -3 2 21 29

0 39 76 37 -19 20 21 2

0 21 42 0 -20 1 6 49

0 40 41 94 -20 13 22 22

0 32 96 17 -15 31 36 29

0 2 20 58 -17 0 11 11

0 21 26 66 -19 2 14 34

0 24 26 25 -19 30 39 15

0 45 49 50 -19 11 44 27

0 15 24 95 -5 20 29 38

0 11 13 9 -9 4 14 11

0 18 32 31 -4 4 15 49

0 41 46 63 -13 26 42 31

0 22 35 92 -7 38 44 49

0 6 9 65 -2 0 3 22

0 7 16 41 -13 0 6 17

0 0 33 70 -15 0 21 32

0 17 26 14 -18 8 20 18

0 3 22 13 -10 0 1 29

0 7 14 52 -5 2 3 19

0 2 19 64 -13 28 47 27

0 17 23 39 -12 21 40 22

0 1 4 3 -10 0 1 25

0 0 1 63 -18 16 18 42

0 2 8 81 -2 5 14 6

0 6 7 36 -20 35 41 23

0 12 26 77 -4 44 46 40

0 12 17 58 -9 29 41 12

0 10 12 23 -10 5 12 26

0 2 28 68 -14 2 7 40

0 3 6 16 -19 26 39 43

0 2 8 93 -19 23 32 3

0 0 1 76 -2 7 31 4

0 3 10 61 -8 10 27 14

0 13 25 54 -1 18 48 2

0 2 9 16 -12 7 31 27

0 0 4 36 -4 12 16 47

0 5 9 88 -11 2 7 47

0 1 3 82 -7 8 42 44

0 7 8 2 -20 18 27 43


SAlphaB: 686.0, std-dev 260.69469933741703

Earliest win: 37
Latest win: 81

WinDepth:
0 0 0 0 0 0 0 0 0 0 0 0 0 0 0 0 0 0 0 0 0 0 0 0 0 0 0 0 0 0 0 0 0 0 0 0 0 1 0 0 6 3 4 10 14 23 19 41 30 101 52 227 56 124 104 224 122 183 138 162 157 265 272 290 337 347 443 361 447 408 414 474 434 391 384 393 260 223 180 128 122 71 
SAlphaB:
0 0 0 0 0 0 0 0 0 0 0 0 0 0 0 0 0 0 0 0 0 0 0 0 0 0 0 0 0 0 0 0 0 0 0 0 0 1 0 0 6 3 4 10 14 23 19 41 30 101 52 227 56 124 104 224 122 183 138 162 157 265 272 290 337 347 443 361 447 408 414 474 434 391 384 393 260 223 180 128 122 71 

LossDepth:
SAlphaB:
0 0 0 0 0 0 0 0 0 0 0 0 0 0 0 0 0 0 0 0 0 0 0 0 0 0 0 0 0 0 0 0 0 0 0 0 0 1 0 0 6 3 4 10 14 23 19 41 30 101 52 227 56 124 104 224 122 183 138 162 157 265 272 290 337 347 443 361 447 408 414 474 434 391 384 393 260 223 180 128 122 71 

FirstWin:
0 0 0 0 0 0 0 0 0 0 0 0 0 0 0 0 0 0 0 0 0 0 0 0 0 0 0 0 0 0 0 0 0 0 0 0 0 1 0 0 0 3 0 10 0 23 0 41 0 101 0 227 0 124 0 224 0 183 0 162 0 265 0 290 0 347 0 361 0 408 0 474 0 391 0 393 0 223 0 128 0 71 
SAlphaB:
0 0 0 0 0 0 0 0 0 0 0 0 0 0 0 0 0 0 0 0 0 0 0 0 0 0 0 0 0 0 0 0 0 0 0 0 0 1 0 0 0 3 0 10 0 23 0 41 0 101 0 227 0 124 0 224 0 183 0 162 0 265 0 290 0 347 0 361 0 408 0 474 0 391 0 393 0 223 0 128 0 71 

SecondWin:
0 0 0 0 0 0 0 0 0 0 0 0 0 0 0 0 0 0 0 0 0 0 0 0 0 0 0 0 0 0 0 0 0 0 0 0 0 0 0 0 6 0 4 0 14 0 19 0 30 0 52 0 56 0 104 0 122 0 138 0 157 0 272 0 337 0 443 0 447 0 414 0 434 0 384 0 260 0 180 0 122 0 
SAlphaB:
0 0 0 0 0 0 0 0 0 0 0 0 0 0 0 0 0 0 0 0 0 0 0 0 0 0 0 0 0 0 0 0 0 0 0 0 0 0 0 0 6 0 4 0 14 0 19 0 30 0 52 0 56 0 104 0 122 0 138 0 157 0 272 0 337 0 443 0 447 0 414 0 434 0 384 0 260 0 180 0 122 0 
