0 32 41 55 -5 1 14 9

0 50 72 69 -5 5 7 22

0 4 95 24 -10 5 7 13

0 6 64 82 -15 17 28 10

0 12 26 74 -7 1 2 2

0 6 62 61 -17 0 9 16

0 26 74 67 -2 5 28 33

0 21 66 74 -7 4 11 46

0 25 75 59 -5 0 21 40

0 34 81 35 -17 4 11 41

0 0 79 75 -3 4 13 10

0 23 63 2 -19 4 11 20

0 6 53 32 -6 2 4 9

0 89 97 67 -19 15 24 15

0 63 85 85 -1 5 7 8

0 72 81 24 -9 2 3 9

0 18 93 64 -14 11 14 14

0 23 37 92 -6 23 35 16

0 25 81 53 -17 9 16 23

0 21 63 63 -9 41 46 46

0 69 76 10 -10 10 11 28

0 18 24 30 -16 0 11 39

0 64 70 41 -17 3 44 36

0 20 79 10 -20 9 42 10

0 9 85 21 -12 3 6 18

0 33 60 91 -12 0 1 39

0 38 87 7 -14 21 48 46

0 24 32 40 -4 1 4 24

0 43 50 58 -16 12 46 28

0 4 66 45 -2 34 40 35

0 76 87 14 -10 0 44 12

0 31 39 42 -17 23 35 19

0 22 45 93 -13 17 26 26

0 35 53 36 -10 23 26 39

0 54 63 57 -7 20 33 45

0 6 9 35 -6 8 9 7

0 11 19 26 -16 9 24 28

0 22 36 64 -19 22 32 33

0 7 27 74 -7 3 4 25

0 4 19 14 -8 2 10 0

0 39 60 55 -17 13 48 20

0 24 45 35 -10 8 16 27

0 12 17 60 -19 0 13 1

0 17 67 90 -18 5 9 39

0 58 78 77 -4 6 22 34

0 8 28 29 -19 10 12 8

0 28 43 72 -10 37 46 3

0 23 85 95 -15 10 31 49

0 3 26 51 -4 10 38 45

0 15 41 20 -14 4 12 49

0 1 97 4 -6 10 11 21

0 17 43 37 -9 11 13 9

0 35 40 38 -2 4 6 37

0 22 47 72 -20 5 17 4

0 29 39 56 -12 30 33 18

0 1 6 75 -18 36 45 31

0 8 64 5 -1 5 38 11

0 3 16 54 -19 18 21 14

0 2 13 87 -13 4 42 43

0 3 20 9 -18 3 5 14

0 17 44 32 -6 0 3 36

0 29 36 9 -15 8 13 8

0 1 27 66 -8 26 41 47

0 10 12 45 -12 2 9 1

0 9 69 1 -7 16 18 34

0 63 77 90 -1 0 3 14

0 40 48 47 -15 37 39 47

0 11 52 3 -15 3 44 0

0 13 67 39 -9 9 24 39

0 31 39 63 -6 7 9 45

0 2 9 79 -13 8 13 24

0 1 2 58 -15 1 14 13

0 18 19 17 -4 5 12 36

0 16 21 49 -17 7 28 3

0 1 2 50 -15 4 47 5

0 5 99 22 -1 5 25 48

0 4 7 6 -18 20 31 22

0 82 86 43 -10 37 48 14

0 21 26 17 -5 2 47 22

0 2 9 47 -2 1 28 21

0 3 11 65 -7 35 42 49

0 25 28 5 -17 12 15 26

0 3 14 15 -3 15 18 30

0 51 67 48 -16 34 48 5

0 5 14 99 -8 24 47 46

0 1 9 42 -9 16 21 30

0 6 7 18 -2 33 35 42

0 5 13 39 -4 35 37 20

0 9 11 33 -15 4 33 22

0 3 12 14 -6 4 8 17

0 5 32 44 -13 4 10 34

0 21 22 14 -8 2 49 46

0 15 41 6 -17 13 22 49

0 5 11 29 -18 16 30 45

0 1 2 85 -5 9 23 31

0 2 8 82 -5 11 31 13

0 1 3 72 -4 14 19 44

0 0 3 25 -13 17 41 30

0 0 18 66 -12 1 2 45

0 3 5 55 -5 1 7 40


SAlphaB: 701.0, std-dev 259.50885117541526

Earliest win: 37
Latest win: 81

WinDepth:
0 0 0 0 0 0 0 0 0 0 0 0 0 0 0 0 0 0 0 0 0 0 0 0 0 0 0 0 0 0 0 0 0 0 0 0 0 4 0 6 1 2 3 7 11 11 11 34 37 59 67 203 67 138 70 186 152 155 135 165 160 225 227 371 294 344 473 393 492 431 486 424 462 427 328 376 260 201 157 142 94 82 
SAlphaB:
0 0 0 0 0 0 0 0 0 0 0 0 0 0 0 0 0 0 0 0 0 0 0 0 0 0 0 0 0 0 0 0 0 0 0 0 0 4 0 6 1 2 3 7 11 11 11 34 37 59 67 203 67 138 70 186 152 155 135 165 160 225 227 371 294 344 473 393 492 431 486 424 462 427 328 376 260 201 157 142 94 82 

LossDepth:
SAlphaB:
0 0 0 0 0 0 0 0 0 0 0 0 0 0 0 0 0 0 0 0 0 0 0 0 0 0 0 0 0 0 0 0 0 0 0 0 0 4 0 6 1 2 3 7 11 11 11 34 37 59 67 203 67 138 70 186 152 155 135 165 160 225 227 371 294 344 473 393 492 431 486 424 462 427 328 376 260 201 157 142 94 82 

FirstWin:
0 0 0 0 0 0 0 0 0 0 0 0 0 0 0 0 0 0 0 0 0 0 0 0 0 0 0 0 0 0 0 0 0 0 0 0 0 4 0 6 0 2 0 7 0 11 0 34 0 59 0 203 0 138 0 186 0 155 0 165 0 225 0 371 0 344 0 393 0 431 0 424 0 427 0 376 0 201 0 142 0 82 
SAlphaB:
0 0 0 0 0 0 0 0 0 0 0 0 0 0 0 0 0 0 0 0 0 0 0 0 0 0 0 0 0 0 0 0 0 0 0 0 0 4 0 6 0 2 0 7 0 11 0 34 0 59 0 203 0 138 0 186 0 155 0 165 0 225 0 371 0 344 0 393 0 431 0 424 0 427 0 376 0 201 0 142 0 82 

SecondWin:
0 0 0 0 0 0 0 0 0 0 0 0 0 0 0 0 0 0 0 0 0 0 0 0 0 0 0 0 0 0 0 0 0 0 0 0 0 0 0 0 1 0 3 0 11 0 11 0 37 0 67 0 67 0 70 0 152 0 135 0 160 0 227 0 294 0 473 0 492 0 486 0 462 0 328 0 260 0 157 0 94 0 
SAlphaB:
0 0 0 0 0 0 0 0 0 0 0 0 0 0 0 0 0 0 0 0 0 0 0 0 0 0 0 0 0 0 0 0 0 0 0 0 0 0 0 0 1 0 3 0 11 0 11 0 37 0 67 0 67 0 70 0 152 0 135 0 160 0 227 0 294 0 473 0 492 0 486 0 462 0 328 0 260 0 157 0 94 0 
