0 28 92 30 -10 5 9 19

0 55 69 36 -4 8 19 1

0 35 64 24 -3 1 17 8

0 44 91 17 -8 0 13 14

0 39 76 73 -10 2 25 7

0 31 69 28 -17 3 11 41

0 30 75 57 -3 3 9 1

0 52 96 6 -17 8 11 19

0 54 73 78 -8 11 17 36

0 12 29 8 -4 0 8 9

0 84 90 30 -18 13 20 3

0 21 63 67 -2 6 12 36

0 36 99 90 -9 1 3 7

0 72 94 27 -10 0 2 7

0 10 60 56 -8 12 20 7

0 3 17 88 -10 0 1 1

0 38 57 29 -2 10 32 23

0 48 68 25 -20 7 18 37

0 3 35 83 -20 11 12 1

0 34 68 56 -14 1 2 43

0 17 79 94 -8 6 7 36

0 30 47 34 -1 15 17 11

0 30 81 95 -1 9 36 13

0 14 73 28 -3 2 11 32

0 14 32 46 -16 8 19 16

0 79 89 33 -4 22 25 0

0 7 29 9 -3 3 11 9

0 16 36 54 -9 10 11 47

0 48 67 52 -5 3 28 46

0 22 44 28 -10 11 24 33

0 15 68 39 -11 11 28 28

0 0 38 49 -16 1 3 1

0 21 76 36 -9 0 1 37

0 1 79 92 -14 23 35 33

0 54 56 13 -6 2 7 34

0 72 84 25 -15 14 34 4

0 35 52 11 -4 9 15 4

0 12 73 18 -13 0 5 37

0 32 55 93 -8 23 26 30

0 23 37 61 -11 22 35 22

0 18 34 67 -17 3 4 24

0 4 42 62 -17 9 27 38

0 13 70 75 -17 7 11 38

0 52 71 68 -6 22 25 14

0 1 56 46 -19 16 25 17

0 38 63 41 -7 6 37 2

0 63 74 75 -4 20 25 3

0 4 61 45 -8 27 49 21

0 55 58 80 -8 0 2 37

0 15 86 23 -19 27 40 38

0 10 77 83 -20 3 35 32

0 13 74 16 -18 30 32 40

0 15 18 94 -1 1 9 14

0 34 48 79 -8 12 37 34

0 38 54 41 -13 8 46 1

0 15 88 39 -13 16 44 49

0 11 38 28 -6 15 49 12

0 44 68 25 -9 25 41 34

0 38 53 54 -3 17 36 44

0 14 34 51 -6 8 37 9

0 16 31 5 -3 2 5 33

0 47 53 8 -15 28 49 14

0 0 50 92 -14 11 13 4

0 31 54 90 -4 28 42 47

0 14 42 3 -20 3 21 1

0 17 38 75 -15 17 45 7

0 1 8 88 -14 5 8 27

0 6 64 41 -13 4 7 25

0 6 16 41 -20 8 27 30

0 4 12 97 -14 3 7 31

0 1 15 41 -8 34 39 30

0 21 24 27 -18 31 47 39

0 36 55 60 -11 15 16 23

0 9 12 29 -10 14 28 5

0 1 9 7 -20 14 20 6

0 2 18 91 -8 11 35 49

0 22 29 1 -16 2 3 33

0 0 4 72 -19 5 38 7

0 21 30 33 -17 9 12 49

0 19 98 78 -9 5 34 41

0 4 9 75 -19 11 14 16

0 8 42 48 -5 4 33 0

0 0 25 8 -16 20 35 1

0 6 8 72 -17 0 9 31

0 7 37 52 -20 3 5 36

0 37 45 23 -13 23 30 42

0 9 41 37 -19 9 41 42

0 36 37 3 -11 27 36 34

0 2 51 10 -13 11 48 49

0 2 5 49 -3 13 17 22

0 0 3 24 -18 1 9 6

0 0 2 30 -8 34 39 33

0 7 17 49 -12 8 20 6

0 21 51 0 -14 3 49 28

0 8 14 56 -5 5 14 48

0 3 7 55 -19 15 33 24

0 2 23 27 -12 9 33 46

0 1 3 61 -10 43 48 31

0 4 58 14 -13 2 12 37

0 3 6 65 -16 3 4 8


SAlphaB: 719.0, std-dev 272.16688396510096

Earliest win: 37
Latest win: 81

WinDepth:
0 0 0 0 0 0 0 0 0 0 0 0 0 0 0 0 0 0 0 0 0 0 0 0 0 0 0 0 0 0 0 0 0 0 0 0 0 1 4 2 0 11 2 19 9 22 8 36 6 109 42 165 82 125 84 191 120 191 171 212 182 212 240 328 370 361 384 399 429 424 478 447 467 388 385 359 259 220 195 109 94 66 
SAlphaB:
0 0 0 0 0 0 0 0 0 0 0 0 0 0 0 0 0 0 0 0 0 0 0 0 0 0 0 0 0 0 0 0 0 0 0 0 0 1 4 2 0 11 2 19 9 22 8 36 6 109 42 165 82 125 84 191 120 191 171 212 182 212 240 328 370 361 384 399 429 424 478 447 467 388 385 359 259 220 195 109 94 66 

LossDepth:
SAlphaB:
0 0 0 0 0 0 0 0 0 0 0 0 0 0 0 0 0 0 0 0 0 0 0 0 0 0 0 0 0 0 0 0 0 0 0 0 0 1 4 2 0 11 2 19 9 22 8 36 6 109 42 165 82 125 84 191 120 191 171 212 182 212 240 328 370 361 384 399 429 424 478 447 467 388 385 359 259 220 195 109 94 66 

FirstWin:
0 0 0 0 0 0 0 0 0 0 0 0 0 0 0 0 0 0 0 0 0 0 0 0 0 0 0 0 0 0 0 0 0 0 0 0 0 1 0 2 0 11 0 19 0 22 0 36 0 109 0 165 0 125 0 191 0 191 0 212 0 212 0 328 0 361 0 399 0 424 0 447 0 388 0 359 0 220 0 109 0 66 
SAlphaB:
0 0 0 0 0 0 0 0 0 0 0 0 0 0 0 0 0 0 0 0 0 0 0 0 0 0 0 0 0 0 0 0 0 0 0 0 0 1 0 2 0 11 0 19 0 22 0 36 0 109 0 165 0 125 0 191 0 191 0 212 0 212 0 328 0 361 0 399 0 424 0 447 0 388 0 359 0 220 0 109 0 66 

SecondWin:
0 0 0 0 0 0 0 0 0 0 0 0 0 0 0 0 0 0 0 0 0 0 0 0 0 0 0 0 0 0 0 0 0 0 0 0 0 0 4 0 0 0 2 0 9 0 8 0 6 0 42 0 82 0 84 0 120 0 171 0 182 0 240 0 370 0 384 0 429 0 478 0 467 0 385 0 259 0 195 0 94 0 
SAlphaB:
0 0 0 0 0 0 0 0 0 0 0 0 0 0 0 0 0 0 0 0 0 0 0 0 0 0 0 0 0 0 0 0 0 0 0 0 0 0 4 0 0 0 2 0 9 0 8 0 6 0 42 0 82 0 84 0 120 0 171 0 182 0 240 0 370 0 384 0 429 0 478 0 467 0 385 0 259 0 195 0 94 0 
