0 13 85 40 -8 0 1 4

0 40 99 42 -14 4 17 32

0 84 88 91 -19 22 23 37

0 31 96 12 -17 2 12 29

0 64 73 40 -18 6 23 7

0 16 68 60 -17 4 13 15

0 84 89 78 -7 9 30 20

0 58 98 73 -14 2 4 31

0 22 99 84 -5 10 14 10

0 44 97 86 -8 14 31 36

0 66 70 83 -8 9 32 12

0 18 41 11 -9 2 3 24

0 33 83 15 -2 13 32 29

0 8 71 59 -18 25 37 26

0 68 88 48 -7 16 20 9

0 40 84 5 -2 12 16 0

0 40 89 42 -18 6 27 18

0 26 49 27 -9 6 26 17

0 66 70 33 -1 7 8 34

0 27 49 52 -11 19 35 23

0 24 85 75 -9 5 13 35

0 77 82 11 -16 12 22 2

0 19 69 26 -14 16 48 12

0 26 65 80 -6 7 34 14

0 75 78 61 -4 19 29 6

0 83 96 20 -12 13 43 19

0 43 49 14 -2 1 2 17

0 18 57 4 -2 35 37 30

0 37 40 97 -2 40 41 21

0 42 47 45 -8 27 45 16

0 70 75 51 -5 2 20 44

0 1 40 28 -8 7 14 5

0 44 47 14 -18 1 2 3

0 27 44 74 -6 1 6 24

0 53 64 65 -8 4 11 26

0 24 30 57 -5 3 5 19

0 42 43 92 -20 7 11 22

0 20 57 32 -1 18 40 11

0 5 98 61 -1 4 17 32

0 58 74 53 -10 2 5 41

0 4 78 22 -5 29 39 11

0 45 81 27 -5 12 45 14

0 62 64 96 -6 5 6 45

0 8 32 28 -16 16 45 18

0 11 62 98 -12 5 14 33

0 76 91 71 -18 16 30 17

0 35 63 87 -15 12 43 32

0 11 47 5 -16 23 37 30

0 15 31 63 -16 34 44 34

0 81 98 41 -2 0 2 40

0 14 23 74 -10 35 36 16

0 17 56 52 -4 16 47 37

0 36 60 47 -1 5 36 46

0 29 37 43 -15 23 45 3

0 38 40 19 -5 29 42 11

0 46 61 82 -20 12 30 11

0 54 70 42 -8 4 6 41

0 28 53 26 -19 17 33 24

0 22 94 63 -20 14 23 47

0 5 94 90 -6 0 29 25

0 24 29 56 -11 0 35 3

0 22 37 63 -17 8 11 8

0 41 46 97 -19 16 25 13

0 30 39 60 -4 12 38 3

0 20 37 90 -11 43 44 6

0 5 19 8 -5 18 40 15

0 16 84 93 -7 9 43 38

0 16 49 82 -5 27 38 47

0 5 34 24 -9 15 36 24

0 61 83 93 -13 27 31 13

0 10 47 42 -7 23 46 48

0 39 40 28 -18 23 40 42

0 61 99 78 -12 17 21 28

0 0 47 51 -10 36 39 45

0 9 37 85 -8 23 48 3

0 3 8 64 -1 0 2 27

0 2 33 90 -13 45 46 19

0 1 9 86 -14 0 5 47

0 20 28 96 -19 29 39 44

0 16 30 59 -12 36 47 2

0 0 16 40 -15 22 47 1

0 6 11 69 -15 27 43 40

0 19 26 41 -1 17 37 39

0 1 5 67 -16 39 43 34

0 10 23 25 -13 11 49 2

0 9 24 53 -19 7 45 37

0 1 45 33 -17 22 36 44

0 3 6 83 -14 11 36 21

0 13 15 59 -10 32 40 47

0 1 36 5 -12 3 25 36

0 24 29 86 -14 25 33 48

0 1 71 27 -1 13 25 26

0 3 8 12 -4 3 45 43

0 1 6 41 -7 0 41 4

0 1 4 42 -15 21 37 1

0 1 4 20 -15 15 23 40

0 3 11 18 -8 37 40 16

0 2 18 13 -6 8 10 37

0 0 1 21 -11 0 8 28

0 5 8 26 -13 14 20 36


SAlphaB: 684.0, std-dev 263.6021917682979

Earliest win: 37
Latest win: 81

WinDepth:
0 0 0 0 0 0 0 0 0 0 0 0 0 0 0 0 0 0 0 0 0 0 0 0 0 0 0 0 0 0 0 0 0 0 0 0 0 3 0 0 9 14 7 17 9 19 19 34 21 74 36 216 54 94 66 160 60 177 186 147 158 236 248 299 325 347 351 418 448 421 421 457 471 415 379 382 326 249 208 128 129 102 
SAlphaB:
0 0 0 0 0 0 0 0 0 0 0 0 0 0 0 0 0 0 0 0 0 0 0 0 0 0 0 0 0 0 0 0 0 0 0 0 0 3 0 0 9 14 7 17 9 19 19 34 21 74 36 216 54 94 66 160 60 177 186 147 158 236 248 299 325 347 351 418 448 421 421 457 471 415 379 382 326 249 208 128 129 102 

LossDepth:
SAlphaB:
0 0 0 0 0 0 0 0 0 0 0 0 0 0 0 0 0 0 0 0 0 0 0 0 0 0 0 0 0 0 0 0 0 0 0 0 0 3 0 0 9 14 7 17 9 19 19 34 21 74 36 216 54 94 66 160 60 177 186 147 158 236 248 299 325 347 351 418 448 421 421 457 471 415 379 382 326 249 208 128 129 102 

FirstWin:
0 0 0 0 0 0 0 0 0 0 0 0 0 0 0 0 0 0 0 0 0 0 0 0 0 0 0 0 0 0 0 0 0 0 0 0 0 3 0 0 0 14 0 17 0 19 0 34 0 74 0 216 0 94 0 160 0 177 0 147 0 236 0 299 0 347 0 418 0 421 0 457 0 415 0 382 0 249 0 128 0 102 
SAlphaB:
0 0 0 0 0 0 0 0 0 0 0 0 0 0 0 0 0 0 0 0 0 0 0 0 0 0 0 0 0 0 0 0 0 0 0 0 0 3 0 0 0 14 0 17 0 19 0 34 0 74 0 216 0 94 0 160 0 177 0 147 0 236 0 299 0 347 0 418 0 421 0 457 0 415 0 382 0 249 0 128 0 102 

SecondWin:
0 0 0 0 0 0 0 0 0 0 0 0 0 0 0 0 0 0 0 0 0 0 0 0 0 0 0 0 0 0 0 0 0 0 0 0 0 0 0 0 9 0 7 0 9 0 19 0 21 0 36 0 54 0 66 0 60 0 186 0 158 0 248 0 325 0 351 0 448 0 421 0 471 0 379 0 326 0 208 0 129 0 
SAlphaB:
0 0 0 0 0 0 0 0 0 0 0 0 0 0 0 0 0 0 0 0 0 0 0 0 0 0 0 0 0 0 0 0 0 0 0 0 0 0 0 0 9 0 7 0 9 0 19 0 21 0 36 0 54 0 66 0 60 0 186 0 158 0 248 0 325 0 351 0 448 0 421 0 471 0 379 0 326 0 208 0 129 0 
