0 54 75 65 -12 7 12 18

0 16 22 40 -17 0 1 15

0 66 92 27 -2 0 6 6

0 47 82 33 -8 9 12 23

0 31 38 69 -7 3 8 28

0 66 75 63 -11 1 10 1

0 63 89 7 -5 11 41 10

0 27 82 83 -20 5 14 1

0 39 60 61 -11 3 13 35

0 38 52 98 -18 38 42 8

0 24 52 73 -8 5 16 42

0 23 36 40 -17 8 19 15

0 49 71 11 -8 2 9 11

0 48 65 51 -4 16 18 12

0 20 56 9 -12 11 12 13

0 38 92 26 -13 2 7 43

0 71 76 82 -2 5 43 7

0 33 40 51 -1 6 10 26

0 39 43 95 -11 15 22 0

0 16 20 35 -1 12 18 5

0 73 83 93 -5 4 8 8

0 53 75 37 -9 20 23 7

0 84 90 7 -10 13 28 5

0 34 90 68 -1 3 49 27

0 14 44 26 -6 6 8 11

0 30 54 48 -8 24 30 29

0 24 69 21 -7 18 32 19

0 11 31 87 -2 12 16 13

0 21 54 88 -13 8 16 22

0 42 50 46 -2 8 29 44

0 18 78 66 -7 23 45 37

0 46 80 82 -6 23 35 21

0 61 72 53 -18 22 35 18

0 12 13 36 -3 11 25 0

0 95 98 10 -16 31 34 20

0 33 49 92 -8 2 11 35

0 40 79 87 -5 36 37 47

0 26 87 48 -10 2 40 20

0 18 89 66 -11 7 8 41

0 10 29 40 -10 23 33 23

0 26 67 83 -9 6 38 2

0 0 34 87 -7 25 47 9

0 20 76 75 -8 38 42 48

0 1 41 74 -7 10 28 26

0 22 34 29 -5 1 4 38

0 8 25 85 -3 0 5 19

0 36 93 26 -12 24 37 45

0 2 4 64 -20 0 2 2

0 9 30 44 -9 4 6 40

0 3 64 80 -16 5 13 43

0 5 39 36 -6 0 15 34

0 45 86 7 -8 4 38 47

0 9 53 24 -10 17 27 36

0 1 65 53 -2 5 15 49

0 22 48 26 -5 39 44 40

0 20 22 90 -18 7 33 7

0 21 40 83 -16 11 36 21

0 11 13 24 -18 0 3 42

0 2 7 79 -20 2 5 24

0 11 49 86 -4 13 44 23

0 16 55 0 -11 19 39 35

0 0 34 8 -9 1 29 1

0 8 53 66 -16 7 9 37

0 12 14 80 -13 6 26 20

0 53 62 89 -2 0 6 35

0 55 64 19 -1 0 16 48

0 5 22 2 -16 4 17 10

0 0 18 72 -16 4 30 10

0 16 50 21 -6 23 26 15

0 20 36 56 -1 6 24 43

0 12 31 16 -4 13 19 17

0 5 16 99 -14 16 38 20

0 3 33 43 -6 0 16 25

0 8 28 58 -12 15 35 43

0 14 23 24 -14 8 13 44

0 4 55 97 -16 2 16 25

0 11 30 1 -11 6 49 8

0 5 44 27 -20 0 16 0

0 4 20 31 -2 13 15 38

0 30 55 11 -3 8 39 41

0 13 35 62 -6 7 30 10

0 1 92 76 -14 2 4 40

0 2 14 88 -11 25 28 20

0 1 6 90 -11 31 34 2

0 0 5 23 -6 22 37 7

0 3 7 24 -16 35 45 11

0 11 22 16 -20 16 32 27

0 9 16 88 -11 1 40 32

0 1 17 92 -8 1 2 48

0 8 13 55 -8 14 49 13

0 6 7 1 -11 12 27 14

0 0 1 54 -12 4 43 15

0 11 13 81 -14 25 40 21

0 31 34 33 -6 5 44 46

0 0 2 88 -4 4 6 9

0 2 8 77 -2 6 14 32

0 5 48 21 -6 42 48 32

0 11 22 70 -9 1 7 46

0 0 2 78 -9 1 4 26

0 2 7 30 -16 0 35 47


SAlphaB: 733.0, std-dev 267.1048610905122

Earliest win: 37
Latest win: 81

WinDepth:
0 0 0 0 0 0 0 0 0 0 0 0 0 0 0 0 0 0 0 0 0 0 0 0 0 0 0 0 0 0 0 0 0 0 0 0 0 1 1 0 0 8 2 13 14 24 16 39 19 82 59 140 68 109 86 196 130 153 117 193 171 195 254 357 321 359 467 369 450 423 451 480 457 419 401 347 277 238 208 147 90 75 
SAlphaB:
0 0 0 0 0 0 0 0 0 0 0 0 0 0 0 0 0 0 0 0 0 0 0 0 0 0 0 0 0 0 0 0 0 0 0 0 0 1 1 0 0 8 2 13 14 24 16 39 19 82 59 140 68 109 86 196 130 153 117 193 171 195 254 357 321 359 467 369 450 423 451 480 457 419 401 347 277 238 208 147 90 75 

LossDepth:
SAlphaB:
0 0 0 0 0 0 0 0 0 0 0 0 0 0 0 0 0 0 0 0 0 0 0 0 0 0 0 0 0 0 0 0 0 0 0 0 0 1 1 0 0 8 2 13 14 24 16 39 19 82 59 140 68 109 86 196 130 153 117 193 171 195 254 357 321 359 467 369 450 423 451 480 457 419 401 347 277 238 208 147 90 75 

FirstWin:
0 0 0 0 0 0 0 0 0 0 0 0 0 0 0 0 0 0 0 0 0 0 0 0 0 0 0 0 0 0 0 0 0 0 0 0 0 1 0 0 0 8 0 13 0 24 0 39 0 82 0 140 0 109 0 196 0 153 0 193 0 195 0 357 0 359 0 369 0 423 0 480 0 419 0 347 0 238 0 147 0 75 
SAlphaB:
0 0 0 0 0 0 0 0 0 0 0 0 0 0 0 0 0 0 0 0 0 0 0 0 0 0 0 0 0 0 0 0 0 0 0 0 0 1 0 0 0 8 0 13 0 24 0 39 0 82 0 140 0 109 0 196 0 153 0 193 0 195 0 357 0 359 0 369 0 423 0 480 0 419 0 347 0 238 0 147 0 75 

SecondWin:
0 0 0 0 0 0 0 0 0 0 0 0 0 0 0 0 0 0 0 0 0 0 0 0 0 0 0 0 0 0 0 0 0 0 0 0 0 0 1 0 0 0 2 0 14 0 16 0 19 0 59 0 68 0 86 0 130 0 117 0 171 0 254 0 321 0 467 0 450 0 451 0 457 0 401 0 277 0 208 0 90 0 
SAlphaB:
0 0 0 0 0 0 0 0 0 0 0 0 0 0 0 0 0 0 0 0 0 0 0 0 0 0 0 0 0 0 0 0 0 0 0 0 0 0 1 0 0 0 2 0 14 0 16 0 19 0 59 0 68 0 86 0 130 0 117 0 171 0 254 0 321 0 467 0 450 0 451 0 457 0 401 0 277 0 208 0 90 0 
