0 42 82 55 -15 5 36 12

0 33 84 19 -3 15 34 1

0 33 53 23 -12 2 7 17

0 40 72 2 -14 4 6 18

0 54 96 33 -7 5 6 16

0 36 96 47 -8 2 29 18

0 27 90 15 -13 0 2 48

0 38 60 87 -10 12 32 22

0 63 97 55 -8 0 43 35

0 56 91 50 -16 4 24 45

0 67 74 55 -2 17 44 22

0 52 91 80 -12 1 4 0

0 12 81 66 -13 4 11 18

0 27 88 48 -6 14 20 3

0 39 58 0 -7 1 26 16

0 0 59 34 -10 22 45 1

0 2 23 92 -10 5 7 9

0 47 56 99 -6 12 32 47

0 90 97 55 -14 2 3 17

0 23 55 3 -9 22 23 31

0 60 77 54 -13 15 41 19

0 24 66 80 -8 5 26 15

0 34 84 40 -20 9 11 29

0 49 53 59 -12 12 34 29

0 75 88 27 -16 21 36 43

0 23 84 33 -15 27 37 21

0 22 64 92 -2 13 44 34

0 15 70 36 -5 3 23 37

0 48 77 70 -7 26 49 36

0 18 28 88 -8 2 5 24

0 1 13 70 -17 0 1 17

0 13 97 92 -18 14 41 34

0 3 58 44 -4 0 5 23

0 45 64 97 -17 1 33 32

0 60 83 26 -4 2 3 47

0 29 35 56 -7 29 38 19

0 18 22 0 -5 6 19 2

0 30 45 52 -13 5 44 27

0 13 25 88 -18 9 14 4

0 39 97 89 -14 27 29 29

0 5 46 34 -17 13 22 31

0 18 44 72 -9 0 4 47

0 53 68 33 -14 29 41 3

0 35 40 42 -1 22 41 37

0 6 45 11 -10 21 22 23

0 27 75 68 -11 36 37 2

0 8 44 83 -7 34 36 45

0 23 41 24 -5 18 47 3

0 70 95 17 -17 30 48 15

0 23 38 25 -5 3 9 47

0 71 87 62 -16 28 36 33

0 28 43 24 -18 29 35 19

0 12 98 33 -3 17 29 38

0 27 33 57 -15 9 21 37

0 24 73 22 -14 41 44 5

0 3 42 68 -20 9 29 25

0 7 65 21 -8 3 22 18

0 15 64 13 -13 14 32 48

0 33 42 6 -8 2 4 37

0 33 46 67 -10 2 48 42

0 19 20 13 -11 0 7 42

0 23 73 61 -3 0 2 47

0 17 20 7 -16 2 15 1

0 10 32 11 -14 32 34 48

0 12 54 16 -3 2 3 41

0 51 60 58 -1 3 9 46

0 15 56 6 -13 29 43 7

0 17 27 46 -2 1 6 21

0 27 36 65 -9 8 44 3

0 0 1 89 -17 26 33 26

0 0 7 55 -17 9 25 34

0 12 18 92 -7 14 44 47

0 15 55 39 -8 27 29 1

0 1 3 30 -11 12 40 40

0 5 25 84 -8 7 12 34

0 0 8 1 -12 10 17 1

0 12 71 10 -20 0 40 1

0 9 59 14 -10 3 22 47

0 0 10 10 -8 24 39 18

0 0 19 36 -1 18 23 2

0 10 32 89 -4 1 4 36

0 16 27 61 -3 20 23 43

0 0 8 46 -20 3 42 48

0 1 12 0 -5 45 47 24

0 13 47 79 -11 8 41 37

0 19 39 28 -2 0 48 37

0 8 18 65 -4 3 19 20

0 0 9 24 -10 5 24 29

0 2 7 36 -14 7 20 15

0 4 22 72 -3 11 48 8

0 15 24 73 -8 3 39 13

0 2 7 76 -19 7 18 4

0 22 29 15 -15 5 6 43

0 0 10 90 -7 11 19 49

0 7 12 80 -20 0 31 23

0 0 12 23 -11 4 15 41

0 0 1 47 -15 3 4 1

0 0 14 28 -18 7 34 6

0 8 11 21 -18 6 12 49

0 7 11 32 -8 4 6 37


SAlphaB: 705.0, std-dev 252.61860060917402

Earliest win: 37
Latest win: 81

WinDepth:
0 0 0 0 0 0 0 0 0 0 0 0 0 0 0 0 0 0 0 0 0 0 0 0 0 0 0 0 0 0 0 0 0 0 0 0 0 5 2 7 1 9 7 24 11 18 13 32 16 69 104 169 101 117 85 200 96 196 107 154 182 201 232 285 339 372 310 406 434 435 439 467 394 400 440 382 269 258 202 134 91 83 
SAlphaB:
0 0 0 0 0 0 0 0 0 0 0 0 0 0 0 0 0 0 0 0 0 0 0 0 0 0 0 0 0 0 0 0 0 0 0 0 0 5 2 7 1 9 7 24 11 18 13 32 16 69 104 169 101 117 85 200 96 196 107 154 182 201 232 285 339 372 310 406 434 435 439 467 394 400 440 382 269 258 202 134 91 83 

LossDepth:
SAlphaB:
0 0 0 0 0 0 0 0 0 0 0 0 0 0 0 0 0 0 0 0 0 0 0 0 0 0 0 0 0 0 0 0 0 0 0 0 0 5 2 7 1 9 7 24 11 18 13 32 16 69 104 169 101 117 85 200 96 196 107 154 182 201 232 285 339 372 310 406 434 435 439 467 394 400 440 382 269 258 202 134 91 83 

FirstWin:
0 0 0 0 0 0 0 0 0 0 0 0 0 0 0 0 0 0 0 0 0 0 0 0 0 0 0 0 0 0 0 0 0 0 0 0 0 5 0 7 0 9 0 24 0 18 0 32 0 69 0 169 0 117 0 200 0 196 0 154 0 201 0 285 0 372 0 406 0 435 0 467 0 400 0 382 0 258 0 134 0 83 
SAlphaB:
0 0 0 0 0 0 0 0 0 0 0 0 0 0 0 0 0 0 0 0 0 0 0 0 0 0 0 0 0 0 0 0 0 0 0 0 0 5 0 7 0 9 0 24 0 18 0 32 0 69 0 169 0 117 0 200 0 196 0 154 0 201 0 285 0 372 0 406 0 435 0 467 0 400 0 382 0 258 0 134 0 83 

SecondWin:
0 0 0 0 0 0 0 0 0 0 0 0 0 0 0 0 0 0 0 0 0 0 0 0 0 0 0 0 0 0 0 0 0 0 0 0 0 0 2 0 1 0 7 0 11 0 13 0 16 0 104 0 101 0 85 0 96 0 107 0 182 0 232 0 339 0 310 0 434 0 439 0 394 0 440 0 269 0 202 0 91 0 
SAlphaB:
0 0 0 0 0 0 0 0 0 0 0 0 0 0 0 0 0 0 0 0 0 0 0 0 0 0 0 0 0 0 0 0 0 0 0 0 0 0 2 0 1 0 7 0 11 0 13 0 16 0 104 0 101 0 85 0 96 0 107 0 182 0 232 0 339 0 310 0 434 0 439 0 394 0 440 0 269 0 202 0 91 0 
