0 55 78 37 -18 7 15 10

0 36 96 85 -6 1 2 6

0 48 82 65 -10 7 33 13

0 62 87 91 -16 4 40 0

0 62 77 54 -3 17 19 26

0 21 83 79 -20 10 26 4

0 53 55 30 -15 7 22 1

0 28 89 98 -8 1 7 22

0 68 72 13 -18 5 16 2

0 12 78 3 -2 22 48 9

0 9 77 40 -8 2 4 22

0 11 81 91 -14 0 1 25

0 16 54 97 -3 1 4 5

0 25 30 86 -19 0 3 43

0 54 86 46 -4 6 45 42

0 42 68 79 -6 14 33 8

0 20 72 9 -5 7 10 48

0 32 95 56 -9 1 4 0

0 68 97 44 -4 13 16 44

0 73 95 4 -16 7 14 3

0 76 95 98 -2 44 48 45

0 32 57 71 -14 3 4 0

0 8 75 53 -8 13 48 14

0 40 45 61 -10 6 25 19

0 28 44 44 -13 3 19 38

0 9 22 27 -19 4 6 18

0 36 66 69 -15 1 32 22

0 4 87 35 -3 21 30 15

0 0 80 5 -15 17 47 32

0 51 60 95 -5 3 6 0

0 34 67 7 -20 5 6 43

0 9 54 94 -10 4 14 18

0 47 65 55 -11 18 38 41

0 84 90 65 -5 9 16 2

0 91 93 6 -16 16 30 49

0 59 67 21 -19 29 38 32

0 21 55 81 -7 1 2 44

0 65 74 25 -1 0 35 30

0 4 13 38 -16 36 39 38

0 45 68 65 -8 0 48 31

0 23 83 57 -8 31 42 35

0 35 58 91 -16 3 33 27

0 2 37 78 -2 27 42 25

0 29 69 94 -4 0 1 15

0 18 47 18 -9 13 22 1

0 10 15 65 -16 12 26 45

0 14 38 9 -6 4 13 23

0 56 60 32 -4 5 44 11

0 46 75 48 -1 3 12 32

0 20 34 45 -13 3 48 5

0 8 75 47 -10 23 34 37

0 68 73 5 -3 34 41 45

0 39 63 37 -1 22 44 40

0 4 43 26 -14 13 31 11

0 20 46 27 -20 24 38 14

0 5 13 48 -7 22 48 0

0 61 77 65 -5 39 44 13

0 31 52 84 -9 21 23 47

0 41 70 11 -16 20 27 32

0 0 69 38 -18 16 20 36

0 43 92 82 -12 43 44 20

0 37 44 84 -9 36 41 47

0 41 50 22 -11 16 26 20

0 11 27 12 -17 24 30 30

0 2 11 11 -9 11 36 34

0 34 36 57 -15 31 34 21

0 8 62 38 -8 0 21 37

0 25 46 59 -11 5 35 8

0 6 27 60 -16 15 37 44

0 21 32 58 -4 7 41 33

0 6 36 5 -15 4 14 20

0 54 80 89 -13 34 46 48

0 42 54 11 -2 13 41 33

0 5 32 27 -19 26 47 45

0 6 27 17 -14 2 4 13

0 13 21 79 -7 26 45 44

0 4 30 95 -3 0 2 41

0 6 15 44 -9 3 6 25

0 7 14 95 -6 23 36 13

0 19 31 55 -12 3 33 41

0 0 14 39 -16 13 23 25

0 5 13 52 -9 2 36 49

0 16 40 2 -1 19 47 42

0 7 14 43 -2 9 13 35

0 1 3 52 -12 8 43 18

0 9 18 53 -14 5 46 13

0 1 18 32 -15 17 18 7

0 8 9 54 -1 5 19 44

0 1 10 36 -2 1 2 18

0 86 89 23 -13 38 39 0

0 7 9 67 -19 39 45 8

0 3 14 77 -5 13 36 49

0 2 15 68 -9 33 44 24

0 1 2 42 -20 10 23 48

0 0 12 15 -11 6 7 32

0 6 35 33 -3 5 30 40

0 0 7 36 -1 2 14 14

0 5 9 78 -2 2 7 34

0 6 8 18 -5 1 9 36

0 2 9 88 -9 28 29 24


SAlphaB: 692.0, std-dev 255.2170106502553

Earliest win: 35
Latest win: 81

WinDepth:
0 0 0 0 0 0 0 0 0 0 0 0 0 0 0 0 0 0 0 0 0 0 0 0 0 0 0 0 0 0 0 0 0 0 0 1 0 3 0 11 0 6 1 5 10 26 15 26 38 65 71 214 87 122 77 171 117 191 137 211 184 239 244 338 300 366 350 360 485 425 475 437 361 401 389 358 273 267 165 126 119 90 
SAlphaB:
0 0 0 0 0 0 0 0 0 0 0 0 0 0 0 0 0 0 0 0 0 0 0 0 0 0 0 0 0 0 0 0 0 0 0 1 0 3 0 11 0 6 1 5 10 26 15 26 38 65 71 214 87 122 77 171 117 191 137 211 184 239 244 338 300 366 350 360 485 425 475 437 361 401 389 358 273 267 165 126 119 90 

LossDepth:
SAlphaB:
0 0 0 0 0 0 0 0 0 0 0 0 0 0 0 0 0 0 0 0 0 0 0 0 0 0 0 0 0 0 0 0 0 0 0 1 0 3 0 11 0 6 1 5 10 26 15 26 38 65 71 214 87 122 77 171 117 191 137 211 184 239 244 338 300 366 350 360 485 425 475 437 361 401 389 358 273 267 165 126 119 90 

FirstWin:
0 0 0 0 0 0 0 0 0 0 0 0 0 0 0 0 0 0 0 0 0 0 0 0 0 0 0 0 0 0 0 0 0 0 0 1 0 3 0 11 0 6 0 5 0 26 0 26 0 65 0 214 0 122 0 171 0 191 0 211 0 239 0 338 0 366 0 360 0 425 0 437 0 401 0 358 0 267 0 126 0 90 
SAlphaB:
0 0 0 0 0 0 0 0 0 0 0 0 0 0 0 0 0 0 0 0 0 0 0 0 0 0 0 0 0 0 0 0 0 0 0 1 0 3 0 11 0 6 0 5 0 26 0 26 0 65 0 214 0 122 0 171 0 191 0 211 0 239 0 338 0 366 0 360 0 425 0 437 0 401 0 358 0 267 0 126 0 90 

SecondWin:
0 0 0 0 0 0 0 0 0 0 0 0 0 0 0 0 0 0 0 0 0 0 0 0 0 0 0 0 0 0 0 0 0 0 0 0 0 0 0 0 0 0 1 0 10 0 15 0 38 0 71 0 87 0 77 0 117 0 137 0 184 0 244 0 300 0 350 0 485 0 475 0 361 0 389 0 273 0 165 0 119 0 
SAlphaB:
0 0 0 0 0 0 0 0 0 0 0 0 0 0 0 0 0 0 0 0 0 0 0 0 0 0 0 0 0 0 0 0 0 0 0 0 0 0 0 0 0 0 1 0 10 0 15 0 38 0 71 0 87 0 77 0 117 0 137 0 184 0 244 0 300 0 350 0 485 0 475 0 361 0 389 0 273 0 165 0 119 0 
