0 34 99 37 -20 11 25 25

0 41 98 56 -11 0 29 28

0 11 54 61 -12 25 30 22

0 40 61 34 -5 2 34 14

0 41 98 64 -7 2 22 16

0 52 79 8 -4 14 45 13

0 55 88 7 -3 6 36 7

0 31 69 80 -10 13 14 24

0 66 80 59 -8 5 11 12

0 21 37 52 -13 0 1 12

0 64 84 73 -4 29 36 47

0 8 43 60 -15 0 1 5

0 24 27 2 -18 0 1 6

0 39 47 44 -2 3 5 8

0 47 75 38 -4 6 20 48

0 86 91 60 -7 4 9 24

0 47 77 44 -15 13 42 21

0 28 57 39 -7 11 29 33

0 72 92 47 -7 4 11 18

0 26 57 62 -19 29 40 28

0 5 25 66 -16 6 17 20

0 0 43 91 -17 8 19 45

0 38 96 53 -17 2 26 38

0 5 34 98 -2 35 37 9

0 65 99 70 -8 28 33 49

0 42 76 7 -8 7 46 37

0 76 90 58 -4 0 8 2

0 40 59 27 -17 41 45 11

0 15 28 68 -16 16 18 2

0 6 53 30 -18 15 34 2

0 9 72 12 -9 18 35 9

0 2 11 97 -7 2 3 2

0 3 88 7 -2 4 8 24

0 27 88 49 -20 40 44 26

0 28 67 25 -12 8 9 6

0 17 58 82 -16 7 14 27

0 24 33 52 -9 10 18 1

0 33 88 33 -8 12 15 28

0 51 85 97 -6 17 28 44

0 72 94 10 -15 22 35 1

0 2 38 41 -13 5 29 3

0 58 96 45 -2 21 32 12

0 3 12 80 -20 19 23 39

0 41 61 87 -11 0 1 33

0 24 76 58 -5 3 35 35

0 80 88 70 -11 25 42 24

0 38 40 96 -16 28 43 3

0 61 70 96 -5 42 48 37

0 16 37 63 -19 25 30 9

0 3 20 46 -5 3 5 14

0 9 44 89 -19 9 37 43

0 14 56 7 -8 31 45 2

0 11 47 1 -20 15 47 42

0 6 44 3 -8 22 40 8

0 27 41 27 -12 3 23 31

0 15 29 7 -13 4 18 1

0 13 64 3 -8 28 40 33

0 5 8 43 -19 0 2 11

0 2 5 29 -16 5 11 13

0 52 53 86 -3 1 2 35

0 0 6 78 -13 30 34 35

0 43 48 0 -2 26 30 36

0 10 19 0 -14 9 24 23

0 7 20 72 -15 34 38 19

0 15 35 4 -9 2 12 11

0 6 52 88 -17 1 8 33

0 59 63 37 -9 32 48 37

0 19 30 47 -3 13 20 22

0 32 36 82 -11 1 6 39

0 21 34 73 -18 1 32 9

0 5 17 72 -8 1 10 24

0 8 14 60 -16 8 19 6

0 25 26 67 -17 6 29 32

0 22 28 16 -8 29 40 23

0 1 3 79 -20 16 38 26

0 7 36 52 -2 1 2 44

0 0 4 67 -14 18 45 42

0 9 19 80 -17 23 41 13

0 22 32 54 -18 28 45 44

0 3 4 78 -12 14 21 18

0 8 32 60 -19 1 27 28

0 2 3 97 -16 4 34 23

0 6 33 45 -14 7 11 42

0 21 49 8 -9 15 48 9

0 7 16 26 -17 28 44 45

0 6 31 44 -3 2 8 40

0 2 11 71 -7 11 33 20

0 1 14 58 -6 6 14 36

0 1 23 34 -6 25 38 7

0 25 55 95 -11 20 23 43

0 8 12 67 -17 3 21 28

0 3 5 12 -1 27 30 19

0 1 10 36 -5 4 18 19

0 4 13 60 -16 4 6 41

0 9 16 15 -17 12 13 23

0 7 10 98 -11 12 27 37

0 0 3 71 -2 0 5 23

0 1 2 33 -5 34 48 12

0 7 55 3 -14 6 25 48

0 4 9 39 -13 18 34 47


SAlphaB: 704.0, std-dev 268.72370569043585

Earliest win: 37
Latest win: 81

WinDepth:
0 0 0 0 0 0 0 0 0 0 0 0 0 0 0 0 0 0 0 0 0 0 0 0 0 0 0 0 0 0 0 0 0 0 0 0 0 7 0 2 1 4 2 9 17 19 23 44 17 62 63 205 133 101 149 146 113 127 166 212 153 233 212 305 329 333 441 320 435 354 555 425 444 396 434 375 256 199 211 138 98 73 
SAlphaB:
0 0 0 0 0 0 0 0 0 0 0 0 0 0 0 0 0 0 0 0 0 0 0 0 0 0 0 0 0 0 0 0 0 0 0 0 0 7 0 2 1 4 2 9 17 19 23 44 17 62 63 205 133 101 149 146 113 127 166 212 153 233 212 305 329 333 441 320 435 354 555 425 444 396 434 375 256 199 211 138 98 73 

LossDepth:
SAlphaB:
0 0 0 0 0 0 0 0 0 0 0 0 0 0 0 0 0 0 0 0 0 0 0 0 0 0 0 0 0 0 0 0 0 0 0 0 0 7 0 2 1 4 2 9 17 19 23 44 17 62 63 205 133 101 149 146 113 127 166 212 153 233 212 305 329 333 441 320 435 354 555 425 444 396 434 375 256 199 211 138 98 73 

FirstWin:
0 0 0 0 0 0 0 0 0 0 0 0 0 0 0 0 0 0 0 0 0 0 0 0 0 0 0 0 0 0 0 0 0 0 0 0 0 7 0 2 0 4 0 9 0 19 0 44 0 62 0 205 0 101 0 146 0 127 0 212 0 233 0 305 0 333 0 320 0 354 0 425 0 396 0 375 0 199 0 138 0 73 
SAlphaB:
0 0 0 0 0 0 0 0 0 0 0 0 0 0 0 0 0 0 0 0 0 0 0 0 0 0 0 0 0 0 0 0 0 0 0 0 0 7 0 2 0 4 0 9 0 19 0 44 0 62 0 205 0 101 0 146 0 127 0 212 0 233 0 305 0 333 0 320 0 354 0 425 0 396 0 375 0 199 0 138 0 73 

SecondWin:
0 0 0 0 0 0 0 0 0 0 0 0 0 0 0 0 0 0 0 0 0 0 0 0 0 0 0 0 0 0 0 0 0 0 0 0 0 0 0 0 1 0 2 0 17 0 23 0 17 0 63 0 133 0 149 0 113 0 166 0 153 0 212 0 329 0 441 0 435 0 555 0 444 0 434 0 256 0 211 0 98 0 
SAlphaB:
0 0 0 0 0 0 0 0 0 0 0 0 0 0 0 0 0 0 0 0 0 0 0 0 0 0 0 0 0 0 0 0 0 0 0 0 0 0 0 0 1 0 2 0 17 0 23 0 17 0 63 0 133 0 149 0 113 0 166 0 153 0 212 0 329 0 441 0 435 0 555 0 444 0 434 0 256 0 211 0 98 0 
