0 38 78 18 -8 2 23 21

0 65 70 27 -11 5 21 18

0 51 97 99 -7 10 36 17

0 24 34 76 -6 3 11 3

0 30 55 25 -2 2 14 21

0 60 90 23 -5 13 32 24

0 44 78 65 -18 3 29 29

0 52 83 91 -19 7 19 41

0 21 86 23 -9 3 5 5

0 56 93 91 -7 15 39 12

0 44 50 18 -15 2 13 14

0 43 83 8 -12 4 26 39

0 52 65 5 -10 11 31 10

0 47 87 35 -11 2 17 31

0 73 86 89 -17 5 18 12

0 22 56 49 -5 0 12 9

0 32 50 91 -13 3 6 13

0 68 99 51 -18 12 27 15

0 65 71 52 -17 1 22 31

0 49 61 36 -3 1 19 13

0 18 63 1 -5 0 7 1

0 25 59 24 -8 0 1 9

0 63 65 47 -9 15 29 9

0 62 78 72 -1 5 18 5

0 42 82 33 -13 0 4 24

0 43 71 55 -8 5 10 37

0 89 90 58 -14 8 39 5

0 51 83 57 -14 6 41 8

0 29 60 36 -20 1 2 2

0 12 84 24 -10 1 7 14

0 30 86 29 -7 3 22 38

0 26 35 8 -14 0 1 20

0 58 70 55 -6 5 11 9

0 65 68 14 -7 8 9 15

0 52 85 82 -3 10 44 10

0 93 95 41 -2 19 32 9

0 44 81 21 -1 16 42 7

0 40 74 30 -20 3 4 15

0 32 91 42 -8 0 9 9

0 35 43 12 -18 3 10 5

0 54 91 6 -6 7 17 7

0 74 93 87 -15 3 25 14

0 41 87 51 -8 0 5 4

0 29 95 27 -4 9 13 0

0 43 88 39 -14 3 35 36

0 76 78 71 -9 4 28 26

0 73 80 67 -16 3 11 19

0 96 98 71 -8 5 49 11

0 51 62 87 -19 0 5 23

0 31 76 74 -6 8 14 12

0 23 70 66 -2 4 6 17

0 52 53 68 -17 3 4 16

0 44 97 11 -9 4 8 5

0 36 99 65 -5 14 25 28

0 18 93 60 -19 0 1 6

0 64 87 36 -13 5 13 7

0 84 88 10 -9 9 23 20

0 60 78 87 -1 17 19 41

0 16 83 69 -11 0 2 8

0 37 82 15 -8 6 27 41

0 71 82 91 -18 14 25 23

0 11 85 95 -15 0 2 2

0 25 27 66 -6 1 6 20

0 25 77 30 -17 4 5 46

0 87 94 19 -10 4 18 33

0 4 59 88 -3 17 37 9

0 88 94 4 -4 9 32 41

0 62 75 61 -17 4 14 24

0 33 62 43 -4 10 29 30

0 34 41 69 -6 8 37 8

0 21 85 82 -13 5 11 38

0 13 86 12 -5 6 13 15

0 12 30 25 -7 5 13 16

0 70 83 70 -19 12 28 0

0 79 82 53 -6 5 35 3

0 12 43 82 -13 0 4 16

0 59 72 97 -17 5 21 38

0 12 38 85 -3 0 14 26

0 54 92 25 -11 15 28 15

0 64 78 90 -11 0 1 15

0 29 77 69 -15 2 15 10

0 19 33 15 -4 6 18 1

0 18 47 54 -11 15 33 2

0 31 34 16 -14 27 28 10

0 10 41 27 -1 5 13 2

0 23 96 64 -6 8 14 32

0 61 70 65 -6 5 11 29

0 13 96 8 -5 5 14 19

0 38 92 25 -16 0 28 23

0 3 23 50 -5 8 12 3

0 14 66 55 -15 0 5 18

0 23 83 15 -17 31 47 17

0 11 56 7 -8 4 5 31

0 6 91 63 -16 14 39 20

0 39 83 93 -11 25 44 11

0 6 66 74 -4 23 41 37

0 0 44 12 -8 19 21 7

0 19 54 70 -9 14 33 0

0 5 24 80 -16 20 25 21

0 30 56 15 -17 8 11 42


SAlphaB: 738.0, std-dev 260.9096177536651

Earliest win: 36
Latest win: 81

WinDepth:
0 0 0 0 0 0 0 0 0 0 0 0 0 0 0 0 0 0 0 0 0 0 0 0 0 0 0 0 0 0 0 0 0 0 0 0 2 9 2 17 6 16 5 37 23 43 35 175 73 160 154 352 148 298 257 499 388 587 340 510 437 608 648 805 782 906 857 888 996 994 975 964 937 899 916 834 561 493 396 317 213 149 
SAlphaB:
0 0 0 0 0 0 0 0 0 0 0 0 0 0 0 0 0 0 0 0 0 0 0 0 0 0 0 0 0 0 0 0 0 0 0 0 2 9 2 17 6 16 5 37 23 43 35 175 73 160 154 352 148 298 257 499 388 587 340 510 437 608 648 805 782 906 857 888 996 994 975 964 937 899 916 834 561 493 396 317 213 149 

LossDepth:
SAlphaB:
0 0 0 0 0 0 0 0 0 0 0 0 0 0 0 0 0 0 0 0 0 0 0 0 0 0 0 0 0 0 0 0 0 0 0 0 0 3 0 13 12 16 3 21 19 40 28 87 51 86 86 181 103 158 168 278 230 372 228 336 239 392 433 575 534 661 617 677 698 833 711 827 718 722 670 753 479 447 332 277 247 146 

FirstWin:
0 0 0 0 0 0 0 0 0 0 0 0 0 0 0 0 0 0 0 0 0 0 0 0 0 0 0 0 0 0 0 0 0 0 0 0 0 9 0 17 0 16 0 37 0 43 0 175 0 160 0 352 0 298 0 499 0 587 0 510 0 608 0 805 0 906 0 888 0 994 0 964 0 899 0 834 0 493 0 317 0 149 
SAlphaB:
0 0 0 0 0 0 0 0 0 0 0 0 0 0 0 0 0 0 0 0 0 0 0 0 0 0 0 0 0 0 0 0 0 0 0 0 0 9 0 17 0 16 0 37 0 43 0 175 0 160 0 352 0 298 0 499 0 587 0 510 0 608 0 805 0 906 0 888 0 994 0 964 0 899 0 834 0 493 0 317 0 149 

SecondWin:
0 0 0 0 0 0 0 0 0 0 0 0 0 0 0 0 0 0 0 0 0 0 0 0 0 0 0 0 0 0 0 0 0 0 0 0 2 0 2 0 6 0 5 0 23 0 35 0 73 0 154 0 148 0 257 0 388 0 340 0 437 0 648 0 782 0 857 0 996 0 975 0 937 0 916 0 561 0 396 0 213 0 
SAlphaB:
0 0 0 0 0 0 0 0 0 0 0 0 0 0 0 0 0 0 0 0 0 0 0 0 0 0 0 0 0 0 0 0 0 0 0 0 2 0 2 0 6 0 5 0 23 0 35 0 73 0 154 0 148 0 257 0 388 0 340 0 437 0 648 0 782 0 857 0 996 0 975 0 937 0 916 0 561 0 396 0 213 0 
