0 18 63 1 -5 0 7 1

0 32 50 91 -13 3 6 13

0 24 34 76 -6 3 11 3

0 11 56 7 -8 4 5 31

0 70 83 70 -19 12 28 0

0 73 86 89 -17 5 18 12

0 6 66 74 -4 23 41 37

0 10 41 27 -1 5 13 2

0 65 68 14 -7 8 9 15

0 30 56 15 -17 8 11 42

0 62 64 56 -2 15 38 37

0 27 77 80 -16 2 3 23

0 87 95 62 -3 14 16 39

0 60 70 55 -18 7 10 44

0 0 44 55 -8 14 24 23

0 36 49 86 -20 9 20 4

0 2 26 26 -16 0 1 23

0 40 52 87 -7 1 2 16

0 72 84 40 -4 1 19 19

0 57 71 72 -8 5 14 42

0 13 14 43 -12 2 5 1

0 5 64 33 -9 10 27 0

0 39 83 76 -10 1 44 29

0 30 41 75 -5 19 31 24

0 13 32 44 -5 7 15 12

0 43 53 24 -7 9 28 29

0 82 96 30 -8 21 34 15

0 70 83 54 -6 5 29 43

0 31 46 22 -18 9 13 6

0 36 82 26 -6 0 7 46

0 40 57 14 -19 26 41 7

0 20 92 87 -1 6 7 46

0 32 55 45 -20 3 5 5

0 0 99 14 -19 4 9 13

0 28 59 79 -2 14 19 46

0 30 55 15 -10 46 48 9

0 47 77 15 -18 11 12 22

0 34 37 40 -15 1 7 44

0 21 36 69 -13 20 22 33

0 10 46 50 -8 6 30 5

0 17 38 93 -8 6 9 10

0 33 34 9 -14 20 48 6

0 66 79 71 -16 0 7 21

0 70 75 17 -4 19 25 17

0 12 97 13 -14 6 7 38

0 5 8 37 -8 0 4 1

0 32 54 14 -16 36 47 24

0 42 67 10 -7 27 28 32

0 22 45 66 -20 1 2 32

0 49 54 78 -16 12 14 14

0 30 55 19 -18 3 27 12

0 40 43 73 -10 10 11 46

0 24 68 23 -2 0 5 15

0 3 21 81 -11 3 7 28

0 28 33 5 -2 12 29 21

0 8 83 14 -5 31 33 12

0 89 94 5 -16 26 33 44

0 13 31 76 -2 8 13 23

0 3 75 32 -16 44 47 46

0 4 48 62 -3 6 46 16

0 26 83 88 -20 26 29 20

0 12 82 29 -19 9 15 47

0 47 77 16 -17 25 30 39

0 18 35 88 -10 27 28 48

0 1 4 46 -10 6 13 20

0 0 11 42 -9 23 47 30

0 30 59 11 -17 28 37 36

0 14 96 15 -15 38 46 5

0 0 45 23 -2 6 39 3

0 9 37 87 -20 1 18 10

0 3 34 66 -2 1 3 25

0 20 27 61 -16 14 25 48

0 33 92 47 -4 38 40 20

0 0 43 98 -12 12 44 36

0 13 16 67 -4 14 39 14

0 16 56 19 -13 25 42 42

0 19 31 35 -20 34 42 11

0 1 2 80 -18 12 18 39

0 12 45 15 -18 13 16 20

0 4 15 35 -19 5 13 15

0 3 6 63 -7 21 36 21

0 1 5 74 -18 22 27 25

0 8 31 71 -12 11 37 9

0 4 7 8 -13 10 28 13

0 3 6 42 -15 23 27 17

0 16 22 9 -15 4 5 48

0 25 85 28 -11 30 37 38

0 33 34 38 -5 29 31 47

0 7 11 44 -12 18 31 14

0 3 12 55 -14 5 44 4

0 4 24 65 -15 32 47 14

0 0 7 20 -1 1 24 10

0 11 13 37 -15 8 15 10

0 1 4 39 -17 1 6 35

0 4 13 54 -12 6 13 40

0 6 21 22 -4 0 39 22

0 7 11 39 -5 1 47 15

0 0 4 31 -5 11 47 30

0 0 3 38 -18 2 7 36

0 0 3 49 -13 2 49 21


SAlphaB: 710.0, std-dev 273.5639057058707

Earliest win: 37
Latest win: 81

WinDepth:
0 0 0 0 0 0 0 0 0 0 0 0 0 0 0 0 0 0 0 0 0 0 0 0 0 0 0 0 0 0 0 0 0 0 0 0 0 1 0 2 0 3 3 11 8 15 7 36 27 65 69 200 80 124 93 179 114 198 142 177 164 243 236 359 323 367 356 380 421 415 459 409 407 404 422 396 232 267 214 122 94 58 
SAlphaB:
0 0 0 0 0 0 0 0 0 0 0 0 0 0 0 0 0 0 0 0 0 0 0 0 0 0 0 0 0 0 0 0 0 0 0 0 0 1 0 2 0 3 3 11 8 15 7 36 27 65 69 200 80 124 93 179 114 198 142 177 164 243 236 359 323 367 356 380 421 415 459 409 407 404 422 396 232 267 214 122 94 58 

LossDepth:
SAlphaB:
0 0 0 0 0 0 0 0 0 0 0 0 0 0 0 0 0 0 0 0 0 0 0 0 0 0 0 0 0 0 0 0 0 0 0 0 0 1 0 2 0 3 3 11 8 15 7 36 27 65 69 200 80 124 93 179 114 198 142 177 164 243 236 359 323 367 356 380 421 415 459 409 407 404 422 396 232 267 214 122 94 58 

FirstWin:
0 0 0 0 0 0 0 0 0 0 0 0 0 0 0 0 0 0 0 0 0 0 0 0 0 0 0 0 0 0 0 0 0 0 0 0 0 1 0 2 0 3 0 11 0 15 0 36 0 65 0 200 0 124 0 179 0 198 0 177 0 243 0 359 0 367 0 380 0 415 0 409 0 404 0 396 0 267 0 122 0 58 
SAlphaB:
0 0 0 0 0 0 0 0 0 0 0 0 0 0 0 0 0 0 0 0 0 0 0 0 0 0 0 0 0 0 0 0 0 0 0 0 0 1 0 2 0 3 0 11 0 15 0 36 0 65 0 200 0 124 0 179 0 198 0 177 0 243 0 359 0 367 0 380 0 415 0 409 0 404 0 396 0 267 0 122 0 58 

SecondWin:
0 0 0 0 0 0 0 0 0 0 0 0 0 0 0 0 0 0 0 0 0 0 0 0 0 0 0 0 0 0 0 0 0 0 0 0 0 0 0 0 0 0 3 0 8 0 7 0 27 0 69 0 80 0 93 0 114 0 142 0 164 0 236 0 323 0 356 0 421 0 459 0 407 0 422 0 232 0 214 0 94 0 
SAlphaB:
0 0 0 0 0 0 0 0 0 0 0 0 0 0 0 0 0 0 0 0 0 0 0 0 0 0 0 0 0 0 0 0 0 0 0 0 0 0 0 0 0 0 3 0 8 0 7 0 27 0 69 0 80 0 93 0 114 0 142 0 164 0 236 0 323 0 356 0 421 0 459 0 407 0 422 0 232 0 214 0 94 0 
