0 58 70 55 -6 5 11 9

0 52 83 91 -19 7 19 41

0 44 50 18 -15 2 13 14

0 42 82 33 -13 0 4 24

0 19 54 70 -9 14 33 0

0 0 44 12 -8 19 21 7

0 51 83 57 -14 6 41 8

0 23 96 64 -6 8 14 32

0 18 47 54 -11 15 33 2

0 43 83 8 -12 4 26 39

0 80 90 44 -20 8 15 20

0 54 90 19 -6 7 11 17

0 26 74 31 -12 1 20 33

0 41 80 77 -11 4 18 18

0 2 64 73 -2 12 15 19

0 25 33 71 -11 0 2 24

0 30 77 88 -18 2 17 12

0 84 87 45 -17 13 29 8

0 30 33 71 -7 0 1 15

0 46 98 71 -4 3 45 17

0 26 61 70 -12 4 9 46

0 44 87 45 -6 10 11 40

0 18 86 84 -19 6 7 9

0 79 81 34 -12 9 38 1

0 63 81 28 -15 14 17 30

0 31 55 69 -9 4 20 37

0 55 81 2 -16 8 10 46

0 48 62 43 -9 6 23 2

0 55 69 22 -14 9 11 24

0 31 43 21 -16 1 4 28

0 1 96 58 -2 5 7 36

0 8 28 83 -8 7 18 17

0 46 47 36 -9 0 19 28

0 18 20 90 -1 12 30 31

0 12 60 58 -2 16 20 16

0 6 78 76 -3 10 17 18

0 10 85 4 -7 38 39 19

0 3 26 89 -5 10 12 9

0 9 45 14 -20 0 3 15

0 7 11 9 -4 2 3 11

0 29 31 86 -17 9 15 38

0 2 57 73 -10 1 6 6

0 1 98 97 -18 26 37 39

0 3 10 23 -7 9 11 9

0 5 20 85 -5 8 16 13

0 49 56 47 -5 15 21 26

0 52 84 47 -7 29 45 0

0 44 58 3 -14 0 1 44

0 27 31 78 -12 4 14 24

0 29 35 8 -6 4 5 17

0 9 16 75 -13 23 24 7

0 10 82 9 -5 6 12 35

0 35 39 15 -13 3 15 46

0 39 74 45 -7 36 48 27

0 13 44 63 -18 8 25 39

0 17 92 63 -8 25 45 32

0 37 51 95 -7 12 48 41

0 2 22 43 -15 22 25 14

0 9 29 35 -13 12 28 22

0 28 54 65 -17 27 46 2

0 17 62 37 -16 27 37 1

0 20 40 38 -6 24 29 15

0 28 64 97 -11 20 25 4

0 4 44 50 -10 31 35 47

0 29 30 49 -17 5 21 30

0 43 49 30 -11 5 6 45

0 63 69 32 -7 42 49 31

0 12 34 76 -3 5 19 43

0 13 40 92 -10 9 30 48

0 55 67 12 -20 20 30 16

0 24 37 91 -15 19 30 49

0 30 52 18 -7 0 10 44

0 45 59 69 -20 14 23 49

0 3 28 89 -12 15 34 24

0 14 34 11 -20 6 7 2

0 0 17 60 -14 5 15 26

0 19 26 23 -4 47 48 26

0 10 56 44 -13 24 39 46

0 7 24 84 -5 2 11 18

0 6 27 99 -18 26 33 8

0 15 45 71 -17 5 42 27

0 1 2 56 -17 10 13 22

0 3 28 8 -8 26 44 9

0 13 75 33 -11 1 35 45

0 15 17 23 -2 3 44 48

0 2 6 99 -15 29 46 41

0 61 70 15 -17 34 47 14

0 41 62 26 -3 25 29 11

0 3 5 35 -15 18 32 14

0 0 3 45 -17 5 6 4

0 7 25 95 -16 18 36 30

0 27 31 23 -3 24 29 39

0 7 14 51 -9 22 35 39

0 7 15 95 -9 24 47 39

0 0 9 56 -15 4 27 30

0 0 2 48 -13 0 13 45

0 4 28 7 -12 3 48 34

0 4 14 28 -6 24 35 48

0 1 13 31 -13 17 29 42

0 5 21 62 -11 3 48 33


SAlphaB: 706.0, std-dev 255.2424546515835

Earliest win: 35
Latest win: 81

WinDepth:
0 0 0 0 0 0 0 0 0 0 0 0 0 0 0 0 0 0 0 0 0 0 0 0 0 0 0 0 0 0 0 0 0 0 0 1 0 6 0 4 0 12 1 56 4 10 7 31 34 40 93 247 135 106 95 207 144 158 143 237 146 218 213 327 265 370 343 358 440 364 451 421 441 394 411 366 276 251 143 157 101 96 
SAlphaB:
0 0 0 0 0 0 0 0 0 0 0 0 0 0 0 0 0 0 0 0 0 0 0 0 0 0 0 0 0 0 0 0 0 0 0 1 0 6 0 4 0 12 1 56 4 10 7 31 34 40 93 247 135 106 95 207 144 158 143 237 146 218 213 327 265 370 343 358 440 364 451 421 441 394 411 366 276 251 143 157 101 96 

LossDepth:
SAlphaB:
0 0 0 0 0 0 0 0 0 0 0 0 0 0 0 0 0 0 0 0 0 0 0 0 0 0 0 0 0 0 0 0 0 0 0 1 0 6 0 4 0 12 1 56 4 10 7 31 34 40 93 247 135 106 95 207 144 158 143 237 146 218 213 327 265 370 343 358 440 364 451 421 441 394 411 366 276 251 143 157 101 96 

FirstWin:
0 0 0 0 0 0 0 0 0 0 0 0 0 0 0 0 0 0 0 0 0 0 0 0 0 0 0 0 0 0 0 0 0 0 0 1 0 6 0 4 0 12 0 56 0 10 0 31 0 40 0 247 0 106 0 207 0 158 0 237 0 218 0 327 0 370 0 358 0 364 0 421 0 394 0 366 0 251 0 157 0 96 
SAlphaB:
0 0 0 0 0 0 0 0 0 0 0 0 0 0 0 0 0 0 0 0 0 0 0 0 0 0 0 0 0 0 0 0 0 0 0 1 0 6 0 4 0 12 0 56 0 10 0 31 0 40 0 247 0 106 0 207 0 158 0 237 0 218 0 327 0 370 0 358 0 364 0 421 0 394 0 366 0 251 0 157 0 96 

SecondWin:
0 0 0 0 0 0 0 0 0 0 0 0 0 0 0 0 0 0 0 0 0 0 0 0 0 0 0 0 0 0 0 0 0 0 0 0 0 0 0 0 0 0 1 0 4 0 7 0 34 0 93 0 135 0 95 0 144 0 143 0 146 0 213 0 265 0 343 0 440 0 451 0 441 0 411 0 276 0 143 0 101 0 
SAlphaB:
0 0 0 0 0 0 0 0 0 0 0 0 0 0 0 0 0 0 0 0 0 0 0 0 0 0 0 0 0 0 0 0 0 0 0 0 0 0 0 0 0 0 1 0 4 0 7 0 34 0 93 0 135 0 95 0 144 0 143 0 146 0 213 0 265 0 343 0 440 0 451 0 441 0 411 0 276 0 143 0 101 0 
