0 13 86 12 -5 6 13 15

0 60 90 23 -5 13 32 24

0 51 62 87 -19 0 5 23

0 51 97 99 -7 10 36 17

0 38 78 18 -8 2 23 21

0 65 71 52 -17 1 22 31

0 93 95 41 -2 19 32 9

0 64 87 36 -13 5 13 7

0 87 94 19 -10 4 18 33

0 49 61 36 -3 1 19 13

0 50 94 63 -16 3 25 24

0 81 99 77 -12 30 38 3

0 37 74 83 -18 0 9 16

0 34 53 27 -13 2 8 6

0 65 96 25 -14 4 5 13

0 61 65 64 -4 3 4 16

0 67 87 36 -11 23 42 25

0 47 52 81 -16 0 9 15

0 84 87 85 -4 17 19 49

0 65 68 55 -12 3 27 41

0 10 27 17 -20 34 35 5

0 1 84 58 -17 0 1 19

0 3 16 89 -6 1 2 10

0 28 54 76 -17 17 27 4

0 17 55 40 -17 8 22 25

0 6 49 47 -3 6 9 0

0 26 60 6 -18 24 43 3

0 11 49 59 -4 35 42 8

0 4 58 81 -4 18 44 33

0 12 54 72 -4 4 5 44

0 1 98 79 -6 17 28 40

0 11 51 86 -19 27 33 14

0 5 30 24 -11 38 45 9

0 25 33 12 -12 20 32 12

0 0 70 36 -8 8 35 23

0 15 81 75 -6 14 21 45

0 46 63 31 -5 2 8 24

0 14 21 79 -13 4 5 16

0 13 33 40 -19 1 42 16

0 30 47 61 -4 29 44 25

0 15 23 83 -5 3 4 18

0 55 57 3 -14 29 30 32

0 2 9 53 -7 21 24 22

0 42 85 91 -1 3 8 40

0 22 23 7 -19 11 36 45

0 23 26 18 -16 1 22 7

0 32 94 89 -5 22 40 19

0 33 68 1 -7 14 18 46

0 18 57 96 -9 9 10 39

0 66 79 57 -15 21 23 48

0 46 53 40 -17 0 14 24

0 8 45 15 -14 7 39 30

0 37 38 16 -13 33 34 1

0 28 42 1 -10 19 25 33

0 16 83 34 -2 27 34 3

0 35 48 99 -20 19 32 37

0 41 45 95 -10 9 44 8

0 33 40 41 -2 1 2 17

0 3 7 59 -19 9 22 26

0 14 63 92 -1 2 21 24

0 51 94 95 -6 41 42 42

0 26 35 81 -6 35 39 0

0 16 27 9 -19 7 12 33

0 19 85 63 -15 15 30 36

0 3 53 48 -12 29 34 38

0 9 33 49 -2 17 20 29

0 1 6 44 -11 27 37 18

0 0 1 68 -14 14 30 32

0 20 66 80 -11 24 27 3

0 28 71 97 -19 16 19 44

0 7 18 42 -6 28 31 14

0 17 22 8 -13 22 39 43

0 2 13 86 -10 18 39 47

0 4 7 50 -8 24 41 5

0 4 43 26 -1 31 47 42

0 6 15 55 -19 0 43 12

0 17 30 66 -20 3 17 39

0 24 69 48 -14 18 22 41

0 22 30 25 -7 27 40 36

0 3 4 31 -14 4 20 23

0 1 6 5 -4 32 45 18

0 45 61 92 -4 1 46 35

0 7 10 7 -20 14 48 10

0 1 2 1 -6 5 21 6

0 0 1 75 -6 5 16 26

0 2 9 24 -6 13 17 18

0 1 3 87 -8 10 21 9

0 0 24 67 -18 39 45 6

0 3 7 8 -15 14 41 1

0 24 33 72 -5 28 42 41

0 17 19 96 -5 13 15 37

0 5 8 72 -14 2 16 12

0 1 6 21 -4 20 40 4

0 14 23 57 -10 1 21 39

0 0 17 24 -11 15 26 48

0 16 22 7 -18 1 37 24

0 3 7 83 -18 1 16 39

0 4 12 21 -20 22 36 48

0 0 1 31 -2 3 18 37

0 6 8 60 -7 3 13 34


SAlphaB: 719.0, std-dev 263.58581298711965

Earliest win: 35
Latest win: 81

WinDepth:
0 0 0 0 0 0 0 0 0 0 0 0 0 0 0 0 0 0 0 0 0 0 0 0 0 0 0 0 0 0 0 0 0 0 0 1 4 8 2 3 16 8 1 20 2 14 11 18 48 57 88 185 93 92 117 137 146 140 113 148 174 204 232 369 339 343 419 373 474 407 439 440 447 389 452 391 296 251 181 117 112 70 
SAlphaB:
0 0 0 0 0 0 0 0 0 0 0 0 0 0 0 0 0 0 0 0 0 0 0 0 0 0 0 0 0 0 0 0 0 0 0 1 4 8 2 3 16 8 1 20 2 14 11 18 48 57 88 185 93 92 117 137 146 140 113 148 174 204 232 369 339 343 419 373 474 407 439 440 447 389 452 391 296 251 181 117 112 70 

LossDepth:
SAlphaB:
0 0 0 0 0 0 0 0 0 0 0 0 0 0 0 0 0 0 0 0 0 0 0 0 0 0 0 0 0 0 0 0 0 0 0 1 4 8 2 3 16 8 1 20 2 14 11 18 48 57 88 185 93 92 117 137 146 140 113 148 174 204 232 369 339 343 419 373 474 407 439 440 447 389 452 391 296 251 181 117 112 70 

FirstWin:
0 0 0 0 0 0 0 0 0 0 0 0 0 0 0 0 0 0 0 0 0 0 0 0 0 0 0 0 0 0 0 0 0 0 0 1 0 8 0 3 0 8 0 20 0 14 0 18 0 57 0 185 0 92 0 137 0 140 0 148 0 204 0 369 0 343 0 373 0 407 0 440 0 389 0 391 0 251 0 117 0 70 
SAlphaB:
0 0 0 0 0 0 0 0 0 0 0 0 0 0 0 0 0 0 0 0 0 0 0 0 0 0 0 0 0 0 0 0 0 0 0 1 0 8 0 3 0 8 0 20 0 14 0 18 0 57 0 185 0 92 0 137 0 140 0 148 0 204 0 369 0 343 0 373 0 407 0 440 0 389 0 391 0 251 0 117 0 70 

SecondWin:
0 0 0 0 0 0 0 0 0 0 0 0 0 0 0 0 0 0 0 0 0 0 0 0 0 0 0 0 0 0 0 0 0 0 0 0 4 0 2 0 16 0 1 0 2 0 11 0 48 0 88 0 93 0 117 0 146 0 113 0 174 0 232 0 339 0 419 0 474 0 439 0 447 0 452 0 296 0 181 0 112 0 
SAlphaB:
0 0 0 0 0 0 0 0 0 0 0 0 0 0 0 0 0 0 0 0 0 0 0 0 0 0 0 0 0 0 0 0 0 0 0 0 4 0 2 0 16 0 1 0 2 0 11 0 48 0 88 0 93 0 117 0 146 0 113 0 174 0 232 0 339 0 419 0 474 0 439 0 447 0 452 0 296 0 181 0 112 0 
