0 62 75 61 -17 4 14 24

0 52 53 68 -17 3 4 16

0 11 85 95 -15 0 2 2

0 33 62 43 -4 10 29 30

0 30 86 29 -7 3 22 38

0 34 41 69 -6 8 37 8

0 47 87 35 -11 2 17 31

0 26 35 8 -14 0 1 20

0 74 93 87 -15 3 25 14

0 19 33 15 -4 6 18 1

0 58 67 40 -15 16 17 26

0 7 82 50 -8 4 10 10

0 33 66 50 -18 2 3 43

0 40 50 38 -13 5 15 25

0 70 82 49 -15 0 1 11

0 40 56 52 -11 19 49 42

0 26 27 81 -17 5 10 23

0 56 86 81 -14 15 17 13

0 89 91 63 -20 3 5 1

0 28 64 85 -12 7 9 8

0 77 83 73 -2 23 35 39

0 26 57 1 -11 11 12 26

0 11 81 50 -14 7 12 13

0 12 47 9 -19 0 7 22

0 21 43 1 -2 8 35 3

0 49 77 10 -9 18 41 13

0 8 94 56 -6 0 31 0

0 10 25 36 -19 1 8 3

0 2 29 24 -4 13 15 6

0 12 67 7 -10 7 16 6

0 50 81 46 -1 26 33 30

0 27 91 38 -18 8 45 49

0 8 96 40 -18 14 44 39

0 31 43 93 -6 16 44 23

0 10 84 76 -2 7 18 42

0 10 48 19 -11 1 14 18

0 41 55 37 -12 11 32 40

0 0 2 51 -5 35 49 23

0 17 42 57 -5 1 12 29

0 14 38 6 -8 0 16 6

0 32 52 80 -6 39 40 19

0 12 13 67 -16 0 1 2

0 21 59 50 -20 2 14 33

0 8 31 28 -13 9 17 21

0 38 39 35 -13 0 7 43

0 37 87 49 -12 20 49 4

0 8 46 89 -20 30 34 10

0 35 86 11 -3 43 47 47

0 19 21 36 -7 6 15 37

0 10 71 0 -9 29 32 11

0 23 38 69 -4 14 24 29

0 26 40 56 -12 11 20 41

0 26 34 51 -10 6 48 3

0 41 87 23 -1 40 45 29

0 58 92 78 -16 30 46 27

0 3 27 4 -15 3 12 13

0 53 54 70 -1 10 14 38

0 2 30 79 -15 2 5 40

0 58 74 49 -2 0 1 14

0 55 75 92 -20 28 31 44

0 2 21 98 -19 17 37 39

0 14 77 28 -19 5 8 9

0 15 27 71 -6 7 24 11

0 24 37 17 -8 3 4 45

0 4 7 22 -13 17 45 10

0 7 30 48 -2 10 14 33

0 23 48 94 -14 7 22 0

0 5 19 21 -14 1 16 20

0 1 3 93 -8 20 44 33

0 12 21 81 -14 28 48 23

0 4 11 24 -5 3 10 11

0 26 30 66 -3 4 25 28

0 28 44 16 -1 2 8 33

0 4 9 82 -18 23 34 39

0 7 17 56 -12 14 27 9

0 7 30 12 -13 5 6 26

0 2 6 67 -10 19 42 30

0 0 2 86 -20 5 26 19

0 42 66 12 -18 1 32 46

0 12 96 53 -1 34 49 42

0 2 6 84 -6 37 49 37

0 20 87 40 -5 15 33 40

0 3 10 89 -7 5 7 33

0 5 18 51 -9 12 29 32

0 11 25 15 -6 0 1 31

0 10 28 96 -15 12 37 16

0 15 74 11 -3 26 32 37

0 7 29 36 -17 19 46 36

0 1 27 10 -18 6 15 38

0 3 15 3 -5 17 18 13

0 13 20 74 -20 7 19 8

0 3 11 77 -9 9 21 5

0 9 10 15 -9 6 26 28

0 7 34 2 -14 7 26 39

0 0 4 17 -15 9 12 30

0 0 2 0 -14 1 12 16

0 7 18 35 -18 20 28 8

0 1 2 45 -14 3 11 11

0 16 24 91 -3 9 11 44

0 17 36 27 -18 3 17 47


SAlphaB: 695.0, std-dev 261.3101225584557

Earliest win: 37
Latest win: 81

WinDepth:
0 0 0 0 0 0 0 0 0 0 0 0 0 0 0 0 0 0 0 0 0 0 0 0 0 0 0 0 0 0 0 0 0 0 0 0 0 2 2 8 16 8 3 7 11 18 18 33 45 60 52 168 96 118 108 184 109 168 106 161 145 218 243 347 347 397 416 376 399 447 409 457 432 417 406 349 273 257 180 154 88 71 
SAlphaB:
0 0 0 0 0 0 0 0 0 0 0 0 0 0 0 0 0 0 0 0 0 0 0 0 0 0 0 0 0 0 0 0 0 0 0 0 0 2 2 8 16 8 3 7 11 18 18 33 45 60 52 168 96 118 108 184 109 168 106 161 145 218 243 347 347 397 416 376 399 447 409 457 432 417 406 349 273 257 180 154 88 71 

LossDepth:
SAlphaB:
0 0 0 0 0 0 0 0 0 0 0 0 0 0 0 0 0 0 0 0 0 0 0 0 0 0 0 0 0 0 0 0 0 0 0 0 0 2 2 8 16 8 3 7 11 18 18 33 45 60 52 168 96 118 108 184 109 168 106 161 145 218 243 347 347 397 416 376 399 447 409 457 432 417 406 349 273 257 180 154 88 71 

FirstWin:
0 0 0 0 0 0 0 0 0 0 0 0 0 0 0 0 0 0 0 0 0 0 0 0 0 0 0 0 0 0 0 0 0 0 0 0 0 2 0 8 0 8 0 7 0 18 0 33 0 60 0 168 0 118 0 184 0 168 0 161 0 218 0 347 0 397 0 376 0 447 0 457 0 417 0 349 0 257 0 154 0 71 
SAlphaB:
0 0 0 0 0 0 0 0 0 0 0 0 0 0 0 0 0 0 0 0 0 0 0 0 0 0 0 0 0 0 0 0 0 0 0 0 0 2 0 8 0 8 0 7 0 18 0 33 0 60 0 168 0 118 0 184 0 168 0 161 0 218 0 347 0 397 0 376 0 447 0 457 0 417 0 349 0 257 0 154 0 71 

SecondWin:
0 0 0 0 0 0 0 0 0 0 0 0 0 0 0 0 0 0 0 0 0 0 0 0 0 0 0 0 0 0 0 0 0 0 0 0 0 0 2 0 16 0 3 0 11 0 18 0 45 0 52 0 96 0 108 0 109 0 106 0 145 0 243 0 347 0 416 0 399 0 409 0 432 0 406 0 273 0 180 0 88 0 
SAlphaB:
0 0 0 0 0 0 0 0 0 0 0 0 0 0 0 0 0 0 0 0 0 0 0 0 0 0 0 0 0 0 0 0 0 0 0 0 0 0 2 0 16 0 3 0 11 0 18 0 45 0 52 0 96 0 108 0 109 0 106 0 145 0 243 0 347 0 416 0 399 0 409 0 432 0 406 0 273 0 180 0 88 0 
