0 12 84 24 -10 1 7 14

0 60 78 87 -1 17 19 41

0 76 78 71 -9 4 28 26

0 35 43 12 -18 3 10 5

0 39 83 93 -11 25 44 11

0 63 65 47 -9 15 29 9

0 13 96 8 -5 5 14 19

0 52 65 5 -10 11 31 10

0 64 78 90 -11 0 1 15

0 43 71 55 -8 5 10 37

0 50 95 32 -2 6 33 5

0 61 85 66 -13 12 19 39

0 54 86 70 -2 17 27 32

0 6 54 24 -1 5 14 2

0 64 73 20 -4 8 25 47

0 81 94 34 -19 0 8 47

0 25 46 58 -1 25 48 21

0 65 85 43 -12 2 42 24

0 61 65 92 -2 16 37 46

0 86 92 98 -2 2 4 0

0 60 74 23 -12 19 44 9

0 10 77 58 -3 10 41 17

0 33 45 63 -1 36 48 16

0 31 43 5 -14 10 26 5

0 76 99 31 -13 4 9 36

0 31 46 84 -13 1 5 29

0 78 82 8 -15 24 38 24

0 37 65 72 -6 3 7 38

0 45 53 55 -1 3 5 38

0 34 87 43 -17 28 44 12

0 5 48 82 -20 6 7 17

0 11 17 31 -3 15 18 5

0 16 21 91 -5 5 9 17

0 5 41 60 -19 5 9 28

0 39 66 82 -3 5 7 38

0 51 60 1 -20 21 45 2

0 23 73 96 -12 4 27 18

0 37 79 92 -5 15 38 21

0 35 75 12 -2 3 37 45

0 50 81 13 -2 15 27 32

0 30 37 69 -15 15 44 20

0 22 39 74 -2 9 21 19

0 12 85 38 -17 0 15 36

0 1 48 17 -18 7 31 30

0 19 51 55 -17 9 17 23

0 23 99 88 -4 5 27 46

0 61 92 76 -16 34 46 24

0 68 76 77 -2 9 10 15

0 18 38 58 -9 31 40 41

0 54 62 30 -2 22 35 17

0 62 90 9 -8 27 41 9

0 1 28 20 -10 5 26 17

0 7 96 68 -20 4 10 42

0 0 53 34 -10 34 35 20

0 22 27 33 -16 4 35 25

0 1 23 56 -10 36 38 14

0 10 75 99 -8 13 39 42

0 25 42 23 -3 7 35 1

0 30 92 42 -17 30 47 30

0 11 61 79 -17 0 34 25

0 78 87 95 -5 3 16 45

0 7 77 45 -10 2 28 20

0 8 81 93 -18 27 28 9

0 9 30 16 -15 1 31 29

0 10 37 89 -3 15 16 37

0 26 41 90 -10 18 40 46

0 24 26 46 -19 21 48 22

0 0 48 75 -2 5 36 13

0 2 98 1 -16 2 46 0

0 34 60 51 -16 8 49 19

0 2 11 87 -8 13 14 0

0 10 41 30 -14 22 37 44

0 27 31 29 -16 3 45 22

0 0 79 6 -19 2 29 9

0 13 15 50 -19 17 27 19

0 29 59 20 -8 23 30 30

0 6 33 90 -9 4 5 40

0 1 3 45 -11 47 48 24

0 21 27 40 -18 24 29 14

0 1 2 11 -10 9 14 8

0 2 14 87 -16 17 27 27

0 0 1 96 -12 7 19 15

0 3 4 85 -19 5 6 41

0 64 95 59 -1 42 44 41

0 21 26 54 -14 5 30 33

0 17 24 52 -9 9 20 33

0 3 24 35 -3 12 16 35

0 8 31 79 -8 16 43 9

0 2 8 82 -17 6 16 34

0 24 29 23 -8 0 9 41

0 2 3 18 -7 14 20 14

0 3 13 22 -8 1 15 27

0 1 10 34 -11 40 41 1

0 0 7 33 -3 38 44 3

0 3 16 44 -2 0 24 22

0 0 1 36 -8 3 29 17

0 5 8 33 -11 0 1 41

0 5 15 36 -20 26 46 21

0 1 30 39 -8 26 49 32

0 2 4 7 -1 13 29 30


SAlphaB: 719.0, std-dev 262.85797995545545

Earliest win: 37
Latest win: 81

WinDepth:
0 0 0 0 0 0 0 0 0 0 0 0 0 0 0 0 0 0 0 0 0 0 0 0 0 0 0 0 0 0 0 0 0 0 0 0 0 4 0 8 1 6 1 14 20 9 10 20 25 63 72 188 114 120 78 211 135 183 127 184 152 255 210 332 350 350 412 381 454 389 427 407 453 410 385 388 270 239 200 135 106 78 
SAlphaB:
0 0 0 0 0 0 0 0 0 0 0 0 0 0 0 0 0 0 0 0 0 0 0 0 0 0 0 0 0 0 0 0 0 0 0 0 0 4 0 8 1 6 1 14 20 9 10 20 25 63 72 188 114 120 78 211 135 183 127 184 152 255 210 332 350 350 412 381 454 389 427 407 453 410 385 388 270 239 200 135 106 78 

LossDepth:
SAlphaB:
0 0 0 0 0 0 0 0 0 0 0 0 0 0 0 0 0 0 0 0 0 0 0 0 0 0 0 0 0 0 0 0 0 0 0 0 0 4 0 8 1 6 1 14 20 9 10 20 25 63 72 188 114 120 78 211 135 183 127 184 152 255 210 332 350 350 412 381 454 389 427 407 453 410 385 388 270 239 200 135 106 78 

FirstWin:
0 0 0 0 0 0 0 0 0 0 0 0 0 0 0 0 0 0 0 0 0 0 0 0 0 0 0 0 0 0 0 0 0 0 0 0 0 4 0 8 0 6 0 14 0 9 0 20 0 63 0 188 0 120 0 211 0 183 0 184 0 255 0 332 0 350 0 381 0 389 0 407 0 410 0 388 0 239 0 135 0 78 
SAlphaB:
0 0 0 0 0 0 0 0 0 0 0 0 0 0 0 0 0 0 0 0 0 0 0 0 0 0 0 0 0 0 0 0 0 0 0 0 0 4 0 8 0 6 0 14 0 9 0 20 0 63 0 188 0 120 0 211 0 183 0 184 0 255 0 332 0 350 0 381 0 389 0 407 0 410 0 388 0 239 0 135 0 78 

SecondWin:
0 0 0 0 0 0 0 0 0 0 0 0 0 0 0 0 0 0 0 0 0 0 0 0 0 0 0 0 0 0 0 0 0 0 0 0 0 0 0 0 1 0 1 0 20 0 10 0 25 0 72 0 114 0 78 0 135 0 127 0 152 0 210 0 350 0 412 0 454 0 427 0 453 0 385 0 270 0 200 0 106 0 
SAlphaB:
0 0 0 0 0 0 0 0 0 0 0 0 0 0 0 0 0 0 0 0 0 0 0 0 0 0 0 0 0 0 0 0 0 0 0 0 0 0 0 0 1 0 1 0 20 0 10 0 25 0 72 0 114 0 78 0 135 0 127 0 152 0 210 0 350 0 412 0 454 0 427 0 453 0 385 0 270 0 200 0 106 0 
