0 62 78 72 -1 5 18 5

0 40 74 30 -20 3 4 15

0 6 91 63 -16 14 39 20

0 79 82 53 -6 5 35 3

0 4 59 88 -3 17 37 9

0 30 55 25 -2 2 14 21

0 5 24 80 -16 20 25 21

0 89 90 58 -14 8 39 5

0 54 92 25 -11 15 28 15

0 71 82 91 -18 14 25 23

0 84 98 29 -17 6 38 2

0 44 64 14 -8 7 22 24

0 26 79 76 -2 16 28 12

0 13 63 83 -9 27 47 23

0 11 37 26 -16 9 26 26

0 41 62 75 -17 1 24 33

0 60 61 28 -19 8 28 20

0 60 99 15 -5 8 22 24

0 19 27 62 -11 1 5 17

0 42 68 31 -14 9 14 27

0 48 89 5 -5 12 46 20

0 55 61 74 -4 3 20 38

0 40 51 41 -12 16 43 3

0 13 22 97 -7 5 6 16

0 20 34 92 -6 33 40 32

0 16 41 14 -4 6 8 6

0 45 50 14 -3 6 7 16

0 61 71 26 -2 15 23 33

0 12 53 14 -13 12 40 32

0 56 93 45 -16 12 14 24

0 1 61 78 -12 9 15 28

0 31 62 13 -12 16 44 18

0 2 31 41 -18 2 3 11

0 29 44 89 -13 1 26 5

0 28 65 26 -17 12 20 35

0 30 33 36 -2 13 40 28

0 75 84 9 -15 0 31 3

0 4 91 18 -10 3 4 37

0 19 74 8 -1 4 16 31

0 30 94 65 -1 23 46 35

0 67 68 93 -14 1 5 49

0 9 63 68 -13 4 6 43

0 2 39 42 -1 9 13 23

0 72 75 10 -18 38 48 38

0 19 47 97 -4 37 47 2

0 26 33 4 -13 3 4 16

0 55 57 35 -15 13 24 21

0 26 45 74 -7 14 49 39

0 2 17 18 -9 2 18 9

0 0 59 11 -3 11 13 19

0 6 16 75 -12 1 7 5

0 20 44 18 -20 42 43 6

0 0 26 17 -4 20 23 25

0 23 63 71 -14 23 28 13

0 25 31 88 -11 0 41 26

0 20 88 26 -9 26 43 33

0 9 23 12 -3 0 2 25

0 18 19 89 -16 27 42 27

0 0 1 65 -20 9 20 11

0 1 4 41 -2 5 9 7

0 54 77 68 -16 28 49 17

0 8 66 63 -15 2 37 48

0 3 63 54 -6 19 30 42

0 7 9 93 -8 3 4 4

0 22 23 99 -7 5 9 47

0 17 95 13 -11 36 38 16

0 0 2 62 -17 27 36 29

0 57 73 7 -18 21 28 45

0 68 75 68 -13 37 40 26

0 16 24 44 -5 16 20 0

0 51 74 62 -20 25 31 37

0 16 30 46 -20 33 39 16

0 22 24 82 -18 13 25 48

0 11 64 79 -1 7 11 22

0 6 10 24 -1 28 46 32

0 11 22 96 -10 2 20 10

0 4 8 58 -16 3 24 28

0 13 16 14 -17 6 26 35

0 2 4 56 -6 0 7 5

0 9 29 66 -8 29 33 36

0 11 34 9 -1 12 28 37

0 24 29 15 -5 7 10 48

0 31 38 14 -1 39 44 29

0 7 24 73 -5 21 36 0

0 3 11 87 -19 5 17 35

0 6 33 33 -9 0 44 43

0 0 1 22 -4 3 32 32

0 12 28 22 -14 0 44 35

0 5 7 1 -18 18 19 15

0 2 41 46 -2 18 22 34

0 0 1 86 -2 30 44 31

0 11 17 11 -1 3 12 30

0 1 6 63 -11 7 27 30

0 3 4 12 -7 0 5 38

0 3 10 27 -3 8 11 31

0 8 10 25 -11 9 32 12

0 2 18 11 -6 30 45 7

0 13 14 3 -13 26 27 35

0 2 6 63 -16 16 20 3

0 1 4 98 -13 1 3 36


SAlphaB: 718.0, std-dev 274.7582045355442

Earliest win: 37
Latest win: 81

WinDepth:
0 0 0 0 0 0 0 0 0 0 0 0 0 0 0 0 0 0 0 0 0 0 0 0 0 0 0 0 0 0 0 0 0 0 0 0 0 2 0 3 12 2 1 19 16 22 20 28 25 69 46 188 78 136 103 193 120 168 142 187 161 216 224 336 281 387 409 389 455 405 479 458 417 389 364 357 243 282 166 165 93 80 
SAlphaB:
0 0 0 0 0 0 0 0 0 0 0 0 0 0 0 0 0 0 0 0 0 0 0 0 0 0 0 0 0 0 0 0 0 0 0 0 0 2 0 3 12 2 1 19 16 22 20 28 25 69 46 188 78 136 103 193 120 168 142 187 161 216 224 336 281 387 409 389 455 405 479 458 417 389 364 357 243 282 166 165 93 80 

LossDepth:
SAlphaB:
0 0 0 0 0 0 0 0 0 0 0 0 0 0 0 0 0 0 0 0 0 0 0 0 0 0 0 0 0 0 0 0 0 0 0 0 0 2 0 3 12 2 1 19 16 22 20 28 25 69 46 188 78 136 103 193 120 168 142 187 161 216 224 336 281 387 409 389 455 405 479 458 417 389 364 357 243 282 166 165 93 80 

FirstWin:
0 0 0 0 0 0 0 0 0 0 0 0 0 0 0 0 0 0 0 0 0 0 0 0 0 0 0 0 0 0 0 0 0 0 0 0 0 2 0 3 0 2 0 19 0 22 0 28 0 69 0 188 0 136 0 193 0 168 0 187 0 216 0 336 0 387 0 389 0 405 0 458 0 389 0 357 0 282 0 165 0 80 
SAlphaB:
0 0 0 0 0 0 0 0 0 0 0 0 0 0 0 0 0 0 0 0 0 0 0 0 0 0 0 0 0 0 0 0 0 0 0 0 0 2 0 3 0 2 0 19 0 22 0 28 0 69 0 188 0 136 0 193 0 168 0 187 0 216 0 336 0 387 0 389 0 405 0 458 0 389 0 357 0 282 0 165 0 80 

SecondWin:
0 0 0 0 0 0 0 0 0 0 0 0 0 0 0 0 0 0 0 0 0 0 0 0 0 0 0 0 0 0 0 0 0 0 0 0 0 0 0 0 12 0 1 0 16 0 20 0 25 0 46 0 78 0 103 0 120 0 142 0 161 0 224 0 281 0 409 0 455 0 479 0 417 0 364 0 243 0 166 0 93 0 
SAlphaB:
0 0 0 0 0 0 0 0 0 0 0 0 0 0 0 0 0 0 0 0 0 0 0 0 0 0 0 0 0 0 0 0 0 0 0 0 0 0 0 0 12 0 1 0 16 0 20 0 25 0 46 0 78 0 103 0 120 0 142 0 161 0 224 0 281 0 409 0 455 0 479 0 417 0 364 0 243 0 166 0 93 0 
