0 21 86 23 -9 3 5 5

0 18 93 60 -19 0 1 6

0 54 91 6 -6 7 17 7

0 23 70 66 -2 4 6 17

0 88 94 4 -4 9 32 41

0 44 81 21 -1 16 42 7

0 84 88 10 -9 9 23 20

0 36 99 65 -5 14 25 28

0 21 85 82 -13 5 11 38

0 23 83 15 -17 31 47 17

0 55 75 74 -8 0 26 18

0 10 73 32 -10 7 14 2

0 66 97 19 -3 9 19 19

0 39 66 90 -20 1 3 36

0 70 72 30 -20 4 43 39

0 44 82 25 -9 0 12 23

0 45 79 67 -4 32 49 13

0 22 69 97 -16 24 32 29

0 20 65 62 -10 45 48 44

0 39 75 3 -1 12 31 31

0 64 92 92 -10 8 16 40

0 62 75 85 -12 0 12 26

0 16 20 95 -4 14 23 29

0 24 36 42 -1 20 35 12

0 29 70 39 -13 7 8 1

0 56 76 86 -15 12 13 46

0 35 37 98 -8 4 13 26

0 17 34 73 -13 20 32 10

0 57 89 78 -2 6 7 15

0 10 61 67 -17 7 23 15

0 24 72 6 -6 8 24 2

0 25 62 21 -8 12 38 32

0 18 35 1 -12 0 7 47

0 16 50 99 -7 31 41 5

0 30 63 59 -19 27 33 8

0 69 80 91 -5 20 32 35

0 33 59 16 -19 3 30 19

0 50 71 3 -5 11 46 42

0 10 44 4 -14 4 17 6

0 37 88 34 -18 17 19 0

0 7 53 9 -12 16 35 8

0 51 58 63 -6 6 15 32

0 47 49 5 -16 16 41 18

0 53 85 25 -20 8 47 20

0 52 64 23 -2 10 45 44

0 10 30 41 -3 37 38 14

0 50 51 74 -10 18 37 17

0 23 70 67 -17 3 45 16

0 23 24 76 -7 40 42 5

0 36 91 22 -15 24 38 12

0 5 93 80 -5 6 31 22

0 47 48 81 -19 10 20 40

0 26 70 72 -2 13 22 49

0 14 75 44 -16 5 38 48

0 31 96 35 -5 0 2 48

0 7 46 92 -4 23 44 17

0 10 14 84 -20 10 15 27

0 64 77 0 -20 17 41 11

0 3 80 33 -12 7 17 40

0 44 84 0 -3 34 48 8

0 4 21 51 -20 14 20 26

0 7 38 49 -13 11 33 12

0 16 42 88 -19 7 8 28

0 15 31 44 -12 14 34 43

0 13 40 26 -1 29 34 18

0 32 59 29 -2 1 2 43

0 10 19 25 -13 20 37 2

0 16 34 91 -19 29 47 41

0 12 44 67 -10 15 33 6

0 1 2 37 -3 3 6 16

0 29 40 63 -15 18 38 47

0 14 75 23 -7 21 36 27

0 38 50 43 -18 0 36 46

0 30 91 41 -2 37 43 37

0 0 73 9 -19 15 49 22

0 0 1 63 -2 12 18 3

0 1 2 84 -18 20 21 30

0 27 87 76 -17 31 38 2

0 7 52 67 -10 9 16 40

0 54 70 31 -3 26 47 44

0 9 21 25 -19 2 8 31

0 45 51 52 -12 28 30 44

0 11 16 78 -5 0 2 28

0 11 45 39 -2 13 14 31

0 24 33 33 -19 16 18 3

0 5 19 35 -10 14 47 36

0 2 38 2 -13 1 38 22

0 0 11 18 -13 27 49 48

0 11 19 86 -4 6 20 43

0 9 52 41 -10 30 49 3

0 1 11 98 -17 3 35 37

0 1 8 32 -5 0 19 11

0 2 7 40 -1 27 42 4

0 14 21 3 -10 8 18 44

0 2 3 94 -17 21 23 9

0 10 12 72 -17 34 38 2

0 0 2 49 -11 5 6 48

0 8 11 35 -13 2 10 43

0 14 20 79 -4 1 33 34

0 0 1 43 -4 8 38 39


SAlphaB: 703.0, std-dev 264.06751747967564

Earliest win: 37
Latest win: 81

WinDepth:
0 0 0 0 0 0 0 0 0 0 0 0 0 0 0 0 0 0 0 0 0 0 0 0 0 0 0 0 0 0 0 0 0 0 0 0 0 6 1 4 0 10 5 14 26 11 26 61 37 80 91 187 121 119 83 185 106 186 126 188 149 195 290 306 305 353 409 367 472 408 485 506 392 407 371 336 291 248 162 149 96 78 
SAlphaB:
0 0 0 0 0 0 0 0 0 0 0 0 0 0 0 0 0 0 0 0 0 0 0 0 0 0 0 0 0 0 0 0 0 0 0 0 0 6 1 4 0 10 5 14 26 11 26 61 37 80 91 187 121 119 83 185 106 186 126 188 149 195 290 306 305 353 409 367 472 408 485 506 392 407 371 336 291 248 162 149 96 78 

LossDepth:
SAlphaB:
0 0 0 0 0 0 0 0 0 0 0 0 0 0 0 0 0 0 0 0 0 0 0 0 0 0 0 0 0 0 0 0 0 0 0 0 0 6 1 4 0 10 5 14 26 11 26 61 37 80 91 187 121 119 83 185 106 186 126 188 149 195 290 306 305 353 409 367 472 408 485 506 392 407 371 336 291 248 162 149 96 78 

FirstWin:
0 0 0 0 0 0 0 0 0 0 0 0 0 0 0 0 0 0 0 0 0 0 0 0 0 0 0 0 0 0 0 0 0 0 0 0 0 6 0 4 0 10 0 14 0 11 0 61 0 80 0 187 0 119 0 185 0 186 0 188 0 195 0 306 0 353 0 367 0 408 0 506 0 407 0 336 0 248 0 149 0 78 
SAlphaB:
0 0 0 0 0 0 0 0 0 0 0 0 0 0 0 0 0 0 0 0 0 0 0 0 0 0 0 0 0 0 0 0 0 0 0 0 0 6 0 4 0 10 0 14 0 11 0 61 0 80 0 187 0 119 0 185 0 186 0 188 0 195 0 306 0 353 0 367 0 408 0 506 0 407 0 336 0 248 0 149 0 78 

SecondWin:
0 0 0 0 0 0 0 0 0 0 0 0 0 0 0 0 0 0 0 0 0 0 0 0 0 0 0 0 0 0 0 0 0 0 0 0 0 0 1 0 0 0 5 0 26 0 26 0 37 0 91 0 121 0 83 0 106 0 126 0 149 0 290 0 305 0 409 0 472 0 485 0 392 0 371 0 291 0 162 0 96 0 
SAlphaB:
0 0 0 0 0 0 0 0 0 0 0 0 0 0 0 0 0 0 0 0 0 0 0 0 0 0 0 0 0 0 0 0 0 0 0 0 0 0 1 0 0 0 5 0 26 0 26 0 37 0 91 0 121 0 83 0 106 0 126 0 149 0 290 0 305 0 409 0 472 0 485 0 392 0 371 0 291 0 162 0 96 0 
