0 12 43 82 -13 0 4 16

0 73 80 67 -16 3 11 19

0 37 82 15 -8 6 27 41

0 43 88 39 -14 3 35 36

0 16 83 69 -11 0 2 8

0 44 78 65 -18 3 29 29

0 59 72 97 -17 5 21 38

0 29 77 69 -15 2 15 10

0 14 66 55 -15 0 5 18

0 65 70 27 -11 5 21 18

0 32 49 30 -12 2 5 12

0 40 44 83 -2 2 10 1

0 59 62 20 -12 6 23 8

0 63 67 95 -2 2 5 7

0 72 90 14 -5 0 16 24

0 76 88 51 -18 8 35 1

0 34 98 20 -4 10 29 47

0 63 67 19 -11 5 14 39

0 53 94 27 -7 18 36 21

0 33 51 21 -15 0 6 40

0 11 32 28 -3 13 17 8

0 8 39 6 -7 2 4 10

0 3 52 18 -4 8 22 5

0 28 40 97 -12 3 6 36

0 78 89 36 -9 17 31 19

0 74 78 49 -8 5 24 38

0 31 49 44 -6 27 39 6

0 8 75 39 -4 18 34 24

0 3 94 14 -17 0 35 24

0 39 88 48 -3 27 29 43

0 27 54 9 -3 39 49 12

0 58 79 14 -17 12 32 9

0 40 42 80 -13 12 19 8

0 79 94 25 -10 31 39 32

0 2 8 63 -11 32 35 30

0 2 63 82 -7 5 19 5

0 54 91 33 -15 20 48 17

0 7 94 34 -17 0 27 4

0 44 64 88 -12 26 30 4

0 1 11 91 -7 4 6 3

0 13 30 44 -19 4 8 8

0 23 66 78 -12 19 34 39

0 22 46 63 -17 10 14 29

0 6 36 54 -17 40 44 36

0 19 23 35 -19 38 39 28

0 18 31 79 -18 2 11 29

0 6 25 26 -2 25 46 6

0 1 54 52 -3 3 9 44

0 5 23 88 -19 7 20 36

0 28 68 10 -7 18 47 38

0 18 37 44 -18 14 33 39

0 18 37 23 -15 5 47 41

0 9 23 93 -14 15 46 18

0 6 33 72 -9 26 39 28

0 8 61 58 -18 2 9 15

0 7 44 58 -10 1 20 7

0 12 62 40 -5 16 20 3

0 10 11 95 -5 20 31 15

0 20 21 83 -20 39 48 22

0 52 74 16 -12 41 48 2

0 23 25 15 -14 29 37 40

0 25 82 88 -7 22 27 4

0 29 59 82 -20 20 49 0

0 7 13 27 -11 9 15 5

0 1 15 10 -12 42 47 46

0 12 15 31 -4 33 39 20

0 19 71 35 -17 11 35 43

0 6 17 49 -1 1 4 17

0 19 66 62 -2 0 18 44

0 5 83 77 -20 23 45 44

0 5 10 69 -16 3 25 43

0 42 88 66 -3 31 45 47

0 15 23 24 -12 27 37 9

0 12 16 12 -11 5 39 40

0 19 48 2 -1 16 28 33

0 8 21 48 -20 8 9 26

0 11 22 74 -5 16 38 31

0 1 13 34 -14 38 45 14

0 15 21 48 -4 3 37 23

0 2 13 48 -6 16 49 6

0 10 34 20 -8 3 34 24

0 40 78 73 -15 35 49 7

0 11 16 97 -11 6 24 41

0 10 11 24 -5 19 24 11

0 9 13 2 -5 25 26 12

0 61 71 81 -20 27 37 13

0 1 7 49 -10 23 38 20

0 21 23 11 -17 27 48 12

0 3 18 38 -1 37 48 34

0 14 23 94 -11 2 43 33

0 26 31 3 -20 15 21 43

0 0 3 80 -18 2 3 40

0 34 36 30 -4 4 6 39

0 2 42 11 -1 8 37 35

0 5 7 9 -15 2 34 6

0 0 11 75 -18 3 12 49

0 8 10 11 -10 0 3 33

0 2 8 11 -11 0 11 14

0 0 15 72 -3 1 17 31

0 6 7 55 -1 1 36 24


SAlphaB: 734.0, std-dev 269.81499844122527

Earliest win: 37
Latest win: 81

WinDepth:
0 0 0 0 0 0 0 0 0 0 0 0 0 0 0 0 0 0 0 0 0 0 0 0 0 0 0 0 0 0 0 0 0 0 0 0 0 1 1 2 2 2 1 43 8 20 15 37 27 53 123 208 135 102 106 170 93 191 131 141 170 208 219 295 366 360 401 361 459 407 461 394 470 387 431 381 283 237 140 135 103 107 
SAlphaB:
0 0 0 0 0 0 0 0 0 0 0 0 0 0 0 0 0 0 0 0 0 0 0 0 0 0 0 0 0 0 0 0 0 0 0 0 0 1 1 2 2 2 1 43 8 20 15 37 27 53 123 208 135 102 106 170 93 191 131 141 170 208 219 295 366 360 401 361 459 407 461 394 470 387 431 381 283 237 140 135 103 107 

LossDepth:
SAlphaB:
0 0 0 0 0 0 0 0 0 0 0 0 0 0 0 0 0 0 0 0 0 0 0 0 0 0 0 0 0 0 0 0 0 0 0 0 0 1 1 2 2 2 1 43 8 20 15 37 27 53 123 208 135 102 106 170 93 191 131 141 170 208 219 295 366 360 401 361 459 407 461 394 470 387 431 381 283 237 140 135 103 107 

FirstWin:
0 0 0 0 0 0 0 0 0 0 0 0 0 0 0 0 0 0 0 0 0 0 0 0 0 0 0 0 0 0 0 0 0 0 0 0 0 1 0 2 0 2 0 43 0 20 0 37 0 53 0 208 0 102 0 170 0 191 0 141 0 208 0 295 0 360 0 361 0 407 0 394 0 387 0 381 0 237 0 135 0 107 
SAlphaB:
0 0 0 0 0 0 0 0 0 0 0 0 0 0 0 0 0 0 0 0 0 0 0 0 0 0 0 0 0 0 0 0 0 0 0 0 0 1 0 2 0 2 0 43 0 20 0 37 0 53 0 208 0 102 0 170 0 191 0 141 0 208 0 295 0 360 0 361 0 407 0 394 0 387 0 381 0 237 0 135 0 107 

SecondWin:
0 0 0 0 0 0 0 0 0 0 0 0 0 0 0 0 0 0 0 0 0 0 0 0 0 0 0 0 0 0 0 0 0 0 0 0 0 0 1 0 2 0 1 0 8 0 15 0 27 0 123 0 135 0 106 0 93 0 131 0 170 0 219 0 366 0 401 0 459 0 461 0 470 0 431 0 283 0 140 0 103 0 
SAlphaB:
0 0 0 0 0 0 0 0 0 0 0 0 0 0 0 0 0 0 0 0 0 0 0 0 0 0 0 0 0 0 0 0 0 0 0 0 0 0 1 0 2 0 1 0 8 0 15 0 27 0 123 0 135 0 106 0 93 0 131 0 170 0 219 0 366 0 401 0 459 0 461 0 470 0 431 0 283 0 140 0 103 0 
