0 68 99 51 -18 12 27 15

0 61 70 65 -6 5 11 29

0 56 93 91 -7 15 39 12

0 25 59 24 -8 0 1 9

0 3 23 50 -5 8 12 3

0 44 97 11 -9 4 8 5

0 25 27 66 -6 1 6 20

0 31 34 16 -14 27 28 10

0 22 56 49 -5 0 12 9

0 12 38 85 -3 0 14 26

0 79 82 51 -4 7 17 11

0 11 97 57 -10 4 8 20

0 46 56 48 -12 4 8 1

0 52 99 89 -20 10 38 25

0 39 84 23 -5 13 15 46

0 89 94 78 -17 1 16 4

0 22 31 24 -6 1 11 6

0 31 61 87 -6 4 25 31

0 22 71 83 -9 27 35 28

0 52 82 86 -6 40 49 32

0 61 63 6 -2 4 14 11

0 1 10 83 -4 0 3 5

0 36 84 41 -6 1 2 0

0 13 66 91 -5 27 34 7

0 4 19 47 -10 1 3 25

0 36 91 21 -9 2 4 37

0 42 45 13 -20 7 16 25

0 83 93 80 -3 18 21 36

0 11 27 46 -13 23 45 20

0 6 23 73 -7 5 19 18

0 32 37 77 -20 3 27 17

0 15 51 53 -12 25 32 27

0 55 87 7 -18 22 26 47

0 31 86 25 -15 26 27 36

0 34 45 95 -17 24 42 29

0 58 85 67 -19 19 22 8

0 38 67 54 -12 25 26 30

0 6 15 29 -12 17 33 21

0 15 33 79 -13 21 48 34

0 27 41 53 -12 20 45 45

0 32 92 20 -20 10 21 46

0 9 61 19 -18 9 13 7

0 36 57 28 -14 15 27 1

0 24 32 51 -18 2 17 13

0 5 68 23 -16 19 35 30

0 62 86 55 -10 42 47 5

0 5 9 31 -1 8 10 4

0 21 67 49 -19 15 21 42

0 31 89 30 -6 21 27 18

0 67 70 59 -20 0 3 10

0 18 44 61 -8 4 32 22

0 12 55 7 -11 7 19 36

0 3 70 72 -1 7 9 37

0 33 43 74 -15 22 43 35

0 26 38 15 -14 11 12 16

0 4 33 23 -14 29 39 32

0 18 25 15 -1 15 16 4

0 41 57 89 -11 20 40 48

0 21 38 30 -2 20 24 5

0 8 18 52 -10 13 38 7

0 9 50 70 -14 29 44 10

0 35 37 59 -14 10 18 22

0 10 29 42 -9 16 38 43

0 24 35 98 -9 3 4 44

0 48 60 74 -1 3 4 26

0 14 30 25 -13 9 25 2

0 20 49 10 -3 2 11 35

0 36 61 77 -2 17 25 45

0 6 23 39 -7 21 41 15

0 31 39 9 -4 7 23 48

0 6 32 93 -13 2 3 28

0 0 23 86 -14 24 28 18

0 19 21 76 -12 0 26 36

0 6 49 19 -19 1 16 15

0 1 30 54 -8 8 32 26

0 10 73 39 -3 23 37 42

0 1 18 67 -17 9 46 46

0 2 4 34 -20 13 26 21

0 32 58 17 -13 11 46 41

0 30 50 89 -2 1 10 48

0 3 35 84 -12 10 36 27

0 3 11 86 -19 29 48 5

0 22 26 19 -14 14 17 0

0 9 81 7 -13 39 45 33

0 10 68 1 -14 16 18 1

0 4 15 73 -20 2 11 12

0 3 9 42 -9 19 21 30

0 17 47 56 -17 22 27 46

0 2 14 2 -11 29 37 20

0 7 12 97 -5 16 24 49

0 3 6 63 -18 13 22 1

0 0 1 66 -14 0 8 37

0 10 13 32 -20 7 9 14

0 2 10 65 -3 4 42 29

0 3 8 79 -15 1 33 49

0 29 64 58 -2 38 41 0

0 10 13 93 -2 5 43 20

0 7 13 81 -7 11 14 45

0 3 20 81 -13 4 24 49

0 9 16 54 -1 21 38 48


SAlphaB: 708.0, std-dev 265.4746044465659

Earliest win: 37
Latest win: 81

WinDepth:
0 0 0 0 0 0 0 0 0 0 0 0 0 0 0 0 0 0 0 0 0 0 0 0 0 0 0 0 0 0 0 0 0 0 0 0 0 4 0 1 19 4 0 12 3 15 15 31 28 64 122 185 37 87 91 195 130 154 129 161 152 204 222 307 276 351 429 365 461 398 464 486 478 446 432 363 264 207 188 142 90 72 
SAlphaB:
0 0 0 0 0 0 0 0 0 0 0 0 0 0 0 0 0 0 0 0 0 0 0 0 0 0 0 0 0 0 0 0 0 0 0 0 0 4 0 1 19 4 0 12 3 15 15 31 28 64 122 185 37 87 91 195 130 154 129 161 152 204 222 307 276 351 429 365 461 398 464 486 478 446 432 363 264 207 188 142 90 72 

LossDepth:
SAlphaB:
0 0 0 0 0 0 0 0 0 0 0 0 0 0 0 0 0 0 0 0 0 0 0 0 0 0 0 0 0 0 0 0 0 0 0 0 0 4 0 1 19 4 0 12 3 15 15 31 28 64 122 185 37 87 91 195 130 154 129 161 152 204 222 307 276 351 429 365 461 398 464 486 478 446 432 363 264 207 188 142 90 72 

FirstWin:
0 0 0 0 0 0 0 0 0 0 0 0 0 0 0 0 0 0 0 0 0 0 0 0 0 0 0 0 0 0 0 0 0 0 0 0 0 4 0 1 0 4 0 12 0 15 0 31 0 64 0 185 0 87 0 195 0 154 0 161 0 204 0 307 0 351 0 365 0 398 0 486 0 446 0 363 0 207 0 142 0 72 
SAlphaB:
0 0 0 0 0 0 0 0 0 0 0 0 0 0 0 0 0 0 0 0 0 0 0 0 0 0 0 0 0 0 0 0 0 0 0 0 0 4 0 1 0 4 0 12 0 15 0 31 0 64 0 185 0 87 0 195 0 154 0 161 0 204 0 307 0 351 0 365 0 398 0 486 0 446 0 363 0 207 0 142 0 72 

SecondWin:
0 0 0 0 0 0 0 0 0 0 0 0 0 0 0 0 0 0 0 0 0 0 0 0 0 0 0 0 0 0 0 0 0 0 0 0 0 0 0 0 19 0 0 0 3 0 15 0 28 0 122 0 37 0 91 0 130 0 129 0 152 0 222 0 276 0 429 0 461 0 464 0 478 0 432 0 264 0 188 0 90 0 
SAlphaB:
0 0 0 0 0 0 0 0 0 0 0 0 0 0 0 0 0 0 0 0 0 0 0 0 0 0 0 0 0 0 0 0 0 0 0 0 0 0 0 0 19 0 0 0 3 0 15 0 28 0 122 0 37 0 91 0 130 0 129 0 152 0 222 0 276 0 429 0 461 0 464 0 478 0 432 0 264 0 188 0 90 0 
