0 58 81 89 -8 2 18 21

0 61 73 92 -6 13 40 18

0 32 70 88 -16 3 9 8

0 43 67 39 -8 3 14 12

0 47 90 12 -6 7 22 28

0 45 90 45 -12 0 8 16

0 40 80 32 -1 5 21 5

0 23 64 53 -13 5 19 17

0 41 81 43 -10 2 22 18

0 43 56 19 -5 3 9 10

0 56 82 19 -4 4 40 33

0 39 94 41 -3 1 31 21

0 57 80 81 -16 9 18 2

0 59 65 39 -3 12 41 17

0 81 87 45 -8 10 16 12

0 34 42 32 -4 4 10 0

0 33 52 15 -7 3 14 5

0 13 31 30 -13 0 1 17

0 27 82 51 -14 4 12 6

0 32 48 37 -13 0 3 9

0 27 90 30 -15 5 13 11

0 43 97 83 -11 9 30 13

0 24 90 7 -9 0 1 16

0 40 50 26 -16 1 10 17

0 61 92 34 -15 2 13 11

0 69 81 32 -14 5 21 4

0 81 85 25 -14 14 33 24

0 74 78 93 -16 2 32 36

0 69 81 22 -14 1 3 45

0 44 93 31 -8 1 5 28

0 39 66 36 -14 2 16 0

0 31 37 46 -18 0 3 20

0 32 40 21 -3 5 12 12

0 40 85 3 -12 4 5 6

0 38 93 12 -11 0 2 1

0 78 96 59 -6 10 42 25

0 67 94 59 -7 9 14 32

0 39 88 53 -12 4 31 16

0 14 86 7 -18 0 4 11

0 19 52 32 -4 2 5 11

0 65 90 73 -20 3 16 22

0 80 99 56 -9 9 13 18

0 54 88 68 -13 2 5 12

0 45 66 40 -12 6 24 41

0 35 43 12 -12 8 29 23

0 48 91 9 -14 14 26 26

0 72 88 28 -8 11 47 22

0 71 88 94 -4 4 15 4

0 70 90 75 -12 11 15 3

0 63 67 16 -11 3 8 32

0 69 72 6 -12 1 15 11

0 65 93 41 -16 9 36 11

0 76 94 81 -7 4 17 20

0 14 90 34 -13 0 3 23

0 19 31 80 -10 4 12 30

0 43 81 54 -3 4 26 2

0 52 79 88 -13 2 8 11

0 77 78 59 -17 8 26 20

0 92 99 26 -1 18 36 13

0 45 94 55 -7 15 24 1

0 50 78 96 -13 2 16 39

0 19 73 65 -16 1 4 0

0 57 90 88 -15 7 12 12

0 81 87 75 -18 9 38 17

0 43 96 27 -19 9 23 40

0 81 96 58 -12 3 20 12

0 23 86 59 -15 10 17 38

0 24 73 91 -19 7 20 24

0 74 83 69 -5 15 39 18

0 54 77 72 -5 0 1 9

0 19 55 70 -8 0 11 6

0 84 99 66 -9 12 13 2

0 9 16 31 -3 0 3 7

0 12 45 70 -11 2 16 5

0 38 41 65 -9 0 11 3

0 75 89 10 -9 10 19 12

0 53 87 77 -20 19 48 43

0 6 37 30 -3 1 5 10

0 29 67 77 -15 0 1 33

0 62 88 36 -9 21 45 0

0 78 95 24 -16 12 24 38

0 29 80 74 -3 13 27 37

0 12 48 64 -14 0 7 3

0 35 97 87 -14 12 34 6

0 55 59 51 -2 9 26 14

0 81 86 46 -7 2 4 18

0 5 26 37 -3 1 2 2

0 9 97 31 -17 11 40 7

0 51 61 9 -14 3 16 17

0 43 52 29 -13 13 41 29

0 90 97 46 -4 2 5 10

0 16 35 15 -7 3 5 18

0 64 75 30 -16 17 48 25

0 62 63 13 -7 3 15 29

0 7 64 43 -1 10 27 31

0 32 47 78 -4 36 41 7

0 25 78 75 -9 13 41 3

0 40 74 86 -1 18 47 29

0 19 47 79 -15 36 37 21

0 14 35 66 -3 3 20 2


SAlphaB: 748.0, std-dev 256.20958148840697

Earliest win: 31
Latest win: 81

WinDepth:
0 0 0 0 0 0 0 0 0 0 0 0 0 0 0 0 0 0 0 0 0 0 0 0 0 0 0 0 0 0 0 3 0 0 0 6 0 13 3 17 2 32 9 29 30 65 31 142 73 168 187 275 160 368 262 454 335 582 355 548 413 616 655 846 794 975 881 1048 943 1013 972 909 901 851 868 756 595 433 424 264 199 176 
SAlphaB:
0 0 0 0 0 0 0 0 0 0 0 0 0 0 0 0 0 0 0 0 0 0 0 0 0 0 0 0 0 0 0 3 0 0 0 6 0 13 3 17 2 32 9 29 30 65 31 142 73 168 187 275 160 368 262 454 335 582 355 548 413 616 655 846 794 975 881 1048 943 1013 972 909 901 851 868 756 595 433 424 264 199 176 

LossDepth:
SAlphaB:
0 0 0 0 0 0 0 0 0 0 0 0 0 0 0 0 0 0 0 0 0 0 0 0 0 0 0 0 0 0 0 3 0 0 0 3 0 12 0 18 2 24 4 21 19 44 17 50 59 79 123 111 105 215 179 230 210 361 235 351 292 422 417 618 571 759 661 765 681 840 736 751 639 690 643 613 465 452 318 271 214 178 

FirstWin:
0 0 0 0 0 0 0 0 0 0 0 0 0 0 0 0 0 0 0 0 0 0 0 0 0 0 0 0 0 0 0 3 0 0 0 6 0 13 0 17 0 32 0 29 0 65 0 142 0 168 0 275 0 368 0 454 0 582 0 548 0 616 0 846 0 975 0 1048 0 1013 0 909 0 851 0 756 0 433 0 264 0 176 
SAlphaB:
0 0 0 0 0 0 0 0 0 0 0 0 0 0 0 0 0 0 0 0 0 0 0 0 0 0 0 0 0 0 0 3 0 0 0 6 0 13 0 17 0 32 0 29 0 65 0 142 0 168 0 275 0 368 0 454 0 582 0 548 0 616 0 846 0 975 0 1048 0 1013 0 909 0 851 0 756 0 433 0 264 0 176 

SecondWin:
0 0 0 0 0 0 0 0 0 0 0 0 0 0 0 0 0 0 0 0 0 0 0 0 0 0 0 0 0 0 0 0 0 0 0 0 0 0 3 0 2 0 9 0 30 0 31 0 73 0 187 0 160 0 262 0 335 0 355 0 413 0 655 0 794 0 881 0 943 0 972 0 901 0 868 0 595 0 424 0 199 0 
SAlphaB:
0 0 0 0 0 0 0 0 0 0 0 0 0 0 0 0 0 0 0 0 0 0 0 0 0 0 0 0 0 0 0 0 0 0 0 0 0 0 3 0 2 0 9 0 30 0 31 0 73 0 187 0 160 0 262 0 335 0 355 0 413 0 655 0 794 0 881 0 943 0 972 0 901 0 868 0 595 0 424 0 199 0 
