0 32 70 88 -16 3 9 8

0 39 88 53 -12 4 31 16

0 41 81 43 -10 2 22 18

0 45 66 40 -12 6 24 41

0 53 87 77 -20 19 48 43

0 45 90 45 -12 0 8 16

0 14 86 7 -18 0 4 11

0 80 99 56 -9 9 13 18

0 24 73 91 -19 7 20 24

0 64 75 30 -16 17 48 25

0 42 81 47 -2 12 14 27

0 50 70 79 -3 3 12 6

0 28 37 20 -15 4 16 10

0 62 83 61 -1 1 3 14

0 12 55 96 -9 19 23 17

0 11 58 1 -2 3 6 14

0 33 94 83 -18 3 27 43

0 61 67 22 -3 3 8 25

0 9 77 96 -10 0 5 21

0 32 33 48 -20 1 2 8

0 48 54 41 -3 10 27 2

0 37 88 66 -8 12 18 27

0 18 75 33 -20 4 5 8

0 87 96 26 -4 0 13 19

0 2 88 45 -15 1 11 11

0 92 93 62 -16 5 10 9

0 0 21 32 -1 4 8 10

0 62 65 9 -18 2 41 11

0 22 95 94 -9 42 47 28

0 41 81 55 -7 11 15 42

0 18 49 44 -17 3 16 24

0 59 60 99 -14 1 31 45

0 56 92 41 -9 8 11 7

0 44 46 23 -1 0 2 4

0 6 86 16 -2 6 9 39

0 9 53 60 -10 9 27 24

0 23 89 58 -1 22 27 20

0 83 95 4 -7 29 30 8

0 34 57 4 -3 0 1 42

0 18 31 75 -11 0 20 19

0 38 63 78 -2 1 31 45

0 85 90 12 -4 0 22 33

0 21 90 58 -13 21 30 22

0 32 55 25 -19 17 18 44

0 11 18 86 -2 27 32 3

0 2 47 14 -2 8 17 34

0 46 56 70 -13 4 6 48

0 42 57 74 -5 1 9 46

0 12 73 11 -11 18 45 29

0 18 34 32 -5 13 19 3

0 7 37 59 -20 1 2 34

0 8 92 46 -8 26 37 39

0 32 76 76 -18 15 36 25

0 6 78 68 -10 18 23 6

0 19 31 43 -2 2 27 17

0 24 47 78 -17 18 25 4

0 29 52 63 -20 30 49 47

0 1 2 80 -8 23 38 24

0 2 3 73 -15 4 7 33

0 22 27 92 -7 13 30 49

0 12 47 88 -20 10 33 6

0 11 27 75 -16 15 30 9

0 5 46 38 -13 8 38 0

0 5 30 93 -10 8 18 45

0 17 23 50 -19 19 48 2

0 10 15 43 -1 1 15 18

0 10 42 3 -11 10 49 4

0 7 34 4 -7 2 14 42

0 78 85 64 -11 33 49 12

0 22 31 35 -4 15 18 24

0 14 89 34 -6 0 2 26

0 2 17 33 -14 3 19 16

0 27 88 21 -1 12 14 44

0 6 54 53 -17 27 34 45

0 10 61 0 -15 0 39 28

0 2 35 65 -2 26 49 0

0 20 25 39 -18 7 31 49

0 9 41 14 -13 5 6 29

0 0 1 74 -12 18 19 42

0 10 28 4 -14 9 27 20

0 42 81 34 -17 25 46 33

0 4 12 91 -13 35 45 31

0 9 23 70 -5 33 43 28

0 0 18 61 -13 5 23 1

0 2 3 69 -13 7 8 0

0 1 20 12 -8 35 46 46

0 0 26 9 -17 11 18 29

0 0 2 7 -7 42 47 47

0 3 6 76 -19 13 46 44

0 0 16 25 -13 5 42 36

0 7 13 98 -18 38 47 30

0 3 9 83 -5 4 26 35

0 10 13 22 -19 3 4 33

0 1 19 95 -2 3 28 22

0 0 2 40 -2 1 5 20

0 2 9 98 -10 30 34 22

0 12 18 8 -15 2 19 43

0 22 58 53 -7 7 33 36

0 0 3 9 -3 3 28 42

0 0 4 78 -2 3 21 42


SAlphaB: 743.0, std-dev 274.73562140113296

Earliest win: 35
Latest win: 81

WinDepth:
0 0 0 0 0 0 0 0 0 0 0 0 0 0 0 0 0 0 0 0 0 0 0 0 0 0 0 0 0 0 0 0 0 0 0 1 0 0 3 2 0 12 5 18 7 18 11 36 31 77 80 163 82 132 96 161 122 206 156 174 155 218 187 368 353 356 388 388 446 377 484 463 436 359 363 357 301 218 169 134 107 76 
SAlphaB:
0 0 0 0 0 0 0 0 0 0 0 0 0 0 0 0 0 0 0 0 0 0 0 0 0 0 0 0 0 0 0 0 0 0 0 1 0 0 3 2 0 12 5 18 7 18 11 36 31 77 80 163 82 132 96 161 122 206 156 174 155 218 187 368 353 356 388 388 446 377 484 463 436 359 363 357 301 218 169 134 107 76 

LossDepth:
SAlphaB:
0 0 0 0 0 0 0 0 0 0 0 0 0 0 0 0 0 0 0 0 0 0 0 0 0 0 0 0 0 0 0 0 0 0 0 1 0 0 3 2 0 12 5 18 7 18 11 36 31 77 80 163 82 132 96 161 122 206 156 174 155 218 187 368 353 356 388 388 446 377 484 463 436 359 363 357 301 218 169 134 107 76 

FirstWin:
0 0 0 0 0 0 0 0 0 0 0 0 0 0 0 0 0 0 0 0 0 0 0 0 0 0 0 0 0 0 0 0 0 0 0 1 0 0 0 2 0 12 0 18 0 18 0 36 0 77 0 163 0 132 0 161 0 206 0 174 0 218 0 368 0 356 0 388 0 377 0 463 0 359 0 357 0 218 0 134 0 76 
SAlphaB:
0 0 0 0 0 0 0 0 0 0 0 0 0 0 0 0 0 0 0 0 0 0 0 0 0 0 0 0 0 0 0 0 0 0 0 1 0 0 0 2 0 12 0 18 0 18 0 36 0 77 0 163 0 132 0 161 0 206 0 174 0 218 0 368 0 356 0 388 0 377 0 463 0 359 0 357 0 218 0 134 0 76 

SecondWin:
0 0 0 0 0 0 0 0 0 0 0 0 0 0 0 0 0 0 0 0 0 0 0 0 0 0 0 0 0 0 0 0 0 0 0 0 0 0 3 0 0 0 5 0 7 0 11 0 31 0 80 0 82 0 96 0 122 0 156 0 155 0 187 0 353 0 388 0 446 0 484 0 436 0 363 0 301 0 169 0 107 0 
SAlphaB:
0 0 0 0 0 0 0 0 0 0 0 0 0 0 0 0 0 0 0 0 0 0 0 0 0 0 0 0 0 0 0 0 0 0 0 0 0 0 3 0 0 0 5 0 7 0 11 0 31 0 80 0 82 0 96 0 122 0 156 0 155 0 187 0 353 0 388 0 446 0 484 0 436 0 363 0 301 0 169 0 107 0 
