0 43 81 54 -3 4 26 2

0 35 97 87 -14 12 34 6

0 69 81 32 -14 5 21 4

0 74 83 69 -5 15 39 18

0 61 92 34 -15 2 13 11

0 48 91 9 -14 14 26 26

0 69 72 6 -12 1 15 11

0 81 87 45 -8 10 16 12

0 62 63 13 -7 3 15 29

0 50 78 96 -13 2 16 39

0 61 77 66 -6 0 7 23

0 35 95 68 -1 1 12 36

0 40 67 47 -6 10 11 27

0 12 66 47 -12 3 21 15

0 63 78 48 -15 8 49 18

0 56 92 78 -2 25 38 44

0 52 67 33 -19 1 19 46

0 35 46 92 -18 30 45 24

0 32 49 69 -5 19 34 15

0 57 63 35 -3 12 19 42

0 75 97 64 -3 13 15 37

0 94 95 11 -6 7 20 44

0 39 92 32 -18 8 10 42

0 25 64 58 -12 7 8 36

0 23 51 48 -15 0 1 40

0 87 98 14 -20 5 49 20

0 49 63 42 -5 23 27 35

0 31 98 32 -17 14 17 48

0 37 50 68 -18 40 47 22

0 54 94 84 -15 18 29 23

0 25 77 38 -16 11 16 21

0 45 71 31 -6 12 13 9

0 1 55 51 -4 20 31 24

0 73 85 26 -1 13 31 42

0 62 80 60 -1 0 3 16

0 18 32 48 -14 33 48 34

0 12 48 29 -3 21 33 9

0 20 91 71 -11 17 24 31

0 13 49 4 -17 18 31 15

0 14 98 46 -8 27 35 13

0 11 33 81 -10 2 12 7

0 19 45 51 -8 5 7 31

0 7 55 31 -6 8 20 27

0 9 52 18 -9 19 20 8

0 14 92 67 -12 16 45 40

0 2 34 77 -9 2 6 28

0 14 30 67 -9 1 9 34

0 16 44 11 -5 4 42 2

0 14 64 70 -17 5 40 26

0 19 40 29 -16 16 42 34

0 56 98 29 -1 27 48 14

0 5 62 99 -8 19 20 37

0 5 67 42 -11 1 6 46

0 31 64 30 -7 3 5 29

0 18 21 10 -11 2 16 9

0 9 23 90 -6 21 46 38

0 9 33 65 -18 1 15 33

0 70 90 62 -15 27 45 3

0 3 59 72 -3 10 47 40

0 12 20 28 -7 13 35 29

0 0 20 46 -1 3 9 11

0 2 61 90 -20 28 45 11

0 7 8 56 -19 22 26 26

0 4 27 89 -12 26 35 36

0 6 83 24 -11 9 14 36

0 3 5 37 -15 16 17 9

0 9 10 27 -20 23 49 13

0 14 15 40 -5 22 29 1

0 30 61 3 -1 0 3 47

0 2 41 6 -10 5 7 49

0 68 93 44 -6 8 9 47

0 6 21 33 -9 29 44 12

0 8 61 18 -17 7 10 0

0 7 35 63 -2 15 22 28

0 1 4 83 -8 5 15 37

0 38 42 29 -7 1 4 38

0 1 70 9 -4 0 34 43

0 17 22 54 -14 19 36 4

0 9 11 4 -18 30 32 49

0 32 37 23 -16 18 22 24

0 0 1 60 -7 2 3 12

0 14 42 82 -7 7 41 14

0 3 34 70 -17 17 27 1

0 10 11 2 -14 24 29 15

0 7 14 69 -11 12 35 26

0 7 99 70 -14 1 44 31

0 0 4 74 -15 18 35 40

0 2 18 93 -13 4 7 38

0 2 8 2 -16 27 34 31

0 2 16 92 -14 12 44 16

0 5 17 66 -14 3 25 44

0 4 6 72 -11 3 10 18

0 2 6 7 -19 16 37 22

0 0 1 12 -16 6 39 0

0 5 31 64 -12 10 13 40

0 0 15 92 -2 4 46 44

0 27 31 38 -16 29 49 3

0 5 6 81 -14 4 17 28

0 2 3 36 -10 2 28 48

0 0 1 51 -6 1 17 39


SAlphaB: 727.0, std-dev 263.7473223570337

Earliest win: 37
Latest win: 81

WinDepth:
0 0 0 0 0 0 0 0 0 0 0 0 0 0 0 0 0 0 0 0 0 0 0 0 0 0 0 0 0 0 0 0 0 0 0 0 0 2 0 2 0 3 0 15 7 10 7 17 20 57 44 163 64 118 61 181 93 207 134 143 157 229 236 299 324 342 428 359 441 398 466 487 470 447 368 384 273 252 197 162 97 90 
SAlphaB:
0 0 0 0 0 0 0 0 0 0 0 0 0 0 0 0 0 0 0 0 0 0 0 0 0 0 0 0 0 0 0 0 0 0 0 0 0 2 0 2 0 3 0 15 7 10 7 17 20 57 44 163 64 118 61 181 93 207 134 143 157 229 236 299 324 342 428 359 441 398 466 487 470 447 368 384 273 252 197 162 97 90 

LossDepth:
SAlphaB:
0 0 0 0 0 0 0 0 0 0 0 0 0 0 0 0 0 0 0 0 0 0 0 0 0 0 0 0 0 0 0 0 0 0 0 0 0 2 0 2 0 3 0 15 7 10 7 17 20 57 44 163 64 118 61 181 93 207 134 143 157 229 236 299 324 342 428 359 441 398 466 487 470 447 368 384 273 252 197 162 97 90 

FirstWin:
0 0 0 0 0 0 0 0 0 0 0 0 0 0 0 0 0 0 0 0 0 0 0 0 0 0 0 0 0 0 0 0 0 0 0 0 0 2 0 2 0 3 0 15 0 10 0 17 0 57 0 163 0 118 0 181 0 207 0 143 0 229 0 299 0 342 0 359 0 398 0 487 0 447 0 384 0 252 0 162 0 90 
SAlphaB:
0 0 0 0 0 0 0 0 0 0 0 0 0 0 0 0 0 0 0 0 0 0 0 0 0 0 0 0 0 0 0 0 0 0 0 0 0 2 0 2 0 3 0 15 0 10 0 17 0 57 0 163 0 118 0 181 0 207 0 143 0 229 0 299 0 342 0 359 0 398 0 487 0 447 0 384 0 252 0 162 0 90 

SecondWin:
0 0 0 0 0 0 0 0 0 0 0 0 0 0 0 0 0 0 0 0 0 0 0 0 0 0 0 0 0 0 0 0 0 0 0 0 0 0 0 0 0 0 0 0 7 0 7 0 20 0 44 0 64 0 61 0 93 0 134 0 157 0 236 0 324 0 428 0 441 0 466 0 470 0 368 0 273 0 197 0 97 0 
SAlphaB:
0 0 0 0 0 0 0 0 0 0 0 0 0 0 0 0 0 0 0 0 0 0 0 0 0 0 0 0 0 0 0 0 0 0 0 0 0 0 0 0 0 0 0 0 7 0 7 0 20 0 44 0 64 0 61 0 93 0 134 0 157 0 236 0 324 0 428 0 441 0 466 0 470 0 368 0 273 0 197 0 97 0 
