0 54 88 68 -13 2 5 12

0 40 85 3 -12 4 5 6

0 78 95 24 -16 12 24 38

0 9 16 31 -3 0 3 7

0 81 87 75 -18 9 38 17

0 57 90 88 -15 7 12 12

0 25 78 75 -9 13 41 3

0 12 48 64 -14 0 7 3

0 38 93 12 -11 0 2 1

0 43 52 29 -13 13 41 29

0 13 20 67 -14 10 11 9

0 42 95 26 -6 9 15 32

0 21 43 71 -5 31 42 19

0 14 26 99 -6 1 3 0

0 28 97 71 -20 6 14 36

0 23 44 54 -12 15 18 34

0 21 33 10 -11 0 4 0

0 55 64 9 -16 11 48 15

0 30 76 43 -5 35 41 30

0 41 67 53 -4 5 21 26

0 40 49 41 -8 0 19 0

0 55 95 50 -12 7 47 17

0 24 59 13 -3 4 6 33

0 75 97 18 -19 25 33 35

0 41 72 65 -15 30 44 18

0 3 93 34 -5 7 21 15

0 4 23 62 -20 7 8 19

0 14 40 40 -8 7 12 3

0 42 82 4 -3 21 24 15

0 49 53 22 -16 16 49 35

0 30 70 47 -18 24 40 47

0 53 76 25 -3 35 42 28

0 20 70 84 -11 3 22 23

0 81 95 96 -7 43 47 5

0 62 69 40 -16 21 39 27

0 44 78 78 -20 10 21 3

0 38 96 98 -7 39 45 15

0 48 98 80 -12 28 45 37

0 0 49 93 -5 27 37 18

0 18 32 86 -10 31 49 12

0 23 66 68 -8 9 44 5

0 8 23 30 -1 7 13 18

0 45 51 65 -7 9 18 44

0 11 54 78 -15 0 39 18

0 45 86 57 -18 0 48 26

0 68 82 79 -10 0 12 35

0 8 66 0 -12 12 24 24

0 24 72 39 -12 9 41 0

0 10 63 22 -9 19 43 34

0 38 47 98 -1 40 42 44

0 74 85 64 -5 27 30 12

0 48 93 58 -13 46 47 10

0 24 42 88 -12 15 24 38

0 1 95 49 -16 15 20 36

0 25 28 44 -11 14 41 11

0 82 83 60 -17 5 9 31

0 25 53 71 -15 9 36 18

0 54 89 25 -7 16 23 11

0 52 78 32 -15 0 38 45

0 21 27 60 -16 4 5 5

0 28 31 87 -3 1 3 24

0 63 82 72 -2 3 5 38

0 45 46 61 -6 10 25 46

0 3 47 24 -11 25 32 45

0 20 30 21 -12 2 15 29

0 6 11 76 -18 7 10 4

0 19 20 26 -16 35 43 8

0 5 13 57 -16 4 20 25

0 26 73 98 -16 27 34 47

0 36 44 54 -4 29 33 16

0 9 12 58 -17 21 27 13

0 7 28 41 -11 2 15 36

0 1 57 41 -5 3 22 25

0 67 68 4 -15 35 45 2

0 8 35 28 -20 14 25 26

0 28 46 1 -16 9 38 41

0 25 30 22 -7 44 48 3

0 8 15 18 -8 11 21 2

0 12 89 0 -2 14 15 35

0 21 33 58 -19 9 26 2

0 7 8 73 -14 18 22 20

0 8 11 25 -15 35 41 18

0 3 4 78 -18 0 6 23

0 3 17 78 -17 31 32 24

0 0 1 98 -12 26 32 27

0 4 7 8 -13 7 24 25

0 1 4 93 -19 17 39 11

0 7 18 47 -2 1 16 7

0 1 3 88 -20 12 14 5

0 11 12 21 -12 11 17 2

0 0 24 65 -10 0 39 41

0 1 26 61 -5 2 3 48

0 13 15 89 -5 4 25 43

0 0 1 71 -15 2 26 10

0 1 3 28 -16 5 37 6

0 15 23 34 -12 13 43 6

0 1 2 5 -5 5 6 37

0 1 5 11 -3 18 25 31

0 2 9 23 -19 2 49 29

0 1 4 30 -18 0 16 40


SAlphaB: 692.0, std-dev 276.31038596827915

Earliest win: 31
Latest win: 81

WinDepth:
0 0 0 0 0 0 0 0 0 0 0 0 0 0 0 0 0 0 0 0 0 0 0 0 0 0 0 0 0 0 0 1 0 0 0 1 0 10 0 4 17 9 2 14 28 18 16 42 39 99 50 150 82 136 74 179 117 207 125 176 150 208 233 268 326 337 390 403 434 447 454 451 437 435 380 317 283 250 200 161 103 85 
SAlphaB:
0 0 0 0 0 0 0 0 0 0 0 0 0 0 0 0 0 0 0 0 0 0 0 0 0 0 0 0 0 0 0 1 0 0 0 1 0 10 0 4 17 9 2 14 28 18 16 42 39 99 50 150 82 136 74 179 117 207 125 176 150 208 233 268 326 337 390 403 434 447 454 451 437 435 380 317 283 250 200 161 103 85 

LossDepth:
SAlphaB:
0 0 0 0 0 0 0 0 0 0 0 0 0 0 0 0 0 0 0 0 0 0 0 0 0 0 0 0 0 0 0 1 0 0 0 1 0 10 0 4 17 9 2 14 28 18 16 42 39 99 50 150 82 136 74 179 117 207 125 176 150 208 233 268 326 337 390 403 434 447 454 451 437 435 380 317 283 250 200 161 103 85 

FirstWin:
0 0 0 0 0 0 0 0 0 0 0 0 0 0 0 0 0 0 0 0 0 0 0 0 0 0 0 0 0 0 0 1 0 0 0 1 0 10 0 4 0 9 0 14 0 18 0 42 0 99 0 150 0 136 0 179 0 207 0 176 0 208 0 268 0 337 0 403 0 447 0 451 0 435 0 317 0 250 0 161 0 85 
SAlphaB:
0 0 0 0 0 0 0 0 0 0 0 0 0 0 0 0 0 0 0 0 0 0 0 0 0 0 0 0 0 0 0 1 0 0 0 1 0 10 0 4 0 9 0 14 0 18 0 42 0 99 0 150 0 136 0 179 0 207 0 176 0 208 0 268 0 337 0 403 0 447 0 451 0 435 0 317 0 250 0 161 0 85 

SecondWin:
0 0 0 0 0 0 0 0 0 0 0 0 0 0 0 0 0 0 0 0 0 0 0 0 0 0 0 0 0 0 0 0 0 0 0 0 0 0 0 0 17 0 2 0 28 0 16 0 39 0 50 0 82 0 74 0 117 0 125 0 150 0 233 0 326 0 390 0 434 0 454 0 437 0 380 0 283 0 200 0 103 0 
SAlphaB:
0 0 0 0 0 0 0 0 0 0 0 0 0 0 0 0 0 0 0 0 0 0 0 0 0 0 0 0 0 0 0 0 0 0 0 0 0 0 0 0 17 0 2 0 28 0 16 0 39 0 50 0 82 0 74 0 117 0 125 0 150 0 233 0 326 0 390 0 434 0 454 0 437 0 380 0 283 0 200 0 103 0 
