0 54 77 72 -5 0 1 9

0 65 90 73 -20 3 16 22

0 27 90 30 -15 5 13 11

0 34 42 32 -4 4 10 0

0 72 88 28 -8 11 47 22

0 78 96 59 -6 10 42 25

0 5 26 37 -3 1 2 2

0 81 96 58 -12 3 20 12

0 31 37 46 -18 0 3 20

0 14 35 66 -3 3 20 2

0 31 41 9 -2 10 16 18

0 42 47 22 -20 0 1 0

0 34 51 80 -5 24 39 12

0 8 17 89 -7 10 12 10

0 59 86 33 -3 1 43 37

0 31 33 94 -8 4 13 28

0 3 65 61 -13 10 20 17

0 47 52 62 -7 3 6 10

0 12 45 53 -16 15 23 24

0 2 94 62 -9 7 25 18

0 20 26 48 -8 2 22 1

0 42 44 98 -15 6 12 22

0 48 64 20 -14 9 34 31

0 1 96 81 -12 40 46 36

0 69 76 5 -3 3 6 0

0 3 58 45 -15 0 1 7

0 54 75 66 -13 19 38 12

0 16 22 51 -20 12 19 11

0 20 63 44 -3 4 24 17

0 73 88 46 -1 3 6 3

0 6 33 67 -2 19 20 8

0 10 44 81 -18 0 1 6

0 34 56 44 -1 29 37 20

0 85 92 94 -3 0 1 19

0 51 73 90 -17 7 36 5

0 6 36 86 -4 9 12 15

0 11 36 0 -9 2 7 33

0 39 75 83 -18 10 25 2

0 14 22 93 -6 1 12 1

0 34 88 94 -16 1 33 32

0 5 72 41 -16 12 41 1

0 38 93 49 -6 15 16 3

0 5 18 72 -5 2 3 6

0 29 74 47 -16 10 26 46

0 16 20 52 -5 14 20 5

0 44 76 14 -12 1 10 39

0 20 52 10 -9 7 34 0

0 3 27 80 -6 26 28 13

0 14 93 86 -19 3 7 32

0 76 98 12 -8 0 2 1

0 29 87 71 -9 19 24 7

0 1 7 39 -3 3 7 6

0 14 23 15 -10 7 14 1

0 53 63 90 -5 22 41 48

0 10 95 81 -13 16 36 6

0 38 67 62 -2 23 39 11

0 8 16 54 -7 3 15 4

0 27 41 86 -18 12 35 48

0 8 19 73 -3 26 43 11

0 36 66 25 -6 24 45 13

0 58 93 50 -12 0 1 40

0 82 90 91 -2 2 28 44

0 16 30 70 -17 2 12 4

0 23 66 81 -17 14 28 49

0 7 25 16 -14 0 11 1

0 9 20 65 -8 8 28 42

0 54 67 9 -11 1 8 31

0 28 46 85 -18 28 30 40

0 35 52 99 -1 22 35 48

0 80 83 73 -13 37 41 13

0 43 73 18 -18 25 36 19

0 0 55 59 -3 35 36 31

0 17 50 20 -4 12 17 27

0 55 89 59 -13 22 45 48

0 5 76 21 -9 5 26 44

0 6 35 86 -13 13 41 44

0 13 57 88 -13 30 42 33

0 1 55 22 -2 24 29 34

0 46 85 16 -17 22 42 12

0 8 18 74 -4 36 41 29

0 52 64 22 -4 2 10 48

0 0 1 10 -6 26 43 14

0 9 10 32 -16 9 35 8

0 6 31 89 -6 5 10 42

0 3 4 51 -12 24 27 23

0 5 6 96 -16 3 10 34

0 14 16 81 -11 20 30 6

0 1 11 8 -20 3 22 14

0 38 44 45 -14 28 38 36

0 23 45 47 -9 27 40 41

0 22 80 5 -11 29 48 24

0 39 50 75 -1 0 1 35

0 0 34 33 -13 2 49 24

0 13 21 4 -7 5 23 21

0 0 13 81 -17 32 42 11

0 4 25 27 -14 0 14 37

0 0 3 60 -4 42 45 37

0 6 8 63 -2 14 25 40

0 5 19 52 -10 14 19 48

0 1 5 64 -2 6 7 33


SAlphaB: 725.0, std-dev 262.5342248011089

Earliest win: 37
Latest win: 81

WinDepth:
0 0 0 0 0 0 0 0 0 0 0 0 0 0 0 0 0 0 0 0 0 0 0 0 0 0 0 0 0 0 0 0 0 0 0 0 0 2 0 0 4 1 0 7 5 14 14 46 15 63 80 190 55 122 70 155 90 177 145 169 180 203 233 344 322 402 416 375 481 440 482 455 434 362 416 378 261 249 174 148 109 75 
SAlphaB:
0 0 0 0 0 0 0 0 0 0 0 0 0 0 0 0 0 0 0 0 0 0 0 0 0 0 0 0 0 0 0 0 0 0 0 0 0 2 0 0 4 1 0 7 5 14 14 46 15 63 80 190 55 122 70 155 90 177 145 169 180 203 233 344 322 402 416 375 481 440 482 455 434 362 416 378 261 249 174 148 109 75 

LossDepth:
SAlphaB:
0 0 0 0 0 0 0 0 0 0 0 0 0 0 0 0 0 0 0 0 0 0 0 0 0 0 0 0 0 0 0 0 0 0 0 0 0 2 0 0 4 1 0 7 5 14 14 46 15 63 80 190 55 122 70 155 90 177 145 169 180 203 233 344 322 402 416 375 481 440 482 455 434 362 416 378 261 249 174 148 109 75 

FirstWin:
0 0 0 0 0 0 0 0 0 0 0 0 0 0 0 0 0 0 0 0 0 0 0 0 0 0 0 0 0 0 0 0 0 0 0 0 0 2 0 0 0 1 0 7 0 14 0 46 0 63 0 190 0 122 0 155 0 177 0 169 0 203 0 344 0 402 0 375 0 440 0 455 0 362 0 378 0 249 0 148 0 75 
SAlphaB:
0 0 0 0 0 0 0 0 0 0 0 0 0 0 0 0 0 0 0 0 0 0 0 0 0 0 0 0 0 0 0 0 0 0 0 0 0 2 0 0 0 1 0 7 0 14 0 46 0 63 0 190 0 122 0 155 0 177 0 169 0 203 0 344 0 402 0 375 0 440 0 455 0 362 0 378 0 249 0 148 0 75 

SecondWin:
0 0 0 0 0 0 0 0 0 0 0 0 0 0 0 0 0 0 0 0 0 0 0 0 0 0 0 0 0 0 0 0 0 0 0 0 0 0 0 0 4 0 0 0 5 0 14 0 15 0 80 0 55 0 70 0 90 0 145 0 180 0 233 0 322 0 416 0 481 0 482 0 434 0 416 0 261 0 174 0 109 0 
SAlphaB:
0 0 0 0 0 0 0 0 0 0 0 0 0 0 0 0 0 0 0 0 0 0 0 0 0 0 0 0 0 0 0 0 0 0 0 0 0 0 0 0 4 0 0 0 5 0 14 0 15 0 80 0 55 0 70 0 90 0 145 0 180 0 233 0 322 0 416 0 481 0 482 0 434 0 416 0 261 0 174 0 109 0 
