0 7 64 43 -1 10 27 31

0 43 56 19 -5 3 9 10

0 32 40 21 -3 5 12 12

0 43 67 39 -8 3 14 12

0 23 86 59 -15 10 17 38

0 29 67 77 -15 0 1 33

0 65 93 41 -16 9 36 11

0 12 45 70 -11 2 16 5

0 16 35 15 -7 3 5 18

0 45 94 55 -7 15 24 1

0 54 92 63 -2 17 42 11

0 16 81 77 -1 1 24 5

0 44 48 97 -2 9 33 2

0 78 89 19 -16 0 1 26

0 5 69 39 -17 5 6 10

0 40 94 63 -16 16 47 35

0 9 68 72 -15 3 7 5

0 0 22 54 -11 5 8 10

0 20 36 13 -4 2 22 9

0 68 79 28 -20 17 28 42

0 12 26 21 -1 7 8 29

0 55 65 16 -12 13 24 9

0 19 23 79 -15 0 4 31

0 25 32 41 -16 0 3 33

0 23 77 70 -11 8 12 39

0 33 81 95 -2 0 6 9

0 78 90 5 -6 1 25 21

0 40 48 81 -18 40 43 12

0 11 66 19 -20 3 25 26

0 14 52 29 -7 4 6 15

0 8 62 91 -15 43 47 1

0 52 83 82 -11 17 45 14

0 29 67 11 -7 11 18 25

0 40 90 59 -13 13 17 13

0 18 92 18 -9 21 40 5

0 32 57 37 -7 2 11 28

0 25 71 73 -18 4 5 47

0 7 32 98 -18 5 7 13

0 11 40 77 -6 21 27 5

0 58 89 40 -3 22 43 44

0 38 98 51 -7 39 40 43

0 45 76 76 -13 45 47 49

0 78 87 25 -19 25 30 44

0 31 33 81 -17 14 34 25

0 34 55 62 -20 22 29 18

0 20 60 35 -4 16 24 31

0 13 32 62 -17 16 36 37

0 87 92 63 -11 1 4 19

0 46 47 3 -4 13 19 11

0 20 82 36 -10 14 22 23

0 27 38 47 -20 19 44 46

0 67 69 22 -19 33 40 22

0 31 45 79 -5 8 32 13

0 11 56 40 -12 2 12 46

0 14 37 61 -9 2 10 0

0 11 18 57 -17 0 2 11

0 45 71 25 -6 1 10 31

0 26 58 31 -18 15 17 3

0 8 67 37 -3 20 31 20

0 22 59 32 -17 19 26 8

0 18 28 59 -5 13 33 3

0 0 1 19 -16 14 18 15

0 26 36 83 -9 30 39 7

0 26 32 33 -6 3 40 20

0 5 54 87 -1 5 6 26

0 0 5 57 -3 15 27 27

0 12 36 99 -1 0 14 49

0 1 27 71 -3 1 6 10

0 9 42 33 -17 35 46 45

0 11 42 90 -17 1 2 40

0 8 70 14 -18 23 28 25

0 24 40 13 -1 39 41 22

0 27 48 45 -2 26 37 40

0 5 19 16 -14 9 17 13

0 1 8 25 -8 9 34 29

0 20 58 32 -7 25 40 42

0 10 16 35 -15 2 5 24

0 18 26 7 -4 13 18 1

0 12 32 28 -3 24 33 43

0 6 18 26 -20 35 37 10

0 9 10 80 -11 3 41 26

0 6 8 42 -8 1 3 44

0 1 3 91 -5 15 39 45

0 2 49 38 -19 12 16 41

0 2 10 34 -14 8 23 10

0 0 3 85 -19 7 8 47

0 3 15 42 -9 1 5 16

0 0 10 6 -11 8 34 38

0 10 39 23 -19 3 14 42

0 1 3 44 -10 20 25 39

0 16 27 96 -5 1 9 37

0 16 24 29 -13 19 30 49

0 0 28 1 -15 24 26 5

0 12 16 18 -6 30 35 40

0 7 21 84 -3 14 37 45

0 8 15 72 -9 17 24 0

0 3 5 92 -5 10 23 7

0 0 1 23 -12 1 37 23

0 1 2 71 -8 8 31 8

0 0 5 19 -2 5 20 34


SAlphaB: 714.0, std-dev 260.7549320644954

Earliest win: 35
Latest win: 81

WinDepth:
0 0 0 0 0 0 0 0 0 0 0 0 0 0 0 0 0 0 0 0 0 0 0 0 0 0 0 0 0 0 0 0 0 0 0 1 0 4 0 2 16 4 5 12 15 16 22 48 36 97 75 208 116 130 76 226 115 208 145 204 164 238 254 333 338 338 377 364 423 358 466 442 402 381 361 354 276 291 186 124 97 73 
SAlphaB:
0 0 0 0 0 0 0 0 0 0 0 0 0 0 0 0 0 0 0 0 0 0 0 0 0 0 0 0 0 0 0 0 0 0 0 1 0 4 0 2 16 4 5 12 15 16 22 48 36 97 75 208 116 130 76 226 115 208 145 204 164 238 254 333 338 338 377 364 423 358 466 442 402 381 361 354 276 291 186 124 97 73 

LossDepth:
SAlphaB:
0 0 0 0 0 0 0 0 0 0 0 0 0 0 0 0 0 0 0 0 0 0 0 0 0 0 0 0 0 0 0 0 0 0 0 1 0 4 0 2 16 4 5 12 15 16 22 48 36 97 75 208 116 130 76 226 115 208 145 204 164 238 254 333 338 338 377 364 423 358 466 442 402 381 361 354 276 291 186 124 97 73 

FirstWin:
0 0 0 0 0 0 0 0 0 0 0 0 0 0 0 0 0 0 0 0 0 0 0 0 0 0 0 0 0 0 0 0 0 0 0 1 0 4 0 2 0 4 0 12 0 16 0 48 0 97 0 208 0 130 0 226 0 208 0 204 0 238 0 333 0 338 0 364 0 358 0 442 0 381 0 354 0 291 0 124 0 73 
SAlphaB:
0 0 0 0 0 0 0 0 0 0 0 0 0 0 0 0 0 0 0 0 0 0 0 0 0 0 0 0 0 0 0 0 0 0 0 1 0 4 0 2 0 4 0 12 0 16 0 48 0 97 0 208 0 130 0 226 0 208 0 204 0 238 0 333 0 338 0 364 0 358 0 442 0 381 0 354 0 291 0 124 0 73 

SecondWin:
0 0 0 0 0 0 0 0 0 0 0 0 0 0 0 0 0 0 0 0 0 0 0 0 0 0 0 0 0 0 0 0 0 0 0 0 0 0 0 0 16 0 5 0 15 0 22 0 36 0 75 0 116 0 76 0 115 0 145 0 164 0 254 0 338 0 377 0 423 0 466 0 402 0 361 0 276 0 186 0 97 0 
SAlphaB:
0 0 0 0 0 0 0 0 0 0 0 0 0 0 0 0 0 0 0 0 0 0 0 0 0 0 0 0 0 0 0 0 0 0 0 0 0 0 0 0 16 0 5 0 15 0 22 0 36 0 75 0 116 0 76 0 115 0 145 0 164 0 254 0 338 0 377 0 423 0 466 0 402 0 361 0 276 0 186 0 97 0 
