0 75 89 10 -9 10 19 12

0 24 90 7 -9 0 1 16

0 35 43 12 -12 8 29 23

0 81 86 46 -7 2 4 18

0 9 97 31 -17 11 40 7

0 69 81 22 -14 1 3 45

0 40 74 86 -1 18 47 29

0 32 47 78 -4 36 41 7

0 92 99 26 -1 18 36 13

0 62 88 36 -9 21 45 0

0 42 70 4 -14 6 14 30

0 7 51 98 -14 4 11 20

0 12 34 65 -3 5 11 30

0 63 72 14 -4 3 13 16

0 30 47 55 -3 5 11 9

0 15 90 8 -9 8 48 4

0 19 49 93 -20 1 10 19

0 9 54 76 -19 4 7 7

0 62 79 12 -8 0 17 16

0 9 12 86 -3 7 23 14

0 8 40 84 -7 12 34 29

0 31 64 73 -8 33 48 11

0 50 91 87 -16 29 45 1

0 79 85 3 -8 4 6 25

0 17 28 47 -8 3 13 2

0 81 84 36 -10 22 32 36

0 20 23 33 -9 13 37 8

0 38 64 53 -12 14 28 33

0 46 59 97 -9 4 28 34

0 61 65 95 -13 26 28 29

0 51 69 76 -14 22 28 8

0 18 72 66 -19 8 49 17

0 22 82 51 -9 20 44 41

0 36 42 51 -5 23 28 18

0 3 38 50 -13 32 36 6

0 25 46 88 -10 22 36 26

0 45 46 78 -5 0 44 22

0 30 62 75 -15 16 36 42

0 21 42 93 -20 4 35 24

0 3 66 96 -20 25 44 43

0 9 74 87 -17 37 49 37

0 55 89 41 -1 39 40 32

0 31 47 3 -10 1 3 28

0 10 17 33 -8 7 13 1

0 21 52 64 -15 0 2 29

0 14 24 59 -5 25 29 11

0 72 85 87 -16 0 44 21

0 30 40 72 -13 11 18 37

0 31 89 0 -11 9 10 29

0 11 37 88 -14 19 24 28

0 6 82 9 -7 11 38 16

0 21 30 8 -1 7 20 21

0 41 65 69 -5 4 7 43

0 0 70 19 -14 5 29 6

0 70 95 95 -1 44 46 19

0 72 80 81 -19 22 47 35

0 47 79 84 -19 13 42 14

0 17 52 54 -5 13 24 26

0 8 25 39 -14 7 15 4

0 7 13 67 -4 20 46 4

0 17 48 62 -13 8 11 45

0 4 52 74 -12 0 11 22

0 4 14 26 -11 11 24 21

0 66 84 46 -1 1 2 38

0 72 88 63 -15 39 41 27

0 40 46 82 -5 1 8 49

0 20 40 79 -18 5 32 2

0 18 34 94 -19 9 43 37

0 64 79 45 -12 26 31 12

0 1 40 28 -7 27 49 48

0 47 65 10 -19 20 27 1

0 0 1 48 -18 8 17 37

0 31 35 1 -17 29 34 1

0 60 93 55 -18 33 34 5

0 17 27 34 -12 7 49 36

0 0 9 20 -7 9 11 8

0 25 87 81 -6 17 22 41

0 31 36 93 -7 1 37 18

0 9 14 40 -3 0 2 24

0 3 7 16 -20 8 18 30

0 0 1 18 -9 15 36 44

0 0 18 43 -4 4 5 32

0 4 5 8 -9 10 26 25

0 0 1 28 -17 25 32 49

0 3 35 60 -9 5 7 32

0 29 39 7 -12 17 31 13

0 16 86 7 -3 14 15 43

0 4 21 78 -8 9 48 18

0 0 4 69 -2 12 36 28

0 0 17 97 -8 9 16 5

0 8 12 44 -14 14 21 18

0 0 3 43 -17 23 45 44

0 22 31 27 -13 20 26 33

0 13 14 26 -18 11 16 15

0 0 1 7 -13 1 10 5

0 2 23 28 -19 29 33 3

0 4 8 32 -5 24 25 46

0 0 61 98 -8 5 20 28

0 0 22 46 -18 8 13 0

0 15 17 24 -14 12 17 42


SAlphaB: 702.0, std-dev 277.9461982855929

Earliest win: 37
Latest win: 81

WinDepth:
0 0 0 0 0 0 0 0 0 0 0 0 0 0 0 0 0 0 0 0 0 0 0 0 0 0 0 0 0 0 0 0 0 0 0 0 0 6 0 3 2 9 2 18 17 20 16 28 37 66 66 185 72 125 70 183 102 184 155 152 130 239 242 280 424 373 366 441 439 384 562 423 387 397 399 353 303 261 187 117 116 67 
SAlphaB:
0 0 0 0 0 0 0 0 0 0 0 0 0 0 0 0 0 0 0 0 0 0 0 0 0 0 0 0 0 0 0 0 0 0 0 0 0 6 0 3 2 9 2 18 17 20 16 28 37 66 66 185 72 125 70 183 102 184 155 152 130 239 242 280 424 373 366 441 439 384 562 423 387 397 399 353 303 261 187 117 116 67 

LossDepth:
SAlphaB:
0 0 0 0 0 0 0 0 0 0 0 0 0 0 0 0 0 0 0 0 0 0 0 0 0 0 0 0 0 0 0 0 0 0 0 0 0 6 0 3 2 9 2 18 17 20 16 28 37 66 66 185 72 125 70 183 102 184 155 152 130 239 242 280 424 373 366 441 439 384 562 423 387 397 399 353 303 261 187 117 116 67 

FirstWin:
0 0 0 0 0 0 0 0 0 0 0 0 0 0 0 0 0 0 0 0 0 0 0 0 0 0 0 0 0 0 0 0 0 0 0 0 0 6 0 3 0 9 0 18 0 20 0 28 0 66 0 185 0 125 0 183 0 184 0 152 0 239 0 280 0 373 0 441 0 384 0 423 0 397 0 353 0 261 0 117 0 67 
SAlphaB:
0 0 0 0 0 0 0 0 0 0 0 0 0 0 0 0 0 0 0 0 0 0 0 0 0 0 0 0 0 0 0 0 0 0 0 0 0 6 0 3 0 9 0 18 0 20 0 28 0 66 0 185 0 125 0 183 0 184 0 152 0 239 0 280 0 373 0 441 0 384 0 423 0 397 0 353 0 261 0 117 0 67 

SecondWin:
0 0 0 0 0 0 0 0 0 0 0 0 0 0 0 0 0 0 0 0 0 0 0 0 0 0 0 0 0 0 0 0 0 0 0 0 0 0 0 0 2 0 2 0 17 0 16 0 37 0 66 0 72 0 70 0 102 0 155 0 130 0 242 0 424 0 366 0 439 0 562 0 387 0 399 0 303 0 187 0 116 0 
SAlphaB:
0 0 0 0 0 0 0 0 0 0 0 0 0 0 0 0 0 0 0 0 0 0 0 0 0 0 0 0 0 0 0 0 0 0 0 0 0 0 0 0 2 0 2 0 17 0 16 0 37 0 66 0 72 0 70 0 102 0 155 0 130 0 242 0 424 0 366 0 439 0 562 0 387 0 399 0 303 0 187 0 116 0 
