0 27 82 51 -14 4 12 6

0 39 94 41 -3 1 31 21

0 71 88 94 -4 4 15 4

0 47 90 12 -6 7 22 28

0 74 78 93 -16 2 32 36

0 44 93 31 -8 1 5 28

0 57 80 81 -16 9 18 2

0 6 37 30 -3 1 5 10

0 19 31 80 -10 4 12 30

0 40 50 26 -16 1 10 17

0 82 96 48 -18 4 9 29

0 34 46 83 -2 23 35 0

0 61 73 15 -18 12 36 28

0 87 98 51 -4 3 24 27

0 33 50 79 -8 5 15 35

0 24 36 68 -6 3 16 22

0 13 35 37 -15 15 24 10

0 18 79 31 -10 6 16 30

0 11 21 47 -12 2 3 14

0 40 80 1 -17 15 31 28

0 0 29 81 -12 0 4 3

0 47 83 62 -15 0 1 19

0 33 89 32 -12 12 26 26

0 34 68 28 -14 3 36 24

0 43 73 28 -11 0 11 13

0 55 77 48 -13 11 45 27

0 3 79 73 -12 12 44 27

0 31 34 98 -20 8 34 29

0 58 74 31 -18 8 15 5

0 37 39 77 -3 11 22 21

0 36 56 50 -19 9 28 34

0 13 55 1 -5 10 22 37

0 35 88 1 -10 7 9 44

0 41 60 5 -9 14 25 15

0 44 57 67 -9 18 43 31

0 26 50 6 -14 0 20 45

0 31 54 9 -13 3 29 20

0 17 36 22 -11 18 25 15

0 15 74 18 -20 9 10 29

0 44 56 32 -19 9 37 25

0 29 48 61 -14 32 38 40

0 10 91 55 -15 0 7 17

0 0 44 38 -20 3 5 34

0 3 28 57 -13 3 10 16

0 4 53 31 -13 14 29 24

0 31 38 9 -4 2 15 37

0 0 13 87 -17 0 2 23

0 70 81 39 -2 9 17 24

0 8 55 30 -12 10 18 14

0 4 56 71 -10 2 45 33

0 17 33 63 -9 40 44 35

0 7 98 69 -10 31 48 37

0 19 24 39 -1 23 39 22

0 12 34 31 -7 2 3 17

0 1 33 93 -12 14 39 9

0 16 82 36 -12 8 13 45

0 0 66 36 -18 6 18 34

0 10 30 10 -10 18 37 12

0 37 43 18 -7 15 40 22

0 26 27 22 -15 6 14 3

0 17 27 60 -15 40 43 29

0 14 19 94 -20 8 9 24

0 23 24 74 -6 9 17 36

0 5 88 88 -11 2 7 6

0 11 28 96 -18 22 33 33

0 11 12 4 -8 1 4 20

0 9 49 5 -6 11 21 28

0 0 42 37 -14 2 9 23

0 24 53 44 -1 3 49 37

0 32 42 85 -13 30 49 35

0 14 41 92 -13 2 28 42

0 44 45 31 -18 12 22 37

0 5 14 94 -14 19 42 22

0 5 31 17 -18 35 36 38

0 55 81 38 -19 11 16 45

0 2 38 47 -11 13 31 41

0 8 11 38 -16 38 46 8

0 21 27 65 -5 7 45 34

0 4 20 34 -18 11 21 46

0 4 6 81 -3 1 3 17

0 4 31 55 -1 8 19 42

0 6 13 42 -1 4 7 25

0 8 42 17 -5 0 25 24

0 2 5 68 -14 7 13 41

0 1 42 76 -4 8 16 48

0 15 17 77 -20 25 32 42

0 4 13 28 -6 19 22 31

0 0 5 22 -3 31 43 16

0 4 7 91 -11 26 27 10

0 3 30 18 -19 3 18 39

0 56 60 64 -5 30 46 35

0 19 22 32 -18 13 29 20

0 1 7 62 -12 1 7 30

0 9 25 26 -13 1 10 29

0 9 21 77 -5 21 37 16

0 1 8 70 -9 4 8 34

0 0 4 68 -12 2 7 23

0 20 23 50 -5 5 22 43

0 0 6 29 -8 0 7 14

0 3 8 65 -11 4 6 44


SAlphaB: 693.0, std-dev 254.13016836799892

Earliest win: 35
Latest win: 81

WinDepth:
0 0 0 0 0 0 0 0 0 0 0 0 0 0 0 0 0 0 0 0 0 0 0 0 0 0 0 0 0 0 0 0 0 0 0 1 0 0 2 0 0 6 8 7 12 34 29 43 21 93 50 154 75 148 64 224 128 215 122 215 178 260 239 318 341 383 464 361 395 419 402 447 420 389 394 344 223 233 165 118 108 58 
SAlphaB:
0 0 0 0 0 0 0 0 0 0 0 0 0 0 0 0 0 0 0 0 0 0 0 0 0 0 0 0 0 0 0 0 0 0 0 1 0 0 2 0 0 6 8 7 12 34 29 43 21 93 50 154 75 148 64 224 128 215 122 215 178 260 239 318 341 383 464 361 395 419 402 447 420 389 394 344 223 233 165 118 108 58 

LossDepth:
SAlphaB:
0 0 0 0 0 0 0 0 0 0 0 0 0 0 0 0 0 0 0 0 0 0 0 0 0 0 0 0 0 0 0 0 0 0 0 1 0 0 2 0 0 6 8 7 12 34 29 43 21 93 50 154 75 148 64 224 128 215 122 215 178 260 239 318 341 383 464 361 395 419 402 447 420 389 394 344 223 233 165 118 108 58 

FirstWin:
0 0 0 0 0 0 0 0 0 0 0 0 0 0 0 0 0 0 0 0 0 0 0 0 0 0 0 0 0 0 0 0 0 0 0 1 0 0 0 0 0 6 0 7 0 34 0 43 0 93 0 154 0 148 0 224 0 215 0 215 0 260 0 318 0 383 0 361 0 419 0 447 0 389 0 344 0 233 0 118 0 58 
SAlphaB:
0 0 0 0 0 0 0 0 0 0 0 0 0 0 0 0 0 0 0 0 0 0 0 0 0 0 0 0 0 0 0 0 0 0 0 1 0 0 0 0 0 6 0 7 0 34 0 43 0 93 0 154 0 148 0 224 0 215 0 215 0 260 0 318 0 383 0 361 0 419 0 447 0 389 0 344 0 233 0 118 0 58 

SecondWin:
0 0 0 0 0 0 0 0 0 0 0 0 0 0 0 0 0 0 0 0 0 0 0 0 0 0 0 0 0 0 0 0 0 0 0 0 0 0 2 0 0 0 8 0 12 0 29 0 21 0 50 0 75 0 64 0 128 0 122 0 178 0 239 0 341 0 464 0 395 0 402 0 420 0 394 0 223 0 165 0 108 0 
SAlphaB:
0 0 0 0 0 0 0 0 0 0 0 0 0 0 0 0 0 0 0 0 0 0 0 0 0 0 0 0 0 0 0 0 0 0 0 0 0 0 2 0 0 0 8 0 12 0 29 0 21 0 50 0 75 0 64 0 128 0 122 0 178 0 239 0 341 0 464 0 395 0 402 0 420 0 394 0 223 0 165 0 108 0 
