0 70 90 75 -12 11 15 3

0 67 94 59 -7 9 14 32

0 39 66 36 -14 2 16 0

0 23 64 53 -13 5 19 17

0 19 73 65 -16 1 4 0

0 43 96 27 -19 9 23 40

0 19 47 79 -15 36 37 21

0 90 97 46 -4 2 5 10

0 58 81 89 -8 2 18 21

0 81 85 25 -14 14 33 24

0 23 33 45 -6 3 13 27

0 38 63 98 -16 33 49 2

0 63 94 82 -19 4 5 27

0 17 27 82 -5 2 14 2

0 3 71 79 -14 25 30 29

0 27 64 48 -14 1 2 28

0 6 29 46 -1 6 16 8

0 24 70 86 -1 2 6 5

0 3 87 28 -13 10 12 37

0 25 74 21 -20 4 25 11

0 14 88 80 -16 0 34 39

0 23 47 25 -7 2 4 39

0 39 40 81 -10 11 25 18

0 35 67 71 -16 6 45 2

0 18 92 97 -16 11 40 20

0 52 84 51 -11 15 17 24

0 67 83 31 -6 12 16 33

0 31 88 79 -17 19 21 33

0 10 66 97 -19 9 21 13

0 33 58 53 -18 6 8 43

0 25 28 72 -19 5 18 9

0 8 83 88 -2 4 45 23

0 21 94 4 -7 4 41 33

0 4 17 19 -9 9 16 8

0 41 42 26 -7 6 8 35

0 62 73 47 -15 26 31 10

0 59 65 22 -8 8 18 45

0 21 70 26 -2 10 32 0

0 9 15 51 -4 32 43 18

0 21 34 70 -3 1 19 21

0 26 61 37 -10 27 30 19

0 4 59 41 -18 13 42 28

0 31 36 11 -7 4 30 3

0 10 85 51 -6 9 13 48

0 11 13 44 -17 3 9 10

0 1 5 4 -19 3 17 14

0 11 39 83 -5 1 2 21

0 72 92 52 -10 24 28 46

0 29 37 19 -2 9 12 40

0 11 32 36 -2 27 39 33

0 55 65 49 -19 24 33 5

0 41 55 88 -9 20 21 4

0 48 59 58 -7 0 8 45

0 28 75 65 -18 24 33 33

0 15 55 62 -10 7 32 26

0 9 17 38 -2 1 6 26

0 28 37 12 -11 21 48 12

0 39 40 30 -12 19 21 38

0 24 61 34 -20 17 23 34

0 21 26 58 -18 20 28 21

0 24 39 67 -2 23 26 2

0 35 36 1 -9 22 26 44

0 18 54 70 -20 0 34 25

0 8 75 10 -8 12 31 46

0 4 18 94 -16 2 6 34

0 17 81 8 -7 9 34 29

0 5 25 54 -7 18 34 4

0 3 15 14 -4 8 26 22

0 14 48 28 -15 2 22 26

0 0 64 67 -3 2 8 4

0 8 23 15 -20 19 27 11

0 10 39 47 -20 18 32 43

0 2 20 99 -14 3 13 29

0 8 10 74 -8 15 23 34

0 11 36 59 -18 14 17 45

0 40 48 24 -20 8 45 11

0 6 48 9 -13 14 45 39

0 18 33 34 -17 22 42 15

0 6 17 56 -14 7 31 36

0 15 23 74 -4 13 45 45

0 2 35 96 -19 2 8 40

0 6 18 51 -2 9 34 39

0 9 31 93 -10 7 18 47

0 1 37 82 -9 8 44 47

0 26 33 78 -11 6 32 36

0 1 4 86 -7 7 15 11

0 2 12 85 -19 6 32 9

0 0 1 43 -19 8 9 34

0 6 32 50 -2 12 45 8

0 10 13 41 -15 12 43 11

0 20 22 21 -10 7 11 25

0 10 13 51 -13 4 35 11

0 1 11 87 -2 5 8 40

0 1 5 34 -15 5 33 3

0 0 1 99 -9 1 3 33

0 4 18 66 -4 22 38 49

0 12 26 11 -20 21 30 32

0 8 18 80 -16 21 33 45

0 3 12 10 -13 3 17 28

0 16 19 59 -20 12 15 35


SAlphaB: 683.0, std-dev 260.6761587630805

Earliest win: 35
Latest win: 81

WinDepth:
0 0 0 0 0 0 0 0 0 0 0 0 0 0 0 0 0 0 0 0 0 0 0 0 0 0 0 0 0 0 0 0 0 0 0 1 0 1 0 4 10 5 3 9 13 21 7 46 14 93 70 166 62 117 106 193 116 165 117 184 162 218 220 341 342 346 463 392 473 385 436 432 458 396 421 366 269 246 174 111 103 60 
SAlphaB:
0 0 0 0 0 0 0 0 0 0 0 0 0 0 0 0 0 0 0 0 0 0 0 0 0 0 0 0 0 0 0 0 0 0 0 1 0 1 0 4 10 5 3 9 13 21 7 46 14 93 70 166 62 117 106 193 116 165 117 184 162 218 220 341 342 346 463 392 473 385 436 432 458 396 421 366 269 246 174 111 103 60 

LossDepth:
SAlphaB:
0 0 0 0 0 0 0 0 0 0 0 0 0 0 0 0 0 0 0 0 0 0 0 0 0 0 0 0 0 0 0 0 0 0 0 1 0 1 0 4 10 5 3 9 13 21 7 46 14 93 70 166 62 117 106 193 116 165 117 184 162 218 220 341 342 346 463 392 473 385 436 432 458 396 421 366 269 246 174 111 103 60 

FirstWin:
0 0 0 0 0 0 0 0 0 0 0 0 0 0 0 0 0 0 0 0 0 0 0 0 0 0 0 0 0 0 0 0 0 0 0 1 0 1 0 4 0 5 0 9 0 21 0 46 0 93 0 166 0 117 0 193 0 165 0 184 0 218 0 341 0 346 0 392 0 385 0 432 0 396 0 366 0 246 0 111 0 60 
SAlphaB:
0 0 0 0 0 0 0 0 0 0 0 0 0 0 0 0 0 0 0 0 0 0 0 0 0 0 0 0 0 0 0 0 0 0 0 1 0 1 0 4 0 5 0 9 0 21 0 46 0 93 0 166 0 117 0 193 0 165 0 184 0 218 0 341 0 346 0 392 0 385 0 432 0 396 0 366 0 246 0 111 0 60 

SecondWin:
0 0 0 0 0 0 0 0 0 0 0 0 0 0 0 0 0 0 0 0 0 0 0 0 0 0 0 0 0 0 0 0 0 0 0 0 0 0 0 0 10 0 3 0 13 0 7 0 14 0 70 0 62 0 106 0 116 0 117 0 162 0 220 0 342 0 463 0 473 0 436 0 458 0 421 0 269 0 174 0 103 0 
SAlphaB:
0 0 0 0 0 0 0 0 0 0 0 0 0 0 0 0 0 0 0 0 0 0 0 0 0 0 0 0 0 0 0 0 0 0 0 0 0 0 0 0 10 0 3 0 13 0 7 0 14 0 70 0 62 0 106 0 116 0 117 0 162 0 220 0 342 0 463 0 473 0 436 0 458 0 421 0 269 0 174 0 103 0 
