0 43 82 8 -6 10 25 16

0 74 95 79 -10 2 30 27

0 41 64 14 -9 2 20 20

0 29 86 25 -7 3 22 25

0 48 93 23 -7 0 2 13

0 35 43 75 -14 2 9 5

0 49 88 77 -17 7 20 7

0 45 61 53 -8 7 22 22

0 80 87 42 -15 6 28 25

0 63 88 42 -5 12 44 15

0 81 91 75 -7 3 36 28

0 63 75 97 -6 14 18 10

0 26 50 44 -10 3 12 4

0 52 65 6 -9 5 22 20

0 62 81 28 -11 7 8 1

0 47 87 21 -16 0 1 19

0 20 98 88 -7 2 11 15

0 47 72 3 -8 4 21 24

0 61 66 69 -2 12 26 42

0 53 83 33 -10 12 24 15

0 51 95 27 -8 7 15 10

0 72 85 27 -12 17 37 4

0 57 70 72 -8 8 34 27

0 57 85 48 -19 8 23 10

0 55 77 26 -16 6 24 29

0 35 43 83 -16 3 16 25

0 23 31 74 -7 2 7 2

0 66 83 17 -15 4 19 10

0 13 98 79 -2 10 26 3

0 54 68 42 -4 15 41 0

0 44 83 46 -10 8 34 25

0 74 93 82 -12 18 19 18

0 24 53 52 -3 3 4 1

0 14 38 50 -13 0 1 9

0 60 93 67 -17 0 18 38

0 32 66 6 -17 4 15 14

0 86 92 80 -6 5 28 25

0 39 64 84 -19 6 19 34

0 52 97 68 -17 4 9 24

0 18 33 99 -7 2 7 16

0 49 82 46 -5 4 12 21

0 56 98 93 -10 0 1 11

0 59 67 23 -13 11 28 15

0 65 75 25 -9 0 17 21

0 66 78 29 -19 6 33 16

0 24 55 52 -18 2 11 14

0 47 97 10 -20 7 24 0

0 19 45 96 -7 4 8 11

0 16 59 52 -7 3 8 8

0 46 47 14 -12 5 8 34

0 64 84 99 -5 15 42 41

0 25 68 85 -10 0 4 24

0 44 73 85 -1 21 46 8

0 41 84 78 -8 3 11 8

0 55 63 18 -12 16 19 21

0 13 94 45 -12 0 1 37

0 30 61 99 -6 5 22 19

0 39 52 80 -11 5 17 33

0 75 78 63 -5 4 33 9

0 49 68 15 -18 4 14 40

0 57 89 81 -5 7 11 1

0 0 73 45 -10 4 9 8

0 48 81 22 -20 1 8 44

0 59 89 23 -2 15 41 17

0 73 95 73 -19 4 8 1

0 16 62 90 -3 2 14 20

0 38 73 19 -7 7 13 20

0 12 84 47 -13 11 24 15

0 63 87 90 -8 11 16 3

0 26 56 98 -2 3 12 4

0 56 87 34 -15 12 37 1

0 31 85 71 -1 11 20 24

0 37 96 37 -3 5 49 14

0 34 70 97 -3 8 11 25

0 59 76 25 -11 4 10 6

0 53 97 81 -14 5 34 48

0 37 61 37 -9 5 10 24

0 8 83 96 -8 0 1 10

0 17 23 63 -17 0 1 10

0 0 62 63 -15 3 5 5

0 31 76 60 -16 7 18 2

0 8 15 62 -7 6 12 10

0 31 49 72 -9 9 18 38

0 42 52 30 -12 4 24 1

0 24 92 57 -4 6 20 42

0 29 41 72 -19 7 18 37

0 26 75 64 -11 11 13 30

0 34 82 12 -11 15 17 47

0 38 88 0 -7 20 36 20

0 27 37 46 -20 2 11 26

0 21 56 44 -12 5 20 18

0 27 62 68 -15 3 8 26

0 3 84 47 -3 9 13 11

0 11 30 70 -2 17 23 8

0 30 41 57 -3 13 31 38

0 8 90 76 -5 2 15 18

0 53 94 15 -9 13 17 47

0 28 92 47 -19 4 12 25

0 7 42 88 -3 16 21 13

0 32 36 61 -1 29 39 21


SAlphaB: 766.0, std-dev 272.2646545573114

Earliest win: 35
Latest win: 81

WinDepth:
0 0 0 0 0 0 0 0 0 0 0 0 0 0 0 0 0 0 0 0 0 0 0 0 0 0 0 0 0 0 0 0 0 0 0 1 0 2 7 19 5 18 12 36 31 55 48 144 58 182 187 432 176 288 244 459 399 612 419 539 496 621 672 784 799 889 892 1061 963 958 946 967 882 829 891 706 576 486 392 303 171 139 
SAlphaB:
0 0 0 0 0 0 0 0 0 0 0 0 0 0 0 0 0 0 0 0 0 0 0 0 0 0 0 0 0 0 0 0 0 0 0 1 0 2 7 19 5 18 12 36 31 55 48 144 58 182 187 432 176 288 244 459 399 612 419 539 496 621 672 784 799 889 892 1061 963 958 946 967 882 829 891 706 576 486 392 303 171 139 

LossDepth:
SAlphaB:
0 0 0 0 0 0 0 0 0 0 0 0 0 0 0 0 0 0 0 0 0 0 0 0 0 0 0 0 0 0 0 0 0 0 0 1 0 1 2 16 5 18 7 28 16 49 33 82 38 97 116 181 103 152 145 267 252 369 262 357 324 404 421 572 530 688 633 806 665 798 686 759 621 683 671 658 496 440 295 250 209 147 

FirstWin:
0 0 0 0 0 0 0 0 0 0 0 0 0 0 0 0 0 0 0 0 0 0 0 0 0 0 0 0 0 0 0 0 0 0 0 1 0 2 0 19 0 18 0 36 0 55 0 144 0 182 0 432 0 288 0 459 0 612 0 539 0 621 0 784 0 889 0 1061 0 958 0 967 0 829 0 706 0 486 0 303 0 139 
SAlphaB:
0 0 0 0 0 0 0 0 0 0 0 0 0 0 0 0 0 0 0 0 0 0 0 0 0 0 0 0 0 0 0 0 0 0 0 1 0 2 0 19 0 18 0 36 0 55 0 144 0 182 0 432 0 288 0 459 0 612 0 539 0 621 0 784 0 889 0 1061 0 958 0 967 0 829 0 706 0 486 0 303 0 139 

SecondWin:
0 0 0 0 0 0 0 0 0 0 0 0 0 0 0 0 0 0 0 0 0 0 0 0 0 0 0 0 0 0 0 0 0 0 0 0 0 0 7 0 5 0 12 0 31 0 48 0 58 0 187 0 176 0 244 0 399 0 419 0 496 0 672 0 799 0 892 0 963 0 946 0 882 0 891 0 576 0 392 0 171 0 
SAlphaB:
0 0 0 0 0 0 0 0 0 0 0 0 0 0 0 0 0 0 0 0 0 0 0 0 0 0 0 0 0 0 0 0 0 0 0 0 0 0 7 0 5 0 12 0 31 0 48 0 58 0 187 0 176 0 244 0 399 0 419 0 496 0 672 0 799 0 892 0 963 0 946 0 882 0 891 0 576 0 392 0 171 0 
