0 63 75 97 -6 14 18 10

0 45 61 53 -8 7 22 22

0 55 77 26 -16 6 24 29

0 37 96 37 -3 5 49 14

0 56 87 34 -15 12 37 1

0 41 64 14 -9 2 20 20

0 29 86 25 -7 3 22 25

0 26 56 98 -2 3 12 4

0 53 83 33 -10 12 24 15

0 53 97 81 -14 5 34 48

0 41 43 91 -12 0 7 16

0 13 54 91 -4 1 13 18

0 26 78 17 -9 3 19 25

0 81 82 27 -11 10 26 9

0 65 95 20 -9 23 30 25

0 31 85 41 -17 6 16 38

0 3 83 73 -3 9 20 7

0 48 61 49 -1 35 36 41

0 67 68 37 -5 7 13 18

0 18 66 80 -10 2 12 17

0 20 35 48 -10 38 44 9

0 65 74 36 -17 5 16 33

0 3 64 39 -17 9 15 18

0 27 29 79 -18 2 3 6

0 14 32 67 -10 9 11 10

0 14 75 62 -5 7 18 22

0 11 53 62 -11 10 14 19

0 23 49 10 -9 1 15 43

0 59 77 94 -8 12 49 38

0 19 50 15 -4 9 13 4

0 33 37 90 -13 12 32 41

0 18 62 6 -2 16 30 2

0 80 96 77 -18 9 39 7

0 29 32 36 -10 2 14 19

0 16 40 91 -8 1 15 33

0 43 49 69 -8 4 23 37

0 22 34 63 -1 5 16 24

0 12 46 68 -17 16 28 21

0 12 22 45 -6 8 14 9

0 36 85 77 -9 2 3 46

0 6 82 8 -4 7 17 38

0 20 82 93 -18 3 10 40

0 3 75 73 -20 22 30 6

0 5 66 85 -10 26 45 44

0 56 59 8 -7 20 28 34

0 9 55 23 -20 17 31 20

0 7 70 5 -20 39 40 23

0 12 95 58 -11 1 45 11

0 2 82 21 -17 26 49 34

0 41 80 54 -19 23 36 31

0 11 71 18 -4 15 39 33

0 29 50 9 -1 14 19 26

0 25 27 66 -14 1 18 11

0 21 25 94 -14 1 29 43

0 15 18 60 -19 3 4 34

0 6 58 74 -12 7 38 31

0 17 27 61 -13 0 1 45

0 6 94 58 -20 14 24 40

0 9 42 23 -14 18 23 6

0 35 87 23 -3 3 45 22

0 26 97 29 -13 26 42 41

0 41 50 56 -9 1 32 49

0 7 80 18 -17 44 48 48

0 26 56 49 -4 12 18 15

0 83 96 0 -18 26 30 28

0 53 56 35 -9 0 14 42

0 3 73 56 -2 31 46 44

0 28 46 29 -2 36 38 21

0 42 47 6 -18 36 41 17

0 16 24 91 -19 15 24 23

0 18 32 93 -13 5 32 2

0 67 68 1 -2 0 1 30

0 55 60 78 -15 14 43 38

0 3 68 75 -2 2 20 38

0 29 42 60 -6 7 43 14

0 23 44 86 -13 4 28 20

0 11 12 27 -2 0 12 0

0 11 55 55 -4 10 22 41

0 4 48 27 -19 3 46 35

0 3 31 55 -8 4 45 39

0 22 63 39 -7 20 46 47

0 11 24 54 -13 4 13 47

0 32 50 84 -8 7 48 49

0 8 63 10 -8 22 48 44

0 26 68 31 -5 22 46 46

0 9 24 31 -10 14 38 35

0 21 30 11 -13 3 30 39

0 5 11 60 -11 27 44 31

0 3 18 71 -13 25 36 9

0 4 7 12 -9 31 41 23

0 15 42 64 -3 22 27 47

0 1 52 58 -1 8 23 42

0 3 30 48 -3 16 23 48

0 3 17 8 -10 4 41 5

0 10 28 18 -11 2 10 38

0 7 20 40 -15 15 30 47

0 11 13 87 -16 16 40 25

0 12 15 11 -9 48 49 14

0 6 13 54 -13 0 12 25

0 3 7 94 -2 1 18 28


SAlphaB: 726.0, std-dev 257.26175425433956

Earliest win: 37
Latest win: 81

WinDepth:
0 0 0 0 0 0 0 0 0 0 0 0 0 0 0 0 0 0 0 0 0 0 0 0 0 0 0 0 0 0 0 0 0 0 0 0 0 10 0 0 17 5 6 3 3 12 26 24 27 59 117 114 112 110 102 227 119 184 120 165 142 266 265 367 334 394 393 408 433 405 461 455 412 378 382 376 243 200 189 148 86 74 
SAlphaB:
0 0 0 0 0 0 0 0 0 0 0 0 0 0 0 0 0 0 0 0 0 0 0 0 0 0 0 0 0 0 0 0 0 0 0 0 0 10 0 0 17 5 6 3 3 12 26 24 27 59 117 114 112 110 102 227 119 184 120 165 142 266 265 367 334 394 393 408 433 405 461 455 412 378 382 376 243 200 189 148 86 74 

LossDepth:
SAlphaB:
0 0 0 0 0 0 0 0 0 0 0 0 0 0 0 0 0 0 0 0 0 0 0 0 0 0 0 0 0 0 0 0 0 0 0 0 0 10 0 0 17 5 6 3 3 12 26 24 27 59 117 114 112 110 102 227 119 184 120 165 142 266 265 367 334 394 393 408 433 405 461 455 412 378 382 376 243 200 189 148 86 74 

FirstWin:
0 0 0 0 0 0 0 0 0 0 0 0 0 0 0 0 0 0 0 0 0 0 0 0 0 0 0 0 0 0 0 0 0 0 0 0 0 10 0 0 0 5 0 3 0 12 0 24 0 59 0 114 0 110 0 227 0 184 0 165 0 266 0 367 0 394 0 408 0 405 0 455 0 378 0 376 0 200 0 148 0 74 
SAlphaB:
0 0 0 0 0 0 0 0 0 0 0 0 0 0 0 0 0 0 0 0 0 0 0 0 0 0 0 0 0 0 0 0 0 0 0 0 0 10 0 0 0 5 0 3 0 12 0 24 0 59 0 114 0 110 0 227 0 184 0 165 0 266 0 367 0 394 0 408 0 405 0 455 0 378 0 376 0 200 0 148 0 74 

SecondWin:
0 0 0 0 0 0 0 0 0 0 0 0 0 0 0 0 0 0 0 0 0 0 0 0 0 0 0 0 0 0 0 0 0 0 0 0 0 0 0 0 17 0 6 0 3 0 26 0 27 0 117 0 112 0 102 0 119 0 120 0 142 0 265 0 334 0 393 0 433 0 461 0 412 0 382 0 243 0 189 0 86 0 
SAlphaB:
0 0 0 0 0 0 0 0 0 0 0 0 0 0 0 0 0 0 0 0 0 0 0 0 0 0 0 0 0 0 0 0 0 0 0 0 0 0 0 0 17 0 6 0 3 0 26 0 27 0 117 0 112 0 102 0 119 0 120 0 142 0 265 0 334 0 393 0 433 0 461 0 412 0 382 0 243 0 189 0 86 0 
