0 17 23 63 -17 0 1 10

0 43 82 8 -6 10 25 16

0 56 98 93 -10 0 1 11

0 59 67 23 -13 11 28 15

0 66 78 29 -19 6 33 16

0 75 78 63 -5 4 33 9

0 23 31 74 -7 2 7 2

0 19 45 96 -7 4 8 11

0 21 56 44 -12 5 20 18

0 64 84 99 -5 15 42 41

0 4 79 62 -11 0 3 2

0 66 67 49 -20 12 20 21

0 22 24 36 -18 6 13 45

0 30 49 33 -17 0 19 37

0 16 81 91 -6 19 37 1

0 12 89 41 -3 3 9 19

0 54 63 76 -9 2 12 27

0 12 20 70 -6 8 18 21

0 72 93 34 -19 20 29 31

0 42 59 57 -19 14 17 11

0 24 69 64 -16 13 33 29

0 14 32 80 -5 8 21 15

0 16 25 53 -16 0 4 31

0 9 88 94 -9 1 14 34

0 40 57 50 -7 10 18 29

0 75 87 18 -3 13 30 39

0 17 97 79 -5 17 18 44

0 34 93 39 -11 22 31 39

0 66 83 18 -17 1 2 28

0 49 66 96 -16 0 3 16

0 43 47 68 -18 3 13 41

0 12 44 37 -15 20 27 32

0 57 72 14 -15 7 9 38

0 19 83 37 -19 7 47 42

0 36 55 74 -9 0 1 46

0 31 50 8 -20 2 21 22

0 35 62 5 -11 19 39 28

0 0 88 30 -3 1 4 31

0 16 21 41 -7 2 5 29

0 5 56 6 -17 1 5 2

0 18 42 47 -18 6 10 47

0 1 95 41 -15 24 34 12

0 19 35 8 -3 25 47 22

0 27 41 84 -4 4 13 23

0 53 64 18 -10 34 48 35

0 93 95 2 -16 22 24 1

0 10 20 21 -6 0 11 9

0 59 79 89 -18 16 21 39

0 11 23 23 -14 32 49 28

0 13 20 0 -18 2 3 11

0 64 88 76 -3 27 30 45

0 34 47 70 -5 0 27 16

0 41 77 52 -3 2 8 46

0 64 85 12 -18 30 45 10

0 33 59 45 -3 21 42 37

0 2 12 97 -19 33 36 40

0 13 46 97 -2 30 35 13

0 12 45 1 -11 10 13 39

0 23 28 35 -9 1 29 6

0 6 28 68 -6 6 11 48

0 18 46 2 -8 30 33 33

0 37 96 1 -5 37 38 13

0 40 62 4 -1 2 16 46

0 1 95 89 -13 27 43 49

0 23 43 9 -7 21 37 31

0 21 30 31 -5 0 1 38

0 10 12 96 -1 6 7 26

0 6 19 99 -9 7 35 35

0 53 67 26 -13 29 34 24

0 6 30 90 -4 2 14 11

0 29 30 84 -4 12 49 20

0 9 20 40 -8 7 15 41

0 0 8 28 -16 11 27 12

0 16 21 70 -19 4 17 38

0 6 42 17 -11 3 4 30

0 9 26 22 -3 10 19 40

0 2 7 38 -11 1 3 7

0 4 18 77 -8 6 8 22

0 6 13 30 -15 28 34 20

0 8 21 73 -1 40 43 43

0 12 29 76 -11 37 39 32

0 2 23 64 -18 20 25 9

0 2 4 99 -18 0 25 8

0 1 53 3 -8 32 42 16

0 0 54 15 -19 23 27 20

0 5 6 38 -3 16 28 5

0 1 2 62 -13 14 29 40

0 0 8 18 -6 35 39 12

0 7 14 56 -7 17 22 45

0 5 24 29 -3 28 34 38

0 12 16 16 -6 11 13 15

0 0 26 92 -13 0 37 1

0 2 4 59 -4 6 47 35

0 8 36 78 -20 18 35 47

0 22 23 48 -4 40 42 0

0 1 8 9 -10 20 30 4

0 0 1 41 -16 30 38 11

0 0 1 58 -20 29 41 10

0 0 9 16 -11 2 31 36

0 3 6 28 -2 1 5 43


SAlphaB: 717.0, std-dev 262.3540657357549

Earliest win: 37
Latest win: 81

WinDepth:
0 0 0 0 0 0 0 0 0 0 0 0 0 0 0 0 0 0 0 0 0 0 0 0 0 0 0 0 0 0 0 0 0 0 0 0 0 3 2 7 1 1 5 19 14 16 22 39 25 61 70 197 101 106 114 161 132 199 156 200 173 209 266 298 301 361 396 353 393 391 496 422 461 376 440 378 239 244 177 129 90 67 
SAlphaB:
0 0 0 0 0 0 0 0 0 0 0 0 0 0 0 0 0 0 0 0 0 0 0 0 0 0 0 0 0 0 0 0 0 0 0 0 0 3 2 7 1 1 5 19 14 16 22 39 25 61 70 197 101 106 114 161 132 199 156 200 173 209 266 298 301 361 396 353 393 391 496 422 461 376 440 378 239 244 177 129 90 67 

LossDepth:
SAlphaB:
0 0 0 0 0 0 0 0 0 0 0 0 0 0 0 0 0 0 0 0 0 0 0 0 0 0 0 0 0 0 0 0 0 0 0 0 0 3 2 7 1 1 5 19 14 16 22 39 25 61 70 197 101 106 114 161 132 199 156 200 173 209 266 298 301 361 396 353 393 391 496 422 461 376 440 378 239 244 177 129 90 67 

FirstWin:
0 0 0 0 0 0 0 0 0 0 0 0 0 0 0 0 0 0 0 0 0 0 0 0 0 0 0 0 0 0 0 0 0 0 0 0 0 3 0 7 0 1 0 19 0 16 0 39 0 61 0 197 0 106 0 161 0 199 0 200 0 209 0 298 0 361 0 353 0 391 0 422 0 376 0 378 0 244 0 129 0 67 
SAlphaB:
0 0 0 0 0 0 0 0 0 0 0 0 0 0 0 0 0 0 0 0 0 0 0 0 0 0 0 0 0 0 0 0 0 0 0 0 0 3 0 7 0 1 0 19 0 16 0 39 0 61 0 197 0 106 0 161 0 199 0 200 0 209 0 298 0 361 0 353 0 391 0 422 0 376 0 378 0 244 0 129 0 67 

SecondWin:
0 0 0 0 0 0 0 0 0 0 0 0 0 0 0 0 0 0 0 0 0 0 0 0 0 0 0 0 0 0 0 0 0 0 0 0 0 0 2 0 1 0 5 0 14 0 22 0 25 0 70 0 101 0 114 0 132 0 156 0 173 0 266 0 301 0 396 0 393 0 496 0 461 0 440 0 239 0 177 0 90 0 
SAlphaB:
0 0 0 0 0 0 0 0 0 0 0 0 0 0 0 0 0 0 0 0 0 0 0 0 0 0 0 0 0 0 0 0 0 0 0 0 0 0 2 0 1 0 5 0 14 0 22 0 25 0 70 0 101 0 114 0 132 0 156 0 173 0 266 0 301 0 396 0 393 0 496 0 461 0 440 0 239 0 177 0 90 0 
