0 26 50 44 -10 3 12 4

0 38 73 19 -7 7 13 20

0 47 97 10 -20 7 24 0

0 63 88 42 -5 12 44 15

0 66 83 17 -15 4 19 10

0 57 89 81 -5 7 11 1

0 48 81 22 -20 1 8 44

0 27 62 68 -15 3 8 26

0 53 94 15 -9 13 17 47

0 24 53 52 -3 3 4 1

0 24 55 29 -8 3 6 2

0 41 72 30 -6 12 23 12

0 17 46 4 -4 2 12 2

0 50 93 30 -9 10 11 7

0 48 84 7 -20 5 10 12

0 32 48 47 -4 32 49 14

0 43 70 96 -20 29 47 12

0 65 80 12 -18 17 31 9

0 25 27 60 -8 27 29 28

0 5 82 83 -10 20 32 9

0 75 84 41 -18 19 33 3

0 46 51 44 -14 12 38 19

0 77 84 68 -18 13 29 4

0 57 60 44 -19 7 15 22

0 53 74 28 -18 11 19 30

0 60 74 81 -8 0 1 19

0 48 53 93 -15 22 25 15

0 52 59 12 -20 4 6 6

0 27 63 46 -13 33 48 18

0 43 53 77 -16 40 44 34

0 47 67 97 -13 22 26 48

0 24 64 46 -3 5 12 46

0 18 35 88 -11 3 4 17

0 45 85 22 -16 10 49 15

0 47 82 48 -11 37 46 29

0 34 36 2 -14 9 34 39

0 25 73 90 -2 14 28 33

0 9 51 7 -1 12 34 17

0 74 87 3 -18 5 8 49

0 12 95 19 -6 9 10 9

0 58 64 97 -14 5 6 47

0 6 82 44 -9 22 41 30

0 27 87 71 -15 8 49 40

0 8 71 39 -16 1 4 23

0 44 75 72 -1 0 10 24

0 16 59 40 -2 22 43 26

0 4 84 10 -14 4 18 42

0 14 70 60 -11 15 44 18

0 1 83 34 -8 17 18 25

0 1 92 40 -10 18 41 27

0 19 63 67 -3 19 20 1

0 2 95 39 -2 1 18 31

0 29 36 3 -17 19 25 21

0 69 77 89 -7 34 48 48

0 67 89 90 -14 34 47 12

0 1 66 23 -4 13 18 48

0 23 30 47 -1 7 9 37

0 29 40 97 -5 15 47 7

0 24 71 97 -7 13 17 43

0 24 35 70 -16 5 31 4

0 61 81 53 -18 43 45 27

0 19 59 65 -18 0 19 45

0 68 80 21 -20 27 49 20

0 5 55 56 -7 15 22 28

0 30 73 53 -14 21 48 32

0 1 32 70 -4 2 3 16

0 5 31 9 -19 10 26 26

0 26 35 28 -14 3 20 43

0 13 63 2 -13 7 8 0

0 6 20 12 -6 26 32 32

0 11 65 1 -9 8 25 49

0 20 22 66 -8 30 34 43

0 6 44 90 -11 36 42 1

0 27 52 92 -13 12 47 14

0 1 18 54 -8 0 3 24

0 14 19 39 -10 42 44 24

0 6 68 84 -13 20 27 3

0 31 43 17 -10 29 37 47

0 17 21 95 -13 31 32 46

0 4 11 78 -12 10 47 25

0 7 25 69 -20 0 33 21

0 1 4 0 -13 12 38 26

0 0 7 31 -19 5 9 13

0 1 7 72 -16 9 24 34

0 4 20 51 -2 12 16 18

0 0 1 45 -16 17 49 14

0 18 22 4 -5 5 42 34

0 3 14 38 -13 13 28 24

0 9 15 60 -1 13 40 17

0 6 27 21 -10 3 26 37

0 0 2 23 -12 18 26 27

0 5 13 17 -9 7 47 19

0 0 4 30 -8 9 34 33

0 1 2 23 -11 0 8 28

0 13 20 40 -3 10 20 42

0 5 14 83 -1 2 42 13

0 1 13 9 -10 24 33 2

0 0 4 5 -4 8 41 21

0 2 5 18 -20 39 47 23

0 0 6 72 -6 30 33 0


SAlphaB: 688.0, std-dev 270.74317986690716

Earliest win: 37
Latest win: 81

WinDepth:
0 0 0 0 0 0 0 0 0 0 0 0 0 0 0 0 0 0 0 0 0 0 0 0 0 0 0 0 0 0 0 0 0 0 0 0 0 1 0 4 7 4 1 28 30 22 10 42 33 64 86 144 91 108 107 220 146 165 124 177 177 217 218 309 334 331 392 389 410 390 473 444 446 380 438 336 267 228 213 149 87 72 
SAlphaB:
0 0 0 0 0 0 0 0 0 0 0 0 0 0 0 0 0 0 0 0 0 0 0 0 0 0 0 0 0 0 0 0 0 0 0 0 0 1 0 4 7 4 1 28 30 22 10 42 33 64 86 144 91 108 107 220 146 165 124 177 177 217 218 309 334 331 392 389 410 390 473 444 446 380 438 336 267 228 213 149 87 72 

LossDepth:
SAlphaB:
0 0 0 0 0 0 0 0 0 0 0 0 0 0 0 0 0 0 0 0 0 0 0 0 0 0 0 0 0 0 0 0 0 0 0 0 0 1 0 4 7 4 1 28 30 22 10 42 33 64 86 144 91 108 107 220 146 165 124 177 177 217 218 309 334 331 392 389 410 390 473 444 446 380 438 336 267 228 213 149 87 72 

FirstWin:
0 0 0 0 0 0 0 0 0 0 0 0 0 0 0 0 0 0 0 0 0 0 0 0 0 0 0 0 0 0 0 0 0 0 0 0 0 1 0 4 0 4 0 28 0 22 0 42 0 64 0 144 0 108 0 220 0 165 0 177 0 217 0 309 0 331 0 389 0 390 0 444 0 380 0 336 0 228 0 149 0 72 
SAlphaB:
0 0 0 0 0 0 0 0 0 0 0 0 0 0 0 0 0 0 0 0 0 0 0 0 0 0 0 0 0 0 0 0 0 0 0 0 0 1 0 4 0 4 0 28 0 22 0 42 0 64 0 144 0 108 0 220 0 165 0 177 0 217 0 309 0 331 0 389 0 390 0 444 0 380 0 336 0 228 0 149 0 72 

SecondWin:
0 0 0 0 0 0 0 0 0 0 0 0 0 0 0 0 0 0 0 0 0 0 0 0 0 0 0 0 0 0 0 0 0 0 0 0 0 0 0 0 7 0 1 0 30 0 10 0 33 0 86 0 91 0 107 0 146 0 124 0 177 0 218 0 334 0 392 0 410 0 473 0 446 0 438 0 267 0 213 0 87 0 
SAlphaB:
0 0 0 0 0 0 0 0 0 0 0 0 0 0 0 0 0 0 0 0 0 0 0 0 0 0 0 0 0 0 0 0 0 0 0 0 0 0 0 0 7 0 1 0 30 0 10 0 33 0 86 0 91 0 107 0 146 0 124 0 177 0 218 0 334 0 392 0 410 0 473 0 446 0 438 0 267 0 213 0 87 0 
