0 52 97 68 -17 4 9 24

0 47 72 3 -8 4 21 24

0 49 88 77 -17 7 20 7

0 52 65 6 -9 5 22 20

0 44 83 46 -10 8 34 25

0 62 81 28 -11 7 8 1

0 59 89 23 -2 15 41 17

0 24 55 52 -18 2 11 14

0 49 68 15 -18 4 14 40

0 31 85 71 -1 11 20 24

0 52 75 10 -2 2 41 3

0 24 46 8 -16 3 16 35

0 48 67 79 -6 9 10 37

0 32 36 31 -16 17 20 12

0 32 66 50 -20 12 29 20

0 14 82 87 -2 1 30 15

0 29 88 94 -14 3 8 39

0 42 81 13 -4 4 29 24

0 40 62 67 -4 15 33 39

0 16 60 34 -2 37 41 20

0 32 67 94 -19 7 13 21

0 55 68 20 -1 7 42 30

0 37 99 89 -14 35 48 18

0 49 59 37 -8 6 12 22

0 26 31 84 -5 1 18 22

0 20 96 95 -20 1 11 33

0 85 91 59 -10 0 10 16

0 16 93 44 -8 10 26 3

0 69 70 38 -4 4 37 44

0 43 62 20 -9 1 6 35

0 39 40 99 -6 41 45 3

0 3 74 77 -5 32 49 1

0 55 64 82 -14 34 40 20

0 60 72 75 -1 12 17 11

0 85 99 5 -1 13 14 45

0 54 87 3 -14 7 9 39

0 55 66 99 -17 0 25 38

0 30 92 74 -8 22 27 43

0 93 99 9 -12 14 19 38

0 18 90 85 -7 36 48 43

0 70 97 35 -6 1 9 36

0 49 54 68 -13 0 2 45

0 10 44 76 -8 2 18 4

0 10 81 50 -18 9 26 43

0 2 87 71 -10 19 22 5

0 59 86 46 -14 4 15 42

0 11 36 96 -8 4 6 16

0 72 94 79 -5 22 40 10

0 77 87 39 -17 27 32 1

0 10 59 38 -15 5 23 24

0 53 62 0 -2 7 47 23

0 1 40 23 -6 3 11 7

0 9 28 12 -8 39 43 6

0 28 32 91 -15 3 41 7

0 22 52 82 -2 3 6 17

0 13 58 81 -1 1 2 22

0 23 48 7 -20 0 4 32

0 14 51 47 -15 6 13 37

0 4 71 42 -20 5 33 39

0 32 60 97 -11 2 4 48

0 8 26 58 -17 37 49 39

0 33 35 57 -10 43 45 38

0 15 27 49 -6 2 4 23

0 60 73 96 -18 19 37 27

0 1 81 53 -20 13 43 2

0 27 41 61 -18 4 40 36

0 3 16 80 -20 3 24 9

0 24 25 14 -11 34 45 17

0 8 56 21 -19 26 34 14

0 2 72 22 -2 5 19 17

0 8 83 77 -18 17 31 43

0 1 74 5 -9 9 14 0

0 24 49 90 -12 14 33 24

0 7 16 15 -14 0 5 31

0 1 44 84 -5 13 18 30

0 19 42 41 -12 2 24 29

0 2 13 40 -6 12 24 15

0 13 14 5 -17 3 8 29

0 39 42 32 -15 37 38 40

0 10 28 20 -7 37 46 46

0 5 37 65 -8 14 46 35

0 14 75 62 -1 5 23 39

0 14 86 11 -15 16 18 23

0 7 88 15 -14 17 29 15

0 8 39 59 -12 29 40 2

0 4 13 30 -13 36 45 15

0 1 11 57 -8 7 21 41

0 1 5 53 -9 34 43 20

0 6 10 42 -6 38 46 25

0 4 35 67 -8 0 2 39

0 22 26 34 -12 10 15 33

0 6 30 80 -10 27 31 47

0 16 31 86 -7 1 49 28

0 3 13 95 -4 0 1 30

0 16 21 73 -15 5 22 34

0 3 37 70 -10 7 28 14

0 1 15 69 -14 6 28 35

0 2 6 21 -1 3 17 9

0 14 26 64 -19 9 42 3

0 4 21 72 -19 2 17 33


SAlphaB: 714.0, std-dev 256.7901840732306

Earliest win: 36
Latest win: 81

WinDepth:
0 0 0 0 0 0 0 0 0 0 0 0 0 0 0 0 0 0 0 0 0 0 0 0 0 0 0 0 0 0 0 0 0 0 0 0 2 2 5 2 9 7 0 29 15 22 17 25 27 49 72 146 108 91 90 138 119 155 117 172 135 239 248 372 315 380 347 382 476 441 436 448 459 399 425 363 286 278 225 146 105 65 
SAlphaB:
0 0 0 0 0 0 0 0 0 0 0 0 0 0 0 0 0 0 0 0 0 0 0 0 0 0 0 0 0 0 0 0 0 0 0 0 2 2 5 2 9 7 0 29 15 22 17 25 27 49 72 146 108 91 90 138 119 155 117 172 135 239 248 372 315 380 347 382 476 441 436 448 459 399 425 363 286 278 225 146 105 65 

LossDepth:
SAlphaB:
0 0 0 0 0 0 0 0 0 0 0 0 0 0 0 0 0 0 0 0 0 0 0 0 0 0 0 0 0 0 0 0 0 0 0 0 2 2 5 2 9 7 0 29 15 22 17 25 27 49 72 146 108 91 90 138 119 155 117 172 135 239 248 372 315 380 347 382 476 441 436 448 459 399 425 363 286 278 225 146 105 65 

FirstWin:
0 0 0 0 0 0 0 0 0 0 0 0 0 0 0 0 0 0 0 0 0 0 0 0 0 0 0 0 0 0 0 0 0 0 0 0 0 2 0 2 0 7 0 29 0 22 0 25 0 49 0 146 0 91 0 138 0 155 0 172 0 239 0 372 0 380 0 382 0 441 0 448 0 399 0 363 0 278 0 146 0 65 
SAlphaB:
0 0 0 0 0 0 0 0 0 0 0 0 0 0 0 0 0 0 0 0 0 0 0 0 0 0 0 0 0 0 0 0 0 0 0 0 0 2 0 2 0 7 0 29 0 22 0 25 0 49 0 146 0 91 0 138 0 155 0 172 0 239 0 372 0 380 0 382 0 441 0 448 0 399 0 363 0 278 0 146 0 65 

SecondWin:
0 0 0 0 0 0 0 0 0 0 0 0 0 0 0 0 0 0 0 0 0 0 0 0 0 0 0 0 0 0 0 0 0 0 0 0 2 0 5 0 9 0 0 0 15 0 17 0 27 0 72 0 108 0 90 0 119 0 117 0 135 0 248 0 315 0 347 0 476 0 436 0 459 0 425 0 286 0 225 0 105 0 
SAlphaB:
0 0 0 0 0 0 0 0 0 0 0 0 0 0 0 0 0 0 0 0 0 0 0 0 0 0 0 0 0 0 0 0 0 0 0 0 2 0 5 0 9 0 0 0 15 0 17 0 27 0 72 0 108 0 90 0 119 0 117 0 135 0 248 0 315 0 347 0 476 0 436 0 459 0 425 0 286 0 225 0 105 0 
