0 13 98 79 -2 10 26 3

0 57 85 48 -19 8 23 10

0 14 38 50 -13 0 1 9

0 32 66 6 -17 4 15 14

0 41 84 78 -8 3 11 8

0 63 87 90 -8 11 16 3

0 54 68 42 -4 15 41 0

0 51 95 27 -8 7 15 10

0 31 76 60 -16 7 18 2

0 7 42 88 -3 16 21 13

0 31 86 96 -11 1 2 0

0 4 42 52 -14 3 9 14

0 64 95 58 -6 5 20 45

0 76 83 89 -7 5 20 29

0 89 94 75 -1 25 29 29

0 20 89 60 -6 1 9 25

0 31 43 60 -7 30 38 25

0 43 83 65 -2 10 13 24

0 30 40 76 -18 11 15 39

0 52 81 99 -4 10 46 35

0 27 35 62 -13 14 36 24

0 17 73 96 -14 3 33 12

0 62 63 34 -15 13 32 28

0 56 80 2 -15 6 10 45

0 20 51 84 -11 5 15 24

0 71 78 86 -12 6 29 1

0 33 71 19 -18 6 9 16

0 52 61 39 -18 6 33 12

0 33 87 51 -5 22 37 1

0 66 96 85 -4 2 11 19

0 16 31 39 -11 6 9 12

0 49 90 55 -18 10 40 35

0 25 36 70 -16 4 14 29

0 67 86 35 -15 18 34 17

0 43 44 92 -9 0 7 40

0 13 79 12 -5 0 3 30

0 4 20 38 -14 1 2 9

0 22 26 77 -14 4 7 26

0 0 70 95 -16 8 16 46

0 9 31 7 -16 1 3 12

0 49 94 51 -8 0 1 31

0 38 72 36 -6 1 9 40

0 13 19 50 -14 0 3 30

0 49 95 73 -4 33 36 16

0 49 79 59 -8 40 41 46

0 48 73 35 -11 21 25 34

0 35 89 65 -3 20 24 35

0 15 63 15 -11 9 18 27

0 23 91 5 -2 14 29 32

0 10 82 57 -8 1 11 34

0 36 38 28 -19 3 27 32

0 31 58 13 -4 0 16 33

0 17 54 15 -17 19 23 11

0 37 43 84 -2 1 4 32

0 39 63 51 -3 0 33 24

0 23 53 13 -4 0 3 39

0 38 50 95 -20 6 41 14

0 37 66 15 -5 23 48 24

0 8 67 78 -11 21 26 10

0 28 65 14 -1 0 13 35

0 49 92 50 -20 38 42 9

0 9 16 38 -8 9 25 20

0 2 88 46 -16 2 8 28

0 15 86 11 -10 9 18 43

0 32 47 49 -15 16 32 47

0 11 14 24 -14 32 36 38

0 8 29 60 -18 2 25 41

0 23 64 85 -18 14 22 39

0 3 15 59 -6 26 34 26

0 31 35 12 -6 13 18 0

0 16 29 38 -5 36 42 30

0 8 18 29 -18 2 4 2

0 38 40 11 -4 13 38 12

0 41 78 45 -10 29 32 2

0 16 26 10 -17 30 31 0

0 45 84 68 -18 14 16 23

0 80 99 47 -12 41 49 23

0 6 11 30 -3 37 39 1

0 13 66 35 -5 20 38 42

0 6 12 97 -17 1 7 24

0 7 49 52 -17 35 45 14

0 1 10 19 -14 16 24 17

0 22 37 15 -2 14 16 6

0 8 14 84 -1 4 16 24

0 4 45 84 -4 0 29 27

0 0 9 81 -1 13 20 32

0 10 23 8 -6 9 37 40

0 1 2 42 -12 8 11 30

0 1 7 98 -5 36 44 47

0 1 16 93 -15 17 32 17

0 15 36 12 -7 18 26 30

0 4 50 42 -8 5 26 42

0 1 4 94 -7 0 5 23

0 19 24 42 -3 19 27 35

0 2 18 50 -8 17 26 24

0 1 3 52 -6 4 11 10

0 5 6 61 -2 4 44 37

0 0 6 37 -5 17 18 42

0 1 13 18 -2 20 22 43

0 1 3 66 -20 42 49 0


SAlphaB: 687.0, std-dev 264.5129280222596

Earliest win: 35
Latest win: 81

WinDepth:
0 0 0 0 0 0 0 0 0 0 0 0 0 0 0 0 0 0 0 0 0 0 0 0 0 0 0 0 0 0 0 0 0 0 0 1 0 1 6 2 1 2 3 20 17 6 10 40 14 71 82 159 81 132 103 200 147 169 159 174 168 225 258 335 325 367 397 375 422 415 392 450 424 389 380 370 228 234 188 146 114 86 
SAlphaB:
0 0 0 0 0 0 0 0 0 0 0 0 0 0 0 0 0 0 0 0 0 0 0 0 0 0 0 0 0 0 0 0 0 0 0 1 0 1 6 2 1 2 3 20 17 6 10 40 14 71 82 159 81 132 103 200 147 169 159 174 168 225 258 335 325 367 397 375 422 415 392 450 424 389 380 370 228 234 188 146 114 86 

LossDepth:
SAlphaB:
0 0 0 0 0 0 0 0 0 0 0 0 0 0 0 0 0 0 0 0 0 0 0 0 0 0 0 0 0 0 0 0 0 0 0 1 0 1 6 2 1 2 3 20 17 6 10 40 14 71 82 159 81 132 103 200 147 169 159 174 168 225 258 335 325 367 397 375 422 415 392 450 424 389 380 370 228 234 188 146 114 86 

FirstWin:
0 0 0 0 0 0 0 0 0 0 0 0 0 0 0 0 0 0 0 0 0 0 0 0 0 0 0 0 0 0 0 0 0 0 0 1 0 1 0 2 0 2 0 20 0 6 0 40 0 71 0 159 0 132 0 200 0 169 0 174 0 225 0 335 0 367 0 375 0 415 0 450 0 389 0 370 0 234 0 146 0 86 
SAlphaB:
0 0 0 0 0 0 0 0 0 0 0 0 0 0 0 0 0 0 0 0 0 0 0 0 0 0 0 0 0 0 0 0 0 0 0 1 0 1 0 2 0 2 0 20 0 6 0 40 0 71 0 159 0 132 0 200 0 169 0 174 0 225 0 335 0 367 0 375 0 415 0 450 0 389 0 370 0 234 0 146 0 86 

SecondWin:
0 0 0 0 0 0 0 0 0 0 0 0 0 0 0 0 0 0 0 0 0 0 0 0 0 0 0 0 0 0 0 0 0 0 0 0 0 0 6 0 1 0 3 0 17 0 10 0 14 0 82 0 81 0 103 0 147 0 159 0 168 0 258 0 325 0 397 0 422 0 392 0 424 0 380 0 228 0 188 0 114 0 
SAlphaB:
0 0 0 0 0 0 0 0 0 0 0 0 0 0 0 0 0 0 0 0 0 0 0 0 0 0 0 0 0 0 0 0 0 0 0 0 0 0 6 0 1 0 3 0 17 0 10 0 14 0 82 0 81 0 103 0 147 0 159 0 168 0 258 0 325 0 397 0 422 0 392 0 424 0 380 0 228 0 188 0 114 0 
