0 13 94 45 -12 0 1 37

0 47 87 21 -16 0 1 19

0 35 43 83 -16 3 16 25

0 20 98 88 -7 2 11 15

0 8 83 96 -8 0 1 10

0 73 95 73 -19 4 8 1

0 37 61 37 -9 5 10 24

0 57 70 72 -8 8 34 27

0 28 92 47 -19 4 12 25

0 18 33 99 -7 2 7 16

0 8 24 79 -4 0 3 6

0 54 82 26 -4 17 37 41

0 44 64 40 -16 9 27 32

0 12 19 14 -16 1 3 15

0 8 35 64 -8 4 9 1

0 36 53 98 -16 2 11 26

0 45 52 39 -12 3 21 26

0 25 36 88 -17 24 29 23

0 56 82 23 -6 11 37 45

0 27 48 63 -19 10 24 8

0 65 72 23 -1 4 32 44

0 35 36 86 -2 27 31 29

0 48 93 66 -2 16 18 26

0 36 58 59 -18 3 24 32

0 31 65 32 -20 7 23 41

0 18 58 79 -4 19 36 40

0 23 91 59 -17 29 47 28

0 41 71 75 -7 26 31 45

0 19 80 78 -10 18 32 15

0 38 70 33 -13 15 47 33

0 28 68 21 -16 0 9 3

0 19 64 19 -6 37 39 5

0 28 41 66 -13 8 11 42

0 7 59 92 -17 14 23 23

0 44 78 44 -4 2 4 20

0 15 63 31 -1 12 14 18

0 63 75 73 -18 14 16 30

0 16 52 82 -18 11 26 32

0 59 84 89 -1 22 29 21

0 10 28 84 -20 0 1 18

0 2 42 72 -12 0 13 24

0 19 32 57 -2 3 7 37

0 9 35 30 -9 0 6 41

0 12 61 83 -10 11 37 13

0 26 52 18 -5 5 37 15

0 53 66 99 -9 2 12 46

0 66 85 68 -6 24 45 25

0 8 92 98 -18 26 29 7

0 7 81 95 -14 32 44 2

0 34 53 33 -11 27 37 15

0 16 21 58 -8 0 17 41

0 15 39 38 -18 6 25 46

0 15 28 34 -17 22 46 6

0 2 73 53 -10 17 43 8

0 5 9 30 -9 5 6 1

0 46 67 27 -16 19 33 38

0 27 54 65 -1 4 44 46

0 51 58 77 -10 33 44 41

0 39 78 0 -10 18 30 30

0 27 79 55 -18 11 36 0

0 18 24 0 -1 33 37 9

0 65 74 8 -8 1 2 35

0 8 10 84 -20 0 13 6

0 2 24 1 -1 23 27 25

0 35 88 20 -18 34 40 13

0 10 32 82 -7 18 31 32

0 2 15 63 -2 9 26 9

0 44 76 37 -13 27 34 33

0 6 30 23 -7 27 33 34

0 3 15 68 -16 21 43 16

0 29 45 13 -13 8 38 8

0 5 43 90 -20 1 7 6

0 14 53 25 -6 8 29 28

0 2 42 18 -11 4 27 34

0 54 68 46 -16 24 36 38

0 2 17 75 -3 22 26 48

0 12 49 66 -20 4 22 18

0 14 39 50 -4 0 1 38

0 2 39 61 -18 24 30 14

0 18 29 30 -19 7 12 15

0 3 6 24 -1 11 13 9

0 1 23 55 -18 14 26 34

0 5 26 43 -4 0 2 34

0 10 11 71 -19 3 5 45

0 4 7 79 -9 18 37 33

0 5 7 36 -17 12 22 9

0 10 15 92 -13 31 32 40

0 12 83 84 -12 20 25 46

0 13 34 58 -20 15 21 38

0 22 25 18 -8 2 42 14

0 0 12 53 -5 1 30 29

0 9 33 65 -16 0 42 30

0 2 10 41 -11 5 7 39

0 4 20 62 -2 32 44 7

0 0 1 22 -8 42 47 17

0 19 38 33 -1 1 40 17

0 4 27 34 -1 6 13 46

0 0 3 53 -1 12 16 45

0 9 19 82 -6 29 49 36

0 0 6 69 -18 4 48 23


SAlphaB: 688.0, std-dev 255.47981349024448

Earliest win: 37
Latest win: 81

WinDepth:
0 0 0 0 0 0 0 0 0 0 0 0 0 0 0 0 0 0 0 0 0 0 0 0 0 0 0 0 0 0 0 0 0 0 0 0 0 4 0 3 2 9 5 6 6 18 12 26 12 91 102 274 94 117 98 222 104 217 159 206 182 226 204 328 300 329 399 391 458 395 451 422 419 394 373 351 270 252 162 157 89 69 
SAlphaB:
0 0 0 0 0 0 0 0 0 0 0 0 0 0 0 0 0 0 0 0 0 0 0 0 0 0 0 0 0 0 0 0 0 0 0 0 0 4 0 3 2 9 5 6 6 18 12 26 12 91 102 274 94 117 98 222 104 217 159 206 182 226 204 328 300 329 399 391 458 395 451 422 419 394 373 351 270 252 162 157 89 69 

LossDepth:
SAlphaB:
0 0 0 0 0 0 0 0 0 0 0 0 0 0 0 0 0 0 0 0 0 0 0 0 0 0 0 0 0 0 0 0 0 0 0 0 0 4 0 3 2 9 5 6 6 18 12 26 12 91 102 274 94 117 98 222 104 217 159 206 182 226 204 328 300 329 399 391 458 395 451 422 419 394 373 351 270 252 162 157 89 69 

FirstWin:
0 0 0 0 0 0 0 0 0 0 0 0 0 0 0 0 0 0 0 0 0 0 0 0 0 0 0 0 0 0 0 0 0 0 0 0 0 4 0 3 0 9 0 6 0 18 0 26 0 91 0 274 0 117 0 222 0 217 0 206 0 226 0 328 0 329 0 391 0 395 0 422 0 394 0 351 0 252 0 157 0 69 
SAlphaB:
0 0 0 0 0 0 0 0 0 0 0 0 0 0 0 0 0 0 0 0 0 0 0 0 0 0 0 0 0 0 0 0 0 0 0 0 0 4 0 3 0 9 0 6 0 18 0 26 0 91 0 274 0 117 0 222 0 217 0 206 0 226 0 328 0 329 0 391 0 395 0 422 0 394 0 351 0 252 0 157 0 69 

SecondWin:
0 0 0 0 0 0 0 0 0 0 0 0 0 0 0 0 0 0 0 0 0 0 0 0 0 0 0 0 0 0 0 0 0 0 0 0 0 0 0 0 2 0 5 0 6 0 12 0 12 0 102 0 94 0 98 0 104 0 159 0 182 0 204 0 300 0 399 0 458 0 451 0 419 0 373 0 270 0 162 0 89 0 
SAlphaB:
0 0 0 0 0 0 0 0 0 0 0 0 0 0 0 0 0 0 0 0 0 0 0 0 0 0 0 0 0 0 0 0 0 0 0 0 0 0 0 0 2 0 5 0 6 0 12 0 12 0 102 0 94 0 98 0 104 0 159 0 182 0 204 0 300 0 399 0 458 0 451 0 419 0 373 0 270 0 162 0 89 0 
