0 80 87 42 -15 6 28 25

0 35 43 75 -14 2 9 5

0 61 66 69 -2 12 26 42

0 26 75 64 -11 11 13 30

0 39 52 80 -11 5 17 33

0 16 62 90 -3 2 14 20

0 49 82 46 -5 4 12 21

0 29 41 72 -19 7 18 37

0 30 41 57 -3 13 31 38

0 65 75 25 -9 0 17 21

0 54 77 45 -19 5 7 16

0 7 79 63 -2 2 21 3

0 44 83 7 -7 17 19 21

0 12 60 14 -17 7 21 7

0 25 87 28 -10 4 5 42

0 37 59 15 -5 0 2 20

0 6 35 76 -10 0 3 5

0 44 69 71 -2 14 33 30

0 21 91 93 -3 24 45 4

0 10 66 7 -17 15 39 5

0 41 45 0 -10 4 33 10

0 21 75 40 -9 32 48 7

0 67 97 74 -4 24 41 13

0 85 97 15 -16 1 6 40

0 20 43 30 -4 7 13 23

0 41 54 62 -18 4 32 23

0 37 65 34 -13 7 11 1

0 27 55 70 -1 4 9 33

0 92 97 43 -4 0 3 33

0 51 66 90 -9 7 37 0

0 28 69 89 -20 1 33 28

0 19 42 52 -5 23 28 28

0 7 35 83 -3 20 23 29

0 48 49 21 -2 11 32 27

0 37 58 81 -6 16 17 29

0 32 64 51 -12 6 44 34

0 19 50 78 -12 6 7 39

0 32 59 48 -14 20 28 11

0 27 46 41 -1 11 29 12

0 13 39 37 -18 9 26 36

0 8 65 5 -1 2 5 39

0 17 19 62 -18 2 18 17

0 5 59 88 -9 0 4 23

0 77 79 14 -3 29 32 11

0 9 87 51 -5 3 33 21

0 14 43 42 -14 4 8 14

0 13 42 28 -12 25 32 32

0 54 84 44 -18 40 42 32

0 30 47 49 -7 15 17 28

0 76 78 20 -9 1 22 13

0 6 56 90 -10 15 16 2

0 73 79 4 -9 0 1 23

0 24 46 97 -12 29 39 43

0 59 63 9 -9 25 40 29

0 35 47 17 -13 27 32 14

0 82 93 41 -13 17 21 34

0 26 51 37 -3 7 20 44

0 33 88 15 -18 5 43 12

0 1 65 0 -10 4 10 12

0 7 63 97 -14 18 45 9

0 3 10 59 -3 5 7 10

0 1 7 86 -7 2 4 13

0 9 49 8 -9 1 15 4

0 4 17 58 -18 7 16 23

0 23 43 19 -16 18 30 47

0 7 11 20 -4 8 24 3

0 13 25 96 -17 6 16 11

0 15 62 74 -15 4 22 22

0 5 37 89 -12 29 36 35

0 45 53 61 -10 33 37 2

0 62 91 77 -18 31 45 29

0 10 58 4 -9 27 48 2

0 7 21 76 -16 40 41 39

0 3 33 22 -19 42 46 24

0 15 48 87 -20 35 39 18

0 12 32 57 -9 0 2 39

0 10 16 1 -19 29 30 26

0 11 31 77 -4 2 20 13

0 2 9 87 -15 0 7 37

0 1 56 91 -3 2 39 27

0 10 34 47 -15 6 11 30

0 5 6 24 -7 8 16 9

0 8 18 73 -6 0 26 5

0 38 41 80 -3 10 12 46

0 12 19 65 -6 32 33 48

0 4 7 20 -15 33 34 22

0 0 12 95 -11 0 4 35

0 0 2 49 -14 28 30 26

0 0 1 36 -6 11 36 45

0 3 8 15 -16 5 6 18

0 42 66 98 -2 0 1 37

0 0 22 88 -16 18 37 10

0 5 18 71 -2 36 44 46

0 4 17 73 -1 35 44 24

0 7 27 88 -13 30 31 27

0 6 11 27 -16 6 21 25

0 2 8 57 -1 40 43 27

0 7 12 41 -5 1 36 42

0 1 11 38 -3 1 19 13

0 6 10 68 -13 1 4 49


SAlphaB: 702.0, std-dev 265.776808847597

Earliest win: 35
Latest win: 81

WinDepth:
0 0 0 0 0 0 0 0 0 0 0 0 0 0 0 0 0 0 0 0 0 0 0 0 0 0 0 0 0 0 0 0 0 0 0 1 0 3 0 9 12 8 0 19 4 18 2 25 35 56 53 217 110 97 75 209 131 188 137 180 187 242 240 316 301 327 377 394 397 358 492 450 406 387 443 335 267 270 198 130 102 68 
SAlphaB:
0 0 0 0 0 0 0 0 0 0 0 0 0 0 0 0 0 0 0 0 0 0 0 0 0 0 0 0 0 0 0 0 0 0 0 1 0 3 0 9 12 8 0 19 4 18 2 25 35 56 53 217 110 97 75 209 131 188 137 180 187 242 240 316 301 327 377 394 397 358 492 450 406 387 443 335 267 270 198 130 102 68 

LossDepth:
SAlphaB:
0 0 0 0 0 0 0 0 0 0 0 0 0 0 0 0 0 0 0 0 0 0 0 0 0 0 0 0 0 0 0 0 0 0 0 1 0 3 0 9 12 8 0 19 4 18 2 25 35 56 53 217 110 97 75 209 131 188 137 180 187 242 240 316 301 327 377 394 397 358 492 450 406 387 443 335 267 270 198 130 102 68 

FirstWin:
0 0 0 0 0 0 0 0 0 0 0 0 0 0 0 0 0 0 0 0 0 0 0 0 0 0 0 0 0 0 0 0 0 0 0 1 0 3 0 9 0 8 0 19 0 18 0 25 0 56 0 217 0 97 0 209 0 188 0 180 0 242 0 316 0 327 0 394 0 358 0 450 0 387 0 335 0 270 0 130 0 68 
SAlphaB:
0 0 0 0 0 0 0 0 0 0 0 0 0 0 0 0 0 0 0 0 0 0 0 0 0 0 0 0 0 0 0 0 0 0 0 1 0 3 0 9 0 8 0 19 0 18 0 25 0 56 0 217 0 97 0 209 0 188 0 180 0 242 0 316 0 327 0 394 0 358 0 450 0 387 0 335 0 270 0 130 0 68 

SecondWin:
0 0 0 0 0 0 0 0 0 0 0 0 0 0 0 0 0 0 0 0 0 0 0 0 0 0 0 0 0 0 0 0 0 0 0 0 0 0 0 0 12 0 0 0 4 0 2 0 35 0 53 0 110 0 75 0 131 0 137 0 187 0 240 0 301 0 377 0 397 0 492 0 406 0 443 0 267 0 198 0 102 0 
SAlphaB:
0 0 0 0 0 0 0 0 0 0 0 0 0 0 0 0 0 0 0 0 0 0 0 0 0 0 0 0 0 0 0 0 0 0 0 0 0 0 0 0 12 0 0 0 4 0 2 0 35 0 53 0 110 0 75 0 131 0 137 0 187 0 240 0 301 0 377 0 397 0 492 0 406 0 443 0 267 0 198 0 102 0 
