0 60 93 67 -17 0 18 38

0 48 93 23 -7 0 2 13

0 3 84 47 -3 9 13 11

0 25 68 85 -10 0 4 24

0 74 93 82 -12 18 19 18

0 24 92 57 -4 6 20 42

0 8 15 62 -7 6 12 10

0 86 92 80 -6 5 28 25

0 46 47 14 -12 5 8 34

0 8 90 76 -5 2 15 18

0 37 48 18 -20 2 6 0

0 25 89 8 -1 2 10 10

0 26 60 60 -9 0 17 20

0 52 91 52 -10 5 7 30

0 53 78 35 -17 9 11 18

0 46 92 26 -15 4 36 7

0 70 95 55 -11 0 9 8

0 8 51 76 -12 0 12 16

0 90 92 47 -5 9 34 43

0 30 92 83 -19 6 10 41

0 63 94 44 -12 6 26 34

0 11 22 61 -16 6 8 7

0 45 84 73 -1 4 19 28

0 36 68 49 -11 14 27 13

0 11 78 64 -18 24 27 27

0 45 60 96 -9 11 36 1

0 13 92 65 -12 14 15 29

0 19 34 25 -6 27 37 26

0 21 49 77 -14 11 35 6

0 92 94 7 -14 12 40 9

0 40 85 32 -11 25 29 45

0 21 23 83 -20 19 40 3

0 71 76 47 -15 1 25 44

0 13 55 85 -17 2 15 15

0 33 37 72 -18 16 19 7

0 33 86 66 -11 5 22 45

0 26 45 41 -7 16 40 16

0 8 61 97 -5 5 16 37

0 28 43 6 -7 2 9 44

0 73 76 89 -7 21 45 25

0 5 13 82 -1 16 17 5

0 11 22 46 -12 9 11 2

0 9 29 86 -7 22 44 8

0 10 39 6 -4 25 33 32

0 3 13 32 -15 35 38 43

0 6 10 72 -3 32 38 27

0 7 8 74 -16 31 38 43

0 60 64 60 -15 10 13 46

0 3 64 9 -8 0 11 36

0 57 84 80 -4 15 16 36

0 31 85 17 -18 20 21 20

0 6 16 74 -20 18 32 5

0 37 53 54 -16 43 46 44

0 13 35 80 -17 33 47 24

0 51 55 39 -12 33 38 8

0 3 5 13 -20 3 9 6

0 33 97 3 -18 22 25 35

0 0 9 58 -5 14 23 34

0 0 8 88 -17 3 4 14

0 34 84 18 -16 30 42 15

0 12 14 50 -18 23 31 20

0 8 24 56 -14 8 46 19

0 12 15 7 -2 12 21 0

0 1 6 73 -2 11 14 33

0 6 10 93 -14 5 17 32

0 13 67 9 -13 31 34 37

0 5 6 5 -15 9 25 20

0 2 3 3 -4 11 13 15

0 10 29 45 -15 14 36 49

0 7 25 11 -10 30 31 19

0 1 2 96 -7 1 2 7

0 5 13 59 -9 24 27 10

0 9 21 28 -3 0 20 7

0 32 76 26 -14 20 21 28

0 8 9 52 -15 0 1 1

0 2 9 30 -4 6 8 27

0 54 57 79 -2 29 42 46

0 3 54 10 -11 47 48 40

0 3 4 88 -19 12 30 42

0 25 32 99 -14 7 30 32

0 16 19 40 -13 23 34 14

0 27 60 24 -13 21 28 20

0 3 16 2 -13 22 26 40

0 43 56 53 -8 23 37 28

0 5 27 9 -4 12 20 34

0 20 37 68 -2 7 34 40

0 1 2 45 -5 0 12 24

0 30 66 1 -11 28 41 2

0 2 6 32 -17 14 44 41

0 2 3 86 -13 1 20 31

0 3 4 86 -5 4 23 42

0 17 47 89 -17 3 47 35

0 4 7 90 -10 1 48 41

0 32 39 89 -6 2 40 32

0 9 11 15 -1 28 44 47

0 10 12 58 -2 7 19 37

0 0 1 11 -9 29 39 2

0 0 2 60 -5 6 33 49

0 0 15 55 -10 7 21 48

0 1 27 69 -8 3 23 42


SAlphaB: 744.0, std-dev 271.2039952143073

Earliest win: 39
Latest win: 81

WinDepth:
0 0 0 0 0 0 0 0 0 0 0 0 0 0 0 0 0 0 0 0 0 0 0 0 0 0 0 0 0 0 0 0 0 0 0 0 0 0 0 1 0 3 6 10 5 20 22 34 13 66 78 184 90 99 81 110 113 212 145 180 140 196 284 292 313 330 434 378 469 408 536 461 511 370 422 376 263 215 177 111 88 73 
SAlphaB:
0 0 0 0 0 0 0 0 0 0 0 0 0 0 0 0 0 0 0 0 0 0 0 0 0 0 0 0 0 0 0 0 0 0 0 0 0 0 0 1 0 3 6 10 5 20 22 34 13 66 78 184 90 99 81 110 113 212 145 180 140 196 284 292 313 330 434 378 469 408 536 461 511 370 422 376 263 215 177 111 88 73 

LossDepth:
SAlphaB:
0 0 0 0 0 0 0 0 0 0 0 0 0 0 0 0 0 0 0 0 0 0 0 0 0 0 0 0 0 0 0 0 0 0 0 0 0 0 0 1 0 3 6 10 5 20 22 34 13 66 78 184 90 99 81 110 113 212 145 180 140 196 284 292 313 330 434 378 469 408 536 461 511 370 422 376 263 215 177 111 88 73 

FirstWin:
0 0 0 0 0 0 0 0 0 0 0 0 0 0 0 0 0 0 0 0 0 0 0 0 0 0 0 0 0 0 0 0 0 0 0 0 0 0 0 1 0 3 0 10 0 20 0 34 0 66 0 184 0 99 0 110 0 212 0 180 0 196 0 292 0 330 0 378 0 408 0 461 0 370 0 376 0 215 0 111 0 73 
SAlphaB:
0 0 0 0 0 0 0 0 0 0 0 0 0 0 0 0 0 0 0 0 0 0 0 0 0 0 0 0 0 0 0 0 0 0 0 0 0 0 0 1 0 3 0 10 0 20 0 34 0 66 0 184 0 99 0 110 0 212 0 180 0 196 0 292 0 330 0 378 0 408 0 461 0 370 0 376 0 215 0 111 0 73 

SecondWin:
0 0 0 0 0 0 0 0 0 0 0 0 0 0 0 0 0 0 0 0 0 0 0 0 0 0 0 0 0 0 0 0 0 0 0 0 0 0 0 0 0 0 6 0 5 0 22 0 13 0 78 0 90 0 81 0 113 0 145 0 140 0 284 0 313 0 434 0 469 0 536 0 511 0 422 0 263 0 177 0 88 0 
SAlphaB:
0 0 0 0 0 0 0 0 0 0 0 0 0 0 0 0 0 0 0 0 0 0 0 0 0 0 0 0 0 0 0 0 0 0 0 0 0 0 0 0 0 0 6 0 5 0 22 0 13 0 78 0 90 0 81 0 113 0 145 0 140 0 284 0 313 0 434 0 469 0 536 0 511 0 422 0 263 0 177 0 88 0 
