0 31 49 72 -9 9 18 38

0 30 61 99 -6 5 22 19

0 59 76 25 -11 4 10 6

0 34 82 12 -11 15 17 47

0 0 62 63 -15 3 5 5

0 32 36 61 -1 29 39 21

0 11 30 70 -2 17 23 8

0 72 85 27 -12 17 37 4

0 27 37 46 -20 2 11 26

0 55 63 18 -12 16 19 21

0 28 50 71 -7 12 40 12

0 23 63 14 -20 6 11 13

0 9 70 66 -13 0 19 37

0 0 73 87 -9 21 32 42

0 74 92 89 -1 28 29 6

0 42 66 51 -10 5 43 3

0 53 58 85 -1 3 4 4

0 2 23 0 -10 0 3 8

0 67 70 54 -5 4 6 16

0 40 60 66 -7 2 32 20

0 14 24 10 -6 5 12 19

0 64 83 78 -12 1 10 22

0 23 37 64 -2 1 28 16

0 15 90 84 -3 0 30 37

0 19 89 88 -15 13 30 48

0 7 56 18 -2 0 3 27

0 0 77 87 -14 0 2 18

0 3 89 32 -15 19 40 13

0 41 48 43 -9 0 4 26

0 1 69 35 -3 9 24 30

0 63 76 63 -4 25 35 47

0 28 94 58 -13 20 34 16

0 23 81 78 -7 10 35 0

0 36 44 93 -8 14 15 49

0 41 83 97 -10 19 44 3

0 2 5 85 -1 0 2 5

0 33 39 73 -2 10 35 15

0 15 73 73 -17 9 18 48

0 39 54 29 -18 2 4 43

0 57 63 29 -12 15 37 26

0 1 90 39 -20 9 18 42

0 25 55 41 -3 23 31 18

0 30 63 19 -10 32 44 5

0 42 45 99 -3 2 34 33

0 7 73 65 -13 0 4 38

0 83 99 59 -3 1 13 6

0 10 27 47 -12 2 7 40

0 20 54 10 -6 26 42 20

0 7 14 98 -6 7 8 17

0 28 43 17 -7 1 7 31

0 28 63 2 -8 5 35 17

0 7 65 5 -3 0 27 11

0 61 75 19 -15 5 48 6

0 21 51 38 -9 2 35 4

0 1 32 54 -7 44 46 32

0 10 99 12 -15 4 14 7

0 31 44 47 -18 2 44 9

0 3 43 21 -11 7 29 29

0 33 58 29 -6 23 30 35

0 16 58 96 -16 8 11 37

0 56 66 20 -19 21 22 34

0 47 53 38 -15 29 39 24

0 17 31 81 -5 4 47 42

0 35 40 95 -18 1 43 1

0 54 57 77 -13 28 38 35

0 1 11 34 -9 30 41 17

0 2 28 99 -14 16 19 37

0 0 2 78 -10 2 21 3

0 22 46 70 -15 10 12 46

0 15 32 50 -5 9 40 24

0 0 36 2 -7 21 26 10

0 4 41 58 -18 18 23 33

0 6 52 21 -4 6 19 46

0 14 68 74 -8 9 37 46

0 6 20 49 -14 8 18 10

0 10 52 73 -17 17 34 47

0 6 20 35 -14 20 33 25

0 6 42 97 -18 27 49 13

0 4 16 58 -13 39 44 17

0 8 23 55 -18 27 35 26

0 15 50 34 -1 22 34 38

0 13 40 23 -10 14 24 45

0 20 30 64 -8 30 43 4

0 3 29 68 -7 15 38 43

0 33 34 54 -4 1 9 47

0 0 1 90 -10 20 32 7

0 7 12 55 -12 25 46 30

0 55 57 8 -11 31 33 1

0 4 7 49 -1 28 33 36

0 0 4 27 -13 29 31 44

0 12 14 30 -20 24 46 9

0 34 44 97 -9 2 47 48

0 0 3 48 -4 15 46 15

0 5 14 81 -3 21 44 10

0 4 11 57 -15 1 2 37

0 0 3 24 -11 6 45 40

0 7 25 0 -5 5 10 23

0 13 15 71 -8 2 17 32

0 1 3 42 -15 15 22 32

0 3 30 17 -4 2 26 43


SAlphaB: 701.0, std-dev 261.6783188874416

Earliest win: 37
Latest win: 81

WinDepth:
0 0 0 0 0 0 0 0 0 0 0 0 0 0 0 0 0 0 0 0 0 0 0 0 0 0 0 0 0 0 0 0 0 0 0 0 0 4 1 0 0 8 3 5 6 40 5 26 34 76 52 178 100 144 70 201 105 175 178 181 173 235 254 365 267 380 421 427 473 390 445 453 440 371 340 356 290 233 162 120 108 62 
SAlphaB:
0 0 0 0 0 0 0 0 0 0 0 0 0 0 0 0 0 0 0 0 0 0 0 0 0 0 0 0 0 0 0 0 0 0 0 0 0 4 1 0 0 8 3 5 6 40 5 26 34 76 52 178 100 144 70 201 105 175 178 181 173 235 254 365 267 380 421 427 473 390 445 453 440 371 340 356 290 233 162 120 108 62 

LossDepth:
SAlphaB:
0 0 0 0 0 0 0 0 0 0 0 0 0 0 0 0 0 0 0 0 0 0 0 0 0 0 0 0 0 0 0 0 0 0 0 0 0 4 1 0 0 8 3 5 6 40 5 26 34 76 52 178 100 144 70 201 105 175 178 181 173 235 254 365 267 380 421 427 473 390 445 453 440 371 340 356 290 233 162 120 108 62 

FirstWin:
0 0 0 0 0 0 0 0 0 0 0 0 0 0 0 0 0 0 0 0 0 0 0 0 0 0 0 0 0 0 0 0 0 0 0 0 0 4 0 0 0 8 0 5 0 40 0 26 0 76 0 178 0 144 0 201 0 175 0 181 0 235 0 365 0 380 0 427 0 390 0 453 0 371 0 356 0 233 0 120 0 62 
SAlphaB:
0 0 0 0 0 0 0 0 0 0 0 0 0 0 0 0 0 0 0 0 0 0 0 0 0 0 0 0 0 0 0 0 0 0 0 0 0 4 0 0 0 8 0 5 0 40 0 26 0 76 0 178 0 144 0 201 0 175 0 181 0 235 0 365 0 380 0 427 0 390 0 453 0 371 0 356 0 233 0 120 0 62 

SecondWin:
0 0 0 0 0 0 0 0 0 0 0 0 0 0 0 0 0 0 0 0 0 0 0 0 0 0 0 0 0 0 0 0 0 0 0 0 0 0 1 0 0 0 3 0 6 0 5 0 34 0 52 0 100 0 70 0 105 0 178 0 173 0 254 0 267 0 421 0 473 0 445 0 440 0 340 0 290 0 162 0 108 0 
SAlphaB:
0 0 0 0 0 0 0 0 0 0 0 0 0 0 0 0 0 0 0 0 0 0 0 0 0 0 0 0 0 0 0 0 0 0 0 0 0 0 1 0 0 0 3 0 6 0 5 0 34 0 52 0 100 0 70 0 105 0 178 0 173 0 254 0 267 0 421 0 473 0 445 0 440 0 340 0 290 0 162 0 108 0 
