0 26 79 44 -15 1 6 15

0 75 95 31 -18 10 32 10

0 42 56 8 -4 2 21 18

0 57 60 95 -5 11 36 19

0 68 91 19 -14 9 42 34

0 34 89 4 -14 4 14 28

0 40 72 19 -18 2 6 10

0 43 62 58 -18 5 27 33

0 74 83 64 -12 6 34 16

0 56 89 97 -19 3 13 10
0 34 85 55 -11 1 17 21

0 21 61 40 -13 1 4 8

0 53 95 44 -3 8 14 1

0 24 73 56 -12 0 6 11

0 81 96 97 -19 6 22 40

0 38 65 95 -2 7 23 1

0 44 72 50 -9 3 20 28

0 56 99 65 -13 4 27 28

0 56 62 77 -7 9 32 3

0 82 98 2 -14 8 24 17
0 61 70 63 -7 13 17 11

0 41 98 28 -10 7 10 14

0 18 48 16 -12 0 5 10

0 55 82 18 -11 6 12 18

0 48 91 31 -3 12 13 20

0 46 65 0 -14 6 19 29

0 39 56 28 -16 2 6 3

0 70 94 26 -17 10 28 42

0 36 85 63 -2 4 23 12

0 39 89 46 -1 12 42 10
0 44 77 11 -16 3 9 26

0 30 99 48 -16 1 3 8

0 10 70 6 -2 1 5 3

0 36 46 71 -11 5 17 12

0 42 96 10 -3 0 9 10

0 27 74 92 -1 3 22 2

0 60 88 34 -12 1 3 12

0 33 61 28 -1 7 25 2

0 44 77 66 -10 2 15 2

0 36 75 87 -18 0 1 19
0 45 95 72 -1 7 24 10

0 27 67 58 -14 0 2 11

0 56 77 13 -17 7 22 25

0 70 82 68 -10 3 25 34

0 59 68 60 -7 2 22 25

0 67 94 66 -20 2 23 40

0 84 99 25 -17 11 36 10

0 46 87 16 -16 3 16 2

0 27 77 19 -12 2 4 7

0 76 93 79 -17 3 34 32
0 65 89 2 -1 9 37 9

0 30 96 71 -14 1 8 9

0 28 58 23 -16 0 6 3

0 76 92 48 -9 9 19 11

0 41 68 99 -16 0 5 15

0 49 65 16 -1 0 2 3

0 47 76 18 -2 2 7 13

0 48 63 63 -12 0 21 18

0 61 96 25 -20 1 11 26

0 72 78 88 -4 13 29 29
0 71 95 35 -20 9 34 35

0 25 95 12 -3 1 2 7

0 38 85 46 -7 1 3 6

0 79 90 66 -12 13 30 16

0 57 91 19 -15 2 23 23

0 48 67 3 -20 3 9 28

0 27 48 65 -2 4 13 5

0 40 77 26 -1 4 9 2

0 11 68 78 -4 1 4 9

0 59 65 87 -16 2 20 16
0 44 99 70 -4 7 23 35

0 20 56 93 -8 1 6 6

0 25 99 55 -7 6 14 21

0 37 95 59 -14 2 4 15

0 56 97 42 -4 14 24 6

0 40 66 97 -1 8 26 35

0 48 67 13 -20 7 25 7

0 24 67 3 -12 5 11 0

0 44 76 76 -9 1 23 17

0 46 90 32 -1 14 20 10
0 46 60 57 -1 10 21 16

0 24 91 16 -5 1 15 2

0 46 72 65 -5 6 24 13

0 28 47 38 -1 3 11 3

0 37 84 27 -17 1 9 25

0 69 99 4 -6 6 38 39

0 36 60 18 -3 5 16 25

0 41 72 45 -12 4 11 11

0 29 32 8 -10 1 3 3

0 42 66 95 -7 7 15 14
0 26 95 37 -10 2 15 32

0 37 71 87 -11 2 6 3

0 53 73 42 -2 3 19 14

0 51 81 70 -7 3 9 36

0 42 74 21 -6 3 9 4

0 75 83 16 -13 12 30 11

0 24 91 42 -10 3 8 19

0 81 97 61 -20 2 7 41

0 46 72 96 -10 1 19 12

0 66 95 26 -7 3 11 30
