0 34 76 43 -3 6 15 23

0 37 60 38 -15 2 11 18

0 42 99 94 -7 7 23 29

0 21 63 22 -4 1 9 19

0 46 81 7 -7 5 27 33

0 60 90 19 -8 13 29 25

0 36 67 52 -17 2 7 11

0 69 78 93 -14 4 14 30

0 61 94 31 -10 4 28 22

0 63 71 36 -12 8 27 34

0 28 78 41 -2 5 12 3

0 50 67 74 -7 5 17 16

0 52 97 96 -10 9 31 38

0 48 64 36 -4 8 23 4

0 26 55 16 -7 3 10 13

0 32 70 27 -12 4 13 22

0 87 90 79 -5 1 3 5

0 63 79 30 -17 1 10 27

0 60 98 72 -5 4 24 36

0 82 97 1 -19 4 35 13

0 25 80 43 -5 1 27 16

0 55 60 86 -10 10 21 25

0 48 99 87 -18 7 18 27

0 29 57 59 -17 2 4 15

0 73 87 73 -8 9 49 2

0 23 54 73 -13 1 9 19

0 37 41 42 -9 1 18 17

0 31 45 92 -7 6 13 6

0 55 98 13 -1 6 11 0

0 38 92 29 -2 4 11 15

0 68 79 17 -14 14 36 5

0 58 91 72 -18 13 19 33

0 16 52 84 -13 0 1 15

0 19 68 70 -1 1 13 11

0 31 61 30 -6 6 25 11

0 67 92 89 -6 3 33 33

0 32 77 48 -3 12 24 26

0 69 72 2 -10 14 34 25

0 34 98 54 -16 11 12 6

0 49 88 86 -1 4 28 5

0 23 63 52 -14 1 6 28

0 90 97 84 -14 12 22 31

0 37 40 4 -12 2 16 11

0 47 93 7 -20 8 19 7

0 39 74 48 -6 7 28 20

0 18 96 42 -18 1 4 28

0 62 89 84 -13 13 28 8

0 48 90 55 -6 6 10 35

0 69 96 55 -17 4 23 20

0 21 83 85 -7 2 15 27

0 35 51 11 -1 1 8 4

0 60 67 0 -19 9 23 5

0 75 87 41 -7 22 43 7

0 43 60 53 -12 7 10 1

0 37 80 70 -14 3 6 20

0 44 95 44 -8 6 28 3

0 64 86 64 -15 0 3 8

0 7 51 51 -1 5 12 12

0 22 79 38 -4 1 26 6

0 55 86 81 -17 6 24 7

0 54 84 92 -8 11 25 17

0 13 20 2 -4 1 7 3

0 37 66 15 -2 2 5 1

0 19 28 77 -14 0 4 22

0 74 86 92 -10 15 33 46

0 45 78 82 -12 1 20 7

0 54 84 57 -12 0 1 22

0 59 70 5 -2 18 49 26

0 71 80 81 -5 15 26 29

0 76 79 49 -6 11 33 0

0 14 64 62 -7 3 4 5

0 33 80 23 -20 11 19 38

0 9 60 53 -7 12 13 23

0 49 83 58 -14 10 19 21

0 20 69 42 -11 1 2 39

0 14 74 47 -4 4 8 16

0 28 89 12 -2 7 23 40

0 21 46 33 -20 14 30 16

0 47 79 44 -13 12 40 21

0 1 88 24 -11 2 6 18

0 66 77 75 -15 8 39 27

0 45 96 90 -7 1 3 19

0 4 74 65 -3 5 17 16

0 23 42 13 -10 8 17 18

0 88 90 55 -15 12 23 7

0 52 64 97 -13 1 2 0

0 66 70 46 -12 7 14 30

0 30 37 80 -3 2 20 13

0 9 96 14 -3 1 15 5

0 83 89 76 -18 2 4 44

0 85 86 94 -16 0 12 24

0 8 92 40 -9 1 2 21

0 1 35 69 -4 3 6 3

0 9 59 56 -1 12 13 12

0 34 73 93 -18 3 25 47

0 36 64 78 -1 9 27 36

0 21 24 89 -17 0 4 19

0 13 95 60 -4 4 10 29

0 82 95 54 -8 7 13 10

0 25 39 94 -10 8 19 2


SAlphaB: 762.0, std-dev 277.8869626123165

Earliest win: 35
Latest win: 81

WinDepth:
0 0 0 0 0 0 0 0 0 0 0 0 0 0 0 0 0 0 0 0 0 0 0 0 0 0 0 0 0 0 0 0 0 0 0 5 0 25 8 23 15 31 14 28 23 79 44 128 71 173 193 327 152 361 259 508 366 653 390 568 472 712 674 804 704 992 836 948 958 1025 933 938 892 869 893 711 550 468 361 277 189 147 
SAlphaB:
0 0 0 0 0 0 0 0 0 0 0 0 0 0 0 0 0 0 0 0 0 0 0 0 0 0 0 0 0 0 0 0 0 0 0 5 0 25 8 23 15 31 14 28 23 79 44 128 71 173 193 327 152 361 259 508 366 653 390 568 472 712 674 804 704 992 836 948 958 1025 933 938 892 869 893 711 550 468 361 277 189 147 

LossDepth:
SAlphaB:
0 0 0 0 0 0 0 0 0 0 0 0 0 0 0 0 0 0 0 0 0 0 0 0 0 0 0 0 0 0 0 0 0 0 0 4 1 23 5 18 10 20 5 26 19 60 37 86 50 93 144 148 100 227 176 308 231 456 252 399 324 473 406 636 486 728 575 762 682 827 689 720 624 670 690 634 438 423 319 251 235 127 

FirstWin:
0 0 0 0 0 0 0 0 0 0 0 0 0 0 0 0 0 0 0 0 0 0 0 0 0 0 0 0 0 0 0 0 0 0 0 5 0 25 0 23 0 31 0 28 0 79 0 128 0 173 0 327 0 361 0 508 0 653 0 568 0 712 0 804 0 992 0 948 0 1025 0 938 0 869 0 711 0 468 0 277 0 147 
SAlphaB:
0 0 0 0 0 0 0 0 0 0 0 0 0 0 0 0 0 0 0 0 0 0 0 0 0 0 0 0 0 0 0 0 0 0 0 5 0 25 0 23 0 31 0 28 0 79 0 128 0 173 0 327 0 361 0 508 0 653 0 568 0 712 0 804 0 992 0 948 0 1025 0 938 0 869 0 711 0 468 0 277 0 147 

SecondWin:
0 0 0 0 0 0 0 0 0 0 0 0 0 0 0 0 0 0 0 0 0 0 0 0 0 0 0 0 0 0 0 0 0 0 0 0 0 0 8 0 15 0 14 0 23 0 44 0 71 0 193 0 152 0 259 0 366 0 390 0 472 0 674 0 704 0 836 0 958 0 933 0 892 0 893 0 550 0 361 0 189 0 
SAlphaB:
0 0 0 0 0 0 0 0 0 0 0 0 0 0 0 0 0 0 0 0 0 0 0 0 0 0 0 0 0 0 0 0 0 0 0 0 0 0 8 0 15 0 14 0 23 0 44 0 71 0 193 0 152 0 259 0 366 0 390 0 472 0 674 0 704 0 836 0 958 0 933 0 892 0 893 0 550 0 361 0 189 0 
