0 31 45 92 -7 6 13 6

0 37 80 70 -14 3 6 20

0 42 99 94 -7 7 23 29

0 54 84 92 -8 11 25 17

0 23 63 52 -14 1 6 28

0 88 90 55 -15 12 23 7

0 20 69 42 -11 1 2 39

0 48 90 55 -6 6 10 35

0 47 93 7 -20 8 19 7

0 8 92 40 -9 1 2 21

0 79 93 57 -12 16 46 1

0 66 84 84 -16 3 7 20

0 37 51 40 -12 5 15 38

0 23 94 59 -2 20 38 45

0 22 53 61 -14 1 13 13

0 35 62 61 -16 1 14 42

0 1 5 91 -7 2 4 6

0 65 88 95 -4 0 22 19

0 16 52 98 -1 4 5 11

0 93 95 10 -13 1 5 12

0 14 99 22 -19 14 16 4

0 84 92 19 -1 1 10 32

0 15 34 2 -10 3 4 1

0 38 73 29 -17 10 19 5

0 6 34 19 -6 18 29 7

0 8 74 45 -12 18 22 39

0 35 45 0 -5 0 9 12

0 31 38 73 -11 10 13 10

0 27 91 94 -12 21 30 20

0 60 84 10 -20 24 28 12

0 27 50 58 -6 4 33 40

0 57 78 11 -17 1 2 4

0 19 26 46 -5 0 3 22

0 23 43 38 -11 2 28 3

0 76 81 71 -17 15 46 48

0 18 75 95 -19 27 38 46

0 7 56 90 -18 18 34 34

0 28 87 91 -13 6 37 13

0 68 73 66 -17 0 1 49

0 14 43 68 -1 37 46 33

0 11 14 11 -15 12 13 10

0 24 51 51 -18 5 14 44

0 20 24 77 -13 16 19 33

0 1 46 1 -15 13 33 27

0 8 18 64 -17 10 16 33

0 18 41 15 -4 1 26 16

0 3 44 68 -3 6 14 19

0 13 53 28 -15 1 14 33

0 34 73 0 -14 3 41 33

0 11 13 38 -3 22 49 2

0 6 34 67 -1 28 48 10

0 7 25 53 -9 34 40 35

0 24 42 81 -17 21 36 0

0 12 57 74 -16 20 26 2

0 5 82 4 -19 16 29 8

0 4 21 12 -14 9 30 32

0 29 35 58 -18 5 21 19

0 1 27 70 -13 16 33 29

0 74 75 84 -3 0 12 42

0 27 55 8 -4 0 1 19

0 6 16 27 -8 34 43 10

0 22 52 20 -11 23 37 24

0 2 79 97 -18 0 4 49

0 22 78 11 -6 37 38 17

0 15 16 41 -7 31 34 0

0 31 32 20 -3 9 18 22

0 5 34 62 -2 0 1 12

0 1 2 81 -19 24 43 44

0 13 21 49 -19 7 36 1

0 4 6 13 -19 33 44 35

0 9 46 29 -2 18 22 11

0 28 80 18 -6 18 30 23

0 13 24 30 -15 10 22 7

0 5 41 75 -12 17 48 35

0 5 14 79 -19 21 23 1

0 10 26 90 -20 28 45 44

0 29 40 34 -12 25 27 48

0 5 9 64 -5 3 19 20

0 9 23 55 -4 8 9 39

0 37 78 46 -18 0 46 42

0 4 12 97 -15 10 12 19

0 2 5 68 -11 4 20 17

0 3 22 19 -7 11 13 24

0 18 26 90 -17 1 24 23

0 3 8 92 -14 9 38 49

0 6 15 49 -10 0 2 26

0 12 13 37 -14 6 18 33

0 2 6 66 -2 7 22 18

0 4 9 98 -12 7 9 29

0 4 9 9 -7 15 48 11

0 10 32 39 -8 5 46 22

0 0 1 27 -5 3 34 35

0 4 18 0 -3 10 12 13

0 0 3 4 -19 17 29 49

0 9 14 61 -2 10 36 21

0 22 24 7 -3 5 49 43

0 0 4 56 -6 0 15 28

0 3 4 68 -16 16 20 10

0 12 19 54 -6 6 30 39

0 6 9 64 -6 7 38 32


SAlphaB: 707.0, std-dev 261.65013082281456

Earliest win: 37
Latest win: 81

WinDepth:
0 0 0 0 0 0 0 0 0 0 0 0 0 0 0 0 0 0 0 0 0 0 0 0 0 0 0 0 0 0 0 0 0 0 0 0 0 3 0 5 1 8 3 23 12 23 12 24 31 81 76 157 57 101 90 174 112 162 134 190 164 205 223 332 300 360 416 380 464 418 447 470 483 383 402 362 269 243 175 148 105 99 
SAlphaB:
0 0 0 0 0 0 0 0 0 0 0 0 0 0 0 0 0 0 0 0 0 0 0 0 0 0 0 0 0 0 0 0 0 0 0 0 0 3 0 5 1 8 3 23 12 23 12 24 31 81 76 157 57 101 90 174 112 162 134 190 164 205 223 332 300 360 416 380 464 418 447 470 483 383 402 362 269 243 175 148 105 99 

LossDepth:
SAlphaB:
0 0 0 0 0 0 0 0 0 0 0 0 0 0 0 0 0 0 0 0 0 0 0 0 0 0 0 0 0 0 0 0 0 0 0 0 0 3 0 5 1 8 3 23 12 23 12 24 31 81 76 157 57 101 90 174 112 162 134 190 164 205 223 332 300 360 416 380 464 418 447 470 483 383 402 362 269 243 175 148 105 99 

FirstWin:
0 0 0 0 0 0 0 0 0 0 0 0 0 0 0 0 0 0 0 0 0 0 0 0 0 0 0 0 0 0 0 0 0 0 0 0 0 3 0 5 0 8 0 23 0 23 0 24 0 81 0 157 0 101 0 174 0 162 0 190 0 205 0 332 0 360 0 380 0 418 0 470 0 383 0 362 0 243 0 148 0 99 
SAlphaB:
0 0 0 0 0 0 0 0 0 0 0 0 0 0 0 0 0 0 0 0 0 0 0 0 0 0 0 0 0 0 0 0 0 0 0 0 0 3 0 5 0 8 0 23 0 23 0 24 0 81 0 157 0 101 0 174 0 162 0 190 0 205 0 332 0 360 0 380 0 418 0 470 0 383 0 362 0 243 0 148 0 99 

SecondWin:
0 0 0 0 0 0 0 0 0 0 0 0 0 0 0 0 0 0 0 0 0 0 0 0 0 0 0 0 0 0 0 0 0 0 0 0 0 0 0 0 1 0 3 0 12 0 12 0 31 0 76 0 57 0 90 0 112 0 134 0 164 0 223 0 300 0 416 0 464 0 447 0 483 0 402 0 269 0 175 0 105 0 
SAlphaB:
0 0 0 0 0 0 0 0 0 0 0 0 0 0 0 0 0 0 0 0 0 0 0 0 0 0 0 0 0 0 0 0 0 0 0 0 0 0 0 0 1 0 3 0 12 0 12 0 31 0 76 0 57 0 90 0 112 0 134 0 164 0 223 0 300 0 416 0 464 0 447 0 483 0 402 0 269 0 175 0 105 0 
