0 55 86 81 -17 6 24 7

0 61 94 31 -10 4 28 22

0 14 64 62 -7 3 4 5

0 62 89 84 -13 13 28 8

0 67 92 89 -6 3 33 33

0 52 64 97 -13 1 2 0

0 21 46 33 -20 14 30 16

0 45 78 82 -12 1 20 7

0 69 72 2 -10 14 34 25

0 4 74 65 -3 5 17 16

0 39 85 5 -13 4 28 16

0 49 53 83 -14 34 39 32

0 58 87 96 -14 1 10 17

0 41 95 30 -2 18 25 9

0 10 50 69 -5 5 7 13

0 34 64 38 -6 4 30 0

0 8 16 62 -1 11 12 15

0 1 63 61 -17 21 22 32

0 25 93 93 -19 4 19 6

0 53 86 46 -10 12 21 45

0 75 91 91 -15 22 28 2

0 29 80 47 -5 6 8 31

0 49 80 64 -18 8 31 20

0 50 82 95 -15 6 33 18

0 29 30 78 -9 1 2 22

0 41 75 96 -19 0 11 23

0 11 61 63 -4 11 18 41

0 63 80 90 -7 36 49 8

0 30 58 11 -18 6 8 49

0 21 24 0 -13 0 9 29

0 11 72 76 -7 31 35 44

0 43 51 1 -4 3 17 20

0 40 56 17 -10 18 49 42

0 16 66 76 -17 2 3 34

0 25 75 24 -19 6 28 5

0 15 95 11 -20 3 8 46

0 23 32 83 -10 5 11 1

0 54 66 38 -4 11 22 46

0 8 29 81 -19 9 22 14

0 37 65 8 -6 0 26 14

0 29 97 35 -5 8 29 34

0 5 22 51 -17 8 16 13

0 11 26 24 -8 5 9 41

0 19 27 10 -17 0 1 36

0 23 26 89 -19 8 34 40

0 1 21 41 -17 0 1 0

0 58 86 3 -3 16 40 6

0 43 64 53 -14 25 36 15

0 28 52 56 -2 7 20 29

0 42 66 38 -8 0 1 41

0 39 61 62 -7 0 41 13

0 19 58 86 -3 36 47 20

0 8 41 15 -7 1 2 20

0 49 59 73 -6 8 35 3

0 16 25 38 -20 17 38 36

0 37 45 46 -8 19 21 12

0 36 50 18 -20 14 39 12

0 32 73 18 -6 43 47 38

0 15 44 70 -13 26 44 37

0 2 14 43 -9 14 19 13

0 29 33 57 -14 37 40 44

0 20 33 15 -9 7 19 28

0 23 80 78 -20 40 42 24

0 14 16 56 -5 7 21 13

0 14 96 24 -9 8 36 42

0 17 24 10 -5 31 33 32

0 69 98 27 -5 32 44 10

0 25 40 15 -18 35 37 45

0 49 85 33 -13 38 43 1

0 19 53 45 -4 14 17 40

0 7 23 69 -3 9 27 11

0 4 27 30 -11 27 31 45

0 32 35 43 -14 20 26 46

0 17 29 6 -6 9 12 49

0 28 37 15 -16 18 27 31

0 41 46 35 -18 14 33 7

0 34 44 7 -8 19 43 36

0 19 34 93 -17 7 47 22

0 18 43 6 -1 4 46 18

0 13 51 4 -20 27 46 21

0 16 50 61 -12 6 40 36

0 4 43 93 -16 1 14 39

0 15 18 46 -13 1 6 41

0 22 30 91 -10 4 5 47

0 22 48 65 -2 1 3 29

0 10 25 10 -1 15 36 36

0 2 4 54 -17 5 6 13

0 0 7 9 -2 18 21 40

0 3 4 12 -14 31 49 30

0 83 97 69 -13 48 49 1

0 0 23 32 -9 14 47 32

0 15 21 71 -16 2 5 31

0 0 2 35 -17 18 30 43

0 9 10 0 -1 42 45 4

0 12 20 5 -13 0 14 40

0 10 14 1 -6 17 19 31

0 0 4 19 -5 19 20 35

0 15 21 4 -15 10 48 16

0 6 38 11 -9 2 9 46

0 0 2 80 -9 1 5 19


SAlphaB: 680.0, std-dev 264.80132279797164

Earliest win: 37
Latest win: 81

WinDepth:
0 0 0 0 0 0 0 0 0 0 0 0 0 0 0 0 0 0 0 0 0 0 0 0 0 0 0 0 0 0 0 0 0 0 0 0 0 5 2 9 12 11 4 15 18 30 16 28 39 69 65 146 78 122 100 176 123 198 193 185 169 268 246 323 315 415 378 458 438 393 422 429 414 376 405 379 286 221 160 137 102 66 
SAlphaB:
0 0 0 0 0 0 0 0 0 0 0 0 0 0 0 0 0 0 0 0 0 0 0 0 0 0 0 0 0 0 0 0 0 0 0 0 0 5 2 9 12 11 4 15 18 30 16 28 39 69 65 146 78 122 100 176 123 198 193 185 169 268 246 323 315 415 378 458 438 393 422 429 414 376 405 379 286 221 160 137 102 66 

LossDepth:
SAlphaB:
0 0 0 0 0 0 0 0 0 0 0 0 0 0 0 0 0 0 0 0 0 0 0 0 0 0 0 0 0 0 0 0 0 0 0 0 0 5 2 9 12 11 4 15 18 30 16 28 39 69 65 146 78 122 100 176 123 198 193 185 169 268 246 323 315 415 378 458 438 393 422 429 414 376 405 379 286 221 160 137 102 66 

FirstWin:
0 0 0 0 0 0 0 0 0 0 0 0 0 0 0 0 0 0 0 0 0 0 0 0 0 0 0 0 0 0 0 0 0 0 0 0 0 5 0 9 0 11 0 15 0 30 0 28 0 69 0 146 0 122 0 176 0 198 0 185 0 268 0 323 0 415 0 458 0 393 0 429 0 376 0 379 0 221 0 137 0 66 
SAlphaB:
0 0 0 0 0 0 0 0 0 0 0 0 0 0 0 0 0 0 0 0 0 0 0 0 0 0 0 0 0 0 0 0 0 0 0 0 0 5 0 9 0 11 0 15 0 30 0 28 0 69 0 146 0 122 0 176 0 198 0 185 0 268 0 323 0 415 0 458 0 393 0 429 0 376 0 379 0 221 0 137 0 66 

SecondWin:
0 0 0 0 0 0 0 0 0 0 0 0 0 0 0 0 0 0 0 0 0 0 0 0 0 0 0 0 0 0 0 0 0 0 0 0 0 0 2 0 12 0 4 0 18 0 16 0 39 0 65 0 78 0 100 0 123 0 193 0 169 0 246 0 315 0 378 0 438 0 422 0 414 0 405 0 286 0 160 0 102 0 
SAlphaB:
0 0 0 0 0 0 0 0 0 0 0 0 0 0 0 0 0 0 0 0 0 0 0 0 0 0 0 0 0 0 0 0 0 0 0 0 0 0 2 0 12 0 4 0 18 0 16 0 39 0 65 0 78 0 100 0 123 0 193 0 169 0 246 0 315 0 378 0 438 0 422 0 414 0 405 0 286 0 160 0 102 0 
