0 39 74 48 -6 7 28 20

0 23 54 73 -13 1 9 19

0 28 89 12 -2 7 23 40

0 25 80 43 -5 1 27 16

0 30 37 80 -3 2 20 13

0 19 68 70 -1 1 13 11

0 18 96 42 -18 1 4 28

0 25 39 94 -10 8 19 2

0 59 70 5 -2 18 49 26

0 64 86 64 -15 0 3 8

0 66 84 75 -7 5 15 40

0 38 88 98 -13 1 26 16

0 26 92 91 -4 4 11 37

0 13 85 37 -4 6 11 35

0 21 24 17 -13 0 1 11

0 73 76 93 -2 20 23 21

0 10 82 75 -20 0 4 0

0 71 86 12 -7 13 48 12

0 29 62 78 -18 13 29 2

0 33 64 18 -4 10 34 32

0 84 88 14 -13 0 6 10

0 50 58 4 -20 0 3 7

0 72 89 21 -13 5 6 22

0 28 90 67 -7 0 3 34

0 1 84 0 -10 24 46 20

0 16 45 34 -3 0 5 16

0 26 41 25 -13 22 38 5

0 68 80 92 -18 1 39 31

0 62 72 66 -18 26 35 28

0 63 70 58 -1 4 7 17

0 62 68 81 -14 18 20 32

0 21 85 96 -14 3 4 24

0 58 97 90 -15 35 39 23

0 18 92 69 -8 32 41 16

0 9 69 76 -1 36 44 4

0 31 44 61 -11 0 17 1

0 18 20 97 -9 16 21 17

0 1 77 82 -15 7 43 3

0 41 84 75 -2 2 4 42

0 4 69 56 -15 17 21 11

0 7 58 66 -8 20 23 17

0 18 55 0 -2 38 44 22

0 25 29 89 -18 5 12 13

0 23 72 54 -17 8 12 8

0 33 38 32 -8 24 46 11

0 1 20 20 -7 6 14 6

0 15 20 79 -12 22 43 15

0 21 31 28 -10 5 15 12

0 61 98 33 -4 1 4 18

0 36 42 16 -10 0 6 43

0 42 84 75 -20 22 28 13

0 12 21 32 -19 4 11 19

0 19 35 19 -6 18 26 27

0 20 99 15 -9 9 40 40

0 22 28 53 -10 10 16 34

0 53 72 3 -4 37 44 1

0 1 34 78 -14 19 40 42

0 45 54 80 -3 6 10 40

0 14 25 87 -6 44 46 7

0 2 41 4 -6 13 33 38

0 33 34 70 -8 16 40 32

0 10 75 95 -19 3 14 26

0 3 68 28 -16 33 48 17

0 66 78 53 -13 21 28 15

0 7 77 7 -10 0 4 48

0 22 93 41 -12 14 16 20

0 70 88 21 -3 0 5 43

0 10 12 63 -7 2 3 24

0 10 85 15 -3 23 29 15

0 2 64 36 -11 9 11 44

0 7 18 89 -9 7 10 36

0 13 74 9 -17 36 44 25

0 5 15 90 -10 33 36 29

0 1 22 80 -7 10 36 49

0 20 25 45 -14 19 47 44

0 6 36 89 -18 5 6 47

0 1 26 17 -20 17 49 22

0 11 55 3 -9 29 37 40

0 12 30 0 -10 7 9 3

0 0 2 17 -10 39 43 5

0 0 18 17 -11 26 31 39

0 8 46 42 -7 25 33 23

0 0 6 89 -3 18 19 29

0 0 22 5 -18 0 8 41

0 6 8 54 -17 15 31 36

0 14 15 79 -6 12 21 0

0 9 33 16 -15 28 48 0

0 10 36 11 -18 3 26 9

0 4 9 45 -20 6 23 18

0 1 27 0 -1 0 37 19

0 13 21 36 -20 4 5 37

0 1 7 59 -17 17 19 7

0 20 23 2 -5 18 19 44

0 0 27 95 -8 5 10 48

0 12 20 24 -12 32 38 22

0 7 13 67 -4 4 32 21

0 0 1 14 -9 2 3 38

0 4 8 38 -15 0 48 49

0 7 27 37 -2 4 45 34

0 0 4 71 -4 1 19 33


SAlphaB: 733.0, std-dev 276.9438338746904

Earliest win: 35
Latest win: 81

WinDepth:
0 0 0 0 0 0 0 0 0 0 0 0 0 0 0 0 0 0 0 0 0 0 0 0 0 0 0 0 0 0 0 0 0 0 0 1 0 1 0 3 0 3 4 18 10 13 8 46 23 70 72 171 71 144 75 204 89 145 141 183 182 217 239 297 339 382 429 441 477 412 468 467 430 410 375 389 232 294 168 128 110 90 
SAlphaB:
0 0 0 0 0 0 0 0 0 0 0 0 0 0 0 0 0 0 0 0 0 0 0 0 0 0 0 0 0 0 0 0 0 0 0 1 0 1 0 3 0 3 4 18 10 13 8 46 23 70 72 171 71 144 75 204 89 145 141 183 182 217 239 297 339 382 429 441 477 412 468 467 430 410 375 389 232 294 168 128 110 90 

LossDepth:
SAlphaB:
0 0 0 0 0 0 0 0 0 0 0 0 0 0 0 0 0 0 0 0 0 0 0 0 0 0 0 0 0 0 0 0 0 0 0 1 0 1 0 3 0 3 4 18 10 13 8 46 23 70 72 171 71 144 75 204 89 145 141 183 182 217 239 297 339 382 429 441 477 412 468 467 430 410 375 389 232 294 168 128 110 90 

FirstWin:
0 0 0 0 0 0 0 0 0 0 0 0 0 0 0 0 0 0 0 0 0 0 0 0 0 0 0 0 0 0 0 0 0 0 0 1 0 1 0 3 0 3 0 18 0 13 0 46 0 70 0 171 0 144 0 204 0 145 0 183 0 217 0 297 0 382 0 441 0 412 0 467 0 410 0 389 0 294 0 128 0 90 
SAlphaB:
0 0 0 0 0 0 0 0 0 0 0 0 0 0 0 0 0 0 0 0 0 0 0 0 0 0 0 0 0 0 0 0 0 0 0 1 0 1 0 3 0 3 0 18 0 13 0 46 0 70 0 171 0 144 0 204 0 145 0 183 0 217 0 297 0 382 0 441 0 412 0 467 0 410 0 389 0 294 0 128 0 90 

SecondWin:
0 0 0 0 0 0 0 0 0 0 0 0 0 0 0 0 0 0 0 0 0 0 0 0 0 0 0 0 0 0 0 0 0 0 0 0 0 0 0 0 0 0 4 0 10 0 8 0 23 0 72 0 71 0 75 0 89 0 141 0 182 0 239 0 339 0 429 0 477 0 468 0 430 0 375 0 232 0 168 0 110 0 
SAlphaB:
0 0 0 0 0 0 0 0 0 0 0 0 0 0 0 0 0 0 0 0 0 0 0 0 0 0 0 0 0 0 0 0 0 0 0 0 0 0 0 0 0 0 4 0 10 0 8 0 23 0 72 0 71 0 75 0 89 0 141 0 182 0 239 0 339 0 429 0 477 0 468 0 430 0 375 0 232 0 168 0 110 0 
