0 69 78 93 -14 4 14 30

0 7 51 51 -1 5 12 12

0 44 95 44 -8 6 28 3

0 47 79 44 -13 12 40 21

0 9 60 53 -7 12 13 23

0 23 42 13 -10 8 17 18

0 63 79 30 -17 1 10 27

0 28 78 41 -2 5 12 3

0 74 86 92 -10 15 33 46

0 14 74 47 -4 4 8 16

0 64 78 42 -11 1 18 19

0 49 63 40 -17 15 21 12

0 44 60 76 -17 4 33 6

0 44 87 93 -1 3 21 36

0 59 88 51 -2 1 39 0

0 34 65 54 -6 13 26 13

0 56 92 26 -4 1 7 0

0 14 96 42 -10 33 48 30

0 6 52 90 -10 12 32 47

0 45 55 27 -6 0 5 5

0 56 69 42 -4 12 22 24

0 79 80 76 -13 14 15 9

0 8 19 36 -8 0 4 15

0 23 24 27 -12 8 10 8

0 2 90 67 -6 12 37 32

0 92 96 11 -4 0 1 27

0 38 67 72 -18 3 7 28

0 43 92 78 -2 20 42 8

0 5 74 77 -1 31 33 40

0 24 32 42 -7 1 2 9

0 21 95 25 -10 5 13 43

0 6 89 86 -19 4 5 43

0 5 55 31 -14 5 37 31

0 55 62 67 -8 5 6 5

0 29 94 6 -4 5 7 28

0 8 86 89 -4 26 48 32

0 17 77 8 -11 8 13 16

0 17 72 19 -8 40 41 11

0 39 44 7 -6 15 22 16

0 42 68 14 -2 9 49 40

0 43 76 79 -1 30 47 14

0 25 41 8 -18 5 9 7

0 21 90 49 -7 18 21 41

0 12 76 5 -7 22 30 21

0 7 8 16 -12 1 4 3

0 22 36 78 -14 2 26 30

0 29 31 75 -9 19 23 28

0 97 98 73 -12 15 38 43

0 32 42 27 -8 0 17 3

0 14 79 69 -14 19 24 46

0 5 56 66 -14 14 31 37

0 19 23 52 -11 9 40 33

0 27 32 81 -20 7 12 17

0 8 62 44 -7 8 11 36

0 45 46 9 -17 1 33 43

0 7 92 30 -18 43 48 43

0 16 20 62 -3 26 28 24

0 31 34 22 -14 22 37 17

0 49 86 44 -20 23 33 42

0 2 77 14 -8 4 24 32

0 29 46 42 -18 5 35 43

0 28 32 73 -5 18 25 38

0 5 16 78 -8 14 26 25

0 1 7 80 -13 1 2 23

0 45 47 50 -2 26 34 39

0 48 53 96 -5 0 8 38

0 63 71 80 -12 44 49 6

0 6 59 77 -11 27 34 42

0 23 72 68 -3 19 21 31

0 11 35 80 -15 18 19 45

0 31 54 41 -19 21 24 43

0 6 41 69 -17 7 33 31

0 12 48 19 -19 3 5 17

0 9 19 28 -12 21 25 27

0 21 88 98 -7 44 45 32

0 1 13 70 -14 6 29 38

0 9 17 20 -8 0 12 1

0 55 90 72 -2 4 7 46

0 12 13 49 -14 19 46 20

0 6 19 60 -13 8 20 5

0 0 40 54 -3 4 7 25

0 10 55 39 -1 19 41 46

0 10 11 86 -4 15 44 34

0 5 10 16 -19 13 14 1

0 0 1 90 -5 22 28 42

0 14 24 33 -19 4 13 31

0 0 3 24 -6 17 34 29

0 5 7 99 -6 7 9 47

0 6 19 26 -7 9 35 44

0 14 16 77 -14 2 41 49

0 6 88 28 -12 9 12 1

0 3 10 30 -10 4 5 27

0 0 2 88 -4 3 27 38

0 2 38 15 -1 23 40 29

0 3 34 89 -18 15 46 5

0 3 12 35 -14 5 22 42

0 8 16 68 -3 26 46 49

0 3 10 31 -12 12 28 46

0 1 2 49 -5 14 43 14

0 3 5 47 -2 18 26 37


SAlphaB: 712.0, std-dev 260.70916698013275

Earliest win: 37
Latest win: 81

WinDepth:
0 0 0 0 0 0 0 0 0 0 0 0 0 0 0 0 0 0 0 0 0 0 0 0 0 0 0 0 0 0 0 0 0 0 0 0 0 3 0 0 0 3 0 8 6 12 17 31 19 72 58 226 65 152 70 177 131 167 146 190 163 268 238 357 308 364 451 404 455 442 392 461 465 413 425 351 233 239 160 148 88 72 
SAlphaB:
0 0 0 0 0 0 0 0 0 0 0 0 0 0 0 0 0 0 0 0 0 0 0 0 0 0 0 0 0 0 0 0 0 0 0 0 0 3 0 0 0 3 0 8 6 12 17 31 19 72 58 226 65 152 70 177 131 167 146 190 163 268 238 357 308 364 451 404 455 442 392 461 465 413 425 351 233 239 160 148 88 72 

LossDepth:
SAlphaB:
0 0 0 0 0 0 0 0 0 0 0 0 0 0 0 0 0 0 0 0 0 0 0 0 0 0 0 0 0 0 0 0 0 0 0 0 0 3 0 0 0 3 0 8 6 12 17 31 19 72 58 226 65 152 70 177 131 167 146 190 163 268 238 357 308 364 451 404 455 442 392 461 465 413 425 351 233 239 160 148 88 72 

FirstWin:
0 0 0 0 0 0 0 0 0 0 0 0 0 0 0 0 0 0 0 0 0 0 0 0 0 0 0 0 0 0 0 0 0 0 0 0 0 3 0 0 0 3 0 8 0 12 0 31 0 72 0 226 0 152 0 177 0 167 0 190 0 268 0 357 0 364 0 404 0 442 0 461 0 413 0 351 0 239 0 148 0 72 
SAlphaB:
0 0 0 0 0 0 0 0 0 0 0 0 0 0 0 0 0 0 0 0 0 0 0 0 0 0 0 0 0 0 0 0 0 0 0 0 0 3 0 0 0 3 0 8 0 12 0 31 0 72 0 226 0 152 0 177 0 167 0 190 0 268 0 357 0 364 0 404 0 442 0 461 0 413 0 351 0 239 0 148 0 72 

SecondWin:
0 0 0 0 0 0 0 0 0 0 0 0 0 0 0 0 0 0 0 0 0 0 0 0 0 0 0 0 0 0 0 0 0 0 0 0 0 0 0 0 0 0 0 0 6 0 17 0 19 0 58 0 65 0 70 0 131 0 146 0 163 0 238 0 308 0 451 0 455 0 392 0 465 0 425 0 233 0 160 0 88 0 
SAlphaB:
0 0 0 0 0 0 0 0 0 0 0 0 0 0 0 0 0 0 0 0 0 0 0 0 0 0 0 0 0 0 0 0 0 0 0 0 0 0 0 0 0 0 0 0 6 0 17 0 19 0 58 0 65 0 70 0 131 0 146 0 163 0 238 0 308 0 451 0 455 0 392 0 465 0 425 0 233 0 160 0 88 0 
