0 21 63 22 -4 1 9 19

0 13 20 2 -4 1 7 3

0 48 64 36 -4 8 23 4

0 9 59 56 -1 12 13 12

0 21 83 85 -7 2 15 27

0 45 96 90 -7 1 3 19

0 36 67 52 -17 2 7 11

0 87 90 79 -5 1 3 5

0 29 57 59 -17 2 4 15

0 34 73 93 -18 3 25 47

0 55 59 48 -13 3 7 27

0 60 99 33 -15 6 10 45

0 71 72 64 -13 1 38 24

0 40 61 30 -8 9 14 0

0 17 67 54 -10 2 10 2

0 71 88 49 -4 3 6 0

0 49 87 60 -20 3 41 40

0 61 80 40 -6 1 44 32

0 25 85 86 -13 0 2 30

0 31 68 77 -7 1 7 14

0 60 77 87 -15 2 28 35

0 34 55 61 -20 6 15 32

0 35 60 79 -7 35 49 34

0 77 95 60 -2 19 34 5

0 44 97 81 -2 32 34 15

0 45 99 7 -9 14 29 10

0 8 24 78 -5 0 2 10

0 37 59 87 -20 7 8 10

0 51 83 1 -15 0 1 48

0 23 89 58 -18 18 45 27

0 16 94 31 -6 2 3 34

0 6 65 3 -7 2 19 41

0 4 53 0 -1 9 28 19

0 39 75 0 -11 9 46 1

0 23 39 50 -2 5 27 0

0 8 79 63 -17 8 11 9

0 51 54 91 -13 11 36 30

0 38 39 53 -17 9 13 10

0 50 61 8 -19 11 32 19

0 36 47 62 -11 5 31 16

0 16 44 65 -9 15 37 29

0 51 85 22 -1 23 48 20

0 32 54 23 -1 32 34 41

0 40 41 41 -17 15 32 12

0 73 75 51 -2 27 40 22

0 12 77 37 -19 21 27 5

0 50 67 98 -1 18 48 18

0 41 44 74 -2 4 12 44

0 46 63 64 -2 43 44 9

0 5 74 29 -18 4 21 8

0 31 63 3 -19 18 21 32

0 3 17 67 -18 3 6 5

0 41 73 6 -3 0 10 28

0 16 25 85 -1 6 9 4

0 64 71 26 -11 32 39 9

0 27 37 28 -2 0 2 36

0 14 23 93 -16 16 46 26

0 5 40 43 -11 12 33 30

0 23 45 45 -15 10 14 34

0 12 33 5 -11 27 31 11

0 7 50 47 -18 0 1 42

0 10 28 2 -11 0 8 29

0 14 45 33 -15 24 48 1

0 27 40 2 -14 18 39 21

0 3 38 30 -15 5 29 36

0 19 39 95 -2 9 43 21

0 4 29 47 -20 14 19 19

0 10 25 62 -14 7 26 47

0 15 44 99 -17 24 32 4

0 3 27 23 -16 15 37 19

0 18 19 80 -5 13 16 26

0 5 55 61 -15 9 23 44

0 8 57 36 -6 11 43 37

0 7 72 88 -5 7 36 48

0 15 23 94 -17 5 37 2

0 11 21 71 -4 11 35 49

0 4 17 68 -14 45 49 18

0 39 54 23 -3 22 29 38

0 5 7 0 -11 8 17 16

0 43 94 17 -15 25 26 6

0 14 15 81 -12 1 28 39

0 12 25 33 -14 2 3 47

0 4 8 78 -7 17 36 45

0 6 9 18 -3 26 29 11

0 0 10 22 -8 31 49 22

0 0 11 42 -12 14 18 3

0 5 18 63 -7 31 39 17

0 10 11 9 -5 7 39 19

0 5 19 8 -18 4 23 37

0 1 5 29 -17 1 31 30

0 8 16 67 -9 0 14 36

0 0 69 55 -8 1 6 43

0 4 31 14 -6 20 21 49

0 12 21 36 -11 28 41 34

0 1 31 38 -15 34 41 5

0 0 3 67 -8 3 4 46

0 11 12 41 -20 10 12 22

0 4 11 71 -19 24 38 19

0 10 59 80 -3 2 36 45

0 1 12 5 -16 21 40 44


SAlphaB: 696.0, std-dev 267.0993373449305

Earliest win: 37
Latest win: 81

WinDepth:
0 0 0 0 0 0 0 0 0 0 0 0 0 0 0 0 0 0 0 0 0 0 0 0 0 0 0 0 0 0 0 0 0 0 0 0 0 3 0 10 9 8 5 11 28 12 22 41 33 55 96 186 73 93 98 195 107 171 150 189 164 248 211 318 313 381 357 394 426 420 443 456 424 388 406 343 283 225 188 124 102 87 
SAlphaB:
0 0 0 0 0 0 0 0 0 0 0 0 0 0 0 0 0 0 0 0 0 0 0 0 0 0 0 0 0 0 0 0 0 0 0 0 0 3 0 10 9 8 5 11 28 12 22 41 33 55 96 186 73 93 98 195 107 171 150 189 164 248 211 318 313 381 357 394 426 420 443 456 424 388 406 343 283 225 188 124 102 87 

LossDepth:
SAlphaB:
0 0 0 0 0 0 0 0 0 0 0 0 0 0 0 0 0 0 0 0 0 0 0 0 0 0 0 0 0 0 0 0 0 0 0 0 0 3 0 10 9 8 5 11 28 12 22 41 33 55 96 186 73 93 98 195 107 171 150 189 164 248 211 318 313 381 357 394 426 420 443 456 424 388 406 343 283 225 188 124 102 87 

FirstWin:
0 0 0 0 0 0 0 0 0 0 0 0 0 0 0 0 0 0 0 0 0 0 0 0 0 0 0 0 0 0 0 0 0 0 0 0 0 3 0 10 0 8 0 11 0 12 0 41 0 55 0 186 0 93 0 195 0 171 0 189 0 248 0 318 0 381 0 394 0 420 0 456 0 388 0 343 0 225 0 124 0 87 
SAlphaB:
0 0 0 0 0 0 0 0 0 0 0 0 0 0 0 0 0 0 0 0 0 0 0 0 0 0 0 0 0 0 0 0 0 0 0 0 0 3 0 10 0 8 0 11 0 12 0 41 0 55 0 186 0 93 0 195 0 171 0 189 0 248 0 318 0 381 0 394 0 420 0 456 0 388 0 343 0 225 0 124 0 87 

SecondWin:
0 0 0 0 0 0 0 0 0 0 0 0 0 0 0 0 0 0 0 0 0 0 0 0 0 0 0 0 0 0 0 0 0 0 0 0 0 0 0 0 9 0 5 0 28 0 22 0 33 0 96 0 73 0 98 0 107 0 150 0 164 0 211 0 313 0 357 0 426 0 443 0 424 0 406 0 283 0 188 0 102 0 
SAlphaB:
0 0 0 0 0 0 0 0 0 0 0 0 0 0 0 0 0 0 0 0 0 0 0 0 0 0 0 0 0 0 0 0 0 0 0 0 0 0 0 0 9 0 5 0 28 0 22 0 33 0 96 0 73 0 98 0 107 0 150 0 164 0 211 0 313 0 357 0 426 0 443 0 424 0 406 0 283 0 188 0 102 0 
