0 50 67 74 -7 5 17 16

0 48 99 87 -18 7 18 27

0 90 97 84 -14 12 22 31

0 37 66 15 -2 2 5 1

0 52 97 96 -10 9 31 38

0 46 81 7 -7 5 27 33

0 9 96 14 -3 1 15 5

0 37 40 4 -12 2 16 11

0 43 60 53 -12 7 10 1

0 83 89 76 -18 2 4 44

0 58 97 92 -1 19 44 49

0 76 92 12 -14 9 24 22

0 32 60 94 -1 5 26 14

0 0 65 88 -1 31 46 14

0 49 50 35 -13 6 14 15

0 34 90 98 -20 3 12 8

0 20 57 66 -15 9 22 17

0 24 57 39 -9 4 37 10

0 51 63 55 -19 30 40 6

0 33 45 54 -12 20 29 9

0 26 83 14 -5 1 32 18

0 59 77 83 -19 15 46 5

0 16 79 34 -10 0 23 11

0 49 77 19 -12 17 44 49

0 33 49 98 -5 13 31 28

0 45 59 11 -6 13 39 0

0 37 97 56 -10 34 39 14

0 19 45 38 -12 5 10 10

0 9 56 61 -2 4 5 16

0 86 91 46 -20 28 38 20

0 39 52 21 -7 3 7 48

0 32 56 22 -10 14 24 34

0 9 55 77 -10 10 41 17

0 13 44 52 -12 1 5 43

0 20 78 8 -1 2 41 25

0 23 33 91 -18 2 16 11

0 69 97 85 -1 1 2 33

0 13 54 97 -13 13 33 37

0 1 26 51 -15 7 21 18

0 45 53 2 -14 21 31 43

0 18 30 55 -15 9 19 16

0 9 40 17 -8 13 18 31

0 13 52 70 -15 10 39 31

0 51 69 87 -11 21 22 46

0 9 52 23 -6 4 8 31

0 9 64 79 -1 1 3 40

0 75 87 36 -17 14 27 40

0 27 40 41 -10 0 1 3

0 24 33 46 -15 6 7 25

0 9 25 47 -4 17 28 6

0 27 46 7 -11 2 4 6

0 6 21 28 -14 12 28 19

0 6 59 60 -1 17 31 40

0 19 31 83 -13 6 28 46

0 33 77 84 -15 22 26 18

0 6 55 47 -11 37 47 39

0 52 84 8 -16 35 39 28

0 10 73 71 -2 34 36 32

0 27 69 77 -19 28 33 18

0 1 19 39 -6 1 13 0

0 62 63 99 -1 6 7 31

0 10 49 90 -1 0 6 17

0 7 24 22 -15 11 18 6

0 33 37 4 -1 11 15 19

0 5 27 44 -19 16 33 35

0 13 19 60 -8 11 38 47

0 17 64 77 -10 12 26 49

0 15 19 8 -15 30 46 26

0 4 18 24 -16 8 31 43

0 2 3 32 -18 0 7 6

0 12 28 90 -14 3 9 45

0 1 11 86 -2 35 48 23

0 27 79 71 -17 17 19 28

0 52 76 52 -12 33 36 13

0 3 9 85 -3 1 8 1

0 2 44 86 -18 26 32 43

0 38 44 4 -8 31 39 2

0 7 10 28 -15 4 11 19

0 0 19 83 -19 10 12 41

0 5 17 61 -13 7 12 34

0 12 15 70 -19 42 49 22

0 3 7 42 -3 17 19 9

0 0 7 95 -7 16 47 34

0 8 11 70 -20 0 29 11

0 0 19 81 -11 4 39 44

0 25 26 54 -14 14 22 49

0 7 26 98 -16 25 26 31

0 0 1 53 -17 25 32 10

0 6 19 42 -11 5 31 0

0 0 3 76 -5 4 42 22

0 4 5 11 -7 9 15 12

0 0 6 57 -17 16 37 10

0 5 11 28 -13 34 42 21

0 0 4 91 -3 7 8 30

0 3 13 79 -5 0 26 17

0 20 22 3 -9 3 37 36

0 5 8 10 -18 4 30 38

0 4 10 28 -13 6 45 31

0 6 7 38 -20 14 26 39

0 4 7 44 -3 4 16 27


SAlphaB: 699.0, std-dev 261.4745663317636

Earliest win: 37
Latest win: 81

WinDepth:
0 0 0 0 0 0 0 0 0 0 0 0 0 0 0 0 0 0 0 0 0 0 0 0 0 0 0 0 0 0 0 0 0 0 0 0 0 4 0 5 3 14 4 14 10 13 18 39 27 41 81 190 130 109 93 190 125 168 161 145 176 236 229 353 331 367 440 399 389 417 455 489 452 397 379 347 265 229 191 124 114 58 
SAlphaB:
0 0 0 0 0 0 0 0 0 0 0 0 0 0 0 0 0 0 0 0 0 0 0 0 0 0 0 0 0 0 0 0 0 0 0 0 0 4 0 5 3 14 4 14 10 13 18 39 27 41 81 190 130 109 93 190 125 168 161 145 176 236 229 353 331 367 440 399 389 417 455 489 452 397 379 347 265 229 191 124 114 58 

LossDepth:
SAlphaB:
0 0 0 0 0 0 0 0 0 0 0 0 0 0 0 0 0 0 0 0 0 0 0 0 0 0 0 0 0 0 0 0 0 0 0 0 0 4 0 5 3 14 4 14 10 13 18 39 27 41 81 190 130 109 93 190 125 168 161 145 176 236 229 353 331 367 440 399 389 417 455 489 452 397 379 347 265 229 191 124 114 58 

FirstWin:
0 0 0 0 0 0 0 0 0 0 0 0 0 0 0 0 0 0 0 0 0 0 0 0 0 0 0 0 0 0 0 0 0 0 0 0 0 4 0 5 0 14 0 14 0 13 0 39 0 41 0 190 0 109 0 190 0 168 0 145 0 236 0 353 0 367 0 399 0 417 0 489 0 397 0 347 0 229 0 124 0 58 
SAlphaB:
0 0 0 0 0 0 0 0 0 0 0 0 0 0 0 0 0 0 0 0 0 0 0 0 0 0 0 0 0 0 0 0 0 0 0 0 0 4 0 5 0 14 0 14 0 13 0 39 0 41 0 190 0 109 0 190 0 168 0 145 0 236 0 353 0 367 0 399 0 417 0 489 0 397 0 347 0 229 0 124 0 58 

SecondWin:
0 0 0 0 0 0 0 0 0 0 0 0 0 0 0 0 0 0 0 0 0 0 0 0 0 0 0 0 0 0 0 0 0 0 0 0 0 0 0 0 3 0 4 0 10 0 18 0 27 0 81 0 130 0 93 0 125 0 161 0 176 0 229 0 331 0 440 0 389 0 455 0 452 0 379 0 265 0 191 0 114 0 
SAlphaB:
0 0 0 0 0 0 0 0 0 0 0 0 0 0 0 0 0 0 0 0 0 0 0 0 0 0 0 0 0 0 0 0 0 0 0 0 0 0 0 0 3 0 4 0 10 0 18 0 27 0 81 0 130 0 93 0 125 0 161 0 176 0 229 0 331 0 440 0 389 0 455 0 452 0 379 0 265 0 191 0 114 0 
