0 32 70 27 -12 4 13 22

0 19 28 77 -14 0 4 22

0 71 80 81 -5 15 26 29

0 38 92 29 -2 4 11 15

0 85 86 94 -16 0 12 24

0 36 64 78 -1 9 27 36

0 21 24 89 -17 0 4 19

0 58 91 72 -18 13 19 33

0 75 87 41 -7 22 43 7

0 76 79 49 -6 11 33 0

0 25 30 63 -6 23 24 8

0 4 96 90 -8 7 11 6

0 26 62 42 -10 22 47 26

0 26 33 83 -3 1 6 2

0 30 35 91 -20 7 12 38

0 42 91 94 -11 1 41 24

0 12 93 48 -6 2 5 18

0 2 59 85 -8 11 13 31

0 35 36 59 -11 17 41 36

0 20 24 58 -13 5 11 21

0 27 45 82 -15 2 12 14

0 23 65 97 -3 2 13 17

0 21 71 94 -6 8 14 36

0 46 65 12 -9 10 20 34

0 19 89 90 -19 3 38 45

0 30 43 38 -3 0 36 4

0 11 22 54 -20 3 7 18

0 33 73 45 -3 20 43 34

0 46 55 62 -6 16 31 0

0 32 95 83 -19 17 46 4

0 34 41 37 -10 13 36 27

0 46 54 95 -13 24 37 20

0 32 70 26 -10 12 14 13

0 45 77 90 -12 2 13 47

0 56 58 53 -10 2 3 2

0 76 80 69 -3 23 43 29

0 19 28 99 -12 13 23 0

0 22 47 83 -11 1 14 40

0 6 85 87 -19 3 5 33

0 20 85 31 -11 37 48 17

0 41 93 99 -12 16 21 47

0 9 89 87 -20 14 20 31

0 34 42 77 -13 7 19 24

0 41 85 91 -9 0 5 44

0 55 74 46 -9 1 4 41

0 59 81 9 -1 0 35 15

0 21 47 2 -20 15 40 22

0 9 37 24 -8 7 28 1

0 39 60 46 -19 33 43 2

0 22 79 45 -13 29 39 6

0 61 79 7 -6 42 48 31

0 61 62 58 -16 13 15 17

0 24 69 66 -1 1 18 45

0 22 53 78 -6 12 16 46

0 51 59 47 -18 26 38 9

0 41 61 19 -15 11 29 47

0 13 63 87 -15 3 29 19

0 9 35 70 -16 4 5 45

0 26 47 23 -1 16 44 12

0 11 95 62 -14 5 22 43

0 19 34 83 -14 31 32 39

0 15 25 23 -14 2 12 49

0 2 31 33 -7 7 13 38

0 30 35 14 -2 16 34 49

0 10 31 68 -14 19 35 25

0 8 9 12 -14 8 17 8

0 10 67 65 -19 1 46 7

0 1 18 43 -5 11 14 4

0 31 36 19 -11 0 1 45

0 17 18 57 -16 23 32 43

0 3 78 55 -11 3 21 46

0 9 36 32 -13 1 46 44

0 14 17 23 -13 0 36 22

0 0 36 78 -13 6 38 36

0 7 64 63 -5 8 11 42

0 1 71 19 -7 11 15 1

0 30 38 5 -1 16 39 46

0 4 22 43 -19 23 29 3

0 15 29 62 -5 0 35 48

0 28 33 15 -5 1 43 38

0 1 17 9 -17 8 17 31

0 9 37 83 -20 19 37 47

0 7 58 19 -1 6 12 44

0 7 9 8 -15 21 26 6

0 12 28 85 -11 5 23 44

0 2 3 75 -1 0 36 13

0 13 21 44 -14 15 48 21

0 3 22 29 -10 3 32 30

0 2 5 57 -16 15 24 31

0 32 37 57 -4 39 41 36

0 18 23 9 -5 2 15 39

0 10 25 94 -19 28 43 7

0 1 4 88 -17 0 11 32

0 2 6 62 -15 18 19 9

0 1 5 67 -11 12 46 43

0 3 11 34 -8 2 27 44

0 4 5 67 -13 22 27 3

0 14 15 80 -9 34 39 26

0 15 24 89 -9 3 39 13

0 9 10 93 -6 23 37 46


SAlphaB: 710.0, std-dev 261.81435477000946

Earliest win: 36
Latest win: 81

WinDepth:
0 0 0 0 0 0 0 0 0 0 0 0 0 0 0 0 0 0 0 0 0 0 0 0 0 0 0 0 0 0 0 0 0 0 0 0 1 8 2 2 15 7 5 45 2 12 17 34 51 106 78 160 89 145 82 202 151 189 155 177 152 226 275 344 338 347 355 381 450 400 456 439 389 367 379 377 244 213 168 163 96 61 
SAlphaB:
0 0 0 0 0 0 0 0 0 0 0 0 0 0 0 0 0 0 0 0 0 0 0 0 0 0 0 0 0 0 0 0 0 0 0 0 1 8 2 2 15 7 5 45 2 12 17 34 51 106 78 160 89 145 82 202 151 189 155 177 152 226 275 344 338 347 355 381 450 400 456 439 389 367 379 377 244 213 168 163 96 61 

LossDepth:
SAlphaB:
0 0 0 0 0 0 0 0 0 0 0 0 0 0 0 0 0 0 0 0 0 0 0 0 0 0 0 0 0 0 0 0 0 0 0 0 1 8 2 2 15 7 5 45 2 12 17 34 51 106 78 160 89 145 82 202 151 189 155 177 152 226 275 344 338 347 355 381 450 400 456 439 389 367 379 377 244 213 168 163 96 61 

FirstWin:
0 0 0 0 0 0 0 0 0 0 0 0 0 0 0 0 0 0 0 0 0 0 0 0 0 0 0 0 0 0 0 0 0 0 0 0 0 8 0 2 0 7 0 45 0 12 0 34 0 106 0 160 0 145 0 202 0 189 0 177 0 226 0 344 0 347 0 381 0 400 0 439 0 367 0 377 0 213 0 163 0 61 
SAlphaB:
0 0 0 0 0 0 0 0 0 0 0 0 0 0 0 0 0 0 0 0 0 0 0 0 0 0 0 0 0 0 0 0 0 0 0 0 0 8 0 2 0 7 0 45 0 12 0 34 0 106 0 160 0 145 0 202 0 189 0 177 0 226 0 344 0 347 0 381 0 400 0 439 0 367 0 377 0 213 0 163 0 61 

SecondWin:
0 0 0 0 0 0 0 0 0 0 0 0 0 0 0 0 0 0 0 0 0 0 0 0 0 0 0 0 0 0 0 0 0 0 0 0 1 0 2 0 15 0 5 0 2 0 17 0 51 0 78 0 89 0 82 0 151 0 155 0 152 0 275 0 338 0 355 0 450 0 456 0 389 0 379 0 244 0 168 0 96 0 
SAlphaB:
0 0 0 0 0 0 0 0 0 0 0 0 0 0 0 0 0 0 0 0 0 0 0 0 0 0 0 0 0 0 0 0 0 0 0 0 1 0 2 0 15 0 5 0 2 0 17 0 51 0 78 0 89 0 82 0 151 0 155 0 152 0 275 0 338 0 355 0 450 0 456 0 389 0 379 0 244 0 168 0 96 0 
