0 26 55 16 -7 3 10 13

0 16 52 84 -13 0 1 15

0 55 98 13 -1 6 11 0

0 32 77 48 -3 12 24 26

0 49 83 58 -14 10 19 21

0 60 67 0 -19 9 23 5

0 69 96 55 -17 4 23 20

0 33 80 23 -20 11 19 38

0 73 87 73 -8 9 49 2

0 54 84 57 -12 0 1 22

0 14 54 35 -11 2 10 14

0 51 53 94 -20 3 10 39

0 62 70 3 -19 12 48 22

0 27 67 23 -5 7 18 2

0 65 85 26 -4 5 33 24

0 40 98 15 -20 2 24 31

0 11 27 12 -18 0 1 2

0 24 81 29 -4 11 22 32

0 36 71 23 -14 15 26 31

0 15 48 91 -5 35 39 44

0 53 77 44 -11 17 38 21

0 41 93 78 -16 1 30 3

0 32 87 63 -14 13 14 49

0 24 66 67 -15 9 18 10

0 33 65 76 -18 19 45 14

0 74 90 24 -11 1 44 2

0 27 65 30 -4 16 23 24

0 24 75 87 -8 43 48 3

0 31 34 99 -16 4 7 11

0 10 48 86 -15 4 9 45

0 1 55 57 -9 6 23 19

0 6 74 74 -15 15 33 14

0 5 95 25 -20 0 15 16

0 68 73 15 -17 13 15 49

0 10 43 1 -15 12 16 7

0 9 27 69 -4 9 27 30

0 44 46 97 -6 12 23 47

0 7 66 83 -10 0 2 32

0 36 42 25 -9 0 5 38

0 1 48 96 -13 17 34 26

0 17 47 17 -1 5 11 49

0 1 65 20 -20 1 2 42

0 71 96 23 -9 18 23 44

0 34 82 78 -2 3 4 5

0 12 71 3 -14 9 25 29

0 57 90 59 -6 35 46 26

0 31 71 24 -1 0 2 18

0 23 84 74 -20 2 26 33

0 6 50 7 -17 0 1 12

0 10 79 13 -9 3 14 40

0 22 26 91 -2 11 32 32

0 30 76 2 -17 14 34 37

0 49 73 97 -4 18 32 13

0 4 24 93 -15 3 10 5

0 29 68 43 -12 8 42 13

0 3 38 44 -18 2 28 18

0 18 71 36 -3 4 45 28

0 6 77 69 -9 33 44 26

0 17 41 92 -17 0 20 27

0 45 73 74 -16 26 33 21

0 26 78 71 -5 26 33 39

0 49 52 62 -14 13 30 8

0 13 29 67 -5 21 26 4

0 85 90 61 -8 0 5 22

0 6 25 58 -10 19 34 4

0 3 6 95 -4 16 28 18

0 7 68 77 -17 32 37 17

0 32 36 13 -6 2 4 45

0 26 83 36 -9 23 29 27

0 0 45 60 -7 0 2 21

0 6 17 87 -9 16 17 48

0 21 27 91 -19 4 6 6

0 41 44 24 -20 19 23 14

0 10 36 43 -16 18 33 31

0 0 7 10 -15 24 44 17

0 12 25 96 -8 1 5 34

0 14 15 24 -9 10 30 30

0 4 61 9 -5 6 7 41

0 36 96 32 -19 17 19 27

0 0 12 65 -18 7 19 4

0 6 29 31 -4 26 33 47

0 2 15 50 -6 3 8 48

0 1 2 31 -9 11 13 25

0 13 19 53 -10 14 49 45

0 6 59 94 -20 13 47 23

0 9 17 41 -2 30 47 19

0 0 7 33 -20 45 49 29

0 3 19 22 -7 31 33 42

0 22 73 19 -15 26 29 46

0 7 37 17 -1 4 20 39

0 9 18 19 -15 25 38 40

0 13 16 2 -16 27 48 18

0 8 21 81 -2 2 44 26

0 18 20 80 -7 37 47 10

0 3 8 75 -13 26 41 15

0 0 15 43 -17 13 43 17

0 2 5 15 -7 29 34 0

0 10 22 54 -11 10 24 49

0 2 7 94 -4 0 5 19

0 1 7 31 -14 5 7 46


SAlphaB: 730.0, std-dev 274.9987639090677

Earliest win: 35
Latest win: 81

WinDepth:
0 0 0 0 0 0 0 0 0 0 0 0 0 0 0 0 0 0 0 0 0 0 0 0 0 0 0 0 0 0 0 0 0 0 0 1 0 0 0 4 1 4 1 5 3 32 11 56 18 67 61 207 71 127 72 203 109 177 126 193 174 257 248 317 342 352 408 384 423 412 426 459 424 453 392 382 239 245 198 152 98 67 
SAlphaB:
0 0 0 0 0 0 0 0 0 0 0 0 0 0 0 0 0 0 0 0 0 0 0 0 0 0 0 0 0 0 0 0 0 0 0 1 0 0 0 4 1 4 1 5 3 32 11 56 18 67 61 207 71 127 72 203 109 177 126 193 174 257 248 317 342 352 408 384 423 412 426 459 424 453 392 382 239 245 198 152 98 67 

LossDepth:
SAlphaB:
0 0 0 0 0 0 0 0 0 0 0 0 0 0 0 0 0 0 0 0 0 0 0 0 0 0 0 0 0 0 0 0 0 0 0 1 0 0 0 4 1 4 1 5 3 32 11 56 18 67 61 207 71 127 72 203 109 177 126 193 174 257 248 317 342 352 408 384 423 412 426 459 424 453 392 382 239 245 198 152 98 67 

FirstWin:
0 0 0 0 0 0 0 0 0 0 0 0 0 0 0 0 0 0 0 0 0 0 0 0 0 0 0 0 0 0 0 0 0 0 0 1 0 0 0 4 0 4 0 5 0 32 0 56 0 67 0 207 0 127 0 203 0 177 0 193 0 257 0 317 0 352 0 384 0 412 0 459 0 453 0 382 0 245 0 152 0 67 
SAlphaB:
0 0 0 0 0 0 0 0 0 0 0 0 0 0 0 0 0 0 0 0 0 0 0 0 0 0 0 0 0 0 0 0 0 0 0 1 0 0 0 4 0 4 0 5 0 32 0 56 0 67 0 207 0 127 0 203 0 177 0 193 0 257 0 317 0 352 0 384 0 412 0 459 0 453 0 382 0 245 0 152 0 67 

SecondWin:
0 0 0 0 0 0 0 0 0 0 0 0 0 0 0 0 0 0 0 0 0 0 0 0 0 0 0 0 0 0 0 0 0 0 0 0 0 0 0 0 1 0 1 0 3 0 11 0 18 0 61 0 71 0 72 0 109 0 126 0 174 0 248 0 342 0 408 0 423 0 426 0 424 0 392 0 239 0 198 0 98 0 
SAlphaB:
0 0 0 0 0 0 0 0 0 0 0 0 0 0 0 0 0 0 0 0 0 0 0 0 0 0 0 0 0 0 0 0 0 0 0 0 0 0 0 0 1 0 1 0 3 0 11 0 18 0 61 0 71 0 72 0 109 0 126 0 174 0 248 0 342 0 408 0 423 0 426 0 424 0 392 0 239 0 198 0 98 0 
