0 37 60 38 -15 2 11 18

0 31 61 30 -6 6 25 11

0 55 60 86 -10 10 21 25

0 60 90 19 -8 13 29 25

0 37 41 42 -9 1 18 17

0 82 97 1 -19 4 35 13

0 82 95 54 -8 7 13 10

0 34 98 54 -16 11 12 6

0 13 95 60 -4 4 10 29

0 60 98 72 -5 4 24 36

0 49 57 50 -16 6 8 21

0 40 67 64 -5 2 31 37

0 72 73 92 -12 13 20 9

0 58 88 1 -11 1 16 10

0 43 68 8 -14 0 1 25

0 22 95 86 -5 18 36 6

0 18 23 45 -2 3 4 4

0 67 90 60 -13 6 14 3

0 55 74 12 -6 17 30 3

0 12 80 69 -6 10 15 21

0 50 98 49 -18 1 11 48

0 22 54 28 -1 20 36 14

0 67 85 54 -4 3 14 35

0 31 42 40 -17 8 19 5

0 24 42 86 -10 9 10 36

0 0 31 97 -18 5 15 20

0 43 48 53 -10 1 6 34

0 21 24 51 -12 13 24 2

0 25 47 90 -15 14 18 31

0 21 95 69 -6 3 5 35

0 14 59 94 -4 40 43 3

0 74 83 69 -7 7 10 44

0 53 96 33 -15 17 32 2

0 3 86 43 -17 0 1 43

0 4 34 82 -18 0 4 23

0 23 48 50 -11 3 9 34

0 9 78 50 -5 0 20 2

0 25 44 12 -7 30 34 5

0 39 40 30 -9 9 19 19

0 48 72 79 -17 17 21 14

0 31 79 42 -18 7 20 46

0 50 85 1 -17 0 1 43

0 28 42 93 -4 23 30 43

0 85 92 24 -1 6 14 34

0 48 88 68 -3 1 14 40

0 2 51 26 -10 1 4 19

0 17 80 30 -1 32 45 38

0 17 30 4 -8 5 6 22

0 20 30 64 -6 11 18 15

0 3 43 47 -17 16 25 31

0 24 54 14 -11 42 47 10

0 6 96 91 -7 2 17 33

0 8 28 68 -5 14 27 9

0 30 60 63 -14 16 17 22

0 15 21 56 -18 0 7 33

0 24 27 16 -5 10 15 4

0 24 75 85 -8 0 1 47

0 0 11 61 -3 14 25 10

0 10 53 26 -16 46 49 13

0 16 34 46 -13 12 14 30

0 4 73 16 -9 35 43 32

0 10 27 62 -15 1 3 39

0 6 10 78 -9 2 6 0

0 20 32 57 -14 0 20 29

0 8 55 47 -1 6 14 48

0 15 16 51 -7 3 9 15

0 32 44 73 -18 4 39 37

0 11 33 20 -8 13 48 46

0 0 4 33 -3 9 15 3

0 37 38 68 -3 0 43 16

0 49 77 74 -18 29 34 37

0 2 49 7 -17 9 36 19

0 27 29 51 -19 8 35 1

0 52 66 45 -10 33 35 34

0 4 24 91 -9 3 10 27

0 9 18 97 -13 1 7 14

0 16 24 6 -14 34 49 12

0 26 47 88 -19 23 27 0

0 2 47 22 -14 5 8 36

0 1 4 9 -12 3 5 17

0 5 15 99 -18 13 23 25

0 4 20 51 -3 20 45 38

0 2 15 76 -2 21 33 9

0 0 6 61 -18 4 7 41

0 19 39 41 -10 6 49 24

0 2 4 31 -15 18 39 40

0 0 15 62 -7 27 40 35

0 1 15 98 -10 0 7 36

0 5 7 60 -17 5 11 45

0 4 16 59 -9 15 25 32

0 4 92 0 -5 1 35 19

0 7 17 85 -6 21 46 43

0 7 34 28 -3 14 26 41

0 11 17 46 -20 6 21 27

0 4 7 13 -11 15 42 35

0 1 3 7 -6 6 33 32

0 0 4 56 -16 1 6 42

0 3 7 43 -10 11 21 22

0 1 8 41 -20 16 29 31

0 5 12 48 -12 17 19 45


SAlphaB: 694.0, std-dev 267.3278499210928

Earliest win: 37
Latest win: 81

WinDepth:
0 0 0 0 0 0 0 0 0 0 0 0 0 0 0 0 0 0 0 0 0 0 0 0 0 0 0 0 0 0 0 0 0 0 0 0 0 4 1 2 0 6 3 12 7 25 12 20 22 60 44 206 64 129 91 198 142 192 178 174 174 213 198 340 277 372 439 386 469 411 475 469 417 395 376 350 252 249 137 157 118 76 
SAlphaB:
0 0 0 0 0 0 0 0 0 0 0 0 0 0 0 0 0 0 0 0 0 0 0 0 0 0 0 0 0 0 0 0 0 0 0 0 0 4 1 2 0 6 3 12 7 25 12 20 22 60 44 206 64 129 91 198 142 192 178 174 174 213 198 340 277 372 439 386 469 411 475 469 417 395 376 350 252 249 137 157 118 76 

LossDepth:
SAlphaB:
0 0 0 0 0 0 0 0 0 0 0 0 0 0 0 0 0 0 0 0 0 0 0 0 0 0 0 0 0 0 0 0 0 0 0 0 0 4 1 2 0 6 3 12 7 25 12 20 22 60 44 206 64 129 91 198 142 192 178 174 174 213 198 340 277 372 439 386 469 411 475 469 417 395 376 350 252 249 137 157 118 76 

FirstWin:
0 0 0 0 0 0 0 0 0 0 0 0 0 0 0 0 0 0 0 0 0 0 0 0 0 0 0 0 0 0 0 0 0 0 0 0 0 4 0 2 0 6 0 12 0 25 0 20 0 60 0 206 0 129 0 198 0 192 0 174 0 213 0 340 0 372 0 386 0 411 0 469 0 395 0 350 0 249 0 157 0 76 
SAlphaB:
0 0 0 0 0 0 0 0 0 0 0 0 0 0 0 0 0 0 0 0 0 0 0 0 0 0 0 0 0 0 0 0 0 0 0 0 0 4 0 2 0 6 0 12 0 25 0 20 0 60 0 206 0 129 0 198 0 192 0 174 0 213 0 340 0 372 0 386 0 411 0 469 0 395 0 350 0 249 0 157 0 76 

SecondWin:
0 0 0 0 0 0 0 0 0 0 0 0 0 0 0 0 0 0 0 0 0 0 0 0 0 0 0 0 0 0 0 0 0 0 0 0 0 0 1 0 0 0 3 0 7 0 12 0 22 0 44 0 64 0 91 0 142 0 178 0 174 0 198 0 277 0 439 0 469 0 475 0 417 0 376 0 252 0 137 0 118 0 
SAlphaB:
0 0 0 0 0 0 0 0 0 0 0 0 0 0 0 0 0 0 0 0 0 0 0 0 0 0 0 0 0 0 0 0 0 0 0 0 0 0 1 0 0 0 3 0 7 0 12 0 22 0 44 0 64 0 91 0 142 0 178 0 174 0 198 0 277 0 439 0 469 0 475 0 417 0 376 0 252 0 137 0 118 0 
