0 22 79 38 -4 1 26 6

0 1 35 69 -4 3 6 3

0 1 88 24 -11 2 6 18

0 35 51 11 -1 1 8 4

0 63 71 36 -12 8 27 34

0 49 88 86 -1 4 28 5

0 34 76 43 -3 6 15 23

0 66 77 75 -15 8 39 27

0 66 70 46 -12 7 14 30

0 68 79 17 -14 14 36 5

0 4 61 92 -1 7 27 47

0 72 85 39 -9 8 24 29

0 31 44 90 -14 20 35 5

0 32 74 71 -17 7 18 11

0 80 97 7 -4 8 23 47

0 25 36 19 -9 1 17 13

0 37 91 18 -12 0 19 6

0 26 51 90 -10 1 20 37

0 44 72 91 -9 44 45 20

0 55 81 79 -17 12 22 15

0 33 56 39 -4 2 3 16

0 22 91 39 -18 2 5 22

0 43 63 74 -5 18 20 48

0 36 60 97 -7 9 17 22

0 28 76 9 -17 6 40 25

0 43 75 28 -9 0 5 1

0 40 87 40 -4 1 11 31

0 14 56 78 -5 25 34 10

0 15 41 84 -4 3 16 23

0 29 89 70 -20 7 10 3

0 33 68 99 -1 27 34 6

0 97 99 69 -2 21 36 6

0 53 55 72 -13 42 45 31

0 0 39 53 -12 9 14 23

0 46 59 21 -8 5 36 22

0 26 68 38 -11 21 42 3

0 7 22 65 -1 45 49 8

0 58 88 12 -1 28 44 32

0 82 88 68 -13 2 6 47

0 7 54 34 -20 39 43 15

0 51 61 43 -7 0 1 24

0 2 24 64 -3 10 33 33

0 12 82 49 -16 11 48 21

0 71 90 72 -18 26 37 41

0 3 41 73 -1 32 40 45

0 54 58 67 -6 0 18 1

0 31 48 64 -13 10 16 7

0 31 75 83 -20 7 33 32

0 36 58 88 -12 19 25 42

0 79 83 8 -2 28 39 8

0 43 56 43 -2 5 23 45

0 10 40 77 -20 34 37 32

0 10 56 1 -17 36 44 40

0 22 68 57 -9 22 26 29

0 43 44 70 -9 8 14 47

0 31 80 40 -3 0 2 46

0 40 43 73 -20 6 9 36

0 10 58 92 -7 6 11 38

0 41 51 76 -14 7 43 47

0 12 31 45 -15 1 14 25

0 5 89 38 -8 2 18 7

0 59 97 17 -19 40 48 1

0 0 81 90 -19 8 31 10

0 28 33 43 -15 12 14 49

0 31 49 34 -13 6 42 40

0 40 68 59 -3 1 2 49

0 11 29 43 -11 8 35 3

0 6 39 59 -5 16 24 17

0 8 12 48 -19 6 22 5

0 27 80 37 -7 35 41 45

0 1 23 33 -5 5 14 34

0 33 37 83 -20 6 49 23

0 14 16 73 -11 7 8 24

0 20 39 17 -4 18 21 43

0 4 19 86 -10 15 24 5

0 7 24 79 -3 2 3 46

0 2 25 83 -12 9 34 21

0 6 22 73 -16 9 22 7

0 2 10 97 -12 39 49 23

0 2 20 64 -16 2 8 12

0 5 27 95 -19 32 39 12

0 24 33 36 -20 20 41 42

0 10 35 82 -16 13 41 2

0 9 16 48 -16 3 6 45

0 17 23 79 -9 3 35 30

0 9 16 71 -6 4 28 14

0 4 14 78 -2 3 15 43

0 5 19 8 -14 25 29 41

0 16 19 90 -7 22 36 49

0 2 8 5 -8 3 19 34

0 1 9 15 -20 16 18 0

0 5 35 24 -8 12 14 49

0 8 19 27 -12 4 29 38

0 1 14 86 -7 9 33 16

0 1 4 37 -13 1 30 36

0 4 18 0 -14 1 2 41

0 10 12 33 -17 3 19 41

0 2 3 16 -14 1 2 18

0 2 7 12 -20 2 13 44

0 4 16 24 -9 9 15 43


SAlphaB: 706.0, std-dev 259.19872723842644

Earliest win: 39
Latest win: 81

WinDepth:
0 0 0 0 0 0 0 0 0 0 0 0 0 0 0 0 0 0 0 0 0 0 0 0 0 0 0 0 0 0 0 0 0 0 0 0 0 0 0 7 19 14 3 10 8 37 6 49 38 64 83 172 80 122 91 180 135 171 147 178 182 210 233 366 275 378 405 368 417 384 441 472 398 460 408 343 278 224 162 131 100 68 
SAlphaB:
0 0 0 0 0 0 0 0 0 0 0 0 0 0 0 0 0 0 0 0 0 0 0 0 0 0 0 0 0 0 0 0 0 0 0 0 0 0 0 7 19 14 3 10 8 37 6 49 38 64 83 172 80 122 91 180 135 171 147 178 182 210 233 366 275 378 405 368 417 384 441 472 398 460 408 343 278 224 162 131 100 68 

LossDepth:
SAlphaB:
0 0 0 0 0 0 0 0 0 0 0 0 0 0 0 0 0 0 0 0 0 0 0 0 0 0 0 0 0 0 0 0 0 0 0 0 0 0 0 7 19 14 3 10 8 37 6 49 38 64 83 172 80 122 91 180 135 171 147 178 182 210 233 366 275 378 405 368 417 384 441 472 398 460 408 343 278 224 162 131 100 68 

FirstWin:
0 0 0 0 0 0 0 0 0 0 0 0 0 0 0 0 0 0 0 0 0 0 0 0 0 0 0 0 0 0 0 0 0 0 0 0 0 0 0 7 0 14 0 10 0 37 0 49 0 64 0 172 0 122 0 180 0 171 0 178 0 210 0 366 0 378 0 368 0 384 0 472 0 460 0 343 0 224 0 131 0 68 
SAlphaB:
0 0 0 0 0 0 0 0 0 0 0 0 0 0 0 0 0 0 0 0 0 0 0 0 0 0 0 0 0 0 0 0 0 0 0 0 0 0 0 7 0 14 0 10 0 37 0 49 0 64 0 172 0 122 0 180 0 171 0 178 0 210 0 366 0 378 0 368 0 384 0 472 0 460 0 343 0 224 0 131 0 68 

SecondWin:
0 0 0 0 0 0 0 0 0 0 0 0 0 0 0 0 0 0 0 0 0 0 0 0 0 0 0 0 0 0 0 0 0 0 0 0 0 0 0 0 19 0 3 0 8 0 6 0 38 0 83 0 80 0 91 0 135 0 147 0 182 0 233 0 275 0 405 0 417 0 441 0 398 0 408 0 278 0 162 0 100 0 
SAlphaB:
0 0 0 0 0 0 0 0 0 0 0 0 0 0 0 0 0 0 0 0 0 0 0 0 0 0 0 0 0 0 0 0 0 0 0 0 0 0 0 0 19 0 3 0 8 0 6 0 38 0 83 0 80 0 91 0 135 0 147 0 182 0 233 0 275 0 405 0 417 0 441 0 398 0 408 0 278 0 162 0 100 0 
