0 45 86 55 -4 7 29 18

0 18 44 37 -11 0 1 7

0 19 37 63 -8 2 5 8

0 80 83 60 -5 7 21 11

0 40 87 22 -3 9 22 22

0 37 86 29 -18 5 8 4

0 24 57 49 -12 0 6 8

0 32 98 30 -10 2 9 14

0 37 79 61 -8 6 17 2

0 56 79 24 -6 8 26 8

0 40 75 56 -20 3 4 13

0 18 68 72 -1 4 7 2

0 35 74 62 -2 8 24 0

0 56 86 15 -11 3 28 10

0 31 56 72 -20 1 3 9

0 70 97 4 -1 11 33 16

0 33 88 52 -4 1 3 20

0 58 95 2 -13 4 17 6

0 41 93 57 -10 7 9 25

0 63 84 71 -1 12 26 20

0 31 40 24 -8 8 13 1

0 27 70 35 -17 5 13 13

0 62 99 68 -20 3 6 11

0 15 54 88 -14 1 2 5

0 35 71 63 -20 12 30 37

0 18 49 22 -7 2 10 11

0 57 69 95 -18 3 7 20

0 84 93 91 -12 16 38 34

0 47 96 12 -9 0 1 12

0 34 72 32 -18 1 20 27

0 17 32 12 -5 3 8 10

0 36 86 77 -8 0 3 8

0 67 82 90 -9 6 21 4

0 19 87 96 -20 0 1 12

0 57 88 28 -7 10 27 10

0 17 91 17 -19 2 3 19

0 48 64 49 -14 3 19 3

0 48 80 54 -4 3 11 36

0 31 64 35 -2 10 16 33

0 47 94 85 -6 0 23 1

0 16 17 61 -13 0 1 8

0 5 71 65 -11 0 1 10

0 12 86 36 -11 0 2 4

0 49 91 27 -17 2 12 31

0 23 45 16 -9 5 21 4

0 31 87 84 -14 18 42 29

0 12 66 47 -7 0 11 19

0 34 84 20 -19 5 20 13

0 35 75 65 -12 6 23 22

0 66 77 43 -4 14 28 28

0 78 92 93 -10 4 14 6

0 55 88 21 -2 7 9 0

0 52 91 49 -6 8 29 47

0 83 97 82 -2 19 25 12

0 88 89 97 -9 14 30 37

0 48 54 59 -16 1 7 21

0 61 88 30 -20 3 14 45

0 24 56 92 -14 4 11 4

0 49 74 85 -13 24 48 21

0 49 77 78 -2 2 19 37

0 38 98 60 -6 0 1 3

0 92 99 22 -15 18 23 16

0 25 48 47 -14 6 16 8

0 81 87 76 -11 2 21 18

0 13 25 51 -1 1 5 4

0 57 78 16 -1 10 13 28

0 47 64 0 -5 10 16 30

0 48 71 78 -17 10 42 4

0 15 80 27 -11 2 13 7

0 62 98 0 -12 7 35 24

0 10 86 82 -15 5 9 7

0 43 59 85 -9 5 38 23

0 48 60 7 -9 10 11 2

0 41 55 87 -4 3 32 22

0 39 82 47 -7 2 12 37

0 19 63 47 -2 22 48 22

0 25 75 57 -18 42 47 16

0 2 80 61 -11 4 6 22

0 16 69 27 -3 0 5 3

0 18 87 18 -5 9 26 4

0 43 78 54 -5 12 43 30

0 8 88 33 -14 4 5 14

0 7 69 83 -5 12 19 9

0 18 69 22 -20 3 10 5

0 12 52 88 -11 11 32 6

0 9 80 6 -9 3 14 3

0 27 68 33 -13 6 23 27

0 0 98 26 -11 7 12 20

0 8 46 2 -18 2 6 8

0 23 29 45 -18 0 1 41

0 9 62 60 -11 6 21 21

0 30 86 54 -8 16 28 47

0 9 23 81 -6 10 16 4

0 27 94 28 -15 31 48 15

0 5 76 62 -4 16 34 23

0 24 73 61 -18 7 11 10

0 9 15 69 -9 11 20 14

0 22 59 99 -10 34 43 23

0 1 52 38 -14 15 31 1

0 23 47 76 -15 5 9 35


SAlphaB: 994.0, std-dev 369.15612626036096

Earliest win: 37
Latest win: 81

WinDepth:
0 0 0 0 0 0 0 0 0 0 0 0 0 0 0 0 0 0 0 0 0 0 0 0 0 0 0 0 0 0 0 0 0 0 0 0 0 17 1 17 5 18 10 24 29 45 45 176 62 185 170 385 172 323 247 444 344 542 369 527 477 641 593 779 790 959 912 951 1011 960 952 987 896 859 919 719 594 473 412 269 212 188 
SAlphaB:
0 0 0 0 0 0 0 0 0 0 0 0 0 0 0 0 0 0 0 0 0 0 0 0 0 0 0 0 0 0 0 0 0 0 0 0 0 17 1 17 5 18 10 24 29 45 45 176 62 185 170 385 172 323 247 444 344 542 369 527 477 641 593 779 790 959 912 951 1011 960 952 987 896 859 919 719 594 473 412 269 212 188 

LossDepth:
SAlphaB:
0 0 0 0 0 0 0 0 0 0 0 0 0 0 0 0 0 0 0 0 0 0 0 0 0 0 0 0 0 0 0 0 0 0 0 0 0 8 0 11 1 9 4 17 19 24 24 72 40 97 97 132 129 191 176 247 198 331 197 313 279 420 418 610 526 707 684 793 692 794 730 840 642 631 732 665 485 424 335 257 205 201 

FirstWin:
0 0 0 0 0 0 0 0 0 0 0 0 0 0 0 0 0 0 0 0 0 0 0 0 0 0 0 0 0 0 0 0 0 0 0 0 0 17 0 17 0 18 0 24 0 45 0 176 0 185 0 385 0 323 0 444 0 542 0 527 0 641 0 779 0 959 0 951 0 960 0 987 0 859 0 719 0 473 0 269 0 188 
SAlphaB:
0 0 0 0 0 0 0 0 0 0 0 0 0 0 0 0 0 0 0 0 0 0 0 0 0 0 0 0 0 0 0 0 0 0 0 0 0 17 0 17 0 18 0 24 0 45 0 176 0 185 0 385 0 323 0 444 0 542 0 527 0 641 0 779 0 959 0 951 0 960 0 987 0 859 0 719 0 473 0 269 0 188 

SecondWin:
0 0 0 0 0 0 0 0 0 0 0 0 0 0 0 0 0 0 0 0 0 0 0 0 0 0 0 0 0 0 0 0 0 0 0 0 0 0 1 0 5 0 10 0 29 0 45 0 62 0 170 0 172 0 247 0 344 0 369 0 477 0 593 0 790 0 912 0 1011 0 952 0 896 0 919 0 594 0 412 0 212 0 
SAlphaB:
0 0 0 0 0 0 0 0 0 0 0 0 0 0 0 0 0 0 0 0 0 0 0 0 0 0 0 0 0 0 0 0 0 0 0 0 0 0 1 0 5 0 10 0 29 0 45 0 62 0 170 0 172 0 247 0 344 0 369 0 477 0 593 0 790 0 912 0 1011 0 952 0 896 0 919 0 594 0 412 0 212 0 
