0 57 88 28 -7 10 27 10

0 19 63 47 -2 22 48 22

0 48 64 49 -14 3 19 3

0 25 48 47 -14 6 16 8

0 92 99 22 -15 18 23 16

0 9 80 6 -9 3 14 3

0 62 98 0 -12 7 35 24

0 36 86 77 -8 0 3 8

0 58 95 2 -13 4 17 6

0 57 69 95 -18 3 7 20

0 35 57 41 -18 10 34 33

0 50 76 80 -18 3 21 19

0 24 94 65 -11 3 5 33

0 28 94 0 -12 1 2 0

0 24 67 53 -14 1 2 26

0 25 49 37 -17 35 37 6

0 24 26 74 -2 31 36 4

0 49 92 1 -6 7 20 43

0 7 21 49 -14 7 8 15

0 38 68 76 -6 17 47 14

0 19 85 12 -20 8 28 23

0 40 84 38 -17 4 36 46

0 39 78 32 -13 3 7 45

0 36 88 8 -3 8 12 14

0 6 67 30 -17 9 28 4

0 14 95 27 -2 23 33 14

0 60 83 36 -19 27 46 2

0 49 78 86 -13 3 49 4

0 61 77 42 -1 3 24 19

0 7 40 41 -16 9 24 27

0 56 83 19 -12 11 25 47

0 12 49 29 -11 23 28 2

0 32 75 12 -15 19 21 7

0 82 85 54 -20 4 7 3

0 38 91 64 -11 10 16 14

0 32 61 13 -17 6 11 40

0 2 6 80 -17 0 1 14

0 6 77 34 -13 0 9 28

0 53 60 50 -18 16 26 38

0 14 23 83 -7 9 21 22

0 16 32 79 -19 13 29 0

0 22 34 95 -9 31 33 22

0 30 50 5 -5 12 16 47

0 3 59 34 -15 8 11 2

0 19 49 29 -6 24 30 16

0 25 38 17 -16 4 6 35

0 14 24 43 -15 18 27 22

0 64 72 60 -1 1 3 28

0 6 85 9 -4 37 48 28

0 5 7 94 -5 15 16 0

0 44 93 49 -19 29 32 34

0 55 94 96 -11 22 35 15

0 43 53 60 -13 0 1 42

0 0 32 64 -2 0 44 3

0 29 68 23 -7 8 19 46

0 6 32 35 -18 4 7 21

0 26 50 8 -11 16 31 41

0 18 69 3 -17 12 14 29

0 2 29 14 -6 6 9 7

0 8 56 90 -1 23 26 46

0 28 31 40 -10 17 27 38

0 10 23 65 -10 18 30 4

0 6 90 77 -8 17 19 2

0 4 15 65 -2 20 22 3

0 7 11 18 -9 15 30 5

0 2 63 75 -18 3 30 40

0 13 22 50 -18 12 21 2

0 16 72 78 -20 8 45 18

0 0 79 93 -20 4 25 43

0 10 82 66 -16 3 29 41

0 52 65 88 -5 23 38 2

0 0 35 58 -19 13 34 16

0 34 49 44 -19 14 25 49

0 8 24 38 -16 23 30 44

0 10 26 53 -11 13 25 33

0 68 74 37 -17 36 48 18

0 11 12 98 -1 17 39 13

0 13 19 96 -18 12 25 22

0 23 32 12 -5 11 12 45

0 3 41 4 -2 4 15 48

0 0 1 24 -17 24 27 30

0 1 9 72 -5 0 1 35

0 24 59 63 -5 7 42 24

0 10 28 84 -6 12 47 7

0 0 1 26 -12 10 12 11

0 1 34 78 -11 10 31 23

0 7 77 29 -6 23 29 34

0 15 45 1 -4 3 4 49

0 49 55 9 -18 23 24 33

0 5 46 18 -20 24 46 25

0 5 15 52 -13 24 41 28

0 3 8 67 -13 17 21 46

0 1 8 79 -4 18 33 16

0 1 32 68 -5 9 46 14

0 1 57 41 -4 14 20 34

0 17 18 20 -15 6 46 40

0 0 13 44 -1 6 10 32

0 19 28 0 -5 6 47 42

0 2 30 66 -1 5 29 26

0 6 34 83 -3 6 32 45


SAlphaB: 942.0, std-dev 385.8437415966377

Earliest win: 37
Latest win: 81

WinDepth:
0 0 0 0 0 0 0 0 0 0 0 0 0 0 0 0 0 0 0 0 0 0 0 0 0 0 0 0 0 0 0 0 0 0 0 0 0 10 0 7 0 7 1 33 23 31 16 43 23 83 96 167 93 110 63 249 129 163 136 157 138 221 201 313 341 358 373 430 479 408 466 422 431 401 373 361 297 214 198 151 86 82 
SAlphaB:
0 0 0 0 0 0 0 0 0 0 0 0 0 0 0 0 0 0 0 0 0 0 0 0 0 0 0 0 0 0 0 0 0 0 0 0 0 10 0 7 0 7 1 33 23 31 16 43 23 83 96 167 93 110 63 249 129 163 136 157 138 221 201 313 341 358 373 430 479 408 466 422 431 401 373 361 297 214 198 151 86 82 

LossDepth:
SAlphaB:
0 0 0 0 0 0 0 0 0 0 0 0 0 0 0 0 0 0 0 0 0 0 0 0 0 0 0 0 0 0 0 0 0 0 0 0 0 10 0 7 0 7 1 33 23 31 16 43 23 83 96 167 93 110 63 249 129 163 136 157 138 221 201 313 341 358 373 430 479 408 466 422 431 401 373 361 297 214 198 151 86 82 

FirstWin:
0 0 0 0 0 0 0 0 0 0 0 0 0 0 0 0 0 0 0 0 0 0 0 0 0 0 0 0 0 0 0 0 0 0 0 0 0 10 0 7 0 7 0 33 0 31 0 43 0 83 0 167 0 110 0 249 0 163 0 157 0 221 0 313 0 358 0 430 0 408 0 422 0 401 0 361 0 214 0 151 0 82 
SAlphaB:
0 0 0 0 0 0 0 0 0 0 0 0 0 0 0 0 0 0 0 0 0 0 0 0 0 0 0 0 0 0 0 0 0 0 0 0 0 10 0 7 0 7 0 33 0 31 0 43 0 83 0 167 0 110 0 249 0 163 0 157 0 221 0 313 0 358 0 430 0 408 0 422 0 401 0 361 0 214 0 151 0 82 

SecondWin:
0 0 0 0 0 0 0 0 0 0 0 0 0 0 0 0 0 0 0 0 0 0 0 0 0 0 0 0 0 0 0 0 0 0 0 0 0 0 0 0 0 0 1 0 23 0 16 0 23 0 96 0 93 0 63 0 129 0 136 0 138 0 201 0 341 0 373 0 479 0 466 0 431 0 373 0 297 0 198 0 86 0 
SAlphaB:
0 0 0 0 0 0 0 0 0 0 0 0 0 0 0 0 0 0 0 0 0 0 0 0 0 0 0 0 0 0 0 0 0 0 0 0 0 0 0 0 0 0 1 0 23 0 16 0 23 0 96 0 93 0 63 0 129 0 136 0 138 0 201 0 341 0 373 0 479 0 466 0 431 0 373 0 297 0 198 0 86 0 
