0 61 88 30 -20 3 14 45

0 56 86 15 -11 3 28 10

0 56 79 24 -6 8 26 8

0 18 49 22 -7 2 10 11

0 1 52 38 -14 15 31 1

0 17 32 12 -5 3 8 10

0 37 79 61 -8 6 17 2

0 22 59 99 -10 34 43 23

0 84 93 91 -12 16 38 34

0 49 77 78 -2 2 19 37

0 23 35 36 -9 1 2 15

0 83 92 22 -19 2 4 13

0 13 56 90 -3 26 36 18

0 29 73 4 -1 7 28 40

0 47 57 68 -14 5 15 29

0 25 87 26 -12 6 48 8

0 11 34 25 -13 1 3 19

0 87 88 22 -8 21 24 28

0 8 10 88 -20 22 26 47

0 10 57 48 -3 2 3 39

0 20 70 84 -11 43 47 13

0 16 60 44 -9 3 4 25

0 26 47 47 -19 19 23 5

0 25 81 2 -3 1 4 0

0 50 60 33 -20 0 1 13

0 78 93 20 -1 17 29 37

0 34 61 4 -14 40 42 5

0 32 46 89 -8 0 2 35

0 5 87 86 -20 23 24 46

0 2 26 68 -10 13 22 31

0 25 70 15 -18 13 29 34

0 4 23 24 -1 6 12 10

0 26 33 21 -3 5 8 39

0 5 97 36 -9 0 40 21

0 56 95 37 -3 25 37 29

0 6 43 67 -13 26 34 46

0 18 94 87 -17 4 32 44

0 13 45 11 -16 33 37 11

0 56 65 19 -2 0 1 12

0 24 38 51 -6 1 19 30

0 1 2 66 -8 9 11 11

0 24 77 57 -14 5 10 43

0 14 59 61 -5 4 16 38

0 15 25 58 -1 5 22 27

0 44 60 34 -8 18 40 15

0 33 86 84 -4 34 40 39

0 12 19 11 -20 9 10 11

0 8 75 20 -17 30 38 41

0 23 59 18 -18 22 35 20

0 5 10 67 -16 15 38 20

0 15 22 39 -9 11 37 38

0 14 17 72 -7 3 26 3

0 15 63 61 -16 8 49 19

0 23 35 33 -2 18 43 38

0 14 35 44 -2 3 33 9

0 7 8 83 -6 18 29 17

0 17 31 87 -8 7 13 41

0 5 8 22 -17 17 28 28

0 13 18 41 -12 31 37 36

0 3 62 77 -2 0 12 40

0 24 26 96 -17 0 32 47

0 44 85 33 -19 46 47 8

0 2 14 64 -19 11 15 30

0 16 22 48 -16 35 39 14

0 0 29 64 -19 1 38 36

0 43 46 0 -16 9 16 30

0 6 12 56 -15 3 32 28

0 13 63 95 -2 8 18 37

0 9 86 6 -11 14 21 12

0 0 55 84 -15 6 8 42

0 16 21 83 -19 10 15 44

0 0 1 36 -18 4 47 48

0 4 23 86 -15 22 43 45

0 17 68 44 -9 30 40 36

0 23 85 46 -11 18 33 47

0 12 82 29 -7 9 25 29

0 4 5 25 -19 11 25 20

0 15 40 14 -7 28 30 32

0 3 45 46 -3 5 12 25

0 12 20 31 -5 18 29 3

0 13 27 12 -2 6 12 42

0 5 28 96 -13 6 8 31

0 1 7 91 -6 4 35 20

0 24 26 70 -1 0 17 42

0 2 4 40 -19 3 25 14

0 6 18 3 -6 3 32 37

0 11 16 16 -14 4 7 21

0 11 82 70 -4 26 29 48

0 6 9 78 -1 17 27 38

0 0 2 16 -19 13 24 19

0 0 8 91 -17 31 32 23

0 14 22 92 -11 31 49 6

0 13 29 52 -6 5 39 48

0 4 12 10 -15 5 36 24

0 19 20 31 -14 11 19 25

0 0 1 50 -4 20 36 48

0 15 24 16 -3 10 47 31

0 0 1 62 -5 2 7 47

0 1 2 74 -3 6 30 48

0 5 7 4 -7 9 23 42


SAlphaB: 980.0, std-dev 351.22273185791573

Earliest win: 37
Latest win: 81

WinDepth:
0 0 0 0 0 0 0 0 0 0 0 0 0 0 0 0 0 0 0 0 0 0 0 0 0 0 0 0 0 0 0 0 0 0 0 0 0 3 0 5 1 8 3 12 8 25 11 40 28 40 114 201 118 109 66 183 116 145 132 182 177 178 253 400 263 345 399 423 416 383 477 455 460 386 420 353 270 255 184 127 101 79 
SAlphaB:
0 0 0 0 0 0 0 0 0 0 0 0 0 0 0 0 0 0 0 0 0 0 0 0 0 0 0 0 0 0 0 0 0 0 0 0 0 3 0 5 1 8 3 12 8 25 11 40 28 40 114 201 118 109 66 183 116 145 132 182 177 178 253 400 263 345 399 423 416 383 477 455 460 386 420 353 270 255 184 127 101 79 

LossDepth:
SAlphaB:
0 0 0 0 0 0 0 0 0 0 0 0 0 0 0 0 0 0 0 0 0 0 0 0 0 0 0 0 0 0 0 0 0 0 0 0 0 3 0 5 1 8 3 12 8 25 11 40 28 40 114 201 118 109 66 183 116 145 132 182 177 178 253 400 263 345 399 423 416 383 477 455 460 386 420 353 270 255 184 127 101 79 

FirstWin:
0 0 0 0 0 0 0 0 0 0 0 0 0 0 0 0 0 0 0 0 0 0 0 0 0 0 0 0 0 0 0 0 0 0 0 0 0 3 0 5 0 8 0 12 0 25 0 40 0 40 0 201 0 109 0 183 0 145 0 182 0 178 0 400 0 345 0 423 0 383 0 455 0 386 0 353 0 255 0 127 0 79 
SAlphaB:
0 0 0 0 0 0 0 0 0 0 0 0 0 0 0 0 0 0 0 0 0 0 0 0 0 0 0 0 0 0 0 0 0 0 0 0 0 3 0 5 0 8 0 12 0 25 0 40 0 40 0 201 0 109 0 183 0 145 0 182 0 178 0 400 0 345 0 423 0 383 0 455 0 386 0 353 0 255 0 127 0 79 

SecondWin:
0 0 0 0 0 0 0 0 0 0 0 0 0 0 0 0 0 0 0 0 0 0 0 0 0 0 0 0 0 0 0 0 0 0 0 0 0 0 0 0 1 0 3 0 8 0 11 0 28 0 114 0 118 0 66 0 116 0 132 0 177 0 253 0 263 0 399 0 416 0 477 0 460 0 420 0 270 0 184 0 101 0 
SAlphaB:
0 0 0 0 0 0 0 0 0 0 0 0 0 0 0 0 0 0 0 0 0 0 0 0 0 0 0 0 0 0 0 0 0 0 0 0 0 0 0 0 1 0 3 0 8 0 11 0 28 0 114 0 118 0 66 0 116 0 132 0 177 0 253 0 263 0 399 0 416 0 477 0 460 0 420 0 270 0 184 0 101 0 
