0 12 86 36 -11 0 2 4

0 31 56 72 -20 1 3 9

0 43 59 85 -9 5 38 23

0 38 98 60 -6 0 1 3

0 16 69 27 -3 0 5 3

0 15 80 27 -11 2 13 7

0 48 60 7 -9 10 11 2

0 48 71 78 -17 10 42 4

0 23 45 16 -9 5 21 4

0 5 76 62 -4 16 34 23

0 49 69 27 -18 2 4 46

0 80 86 38 -5 16 39 2

0 89 96 12 -7 12 17 17

0 30 68 29 -18 16 17 7

0 25 84 70 -10 4 7 13

0 40 97 89 -5 33 34 16

0 12 98 7 -8 4 26 0

0 32 88 17 -10 4 9 49

0 60 68 42 -12 11 19 7

0 94 95 6 -6 3 33 6

0 24 80 46 -18 7 8 26

0 34 92 25 -13 9 27 19

0 28 94 51 -17 2 6 32

0 54 66 73 -2 26 29 13

0 18 36 44 -15 35 41 37

0 12 60 57 -19 13 14 27

0 8 44 84 -12 23 26 8

0 12 94 34 -9 5 31 23

0 32 64 86 -17 9 21 27

0 8 45 98 -11 2 6 33

0 32 39 56 -18 12 15 13

0 3 88 14 -18 0 12 20

0 34 47 10 -9 12 24 45

0 9 19 56 -4 14 18 19

0 22 43 36 -4 8 30 19

0 14 82 62 -16 1 14 47

0 48 64 31 -1 16 38 5

0 50 51 46 -13 0 10 47

0 25 62 91 -6 1 23 2

0 66 95 62 -13 22 43 34

0 30 67 73 -13 33 43 10

0 10 53 93 -18 0 13 27

0 27 39 96 -10 6 21 14

0 20 22 32 -12 7 16 7

0 47 93 68 -18 25 47 25

0 27 30 74 -2 29 35 31

0 65 66 89 -5 18 35 38

0 28 41 42 -14 8 15 13

0 22 33 40 -14 2 5 43

0 81 87 92 -13 32 42 31

0 18 19 8 -4 1 5 21

0 2 35 12 -19 12 21 6

0 34 40 39 -9 24 40 38

0 12 36 82 -20 14 44 39

0 7 23 38 -9 3 13 8

0 26 85 54 -9 26 48 16

0 10 97 21 -20 3 10 43

0 46 53 99 -8 22 25 45

0 40 43 19 -19 12 41 12

0 25 54 7 -16 7 21 46

0 21 77 18 -19 3 17 36

0 12 97 28 -18 30 32 41

0 24 39 97 -14 31 40 43

0 7 24 49 -5 15 32 4

0 32 96 20 -20 23 35 47

0 19 33 10 -5 1 8 31

0 5 73 13 -20 1 13 42

0 22 26 74 -10 10 39 32

0 6 50 81 -12 37 48 18

0 11 23 53 -16 26 39 31

0 6 40 20 -5 8 14 22

0 3 57 36 -13 10 11 44

0 15 18 47 -17 23 42 13

0 17 21 24 -14 4 23 45

0 16 32 33 -18 2 30 32

0 20 28 67 -19 25 31 37

0 5 13 31 -16 4 8 18

0 7 28 92 -13 2 32 46

0 33 53 24 -13 24 33 36

0 5 19 50 -18 12 14 33

0 10 30 60 -2 29 49 2

0 2 23 32 -19 4 22 6

0 7 57 43 -8 6 32 39

0 27 33 93 -10 8 33 1

0 14 17 23 -14 2 34 10

0 23 37 49 -8 11 41 5

0 1 11 44 -15 8 9 24

0 7 72 86 -20 11 45 0

0 18 59 7 -8 18 26 46

0 3 21 91 -4 15 48 29

0 2 13 88 -13 18 38 27

0 36 37 5 -1 0 27 35

0 16 20 5 -3 2 5 43

0 1 14 36 -2 4 44 48

0 2 7 56 -8 0 3 15

0 0 2 18 -20 6 34 25

0 0 4 46 -17 32 48 19

0 3 10 27 -11 2 5 38

0 3 8 4 -12 31 46 0

0 3 6 19 -6 1 2 34


SAlphaB: 949.0, std-dev 374.62274046935227

Earliest win: 36
Latest win: 81

WinDepth:
0 0 0 0 0 0 0 0 0 0 0 0 0 0 0 0 0 0 0 0 0 0 0 0 0 0 0 0 0 0 0 0 0 0 0 0 1 1 1 0 4 5 7 3 9 16 40 69 22 100 56 165 74 124 82 192 129 182 130 186 177 262 240 303 348 403 376 405 428 383 386 464 458 397 413 367 243 236 153 107 95 71 
SAlphaB:
0 0 0 0 0 0 0 0 0 0 0 0 0 0 0 0 0 0 0 0 0 0 0 0 0 0 0 0 0 0 0 0 0 0 0 0 1 1 1 0 4 5 7 3 9 16 40 69 22 100 56 165 74 124 82 192 129 182 130 186 177 262 240 303 348 403 376 405 428 383 386 464 458 397 413 367 243 236 153 107 95 71 

LossDepth:
SAlphaB:
0 0 0 0 0 0 0 0 0 0 0 0 0 0 0 0 0 0 0 0 0 0 0 0 0 0 0 0 0 0 0 0 0 0 0 0 1 1 1 0 4 5 7 3 9 16 40 69 22 100 56 165 74 124 82 192 129 182 130 186 177 262 240 303 348 403 376 405 428 383 386 464 458 397 413 367 243 236 153 107 95 71 

FirstWin:
0 0 0 0 0 0 0 0 0 0 0 0 0 0 0 0 0 0 0 0 0 0 0 0 0 0 0 0 0 0 0 0 0 0 0 0 0 1 0 0 0 5 0 3 0 16 0 69 0 100 0 165 0 124 0 192 0 182 0 186 0 262 0 303 0 403 0 405 0 383 0 464 0 397 0 367 0 236 0 107 0 71 
SAlphaB:
0 0 0 0 0 0 0 0 0 0 0 0 0 0 0 0 0 0 0 0 0 0 0 0 0 0 0 0 0 0 0 0 0 0 0 0 0 1 0 0 0 5 0 3 0 16 0 69 0 100 0 165 0 124 0 192 0 182 0 186 0 262 0 303 0 403 0 405 0 383 0 464 0 397 0 367 0 236 0 107 0 71 

SecondWin:
0 0 0 0 0 0 0 0 0 0 0 0 0 0 0 0 0 0 0 0 0 0 0 0 0 0 0 0 0 0 0 0 0 0 0 0 1 0 1 0 4 0 7 0 9 0 40 0 22 0 56 0 74 0 82 0 129 0 130 0 177 0 240 0 348 0 376 0 428 0 386 0 458 0 413 0 243 0 153 0 95 0 
SAlphaB:
0 0 0 0 0 0 0 0 0 0 0 0 0 0 0 0 0 0 0 0 0 0 0 0 0 0 0 0 0 0 0 0 0 0 0 0 1 0 1 0 4 0 7 0 9 0 40 0 22 0 56 0 74 0 82 0 129 0 130 0 177 0 240 0 348 0 376 0 428 0 386 0 458 0 413 0 243 0 153 0 95 0 
