0 35 71 63 -20 12 30 37

0 23 47 76 -15 5 9 35

0 34 72 32 -18 1 20 27

0 15 54 88 -14 1 2 5

0 19 87 96 -20 0 1 12

0 13 25 51 -1 1 5 4

0 12 52 88 -11 11 32 6

0 55 88 21 -2 7 9 0

0 18 87 18 -5 9 26 4

0 47 64 0 -5 10 16 30

0 51 87 55 -15 0 22 11

0 62 77 51 -11 13 28 0

0 39 60 87 -20 2 21 15

0 24 57 36 -4 24 44 2

0 66 70 75 -19 0 1 17

0 65 79 34 -19 1 41 9

0 9 25 96 -17 0 1 7

0 27 97 96 -20 4 35 46

0 25 41 86 -11 1 3 27

0 64 78 48 -16 5 20 7

0 28 49 79 -18 2 8 41

0 18 55 60 -8 2 29 6

0 14 49 98 -16 4 12 21

0 24 45 69 -10 8 17 1

0 12 91 51 -18 30 48 30

0 66 74 70 -18 16 29 29

0 66 93 93 -16 32 37 27

0 63 82 48 -6 17 21 38

0 8 34 75 -10 46 49 6

0 64 94 82 -16 3 48 43

0 11 48 48 -14 12 31 32

0 46 56 76 -1 15 23 12

0 45 47 40 -7 9 29 20

0 1 40 71 -20 8 16 7

0 61 78 67 -3 14 18 16

0 68 85 9 -3 8 15 31

0 0 96 13 -13 16 18 11

0 68 70 16 -12 5 18 42

0 3 75 11 -1 23 47 31

0 9 79 84 -13 6 29 12

0 55 86 54 -5 24 41 18

0 24 27 64 -3 10 12 27

0 8 36 78 -14 7 18 5

0 11 44 92 -3 3 5 43

0 20 61 96 -18 2 3 18

0 10 25 89 -1 11 26 9

0 41 49 84 -13 0 24 8

0 23 97 10 -13 4 46 8

0 31 65 8 -2 1 48 2

0 20 28 90 -16 5 7 42

0 27 33 88 -20 3 15 49

0 21 33 31 -14 16 28 11

0 18 74 0 -3 18 31 40

0 36 53 20 -14 2 12 29

0 12 66 33 -17 12 14 21

0 58 63 98 -13 33 40 14

0 29 38 21 -11 3 47 21

0 13 89 63 -4 18 39 40

0 7 23 89 -20 5 12 46

0 9 73 28 -8 0 2 46

0 22 34 70 -19 5 7 42

0 28 54 69 -11 24 48 12

0 1 70 49 -17 21 22 14

0 7 45 77 -14 8 46 18

0 39 75 63 -9 36 45 2

0 2 54 63 -17 21 36 28

0 5 75 11 -14 13 16 24

0 44 53 75 -8 23 32 42

0 44 57 1 -9 20 34 30

0 1 26 65 -13 22 25 7

0 15 20 25 -1 2 19 12

0 37 58 1 -19 27 29 49

0 13 34 65 -11 15 44 32

0 42 47 88 -3 35 44 41

0 11 33 60 -7 39 42 24

0 17 92 60 -4 0 4 47

0 14 16 62 -14 0 49 3

0 11 27 45 -15 4 35 24

0 30 40 68 -10 28 34 0

0 1 5 57 -18 47 48 21

0 2 3 95 -15 2 23 17

0 4 33 62 -15 10 48 32

0 16 23 71 -13 19 35 49

0 4 46 24 -6 1 30 35

0 6 34 53 -18 22 26 10

0 2 10 88 -3 13 35 3

0 9 94 98 -7 2 14 47

0 5 7 57 -8 26 48 16

0 6 9 50 -14 10 18 30

0 10 21 7 -2 37 38 43

0 1 4 95 -18 14 40 31

0 2 20 96 -8 21 41 24

0 0 8 33 -6 0 25 2

0 10 19 48 -11 7 18 48

0 0 7 61 -7 2 38 32

0 0 3 81 -13 24 43 49

0 0 1 39 -11 1 17 38

0 10 34 6 -1 6 47 48

0 1 11 11 -1 8 33 37

0 1 4 13 -6 16 32 22


SAlphaB: 965.0, std-dev 376.930936725292

Earliest win: 37
Latest win: 81

WinDepth:
0 0 0 0 0 0 0 0 0 0 0 0 0 0 0 0 0 0 0 0 0 0 0 0 0 0 0 0 0 0 0 0 0 0 0 0 0 1 2 6 0 8 0 14 11 16 14 16 43 47 147 160 118 106 96 214 124 153 152 164 186 271 227 385 352 395 384 404 443 381 441 456 400 366 387 332 295 240 169 143 115 67 
SAlphaB:
0 0 0 0 0 0 0 0 0 0 0 0 0 0 0 0 0 0 0 0 0 0 0 0 0 0 0 0 0 0 0 0 0 0 0 0 0 1 2 6 0 8 0 14 11 16 14 16 43 47 147 160 118 106 96 214 124 153 152 164 186 271 227 385 352 395 384 404 443 381 441 456 400 366 387 332 295 240 169 143 115 67 

LossDepth:
SAlphaB:
0 0 0 0 0 0 0 0 0 0 0 0 0 0 0 0 0 0 0 0 0 0 0 0 0 0 0 0 0 0 0 0 0 0 0 0 0 1 2 6 0 8 0 14 11 16 14 16 43 47 147 160 118 106 96 214 124 153 152 164 186 271 227 385 352 395 384 404 443 381 441 456 400 366 387 332 295 240 169 143 115 67 

FirstWin:
0 0 0 0 0 0 0 0 0 0 0 0 0 0 0 0 0 0 0 0 0 0 0 0 0 0 0 0 0 0 0 0 0 0 0 0 0 1 0 6 0 8 0 14 0 16 0 16 0 47 0 160 0 106 0 214 0 153 0 164 0 271 0 385 0 395 0 404 0 381 0 456 0 366 0 332 0 240 0 143 0 67 
SAlphaB:
0 0 0 0 0 0 0 0 0 0 0 0 0 0 0 0 0 0 0 0 0 0 0 0 0 0 0 0 0 0 0 0 0 0 0 0 0 1 0 6 0 8 0 14 0 16 0 16 0 47 0 160 0 106 0 214 0 153 0 164 0 271 0 385 0 395 0 404 0 381 0 456 0 366 0 332 0 240 0 143 0 67 

SecondWin:
0 0 0 0 0 0 0 0 0 0 0 0 0 0 0 0 0 0 0 0 0 0 0 0 0 0 0 0 0 0 0 0 0 0 0 0 0 0 2 0 0 0 0 0 11 0 14 0 43 0 147 0 118 0 96 0 124 0 152 0 186 0 227 0 352 0 384 0 443 0 441 0 400 0 387 0 295 0 169 0 115 0 
SAlphaB:
0 0 0 0 0 0 0 0 0 0 0 0 0 0 0 0 0 0 0 0 0 0 0 0 0 0 0 0 0 0 0 0 0 0 0 0 0 0 2 0 0 0 0 0 11 0 14 0 43 0 147 0 118 0 96 0 124 0 152 0 186 0 227 0 352 0 384 0 443 0 441 0 400 0 387 0 295 0 169 0 115 0 
