0 35 74 62 -2 8 24 0

0 45 86 55 -4 7 29 18

0 17 91 17 -19 2 3 19

0 31 64 35 -2 10 16 33

0 66 77 43 -4 14 28 28

0 47 94 85 -6 0 23 1

0 62 99 68 -20 3 6 11

0 27 70 35 -17 5 13 13

0 48 80 54 -4 3 11 36

0 31 87 84 -14 18 42 29

0 43 92 34 -2 1 34 12

0 23 67 21 -1 5 7 7

0 23 95 40 -2 3 4 17

0 38 46 74 -3 12 32 20

0 58 81 47 -10 6 38 40

0 50 73 11 -15 0 17 20

0 53 57 18 -19 9 17 23

0 15 78 65 -15 11 38 28

0 18 44 72 -12 19 26 14

0 52 63 48 -2 13 19 41

0 46 97 86 -8 13 46 26

0 25 58 3 -16 19 37 6

0 17 43 43 -5 12 14 38

0 60 64 20 -19 11 33 35

0 40 90 87 -16 1 16 11

0 1 28 82 -17 5 6 34

0 32 51 57 -5 5 37 1

0 0 62 62 -9 30 49 45

0 16 92 78 -15 8 10 37

0 15 38 42 -19 11 25 16

0 20 44 38 -8 9 23 33

0 12 82 62 -16 0 26 20

0 23 25 31 -13 38 44 8

0 14 21 95 -14 9 17 33

0 20 47 75 -4 11 13 3

0 14 40 96 -14 12 39 47

0 27 72 12 -13 14 48 18

0 22 59 69 -9 15 27 26

0 48 53 27 -8 2 15 9

0 63 68 18 -15 3 4 11

0 41 53 16 -14 24 29 19

0 61 68 43 -14 15 40 42

0 0 77 1 -18 47 48 29

0 37 86 29 -2 22 26 24

0 21 28 56 -14 5 20 13

0 36 63 83 -7 41 45 42

0 24 56 81 -20 8 30 27

0 9 46 42 -8 2 4 34

0 12 43 48 -3 13 37 32

0 70 92 5 -16 26 43 5

0 26 37 38 -13 10 24 45

0 66 69 99 -20 22 28 4

0 6 53 85 -6 6 39 10

0 26 40 31 -9 6 39 19

0 73 81 34 -13 30 39 6

0 38 40 58 -20 24 43 2

0 18 51 2 -2 38 43 34

0 42 68 18 -9 19 25 36

0 5 75 30 -1 1 14 37

0 42 44 19 -9 2 32 21

0 75 86 30 -15 33 39 14

0 69 72 88 -4 5 7 45

0 2 4 39 -18 0 3 22

0 25 36 56 -3 1 8 33

0 18 26 41 -14 6 17 45

0 34 38 44 -18 18 26 33

0 86 95 1 -5 0 24 19

0 29 94 18 -16 19 33 29

0 4 11 29 -19 0 3 47

0 22 23 72 -3 25 40 45

0 4 33 47 -18 22 30 36

0 14 15 82 -19 1 5 24

0 29 36 61 -16 17 22 40

0 4 91 62 -9 3 4 0

0 0 42 48 -2 0 21 40

0 2 32 12 -18 24 42 37

0 1 3 11 -12 5 18 34

0 73 80 38 -19 46 49 14

0 2 3 14 -7 25 45 18

0 6 15 27 -19 4 35 7

0 4 17 40 -3 35 37 28

0 4 83 0 -8 19 32 19

0 18 25 68 -3 1 3 48

0 11 16 20 -7 2 22 10

0 11 15 56 -17 18 37 47

0 1 4 88 -14 0 45 31

0 0 39 77 -18 3 20 22

0 5 31 97 -2 2 8 45

0 6 10 11 -6 4 9 25

0 5 9 68 -6 5 29 42

0 1 3 92 -6 14 22 3

0 1 3 80 -9 3 43 43

0 1 9 30 -4 25 29 49

0 20 23 1 -12 11 40 16

0 1 2 31 -4 12 17 4

0 0 13 49 -14 4 44 26

0 6 10 68 -7 7 13 49

0 11 12 17 -2 11 19 41

0 2 8 38 -8 3 4 36

0 0 2 49 -8 33 47 2


SAlphaB: 943.0, std-dev 378.67862523797305

Earliest win: 37
Latest win: 81

WinDepth:
0 0 0 0 0 0 0 0 0 0 0 0 0 0 0 0 0 0 0 0 0 0 0 0 0 0 0 0 0 0 0 0 0 0 0 0 0 10 0 8 5 7 3 15 14 28 23 57 22 91 72 223 89 117 93 181 130 176 144 175 165 243 230 343 316 393 397 346 385 492 409 467 424 388 394 323 274 231 207 133 92 112 
SAlphaB:
0 0 0 0 0 0 0 0 0 0 0 0 0 0 0 0 0 0 0 0 0 0 0 0 0 0 0 0 0 0 0 0 0 0 0 0 0 10 0 8 5 7 3 15 14 28 23 57 22 91 72 223 89 117 93 181 130 176 144 175 165 243 230 343 316 393 397 346 385 492 409 467 424 388 394 323 274 231 207 133 92 112 

LossDepth:
SAlphaB:
0 0 0 0 0 0 0 0 0 0 0 0 0 0 0 0 0 0 0 0 0 0 0 0 0 0 0 0 0 0 0 0 0 0 0 0 0 10 0 8 5 7 3 15 14 28 23 57 22 91 72 223 89 117 93 181 130 176 144 175 165 243 230 343 316 393 397 346 385 492 409 467 424 388 394 323 274 231 207 133 92 112 

FirstWin:
0 0 0 0 0 0 0 0 0 0 0 0 0 0 0 0 0 0 0 0 0 0 0 0 0 0 0 0 0 0 0 0 0 0 0 0 0 10 0 8 0 7 0 15 0 28 0 57 0 91 0 223 0 117 0 181 0 176 0 175 0 243 0 343 0 393 0 346 0 492 0 467 0 388 0 323 0 231 0 133 0 112 
SAlphaB:
0 0 0 0 0 0 0 0 0 0 0 0 0 0 0 0 0 0 0 0 0 0 0 0 0 0 0 0 0 0 0 0 0 0 0 0 0 10 0 8 0 7 0 15 0 28 0 57 0 91 0 223 0 117 0 181 0 176 0 175 0 243 0 343 0 393 0 346 0 492 0 467 0 388 0 323 0 231 0 133 0 112 

SecondWin:
0 0 0 0 0 0 0 0 0 0 0 0 0 0 0 0 0 0 0 0 0 0 0 0 0 0 0 0 0 0 0 0 0 0 0 0 0 0 0 0 5 0 3 0 14 0 23 0 22 0 72 0 89 0 93 0 130 0 144 0 165 0 230 0 316 0 397 0 385 0 409 0 424 0 394 0 274 0 207 0 92 0 
SAlphaB:
0 0 0 0 0 0 0 0 0 0 0 0 0 0 0 0 0 0 0 0 0 0 0 0 0 0 0 0 0 0 0 0 0 0 0 0 0 0 0 0 5 0 3 0 14 0 23 0 22 0 72 0 89 0 93 0 130 0 144 0 165 0 230 0 316 0 397 0 385 0 409 0 424 0 394 0 274 0 207 0 92 0 
