0 49 91 27 -17 2 12 31

0 49 74 85 -13 24 48 21

0 40 87 22 -3 9 22 22

0 27 68 33 -13 6 23 27

0 5 71 65 -11 0 1 10

0 8 46 2 -18 2 6 8

0 0 98 26 -11 7 12 20

0 2 80 61 -11 4 6 22

0 23 29 45 -18 0 1 41

0 9 15 69 -9 11 20 14

0 34 37 85 -4 27 40 6

0 19 86 24 -9 31 44 10

0 37 64 89 -6 1 2 6

0 3 39 30 -19 14 30 28

0 26 90 99 -12 1 9 38

0 32 50 96 -17 28 30 20

0 70 75 72 -19 6 15 30

0 12 90 49 -17 7 27 8

0 34 81 75 -3 37 43 26

0 88 90 71 -20 0 2 7

0 46 52 61 -20 9 17 3

0 27 53 27 -14 14 33 13

0 0 96 43 -15 2 19 4

0 42 75 70 -12 15 28 25

0 35 49 9 -16 1 6 37

0 24 32 48 -19 0 7 13

0 29 39 39 -11 30 37 19

0 56 74 87 -17 4 19 44

0 32 39 49 -9 3 17 39

0 74 78 22 -5 5 13 8

0 49 81 66 -6 12 14 2

0 24 26 97 -12 13 36 24

0 19 59 90 -17 0 5 42

0 1 45 47 -17 3 4 14

0 39 42 24 -12 6 15 30

0 4 52 89 -13 2 3 10

0 50 74 34 -17 2 37 4

0 17 90 90 -19 18 28 5

0 20 78 96 -16 5 7 20

0 11 33 90 -13 10 26 49

0 80 85 1 -5 29 41 16

0 39 83 58 -7 18 31 6

0 3 22 60 -5 14 19 5

0 29 92 29 -2 26 49 23

0 16 21 33 -6 5 14 24

0 30 52 43 -4 5 9 43

0 3 40 27 -18 34 44 26

0 16 53 74 -2 0 17 30

0 31 75 33 -9 23 24 12

0 64 82 55 -16 19 49 23

0 11 20 70 -16 21 30 29

0 53 54 46 -17 1 21 35

0 27 72 6 -17 18 23 31

0 2 42 86 -15 6 15 44

0 4 7 9 -17 0 6 3

0 51 71 12 -11 29 30 18

0 17 38 31 -11 15 27 27

0 32 84 17 -7 23 44 17

0 0 42 31 -7 7 27 7

0 2 43 93 -10 2 3 17

0 34 48 40 -5 18 23 3

0 37 59 6 -13 7 27 21

0 38 55 5 -2 2 3 3

0 2 55 9 -1 10 39 21

0 15 20 68 -15 12 22 29

0 1 21 64 -13 16 47 8

0 22 31 40 -19 3 43 13

0 8 25 67 -3 23 40 35

0 0 53 66 -19 2 3 41

0 13 49 19 -4 0 42 43

0 0 4 32 -12 27 41 15

0 13 24 31 -18 31 42 1

0 9 35 26 -20 8 10 20

0 0 5 92 -2 12 23 41

0 0 77 51 -8 4 19 43

0 8 22 94 -18 6 20 47

0 15 54 1 -8 18 25 44

0 9 18 51 -10 44 48 49

0 7 15 66 -15 14 15 43

0 2 6 61 -13 9 23 17

0 4 5 26 -3 18 27 5

0 0 10 47 -15 17 39 41

0 1 60 63 -15 1 3 34

0 21 42 3 -7 12 40 45

0 0 4 58 -2 17 43 11

0 17 30 12 -18 16 24 29

0 8 15 61 -1 18 35 45

0 2 5 32 -6 4 20 17

0 11 39 15 -3 16 29 42

0 5 12 97 -14 13 40 28

0 1 6 58 -17 0 22 19

0 0 6 83 -18 2 9 33

0 18 39 1 -17 22 27 49

0 2 3 65 -20 24 42 42

0 6 9 1 -14 6 28 41

0 2 4 73 -6 7 31 32

0 6 35 91 -11 3 36 45

0 4 11 19 -7 0 30 36

0 16 21 19 -19 5 19 43

0 3 5 13 -16 22 29 49


SAlphaB: 965.0, std-dev 374.4552512003472

Earliest win: 35
Latest win: 81

WinDepth:
0 0 0 0 0 0 0 0 0 0 0 0 0 0 0 0 0 0 0 0 0 0 0 0 0 0 0 0 0 0 0 0 0 0 0 1 0 1 0 3 2 4 2 22 8 17 11 15 19 74 52 242 58 144 66 173 112 140 131 186 149 232 216 340 335 349 484 399 523 454 458 468 438 397 364 355 250 241 164 138 102 78 
SAlphaB:
0 0 0 0 0 0 0 0 0 0 0 0 0 0 0 0 0 0 0 0 0 0 0 0 0 0 0 0 0 0 0 0 0 0 0 1 0 1 0 3 2 4 2 22 8 17 11 15 19 74 52 242 58 144 66 173 112 140 131 186 149 232 216 340 335 349 484 399 523 454 458 468 438 397 364 355 250 241 164 138 102 78 

LossDepth:
SAlphaB:
0 0 0 0 0 0 0 0 0 0 0 0 0 0 0 0 0 0 0 0 0 0 0 0 0 0 0 0 0 0 0 0 0 0 0 1 0 1 0 3 2 4 2 22 8 17 11 15 19 74 52 242 58 144 66 173 112 140 131 186 149 232 216 340 335 349 484 399 523 454 458 468 438 397 364 355 250 241 164 138 102 78 

FirstWin:
0 0 0 0 0 0 0 0 0 0 0 0 0 0 0 0 0 0 0 0 0 0 0 0 0 0 0 0 0 0 0 0 0 0 0 1 0 1 0 3 0 4 0 22 0 17 0 15 0 74 0 242 0 144 0 173 0 140 0 186 0 232 0 340 0 349 0 399 0 454 0 468 0 397 0 355 0 241 0 138 0 78 
SAlphaB:
0 0 0 0 0 0 0 0 0 0 0 0 0 0 0 0 0 0 0 0 0 0 0 0 0 0 0 0 0 0 0 0 0 0 0 1 0 1 0 3 0 4 0 22 0 17 0 15 0 74 0 242 0 144 0 173 0 140 0 186 0 232 0 340 0 349 0 399 0 454 0 468 0 397 0 355 0 241 0 138 0 78 

SecondWin:
0 0 0 0 0 0 0 0 0 0 0 0 0 0 0 0 0 0 0 0 0 0 0 0 0 0 0 0 0 0 0 0 0 0 0 0 0 0 0 0 2 0 2 0 8 0 11 0 19 0 52 0 58 0 66 0 112 0 131 0 149 0 216 0 335 0 484 0 523 0 458 0 438 0 364 0 250 0 164 0 102 0 
SAlphaB:
0 0 0 0 0 0 0 0 0 0 0 0 0 0 0 0 0 0 0 0 0 0 0 0 0 0 0 0 0 0 0 0 0 0 0 0 0 0 0 0 2 0 2 0 8 0 11 0 19 0 52 0 58 0 66 0 112 0 131 0 149 0 216 0 335 0 484 0 523 0 458 0 438 0 364 0 250 0 164 0 102 0 
