0 18 44 37 -11 0 1 7

0 35 75 65 -12 6 23 22

0 47 96 12 -9 0 1 12

0 41 55 87 -4 3 32 22

0 40 75 56 -20 3 4 13

0 10 86 82 -15 5 9 7

0 57 78 16 -1 10 13 28

0 18 69 22 -20 3 10 5

0 88 89 97 -9 14 30 37

0 30 86 54 -8 16 28 47

0 35 92 29 -13 10 23 14

0 28 46 96 -11 6 8 22

0 58 70 99 -8 1 16 26

0 56 65 24 -1 9 42 36

0 42 47 44 -9 10 38 33

0 27 31 75 -8 6 13 11

0 52 70 89 -5 5 7 16

0 25 40 27 -13 6 8 30

0 59 62 95 -7 11 20 4

0 1 60 52 -12 5 18 9

0 22 40 65 -13 27 29 13

0 34 36 47 -18 20 45 1

0 12 99 61 -10 17 46 19

0 8 29 94 -19 5 9 21

0 77 84 55 -9 26 28 27

0 39 84 22 -19 9 19 18

0 65 82 56 -7 18 22 35

0 54 56 52 -1 6 35 2

0 89 92 62 -18 0 11 3

0 9 61 61 -16 9 21 41

0 51 63 14 -11 5 14 49

0 62 64 89 -15 19 48 49

0 87 95 43 -4 27 30 42

0 4 20 9 -7 3 10 6

0 8 84 36 -11 20 49 31

0 20 30 99 -12 2 3 21

0 82 83 99 -11 3 13 18

0 22 73 40 -4 0 1 28

0 19 42 25 -10 5 9 12

0 10 28 90 -1 13 34 5

0 44 58 14 -7 18 26 30

0 39 70 37 -5 27 28 36

0 5 38 21 -6 21 30 14

0 16 76 57 -18 9 38 10

0 25 35 77 -6 12 18 32

0 64 81 75 -5 17 25 28

0 15 19 46 -6 6 14 28

0 42 54 47 -17 11 43 42

0 11 87 52 -7 21 45 19

0 20 25 79 -19 6 24 12

0 12 32 47 -4 29 48 17

0 1 99 7 -11 0 4 43

0 32 68 10 -14 13 41 17

0 38 87 18 -2 37 39 45

0 7 16 38 -11 3 5 15

0 10 39 64 -13 0 2 27

0 14 85 28 -8 19 29 17

0 14 15 49 -3 3 11 8

0 42 74 20 -14 16 24 14

0 43 85 7 -14 16 19 27

0 64 82 14 -16 15 40 45

0 21 43 37 -4 38 47 16

0 38 40 54 -10 40 47 28

0 12 57 10 -5 36 42 33

0 43 88 77 -15 46 49 9

0 62 93 66 -19 36 42 9

0 14 26 8 -2 11 21 19

0 15 49 75 -6 7 31 26

0 10 50 50 -6 3 15 36

0 11 13 39 -4 0 3 30

0 12 30 2 -8 14 22 5

0 21 44 73 -1 12 20 47

0 35 81 46 -4 24 46 46

0 12 24 91 -8 9 10 32

0 50 63 35 -6 2 4 49

0 6 46 2 -14 20 21 18

0 2 29 58 -4 0 7 35

0 1 15 76 -14 3 9 6

0 0 17 79 -13 4 6 36

0 12 36 31 -12 16 21 45

0 19 22 41 -16 22 42 9

0 6 37 23 -2 4 5 38

0 15 17 11 -11 26 40 21

0 12 28 56 -14 6 37 7

0 14 30 69 -10 14 40 13

0 4 10 55 -13 3 24 27

0 9 12 53 -1 15 31 12

0 4 27 36 -8 42 43 0

0 7 18 3 -3 2 10 23

0 6 8 3 -18 24 42 13

0 33 81 52 -13 35 47 49

0 10 12 8 -9 24 42 29

0 1 6 25 -16 9 27 45

0 6 31 35 -9 5 20 39

0 32 36 1 -2 8 47 33

0 0 22 87 -3 14 33 41

0 2 7 44 -11 35 37 44

0 2 4 69 -15 0 32 18

0 2 4 45 -4 26 42 31

0 1 7 73 -7 3 49 37


SAlphaB: 938.0, std-dev 371.6374082110387

Earliest win: 37
Latest win: 81

WinDepth:
0 0 0 0 0 0 0 0 0 0 0 0 0 0 0 0 0 0 0 0 0 0 0 0 0 0 0 0 0 0 0 0 0 0 0 0 0 10 0 10 0 10 4 10 6 29 15 51 19 55 79 172 89 139 89 192 141 202 150 183 165 207 229 337 294 361 378 347 448 422 459 465 435 388 408 330 279 224 203 148 83 89 
SAlphaB:
0 0 0 0 0 0 0 0 0 0 0 0 0 0 0 0 0 0 0 0 0 0 0 0 0 0 0 0 0 0 0 0 0 0 0 0 0 10 0 10 0 10 4 10 6 29 15 51 19 55 79 172 89 139 89 192 141 202 150 183 165 207 229 337 294 361 378 347 448 422 459 465 435 388 408 330 279 224 203 148 83 89 

LossDepth:
SAlphaB:
0 0 0 0 0 0 0 0 0 0 0 0 0 0 0 0 0 0 0 0 0 0 0 0 0 0 0 0 0 0 0 0 0 0 0 0 0 10 0 10 0 10 4 10 6 29 15 51 19 55 79 172 89 139 89 192 141 202 150 183 165 207 229 337 294 361 378 347 448 422 459 465 435 388 408 330 279 224 203 148 83 89 

FirstWin:
0 0 0 0 0 0 0 0 0 0 0 0 0 0 0 0 0 0 0 0 0 0 0 0 0 0 0 0 0 0 0 0 0 0 0 0 0 10 0 10 0 10 0 10 0 29 0 51 0 55 0 172 0 139 0 192 0 202 0 183 0 207 0 337 0 361 0 347 0 422 0 465 0 388 0 330 0 224 0 148 0 89 
SAlphaB:
0 0 0 0 0 0 0 0 0 0 0 0 0 0 0 0 0 0 0 0 0 0 0 0 0 0 0 0 0 0 0 0 0 0 0 0 0 10 0 10 0 10 0 10 0 29 0 51 0 55 0 172 0 139 0 192 0 202 0 183 0 207 0 337 0 361 0 347 0 422 0 465 0 388 0 330 0 224 0 148 0 89 

SecondWin:
0 0 0 0 0 0 0 0 0 0 0 0 0 0 0 0 0 0 0 0 0 0 0 0 0 0 0 0 0 0 0 0 0 0 0 0 0 0 0 0 0 0 4 0 6 0 15 0 19 0 79 0 89 0 89 0 141 0 150 0 165 0 229 0 294 0 378 0 448 0 459 0 435 0 408 0 279 0 203 0 83 0 
SAlphaB:
0 0 0 0 0 0 0 0 0 0 0 0 0 0 0 0 0 0 0 0 0 0 0 0 0 0 0 0 0 0 0 0 0 0 0 0 0 0 0 0 0 0 4 0 6 0 15 0 19 0 79 0 89 0 89 0 141 0 150 0 165 0 229 0 294 0 378 0 448 0 459 0 435 0 408 0 279 0 203 0 83 0 
