0 32 98 30 -10 2 9 14

0 52 91 49 -6 8 29 47

0 31 40 24 -8 8 13 1

0 24 57 49 -12 0 6 8

0 83 97 82 -2 19 25 12

0 63 84 71 -1 12 26 20

0 33 88 52 -4 1 3 20

0 48 54 59 -16 1 7 21

0 19 37 63 -8 2 5 8

0 24 56 92 -14 4 11 4

0 33 64 69 -1 6 22 5

0 79 95 38 -2 16 18 18

0 40 77 28 -11 0 3 19

0 57 80 80 -11 1 5 23

0 34 96 77 -4 8 14 32

0 29 86 49 -18 6 14 36

0 55 59 79 -3 8 43 19

0 45 87 82 -8 0 24 0

0 0 37 35 -1 18 29 6

0 55 86 2 -11 1 7 1

0 56 71 8 -18 1 32 16

0 43 59 51 -15 5 14 11

0 5 85 60 -11 18 31 8

0 23 39 98 -5 2 17 24

0 5 99 69 -5 21 24 42

0 28 64 43 -2 14 35 41

0 8 30 59 -13 2 4 5

0 49 52 95 -2 10 41 17

0 55 61 18 -17 3 37 6

0 36 79 97 -18 0 48 1

0 22 51 82 -2 2 5 25

0 79 90 31 -18 14 16 6

0 9 64 54 -20 5 9 33

0 33 74 57 -3 10 23 43

0 73 92 32 -14 0 2 41

0 32 46 83 -12 0 1 28

0 45 98 30 -18 19 33 47

0 37 53 47 -5 1 6 25

0 41 74 41 -15 23 45 21

0 9 57 93 -3 29 38 19

0 15 54 67 -20 7 13 28

0 12 50 12 -7 12 25 5

0 3 61 36 -13 6 34 14

0 14 31 88 -14 36 37 42

0 16 27 57 -3 7 14 24

0 38 45 79 -5 18 20 17

0 50 69 60 -9 33 41 5

0 8 96 98 -5 32 42 13

0 49 93 25 -9 19 23 36

0 80 82 44 -3 4 16 35

0 26 66 7 -10 0 5 43

0 19 22 1 -3 25 35 24

0 21 42 86 -1 42 49 41

0 56 86 70 -13 18 46 30

0 16 44 78 -13 29 47 12

0 0 29 49 -19 40 47 42

0 33 38 6 -3 9 10 30

0 31 32 29 -4 2 22 41

0 48 57 34 -13 47 48 2

0 0 2 74 -18 10 23 22

0 3 16 30 -10 6 17 30

0 11 66 79 -12 15 16 3

0 1 8 21 -1 6 15 14

0 42 73 66 -19 42 48 8

0 10 13 91 -17 1 3 1

0 2 37 17 -9 35 39 37

0 7 25 72 -4 16 34 0

0 1 2 36 -7 37 43 42

0 30 60 74 -13 23 29 5

0 30 33 58 -20 5 36 35

0 20 97 12 -9 4 48 25

0 20 33 43 -9 2 3 25

0 9 32 40 -5 12 20 29

0 55 92 25 -14 39 48 49

0 2 72 30 -20 20 34 44

0 60 92 23 -19 29 30 19

0 23 35 7 -7 4 12 35

0 30 59 63 -3 0 42 0

0 38 53 12 -13 13 26 27

0 1 2 88 -12 12 37 32

0 0 1 28 -4 27 37 20

0 6 45 10 -17 1 24 41

0 23 73 26 -8 32 37 1

0 11 27 58 -5 9 38 41

0 12 16 75 -2 0 30 34

0 3 14 53 -3 6 43 18

0 1 30 59 -10 1 21 2

0 16 30 48 -1 9 42 8

0 1 2 45 -20 1 7 8

0 12 14 7 -9 5 27 19

0 5 31 1 -6 7 46 40

0 7 10 20 -11 11 20 49

0 11 33 83 -20 3 6 49

0 6 29 5 -6 5 10 42

0 14 19 70 -11 37 45 16

0 15 25 6 -7 9 22 34

0 3 5 71 -15 3 11 47

0 0 1 57 -19 10 45 47

0 0 3 0 -8 11 45 21

0 1 20 62 -1 2 8 33


SAlphaB: 954.0, std-dev 368.7252726857378

Earliest win: 31
Latest win: 81

WinDepth:
0 0 0 0 0 0 0 0 0 0 0 0 0 0 0 0 0 0 0 0 0 0 0 0 0 0 0 0 0 0 0 1 0 0 0 0 0 6 0 2 21 9 2 5 9 15 13 23 21 56 76 123 169 148 83 216 127 191 145 211 167 274 229 356 341 392 436 430 413 412 440 435 427 400 401 332 242 244 193 111 114 67 
SAlphaB:
0 0 0 0 0 0 0 0 0 0 0 0 0 0 0 0 0 0 0 0 0 0 0 0 0 0 0 0 0 0 0 1 0 0 0 0 0 6 0 2 21 9 2 5 9 15 13 23 21 56 76 123 169 148 83 216 127 191 145 211 167 274 229 356 341 392 436 430 413 412 440 435 427 400 401 332 242 244 193 111 114 67 

LossDepth:
SAlphaB:
0 0 0 0 0 0 0 0 0 0 0 0 0 0 0 0 0 0 0 0 0 0 0 0 0 0 0 0 0 0 0 1 0 0 0 0 0 6 0 2 21 9 2 5 9 15 13 23 21 56 76 123 169 148 83 216 127 191 145 211 167 274 229 356 341 392 436 430 413 412 440 435 427 400 401 332 242 244 193 111 114 67 

FirstWin:
0 0 0 0 0 0 0 0 0 0 0 0 0 0 0 0 0 0 0 0 0 0 0 0 0 0 0 0 0 0 0 1 0 0 0 0 0 6 0 2 0 9 0 5 0 15 0 23 0 56 0 123 0 148 0 216 0 191 0 211 0 274 0 356 0 392 0 430 0 412 0 435 0 400 0 332 0 244 0 111 0 67 
SAlphaB:
0 0 0 0 0 0 0 0 0 0 0 0 0 0 0 0 0 0 0 0 0 0 0 0 0 0 0 0 0 0 0 1 0 0 0 0 0 6 0 2 0 9 0 5 0 15 0 23 0 56 0 123 0 148 0 216 0 191 0 211 0 274 0 356 0 392 0 430 0 412 0 435 0 400 0 332 0 244 0 111 0 67 

SecondWin:
0 0 0 0 0 0 0 0 0 0 0 0 0 0 0 0 0 0 0 0 0 0 0 0 0 0 0 0 0 0 0 0 0 0 0 0 0 0 0 0 21 0 2 0 9 0 13 0 21 0 76 0 169 0 83 0 127 0 145 0 167 0 229 0 341 0 436 0 413 0 440 0 427 0 401 0 242 0 193 0 114 0 
SAlphaB:
0 0 0 0 0 0 0 0 0 0 0 0 0 0 0 0 0 0 0 0 0 0 0 0 0 0 0 0 0 0 0 0 0 0 0 0 0 0 0 0 21 0 2 0 9 0 13 0 21 0 76 0 169 0 83 0 127 0 145 0 167 0 229 0 341 0 436 0 413 0 440 0 427 0 401 0 242 0 193 0 114 0 
