0 41 93 57 -10 7 9 25

0 81 87 76 -11 2 21 18

0 43 78 54 -5 12 43 30

0 70 97 4 -1 11 33 16

0 9 23 81 -6 10 16 4

0 27 94 28 -15 31 48 15

0 18 68 72 -1 4 7 2

0 39 82 47 -7 2 12 37

0 9 62 60 -11 6 21 21

0 34 84 20 -19 5 20 13

0 18 94 99 -12 15 42 10

0 28 97 63 -7 6 29 32

0 24 46 55 -20 0 4 45

0 81 85 38 -4 3 6 7

0 25 67 27 -6 10 42 14

0 24 59 45 -11 15 22 7

0 26 61 61 -12 1 15 9

0 30 42 34 -16 5 10 35

0 45 72 53 -10 22 27 10

0 29 66 24 -4 1 14 22

0 38 83 55 -16 5 31 30

0 1 61 92 -5 22 26 28

0 55 76 82 -15 10 24 45

0 67 99 71 -4 18 48 27

0 66 92 3 -7 4 31 47

0 11 60 39 -9 30 43 21

0 33 35 71 -17 27 30 20

0 12 21 94 -9 4 11 2

0 36 59 15 -6 19 21 43

0 51 91 82 -15 3 6 29

0 40 93 9 -19 10 22 6

0 78 79 69 -20 19 24 41

0 31 34 69 -19 3 16 5

0 75 76 89 -13 2 30 3

0 3 93 72 -11 2 12 29

0 14 19 99 -20 0 6 1

0 30 51 1 -2 7 8 19

0 27 30 32 -2 4 6 8

0 30 68 92 -10 30 48 45

0 26 59 3 -15 31 33 11

0 74 98 7 -7 34 40 47

0 31 38 26 -8 13 16 10

0 40 89 84 -10 13 30 18

0 23 37 8 -3 1 24 3

0 28 36 35 -1 1 6 20

0 39 69 66 -6 3 4 29

0 29 77 2 -13 3 34 37

0 8 24 62 -6 3 15 2

0 4 18 72 -12 3 26 4

0 25 39 38 -12 4 22 1

0 6 19 62 -16 7 20 10

0 41 55 8 -3 6 39 33

0 13 46 90 -14 10 32 46

0 2 50 5 -18 18 49 23

0 10 25 88 -2 43 47 6

0 18 88 32 -19 38 48 9

0 0 13 93 -16 10 17 41

0 25 57 40 -7 40 41 11

0 7 49 77 -19 34 39 23

0 1 19 49 -20 9 26 9

0 13 17 83 -7 4 14 41

0 21 72 15 -6 23 34 15

0 21 87 62 -7 17 27 42

0 36 50 1 -2 26 35 36

0 17 23 1 -18 43 49 43

0 12 16 69 -13 4 19 0

0 0 1 24 -18 11 30 14

0 50 52 46 -10 34 35 35

0 2 13 41 -15 0 17 9

0 71 85 47 -4 29 38 42

0 31 42 15 -1 23 43 20

0 34 37 40 -4 27 34 24

0 11 26 86 -8 9 39 35

0 15 19 80 -4 28 48 29

0 3 22 23 -4 14 40 1

0 0 20 38 -8 22 36 4

0 8 64 55 -10 9 19 40

0 9 36 4 -20 4 16 25

0 3 26 40 -12 29 46 38

0 5 28 42 -5 22 24 29

0 0 1 88 -6 9 14 46

0 21 28 41 -18 25 35 33

0 20 87 45 -5 25 40 41

0 1 7 50 -12 28 42 32

0 15 16 34 -8 37 48 2

0 42 52 39 -15 24 29 29

0 1 4 9 -7 29 46 30

0 20 25 1 -8 3 23 25

0 5 6 88 -6 30 45 32

0 10 47 67 -20 0 37 45

0 3 14 93 -16 15 24 26

0 2 8 57 -8 4 12 28

0 0 9 92 -16 2 7 42

0 9 29 48 -2 20 29 47

0 0 1 33 -18 28 29 42

0 18 40 38 -3 1 46 38

0 11 17 51 -10 5 46 38

0 0 6 36 -17 5 32 21

0 1 2 50 -12 8 45 3

0 9 13 2 -16 21 39 45


SAlphaB: 965.0, std-dev 379.877144879789

Earliest win: 37
Latest win: 81

WinDepth:
0 0 0 0 0 0 0 0 0 0 0 0 0 0 0 0 0 0 0 0 0 0 0 0 0 0 0 0 0 0 0 0 0 0 0 0 0 14 0 1 0 4 4 4 21 13 20 24 38 99 90 187 84 105 88 172 110 185 173 188 165 236 197 277 285 381 382 423 479 440 489 415 413 375 325 374 262 251 185 121 83 88 
SAlphaB:
0 0 0 0 0 0 0 0 0 0 0 0 0 0 0 0 0 0 0 0 0 0 0 0 0 0 0 0 0 0 0 0 0 0 0 0 0 14 0 1 0 4 4 4 21 13 20 24 38 99 90 187 84 105 88 172 110 185 173 188 165 236 197 277 285 381 382 423 479 440 489 415 413 375 325 374 262 251 185 121 83 88 

LossDepth:
SAlphaB:
0 0 0 0 0 0 0 0 0 0 0 0 0 0 0 0 0 0 0 0 0 0 0 0 0 0 0 0 0 0 0 0 0 0 0 0 0 14 0 1 0 4 4 4 21 13 20 24 38 99 90 187 84 105 88 172 110 185 173 188 165 236 197 277 285 381 382 423 479 440 489 415 413 375 325 374 262 251 185 121 83 88 

FirstWin:
0 0 0 0 0 0 0 0 0 0 0 0 0 0 0 0 0 0 0 0 0 0 0 0 0 0 0 0 0 0 0 0 0 0 0 0 0 14 0 1 0 4 0 4 0 13 0 24 0 99 0 187 0 105 0 172 0 185 0 188 0 236 0 277 0 381 0 423 0 440 0 415 0 375 0 374 0 251 0 121 0 88 
SAlphaB:
0 0 0 0 0 0 0 0 0 0 0 0 0 0 0 0 0 0 0 0 0 0 0 0 0 0 0 0 0 0 0 0 0 0 0 0 0 14 0 1 0 4 0 4 0 13 0 24 0 99 0 187 0 105 0 172 0 185 0 188 0 236 0 277 0 381 0 423 0 440 0 415 0 375 0 374 0 251 0 121 0 88 

SecondWin:
0 0 0 0 0 0 0 0 0 0 0 0 0 0 0 0 0 0 0 0 0 0 0 0 0 0 0 0 0 0 0 0 0 0 0 0 0 0 0 0 0 0 4 0 21 0 20 0 38 0 90 0 84 0 88 0 110 0 173 0 165 0 197 0 285 0 382 0 479 0 489 0 413 0 325 0 262 0 185 0 83 0 
SAlphaB:
0 0 0 0 0 0 0 0 0 0 0 0 0 0 0 0 0 0 0 0 0 0 0 0 0 0 0 0 0 0 0 0 0 0 0 0 0 0 0 0 0 0 4 0 21 0 20 0 38 0 90 0 84 0 88 0 110 0 173 0 165 0 197 0 285 0 382 0 479 0 489 0 413 0 325 0 262 0 185 0 83 0 
