0 8 88 33 -14 4 5 14

0 12 66 47 -7 0 11 19

0 25 75 57 -18 42 47 16

0 7 69 83 -5 12 19 9

0 16 17 61 -13 0 1 8

0 78 92 93 -10 4 14 6

0 80 83 60 -5 7 21 11

0 24 73 61 -18 7 11 10

0 67 82 90 -9 6 21 4

0 37 86 29 -18 5 8 4

0 2 81 31 -11 9 32 0

0 6 19 53 -3 24 28 3

0 42 64 37 -11 4 39 46

0 59 63 69 -14 0 1 23

0 11 34 59 -6 15 16 21

0 55 84 51 -9 2 24 47

0 83 95 7 -11 7 45 49

0 15 43 32 -7 13 40 22

0 22 51 9 -5 0 1 12

0 34 50 73 -15 46 49 19

0 17 40 23 -20 10 24 16

0 26 61 51 -9 2 35 17

0 28 96 98 -18 12 23 26

0 21 71 30 -2 18 38 39

0 6 64 82 -4 0 1 46

0 30 50 42 -20 10 27 40

0 41 63 81 -6 5 48 30

0 54 77 70 -17 11 22 47

0 6 95 64 -16 23 25 36

0 29 34 51 -19 34 47 28

0 44 72 62 -14 21 36 36

0 8 75 1 -12 15 48 15

0 4 87 75 -19 15 23 19

0 42 50 69 -5 8 49 7

0 39 87 12 -4 43 48 8

0 79 81 38 -9 4 15 46

0 23 46 21 -3 5 25 12

0 42 52 99 -17 20 21 44

0 25 68 32 -16 31 48 2

0 14 45 35 -9 19 23 29

0 17 23 32 -7 23 32 18

0 20 92 57 -2 43 46 47

0 6 20 31 -8 16 17 2

0 17 30 87 -11 18 26 10

0 18 19 47 -1 13 39 18

0 72 91 56 -18 19 23 49

0 9 20 89 -6 14 20 3

0 2 36 7 -2 13 15 6

0 3 35 13 -8 15 21 9

0 68 73 37 -2 33 48 41

0 22 55 91 -18 9 30 2

0 4 98 45 -6 12 13 41

0 15 52 6 -11 9 13 46

0 18 31 60 -7 43 49 4

0 37 71 71 -16 24 34 2

0 49 66 3 -13 11 29 20

0 22 24 71 -9 4 28 21

0 29 48 9 -3 8 28 42

0 18 46 12 -1 27 33 37

0 16 83 98 -8 23 29 25

0 10 14 84 -6 10 32 15

0 19 41 61 -9 25 38 31

0 26 52 59 -8 0 37 32

0 0 99 27 -6 12 20 36

0 43 57 77 -10 20 25 37

0 41 53 4 -16 1 31 40

0 27 35 1 -3 17 30 43

0 6 38 75 -13 2 10 26

0 22 51 24 -16 32 44 49

0 5 50 22 -10 10 45 42

0 11 72 92 -18 2 30 49

0 85 87 46 -9 17 22 25

0 7 16 39 -11 15 28 15

0 3 4 45 -14 0 1 45

0 4 23 27 -13 3 21 26

0 12 30 17 -13 5 8 43

0 13 46 92 -20 1 48 39

0 4 8 1 -2 10 24 49

0 46 78 3 -16 34 49 24

0 0 1 56 -15 5 10 14

0 14 25 42 -16 2 17 27

0 15 56 7 -1 3 24 31

0 2 8 41 -4 2 9 19

0 2 10 53 -19 4 24 16

0 9 55 47 -6 14 47 27

0 11 32 52 -9 7 15 34

0 1 42 12 -17 4 5 49

0 0 5 62 -8 17 24 41

0 2 4 20 -4 21 38 38

0 0 1 21 -17 33 40 37

0 4 8 36 -19 6 44 28

0 0 1 5 -16 18 23 10

0 5 36 82 -17 4 47 32

0 6 14 71 -19 26 41 26

0 3 16 68 -5 1 25 20

0 4 12 53 -6 32 37 25

0 2 24 6 -6 0 4 42

0 1 6 78 -8 6 16 26

0 5 7 1 -14 42 46 1

0 0 1 95 -16 3 4 20


SAlphaB: 989.0, std-dev 368.4756613811868

Earliest win: 37
Latest win: 81

WinDepth:
0 0 0 0 0 0 0 0 0 0 0 0 0 0 0 0 0 0 0 0 0 0 0 0 0 0 0 0 0 0 0 0 0 0 0 0 0 10 0 1 0 3 0 19 10 8 6 37 24 57 100 180 116 113 92 202 152 160 108 199 180 279 224 337 312 312 439 412 435 363 474 487 411 353 402 353 257 239 170 134 104 71 
SAlphaB:
0 0 0 0 0 0 0 0 0 0 0 0 0 0 0 0 0 0 0 0 0 0 0 0 0 0 0 0 0 0 0 0 0 0 0 0 0 10 0 1 0 3 0 19 10 8 6 37 24 57 100 180 116 113 92 202 152 160 108 199 180 279 224 337 312 312 439 412 435 363 474 487 411 353 402 353 257 239 170 134 104 71 

LossDepth:
SAlphaB:
0 0 0 0 0 0 0 0 0 0 0 0 0 0 0 0 0 0 0 0 0 0 0 0 0 0 0 0 0 0 0 0 0 0 0 0 0 10 0 1 0 3 0 19 10 8 6 37 24 57 100 180 116 113 92 202 152 160 108 199 180 279 224 337 312 312 439 412 435 363 474 487 411 353 402 353 257 239 170 134 104 71 

FirstWin:
0 0 0 0 0 0 0 0 0 0 0 0 0 0 0 0 0 0 0 0 0 0 0 0 0 0 0 0 0 0 0 0 0 0 0 0 0 10 0 1 0 3 0 19 0 8 0 37 0 57 0 180 0 113 0 202 0 160 0 199 0 279 0 337 0 312 0 412 0 363 0 487 0 353 0 353 0 239 0 134 0 71 
SAlphaB:
0 0 0 0 0 0 0 0 0 0 0 0 0 0 0 0 0 0 0 0 0 0 0 0 0 0 0 0 0 0 0 0 0 0 0 0 0 10 0 1 0 3 0 19 0 8 0 37 0 57 0 180 0 113 0 202 0 160 0 199 0 279 0 337 0 312 0 412 0 363 0 487 0 353 0 353 0 239 0 134 0 71 

SecondWin:
0 0 0 0 0 0 0 0 0 0 0 0 0 0 0 0 0 0 0 0 0 0 0 0 0 0 0 0 0 0 0 0 0 0 0 0 0 0 0 0 0 0 0 0 10 0 6 0 24 0 100 0 116 0 92 0 152 0 108 0 180 0 224 0 312 0 439 0 435 0 474 0 411 0 402 0 257 0 170 0 104 0 
SAlphaB:
0 0 0 0 0 0 0 0 0 0 0 0 0 0 0 0 0 0 0 0 0 0 0 0 0 0 0 0 0 0 0 0 0 0 0 0 0 0 0 0 0 0 0 0 10 0 6 0 24 0 100 0 116 0 92 0 152 0 108 0 180 0 224 0 312 0 439 0 435 0 474 0 411 0 402 0 257 0 170 0 104 0 
