0 33 43 82 -7 5 15 6

0 14 62 54 -5 2 7 4

0 70 78 9 -9 11 34 13

0 51 86 70 -7 9 25 3

0 51 88 95 -16 6 22 1

0 43 94 58 -17 3 22 34

0 26 88 92 -17 1 6 4

0 74 89 66 -20 4 10 17

0 38 87 99 -4 8 25 13

0 65 89 38 -20 8 29 30

0 36 98 33 -3 4 19 18

0 30 62 26 -20 0 8 17

0 42 97 55 -10 1 29 24

0 61 93 23 -13 6 26 21

0 31 97 72 -15 0 1 14

0 43 65 97 -8 8 17 5

0 73 87 58 -5 16 35 18

0 29 90 88 -10 5 19 27

0 31 94 0 -2 3 26 20

0 20 92 68 -8 1 4 20

0 58 95 92 -15 1 40 19

0 48 83 58 -8 13 32 6

0 16 45 78 -2 3 8 4

0 46 98 14 -8 9 26 28

0 47 81 81 -17 1 3 29

0 59 75 94 -19 5 26 38

0 55 84 39 -14 1 28 40

0 65 89 50 -9 15 33 36

0 28 88 26 -1 11 16 4

0 40 95 82 -11 6 12 22

0 34 52 85 -10 2 15 1

0 49 68 26 -6 2 12 16

0 37 39 14 -4 2 4 5

0 68 80 77 -11 3 24 0

0 70 98 16 -7 13 21 29

0 44 80 70 -4 10 22 18

0 66 83 68 -3 3 32 28

0 45 97 7 -16 2 4 47

0 50 88 18 -12 14 23 13

0 58 92 52 -15 6 9 19

0 25 90 10 -1 8 20 3

0 36 87 15 -3 8 30 21

0 80 83 88 -16 3 28 41

0 15 29 39 -13 0 4 9

0 44 90 42 -4 0 45 26

0 47 75 27 -4 1 4 18

0 8 20 82 -5 0 2 5

0 95 99 55 -2 9 20 20

0 51 75 21 -20 5 16 43

0 53 54 96 -2 0 18 0

0 63 79 6 -14 0 2 18

0 78 81 57 -19 11 19 32

0 37 41 85 -18 6 13 12

0 48 54 40 -10 8 17 10

0 26 88 34 -1 4 7 16

0 37 76 55 -6 10 31 31

0 23 72 13 -18 1 4 44

0 59 82 15 -6 14 38 29

0 7 64 74 -4 0 1 12

0 41 83 49 -2 0 3 7

0 61 82 23 -8 11 37 35

0 80 95 43 -12 0 33 42

0 48 87 67 -18 14 29 11

0 73 96 62 -12 6 44 47

0 23 98 95 -11 1 15 28

0 55 64 73 -17 30 48 9

0 16 65 59 -2 1 4 18

0 38 78 81 -14 0 32 26

0 57 64 70 -10 10 18 45

0 26 44 27 -18 8 28 27

0 51 98 52 -18 2 5 47

0 47 96 69 -2 0 12 8

0 22 92 8 -9 3 10 37

0 33 63 83 -5 24 28 17

0 76 85 40 -11 5 7 19

0 71 90 89 -18 1 22 5

0 36 85 91 -15 18 19 38

0 9 87 90 -10 2 5 24

0 42 77 66 -10 8 41 10

0 21 84 33 -17 1 2 37

0 6 27 29 -10 0 2 5

0 25 66 94 -5 2 25 5

0 27 88 68 -1 10 13 8

0 33 97 92 -17 8 21 3

0 75 91 73 -14 5 20 23

0 27 84 16 -19 1 28 17

0 5 32 17 -10 0 2 2

0 18 61 49 -16 42 45 13

0 6 97 95 -7 0 1 0

0 4 23 96 -5 10 15 3

0 11 44 97 -14 3 7 2

0 21 51 20 -12 6 18 12

0 52 70 70 -14 14 26 1

0 5 86 70 -13 1 10 4

0 18 24 65 -17 0 2 27

0 1 54 79 -5 18 20 26

0 40 90 35 -7 17 26 44

0 43 69 41 -11 17 37 36

0 48 85 95 -2 3 47 39

0 18 49 79 -19 3 6 38


SAlphaB: 740.0, std-dev 267.3739418828615

Earliest win: 35
Latest win: 81

WinDepth:
0 0 0 0 0 0 0 0 0 0 0 0 0 0 0 0 0 0 0 0 0 0 0 0 0 0 0 0 0 0 0 0 0 0 0 1 4 18 1 18 13 36 20 40 29 88 59 146 75 197 184 333 171 394 251 506 383 599 377 574 484 630 661 850 813 935 897 909 901 969 975 906 847 866 945 668 633 497 379 290 193 171 
SAlphaB:
0 0 0 0 0 0 0 0 0 0 0 0 0 0 0 0 0 0 0 0 0 0 0 0 0 0 0 0 0 0 0 0 0 0 0 1 4 18 1 18 13 36 20 40 29 88 59 146 75 197 184 333 171 394 251 506 383 599 377 574 484 630 661 850 813 935 897 909 901 969 975 906 847 866 945 668 633 497 379 290 193 171 

LossDepth:
SAlphaB:
0 0 0 0 0 0 0 0 0 0 0 0 0 0 0 0 0 0 0 0 0 0 0 0 0 0 0 0 0 0 0 0 0 0 0 0 2 11 1 13 10 24 14 23 20 67 46 86 53 94 105 158 143 228 178 287 239 381 254 398 293 438 409 574 558 663 613 688 663 772 654 772 590 692 707 618 517 401 319 270 219 162 

FirstWin:
0 0 0 0 0 0 0 0 0 0 0 0 0 0 0 0 0 0 0 0 0 0 0 0 0 0 0 0 0 0 0 0 0 0 0 1 0 18 0 18 0 36 0 40 0 88 0 146 0 197 0 333 0 394 0 506 0 599 0 574 0 630 0 850 0 935 0 909 0 969 0 906 0 866 0 668 0 497 0 290 0 171 
SAlphaB:
0 0 0 0 0 0 0 0 0 0 0 0 0 0 0 0 0 0 0 0 0 0 0 0 0 0 0 0 0 0 0 0 0 0 0 1 0 18 0 18 0 36 0 40 0 88 0 146 0 197 0 333 0 394 0 506 0 599 0 574 0 630 0 850 0 935 0 909 0 969 0 906 0 866 0 668 0 497 0 290 0 171 

SecondWin:
0 0 0 0 0 0 0 0 0 0 0 0 0 0 0 0 0 0 0 0 0 0 0 0 0 0 0 0 0 0 0 0 0 0 0 0 4 0 1 0 13 0 20 0 29 0 59 0 75 0 184 0 171 0 251 0 383 0 377 0 484 0 661 0 813 0 897 0 901 0 975 0 847 0 945 0 633 0 379 0 193 0 
SAlphaB:
0 0 0 0 0 0 0 0 0 0 0 0 0 0 0 0 0 0 0 0 0 0 0 0 0 0 0 0 0 0 0 0 0 0 0 0 4 0 1 0 13 0 20 0 29 0 59 0 75 0 184 0 171 0 251 0 383 0 377 0 484 0 661 0 813 0 897 0 901 0 975 0 847 0 945 0 633 0 379 0 193 0 
