0 73 87 58 -5 16 35 18

0 51 88 95 -16 6 22 1

0 20 92 68 -8 1 4 20

0 23 98 95 -11 1 15 28

0 70 98 16 -7 13 21 29

0 80 83 88 -16 3 28 41

0 44 80 70 -4 10 22 18

0 48 85 95 -2 3 47 39

0 66 83 68 -3 3 32 28

0 45 97 7 -16 2 4 47

0 14 71 98 -18 12 42 13

0 70 75 52 -10 3 12 15

0 63 94 71 -20 7 36 7

0 26 49 18 -5 4 11 37

0 62 92 67 -17 4 25 39

0 33 83 13 -14 11 35 31

0 45 92 24 -15 14 36 10

0 85 93 10 -12 4 7 0

0 36 73 67 -7 2 4 30

0 79 81 5 -19 1 2 9

0 25 46 26 -3 11 34 3

0 76 96 72 -10 1 24 9

0 42 46 34 -2 47 49 14

0 37 51 74 -2 3 8 5

0 22 51 19 -10 8 17 6

0 73 88 22 -20 1 38 15

0 18 25 87 -9 1 5 32

0 17 41 23 -7 1 14 35

0 10 63 72 -10 7 13 37

0 65 67 74 -4 2 10 45

0 74 96 5 -3 9 48 43

0 34 55 87 -20 0 3 48

0 23 61 34 -8 17 18 17

0 21 60 77 -4 5 23 33

0 75 93 76 -7 28 31 44

0 39 54 92 -15 6 35 16

0 13 82 23 -18 4 43 24

0 6 48 91 -14 14 22 7

0 44 79 67 -4 22 29 15

0 22 91 40 -15 10 24 25

0 14 70 30 -16 18 20 20

0 32 48 54 -4 14 49 34

0 26 60 34 -7 0 37 17

0 19 21 77 -8 39 48 32

0 13 82 3 -15 17 25 34

0 29 31 53 -1 5 12 16

0 1 68 98 -4 14 44 46

0 88 96 4 -10 3 38 37

0 62 97 74 -9 22 31 40

0 94 97 97 -1 0 3 6

0 57 63 11 -13 5 44 2

0 18 34 27 -11 9 13 20

0 31 45 29 -10 21 32 47

0 10 74 61 -13 14 31 0

0 22 31 5 -7 2 3 38

0 14 39 17 -3 39 40 27

0 11 59 44 -16 2 19 2

0 23 74 94 -19 9 16 30

0 11 65 57 -6 2 21 49

0 0 72 7 -12 8 41 16

0 32 76 91 -10 34 42 10

0 17 22 80 -12 0 9 43

0 12 34 98 -19 24 38 23

0 22 67 61 -8 42 43 21

0 2 56 28 -20 10 14 43

0 3 80 43 -7 0 18 43

0 39 43 80 -20 29 49 49

0 2 35 49 -1 16 44 27

0 11 34 19 -9 16 48 27

0 1 26 67 -11 4 6 28

0 1 6 65 -18 0 1 44

0 8 46 72 -9 12 38 45

0 15 31 19 -19 24 36 42

0 9 29 74 -14 14 16 0

0 10 37 18 -8 32 41 22

0 6 22 52 -4 3 4 24

0 14 16 55 -12 0 5 40

0 17 19 95 -9 25 44 22

0 12 36 36 -9 21 37 27

0 24 41 8 -10 40 48 31

0 62 75 41 -3 23 37 48

0 51 74 91 -11 19 22 8

0 7 37 82 -6 8 37 16

0 3 7 77 -18 0 2 28

0 5 67 28 -3 4 21 49

0 40 61 57 -8 3 5 43

0 7 10 99 -10 20 43 0

0 0 33 93 -9 2 14 38

0 7 30 94 -20 5 26 43

0 1 2 49 -18 23 44 22

0 0 4 0 -14 20 24 11

0 19 30 36 -16 2 42 3

0 1 25 0 -3 2 43 16

0 4 10 41 -4 9 49 16

0 2 3 61 -14 29 38 2

0 0 6 67 -11 1 36 16

0 1 6 55 -8 10 39 38

0 7 11 60 -11 5 33 25

0 0 2 90 -5 5 8 5

0 1 2 81 -5 0 17 23


SAlphaB: 707.0, std-dev 258.65597916065184

Earliest win: 36
Latest win: 81

WinDepth:
0 0 0 0 0 0 0 0 0 0 0 0 0 0 0 0 0 0 0 0 0 0 0 0 0 0 0 0 0 0 0 0 0 0 0 0 1 1 0 2 11 8 1 7 14 19 31 37 33 87 69 120 96 115 93 181 125 189 105 199 174 231 257 245 303 400 369 370 437 400 452 459 416 377 407 378 291 266 182 152 131 81 
SAlphaB:
0 0 0 0 0 0 0 0 0 0 0 0 0 0 0 0 0 0 0 0 0 0 0 0 0 0 0 0 0 0 0 0 0 0 0 0 1 1 0 2 11 8 1 7 14 19 31 37 33 87 69 120 96 115 93 181 125 189 105 199 174 231 257 245 303 400 369 370 437 400 452 459 416 377 407 378 291 266 182 152 131 81 

LossDepth:
SAlphaB:
0 0 0 0 0 0 0 0 0 0 0 0 0 0 0 0 0 0 0 0 0 0 0 0 0 0 0 0 0 0 0 0 0 0 0 0 1 1 0 2 11 8 1 7 14 19 31 37 33 87 69 120 96 115 93 181 125 189 105 199 174 231 257 245 303 400 369 370 437 400 452 459 416 377 407 378 291 266 182 152 131 81 

FirstWin:
0 0 0 0 0 0 0 0 0 0 0 0 0 0 0 0 0 0 0 0 0 0 0 0 0 0 0 0 0 0 0 0 0 0 0 0 0 1 0 2 0 8 0 7 0 19 0 37 0 87 0 120 0 115 0 181 0 189 0 199 0 231 0 245 0 400 0 370 0 400 0 459 0 377 0 378 0 266 0 152 0 81 
SAlphaB:
0 0 0 0 0 0 0 0 0 0 0 0 0 0 0 0 0 0 0 0 0 0 0 0 0 0 0 0 0 0 0 0 0 0 0 0 0 1 0 2 0 8 0 7 0 19 0 37 0 87 0 120 0 115 0 181 0 189 0 199 0 231 0 245 0 400 0 370 0 400 0 459 0 377 0 378 0 266 0 152 0 81 

SecondWin:
0 0 0 0 0 0 0 0 0 0 0 0 0 0 0 0 0 0 0 0 0 0 0 0 0 0 0 0 0 0 0 0 0 0 0 0 1 0 0 0 11 0 1 0 14 0 31 0 33 0 69 0 96 0 93 0 125 0 105 0 174 0 257 0 303 0 369 0 437 0 452 0 416 0 407 0 291 0 182 0 131 0 
SAlphaB:
0 0 0 0 0 0 0 0 0 0 0 0 0 0 0 0 0 0 0 0 0 0 0 0 0 0 0 0 0 0 0 0 0 0 0 0 1 0 0 0 11 0 1 0 14 0 31 0 33 0 69 0 96 0 93 0 125 0 105 0 174 0 257 0 303 0 369 0 437 0 452 0 416 0 407 0 291 0 182 0 131 0 
