0 37 76 55 -6 10 31 31

0 40 95 82 -11 6 12 22

0 22 92 8 -9 3 10 37

0 61 93 23 -13 6 26 21

0 18 24 65 -17 0 2 27

0 52 70 70 -14 14 26 1

0 5 32 17 -10 0 2 2

0 53 54 96 -2 0 18 0

0 78 81 57 -19 11 19 32

0 68 80 77 -11 3 24 0

0 34 43 65 -11 3 5 20

0 23 44 99 -6 18 25 15

0 18 84 4 -19 1 2 11

0 50 88 45 -10 4 5 9

0 43 64 55 -17 30 34 25

0 50 88 32 -5 2 5 14

0 28 64 30 -2 29 42 10

0 56 83 72 -12 7 23 47

0 87 97 38 -11 5 26 34

0 38 46 69 -4 24 39 8

0 33 48 94 -20 3 12 47

0 47 74 53 -7 4 5 31

0 40 78 60 -12 32 46 21

0 16 52 8 -2 23 36 7

0 1 14 78 -6 1 3 4

0 62 63 25 -18 8 32 17

0 51 54 39 -1 20 40 42

0 17 93 65 -19 10 22 9

0 36 44 13 -7 0 33 16

0 45 69 79 -8 9 22 38

0 25 38 95 -13 8 27 26

0 4 70 93 -2 1 42 9

0 37 49 48 -6 37 42 5

0 23 35 45 -17 22 30 18

0 79 89 73 -10 14 21 25

0 17 71 8 -19 5 24 25

0 40 41 11 -14 3 28 39

0 0 40 72 -15 16 18 25

0 54 66 73 -12 22 31 26

0 75 91 53 -3 11 48 48

0 91 93 77 -2 0 36 30

0 33 83 15 -9 2 3 45

0 23 30 24 -6 40 47 45

0 67 87 36 -9 22 25 29

0 31 52 53 -10 4 7 33

0 31 51 50 -13 38 46 13

0 19 79 66 -5 16 21 44

0 11 55 87 -10 12 13 22

0 1 36 25 -16 1 11 1

0 23 61 28 -16 21 30 17

0 17 79 74 -3 18 25 39

0 2 25 77 -7 3 4 14

0 24 97 96 -1 37 42 19

0 10 19 22 -6 5 9 7

0 6 27 9 -13 15 24 8

0 11 33 62 -1 4 6 27

0 7 43 84 -11 34 46 39

0 3 43 6 -6 3 7 6

0 2 39 58 -19 5 14 33

0 8 50 65 -17 3 7 37

0 4 22 86 -15 16 35 21

0 7 61 28 -17 3 6 47

0 10 48 85 -20 5 34 35

0 4 11 19 -12 4 16 11

0 15 42 43 -10 13 49 40

0 12 40 79 -10 11 18 45

0 6 34 51 -3 0 22 10

0 10 36 9 -17 43 47 17

0 7 28 28 -6 2 3 49

0 4 8 81 -15 14 16 33

0 0 2 85 -17 25 28 10

0 9 12 28 -6 0 1 23

0 3 7 18 -4 28 48 4

0 35 42 92 -16 13 46 11

0 11 13 82 -11 1 9 30

0 5 18 63 -17 3 4 23

0 0 4 75 -4 24 29 36

0 6 32 91 -1 2 14 23

0 12 14 21 -10 1 29 5

0 2 27 59 -2 4 35 11

0 30 50 39 -2 1 19 46

0 7 35 44 -13 5 6 43

0 5 43 33 -6 1 7 44

0 17 36 73 -5 35 46 6

0 2 21 24 -9 11 38 28

0 0 15 89 -10 19 24 28

0 8 18 62 -2 1 36 17

0 4 43 41 -13 3 11 37

0 3 7 87 -20 8 17 22

0 7 16 89 -9 9 32 41

0 4 44 58 -9 9 26 45

0 1 16 16 -1 0 25 18

0 0 1 17 -9 29 40 41

0 0 1 21 -13 19 44 40

0 0 1 64 -10 3 44 34

0 8 18 50 -16 4 29 49

0 0 20 52 -2 1 47 18

0 3 19 83 -14 34 44 9

0 2 4 9 -10 1 22 42

0 0 1 6 -5 1 7 46


SAlphaB: 707.0, std-dev 254.0023936099736

Earliest win: 35
Latest win: 81

WinDepth:
0 0 0 0 0 0 0 0 0 0 0 0 0 0 0 0 0 0 0 0 0 0 0 0 0 0 0 0 0 0 0 0 0 0 0 1 0 2 0 3 1 9 3 14 15 16 22 23 35 67 97 213 84 104 119 182 116 170 158 178 153 231 223 352 330 323 408 378 458 408 444 449 378 374 480 387 302 224 202 160 84 69 
SAlphaB:
0 0 0 0 0 0 0 0 0 0 0 0 0 0 0 0 0 0 0 0 0 0 0 0 0 0 0 0 0 0 0 0 0 0 0 1 0 2 0 3 1 9 3 14 15 16 22 23 35 67 97 213 84 104 119 182 116 170 158 178 153 231 223 352 330 323 408 378 458 408 444 449 378 374 480 387 302 224 202 160 84 69 

LossDepth:
SAlphaB:
0 0 0 0 0 0 0 0 0 0 0 0 0 0 0 0 0 0 0 0 0 0 0 0 0 0 0 0 0 0 0 0 0 0 0 1 0 2 0 3 1 9 3 14 15 16 22 23 35 67 97 213 84 104 119 182 116 170 158 178 153 231 223 352 330 323 408 378 458 408 444 449 378 374 480 387 302 224 202 160 84 69 

FirstWin:
0 0 0 0 0 0 0 0 0 0 0 0 0 0 0 0 0 0 0 0 0 0 0 0 0 0 0 0 0 0 0 0 0 0 0 1 0 2 0 3 0 9 0 14 0 16 0 23 0 67 0 213 0 104 0 182 0 170 0 178 0 231 0 352 0 323 0 378 0 408 0 449 0 374 0 387 0 224 0 160 0 69 
SAlphaB:
0 0 0 0 0 0 0 0 0 0 0 0 0 0 0 0 0 0 0 0 0 0 0 0 0 0 0 0 0 0 0 0 0 0 0 1 0 2 0 3 0 9 0 14 0 16 0 23 0 67 0 213 0 104 0 182 0 170 0 178 0 231 0 352 0 323 0 378 0 408 0 449 0 374 0 387 0 224 0 160 0 69 

SecondWin:
0 0 0 0 0 0 0 0 0 0 0 0 0 0 0 0 0 0 0 0 0 0 0 0 0 0 0 0 0 0 0 0 0 0 0 0 0 0 0 0 1 0 3 0 15 0 22 0 35 0 97 0 84 0 119 0 116 0 158 0 153 0 223 0 330 0 408 0 458 0 444 0 378 0 480 0 302 0 202 0 84 0 
SAlphaB:
0 0 0 0 0 0 0 0 0 0 0 0 0 0 0 0 0 0 0 0 0 0 0 0 0 0 0 0 0 0 0 0 0 0 0 0 0 0 0 0 1 0 3 0 15 0 22 0 35 0 97 0 84 0 119 0 116 0 158 0 153 0 223 0 330 0 408 0 458 0 444 0 378 0 480 0 302 0 202 0 84 0 
