0 58 95 92 -15 1 40 19

0 43 94 58 -17 3 22 34

0 14 62 54 -5 2 7 4

0 15 29 39 -13 0 4 9

0 25 90 10 -1 8 20 3

0 21 51 20 -12 6 18 12

0 75 91 73 -14 5 20 23

0 38 78 81 -14 0 32 26

0 21 84 33 -17 1 2 37

0 57 64 70 -10 10 18 45

0 28 97 8 -15 8 9 24

0 72 84 39 -16 4 11 26

0 64 89 87 -10 1 7 28

0 51 77 74 -4 7 33 35

0 78 84 70 -8 9 36 39

0 83 86 70 -12 1 8 15

0 75 87 4 -1 5 19 17

0 76 97 27 -16 13 31 24

0 51 53 59 -3 9 16 30

0 12 18 50 -12 13 14 12

0 23 72 32 -16 4 6 1

0 65 76 12 -15 15 23 27

0 21 58 47 -3 14 36 18

0 49 95 64 -15 12 21 3

0 19 28 76 -6 0 5 12

0 53 56 47 -19 12 19 25

0 42 68 55 -17 3 9 47

0 58 72 29 -8 1 33 18

0 45 64 75 -20 11 43 34

0 83 87 58 -12 17 49 39

0 37 50 75 -13 14 17 36

0 39 62 57 -5 7 42 17

0 43 67 25 -7 34 44 15

0 8 82 91 -15 3 4 31

0 5 85 79 -19 5 12 35

0 37 39 58 -17 5 10 31

0 17 73 5 -13 12 17 39

0 17 72 4 -11 10 25 48

0 15 17 44 -1 8 21 32

0 41 85 92 -1 0 1 7

0 61 80 2 -10 11 13 46

0 16 86 23 -17 18 44 34

0 26 36 63 -12 18 49 39

0 7 20 8 -19 0 8 17

0 23 26 74 -11 9 22 35

0 10 15 42 -4 6 8 0

0 31 90 92 -14 3 30 31

0 26 35 5 -5 27 34 18

0 52 64 25 -19 25 38 4

0 7 24 33 -15 1 9 13

0 12 99 19 -16 6 7 24

0 43 77 31 -14 11 46 1

0 42 90 54 -7 45 49 38

0 3 8 11 -9 26 35 23

0 0 52 84 -1 5 32 12

0 0 60 97 -17 10 11 28

0 17 29 87 -9 30 49 33

0 0 4 15 -12 25 29 21

0 38 51 42 -1 22 34 33

0 3 31 41 -17 5 17 16

0 51 66 24 -6 12 17 49

0 21 52 85 -14 27 45 41

0 10 25 31 -12 3 28 24

0 15 46 60 -9 25 28 36

0 46 47 14 -19 13 32 36

0 58 89 59 -6 2 6 46

0 2 62 47 -4 10 36 45

0 21 70 7 -19 27 35 22

0 33 67 73 -3 29 34 7

0 23 94 12 -11 20 32 22

0 9 18 11 -17 19 25 38

0 19 28 48 -8 1 2 38

0 1 7 69 -18 27 39 49

0 27 35 7 -6 6 30 39

0 17 66 60 -4 2 34 28

0 8 12 1 -7 31 37 34

0 0 5 45 -13 10 12 43

0 4 38 33 -3 5 6 49

0 10 49 58 -11 2 14 37

0 12 22 87 -11 0 12 29

0 2 31 35 -14 9 28 35

0 0 2 22 -12 29 45 34

0 3 5 10 -6 10 30 29

0 39 66 57 -16 25 34 41

0 11 13 46 -14 20 34 33

0 2 8 75 -20 3 23 43

0 11 13 69 -4 31 36 47

0 6 14 90 -6 4 11 48

0 10 11 10 -1 3 18 13

0 1 2 20 -15 19 29 14

0 17 28 61 -16 10 16 35

0 12 25 15 -19 13 24 27

0 0 38 18 -18 13 22 43

0 2 30 23 -5 1 47 34

0 0 1 47 -4 19 29 6

0 1 6 51 -11 0 7 48

0 0 1 66 -11 10 30 11

0 1 4 74 -12 0 17 43

0 4 22 91 -2 3 17 47

0 2 6 51 -6 9 31 16


SAlphaB: 709.0, std-dev 261.3991727707885

Earliest win: 37
Latest win: 81

WinDepth:
0 0 0 0 0 0 0 0 0 0 0 0 0 0 0 0 0 0 0 0 0 0 0 0 0 0 0 0 0 0 0 0 0 0 0 0 0 4 0 3 0 5 6 13 3 13 6 37 20 69 63 171 50 113 65 142 114 165 119 183 177 259 240 370 327 357 382 358 473 463 464 448 442 383 426 355 259 213 196 118 116 65 
SAlphaB:
0 0 0 0 0 0 0 0 0 0 0 0 0 0 0 0 0 0 0 0 0 0 0 0 0 0 0 0 0 0 0 0 0 0 0 0 0 4 0 3 0 5 6 13 3 13 6 37 20 69 63 171 50 113 65 142 114 165 119 183 177 259 240 370 327 357 382 358 473 463 464 448 442 383 426 355 259 213 196 118 116 65 

LossDepth:
SAlphaB:
0 0 0 0 0 0 0 0 0 0 0 0 0 0 0 0 0 0 0 0 0 0 0 0 0 0 0 0 0 0 0 0 0 0 0 0 0 4 0 3 0 5 6 13 3 13 6 37 20 69 63 171 50 113 65 142 114 165 119 183 177 259 240 370 327 357 382 358 473 463 464 448 442 383 426 355 259 213 196 118 116 65 

FirstWin:
0 0 0 0 0 0 0 0 0 0 0 0 0 0 0 0 0 0 0 0 0 0 0 0 0 0 0 0 0 0 0 0 0 0 0 0 0 4 0 3 0 5 0 13 0 13 0 37 0 69 0 171 0 113 0 142 0 165 0 183 0 259 0 370 0 357 0 358 0 463 0 448 0 383 0 355 0 213 0 118 0 65 
SAlphaB:
0 0 0 0 0 0 0 0 0 0 0 0 0 0 0 0 0 0 0 0 0 0 0 0 0 0 0 0 0 0 0 0 0 0 0 0 0 4 0 3 0 5 0 13 0 13 0 37 0 69 0 171 0 113 0 142 0 165 0 183 0 259 0 370 0 357 0 358 0 463 0 448 0 383 0 355 0 213 0 118 0 65 

SecondWin:
0 0 0 0 0 0 0 0 0 0 0 0 0 0 0 0 0 0 0 0 0 0 0 0 0 0 0 0 0 0 0 0 0 0 0 0 0 0 0 0 0 0 6 0 3 0 6 0 20 0 63 0 50 0 65 0 114 0 119 0 177 0 240 0 327 0 382 0 473 0 464 0 442 0 426 0 259 0 196 0 116 0 
SAlphaB:
0 0 0 0 0 0 0 0 0 0 0 0 0 0 0 0 0 0 0 0 0 0 0 0 0 0 0 0 0 0 0 0 0 0 0 0 0 0 0 0 0 0 6 0 3 0 6 0 20 0 63 0 50 0 65 0 114 0 119 0 177 0 240 0 327 0 382 0 473 0 464 0 442 0 426 0 259 0 196 0 116 0 
