0 30 62 26 -20 0 8 17

0 4 23 96 -5 10 15 3

0 61 82 23 -8 11 37 35

0 1 54 79 -5 18 20 26

0 43 69 41 -11 17 37 36

0 59 75 94 -19 5 26 38

0 6 27 29 -10 0 2 5

0 37 39 14 -4 2 4 5

0 37 41 85 -18 6 13 12

0 33 63 83 -5 24 28 17

0 46 54 27 -17 1 2 33

0 51 65 68 -17 1 5 26

0 18 96 49 -9 5 13 43

0 28 52 44 -17 23 35 9

0 67 68 92 -18 2 22 49

0 52 95 77 -18 9 20 38

0 6 32 88 -1 1 4 4

0 19 66 9 -6 2 5 45

0 22 29 44 -5 7 12 1

0 63 99 34 -11 5 6 11

0 0 36 20 -3 7 15 1

0 3 76 74 -3 12 32 5

0 25 89 18 -1 0 4 38

0 38 76 81 -12 2 21 35

0 58 85 32 -16 14 38 4

0 19 69 50 -4 14 38 1

0 81 90 92 -1 2 12 31

0 42 78 42 -6 4 25 38

0 52 62 88 -10 15 25 1

0 16 83 74 -2 1 7 35

0 71 94 72 -13 0 38 18

0 16 75 64 -20 1 2 41

0 14 78 64 -4 14 35 38

0 34 69 6 -2 4 9 49

0 25 82 67 -13 2 4 47

0 24 36 95 -14 15 30 49

0 55 71 2 -17 15 29 25

0 61 80 37 -6 17 26 42

0 25 27 15 -6 5 7 18

0 43 89 64 -3 15 31 37

0 27 30 47 -10 10 20 27

0 47 69 37 -15 41 49 28

0 40 64 44 -12 15 18 39

0 60 80 64 -1 38 49 23

0 18 84 42 -13 5 9 48

0 32 93 57 -14 22 27 31

0 41 58 0 -7 10 43 5

0 3 82 34 -3 2 31 14

0 3 19 88 -17 4 5 7

0 41 46 68 -13 46 47 28

0 0 33 45 -17 6 16 0

0 33 49 51 -13 16 34 17

0 40 72 58 -8 14 25 30

0 38 55 47 -11 4 49 34

0 25 76 24 -11 14 27 27

0 12 48 43 -20 4 21 1

0 18 37 38 -7 10 33 34

0 25 71 10 -9 30 35 12

0 90 99 16 -5 0 1 32

0 24 61 25 -4 18 19 18

0 17 20 52 -4 28 29 41

0 14 26 29 -3 28 29 32

0 26 35 70 -4 5 20 47

0 0 87 75 -9 3 15 26

0 25 36 71 -16 7 11 44

0 2 44 17 -6 0 1 14

0 3 30 43 -5 4 27 20

0 1 9 88 -17 1 2 26

0 10 28 59 -2 0 3 26

0 13 14 28 -16 4 14 14

0 26 42 47 -13 21 26 39

0 29 43 31 -19 20 36 45

0 30 57 43 -8 0 47 8

0 23 31 21 -9 0 39 10

0 67 93 47 -14 37 43 47

0 7 10 24 -20 20 28 22

0 48 80 3 -5 29 31 32

0 1 2 4 -6 17 18 18

0 7 14 91 -4 30 39 39

0 39 49 60 -19 3 42 12

0 17 49 27 -15 23 29 41

0 1 6 94 -15 5 12 12

0 9 11 34 -20 28 35 41

0 0 7 13 -11 9 27 19

0 6 18 21 -2 0 6 37

0 3 16 30 -20 5 27 20

0 1 11 32 -15 46 47 19

0 6 11 33 -13 4 34 17

0 7 23 43 -5 34 37 27

0 15 37 41 -3 5 43 27

0 0 2 11 -1 10 15 39

0 16 24 17 -12 18 35 28

0 11 14 37 -5 40 46 1

0 2 18 5 -4 5 30 26

0 3 32 20 -13 15 24 36

0 8 18 77 -16 43 45 3

0 0 1 67 -4 9 47 13

0 10 16 78 -18 1 13 48

0 11 13 18 -17 1 21 38

0 6 7 27 -4 6 49 42


SAlphaB: 698.0, std-dev 260.82222824651035

Earliest win: 37
Latest win: 81

WinDepth:
0 0 0 0 0 0 0 0 0 0 0 0 0 0 0 0 0 0 0 0 0 0 0 0 0 0 0 0 0 0 0 0 0 0 0 0 0 12 0 4 12 7 0 14 12 22 10 29 28 66 103 228 74 99 89 181 120 192 123 179 151 237 226 304 321 394 366 424 428 398 405 452 424 368 429 364 270 217 189 147 105 82 
SAlphaB:
0 0 0 0 0 0 0 0 0 0 0 0 0 0 0 0 0 0 0 0 0 0 0 0 0 0 0 0 0 0 0 0 0 0 0 0 0 12 0 4 12 7 0 14 12 22 10 29 28 66 103 228 74 99 89 181 120 192 123 179 151 237 226 304 321 394 366 424 428 398 405 452 424 368 429 364 270 217 189 147 105 82 

LossDepth:
SAlphaB:
0 0 0 0 0 0 0 0 0 0 0 0 0 0 0 0 0 0 0 0 0 0 0 0 0 0 0 0 0 0 0 0 0 0 0 0 0 12 0 4 12 7 0 14 12 22 10 29 28 66 103 228 74 99 89 181 120 192 123 179 151 237 226 304 321 394 366 424 428 398 405 452 424 368 429 364 270 217 189 147 105 82 

FirstWin:
0 0 0 0 0 0 0 0 0 0 0 0 0 0 0 0 0 0 0 0 0 0 0 0 0 0 0 0 0 0 0 0 0 0 0 0 0 12 0 4 0 7 0 14 0 22 0 29 0 66 0 228 0 99 0 181 0 192 0 179 0 237 0 304 0 394 0 424 0 398 0 452 0 368 0 364 0 217 0 147 0 82 
SAlphaB:
0 0 0 0 0 0 0 0 0 0 0 0 0 0 0 0 0 0 0 0 0 0 0 0 0 0 0 0 0 0 0 0 0 0 0 0 0 12 0 4 0 7 0 14 0 22 0 29 0 66 0 228 0 99 0 181 0 192 0 179 0 237 0 304 0 394 0 424 0 398 0 452 0 368 0 364 0 217 0 147 0 82 

SecondWin:
0 0 0 0 0 0 0 0 0 0 0 0 0 0 0 0 0 0 0 0 0 0 0 0 0 0 0 0 0 0 0 0 0 0 0 0 0 0 0 0 12 0 0 0 12 0 10 0 28 0 103 0 74 0 89 0 120 0 123 0 151 0 226 0 321 0 366 0 428 0 405 0 424 0 429 0 270 0 189 0 105 0 
SAlphaB:
0 0 0 0 0 0 0 0 0 0 0 0 0 0 0 0 0 0 0 0 0 0 0 0 0 0 0 0 0 0 0 0 0 0 0 0 0 0 0 0 12 0 0 0 12 0 10 0 28 0 103 0 74 0 89 0 120 0 123 0 151 0 226 0 321 0 366 0 428 0 405 0 424 0 429 0 270 0 189 0 105 0 
