0 31 97 72 -15 0 1 14

0 51 86 70 -7 9 25 3

0 5 86 70 -13 1 10 4

0 16 45 78 -2 3 8 4

0 41 83 49 -2 0 3 7

0 58 92 52 -15 6 9 19

0 18 49 79 -19 3 6 38

0 26 88 34 -1 4 7 16

0 47 75 27 -4 1 4 18

0 18 61 49 -16 42 45 13

0 3 96 20 -5 6 19 0

0 18 75 46 -17 24 42 11

0 65 88 48 -11 1 25 44

0 61 93 72 -2 28 34 2

0 5 73 56 -2 10 14 12

0 49 80 7 -5 3 32 48

0 52 96 38 -8 18 26 0

0 5 95 96 -17 9 33 38

0 67 73 8 -13 18 32 15

0 22 54 35 -18 22 36 5

0 38 83 6 -7 8 21 36

0 40 93 22 -11 19 29 17

0 57 99 62 -1 27 30 49

0 17 69 91 -14 3 13 5

0 68 87 6 -8 0 1 18

0 20 45 28 -18 18 31 6

0 46 65 98 -1 4 46 15

0 10 30 18 -18 32 33 6

0 27 33 11 -15 2 5 15

0 20 84 94 -17 11 18 32

0 50 66 8 -16 13 30 37

0 33 41 41 -1 5 11 41

0 15 82 75 -14 12 26 40

0 40 85 71 -6 3 4 32

0 23 54 72 -12 9 24 7

0 44 56 59 -15 30 33 20

0 31 39 57 -14 13 16 42

0 35 49 15 -17 14 18 44

0 0 31 90 -14 4 12 11

0 43 66 30 -8 20 40 16

0 0 84 52 -11 4 7 22

0 0 44 45 -1 9 10 12

0 45 72 30 -20 8 30 8

0 36 69 65 -2 20 28 14

0 60 65 9 -8 0 1 39

0 23 82 38 -19 12 29 32

0 4 58 76 -13 14 35 35

0 29 33 90 -8 13 15 14

0 12 19 70 -16 2 3 15

0 17 19 52 -16 0 1 32

0 2 37 26 -13 3 25 9

0 52 62 76 -14 8 15 49

0 65 96 20 -16 32 36 43

0 35 60 29 -12 8 38 28

0 4 25 8 -11 0 5 24

0 0 1 83 -4 0 2 5

0 5 60 3 -7 11 37 22

0 13 30 46 -19 16 49 40

0 31 34 52 -16 6 9 33

0 30 44 91 -4 34 40 33

0 7 18 91 -2 15 28 36

0 16 19 90 -6 6 27 38

0 35 45 16 -13 6 8 26

0 17 58 48 -19 20 31 26

0 4 30 89 -20 12 14 48

0 35 45 27 -13 8 37 31

0 43 64 1 -18 19 20 3

0 7 15 98 -11 15 16 47

0 0 94 37 -15 5 25 37

0 17 27 97 -2 7 39 36

0 5 68 49 -11 36 45 24

0 11 17 38 -19 14 33 23

0 60 70 5 -7 24 35 10

0 50 51 58 -18 10 15 43

0 19 64 63 -19 28 47 23

0 2 5 59 -20 7 32 21

0 1 12 19 -12 38 41 6

0 8 94 16 -6 16 26 45

0 4 46 26 -9 29 39 41

0 19 20 50 -5 9 32 35

0 2 24 98 -10 1 36 23

0 10 31 30 -10 16 26 26

0 10 13 85 -10 38 45 43

0 3 17 37 -3 3 4 10

0 7 65 80 -16 1 7 40

0 0 7 60 -15 1 40 6

0 19 27 12 -19 8 45 6

0 2 29 1 -6 11 13 18

0 1 9 86 -3 21 38 21

0 3 16 48 -7 4 8 33

0 10 14 93 -6 7 13 46

0 0 14 58 -7 27 37 5

0 3 11 41 -16 24 32 40

0 1 4 8 -1 40 43 20

0 0 1 40 -8 9 43 21

0 0 1 9 -12 8 47 5

0 12 13 8 -3 7 19 23

0 10 11 61 -14 28 35 3

0 2 4 37 -13 39 41 1

0 1 2 38 -7 6 9 47


SAlphaB: 717.0, std-dev 273.23516381951055

Earliest win: 37
Latest win: 81

WinDepth:
0 0 0 0 0 0 0 0 0 0 0 0 0 0 0 0 0 0 0 0 0 0 0 0 0 0 0 0 0 0 0 0 0 0 0 0 0 5 0 4 11 6 0 18 16 31 19 46 12 115 58 262 104 148 64 172 84 210 130 175 186 240 228 361 262 393 383 385 401 375 469 432 410 399 438 312 291 253 179 158 92 61 
SAlphaB:
0 0 0 0 0 0 0 0 0 0 0 0 0 0 0 0 0 0 0 0 0 0 0 0 0 0 0 0 0 0 0 0 0 0 0 0 0 5 0 4 11 6 0 18 16 31 19 46 12 115 58 262 104 148 64 172 84 210 130 175 186 240 228 361 262 393 383 385 401 375 469 432 410 399 438 312 291 253 179 158 92 61 

LossDepth:
SAlphaB:
0 0 0 0 0 0 0 0 0 0 0 0 0 0 0 0 0 0 0 0 0 0 0 0 0 0 0 0 0 0 0 0 0 0 0 0 0 5 0 4 11 6 0 18 16 31 19 46 12 115 58 262 104 148 64 172 84 210 130 175 186 240 228 361 262 393 383 385 401 375 469 432 410 399 438 312 291 253 179 158 92 61 

FirstWin:
0 0 0 0 0 0 0 0 0 0 0 0 0 0 0 0 0 0 0 0 0 0 0 0 0 0 0 0 0 0 0 0 0 0 0 0 0 5 0 4 0 6 0 18 0 31 0 46 0 115 0 262 0 148 0 172 0 210 0 175 0 240 0 361 0 393 0 385 0 375 0 432 0 399 0 312 0 253 0 158 0 61 
SAlphaB:
0 0 0 0 0 0 0 0 0 0 0 0 0 0 0 0 0 0 0 0 0 0 0 0 0 0 0 0 0 0 0 0 0 0 0 0 0 5 0 4 0 6 0 18 0 31 0 46 0 115 0 262 0 148 0 172 0 210 0 175 0 240 0 361 0 393 0 385 0 375 0 432 0 399 0 312 0 253 0 158 0 61 

SecondWin:
0 0 0 0 0 0 0 0 0 0 0 0 0 0 0 0 0 0 0 0 0 0 0 0 0 0 0 0 0 0 0 0 0 0 0 0 0 0 0 0 11 0 0 0 16 0 19 0 12 0 58 0 104 0 64 0 84 0 130 0 186 0 228 0 262 0 383 0 401 0 469 0 410 0 438 0 291 0 179 0 92 0 
SAlphaB:
0 0 0 0 0 0 0 0 0 0 0 0 0 0 0 0 0 0 0 0 0 0 0 0 0 0 0 0 0 0 0 0 0 0 0 0 0 0 0 0 11 0 0 0 16 0 19 0 12 0 58 0 104 0 64 0 84 0 130 0 186 0 228 0 262 0 383 0 401 0 469 0 410 0 438 0 291 0 179 0 92 0 
