0 42 97 55 -10 1 29 24

0 74 89 66 -20 4 10 17

0 46 98 14 -8 9 26 28

0 34 52 85 -10 2 15 1

0 36 87 15 -3 8 30 21

0 73 96 62 -12 6 44 47

0 47 81 81 -17 1 3 29

0 29 90 88 -10 5 19 27

0 23 72 13 -18 1 4 44

0 71 90 89 -18 1 22 5

0 37 84 72 -12 4 9 40

0 60 87 42 -4 1 25 6

0 28 52 66 -1 15 19 23

0 0 86 43 -1 15 33 28

0 33 65 54 -4 7 9 17

0 24 88 5 -2 1 14 31

0 58 75 88 -4 3 10 25

0 30 38 18 -18 4 5 14

0 38 99 41 -16 0 8 45

0 71 90 62 -15 2 48 37

0 43 67 78 -15 7 21 41

0 17 56 87 -13 5 10 13

0 39 97 73 -7 7 10 30

0 51 63 64 -1 8 23 12

0 74 95 61 -14 13 26 42

0 33 82 20 -3 16 31 26

0 69 80 24 -16 10 34 46

0 19 36 44 -8 27 28 16

0 32 44 61 -5 9 32 15

0 30 48 95 -14 3 12 40

0 38 53 42 -11 1 20 36

0 18 23 69 -15 7 22 37

0 2 64 66 -18 16 22 37

0 1 79 64 -7 7 10 25

0 92 98 91 -6 29 41 48

0 64 67 39 -5 1 36 49

0 16 40 9 -7 0 7 23

0 46 74 96 -7 34 38 4

0 3 73 53 -1 13 38 33

0 4 71 96 -12 7 28 11

0 43 62 84 -16 7 8 15

0 12 25 95 -15 12 14 25

0 66 83 60 -16 22 30 8

0 10 44 3 -6 5 14 27

0 5 54 31 -13 6 37 33

0 12 95 19 -17 16 46 36

0 12 64 28 -9 8 21 14

0 4 24 63 -9 1 6 10

0 17 35 1 -6 11 12 41

0 55 73 9 -6 5 8 3

0 15 44 92 -12 7 16 19

0 27 35 80 -1 19 34 15

0 34 45 9 -18 6 7 0

0 3 63 84 -17 7 38 23

0 73 79 48 -15 0 33 48

0 22 30 94 -5 7 16 41

0 8 30 68 -16 5 14 46

0 30 59 28 -13 34 44 5

0 14 15 87 -17 0 4 28

0 9 22 93 -9 22 39 4

0 22 27 50 -20 30 38 4

0 39 67 84 -10 2 4 39

0 22 27 58 -1 16 46 32

0 21 35 16 -18 24 35 14

0 17 56 41 -14 7 9 46

0 0 17 73 -3 25 26 26

0 70 77 57 -14 29 48 39

0 52 96 74 -11 31 46 30

0 18 32 28 -11 19 46 25

0 1 37 88 -12 18 29 15

0 49 76 20 -7 24 27 46

0 11 12 35 -6 4 16 26

0 50 62 29 -19 17 31 16

0 19 26 71 -12 42 45 45

0 2 7 34 -7 3 5 26

0 0 12 58 -3 6 16 18

0 67 91 32 -13 27 29 45

0 3 63 0 -12 6 29 34

0 31 85 12 -13 27 29 0

0 3 56 87 -2 16 49 12

0 6 8 17 -19 31 45 47

0 3 7 29 -16 16 27 4

0 2 48 22 -20 5 39 2

0 17 59 83 -8 16 28 38

0 6 14 86 -13 3 6 48

0 14 72 56 -19 0 28 49

0 10 12 63 -10 28 45 6

0 2 6 70 -4 32 45 6

0 17 28 40 -9 22 43 41

0 4 13 95 -12 3 33 15

0 4 15 98 -18 13 22 24

0 6 9 65 -4 15 30 4

0 5 10 33 -18 29 46 15

0 1 6 94 -14 1 23 12

0 0 1 0 -11 3 31 45

0 1 21 41 -12 25 29 1

0 1 2 20 -19 22 26 1

0 0 1 1 -14 2 34 15

0 0 24 70 -18 1 14 48

0 7 19 87 -2 0 45 41


SAlphaB: 697.0, std-dev 256.0162706911142

Earliest win: 35
Latest win: 81

WinDepth:
0 0 0 0 0 0 0 0 0 0 0 0 0 0 0 0 0 0 0 0 0 0 0 0 0 0 0 0 0 0 0 0 0 0 0 1 6 2 1 2 12 4 5 13 6 10 24 26 30 62 67 182 86 121 78 244 98 181 156 173 149 222 212 366 327 355 416 402 435 398 438 422 401 413 408 341 314 234 193 137 106 100 
SAlphaB:
0 0 0 0 0 0 0 0 0 0 0 0 0 0 0 0 0 0 0 0 0 0 0 0 0 0 0 0 0 0 0 0 0 0 0 1 6 2 1 2 12 4 5 13 6 10 24 26 30 62 67 182 86 121 78 244 98 181 156 173 149 222 212 366 327 355 416 402 435 398 438 422 401 413 408 341 314 234 193 137 106 100 

LossDepth:
SAlphaB:
0 0 0 0 0 0 0 0 0 0 0 0 0 0 0 0 0 0 0 0 0 0 0 0 0 0 0 0 0 0 0 0 0 0 0 1 6 2 1 2 12 4 5 13 6 10 24 26 30 62 67 182 86 121 78 244 98 181 156 173 149 222 212 366 327 355 416 402 435 398 438 422 401 413 408 341 314 234 193 137 106 100 

FirstWin:
0 0 0 0 0 0 0 0 0 0 0 0 0 0 0 0 0 0 0 0 0 0 0 0 0 0 0 0 0 0 0 0 0 0 0 1 0 2 0 2 0 4 0 13 0 10 0 26 0 62 0 182 0 121 0 244 0 181 0 173 0 222 0 366 0 355 0 402 0 398 0 422 0 413 0 341 0 234 0 137 0 100 
SAlphaB:
0 0 0 0 0 0 0 0 0 0 0 0 0 0 0 0 0 0 0 0 0 0 0 0 0 0 0 0 0 0 0 0 0 0 0 1 0 2 0 2 0 4 0 13 0 10 0 26 0 62 0 182 0 121 0 244 0 181 0 173 0 222 0 366 0 355 0 402 0 398 0 422 0 413 0 341 0 234 0 137 0 100 

SecondWin:
0 0 0 0 0 0 0 0 0 0 0 0 0 0 0 0 0 0 0 0 0 0 0 0 0 0 0 0 0 0 0 0 0 0 0 0 6 0 1 0 12 0 5 0 6 0 24 0 30 0 67 0 86 0 78 0 98 0 156 0 149 0 212 0 327 0 416 0 435 0 438 0 401 0 408 0 314 0 193 0 106 0 
SAlphaB:
0 0 0 0 0 0 0 0 0 0 0 0 0 0 0 0 0 0 0 0 0 0 0 0 0 0 0 0 0 0 0 0 0 0 0 0 6 0 1 0 12 0 5 0 6 0 24 0 30 0 67 0 86 0 78 0 98 0 156 0 149 0 212 0 327 0 416 0 435 0 438 0 401 0 408 0 314 0 193 0 106 0 
