0 33 43 82 -7 5 15 6

0 44 90 42 -4 0 45 26

0 40 90 35 -7 17 26 44

0 55 84 39 -14 1 28 40

0 49 68 26 -6 2 12 16

0 51 75 21 -20 5 16 43

0 76 85 40 -11 5 7 19

0 55 64 73 -17 30 48 9

0 26 88 92 -17 1 6 4

0 47 96 69 -2 0 12 8

0 38 68 5 -16 4 15 36

0 2 99 16 -8 3 7 31

0 52 59 70 -18 5 21 27

0 3 35 36 -11 5 7 15

0 52 70 60 -15 7 10 33

0 56 92 91 -18 2 4 10

0 26 27 43 -8 12 22 16

0 80 98 32 -16 2 11 14

0 28 86 78 -14 4 6 36

0 53 86 94 -1 4 6 46

0 45 52 96 -17 10 13 20

0 41 56 45 -13 9 23 2

0 81 88 72 -8 10 46 43

0 6 66 57 -14 20 34 21

0 30 89 34 -4 1 25 34

0 23 39 96 -3 11 16 21

0 13 76 49 -11 16 43 16

0 0 55 93 -19 7 15 8

0 34 53 91 -18 8 11 6

0 2 56 68 -14 5 7 23

0 56 73 86 -15 14 47 22

0 41 61 67 -16 22 45 41

0 25 34 19 -19 0 2 8

0 25 87 16 -19 3 17 49

0 41 52 16 -16 2 37 39

0 76 86 89 -12 26 46 27

0 25 28 21 -1 14 39 11

0 0 8 24 -6 7 13 8

0 1 32 19 -5 12 26 7

0 43 46 16 -15 6 18 46

0 10 20 82 -8 15 25 29

0 18 89 14 -13 18 43 37

0 42 91 67 -4 1 2 42

0 24 30 77 -19 2 20 30

0 72 78 95 -12 6 9 42

0 25 73 31 -10 24 35 21

0 26 28 58 -3 1 2 17

0 0 1 89 -17 27 47 31

0 0 63 26 -9 28 42 37

0 4 48 9 -16 8 10 37

0 19 60 63 -1 41 44 43

0 25 52 79 -11 17 24 35

0 9 89 4 -16 38 42 1

0 72 99 7 -4 22 23 9

0 25 30 55 -4 5 10 24

0 8 32 5 -13 10 19 22

0 4 88 72 -16 3 29 41

0 41 55 86 -9 4 7 46

0 27 81 31 -12 3 37 40

0 13 28 61 -3 0 2 29

0 18 45 69 -10 7 39 35

0 33 37 90 -3 0 4 49

0 8 10 82 -15 1 2 23

0 7 20 20 -2 15 31 10

0 11 19 66 -11 43 46 45

0 41 73 59 -14 28 31 38

0 6 9 20 -2 19 34 5

0 2 81 37 -13 38 47 23

0 13 27 21 -16 3 39 39

0 8 28 12 -11 2 13 37

0 16 24 57 -18 13 46 1

0 11 22 19 -11 0 17 25

0 5 35 77 -19 25 28 48

0 7 69 48 -9 17 24 2

0 7 13 54 -8 18 19 24

0 10 15 31 -1 21 34 34

0 8 41 20 -4 32 47 38

0 0 1 60 -1 1 6 7

0 62 63 70 -13 19 34 44

0 11 37 11 -8 2 46 8

0 5 7 35 -10 24 35 23

0 4 30 45 -8 1 2 37

0 6 9 84 -12 11 29 47

0 4 10 67 -17 11 39 5

0 0 13 72 -2 31 39 38

0 4 17 11 -13 18 34 34

0 50 62 91 -10 37 43 49

0 17 34 34 -15 0 28 40

0 23 79 43 -13 15 17 12

0 5 41 16 -15 33 35 49

0 8 16 73 -6 0 38 9

0 7 27 37 -10 36 45 1

0 6 37 9 -6 26 31 38

0 3 11 98 -14 24 35 5

0 12 23 11 -19 7 38 3

0 2 8 68 -2 4 18 17

0 3 16 10 -3 1 4 23

0 1 2 1 -9 36 41 48

0 0 2 3 -6 21 41 42

0 2 8 14 -2 7 16 43


SAlphaB: 711.0, std-dev 257.11098918089004

Earliest win: 35
Latest win: 81

WinDepth:
0 0 0 0 0 0 0 0 0 0 0 0 0 0 0 0 0 0 0 0 0 0 0 0 0 0 0 0 0 0 0 0 0 0 0 1 0 1 0 10 0 2 3 10 4 21 12 23 21 55 69 172 62 129 81 177 102 191 152 201 137 206 221 316 331 391 376 396 404 473 429 509 429 412 394 401 263 305 188 147 93 91 
SAlphaB:
0 0 0 0 0 0 0 0 0 0 0 0 0 0 0 0 0 0 0 0 0 0 0 0 0 0 0 0 0 0 0 0 0 0 0 1 0 1 0 10 0 2 3 10 4 21 12 23 21 55 69 172 62 129 81 177 102 191 152 201 137 206 221 316 331 391 376 396 404 473 429 509 429 412 394 401 263 305 188 147 93 91 

LossDepth:
SAlphaB:
0 0 0 0 0 0 0 0 0 0 0 0 0 0 0 0 0 0 0 0 0 0 0 0 0 0 0 0 0 0 0 0 0 0 0 1 0 1 0 10 0 2 3 10 4 21 12 23 21 55 69 172 62 129 81 177 102 191 152 201 137 206 221 316 331 391 376 396 404 473 429 509 429 412 394 401 263 305 188 147 93 91 

FirstWin:
0 0 0 0 0 0 0 0 0 0 0 0 0 0 0 0 0 0 0 0 0 0 0 0 0 0 0 0 0 0 0 0 0 0 0 1 0 1 0 10 0 2 0 10 0 21 0 23 0 55 0 172 0 129 0 177 0 191 0 201 0 206 0 316 0 391 0 396 0 473 0 509 0 412 0 401 0 305 0 147 0 91 
SAlphaB:
0 0 0 0 0 0 0 0 0 0 0 0 0 0 0 0 0 0 0 0 0 0 0 0 0 0 0 0 0 0 0 0 0 0 0 1 0 1 0 10 0 2 0 10 0 21 0 23 0 55 0 172 0 129 0 177 0 191 0 201 0 206 0 316 0 391 0 396 0 473 0 509 0 412 0 401 0 305 0 147 0 91 

SecondWin:
0 0 0 0 0 0 0 0 0 0 0 0 0 0 0 0 0 0 0 0 0 0 0 0 0 0 0 0 0 0 0 0 0 0 0 0 0 0 0 0 0 0 3 0 4 0 12 0 21 0 69 0 62 0 81 0 102 0 152 0 137 0 221 0 331 0 376 0 404 0 429 0 429 0 394 0 263 0 188 0 93 0 
SAlphaB:
0 0 0 0 0 0 0 0 0 0 0 0 0 0 0 0 0 0 0 0 0 0 0 0 0 0 0 0 0 0 0 0 0 0 0 0 0 0 0 0 0 0 3 0 4 0 12 0 21 0 69 0 62 0 81 0 102 0 152 0 137 0 221 0 331 0 376 0 404 0 429 0 429 0 394 0 263 0 188 0 93 0 
