0 6 97 95 -7 0 1 0

0 33 97 92 -17 8 21 3

0 65 89 50 -9 15 33 36

0 27 84 16 -19 1 28 17

0 51 98 52 -18 2 5 47

0 63 79 6 -14 0 2 18

0 8 20 82 -5 0 2 5

0 9 87 90 -10 2 5 24

0 50 88 18 -12 14 23 13

0 48 83 58 -8 13 32 6

0 52 95 6 -13 4 18 24

0 24 77 51 -8 0 2 26

0 37 42 78 -15 5 11 1

0 47 93 79 -1 17 20 9

0 68 81 12 -5 0 4 27

0 63 90 22 -19 3 7 47

0 14 86 54 -9 19 44 14

0 41 84 68 -14 0 45 22

0 13 49 24 -15 14 29 16

0 19 52 67 -11 5 13 36

0 50 98 72 -4 14 47 23

0 34 60 88 -3 2 12 31

0 36 93 19 -7 15 45 47

0 24 43 72 -4 28 32 10

0 54 60 46 -1 13 48 34

0 49 71 18 -20 8 34 24

0 57 90 24 -10 13 47 33

0 81 99 83 -13 18 26 5

0 11 49 70 -13 0 14 28

0 48 57 5 -13 4 5 29

0 30 44 57 -3 15 48 17

0 32 42 18 -17 6 13 23

0 1 72 54 -16 0 7 19

0 30 50 45 -12 0 2 35

0 59 61 57 -6 6 9 33

0 32 50 55 -20 30 45 33

0 20 81 8 -3 11 47 36

0 35 55 49 -2 1 2 36

0 26 74 66 -3 37 39 18

0 17 35 81 -16 11 24 32

0 26 28 77 -2 11 12 38

0 23 63 45 -9 6 24 9

0 1 21 84 -12 8 12 13

0 38 53 62 -11 14 19 17

0 10 67 12 -17 20 30 10

0 24 48 23 -8 4 17 42

0 23 53 55 -1 0 3 40

0 13 28 69 -1 12 15 19

0 36 48 45 -14 1 2 43

0 46 50 84 -7 22 33 5

0 10 25 92 -12 9 23 26

0 78 91 27 -14 18 22 23

0 15 36 10 -19 4 20 25

0 17 32 36 -3 16 21 28

0 2 13 28 -4 0 6 12

0 16 61 13 -9 22 40 25

0 47 82 62 -12 0 12 45

0 16 45 64 -12 24 28 33

0 6 38 83 -14 23 33 11

0 79 87 22 -1 31 36 11

0 15 20 2 -17 2 40 8

0 21 67 45 -10 13 15 9

0 8 60 40 -18 8 17 48

0 3 35 72 -15 31 40 34

0 19 38 84 -19 14 41 34

0 34 74 5 -16 27 42 31

0 8 10 37 -9 20 26 25

0 10 27 9 -4 3 44 31

0 2 29 77 -9 16 26 48

0 6 41 72 -5 7 47 46

0 13 49 73 -18 38 42 47

0 15 16 65 -4 2 26 34

0 9 38 24 -2 10 47 16

0 90 95 22 -5 29 49 28

0 27 29 14 -2 4 37 31

0 3 38 89 -14 16 36 8

0 4 5 78 -16 0 1 35

0 10 16 56 -4 17 46 0

0 2 32 9 -1 19 37 24

0 13 79 33 -7 16 20 39

0 2 10 52 -16 25 28 3

0 50 57 98 -13 29 32 49

0 11 14 94 -3 24 29 35

0 19 30 29 -17 12 17 30

0 1 95 90 -15 6 25 9

0 19 28 69 -11 25 40 43

0 7 42 91 -17 27 33 10

0 4 13 18 -18 13 23 13

0 4 19 64 -5 15 29 6

0 21 68 28 -14 1 42 42

0 15 23 76 -2 20 45 38

0 29 39 45 -12 15 25 45

0 2 22 60 -20 18 32 27

0 1 10 35 -3 29 39 9

0 27 29 24 -3 8 41 44

0 2 3 44 -18 12 23 2

0 8 18 48 -16 16 24 22

0 16 17 54 -3 0 11 28

0 3 5 72 -17 2 8 32

0 10 11 55 -11 24 34 46


SAlphaB: 672.0, std-dev 255.8176348949234

Earliest win: 37
Latest win: 81

WinDepth:
0 0 0 0 0 0 0 0 0 0 0 0 0 0 0 0 0 0 0 0 0 0 0 0 0 0 0 0 0 0 0 0 0 0 0 0 0 6 0 2 1 3 6 9 10 27 22 41 32 94 56 172 84 104 91 221 121 168 157 165 162 225 216 285 296 395 359 416 452 449 464 420 436 394 382 367 271 259 171 135 106 64 
SAlphaB:
0 0 0 0 0 0 0 0 0 0 0 0 0 0 0 0 0 0 0 0 0 0 0 0 0 0 0 0 0 0 0 0 0 0 0 0 0 6 0 2 1 3 6 9 10 27 22 41 32 94 56 172 84 104 91 221 121 168 157 165 162 225 216 285 296 395 359 416 452 449 464 420 436 394 382 367 271 259 171 135 106 64 

LossDepth:
SAlphaB:
0 0 0 0 0 0 0 0 0 0 0 0 0 0 0 0 0 0 0 0 0 0 0 0 0 0 0 0 0 0 0 0 0 0 0 0 0 6 0 2 1 3 6 9 10 27 22 41 32 94 56 172 84 104 91 221 121 168 157 165 162 225 216 285 296 395 359 416 452 449 464 420 436 394 382 367 271 259 171 135 106 64 

FirstWin:
0 0 0 0 0 0 0 0 0 0 0 0 0 0 0 0 0 0 0 0 0 0 0 0 0 0 0 0 0 0 0 0 0 0 0 0 0 6 0 2 0 3 0 9 0 27 0 41 0 94 0 172 0 104 0 221 0 168 0 165 0 225 0 285 0 395 0 416 0 449 0 420 0 394 0 367 0 259 0 135 0 64 
SAlphaB:
0 0 0 0 0 0 0 0 0 0 0 0 0 0 0 0 0 0 0 0 0 0 0 0 0 0 0 0 0 0 0 0 0 0 0 0 0 6 0 2 0 3 0 9 0 27 0 41 0 94 0 172 0 104 0 221 0 168 0 165 0 225 0 285 0 395 0 416 0 449 0 420 0 394 0 367 0 259 0 135 0 64 

SecondWin:
0 0 0 0 0 0 0 0 0 0 0 0 0 0 0 0 0 0 0 0 0 0 0 0 0 0 0 0 0 0 0 0 0 0 0 0 0 0 0 0 1 0 6 0 10 0 22 0 32 0 56 0 84 0 91 0 121 0 157 0 162 0 216 0 296 0 359 0 452 0 464 0 436 0 382 0 271 0 171 0 106 0 
SAlphaB:
0 0 0 0 0 0 0 0 0 0 0 0 0 0 0 0 0 0 0 0 0 0 0 0 0 0 0 0 0 0 0 0 0 0 0 0 0 0 0 0 1 0 6 0 10 0 22 0 32 0 56 0 84 0 91 0 121 0 157 0 162 0 216 0 296 0 359 0 452 0 464 0 436 0 382 0 271 0 171 0 106 0 
