0 26 79 44 -15 1 6 15

0 75 95 31 -18 10 32 10

0 42 56 8 -4 2 21 18

0 57 60 95 -5 11 36 19

0 68 91 19 -14 9 42 34

0 34 89 4 -14 4 14 28

0 40 72 19 -18 2 6 10

0 43 62 58 -18 5 27 33

0 74 83 64 -12 6 34 16

0 56 89 97 -19 3 13 10

0 70 72 47 -9 2 7 34

0 48 90 8 -13 3 9 15

0 44 73 67 -3 6 21 29

0 41 65 39 -13 6 22 42

0 86 93 15 -5 5 16 13

0 38 94 42 -20 0 2 10

0 71 81 6 -4 8 24 14

0 53 76 99 -15 1 10 8

0 35 71 41 -14 5 12 16

0 57 88 34 -2 2 17 10

0 49 63 44 -13 3 11 11

0 54 97 13 -12 6 33 11

0 10 86 62 -1 1 8 9

0 34 47 92 -1 8 20 5

0 67 74 6 -16 5 17 19

0 39 57 57 -10 3 14 14

0 51 78 18 -16 1 9 11

0 55 56 36 -8 5 6 2

0 80 99 99 -17 7 23 13

0 55 98 63 -15 8 37 15

0 43 73 39 -7 2 9 20

0 61 73 64 -11 10 29 4

0 47 98 46 -3 0 1 1

0 39 84 74 -10 0 4 0

0 68 76 88 -11 1 17 8

0 58 94 88 -6 3 32 27

0 14 22 58 -1 4 8 8

0 29 96 6 -9 1 12 44

0 59 65 94 -6 12 21 4

0 20 43 43 -18 0 5 39

0 25 80 80 -19 0 2 11

0 63 97 84 -4 15 18 39

0 86 99 68 -5 3 10 43

0 61 76 43 -18 3 24 39

0 34 57 20 -7 5 21 9

0 38 78 47 -19 0 1 36

0 53 83 30 -3 10 17 3

0 30 55 94 -20 0 1 9

0 35 64 36 -8 5 28 6

0 49 63 5 -15 8 18 13

0 20 70 35 -15 2 11 29

0 59 64 61 -17 4 9 12

0 62 86 36 -9 3 5 23

0 69 91 91 -2 11 15 6

0 18 32 93 -17 0 3 1

0 54 73 53 -12 0 1 29

0 27 37 84 -20 0 2 16

0 57 84 87 -8 21 44 49

0 51 89 51 -2 14 22 45

0 28 36 85 -19 0 1 6

0 33 64 56 -5 8 23 8

0 51 90 82 -16 20 45 24

0 66 98 7 -1 3 11 47

0 79 80 76 -6 10 17 2

0 13 85 71 -11 8 13 13

0 52 70 41 -17 1 6 5

0 49 99 64 -18 10 13 10

0 30 40 0 -13 4 12 4

0 65 71 33 -14 16 25 18

0 0 68 69 -8 18 38 8

0 46 64 80 -5 2 3 6

0 31 90 88 -7 10 21 16

0 61 66 33 -19 1 13 14

0 41 98 88 -19 17 40 26

0 58 77 94 -15 5 31 38

0 24 29 73 -9 4 9 7

0 36 44 11 -7 1 17 3

0 42 75 33 -1 12 13 15

0 25 47 39 -15 4 11 14

0 26 56 94 -4 5 8 10

0 39 98 59 -19 3 5 39

0 87 90 47 -3 7 18 16

0 0 82 26 -7 4 15 0

0 37 68 75 -16 3 31 19

0 83 89 96 -17 17 29 45

0 14 61 97 -11 5 10 15

0 7 41 74 -7 13 31 11

0 14 51 57 -3 11 31 11

0 38 92 66 -16 12 36 34

0 12 79 84 -14 7 9 19

0 59 96 1 -13 2 10 42

0 24 50 33 -15 27 34 19

0 19 51 40 -14 0 5 36

0 1 76 96 -15 19 24 18

0 27 45 64 -20 0 6 26

0 33 59 92 -10 14 25 15

0 22 52 88 -8 0 30 5

0 29 99 79 -16 2 3 45

0 36 52 28 -12 10 36 26

0 28 83 80 -5 9 23 33


SAlphaB: 1102.0, std-dev 388.9663129710112

Earliest win: 35
Latest win: 81

WinDepth:
0 0 0 0 0 0 0 0 0 0 0 0 0 0 0 0 0 0 0 0 0 0 0 0 0 0 0 0 0 0 0 0 0 0 0 1 0 5 6 15 8 37 7 34 9 69 39 161 68 177 139 320 144 347 279 429 361 582 340 497 460 678 662 808 783 911 890 943 1002 951 968 959 911 884 865 775 659 492 438 301 184 135 
SAlphaB:
0 0 0 0 0 0 0 0 0 0 0 0 0 0 0 0 0 0 0 0 0 0 0 0 0 0 0 0 0 0 0 0 0 0 0 1 0 5 6 15 8 37 7 34 9 69 39 161 68 177 139 320 144 347 279 429 361 582 340 497 460 678 662 808 783 911 890 943 1002 951 968 959 911 884 865 775 659 492 438 301 184 135 

LossDepth:
SAlphaB:
0 0 0 0 0 0 0 0 0 0 0 0 0 0 0 0 0 0 0 0 0 0 0 0 0 0 0 0 0 0 0 0 0 0 0 0 0 7 4 12 8 33 3 25 7 51 20 74 60 109 97 139 94 194 184 255 255 367 226 339 319 453 431 610 582 716 653 753 692 716 730 809 636 681 688 657 473 459 320 243 234 162 

FirstWin:
0 0 0 0 0 0 0 0 0 0 0 0 0 0 0 0 0 0 0 0 0 0 0 0 0 0 0 0 0 0 0 0 0 0 0 1 0 5 0 15 0 37 0 34 0 69 0 161 0 177 0 320 0 347 0 429 0 582 0 497 0 678 0 808 0 911 0 943 0 951 0 959 0 884 0 775 0 492 0 301 0 135 
SAlphaB:
0 0 0 0 0 0 0 0 0 0 0 0 0 0 0 0 0 0 0 0 0 0 0 0 0 0 0 0 0 0 0 0 0 0 0 1 0 5 0 15 0 37 0 34 0 69 0 161 0 177 0 320 0 347 0 429 0 582 0 497 0 678 0 808 0 911 0 943 0 951 0 959 0 884 0 775 0 492 0 301 0 135 

SecondWin:
0 0 0 0 0 0 0 0 0 0 0 0 0 0 0 0 0 0 0 0 0 0 0 0 0 0 0 0 0 0 0 0 0 0 0 0 0 0 6 0 8 0 7 0 9 0 39 0 68 0 139 0 144 0 279 0 361 0 340 0 460 0 662 0 783 0 890 0 1002 0 968 0 911 0 865 0 659 0 438 0 184 0 
SAlphaB:
0 0 0 0 0 0 0 0 0 0 0 0 0 0 0 0 0 0 0 0 0 0 0 0 0 0 0 0 0 0 0 0 0 0 0 0 0 0 6 0 8 0 7 0 9 0 39 0 68 0 139 0 144 0 279 0 361 0 340 0 460 0 662 0 783 0 890 0 1002 0 968 0 911 0 865 0 659 0 438 0 184 0 
