0 13 85 71 -11 8 13 13

0 44 73 67 -3 6 21 29

0 30 55 94 -20 0 1 9

0 43 62 58 -18 5 27 33

0 10 86 62 -1 1 8 9

0 29 96 6 -9 1 12 44

0 27 45 64 -20 0 6 26

0 27 37 84 -20 0 2 16

0 55 56 36 -8 5 6 2

0 51 89 51 -2 14 22 45

0 58 88 55 -4 8 47 11

0 52 58 30 -5 6 12 17

0 43 82 0 -3 1 3 24

0 60 98 30 -16 20 42 9

0 20 42 4 -10 0 5 22

0 22 97 50 -3 16 21 32

0 22 79 68 -9 8 12 15

0 55 70 84 -16 6 33 41

0 51 81 75 -9 8 18 32

0 28 72 17 -20 8 23 26

0 35 38 31 -5 31 48 30

0 60 94 8 -10 0 3 13

0 57 63 4 -4 7 35 19

0 18 37 52 -17 22 34 18

0 10 28 96 -9 1 2 3

0 64 82 76 -3 4 10 37

0 63 80 34 -5 6 21 47

0 7 89 60 -3 3 7 13

0 36 67 26 -14 2 40 21

0 30 41 81 -11 25 36 8

0 64 66 78 -4 24 47 25

0 53 57 78 -6 17 20 2

0 33 43 89 -6 5 6 20

0 22 28 43 -10 9 10 10

0 14 60 68 -17 5 11 35

0 1 56 23 -13 6 13 4

0 22 63 65 -10 8 23 35

0 49 55 93 -4 12 21 34

0 33 58 9 -5 10 23 40

0 21 26 58 -14 4 19 8

0 44 71 55 -18 33 34 36

0 40 68 94 -1 24 44 19

0 24 79 92 -20 0 33 36

0 30 35 52 -5 5 17 36

0 63 70 85 -14 3 47 2

0 15 75 18 -14 2 14 18

0 8 46 61 -11 20 21 8

0 17 61 72 -20 2 43 45

0 17 91 15 -19 25 32 23

0 58 72 72 -20 23 46 23

0 4 74 9 -12 15 22 38

0 0 15 47 -9 45 46 48

0 27 64 28 -6 1 3 35

0 14 82 11 -16 36 45 30

0 41 74 46 -7 39 48 0

0 21 86 83 -20 4 25 31

0 34 67 62 -2 4 6 34

0 8 31 97 -10 21 24 4

0 0 15 43 -20 16 39 13

0 5 21 5 -1 11 12 36

0 3 59 57 -13 14 19 35

0 44 70 71 -6 39 41 5

0 47 89 50 -20 37 42 23

0 24 77 9 -18 34 40 22

0 8 11 95 -13 10 30 25

0 11 19 70 -11 0 4 46

0 37 40 2 -7 27 35 31

0 4 18 36 -11 7 9 23

0 30 61 49 -3 36 37 26

0 3 20 17 -15 31 39 16

0 1 7 80 -7 8 9 31

0 10 13 77 -5 13 28 35

0 14 16 13 -12 1 7 1

0 3 86 79 -18 1 21 36

0 81 98 13 -5 0 2 39

0 23 72 5 -7 18 39 18

0 1 8 38 -1 1 2 15

0 21 56 31 -2 5 38 49

0 5 76 16 -8 6 46 32

0 1 11 79 -14 13 29 33

0 24 55 3 -6 17 48 49

0 10 25 14 -10 20 35 31

0 1 16 58 -15 11 22 13

0 1 65 65 -9 20 26 4

0 1 9 83 -9 19 36 12

0 0 23 54 -7 3 32 9

0 8 20 71 -12 3 40 0

0 0 6 44 -13 7 37 9

0 2 7 10 -6 10 41 17

0 10 17 52 -14 6 17 41

0 4 6 89 -8 3 27 25

0 1 5 34 -1 11 18 21

0 8 37 40 -20 15 40 2

0 22 24 28 -4 2 3 37

0 0 8 57 -3 4 13 7

0 0 4 11 -17 0 1 36

0 1 20 11 -20 15 49 22

0 0 2 41 -11 34 44 3

0 0 4 11 -1 2 37 23

0 10 11 24 -8 3 23 44


SAlphaB: 1026.0, std-dev 383.40707683303987

Earliest win: 35
Latest win: 81

WinDepth:
0 0 0 0 0 0 0 0 0 0 0 0 0 0 0 0 0 0 0 0 0 0 0 0 0 0 0 0 0 0 0 0 0 0 0 2 0 11 0 6 19 5 4 17 8 25 18 34 37 69 82 164 86 147 100 168 122 175 137 185 174 218 235 349 324 373 359 398 438 413 451 448 407 359 384 364 262 273 212 149 78 81 
SAlphaB:
0 0 0 0 0 0 0 0 0 0 0 0 0 0 0 0 0 0 0 0 0 0 0 0 0 0 0 0 0 0 0 0 0 0 0 2 0 11 0 6 19 5 4 17 8 25 18 34 37 69 82 164 86 147 100 168 122 175 137 185 174 218 235 349 324 373 359 398 438 413 451 448 407 359 384 364 262 273 212 149 78 81 

LossDepth:
SAlphaB:
0 0 0 0 0 0 0 0 0 0 0 0 0 0 0 0 0 0 0 0 0 0 0 0 0 0 0 0 0 0 0 0 0 0 0 2 0 11 0 6 19 5 4 17 8 25 18 34 37 69 82 164 86 147 100 168 122 175 137 185 174 218 235 349 324 373 359 398 438 413 451 448 407 359 384 364 262 273 212 149 78 81 

FirstWin:
0 0 0 0 0 0 0 0 0 0 0 0 0 0 0 0 0 0 0 0 0 0 0 0 0 0 0 0 0 0 0 0 0 0 0 2 0 11 0 6 0 5 0 17 0 25 0 34 0 69 0 164 0 147 0 168 0 175 0 185 0 218 0 349 0 373 0 398 0 413 0 448 0 359 0 364 0 273 0 149 0 81 
SAlphaB:
0 0 0 0 0 0 0 0 0 0 0 0 0 0 0 0 0 0 0 0 0 0 0 0 0 0 0 0 0 0 0 0 0 0 0 2 0 11 0 6 0 5 0 17 0 25 0 34 0 69 0 164 0 147 0 168 0 175 0 185 0 218 0 349 0 373 0 398 0 413 0 448 0 359 0 364 0 273 0 149 0 81 

SecondWin:
0 0 0 0 0 0 0 0 0 0 0 0 0 0 0 0 0 0 0 0 0 0 0 0 0 0 0 0 0 0 0 0 0 0 0 0 0 0 0 0 19 0 4 0 8 0 18 0 37 0 82 0 86 0 100 0 122 0 137 0 174 0 235 0 324 0 359 0 438 0 451 0 407 0 384 0 262 0 212 0 78 0 
SAlphaB:
0 0 0 0 0 0 0 0 0 0 0 0 0 0 0 0 0 0 0 0 0 0 0 0 0 0 0 0 0 0 0 0 0 0 0 0 0 0 0 0 19 0 4 0 8 0 18 0 37 0 82 0 86 0 100 0 122 0 137 0 174 0 235 0 324 0 359 0 438 0 451 0 407 0 384 0 262 0 212 0 78 0 
