0 39 57 57 -10 3 14 14

0 42 75 33 -1 12 13 15

0 54 73 53 -12 0 1 29

0 51 90 82 -16 20 45 24

0 46 64 80 -5 2 3 6

0 20 43 43 -18 0 5 39

0 53 83 30 -3 10 17 3

0 68 76 88 -11 1 17 8

0 42 56 8 -4 2 21 18

0 61 66 33 -19 1 13 14

0 45 90 26 -1 1 16 48

0 76 95 18 -13 8 19 18

0 13 94 81 -5 7 9 11

0 40 73 89 -3 6 13 5

0 23 40 43 -8 38 41 7

0 38 40 41 -19 0 6 18

0 24 99 34 -9 5 10 40

0 30 47 69 -17 42 49 9

0 16 52 24 -20 0 15 46

0 7 69 82 -4 6 11 16

0 12 56 80 -14 31 34 8

0 22 81 82 -12 15 41 23

0 51 62 79 -2 3 41 45

0 24 38 98 -12 41 44 14

0 49 55 60 -5 17 40 37

0 40 70 82 -14 9 20 10

0 32 35 65 -2 7 18 21

0 27 72 60 -12 19 24 40

0 42 43 5 -7 4 9 1

0 15 33 69 -1 11 13 10

0 64 71 24 -9 19 26 10

0 22 60 37 -13 2 3 40

0 21 50 82 -8 20 37 1

0 17 51 2 -9 7 8 6

0 8 80 81 -9 17 26 6

0 16 48 21 -16 15 16 14

0 25 31 81 -6 7 15 8

0 31 34 73 -6 13 48 3

0 24 30 55 -13 8 22 19

0 82 84 97 -10 5 9 45

0 11 36 84 -6 16 20 7

0 25 86 6 -19 11 19 28

0 5 44 79 -15 9 18 23

0 70 77 58 -20 2 35 21

0 35 67 1 -19 43 48 21

0 29 88 25 -18 41 48 4

0 47 97 4 -16 27 38 30

0 27 42 63 -20 4 8 33

0 29 36 29 -19 23 35 22

0 26 48 19 -3 5 39 2

0 29 98 67 -9 26 32 20

0 30 77 96 -20 29 44 33

0 33 44 23 -9 8 19 41

0 69 71 76 -3 2 11 49

0 14 73 23 -10 35 40 22

0 9 55 38 -3 11 19 0

0 24 33 52 -20 2 3 30

0 13 51 30 -10 17 27 27

0 66 93 16 -11 26 34 24

0 5 68 17 -10 9 30 27

0 22 38 18 -10 24 34 6

0 1 24 39 -9 0 1 30

0 6 13 41 -6 9 15 8

0 10 34 82 -5 14 15 5

0 25 50 16 -9 21 25 27

0 10 37 11 -19 9 13 8

0 24 41 42 -5 19 36 25

0 4 28 17 -5 32 34 26

0 17 46 53 -19 2 26 44

0 1 13 72 -12 22 25 6

0 16 99 8 -20 7 9 46

0 21 65 44 -15 3 48 24

0 0 56 40 -4 14 20 21

0 27 77 17 -20 28 32 0

0 20 23 32 -20 18 46 37

0 6 79 51 -15 1 3 48

0 4 32 66 -20 5 20 37

0 10 14 22 -2 16 34 9

0 2 13 88 -2 3 44 2

0 1 2 46 -7 7 26 16

0 1 4 81 -18 8 11 38

0 1 61 50 -5 1 10 44

0 13 46 55 -10 3 44 43

0 17 19 96 -12 1 15 40

0 12 71 85 -6 8 12 49

0 6 17 89 -18 10 48 9

0 12 37 49 -9 2 35 10

0 5 16 50 -7 26 45 23

0 8 24 82 -8 5 13 44

0 6 8 67 -18 39 48 0

0 7 14 92 -17 4 24 33

0 1 2 71 -15 7 8 5

0 8 9 63 -9 0 27 33

0 7 24 79 -14 1 8 40

0 11 22 42 -17 12 14 36

0 4 7 45 -11 1 2 24

0 10 17 22 -3 7 13 42

0 11 14 52 -5 4 20 47

0 0 1 8 -1 27 39 3

0 3 10 96 -7 1 6 43


SAlphaB: 1040.0, std-dev 397.87464315619144

Earliest win: 37
Latest win: 81

WinDepth:
0 0 0 0 0 0 0 0 0 0 0 0 0 0 0 0 0 0 0 0 0 0 0 0 0 0 0 0 0 0 0 0 0 0 0 0 0 17 0 2 0 3 2 38 14 31 12 38 35 84 93 153 147 108 118 165 97 134 128 149 146 236 234 347 358 357 415 391 453 415 462 435 430 445 410 324 256 293 171 139 88 69 
SAlphaB:
0 0 0 0 0 0 0 0 0 0 0 0 0 0 0 0 0 0 0 0 0 0 0 0 0 0 0 0 0 0 0 0 0 0 0 0 0 17 0 2 0 3 2 38 14 31 12 38 35 84 93 153 147 108 118 165 97 134 128 149 146 236 234 347 358 357 415 391 453 415 462 435 430 445 410 324 256 293 171 139 88 69 

LossDepth:
SAlphaB:
0 0 0 0 0 0 0 0 0 0 0 0 0 0 0 0 0 0 0 0 0 0 0 0 0 0 0 0 0 0 0 0 0 0 0 0 0 17 0 2 0 3 2 38 14 31 12 38 35 84 93 153 147 108 118 165 97 134 128 149 146 236 234 347 358 357 415 391 453 415 462 435 430 445 410 324 256 293 171 139 88 69 

FirstWin:
0 0 0 0 0 0 0 0 0 0 0 0 0 0 0 0 0 0 0 0 0 0 0 0 0 0 0 0 0 0 0 0 0 0 0 0 0 17 0 2 0 3 0 38 0 31 0 38 0 84 0 153 0 108 0 165 0 134 0 149 0 236 0 347 0 357 0 391 0 415 0 435 0 445 0 324 0 293 0 139 0 69 
SAlphaB:
0 0 0 0 0 0 0 0 0 0 0 0 0 0 0 0 0 0 0 0 0 0 0 0 0 0 0 0 0 0 0 0 0 0 0 0 0 17 0 2 0 3 0 38 0 31 0 38 0 84 0 153 0 108 0 165 0 134 0 149 0 236 0 347 0 357 0 391 0 415 0 435 0 445 0 324 0 293 0 139 0 69 

SecondWin:
0 0 0 0 0 0 0 0 0 0 0 0 0 0 0 0 0 0 0 0 0 0 0 0 0 0 0 0 0 0 0 0 0 0 0 0 0 0 0 0 0 0 2 0 14 0 12 0 35 0 93 0 147 0 118 0 97 0 128 0 146 0 234 0 358 0 415 0 453 0 462 0 430 0 410 0 256 0 171 0 88 0 
SAlphaB:
0 0 0 0 0 0 0 0 0 0 0 0 0 0 0 0 0 0 0 0 0 0 0 0 0 0 0 0 0 0 0 0 0 0 0 0 0 0 0 0 0 0 2 0 14 0 12 0 35 0 93 0 147 0 118 0 97 0 128 0 146 0 234 0 358 0 415 0 453 0 462 0 430 0 410 0 256 0 171 0 88 0 
