0 1 76 96 -15 19 24 18

0 70 72 47 -9 2 7 34

0 59 64 61 -17 4 9 12

0 35 64 36 -8 5 28 6

0 38 94 42 -20 0 2 10

0 14 61 97 -11 5 10 15

0 36 44 11 -7 1 17 3

0 28 83 80 -5 9 23 33

0 22 52 88 -8 0 30 5

0 14 51 57 -3 11 31 11

0 52 85 56 -11 4 5 30

0 36 89 54 -14 15 49 17

0 64 72 25 -1 5 28 6

0 49 89 99 -4 2 3 1

0 19 22 51 -16 5 17 17

0 42 74 16 -7 13 20 25

0 30 63 52 -6 5 6 0

0 0 44 81 -4 5 13 22

0 3 46 87 -12 19 26 20

0 7 21 36 -7 0 2 19

0 56 71 8 -10 1 4 22

0 31 48 65 -15 9 11 36

0 25 57 94 -5 12 18 24

0 55 79 77 -2 2 16 23

0 85 90 18 -1 7 9 1

0 12 47 44 -16 38 41 23

0 3 92 12 -2 11 16 8

0 34 97 9 -6 20 24 44

0 62 98 34 -15 16 27 35

0 20 96 52 -12 13 29 23

0 20 73 96 -12 30 42 24

0 23 61 84 -10 19 32 42

0 37 75 92 -12 37 42 26

0 15 18 9 -6 25 34 15

0 13 43 80 -19 3 4 16

0 21 86 67 -16 22 38 33

0 14 84 81 -17 18 19 48

0 25 35 52 -3 13 21 36

0 3 28 93 -12 27 40 21

0 26 56 34 -20 10 34 9

0 3 37 33 -8 1 16 1

0 48 68 8 -20 8 9 43

0 57 73 6 -6 7 9 46

0 85 87 65 -4 23 36 22

0 4 98 72 -13 9 17 31

0 37 50 78 -8 28 35 35

0 3 89 40 -18 10 28 41

0 13 20 15 -6 8 32 23

0 9 28 11 -18 6 13 14

0 17 75 95 -18 9 13 21

0 47 69 37 -9 5 36 46

0 39 53 20 -8 15 19 13

0 19 47 33 -12 30 41 17

0 9 90 65 -12 24 34 32

0 84 99 61 -1 39 49 22

0 58 59 68 -20 15 21 25

0 19 92 46 -17 18 19 42

0 6 52 28 -8 11 18 39

0 12 72 0 -18 16 37 10

0 0 2 45 -13 30 43 32

0 12 51 83 -20 1 4 29

0 2 33 40 -11 7 8 4

0 63 66 43 -10 10 15 45

0 5 15 50 -16 1 4 28

0 17 50 2 -2 16 24 30

0 21 96 37 -6 32 39 19

0 2 15 99 -12 40 44 48

0 55 95 31 -9 22 34 45

0 2 35 8 -8 0 1 23

0 2 8 47 -11 4 7 14

0 2 18 35 -10 39 41 15

0 3 11 35 -13 19 21 25

0 11 57 34 -19 5 11 26

0 65 95 77 -10 42 48 16

0 1 14 82 -15 31 33 6

0 11 24 82 -19 25 26 17

0 2 4 57 -14 20 34 7

0 17 49 69 -3 7 41 6

0 4 7 66 -5 22 32 31

0 0 2 40 -14 31 39 49

0 3 9 21 -14 14 43 18

0 3 4 96 -5 8 27 42

0 8 9 45 -3 9 12 15

0 9 17 63 -5 16 28 45

0 6 10 31 -19 4 31 34

0 5 22 87 -6 13 40 6

0 0 7 86 -9 6 25 33

0 0 36 6 -3 16 42 36

0 4 16 34 -2 2 36 41

0 0 1 92 -19 13 20 8

0 1 2 41 -13 15 20 3

0 0 1 76 -16 2 33 39

0 5 12 51 -2 14 17 33

0 0 5 49 -1 0 1 49

0 19 37 54 -13 35 46 0

0 0 1 71 -18 11 18 0

0 3 6 76 -19 24 31 0

0 4 6 55 -3 8 9 34

0 0 1 67 -6 23 30 0

0 8 11 2 -12 11 18 23


SAlphaB: 997.0, std-dev 397.5574398496373

Earliest win: 37
Latest win: 81

WinDepth:
0 0 0 0 0 0 0 0 0 0 0 0 0 0 0 0 0 0 0 0 0 0 0 0 0 0 0 0 0 0 0 0 0 0 0 0 0 2 2 0 1 0 10 15 9 24 21 35 39 52 56 248 104 169 119 236 90 168 147 152 156 192 226 276 298 346 429 343 517 438 406 422 477 400 386 359 266 214 156 146 87 70 
SAlphaB:
0 0 0 0 0 0 0 0 0 0 0 0 0 0 0 0 0 0 0 0 0 0 0 0 0 0 0 0 0 0 0 0 0 0 0 0 0 2 2 0 1 0 10 15 9 24 21 35 39 52 56 248 104 169 119 236 90 168 147 152 156 192 226 276 298 346 429 343 517 438 406 422 477 400 386 359 266 214 156 146 87 70 

LossDepth:
SAlphaB:
0 0 0 0 0 0 0 0 0 0 0 0 0 0 0 0 0 0 0 0 0 0 0 0 0 0 0 0 0 0 0 0 0 0 0 0 0 2 2 0 1 0 10 15 9 24 21 35 39 52 56 248 104 169 119 236 90 168 147 152 156 192 226 276 298 346 429 343 517 438 406 422 477 400 386 359 266 214 156 146 87 70 

FirstWin:
0 0 0 0 0 0 0 0 0 0 0 0 0 0 0 0 0 0 0 0 0 0 0 0 0 0 0 0 0 0 0 0 0 0 0 0 0 2 0 0 0 0 0 15 0 24 0 35 0 52 0 248 0 169 0 236 0 168 0 152 0 192 0 276 0 346 0 343 0 438 0 422 0 400 0 359 0 214 0 146 0 70 
SAlphaB:
0 0 0 0 0 0 0 0 0 0 0 0 0 0 0 0 0 0 0 0 0 0 0 0 0 0 0 0 0 0 0 0 0 0 0 0 0 2 0 0 0 0 0 15 0 24 0 35 0 52 0 248 0 169 0 236 0 168 0 152 0 192 0 276 0 346 0 343 0 438 0 422 0 400 0 359 0 214 0 146 0 70 

SecondWin:
0 0 0 0 0 0 0 0 0 0 0 0 0 0 0 0 0 0 0 0 0 0 0 0 0 0 0 0 0 0 0 0 0 0 0 0 0 0 2 0 1 0 10 0 9 0 21 0 39 0 56 0 104 0 119 0 90 0 147 0 156 0 226 0 298 0 429 0 517 0 406 0 477 0 386 0 266 0 156 0 87 0 
SAlphaB:
0 0 0 0 0 0 0 0 0 0 0 0 0 0 0 0 0 0 0 0 0 0 0 0 0 0 0 0 0 0 0 0 0 0 0 0 0 0 2 0 1 0 10 0 9 0 21 0 39 0 56 0 104 0 119 0 90 0 147 0 156 0 226 0 298 0 429 0 517 0 406 0 477 0 386 0 266 0 156 0 87 0 
