0 35 71 41 -14 5 12 16

0 52 70 41 -17 1 6 5

0 49 63 44 -13 3 11 11

0 19 51 40 -14 0 5 36

0 37 68 75 -16 3 31 19

0 66 98 7 -1 3 11 47

0 33 59 92 -10 14 25 15

0 12 79 84 -14 7 9 19

0 26 56 94 -4 5 8 10

0 14 22 58 -1 4 8 8

0 37 90 78 -7 2 14 38

0 34 76 9 -6 10 16 27

0 71 72 80 -2 3 17 22

0 24 33 24 -10 3 5 5

0 38 89 68 -18 0 18 39

0 34 97 26 -12 0 5 33

0 15 99 94 -18 17 23 36

0 9 65 16 -12 7 18 11

0 28 95 76 -18 11 19 16

0 53 72 69 -12 11 16 34

0 33 67 11 -9 16 38 31

0 22 29 6 -20 28 32 12

0 9 93 11 -15 7 12 9

0 7 73 50 -14 0 9 16

0 8 27 40 -11 6 20 27

0 24 65 50 -5 5 27 28

0 30 37 52 -10 10 36 48

0 42 46 15 -11 29 45 18

0 18 47 63 -3 0 35 7

0 83 84 98 -5 31 33 8

0 22 85 96 -6 9 26 33

0 90 92 37 -13 0 4 40

0 0 40 88 -11 31 40 39

0 56 94 88 -17 6 10 41

0 13 79 6 -4 34 40 19

0 72 94 29 -3 30 33 32

0 55 58 45 -12 8 13 9

0 5 15 72 -1 9 10 3

0 8 94 37 -8 31 33 4

0 42 77 43 -17 6 38 5

0 28 67 72 -4 12 26 49

0 19 37 73 -8 9 22 37

0 42 66 54 -7 13 47 3

0 67 77 27 -3 36 48 34

0 5 48 41 -6 0 1 36

0 58 81 18 -11 5 21 48

0 34 77 91 -14 17 21 18

0 7 73 31 -17 2 3 32

0 22 42 98 -11 23 44 34

0 30 36 21 -5 13 24 7

0 4 21 99 -8 13 15 16

0 34 63 89 -20 19 21 15

0 28 45 33 -12 20 40 14

0 0 89 89 -4 15 20 39

0 35 55 43 -1 4 43 19

0 70 75 67 -13 23 44 0

0 0 94 66 -16 11 46 5

0 29 81 15 -8 3 29 3

0 8 22 77 -1 20 33 37

0 8 93 71 -7 3 22 25

0 28 63 22 -20 21 33 39

0 4 64 46 -10 3 8 48

0 0 30 39 -8 11 23 3

0 1 4 43 -12 34 37 44

0 25 61 98 -3 0 1 14

0 17 52 98 -1 2 24 30

0 17 22 30 -12 4 8 46

0 24 48 0 -1 4 39 40

0 0 61 98 -18 8 45 17

0 59 69 72 -10 0 6 46

0 23 29 39 -9 18 34 31

0 23 33 23 -19 4 43 10

0 14 38 67 -6 21 49 13

0 2 7 41 -13 13 35 1

0 4 44 32 -7 3 13 34

0 5 35 26 -3 0 2 39

0 12 52 49 -20 23 26 39

0 21 30 82 -3 30 49 36

0 13 22 39 -3 25 49 32

0 14 34 13 -17 3 12 48

0 1 12 23 -2 0 12 9

0 10 84 31 -2 1 21 49

0 9 45 21 -5 4 38 40

0 9 14 29 -9 31 33 1

0 9 10 61 -9 4 24 18

0 4 21 15 -3 7 28 7

0 2 3 96 -10 3 6 15

0 9 14 53 -7 3 23 36

0 0 17 91 -14 2 48 17

0 7 8 35 -18 23 24 19

0 7 12 80 -17 4 24 34

0 32 59 60 -6 20 23 47

0 0 10 33 -15 15 32 40

0 0 1 42 -19 1 19 45

0 4 8 90 -3 1 14 14

0 18 22 24 -16 18 33 45

0 2 30 67 -16 15 48 3

0 0 2 69 -12 0 5 24

0 0 1 21 -7 0 3 39

0 0 1 47 -3 12 20 46


SAlphaB: 1044.0, std-dev 396.83096762814125

Earliest win: 37
Latest win: 81

WinDepth:
0 0 0 0 0 0 0 0 0 0 0 0 0 0 0 0 0 0 0 0 0 0 0 0 0 0 0 0 0 0 0 0 0 0 0 0 0 1 1 3 1 3 7 1 4 16 14 46 41 72 51 114 75 111 91 207 128 189 140 225 156 245 247 325 300 332 411 450 460 403 457 406 405 382 395 353 287 273 159 131 106 68 
SAlphaB:
0 0 0 0 0 0 0 0 0 0 0 0 0 0 0 0 0 0 0 0 0 0 0 0 0 0 0 0 0 0 0 0 0 0 0 0 0 1 1 3 1 3 7 1 4 16 14 46 41 72 51 114 75 111 91 207 128 189 140 225 156 245 247 325 300 332 411 450 460 403 457 406 405 382 395 353 287 273 159 131 106 68 

LossDepth:
SAlphaB:
0 0 0 0 0 0 0 0 0 0 0 0 0 0 0 0 0 0 0 0 0 0 0 0 0 0 0 0 0 0 0 0 0 0 0 0 0 1 1 3 1 3 7 1 4 16 14 46 41 72 51 114 75 111 91 207 128 189 140 225 156 245 247 325 300 332 411 450 460 403 457 406 405 382 395 353 287 273 159 131 106 68 

FirstWin:
0 0 0 0 0 0 0 0 0 0 0 0 0 0 0 0 0 0 0 0 0 0 0 0 0 0 0 0 0 0 0 0 0 0 0 0 0 1 0 3 0 3 0 1 0 16 0 46 0 72 0 114 0 111 0 207 0 189 0 225 0 245 0 325 0 332 0 450 0 403 0 406 0 382 0 353 0 273 0 131 0 68 
SAlphaB:
0 0 0 0 0 0 0 0 0 0 0 0 0 0 0 0 0 0 0 0 0 0 0 0 0 0 0 0 0 0 0 0 0 0 0 0 0 1 0 3 0 3 0 1 0 16 0 46 0 72 0 114 0 111 0 207 0 189 0 225 0 245 0 325 0 332 0 450 0 403 0 406 0 382 0 353 0 273 0 131 0 68 

SecondWin:
0 0 0 0 0 0 0 0 0 0 0 0 0 0 0 0 0 0 0 0 0 0 0 0 0 0 0 0 0 0 0 0 0 0 0 0 0 0 1 0 1 0 7 0 4 0 14 0 41 0 51 0 75 0 91 0 128 0 140 0 156 0 247 0 300 0 411 0 460 0 457 0 405 0 395 0 287 0 159 0 106 0 
SAlphaB:
0 0 0 0 0 0 0 0 0 0 0 0 0 0 0 0 0 0 0 0 0 0 0 0 0 0 0 0 0 0 0 0 0 0 0 0 0 0 1 0 1 0 7 0 4 0 14 0 41 0 51 0 75 0 91 0 128 0 140 0 156 0 247 0 300 0 411 0 460 0 457 0 405 0 395 0 287 0 159 0 106 0 
