0 68 91 19 -14 9 42 34

0 34 89 4 -14 4 14 28

0 49 99 64 -18 10 13 10

0 40 72 19 -18 2 6 10

0 57 88 34 -2 2 17 10

0 24 50 33 -15 27 34 19

0 29 99 79 -16 2 3 45

0 57 84 87 -8 21 44 49

0 43 73 39 -7 2 9 20

0 87 90 47 -3 7 18 16

0 51 83 7 -1 11 27 18

0 19 78 77 -18 16 49 31

0 29 53 59 -12 30 42 17

0 50 68 4 -10 11 26 37

0 38 47 98 -6 11 16 1

0 12 66 71 -8 4 14 38

0 44 81 60 -1 8 13 6

0 31 58 33 -7 28 45 10

0 18 49 31 -16 3 8 10

0 61 92 45 -16 4 10 26

0 40 47 34 -15 0 9 23

0 61 82 33 -5 11 19 4

0 12 19 78 -1 8 22 15

0 13 35 90 -8 4 12 1

0 58 79 1 -12 8 23 33

0 67 84 43 -14 6 16 19

0 68 74 68 -13 1 15 26

0 11 45 56 -19 2 5 44

0 49 52 62 -13 7 24 21

0 37 56 38 -1 4 9 21

0 38 73 90 -17 10 12 35

0 11 56 54 -6 3 10 33

0 58 85 53 -8 21 25 15

0 40 95 76 -4 2 4 45

0 21 65 35 -18 21 41 35

0 15 67 93 -9 3 5 22

0 21 66 70 -8 12 28 32

0 70 80 31 -18 0 3 36

0 31 85 3 -3 4 34 47

0 21 59 74 -19 21 49 17

0 38 43 28 -12 13 20 2

0 13 43 5 -5 22 24 8

0 10 35 2 -2 4 22 0

0 15 70 85 -16 11 12 40

0 9 70 55 -6 32 49 22

0 78 94 13 -3 17 37 1

0 7 94 37 -16 15 33 47

0 1 66 74 -19 22 38 43

0 13 45 4 -5 7 34 20

0 23 62 5 -6 13 14 36

0 23 31 50 -19 11 23 47

0 23 68 17 -1 4 5 26

0 20 81 45 -5 7 18 36

0 25 64 13 -8 11 46 17

0 46 87 27 -6 20 39 38

0 0 9 96 -4 8 11 7

0 20 71 84 -8 18 43 17

0 34 48 93 -18 31 37 5

0 70 72 54 -4 2 9 45

0 49 54 89 -18 17 19 39

0 29 35 83 -9 11 46 19

0 18 23 47 -10 1 22 14

0 7 40 66 -8 9 10 34

0 2 9 12 -8 1 18 27

0 42 72 70 -9 31 32 26

0 22 23 82 -4 18 29 42

0 40 69 74 -6 25 28 39

0 2 10 44 -18 31 40 28

0 2 3 7 -17 5 7 33

0 27 89 81 -18 32 37 5

0 11 37 42 -13 9 31 40

0 0 25 57 -4 20 30 23

0 55 70 57 -15 21 34 44

0 14 27 24 -14 2 8 44

0 17 29 60 -13 4 10 48

0 1 2 48 -20 1 5 21

0 14 37 16 -3 15 24 32

0 3 33 21 -1 11 17 21

0 14 30 8 -4 1 45 44

0 7 19 98 -9 44 47 20

0 0 48 87 -7 0 24 31

0 15 50 4 -3 5 42 40

0 15 22 73 -12 11 45 46

0 6 19 60 -19 23 29 49

0 0 1 93 -14 20 41 33

0 6 7 87 -19 13 35 27

0 8 15 10 -7 10 38 31

0 0 1 68 -14 2 5 14

0 7 21 12 -1 19 37 25

0 5 9 5 -18 6 18 29

0 6 7 63 -18 22 38 40

0 2 3 7 -10 1 4 19

0 10 35 19 -1 26 34 42

0 5 7 24 -14 9 11 16

0 0 1 32 -16 0 29 30

0 16 36 3 -2 23 43 48

0 0 5 29 -5 7 13 46

0 0 1 60 -1 3 8 32

0 1 3 28 -14 5 12 44

0 3 7 10 -1 5 9 17


SAlphaB: 1018.0, std-dev 404.7497379913178

Earliest win: 37
Latest win: 81

WinDepth:
0 0 0 0 0 0 0 0 0 0 0 0 0 0 0 0 0 0 0 0 0 0 0 0 0 0 0 0 0 0 0 0 0 0 0 0 0 1 3 5 0 7 2 18 15 24 9 42 38 54 53 218 89 145 76 195 109 179 161 162 174 229 228 333 305 328 416 419 440 371 533 403 439 413 379 326 265 270 159 133 114 70 
SAlphaB:
0 0 0 0 0 0 0 0 0 0 0 0 0 0 0 0 0 0 0 0 0 0 0 0 0 0 0 0 0 0 0 0 0 0 0 0 0 1 3 5 0 7 2 18 15 24 9 42 38 54 53 218 89 145 76 195 109 179 161 162 174 229 228 333 305 328 416 419 440 371 533 403 439 413 379 326 265 270 159 133 114 70 

LossDepth:
SAlphaB:
0 0 0 0 0 0 0 0 0 0 0 0 0 0 0 0 0 0 0 0 0 0 0 0 0 0 0 0 0 0 0 0 0 0 0 0 0 1 3 5 0 7 2 18 15 24 9 42 38 54 53 218 89 145 76 195 109 179 161 162 174 229 228 333 305 328 416 419 440 371 533 403 439 413 379 326 265 270 159 133 114 70 

FirstWin:
0 0 0 0 0 0 0 0 0 0 0 0 0 0 0 0 0 0 0 0 0 0 0 0 0 0 0 0 0 0 0 0 0 0 0 0 0 1 0 5 0 7 0 18 0 24 0 42 0 54 0 218 0 145 0 195 0 179 0 162 0 229 0 333 0 328 0 419 0 371 0 403 0 413 0 326 0 270 0 133 0 70 
SAlphaB:
0 0 0 0 0 0 0 0 0 0 0 0 0 0 0 0 0 0 0 0 0 0 0 0 0 0 0 0 0 0 0 0 0 0 0 0 0 1 0 5 0 7 0 18 0 24 0 42 0 54 0 218 0 145 0 195 0 179 0 162 0 229 0 333 0 328 0 419 0 371 0 403 0 413 0 326 0 270 0 133 0 70 

SecondWin:
0 0 0 0 0 0 0 0 0 0 0 0 0 0 0 0 0 0 0 0 0 0 0 0 0 0 0 0 0 0 0 0 0 0 0 0 0 0 3 0 0 0 2 0 15 0 9 0 38 0 53 0 89 0 76 0 109 0 161 0 174 0 228 0 305 0 416 0 440 0 533 0 439 0 379 0 265 0 159 0 114 0 
SAlphaB:
0 0 0 0 0 0 0 0 0 0 0 0 0 0 0 0 0 0 0 0 0 0 0 0 0 0 0 0 0 0 0 0 0 0 0 0 0 0 3 0 0 0 2 0 15 0 9 0 38 0 53 0 89 0 76 0 109 0 161 0 174 0 228 0 305 0 416 0 440 0 533 0 439 0 379 0 265 0 159 0 114 0 
