0 26 79 44 -15 1 6 15

0 33 64 56 -5 8 23 8

0 55 98 63 -15 8 37 15

0 58 77 94 -15 5 31 38

0 39 84 74 -10 0 4 0

0 41 65 39 -13 6 22 42

0 61 76 43 -18 3 24 39

0 74 83 64 -12 6 34 16

0 41 98 88 -19 17 40 26

0 83 89 96 -17 17 29 45

0 49 90 8 -17 1 4 49

0 4 60 3 -4 13 37 17

0 9 38 96 -15 8 19 13

0 50 80 40 -15 5 19 0

0 40 42 82 -17 9 28 14

0 32 37 33 -8 30 48 31

0 44 85 79 -5 2 14 37

0 25 71 92 -8 2 3 6

0 40 72 30 -8 20 44 39

0 14 83 32 -2 8 10 6

0 67 75 24 -2 15 45 10

0 12 57 81 -6 21 26 29

0 31 64 85 -5 29 42 48

0 86 94 10 -19 2 9 3

0 4 62 97 -17 21 28 28

0 31 71 32 -13 13 21 45

0 57 93 42 -10 1 22 41

0 36 63 91 -8 15 23 47

0 43 51 15 -8 4 10 35

0 31 76 82 -18 9 15 25

0 30 35 98 -3 0 3 4

0 37 51 83 -17 6 40 16

0 25 49 82 -12 4 5 36

0 44 72 34 -20 9 13 18

0 6 37 56 -20 9 19 37

0 22 28 42 -7 4 17 19

0 18 22 49 -5 0 1 30

0 41 96 17 -2 3 4 22

0 11 15 87 -16 34 35 0

0 27 87 94 -5 6 29 4

0 18 66 27 -13 21 45 18

0 29 71 85 -17 24 44 49

0 40 44 40 -15 3 39 1

0 7 56 98 -11 13 14 37

0 18 29 80 -12 9 25 12

0 9 49 0 -14 11 27 5

0 19 49 52 -6 19 31 33

0 16 45 68 -8 26 33 31

0 24 50 52 -14 36 46 21

0 36 51 7 -17 12 29 35

0 26 42 95 -11 27 36 4

0 13 33 62 -20 11 38 35

0 23 84 76 -14 7 46 7

0 38 42 13 -1 19 20 35

0 26 32 32 -10 27 38 16

0 20 21 24 -2 27 45 30

0 8 13 9 -12 15 31 5

0 32 60 18 -15 1 32 46

0 15 18 87 -10 31 36 10

0 31 47 4 -3 8 9 38

0 1 6 77 -11 8 19 12

0 53 77 13 -5 1 2 47

0 16 20 43 -11 34 40 37

0 17 26 55 -1 1 19 25

0 2 44 3 -9 9 46 31

0 0 3 98 -20 22 23 47

0 8 27 2 -18 5 6 5

0 11 30 7 -10 29 30 29

0 7 10 91 -8 26 31 34

0 54 70 71 -13 5 6 43

0 11 14 7 -4 14 25 3

0 17 22 38 -19 10 18 35

0 4 58 66 -20 3 34 25

0 10 32 35 -12 30 37 28

0 5 20 23 -5 9 41 25

0 15 88 15 -20 19 21 28

0 8 9 80 -17 12 24 37

0 27 29 40 -2 4 45 45

0 1 2 71 -9 10 12 46

0 9 15 48 -2 16 29 40

0 9 30 8 -10 36 47 21

0 11 14 18 -12 0 7 32

0 1 16 34 -5 14 49 12

0 14 40 91 -13 14 36 2

0 4 7 89 -13 24 46 46

0 5 39 89 -14 8 35 46

0 0 2 59 -12 0 47 17

0 5 31 93 -1 1 28 30

0 11 19 15 -5 5 29 40

0 0 7 45 -4 10 31 22

0 0 2 15 -12 12 39 9

0 2 10 48 -15 35 41 30

0 0 3 91 -15 8 14 36

0 5 8 44 -20 11 17 1

0 0 13 28 -7 7 26 2

0 2 4 32 -3 14 21 40

0 1 5 8 -13 5 43 47

0 1 8 97 -8 4 22 29

0 6 9 32 -7 21 30 41

0 3 5 47 -3 6 9 46


SAlphaB: 1043.0, std-dev 376.3205204222979

Earliest win: 37
Latest win: 81

WinDepth:
0 0 0 0 0 0 0 0 0 0 0 0 0 0 0 0 0 0 0 0 0 0 0 0 0 0 0 0 0 0 0 0 0 0 0 0 0 6 0 0 0 2 2 14 8 12 10 41 25 74 42 195 72 113 91 145 110 160 138 187 153 264 285 305 302 375 407 366 474 369 525 449 481 385 397 305 266 233 187 150 76 76 
SAlphaB:
0 0 0 0 0 0 0 0 0 0 0 0 0 0 0 0 0 0 0 0 0 0 0 0 0 0 0 0 0 0 0 0 0 0 0 0 0 6 0 0 0 2 2 14 8 12 10 41 25 74 42 195 72 113 91 145 110 160 138 187 153 264 285 305 302 375 407 366 474 369 525 449 481 385 397 305 266 233 187 150 76 76 

LossDepth:
SAlphaB:
0 0 0 0 0 0 0 0 0 0 0 0 0 0 0 0 0 0 0 0 0 0 0 0 0 0 0 0 0 0 0 0 0 0 0 0 0 6 0 0 0 2 2 14 8 12 10 41 25 74 42 195 72 113 91 145 110 160 138 187 153 264 285 305 302 375 407 366 474 369 525 449 481 385 397 305 266 233 187 150 76 76 

FirstWin:
0 0 0 0 0 0 0 0 0 0 0 0 0 0 0 0 0 0 0 0 0 0 0 0 0 0 0 0 0 0 0 0 0 0 0 0 0 6 0 0 0 2 0 14 0 12 0 41 0 74 0 195 0 113 0 145 0 160 0 187 0 264 0 305 0 375 0 366 0 369 0 449 0 385 0 305 0 233 0 150 0 76 
SAlphaB:
0 0 0 0 0 0 0 0 0 0 0 0 0 0 0 0 0 0 0 0 0 0 0 0 0 0 0 0 0 0 0 0 0 0 0 0 0 6 0 0 0 2 0 14 0 12 0 41 0 74 0 195 0 113 0 145 0 160 0 187 0 264 0 305 0 375 0 366 0 369 0 449 0 385 0 305 0 233 0 150 0 76 

SecondWin:
0 0 0 0 0 0 0 0 0 0 0 0 0 0 0 0 0 0 0 0 0 0 0 0 0 0 0 0 0 0 0 0 0 0 0 0 0 0 0 0 0 0 2 0 8 0 10 0 25 0 42 0 72 0 91 0 110 0 138 0 153 0 285 0 302 0 407 0 474 0 525 0 481 0 397 0 266 0 187 0 76 0 
SAlphaB:
0 0 0 0 0 0 0 0 0 0 0 0 0 0 0 0 0 0 0 0 0 0 0 0 0 0 0 0 0 0 0 0 0 0 0 0 0 0 0 0 0 0 2 0 8 0 10 0 25 0 42 0 72 0 91 0 110 0 138 0 153 0 285 0 302 0 407 0 474 0 525 0 481 0 397 0 266 0 187 0 76 0 
