0 31 90 88 -7 10 21 16

0 28 36 85 -19 0 1 6

0 75 95 31 -18 10 32 10

0 86 99 68 -5 3 10 43

0 53 76 99 -15 1 10 8

0 71 81 6 -4 8 24 14

0 0 68 69 -8 18 38 8

0 69 91 91 -2 11 15 6

0 39 98 59 -19 3 5 39

0 47 98 46 -3 0 1 1

0 45 53 15 -11 0 8 22

0 42 79 48 -6 2 3 8

0 28 52 91 -15 6 21 35

0 34 66 41 -3 1 5 5

0 80 89 29 -10 9 29 3

0 6 40 39 -6 10 21 27

0 21 87 97 -7 17 30 33

0 53 64 24 -11 12 26 42

0 80 83 33 -17 2 26 32

0 71 82 60 -4 9 29 9

0 18 79 65 -6 25 32 21

0 17 67 50 -3 3 19 10

0 59 97 54 -12 0 2 46

0 22 66 65 -2 14 38 17

0 19 22 4 -3 26 32 13

0 30 70 73 -9 1 3 26

0 39 41 4 -19 0 7 8

0 66 87 71 -11 30 35 5

0 61 63 35 -6 3 14 42

0 8 83 82 -20 7 18 48

0 3 93 45 -12 4 29 22

0 18 42 60 -6 4 29 0

0 34 80 35 -1 0 7 31

0 52 67 18 -11 1 16 34

0 46 63 62 -3 46 47 24

0 24 71 35 -10 4 7 30

0 19 20 57 -17 3 13 6

0 18 50 95 -20 4 17 33

0 37 46 16 -14 0 11 35

0 27 91 39 -11 23 30 19

0 32 75 69 -15 7 25 37

0 30 90 29 -14 15 44 34

0 55 65 23 -4 42 47 49

0 45 63 32 -14 32 41 20

0 19 67 40 -2 17 49 21

0 25 34 32 -17 12 34 20

0 0 21 59 -8 2 6 14

0 43 87 12 -15 27 31 37

0 18 38 11 -13 9 10 37

0 8 99 62 -3 6 21 24

0 3 45 29 -15 4 9 40

0 3 53 99 -14 6 12 45

0 12 59 72 -3 8 31 15

0 21 34 85 -18 30 33 37

0 15 52 36 -18 13 36 19

0 58 96 21 -17 9 39 12

0 50 98 9 -12 23 45 18

0 6 13 61 -1 20 40 3

0 5 37 24 -19 9 19 32

0 59 62 19 -7 2 49 47

0 8 35 7 -10 7 8 4

0 72 76 14 -10 4 7 38

0 23 29 8 -13 7 37 16

0 9 21 50 -20 0 1 19

0 17 56 69 -3 8 25 35

0 18 64 10 -3 14 17 5

0 46 73 10 -17 26 31 32

0 8 23 19 -20 0 1 37

0 15 47 98 -1 32 33 19

0 10 13 77 -2 23 28 30

0 1 17 69 -18 0 1 1

0 8 16 86 -13 0 2 40

0 0 15 39 -7 15 31 18

0 19 93 36 -10 41 46 42

0 3 5 2 -18 29 38 23

0 3 51 10 -7 2 5 21

0 12 13 60 -9 17 26 46

0 12 18 69 -20 3 9 39

0 0 19 33 -14 29 36 12

0 37 64 94 -18 33 37 0

0 1 48 30 -20 0 21 46

0 11 16 46 -1 0 1 35

0 5 40 43 -17 18 21 23

0 10 45 60 -5 2 21 33

0 28 33 1 -20 4 20 45

0 6 9 49 -1 27 48 30

0 26 27 80 -15 2 44 39

0 13 23 18 -8 8 12 34

0 0 7 59 -15 4 9 23

0 3 7 50 -18 7 12 26

0 22 26 87 -10 0 33 23

0 17 45 66 -20 18 21 2

0 0 54 44 -1 7 42 43

0 2 3 36 -11 6 44 18

0 6 9 79 -7 2 9 30

0 27 44 57 -10 3 49 46

0 17 31 22 -20 16 20 25

0 3 7 93 -7 5 15 39

0 17 42 21 -3 8 39 40

0 3 5 44 -14 1 5 33


SAlphaB: 1051.0, std-dev 385.87730615318696

Earliest win: 38
Latest win: 81

WinDepth:
0 0 0 0 0 0 0 0 0 0 0 0 0 0 0 0 0 0 0 0 0 0 0 0 0 0 0 0 0 0 0 0 0 0 0 0 0 0 4 0 26 3 3 13 5 18 17 40 31 87 92 141 111 111 97 184 102 182 115 178 173 234 275 318 323 380 449 382 416 435 410 430 438 389 427 365 274 228 202 119 109 77 
SAlphaB:
0 0 0 0 0 0 0 0 0 0 0 0 0 0 0 0 0 0 0 0 0 0 0 0 0 0 0 0 0 0 0 0 0 0 0 0 0 0 4 0 26 3 3 13 5 18 17 40 31 87 92 141 111 111 97 184 102 182 115 178 173 234 275 318 323 380 449 382 416 435 410 430 438 389 427 365 274 228 202 119 109 77 

LossDepth:
SAlphaB:
0 0 0 0 0 0 0 0 0 0 0 0 0 0 0 0 0 0 0 0 0 0 0 0 0 0 0 0 0 0 0 0 0 0 0 0 0 0 4 0 26 3 3 13 5 18 17 40 31 87 92 141 111 111 97 184 102 182 115 178 173 234 275 318 323 380 449 382 416 435 410 430 438 389 427 365 274 228 202 119 109 77 

FirstWin:
0 0 0 0 0 0 0 0 0 0 0 0 0 0 0 0 0 0 0 0 0 0 0 0 0 0 0 0 0 0 0 0 0 0 0 0 0 0 0 0 0 3 0 13 0 18 0 40 0 87 0 141 0 111 0 184 0 182 0 178 0 234 0 318 0 380 0 382 0 435 0 430 0 389 0 365 0 228 0 119 0 77 
SAlphaB:
0 0 0 0 0 0 0 0 0 0 0 0 0 0 0 0 0 0 0 0 0 0 0 0 0 0 0 0 0 0 0 0 0 0 0 0 0 0 0 0 0 3 0 13 0 18 0 40 0 87 0 141 0 111 0 184 0 182 0 178 0 234 0 318 0 380 0 382 0 435 0 430 0 389 0 365 0 228 0 119 0 77 

SecondWin:
0 0 0 0 0 0 0 0 0 0 0 0 0 0 0 0 0 0 0 0 0 0 0 0 0 0 0 0 0 0 0 0 0 0 0 0 0 0 4 0 26 0 3 0 5 0 17 0 31 0 92 0 111 0 97 0 102 0 115 0 173 0 275 0 323 0 449 0 416 0 410 0 438 0 427 0 274 0 202 0 109 0 
SAlphaB:
0 0 0 0 0 0 0 0 0 0 0 0 0 0 0 0 0 0 0 0 0 0 0 0 0 0 0 0 0 0 0 0 0 0 0 0 0 0 4 0 26 0 3 0 5 0 17 0 31 0 92 0 111 0 97 0 102 0 115 0 173 0 275 0 323 0 449 0 416 0 410 0 438 0 427 0 274 0 202 0 109 0 
