0 79 80 76 -6 10 17 2

0 48 90 8 -13 3 9 15

0 58 94 88 -6 3 32 27

0 38 78 47 -19 0 1 36

0 34 47 92 -1 8 20 5

0 24 29 73 -9 4 9 7

0 63 97 84 -4 15 18 39

0 59 65 94 -6 12 21 4

0 54 97 13 -12 6 33 11

0 30 40 0 -13 4 12 4

0 21 46 13 -18 1 2 6

0 13 22 76 -4 15 30 35

0 78 87 69 -18 6 45 15

0 94 99 47 -12 19 32 1

0 0 50 44 -10 4 15 4

0 18 28 32 -1 6 14 8

0 44 97 34 -17 6 16 48

0 38 54 83 -10 4 21 45

0 41 86 8 -18 18 30 4

0 4 37 64 -13 3 6 30

0 33 45 19 -16 4 12 0

0 16 58 91 -16 0 13 49

0 33 78 38 -20 2 4 35

0 44 78 83 -17 6 8 22

0 35 51 1 -15 27 47 14

0 9 38 97 -1 8 16 31

0 42 43 26 -12 28 35 26

0 72 85 76 -4 12 33 29

0 41 69 28 -16 4 46 41

0 15 23 94 -8 0 3 21

0 47 56 49 -13 17 29 33

0 47 73 34 -20 3 33 2

0 68 93 30 -5 0 20 40

0 20 79 80 -6 7 47 33

0 72 79 10 -10 27 38 35

0 5 65 55 -9 0 21 19

0 17 34 55 -18 8 11 25

0 31 37 17 -11 20 30 11

0 52 64 47 -18 2 16 49

0 34 49 84 -10 38 39 27

0 29 39 57 -17 34 44 32

0 14 48 97 -9 3 16 9

0 33 61 7 -19 23 25 3

0 34 55 73 -18 18 22 42

0 35 42 8 -14 9 20 31

0 19 66 3 -3 2 36 12

0 0 10 73 -7 6 11 29

0 30 46 1 -20 12 22 22

0 28 69 9 -5 9 45 33

0 26 31 68 -17 13 25 13

0 6 39 50 -16 24 31 30

0 21 23 12 -19 11 12 21

0 18 27 56 -10 26 27 33

0 57 89 6 -5 32 49 44

0 59 69 1 -3 14 20 23

0 23 64 9 -12 15 31 28

0 34 37 12 -1 9 33 19

0 29 60 3 -17 29 34 16

0 3 72 28 -1 0 33 2

0 17 30 11 -13 5 16 45

0 20 32 75 -19 3 33 16

0 31 41 36 -4 16 19 31

0 18 51 39 -8 0 2 46

0 5 51 46 -10 2 10 17

0 9 90 7 -5 22 30 12

0 23 59 0 -10 15 38 39

0 4 6 68 -12 22 30 4

0 4 23 18 -15 9 13 15

0 22 25 79 -2 2 14 49

0 42 67 79 -19 29 36 1

0 17 30 63 -17 5 47 49

0 13 27 69 -16 8 40 30

0 14 51 46 -20 10 12 49

0 14 67 14 -10 6 29 38

0 51 65 33 -3 32 46 46

0 3 5 99 -17 22 38 41

0 0 13 55 -6 16 26 42

0 18 32 85 -8 9 46 20

0 12 16 24 -12 25 34 24

0 10 26 27 -14 5 21 34

0 7 11 67 -20 8 9 43

0 4 22 87 -2 35 39 13

0 15 25 38 -3 14 18 22

0 19 75 2 -9 12 22 8

0 17 19 45 -2 31 44 16

0 7 9 92 -14 39 41 38

0 10 12 93 -17 25 49 4

0 2 10 57 -18 15 18 26

0 13 19 29 -1 16 40 46

0 1 19 22 -1 0 20 0

0 1 2 49 -18 6 9 20

0 15 30 73 -20 19 25 3

0 0 18 45 -18 4 20 38

0 6 19 57 -16 7 16 5

0 17 26 64 -2 5 7 49

0 7 8 44 -13 3 5 41

0 6 23 6 -5 4 26 36

0 1 2 40 -12 11 12 2

0 10 41 8 -1 3 41 39

0 8 16 27 -7 2 21 48


SAlphaB: 1016.0, std-dev 385.84946500735833

Earliest win: 37
Latest win: 81

WinDepth:
0 0 0 0 0 0 0 0 0 0 0 0 0 0 0 0 0 0 0 0 0 0 0 0 0 0 0 0 0 0 0 0 0 0 0 0 0 9 2 7 12 8 0 13 5 12 7 29 49 72 112 141 102 151 83 188 119 177 142 157 166 242 232 324 313 356 382 356 443 417 444 447 415 384 392 345 272 242 197 132 110 80 
SAlphaB:
0 0 0 0 0 0 0 0 0 0 0 0 0 0 0 0 0 0 0 0 0 0 0 0 0 0 0 0 0 0 0 0 0 0 0 0 0 9 2 7 12 8 0 13 5 12 7 29 49 72 112 141 102 151 83 188 119 177 142 157 166 242 232 324 313 356 382 356 443 417 444 447 415 384 392 345 272 242 197 132 110 80 

LossDepth:
SAlphaB:
0 0 0 0 0 0 0 0 0 0 0 0 0 0 0 0 0 0 0 0 0 0 0 0 0 0 0 0 0 0 0 0 0 0 0 0 0 9 2 7 12 8 0 13 5 12 7 29 49 72 112 141 102 151 83 188 119 177 142 157 166 242 232 324 313 356 382 356 443 417 444 447 415 384 392 345 272 242 197 132 110 80 

FirstWin:
0 0 0 0 0 0 0 0 0 0 0 0 0 0 0 0 0 0 0 0 0 0 0 0 0 0 0 0 0 0 0 0 0 0 0 0 0 9 0 7 0 8 0 13 0 12 0 29 0 72 0 141 0 151 0 188 0 177 0 157 0 242 0 324 0 356 0 356 0 417 0 447 0 384 0 345 0 242 0 132 0 80 
SAlphaB:
0 0 0 0 0 0 0 0 0 0 0 0 0 0 0 0 0 0 0 0 0 0 0 0 0 0 0 0 0 0 0 0 0 0 0 0 0 9 0 7 0 8 0 13 0 12 0 29 0 72 0 141 0 151 0 188 0 177 0 157 0 242 0 324 0 356 0 356 0 417 0 447 0 384 0 345 0 242 0 132 0 80 

SecondWin:
0 0 0 0 0 0 0 0 0 0 0 0 0 0 0 0 0 0 0 0 0 0 0 0 0 0 0 0 0 0 0 0 0 0 0 0 0 0 2 0 12 0 0 0 5 0 7 0 49 0 112 0 102 0 83 0 119 0 142 0 166 0 232 0 313 0 382 0 443 0 444 0 415 0 392 0 272 0 197 0 110 0 
SAlphaB:
0 0 0 0 0 0 0 0 0 0 0 0 0 0 0 0 0 0 0 0 0 0 0 0 0 0 0 0 0 0 0 0 0 0 0 0 0 0 2 0 12 0 0 0 5 0 7 0 49 0 112 0 102 0 83 0 119 0 142 0 166 0 232 0 313 0 382 0 443 0 444 0 415 0 392 0 272 0 197 0 110 0 
