0 10 42 1 -8 0 1 18

0 11 87 76 -8 0 1 1

0 37 60 35 -8 8 29 33

0 28 67 62 -12 1 12 21

0 41 80 66 -2 5 17 26

0 25 90 86 -2 13 28 2

0 55 76 97 -1 9 18 0

0 28 93 53 -16 3 13 10

0 68 74 61 -4 13 32 2

0 32 52 0 -19 0 4 33

0 6 39 58 -9 9 18 25

0 42 83 75 -5 1 2 22

0 6 99 40 -18 43 48 18

0 3 56 42 -12 15 31 38

0 15 46 59 -3 5 10 19

0 41 46 74 -17 13 40 12

0 57 58 39 -19 1 8 11

0 27 89 9 -11 5 26 6

0 62 70 0 -16 5 35 39

0 31 84 58 -7 8 44 29

0 25 64 94 -4 26 44 10

0 49 62 6 -8 30 32 43

0 23 84 4 -19 6 18 25

0 3 77 91 -14 32 36 47

0 30 69 76 -1 7 29 18

0 60 71 17 -14 1 3 9

0 51 82 24 -4 28 46 48

0 21 40 68 -13 32 33 6

0 36 37 17 -9 6 9 15

0 55 57 53 -12 8 12 38

0 19 50 67 -17 18 49 29

0 12 52 70 -6 2 19 6

0 82 86 4 -7 1 13 37

0 29 64 57 -15 14 35 16

0 27 77 23 -5 4 34 8

0 13 73 48 -18 3 5 14

0 8 94 35 -4 5 32 18

0 38 40 43 -19 10 19 48

0 56 71 87 -12 1 13 39

0 57 61 5 -10 8 11 49

0 71 81 63 -8 3 7 10

0 2 47 44 -12 38 43 44

0 28 70 31 -16 6 41 14

0 1 11 44 -8 9 11 8

0 25 99 29 -6 0 2 20

0 28 56 56 -11 15 21 21

0 12 60 98 -4 3 5 38

0 18 64 41 -7 7 11 43

0 21 39 67 -13 16 18 28

0 28 54 75 -12 0 1 44

0 56 67 20 -10 17 25 31

0 16 86 52 -15 10 40 20

0 4 38 81 -7 26 32 37

0 47 81 27 -5 1 24 32

0 21 98 61 -11 20 25 24

0 27 36 39 -7 33 39 1

0 23 45 52 -7 1 34 44

0 5 14 42 -1 11 14 14

0 30 51 50 -13 22 29 33

0 49 93 83 -3 40 42 13

0 17 29 71 -3 33 43 34

0 11 40 78 -20 6 29 37

0 17 26 83 -8 11 20 29

0 28 70 44 -4 22 25 43

0 17 84 29 -2 27 43 41

0 16 20 43 -17 8 12 19

0 6 44 67 -12 7 8 4

0 11 58 0 -9 18 38 39

0 8 30 77 -16 1 30 1

0 3 8 87 -11 9 21 45

0 1 21 87 -20 9 20 9

0 7 9 86 -20 0 2 7

0 25 36 24 -20 10 33 28

0 14 63 55 -5 4 22 48

0 4 36 19 -16 30 32 29

0 36 91 42 -19 20 48 40

0 32 61 23 -13 25 38 26

0 0 66 42 -12 2 48 45

0 8 63 50 -14 8 49 29

0 4 6 80 -1 23 25 41

0 35 37 55 -3 21 24 39

0 3 21 63 -3 11 14 31

0 3 27 78 -10 3 30 21

0 8 63 32 -5 3 26 45

0 1 3 58 -9 35 47 47

0 10 16 52 -12 6 16 32

0 6 29 64 -16 12 41 49

0 10 19 97 -13 33 42 31

0 0 1 47 -13 3 20 1

0 6 21 53 -9 15 37 2

0 7 19 35 -7 1 2 34

0 1 2 34 -4 23 36 40

0 14 40 52 -11 24 26 47

0 10 17 87 -11 2 48 22

0 17 19 28 -13 44 48 39

0 15 19 4 -6 19 30 47

0 1 3 5 -17 16 26 15

0 2 19 64 -20 16 25 28

0 15 16 17 -11 1 14 45

0 11 19 39 -7 13 18 37


SAlphaB: 720.0, std-dev 252.1296051196245

Earliest win: 34
Latest win: 81

WinDepth:
0 0 0 0 0 0 0 0 0 0 0 0 0 0 0 0 0 0 0 0 0 0 0 0 0 0 0 0 0 0 0 0 0 0 1 0 0 2 0 1 1 4 4 15 9 10 15 35 27 48 70 137 75 119 66 214 105 182 152 161 186 229 209 323 325 379 364 367 489 436 462 486 445 372 395 329 289 228 184 130 109 76 
SAlphaB:
0 0 0 0 0 0 0 0 0 0 0 0 0 0 0 0 0 0 0 0 0 0 0 0 0 0 0 0 0 0 0 0 0 0 1 0 0 2 0 1 1 4 4 15 9 10 15 35 27 48 70 137 75 119 66 214 105 182 152 161 186 229 209 323 325 379 364 367 489 436 462 486 445 372 395 329 289 228 184 130 109 76 

LossDepth:
SAlphaB:
0 0 0 0 0 0 0 0 0 0 0 0 0 0 0 0 0 0 0 0 0 0 0 0 0 0 0 0 0 0 0 0 0 0 1 0 0 2 0 1 1 4 4 15 9 10 15 35 27 48 70 137 75 119 66 214 105 182 152 161 186 229 209 323 325 379 364 367 489 436 462 486 445 372 395 329 289 228 184 130 109 76 

FirstWin:
0 0 0 0 0 0 0 0 0 0 0 0 0 0 0 0 0 0 0 0 0 0 0 0 0 0 0 0 0 0 0 0 0 0 0 0 0 2 0 1 0 4 0 15 0 10 0 35 0 48 0 137 0 119 0 214 0 182 0 161 0 229 0 323 0 379 0 367 0 436 0 486 0 372 0 329 0 228 0 130 0 76 
SAlphaB:
0 0 0 0 0 0 0 0 0 0 0 0 0 0 0 0 0 0 0 0 0 0 0 0 0 0 0 0 0 0 0 0 0 0 0 0 0 2 0 1 0 4 0 15 0 10 0 35 0 48 0 137 0 119 0 214 0 182 0 161 0 229 0 323 0 379 0 367 0 436 0 486 0 372 0 329 0 228 0 130 0 76 

SecondWin:
0 0 0 0 0 0 0 0 0 0 0 0 0 0 0 0 0 0 0 0 0 0 0 0 0 0 0 0 0 0 0 0 0 0 1 0 0 0 0 0 1 0 4 0 9 0 15 0 27 0 70 0 75 0 66 0 105 0 152 0 186 0 209 0 325 0 364 0 489 0 462 0 445 0 395 0 289 0 184 0 109 0 
SAlphaB:
0 0 0 0 0 0 0 0 0 0 0 0 0 0 0 0 0 0 0 0 0 0 0 0 0 0 0 0 0 0 0 0 0 0 1 0 0 0 0 0 1 0 4 0 9 0 15 0 27 0 70 0 75 0 66 0 105 0 152 0 186 0 209 0 325 0 364 0 489 0 462 0 445 0 395 0 289 0 184 0 109 0 
