0 22 93 23 -15 2 16 7

0 66 86 78 -2 22 49 25

0 30 93 29 -17 1 5 32

0 70 85 32 -4 23 25 17

0 34 93 28 -14 2 3 19

0 42 69 43 -17 9 25 2

0 33 90 61 -15 10 14 30

0 47 83 4 -19 0 1 7

0 51 57 27 -8 2 8 17

0 71 96 36 -4 2 18 9

0 23 75 69 -18 0 1 45

0 66 96 89 -11 4 13 5

0 19 81 66 -6 1 4 36

0 18 87 20 -12 9 17 28

0 80 88 41 -10 13 21 35

0 51 98 94 -6 22 23 36

0 37 65 82 -4 1 19 38

0 35 37 14 -6 0 1 16

0 18 72 77 -10 0 5 24

0 78 99 26 -16 4 13 49

0 46 65 8 -3 0 1 3

0 62 65 15 -18 5 13 8

0 40 49 27 -4 4 20 38

0 40 70 51 -9 19 33 48

0 25 87 98 -6 17 34 23

0 48 83 97 -16 13 30 10

0 21 98 28 -12 1 26 6

0 74 89 35 -1 4 18 49

0 34 35 84 -13 5 25 44

0 28 34 18 -2 2 23 9

0 48 53 81 -18 0 13 48

0 53 57 26 -3 3 13 35

0 4 10 68 -19 1 3 24

0 15 48 93 -4 7 11 8

0 15 16 49 -7 6 17 1

0 58 69 12 -16 22 29 7

0 21 27 84 -14 0 6 39

0 44 46 86 -13 26 39 30

0 9 91 6 -3 4 14 18

0 11 72 14 -16 33 38 4

0 34 45 29 -6 3 12 36

0 19 73 85 -3 6 49 19

0 48 98 10 -2 9 16 42

0 32 53 52 -1 42 45 12

0 9 42 62 -1 14 32 49

0 0 54 11 -16 1 3 3

0 43 93 45 -12 4 37 8

0 42 43 1 -14 7 34 45

0 48 65 32 -11 7 8 36

0 30 57 57 -14 10 36 34

0 28 51 19 -16 44 48 35

0 18 37 86 -5 3 21 38

0 30 52 47 -4 2 31 3

0 33 51 50 -1 29 38 36

0 75 87 8 -8 28 31 20

0 5 83 77 -20 1 11 42

0 62 97 40 -12 35 40 35

0 22 33 16 -4 0 1 25

0 32 40 20 -18 2 4 33

0 3 79 7 -8 0 4 37

0 14 53 75 -16 0 19 4

0 3 12 36 -9 25 30 26

0 67 73 30 -7 3 5 34

0 14 35 34 -13 34 37 27

0 50 70 56 -15 31 42 3

0 33 85 96 -18 34 47 6

0 8 37 69 -16 44 48 30

0 61 76 43 -7 37 41 16

0 5 76 26 -3 5 9 47

0 16 58 48 -13 9 26 43

0 26 43 52 -3 15 47 15

0 20 32 28 -14 16 33 12

0 19 40 12 -18 21 36 21

0 36 46 57 -9 28 31 35

0 3 74 6 -9 6 9 46

0 37 55 98 -3 1 2 42

0 1 65 41 -2 2 26 12

0 0 36 84 -16 20 36 23

0 6 48 70 -12 4 38 9

0 12 21 84 -7 3 38 4

0 6 35 63 -8 30 34 22

0 9 21 32 -7 39 49 34

0 11 22 3 -9 22 43 19

0 3 5 76 -14 1 2 7

0 4 26 94 -15 16 25 1

0 7 11 78 -19 31 35 11

0 0 9 96 -10 0 8 20

0 16 21 5 -20 4 42 41

0 8 12 73 -11 27 30 41

0 1 4 43 -12 2 31 23

0 0 1 81 -20 26 44 43

0 8 39 87 -6 3 38 33

0 0 17 86 -9 0 31 24

0 26 27 50 -3 1 5 46

0 12 17 4 -4 6 34 46

0 3 50 22 -1 3 21 33

0 0 18 33 -6 8 12 41

0 5 11 78 -15 2 12 39

0 6 9 85 -4 1 49 41

0 0 9 5 -3 2 11 46


SAlphaB: 722.0, std-dev 267.0494162267926

Earliest win: 33
Latest win: 81

WinDepth:
0 0 0 0 0 0 0 0 0 0 0 0 0 0 0 0 0 0 0 0 0 0 0 0 0 0 0 0 0 0 0 0 0 1 0 0 0 9 0 1 12 0 2 8 6 15 15 30 40 55 56 127 117 119 93 132 106 168 128 189 138 249 190 325 317 337 425 398 446 420 439 462 372 422 447 360 321 241 200 177 111 89 
SAlphaB:
0 0 0 0 0 0 0 0 0 0 0 0 0 0 0 0 0 0 0 0 0 0 0 0 0 0 0 0 0 0 0 0 0 1 0 0 0 9 0 1 12 0 2 8 6 15 15 30 40 55 56 127 117 119 93 132 106 168 128 189 138 249 190 325 317 337 425 398 446 420 439 462 372 422 447 360 321 241 200 177 111 89 

LossDepth:
SAlphaB:
0 0 0 0 0 0 0 0 0 0 0 0 0 0 0 0 0 0 0 0 0 0 0 0 0 0 0 0 0 0 0 0 0 1 0 0 0 9 0 1 12 0 2 8 6 15 15 30 40 55 56 127 117 119 93 132 106 168 128 189 138 249 190 325 317 337 425 398 446 420 439 462 372 422 447 360 321 241 200 177 111 89 

FirstWin:
0 0 0 0 0 0 0 0 0 0 0 0 0 0 0 0 0 0 0 0 0 0 0 0 0 0 0 0 0 0 0 0 0 1 0 0 0 9 0 1 0 0 0 8 0 15 0 30 0 55 0 127 0 119 0 132 0 168 0 189 0 249 0 325 0 337 0 398 0 420 0 462 0 422 0 360 0 241 0 177 0 89 
SAlphaB:
0 0 0 0 0 0 0 0 0 0 0 0 0 0 0 0 0 0 0 0 0 0 0 0 0 0 0 0 0 0 0 0 0 1 0 0 0 9 0 1 0 0 0 8 0 15 0 30 0 55 0 127 0 119 0 132 0 168 0 189 0 249 0 325 0 337 0 398 0 420 0 462 0 422 0 360 0 241 0 177 0 89 

SecondWin:
0 0 0 0 0 0 0 0 0 0 0 0 0 0 0 0 0 0 0 0 0 0 0 0 0 0 0 0 0 0 0 0 0 0 0 0 0 0 0 0 12 0 2 0 6 0 15 0 40 0 56 0 117 0 93 0 106 0 128 0 138 0 190 0 317 0 425 0 446 0 439 0 372 0 447 0 321 0 200 0 111 0 
SAlphaB:
0 0 0 0 0 0 0 0 0 0 0 0 0 0 0 0 0 0 0 0 0 0 0 0 0 0 0 0 0 0 0 0 0 0 0 0 0 0 0 0 12 0 2 0 6 0 15 0 40 0 56 0 117 0 93 0 106 0 128 0 138 0 190 0 317 0 425 0 446 0 439 0 372 0 447 0 321 0 200 0 111 0 
