0 25 93 42 -7 16 21 30

0 6 44 36 -8 0 2 2

0 32 46 73 -1 0 2 3

0 57 86 79 -2 14 15 8

0 42 64 74 -17 1 23 18

0 21 98 14 -14 7 15 12

0 32 80 86 -9 4 9 37

0 53 66 69 -15 8 15 21

0 10 48 50 -3 1 2 1

0 26 73 47 -8 4 16 21

0 35 69 21 -18 9 12 1

0 29 98 22 -9 12 13 19

0 57 69 7 -5 18 43 9

0 26 78 73 -7 16 24 41

0 69 71 6 -6 5 7 11

0 52 86 38 -17 2 18 38

0 90 94 39 -10 0 24 20

0 24 58 88 -6 8 29 48

0 0 66 50 -2 35 41 0

0 68 70 56 -1 19 38 26

0 14 87 55 -2 6 48 26

0 76 86 4 -12 2 36 41

0 31 49 83 -6 12 22 34

0 90 92 6 -13 4 9 26

0 47 82 23 -13 15 30 48

0 27 36 74 -7 10 32 8

0 14 20 56 -13 0 4 6

0 11 18 72 -8 5 6 16

0 23 31 14 -12 2 14 27

0 27 71 92 -19 9 12 41

0 13 88 7 -17 3 8 10

0 7 20 45 -18 1 2 2

0 26 85 93 -1 1 7 30

0 29 63 32 -5 3 17 37

0 24 98 29 -19 5 44 3

0 3 73 82 -15 0 1 35

0 71 80 0 -11 22 25 17

0 68 85 44 -7 30 44 49

0 8 48 36 -17 5 20 33

0 63 91 67 -9 7 21 31

0 21 26 94 -1 33 41 35

0 9 22 42 -16 20 31 18

0 14 66 1 -4 11 19 21

0 39 68 10 -4 5 24 42

0 4 29 55 -4 0 1 34

0 2 23 50 -4 16 23 16

0 4 11 41 -1 1 3 18

0 45 74 86 -15 26 33 26

0 2 49 65 -17 2 4 28

0 14 54 17 -4 10 16 22

0 4 84 55 -11 9 10 37

0 21 43 33 -11 15 17 20

0 10 48 36 -9 24 47 34

0 18 53 42 -17 12 40 47

0 6 11 41 -1 3 5 12

0 17 20 42 -18 2 10 9

0 1 36 90 -13 18 42 27

0 48 60 3 -12 15 46 10

0 28 89 11 -15 13 48 0

0 9 71 32 -10 37 40 14

0 3 61 82 -12 26 34 35

0 42 65 5 -10 5 43 6

0 11 27 16 -9 16 36 16

0 11 90 43 -18 33 41 13

0 42 68 80 -17 6 10 23

0 39 89 30 -14 24 39 15

0 29 94 66 -20 7 39 3

0 31 51 58 -18 10 44 6

0 30 34 24 -4 19 38 17

0 24 39 11 -15 17 40 16

0 1 27 55 -5 5 9 32

0 0 14 52 -8 18 28 12

0 2 21 38 -14 22 49 26

0 2 5 99 -19 28 32 45

0 44 62 22 -14 37 45 37

0 49 89 31 -1 0 17 43

0 28 65 9 -19 2 30 47

0 5 41 30 -12 5 41 24

0 16 18 86 -2 2 6 36

0 9 44 32 -20 20 37 20

0 38 62 47 -9 31 47 29

0 0 21 83 -13 17 39 13

0 14 89 91 -12 8 43 41

0 10 11 57 -6 9 11 33

0 1 5 69 -20 21 27 17

0 0 1 1 -14 11 19 7

0 7 12 16 -9 16 38 40

0 17 36 50 -14 7 14 39

0 0 1 21 -17 13 41 22

0 3 33 44 -3 2 14 28

0 11 33 22 -9 12 13 33

0 14 15 75 -1 5 37 21

0 4 5 32 -5 5 43 47

0 5 10 77 -10 11 17 8

0 5 6 14 -2 0 10 17

0 1 4 0 -12 41 46 33

0 8 14 9 -15 1 7 27

0 2 8 18 -2 2 10 23

0 0 1 13 -19 15 25 48

0 2 17 22 -1 10 18 26


SAlphaB: 708.0, std-dev 258.6439248242356

Earliest win: 35
Latest win: 81

WinDepth:
0 0 0 0 0 0 0 0 0 0 0 0 0 0 0 0 0 0 0 0 0 0 0 0 0 0 0 0 0 0 0 0 0 0 0 1 0 0 0 4 2 8 1 10 6 16 9 48 29 87 34 163 64 130 76 207 116 200 151 233 162 248 244 364 322 353 374 381 418 424 437 454 446 413 425 394 271 225 191 126 102 74 
SAlphaB:
0 0 0 0 0 0 0 0 0 0 0 0 0 0 0 0 0 0 0 0 0 0 0 0 0 0 0 0 0 0 0 0 0 0 0 1 0 0 0 4 2 8 1 10 6 16 9 48 29 87 34 163 64 130 76 207 116 200 151 233 162 248 244 364 322 353 374 381 418 424 437 454 446 413 425 394 271 225 191 126 102 74 

LossDepth:
SAlphaB:
0 0 0 0 0 0 0 0 0 0 0 0 0 0 0 0 0 0 0 0 0 0 0 0 0 0 0 0 0 0 0 0 0 0 0 1 0 0 0 4 2 8 1 10 6 16 9 48 29 87 34 163 64 130 76 207 116 200 151 233 162 248 244 364 322 353 374 381 418 424 437 454 446 413 425 394 271 225 191 126 102 74 

FirstWin:
0 0 0 0 0 0 0 0 0 0 0 0 0 0 0 0 0 0 0 0 0 0 0 0 0 0 0 0 0 0 0 0 0 0 0 1 0 0 0 4 0 8 0 10 0 16 0 48 0 87 0 163 0 130 0 207 0 200 0 233 0 248 0 364 0 353 0 381 0 424 0 454 0 413 0 394 0 225 0 126 0 74 
SAlphaB:
0 0 0 0 0 0 0 0 0 0 0 0 0 0 0 0 0 0 0 0 0 0 0 0 0 0 0 0 0 0 0 0 0 0 0 1 0 0 0 4 0 8 0 10 0 16 0 48 0 87 0 163 0 130 0 207 0 200 0 233 0 248 0 364 0 353 0 381 0 424 0 454 0 413 0 394 0 225 0 126 0 74 

SecondWin:
0 0 0 0 0 0 0 0 0 0 0 0 0 0 0 0 0 0 0 0 0 0 0 0 0 0 0 0 0 0 0 0 0 0 0 0 0 0 0 0 2 0 1 0 6 0 9 0 29 0 34 0 64 0 76 0 116 0 151 0 162 0 244 0 322 0 374 0 418 0 437 0 446 0 425 0 271 0 191 0 102 0 
SAlphaB:
0 0 0 0 0 0 0 0 0 0 0 0 0 0 0 0 0 0 0 0 0 0 0 0 0 0 0 0 0 0 0 0 0 0 0 0 0 0 0 0 2 0 1 0 6 0 9 0 29 0 34 0 64 0 76 0 116 0 151 0 162 0 244 0 322 0 374 0 418 0 437 0 446 0 425 0 271 0 191 0 102 0 
