0 35 93 30 -13 3 13 0

0 50 91 26 -2 3 21 18

0 6 39 4 -7 0 3 5

0 22 95 64 -16 4 7 11

0 40 58 18 -4 7 15 18

0 73 91 56 -9 23 35 11

0 17 91 44 -16 0 1 42

0 63 71 18 -17 14 30 3

0 20 30 36 -10 1 3 0

0 56 79 52 -3 3 18 8

0 47 97 52 -17 8 13 16

0 27 37 84 -4 5 13 26

0 47 64 72 -14 0 16 31

0 57 84 7 -8 1 36 24

0 81 86 29 -5 19 39 38

0 19 58 86 -2 6 7 18

0 58 62 43 -18 15 25 7

0 32 45 71 -10 6 10 14

0 47 54 94 -5 6 20 30

0 62 82 32 -13 0 1 20

0 25 54 4 -15 27 43 14

0 43 93 90 -5 13 25 34

0 30 93 42 -10 13 38 13

0 7 57 19 -5 27 40 28

0 56 91 8 -4 12 22 19

0 39 60 74 -8 36 46 21

0 31 70 54 -4 8 37 31

0 10 94 29 -4 28 49 2

0 9 25 73 -2 14 18 19

0 40 53 55 -3 8 49 13

0 13 31 64 -8 13 29 24

0 34 50 39 -16 31 47 24

0 33 83 69 -4 18 24 26

0 72 98 7 -20 47 48 31

0 75 94 95 -17 3 4 42

0 19 40 33 -7 9 12 2

0 7 61 13 -19 0 9 28

0 19 47 60 -19 2 8 10

0 23 91 26 -16 38 41 26

0 18 45 18 -18 5 17 3

0 47 50 33 -15 0 4 22

0 13 60 14 -10 5 8 48

0 17 41 56 -5 9 17 10

0 41 52 42 -14 5 26 34

0 21 50 21 -17 24 44 8

0 38 63 70 -4 3 26 39

0 7 77 20 -13 10 11 6

0 12 67 76 -15 24 34 27

0 6 51 79 -19 11 33 22

0 5 32 93 -19 42 44 9

0 32 79 53 -17 0 45 6

0 77 82 99 -8 0 13 15

0 30 52 7 -20 25 41 8

0 45 52 87 -11 37 46 34

0 40 67 51 -8 14 35 12

0 56 67 89 -12 30 44 35

0 52 82 99 -16 23 25 14

0 1 76 79 -5 0 11 29

0 31 51 19 -6 8 38 19

0 29 33 52 -6 31 35 26

0 14 39 56 -11 4 5 31

0 5 39 38 -18 3 29 23

0 5 43 10 -15 3 11 15

0 29 31 78 -2 21 27 16

0 23 27 63 -15 7 27 17

0 38 68 6 -15 18 37 28

0 32 65 16 -10 15 36 19

0 13 21 82 -8 16 26 40

0 11 78 0 -8 23 41 14

0 65 72 71 -4 11 13 37

0 14 84 95 -18 15 38 20

0 21 72 78 -17 23 33 42

0 7 66 79 -13 14 21 38

0 2 70 30 -13 1 10 38

0 12 57 45 -13 17 42 2

0 5 11 71 -9 6 7 15

0 17 20 97 -10 10 19 43

0 6 71 6 -15 6 36 33

0 20 32 63 -13 18 41 31

0 45 53 80 -19 16 19 49

0 30 34 57 -14 30 31 40

0 6 8 21 -18 0 3 2

0 18 31 86 -2 11 19 46

0 4 32 16 -9 5 19 39

0 0 1 77 -15 4 31 11

0 9 18 96 -4 9 44 36

0 2 33 5 -1 5 36 25

0 8 13 9 -20 0 11 49

0 6 7 98 -15 17 22 4

0 2 4 42 -3 31 42 14

0 1 6 24 -11 18 35 21

0 6 10 45 -20 42 49 7

0 1 2 29 -6 39 43 20

0 4 11 19 -11 6 46 30

0 10 26 25 -2 9 46 39

0 11 12 0 -6 4 34 33

0 7 22 26 -7 17 29 42

0 9 15 66 -2 19 39 42

0 0 1 62 -18 33 48 3

0 2 3 38 -17 1 5 39


SAlphaB: 708.0, std-dev 271.58548815011704

Earliest win: 37
Latest win: 81

WinDepth:
0 0 0 0 0 0 0 0 0 0 0 0 0 0 0 0 0 0 0 0 0 0 0 0 0 0 0 0 0 0 0 0 0 0 0 0 0 2 2 0 3 8 0 21 31 20 14 57 31 82 107 247 77 120 101 173 130 188 162 169 167 212 240 350 310 373 387 397 448 405 450 435 463 399 393 372 259 262 187 127 95 65 
SAlphaB:
0 0 0 0 0 0 0 0 0 0 0 0 0 0 0 0 0 0 0 0 0 0 0 0 0 0 0 0 0 0 0 0 0 0 0 0 0 2 2 0 3 8 0 21 31 20 14 57 31 82 107 247 77 120 101 173 130 188 162 169 167 212 240 350 310 373 387 397 448 405 450 435 463 399 393 372 259 262 187 127 95 65 

LossDepth:
SAlphaB:
0 0 0 0 0 0 0 0 0 0 0 0 0 0 0 0 0 0 0 0 0 0 0 0 0 0 0 0 0 0 0 0 0 0 0 0 0 2 2 0 3 8 0 21 31 20 14 57 31 82 107 247 77 120 101 173 130 188 162 169 167 212 240 350 310 373 387 397 448 405 450 435 463 399 393 372 259 262 187 127 95 65 

FirstWin:
0 0 0 0 0 0 0 0 0 0 0 0 0 0 0 0 0 0 0 0 0 0 0 0 0 0 0 0 0 0 0 0 0 0 0 0 0 2 0 0 0 8 0 21 0 20 0 57 0 82 0 247 0 120 0 173 0 188 0 169 0 212 0 350 0 373 0 397 0 405 0 435 0 399 0 372 0 262 0 127 0 65 
SAlphaB:
0 0 0 0 0 0 0 0 0 0 0 0 0 0 0 0 0 0 0 0 0 0 0 0 0 0 0 0 0 0 0 0 0 0 0 0 0 2 0 0 0 8 0 21 0 20 0 57 0 82 0 247 0 120 0 173 0 188 0 169 0 212 0 350 0 373 0 397 0 405 0 435 0 399 0 372 0 262 0 127 0 65 

SecondWin:
0 0 0 0 0 0 0 0 0 0 0 0 0 0 0 0 0 0 0 0 0 0 0 0 0 0 0 0 0 0 0 0 0 0 0 0 0 0 2 0 3 0 0 0 31 0 14 0 31 0 107 0 77 0 101 0 130 0 162 0 167 0 240 0 310 0 387 0 448 0 450 0 463 0 393 0 259 0 187 0 95 0 
SAlphaB:
0 0 0 0 0 0 0 0 0 0 0 0 0 0 0 0 0 0 0 0 0 0 0 0 0 0 0 0 0 0 0 0 0 0 0 0 0 0 2 0 3 0 0 0 31 0 14 0 31 0 107 0 77 0 101 0 130 0 162 0 167 0 240 0 310 0 387 0 448 0 450 0 463 0 393 0 259 0 187 0 95 0 
