0 43 51 29 -13 1 9 3

0 63 95 91 -18 5 28 30

0 40 54 41 -6 3 12 12

0 54 84 84 -7 3 18 26

0 88 93 73 -20 22 44 3

0 70 86 56 -2 19 46 10

0 24 57 40 -3 1 5 6

0 19 94 60 -6 1 20 23

0 43 63 68 -2 9 12 7

0 66 79 56 -4 5 15 28

0 4 55 67 -10 7 11 20

0 23 29 62 -17 7 15 1

0 51 72 33 -19 4 36 42

0 17 77 88 -17 14 33 18

0 18 42 61 -11 0 4 33

0 42 49 76 -1 12 21 6

0 55 59 47 -4 1 16 1

0 84 92 79 -6 4 15 22

0 50 63 97 -6 15 17 30

0 7 14 15 -3 1 7 9

0 78 84 75 -9 22 29 18

0 38 40 80 -18 1 2 12

0 4 80 36 -12 0 4 38

0 38 50 13 -13 40 42 7

0 27 51 40 -10 3 9 36

0 47 64 96 -18 15 36 30

0 2 54 70 -16 24 49 24

0 25 46 23 -15 8 14 3

0 8 66 65 -2 4 16 13

0 73 75 23 -17 17 21 30

0 31 61 59 -16 27 46 31

0 24 51 13 -5 16 20 7

0 42 99 12 -10 0 2 43

0 31 37 7 -16 35 39 20

0 9 47 45 -20 37 45 27

0 4 62 77 -5 3 31 19

0 15 70 93 -19 4 19 1

0 40 94 98 -17 7 44 42

0 30 36 40 -10 8 11 45

0 4 52 29 -10 7 25 0

0 7 61 61 -20 1 4 16

0 6 40 61 -17 0 3 45

0 14 63 78 -16 26 47 39

0 19 50 88 -17 37 48 2

0 45 55 30 -20 18 19 31

0 10 33 11 -4 17 33 6

0 11 48 37 -7 19 37 3

0 26 51 37 -15 29 33 22

0 22 32 47 -18 1 25 22

0 48 56 22 -8 39 49 35

0 29 34 55 -14 7 25 43

0 45 77 17 -8 4 45 1

0 24 26 0 -2 29 45 32

0 1 17 94 -7 8 16 26

0 24 31 41 -18 19 46 21

0 18 49 35 -16 5 28 29

0 0 31 3 -9 1 3 15

0 12 51 13 -14 8 21 28

0 43 57 3 -20 0 39 23

0 50 51 42 -4 29 36 4

0 6 38 70 -13 1 22 15

0 20 40 39 -10 20 33 35

0 27 52 76 -1 3 47 48

0 11 29 98 -12 5 31 0

0 9 45 30 -11 21 24 44

0 2 48 9 -5 0 15 14

0 16 49 6 -8 4 40 34

0 22 36 26 -17 11 19 38

0 2 40 31 -2 13 33 19

0 1 6 24 -6 37 44 31

0 1 3 1 -2 17 38 20

0 13 56 97 -3 21 23 17

0 2 6 46 -7 33 38 7

0 15 47 38 -5 5 36 45

0 12 24 28 -14 4 20 41

0 4 62 76 -1 6 10 35

0 6 12 81 -5 4 10 42

0 12 30 1 -12 6 7 30

0 3 6 66 -14 23 25 20

0 0 1 81 -10 11 29 14

0 0 1 98 -14 16 44 45

0 7 9 53 -12 1 3 37

0 5 9 96 -15 9 11 24

0 2 9 63 -14 4 44 15

0 15 56 92 -7 10 11 0

0 4 11 77 -9 9 10 41

0 8 10 8 -9 35 38 21

0 0 1 60 -19 6 41 41

0 1 19 83 -4 9 10 30

0 20 34 34 -20 3 48 46

0 0 1 30 -6 10 26 2

0 4 27 0 -14 3 42 4

0 2 30 65 -12 6 40 30

0 6 11 82 -8 28 31 20

0 1 5 73 -10 14 35 39

0 1 2 61 -5 18 35 11

0 5 8 17 -18 31 47 20

0 3 11 70 -16 1 9 31

0 1 12 14 -1 3 29 48

0 0 11 32 -9 0 10 40


SAlphaB: 726.0, std-dev 259.94104974673456

Earliest win: 37
Latest win: 81

WinDepth:
0 0 0 0 0 0 0 0 0 0 0 0 0 0 0 0 0 0 0 0 0 0 0 0 0 0 0 0 0 0 0 0 0 0 0 0 0 2 6 5 3 1 0 12 17 15 22 73 44 60 66 149 141 106 75 236 140 160 182 183 167 223 279 303 271 356 423 373 393 394 542 442 466 399 399 325 234 214 196 143 88 77 
SAlphaB:
0 0 0 0 0 0 0 0 0 0 0 0 0 0 0 0 0 0 0 0 0 0 0 0 0 0 0 0 0 0 0 0 0 0 0 0 0 2 6 5 3 1 0 12 17 15 22 73 44 60 66 149 141 106 75 236 140 160 182 183 167 223 279 303 271 356 423 373 393 394 542 442 466 399 399 325 234 214 196 143 88 77 

LossDepth:
SAlphaB:
0 0 0 0 0 0 0 0 0 0 0 0 0 0 0 0 0 0 0 0 0 0 0 0 0 0 0 0 0 0 0 0 0 0 0 0 0 2 6 5 3 1 0 12 17 15 22 73 44 60 66 149 141 106 75 236 140 160 182 183 167 223 279 303 271 356 423 373 393 394 542 442 466 399 399 325 234 214 196 143 88 77 

FirstWin:
0 0 0 0 0 0 0 0 0 0 0 0 0 0 0 0 0 0 0 0 0 0 0 0 0 0 0 0 0 0 0 0 0 0 0 0 0 2 0 5 0 1 0 12 0 15 0 73 0 60 0 149 0 106 0 236 0 160 0 183 0 223 0 303 0 356 0 373 0 394 0 442 0 399 0 325 0 214 0 143 0 77 
SAlphaB:
0 0 0 0 0 0 0 0 0 0 0 0 0 0 0 0 0 0 0 0 0 0 0 0 0 0 0 0 0 0 0 0 0 0 0 0 0 2 0 5 0 1 0 12 0 15 0 73 0 60 0 149 0 106 0 236 0 160 0 183 0 223 0 303 0 356 0 373 0 394 0 442 0 399 0 325 0 214 0 143 0 77 

SecondWin:
0 0 0 0 0 0 0 0 0 0 0 0 0 0 0 0 0 0 0 0 0 0 0 0 0 0 0 0 0 0 0 0 0 0 0 0 0 0 6 0 3 0 0 0 17 0 22 0 44 0 66 0 141 0 75 0 140 0 182 0 167 0 279 0 271 0 423 0 393 0 542 0 466 0 399 0 234 0 196 0 88 0 
SAlphaB:
0 0 0 0 0 0 0 0 0 0 0 0 0 0 0 0 0 0 0 0 0 0 0 0 0 0 0 0 0 0 0 0 0 0 0 0 0 0 6 0 3 0 0 0 17 0 22 0 44 0 66 0 141 0 75 0 140 0 182 0 167 0 279 0 271 0 423 0 393 0 542 0 466 0 399 0 234 0 196 0 88 0 
