0 44 63 1 -4 5 23 1

0 60 78 73 -7 10 41 19

0 45 87 79 -6 5 17 11

0 60 85 73 -9 5 26 3

0 17 59 89 -8 24 40 12

0 41 75 53 -5 4 16 39

0 63 71 21 -3 9 27 47

0 80 91 95 -3 19 36 0

0 35 58 78 -16 0 13 17

0 30 37 28 -20 6 9 21

0 22 53 70 -3 1 24 0

0 52 67 74 -8 8 11 16

0 43 51 35 -13 4 10 27

0 27 57 25 -17 2 29 17

0 62 82 7 -1 11 25 47

0 40 56 39 -5 12 46 5

0 21 47 76 -3 15 27 32

0 19 54 28 -10 9 13 30

0 18 94 66 -14 9 13 47

0 6 83 16 -15 0 6 18

0 14 34 70 -13 3 8 24

0 27 39 76 -16 39 43 36

0 79 85 93 -7 3 16 21

0 70 80 18 -2 18 26 38

0 70 80 95 -9 26 27 10

0 74 82 11 -9 11 15 18

0 40 43 29 -15 2 33 14

0 82 89 37 -14 0 49 5

0 19 48 38 -15 38 43 38

0 13 92 34 -17 0 23 9

0 15 72 80 -19 7 23 7

0 9 38 92 -9 21 38 14

0 13 26 50 -20 2 3 37

0 74 92 13 -4 3 22 35

0 13 28 95 -1 31 32 16

0 25 91 99 -16 18 34 28

0 59 75 3 -7 21 34 26

0 7 70 72 -4 34 37 39

0 5 85 97 -17 0 4 20

0 35 56 40 -7 3 30 31

0 71 99 96 -10 29 34 40

0 63 79 15 -17 4 5 19

0 9 60 98 -5 9 14 5

0 15 69 2 -20 9 30 49

0 17 61 27 -15 25 30 12

0 32 71 11 -10 10 13 27

0 54 68 25 -13 12 15 35

0 53 66 66 -14 15 29 7

0 25 81 42 -4 1 20 40

0 46 66 61 -18 22 32 45

0 92 96 43 -18 3 6 33

0 6 50 59 -14 6 30 10

0 13 49 85 -8 9 29 6

0 60 98 88 -18 21 44 7

0 10 22 51 -9 15 29 12

0 1 2 69 -15 0 1 13

0 28 50 70 -5 17 41 21

0 83 99 27 -3 42 46 19

0 17 26 78 -14 13 26 33

0 8 26 55 -16 10 22 25

0 5 78 6 -3 4 8 33

0 2 53 56 -14 6 9 37

0 6 64 56 -14 3 24 33

0 48 73 36 -18 27 42 39

0 9 20 72 -16 3 13 18

0 0 91 54 -3 0 17 28

0 16 63 27 -20 3 31 10

0 85 93 46 -2 5 24 32

0 17 39 63 -16 6 19 33

0 13 84 33 -8 16 20 35

0 0 15 41 -2 7 18 0

0 11 64 33 -14 10 27 45

0 17 64 53 -2 26 36 41

0 12 55 91 -9 13 16 42

0 57 82 79 -11 25 39 29

0 23 49 99 -9 2 37 45

0 0 67 93 -16 3 24 13

0 11 27 27 -15 6 23 36

0 1 3 38 -8 3 4 21

0 23 27 97 -18 6 13 49

0 19 57 11 -17 14 19 18

0 11 16 91 -16 8 28 49

0 7 27 63 -19 4 35 20

0 9 34 10 -11 16 49 13

0 20 46 7 -1 13 29 43

0 17 34 19 -8 4 17 21

0 11 18 80 -20 7 10 11

0 0 9 76 -4 30 37 40

0 3 32 80 -8 22 32 30

0 13 19 78 -16 7 43 33

0 5 16 26 -6 8 49 30

0 29 38 19 -19 29 44 45

0 16 56 39 -10 10 41 0

0 8 11 13 -11 2 4 47

0 4 38 31 -11 9 37 49

0 1 67 6 -20 0 43 7

0 0 22 74 -2 10 39 44

0 4 6 68 -19 1 38 37

0 5 6 25 -5 15 29 25

0 3 9 33 -14 37 47 6


SAlphaB: 727.0, std-dev 275.81868797520525

Earliest win: 37
Latest win: 81

WinDepth:
0 0 0 0 0 0 0 0 0 0 0 0 0 0 0 0 0 0 0 0 0 0 0 0 0 0 0 0 0 0 0 0 0 0 0 0 0 6 0 2 0 10 3 13 10 30 15 25 46 54 56 163 70 136 97 155 134 166 113 154 149 302 230 345 284 456 419 390 475 412 446 460 405 397 407 353 281 242 190 150 96 79 
SAlphaB:
0 0 0 0 0 0 0 0 0 0 0 0 0 0 0 0 0 0 0 0 0 0 0 0 0 0 0 0 0 0 0 0 0 0 0 0 0 6 0 2 0 10 3 13 10 30 15 25 46 54 56 163 70 136 97 155 134 166 113 154 149 302 230 345 284 456 419 390 475 412 446 460 405 397 407 353 281 242 190 150 96 79 

LossDepth:
SAlphaB:
0 0 0 0 0 0 0 0 0 0 0 0 0 0 0 0 0 0 0 0 0 0 0 0 0 0 0 0 0 0 0 0 0 0 0 0 0 6 0 2 0 10 3 13 10 30 15 25 46 54 56 163 70 136 97 155 134 166 113 154 149 302 230 345 284 456 419 390 475 412 446 460 405 397 407 353 281 242 190 150 96 79 

FirstWin:
0 0 0 0 0 0 0 0 0 0 0 0 0 0 0 0 0 0 0 0 0 0 0 0 0 0 0 0 0 0 0 0 0 0 0 0 0 6 0 2 0 10 0 13 0 30 0 25 0 54 0 163 0 136 0 155 0 166 0 154 0 302 0 345 0 456 0 390 0 412 0 460 0 397 0 353 0 242 0 150 0 79 
SAlphaB:
0 0 0 0 0 0 0 0 0 0 0 0 0 0 0 0 0 0 0 0 0 0 0 0 0 0 0 0 0 0 0 0 0 0 0 0 0 6 0 2 0 10 0 13 0 30 0 25 0 54 0 163 0 136 0 155 0 166 0 154 0 302 0 345 0 456 0 390 0 412 0 460 0 397 0 353 0 242 0 150 0 79 

SecondWin:
0 0 0 0 0 0 0 0 0 0 0 0 0 0 0 0 0 0 0 0 0 0 0 0 0 0 0 0 0 0 0 0 0 0 0 0 0 0 0 0 0 0 3 0 10 0 15 0 46 0 56 0 70 0 97 0 134 0 113 0 149 0 230 0 284 0 419 0 475 0 446 0 405 0 407 0 281 0 190 0 96 0 
SAlphaB:
0 0 0 0 0 0 0 0 0 0 0 0 0 0 0 0 0 0 0 0 0 0 0 0 0 0 0 0 0 0 0 0 0 0 0 0 0 0 0 0 0 0 3 0 10 0 15 0 46 0 56 0 70 0 97 0 134 0 113 0 149 0 230 0 284 0 419 0 475 0 446 0 405 0 407 0 281 0 190 0 96 0 
