0 30 62 52 -20 1 2 12

0 56 78 72 -10 1 25 12

0 46 65 83 -6 6 36 43

0 20 66 20 -8 3 9 21

0 38 50 30 -11 0 10 18

0 49 74 64 -8 0 7 11

0 37 80 26 -13 2 8 4

0 53 83 17 -13 17 49 28

0 42 80 64 -3 8 15 4

0 50 97 23 -17 2 34 14

0 60 65 44 -1 2 21 4

0 60 81 29 -10 0 1 27

0 49 69 11 -5 3 36 2

0 36 65 34 -20 1 3 19

0 12 44 82 -11 5 14 2

0 67 94 22 -2 12 32 18

0 74 82 18 -10 18 33 16

0 48 56 94 -18 5 29 49

0 69 74 98 -20 1 3 17

0 13 71 30 -3 23 31 15

0 21 55 63 -4 17 26 16

0 40 59 90 -20 13 44 45

0 22 85 93 -5 17 35 22

0 38 64 85 -15 12 13 32

0 27 72 79 -6 13 32 35

0 54 60 83 -11 0 15 10

0 31 51 89 -13 1 27 48

0 4 64 8 -5 21 44 28

0 42 96 53 -2 24 29 24

0 13 36 76 -14 1 2 36

0 15 31 69 -18 1 6 14

0 60 80 59 -9 17 40 15

0 10 20 62 -9 6 18 13

0 54 99 0 -9 14 25 43

0 26 39 1 -9 19 20 12

0 17 63 37 -8 2 3 37

0 24 62 33 -15 2 19 38

0 36 49 75 -8 18 40 31

0 10 71 25 -9 19 33 12

0 38 56 20 -16 7 11 8

0 37 79 81 -13 38 47 33

0 23 53 12 -20 26 37 22

0 21 32 22 -12 3 18 11

0 89 91 17 -11 5 27 32

0 18 31 78 -16 4 10 0

0 6 59 74 -10 22 39 23

0 27 93 57 -17 14 43 23

0 39 52 6 -18 39 40 2

0 23 64 11 -6 13 15 39

0 50 83 67 -4 37 42 37

0 16 24 72 -8 2 22 20

0 4 57 49 -20 1 4 4

0 3 89 80 -5 6 37 2

0 13 79 23 -11 3 6 39

0 9 59 56 -2 0 4 40

0 17 82 94 -19 5 26 31

0 17 26 43 -5 11 14 12

0 21 82 77 -8 13 37 45

0 12 86 23 -16 1 26 0

0 4 66 47 -10 31 38 18

0 32 86 51 -4 25 33 40

0 7 67 5 -10 1 2 18

0 37 78 53 -17 16 17 28

0 6 11 73 -1 5 17 3

0 41 59 47 -5 22 23 21

0 1 2 62 -5 17 44 36

0 1 3 86 -16 33 38 30

0 1 64 64 -13 6 32 13

0 21 42 1 -8 4 26 36

0 9 10 95 -17 2 15 1

0 20 52 4 -15 29 43 3

0 11 35 7 -15 15 41 25

0 29 39 11 -10 4 35 32

0 4 84 40 -11 16 23 43

0 12 14 87 -3 7 23 0

0 2 4 52 -6 0 10 2

0 2 28 65 -5 9 31 6

0 1 9 98 -19 15 24 18

0 11 24 40 -12 34 37 35

0 1 14 56 -14 5 25 32

0 0 1 45 -20 8 26 15

0 10 19 11 -11 5 24 6

0 13 14 7 -9 9 39 14

0 25 46 71 -16 12 48 9

0 13 28 95 -4 3 43 0

0 28 43 66 -18 32 38 20

0 30 45 14 -18 14 38 8

0 17 40 57 -7 6 30 40

0 14 17 97 -15 17 30 43

0 22 33 43 -7 4 41 34

0 4 10 23 -6 24 32 13

0 8 62 67 -19 1 5 42

0 1 8 52 -2 20 34 21

0 0 22 58 -11 2 8 42

0 0 1 42 -16 3 39 28

0 1 3 90 -11 13 49 13

0 2 3 53 -20 11 15 3

0 4 8 28 -3 23 40 43

0 0 17 23 -6 17 23 43

0 8 15 27 -1 0 1 47


SAlphaB: 723.0, std-dev 258.2516759506376

Earliest win: 37
Latest win: 81

WinDepth:
0 0 0 0 0 0 0 0 0 0 0 0 0 0 0 0 0 0 0 0 0 0 0 0 0 0 0 0 0 0 0 0 0 0 0 0 0 11 1 1 0 4 7 8 12 11 12 24 25 43 62 194 83 100 84 205 125 218 136 170 177 225 248 323 355 366 427 366 466 382 431 431 419 380 409 346 261 197 205 136 113 88 
SAlphaB:
0 0 0 0 0 0 0 0 0 0 0 0 0 0 0 0 0 0 0 0 0 0 0 0 0 0 0 0 0 0 0 0 0 0 0 0 0 11 1 1 0 4 7 8 12 11 12 24 25 43 62 194 83 100 84 205 125 218 136 170 177 225 248 323 355 366 427 366 466 382 431 431 419 380 409 346 261 197 205 136 113 88 

LossDepth:
SAlphaB:
0 0 0 0 0 0 0 0 0 0 0 0 0 0 0 0 0 0 0 0 0 0 0 0 0 0 0 0 0 0 0 0 0 0 0 0 0 11 1 1 0 4 7 8 12 11 12 24 25 43 62 194 83 100 84 205 125 218 136 170 177 225 248 323 355 366 427 366 466 382 431 431 419 380 409 346 261 197 205 136 113 88 

FirstWin:
0 0 0 0 0 0 0 0 0 0 0 0 0 0 0 0 0 0 0 0 0 0 0 0 0 0 0 0 0 0 0 0 0 0 0 0 0 11 0 1 0 4 0 8 0 11 0 24 0 43 0 194 0 100 0 205 0 218 0 170 0 225 0 323 0 366 0 366 0 382 0 431 0 380 0 346 0 197 0 136 0 88 
SAlphaB:
0 0 0 0 0 0 0 0 0 0 0 0 0 0 0 0 0 0 0 0 0 0 0 0 0 0 0 0 0 0 0 0 0 0 0 0 0 11 0 1 0 4 0 8 0 11 0 24 0 43 0 194 0 100 0 205 0 218 0 170 0 225 0 323 0 366 0 366 0 382 0 431 0 380 0 346 0 197 0 136 0 88 

SecondWin:
0 0 0 0 0 0 0 0 0 0 0 0 0 0 0 0 0 0 0 0 0 0 0 0 0 0 0 0 0 0 0 0 0 0 0 0 0 0 1 0 0 0 7 0 12 0 12 0 25 0 62 0 83 0 84 0 125 0 136 0 177 0 248 0 355 0 427 0 466 0 431 0 419 0 409 0 261 0 205 0 113 0 
SAlphaB:
0 0 0 0 0 0 0 0 0 0 0 0 0 0 0 0 0 0 0 0 0 0 0 0 0 0 0 0 0 0 0 0 0 0 0 0 0 0 1 0 0 0 7 0 12 0 12 0 25 0 62 0 83 0 84 0 125 0 136 0 177 0 248 0 355 0 427 0 466 0 431 0 419 0 409 0 261 0 205 0 113 0 
