0 41 47 91 -19 4 17 28

0 21 39 51 -9 0 2 16

0 37 86 68 -7 2 9 28

0 44 69 40 -2 8 16 13

0 35 58 30 -12 4 7 13

0 56 99 37 -10 17 33 14

0 26 48 79 -16 1 12 3

0 13 55 60 -7 2 8 11

0 23 46 57 -6 8 22 25

0 14 71 39 -6 0 6 14

0 92 93 73 -15 11 29 37

0 50 59 17 -3 6 36 7

0 48 78 96 -4 1 33 31

0 28 90 54 -3 6 16 45

0 17 28 55 -1 1 14 21

0 57 82 88 -20 14 16 19

0 13 50 21 -10 1 15 1

0 75 97 76 -20 0 20 40

0 34 41 11 -12 44 49 11

0 21 84 53 -10 6 18 32

0 45 71 72 -18 5 9 27

0 42 77 86 -3 34 47 39

0 18 60 37 -3 0 1 22

0 31 91 40 -11 13 48 47

0 1 86 90 -2 4 15 5

0 77 91 59 -10 19 25 24

0 52 91 47 -10 3 40 44

0 64 88 63 -12 24 42 19

0 23 83 53 -2 12 29 44

0 18 54 66 -8 31 32 40

0 53 61 54 -2 17 45 20

0 13 19 51 -15 9 25 34

0 21 47 21 -11 3 17 8

0 26 43 33 -17 0 1 0

0 41 59 30 -17 0 18 44

0 17 70 74 -1 0 1 2

0 9 77 12 -13 0 1 42

0 79 88 5 -2 2 4 1

0 52 86 54 -11 16 28 16

0 48 93 84 -6 30 45 22

0 20 31 29 -12 7 16 11

0 26 39 35 -13 7 16 29

0 23 67 28 -9 20 48 42

0 41 84 62 -6 0 1 22

0 41 87 62 -1 2 4 44

0 1 97 28 -13 3 19 34

0 54 67 86 -3 5 29 46

0 41 99 27 -20 19 21 42

0 29 61 53 -4 0 9 37

0 38 57 5 -1 2 15 49

0 31 47 22 -1 34 36 21

0 12 75 58 -18 12 33 45

0 25 68 82 -9 8 33 1

0 63 79 80 -7 2 3 47

0 28 80 34 -10 0 2 47

0 5 20 67 -7 11 16 0

0 61 99 53 -10 29 39 42

0 4 41 90 -8 10 19 27

0 33 79 33 -17 23 25 44

0 8 32 0 -3 8 31 21

0 34 88 11 -20 0 47 23

0 1 71 35 -2 10 16 32

0 25 80 70 -4 20 36 20

0 27 32 70 -12 24 37 3

0 33 65 28 -17 29 35 17

0 5 45 2 -6 1 2 29

0 3 27 71 -17 39 42 11

0 6 28 93 -11 31 35 39

0 23 31 9 -8 35 48 15

0 49 80 33 -3 27 49 5

0 35 71 17 -7 33 39 48

0 58 88 54 -1 6 14 41

0 72 86 46 -15 14 25 44

0 11 39 3 -10 0 18 27

0 28 36 1 -19 13 48 40

0 2 71 67 -5 5 26 33

0 5 34 55 -6 10 13 1

0 1 38 30 -13 4 14 46

0 13 14 40 -5 2 15 26

0 15 26 35 -12 7 36 16

0 10 13 34 -9 21 22 13

0 5 38 28 -16 32 42 30

0 7 10 0 -9 32 47 17

0 4 43 98 -1 8 9 36

0 26 90 77 -16 4 31 29

0 29 53 11 -6 21 23 0

0 14 37 69 -1 24 36 43

0 0 22 46 -18 27 29 39

0 2 9 0 -7 4 12 20

0 0 40 42 -6 7 38 26

0 0 5 43 -18 39 43 14

0 14 16 70 -18 5 6 47

0 12 20 26 -4 34 46 36

0 11 29 2 -18 8 45 24

0 2 37 83 -20 8 35 14

0 0 1 5 -4 2 17 24

0 9 21 20 -9 29 33 36

0 19 35 18 -13 22 29 42

0 0 9 26 -4 13 20 25

0 2 39 5 -7 2 24 42


SAlphaB: 734.0, std-dev 262.8534049137417

Earliest win: 36
Latest win: 81

WinDepth:
0 0 0 0 0 0 0 0 0 0 0 0 0 0 0 0 0 0 0 0 0 0 0 0 0 0 0 0 0 0 0 0 0 0 0 0 1 2 0 5 12 9 3 20 4 16 19 49 58 69 46 138 111 101 93 162 115 212 139 177 161 220 212 286 333 361 380 390 466 370 471 430 445 398 431 352 258 278 196 153 101 94 
SAlphaB:
0 0 0 0 0 0 0 0 0 0 0 0 0 0 0 0 0 0 0 0 0 0 0 0 0 0 0 0 0 0 0 0 0 0 0 0 1 2 0 5 12 9 3 20 4 16 19 49 58 69 46 138 111 101 93 162 115 212 139 177 161 220 212 286 333 361 380 390 466 370 471 430 445 398 431 352 258 278 196 153 101 94 

LossDepth:
SAlphaB:
0 0 0 0 0 0 0 0 0 0 0 0 0 0 0 0 0 0 0 0 0 0 0 0 0 0 0 0 0 0 0 0 0 0 0 0 1 2 0 5 12 9 3 20 4 16 19 49 58 69 46 138 111 101 93 162 115 212 139 177 161 220 212 286 333 361 380 390 466 370 471 430 445 398 431 352 258 278 196 153 101 94 

FirstWin:
0 0 0 0 0 0 0 0 0 0 0 0 0 0 0 0 0 0 0 0 0 0 0 0 0 0 0 0 0 0 0 0 0 0 0 0 0 2 0 5 0 9 0 20 0 16 0 49 0 69 0 138 0 101 0 162 0 212 0 177 0 220 0 286 0 361 0 390 0 370 0 430 0 398 0 352 0 278 0 153 0 94 
SAlphaB:
0 0 0 0 0 0 0 0 0 0 0 0 0 0 0 0 0 0 0 0 0 0 0 0 0 0 0 0 0 0 0 0 0 0 0 0 0 2 0 5 0 9 0 20 0 16 0 49 0 69 0 138 0 101 0 162 0 212 0 177 0 220 0 286 0 361 0 390 0 370 0 430 0 398 0 352 0 278 0 153 0 94 

SecondWin:
0 0 0 0 0 0 0 0 0 0 0 0 0 0 0 0 0 0 0 0 0 0 0 0 0 0 0 0 0 0 0 0 0 0 0 0 1 0 0 0 12 0 3 0 4 0 19 0 58 0 46 0 111 0 93 0 115 0 139 0 161 0 212 0 333 0 380 0 466 0 471 0 445 0 431 0 258 0 196 0 101 0 
SAlphaB:
0 0 0 0 0 0 0 0 0 0 0 0 0 0 0 0 0 0 0 0 0 0 0 0 0 0 0 0 0 0 0 0 0 0 0 0 1 0 0 0 12 0 3 0 4 0 19 0 58 0 46 0 111 0 93 0 115 0 139 0 161 0 212 0 333 0 380 0 466 0 471 0 445 0 431 0 258 0 196 0 101 0 
