0 26 54 40 -17 1 3 15

0 60 66 68 -10 3 21 18

0 19 92 5 -4 3 8 29

0 41 70 25 -1 8 16 39

0 21 74 44 -2 1 9 18

0 41 65 74 -8 7 11 29

0 31 45 78 -18 2 4 14

0 83 93 79 -11 7 28 14

0 10 50 17 -3 6 9 15

0 65 89 56 -14 7 9 7

0 27 69 94 -7 11 26 36

0 28 80 54 -3 10 13 39

0 22 58 51 -20 22 36 4

0 11 46 55 -11 18 40 36

0 41 68 99 -17 10 36 19

0 25 37 32 -8 1 12 17

0 37 64 77 -16 16 22 17

0 45 61 73 -6 24 40 4

0 29 56 97 -11 12 31 19

0 81 98 88 -7 10 22 42

0 49 64 88 -3 4 5 23

0 62 91 36 -17 6 28 37

0 58 80 10 -11 1 35 5

0 6 15 89 -5 4 10 8

0 18 42 37 -9 5 20 5

0 37 44 76 -5 5 6 25

0 22 52 7 -11 3 4 21

0 10 58 3 -17 0 1 22

0 22 39 88 -18 4 34 3

0 20 43 54 -20 20 42 5

0 22 69 50 -17 14 31 6

0 48 56 60 -9 11 23 44

0 42 71 62 -10 0 39 28

0 24 55 28 -3 0 3 45

0 28 37 87 -13 2 4 49

0 2 31 89 -8 24 35 34

0 42 48 99 -17 2 26 14

0 15 32 63 -14 22 29 16

0 3 39 34 -20 2 6 0

0 22 25 52 -18 0 13 6

0 37 78 61 -1 34 41 28

0 45 63 45 -13 3 37 37

0 25 29 96 -4 11 16 21

0 20 78 38 -4 26 40 23

0 14 32 26 -2 12 35 33

0 53 74 24 -18 17 47 49

0 7 35 52 -15 26 44 21

0 7 97 1 -3 8 47 23

0 24 79 64 -13 5 13 35

0 62 73 3 -18 3 5 35

0 57 67 32 -1 2 9 33

0 6 48 72 -6 13 16 7

0 12 63 40 -3 16 17 3

0 23 33 44 -5 7 8 2

0 20 26 61 -18 3 28 28

0 7 61 57 -4 4 18 22

0 18 72 7 -14 9 34 11

0 8 15 86 -13 12 32 10

0 0 92 41 -17 5 12 29

0 13 28 84 -6 10 37 15

0 14 34 16 -4 1 2 44

0 12 29 76 -8 25 37 37

0 32 63 34 -17 27 36 7

0 35 47 2 -9 1 10 43

0 3 9 91 -18 22 31 47

0 1 77 7 -13 2 3 45

0 9 30 98 -16 5 26 2

0 3 5 42 -18 3 4 21

0 36 37 44 -5 2 20 26

0 2 28 72 -17 11 32 12

0 6 20 19 -19 17 18 21

0 60 66 42 -3 22 43 38

0 1 28 76 -13 25 27 1

0 5 92 37 -10 11 17 31

0 14 17 22 -18 9 31 43

0 26 46 53 -7 20 22 39

0 7 31 14 -16 38 46 12

0 7 8 57 -5 11 27 49

0 16 55 82 -17 34 36 42

0 15 79 44 -17 22 26 48

0 0 2 91 -1 27 44 12

0 8 15 39 -15 6 31 25

0 26 27 63 -15 4 5 47

0 9 19 86 -2 25 41 26

0 3 31 77 -7 11 37 22

0 5 17 6 -15 1 9 21

0 0 22 15 -10 1 2 28

0 4 21 67 -13 34 48 16

0 0 1 84 -17 12 38 14

0 31 71 4 -4 41 42 49

0 14 19 36 -4 2 43 28

0 0 6 42 -11 14 46 41

0 11 27 8 -14 15 18 42

0 1 16 0 -5 9 11 22

0 0 7 1 -15 0 2 45

0 1 18 80 -1 4 45 8

0 1 8 72 -15 12 49 42

0 3 5 3 -6 29 39 10

0 18 21 14 -8 32 34 44

0 3 9 24 -5 17 31 35


SAlphaB: 710.0, std-dev 257.0778710190295

Earliest win: 35
Latest win: 81

WinDepth:
0 0 0 0 0 0 0 0 0 0 0 0 0 0 0 0 0 0 0 0 0 0 0 0 0 0 0 0 0 0 0 0 0 0 0 1 0 5 0 3 2 7 2 22 11 11 9 25 26 58 57 192 74 116 98 186 115 167 120 169 127 250 234 336 295 383 376 454 485 451 482 432 389 390 375 403 263 240 185 144 102 65 
SAlphaB:
0 0 0 0 0 0 0 0 0 0 0 0 0 0 0 0 0 0 0 0 0 0 0 0 0 0 0 0 0 0 0 0 0 0 0 1 0 5 0 3 2 7 2 22 11 11 9 25 26 58 57 192 74 116 98 186 115 167 120 169 127 250 234 336 295 383 376 454 485 451 482 432 389 390 375 403 263 240 185 144 102 65 

LossDepth:
SAlphaB:
0 0 0 0 0 0 0 0 0 0 0 0 0 0 0 0 0 0 0 0 0 0 0 0 0 0 0 0 0 0 0 0 0 0 0 1 0 5 0 3 2 7 2 22 11 11 9 25 26 58 57 192 74 116 98 186 115 167 120 169 127 250 234 336 295 383 376 454 485 451 482 432 389 390 375 403 263 240 185 144 102 65 

FirstWin:
0 0 0 0 0 0 0 0 0 0 0 0 0 0 0 0 0 0 0 0 0 0 0 0 0 0 0 0 0 0 0 0 0 0 0 1 0 5 0 3 0 7 0 22 0 11 0 25 0 58 0 192 0 116 0 186 0 167 0 169 0 250 0 336 0 383 0 454 0 451 0 432 0 390 0 403 0 240 0 144 0 65 
SAlphaB:
0 0 0 0 0 0 0 0 0 0 0 0 0 0 0 0 0 0 0 0 0 0 0 0 0 0 0 0 0 0 0 0 0 0 0 1 0 5 0 3 0 7 0 22 0 11 0 25 0 58 0 192 0 116 0 186 0 167 0 169 0 250 0 336 0 383 0 454 0 451 0 432 0 390 0 403 0 240 0 144 0 65 

SecondWin:
0 0 0 0 0 0 0 0 0 0 0 0 0 0 0 0 0 0 0 0 0 0 0 0 0 0 0 0 0 0 0 0 0 0 0 0 0 0 0 0 2 0 2 0 11 0 9 0 26 0 57 0 74 0 98 0 115 0 120 0 127 0 234 0 295 0 376 0 485 0 482 0 389 0 375 0 263 0 185 0 102 0 
SAlphaB:
0 0 0 0 0 0 0 0 0 0 0 0 0 0 0 0 0 0 0 0 0 0 0 0 0 0 0 0 0 0 0 0 0 0 0 0 0 0 0 0 2 0 2 0 11 0 9 0 26 0 57 0 74 0 98 0 115 0 120 0 127 0 234 0 295 0 376 0 485 0 482 0 389 0 375 0 263 0 185 0 102 0 
