0 21 42 17 -14 1 3 4

0 16 97 90 -15 0 1 22

0 64 88 40 -18 8 24 16

0 21 50 77 -19 0 13 19

0 78 81 51 -15 15 17 13

0 16 78 43 -7 12 28 1

0 45 95 45 -3 2 11 10

0 16 36 14 -19 0 2 29

0 22 97 39 -1 8 9 38

0 28 50 59 -2 6 12 24

0 46 74 91 -18 34 48 8

0 11 89 99 -12 0 2 30

0 76 96 80 -7 2 8 24

0 43 92 67 -5 3 10 40

0 75 88 43 -18 18 36 46

0 96 97 40 -10 16 22 32

0 16 84 88 -17 5 8 27

0 6 93 81 -14 13 29 37

0 44 92 65 -9 1 2 46

0 83 93 14 -1 6 44 13

0 21 29 48 -20 0 6 21

0 37 50 4 -19 3 23 10

0 20 60 76 -17 39 41 20

0 44 50 89 -13 11 18 47

0 42 79 14 -6 37 40 34

0 19 27 25 -5 4 8 22

0 43 68 26 -10 13 15 47

0 24 70 72 -10 18 47 27

0 11 32 61 -2 8 26 24

0 58 85 74 -5 1 2 22

0 25 44 21 -15 11 13 28

0 37 66 77 -6 23 40 0

0 5 67 42 -18 18 43 18

0 42 93 11 -2 20 21 41

0 17 79 98 -6 40 45 11

0 11 77 5 -12 6 12 16

0 14 17 4 -2 20 21 11

0 44 49 87 -1 5 15 37

0 14 60 29 -12 34 38 3

0 68 86 46 -18 21 35 6

0 6 64 22 -17 18 25 15

0 1 93 83 -4 7 48 3

0 7 22 19 -9 21 49 5

0 25 49 81 -7 10 32 9

0 10 57 15 -17 11 37 23

0 40 51 92 -10 14 21 27

0 50 71 16 -18 24 29 25

0 61 78 83 -4 32 41 28

0 52 63 23 -6 18 19 45

0 40 57 39 -2 21 31 19

0 20 84 60 -20 0 49 38

0 9 30 80 -6 13 26 18

0 41 70 36 -3 19 40 25

0 1 42 45 -8 12 14 28

0 19 44 2 -20 10 11 15

0 10 49 38 -14 37 49 20

0 23 87 7 -1 28 36 16

0 61 80 50 -6 2 15 49

0 1 4 87 -6 33 36 5

0 7 14 31 -16 16 28 17

0 10 47 29 -8 35 47 19

0 32 53 66 -20 23 47 16

0 7 69 85 -19 0 3 28

0 5 45 7 -6 3 36 21

0 36 56 6 -14 8 32 31

0 2 47 51 -19 20 38 8

0 6 7 80 -9 4 5 14

0 5 34 75 -2 36 45 44

0 7 74 52 -17 2 10 31

0 20 28 7 -1 21 25 13

0 13 71 72 -10 5 21 33

0 15 16 7 -14 22 33 40

0 6 12 67 -4 27 40 11

0 7 27 86 -14 27 41 15

0 21 66 71 -13 3 4 48

0 5 9 13 -10 0 3 17

0 2 7 70 -4 0 5 18

0 6 74 81 -16 2 36 18

0 10 23 18 -17 6 7 19

0 14 20 54 -12 7 41 31

0 2 3 9 -13 27 35 32

0 5 47 40 -2 12 36 22

0 30 32 42 -14 2 38 48

0 15 51 55 -1 2 43 38

0 13 20 12 -18 17 31 33

0 5 15 26 -14 0 8 44

0 7 39 62 -9 21 24 42

0 3 4 17 -11 25 29 32

0 6 21 15 -17 10 37 47

0 7 30 65 -5 0 48 44

0 17 23 8 -11 10 39 2

0 1 5 3 -7 3 8 20

0 1 25 60 -7 2 17 22

0 9 15 50 -7 18 43 31

0 0 1 92 -8 1 5 14

0 0 6 4 -19 13 15 24

0 0 2 78 -18 10 36 24

0 2 12 52 -15 2 4 28

0 0 2 25 -8 3 7 1

0 9 13 93 -13 2 21 45


SAlphaB: 689.0, std-dev 263.218872995479

Earliest win: 35
Latest win: 81

WinDepth:
0 0 0 0 0 0 0 0 0 0 0 0 0 0 0 0 0 0 0 0 0 0 0 0 0 0 0 0 0 0 0 0 0 0 0 2 0 6 0 0 20 6 4 31 10 25 17 44 40 87 45 209 41 139 55 190 95 188 144 226 162 261 230 312 324 324 383 354 480 397 409 413 455 373 348 354 268 234 206 137 108 81 
SAlphaB:
0 0 0 0 0 0 0 0 0 0 0 0 0 0 0 0 0 0 0 0 0 0 0 0 0 0 0 0 0 0 0 0 0 0 0 2 0 6 0 0 20 6 4 31 10 25 17 44 40 87 45 209 41 139 55 190 95 188 144 226 162 261 230 312 324 324 383 354 480 397 409 413 455 373 348 354 268 234 206 137 108 81 

LossDepth:
SAlphaB:
0 0 0 0 0 0 0 0 0 0 0 0 0 0 0 0 0 0 0 0 0 0 0 0 0 0 0 0 0 0 0 0 0 0 0 2 0 6 0 0 20 6 4 31 10 25 17 44 40 87 45 209 41 139 55 190 95 188 144 226 162 261 230 312 324 324 383 354 480 397 409 413 455 373 348 354 268 234 206 137 108 81 

FirstWin:
0 0 0 0 0 0 0 0 0 0 0 0 0 0 0 0 0 0 0 0 0 0 0 0 0 0 0 0 0 0 0 0 0 0 0 2 0 6 0 0 0 6 0 31 0 25 0 44 0 87 0 209 0 139 0 190 0 188 0 226 0 261 0 312 0 324 0 354 0 397 0 413 0 373 0 354 0 234 0 137 0 81 
SAlphaB:
0 0 0 0 0 0 0 0 0 0 0 0 0 0 0 0 0 0 0 0 0 0 0 0 0 0 0 0 0 0 0 0 0 0 0 2 0 6 0 0 0 6 0 31 0 25 0 44 0 87 0 209 0 139 0 190 0 188 0 226 0 261 0 312 0 324 0 354 0 397 0 413 0 373 0 354 0 234 0 137 0 81 

SecondWin:
0 0 0 0 0 0 0 0 0 0 0 0 0 0 0 0 0 0 0 0 0 0 0 0 0 0 0 0 0 0 0 0 0 0 0 0 0 0 0 0 20 0 4 0 10 0 17 0 40 0 45 0 41 0 55 0 95 0 144 0 162 0 230 0 324 0 383 0 480 0 409 0 455 0 348 0 268 0 206 0 108 0 
SAlphaB:
0 0 0 0 0 0 0 0 0 0 0 0 0 0 0 0 0 0 0 0 0 0 0 0 0 0 0 0 0 0 0 0 0 0 0 0 0 0 0 0 20 0 4 0 10 0 17 0 40 0 45 0 41 0 55 0 95 0 144 0 162 0 230 0 324 0 383 0 480 0 409 0 455 0 348 0 268 0 206 0 108 0 
