0 30 96 45 -9 4 18 17

0 28 92 65 -2 0 21 2

0 22 72 53 -11 0 9 12

0 63 85 66 -5 6 33 27

0 47 96 49 -11 3 24 9

0 27 70 48 -6 0 14 15

0 21 83 79 -5 2 12 0

0 33 35 43 -13 2 4 8

0 41 85 66 -18 2 14 7

0 27 70 35 -13 1 5 7

0 29 75 58 -1 3 20 1

0 48 58 71 -6 1 19 25

0 60 86 22 -5 11 25 8

0 29 65 60 -10 4 9 10

0 20 90 61 -18 0 8 23

0 48 55 45 -12 9 31 21

0 75 98 35 -17 1 38 29

0 29 44 87 -13 4 13 15

0 58 89 44 -18 1 18 34

0 46 85 53 -15 2 6 11

0 67 84 78 -4 2 6 7

0 46 61 63 -2 9 19 18

0 58 72 58 -11 5 17 15

0 51 86 75 -15 4 7 22

0 56 78 95 -9 5 40 31

0 95 96 39 -20 0 1 7

0 34 84 50 -11 1 8 5

0 40 94 54 -14 3 5 40

0 23 71 19 -4 0 14 19

0 32 48 27 -16 1 11 13

0 53 71 9 -14 6 25 26

0 59 82 97 -5 4 39 25

0 36 93 11 -12 0 21 25

0 34 90 54 -8 4 5 9

0 59 98 88 -17 0 19 39

0 73 88 47 -13 9 35 33

0 58 96 71 -9 11 12 0

0 8 38 59 -5 5 11 8

0 31 36 35 -12 3 4 2

0 67 73 69 -19 2 40 36

0 56 77 91 -12 3 7 10

0 81 94 65 -8 12 45 28

0 47 56 60 -19 4 6 27

0 80 93 72 -18 14 48 41

0 36 62 95 -12 6 8 11

0 30 88 75 -10 2 15 38

0 63 96 47 -7 12 13 9

0 25 90 43 -7 3 10 24

0 45 56 50 -15 8 18 23

0 64 69 20 -11 13 28 4

0 7 50 20 -12 0 5 7

0 52 92 89 -13 0 6 5

0 50 89 40 -9 3 12 33

0 39 91 2 -17 4 7 12

0 63 77 37 -11 1 10 25

0 28 47 56 -9 1 5 13

0 36 37 22 -7 3 23 13

0 12 37 35 -1 2 3 0

0 84 90 29 -16 11 21 31

0 38 64 65 -19 5 6 14

0 68 89 89 -7 9 31 46

0 53 72 33 -6 9 15 26

0 3 99 35 -8 4 5 7

0 75 76 91 -11 12 45 21

0 63 87 78 -6 10 15 4

0 59 62 72 -6 9 35 33

0 10 72 80 -7 1 6 7

0 28 93 45 -14 0 3 27

0 16 30 94 -20 1 3 3

0 47 58 56 -19 1 9 4

0 34 59 73 -20 1 10 31

0 34 53 43 -17 8 18 17

0 14 54 5 -19 0 1 19

0 58 87 85 -14 3 5 37

0 73 78 86 -9 1 19 36

0 24 43 68 -7 6 14 10

0 13 31 74 -6 12 17 21

0 33 52 78 -4 14 16 1

0 41 79 65 -12 12 23 49

0 45 50 79 -5 5 24 39

0 20 91 18 -2 13 18 5

0 17 50 99 -1 5 11 17

0 45 46 27 -15 5 29 11

0 4 22 36 -2 1 2 0

0 54 78 75 -7 0 2 10

0 39 89 84 -5 10 31 29

0 70 82 53 -3 22 39 34

0 47 79 31 -18 18 45 21

0 51 75 94 -10 17 26 6

0 14 33 36 -3 14 25 6

0 13 82 46 -18 2 13 4

0 7 91 76 -5 10 25 2

0 13 64 7 -20 24 35 10

0 56 75 67 -17 9 10 26

0 29 52 68 -15 3 10 39

0 13 49 56 -12 3 6 32

0 44 73 98 -3 20 48 22

0 47 84 96 -10 6 7 1

0 35 46 82 -10 9 37 2

0 5 99 49 -12 10 13 23


SAlphaB: 756.0, std-dev 261.4430845607634

Earliest win: 35
Latest win: 81

WinDepth:
0 0 0 0 0 0 0 0 0 0 0 0 0 0 0 0 0 0 0 0 0 0 0 0 0 0 0 0 0 0 0 0 0 0 0 3 1 18 2 17 6 26 11 32 33 67 42 170 69 140 134 330 167 291 222 425 337 559 379 540 509 669 638 817 827 947 909 969 990 979 924 1007 830 864 874 763 572 515 454 308 195 149 
SAlphaB:
0 0 0 0 0 0 0 0 0 0 0 0 0 0 0 0 0 0 0 0 0 0 0 0 0 0 0 0 0 0 0 0 0 0 0 3 1 18 2 17 6 26 11 32 33 67 42 170 69 140 134 330 167 291 222 425 337 559 379 540 509 669 638 817 827 947 909 969 990 979 924 1007 830 864 874 763 572 515 454 308 195 149 

LossDepth:
SAlphaB:
0 0 0 0 0 0 0 0 0 0 0 0 0 0 0 0 0 0 0 0 0 0 0 0 0 0 0 0 0 0 0 0 0 0 0 0 0 8 2 8 1 17 7 21 16 53 24 58 48 80 98 158 102 141 159 271 211 339 215 310 324 417 398 617 522 683 676 800 681 766 670 830 632 716 662 697 481 476 347 259 229 169 

FirstWin:
0 0 0 0 0 0 0 0 0 0 0 0 0 0 0 0 0 0 0 0 0 0 0 0 0 0 0 0 0 0 0 0 0 0 0 3 0 18 0 17 0 26 0 32 0 67 0 170 0 140 0 330 0 291 0 425 0 559 0 540 0 669 0 817 0 947 0 969 0 979 0 1007 0 864 0 763 0 515 0 308 0 149 
SAlphaB:
0 0 0 0 0 0 0 0 0 0 0 0 0 0 0 0 0 0 0 0 0 0 0 0 0 0 0 0 0 0 0 0 0 0 0 3 0 18 0 17 0 26 0 32 0 67 0 170 0 140 0 330 0 291 0 425 0 559 0 540 0 669 0 817 0 947 0 969 0 979 0 1007 0 864 0 763 0 515 0 308 0 149 

SecondWin:
0 0 0 0 0 0 0 0 0 0 0 0 0 0 0 0 0 0 0 0 0 0 0 0 0 0 0 0 0 0 0 0 0 0 0 0 1 0 2 0 6 0 11 0 33 0 42 0 69 0 134 0 167 0 222 0 337 0 379 0 509 0 638 0 827 0 909 0 990 0 924 0 830 0 874 0 572 0 454 0 195 0 
SAlphaB:
0 0 0 0 0 0 0 0 0 0 0 0 0 0 0 0 0 0 0 0 0 0 0 0 0 0 0 0 0 0 0 0 0 0 0 0 1 0 2 0 6 0 11 0 33 0 42 0 69 0 134 0 167 0 222 0 337 0 379 0 509 0 638 0 827 0 909 0 990 0 924 0 830 0 874 0 572 0 454 0 195 0 
