0 10 72 80 -7 1 6 7

0 47 96 49 -11 3 24 9

0 56 77 91 -12 3 7 10

0 28 47 56 -9 1 5 13

0 81 94 65 -8 12 45 28

0 44 73 98 -3 20 48 22

0 46 61 63 -2 9 19 18

0 95 96 39 -20 0 1 7

0 50 89 40 -9 3 12 33

0 51 75 94 -10 17 26 6

0 26 29 34 -20 0 7 4

0 86 94 26 -4 13 23 16

0 34 92 51 -3 6 39 30

0 49 86 44 -18 0 4 46

0 58 80 86 -18 0 1 36

0 62 74 64 -16 9 20 48

0 4 99 95 -5 15 34 24

0 30 33 52 -2 21 30 7

0 49 78 61 -8 17 24 4

0 62 86 46 -15 8 15 35

0 24 77 52 -6 0 6 36

0 38 60 90 -12 38 42 31

0 50 95 24 -19 19 43 27

0 66 97 58 -4 5 6 9

0 33 45 50 -8 14 21 40

0 25 41 19 -18 0 13 14

0 31 40 89 -3 0 1 9

0 41 42 8 -6 13 33 25

0 59 99 98 -7 8 49 0

0 3 48 54 -19 0 1 15

0 21 34 23 -12 0 1 35

0 57 72 59 -1 8 14 4

0 36 53 94 -12 12 15 49

0 18 43 47 -8 6 15 40

0 8 15 95 -5 14 19 11

0 63 69 13 -11 6 11 47

0 2 11 39 -11 0 1 4

0 24 59 10 -7 1 31 25

0 19 57 99 -18 1 3 38

0 5 86 43 -16 5 37 13

0 24 32 15 -19 1 2 28

0 18 84 24 -20 9 28 34

0 32 37 31 -7 35 48 33

0 7 65 59 -1 8 39 29

0 8 61 6 -18 27 31 28

0 13 42 53 -15 1 2 45

0 0 28 67 -18 7 10 8

0 8 62 69 -14 21 30 39

0 2 71 43 -4 10 12 17

0 52 75 48 -11 0 2 47

0 28 92 95 -15 29 43 49

0 66 87 21 -15 2 4 48

0 38 70 94 -12 5 6 30

0 36 73 51 -20 0 38 25

0 53 54 0 -10 17 24 37

0 22 31 49 -16 6 8 47

0 10 33 88 -20 37 40 14

0 46 60 32 -3 9 21 48

0 30 37 1 -3 13 16 34

0 41 71 2 -19 10 12 26

0 19 39 54 -18 2 4 42

0 5 93 50 -10 10 43 8

0 3 42 92 -10 0 2 15

0 0 42 22 -18 0 2 43

0 9 13 59 -20 12 32 36

0 18 40 65 -20 9 11 31

0 31 64 98 -16 41 44 44

0 40 52 23 -1 11 34 42

0 19 20 58 -5 36 38 19

0 8 11 4 -7 5 19 16

0 14 15 34 -9 5 30 9

0 8 30 69 -8 3 5 16

0 19 62 31 -7 16 38 42

0 5 78 52 -8 16 19 42

0 8 46 74 -2 1 33 2

0 14 30 6 -14 37 40 47

0 3 4 66 -16 19 35 4

0 0 10 18 -11 14 36 36

0 20 36 75 -1 20 30 0

0 2 69 18 -8 7 45 43

0 1 51 97 -3 13 45 8

0 8 22 2 -4 35 40 28

0 6 7 25 -10 23 30 5

0 21 54 46 -17 21 35 46

0 2 7 34 -6 8 12 19

0 15 21 30 -12 22 30 39

0 1 27 32 -3 20 27 34

0 7 42 68 -5 5 7 33

0 4 17 13 -2 9 44 23

0 1 3 54 -18 27 47 15

0 15 25 61 -19 32 37 0

0 16 17 42 -8 14 30 42

0 14 20 29 -1 4 47 0

0 12 37 17 -5 3 24 42

0 13 16 64 -8 6 26 4

0 5 9 19 -10 14 35 43

0 8 22 12 -4 7 27 49

0 1 2 73 -7 8 9 42

0 0 5 28 -2 13 21 28

0 0 2 7 -6 0 16 29


SAlphaB: 700.0, std-dev 267.55950966489905

Earliest win: 37
Latest win: 81

WinDepth:
0 0 0 0 0 0 0 0 0 0 0 0 0 0 0 0 0 0 0 0 0 0 0 0 0 0 0 0 0 0 0 0 0 0 0 0 0 4 0 3 4 4 5 22 2 25 18 40 29 84 40 155 76 134 104 164 94 233 134 192 153 268 207 319 292 378 350 350 449 426 469 420 447 407 447 377 282 247 219 142 113 60 
SAlphaB:
0 0 0 0 0 0 0 0 0 0 0 0 0 0 0 0 0 0 0 0 0 0 0 0 0 0 0 0 0 0 0 0 0 0 0 0 0 4 0 3 4 4 5 22 2 25 18 40 29 84 40 155 76 134 104 164 94 233 134 192 153 268 207 319 292 378 350 350 449 426 469 420 447 407 447 377 282 247 219 142 113 60 

LossDepth:
SAlphaB:
0 0 0 0 0 0 0 0 0 0 0 0 0 0 0 0 0 0 0 0 0 0 0 0 0 0 0 0 0 0 0 0 0 0 0 0 0 4 0 3 4 4 5 22 2 25 18 40 29 84 40 155 76 134 104 164 94 233 134 192 153 268 207 319 292 378 350 350 449 426 469 420 447 407 447 377 282 247 219 142 113 60 

FirstWin:
0 0 0 0 0 0 0 0 0 0 0 0 0 0 0 0 0 0 0 0 0 0 0 0 0 0 0 0 0 0 0 0 0 0 0 0 0 4 0 3 0 4 0 22 0 25 0 40 0 84 0 155 0 134 0 164 0 233 0 192 0 268 0 319 0 378 0 350 0 426 0 420 0 407 0 377 0 247 0 142 0 60 
SAlphaB:
0 0 0 0 0 0 0 0 0 0 0 0 0 0 0 0 0 0 0 0 0 0 0 0 0 0 0 0 0 0 0 0 0 0 0 0 0 4 0 3 0 4 0 22 0 25 0 40 0 84 0 155 0 134 0 164 0 233 0 192 0 268 0 319 0 378 0 350 0 426 0 420 0 407 0 377 0 247 0 142 0 60 

SecondWin:
0 0 0 0 0 0 0 0 0 0 0 0 0 0 0 0 0 0 0 0 0 0 0 0 0 0 0 0 0 0 0 0 0 0 0 0 0 0 0 0 4 0 5 0 2 0 18 0 29 0 40 0 76 0 104 0 94 0 134 0 153 0 207 0 292 0 350 0 449 0 469 0 447 0 447 0 282 0 219 0 113 0 
SAlphaB:
0 0 0 0 0 0 0 0 0 0 0 0 0 0 0 0 0 0 0 0 0 0 0 0 0 0 0 0 0 0 0 0 0 0 0 0 0 0 0 0 4 0 5 0 2 0 18 0 29 0 40 0 76 0 104 0 94 0 134 0 153 0 207 0 292 0 350 0 449 0 469 0 447 0 447 0 282 0 219 0 113 0 
