0 31 36 35 -12 3 4 2

0 23 71 19 -4 0 14 19

0 28 92 65 -2 0 21 2

0 24 43 68 -7 6 14 10

0 7 50 20 -12 0 5 7

0 29 44 87 -13 4 13 15

0 75 98 35 -17 1 38 29

0 36 62 95 -12 6 8 11

0 59 82 97 -5 4 39 25

0 68 89 89 -7 9 31 46

0 46 47 37 -10 0 1 9

0 28 56 80 -15 3 15 31

0 59 62 5 -6 1 15 15

0 15 83 27 -14 5 17 8

0 31 81 50 -9 14 37 15

0 8 67 90 -8 28 37 27

0 26 73 59 -11 46 48 6

0 32 68 46 -9 8 25 16

0 26 40 74 -16 2 15 2

0 44 52 33 -20 8 11 14

0 37 68 82 -19 0 7 47

0 11 80 79 -17 17 41 31

0 22 84 51 -15 10 24 8

0 34 38 56 -18 9 12 0

0 31 58 31 -11 33 44 25

0 11 75 42 -16 22 24 7

0 26 37 1 -17 25 33 25

0 21 23 47 -8 16 24 13

0 31 68 31 -10 4 24 40

0 21 83 32 -6 31 39 16

0 62 65 31 -9 20 28 13

0 3 66 96 -8 21 39 26

0 36 61 29 -17 1 12 39

0 3 73 43 -9 11 21 6

0 42 65 74 -17 1 22 29

0 24 62 48 -9 32 43 2

0 6 16 68 -1 7 8 16

0 43 57 27 -19 3 8 46

0 14 21 12 -6 18 25 10

0 2 29 80 -11 32 35 3

0 38 44 81 -9 10 28 8

0 2 69 78 -2 30 48 24

0 58 63 78 -3 45 47 11

0 30 91 37 -18 10 47 28

0 11 38 98 -14 2 22 1

0 33 35 32 -5 6 28 28

0 11 84 41 -11 29 49 42

0 64 95 2 -20 6 10 40

0 58 65 72 -12 22 28 23

0 13 50 3 -3 3 14 33

0 25 82 2 -18 36 49 25

0 11 36 1 -17 1 2 29

0 8 63 39 -3 5 26 32

0 28 38 83 -9 12 23 40

0 27 35 26 -9 3 4 46

0 15 40 79 -6 7 11 40

0 3 14 68 -20 34 36 41

0 14 58 41 -18 18 27 31

0 0 43 14 -10 34 39 33

0 15 25 28 -8 7 10 2

0 16 53 82 -3 5 21 42

0 30 55 79 -6 33 38 40

0 29 33 65 -17 14 16 3

0 54 83 82 -8 38 42 44

0 51 67 72 -16 14 18 43

0 66 71 56 -19 18 44 32

0 31 35 26 -19 2 19 37

0 7 15 90 -14 17 22 15

0 34 72 37 -4 20 24 23

0 2 67 76 -16 7 41 2

0 19 35 39 -3 18 23 33

0 66 73 42 -3 26 29 0

0 20 23 57 -20 14 23 15

0 46 57 68 -5 2 4 38

0 4 19 50 -8 11 27 15

0 13 39 10 -20 4 15 5

0 2 5 40 -9 10 11 13

0 11 60 34 -5 3 25 28

0 14 21 68 -2 7 30 13

0 1 77 47 -9 4 6 16

0 31 38 50 -2 5 38 43

0 5 11 22 -6 27 41 25

0 14 17 98 -19 8 15 43

0 19 23 9 -3 17 23 30

0 72 76 30 -16 41 44 2

0 14 18 70 -6 7 35 15

0 1 38 72 -2 6 46 40

0 0 3 8 -5 39 45 14

0 0 1 23 -3 16 24 27

0 0 15 12 -14 17 21 11

0 6 14 45 -16 12 27 40

0 6 16 26 -17 22 32 14

0 8 12 22 -15 3 22 37

0 5 23 65 -5 2 8 44

0 0 15 17 -4 3 49 43

0 10 76 16 -3 1 46 43

0 4 10 83 -17 34 37 22

0 0 5 56 -13 7 11 24

0 20 28 3 -13 10 21 48

0 3 11 25 -16 38 41 0


SAlphaB: 711.0, std-dev 270.51681411175116

Earliest win: 35
Latest win: 81

WinDepth:
0 0 0 0 0 0 0 0 0 0 0 0 0 0 0 0 0 0 0 0 0 0 0 0 0 0 0 0 0 0 0 0 0 0 0 2 0 15 1 3 16 7 1 19 13 16 18 46 35 72 102 188 119 115 87 136 112 192 136 147 150 239 237 323 324 311 363 360 521 368 454 472 402 408 414 383 246 268 175 132 102 90 
SAlphaB:
0 0 0 0 0 0 0 0 0 0 0 0 0 0 0 0 0 0 0 0 0 0 0 0 0 0 0 0 0 0 0 0 0 0 0 2 0 15 1 3 16 7 1 19 13 16 18 46 35 72 102 188 119 115 87 136 112 192 136 147 150 239 237 323 324 311 363 360 521 368 454 472 402 408 414 383 246 268 175 132 102 90 

LossDepth:
SAlphaB:
0 0 0 0 0 0 0 0 0 0 0 0 0 0 0 0 0 0 0 0 0 0 0 0 0 0 0 0 0 0 0 0 0 0 0 2 0 15 1 3 16 7 1 19 13 16 18 46 35 72 102 188 119 115 87 136 112 192 136 147 150 239 237 323 324 311 363 360 521 368 454 472 402 408 414 383 246 268 175 132 102 90 

FirstWin:
0 0 0 0 0 0 0 0 0 0 0 0 0 0 0 0 0 0 0 0 0 0 0 0 0 0 0 0 0 0 0 0 0 0 0 2 0 15 0 3 0 7 0 19 0 16 0 46 0 72 0 188 0 115 0 136 0 192 0 147 0 239 0 323 0 311 0 360 0 368 0 472 0 408 0 383 0 268 0 132 0 90 
SAlphaB:
0 0 0 0 0 0 0 0 0 0 0 0 0 0 0 0 0 0 0 0 0 0 0 0 0 0 0 0 0 0 0 0 0 0 0 2 0 15 0 3 0 7 0 19 0 16 0 46 0 72 0 188 0 115 0 136 0 192 0 147 0 239 0 323 0 311 0 360 0 368 0 472 0 408 0 383 0 268 0 132 0 90 

SecondWin:
0 0 0 0 0 0 0 0 0 0 0 0 0 0 0 0 0 0 0 0 0 0 0 0 0 0 0 0 0 0 0 0 0 0 0 0 0 0 1 0 16 0 1 0 13 0 18 0 35 0 102 0 119 0 87 0 112 0 136 0 150 0 237 0 324 0 363 0 521 0 454 0 402 0 414 0 246 0 175 0 102 0 
SAlphaB:
0 0 0 0 0 0 0 0 0 0 0 0 0 0 0 0 0 0 0 0 0 0 0 0 0 0 0 0 0 0 0 0 0 0 0 0 0 0 1 0 16 0 1 0 13 0 18 0 35 0 102 0 119 0 87 0 112 0 136 0 150 0 237 0 324 0 363 0 521 0 454 0 402 0 414 0 246 0 175 0 102 0 
