0 27 70 48 -6 0 14 15

0 29 75 58 -1 3 20 1

0 56 75 67 -17 9 10 26

0 35 46 82 -10 9 37 2

0 30 88 75 -10 2 15 38

0 29 52 68 -15 3 10 39

0 46 85 53 -15 2 6 11

0 32 48 27 -16 1 11 13

0 17 50 99 -1 5 11 17

0 59 62 72 -6 9 35 33

0 15 69 60 -7 5 6 18

0 69 90 87 -5 25 40 20

0 73 88 24 -6 16 35 15

0 41 64 87 -13 0 4 43

0 43 65 11 -16 1 13 26

0 23 58 34 -12 1 8 0

0 8 81 33 -8 16 34 9

0 15 48 98 -19 8 13 8

0 10 30 21 -6 0 8 19

0 24 27 94 -7 3 4 20

0 24 47 50 -9 10 24 32

0 32 67 61 -15 32 43 11

0 18 32 23 -2 25 36 15

0 12 22 68 -16 0 3 2

0 39 67 15 -6 2 23 35

0 57 74 6 -7 4 9 32

0 0 42 0 -9 6 24 8

0 3 5 22 -3 0 1 4

0 10 68 58 -3 12 33 24

0 43 53 43 -19 0 4 2

0 36 60 94 -8 1 6 35

0 70 81 77 -3 21 47 13

0 55 97 86 -7 24 30 6

0 11 70 41 -5 14 26 6

0 47 50 82 -10 0 34 29

0 19 39 20 -18 25 26 34

0 4 71 36 -8 5 20 17

0 3 28 27 -12 2 14 21

0 2 53 47 -1 40 45 14

0 56 62 41 -2 0 34 13

0 21 22 71 -3 24 39 13

0 71 77 28 -20 15 35 27

0 5 34 2 -4 0 3 38

0 65 68 63 -3 16 31 39

0 10 66 72 -14 5 19 35

0 26 48 25 -4 15 32 32

0 9 23 72 -2 10 21 23

0 30 67 79 -8 21 22 21

0 15 52 49 -13 24 44 33

0 14 18 86 -14 17 19 6

0 3 36 96 -4 13 23 42

0 18 23 91 -7 5 19 12

0 0 95 83 -2 2 37 17

0 86 89 90 -3 1 2 44

0 4 43 63 -4 36 41 42

0 16 29 2 -13 7 9 21

0 11 55 22 -13 6 7 12

0 18 74 34 -5 11 27 32

0 64 89 39 -3 5 24 49

0 36 60 94 -7 24 32 18

0 28 41 56 -16 17 20 3

0 5 71 48 -1 8 12 34

0 13 23 86 -13 12 16 41

0 12 19 64 -16 32 42 47

0 27 52 49 -16 32 33 26

0 24 56 74 -9 6 28 14

0 20 47 9 -7 20 24 20

0 5 75 18 -20 10 46 2

0 75 86 19 -18 31 35 49

0 37 55 47 -12 14 15 41

0 49 74 86 -20 22 37 28

0 4 76 22 -10 7 48 3

0 4 15 54 -19 1 3 38

0 2 39 2 -7 8 45 45

0 64 65 50 -10 33 40 37

0 2 54 99 -15 18 45 49

0 13 23 57 -5 22 23 41

0 17 56 0 -1 30 32 28

0 8 71 21 -3 12 30 43

0 11 13 5 -5 24 40 13

0 0 7 88 -12 31 43 49

0 4 19 22 -9 10 12 12

0 23 29 1 -2 3 4 32

0 0 1 62 -20 22 27 44

0 7 15 41 -6 0 25 5

0 0 14 8 -9 7 13 0

0 1 19 7 -17 20 33 15

0 0 1 7 -14 44 46 10

0 0 33 45 -3 30 42 2

0 1 18 36 -3 0 6 37

0 6 17 35 -15 1 41 49

0 4 10 52 -7 14 24 38

0 0 3 47 -3 28 32 38

0 8 12 12 -9 3 36 11

0 0 21 79 -8 11 31 37

0 2 12 68 -13 18 42 38

0 4 5 78 -20 11 22 26

0 0 21 48 -16 19 23 1

0 20 24 37 -5 25 37 49

0 8 20 8 -4 19 38 35


SAlphaB: 731.0, std-dev 274.7684421802872

Earliest win: 35
Latest win: 81

WinDepth:
0 0 0 0 0 0 0 0 0 0 0 0 0 0 0 0 0 0 0 0 0 0 0 0 0 0 0 0 0 0 0 0 0 0 0 1 0 0 0 2 0 7 2 12 9 19 14 45 29 75 74 246 86 131 82 209 115 209 123 218 154 257 244 325 341 346 451 346 456 385 476 434 433 398 360 347 260 246 176 136 111 91 
SAlphaB:
0 0 0 0 0 0 0 0 0 0 0 0 0 0 0 0 0 0 0 0 0 0 0 0 0 0 0 0 0 0 0 0 0 0 0 1 0 0 0 2 0 7 2 12 9 19 14 45 29 75 74 246 86 131 82 209 115 209 123 218 154 257 244 325 341 346 451 346 456 385 476 434 433 398 360 347 260 246 176 136 111 91 

LossDepth:
SAlphaB:
0 0 0 0 0 0 0 0 0 0 0 0 0 0 0 0 0 0 0 0 0 0 0 0 0 0 0 0 0 0 0 0 0 0 0 1 0 0 0 2 0 7 2 12 9 19 14 45 29 75 74 246 86 131 82 209 115 209 123 218 154 257 244 325 341 346 451 346 456 385 476 434 433 398 360 347 260 246 176 136 111 91 

FirstWin:
0 0 0 0 0 0 0 0 0 0 0 0 0 0 0 0 0 0 0 0 0 0 0 0 0 0 0 0 0 0 0 0 0 0 0 1 0 0 0 2 0 7 0 12 0 19 0 45 0 75 0 246 0 131 0 209 0 209 0 218 0 257 0 325 0 346 0 346 0 385 0 434 0 398 0 347 0 246 0 136 0 91 
SAlphaB:
0 0 0 0 0 0 0 0 0 0 0 0 0 0 0 0 0 0 0 0 0 0 0 0 0 0 0 0 0 0 0 0 0 0 0 1 0 0 0 2 0 7 0 12 0 19 0 45 0 75 0 246 0 131 0 209 0 209 0 218 0 257 0 325 0 346 0 346 0 385 0 434 0 398 0 347 0 246 0 136 0 91 

SecondWin:
0 0 0 0 0 0 0 0 0 0 0 0 0 0 0 0 0 0 0 0 0 0 0 0 0 0 0 0 0 0 0 0 0 0 0 0 0 0 0 0 0 0 2 0 9 0 14 0 29 0 74 0 86 0 82 0 115 0 123 0 154 0 244 0 341 0 451 0 456 0 476 0 433 0 360 0 260 0 176 0 111 0 
SAlphaB:
0 0 0 0 0 0 0 0 0 0 0 0 0 0 0 0 0 0 0 0 0 0 0 0 0 0 0 0 0 0 0 0 0 0 0 0 0 0 0 0 0 0 2 0 9 0 14 0 29 0 74 0 86 0 82 0 115 0 123 0 154 0 244 0 341 0 451 0 456 0 476 0 433 0 360 0 260 0 176 0 111 0 
