0 63 96 47 -7 12 13 9

0 21 83 79 -5 2 12 0

0 60 86 22 -5 11 25 8

0 52 92 89 -13 0 6 5

0 8 38 59 -5 5 11 8

0 45 50 79 -5 5 24 39

0 5 99 49 -12 10 13 23

0 33 52 78 -4 14 16 1

0 51 86 75 -15 4 7 22

0 45 46 27 -15 5 29 11

0 29 34 61 -20 0 7 9

0 55 75 87 -16 2 24 36

0 71 85 94 -14 9 33 10

0 35 60 42 -16 5 14 24

0 58 98 28 -4 0 1 11

0 66 85 56 -10 2 5 15

0 26 33 70 -5 0 19 25

0 12 40 13 -6 0 6 27

0 58 65 79 -1 16 36 28

0 3 94 65 -19 23 37 7

0 36 98 30 -13 2 5 41

0 16 45 65 -2 6 12 27

0 43 58 91 -5 3 4 20

0 37 95 94 -7 8 10 45

0 42 66 19 -10 10 26 10

0 27 81 54 -18 4 5 29

0 80 97 70 -4 5 14 11

0 39 78 85 -9 16 19 26

0 10 63 77 -10 33 48 10

0 30 51 25 -8 4 23 48

0 58 61 64 -18 28 37 6

0 27 39 73 -9 4 11 21

0 20 76 39 -6 5 29 30

0 14 45 26 -9 2 4 35

0 13 34 84 -5 6 12 20

0 33 60 11 -1 9 42 47

0 3 80 81 -19 44 45 19

0 67 96 69 -15 34 36 23

0 60 68 33 -12 21 34 19

0 46 50 23 -3 12 21 30

0 88 97 88 -12 5 12 29

0 65 87 42 -4 0 1 44

0 10 37 65 -2 16 19 1

0 19 91 19 -13 27 36 45

0 18 33 51 -17 2 10 38

0 2 99 86 -11 8 11 35

0 10 40 90 -16 6 40 17

0 48 52 34 -16 19 36 6

0 12 42 36 -17 14 24 23

0 0 20 49 -6 1 2 14

0 5 26 56 -4 0 20 23

0 3 68 22 -6 17 40 11

0 35 38 62 -4 7 13 44

0 49 70 81 -1 25 39 29

0 56 83 28 -9 34 45 37

0 21 52 28 -5 1 11 47

0 13 61 48 -14 8 36 41

0 48 65 15 -14 46 47 33

0 11 13 22 -19 6 8 21

0 8 28 27 -12 0 2 44

0 11 59 49 -10 38 44 42

0 8 24 37 -16 7 24 38

0 13 36 78 -7 17 38 6

0 2 18 74 -11 0 1 6

0 2 9 53 -13 26 27 10

0 21 92 41 -12 13 49 48

0 8 10 77 -5 7 12 16

0 0 68 40 -20 3 28 14

0 29 50 51 -18 11 45 44

0 17 38 47 -11 4 21 48

0 31 37 65 -7 2 8 47

0 11 14 43 -14 0 2 24

0 8 16 82 -18 28 35 33

0 0 4 81 -7 1 13 20

0 11 19 13 -8 28 34 40

0 27 31 59 -2 25 35 36

0 3 9 20 -10 3 7 37

0 11 13 84 -18 18 29 5

0 9 29 90 -1 7 48 19

0 67 80 48 -10 37 43 5

0 11 13 34 -14 2 27 23

0 6 11 82 -3 0 1 28

0 18 24 51 -20 34 47 1

0 12 35 63 -6 4 37 33

0 22 24 43 -9 7 34 26

0 16 20 53 -10 8 35 3

0 3 4 25 -9 2 9 10

0 15 22 52 -7 1 5 45

0 2 6 76 -20 16 49 33

0 4 11 22 -11 7 15 44

0 1 2 9 -18 11 27 19

0 5 34 51 -6 3 15 40

0 10 16 0 -4 0 33 9

0 5 7 8 -10 25 47 16

0 11 22 38 -7 4 32 49

0 12 13 44 -2 22 23 37

0 3 11 59 -8 4 44 10

0 10 11 78 -9 3 16 36

0 1 3 31 -5 0 47 45

0 5 13 84 -2 2 9 31


SAlphaB: 698.0, std-dev 253.21873883456908

Earliest win: 35
Latest win: 81

WinDepth:
0 0 0 0 0 0 0 0 0 0 0 0 0 0 0 0 0 0 0 0 0 0 0 0 0 0 0 0 0 0 0 0 0 0 0 1 1 6 0 5 11 3 0 14 23 36 20 34 23 50 63 123 75 133 108 167 132 202 156 197 201 214 245 318 296 393 389 378 445 344 425 448 421 400 418 396 298 261 202 155 102 86 
SAlphaB:
0 0 0 0 0 0 0 0 0 0 0 0 0 0 0 0 0 0 0 0 0 0 0 0 0 0 0 0 0 0 0 0 0 0 0 1 1 6 0 5 11 3 0 14 23 36 20 34 23 50 63 123 75 133 108 167 132 202 156 197 201 214 245 318 296 393 389 378 445 344 425 448 421 400 418 396 298 261 202 155 102 86 

LossDepth:
SAlphaB:
0 0 0 0 0 0 0 0 0 0 0 0 0 0 0 0 0 0 0 0 0 0 0 0 0 0 0 0 0 0 0 0 0 0 0 1 1 6 0 5 11 3 0 14 23 36 20 34 23 50 63 123 75 133 108 167 132 202 156 197 201 214 245 318 296 393 389 378 445 344 425 448 421 400 418 396 298 261 202 155 102 86 

FirstWin:
0 0 0 0 0 0 0 0 0 0 0 0 0 0 0 0 0 0 0 0 0 0 0 0 0 0 0 0 0 0 0 0 0 0 0 1 0 6 0 5 0 3 0 14 0 36 0 34 0 50 0 123 0 133 0 167 0 202 0 197 0 214 0 318 0 393 0 378 0 344 0 448 0 400 0 396 0 261 0 155 0 86 
SAlphaB:
0 0 0 0 0 0 0 0 0 0 0 0 0 0 0 0 0 0 0 0 0 0 0 0 0 0 0 0 0 0 0 0 0 0 0 1 0 6 0 5 0 3 0 14 0 36 0 34 0 50 0 123 0 133 0 167 0 202 0 197 0 214 0 318 0 393 0 378 0 344 0 448 0 400 0 396 0 261 0 155 0 86 

SecondWin:
0 0 0 0 0 0 0 0 0 0 0 0 0 0 0 0 0 0 0 0 0 0 0 0 0 0 0 0 0 0 0 0 0 0 0 0 1 0 0 0 11 0 0 0 23 0 20 0 23 0 63 0 75 0 108 0 132 0 156 0 201 0 245 0 296 0 389 0 445 0 425 0 421 0 418 0 298 0 202 0 102 0 
SAlphaB:
0 0 0 0 0 0 0 0 0 0 0 0 0 0 0 0 0 0 0 0 0 0 0 0 0 0 0 0 0 0 0 0 0 0 0 0 1 0 0 0 11 0 0 0 23 0 20 0 23 0 63 0 75 0 108 0 132 0 156 0 201 0 245 0 296 0 389 0 445 0 425 0 421 0 418 0 298 0 202 0 102 0 
