0 67 73 69 -19 2 40 36

0 73 88 47 -13 9 35 33

0 29 65 60 -10 4 9 10

0 14 54 5 -19 0 1 19

0 73 78 86 -9 1 19 36

0 12 37 35 -1 2 3 0

0 80 93 72 -18 14 48 41

0 47 58 56 -19 1 9 4

0 34 53 43 -17 8 18 17

0 45 56 50 -15 8 18 23

0 64 77 93 -11 14 26 3

0 66 93 20 -1 3 34 33

0 5 78 61 -9 10 26 36

0 10 68 51 -3 16 44 19

0 0 68 40 -8 12 28 26

0 76 87 14 -8 0 48 37

0 15 86 36 -19 5 6 10

0 19 98 13 -9 19 39 31

0 28 42 54 -2 5 14 33

0 61 62 11 -17 2 19 25

0 45 52 18 -8 0 22 6

0 10 50 70 -4 2 9 12

0 25 50 44 -9 3 10 32

0 30 47 17 -13 6 22 33

0 10 53 76 -13 0 9 15

0 14 79 90 -12 2 4 36

0 23 42 55 -12 10 14 2

0 40 50 15 -12 3 16 9

0 7 56 61 -9 12 25 33

0 39 42 46 -7 0 1 17

0 40 74 49 -6 18 29 0

0 52 73 33 -6 2 7 43

0 29 50 38 -12 0 14 2

0 9 52 22 -17 1 3 35

0 48 58 66 -2 8 13 43

0 30 62 29 -1 1 2 41

0 12 33 57 -1 11 36 31

0 30 52 85 -5 5 7 26

0 27 68 51 -2 21 24 27

0 30 56 77 -12 2 22 46

0 20 36 53 -18 18 37 35

0 13 57 84 -8 34 45 2

0 95 96 7 -16 0 1 32

0 30 63 22 -6 14 15 15

0 28 50 35 -17 22 36 23

0 50 64 92 -13 24 46 29

0 75 92 67 -20 18 22 3

0 55 88 5 -17 14 23 44

0 14 89 45 -16 2 13 49

0 17 41 41 -3 17 21 9

0 12 42 55 -18 14 22 15

0 91 94 4 -18 15 17 28

0 41 50 83 -7 8 13 44

0 38 44 19 -5 19 46 27

0 2 68 20 -2 15 43 14

0 14 92 36 -3 34 38 2

0 35 86 37 -18 19 32 42

0 63 64 5 -14 2 3 33

0 1 16 96 -11 7 16 17

0 27 54 82 -20 40 47 47

0 25 33 94 -11 22 25 44

0 7 11 61 -18 6 14 13

0 4 44 21 -2 37 44 0

0 3 11 69 -18 41 47 39

0 8 61 34 -6 8 13 48

0 13 27 58 -3 32 49 13

0 0 4 56 -12 14 30 17

0 0 83 53 -2 1 2 31

0 9 21 36 -10 3 4 38

0 28 36 78 -14 0 12 45

0 45 49 20 -9 15 19 49

0 17 18 29 -2 23 25 37

0 7 47 40 -19 24 33 48

0 0 1 24 -16 17 26 28

0 7 8 69 -15 25 34 36

0 1 2 80 -17 12 16 36

0 15 30 80 -14 16 46 11

0 3 13 77 -19 10 14 37

0 18 19 31 -18 5 34 31

0 5 55 37 -16 25 38 41

0 17 89 60 -10 4 45 49

0 1 14 48 -17 19 23 15

0 18 35 21 -20 6 45 46

0 1 33 9 -2 43 45 36

0 11 18 35 -15 7 39 49

0 8 17 29 -16 6 29 39

0 27 32 76 -2 0 11 43

0 10 13 6 -13 1 3 36

0 3 20 79 -18 3 13 46

0 7 15 11 -10 14 45 29

0 1 60 43 -5 4 45 7

0 5 8 18 -13 2 7 25

0 9 17 33 -16 0 31 41

0 25 27 16 -15 2 48 34

0 4 11 80 -5 0 31 40

0 5 7 35 -3 8 17 42

0 1 4 54 -2 20 31 44

0 2 12 69 -18 12 38 33

0 4 32 5 -3 0 18 46

0 0 5 14 -2 13 19 31


SAlphaB: 712.0, std-dev 271.1186073334404

Earliest win: 35
Latest win: 81

WinDepth:
0 0 0 0 0 0 0 0 0 0 0 0 0 0 0 0 0 0 0 0 0 0 0 0 0 0 0 0 0 0 0 0 0 0 0 2 1 1 1 4 0 7 4 28 19 32 20 26 16 54 64 162 65 122 114 196 112 200 142 169 154 234 248 334 353 403 375 397 415 429 466 418 402 363 412 391 275 242 188 154 96 86 
SAlphaB:
0 0 0 0 0 0 0 0 0 0 0 0 0 0 0 0 0 0 0 0 0 0 0 0 0 0 0 0 0 0 0 0 0 0 0 2 1 1 1 4 0 7 4 28 19 32 20 26 16 54 64 162 65 122 114 196 112 200 142 169 154 234 248 334 353 403 375 397 415 429 466 418 402 363 412 391 275 242 188 154 96 86 

LossDepth:
SAlphaB:
0 0 0 0 0 0 0 0 0 0 0 0 0 0 0 0 0 0 0 0 0 0 0 0 0 0 0 0 0 0 0 0 0 0 0 2 1 1 1 4 0 7 4 28 19 32 20 26 16 54 64 162 65 122 114 196 112 200 142 169 154 234 248 334 353 403 375 397 415 429 466 418 402 363 412 391 275 242 188 154 96 86 

FirstWin:
0 0 0 0 0 0 0 0 0 0 0 0 0 0 0 0 0 0 0 0 0 0 0 0 0 0 0 0 0 0 0 0 0 0 0 2 0 1 0 4 0 7 0 28 0 32 0 26 0 54 0 162 0 122 0 196 0 200 0 169 0 234 0 334 0 403 0 397 0 429 0 418 0 363 0 391 0 242 0 154 0 86 
SAlphaB:
0 0 0 0 0 0 0 0 0 0 0 0 0 0 0 0 0 0 0 0 0 0 0 0 0 0 0 0 0 0 0 0 0 0 0 2 0 1 0 4 0 7 0 28 0 32 0 26 0 54 0 162 0 122 0 196 0 200 0 169 0 234 0 334 0 403 0 397 0 429 0 418 0 363 0 391 0 242 0 154 0 86 

SecondWin:
0 0 0 0 0 0 0 0 0 0 0 0 0 0 0 0 0 0 0 0 0 0 0 0 0 0 0 0 0 0 0 0 0 0 0 0 1 0 1 0 0 0 4 0 19 0 20 0 16 0 64 0 65 0 114 0 112 0 142 0 154 0 248 0 353 0 375 0 415 0 466 0 402 0 412 0 275 0 188 0 96 0 
SAlphaB:
0 0 0 0 0 0 0 0 0 0 0 0 0 0 0 0 0 0 0 0 0 0 0 0 0 0 0 0 0 0 0 0 0 0 0 0 1 0 1 0 0 0 4 0 19 0 20 0 16 0 64 0 65 0 114 0 112 0 142 0 154 0 248 0 353 0 375 0 415 0 466 0 402 0 412 0 275 0 188 0 96 0 
