0 47 56 60 -19 4 6 27

0 4 22 36 -2 1 2 0

0 28 93 45 -14 0 3 27

0 41 79 65 -12 12 23 49

0 30 96 45 -9 4 18 17

0 33 35 43 -13 2 4 8

0 47 79 31 -18 18 45 21

0 70 82 53 -3 22 39 34

0 64 69 20 -11 13 28 4

0 84 90 29 -16 11 21 31

0 70 87 7 -4 20 31 5

0 5 99 96 -4 8 26 3

0 33 48 56 -15 17 39 0

0 12 58 73 -17 15 20 19

0 40 87 4 -20 7 15 32

0 23 75 71 -6 3 4 6

0 32 78 5 -10 15 29 15

0 24 97 76 -8 7 19 18

0 69 96 20 -10 6 27 39

0 79 95 38 -20 11 27 40

0 56 78 38 -11 12 42 27

0 5 52 58 -14 35 37 12

0 7 49 35 -8 0 18 21

0 9 85 92 -10 6 38 42

0 11 38 43 -19 11 29 39

0 37 62 10 -4 3 23 32

0 59 94 1 -9 9 32 0

0 24 65 75 -13 23 25 12

0 46 82 23 -10 30 34 18

0 29 61 12 -2 11 38 12

0 43 79 50 -19 10 24 19

0 1 31 71 -16 4 6 23

0 33 36 61 -7 5 16 22

0 16 37 90 -12 3 4 0

0 28 75 34 -10 3 17 37

0 13 85 50 -3 3 10 7

0 41 56 0 -16 11 41 48

0 17 29 76 -3 19 33 49

0 85 91 94 -7 26 41 38

0 45 96 69 -12 7 10 29

0 4 32 93 -4 16 23 9

0 32 35 81 -9 18 30 36

0 28 86 58 -5 1 7 26

0 40 59 35 -11 22 33 13

0 5 9 38 -6 23 26 24

0 5 50 30 -4 1 22 13

0 28 31 59 -4 4 10 31

0 9 11 75 -3 8 13 16

0 17 88 37 -12 13 28 40

0 15 41 35 -14 20 28 26

0 34 74 35 -4 18 22 2

0 79 88 80 -5 1 8 34

0 17 31 39 -17 9 13 15

0 23 36 10 -13 13 17 28

0 3 22 61 -4 21 22 7

0 11 34 12 -9 11 41 38

0 4 12 49 -15 6 14 22

0 7 22 45 -14 13 25 48

0 16 94 19 -2 20 39 16

0 30 84 5 -18 38 41 30

0 68 72 4 -19 16 30 11

0 22 43 80 -9 2 24 10

0 15 98 40 -20 44 46 3

0 4 15 96 -1 13 27 26

0 42 76 72 -12 11 47 17

0 19 21 8 -12 46 49 9

0 21 41 24 -2 6 42 14

0 19 24 80 -16 44 45 7

0 23 40 18 -10 23 41 40

0 4 32 80 -11 17 20 33

0 23 46 10 -20 17 19 38

0 6 25 68 -4 0 3 45

0 9 17 32 -19 11 33 29

0 20 21 47 -13 6 29 15

0 6 10 6 -18 41 42 44

0 18 44 52 -19 9 12 30

0 8 9 73 -2 22 36 13

0 20 78 48 -1 20 30 30

0 4 16 4 -15 1 2 8

0 7 40 89 -20 22 47 8

0 4 20 98 -11 16 39 14

0 1 12 15 -14 20 26 42

0 0 25 50 -10 19 30 12

0 17 28 71 -15 3 18 21

0 21 28 4 -13 11 16 43

0 68 88 21 -1 0 2 47

0 19 24 12 -13 33 48 6

0 12 24 63 -2 23 24 47

0 9 16 0 -18 23 26 48

0 20 21 0 -7 12 38 5

0 0 10 22 -12 9 42 29

0 17 18 56 -15 1 26 30

0 17 43 87 -18 4 31 33

0 4 18 20 -13 13 24 49

0 4 9 4 -17 13 23 30

0 3 9 63 -13 18 28 48

0 2 16 76 -18 7 37 4

0 3 9 9 -2 21 43 45

0 26 32 19 -2 24 45 42

0 10 11 25 -6 26 27 47


SAlphaB: 689.0, std-dev 260.0963404454805

Earliest win: 37
Latest win: 81

WinDepth:
0 0 0 0 0 0 0 0 0 0 0 0 0 0 0 0 0 0 0 0 0 0 0 0 0 0 0 0 0 0 0 0 0 0 0 0 0 5 0 8 1 3 2 9 9 9 8 25 19 38 58 198 108 129 67 208 112 193 144 135 175 207 233 318 309 393 448 369 501 438 450 444 445 441 358 313 244 267 146 139 115 74 
SAlphaB:
0 0 0 0 0 0 0 0 0 0 0 0 0 0 0 0 0 0 0 0 0 0 0 0 0 0 0 0 0 0 0 0 0 0 0 0 0 5 0 8 1 3 2 9 9 9 8 25 19 38 58 198 108 129 67 208 112 193 144 135 175 207 233 318 309 393 448 369 501 438 450 444 445 441 358 313 244 267 146 139 115 74 

LossDepth:
SAlphaB:
0 0 0 0 0 0 0 0 0 0 0 0 0 0 0 0 0 0 0 0 0 0 0 0 0 0 0 0 0 0 0 0 0 0 0 0 0 5 0 8 1 3 2 9 9 9 8 25 19 38 58 198 108 129 67 208 112 193 144 135 175 207 233 318 309 393 448 369 501 438 450 444 445 441 358 313 244 267 146 139 115 74 

FirstWin:
0 0 0 0 0 0 0 0 0 0 0 0 0 0 0 0 0 0 0 0 0 0 0 0 0 0 0 0 0 0 0 0 0 0 0 0 0 5 0 8 0 3 0 9 0 9 0 25 0 38 0 198 0 129 0 208 0 193 0 135 0 207 0 318 0 393 0 369 0 438 0 444 0 441 0 313 0 267 0 139 0 74 
SAlphaB:
0 0 0 0 0 0 0 0 0 0 0 0 0 0 0 0 0 0 0 0 0 0 0 0 0 0 0 0 0 0 0 0 0 0 0 0 0 5 0 8 0 3 0 9 0 9 0 25 0 38 0 198 0 129 0 208 0 193 0 135 0 207 0 318 0 393 0 369 0 438 0 444 0 441 0 313 0 267 0 139 0 74 

SecondWin:
0 0 0 0 0 0 0 0 0 0 0 0 0 0 0 0 0 0 0 0 0 0 0 0 0 0 0 0 0 0 0 0 0 0 0 0 0 0 0 0 1 0 2 0 9 0 8 0 19 0 58 0 108 0 67 0 112 0 144 0 175 0 233 0 309 0 448 0 501 0 450 0 445 0 358 0 244 0 146 0 115 0 
SAlphaB:
0 0 0 0 0 0 0 0 0 0 0 0 0 0 0 0 0 0 0 0 0 0 0 0 0 0 0 0 0 0 0 0 0 0 0 0 0 0 0 0 1 0 2 0 9 0 8 0 19 0 58 0 108 0 67 0 112 0 144 0 175 0 233 0 309 0 448 0 501 0 450 0 445 0 358 0 244 0 146 0 115 0 
