0 58 89 44 -18 1 18 34

0 54 78 75 -7 0 2 10

0 39 91 2 -17 4 7 12

0 36 93 11 -12 0 21 25

0 3 99 35 -8 4 5 7

0 20 91 18 -2 13 18 5

0 48 58 71 -6 1 19 25

0 56 78 95 -9 5 40 31

0 58 87 85 -14 3 5 37

0 63 77 37 -11 1 10 25

0 63 66 41 -7 4 24 5

0 71 84 81 -8 17 22 26

0 23 25 40 -7 2 26 7

0 10 74 85 -10 17 41 34

0 28 53 18 -7 0 1 16

0 36 52 79 -17 6 24 3

0 53 72 4 -1 7 23 34

0 14 91 70 -7 5 17 16

0 2 63 56 -2 10 27 32

0 29 86 58 -14 21 49 11

0 26 35 48 -5 36 43 30

0 17 53 92 -20 12 32 18

0 48 54 23 -15 2 6 37

0 33 77 38 -9 7 9 15

0 31 45 93 -14 2 8 21

0 16 79 64 -6 4 12 11

0 24 38 71 -1 11 33 26

0 34 63 31 -14 4 5 6

0 56 91 49 -3 30 47 41

0 32 64 2 -7 12 14 37

0 21 92 5 -18 18 37 7

0 25 59 76 -17 23 42 16

0 35 72 47 -3 0 19 29

0 55 95 62 -2 25 49 28

0 7 90 20 -4 1 7 14

0 3 32 93 -7 22 24 20

0 12 40 88 -1 24 43 39

0 7 21 75 -4 4 9 13

0 2 21 13 -3 12 16 12

0 25 93 58 -13 20 24 23

0 68 85 71 -16 2 9 47

0 1 38 62 -2 11 18 24

0 6 92 1 -17 11 16 48

0 6 98 97 -10 2 3 3

0 31 58 18 -19 4 7 21

0 2 29 60 -13 12 17 38

0 4 93 4 -8 10 19 28

0 9 17 51 -6 1 5 12

0 31 39 59 -20 1 5 40

0 21 87 33 -19 36 44 41

0 18 21 21 -8 35 36 27

0 66 68 52 -6 28 37 47

0 19 27 71 -14 6 28 31

0 0 2 51 -9 2 6 22

0 73 75 84 -14 0 32 13

0 38 47 83 -11 1 43 21

0 46 57 45 -16 4 44 45

0 40 74 7 -18 29 38 42

0 67 71 75 -20 24 27 3

0 0 1 74 -14 24 31 27

0 1 14 76 -17 12 14 2

0 47 60 35 -3 21 44 20

0 12 67 32 -15 1 9 42

0 50 85 60 -17 1 46 47

0 4 14 13 -15 20 42 4

0 16 21 52 -14 13 14 26

0 1 30 8 -20 8 22 29

0 28 50 89 -13 1 39 25

0 8 11 47 -17 14 26 7

0 9 27 32 -12 4 30 13

0 35 61 31 -15 26 30 0

0 27 57 46 -12 20 22 49

0 2 7 88 -15 0 2 2

0 26 60 5 -16 32 34 4

0 8 63 90 -15 12 44 17

0 21 35 91 -16 10 43 24

0 14 34 26 -2 8 17 39

0 7 16 7 -20 28 35 17

0 4 18 90 -17 0 7 5

0 2 40 84 -11 35 41 25

0 3 10 64 -12 33 46 10

0 7 12 76 -13 12 19 34

0 1 8 33 -10 2 12 15

0 0 34 68 -3 4 33 8

0 0 13 65 -9 8 27 35

0 27 83 80 -10 20 23 2

0 3 10 65 -9 6 15 39

0 0 55 47 -8 7 26 33

0 36 44 40 -18 20 37 45

0 16 24 84 -14 0 38 38

0 0 2 52 -6 15 16 25

0 6 14 19 -20 3 9 4

0 3 13 93 -2 12 24 13

0 4 18 72 -3 23 36 1

0 1 4 73 -12 1 4 38

0 1 14 42 -16 35 37 30

0 1 24 17 -19 10 49 39

0 8 11 21 -2 16 24 28

0 4 8 30 -10 1 3 48

0 5 8 10 -6 3 17 45


SAlphaB: 706.0, std-dev 256.35304373130236

Earliest win: 37
Latest win: 81

WinDepth:
0 0 0 0 0 0 0 0 0 0 0 0 0 0 0 0 0 0 0 0 0 0 0 0 0 0 0 0 0 0 0 0 0 0 0 0 0 2 2 1 2 3 2 14 10 15 15 59 29 81 46 207 101 108 80 155 141 155 140 164 187 222 235 321 347 348 435 364 407 409 432 425 422 388 447 343 312 243 183 134 99 87 
SAlphaB:
0 0 0 0 0 0 0 0 0 0 0 0 0 0 0 0 0 0 0 0 0 0 0 0 0 0 0 0 0 0 0 0 0 0 0 0 0 2 2 1 2 3 2 14 10 15 15 59 29 81 46 207 101 108 80 155 141 155 140 164 187 222 235 321 347 348 435 364 407 409 432 425 422 388 447 343 312 243 183 134 99 87 

LossDepth:
SAlphaB:
0 0 0 0 0 0 0 0 0 0 0 0 0 0 0 0 0 0 0 0 0 0 0 0 0 0 0 0 0 0 0 0 0 0 0 0 0 2 2 1 2 3 2 14 10 15 15 59 29 81 46 207 101 108 80 155 141 155 140 164 187 222 235 321 347 348 435 364 407 409 432 425 422 388 447 343 312 243 183 134 99 87 

FirstWin:
0 0 0 0 0 0 0 0 0 0 0 0 0 0 0 0 0 0 0 0 0 0 0 0 0 0 0 0 0 0 0 0 0 0 0 0 0 2 0 1 0 3 0 14 0 15 0 59 0 81 0 207 0 108 0 155 0 155 0 164 0 222 0 321 0 348 0 364 0 409 0 425 0 388 0 343 0 243 0 134 0 87 
SAlphaB:
0 0 0 0 0 0 0 0 0 0 0 0 0 0 0 0 0 0 0 0 0 0 0 0 0 0 0 0 0 0 0 0 0 0 0 0 0 2 0 1 0 3 0 14 0 15 0 59 0 81 0 207 0 108 0 155 0 155 0 164 0 222 0 321 0 348 0 364 0 409 0 425 0 388 0 343 0 243 0 134 0 87 

SecondWin:
0 0 0 0 0 0 0 0 0 0 0 0 0 0 0 0 0 0 0 0 0 0 0 0 0 0 0 0 0 0 0 0 0 0 0 0 0 0 2 0 2 0 2 0 10 0 15 0 29 0 46 0 101 0 80 0 141 0 140 0 187 0 235 0 347 0 435 0 407 0 432 0 422 0 447 0 312 0 183 0 99 0 
SAlphaB:
0 0 0 0 0 0 0 0 0 0 0 0 0 0 0 0 0 0 0 0 0 0 0 0 0 0 0 0 0 0 0 0 0 0 0 0 0 0 2 0 2 0 2 0 10 0 15 0 29 0 46 0 101 0 80 0 141 0 140 0 187 0 235 0 347 0 435 0 407 0 432 0 422 0 447 0 312 0 183 0 99 0 
