0 25 90 43 -7 3 10 24

0 20 90 61 -18 0 8 23

0 59 98 88 -17 0 19 39

0 13 31 74 -6 12 17 21

0 39 89 84 -5 10 31 29

0 67 84 78 -4 2 6 7

0 58 72 58 -11 5 17 15

0 58 96 71 -9 11 12 0

0 63 85 66 -5 6 33 27

0 14 33 36 -3 14 25 6

0 66 97 33 -19 0 7 5

0 28 68 39 -1 4 8 25

0 29 78 87 -6 3 22 0

0 11 67 0 -6 0 17 25

0 31 42 17 -9 3 8 22

0 74 98 90 -5 5 13 38

0 5 62 88 -20 6 12 35

0 18 93 16 -14 5 12 7

0 13 21 45 -19 0 2 2

0 53 88 26 -6 22 29 28

0 27 90 24 -2 11 28 24

0 4 78 34 -3 1 2 29

0 36 84 25 -18 14 38 5

0 65 67 61 -9 19 33 22

0 24 60 50 -2 14 23 44

0 19 47 63 -19 1 9 42

0 30 37 49 -17 1 8 22

0 33 44 55 -6 19 34 17

0 25 93 18 -7 32 47 5

0 30 87 8 -18 5 16 44

0 18 63 70 -18 11 24 28

0 15 43 71 -10 7 25 0

0 2 57 91 -12 1 2 16

0 37 50 7 -18 30 39 19

0 52 76 61 -11 11 18 2

0 22 56 10 -5 0 15 37

0 59 86 72 -10 17 35 0

0 0 95 6 -11 12 40 25

0 69 89 68 -18 39 47 33

0 66 75 34 -6 3 23 5

0 40 50 30 -16 4 15 40

0 36 80 21 -16 19 24 49

0 12 74 1 -19 21 34 32

0 3 16 47 -10 0 5 9

0 3 57 99 -15 6 9 21

0 97 98 6 -2 23 26 31

0 42 70 74 -9 23 25 26

0 4 56 82 -8 32 46 18

0 31 34 81 -7 0 20 42

0 52 91 39 -2 31 33 37

0 14 59 73 -12 3 21 36

0 2 70 63 -15 1 6 20

0 14 75 45 -6 16 39 12

0 33 39 84 -2 30 37 33

0 14 38 52 -9 7 22 2

0 28 84 41 -12 6 32 1

0 13 33 15 -13 25 46 28

0 18 81 44 -8 9 42 21

0 32 36 82 -18 7 34 42

0 2 70 48 -15 16 46 3

0 13 84 12 -1 24 36 17

0 18 59 71 -9 4 21 48

0 52 62 41 -18 21 33 46

0 5 19 83 -15 0 1 30

0 39 57 74 -4 29 41 1

0 8 11 41 -9 0 17 1

0 37 55 4 -11 23 25 11

0 5 28 89 -5 14 37 17

0 4 8 45 -4 10 26 5

0 4 9 66 -14 0 16 20

0 18 60 34 -4 30 33 24

0 5 6 94 -12 12 17 40

0 20 55 78 -9 39 42 32

0 4 18 34 -20 2 21 3

0 7 17 11 -12 3 11 32

0 18 23 29 -15 1 16 36

0 7 10 77 -19 5 9 13

0 1 53 76 -6 14 43 18

0 0 1 39 -11 1 18 19

0 0 1 15 -17 0 1 5

0 1 4 78 -16 25 45 19

0 8 13 44 -19 27 30 45

0 12 17 24 -3 20 25 28

0 3 18 89 -8 10 24 45

0 4 8 17 -7 22 27 29

0 9 28 65 -10 1 20 43

0 13 23 12 -20 15 37 1

0 3 4 50 -10 25 31 7

0 14 19 3 -12 5 6 25

0 11 17 56 -20 13 22 0

0 11 24 87 -15 2 32 29

0 5 8 89 -4 20 35 42

0 0 26 85 -5 0 49 6

0 0 3 92 -17 14 22 0

0 0 3 78 -5 9 44 23

0 1 2 50 -6 18 49 31

0 9 12 52 -17 2 9 42

0 4 5 7 -17 7 11 24

0 1 2 32 -5 30 43 3

0 0 2 91 -6 2 6 38


SAlphaB: 705.0, std-dev 268.6333431097172

Earliest win: 36
Latest win: 81

WinDepth:
0 0 0 0 0 0 0 0 0 0 0 0 0 0 0 0 0 0 0 0 0 0 0 0 0 0 0 0 0 0 0 0 0 0 0 0 2 12 1 1 2 1 3 11 27 21 18 54 29 89 74 195 78 137 75 211 129 195 180 182 164 234 254 365 317 334 378 385 393 370 404 437 421 391 365 377 270 247 180 135 84 72 
SAlphaB:
0 0 0 0 0 0 0 0 0 0 0 0 0 0 0 0 0 0 0 0 0 0 0 0 0 0 0 0 0 0 0 0 0 0 0 0 2 12 1 1 2 1 3 11 27 21 18 54 29 89 74 195 78 137 75 211 129 195 180 182 164 234 254 365 317 334 378 385 393 370 404 437 421 391 365 377 270 247 180 135 84 72 

LossDepth:
SAlphaB:
0 0 0 0 0 0 0 0 0 0 0 0 0 0 0 0 0 0 0 0 0 0 0 0 0 0 0 0 0 0 0 0 0 0 0 0 2 12 1 1 2 1 3 11 27 21 18 54 29 89 74 195 78 137 75 211 129 195 180 182 164 234 254 365 317 334 378 385 393 370 404 437 421 391 365 377 270 247 180 135 84 72 

FirstWin:
0 0 0 0 0 0 0 0 0 0 0 0 0 0 0 0 0 0 0 0 0 0 0 0 0 0 0 0 0 0 0 0 0 0 0 0 0 12 0 1 0 1 0 11 0 21 0 54 0 89 0 195 0 137 0 211 0 195 0 182 0 234 0 365 0 334 0 385 0 370 0 437 0 391 0 377 0 247 0 135 0 72 
SAlphaB:
0 0 0 0 0 0 0 0 0 0 0 0 0 0 0 0 0 0 0 0 0 0 0 0 0 0 0 0 0 0 0 0 0 0 0 0 0 12 0 1 0 1 0 11 0 21 0 54 0 89 0 195 0 137 0 211 0 195 0 182 0 234 0 365 0 334 0 385 0 370 0 437 0 391 0 377 0 247 0 135 0 72 

SecondWin:
0 0 0 0 0 0 0 0 0 0 0 0 0 0 0 0 0 0 0 0 0 0 0 0 0 0 0 0 0 0 0 0 0 0 0 0 2 0 1 0 2 0 3 0 27 0 18 0 29 0 74 0 78 0 75 0 129 0 180 0 164 0 254 0 317 0 378 0 393 0 404 0 421 0 365 0 270 0 180 0 84 0 
SAlphaB:
0 0 0 0 0 0 0 0 0 0 0 0 0 0 0 0 0 0 0 0 0 0 0 0 0 0 0 0 0 0 0 0 0 0 0 0 2 0 1 0 2 0 3 0 27 0 18 0 29 0 74 0 78 0 75 0 129 0 180 0 164 0 254 0 317 0 378 0 393 0 404 0 421 0 365 0 270 0 180 0 84 0 
