0 44 88 8 -14 1 16 35

0 17 57 35 -4 2 10 1

0 30 93 23 -9 6 16 27

0 61 84 54 -2 11 20 24

0 62 86 70 -4 5 29 31

0 30 62 18 -9 3 16 16

0 26 67 9 -17 3 10 11

0 55 87 20 -2 5 19 9

0 17 63 71 -14 0 11 5

0 57 86 3 -1 11 35 4

0 61 75 86 -18 9 29 43

0 31 70 49 -18 2 12 41

0 55 91 59 -14 0 35 36

0 17 68 3 -13 0 10 8

0 30 60 27 -18 2 8 31

0 66 88 92 -12 17 29 1

0 38 69 33 -4 2 33 8

0 39 59 82 -10 2 9 17

0 53 94 65 -13 0 5 19

0 95 97 14 -8 12 43 15

0 66 96 53 -15 10 31 22

0 66 78 59 -8 2 6 17

0 70 72 92 -17 6 25 6

0 50 94 28 -6 12 19 43

0 49 77 19 -14 3 10 46

0 52 95 31 -8 4 10 14

0 57 71 29 -4 11 36 9

0 47 79 27 -17 22 45 4

0 50 96 2 -14 3 13 35

0 56 75 27 -17 1 8 13

0 7 61 70 -6 4 9 13

0 45 58 36 -8 8 20 9

0 51 55 95 -20 10 19 6

0 26 87 26 -2 3 24 18

0 60 91 67 -5 7 40 15

0 17 69 33 -19 0 8 19

0 61 78 46 -2 7 11 7

0 44 70 73 -8 7 8 26

0 78 99 34 -18 12 22 27

0 86 87 39 -15 4 29 14

0 39 61 5 -9 7 18 25

0 10 43 72 -2 0 1 5

0 89 95 59 -12 4 35 27

0 53 72 6 -9 11 32 26

0 70 98 62 -13 7 44 14

0 70 94 82 -20 11 12 7

0 37 82 12 -9 4 23 4

0 14 93 71 -11 16 40 23

0 67 70 20 -6 0 1 4

0 10 54 36 -19 15 37 27

0 23 84 22 -17 2 3 33

0 37 41 18 -3 1 6 3

0 48 59 77 -16 5 9 17

0 79 91 44 -13 5 6 19

0 46 75 25 -10 10 35 38

0 70 78 41 -2 19 20 28

0 45 74 7 -11 0 2 12

0 17 45 12 -10 1 3 18

0 26 77 78 -9 4 10 30

0 25 97 7 -1 11 12 21

0 10 16 9 -3 0 6 8

0 18 80 62 -17 23 39 14

0 59 79 48 -11 8 14 35

0 40 66 88 -16 2 28 41

0 33 97 20 -16 9 18 28

0 14 15 79 -13 7 9 6

0 50 63 56 -17 2 35 15

0 28 92 71 -17 11 30 19

0 44 77 19 -6 5 11 10

0 9 97 94 -13 8 9 14

0 43 66 70 -19 3 12 46

0 77 99 46 -8 18 28 33

0 14 95 82 -8 12 31 46

0 13 76 19 -6 23 43 4

0 51 53 38 -13 28 48 10

0 9 79 11 -2 4 7 27

0 7 33 49 -17 0 1 4

0 24 69 62 -1 1 22 8

0 57 68 58 -12 7 20 34

0 8 21 29 -2 3 7 3

0 54 76 78 -2 2 3 0

0 53 59 87 -9 6 9 36

0 25 92 85 -7 14 28 32

0 8 49 63 -9 0 1 16

0 5 17 71 -11 3 7 0

0 47 97 67 -17 1 4 44

0 46 76 10 -17 14 32 6

0 0 59 69 -19 10 21 29

0 21 77 73 -19 32 45 16

0 39 78 57 -16 3 9 43

0 36 55 73 -14 33 43 24

0 42 45 26 -20 35 41 28

0 4 99 86 -4 12 35 7

0 27 93 26 -16 5 6 16

0 20 92 33 -2 16 18 2

0 4 82 75 -3 13 36 11

0 33 64 18 -15 12 14 43

0 27 55 81 -12 13 31 35

0 19 27 67 -6 7 10 0

0 10 74 64 -8 5 9 25


SAlphaB: 751.0, std-dev 278.3554932205589

Earliest win: 37
Latest win: 81

WinDepth:
0 0 0 0 0 0 0 0 0 0 0 0 0 0 0 0 0 0 0 0 0 0 0 0 0 0 0 0 0 0 0 0 0 0 0 0 0 8 3 11 7 29 4 44 19 74 43 118 62 198 140 432 158 318 222 492 342 542 373 463 417 646 711 772 668 902 922 908 1097 969 979 956 932 846 883 785 571 505 390 275 193 142 
SAlphaB:
0 0 0 0 0 0 0 0 0 0 0 0 0 0 0 0 0 0 0 0 0 0 0 0 0 0 0 0 0 0 0 0 0 0 0 0 0 8 3 11 7 29 4 44 19 74 43 118 62 198 140 432 158 318 222 492 342 542 373 463 417 646 711 772 668 902 922 908 1097 969 979 956 932 846 883 785 571 505 390 275 193 142 

LossDepth:
SAlphaB:
0 0 0 0 0 0 0 0 0 0 0 0 0 0 0 0 0 0 0 0 0 0 0 0 0 0 0 0 0 0 0 0 0 0 0 1 0 1 3 8 3 26 4 36 28 48 22 48 35 108 72 150 96 174 146 296 200 324 206 283 238 426 434 608 471 729 668 703 797 818 742 765 663 672 669 688 476 484 338 226 216 149 

FirstWin:
0 0 0 0 0 0 0 0 0 0 0 0 0 0 0 0 0 0 0 0 0 0 0 0 0 0 0 0 0 0 0 0 0 0 0 0 0 8 0 11 0 29 0 44 0 74 0 118 0 198 0 432 0 318 0 492 0 542 0 463 0 646 0 772 0 902 0 908 0 969 0 956 0 846 0 785 0 505 0 275 0 142 
SAlphaB:
0 0 0 0 0 0 0 0 0 0 0 0 0 0 0 0 0 0 0 0 0 0 0 0 0 0 0 0 0 0 0 0 0 0 0 0 0 8 0 11 0 29 0 44 0 74 0 118 0 198 0 432 0 318 0 492 0 542 0 463 0 646 0 772 0 902 0 908 0 969 0 956 0 846 0 785 0 505 0 275 0 142 

SecondWin:
0 0 0 0 0 0 0 0 0 0 0 0 0 0 0 0 0 0 0 0 0 0 0 0 0 0 0 0 0 0 0 0 0 0 0 0 0 0 3 0 7 0 4 0 19 0 43 0 62 0 140 0 158 0 222 0 342 0 373 0 417 0 711 0 668 0 922 0 1097 0 979 0 932 0 883 0 571 0 390 0 193 0 
SAlphaB:
0 0 0 0 0 0 0 0 0 0 0 0 0 0 0 0 0 0 0 0 0 0 0 0 0 0 0 0 0 0 0 0 0 0 0 0 0 0 3 0 7 0 4 0 19 0 43 0 62 0 140 0 158 0 222 0 342 0 373 0 417 0 711 0 668 0 922 0 1097 0 979 0 932 0 883 0 571 0 390 0 193 0 
