0 38 69 33 -4 2 33 8

0 9 97 94 -13 8 9 14

0 33 97 20 -16 9 18 28

0 17 63 71 -14 0 11 5

0 54 76 78 -2 2 3 0

0 56 75 27 -17 1 8 13

0 53 59 87 -9 6 9 36

0 0 59 69 -19 10 21 29

0 14 15 79 -13 7 9 6

0 7 33 49 -17 0 1 4

0 18 63 6 -11 2 13 30

0 25 85 45 -15 0 1 31

0 19 85 42 -17 7 11 0

0 46 91 57 -1 1 12 24

0 44 95 50 -12 7 10 38

0 26 69 54 -10 9 15 7

0 38 42 78 -8 6 17 18

0 75 76 84 -10 1 6 14

0 41 58 10 -5 15 31 36

0 19 68 49 -4 24 37 15

0 36 41 68 -14 6 11 25

0 4 31 28 -19 1 2 10

0 54 69 32 -11 1 3 2

0 69 81 17 -9 4 20 10

0 17 22 67 -18 0 1 38

0 47 81 16 -7 0 4 38

0 54 57 34 -17 2 29 1

0 50 65 64 -19 13 16 28

0 13 49 76 -4 32 37 37

0 48 73 45 -10 3 42 36

0 27 90 92 -19 5 15 36

0 64 73 74 -14 33 47 31

0 5 25 65 -9 4 6 16

0 36 57 77 -12 1 5 37

0 37 38 85 -6 3 12 28

0 38 66 74 -16 1 12 16

0 16 55 24 -18 10 34 10

0 70 89 18 -13 0 14 33

0 34 41 26 -17 11 15 46

0 34 52 97 -20 45 48 22

0 51 76 80 -13 12 29 18

0 51 85 68 -13 0 6 41

0 60 80 22 -18 20 25 23

0 33 59 62 -14 16 38 40

0 30 35 28 -7 7 8 13

0 13 43 58 -14 17 27 28

0 4 27 61 -13 23 27 26

0 41 69 7 -9 9 17 48

0 43 45 69 -14 0 2 48

0 1 80 55 -15 3 7 26

0 21 36 94 -20 4 27 39

0 33 45 54 -20 42 48 42

0 2 55 42 -4 20 28 30

0 22 38 83 -3 25 37 22

0 8 66 67 -12 22 44 49

0 22 29 42 -13 21 39 8

0 51 70 4 -19 22 25 15

0 1 19 89 -19 0 3 19

0 44 79 82 -20 24 38 16

0 33 71 35 -9 9 38 38

0 13 58 5 -7 21 33 31

0 12 32 53 -10 4 22 4

0 52 56 7 -4 43 44 16

0 1 57 56 -10 1 16 30

0 23 58 79 -1 2 39 7

0 24 27 45 -12 5 6 19

0 28 31 73 -20 12 36 47

0 10 14 94 -7 23 37 6

0 15 27 86 -7 1 27 20

0 1 21 53 -6 9 13 23

0 12 27 76 -5 3 48 44

0 3 4 23 -15 3 40 34

0 13 28 61 -15 13 41 16

0 0 1 84 -18 19 24 37

0 1 88 16 -14 22 25 1

0 44 58 79 -9 24 35 28

0 10 13 58 -15 8 40 6

0 12 15 19 -2 26 47 17

0 5 8 68 -9 8 48 44

0 24 41 81 -12 18 21 35

0 10 14 80 -17 10 25 40

0 2 12 91 -8 0 4 32

0 1 13 50 -13 18 20 4

0 1 11 19 -11 25 28 14

0 32 34 59 -7 0 48 34

0 6 12 79 -9 26 31 46

0 15 17 90 -4 15 28 0

0 3 5 59 -10 3 8 25

0 1 17 59 -18 6 33 9

0 1 19 38 -9 2 35 35

0 15 29 56 -14 11 14 30

0 8 27 41 -20 4 10 33

0 5 12 14 -13 20 26 37

0 0 1 42 -9 4 20 5

0 2 27 50 -1 5 31 46

0 4 13 44 -13 24 31 4

0 13 19 31 -11 15 47 0

0 12 13 39 -18 15 23 2

0 2 6 76 -19 4 38 16

0 0 1 81 -10 1 2 45


SAlphaB: 719.0, std-dev 261.5869571702996

Earliest win: 37
Latest win: 81

WinDepth:
0 0 0 0 0 0 0 0 0 0 0 0 0 0 0 0 0 0 0 0 0 0 0 0 0 0 0 0 0 0 0 0 0 0 0 0 0 7 0 7 16 4 3 9 6 25 2 34 24 102 67 193 80 121 88 186 110 165 133 193 158 231 249 366 244 401 326 314 454 362 464 432 482 460 455 373 238 239 178 131 101 85 
SAlphaB:
0 0 0 0 0 0 0 0 0 0 0 0 0 0 0 0 0 0 0 0 0 0 0 0 0 0 0 0 0 0 0 0 0 0 0 0 0 7 0 7 16 4 3 9 6 25 2 34 24 102 67 193 80 121 88 186 110 165 133 193 158 231 249 366 244 401 326 314 454 362 464 432 482 460 455 373 238 239 178 131 101 85 

LossDepth:
SAlphaB:
0 0 0 0 0 0 0 0 0 0 0 0 0 0 0 0 0 0 0 0 0 0 0 0 0 0 0 0 0 0 0 0 0 0 0 0 0 7 0 7 16 4 3 9 6 25 2 34 24 102 67 193 80 121 88 186 110 165 133 193 158 231 249 366 244 401 326 314 454 362 464 432 482 460 455 373 238 239 178 131 101 85 

FirstWin:
0 0 0 0 0 0 0 0 0 0 0 0 0 0 0 0 0 0 0 0 0 0 0 0 0 0 0 0 0 0 0 0 0 0 0 0 0 7 0 7 0 4 0 9 0 25 0 34 0 102 0 193 0 121 0 186 0 165 0 193 0 231 0 366 0 401 0 314 0 362 0 432 0 460 0 373 0 239 0 131 0 85 
SAlphaB:
0 0 0 0 0 0 0 0 0 0 0 0 0 0 0 0 0 0 0 0 0 0 0 0 0 0 0 0 0 0 0 0 0 0 0 0 0 7 0 7 0 4 0 9 0 25 0 34 0 102 0 193 0 121 0 186 0 165 0 193 0 231 0 366 0 401 0 314 0 362 0 432 0 460 0 373 0 239 0 131 0 85 

SecondWin:
0 0 0 0 0 0 0 0 0 0 0 0 0 0 0 0 0 0 0 0 0 0 0 0 0 0 0 0 0 0 0 0 0 0 0 0 0 0 0 0 16 0 3 0 6 0 2 0 24 0 67 0 80 0 88 0 110 0 133 0 158 0 249 0 244 0 326 0 454 0 464 0 482 0 455 0 238 0 178 0 101 0 
SAlphaB:
0 0 0 0 0 0 0 0 0 0 0 0 0 0 0 0 0 0 0 0 0 0 0 0 0 0 0 0 0 0 0 0 0 0 0 0 0 0 0 0 16 0 3 0 6 0 2 0 24 0 67 0 80 0 88 0 110 0 133 0 158 0 249 0 244 0 326 0 454 0 464 0 482 0 455 0 238 0 178 0 101 0 
