0 60 91 67 -5 7 40 15

0 53 72 6 -9 11 32 26

0 70 94 82 -20 11 12 7

0 50 96 2 -14 3 13 35

0 9 79 11 -2 4 7 27

0 39 78 57 -16 3 9 43

0 48 59 77 -16 5 9 17

0 70 78 41 -2 19 20 28

0 55 91 59 -14 0 35 36

0 4 99 86 -4 12 35 7

0 31 69 99 -2 5 11 19

0 24 79 3 -5 1 27 42

0 23 84 73 -11 14 42 18

0 7 40 61 -8 15 30 14

0 41 60 10 -16 3 27 8

0 51 74 70 -1 4 32 21

0 27 89 59 -18 4 29 15

0 50 98 86 -19 24 29 3

0 83 90 64 -17 0 10 21

0 23 33 70 -14 20 43 6

0 28 33 90 -17 11 33 39

0 18 55 77 -9 3 6 22

0 57 69 62 -19 1 4 35

0 13 54 65 -5 4 33 11

0 49 65 17 -1 13 30 45

0 7 31 59 -10 0 6 36

0 55 81 46 -12 44 45 22

0 16 69 65 -2 6 9 49

0 8 23 78 -5 5 21 8

0 3 5 91 -6 19 22 20

0 16 49 74 -13 1 25 3

0 47 63 64 -2 37 39 33

0 6 43 39 -16 8 27 32

0 18 47 67 -8 24 42 30

0 15 44 73 -10 24 27 32

0 26 91 41 -14 15 31 44

0 56 67 56 -15 17 18 36

0 43 70 58 -2 19 30 42

0 50 88 98 -14 27 33 30

0 2 43 91 -13 1 3 18

0 10 39 1 -10 3 17 25

0 16 66 69 -1 20 37 16

0 31 76 23 -1 28 35 11

0 29 59 61 -9 21 23 39

0 69 93 1 -10 39 41 37

0 39 76 60 -17 21 23 36

0 44 47 33 -4 10 46 6

0 33 45 22 -20 42 49 17

0 41 95 66 -20 8 43 0

0 58 68 9 -17 17 21 33

0 10 91 52 -6 15 34 41

0 4 28 23 -12 4 23 31

0 13 27 51 -2 7 15 49

0 41 43 33 -13 23 49 23

0 45 58 31 -10 11 20 49

0 28 36 96 -6 10 49 29

0 0 51 48 -3 33 40 19

0 18 65 16 -11 10 27 49

0 15 56 38 -5 41 42 33

0 40 53 10 -2 8 11 30

0 7 9 43 -13 7 22 18

0 7 9 81 -7 18 49 34

0 32 58 7 -13 0 39 18

0 23 25 59 -7 32 37 22

0 8 46 92 -3 13 24 30

0 5 16 57 -13 39 46 10

0 4 15 54 -5 21 42 23

0 10 26 18 -8 37 47 29

0 15 36 25 -7 19 45 29

0 2 3 46 -12 2 11 36

0 20 46 98 -19 17 20 48

0 4 6 96 -13 7 11 46

0 32 58 66 -19 17 47 8

0 54 64 56 -18 32 33 44

0 27 40 77 -18 25 40 42

0 5 22 17 -18 25 39 12

0 1 9 81 -12 22 42 41

0 0 40 60 -1 5 7 31

0 4 8 62 -9 10 11 22

0 2 16 32 -16 19 29 5

0 2 36 16 -14 2 15 47

0 20 92 23 -14 27 43 32

0 1 2 70 -5 2 3 20

0 3 5 94 -12 26 30 11

0 6 26 13 -4 0 1 49

0 23 49 43 -19 22 46 12

0 1 10 21 -11 4 36 11

0 7 27 22 -14 7 8 43

0 10 15 86 -11 2 14 36

0 5 29 78 -3 5 47 35

0 2 4 13 -4 5 24 42

0 12 14 27 -13 14 28 22

0 0 1 72 -18 7 9 26

0 8 13 65 -18 0 28 0

0 1 3 29 -19 0 23 30

0 28 55 80 -7 17 32 45

0 1 3 59 -10 16 26 34

0 11 12 54 -8 5 9 36

0 6 11 44 -6 14 45 4

0 2 28 27 -12 9 10 45


SAlphaB: 686.0, std-dev 260.7669144789436

Earliest win: 37
Latest win: 81

WinDepth:
0 0 0 0 0 0 0 0 0 0 0 0 0 0 0 0 0 0 0 0 0 0 0 0 0 0 0 0 0 0 0 0 0 0 0 0 0 2 0 3 1 7 4 18 15 25 16 33 40 87 68 179 85 141 88 162 154 208 136 192 167 208 288 335 321 335 437 374 524 392 487 451 410 344 365 316 257 222 180 146 105 79 
SAlphaB:
0 0 0 0 0 0 0 0 0 0 0 0 0 0 0 0 0 0 0 0 0 0 0 0 0 0 0 0 0 0 0 0 0 0 0 0 0 2 0 3 1 7 4 18 15 25 16 33 40 87 68 179 85 141 88 162 154 208 136 192 167 208 288 335 321 335 437 374 524 392 487 451 410 344 365 316 257 222 180 146 105 79 

LossDepth:
SAlphaB:
0 0 0 0 0 0 0 0 0 0 0 0 0 0 0 0 0 0 0 0 0 0 0 0 0 0 0 0 0 0 0 0 0 0 0 0 0 2 0 3 1 7 4 18 15 25 16 33 40 87 68 179 85 141 88 162 154 208 136 192 167 208 288 335 321 335 437 374 524 392 487 451 410 344 365 316 257 222 180 146 105 79 

FirstWin:
0 0 0 0 0 0 0 0 0 0 0 0 0 0 0 0 0 0 0 0 0 0 0 0 0 0 0 0 0 0 0 0 0 0 0 0 0 2 0 3 0 7 0 18 0 25 0 33 0 87 0 179 0 141 0 162 0 208 0 192 0 208 0 335 0 335 0 374 0 392 0 451 0 344 0 316 0 222 0 146 0 79 
SAlphaB:
0 0 0 0 0 0 0 0 0 0 0 0 0 0 0 0 0 0 0 0 0 0 0 0 0 0 0 0 0 0 0 0 0 0 0 0 0 2 0 3 0 7 0 18 0 25 0 33 0 87 0 179 0 141 0 162 0 208 0 192 0 208 0 335 0 335 0 374 0 392 0 451 0 344 0 316 0 222 0 146 0 79 

SecondWin:
0 0 0 0 0 0 0 0 0 0 0 0 0 0 0 0 0 0 0 0 0 0 0 0 0 0 0 0 0 0 0 0 0 0 0 0 0 0 0 0 1 0 4 0 15 0 16 0 40 0 68 0 85 0 88 0 154 0 136 0 167 0 288 0 321 0 437 0 524 0 487 0 410 0 365 0 257 0 180 0 105 0 
SAlphaB:
0 0 0 0 0 0 0 0 0 0 0 0 0 0 0 0 0 0 0 0 0 0 0 0 0 0 0 0 0 0 0 0 0 0 0 0 0 0 0 0 1 0 4 0 15 0 16 0 40 0 68 0 85 0 88 0 154 0 136 0 167 0 288 0 321 0 437 0 524 0 487 0 410 0 365 0 257 0 180 0 105 0 
