0 28 92 71 -17 11 30 19

0 36 55 73 -14 33 43 24

0 19 27 67 -6 7 10 0

0 10 54 36 -19 15 37 27

0 78 99 34 -18 12 22 27

0 33 64 18 -15 12 14 43

0 14 93 71 -11 16 40 23

0 27 55 81 -12 13 31 35

0 13 76 19 -6 23 43 4

0 5 17 71 -11 3 7 0

0 15 63 25 -7 6 9 11

0 10 70 39 -3 11 34 15

0 41 87 36 -12 1 26 45

0 29 72 1 -7 10 16 40

0 79 99 64 -4 28 36 23

0 26 98 75 -16 5 9 48

0 9 45 58 -7 26 42 17

0 13 61 95 -20 4 6 15

0 33 62 52 -18 18 26 12

0 62 74 85 -8 0 33 8

0 48 75 79 -1 5 15 17

0 30 47 19 -20 19 45 2

0 59 68 48 -16 10 18 43

0 26 70 64 -4 1 5 2

0 14 44 65 -6 6 20 10

0 66 88 20 -11 23 41 26

0 24 70 5 -12 11 13 30

0 10 78 57 -2 13 44 20

0 11 46 2 -7 0 6 35

0 34 49 44 -15 4 10 37

0 22 86 80 -16 10 14 48

0 11 31 66 -2 14 28 9

0 15 43 40 -9 5 8 31

0 29 90 70 -1 1 34 1

0 2 17 94 -9 0 5 1

0 16 76 16 -16 12 42 16

0 22 46 90 -13 9 10 23

0 10 82 33 -15 42 44 9

0 17 78 87 -12 13 14 37

0 17 75 76 -1 11 39 2

0 5 11 41 -18 0 2 13

0 55 70 1 -18 0 2 49

0 20 46 64 -7 17 46 32

0 62 63 50 -12 30 39 39

0 23 95 63 -19 37 42 45

0 17 20 63 -12 38 47 33

0 70 75 77 -20 0 3 11

0 14 69 38 -6 3 20 22

0 9 12 95 -6 5 15 17

0 16 17 69 -1 14 23 34

0 2 50 2 -2 0 1 39

0 18 23 56 -9 38 41 4

0 16 40 57 -16 26 32 18

0 12 21 88 -3 36 49 45

0 90 94 20 -10 13 34 1

0 15 35 42 -8 12 16 1

0 7 84 79 -13 3 6 49

0 51 53 13 -9 36 45 22

0 18 52 65 -7 10 20 39

0 12 44 90 -3 46 49 31

0 25 50 14 -8 26 38 49

0 40 52 78 -8 17 26 18

0 2 24 34 -16 39 49 48

0 9 13 74 -14 0 3 17

0 13 51 90 -12 12 48 49

0 2 9 90 -9 22 31 36

0 4 31 34 -2 34 48 45

0 0 1 60 -4 22 24 22

0 7 24 68 -1 1 22 17

0 4 6 34 -8 2 37 36

0 9 40 26 -12 7 15 43

0 28 66 28 -13 21 35 44

0 6 18 3 -3 10 37 29

0 23 31 31 -14 31 33 41

0 8 44 40 -5 27 38 46

0 5 30 69 -5 2 4 37

0 4 18 70 -15 8 18 43

0 3 14 38 -2 4 21 7

0 8 58 38 -12 19 46 7

0 24 27 20 -3 5 22 41

0 9 17 75 -19 4 10 44

0 5 30 22 -1 5 19 30

0 9 63 97 -4 1 47 27

0 14 36 26 -12 15 26 33

0 3 6 94 -10 0 1 37

0 5 8 98 -1 21 43 44

0 1 14 33 -4 19 46 25

0 18 51 21 -16 5 23 35

0 0 19 37 -7 8 11 40

0 5 13 78 -16 28 32 13

0 12 21 6 -16 4 25 43

0 10 17 39 -18 6 14 43

0 11 26 1 -7 3 33 38

0 1 4 99 -15 7 48 43

0 1 6 20 -3 0 13 45

0 4 6 63 -7 17 22 1

0 6 11 22 -9 2 10 39

0 1 3 39 -1 24 36 43

0 11 12 13 -10 5 15 47

0 0 1 45 -2 0 8 36


SAlphaB: 691.0, std-dev 248.9559377468108

Earliest win: 37
Latest win: 81

WinDepth:
0 0 0 0 0 0 0 0 0 0 0 0 0 0 0 0 0 0 0 0 0 0 0 0 0 0 0 0 0 0 0 0 0 0 0 0 0 1 1 0 3 7 4 9 6 15 9 36 26 102 84 348 82 116 63 200 101 185 140 154 166 279 234 368 299 353 441 358 569 373 498 424 365 376 377 341 228 227 142 135 86 64 
SAlphaB:
0 0 0 0 0 0 0 0 0 0 0 0 0 0 0 0 0 0 0 0 0 0 0 0 0 0 0 0 0 0 0 0 0 0 0 0 0 1 1 0 3 7 4 9 6 15 9 36 26 102 84 348 82 116 63 200 101 185 140 154 166 279 234 368 299 353 441 358 569 373 498 424 365 376 377 341 228 227 142 135 86 64 

LossDepth:
SAlphaB:
0 0 0 0 0 0 0 0 0 0 0 0 0 0 0 0 0 0 0 0 0 0 0 0 0 0 0 0 0 0 0 0 0 0 0 0 0 1 1 0 3 7 4 9 6 15 9 36 26 102 84 348 82 116 63 200 101 185 140 154 166 279 234 368 299 353 441 358 569 373 498 424 365 376 377 341 228 227 142 135 86 64 

FirstWin:
0 0 0 0 0 0 0 0 0 0 0 0 0 0 0 0 0 0 0 0 0 0 0 0 0 0 0 0 0 0 0 0 0 0 0 0 0 1 0 0 0 7 0 9 0 15 0 36 0 102 0 348 0 116 0 200 0 185 0 154 0 279 0 368 0 353 0 358 0 373 0 424 0 376 0 341 0 227 0 135 0 64 
SAlphaB:
0 0 0 0 0 0 0 0 0 0 0 0 0 0 0 0 0 0 0 0 0 0 0 0 0 0 0 0 0 0 0 0 0 0 0 0 0 1 0 0 0 7 0 9 0 15 0 36 0 102 0 348 0 116 0 200 0 185 0 154 0 279 0 368 0 353 0 358 0 373 0 424 0 376 0 341 0 227 0 135 0 64 

SecondWin:
0 0 0 0 0 0 0 0 0 0 0 0 0 0 0 0 0 0 0 0 0 0 0 0 0 0 0 0 0 0 0 0 0 0 0 0 0 0 1 0 3 0 4 0 6 0 9 0 26 0 84 0 82 0 63 0 101 0 140 0 166 0 234 0 299 0 441 0 569 0 498 0 365 0 377 0 228 0 142 0 86 0 
SAlphaB:
0 0 0 0 0 0 0 0 0 0 0 0 0 0 0 0 0 0 0 0 0 0 0 0 0 0 0 0 0 0 0 0 0 0 0 0 0 0 1 0 3 0 4 0 6 0 9 0 26 0 84 0 82 0 63 0 101 0 140 0 166 0 234 0 299 0 441 0 569 0 498 0 365 0 377 0 228 0 142 0 86 0 
