0 49 77 19 -14 3 10 46

0 27 93 26 -16 5 6 16

0 50 63 56 -17 2 35 15

0 70 72 92 -17 6 25 6

0 79 91 44 -13 5 6 19

0 44 77 19 -6 5 11 10

0 57 68 58 -12 7 20 34

0 14 95 82 -8 12 31 46

0 42 45 26 -20 35 41 28

0 44 88 8 -14 1 16 35

0 9 83 54 -6 1 6 21

0 20 46 48 -9 4 14 32

0 39 48 49 -12 0 10 29

0 58 72 31 -16 1 23 41

0 1 16 74 -14 2 5 16

0 39 58 17 -1 14 18 3

0 9 60 56 -14 9 26 12

0 1 83 46 -13 6 39 35

0 4 55 60 -9 0 13 17

0 4 87 82 -14 9 30 44

0 21 26 23 -9 41 43 40

0 18 68 19 -18 31 40 4

0 29 58 18 -8 6 12 42

0 41 78 48 -18 8 27 3

0 8 36 16 -8 2 5 26

0 31 66 27 -5 29 40 11

0 8 76 49 -19 18 32 6

0 18 26 87 -16 1 7 26

0 1 64 99 -20 33 38 3

0 50 91 52 -10 46 48 17

0 94 97 74 -13 1 19 35

0 7 22 71 -3 19 43 21

0 72 76 71 -2 7 48 13

0 38 82 1 -19 14 16 45

0 26 28 22 -7 7 9 15

0 17 37 85 -15 1 2 34

0 24 57 69 -10 0 1 40

0 15 55 26 -18 21 29 6

0 16 61 29 -16 38 41 13

0 30 55 79 -4 26 30 31

0 19 55 49 -2 4 18 48

0 34 56 84 -15 35 41 4

0 43 51 39 -9 17 45 11

0 29 72 97 -19 3 4 44

0 34 39 30 -20 0 1 45

0 9 24 83 -12 3 7 40

0 0 1 34 -17 0 4 11

0 15 48 18 -1 1 34 19

0 12 19 6 -13 17 24 14

0 5 8 97 -13 30 33 34

0 12 66 33 -16 15 19 14

0 32 54 76 -10 39 47 27

0 43 92 23 -20 27 36 18

0 47 94 35 -3 31 46 37

0 18 73 9 -15 36 41 16

0 37 59 14 -1 33 36 33

0 15 24 47 -2 2 6 33

0 46 61 47 -5 17 26 10

0 14 39 53 -18 3 27 39

0 3 83 45 -3 20 28 20

0 17 23 48 -20 13 31 13

0 8 96 42 -16 17 24 37

0 20 21 79 -9 32 36 23

0 89 91 48 -3 0 1 14

0 49 63 46 -4 0 1 14

0 9 25 5 -3 16 35 39

0 2 3 92 -18 20 26 14

0 5 12 28 -5 16 45 11

0 40 49 43 -18 3 4 46

0 1 63 31 -8 0 41 33

0 9 27 56 -11 8 9 28

0 8 11 89 -12 22 24 43

0 8 32 46 -8 2 11 28

0 14 24 36 -17 0 23 49

0 27 34 98 -17 4 5 39

0 72 83 2 -14 36 45 7

0 16 98 36 -7 34 44 49

0 1 6 55 -1 24 41 38

0 21 22 92 -1 9 10 43

0 10 14 33 -20 4 24 19

0 17 34 2 -7 26 31 0

0 13 24 24 -8 13 38 12

0 29 44 66 -17 27 49 44

0 22 30 6 -11 32 41 0

0 3 16 15 -12 28 38 3

0 7 22 5 -8 6 47 28

0 21 38 0 -7 13 34 7

0 7 11 9 -20 4 10 24

0 13 25 83 -19 30 33 41

0 1 18 6 -16 2 12 30

0 3 10 83 -12 10 43 47

0 2 4 14 -4 33 35 19

0 2 9 21 -13 4 49 49

0 2 3 80 -12 2 10 13

0 11 15 79 -2 1 41 3

0 9 22 25 -12 13 18 30

0 4 20 30 -5 31 46 0

0 10 16 80 -17 2 49 36

0 1 9 77 -9 6 20 44

0 9 18 38 -11 10 14 33


SAlphaB: 722.0, std-dev 268.18361143896254

Earliest win: 35
Latest win: 81

WinDepth:
0 0 0 0 0 0 0 0 0 0 0 0 0 0 0 0 0 0 0 0 0 0 0 0 0 0 0 0 0 0 0 0 0 0 0 1 0 1 1 2 1 1 1 44 15 28 15 27 19 64 138 167 138 122 150 150 96 160 139 157 165 251 219 299 344 313 363 404 518 395 470 418 432 392 410 383 271 263 179 149 93 70 
SAlphaB:
0 0 0 0 0 0 0 0 0 0 0 0 0 0 0 0 0 0 0 0 0 0 0 0 0 0 0 0 0 0 0 0 0 0 0 1 0 1 1 2 1 1 1 44 15 28 15 27 19 64 138 167 138 122 150 150 96 160 139 157 165 251 219 299 344 313 363 404 518 395 470 418 432 392 410 383 271 263 179 149 93 70 

LossDepth:
SAlphaB:
0 0 0 0 0 0 0 0 0 0 0 0 0 0 0 0 0 0 0 0 0 0 0 0 0 0 0 0 0 0 0 0 0 0 0 1 0 1 1 2 1 1 1 44 15 28 15 27 19 64 138 167 138 122 150 150 96 160 139 157 165 251 219 299 344 313 363 404 518 395 470 418 432 392 410 383 271 263 179 149 93 70 

FirstWin:
0 0 0 0 0 0 0 0 0 0 0 0 0 0 0 0 0 0 0 0 0 0 0 0 0 0 0 0 0 0 0 0 0 0 0 1 0 1 0 2 0 1 0 44 0 28 0 27 0 64 0 167 0 122 0 150 0 160 0 157 0 251 0 299 0 313 0 404 0 395 0 418 0 392 0 383 0 263 0 149 0 70 
SAlphaB:
0 0 0 0 0 0 0 0 0 0 0 0 0 0 0 0 0 0 0 0 0 0 0 0 0 0 0 0 0 0 0 0 0 0 0 1 0 1 0 2 0 1 0 44 0 28 0 27 0 64 0 167 0 122 0 150 0 160 0 157 0 251 0 299 0 313 0 404 0 395 0 418 0 392 0 383 0 263 0 149 0 70 

SecondWin:
0 0 0 0 0 0 0 0 0 0 0 0 0 0 0 0 0 0 0 0 0 0 0 0 0 0 0 0 0 0 0 0 0 0 0 0 0 0 1 0 1 0 1 0 15 0 15 0 19 0 138 0 138 0 150 0 96 0 139 0 165 0 219 0 344 0 363 0 518 0 470 0 432 0 410 0 271 0 179 0 93 0 
SAlphaB:
0 0 0 0 0 0 0 0 0 0 0 0 0 0 0 0 0 0 0 0 0 0 0 0 0 0 0 0 0 0 0 0 0 0 0 0 0 0 1 0 1 0 1 0 15 0 15 0 19 0 138 0 138 0 150 0 96 0 139 0 165 0 219 0 344 0 363 0 518 0 470 0 432 0 410 0 271 0 179 0 93 0 
