0 45 58 36 -8 8 20 9

0 62 86 70 -4 5 29 31

0 17 57 35 -4 2 10 1

0 37 82 12 -9 4 23 4

0 61 84 54 -2 11 20 24

0 57 71 29 -4 11 36 9

0 89 95 59 -12 4 35 27

0 10 16 9 -3 0 6 8

0 10 43 72 -2 0 1 5

0 20 92 33 -2 16 18 2

0 29 42 33 -13 5 31 17

0 19 37 67 -6 7 24 4

0 16 84 89 -11 6 34 39

0 58 69 50 -20 1 28 34

0 3 42 82 -18 13 32 33

0 42 63 42 -5 0 1 17

0 73 83 55 -7 0 1 6

0 20 44 90 -13 3 6 36

0 33 60 84 -12 3 41 6

0 52 82 30 -2 16 40 39

0 31 32 67 -4 4 17 24

0 47 70 82 -19 4 6 5

0 72 75 85 -7 22 46 7

0 33 42 31 -3 33 48 29

0 96 99 82 -5 7 12 17

0 33 70 39 -4 3 4 26

0 29 68 33 -1 5 47 24

0 3 64 68 -13 1 10 27

0 17 72 49 -15 4 23 12

0 17 33 52 -3 10 14 38

0 10 46 55 -18 9 18 13

0 42 56 8 -12 6 24 34

0 39 52 98 -20 13 29 27

0 23 42 71 -17 4 6 27

0 18 85 79 -17 5 39 22

0 5 10 96 -2 17 18 8

0 19 50 28 -14 1 27 39

0 59 85 73 -4 0 27 20

0 62 65 9 -11 16 23 6

0 41 92 14 -9 0 48 41

0 2 6 10 -1 4 5 4

0 18 60 63 -12 16 47 35

0 12 66 93 -18 3 12 2

0 28 46 83 -6 3 4 38

0 0 37 43 -20 0 10 21

0 8 69 0 -18 12 18 9

0 6 66 22 -7 13 43 29

0 72 88 45 -7 20 23 5

0 4 5 86 -19 6 16 45

0 20 65 50 -17 13 33 39

0 7 37 56 -18 2 15 6

0 29 33 15 -13 6 23 16

0 44 45 3 -13 14 21 32

0 11 17 13 -4 2 17 1

0 9 46 31 -12 1 18 27

0 26 41 30 -19 24 41 34

0 1 12 97 -19 3 4 23

0 55 92 40 -2 16 34 40

0 29 57 53 -12 25 49 29

0 0 23 39 -7 39 42 3

0 2 69 22 -12 12 28 38

0 72 73 23 -10 23 26 35

0 23 32 32 -13 34 44 32

0 7 31 63 -19 37 42 12

0 49 64 80 -11 16 22 45

0 12 52 17 -3 8 24 27

0 16 17 23 -19 9 24 31

0 36 46 14 -13 19 40 22

0 15 16 85 -20 21 46 26

0 7 85 61 -11 31 41 48

0 9 60 15 -16 13 42 4

0 4 5 96 -6 24 26 34

0 27 41 73 -12 1 23 49

0 3 8 59 -16 2 23 7

0 14 88 13 -9 18 24 0

0 7 14 99 -4 27 48 10

0 16 17 34 -2 0 2 46

0 1 24 43 -11 16 29 18

0 14 20 6 -4 2 4 28

0 5 22 15 -16 5 32 8

0 17 21 32 -3 15 18 25

0 0 3 80 -18 22 23 38

0 1 7 52 -14 18 38 14

0 2 3 75 -19 24 26 35

0 10 21 84 -17 1 48 27

0 2 13 66 -2 30 31 30

0 2 10 34 -8 0 1 21

0 7 12 61 -16 4 17 35

0 52 55 3 -15 38 45 2

0 11 12 63 -16 14 27 17

0 6 18 27 -9 1 8 38

0 7 8 88 -2 12 46 32

0 3 5 52 -2 31 45 19

0 1 3 8 -10 4 29 2

0 1 3 49 -9 1 4 27

0 3 68 8 -16 3 16 48

0 0 2 96 -9 25 31 3

0 5 16 16 -6 6 47 43

0 1 4 58 -3 3 28 48

0 0 1 2 -20 5 7 31


SAlphaB: 704.0, std-dev 258.60078618627904

Earliest win: 37
Latest win: 81

WinDepth:
0 0 0 0 0 0 0 0 0 0 0 0 0 0 0 0 0 0 0 0 0 0 0 0 0 0 0 0 0 0 0 0 0 0 0 0 0 3 2 8 0 8 0 15 22 10 20 29 29 41 63 161 80 79 80 172 99 239 138 167 183 267 265 336 324 347 455 398 428 405 437 456 473 397 376 363 271 250 183 143 84 90 
SAlphaB:
0 0 0 0 0 0 0 0 0 0 0 0 0 0 0 0 0 0 0 0 0 0 0 0 0 0 0 0 0 0 0 0 0 0 0 0 0 3 2 8 0 8 0 15 22 10 20 29 29 41 63 161 80 79 80 172 99 239 138 167 183 267 265 336 324 347 455 398 428 405 437 456 473 397 376 363 271 250 183 143 84 90 

LossDepth:
SAlphaB:
0 0 0 0 0 0 0 0 0 0 0 0 0 0 0 0 0 0 0 0 0 0 0 0 0 0 0 0 0 0 0 0 0 0 0 0 0 3 2 8 0 8 0 15 22 10 20 29 29 41 63 161 80 79 80 172 99 239 138 167 183 267 265 336 324 347 455 398 428 405 437 456 473 397 376 363 271 250 183 143 84 90 

FirstWin:
0 0 0 0 0 0 0 0 0 0 0 0 0 0 0 0 0 0 0 0 0 0 0 0 0 0 0 0 0 0 0 0 0 0 0 0 0 3 0 8 0 8 0 15 0 10 0 29 0 41 0 161 0 79 0 172 0 239 0 167 0 267 0 336 0 347 0 398 0 405 0 456 0 397 0 363 0 250 0 143 0 90 
SAlphaB:
0 0 0 0 0 0 0 0 0 0 0 0 0 0 0 0 0 0 0 0 0 0 0 0 0 0 0 0 0 0 0 0 0 0 0 0 0 3 0 8 0 8 0 15 0 10 0 29 0 41 0 161 0 79 0 172 0 239 0 167 0 267 0 336 0 347 0 398 0 405 0 456 0 397 0 363 0 250 0 143 0 90 

SecondWin:
0 0 0 0 0 0 0 0 0 0 0 0 0 0 0 0 0 0 0 0 0 0 0 0 0 0 0 0 0 0 0 0 0 0 0 0 0 0 2 0 0 0 0 0 22 0 20 0 29 0 63 0 80 0 80 0 99 0 138 0 183 0 265 0 324 0 455 0 428 0 437 0 473 0 376 0 271 0 183 0 84 0 
SAlphaB:
0 0 0 0 0 0 0 0 0 0 0 0 0 0 0 0 0 0 0 0 0 0 0 0 0 0 0 0 0 0 0 0 0 0 0 0 0 0 2 0 0 0 0 0 22 0 20 0 29 0 63 0 80 0 80 0 99 0 138 0 183 0 265 0 324 0 455 0 428 0 437 0 473 0 376 0 271 0 183 0 84 0 
