0 17 69 33 -19 0 8 19

0 21 77 73 -19 32 45 16

0 66 88 92 -12 17 29 1

0 52 95 31 -8 4 10 14

0 30 60 27 -18 2 8 31

0 40 66 88 -16 2 28 41

0 26 87 26 -2 3 24 18

0 26 77 78 -9 4 10 30

0 53 94 65 -13 0 5 19

0 66 78 59 -8 2 6 17

0 36 49 54 -11 3 12 25

0 16 75 71 -5 27 37 14

0 47 54 94 -8 29 46 9

0 70 97 82 -18 2 4 10

0 58 62 25 -4 15 25 9

0 27 97 63 -5 2 39 41

0 52 99 84 -16 2 7 27

0 3 95 16 -10 16 38 13

0 8 51 79 -11 23 24 7

0 57 67 80 -6 0 2 6

0 10 79 46 -18 7 17 8

0 24 64 45 -12 5 8 22

0 16 36 70 -1 0 5 3

0 5 23 19 -3 3 7 4

0 46 95 38 -10 23 35 45

0 27 47 12 -11 0 3 36

0 24 71 78 -19 6 7 22

0 43 59 56 -20 0 17 14

0 28 77 63 -8 3 22 40

0 53 60 79 -2 20 35 37

0 14 54 64 -15 22 25 2

0 48 79 67 -13 20 30 12

0 49 79 28 -16 4 35 39

0 58 70 15 -5 18 29 32

0 55 78 30 -14 6 9 7

0 11 72 7 -17 12 27 16

0 24 61 85 -14 10 46 1

0 58 84 51 -11 14 21 46

0 14 69 97 -19 16 20 32

0 16 36 56 -2 29 37 7

0 59 60 7 -18 20 44 47

0 27 57 94 -10 24 35 23

0 0 21 21 -14 9 29 2

0 7 88 42 -11 19 23 14

0 2 21 70 -18 5 11 22

0 5 60 30 -17 10 14 40

0 47 68 58 -9 0 1 28

0 32 53 21 -11 30 34 26

0 49 52 93 -20 18 27 24

0 41 93 88 -10 9 46 34

0 1 48 36 -11 14 15 23

0 18 57 16 -8 7 8 32

0 17 20 18 -14 0 15 3

0 85 87 79 -17 15 25 1

0 16 22 74 -2 21 27 6

0 88 92 96 -19 21 23 41

0 24 81 10 -9 6 47 30

0 42 47 28 -17 14 29 34

0 18 27 41 -3 28 30 37

0 24 27 67 -11 0 3 35

0 16 21 71 -6 2 29 3

0 16 58 6 -6 48 49 25

0 6 20 62 -4 4 9 38

0 4 24 60 -2 30 39 29

0 74 94 96 -15 35 41 11

0 14 15 62 -1 3 17 13

0 2 5 38 -12 0 2 1

0 23 80 31 -16 15 28 35

0 12 49 82 -8 9 10 46

0 42 85 24 -16 34 47 41

0 7 45 18 -19 3 5 27

0 3 6 85 -5 10 16 35

0 2 21 1 -20 1 2 41

0 45 48 45 -19 17 38 43

0 1 42 65 -17 12 13 0

0 2 43 0 -6 0 18 34

0 51 85 7 -11 35 41 27

0 2 67 56 -6 7 43 23

0 7 10 52 -18 24 34 49

0 10 11 12 -14 7 33 15

0 13 19 10 -14 12 46 3

0 20 43 3 -16 24 42 16

0 0 8 85 -7 3 11 5

0 34 46 66 -4 1 6 29

0 1 4 72 -2 20 22 7

0 5 15 19 -14 14 46 39

0 3 80 92 -15 5 23 42

0 4 18 92 -11 16 26 41

0 1 11 16 -10 4 36 13

0 7 43 59 -5 11 14 5

0 10 12 18 -12 26 33 13

0 7 9 58 -19 14 37 19

0 0 2 37 -5 7 8 29

0 0 5 88 -4 1 37 34

0 7 28 89 -20 12 21 4

0 5 11 27 -19 1 30 17

0 3 4 24 -8 1 3 49

0 4 12 94 -7 4 38 13

0 18 27 57 -3 0 41 12

0 0 1 54 -5 0 1 46


SAlphaB: 701.0, std-dev 260.3561595161132

Earliest win: 37
Latest win: 81

WinDepth:
0 0 0 0 0 0 0 0 0 0 0 0 0 0 0 0 0 0 0 0 0 0 0 0 0 0 0 0 0 0 0 0 0 0 0 0 0 9 0 1 0 7 1 20 9 20 31 71 20 46 114 169 101 157 90 182 123 221 152 183 142 234 266 349 331 335 399 379 461 436 412 457 384 405 421 382 283 246 184 118 105 56 
SAlphaB:
0 0 0 0 0 0 0 0 0 0 0 0 0 0 0 0 0 0 0 0 0 0 0 0 0 0 0 0 0 0 0 0 0 0 0 0 0 9 0 1 0 7 1 20 9 20 31 71 20 46 114 169 101 157 90 182 123 221 152 183 142 234 266 349 331 335 399 379 461 436 412 457 384 405 421 382 283 246 184 118 105 56 

LossDepth:
SAlphaB:
0 0 0 0 0 0 0 0 0 0 0 0 0 0 0 0 0 0 0 0 0 0 0 0 0 0 0 0 0 0 0 0 0 0 0 0 0 9 0 1 0 7 1 20 9 20 31 71 20 46 114 169 101 157 90 182 123 221 152 183 142 234 266 349 331 335 399 379 461 436 412 457 384 405 421 382 283 246 184 118 105 56 

FirstWin:
0 0 0 0 0 0 0 0 0 0 0 0 0 0 0 0 0 0 0 0 0 0 0 0 0 0 0 0 0 0 0 0 0 0 0 0 0 9 0 1 0 7 0 20 0 20 0 71 0 46 0 169 0 157 0 182 0 221 0 183 0 234 0 349 0 335 0 379 0 436 0 457 0 405 0 382 0 246 0 118 0 56 
SAlphaB:
0 0 0 0 0 0 0 0 0 0 0 0 0 0 0 0 0 0 0 0 0 0 0 0 0 0 0 0 0 0 0 0 0 0 0 0 0 9 0 1 0 7 0 20 0 20 0 71 0 46 0 169 0 157 0 182 0 221 0 183 0 234 0 349 0 335 0 379 0 436 0 457 0 405 0 382 0 246 0 118 0 56 

SecondWin:
0 0 0 0 0 0 0 0 0 0 0 0 0 0 0 0 0 0 0 0 0 0 0 0 0 0 0 0 0 0 0 0 0 0 0 0 0 0 0 0 0 0 1 0 9 0 31 0 20 0 114 0 101 0 90 0 123 0 152 0 142 0 266 0 331 0 399 0 461 0 412 0 384 0 421 0 283 0 184 0 105 0 
SAlphaB:
0 0 0 0 0 0 0 0 0 0 0 0 0 0 0 0 0 0 0 0 0 0 0 0 0 0 0 0 0 0 0 0 0 0 0 0 0 0 0 0 0 0 1 0 9 0 31 0 20 0 114 0 101 0 90 0 123 0 152 0 142 0 266 0 331 0 399 0 461 0 412 0 384 0 421 0 283 0 184 0 105 0 
