0 7 61 70 -6 4 9 13

0 61 75 86 -18 9 29 43

0 4 82 75 -3 13 36 11

0 59 79 48 -11 8 14 35

0 57 86 3 -1 11 35 4

0 70 98 62 -13 7 44 14

0 55 87 20 -2 5 19 9

0 95 97 14 -8 12 43 15

0 51 53 38 -13 28 48 10

0 47 97 67 -17 1 4 44

0 74 86 54 -11 1 12 30

0 18 66 60 -20 6 12 21

0 78 94 30 -20 0 2 6

0 36 76 92 -6 9 35 33

0 80 84 26 -20 0 10 26

0 59 68 92 -4 1 3 23

0 70 79 35 -6 3 14 26

0 36 56 21 -13 0 35 8

0 37 50 0 -15 2 24 32

0 3 67 61 -2 38 45 13

0 32 53 72 -20 3 19 34

0 25 81 95 -19 28 33 35

0 13 67 47 -4 33 47 2

0 10 34 56 -12 21 26 10

0 33 35 62 -1 11 40 3

0 61 75 12 -8 8 13 21

0 35 59 16 -6 5 27 31

0 12 56 70 -16 0 17 17

0 68 72 0 -20 24 29 40

0 24 33 89 -8 22 38 14

0 13 55 28 -10 26 33 3

0 60 96 78 -14 15 36 45

0 56 62 37 -6 1 9 16

0 8 99 21 -12 4 34 4

0 97 98 24 -19 1 41 3

0 7 84 51 -15 8 27 38

0 10 75 98 -15 17 26 45

0 2 8 99 -7 1 3 10

0 7 62 23 -10 17 45 3

0 3 55 64 -12 38 45 19

0 17 60 36 -17 0 1 49

0 13 97 83 -17 14 22 26

0 20 30 77 -16 24 38 25

0 8 37 61 -4 1 9 12

0 84 87 68 -14 17 22 38

0 16 46 43 -2 37 44 17

0 54 60 44 -15 0 31 48

0 40 44 24 -8 12 23 41

0 41 49 7 -9 37 43 18

0 7 10 52 -3 7 16 23

0 45 97 85 -15 41 47 9

0 15 37 76 -17 12 14 32

0 10 21 37 -3 17 29 19

0 9 22 46 -11 1 6 19

0 45 60 41 -14 2 4 47

0 6 66 71 -16 1 17 10

0 67 73 72 -7 21 23 48

0 68 76 67 -13 25 46 23

0 8 14 54 -7 13 27 2

0 7 16 99 -14 25 35 43

0 2 11 51 -8 14 16 28

0 5 67 59 -11 2 3 38

0 0 1 19 -5 0 13 5

0 4 27 39 -19 11 17 16

0 9 36 90 -7 26 47 36

0 4 15 71 -11 14 20 41

0 15 45 21 -18 8 10 18

0 16 33 60 -7 10 27 36

0 7 77 6 -3 29 41 32

0 2 36 54 -1 1 2 13

0 48 66 62 -20 39 47 14

0 0 55 39 -4 1 22 28

0 8 10 40 -6 1 11 10

0 13 92 27 -5 8 16 27

0 2 18 85 -3 16 39 8

0 4 31 7 -9 20 36 20

0 4 43 39 -13 0 26 40

0 14 22 99 -13 23 29 11

0 3 7 72 -20 4 10 36

0 28 40 61 -18 17 30 37

0 21 39 95 -12 28 48 2

0 2 4 15 -19 2 43 27

0 18 25 50 -12 5 29 32

0 21 35 95 -9 2 48 40

0 3 13 83 -19 16 20 4

0 11 16 57 -1 2 9 26

0 33 52 44 -17 17 32 24

0 1 20 66 -16 29 33 47

0 5 13 2 -3 8 37 39

0 1 9 40 -1 6 27 4

0 2 25 99 -13 27 29 44

0 2 28 15 -9 39 47 27

0 1 8 89 -3 1 11 44

0 0 3 83 -12 5 47 32

0 9 52 38 -3 1 41 46

0 4 5 43 -19 1 3 0

0 0 6 32 -13 13 24 30

0 1 16 43 -7 22 35 30

0 1 4 9 -4 14 21 26

0 5 11 11 -6 14 15 46


SAlphaB: 714.0, std-dev 251.92806964037825

Earliest win: 37
Latest win: 81

WinDepth:
0 0 0 0 0 0 0 0 0 0 0 0 0 0 0 0 0 0 0 0 0 0 0 0 0 0 0 0 0 0 0 0 0 0 0 0 0 2 0 5 15 0 1 16 5 10 12 17 32 70 94 228 110 94 113 204 111 208 186 199 179 281 226 301 258 325 354 381 422 401 491 417 433 379 375 365 249 261 175 143 108 59 
SAlphaB:
0 0 0 0 0 0 0 0 0 0 0 0 0 0 0 0 0 0 0 0 0 0 0 0 0 0 0 0 0 0 0 0 0 0 0 0 0 2 0 5 15 0 1 16 5 10 12 17 32 70 94 228 110 94 113 204 111 208 186 199 179 281 226 301 258 325 354 381 422 401 491 417 433 379 375 365 249 261 175 143 108 59 

LossDepth:
SAlphaB:
0 0 0 0 0 0 0 0 0 0 0 0 0 0 0 0 0 0 0 0 0 0 0 0 0 0 0 0 0 0 0 0 0 0 0 0 0 2 0 5 15 0 1 16 5 10 12 17 32 70 94 228 110 94 113 204 111 208 186 199 179 281 226 301 258 325 354 381 422 401 491 417 433 379 375 365 249 261 175 143 108 59 

FirstWin:
0 0 0 0 0 0 0 0 0 0 0 0 0 0 0 0 0 0 0 0 0 0 0 0 0 0 0 0 0 0 0 0 0 0 0 0 0 2 0 5 0 0 0 16 0 10 0 17 0 70 0 228 0 94 0 204 0 208 0 199 0 281 0 301 0 325 0 381 0 401 0 417 0 379 0 365 0 261 0 143 0 59 
SAlphaB:
0 0 0 0 0 0 0 0 0 0 0 0 0 0 0 0 0 0 0 0 0 0 0 0 0 0 0 0 0 0 0 0 0 0 0 0 0 2 0 5 0 0 0 16 0 10 0 17 0 70 0 228 0 94 0 204 0 208 0 199 0 281 0 301 0 325 0 381 0 401 0 417 0 379 0 365 0 261 0 143 0 59 

SecondWin:
0 0 0 0 0 0 0 0 0 0 0 0 0 0 0 0 0 0 0 0 0 0 0 0 0 0 0 0 0 0 0 0 0 0 0 0 0 0 0 0 15 0 1 0 5 0 12 0 32 0 94 0 110 0 113 0 111 0 186 0 179 0 226 0 258 0 354 0 422 0 491 0 433 0 375 0 249 0 175 0 108 0 
SAlphaB:
0 0 0 0 0 0 0 0 0 0 0 0 0 0 0 0 0 0 0 0 0 0 0 0 0 0 0 0 0 0 0 0 0 0 0 0 0 0 0 0 15 0 1 0 5 0 12 0 32 0 94 0 110 0 113 0 111 0 186 0 179 0 226 0 258 0 354 0 422 0 491 0 433 0 375 0 249 0 175 0 108 0 
