0 66 96 53 -15 10 31 22

0 67 70 20 -6 0 1 4

0 18 80 62 -17 23 39 14

0 23 84 22 -17 2 3 33

0 25 97 7 -1 11 12 21

0 46 76 10 -17 14 32 6

0 39 61 5 -9 7 18 25

0 10 74 64 -8 5 9 25

0 77 99 46 -8 18 28 33

0 8 21 29 -2 3 7 3

0 69 94 91 -1 11 20 4

0 16 81 29 -18 3 5 22

0 40 67 14 -18 6 18 36

0 51 90 69 -19 13 27 28

0 23 76 97 -15 22 31 18

0 18 37 64 -20 1 10 17

0 68 77 26 -2 6 37 25

0 43 50 89 -5 1 11 13

0 3 92 11 -10 3 4 25

0 89 97 22 -1 10 46 41

0 40 70 56 -4 5 47 11

0 8 18 50 -7 8 9 13

0 47 67 54 -15 7 11 36

0 21 62 68 -17 0 3 1

0 47 49 25 -6 1 16 25

0 19 74 48 -2 0 1 21

0 66 87 31 -13 5 7 33

0 37 51 86 -4 8 28 28

0 42 78 8 -1 3 14 21

0 71 76 38 -8 16 27 3

0 75 90 10 -5 4 45 4

0 14 31 32 -12 2 23 21

0 16 88 85 -19 25 40 36

0 16 18 80 -17 47 49 48

0 10 31 16 -16 12 15 15

0 1 56 55 -19 9 24 29

0 69 78 43 -10 28 47 31

0 39 52 84 -4 7 11 26

0 13 54 77 -15 1 5 7

0 27 98 35 -3 0 44 26

0 16 25 93 -19 0 1 46

0 16 25 91 -8 2 14 11

0 46 81 94 -18 13 18 19

0 76 97 57 -3 3 6 12

0 75 98 76 -9 11 12 10

0 56 78 39 -13 15 43 3

0 73 86 85 -7 8 17 42

0 33 68 67 -9 24 26 7

0 25 41 61 -3 1 17 33

0 31 36 14 -12 1 6 46

0 9 90 78 -17 0 20 8

0 12 49 11 -10 1 18 22

0 26 59 95 -11 20 49 3

0 15 27 66 -7 26 27 10

0 15 62 94 -9 14 40 36

0 63 86 77 -20 28 34 1

0 48 86 60 -14 23 44 42

0 4 65 67 -7 9 46 31

0 31 78 80 -7 14 49 9

0 43 71 34 -18 14 16 25

0 2 65 71 -9 0 3 32

0 24 80 26 -3 32 41 38

0 46 57 52 -10 22 27 2

0 18 84 16 -3 14 15 47

0 32 94 72 -3 8 47 33

0 1 75 2 -4 9 34 28

0 18 26 68 -14 17 39 6

0 16 57 0 -4 5 29 48

0 16 29 29 -3 4 16 32

0 1 25 55 -17 36 43 10

0 17 63 11 -18 21 23 0

0 63 68 43 -18 25 46 7

0 2 35 13 -5 36 41 44

0 3 14 95 -19 28 40 29

0 1 33 38 -17 44 49 6

0 13 37 7 -20 16 25 31

0 19 31 56 -11 13 16 0

0 5 9 81 -3 7 12 31

0 4 6 36 -7 15 39 35

0 0 2 18 -5 15 44 8

0 8 31 75 -18 0 11 41

0 17 20 77 -5 8 29 45

0 2 5 33 -19 16 28 24

0 2 23 23 -18 0 4 40

0 15 17 36 -11 19 37 48

0 0 24 44 -14 2 22 33

0 4 18 80 -14 6 28 16

0 1 27 58 -19 0 33 40

0 4 16 38 -9 4 17 14

0 8 14 32 -6 1 19 40

0 15 19 47 -12 0 38 24

0 1 7 45 -8 10 33 34

0 11 38 26 -2 4 37 44

0 1 4 97 -18 24 41 5

0 1 3 70 -3 36 38 30

0 0 1 71 -11 11 47 39

0 2 5 52 -7 16 25 36

0 3 4 68 -16 9 13 3

0 0 1 35 -9 7 47 41

0 2 12 92 -10 13 32 21


SAlphaB: 703.0, std-dev 265.91406763019586

Earliest win: 37
Latest win: 81

WinDepth:
0 0 0 0 0 0 0 0 0 0 0 0 0 0 0 0 0 0 0 0 0 0 0 0 0 0 0 0 0 0 0 0 0 0 0 0 0 2 0 1 2 10 4 11 20 25 17 31 41 73 69 154 77 104 90 231 157 202 132 175 141 219 243 301 344 370 375 363 456 374 439 455 434 394 404 347 249 259 190 139 100 77 
SAlphaB:
0 0 0 0 0 0 0 0 0 0 0 0 0 0 0 0 0 0 0 0 0 0 0 0 0 0 0 0 0 0 0 0 0 0 0 0 0 2 0 1 2 10 4 11 20 25 17 31 41 73 69 154 77 104 90 231 157 202 132 175 141 219 243 301 344 370 375 363 456 374 439 455 434 394 404 347 249 259 190 139 100 77 

LossDepth:
SAlphaB:
0 0 0 0 0 0 0 0 0 0 0 0 0 0 0 0 0 0 0 0 0 0 0 0 0 0 0 0 0 0 0 0 0 0 0 0 0 2 0 1 2 10 4 11 20 25 17 31 41 73 69 154 77 104 90 231 157 202 132 175 141 219 243 301 344 370 375 363 456 374 439 455 434 394 404 347 249 259 190 139 100 77 

FirstWin:
0 0 0 0 0 0 0 0 0 0 0 0 0 0 0 0 0 0 0 0 0 0 0 0 0 0 0 0 0 0 0 0 0 0 0 0 0 2 0 1 0 10 0 11 0 25 0 31 0 73 0 154 0 104 0 231 0 202 0 175 0 219 0 301 0 370 0 363 0 374 0 455 0 394 0 347 0 259 0 139 0 77 
SAlphaB:
0 0 0 0 0 0 0 0 0 0 0 0 0 0 0 0 0 0 0 0 0 0 0 0 0 0 0 0 0 0 0 0 0 0 0 0 0 2 0 1 0 10 0 11 0 25 0 31 0 73 0 154 0 104 0 231 0 202 0 175 0 219 0 301 0 370 0 363 0 374 0 455 0 394 0 347 0 259 0 139 0 77 

SecondWin:
0 0 0 0 0 0 0 0 0 0 0 0 0 0 0 0 0 0 0 0 0 0 0 0 0 0 0 0 0 0 0 0 0 0 0 0 0 0 0 0 2 0 4 0 20 0 17 0 41 0 69 0 77 0 90 0 157 0 132 0 141 0 243 0 344 0 375 0 456 0 439 0 434 0 404 0 249 0 190 0 100 0 
SAlphaB:
0 0 0 0 0 0 0 0 0 0 0 0 0 0 0 0 0 0 0 0 0 0 0 0 0 0 0 0 0 0 0 0 0 0 0 0 0 0 0 0 2 0 4 0 20 0 17 0 41 0 69 0 77 0 90 0 157 0 132 0 141 0 243 0 344 0 375 0 456 0 439 0 434 0 404 0 249 0 190 0 100 0 
