0 25 57 14 -13 2 8 18

0 54 98 4 -12 2 17 34

0 41 63 42 -3 0 3 1

0 71 98 56 -20 1 26 40

0 47 71 51 -14 2 18 15

0 39 82 91 -12 1 10 11

0 22 62 65 -12 2 5 9

0 31 53 28 -3 0 15 1

0 48 83 61 -20 6 22 24

0 65 73 76 -16 5 17 7

0 28 89 52 -14 3 10 13

0 20 79 20 -10 0 2 7

0 24 96 27 -5 2 14 36

0 59 79 78 -12 1 27 11

0 19 88 45 -7 0 1 13

0 55 86 10 -12 8 12 26

0 72 83 26 -10 11 29 9

0 24 61 76 -16 0 1 20

0 45 90 48 -15 2 10 43

0 38 88 57 -12 2 17 36

0 76 96 54 -15 4 8 0

0 25 71 47 -9 1 23 12

0 30 97 92 -13 0 2 12

0 42 83 68 -1 2 42 6

0 41 92 10 -6 7 9 18

0 35 71 29 -2 3 6 8

0 11 64 97 -9 0 3 11

0 30 55 22 -9 0 3 14

0 50 70 69 -2 6 13 6

0 20 96 35 -3 0 15 1

0 38 59 62 -5 9 15 15

0 31 73 93 -16 2 4 1

0 82 97 34 -13 12 23 7

0 42 97 33 -6 9 22 6

0 64 87 35 -13 8 32 4

0 29 83 36 -2 4 9 41

0 34 78 77 -10 45 49 16

0 40 90 25 -20 3 8 17

0 60 67 36 -7 3 13 13

0 19 66 59 -12 0 5 21

0 31 83 62 -13 9 21 42

0 63 94 52 -7 14 21 36

0 45 76 9 -1 18 23 4

0 54 63 98 -20 0 5 23

0 51 91 73 -12 11 25 48

0 48 54 81 -2 7 10 14

0 84 92 13 -4 0 1 2

0 67 82 46 -16 6 10 40

0 25 99 97 -11 17 43 17

0 29 55 28 -4 7 10 15

0 87 98 63 -17 12 37 46

0 65 71 56 -16 3 14 21

0 36 67 58 -14 3 8 14

0 12 64 77 -13 10 25 8

0 73 99 92 -13 13 48 21

0 71 99 21 -15 7 8 17

0 34 92 71 -7 3 26 28

0 48 68 35 -8 4 21 5

0 41 78 19 -5 1 34 8

0 4 35 95 -14 7 17 11

0 43 54 31 -17 0 4 35

0 80 90 14 -4 16 32 30

0 80 81 6 -7 7 35 20

0 33 45 60 -12 0 2 15

0 18 38 42 -19 0 5 30

0 33 35 87 -13 4 14 20

0 36 99 8 -9 3 23 9

0 44 67 41 -15 4 9 6

0 46 89 54 -13 0 28 11

0 24 69 37 -8 0 1 16

0 23 91 96 -2 1 4 13

0 59 67 95 -3 3 11 16

0 40 52 77 -16 4 19 33

0 19 82 69 -19 0 1 34

0 59 73 8 -1 13 41 28

0 3 84 87 -16 7 16 17

0 13 67 84 -16 17 32 23

0 60 99 50 -6 16 48 9

0 37 61 65 -7 2 33 14

0 18 26 46 -10 1 6 6

0 28 78 80 -19 15 25 18

0 60 91 86 -12 15 25 26

0 70 95 93 -15 9 40 8

0 14 96 23 -11 11 31 1

0 79 98 2 -12 14 18 11

0 17 28 32 -7 18 27 11

0 26 42 61 -20 21 25 17

0 16 73 54 -2 22 47 25

0 20 30 17 -15 0 1 20

0 4 56 88 -10 22 43 3

0 78 86 87 -1 18 28 3

0 35 67 55 -18 9 27 34

0 32 77 88 -15 1 24 46

0 19 67 25 -14 42 45 15

0 51 70 52 -5 9 15 33

0 31 82 94 -13 3 23 45

0 9 47 89 -13 21 26 18

0 58 59 97 -18 5 28 11

0 60 69 19 -19 0 1 39

0 12 51 21 -13 0 18 3


SAlphaB: 747.0, std-dev 247.18410919471307

Earliest win: 35
Latest win: 81

WinDepth:
0 0 0 0 0 0 0 0 0 0 0 0 0 0 0 0 0 0 0 0 0 0 0 0 0 0 0 0 0 0 0 0 0 0 0 2 0 6 8 16 4 14 15 46 15 41 27 158 50 140 142 483 173 299 281 433 262 634 365 512 474 619 657 790 747 930 936 898 1042 972 1002 962 890 861 953 702 626 480 425 294 229 151 
SAlphaB:
0 0 0 0 0 0 0 0 0 0 0 0 0 0 0 0 0 0 0 0 0 0 0 0 0 0 0 0 0 0 0 0 0 0 0 2 0 6 8 16 4 14 15 46 15 41 27 158 50 140 142 483 173 299 281 433 262 634 365 512 474 619 657 790 747 930 936 898 1042 972 1002 962 890 861 953 702 626 480 425 294 229 151 

LossDepth:
SAlphaB:
0 0 0 0 0 0 0 0 0 0 0 0 0 0 0 0 0 0 0 0 0 0 0 0 0 0 0 0 0 0 0 0 0 0 0 0 0 4 3 13 4 16 6 29 8 22 21 55 29 62 69 175 147 185 191 259 172 396 217 312 321 447 408 545 542 736 672 677 751 774 716 854 699 719 739 663 512 447 302 269 228 185 

FirstWin:
0 0 0 0 0 0 0 0 0 0 0 0 0 0 0 0 0 0 0 0 0 0 0 0 0 0 0 0 0 0 0 0 0 0 0 2 0 6 0 16 0 14 0 46 0 41 0 158 0 140 0 483 0 299 0 433 0 634 0 512 0 619 0 790 0 930 0 898 0 972 0 962 0 861 0 702 0 480 0 294 0 151 
SAlphaB:
0 0 0 0 0 0 0 0 0 0 0 0 0 0 0 0 0 0 0 0 0 0 0 0 0 0 0 0 0 0 0 0 0 0 0 2 0 6 0 16 0 14 0 46 0 41 0 158 0 140 0 483 0 299 0 433 0 634 0 512 0 619 0 790 0 930 0 898 0 972 0 962 0 861 0 702 0 480 0 294 0 151 

SecondWin:
0 0 0 0 0 0 0 0 0 0 0 0 0 0 0 0 0 0 0 0 0 0 0 0 0 0 0 0 0 0 0 0 0 0 0 0 0 0 8 0 4 0 15 0 15 0 27 0 50 0 142 0 173 0 281 0 262 0 365 0 474 0 657 0 747 0 936 0 1042 0 1002 0 890 0 953 0 626 0 425 0 229 0 
SAlphaB:
0 0 0 0 0 0 0 0 0 0 0 0 0 0 0 0 0 0 0 0 0 0 0 0 0 0 0 0 0 0 0 0 0 0 0 0 0 0 8 0 4 0 15 0 15 0 27 0 50 0 142 0 173 0 281 0 262 0 365 0 474 0 657 0 747 0 936 0 1042 0 1002 0 890 0 953 0 626 0 425 0 229 0 
