0 3 84 87 -16 7 16 17

0 14 96 23 -11 11 31 1

0 26 42 61 -20 21 25 17

0 65 71 56 -16 3 14 21

0 29 83 36 -2 4 9 41

0 87 98 63 -17 12 37 46

0 43 54 31 -17 0 4 35

0 48 68 35 -8 4 21 5

0 12 51 21 -13 0 18 3

0 25 71 47 -9 1 23 12

0 20 67 63 -6 8 21 11

0 24 83 46 -12 17 26 2

0 32 75 54 -18 7 27 39

0 35 90 89 -14 32 49 23

0 55 65 19 -14 0 26 26

0 38 51 42 -18 0 11 19

0 55 87 40 -14 0 27 37

0 34 84 58 -12 4 13 28

0 51 72 58 -8 5 48 22

0 19 20 37 -1 3 9 9

0 15 61 21 -12 0 4 37

0 9 17 87 -2 8 19 24

0 30 78 9 -12 6 9 30

0 21 96 4 -18 4 13 7

0 14 20 73 -6 8 23 5

0 28 44 67 -12 0 1 27

0 15 41 71 -15 1 3 23

0 38 40 19 -11 7 42 17

0 15 35 19 -11 17 20 17

0 12 66 78 -4 5 15 3

0 42 74 73 -2 0 11 18

0 36 73 61 -8 12 41 7

0 54 96 55 -18 31 43 20

0 44 90 34 -10 19 21 41

0 28 71 34 -12 17 27 15

0 58 62 29 -1 4 10 27

0 90 96 62 -17 0 19 22

0 51 63 46 -2 0 1 17

0 55 63 58 -18 23 46 12

0 45 60 93 -15 4 5 45

0 12 14 81 -3 7 22 30

0 41 53 98 -17 26 45 48

0 41 91 75 -3 14 49 14

0 45 54 83 -20 12 20 14

0 27 52 88 -9 2 3 39

0 3 58 99 -1 25 44 33

0 7 53 36 -2 27 35 16

0 42 67 60 -18 29 48 23

0 31 33 75 -16 16 38 45

0 55 76 27 -12 3 4 44

0 16 30 2 -13 2 10 30

0 3 4 93 -15 15 19 31

0 66 90 29 -20 27 43 15

0 30 78 99 -16 7 8 17

0 4 74 82 -10 15 16 43

0 11 59 20 -11 45 47 13

0 33 62 97 -6 6 8 48

0 0 8 23 -1 10 21 11

0 68 94 96 -9 37 41 25

0 48 79 85 -4 35 49 7

0 17 36 70 -15 12 35 31

0 26 47 22 -7 0 42 4

0 27 80 50 -14 14 18 24

0 9 85 63 -1 3 32 43

0 34 93 30 -11 18 26 14

0 18 21 72 -19 5 44 8

0 49 50 6 -7 22 42 4

0 25 30 30 -14 7 24 3

0 29 48 17 -20 3 5 48

0 30 46 92 -8 2 28 30

0 0 48 22 -18 31 35 14

0 6 11 64 -17 2 36 33

0 9 25 71 -8 16 30 34

0 12 15 67 -10 25 31 35

0 6 84 13 -17 10 37 27

0 15 28 1 -11 5 7 37

0 11 30 13 -12 29 47 15

0 15 18 93 -16 35 45 12

0 1 18 53 -4 6 30 1

0 1 9 57 -1 1 4 5

0 4 14 55 -15 5 15 9

0 8 16 55 -20 24 34 12

0 4 57 20 -13 10 27 35

0 8 11 59 -14 27 38 16

0 3 29 49 -20 23 28 8

0 1 44 97 -5 11 46 17

0 4 27 54 -8 1 34 31

0 7 18 61 -8 10 45 2

0 1 6 71 -1 2 39 0

0 14 22 98 -8 3 45 3

0 7 9 33 -16 7 14 36

0 5 84 3 -13 1 39 33

0 1 11 25 -3 14 21 16

0 2 8 85 -5 6 26 38

0 0 7 70 -18 35 47 9

0 7 14 60 -5 35 38 26

0 0 2 54 -20 0 24 46

0 0 2 15 -19 1 4 28

0 8 13 25 -1 1 25 45

0 0 3 7 -8 12 22 28


SAlphaB: 733.0, std-dev 279.03150423121645

Earliest win: 37
Latest win: 81

WinDepth:
0 0 0 0 0 0 0 0 0 0 0 0 0 0 0 0 0 0 0 0 0 0 0 0 0 0 0 0 0 0 0 0 0 0 0 0 0 6 2 1 2 3 6 13 13 17 18 38 23 60 74 264 122 151 87 170 116 194 168 181 193 258 237 313 284 347 405 356 384 363 423 435 408 364 412 362 287 251 188 135 116 76 
SAlphaB:
0 0 0 0 0 0 0 0 0 0 0 0 0 0 0 0 0 0 0 0 0 0 0 0 0 0 0 0 0 0 0 0 0 0 0 0 0 6 2 1 2 3 6 13 13 17 18 38 23 60 74 264 122 151 87 170 116 194 168 181 193 258 237 313 284 347 405 356 384 363 423 435 408 364 412 362 287 251 188 135 116 76 

LossDepth:
SAlphaB:
0 0 0 0 0 0 0 0 0 0 0 0 0 0 0 0 0 0 0 0 0 0 0 0 0 0 0 0 0 0 0 0 0 0 0 0 0 6 2 1 2 3 6 13 13 17 18 38 23 60 74 264 122 151 87 170 116 194 168 181 193 258 237 313 284 347 405 356 384 363 423 435 408 364 412 362 287 251 188 135 116 76 

FirstWin:
0 0 0 0 0 0 0 0 0 0 0 0 0 0 0 0 0 0 0 0 0 0 0 0 0 0 0 0 0 0 0 0 0 0 0 0 0 6 0 1 0 3 0 13 0 17 0 38 0 60 0 264 0 151 0 170 0 194 0 181 0 258 0 313 0 347 0 356 0 363 0 435 0 364 0 362 0 251 0 135 0 76 
SAlphaB:
0 0 0 0 0 0 0 0 0 0 0 0 0 0 0 0 0 0 0 0 0 0 0 0 0 0 0 0 0 0 0 0 0 0 0 0 0 6 0 1 0 3 0 13 0 17 0 38 0 60 0 264 0 151 0 170 0 194 0 181 0 258 0 313 0 347 0 356 0 363 0 435 0 364 0 362 0 251 0 135 0 76 

SecondWin:
0 0 0 0 0 0 0 0 0 0 0 0 0 0 0 0 0 0 0 0 0 0 0 0 0 0 0 0 0 0 0 0 0 0 0 0 0 0 2 0 2 0 6 0 13 0 18 0 23 0 74 0 122 0 87 0 116 0 168 0 193 0 237 0 284 0 405 0 384 0 423 0 408 0 412 0 287 0 188 0 116 0 
SAlphaB:
0 0 0 0 0 0 0 0 0 0 0 0 0 0 0 0 0 0 0 0 0 0 0 0 0 0 0 0 0 0 0 0 0 0 0 0 0 0 2 0 2 0 6 0 13 0 18 0 23 0 74 0 122 0 87 0 116 0 168 0 193 0 237 0 284 0 405 0 384 0 423 0 408 0 412 0 287 0 188 0 116 0 
