0 34 92 71 -7 3 26 28

0 19 82 69 -19 0 1 34

0 80 90 14 -4 16 32 30

0 58 59 97 -18 5 28 11

0 28 89 52 -14 3 10 13

0 64 87 35 -13 8 32 4

0 44 67 41 -15 4 9 6

0 82 97 34 -13 12 23 7

0 51 91 73 -12 11 25 48

0 40 52 77 -16 4 19 33

0 40 86 81 -15 1 7 22

0 72 94 16 -14 4 5 2

0 56 68 12 -3 9 19 17

0 37 64 30 -20 0 7 28

0 54 94 52 -1 21 24 30

0 72 81 77 -1 1 16 28

0 23 76 75 -14 3 21 36

0 53 94 89 -15 13 41 8

0 36 94 37 -16 10 22 32

0 34 60 99 -14 37 44 34

0 25 97 60 -8 3 20 11

0 14 32 95 -18 15 23 8

0 92 97 76 -8 12 15 34

0 10 99 56 -17 3 20 17

0 55 85 75 -5 27 42 47

0 24 62 76 -18 33 34 19

0 52 71 49 -7 16 42 1

0 9 71 74 -13 43 47 19

0 77 86 11 -14 2 3 19

0 32 57 62 -3 10 12 39

0 52 67 25 -10 12 29 11

0 30 55 22 -18 31 35 34

0 14 40 10 -7 2 6 32

0 31 84 45 -11 31 38 28

0 30 42 97 -17 28 40 30

0 8 44 37 -14 27 31 26

0 14 49 40 -14 3 31 25

0 13 78 5 -19 29 38 30

0 29 80 11 -15 20 46 11

0 1 49 20 -2 0 18 14

0 8 84 11 -14 21 28 49

0 71 73 71 -2 0 16 32

0 48 50 47 -11 16 29 34

0 80 99 55 -19 0 14 34

0 38 67 67 -19 0 40 0

0 50 60 84 -2 2 5 35

0 25 40 29 -5 42 49 30

0 10 35 82 -11 16 21 33

0 62 80 1 -7 0 8 36

0 15 22 41 -12 20 49 2

0 31 37 58 -14 0 24 16

0 85 98 26 -16 29 39 34

0 46 61 41 -15 33 35 7

0 47 56 86 -18 26 35 12

0 27 45 81 -18 0 29 8

0 58 66 34 -11 28 40 16

0 42 45 83 -19 15 19 9

0 31 81 78 -13 19 27 20

0 11 29 73 -16 1 2 21

0 19 33 74 -9 14 41 19

0 34 68 58 -8 23 44 22

0 21 29 41 -11 5 38 49

0 19 26 37 -3 20 41 30

0 90 97 3 -15 41 48 31

0 12 17 26 -9 12 19 3

0 29 31 33 -10 7 43 29

0 26 61 55 -19 3 48 6

0 5 69 79 -12 8 32 7

0 7 15 80 -12 26 49 38

0 27 35 21 -16 4 31 13

0 6 38 75 -12 13 20 49

0 29 57 96 -18 17 44 29

0 1 28 12 -17 36 41 12

0 24 36 65 -4 1 36 26

0 7 9 66 -17 17 48 42

0 13 16 39 -6 8 10 18

0 44 58 81 -2 25 30 23

0 75 82 54 -15 35 45 16

0 3 50 15 -9 24 35 38

0 8 17 40 -5 21 24 34

0 26 55 35 -12 31 33 0

0 18 40 2 -17 10 48 42

0 10 23 10 -14 7 44 18

0 21 22 3 -10 9 10 18

0 4 8 3 -8 22 42 17

0 0 1 9 -19 3 10 29

0 23 29 57 -6 9 48 16

0 26 34 27 -2 0 1 45

0 16 31 6 -13 11 48 5

0 3 30 2 -13 17 27 39

0 18 20 81 -9 34 48 6

0 9 18 69 -18 9 49 49

0 10 27 72 -10 5 47 34

0 1 8 62 -13 6 29 44

0 47 49 4 -13 24 42 41

0 6 17 15 -3 0 14 35

0 1 5 79 -11 7 46 25

0 1 3 7 -20 4 19 29

0 2 11 89 -5 7 30 44

0 4 5 27 -1 24 34 43


SAlphaB: 705.0, std-dev 260.91075383097274

Earliest win: 35
Latest win: 81

WinDepth:
0 0 0 0 0 0 0 0 0 0 0 0 0 0 0 0 0 0 0 0 0 0 0 0 0 0 0 0 0 0 0 0 0 0 0 2 0 4 4 2 12 9 4 33 15 12 12 29 51 36 76 152 96 113 94 159 138 178 136 204 155 200 291 343 292 335 404 406 442 365 434 445 404 423 378 367 292 229 196 139 122 83 
SAlphaB:
0 0 0 0 0 0 0 0 0 0 0 0 0 0 0 0 0 0 0 0 0 0 0 0 0 0 0 0 0 0 0 0 0 0 0 2 0 4 4 2 12 9 4 33 15 12 12 29 51 36 76 152 96 113 94 159 138 178 136 204 155 200 291 343 292 335 404 406 442 365 434 445 404 423 378 367 292 229 196 139 122 83 

LossDepth:
SAlphaB:
0 0 0 0 0 0 0 0 0 0 0 0 0 0 0 0 0 0 0 0 0 0 0 0 0 0 0 0 0 0 0 0 0 0 0 2 0 4 4 2 12 9 4 33 15 12 12 29 51 36 76 152 96 113 94 159 138 178 136 204 155 200 291 343 292 335 404 406 442 365 434 445 404 423 378 367 292 229 196 139 122 83 

FirstWin:
0 0 0 0 0 0 0 0 0 0 0 0 0 0 0 0 0 0 0 0 0 0 0 0 0 0 0 0 0 0 0 0 0 0 0 2 0 4 0 2 0 9 0 33 0 12 0 29 0 36 0 152 0 113 0 159 0 178 0 204 0 200 0 343 0 335 0 406 0 365 0 445 0 423 0 367 0 229 0 139 0 83 
SAlphaB:
0 0 0 0 0 0 0 0 0 0 0 0 0 0 0 0 0 0 0 0 0 0 0 0 0 0 0 0 0 0 0 0 0 0 0 2 0 4 0 2 0 9 0 33 0 12 0 29 0 36 0 152 0 113 0 159 0 178 0 204 0 200 0 343 0 335 0 406 0 365 0 445 0 423 0 367 0 229 0 139 0 83 

SecondWin:
0 0 0 0 0 0 0 0 0 0 0 0 0 0 0 0 0 0 0 0 0 0 0 0 0 0 0 0 0 0 0 0 0 0 0 0 0 0 4 0 12 0 4 0 15 0 12 0 51 0 76 0 96 0 94 0 138 0 136 0 155 0 291 0 292 0 404 0 442 0 434 0 404 0 378 0 292 0 196 0 122 0 
SAlphaB:
0 0 0 0 0 0 0 0 0 0 0 0 0 0 0 0 0 0 0 0 0 0 0 0 0 0 0 0 0 0 0 0 0 0 0 0 0 0 4 0 12 0 4 0 15 0 12 0 51 0 76 0 96 0 94 0 138 0 136 0 155 0 291 0 292 0 404 0 442 0 434 0 404 0 378 0 292 0 196 0 122 0 
