0 19 66 59 -12 0 5 21

0 20 79 20 -10 0 2 7

0 20 96 35 -3 0 15 1

0 48 83 61 -20 6 22 24

0 51 70 52 -5 9 15 33

0 30 55 22 -9 0 3 14

0 72 83 26 -10 11 29 9

0 41 78 19 -5 1 34 8

0 31 83 62 -13 9 21 42

0 20 30 17 -15 0 1 20

0 45 80 36 -16 4 13 3

0 19 54 58 -16 1 2 9

0 98 99 78 -9 16 32 23

0 51 54 82 -11 3 4 17

0 23 35 11 -17 2 12 25

0 18 43 61 -14 8 19 3

0 15 66 47 -8 14 28 17

0 16 67 54 -14 4 14 3

0 38 91 30 -11 7 14 4

0 55 62 3 -2 17 36 5

0 0 74 52 -14 17 23 17

0 49 61 74 -17 4 20 33

0 24 33 60 -5 8 12 33

0 6 24 13 -8 0 5 13

0 64 74 91 -18 12 21 16

0 70 75 42 -7 17 19 31

0 67 68 8 -11 1 40 1

0 2 64 87 -7 6 7 26

0 23 29 55 -4 6 11 1

0 17 87 9 -4 0 2 45

0 9 74 68 -6 39 41 21

0 0 62 65 -16 6 12 40

0 21 92 17 -1 15 40 34

0 37 59 95 -10 7 40 34

0 9 58 81 -6 26 37 44

0 13 19 66 -20 16 19 15

0 4 15 21 -19 18 21 19

0 4 76 75 -6 24 34 35

0 51 52 0 -18 2 25 49

0 42 64 10 -3 25 36 20

0 16 36 62 -19 0 20 11

0 10 66 60 -1 12 17 32

0 4 47 4 -15 3 10 27

0 13 29 51 -20 12 35 7

0 25 39 74 -19 0 26 42

0 38 72 55 -18 4 34 46

0 51 90 58 -13 26 27 35

0 20 42 98 -5 26 45 30

0 14 22 66 -4 12 23 17

0 47 65 88 -6 0 6 30

0 10 33 20 -3 27 35 18

0 82 87 14 -2 2 8 11

0 6 12 89 -5 23 25 26

0 19 34 29 -17 14 45 47

0 38 56 94 -16 36 37 25

0 1 9 74 -12 35 36 17

0 44 57 31 -15 20 35 13

0 57 76 90 -12 17 31 46

0 0 14 49 -10 5 7 9

0 32 38 96 -12 0 2 48

0 26 36 33 -19 39 49 17

0 9 15 73 -15 16 38 1

0 1 3 64 -4 31 37 24

0 52 76 92 -18 24 27 49

0 22 59 4 -1 42 43 32

0 1 6 54 -16 4 6 18

0 7 16 99 -18 2 13 15

0 19 20 30 -11 6 33 33

0 70 71 99 -10 35 42 9

0 59 71 24 -2 5 7 49

0 2 12 32 -6 16 17 11

0 10 94 12 -19 17 25 2

0 25 37 13 -18 24 31 5

0 1 19 53 -20 13 42 37

0 15 25 73 -11 26 44 36

0 8 14 32 -19 23 48 4

0 4 20 51 -7 31 37 15

0 3 45 67 -19 1 5 35

0 0 1 9 -20 27 49 17

0 0 1 80 -14 10 24 46

0 11 15 47 -11 12 47 36

0 13 25 40 -8 18 24 28

0 29 30 34 -9 8 35 45

0 5 38 6 -19 7 8 43

0 14 27 52 -14 11 21 41

0 10 43 16 -15 22 23 37

0 15 32 6 -13 16 46 15

0 1 62 12 -18 0 40 49

0 12 50 15 -8 4 16 46

0 28 34 46 -8 8 39 48

0 0 4 71 -5 13 23 0

0 8 9 48 -4 4 18 7

0 29 33 69 -17 5 23 45

0 2 4 96 -6 0 29 27

0 4 26 36 -1 35 49 48

0 3 16 30 -4 0 40 27

0 9 11 42 -13 9 38 8

0 2 5 26 -5 1 44 27

0 6 16 39 -1 0 23 47

0 1 2 5 -13 4 6 46


SAlphaB: 705.0, std-dev 256.74462599984054

Earliest win: 37
Latest win: 81

WinDepth:
0 0 0 0 0 0 0 0 0 0 0 0 0 0 0 0 0 0 0 0 0 0 0 0 0 0 0 0 0 0 0 0 0 0 0 0 0 5 0 2 14 8 3 16 8 33 16 54 16 60 56 173 121 129 93 184 120 189 158 165 183 238 229 301 317 340 428 341 484 376 415 447 418 435 348 326 281 237 208 117 116 85 
SAlphaB:
0 0 0 0 0 0 0 0 0 0 0 0 0 0 0 0 0 0 0 0 0 0 0 0 0 0 0 0 0 0 0 0 0 0 0 0 0 5 0 2 14 8 3 16 8 33 16 54 16 60 56 173 121 129 93 184 120 189 158 165 183 238 229 301 317 340 428 341 484 376 415 447 418 435 348 326 281 237 208 117 116 85 

LossDepth:
SAlphaB:
0 0 0 0 0 0 0 0 0 0 0 0 0 0 0 0 0 0 0 0 0 0 0 0 0 0 0 0 0 0 0 0 0 0 0 0 0 5 0 2 14 8 3 16 8 33 16 54 16 60 56 173 121 129 93 184 120 189 158 165 183 238 229 301 317 340 428 341 484 376 415 447 418 435 348 326 281 237 208 117 116 85 

FirstWin:
0 0 0 0 0 0 0 0 0 0 0 0 0 0 0 0 0 0 0 0 0 0 0 0 0 0 0 0 0 0 0 0 0 0 0 0 0 5 0 2 0 8 0 16 0 33 0 54 0 60 0 173 0 129 0 184 0 189 0 165 0 238 0 301 0 340 0 341 0 376 0 447 0 435 0 326 0 237 0 117 0 85 
SAlphaB:
0 0 0 0 0 0 0 0 0 0 0 0 0 0 0 0 0 0 0 0 0 0 0 0 0 0 0 0 0 0 0 0 0 0 0 0 0 5 0 2 0 8 0 16 0 33 0 54 0 60 0 173 0 129 0 184 0 189 0 165 0 238 0 301 0 340 0 341 0 376 0 447 0 435 0 326 0 237 0 117 0 85 

SecondWin:
0 0 0 0 0 0 0 0 0 0 0 0 0 0 0 0 0 0 0 0 0 0 0 0 0 0 0 0 0 0 0 0 0 0 0 0 0 0 0 0 14 0 3 0 8 0 16 0 16 0 56 0 121 0 93 0 120 0 158 0 183 0 229 0 317 0 428 0 484 0 415 0 418 0 348 0 281 0 208 0 116 0 
SAlphaB:
0 0 0 0 0 0 0 0 0 0 0 0 0 0 0 0 0 0 0 0 0 0 0 0 0 0 0 0 0 0 0 0 0 0 0 0 0 0 0 0 14 0 3 0 8 0 16 0 16 0 56 0 121 0 93 0 120 0 158 0 183 0 229 0 317 0 428 0 484 0 415 0 418 0 348 0 281 0 208 0 116 0 
