0 25 57 14 -13 2 8 18

0 11 64 97 -9 0 3 11

0 50 70 69 -2 6 13 6

0 59 67 95 -3 3 11 16

0 60 91 86 -12 15 25 26

0 71 99 21 -15 7 8 17

0 60 69 19 -19 0 1 39

0 34 78 77 -10 45 49 16

0 60 99 50 -6 16 48 9

0 54 63 98 -20 0 5 23

0 37 80 66 -4 5 14 41

0 46 91 35 -3 2 9 3

0 23 37 28 -1 20 25 17

0 69 99 14 -7 14 24 27

0 33 99 45 -19 35 43 10

0 17 67 48 -8 8 18 18

0 35 96 53 -1 8 10 38

0 63 65 17 -20 5 29 41

0 28 86 20 -3 1 5 8

0 41 44 35 -18 28 33 33

0 17 98 85 -10 7 14 33

0 31 32 7 -9 13 18 25

0 72 93 99 -13 0 1 28

0 28 80 53 -4 7 44 23

0 51 87 48 -10 11 13 39

0 68 72 81 -7 3 19 49

0 50 69 8 -12 23 32 36

0 87 93 23 -5 12 32 37

0 53 96 70 -3 33 39 20

0 16 64 26 -16 23 39 3

0 3 58 70 -4 21 44 27

0 28 76 79 -13 18 43 23

0 85 91 10 -5 23 44 4

0 34 62 60 -6 42 49 37

0 11 69 55 -13 26 37 31

0 22 53 61 -13 1 10 42

0 40 46 74 -12 14 49 41

0 89 91 23 -7 3 23 42

0 8 56 97 -17 6 8 7

0 49 95 30 -7 32 44 13

0 31 61 84 -13 10 30 24

0 23 55 62 -6 37 40 44

0 4 70 82 -12 2 5 10

0 38 39 49 -15 35 49 33

0 53 59 26 -20 14 21 24

0 8 71 46 -13 1 4 7

0 5 6 78 -4 3 5 15

0 34 61 69 -13 20 28 40

0 13 21 23 -7 7 26 9

0 31 98 8 -12 5 44 43

0 49 70 46 -19 21 25 25

0 16 32 17 -14 16 28 11

0 13 31 31 -3 8 34 1

0 16 79 8 -2 24 29 42

0 48 67 21 -14 24 26 43

0 44 94 18 -18 12 49 0

0 37 57 53 -18 3 28 28

0 2 36 15 -1 14 26 30

0 16 39 21 -9 2 34 9

0 4 8 20 -11 1 9 12

0 19 50 4 -6 25 37 37

0 6 99 84 -7 4 32 44

0 52 65 21 -2 3 6 43

0 1 5 85 -13 0 3 37

0 12 40 23 -13 33 43 32

0 8 47 35 -19 17 26 32

0 5 56 70 -8 4 32 21

0 1 41 35 -17 34 44 10

0 34 39 1 -1 21 39 30

0 2 3 61 -20 3 16 31

0 6 21 28 -12 10 39 21

0 8 34 18 -9 5 6 36

0 25 67 11 -16 20 35 38

0 2 24 86 -18 4 17 10

0 5 15 96 -10 6 24 0

0 2 76 99 -15 37 45 46

0 14 16 19 -20 34 39 40

0 75 89 42 -6 29 45 15

0 10 19 11 -12 18 21 34

0 22 36 63 -6 26 45 24

0 8 25 76 -15 26 40 49

0 1 4 63 -9 2 25 26

0 11 28 58 -4 3 40 27

0 2 3 3 -18 22 23 35

0 14 97 25 -20 4 9 43

0 1 38 48 -10 37 47 37

0 8 10 12 -3 18 21 15

0 0 2 8 -9 15 18 26

0 3 9 52 -8 3 28 28

0 2 22 37 -1 10 22 46

0 7 13 2 -2 25 47 43

0 9 18 41 -15 8 12 49

0 3 5 72 -17 12 42 28

0 4 5 35 -16 33 37 6

0 5 6 50 -1 2 26 41

0 3 15 29 -3 2 35 19

0 1 7 37 -2 2 18 32

0 2 9 70 -8 13 31 39

0 16 26 34 -1 10 23 27

0 1 2 58 -17 6 40 17


SAlphaB: 719.0, std-dev 256.48347338807645

Earliest win: 35
Latest win: 81

WinDepth:
0 0 0 0 0 0 0 0 0 0 0 0 0 0 0 0 0 0 0 0 0 0 0 0 0 0 0 0 0 0 0 0 0 0 0 1 0 8 0 0 0 5 2 13 3 19 12 34 33 79 66 201 55 119 86 159 109 187 139 176 186 245 247 387 329 372 390 369 472 412 440 514 443 458 378 341 266 238 172 137 99 73 
SAlphaB:
0 0 0 0 0 0 0 0 0 0 0 0 0 0 0 0 0 0 0 0 0 0 0 0 0 0 0 0 0 0 0 0 0 0 0 1 0 8 0 0 0 5 2 13 3 19 12 34 33 79 66 201 55 119 86 159 109 187 139 176 186 245 247 387 329 372 390 369 472 412 440 514 443 458 378 341 266 238 172 137 99 73 

LossDepth:
SAlphaB:
0 0 0 0 0 0 0 0 0 0 0 0 0 0 0 0 0 0 0 0 0 0 0 0 0 0 0 0 0 0 0 0 0 0 0 1 0 8 0 0 0 5 2 13 3 19 12 34 33 79 66 201 55 119 86 159 109 187 139 176 186 245 247 387 329 372 390 369 472 412 440 514 443 458 378 341 266 238 172 137 99 73 

FirstWin:
0 0 0 0 0 0 0 0 0 0 0 0 0 0 0 0 0 0 0 0 0 0 0 0 0 0 0 0 0 0 0 0 0 0 0 1 0 8 0 0 0 5 0 13 0 19 0 34 0 79 0 201 0 119 0 159 0 187 0 176 0 245 0 387 0 372 0 369 0 412 0 514 0 458 0 341 0 238 0 137 0 73 
SAlphaB:
0 0 0 0 0 0 0 0 0 0 0 0 0 0 0 0 0 0 0 0 0 0 0 0 0 0 0 0 0 0 0 0 0 0 0 1 0 8 0 0 0 5 0 13 0 19 0 34 0 79 0 201 0 119 0 159 0 187 0 176 0 245 0 387 0 372 0 369 0 412 0 514 0 458 0 341 0 238 0 137 0 73 

SecondWin:
0 0 0 0 0 0 0 0 0 0 0 0 0 0 0 0 0 0 0 0 0 0 0 0 0 0 0 0 0 0 0 0 0 0 0 0 0 0 0 0 0 0 2 0 3 0 12 0 33 0 66 0 55 0 86 0 109 0 139 0 186 0 247 0 329 0 390 0 472 0 440 0 443 0 378 0 266 0 172 0 99 0 
SAlphaB:
0 0 0 0 0 0 0 0 0 0 0 0 0 0 0 0 0 0 0 0 0 0 0 0 0 0 0 0 0 0 0 0 0 0 0 0 0 0 0 0 0 0 2 0 3 0 12 0 33 0 66 0 55 0 86 0 109 0 139 0 186 0 247 0 329 0 390 0 472 0 440 0 443 0 378 0 266 0 172 0 99 0 
