0 22 62 65 -12 2 5 9

0 42 97 33 -6 9 22 6

0 30 97 92 -13 0 2 12

0 18 26 46 -10 1 6 6

0 23 91 96 -2 1 4 13

0 59 79 78 -12 1 27 11

0 31 73 93 -16 2 4 1

0 45 76 9 -1 18 23 4

0 13 67 84 -16 17 32 23

0 70 95 93 -15 9 40 8

0 68 88 89 -20 2 9 1

0 30 98 2 -15 7 21 11

0 35 51 80 -2 1 5 3

0 3 51 26 -2 0 8 1

0 23 67 58 -12 0 1 4

0 48 49 74 -13 4 20 39

0 77 97 42 -16 1 22 2

0 22 89 83 -13 3 8 46

0 43 67 8 -7 5 31 20

0 88 92 13 -6 4 46 42

0 11 47 25 -4 28 36 23

0 65 90 72 -1 5 39 47

0 63 70 32 -4 1 3 25

0 37 83 85 -18 24 29 11

0 33 56 40 -13 41 46 17

0 22 64 40 -20 31 32 13

0 48 60 90 -13 9 38 17

0 65 96 9 -18 18 30 43

0 7 56 44 -17 12 40 21

0 12 95 59 -18 2 17 23

0 55 79 63 -1 0 5 9

0 7 29 6 -2 2 5 19

0 8 42 65 -11 17 23 41

0 9 69 11 -1 24 35 7

0 11 81 45 -13 32 48 39

0 57 60 86 -11 11 27 0

0 15 21 48 -4 25 34 30

0 19 80 97 -10 12 16 33

0 22 61 37 -8 19 33 10

0 32 95 34 -18 16 33 27

0 25 36 94 -6 40 48 12

0 3 68 88 -13 29 48 15

0 2 35 8 -11 0 3 5

0 32 89 60 -9 0 1 24

0 34 46 36 -4 4 24 43

0 52 69 4 -4 21 27 18

0 19 29 30 -20 0 2 42

0 26 31 56 -13 30 44 27

0 44 73 73 -13 18 47 41

0 22 94 23 -3 14 17 42

0 52 62 99 -15 40 48 46

0 23 35 95 -6 4 11 30

0 32 36 2 -5 19 20 42

0 42 45 14 -6 1 2 42

0 42 74 68 -6 36 47 12

0 4 53 27 -11 11 35 42

0 45 54 72 -18 0 11 47

0 2 49 3 -7 2 15 22

0 9 60 25 -13 2 6 44

0 15 91 65 -13 22 46 45

0 51 84 46 -18 22 47 46

0 39 56 97 -20 12 22 29

0 0 6 71 -13 0 1 14

0 1 96 27 -7 1 45 4

0 14 24 57 -17 15 34 46

0 29 89 26 -16 9 45 23

0 5 32 77 -13 32 36 28

0 6 24 16 -10 9 24 11

0 9 83 97 -10 14 16 8

0 4 6 94 -11 4 11 20

0 20 71 46 -1 18 36 36

0 34 43 6 -10 6 42 37

0 14 18 93 -10 32 34 34

0 5 14 85 -6 8 20 28

0 26 47 28 -12 6 47 20

0 28 67 82 -14 17 23 38

0 21 44 37 -1 24 30 46

0 37 49 99 -20 12 23 18

0 17 29 65 -1 13 39 0

0 19 30 17 -7 19 32 23

0 8 21 46 -13 3 37 34

0 6 28 69 -12 9 21 40

0 0 1 91 -18 13 17 41

0 15 25 77 -19 23 40 18

0 5 24 78 -11 1 42 35

0 18 48 65 -11 4 28 29

0 14 21 5 -7 3 8 17

0 1 8 87 -4 17 19 25

0 24 37 10 -14 16 20 42

0 3 5 48 -17 6 23 8

0 4 5 49 -19 6 8 30

0 11 15 69 -3 2 16 19

0 22 42 58 -4 0 1 45

0 7 11 63 -18 0 26 45

0 6 8 88 -6 38 44 26

0 9 10 20 -18 25 48 40

0 12 25 2 -9 5 29 44

0 1 3 92 -2 0 39 28

0 0 17 21 -7 25 32 33

0 2 3 2 -16 39 48 47


SAlphaB: 712.0, std-dev 246.55220522029387

Earliest win: 37
Latest win: 81

WinDepth:
0 0 0 0 0 0 0 0 0 0 0 0 0 0 0 0 0 0 0 0 0 0 0 0 0 0 0 0 0 0 0 0 0 0 0 0 0 2 1 2 2 2 3 10 1 33 9 40 29 52 62 173 106 95 108 210 113 234 160 181 196 232 210 291 293 350 391 366 494 435 501 451 415 393 373 320 257 258 181 151 112 67 
SAlphaB:
0 0 0 0 0 0 0 0 0 0 0 0 0 0 0 0 0 0 0 0 0 0 0 0 0 0 0 0 0 0 0 0 0 0 0 0 0 2 1 2 2 2 3 10 1 33 9 40 29 52 62 173 106 95 108 210 113 234 160 181 196 232 210 291 293 350 391 366 494 435 501 451 415 393 373 320 257 258 181 151 112 67 

LossDepth:
SAlphaB:
0 0 0 0 0 0 0 0 0 0 0 0 0 0 0 0 0 0 0 0 0 0 0 0 0 0 0 0 0 0 0 0 0 0 0 0 0 2 1 2 2 2 3 10 1 33 9 40 29 52 62 173 106 95 108 210 113 234 160 181 196 232 210 291 293 350 391 366 494 435 501 451 415 393 373 320 257 258 181 151 112 67 

FirstWin:
0 0 0 0 0 0 0 0 0 0 0 0 0 0 0 0 0 0 0 0 0 0 0 0 0 0 0 0 0 0 0 0 0 0 0 0 0 2 0 2 0 2 0 10 0 33 0 40 0 52 0 173 0 95 0 210 0 234 0 181 0 232 0 291 0 350 0 366 0 435 0 451 0 393 0 320 0 258 0 151 0 67 
SAlphaB:
0 0 0 0 0 0 0 0 0 0 0 0 0 0 0 0 0 0 0 0 0 0 0 0 0 0 0 0 0 0 0 0 0 0 0 0 0 2 0 2 0 2 0 10 0 33 0 40 0 52 0 173 0 95 0 210 0 234 0 181 0 232 0 291 0 350 0 366 0 435 0 451 0 393 0 320 0 258 0 151 0 67 

SecondWin:
0 0 0 0 0 0 0 0 0 0 0 0 0 0 0 0 0 0 0 0 0 0 0 0 0 0 0 0 0 0 0 0 0 0 0 0 0 0 1 0 2 0 3 0 1 0 9 0 29 0 62 0 106 0 108 0 113 0 160 0 196 0 210 0 293 0 391 0 494 0 501 0 415 0 373 0 257 0 181 0 112 0 
SAlphaB:
0 0 0 0 0 0 0 0 0 0 0 0 0 0 0 0 0 0 0 0 0 0 0 0 0 0 0 0 0 0 0 0 0 0 0 0 0 0 1 0 2 0 3 0 1 0 9 0 29 0 62 0 106 0 108 0 113 0 160 0 196 0 210 0 293 0 391 0 494 0 501 0 415 0 373 0 257 0 181 0 112 0 
