0 47 71 51 -14 2 18 15

0 36 99 8 -9 3 23 9

0 65 73 76 -16 5 17 7

0 54 98 4 -12 2 17 34

0 38 59 62 -5 9 15 15

0 71 98 56 -20 1 26 40

0 28 78 80 -19 15 25 18

0 41 92 10 -6 7 9 18

0 59 73 8 -1 13 41 28

0 25 99 97 -11 17 43 17

0 45 96 65 -17 0 12 44

0 35 37 52 -12 3 7 9

0 67 96 40 -9 1 8 29

0 89 99 46 -4 19 29 2

0 10 72 70 -11 5 18 18

0 49 93 23 -19 6 15 43

0 15 78 95 -6 8 10 22

0 25 49 2 -16 0 8 33

0 17 43 9 -16 0 1 38

0 31 38 62 -20 2 3 8

0 24 37 53 -10 9 14 16

0 57 77 70 -2 1 12 33

0 11 79 80 -8 4 15 5

0 55 76 78 -18 17 26 37

0 33 45 0 -15 8 25 15

0 11 31 73 -6 21 25 7

0 54 55 45 -3 12 35 35

0 26 43 62 -1 5 9 19

0 4 60 91 -13 2 7 4

0 50 82 44 -17 20 22 25

0 78 90 44 -2 1 5 31

0 29 49 37 -7 10 27 9

0 30 91 71 -11 9 21 48

0 48 58 87 -18 15 47 26

0 31 91 10 -16 12 27 48

0 23 25 79 -4 11 29 33

0 55 57 21 -10 19 30 22

0 33 72 22 -19 17 48 43

0 31 79 79 -13 7 38 22

0 65 94 91 -6 8 18 10

0 73 94 50 -11 0 7 37

0 6 17 67 -19 2 11 35

0 15 50 83 -11 11 25 26

0 4 94 10 -2 15 36 30

0 28 30 68 -4 0 23 7

0 1 76 94 -16 21 25 40

0 7 40 24 -15 14 39 23

0 52 70 10 -7 0 18 9

0 38 49 69 -15 40 46 41

0 7 20 54 -1 14 21 17

0 5 52 23 -15 8 29 23

0 27 44 0 -19 11 49 45

0 38 41 3 -6 2 18 26

0 48 99 42 -19 14 16 22

0 47 53 25 -8 2 5 2

0 12 26 42 -18 5 18 26

0 7 47 91 -17 23 29 11

0 49 62 11 -8 19 27 33

0 30 62 22 -9 4 37 34

0 33 38 23 -3 2 27 47

0 21 49 30 -20 34 41 30

0 23 25 65 -12 13 23 27

0 1 14 75 -13 8 11 31

0 20 22 58 -11 5 33 20

0 77 87 80 -13 39 40 37

0 4 27 30 -5 1 2 28

0 4 48 51 -4 8 41 2

0 11 22 60 -10 11 13 7

0 0 10 53 -16 0 1 41

0 2 14 44 -17 1 6 20

0 2 42 4 -2 6 34 23

0 64 80 43 -20 29 30 18

0 6 71 20 -9 10 26 47

0 0 2 43 -2 15 27 4

0 22 23 62 -17 18 32 22

0 15 27 63 -16 10 33 0

0 16 28 22 -14 25 43 16

0 4 10 62 -9 1 9 14

0 14 16 85 -12 36 40 28

0 7 27 67 -4 11 28 46

0 5 61 49 -16 2 4 46

0 2 18 58 -8 15 43 12

0 39 47 56 -5 29 30 13

0 63 81 50 -14 39 40 1

0 2 7 57 -17 17 26 28

0 3 5 0 -17 6 32 28

0 10 50 21 -11 22 29 41

0 0 3 75 -6 12 27 25

0 8 10 6 -2 6 42 39

0 7 15 32 -15 45 46 36

0 1 21 2 -5 11 18 6

0 0 21 17 -11 7 22 32

0 7 25 79 -5 15 48 5

0 1 3 32 -13 16 21 12

0 0 15 57 -19 11 25 29

0 8 21 38 -3 19 46 37

0 7 8 1 -7 42 46 35

0 3 13 5 -10 19 33 43

0 8 11 15 -8 1 47 18

0 4 5 21 -13 28 35 6


SAlphaB: 696.0, std-dev 271.5125104545522

Earliest win: 37
Latest win: 81

WinDepth:
0 0 0 0 0 0 0 0 0 0 0 0 0 0 0 0 0 0 0 0 0 0 0 0 0 0 0 0 0 0 0 0 0 0 0 0 0 6 0 2 1 4 11 5 12 11 18 18 33 89 78 245 81 128 94 191 154 128 120 204 168 214 233 338 341 390 384 350 491 443 413 437 446 404 402 362 269 229 164 103 95 89 
SAlphaB:
0 0 0 0 0 0 0 0 0 0 0 0 0 0 0 0 0 0 0 0 0 0 0 0 0 0 0 0 0 0 0 0 0 0 0 0 0 6 0 2 1 4 11 5 12 11 18 18 33 89 78 245 81 128 94 191 154 128 120 204 168 214 233 338 341 390 384 350 491 443 413 437 446 404 402 362 269 229 164 103 95 89 

LossDepth:
SAlphaB:
0 0 0 0 0 0 0 0 0 0 0 0 0 0 0 0 0 0 0 0 0 0 0 0 0 0 0 0 0 0 0 0 0 0 0 0 0 6 0 2 1 4 11 5 12 11 18 18 33 89 78 245 81 128 94 191 154 128 120 204 168 214 233 338 341 390 384 350 491 443 413 437 446 404 402 362 269 229 164 103 95 89 

FirstWin:
0 0 0 0 0 0 0 0 0 0 0 0 0 0 0 0 0 0 0 0 0 0 0 0 0 0 0 0 0 0 0 0 0 0 0 0 0 6 0 2 0 4 0 5 0 11 0 18 0 89 0 245 0 128 0 191 0 128 0 204 0 214 0 338 0 390 0 350 0 443 0 437 0 404 0 362 0 229 0 103 0 89 
SAlphaB:
0 0 0 0 0 0 0 0 0 0 0 0 0 0 0 0 0 0 0 0 0 0 0 0 0 0 0 0 0 0 0 0 0 0 0 0 0 6 0 2 0 4 0 5 0 11 0 18 0 89 0 245 0 128 0 191 0 128 0 204 0 214 0 338 0 390 0 350 0 443 0 437 0 404 0 362 0 229 0 103 0 89 

SecondWin:
0 0 0 0 0 0 0 0 0 0 0 0 0 0 0 0 0 0 0 0 0 0 0 0 0 0 0 0 0 0 0 0 0 0 0 0 0 0 0 0 1 0 11 0 12 0 18 0 33 0 78 0 81 0 94 0 154 0 120 0 168 0 233 0 341 0 384 0 491 0 413 0 446 0 402 0 269 0 164 0 95 0 
SAlphaB:
0 0 0 0 0 0 0 0 0 0 0 0 0 0 0 0 0 0 0 0 0 0 0 0 0 0 0 0 0 0 0 0 0 0 0 0 0 0 0 0 1 0 11 0 12 0 18 0 33 0 78 0 81 0 94 0 154 0 120 0 168 0 233 0 341 0 384 0 491 0 413 0 446 0 402 0 269 0 164 0 95 0 
