0 78 86 87 -1 18 28 3

0 46 89 54 -13 0 28 11

0 31 53 28 -3 0 15 1

0 36 67 58 -14 3 8 14

0 76 96 54 -15 4 8 0

0 48 54 81 -2 7 10 14

0 33 45 60 -12 0 2 15

0 79 98 2 -12 14 18 11

0 67 82 46 -16 6 10 40

0 24 96 27 -5 2 14 36

0 33 43 18 -18 7 23 13

0 56 82 49 -19 5 7 48

0 6 33 39 -8 3 11 5

0 30 59 16 -1 21 26 10

0 27 86 99 -3 12 20 38

0 41 87 50 -16 2 22 48

0 38 84 84 -5 11 22 36

0 43 55 95 -7 12 25 32

0 56 77 67 -1 19 35 44

0 37 57 27 -6 36 44 10

0 9 23 53 -4 9 12 8

0 21 85 15 -11 4 20 23

0 4 54 5 -2 9 23 28

0 14 22 60 -5 19 23 5

0 38 72 30 -16 9 10 20

0 20 57 82 -10 17 36 8

0 4 85 77 -1 0 13 0

0 29 30 1 -17 0 14 35

0 22 78 53 -8 16 21 2

0 82 83 22 -15 1 2 37

0 41 87 47 -12 11 45 4

0 63 83 35 -2 25 43 22

0 29 35 84 -16 4 7 45

0 11 47 65 -15 13 44 8

0 14 57 32 -12 32 36 30

0 24 75 55 -8 2 36 36

0 26 40 61 -4 15 31 6

0 70 79 76 -8 10 11 23

0 42 68 33 -10 36 39 44

0 12 62 65 -9 23 41 18

0 9 68 93 -5 37 43 14

0 17 44 25 -18 21 26 14

0 0 81 74 -19 10 29 43

0 22 50 73 -2 11 12 27

0 51 85 50 -6 42 44 49

0 44 45 1 -4 5 8 24

0 63 67 20 -12 6 11 36

0 8 95 48 -16 25 42 37

0 43 56 11 -8 38 39 35

0 14 37 53 -19 20 31 22

0 21 22 9 -15 31 44 27

0 22 73 75 -19 16 25 23

0 16 35 36 -12 23 37 21

0 50 58 47 -15 22 25 18

0 25 59 32 -17 8 34 33

0 42 47 36 -14 20 42 41

0 39 91 60 -1 43 49 49

0 0 53 58 -16 5 16 49

0 22 34 67 -6 0 2 40

0 13 22 80 -2 4 6 45

0 5 28 83 -5 1 8 14

0 7 43 15 -15 1 21 39

0 9 34 12 -20 2 20 16

0 4 40 90 -15 0 20 34

0 64 69 23 -12 36 43 33

0 8 33 85 -10 21 45 8

0 34 35 62 -7 0 34 37

0 2 6 14 -17 10 12 5

0 65 74 10 -7 27 39 13

0 7 38 9 -19 29 34 3

0 2 5 99 -7 0 3 8

0 5 41 5 -18 28 43 17

0 3 38 16 -5 10 20 38

0 0 5 74 -17 7 28 35

0 18 22 94 -9 0 32 12

0 43 47 21 -3 9 46 38

0 8 23 8 -12 21 32 32

0 9 44 98 -4 11 44 33

0 6 8 23 -1 14 35 18

0 2 23 58 -10 8 29 20

0 16 20 8 -5 45 47 31

0 27 77 10 -2 20 26 27

0 4 56 91 -19 8 35 6

0 7 8 47 -1 46 49 25

0 2 19 82 -4 9 10 38

0 19 35 0 -7 11 38 48

0 14 29 83 -18 14 44 36

0 1 5 42 -13 3 28 40

0 8 10 43 -18 0 13 38

0 19 22 27 -11 5 41 0

0 9 19 48 -19 28 34 38

0 0 1 37 -10 26 35 14

0 6 10 59 -18 20 24 41

0 1 3 63 -8 10 20 49

0 2 5 99 -12 20 25 11

0 7 24 21 -9 1 14 44

0 8 16 5 -6 14 18 25

0 1 2 21 -17 13 18 4

0 7 17 90 -12 5 15 49

0 12 19 22 -17 1 12 49


SAlphaB: 674.0, std-dev 261.4312265436576

Earliest win: 34
Latest win: 81

WinDepth:
0 0 0 0 0 0 0 0 0 0 0 0 0 0 0 0 0 0 0 0 0 0 0 0 0 0 0 0 0 0 0 0 0 0 1 0 0 7 0 5 0 2 1 15 28 12 21 23 62 90 75 207 88 95 84 171 104 163 154 192 124 233 194 284 313 327 429 344 450 437 495 433 466 422 386 361 249 255 188 161 110 67 
SAlphaB:
0 0 0 0 0 0 0 0 0 0 0 0 0 0 0 0 0 0 0 0 0 0 0 0 0 0 0 0 0 0 0 0 0 0 1 0 0 7 0 5 0 2 1 15 28 12 21 23 62 90 75 207 88 95 84 171 104 163 154 192 124 233 194 284 313 327 429 344 450 437 495 433 466 422 386 361 249 255 188 161 110 67 

LossDepth:
SAlphaB:
0 0 0 0 0 0 0 0 0 0 0 0 0 0 0 0 0 0 0 0 0 0 0 0 0 0 0 0 0 0 0 0 0 0 1 0 0 7 0 5 0 2 1 15 28 12 21 23 62 90 75 207 88 95 84 171 104 163 154 192 124 233 194 284 313 327 429 344 450 437 495 433 466 422 386 361 249 255 188 161 110 67 

FirstWin:
0 0 0 0 0 0 0 0 0 0 0 0 0 0 0 0 0 0 0 0 0 0 0 0 0 0 0 0 0 0 0 0 0 0 0 0 0 7 0 5 0 2 0 15 0 12 0 23 0 90 0 207 0 95 0 171 0 163 0 192 0 233 0 284 0 327 0 344 0 437 0 433 0 422 0 361 0 255 0 161 0 67 
SAlphaB:
0 0 0 0 0 0 0 0 0 0 0 0 0 0 0 0 0 0 0 0 0 0 0 0 0 0 0 0 0 0 0 0 0 0 0 0 0 7 0 5 0 2 0 15 0 12 0 23 0 90 0 207 0 95 0 171 0 163 0 192 0 233 0 284 0 327 0 344 0 437 0 433 0 422 0 361 0 255 0 161 0 67 

SecondWin:
0 0 0 0 0 0 0 0 0 0 0 0 0 0 0 0 0 0 0 0 0 0 0 0 0 0 0 0 0 0 0 0 0 0 1 0 0 0 0 0 0 0 1 0 28 0 21 0 62 0 75 0 88 0 84 0 104 0 154 0 124 0 194 0 313 0 429 0 450 0 495 0 466 0 386 0 249 0 188 0 110 0 
SAlphaB:
0 0 0 0 0 0 0 0 0 0 0 0 0 0 0 0 0 0 0 0 0 0 0 0 0 0 0 0 0 0 0 0 0 0 1 0 0 0 0 0 0 0 1 0 28 0 21 0 62 0 75 0 88 0 84 0 104 0 154 0 124 0 194 0 313 0 429 0 450 0 495 0 466 0 386 0 249 0 188 0 110 0 
