0 19 88 45 -7 0 1 13

0 29 55 28 -4 7 10 15

0 40 90 25 -20 3 8 17

0 39 82 91 -12 1 10 11

0 33 35 87 -13 4 14 20

0 32 77 88 -15 1 24 46

0 55 86 10 -12 8 12 26

0 73 99 92 -13 13 48 21

0 16 73 54 -2 22 47 25

0 9 47 89 -13 21 26 18

0 54 58 84 -19 8 48 16

0 32 94 41 -9 16 27 42

0 41 92 64 -14 1 43 30

0 56 65 55 -10 14 38 23

0 41 74 44 -13 0 4 35

0 69 91 22 -18 7 28 46

0 26 78 39 -2 2 4 33

0 56 58 0 -7 1 37 36

0 17 62 92 -12 7 17 29

0 35 64 4 -12 4 25 6

0 20 56 3 -13 2 13 11

0 60 87 39 -14 3 4 23

0 9 14 30 -1 10 16 4

0 25 43 97 -17 18 20 16

0 36 61 11 -10 0 1 27

0 29 61 85 -10 1 10 27

0 20 36 50 -17 0 1 45

0 33 38 53 -10 3 8 12

0 57 95 58 -16 24 30 43

0 29 63 33 -18 33 47 34

0 76 78 82 -14 10 18 29

0 57 77 75 -14 28 44 33

0 45 63 71 -10 13 17 15

0 8 32 56 -6 18 25 3

0 68 90 67 -2 0 1 17

0 19 44 91 -19 23 26 19

0 10 74 8 -5 11 39 16

0 25 39 81 -1 28 31 27

0 3 56 58 -8 21 25 32

0 44 67 58 -15 11 43 43

0 52 74 45 -13 1 2 0

0 2 59 25 -3 23 30 8

0 6 46 54 -10 23 26 36

0 30 57 41 -16 12 24 42

0 38 74 5 -13 16 19 5

0 11 67 69 -2 5 11 6

0 95 96 45 -10 1 4 30

0 50 79 74 -1 30 45 12

0 25 27 92 -1 7 9 31

0 73 84 66 -3 36 39 36

0 2 79 4 -16 1 8 16

0 5 60 36 -2 4 23 10

0 7 50 41 -9 26 47 14

0 27 69 57 -16 30 44 48

0 27 88 30 -16 16 22 6

0 17 27 59 -11 12 23 32

0 39 94 32 -7 27 28 3

0 23 98 78 -1 27 39 33

0 17 20 82 -3 22 35 38

0 38 58 75 -16 25 26 31

0 12 31 81 -20 16 19 28

0 33 36 63 -10 17 40 24

0 35 78 58 -7 39 42 27

0 61 78 30 -4 22 27 28

0 16 70 11 -10 21 37 22

0 21 39 30 -1 7 34 31

0 1 18 17 -12 13 22 37

0 2 6 16 -13 1 37 3

0 73 85 99 -1 31 39 41

0 2 63 94 -1 4 19 28

0 4 9 67 -1 18 21 40

0 32 39 77 -4 0 5 41

0 19 21 31 -1 4 15 35

0 6 64 90 -14 5 9 49

0 0 24 53 -9 28 29 46

0 23 46 66 -3 10 42 47

0 29 78 33 -14 5 39 41

0 3 56 9 -18 13 15 3

0 17 28 62 -17 0 20 12

0 9 45 26 -1 13 47 44

0 12 23 73 -11 11 28 49

0 4 36 7 -2 38 47 35

0 3 9 74 -19 14 41 28

0 1 13 46 -19 24 30 31

0 6 23 64 -10 23 43 49

0 1 8 20 -2 0 29 8

0 7 42 19 -16 4 46 44

0 0 7 67 -2 3 7 19

0 0 7 7 -15 17 19 35

0 1 5 17 -3 16 27 30

0 2 8 76 -18 20 39 41

0 0 1 1 -17 0 30 27

0 7 10 37 -13 29 49 44

0 9 13 84 -6 7 49 25

0 0 3 48 -2 1 30 36

0 1 2 9 -3 0 29 28

0 0 1 6 -17 3 7 36

0 5 10 28 -4 9 11 32

0 4 30 35 -10 2 24 41

0 5 15 94 -13 7 49 26


SAlphaB: 725.0, std-dev 272.7578087282236

Earliest win: 35
Latest win: 81

WinDepth:
0 0 0 0 0 0 0 0 0 0 0 0 0 0 0 0 0 0 0 0 0 0 0 0 0 0 0 0 0 0 0 0 0 0 0 1 0 6 1 4 2 6 2 15 10 18 2 50 37 75 101 261 56 118 82 182 119 178 204 218 200 226 266 260 262 388 404 431 454 421 446 447 391 383 394 349 261 223 162 166 92 80 
SAlphaB:
0 0 0 0 0 0 0 0 0 0 0 0 0 0 0 0 0 0 0 0 0 0 0 0 0 0 0 0 0 0 0 0 0 0 0 1 0 6 1 4 2 6 2 15 10 18 2 50 37 75 101 261 56 118 82 182 119 178 204 218 200 226 266 260 262 388 404 431 454 421 446 447 391 383 394 349 261 223 162 166 92 80 

LossDepth:
SAlphaB:
0 0 0 0 0 0 0 0 0 0 0 0 0 0 0 0 0 0 0 0 0 0 0 0 0 0 0 0 0 0 0 0 0 0 0 1 0 6 1 4 2 6 2 15 10 18 2 50 37 75 101 261 56 118 82 182 119 178 204 218 200 226 266 260 262 388 404 431 454 421 446 447 391 383 394 349 261 223 162 166 92 80 

FirstWin:
0 0 0 0 0 0 0 0 0 0 0 0 0 0 0 0 0 0 0 0 0 0 0 0 0 0 0 0 0 0 0 0 0 0 0 1 0 6 0 4 0 6 0 15 0 18 0 50 0 75 0 261 0 118 0 182 0 178 0 218 0 226 0 260 0 388 0 431 0 421 0 447 0 383 0 349 0 223 0 166 0 80 
SAlphaB:
0 0 0 0 0 0 0 0 0 0 0 0 0 0 0 0 0 0 0 0 0 0 0 0 0 0 0 0 0 0 0 0 0 0 0 1 0 6 0 4 0 6 0 15 0 18 0 50 0 75 0 261 0 118 0 182 0 178 0 218 0 226 0 260 0 388 0 431 0 421 0 447 0 383 0 349 0 223 0 166 0 80 

SecondWin:
0 0 0 0 0 0 0 0 0 0 0 0 0 0 0 0 0 0 0 0 0 0 0 0 0 0 0 0 0 0 0 0 0 0 0 0 0 0 1 0 2 0 2 0 10 0 2 0 37 0 101 0 56 0 82 0 119 0 204 0 200 0 266 0 262 0 404 0 454 0 446 0 391 0 394 0 261 0 162 0 92 0 
SAlphaB:
0 0 0 0 0 0 0 0 0 0 0 0 0 0 0 0 0 0 0 0 0 0 0 0 0 0 0 0 0 0 0 0 0 0 0 0 0 0 1 0 2 0 2 0 10 0 2 0 37 0 101 0 56 0 82 0 119 0 204 0 200 0 266 0 262 0 404 0 454 0 446 0 391 0 394 0 261 0 162 0 92 0 
