0 24 61 76 -16 0 1 20

0 80 81 6 -7 7 35 20

0 4 56 88 -10 22 43 3

0 35 71 29 -2 3 6 8

0 37 61 65 -7 2 33 14

0 19 67 25 -14 42 45 15

0 38 88 57 -12 2 17 36

0 12 64 77 -13 10 25 8

0 63 94 52 -7 14 21 36

0 17 28 32 -7 18 27 11

0 58 98 91 -14 5 49 6

0 47 83 2 -19 11 26 12

0 50 66 43 -16 4 5 24

0 34 92 76 -2 12 36 49

0 0 70 75 -1 47 48 14

0 65 79 57 -3 4 11 47

0 9 81 99 -3 3 9 18

0 35 70 37 -10 12 31 41

0 13 45 30 -15 5 17 0

0 7 22 63 -13 1 3 11

0 92 94 1 -5 4 17 7

0 43 80 32 -20 13 47 48

0 45 48 51 -19 3 11 49

0 26 29 7 -6 18 29 7

0 10 88 90 -7 9 25 13

0 34 84 58 -17 4 5 26

0 49 64 92 -9 2 10 0

0 57 59 45 -13 24 33 21

0 20 35 22 -6 20 24 10

0 29 77 95 -17 16 47 29

0 61 91 65 -12 18 21 5

0 24 53 98 -11 2 4 45

0 7 47 22 -16 28 29 16

0 27 46 69 -13 10 34 23

0 12 68 24 -2 6 37 6

0 32 59 71 -2 8 23 39

0 9 33 72 -15 3 24 3

0 42 89 71 -15 17 20 7

0 20 74 1 -8 4 24 37

0 67 87 5 -8 37 43 40

0 55 68 63 -17 30 47 20

0 30 81 7 -10 26 49 7

0 24 30 99 -4 0 20 20

0 55 81 0 -8 16 32 31

0 22 76 27 -12 2 24 26

0 5 85 34 -3 11 46 15

0 50 75 58 -8 0 1 30

0 26 82 30 -2 0 24 45

0 3 27 75 -12 5 6 28

0 20 48 62 -16 17 42 39

0 93 97 49 -2 13 25 34

0 55 83 3 -15 0 2 46

0 4 51 77 -18 1 4 8

0 8 48 8 -20 12 34 42

0 89 96 6 -14 0 2 0

0 26 39 17 -1 8 40 19

0 84 93 77 -3 35 48 35

0 23 77 70 -11 14 27 18

0 11 27 56 -10 0 14 12

0 16 88 0 -8 17 42 12

0 18 75 9 -11 6 39 36

0 50 81 70 -14 22 33 33

0 25 29 36 -14 10 15 45

0 16 52 58 -2 42 44 44

0 5 76 88 -13 27 35 29

0 10 25 61 -3 18 43 19

0 16 67 36 -3 28 39 31

0 33 66 36 -2 34 45 18

0 1 18 15 -19 15 21 18

0 3 22 84 -7 26 34 48

0 13 35 84 -13 12 14 3

0 43 96 18 -13 25 34 45

0 3 36 69 -7 20 49 7

0 8 13 87 -18 10 19 22

0 3 22 11 -11 2 25 0

0 12 16 3 -17 42 49 20

0 33 36 17 -4 19 27 49

0 9 69 97 -14 45 49 35

0 3 7 34 -15 28 42 15

0 6 11 18 -7 1 2 32

0 27 30 1 -11 22 28 2

0 0 33 3 -9 9 20 39

0 6 49 47 -14 4 5 36

0 9 52 1 -5 22 24 0

0 31 36 39 -9 2 48 40

0 13 15 13 -1 8 28 11

0 6 9 36 -1 6 8 20

0 19 24 1 -13 24 35 43

0 1 17 20 -3 23 31 9

0 7 9 86 -3 1 41 42

0 0 1 32 -10 8 28 17

0 24 25 40 -15 27 45 4

0 2 6 88 -10 17 44 6

0 1 2 93 -8 0 1 38

0 0 1 26 -10 16 21 26

0 12 22 10 -8 9 46 35

0 24 46 10 -6 6 47 45

0 2 16 74 -2 1 28 45

0 1 6 25 -17 2 11 42

0 9 19 20 -20 1 8 48


SAlphaB: 712.0, std-dev 262.00608299284295

Earliest win: 37
Latest win: 81

WinDepth:
0 0 0 0 0 0 0 0 0 0 0 0 0 0 0 0 0 0 0 0 0 0 0 0 0 0 0 0 0 0 0 0 0 0 0 0 0 5 1 3 2 1 4 33 13 15 9 27 56 58 78 192 90 116 88 170 110 164 134 190 164 216 219 328 295 339 409 410 475 420 458 411 370 431 406 358 262 275 189 133 106 77 
SAlphaB:
0 0 0 0 0 0 0 0 0 0 0 0 0 0 0 0 0 0 0 0 0 0 0 0 0 0 0 0 0 0 0 0 0 0 0 0 0 5 1 3 2 1 4 33 13 15 9 27 56 58 78 192 90 116 88 170 110 164 134 190 164 216 219 328 295 339 409 410 475 420 458 411 370 431 406 358 262 275 189 133 106 77 

LossDepth:
SAlphaB:
0 0 0 0 0 0 0 0 0 0 0 0 0 0 0 0 0 0 0 0 0 0 0 0 0 0 0 0 0 0 0 0 0 0 0 0 0 5 1 3 2 1 4 33 13 15 9 27 56 58 78 192 90 116 88 170 110 164 134 190 164 216 219 328 295 339 409 410 475 420 458 411 370 431 406 358 262 275 189 133 106 77 

FirstWin:
0 0 0 0 0 0 0 0 0 0 0 0 0 0 0 0 0 0 0 0 0 0 0 0 0 0 0 0 0 0 0 0 0 0 0 0 0 5 0 3 0 1 0 33 0 15 0 27 0 58 0 192 0 116 0 170 0 164 0 190 0 216 0 328 0 339 0 410 0 420 0 411 0 431 0 358 0 275 0 133 0 77 
SAlphaB:
0 0 0 0 0 0 0 0 0 0 0 0 0 0 0 0 0 0 0 0 0 0 0 0 0 0 0 0 0 0 0 0 0 0 0 0 0 5 0 3 0 1 0 33 0 15 0 27 0 58 0 192 0 116 0 170 0 164 0 190 0 216 0 328 0 339 0 410 0 420 0 411 0 431 0 358 0 275 0 133 0 77 

SecondWin:
0 0 0 0 0 0 0 0 0 0 0 0 0 0 0 0 0 0 0 0 0 0 0 0 0 0 0 0 0 0 0 0 0 0 0 0 0 0 1 0 2 0 4 0 13 0 9 0 56 0 78 0 90 0 88 0 110 0 134 0 164 0 219 0 295 0 409 0 475 0 458 0 370 0 406 0 262 0 189 0 106 0 
SAlphaB:
0 0 0 0 0 0 0 0 0 0 0 0 0 0 0 0 0 0 0 0 0 0 0 0 0 0 0 0 0 0 0 0 0 0 0 0 0 0 1 0 2 0 4 0 13 0 9 0 56 0 78 0 90 0 88 0 110 0 134 0 164 0 219 0 295 0 409 0 475 0 458 0 370 0 406 0 262 0 189 0 106 0 
