0 36 47 34 -8 3 9 8

0 42 99 33 -2 8 24 3

0 34 79 52 -4 6 18 0

0 49 54 25 -14 3 9 11

0 24 50 4 -1 4 10 9

0 46 82 66 -4 3 9 2

0 25 76 55 -11 2 6 3

0 24 95 25 -14 1 3 15

0 32 61 22 -9 1 3 6

0 39 77 51 -2 10 20 2

0 54 97 58 -8 9 27 22

0 24 74 38 -6 1 7 2

0 48 99 42 -8 7 22 27

0 26 48 10 -2 2 11 12

0 9 32 19 -4 0 1 2

0 64 87 25 -7 11 32 8

0 70 77 55 -5 14 47 13

0 30 75 57 -3 3 9 1

0 29 96 50 -17 1 10 30

0 38 94 34 -7 6 14 14

0 41 98 64 -7 2 22 16

0 68 97 6 -16 7 27 14

0 74 95 13 -20 17 29 26

0 56 65 24 -20 6 19 11

0 67 89 68 -10 11 40 20

0 29 80 70 -15 2 8 10

0 31 96 12 -17 2 12 29

0 46 72 37 -9 9 31 16

0 47 73 31 -18 6 20 32

0 35 98 49 -5 2 20 31

0 41 91 23 -7 2 8 0

0 50 88 56 -7 5 15 15

0 40 65 4 -15 1 3 6

0 41 82 34 -4 10 28 22

0 45 52 87 -16 3 6 14

0 61 87 34 -10 1 3 33

0 41 99 81 -18 6 21 6

0 71 81 91 -17 4 14 18

0 46 68 58 -17 1 10 22

0 63 94 55 -14 1 17 18

0 66 93 29 -5 14 28 16

0 28 84 31 -6 1 4 13

0 40 71 17 -15 0 6 14

0 15 52 0 -3 0 6 2

0 29 96 87 -17 1 13 25

0 28 53 43 -18 1 8 22

0 21 37 52 -13 0 1 12

0 55 89 39 -4 9 31 17

0 36 68 27 -6 6 12 9

0 16 81 73 -6 0 3 4

0 81 96 49 -3 8 36 12

0 52 68 26 -12 8 18 0

0 33 91 41 -15 0 5 8

0 45 90 77 -12 9 29 11

0 65 82 70 -5 10 45 20

0 70 79 20 -13 10 35 9

0 28 55 60 -8 0 7 2

0 33 53 23 -12 2 7 17

0 38 67 57 -12 2 9 9

0 48 54 64 -18 1 2 18

0 38 93 4 -7 0 19 13

0 48 69 39 -10 0 19 3

0 58 95 75 -5 4 16 16

0 35 94 52 -19 4 19 15

0 46 65 40 -19 1 6 15

0 48 61 81 -9 2 13 19

0 48 96 23 -16 0 5 8

0 22 66 0 -11 0 7 17

0 79 89 67 -13 20 33 16

0 69 86 21 -5 3 6 13

0 40 99 42 -14 4 17 32

0 28 55 26 -14 2 11 13

0 65 91 73 -3 3 28 17

0 36 96 47 -8 2 29 18

0 66 75 63 -11 1 10 1

0 33 90 37 -17 0 1 23

0 75 99 13 -17 4 13 30

0 36 50 33 -4 2 12 8

0 33 43 33 -5 1 7 8

0 51 87 41 -19 1 19 37

0 40 55 69 -18 2 6 31

0 41 74 57 -14 6 24 5

0 70 83 74 -5 8 37 19

0 78 87 62 -16 6 33 15

0 31 96 86 -18 4 16 20

0 28 41 18 -3 1 6 4

0 68 78 56 -10 6 22 15

0 37 74 38 -12 2 3 5

0 15 49 27 -7 1 2 4

0 42 64 35 -18 0 1 29

0 41 95 21 -5 6 17 33

0 38 98 71 -15 20 42 30

0 20 78 52 -1 5 19 9

0 55 88 7 -3 6 36 7

0 55 99 43 -14 1 26 9

0 70 75 86 -6 11 46 19

0 25 43 41 -13 1 9 13

0 71 84 80 -18 1 14 3

0 30 36 56 -9 4 16 16

0 36 80 95 -14 2 13 3


SAlphaB: 1290.0, std-dev 412.3960808800837

Earliest win: 38
Latest win: 81

WinDepth:
0 0 0 0 0 0 0 0 0 0 0 0 0 0 0 0 0 0 0 0 0 0 0 0 0 0 0 0 0 0 0 0 0 0 0 0 0 0 1 22 2 18 9 9 15 55 22 73 29 49 233 85 78 145 136 200 163 283 172 268 318 303 281 411 301 477 400 431 399 480 379 405 359 305 320 291 207 202 150 125 64 70 
SAlphaB:
0 0 0 0 0 0 0 0 0 0 0 0 0 0 0 0 0 0 0 0 0 0 0 0 0 0 0 0 0 0 0 0 0 0 0 0 0 0 1 22 2 18 9 9 15 55 22 73 29 49 233 85 78 145 136 200 163 283 172 268 318 303 281 411 301 477 400 431 399 480 379 405 359 305 320 291 207 202 150 125 64 70 

LossDepth:
SAlphaB:
0 0 0 0 0 0 0 0 0 0 0 0 0 0 0 0 0 0 0 0 0 0 0 0 0 0 0 0 0 0 0 0 0 0 0 0 0 0 1 22 2 18 9 9 15 55 22 73 29 49 233 85 78 145 136 200 163 283 172 268 318 303 281 411 301 477 400 431 399 480 379 405 359 305 320 291 207 202 150 125 64 70 

FirstWin:
0 0 0 0 0 0 0 0 0 0 0 0 0 0 0 0 0 0 0 0 0 0 0 0 0 0 0 0 0 0 0 0 0 0 0 0 0 0 0 22 0 18 0 9 0 55 0 73 0 49 0 85 0 145 0 200 0 283 0 268 0 303 0 411 0 477 0 431 0 480 0 405 0 305 0 291 0 202 0 125 0 70 
SAlphaB:
0 0 0 0 0 0 0 0 0 0 0 0 0 0 0 0 0 0 0 0 0 0 0 0 0 0 0 0 0 0 0 0 0 0 0 0 0 0 0 22 0 18 0 9 0 55 0 73 0 49 0 85 0 145 0 200 0 283 0 268 0 303 0 411 0 477 0 431 0 480 0 405 0 305 0 291 0 202 0 125 0 70 

SecondWin:
0 0 0 0 0 0 0 0 0 0 0 0 0 0 0 0 0 0 0 0 0 0 0 0 0 0 0 0 0 0 0 0 0 0 0 0 0 0 1 0 2 0 9 0 15 0 22 0 29 0 233 0 78 0 136 0 163 0 172 0 318 0 281 0 301 0 400 0 399 0 379 0 359 0 320 0 207 0 150 0 64 0 
SAlphaB:
0 0 0 0 0 0 0 0 0 0 0 0 0 0 0 0 0 0 0 0 0 0 0 0 0 0 0 0 0 0 0 0 0 0 0 0 0 0 1 0 2 0 9 0 15 0 22 0 29 0 233 0 78 0 136 0 163 0 172 0 318 0 281 0 301 0 400 0 399 0 379 0 359 0 320 0 207 0 150 0 64 0 
