0 67 89 68 -10 11 40 20

0 33 90 37 -17 0 1 23

0 28 55 26 -14 2 11 13

0 9 32 19 -4 0 1 2

0 36 68 27 -6 6 12 9

0 29 80 70 -15 2 8 10

0 24 74 38 -6 1 7 2

0 38 94 34 -7 6 14 14

0 56 65 24 -20 6 19 11

0 49 54 25 -14 3 9 11

0 36 95 59 -18 2 7 3

0 18 72 70 -6 3 7 14

0 40 91 43 -20 0 1 25

0 60 83 70 -4 9 30 33

0 30 84 76 -12 8 10 3

0 54 91 49 -16 1 22 32

0 29 45 35 -9 5 14 13

0 44 69 56 -10 8 31 32

0 43 93 12 -12 4 22 38

0 67 75 94 -3 1 21 14

0 55 98 46 -1 11 46 23

0 43 69 28 -10 3 10 13

0 57 72 51 -13 7 34 27

0 49 91 59 -7 1 2 4

0 59 90 47 -7 2 36 3

0 50 91 76 -4 3 19 20

0 33 47 28 -19 1 3 6

0 45 50 11 -9 8 29 28

0 58 95 57 -10 0 1 0

0 35 95 76 -18 2 8 5

0 57 70 50 -13 4 38 1

0 77 79 3 -1 0 1 3

0 45 83 55 -14 4 28 0

0 62 92 62 -13 11 22 43

0 49 88 63 -8 3 5 1

0 72 76 95 -6 6 22 30

0 53 88 60 -19 4 13 49

0 25 99 21 -12 4 14 24

0 13 57 55 -8 0 3 9

0 34 94 31 -16 0 2 41

0 68 93 64 -10 8 43 20

0 61 81 33 -17 1 3 4

0 78 96 76 -9 3 47 10

0 22 41 39 -1 2 7 17

0 76 92 92 -16 2 11 41

0 44 62 89 -9 5 13 17

0 56 78 39 -11 11 16 31

0 52 89 61 -12 2 25 46

0 18 84 34 -1 7 14 22

0 27 70 22 -17 1 3 38

0 10 59 8 -7 6 19 16

0 68 94 70 -14 2 33 32

0 31 97 63 -20 4 17 37

0 49 87 95 -4 9 12 28

0 10 92 28 -20 8 25 23

0 35 80 73 -14 4 6 2

0 57 75 44 -3 17 44 11

0 42 69 86 -18 1 6 24

0 33 86 1 -3 10 32 17

0 25 87 46 -13 2 3 31

0 89 97 27 -9 4 35 16

0 16 42 50 -11 0 2 14

0 60 99 58 -11 2 6 30

0 22 65 35 -3 0 1 0

0 48 93 71 -6 7 35 0

0 11 83 87 -7 3 4 4

0 10 17 85 -3 11 17 6

0 61 79 43 -16 2 8 47

0 47 72 74 -14 6 16 49

0 70 91 70 -16 3 22 44

0 80 94 43 -10 15 32 11

0 88 96 72 -16 18 36 12

0 50 90 45 -10 13 33 14

0 45 75 15 -20 1 22 45

0 84 95 28 -1 6 31 14

0 28 62 77 -12 0 13 8

0 35 65 7 -14 4 9 17

0 29 96 45 -4 7 24 34

0 69 74 96 -10 9 42 41

0 24 85 29 -13 0 18 39

0 34 87 93 -3 12 28 19

0 39 95 23 -18 13 40 47

0 27 98 87 -4 9 34 19

0 84 92 59 -7 12 30 28

0 68 70 99 -7 4 30 41

0 18 82 65 -17 20 48 41

0 28 41 92 -8 42 48 11

0 83 90 42 -20 3 7 9

0 55 95 76 -16 4 7 43

0 67 72 95 -20 4 5 14

0 11 30 71 -5 2 3 6

0 11 13 39 -7 7 11 5

0 17 50 77 -15 16 30 1

0 2 60 41 -4 0 7 6

0 15 45 46 -7 24 33 18

0 57 75 89 -5 4 9 9

0 31 72 90 -8 15 26 30

0 21 68 86 -14 29 43 24

0 1 94 49 -5 10 15 14

0 17 67 67 -10 12 14 12


SAlphaB: 760.0, std-dev 249.64703527625204

Earliest win: 35
Latest win: 81

WinDepth:
0 0 0 0 0 0 0 0 0 0 0 0 0 0 0 0 0 0 0 0 0 0 0 0 0 0 0 0 0 0 0 0 0 0 0 1 0 10 0 30 1 19 11 15 37 49 47 131 79 142 150 364 141 365 206 470 350 585 384 499 479 688 585 774 780 924 828 936 1029 979 974 968 945 890 921 752 568 503 433 258 175 150 
SAlphaB:
0 0 0 0 0 0 0 0 0 0 0 0 0 0 0 0 0 0 0 0 0 0 0 0 0 0 0 0 0 0 0 0 0 0 0 1 0 10 0 30 1 19 11 15 37 49 47 131 79 142 150 364 141 365 206 470 350 585 384 499 479 688 585 774 780 924 828 936 1029 979 974 968 945 890 921 752 568 503 433 258 175 150 

LossDepth:
SAlphaB:
0 0 0 0 0 0 0 0 0 0 0 0 0 0 0 0 0 0 0 0 0 0 0 0 0 0 0 0 0 0 0 0 0 0 0 0 0 9 0 22 2 15 5 8 22 35 31 68 49 89 97 150 91 199 126 274 228 347 225 339 317 445 360 534 561 682 629 737 705 796 679 819 703 689 708 688 484 485 337 235 216 142 

FirstWin:
0 0 0 0 0 0 0 0 0 0 0 0 0 0 0 0 0 0 0 0 0 0 0 0 0 0 0 0 0 0 0 0 0 0 0 1 0 10 0 30 0 19 0 15 0 49 0 131 0 142 0 364 0 365 0 470 0 585 0 499 0 688 0 774 0 924 0 936 0 979 0 968 0 890 0 752 0 503 0 258 0 150 
SAlphaB:
0 0 0 0 0 0 0 0 0 0 0 0 0 0 0 0 0 0 0 0 0 0 0 0 0 0 0 0 0 0 0 0 0 0 0 1 0 10 0 30 0 19 0 15 0 49 0 131 0 142 0 364 0 365 0 470 0 585 0 499 0 688 0 774 0 924 0 936 0 979 0 968 0 890 0 752 0 503 0 258 0 150 

SecondWin:
0 0 0 0 0 0 0 0 0 0 0 0 0 0 0 0 0 0 0 0 0 0 0 0 0 0 0 0 0 0 0 0 0 0 0 0 0 0 0 0 1 0 11 0 37 0 47 0 79 0 150 0 141 0 206 0 350 0 384 0 479 0 585 0 780 0 828 0 1029 0 974 0 945 0 921 0 568 0 433 0 175 0 
SAlphaB:
0 0 0 0 0 0 0 0 0 0 0 0 0 0 0 0 0 0 0 0 0 0 0 0 0 0 0 0 0 0 0 0 0 0 0 0 0 0 0 0 1 0 11 0 37 0 47 0 79 0 150 0 141 0 206 0 350 0 384 0 479 0 585 0 780 0 828 0 1029 0 974 0 945 0 921 0 568 0 433 0 175 0 
