0 49 54 25 -14 3 9 11

0 68 70 99 -7 4 30 41

0 30 84 76 -12 8 10 3

0 56 78 39 -11 11 16 31

0 45 75 15 -20 1 22 45

0 18 84 34 -1 7 14 22

0 17 50 77 -15 16 30 1

0 2 60 41 -4 0 7 6

0 78 96 76 -9 3 47 10

0 29 45 35 -9 5 14 13

0 59 62 28 -18 10 22 48

0 11 43 14 -20 17 21 12

0 40 73 14 -1 15 25 23

0 43 78 55 -11 9 15 7

0 9 70 93 -9 9 10 20

0 31 96 5 -6 19 26 23

0 78 85 1 -3 23 38 16

0 48 51 57 -18 6 27 47

0 16 40 88 -10 2 4 34

0 6 38 93 -7 4 10 37

0 38 56 75 -1 3 38 14

0 18 34 41 -11 6 17 42

0 10 66 20 -6 21 33 31

0 62 64 36 -19 0 1 9

0 35 74 78 -6 4 38 18

0 43 88 34 -20 6 8 47

0 83 84 8 -15 1 7 10

0 67 86 0 -3 19 34 40

0 2 59 14 -8 29 37 28

0 12 19 17 -9 13 29 0

0 17 63 29 -12 14 22 31

0 15 33 57 -10 38 44 34

0 45 60 57 -20 25 41 35

0 6 33 5 -13 21 46 30

0 31 35 35 -12 12 33 16

0 20 77 62 -20 30 39 6

0 27 52 63 -17 16 19 43

0 24 49 64 -7 1 3 29

0 4 45 91 -17 24 37 43

0 38 40 19 -18 1 12 7

0 16 65 72 -16 19 33 48

0 54 65 95 -3 25 29 16

0 2 79 46 -7 4 29 23

0 23 34 18 -14 11 20 15

0 15 71 49 -18 17 39 44

0 41 58 70 -3 26 29 31

0 1 33 69 -9 32 42 22

0 13 16 65 -12 38 40 38

0 54 58 65 -7 5 43 2

0 8 40 17 -18 11 25 24

0 49 77 92 -16 36 38 16

0 9 61 43 -11 4 5 30

0 10 93 15 -9 18 35 40

0 18 49 12 -13 42 49 16

0 2 95 98 -19 3 23 14

0 6 28 83 -15 4 17 11

0 1 22 34 -13 10 19 10

0 30 78 34 -10 30 33 8

0 1 15 68 -18 0 20 14

0 8 22 99 -20 15 42 8

0 35 63 60 -17 23 28 4

0 39 56 38 -12 12 15 32

0 6 11 19 -15 18 30 15

0 1 2 15 -5 11 24 13

0 41 43 64 -5 26 34 45

0 38 67 56 -10 12 15 35

0 31 37 2 -4 0 1 29

0 14 43 64 -11 6 48 22

0 1 40 50 -6 7 45 8

0 2 4 55 -9 18 20 16

0 19 38 68 -17 25 36 45

0 1 22 0 -5 32 49 23

0 16 66 47 -16 3 13 27

0 0 6 92 -17 16 48 13

0 12 63 39 -20 4 5 2

0 3 37 93 -12 5 6 39

0 33 34 2 -6 17 20 33

0 19 46 68 -14 6 36 35

0 1 5 85 -15 14 38 19

0 0 3 98 -1 30 35 42

0 3 6 62 -4 20 27 35

0 6 23 96 -4 2 18 10

0 12 13 47 -4 1 9 31

0 5 7 74 -14 10 18 23

0 8 71 29 -20 7 44 41

0 0 12 81 -2 7 11 43

0 4 14 84 -6 12 37 47

0 0 4 52 -9 6 29 30

0 5 18 20 -12 16 37 44

0 0 8 61 -1 45 47 8

0 0 1 55 -20 2 3 37

0 1 8 96 -10 9 32 11

0 11 33 17 -5 8 14 35

0 2 30 42 -4 35 49 48

0 1 3 49 -19 38 45 15

0 21 57 6 -2 32 38 49

0 4 17 52 -10 17 20 37

0 3 6 1 -13 3 5 37

0 4 10 43 -17 6 8 42

0 18 23 61 -13 42 49 1


SAlphaB: 707.0, std-dev 272.48742932732534

Earliest win: 35
Latest win: 81

WinDepth:
0 0 0 0 0 0 0 0 0 0 0 0 0 0 0 0 0 0 0 0 0 0 0 0 0 0 0 0 0 0 0 0 0 0 0 1 0 6 0 0 0 2 1 10 11 14 14 24 19 70 97 182 135 133 98 149 118 143 193 155 148 233 225 294 312 322 462 328 488 419 518 439 439 401 386 354 283 230 178 141 93 78 
SAlphaB:
0 0 0 0 0 0 0 0 0 0 0 0 0 0 0 0 0 0 0 0 0 0 0 0 0 0 0 0 0 0 0 0 0 0 0 1 0 6 0 0 0 2 1 10 11 14 14 24 19 70 97 182 135 133 98 149 118 143 193 155 148 233 225 294 312 322 462 328 488 419 518 439 439 401 386 354 283 230 178 141 93 78 

LossDepth:
SAlphaB:
0 0 0 0 0 0 0 0 0 0 0 0 0 0 0 0 0 0 0 0 0 0 0 0 0 0 0 0 0 0 0 0 0 0 0 1 0 6 0 0 0 2 1 10 11 14 14 24 19 70 97 182 135 133 98 149 118 143 193 155 148 233 225 294 312 322 462 328 488 419 518 439 439 401 386 354 283 230 178 141 93 78 

FirstWin:
0 0 0 0 0 0 0 0 0 0 0 0 0 0 0 0 0 0 0 0 0 0 0 0 0 0 0 0 0 0 0 0 0 0 0 1 0 6 0 0 0 2 0 10 0 14 0 24 0 70 0 182 0 133 0 149 0 143 0 155 0 233 0 294 0 322 0 328 0 419 0 439 0 401 0 354 0 230 0 141 0 78 
SAlphaB:
0 0 0 0 0 0 0 0 0 0 0 0 0 0 0 0 0 0 0 0 0 0 0 0 0 0 0 0 0 0 0 0 0 0 0 1 0 6 0 0 0 2 0 10 0 14 0 24 0 70 0 182 0 133 0 149 0 143 0 155 0 233 0 294 0 322 0 328 0 419 0 439 0 401 0 354 0 230 0 141 0 78 

SecondWin:
0 0 0 0 0 0 0 0 0 0 0 0 0 0 0 0 0 0 0 0 0 0 0 0 0 0 0 0 0 0 0 0 0 0 0 0 0 0 0 0 0 0 1 0 11 0 14 0 19 0 97 0 135 0 98 0 118 0 193 0 148 0 225 0 312 0 462 0 488 0 518 0 439 0 386 0 283 0 178 0 93 0 
SAlphaB:
0 0 0 0 0 0 0 0 0 0 0 0 0 0 0 0 0 0 0 0 0 0 0 0 0 0 0 0 0 0 0 0 0 0 0 0 0 0 0 0 0 0 1 0 11 0 14 0 19 0 97 0 135 0 98 0 118 0 193 0 148 0 225 0 312 0 462 0 488 0 518 0 439 0 386 0 283 0 178 0 93 0 
