0 34 87 93 -3 12 28 19

0 43 69 28 -10 3 10 13

0 29 80 70 -15 2 8 10

0 16 42 50 -11 0 2 14

0 69 74 96 -10 9 42 41

0 80 94 43 -10 15 32 11

0 25 87 46 -13 2 3 31

0 49 87 95 -4 9 12 28

0 36 68 27 -6 6 12 9

0 43 93 12 -12 4 22 38

0 60 95 27 -20 9 11 20

0 66 90 71 -5 20 33 37

0 40 79 16 -17 11 13 14

0 11 72 98 -19 25 36 8

0 29 56 49 -17 2 8 2

0 54 62 82 -8 9 19 4

0 53 84 31 -8 17 42 16

0 40 65 90 -13 27 40 10

0 36 55 71 -10 14 39 17

0 57 61 1 -17 15 16 14

0 55 85 35 -20 8 20 48

0 10 73 76 -4 0 11 13

0 13 59 42 -11 1 2 38

0 83 92 41 -18 4 5 8

0 52 58 27 -13 7 20 33

0 52 56 65 -19 2 6 48

0 19 57 70 -16 22 36 3

0 15 37 39 -17 15 35 26

0 8 22 51 -15 2 6 18

0 29 62 60 -14 15 19 18

0 40 41 4 -19 3 22 6

0 12 99 37 -20 9 48 0

0 19 71 49 -10 20 43 32

0 16 82 28 -19 3 26 33

0 28 46 59 -8 35 44 32

0 7 26 97 -3 25 30 11

0 36 60 28 -9 6 41 21

0 8 65 78 -11 28 49 38

0 11 75 52 -9 4 5 46

0 3 71 53 -11 4 7 22

0 28 35 76 -13 0 4 48

0 92 93 74 -8 2 32 5

0 41 68 98 -19 12 23 47

0 17 37 96 -14 17 29 24

0 8 32 77 -6 4 14 3

0 27 90 44 -8 27 45 40

0 37 40 27 -8 14 25 9

0 13 26 13 -8 0 3 22

0 5 21 56 -20 0 4 13

0 3 5 8 -20 1 26 7

0 7 13 45 -16 0 2 7

0 0 21 83 -20 0 1 18

0 11 25 29 -11 4 19 15

0 35 77 11 -3 18 22 12

0 60 90 33 -9 33 39 14

0 39 65 5 -15 17 36 36

0 10 32 4 -7 33 36 22

0 8 34 25 -12 36 38 30

0 1 78 4 -17 12 27 45

0 1 58 41 -12 2 7 40

0 4 7 12 -17 2 10 10

0 32 91 90 -14 18 30 47

0 15 24 65 -15 8 26 12

0 4 82 74 -13 1 38 28

0 12 14 70 -13 28 33 47

0 6 25 3 -9 21 29 20

0 6 13 51 -7 10 39 32

0 22 34 69 -2 7 10 41

0 18 50 8 -2 4 47 16

0 30 33 89 -7 15 24 42

0 13 18 25 -5 36 37 10

0 43 82 37 -2 34 38 36

0 3 45 5 -17 4 5 4

0 7 16 65 -18 0 2 38

0 30 73 3 -15 24 40 25

0 28 33 58 -2 9 47 5

0 4 22 67 -9 24 26 13

0 22 39 70 -12 2 17 45

0 2 10 66 -20 0 4 0

0 1 2 13 -19 2 6 12

0 2 37 58 -12 15 38 48

0 10 15 79 -20 28 31 31

0 5 25 72 -19 5 32 39

0 4 29 34 -14 16 46 34

0 6 18 22 -14 25 42 23

0 5 11 9 -13 11 38 46

0 2 6 77 -9 13 42 19

0 0 20 38 -16 6 7 39

0 2 26 17 -5 11 39 38

0 7 9 82 -12 1 2 42

0 3 5 98 -6 19 49 24

0 12 29 29 -2 9 11 43

0 0 1 35 -19 11 19 19

0 0 16 95 -11 34 46 27

0 4 5 80 -6 12 17 49

0 4 5 1 -11 21 32 44

0 1 2 23 -14 25 44 45

0 1 3 39 -15 21 42 2

0 1 6 18 -2 8 9 32

0 0 1 1 -15 11 13 27


SAlphaB: 672.0, std-dev 256.4232965629333

Earliest win: 35
Latest win: 81

WinDepth:
0 0 0 0 0 0 0 0 0 0 0 0 0 0 0 0 0 0 0 0 0 0 0 0 0 0 0 0 0 0 0 0 0 0 0 1 0 1 2 2 1 6 1 5 12 12 14 61 16 69 38 219 96 161 79 165 96 175 126 162 166 284 228 336 282 350 450 364 507 390 500 401 426 413 422 341 282 239 178 141 90 79 
SAlphaB:
0 0 0 0 0 0 0 0 0 0 0 0 0 0 0 0 0 0 0 0 0 0 0 0 0 0 0 0 0 0 0 0 0 0 0 1 0 1 2 2 1 6 1 5 12 12 14 61 16 69 38 219 96 161 79 165 96 175 126 162 166 284 228 336 282 350 450 364 507 390 500 401 426 413 422 341 282 239 178 141 90 79 

LossDepth:
SAlphaB:
0 0 0 0 0 0 0 0 0 0 0 0 0 0 0 0 0 0 0 0 0 0 0 0 0 0 0 0 0 0 0 0 0 0 0 1 0 1 2 2 1 6 1 5 12 12 14 61 16 69 38 219 96 161 79 165 96 175 126 162 166 284 228 336 282 350 450 364 507 390 500 401 426 413 422 341 282 239 178 141 90 79 

FirstWin:
0 0 0 0 0 0 0 0 0 0 0 0 0 0 0 0 0 0 0 0 0 0 0 0 0 0 0 0 0 0 0 0 0 0 0 1 0 1 0 2 0 6 0 5 0 12 0 61 0 69 0 219 0 161 0 165 0 175 0 162 0 284 0 336 0 350 0 364 0 390 0 401 0 413 0 341 0 239 0 141 0 79 
SAlphaB:
0 0 0 0 0 0 0 0 0 0 0 0 0 0 0 0 0 0 0 0 0 0 0 0 0 0 0 0 0 0 0 0 0 0 0 1 0 1 0 2 0 6 0 5 0 12 0 61 0 69 0 219 0 161 0 165 0 175 0 162 0 284 0 336 0 350 0 364 0 390 0 401 0 413 0 341 0 239 0 141 0 79 

SecondWin:
0 0 0 0 0 0 0 0 0 0 0 0 0 0 0 0 0 0 0 0 0 0 0 0 0 0 0 0 0 0 0 0 0 0 0 0 0 0 2 0 1 0 1 0 12 0 14 0 16 0 38 0 96 0 79 0 96 0 126 0 166 0 228 0 282 0 450 0 507 0 500 0 426 0 422 0 282 0 178 0 90 0 
SAlphaB:
0 0 0 0 0 0 0 0 0 0 0 0 0 0 0 0 0 0 0 0 0 0 0 0 0 0 0 0 0 0 0 0 0 0 0 0 0 0 2 0 1 0 1 0 12 0 14 0 16 0 38 0 96 0 79 0 96 0 126 0 166 0 228 0 282 0 450 0 507 0 500 0 426 0 422 0 282 0 178 0 90 0 
