0 35 65 7 -14 4 9 17

0 84 92 59 -7 12 30 28

0 35 95 76 -18 2 8 5

0 18 72 70 -6 3 7 14

0 83 90 42 -20 3 7 9

0 17 67 67 -10 12 14 12

0 67 75 94 -3 1 21 14

0 33 47 28 -19 1 3 6

0 27 70 22 -17 1 3 38

0 58 95 57 -10 0 1 0

0 0 84 43 -6 10 25 11

0 41 67 32 -12 11 16 43

0 35 63 97 -15 0 3 31

0 23 39 72 -19 0 1 23

0 30 56 50 -20 4 9 13

0 8 99 71 -3 1 2 5

0 29 66 66 -7 10 13 1

0 71 92 53 -17 5 16 44

0 59 82 55 -10 1 4 23

0 61 70 91 -18 13 44 3

0 33 62 71 -2 30 45 24

0 29 72 63 -9 14 18 37

0 37 53 78 -11 4 24 33

0 23 72 92 -7 10 13 23

0 85 95 0 -8 8 14 47

0 24 85 80 -16 11 24 29

0 35 79 90 -10 9 11 40

0 37 41 87 -20 34 37 14

0 34 87 5 -17 12 16 5

0 33 96 96 -14 1 46 45

0 0 87 37 -6 0 2 26

0 39 81 26 -8 30 34 11

0 31 46 41 -15 20 40 22

0 32 50 83 -9 13 15 18

0 20 76 80 -19 23 24 34

0 52 56 93 -10 30 49 31

0 15 85 36 -11 36 42 21

0 1 22 44 -2 5 16 20

0 67 95 25 -3 31 38 14

0 11 66 16 -8 12 32 3

0 11 83 25 -17 42 43 9

0 18 67 53 -12 2 28 4

0 94 95 18 -11 13 17 42

0 31 36 46 -15 0 2 31

0 33 44 87 -20 1 9 45

0 5 6 81 -7 37 44 10

0 12 27 64 -1 6 18 29

0 14 58 6 -4 22 23 12

0 8 42 43 -15 0 12 42

0 6 26 84 -6 0 2 22

0 2 8 87 -7 3 7 17

0 42 98 99 -5 35 45 22

0 29 69 14 -11 12 24 18

0 24 32 16 -13 16 30 34

0 25 48 86 -3 1 33 17

0 4 37 87 -13 5 7 46

0 19 38 82 -10 24 47 20

0 5 22 25 -11 16 42 5

0 21 25 87 -10 27 48 25

0 5 12 92 -15 1 15 30

0 10 13 25 -6 15 26 3

0 86 97 30 -12 0 14 46

0 19 24 91 -10 30 36 41

0 6 21 93 -4 26 42 27

0 3 42 59 -16 18 31 19

0 2 61 46 -10 4 7 34

0 16 45 74 -19 2 20 49

0 13 21 47 -12 32 40 31

0 3 89 45 -1 12 17 1

0 3 8 19 -6 9 27 2

0 3 12 26 -14 10 44 14

0 3 8 41 -7 15 35 3

0 7 18 83 -13 1 3 37

0 8 24 62 -19 5 17 15

0 5 18 81 -15 7 14 20

0 10 81 14 -19 15 18 24

0 4 12 4 -15 30 32 31

0 0 4 38 -18 1 3 8

0 0 2 95 -11 35 36 30

0 5 40 57 -11 34 42 3

0 2 4 38 -4 0 2 0

0 26 28 92 -7 7 32 37

0 29 43 65 -15 7 36 22

0 0 32 16 -3 20 42 11

0 3 7 82 -11 3 5 38

0 6 46 10 -12 23 29 15

0 2 8 13 -12 6 18 38

0 11 23 92 -1 5 39 35

0 23 32 55 -19 23 42 26

0 7 12 10 -7 0 9 25

0 10 28 51 -9 5 28 7

0 0 18 15 -4 0 29 33

0 1 14 72 -3 1 6 29

0 5 26 10 -16 1 48 12

0 5 8 3 -18 5 9 24

0 0 1 81 -8 27 46 32

0 1 5 52 -17 9 41 7

0 1 7 1 -2 23 42 8

0 0 12 35 -8 1 14 44

0 0 1 87 -9 2 6 46


SAlphaB: 692.0, std-dev 259.8422822919062

Earliest win: 36
Latest win: 81

WinDepth:
0 0 0 0 0 0 0 0 0 0 0 0 0 0 0 0 0 0 0 0 0 0 0 0 0 0 0 0 0 0 0 0 0 0 0 0 1 1 1 6 5 5 3 21 6 26 14 31 27 89 63 169 88 147 91 173 117 161 119 178 196 224 223 302 341 401 403 439 421 395 482 478 382 425 352 407 251 242 183 149 99 66 
SAlphaB:
0 0 0 0 0 0 0 0 0 0 0 0 0 0 0 0 0 0 0 0 0 0 0 0 0 0 0 0 0 0 0 0 0 0 0 0 1 1 1 6 5 5 3 21 6 26 14 31 27 89 63 169 88 147 91 173 117 161 119 178 196 224 223 302 341 401 403 439 421 395 482 478 382 425 352 407 251 242 183 149 99 66 

LossDepth:
SAlphaB:
0 0 0 0 0 0 0 0 0 0 0 0 0 0 0 0 0 0 0 0 0 0 0 0 0 0 0 0 0 0 0 0 0 0 0 0 1 1 1 6 5 5 3 21 6 26 14 31 27 89 63 169 88 147 91 173 117 161 119 178 196 224 223 302 341 401 403 439 421 395 482 478 382 425 352 407 251 242 183 149 99 66 

FirstWin:
0 0 0 0 0 0 0 0 0 0 0 0 0 0 0 0 0 0 0 0 0 0 0 0 0 0 0 0 0 0 0 0 0 0 0 0 0 1 0 6 0 5 0 21 0 26 0 31 0 89 0 169 0 147 0 173 0 161 0 178 0 224 0 302 0 401 0 439 0 395 0 478 0 425 0 407 0 242 0 149 0 66 
SAlphaB:
0 0 0 0 0 0 0 0 0 0 0 0 0 0 0 0 0 0 0 0 0 0 0 0 0 0 0 0 0 0 0 0 0 0 0 0 0 1 0 6 0 5 0 21 0 26 0 31 0 89 0 169 0 147 0 173 0 161 0 178 0 224 0 302 0 401 0 439 0 395 0 478 0 425 0 407 0 242 0 149 0 66 

SecondWin:
0 0 0 0 0 0 0 0 0 0 0 0 0 0 0 0 0 0 0 0 0 0 0 0 0 0 0 0 0 0 0 0 0 0 0 0 1 0 1 0 5 0 3 0 6 0 14 0 27 0 63 0 88 0 91 0 117 0 119 0 196 0 223 0 341 0 403 0 421 0 482 0 382 0 352 0 251 0 183 0 99 0 
SAlphaB:
0 0 0 0 0 0 0 0 0 0 0 0 0 0 0 0 0 0 0 0 0 0 0 0 0 0 0 0 0 0 0 0 0 0 0 0 1 0 1 0 5 0 3 0 6 0 14 0 27 0 63 0 88 0 91 0 117 0 119 0 196 0 223 0 341 0 403 0 421 0 482 0 382 0 352 0 251 0 183 0 99 0 
