0 49 88 63 -8 3 5 1

0 49 91 59 -7 1 2 4

0 89 97 27 -9 4 35 16

0 34 94 31 -16 0 2 41

0 68 94 70 -14 2 33 32

0 62 92 62 -13 11 22 43

0 31 72 90 -8 15 26 30

0 55 98 46 -1 11 46 23

0 42 69 86 -18 1 6 24

0 25 99 21 -12 4 14 24

0 28 44 30 -4 23 36 17

0 23 33 2 -1 2 5 8

0 36 52 72 -10 6 21 4

0 81 83 83 -12 6 8 17

0 69 75 13 -13 8 33 8

0 17 43 94 -1 4 11 18

0 65 86 51 -10 2 10 31

0 14 16 37 -4 2 10 9

0 14 49 63 -5 5 8 14

0 66 70 52 -12 7 8 16

0 45 77 26 -3 11 15 20

0 24 66 3 -2 14 41 18

0 32 50 11 -9 0 4 27

0 4 89 59 -13 10 18 1

0 15 17 38 -17 0 5 11

0 47 68 97 -18 7 14 23

0 37 38 31 -20 3 27 28

0 6 88 60 -4 32 44 27

0 28 31 95 -8 7 8 5

0 35 42 44 -17 4 11 43

0 48 83 95 -8 6 7 28

0 51 99 14 -9 0 43 33

0 30 62 67 -13 3 16 40

0 1 39 44 -8 8 10 23

0 0 50 60 -7 10 21 37

0 18 56 30 -15 32 34 21

0 43 65 39 -7 4 24 44

0 14 34 96 -15 7 22 14

0 25 76 0 -1 11 21 42

0 16 57 73 -2 26 39 0

0 63 75 89 -2 10 43 33

0 3 13 73 -7 3 7 22

0 13 61 72 -10 5 9 38

0 55 60 50 -12 12 42 21

0 21 34 16 -11 1 18 22

0 23 38 87 -18 19 22 20

0 82 88 89 -7 36 46 40

0 28 53 14 -3 18 28 24

0 80 99 46 -18 31 33 17

0 46 69 93 -2 0 8 21

0 18 40 62 -9 30 40 13

0 52 57 60 -4 4 29 48

0 64 85 12 -20 32 36 47

0 36 98 18 -18 11 16 24

0 31 39 14 -18 8 11 45

0 46 57 74 -2 17 46 27

0 54 63 55 -17 24 31 4

0 42 61 7 -11 33 37 32

0 14 34 27 -13 1 42 8

0 2 22 24 -20 5 7 20

0 20 30 58 -5 18 40 8

0 11 19 62 -11 30 45 29

0 6 92 14 -5 17 46 37

0 10 30 54 -15 12 42 23

0 19 46 19 -15 29 31 45

0 20 44 90 -17 4 37 25

0 11 19 67 -7 42 47 6

0 1 10 78 -11 19 41 33

0 44 48 5 -11 8 12 24

0 23 53 49 -6 4 48 24

0 4 82 47 -17 7 49 16

0 33 95 34 -19 11 45 35

0 4 8 27 -3 23 49 19

0 9 18 57 -3 13 14 33

0 42 44 84 -8 20 37 25

0 6 43 3 -14 1 3 46

0 21 39 93 -3 5 43 25

0 3 37 3 -11 1 8 1

0 0 3 86 -7 26 31 42

0 1 13 16 -18 18 25 38

0 8 57 7 -3 35 41 29

0 15 19 97 -4 19 41 38

0 63 94 46 -9 43 47 0

0 4 17 90 -14 31 38 25

0 3 10 72 -17 16 31 43

0 6 31 49 -13 1 5 46

0 7 15 11 -2 14 35 16

0 21 47 35 -17 9 43 46

0 1 4 20 -1 8 15 13

0 12 41 43 -2 1 23 36

0 3 33 30 -12 44 46 37

0 0 41 67 -4 5 19 48

0 7 23 79 -8 0 8 44

0 1 16 41 -17 19 25 48

0 9 18 83 -9 36 41 47

0 4 8 76 -20 3 13 41

0 1 10 91 -4 32 40 13

0 0 22 29 -8 20 33 34

0 1 2 51 -6 1 10 48

0 4 13 3 -2 1 22 35


SAlphaB: 681.0, std-dev 257.53089311593453

Earliest win: 37
Latest win: 81

WinDepth:
0 0 0 0 0 0 0 0 0 0 0 0 0 0 0 0 0 0 0 0 0 0 0 0 0 0 0 0 0 0 0 0 0 0 0 0 0 4 1 3 1 5 12 11 18 19 19 25 51 58 55 197 79 122 101 198 129 210 162 177 156 223 223 352 253 381 361 352 370 400 472 393 414 396 398 392 290 270 240 135 111 79 
SAlphaB:
0 0 0 0 0 0 0 0 0 0 0 0 0 0 0 0 0 0 0 0 0 0 0 0 0 0 0 0 0 0 0 0 0 0 0 0 0 4 1 3 1 5 12 11 18 19 19 25 51 58 55 197 79 122 101 198 129 210 162 177 156 223 223 352 253 381 361 352 370 400 472 393 414 396 398 392 290 270 240 135 111 79 

LossDepth:
SAlphaB:
0 0 0 0 0 0 0 0 0 0 0 0 0 0 0 0 0 0 0 0 0 0 0 0 0 0 0 0 0 0 0 0 0 0 0 0 0 4 1 3 1 5 12 11 18 19 19 25 51 58 55 197 79 122 101 198 129 210 162 177 156 223 223 352 253 381 361 352 370 400 472 393 414 396 398 392 290 270 240 135 111 79 

FirstWin:
0 0 0 0 0 0 0 0 0 0 0 0 0 0 0 0 0 0 0 0 0 0 0 0 0 0 0 0 0 0 0 0 0 0 0 0 0 4 0 3 0 5 0 11 0 19 0 25 0 58 0 197 0 122 0 198 0 210 0 177 0 223 0 352 0 381 0 352 0 400 0 393 0 396 0 392 0 270 0 135 0 79 
SAlphaB:
0 0 0 0 0 0 0 0 0 0 0 0 0 0 0 0 0 0 0 0 0 0 0 0 0 0 0 0 0 0 0 0 0 0 0 0 0 4 0 3 0 5 0 11 0 19 0 25 0 58 0 197 0 122 0 198 0 210 0 177 0 223 0 352 0 381 0 352 0 400 0 393 0 396 0 392 0 270 0 135 0 79 

SecondWin:
0 0 0 0 0 0 0 0 0 0 0 0 0 0 0 0 0 0 0 0 0 0 0 0 0 0 0 0 0 0 0 0 0 0 0 0 0 0 1 0 1 0 12 0 18 0 19 0 51 0 55 0 79 0 101 0 129 0 162 0 156 0 223 0 253 0 361 0 370 0 472 0 414 0 398 0 290 0 240 0 111 0 
SAlphaB:
0 0 0 0 0 0 0 0 0 0 0 0 0 0 0 0 0 0 0 0 0 0 0 0 0 0 0 0 0 0 0 0 0 0 0 0 0 0 1 0 1 0 12 0 18 0 19 0 51 0 55 0 79 0 101 0 129 0 162 0 156 0 223 0 253 0 361 0 370 0 472 0 414 0 398 0 290 0 240 0 111 0 
