0 45 83 55 -14 4 28 0

0 44 62 89 -9 5 13 17

0 57 72 51 -13 7 34 27

0 59 90 47 -7 2 36 3

0 60 99 58 -11 2 6 30

0 44 69 56 -10 8 31 32

0 33 86 1 -3 10 32 17

0 84 95 28 -1 6 31 14

0 15 45 46 -7 24 33 18

0 45 50 11 -9 8 29 28

0 51 81 32 -13 5 11 1

0 37 82 33 -14 5 7 9

0 56 81 92 -4 1 6 12

0 3 73 91 -17 22 27 22

0 37 82 69 -17 13 25 5

0 81 84 59 -19 16 38 18

0 37 54 97 -9 4 6 13

0 74 76 94 -19 3 40 34

0 63 99 54 -3 7 48 3

0 25 75 21 -18 5 34 20

0 71 87 97 -13 3 5 23

0 40 62 92 -7 3 9 39

0 72 88 33 -13 7 12 47

0 64 79 39 -6 19 45 40

0 50 57 33 -15 4 7 8

0 19 20 66 -18 20 22 19

0 40 92 79 -6 15 37 49

0 44 55 45 -7 0 9 15

0 18 82 71 -9 16 22 9

0 17 60 72 -20 7 8 6

0 21 65 60 -20 1 12 22

0 10 50 10 -9 13 36 38

0 38 90 43 -10 32 35 11

0 11 25 73 -13 11 26 23

0 60 66 12 -20 7 15 0

0 32 38 65 -16 10 13 49

0 46 48 70 -11 0 4 24

0 38 66 8 -11 5 7 10

0 20 23 63 -20 3 11 8

0 36 97 6 -18 35 38 3

0 58 84 54 -9 1 3 40

0 15 62 46 -8 0 1 38

0 30 60 45 -17 30 39 28

0 20 46 8 -6 26 36 16

0 41 93 66 -19 29 37 10

0 24 36 89 -10 8 19 43

0 17 36 3 -9 21 49 32

0 46 93 9 -12 39 49 29

0 31 40 80 -13 11 20 20

0 6 41 84 -4 6 23 34

0 25 54 24 -15 12 14 15

0 23 54 70 -11 30 36 37

0 21 47 42 -12 19 37 25

0 11 43 70 -4 10 34 37

0 12 17 63 -4 14 20 3

0 62 65 37 -3 27 28 16

0 17 88 36 -3 33 35 15

0 17 62 46 -19 4 17 8

0 16 88 5 -19 19 28 20

0 41 52 95 -16 6 38 20

0 0 3 98 -6 13 22 9

0 65 75 20 -2 28 36 22

0 52 63 25 -5 14 48 35

0 87 93 7 -8 31 37 29

0 58 79 71 -15 46 48 32

0 38 66 36 -3 14 20 41

0 3 36 7 -12 19 21 17

0 17 40 96 -18 12 45 15

0 10 22 20 -8 1 15 0

0 14 37 13 -14 7 43 12

0 13 88 91 -17 21 35 21

0 2 4 15 -16 29 34 30

0 5 94 48 -4 29 35 13

0 2 8 11 -10 6 11 3

0 0 21 92 -8 14 45 25

0 7 16 61 -3 7 30 12

0 6 52 67 -20 2 14 6

0 27 60 46 -5 0 1 42

0 1 69 33 -6 4 7 39

0 22 43 77 -13 13 49 11

0 5 9 3 -14 15 19 24

0 6 60 93 -10 3 42 16

0 5 19 99 -15 26 29 5

0 12 15 50 -15 8 15 18

0 17 21 59 -9 7 45 41

0 1 12 56 -15 2 6 32

0 16 40 24 -9 26 40 4

0 34 35 60 -10 17 18 9

0 17 43 98 -17 20 27 47

0 10 11 99 -14 0 1 15

0 19 40 43 -18 25 26 49

0 0 12 80 -12 5 41 45

0 1 21 8 -13 20 42 10

0 19 29 80 -5 11 17 42

0 2 8 45 -19 10 39 6

0 4 5 22 -8 6 36 41

0 4 7 48 -7 16 19 49

0 3 5 89 -1 0 12 40

0 0 3 95 -1 3 43 21

0 0 1 16 -4 1 2 27


SAlphaB: 701.0, std-dev 265.7615311028694

Earliest win: 37
Latest win: 81

WinDepth:
0 0 0 0 0 0 0 0 0 0 0 0 0 0 0 0 0 0 0 0 0 0 0 0 0 0 0 0 0 0 0 0 0 0 0 0 0 4 0 4 2 5 2 14 10 7 16 39 15 51 112 153 64 133 106 174 113 191 132 146 151 208 233 289 282 394 376 408 482 433 428 478 414 390 414 378 290 253 208 151 109 83 
SAlphaB:
0 0 0 0 0 0 0 0 0 0 0 0 0 0 0 0 0 0 0 0 0 0 0 0 0 0 0 0 0 0 0 0 0 0 0 0 0 4 0 4 2 5 2 14 10 7 16 39 15 51 112 153 64 133 106 174 113 191 132 146 151 208 233 289 282 394 376 408 482 433 428 478 414 390 414 378 290 253 208 151 109 83 

LossDepth:
SAlphaB:
0 0 0 0 0 0 0 0 0 0 0 0 0 0 0 0 0 0 0 0 0 0 0 0 0 0 0 0 0 0 0 0 0 0 0 0 0 4 0 4 2 5 2 14 10 7 16 39 15 51 112 153 64 133 106 174 113 191 132 146 151 208 233 289 282 394 376 408 482 433 428 478 414 390 414 378 290 253 208 151 109 83 

FirstWin:
0 0 0 0 0 0 0 0 0 0 0 0 0 0 0 0 0 0 0 0 0 0 0 0 0 0 0 0 0 0 0 0 0 0 0 0 0 4 0 4 0 5 0 14 0 7 0 39 0 51 0 153 0 133 0 174 0 191 0 146 0 208 0 289 0 394 0 408 0 433 0 478 0 390 0 378 0 253 0 151 0 83 
SAlphaB:
0 0 0 0 0 0 0 0 0 0 0 0 0 0 0 0 0 0 0 0 0 0 0 0 0 0 0 0 0 0 0 0 0 0 0 0 0 4 0 4 0 5 0 14 0 7 0 39 0 51 0 153 0 133 0 174 0 191 0 146 0 208 0 289 0 394 0 408 0 433 0 478 0 390 0 378 0 253 0 151 0 83 

SecondWin:
0 0 0 0 0 0 0 0 0 0 0 0 0 0 0 0 0 0 0 0 0 0 0 0 0 0 0 0 0 0 0 0 0 0 0 0 0 0 0 0 2 0 2 0 10 0 16 0 15 0 112 0 64 0 106 0 113 0 132 0 151 0 233 0 282 0 376 0 482 0 428 0 414 0 414 0 290 0 208 0 109 0 
SAlphaB:
0 0 0 0 0 0 0 0 0 0 0 0 0 0 0 0 0 0 0 0 0 0 0 0 0 0 0 0 0 0 0 0 0 0 0 0 0 0 0 0 2 0 2 0 10 0 16 0 15 0 112 0 64 0 106 0 113 0 132 0 151 0 233 0 282 0 376 0 482 0 428 0 414 0 414 0 290 0 208 0 109 0 
