0 28 55 26 -14 2 11 13

0 40 91 43 -20 0 1 25

0 27 98 87 -4 9 34 19

0 70 91 70 -16 3 22 44

0 11 13 39 -7 7 11 5

0 10 59 8 -7 6 19 16

0 76 92 92 -16 2 11 41

0 29 96 45 -4 7 24 34

0 18 82 65 -17 20 48 41

0 72 76 95 -6 6 22 30

0 52 66 17 -15 5 8 23

0 64 69 59 -6 5 15 30

0 95 98 64 -7 9 25 38

0 47 78 63 -5 0 5 25

0 0 98 70 -15 22 42 19

0 8 34 35 -11 10 24 18

0 17 78 65 -3 9 19 40

0 38 58 49 -11 1 4 31

0 16 58 67 -18 14 16 15

0 21 82 74 -8 10 43 18

0 55 70 75 -15 20 48 29

0 2 56 43 -9 28 39 33

0 19 25 42 -18 21 24 8

0 9 23 81 -1 7 13 27

0 1 91 61 -13 10 36 17

0 20 80 52 -19 17 23 15

0 20 83 6 -16 12 18 47

0 4 48 14 -17 24 29 6

0 14 89 5 -1 8 22 17

0 11 37 61 -12 15 29 21

0 71 73 12 -15 0 36 6

0 15 46 62 -20 9 30 30

0 18 46 55 -7 30 34 1

0 15 62 5 -16 0 7 41

0 54 95 39 -1 6 43 19

0 38 58 16 -14 3 10 42

0 25 90 76 -18 26 33 38

0 4 35 82 -14 3 5 20

0 27 50 70 -20 34 44 16

0 4 63 63 -8 4 14 18

0 3 78 78 -3 5 10 32

0 30 35 17 -2 6 9 44

0 58 99 98 -5 15 17 18

0 24 25 44 -6 3 17 32

0 58 89 78 -14 29 36 2

0 32 42 13 -11 10 25 19

0 41 89 27 -6 14 16 49

0 0 33 21 -13 10 19 6

0 32 62 56 -6 15 19 3

0 85 93 40 -15 0 3 49

0 27 39 90 -2 0 13 14

0 36 49 36 -16 22 47 25

0 24 46 39 -6 17 35 30

0 13 81 87 -10 24 42 34

0 19 20 81 -14 8 21 42

0 28 91 86 -19 22 41 46

0 13 80 27 -1 12 46 28

0 3 37 7 -4 34 46 16

0 6 31 73 -9 12 20 21

0 0 51 57 -9 18 19 48

0 46 69 8 -8 0 2 42

0 29 69 6 -14 16 29 9

0 8 93 1 -12 10 24 34

0 10 22 98 -6 13 34 43

0 6 43 33 -19 9 17 36

0 32 34 58 -8 14 18 5

0 1 86 87 -12 1 2 45

0 10 19 57 -9 2 12 21

0 54 74 82 -19 0 3 43

0 35 48 35 -14 0 12 41

0 11 52 76 -13 2 3 22

0 9 21 27 -4 16 24 24

0 5 7 60 -13 24 46 37

0 3 6 15 -19 25 32 8

0 22 26 21 -4 3 31 20

0 54 60 59 -3 4 9 40

0 17 38 90 -20 23 30 9

0 51 52 53 -4 0 1 32

0 2 27 9 -8 8 40 26

0 15 24 28 -13 4 45 46

0 15 69 10 -8 22 29 11

0 34 36 17 -18 18 46 30

0 2 14 25 -1 2 3 29

0 1 23 15 -3 2 31 20

0 0 2 86 -17 4 7 4

0 19 26 5 -7 24 42 34

0 11 18 48 -13 0 27 7

0 9 18 79 -10 7 16 46

0 3 14 40 -16 8 30 8

0 4 15 7 -9 32 38 15

0 2 6 35 -11 7 40 34

0 26 37 23 -4 1 41 38

0 0 2 96 -10 0 3 23

0 0 5 83 -11 11 12 35

0 0 2 27 -2 1 12 10

0 1 5 67 -2 15 24 3

0 0 27 16 -7 0 2 48

0 1 14 16 -20 18 42 43

0 10 17 33 -11 4 9 47

0 3 10 6 -12 5 14 37


SAlphaB: 717.0, std-dev 256.0467311553763

Earliest win: 37
Latest win: 81

WinDepth:
0 0 0 0 0 0 0 0 0 0 0 0 0 0 0 0 0 0 0 0 0 0 0 0 0 0 0 0 0 0 0 0 0 0 0 0 0 1 0 1 0 7 5 15 10 16 8 40 21 113 66 258 81 96 58 208 95 150 116 139 161 219 222 320 333 324 442 426 532 420 551 438 441 423 387 386 246 239 191 121 82 70 
SAlphaB:
0 0 0 0 0 0 0 0 0 0 0 0 0 0 0 0 0 0 0 0 0 0 0 0 0 0 0 0 0 0 0 0 0 0 0 0 0 1 0 1 0 7 5 15 10 16 8 40 21 113 66 258 81 96 58 208 95 150 116 139 161 219 222 320 333 324 442 426 532 420 551 438 441 423 387 386 246 239 191 121 82 70 

LossDepth:
SAlphaB:
0 0 0 0 0 0 0 0 0 0 0 0 0 0 0 0 0 0 0 0 0 0 0 0 0 0 0 0 0 0 0 0 0 0 0 0 0 1 0 1 0 7 5 15 10 16 8 40 21 113 66 258 81 96 58 208 95 150 116 139 161 219 222 320 333 324 442 426 532 420 551 438 441 423 387 386 246 239 191 121 82 70 

FirstWin:
0 0 0 0 0 0 0 0 0 0 0 0 0 0 0 0 0 0 0 0 0 0 0 0 0 0 0 0 0 0 0 0 0 0 0 0 0 1 0 1 0 7 0 15 0 16 0 40 0 113 0 258 0 96 0 208 0 150 0 139 0 219 0 320 0 324 0 426 0 420 0 438 0 423 0 386 0 239 0 121 0 70 
SAlphaB:
0 0 0 0 0 0 0 0 0 0 0 0 0 0 0 0 0 0 0 0 0 0 0 0 0 0 0 0 0 0 0 0 0 0 0 0 0 1 0 1 0 7 0 15 0 16 0 40 0 113 0 258 0 96 0 208 0 150 0 139 0 219 0 320 0 324 0 426 0 420 0 438 0 423 0 386 0 239 0 121 0 70 

SecondWin:
0 0 0 0 0 0 0 0 0 0 0 0 0 0 0 0 0 0 0 0 0 0 0 0 0 0 0 0 0 0 0 0 0 0 0 0 0 0 0 0 0 0 5 0 10 0 8 0 21 0 66 0 81 0 58 0 95 0 116 0 161 0 222 0 333 0 442 0 532 0 551 0 441 0 387 0 246 0 191 0 82 0 
SAlphaB:
0 0 0 0 0 0 0 0 0 0 0 0 0 0 0 0 0 0 0 0 0 0 0 0 0 0 0 0 0 0 0 0 0 0 0 0 0 0 0 0 0 0 5 0 10 0 8 0 21 0 66 0 81 0 58 0 95 0 116 0 161 0 222 0 333 0 442 0 532 0 551 0 441 0 387 0 246 0 191 0 82 0 
