0 33 90 37 -17 0 1 23

0 68 93 64 -10 8 43 20

0 38 94 34 -7 6 14 14

0 67 89 68 -10 11 40 20

0 36 95 59 -18 2 7 3

0 24 74 38 -6 1 7 2

0 53 88 60 -19 4 13 49

0 67 72 95 -20 4 5 14

0 88 96 72 -16 18 36 12

0 77 79 3 -1 0 1 3

0 82 91 2 -18 0 23 6

0 13 96 22 -3 3 12 9

0 37 60 62 -7 30 41 27

0 74 97 73 -9 11 26 14

0 66 98 36 -4 7 45 14

0 22 89 90 -15 25 31 23

0 30 96 17 -5 8 12 48

0 48 75 33 -17 7 28 49

0 44 69 9 -13 7 9 34

0 43 66 4 -4 9 13 9

0 12 39 87 -15 18 29 8

0 26 29 76 -2 25 46 0

0 46 65 23 -19 29 48 13

0 28 35 37 -1 31 39 5

0 61 83 49 -18 9 38 36

0 27 69 89 -18 3 18 21

0 23 31 2 -5 26 31 20

0 6 10 82 -1 8 9 8

0 22 66 10 -18 12 26 40

0 31 35 92 -7 3 5 33

0 22 85 72 -9 11 20 28

0 39 98 47 -3 10 27 49

0 52 71 59 -16 11 13 44

0 22 74 58 -14 10 39 22

0 44 80 12 -17 12 14 1

0 54 80 92 -14 33 47 11

0 53 60 16 -1 16 20 19

0 30 90 78 -2 8 46 32

0 9 99 90 -6 7 23 12

0 32 99 91 -1 7 43 25

0 7 16 81 -16 3 7 25

0 57 64 88 -7 11 22 48

0 3 44 85 -11 19 41 33

0 27 84 45 -14 4 11 42

0 6 89 91 -13 5 29 0

0 59 64 87 -4 33 40 41

0 18 96 12 -13 12 28 14

0 27 45 35 -11 0 19 28

0 32 35 6 -8 20 42 25

0 44 72 50 -5 11 12 39

0 42 54 73 -4 0 31 32

0 37 66 51 -13 11 17 40

0 70 76 41 -5 29 45 12

0 2 86 60 -15 4 30 24

0 27 38 83 -2 8 29 14

0 2 30 69 -3 1 2 10

0 6 95 42 -15 17 18 38

0 4 66 24 -9 2 30 8

0 34 66 13 -11 17 19 10

0 59 63 9 -5 16 23 38

0 12 84 58 -7 24 36 11

0 1 23 21 -18 5 12 37

0 8 27 3 -8 19 24 24

0 13 83 72 -1 0 18 35

0 30 40 82 -6 42 46 0

0 45 65 67 -9 25 47 36

0 8 15 75 -2 3 5 3

0 26 73 20 -4 15 45 45

0 26 32 56 -2 5 31 48

0 7 85 6 -6 8 11 29

0 24 93 32 -16 11 25 40

0 28 48 4 -2 17 18 41

0 24 32 28 -9 28 40 2

0 50 85 27 -3 42 48 40

0 18 30 48 -20 12 43 29

0 17 37 46 -4 0 4 46

0 14 54 8 -16 0 28 8

0 7 38 0 -20 20 30 32

0 9 39 14 -8 5 36 8

0 41 82 3 -14 33 45 4

0 14 32 31 -16 2 46 19

0 3 7 51 -2 5 9 33

0 74 88 14 -20 40 43 8

0 19 33 82 -17 3 10 45

0 13 27 37 -16 6 14 43

0 3 8 48 -10 26 49 4

0 16 52 39 -20 19 26 43

0 0 4 71 -3 15 34 34

0 33 93 68 -20 21 34 35

0 3 7 3 -11 14 41 26

0 3 8 39 -10 0 7 27

0 0 15 59 -16 0 11 26

0 1 2 70 -7 10 32 9

0 1 11 93 -1 15 32 8

0 5 15 81 -3 5 17 3

0 33 34 20 -9 22 25 0

0 16 28 21 -17 16 22 39

0 6 8 62 -4 1 33 39

0 0 1 69 -13 26 38 7

0 1 4 55 -6 3 17 38


SAlphaB: 697.0, std-dev 262.590769587827

Earliest win: 36
Latest win: 81

WinDepth:
0 0 0 0 0 0 0 0 0 0 0 0 0 0 0 0 0 0 0 0 0 0 0 0 0 0 0 0 0 0 0 0 0 0 0 0 2 2 0 7 6 6 2 20 11 30 11 40 35 111 28 162 72 130 101 187 114 213 118 162 161 236 224 352 301 349 398 426 422 487 465 464 442 409 348 324 266 225 219 135 110 66 
SAlphaB:
0 0 0 0 0 0 0 0 0 0 0 0 0 0 0 0 0 0 0 0 0 0 0 0 0 0 0 0 0 0 0 0 0 0 0 0 2 2 0 7 6 6 2 20 11 30 11 40 35 111 28 162 72 130 101 187 114 213 118 162 161 236 224 352 301 349 398 426 422 487 465 464 442 409 348 324 266 225 219 135 110 66 

LossDepth:
SAlphaB:
0 0 0 0 0 0 0 0 0 0 0 0 0 0 0 0 0 0 0 0 0 0 0 0 0 0 0 0 0 0 0 0 0 0 0 0 2 2 0 7 6 6 2 20 11 30 11 40 35 111 28 162 72 130 101 187 114 213 118 162 161 236 224 352 301 349 398 426 422 487 465 464 442 409 348 324 266 225 219 135 110 66 

FirstWin:
0 0 0 0 0 0 0 0 0 0 0 0 0 0 0 0 0 0 0 0 0 0 0 0 0 0 0 0 0 0 0 0 0 0 0 0 0 2 0 7 0 6 0 20 0 30 0 40 0 111 0 162 0 130 0 187 0 213 0 162 0 236 0 352 0 349 0 426 0 487 0 464 0 409 0 324 0 225 0 135 0 66 
SAlphaB:
0 0 0 0 0 0 0 0 0 0 0 0 0 0 0 0 0 0 0 0 0 0 0 0 0 0 0 0 0 0 0 0 0 0 0 0 0 2 0 7 0 6 0 20 0 30 0 40 0 111 0 162 0 130 0 187 0 213 0 162 0 236 0 352 0 349 0 426 0 487 0 464 0 409 0 324 0 225 0 135 0 66 

SecondWin:
0 0 0 0 0 0 0 0 0 0 0 0 0 0 0 0 0 0 0 0 0 0 0 0 0 0 0 0 0 0 0 0 0 0 0 0 2 0 0 0 6 0 2 0 11 0 11 0 35 0 28 0 72 0 101 0 114 0 118 0 161 0 224 0 301 0 398 0 422 0 465 0 442 0 348 0 266 0 219 0 110 0 
SAlphaB:
0 0 0 0 0 0 0 0 0 0 0 0 0 0 0 0 0 0 0 0 0 0 0 0 0 0 0 0 0 0 0 0 0 0 0 0 2 0 0 0 6 0 2 0 11 0 11 0 35 0 28 0 72 0 101 0 114 0 118 0 161 0 224 0 301 0 398 0 422 0 465 0 442 0 348 0 266 0 219 0 110 0 
