0 50 91 76 -4 3 19 20

0 54 91 49 -16 1 22 32

0 9 32 19 -4 0 1 2

0 1 94 49 -5 10 15 14

0 61 81 33 -17 1 3 4

0 47 72 74 -14 6 16 49

0 28 41 92 -8 42 48 11

0 28 62 77 -12 0 13 8

0 22 41 39 -1 2 7 17

0 52 89 61 -12 2 25 46

0 60 84 17 -4 1 11 30

0 65 73 56 -5 15 35 10

0 7 80 82 -7 12 35 3

0 18 40 92 -6 14 21 24

0 0 31 94 -15 3 9 12

0 16 97 80 -6 25 44 40

0 44 60 26 -4 1 2 1

0 12 18 19 -5 2 4 7

0 29 61 45 -2 11 14 16

0 81 94 45 -4 21 26 3

0 39 81 75 -18 6 8 6

0 67 83 66 -3 14 18 24

0 26 93 94 -20 7 12 21

0 30 74 43 -11 3 5 48

0 18 33 47 -2 20 26 22

0 51 57 81 -19 16 18 9

0 34 75 84 -5 18 31 35

0 62 95 39 -2 10 22 32

0 42 56 78 -19 1 6 40

0 2 49 83 -15 0 14 29

0 1 22 53 -20 22 24 23

0 10 37 59 -12 15 31 17

0 10 75 74 -16 3 37 19

0 28 83 74 -19 6 27 25

0 63 99 94 -18 21 39 40

0 25 94 9 -12 27 44 7

0 37 84 30 -6 0 28 23

0 16 76 55 -10 17 36 30

0 18 47 79 -10 11 22 14

0 14 41 74 -14 22 26 32

0 41 50 79 -11 16 19 15

0 13 64 3 -1 6 30 27

0 1 99 29 -20 1 8 11

0 11 47 27 -5 4 13 44

0 55 57 60 -2 15 49 30

0 64 96 28 -14 1 2 37

0 25 99 80 -4 0 49 39

0 48 53 1 -4 12 13 26

0 20 85 58 -13 19 22 38

0 64 90 91 -16 22 37 43

0 33 54 10 -15 16 35 41

0 76 92 56 -18 34 35 24

0 17 34 27 -14 8 23 21

0 53 55 25 -14 8 13 44

0 53 81 2 -11 34 47 0

0 4 28 71 -15 7 29 5

0 15 31 35 -19 15 49 14

0 40 49 93 -6 18 19 41

0 5 95 2 -16 17 30 16

0 4 79 33 -4 17 19 30

0 73 78 20 -3 25 37 40

0 7 10 62 -4 33 48 20

0 57 85 59 -12 30 36 47

0 8 24 19 -16 1 6 22

0 1 45 70 -4 10 48 1

0 13 45 69 -11 18 19 44

0 10 20 81 -14 35 43 17

0 16 45 9 -14 40 41 6

0 27 49 84 -9 9 45 42

0 8 9 54 -1 17 29 4

0 65 95 73 -2 40 44 27

0 1 45 60 -8 5 45 37

0 4 15 42 -11 11 17 25

0 14 62 73 -14 2 22 35

0 3 4 38 -7 35 38 39

0 49 55 11 -9 25 27 8

0 5 30 41 -10 20 38 11

0 20 39 6 -15 18 28 31

0 2 8 33 -19 8 13 44

0 10 12 24 -1 24 33 22

0 0 1 41 -20 20 33 35

0 0 2 98 -7 35 37 11

0 5 32 68 -14 37 39 0

0 0 10 56 -20 17 32 3

0 27 37 20 -12 14 35 47

0 12 18 90 -1 0 3 40

0 5 24 54 -5 30 42 44

0 3 6 36 -14 7 42 38

0 1 22 16 -4 21 37 37

0 2 9 99 -18 8 26 38

0 1 2 50 -13 2 23 5

0 19 24 88 -3 1 48 28

0 8 18 49 -2 10 15 44

0 2 3 14 -20 1 8 25

0 0 3 82 -18 17 35 46

0 0 14 24 -13 21 42 23

0 1 5 63 -6 12 22 1

0 6 8 1 -16 4 10 34

0 14 45 9 -16 22 49 13

0 13 14 11 -1 15 20 31


SAlphaB: 681.0, std-dev 273.80974861086196

Earliest win: 37
Latest win: 81

WinDepth:
0 0 0 0 0 0 0 0 0 0 0 0 0 0 0 0 0 0 0 0 0 0 0 0 0 0 0 0 0 0 0 0 0 0 0 0 0 3 0 10 0 9 3 6 1 16 9 41 21 47 59 227 77 120 108 152 101 170 150 150 170 198 212 271 330 324 398 350 426 376 480 487 444 386 455 364 308 245 199 126 107 98 
SAlphaB:
0 0 0 0 0 0 0 0 0 0 0 0 0 0 0 0 0 0 0 0 0 0 0 0 0 0 0 0 0 0 0 0 0 0 0 0 0 3 0 10 0 9 3 6 1 16 9 41 21 47 59 227 77 120 108 152 101 170 150 150 170 198 212 271 330 324 398 350 426 376 480 487 444 386 455 364 308 245 199 126 107 98 

LossDepth:
SAlphaB:
0 0 0 0 0 0 0 0 0 0 0 0 0 0 0 0 0 0 0 0 0 0 0 0 0 0 0 0 0 0 0 0 0 0 0 0 0 3 0 10 0 9 3 6 1 16 9 41 21 47 59 227 77 120 108 152 101 170 150 150 170 198 212 271 330 324 398 350 426 376 480 487 444 386 455 364 308 245 199 126 107 98 

FirstWin:
0 0 0 0 0 0 0 0 0 0 0 0 0 0 0 0 0 0 0 0 0 0 0 0 0 0 0 0 0 0 0 0 0 0 0 0 0 3 0 10 0 9 0 6 0 16 0 41 0 47 0 227 0 120 0 152 0 170 0 150 0 198 0 271 0 324 0 350 0 376 0 487 0 386 0 364 0 245 0 126 0 98 
SAlphaB:
0 0 0 0 0 0 0 0 0 0 0 0 0 0 0 0 0 0 0 0 0 0 0 0 0 0 0 0 0 0 0 0 0 0 0 0 0 3 0 10 0 9 0 6 0 16 0 41 0 47 0 227 0 120 0 152 0 170 0 150 0 198 0 271 0 324 0 350 0 376 0 487 0 386 0 364 0 245 0 126 0 98 

SecondWin:
0 0 0 0 0 0 0 0 0 0 0 0 0 0 0 0 0 0 0 0 0 0 0 0 0 0 0 0 0 0 0 0 0 0 0 0 0 0 0 0 0 0 3 0 1 0 9 0 21 0 59 0 77 0 108 0 101 0 150 0 170 0 212 0 330 0 398 0 426 0 480 0 444 0 455 0 308 0 199 0 107 0 
SAlphaB:
0 0 0 0 0 0 0 0 0 0 0 0 0 0 0 0 0 0 0 0 0 0 0 0 0 0 0 0 0 0 0 0 0 0 0 0 0 0 0 0 0 0 3 0 1 0 9 0 21 0 59 0 77 0 108 0 101 0 150 0 170 0 212 0 330 0 398 0 426 0 480 0 444 0 455 0 308 0 199 0 107 0 
