0 13 57 55 -8 0 3 9

0 31 97 63 -20 4 17 37

0 57 75 44 -3 17 44 11

0 11 30 71 -5 2 3 6

0 21 68 86 -14 29 43 24

0 11 83 87 -7 3 4 4

0 39 95 23 -18 13 40 47

0 50 90 45 -10 13 33 14

0 35 80 73 -14 4 6 2

0 61 79 43 -16 2 8 47

0 35 96 67 -11 13 39 9

0 19 53 71 -14 4 17 12

0 62 70 18 -13 1 14 13

0 56 64 48 -20 0 26 40

0 10 34 37 -3 5 12 0

0 39 60 85 -20 31 48 4

0 41 66 40 -20 10 31 15

0 16 81 44 -18 14 26 21

0 44 86 57 -19 1 19 43

0 5 51 25 -17 0 2 9

0 17 59 16 -17 3 7 29

0 2 90 27 -7 0 12 2

0 52 68 78 -16 9 31 27

0 1 31 80 -7 5 17 15

0 72 77 19 -7 9 44 35

0 31 33 78 -8 39 44 39

0 17 18 87 -3 0 1 6

0 45 54 96 -6 11 18 5

0 22 45 83 -15 1 2 39

0 34 37 22 -16 47 49 41

0 22 97 62 -8 15 19 18

0 23 61 76 -11 28 41 38

0 19 69 6 -18 2 27 13

0 45 68 56 -19 14 40 32

0 54 63 56 -18 14 15 5

0 19 32 82 -2 9 29 34

0 69 99 57 -8 3 4 44

0 59 62 92 -18 0 18 45

0 42 66 31 -16 23 35 30

0 1 37 59 -8 10 26 16

0 26 33 13 -17 1 18 23

0 12 52 10 -14 14 17 29

0 9 37 17 -10 8 18 11

0 10 37 66 -11 0 7 40

0 41 65 51 -3 30 47 40

0 17 36 92 -19 8 12 25

0 69 70 61 -12 14 18 24

0 22 62 27 -8 4 33 33

0 45 77 27 -19 20 25 32

0 2 28 71 -17 0 11 12

0 12 28 18 -13 0 2 47

0 5 50 30 -12 19 38 20

0 54 94 53 -6 28 31 20

0 71 98 0 -13 24 33 37

0 17 59 89 -9 3 34 32

0 6 68 60 -14 0 1 28

0 7 58 21 -13 8 31 18

0 37 48 25 -20 18 24 28

0 47 51 25 -6 3 5 46

0 26 55 76 -14 10 33 19

0 69 72 27 -10 36 47 25

0 5 44 52 -15 17 35 21

0 7 23 91 -3 0 1 42

0 14 49 31 -17 3 32 47

0 25 31 26 -14 1 8 29

0 7 31 10 -1 23 30 9

0 6 50 14 -10 16 27 46

0 8 59 7 -17 24 34 41

0 0 38 18 -16 29 43 44

0 22 58 36 -1 0 13 41

0 15 41 90 -3 0 10 33

0 16 24 41 -4 2 29 13

0 8 44 84 -19 3 6 49

0 12 30 27 -9 6 7 0

0 30 95 77 -19 26 35 6

0 0 35 62 -20 3 39 26

0 3 4 48 -16 24 27 15

0 5 29 68 -10 6 17 43

0 7 22 64 -18 16 36 27

0 2 16 0 -15 15 41 29

0 1 57 37 -2 11 27 47

0 12 15 31 -15 1 28 23

0 3 28 62 -19 10 12 36

0 69 85 39 -4 39 41 22

0 14 32 84 -7 18 43 4

0 18 31 84 -2 1 32 32

0 10 35 59 -2 13 30 45

0 10 17 22 -15 23 33 22

0 6 22 11 -15 1 11 34

0 9 27 93 -4 0 28 48

0 32 57 1 -5 28 40 0

0 0 11 54 -1 1 25 28

0 2 5 38 -8 1 45 3

0 0 2 26 -2 1 2 43

0 6 7 3 -11 9 15 36

0 11 28 97 -11 7 8 43

0 5 12 68 -7 4 23 38

0 2 4 57 -9 12 36 20

0 1 2 45 -18 14 32 7

0 4 6 42 -3 35 42 1


SAlphaB: 681.0, std-dev 258.71218964460695

Earliest win: 36
Latest win: 81

WinDepth:
0 0 0 0 0 0 0 0 0 0 0 0 0 0 0 0 0 0 0 0 0 0 0 0 0 0 0 0 0 0 0 0 0 0 0 0 2 10 0 3 0 1 5 15 19 18 24 37 41 78 76 188 86 104 108 235 122 200 128 190 189 251 219 388 329 372 363 366 410 395 429 393 435 379 422 365 284 226 177 138 93 71 
SAlphaB:
0 0 0 0 0 0 0 0 0 0 0 0 0 0 0 0 0 0 0 0 0 0 0 0 0 0 0 0 0 0 0 0 0 0 0 0 2 10 0 3 0 1 5 15 19 18 24 37 41 78 76 188 86 104 108 235 122 200 128 190 189 251 219 388 329 372 363 366 410 395 429 393 435 379 422 365 284 226 177 138 93 71 

LossDepth:
SAlphaB:
0 0 0 0 0 0 0 0 0 0 0 0 0 0 0 0 0 0 0 0 0 0 0 0 0 0 0 0 0 0 0 0 0 0 0 0 2 10 0 3 0 1 5 15 19 18 24 37 41 78 76 188 86 104 108 235 122 200 128 190 189 251 219 388 329 372 363 366 410 395 429 393 435 379 422 365 284 226 177 138 93 71 

FirstWin:
0 0 0 0 0 0 0 0 0 0 0 0 0 0 0 0 0 0 0 0 0 0 0 0 0 0 0 0 0 0 0 0 0 0 0 0 0 10 0 3 0 1 0 15 0 18 0 37 0 78 0 188 0 104 0 235 0 200 0 190 0 251 0 388 0 372 0 366 0 395 0 393 0 379 0 365 0 226 0 138 0 71 
SAlphaB:
0 0 0 0 0 0 0 0 0 0 0 0 0 0 0 0 0 0 0 0 0 0 0 0 0 0 0 0 0 0 0 0 0 0 0 0 0 10 0 3 0 1 0 15 0 18 0 37 0 78 0 188 0 104 0 235 0 200 0 190 0 251 0 388 0 372 0 366 0 395 0 393 0 379 0 365 0 226 0 138 0 71 

SecondWin:
0 0 0 0 0 0 0 0 0 0 0 0 0 0 0 0 0 0 0 0 0 0 0 0 0 0 0 0 0 0 0 0 0 0 0 0 2 0 0 0 0 0 5 0 19 0 24 0 41 0 76 0 86 0 108 0 122 0 128 0 189 0 219 0 329 0 363 0 410 0 429 0 435 0 422 0 284 0 177 0 93 0 
SAlphaB:
0 0 0 0 0 0 0 0 0 0 0 0 0 0 0 0 0 0 0 0 0 0 0 0 0 0 0 0 0 0 0 0 0 0 0 0 2 0 0 0 0 0 5 0 19 0 24 0 41 0 76 0 86 0 108 0 122 0 128 0 189 0 219 0 329 0 363 0 410 0 429 0 435 0 422 0 284 0 177 0 93 0 
