0 44 77 11 -16 3 9 26

0 30 99 48 -16 1 3 8

0 10 70 6 -2 1 5 3

0 36 46 71 -11 5 17 12

0 42 96 10 -3 0 9 10

0 27 74 92 -1 3 22 2

0 60 88 34 -12 1 3 12

0 33 61 28 -1 7 25 2

0 44 77 66 -10 2 15 2

0 36 75 87 -18 0 1 19

0 72 79 99 -7 3 12 3

0 55 96 14 -5 11 27 24

0 58 98 75 -14 14 25 2

0 36 85 35 -3 7 8 13

0 69 78 73 -7 13 40 48

0 34 84 23 -7 0 1 2

0 32 60 22 -5 5 13 24

0 51 94 90 -12 3 24 40

0 43 71 67 -17 6 15 18

0 36 84 78 -7 11 24 10

0 19 76 10 -1 3 9 15

0 45 63 57 -19 7 22 2

0 83 94 90 -7 17 48 2

0 51 85 36 -2 5 10 11

0 57 76 18 -7 8 27 20

0 20 40 52 -17 0 1 11

0 35 91 27 -3 6 23 39

0 50 85 21 -1 15 45 28

0 53 79 12 -10 1 18 21

0 17 74 51 -8 0 13 19

0 77 87 90 -20 5 10 16

0 35 39 51 -19 0 2 10

0 19 54 19 -5 1 4 12

0 75 96 95 -19 1 4 10

0 35 97 20 -5 5 6 34

0 53 75 17 -9 2 12 27

0 13 80 27 -10 1 11 20

0 4 81 35 -4 2 3 16

0 58 88 21 -10 12 16 35

0 67 99 62 -15 1 2 4

0 39 79 47 -20 4 12 44

0 63 85 23 -18 1 7 14

0 34 74 53 -1 7 27 1

0 26 80 44 -5 1 26 2

0 37 79 7 -9 1 11 9

0 54 75 82 -9 13 14 13

0 21 25 21 -12 1 11 1

0 35 77 82 -20 5 15 9

0 41 75 62 -20 6 12 22

0 40 96 49 -4 10 32 17

0 37 81 54 -5 10 25 6

0 32 71 57 -3 14 34 3

0 5 50 55 -11 3 6 8

0 84 97 57 -2 1 5 4

0 9 69 11 -5 1 3 14

0 30 91 52 -4 0 3 8

0 29 50 56 -4 5 23 11

0 42 57 22 -1 16 25 27

0 50 91 36 -12 18 48 24

0 14 97 64 -12 0 1 2

0 41 73 52 -4 6 24 1

0 17 22 34 -7 1 6 13

0 31 32 68 -19 6 14 15

0 67 84 0 -20 8 30 23

0 33 37 18 -8 4 7 10

0 14 51 26 -9 1 12 1

0 23 50 5 -19 0 3 34

0 44 83 13 -19 2 11 9

0 68 77 0 -7 3 20 12

0 44 58 89 -10 2 22 38

0 70 76 42 -5 10 27 25

0 26 41 14 -16 1 6 8

0 54 71 82 -11 2 28 16

0 21 95 20 -9 6 7 10

0 26 70 13 -4 2 8 28

0 39 47 86 -8 0 3 16

0 60 77 50 -3 2 4 8

0 61 86 29 -12 11 20 32

0 53 98 59 -12 7 38 39

0 25 89 68 -3 6 20 30

0 33 96 99 -13 0 2 9

0 72 93 57 -1 1 3 15

0 33 93 96 -10 11 19 15

0 59 75 32 -18 3 12 18

0 16 93 83 -19 1 4 40

0 31 92 92 -13 13 38 13

0 72 97 57 -1 7 12 27

0 49 75 22 -3 13 38 20

0 27 97 26 -8 2 34 16

0 39 77 93 -11 16 41 28

0 61 83 42 -13 7 8 1

0 2 93 81 -15 24 35 16

0 7 34 18 -10 17 21 20

0 38 73 42 -11 0 15 38

0 51 79 54 -8 1 6 40

0 1 23 98 -5 7 14 0

0 10 11 10 -5 9 10 2

0 25 95 81 -11 5 7 39

0 38 70 75 -14 6 8 38

0 6 92 94 -20 2 17 13


SAlphaB: 768.0, std-dev 279.66420385739735

Earliest win: 35
Latest win: 81

WinDepth:
0 0 0 0 0 0 0 0 0 0 0 0 0 0 0 0 0 0 0 0 0 0 0 0 0 0 0 0 0 0 0 0 0 0 0 5 0 6 9 21 6 38 14 31 38 75 50 190 64 169 169 288 147 353 211 436 399 636 351 535 497 672 626 822 770 944 842 946 907 954 985 926 890 845 901 737 648 497 394 301 197 126 
SAlphaB:
0 0 0 0 0 0 0 0 0 0 0 0 0 0 0 0 0 0 0 0 0 0 0 0 0 0 0 0 0 0 0 0 0 0 0 5 0 6 9 21 6 38 14 31 38 75 50 190 64 169 169 288 147 353 211 436 399 636 351 535 497 672 626 822 770 944 842 946 907 954 985 926 890 845 901 737 648 497 394 301 197 126 

LossDepth:
SAlphaB:
0 0 0 0 0 0 0 0 0 0 0 0 0 0 0 0 0 0 0 0 0 0 0 0 0 0 0 0 0 0 0 0 0 0 0 5 0 4 6 12 1 23 3 21 23 47 29 76 51 118 117 145 105 196 157 251 237 367 238 327 303 449 413 612 537 680 621 761 679 770 723 791 692 723 677 643 496 422 315 270 205 156 

FirstWin:
0 0 0 0 0 0 0 0 0 0 0 0 0 0 0 0 0 0 0 0 0 0 0 0 0 0 0 0 0 0 0 0 0 0 0 5 0 6 0 21 0 38 0 31 0 75 0 190 0 169 0 288 0 353 0 436 0 636 0 535 0 672 0 822 0 944 0 946 0 954 0 926 0 845 0 737 0 497 0 301 0 126 
SAlphaB:
0 0 0 0 0 0 0 0 0 0 0 0 0 0 0 0 0 0 0 0 0 0 0 0 0 0 0 0 0 0 0 0 0 0 0 5 0 6 0 21 0 38 0 31 0 75 0 190 0 169 0 288 0 353 0 436 0 636 0 535 0 672 0 822 0 944 0 946 0 954 0 926 0 845 0 737 0 497 0 301 0 126 

SecondWin:
0 0 0 0 0 0 0 0 0 0 0 0 0 0 0 0 0 0 0 0 0 0 0 0 0 0 0 0 0 0 0 0 0 0 0 0 0 0 9 0 6 0 14 0 38 0 50 0 64 0 169 0 147 0 211 0 399 0 351 0 497 0 626 0 770 0 842 0 907 0 985 0 890 0 901 0 648 0 394 0 197 0 
SAlphaB:
0 0 0 0 0 0 0 0 0 0 0 0 0 0 0 0 0 0 0 0 0 0 0 0 0 0 0 0 0 0 0 0 0 0 0 0 0 0 9 0 6 0 14 0 38 0 50 0 64 0 169 0 147 0 211 0 399 0 351 0 497 0 626 0 770 0 842 0 907 0 985 0 890 0 901 0 648 0 394 0 197 0 
