0 36 84 78 -7 11 24 10

0 60 88 34 -12 1 3 12

0 36 75 87 -18 0 1 19

0 36 46 71 -11 5 17 12

0 84 97 57 -2 1 5 4

0 77 87 90 -20 5 10 16

0 44 83 13 -19 2 11 9

0 21 25 21 -12 1 11 1

0 72 97 57 -1 7 12 27

0 41 75 62 -20 6 12 22

0 23 44 65 -15 1 5 22

0 51 62 74 -12 0 1 11

0 49 54 86 -19 4 17 29

0 32 54 74 -20 0 9 26

0 33 67 57 -1 8 28 20

0 43 88 96 -19 29 45 8

0 51 85 62 -5 12 23 4

0 53 73 53 -10 1 2 10

0 11 26 0 -8 1 3 18

0 52 99 21 -9 5 7 15

0 81 86 13 -18 9 10 1

0 39 46 81 -19 24 26 28

0 21 71 54 -6 3 13 34

0 19 51 27 -17 2 4 41

0 7 69 6 -18 5 15 5

0 74 75 28 -16 23 29 33

0 36 39 86 -6 6 38 0

0 0 89 92 -12 23 36 20

0 8 11 57 -6 13 16 15

0 42 50 4 -15 5 32 30

0 50 52 58 -13 15 20 22

0 51 62 48 -14 5 34 24

0 25 72 21 -18 20 31 41

0 26 45 69 -5 3 4 37

0 43 63 53 -7 10 39 29

0 45 98 60 -11 38 43 9

0 43 62 86 -9 2 21 35

0 31 33 33 -1 2 5 20

0 3 80 1 -9 0 1 5

0 48 55 25 -4 15 39 9

0 23 48 33 -6 24 32 17

0 9 18 76 -3 3 6 14

0 18 94 60 -18 30 39 19

0 29 62 65 -12 9 20 19

0 24 40 57 -20 3 16 23

0 41 61 98 -1 4 33 41

0 57 77 55 -4 11 15 46

0 24 74 42 -15 28 36 48

0 9 38 87 -1 3 9 28

0 68 71 1 -4 2 9 44

0 57 80 56 -5 21 27 49

0 25 46 85 -14 10 16 45

0 2 48 70 -7 7 31 10

0 41 90 9 -16 41 48 9

0 32 64 97 -2 37 41 49

0 2 69 34 -4 1 29 14

0 39 42 56 -15 11 30 14

0 36 48 39 -10 26 32 35

0 14 82 10 -19 8 28 24

0 31 34 52 -2 28 30 22

0 25 58 67 -13 9 33 4

0 13 39 77 -13 4 6 49

0 3 35 74 -5 30 35 40

0 8 74 60 -5 2 11 42

0 28 58 10 -18 1 22 18

0 24 68 5 -12 21 35 47

0 15 25 83 -3 0 21 6

0 3 38 35 -8 11 27 41

0 48 49 14 -11 33 47 10

0 13 34 92 -4 11 38 38

0 21 69 31 -11 19 33 35

0 26 40 25 -20 29 34 3

0 9 24 42 -4 25 48 28

0 38 63 25 -12 25 37 49

0 15 49 94 -13 7 27 47

0 10 24 77 -5 14 17 7

0 23 24 43 -17 29 37 23

0 21 26 93 -13 6 47 27

0 67 83 56 -12 33 36 47

0 7 40 11 -9 6 26 16

0 0 1 57 -10 25 33 18

0 29 61 75 -1 0 2 36

0 2 12 81 -14 22 40 4

0 27 34 3 -13 24 44 44

0 42 55 98 -6 40 48 48

0 9 57 23 -7 6 26 34

0 2 6 71 -15 12 25 16

0 18 23 34 -4 2 3 42

0 4 7 92 -20 32 38 16

0 4 8 7 -11 6 22 8

0 0 2 22 -15 19 28 41

0 15 27 27 -2 32 39 42

0 12 42 4 -10 38 47 34

0 0 18 35 -16 8 49 40

0 0 9 99 -14 1 13 44

0 3 49 3 -18 3 17 46

0 2 5 37 -5 27 28 39

0 0 9 36 -20 26 39 11

0 0 47 85 -11 1 38 46

0 2 42 82 -5 6 34 46


SAlphaB: 705.0, std-dev 261.5083240268912

Earliest win: 36
Latest win: 81

WinDepth:
0 0 0 0 0 0 0 0 0 0 0 0 0 0 0 0 0 0 0 0 0 0 0 0 0 0 0 0 0 0 0 0 0 0 0 0 1 3 0 8 13 6 4 18 14 16 20 28 18 62 75 124 76 92 90 187 116 186 123 190 189 231 240 298 336 397 405 357 482 373 428 458 429 382 407 385 253 248 215 134 120 73 
SAlphaB:
0 0 0 0 0 0 0 0 0 0 0 0 0 0 0 0 0 0 0 0 0 0 0 0 0 0 0 0 0 0 0 0 0 0 0 0 1 3 0 8 13 6 4 18 14 16 20 28 18 62 75 124 76 92 90 187 116 186 123 190 189 231 240 298 336 397 405 357 482 373 428 458 429 382 407 385 253 248 215 134 120 73 

LossDepth:
SAlphaB:
0 0 0 0 0 0 0 0 0 0 0 0 0 0 0 0 0 0 0 0 0 0 0 0 0 0 0 0 0 0 0 0 0 0 0 0 1 3 0 8 13 6 4 18 14 16 20 28 18 62 75 124 76 92 90 187 116 186 123 190 189 231 240 298 336 397 405 357 482 373 428 458 429 382 407 385 253 248 215 134 120 73 

FirstWin:
0 0 0 0 0 0 0 0 0 0 0 0 0 0 0 0 0 0 0 0 0 0 0 0 0 0 0 0 0 0 0 0 0 0 0 0 0 3 0 8 0 6 0 18 0 16 0 28 0 62 0 124 0 92 0 187 0 186 0 190 0 231 0 298 0 397 0 357 0 373 0 458 0 382 0 385 0 248 0 134 0 73 
SAlphaB:
0 0 0 0 0 0 0 0 0 0 0 0 0 0 0 0 0 0 0 0 0 0 0 0 0 0 0 0 0 0 0 0 0 0 0 0 0 3 0 8 0 6 0 18 0 16 0 28 0 62 0 124 0 92 0 187 0 186 0 190 0 231 0 298 0 397 0 357 0 373 0 458 0 382 0 385 0 248 0 134 0 73 

SecondWin:
0 0 0 0 0 0 0 0 0 0 0 0 0 0 0 0 0 0 0 0 0 0 0 0 0 0 0 0 0 0 0 0 0 0 0 0 1 0 0 0 13 0 4 0 14 0 20 0 18 0 75 0 76 0 90 0 116 0 123 0 189 0 240 0 336 0 405 0 482 0 428 0 429 0 407 0 253 0 215 0 120 0 
SAlphaB:
0 0 0 0 0 0 0 0 0 0 0 0 0 0 0 0 0 0 0 0 0 0 0 0 0 0 0 0 0 0 0 0 0 0 0 0 1 0 0 0 13 0 4 0 14 0 20 0 18 0 75 0 76 0 90 0 116 0 123 0 189 0 240 0 336 0 405 0 482 0 428 0 429 0 407 0 253 0 215 0 120 0 
