0 35 77 82 -20 5 15 9

0 27 74 92 -1 3 22 2

0 25 89 68 -3 6 20 30

0 23 50 5 -19 0 3 34

0 29 50 56 -4 5 23 11

0 35 39 51 -19 0 2 10

0 38 73 42 -11 0 15 38

0 44 77 66 -10 2 15 2

0 20 40 52 -17 0 1 11

0 30 91 52 -4 0 3 8

0 32 93 22 -15 20 46 22

0 37 58 28 -1 1 15 13

0 44 56 71 -10 7 25 29

0 13 36 43 -12 1 3 12

0 53 66 90 -1 9 30 41

0 82 98 87 -13 3 4 0

0 37 88 94 -19 0 11 26

0 10 79 46 -7 24 32 18

0 1 74 87 -16 17 28 33

0 40 46 92 -10 16 33 36

0 7 55 36 -15 0 1 21

0 19 27 77 -18 0 1 43

0 95 98 28 -3 18 33 39

0 78 81 51 -10 10 34 25

0 21 55 60 -17 1 3 42

0 38 49 36 -14 12 24 0

0 31 68 71 -12 18 47 6

0 58 86 59 -16 17 21 18

0 29 89 53 -17 0 11 45

0 3 81 97 -18 12 13 36

0 34 58 24 -5 8 16 49

0 5 81 89 -9 2 22 7

0 21 34 64 -2 9 10 17

0 16 65 97 -6 4 17 36

0 25 77 75 -11 21 34 24

0 24 61 57 -6 6 7 47

0 33 65 51 -5 1 8 34

0 85 89 29 -16 4 16 43

0 20 29 25 -7 25 31 4

0 23 47 76 -13 8 12 1

0 92 98 21 -15 16 19 38

0 10 39 88 -14 15 24 28

0 21 87 53 -1 18 32 5

0 27 83 39 -17 20 22 42

0 49 93 86 -14 26 46 24

0 58 64 53 -17 32 43 18

0 28 30 39 -4 40 43 13

0 14 16 34 -15 19 25 23

0 40 49 25 -4 15 40 45

0 67 82 61 -2 21 24 36

0 42 46 69 -20 13 32 43

0 9 42 98 -2 1 15 15

0 16 17 35 -8 15 30 14

0 1 15 8 -17 0 1 13

0 20 35 93 -13 22 37 37

0 20 63 10 -3 33 43 22

0 1 37 55 -20 20 44 16

0 0 1 95 -11 3 9 12

0 24 91 49 -9 34 41 22

0 72 77 26 -20 0 1 48

0 1 14 69 -13 2 3 20

0 4 16 50 -14 36 38 14

0 51 56 17 -8 12 24 29

0 12 13 93 -10 14 21 9

0 30 33 82 -12 17 37 22

0 12 48 3 -12 12 27 38

0 11 12 13 -15 0 35 11

0 3 9 83 -12 17 19 26

0 7 23 56 -6 7 18 26

0 21 55 14 -1 22 34 28

0 24 88 94 -7 37 38 35

0 46 47 72 -7 21 26 40

0 1 46 67 -4 11 44 6

0 48 76 79 -17 21 32 35

0 58 65 73 -6 29 44 18

0 0 8 76 -18 27 47 36

0 12 20 8 -6 18 40 15

0 1 10 9 -12 1 2 13

0 23 99 0 -20 29 49 44

0 10 32 57 -6 2 4 41

0 16 50 66 -15 6 29 36

0 14 76 27 -13 3 44 46

0 1 51 34 -9 10 19 49

0 17 19 41 -16 19 45 35

0 4 8 84 -10 24 31 43

0 17 58 22 -17 15 16 46

0 9 21 26 -19 28 31 2

0 0 23 9 -20 21 37 27

0 1 2 85 -15 17 30 26

0 2 4 32 -15 32 41 38

0 0 5 49 -1 25 31 43

0 1 29 42 -3 4 35 38

0 10 13 99 -8 7 48 29

0 15 17 71 -3 2 20 34

0 6 9 63 -3 0 9 48

0 9 14 65 -5 15 28 37

0 0 5 91 -18 5 23 47

0 28 60 25 -9 22 25 37

0 1 16 49 -4 7 12 48

0 8 9 30 -10 3 15 45


SAlphaB: 702.0, std-dev 265.72251570677133

Earliest win: 35
Latest win: 81

WinDepth:
0 0 0 0 0 0 0 0 0 0 0 0 0 0 0 0 0 0 0 0 0 0 0 0 0 0 0 0 0 0 0 0 0 0 0 1 0 5 4 0 0 9 4 14 8 21 8 74 28 91 51 232 75 156 71 144 117 188 156 167 170 235 198 293 367 367 415 358 455 409 442 487 441 439 378 338 282 205 174 151 111 54 
SAlphaB:
0 0 0 0 0 0 0 0 0 0 0 0 0 0 0 0 0 0 0 0 0 0 0 0 0 0 0 0 0 0 0 0 0 0 0 1 0 5 4 0 0 9 4 14 8 21 8 74 28 91 51 232 75 156 71 144 117 188 156 167 170 235 198 293 367 367 415 358 455 409 442 487 441 439 378 338 282 205 174 151 111 54 

LossDepth:
SAlphaB:
0 0 0 0 0 0 0 0 0 0 0 0 0 0 0 0 0 0 0 0 0 0 0 0 0 0 0 0 0 0 0 0 0 0 0 1 0 5 4 0 0 9 4 14 8 21 8 74 28 91 51 232 75 156 71 144 117 188 156 167 170 235 198 293 367 367 415 358 455 409 442 487 441 439 378 338 282 205 174 151 111 54 

FirstWin:
0 0 0 0 0 0 0 0 0 0 0 0 0 0 0 0 0 0 0 0 0 0 0 0 0 0 0 0 0 0 0 0 0 0 0 1 0 5 0 0 0 9 0 14 0 21 0 74 0 91 0 232 0 156 0 144 0 188 0 167 0 235 0 293 0 367 0 358 0 409 0 487 0 439 0 338 0 205 0 151 0 54 
SAlphaB:
0 0 0 0 0 0 0 0 0 0 0 0 0 0 0 0 0 0 0 0 0 0 0 0 0 0 0 0 0 0 0 0 0 0 0 1 0 5 0 0 0 9 0 14 0 21 0 74 0 91 0 232 0 156 0 144 0 188 0 167 0 235 0 293 0 367 0 358 0 409 0 487 0 439 0 338 0 205 0 151 0 54 

SecondWin:
0 0 0 0 0 0 0 0 0 0 0 0 0 0 0 0 0 0 0 0 0 0 0 0 0 0 0 0 0 0 0 0 0 0 0 0 0 0 4 0 0 0 4 0 8 0 8 0 28 0 51 0 75 0 71 0 117 0 156 0 170 0 198 0 367 0 415 0 455 0 442 0 441 0 378 0 282 0 174 0 111 0 
SAlphaB:
0 0 0 0 0 0 0 0 0 0 0 0 0 0 0 0 0 0 0 0 0 0 0 0 0 0 0 0 0 0 0 0 0 0 0 0 0 0 4 0 0 0 4 0 8 0 8 0 28 0 51 0 75 0 71 0 117 0 156 0 170 0 198 0 367 0 415 0 455 0 442 0 441 0 378 0 282 0 174 0 111 0 
