0 33 61 28 -1 7 25 2

0 17 74 51 -8 0 13 19

0 14 97 64 -12 0 1 2

0 17 22 34 -7 1 6 13

0 38 70 75 -14 6 8 38

0 60 77 50 -3 2 4 8

0 54 71 82 -11 2 28 16

0 58 88 21 -10 12 16 35

0 36 85 35 -3 7 8 13

0 61 86 29 -12 11 20 32

0 12 47 38 -17 0 3 22

0 30 72 72 -6 8 23 34

0 48 63 94 -16 1 7 9

0 47 77 63 -1 6 11 11

0 12 60 30 -4 1 17 26

0 3 91 88 -8 27 40 22

0 23 35 27 -9 26 30 10

0 71 82 48 -3 10 17 20

0 31 79 62 -14 9 19 1

0 53 77 86 -15 0 7 0

0 90 98 34 -10 10 14 3

0 0 62 47 -12 4 9 14

0 35 49 63 -17 15 21 12

0 14 24 15 -12 0 1 27

0 16 91 27 -7 8 15 44

0 21 61 28 -18 2 13 34

0 0 23 77 -15 3 8 18

0 47 61 37 -5 7 17 17

0 58 70 70 -10 10 40 3

0 40 55 78 -4 12 33 47

0 36 99 89 -15 23 34 44

0 18 22 94 -16 23 28 18

0 29 48 77 -19 15 48 16

0 40 62 59 -5 13 20 23

0 66 92 56 -3 2 9 35

0 63 97 64 -18 18 48 27

0 36 50 47 -12 12 42 20

0 1 90 16 -16 17 19 13

0 9 53 3 -9 15 18 18

0 22 61 46 -14 7 12 30

0 7 98 8 -8 16 35 10

0 29 74 8 -11 20 28 5

0 20 38 81 -11 0 21 30

0 15 47 73 -18 1 6 44

0 8 38 12 -11 24 38 9

0 18 35 47 -6 14 31 10

0 32 36 14 -9 41 47 33

0 66 72 83 -5 6 18 47

0 38 45 8 -1 11 42 45

0 12 29 33 -10 2 4 31

0 16 67 33 -15 10 48 4

0 45 73 3 -12 3 42 23

0 6 39 94 -3 17 21 45

0 64 91 53 -14 39 48 24

0 12 83 78 -16 6 24 20

0 30 43 43 -12 44 49 38

0 27 76 39 -17 18 38 45

0 22 42 39 -10 21 38 12

0 17 24 21 -5 4 23 5

0 8 51 0 -14 22 25 26

0 25 45 85 -7 26 41 23

0 54 55 78 -19 15 25 48

0 29 35 23 -4 0 8 42

0 7 21 88 -18 8 13 35

0 29 30 52 -13 44 48 26

0 6 19 32 -3 15 27 15

0 2 14 34 -15 10 18 22

0 17 57 39 -9 9 21 19

0 71 90 65 -7 41 45 6

0 0 68 67 -1 7 8 28

0 15 20 80 -3 1 5 21

0 11 52 62 -15 1 24 22

0 8 15 60 -12 7 20 5

0 3 98 2 -18 0 1 42

0 19 43 17 -2 2 24 37

0 18 31 41 -15 1 12 29

0 30 46 68 -19 29 34 1

0 0 14 85 -16 33 39 17

0 2 33 92 -18 4 19 20

0 10 94 99 -6 10 45 29

0 5 98 70 -1 11 26 49

0 11 25 47 -18 9 13 34

0 5 10 18 -18 2 8 20

0 0 3 20 -8 19 47 6

0 4 7 72 -20 4 16 28

0 7 10 19 -18 0 26 48

0 1 12 88 -17 7 16 3

0 16 25 10 -12 8 35 39

0 28 29 54 -3 12 15 47

0 8 12 71 -16 2 36 32

0 20 27 10 -3 4 39 37

0 21 33 27 -1 1 41 13

0 12 20 8 -19 10 40 6

0 27 51 71 -1 16 48 17

0 9 19 71 -10 3 46 24

0 0 1 53 -17 7 40 15

0 9 21 75 -3 0 1 24

0 1 3 71 -5 0 4 33

0 1 5 31 -3 4 11 42

0 0 1 61 -16 10 47 41


SAlphaB: 707.0, std-dev 255.98911770588683

Earliest win: 37
Latest win: 81

WinDepth:
0 0 0 0 0 0 0 0 0 0 0 0 0 0 0 0 0 0 0 0 0 0 0 0 0 0 0 0 0 0 0 0 0 0 0 0 0 3 0 3 2 7 2 19 19 20 16 62 40 54 65 131 64 109 102 181 116 224 122 188 186 228 240 311 318 348 378 390 436 403 418 446 417 400 443 341 269 258 201 134 98 73 
SAlphaB:
0 0 0 0 0 0 0 0 0 0 0 0 0 0 0 0 0 0 0 0 0 0 0 0 0 0 0 0 0 0 0 0 0 0 0 0 0 3 0 3 2 7 2 19 19 20 16 62 40 54 65 131 64 109 102 181 116 224 122 188 186 228 240 311 318 348 378 390 436 403 418 446 417 400 443 341 269 258 201 134 98 73 

LossDepth:
SAlphaB:
0 0 0 0 0 0 0 0 0 0 0 0 0 0 0 0 0 0 0 0 0 0 0 0 0 0 0 0 0 0 0 0 0 0 0 0 0 3 0 3 2 7 2 19 19 20 16 62 40 54 65 131 64 109 102 181 116 224 122 188 186 228 240 311 318 348 378 390 436 403 418 446 417 400 443 341 269 258 201 134 98 73 

FirstWin:
0 0 0 0 0 0 0 0 0 0 0 0 0 0 0 0 0 0 0 0 0 0 0 0 0 0 0 0 0 0 0 0 0 0 0 0 0 3 0 3 0 7 0 19 0 20 0 62 0 54 0 131 0 109 0 181 0 224 0 188 0 228 0 311 0 348 0 390 0 403 0 446 0 400 0 341 0 258 0 134 0 73 
SAlphaB:
0 0 0 0 0 0 0 0 0 0 0 0 0 0 0 0 0 0 0 0 0 0 0 0 0 0 0 0 0 0 0 0 0 0 0 0 0 3 0 3 0 7 0 19 0 20 0 62 0 54 0 131 0 109 0 181 0 224 0 188 0 228 0 311 0 348 0 390 0 403 0 446 0 400 0 341 0 258 0 134 0 73 

SecondWin:
0 0 0 0 0 0 0 0 0 0 0 0 0 0 0 0 0 0 0 0 0 0 0 0 0 0 0 0 0 0 0 0 0 0 0 0 0 0 0 0 2 0 2 0 19 0 16 0 40 0 65 0 64 0 102 0 116 0 122 0 186 0 240 0 318 0 378 0 436 0 418 0 417 0 443 0 269 0 201 0 98 0 
SAlphaB:
0 0 0 0 0 0 0 0 0 0 0 0 0 0 0 0 0 0 0 0 0 0 0 0 0 0 0 0 0 0 0 0 0 0 0 0 0 0 0 0 2 0 2 0 19 0 16 0 40 0 65 0 64 0 102 0 116 0 122 0 186 0 240 0 318 0 378 0 436 0 418 0 417 0 443 0 269 0 201 0 98 0 
