0 31 92 92 -13 13 38 13

0 51 85 36 -2 5 10 11

0 44 77 11 -16 3 9 26

0 31 32 68 -19 6 14 15

0 53 79 12 -10 1 18 21

0 13 80 27 -10 1 11 20

0 10 70 6 -2 1 5 3

0 49 75 22 -3 13 38 20

0 43 71 67 -17 6 15 18

0 51 94 90 -12 3 24 40

0 20 89 30 -11 4 6 16

0 45 60 75 -2 1 3 23

0 21 97 10 -15 3 25 16

0 86 89 38 -17 5 35 11

0 36 93 41 -7 8 29 9

0 51 82 80 -18 33 40 34

0 74 77 26 -4 15 46 25

0 9 59 27 -3 18 45 1

0 21 54 32 -12 0 1 1

0 63 85 61 -14 15 19 31

0 5 18 11 -8 0 5 12

0 57 68 66 -12 6 12 48

0 6 72 1 -19 2 13 21

0 73 75 33 -17 5 14 45

0 71 76 30 -18 32 39 37

0 69 95 90 -17 25 29 23

0 7 71 96 -3 3 9 4

0 22 66 58 -6 15 44 11

0 12 52 60 -4 14 43 2

0 66 89 74 -15 29 34 30

0 21 80 36 -3 15 31 21

0 75 93 85 -7 20 36 41

0 8 56 93 -18 6 10 19

0 8 70 2 -10 2 6 26

0 2 54 78 -2 7 13 1

0 22 67 95 -5 5 7 29

0 29 52 12 -20 4 12 16

0 59 65 61 -15 34 42 26

0 71 72 54 -6 0 2 17

0 0 65 89 -18 3 23 5

0 53 67 46 -8 8 21 43

0 43 86 31 -3 31 32 47

0 49 55 14 -13 9 23 44

0 18 79 36 -14 6 44 29

0 14 44 45 -20 7 24 42

0 41 79 2 -14 10 15 2

0 74 83 20 -4 0 12 19

0 3 26 62 -6 18 20 1

0 45 66 39 -3 0 1 13

0 21 94 71 -10 18 22 28

0 12 28 3 -6 13 20 25

0 5 97 4 -18 13 16 29

0 7 28 44 -20 1 11 26

0 48 71 4 -7 29 35 37

0 1 70 2 -19 16 35 39

0 46 97 9 -17 4 37 3

0 42 70 68 -17 38 39 34

0 18 85 99 -20 19 22 11

0 48 63 75 -2 1 6 43

0 19 49 88 -7 11 15 32

0 25 54 54 -13 1 43 37

0 30 48 26 -5 8 13 31

0 8 14 53 -7 0 3 31

0 11 19 41 -1 8 25 4

0 15 50 10 -3 5 41 30

0 2 14 63 -9 29 36 25

0 40 54 66 -10 0 1 39

0 9 42 54 -13 28 29 21

0 64 89 40 -9 39 46 12

0 15 27 84 -20 9 13 0

0 62 65 50 -1 3 10 47

0 30 33 64 -13 0 22 39

0 17 25 41 -1 31 40 42

0 5 34 98 -17 9 41 22

0 14 18 51 -16 5 6 48

0 38 79 2 -5 28 32 2

0 5 7 75 -19 15 41 33

0 6 7 31 -8 4 39 34

0 3 34 7 -1 17 43 9

0 6 19 43 -2 12 23 31

0 5 92 22 -12 8 16 46

0 45 74 68 -7 24 32 9

0 3 24 91 -8 31 49 15

0 2 8 57 -19 8 13 22

0 12 17 81 -8 4 29 30

0 5 10 27 -10 3 33 41

0 4 10 15 -2 30 35 8

0 35 42 30 -17 5 7 37

0 0 9 92 -11 29 34 7

0 5 18 34 -14 4 10 0

0 6 7 66 -20 3 13 40

0 0 2 41 -13 10 44 25

0 19 40 39 -6 1 49 41

0 7 11 21 -10 13 24 26

0 2 11 14 -18 4 20 47

0 2 4 90 -15 44 47 4

0 1 4 74 -2 0 1 35

0 2 20 97 -12 28 34 6

0 0 9 23 -4 7 8 32

0 1 3 45 -10 2 4 48


SAlphaB: 716.0, std-dev 268.09705944457556

Earliest win: 35
Latest win: 81

WinDepth:
0 0 0 0 0 0 0 0 0 0 0 0 0 0 0 0 0 0 0 0 0 0 0 0 0 0 0 0 0 0 0 0 0 0 0 1 0 6 0 5 2 4 1 15 25 23 36 58 38 55 102 127 86 117 114 224 117 180 138 204 189 228 281 377 311 377 396 357 412 403 416 438 420 358 426 323 256 230 185 151 97 82 
SAlphaB:
0 0 0 0 0 0 0 0 0 0 0 0 0 0 0 0 0 0 0 0 0 0 0 0 0 0 0 0 0 0 0 0 0 0 0 1 0 6 0 5 2 4 1 15 25 23 36 58 38 55 102 127 86 117 114 224 117 180 138 204 189 228 281 377 311 377 396 357 412 403 416 438 420 358 426 323 256 230 185 151 97 82 

LossDepth:
SAlphaB:
0 0 0 0 0 0 0 0 0 0 0 0 0 0 0 0 0 0 0 0 0 0 0 0 0 0 0 0 0 0 0 0 0 0 0 1 0 6 0 5 2 4 1 15 25 23 36 58 38 55 102 127 86 117 114 224 117 180 138 204 189 228 281 377 311 377 396 357 412 403 416 438 420 358 426 323 256 230 185 151 97 82 

FirstWin:
0 0 0 0 0 0 0 0 0 0 0 0 0 0 0 0 0 0 0 0 0 0 0 0 0 0 0 0 0 0 0 0 0 0 0 1 0 6 0 5 0 4 0 15 0 23 0 58 0 55 0 127 0 117 0 224 0 180 0 204 0 228 0 377 0 377 0 357 0 403 0 438 0 358 0 323 0 230 0 151 0 82 
SAlphaB:
0 0 0 0 0 0 0 0 0 0 0 0 0 0 0 0 0 0 0 0 0 0 0 0 0 0 0 0 0 0 0 0 0 0 0 1 0 6 0 5 0 4 0 15 0 23 0 58 0 55 0 127 0 117 0 224 0 180 0 204 0 228 0 377 0 377 0 357 0 403 0 438 0 358 0 323 0 230 0 151 0 82 

SecondWin:
0 0 0 0 0 0 0 0 0 0 0 0 0 0 0 0 0 0 0 0 0 0 0 0 0 0 0 0 0 0 0 0 0 0 0 0 0 0 0 0 2 0 1 0 25 0 36 0 38 0 102 0 86 0 114 0 117 0 138 0 189 0 281 0 311 0 396 0 412 0 416 0 420 0 426 0 256 0 185 0 97 0 
SAlphaB:
0 0 0 0 0 0 0 0 0 0 0 0 0 0 0 0 0 0 0 0 0 0 0 0 0 0 0 0 0 0 0 0 0 0 0 0 0 0 0 0 2 0 1 0 25 0 36 0 38 0 102 0 86 0 114 0 117 0 138 0 189 0 281 0 311 0 396 0 412 0 416 0 420 0 426 0 256 0 185 0 97 0 
