0 9 69 11 -5 1 3 14

0 19 54 19 -5 1 4 12

0 10 11 10 -5 9 10 2

0 69 78 73 -7 13 40 48

0 26 70 13 -4 2 8 28

0 61 83 42 -13 7 8 1

0 16 93 83 -19 1 4 40

0 58 98 75 -14 14 25 2

0 26 80 44 -5 1 26 2

0 57 76 18 -7 8 27 20

0 56 64 60 -4 19 48 5

0 57 83 53 -3 6 19 11

0 70 77 20 -11 5 39 13

0 29 58 84 -5 11 25 25

0 73 89 49 -13 18 49 26

0 11 58 52 -10 12 27 13

0 11 46 17 -3 26 39 15

0 11 32 68 -20 2 12 23

0 68 81 25 -8 7 41 3

0 3 79 44 -20 12 27 25

0 4 47 41 -1 1 5 4

0 39 59 72 -4 31 33 28

0 60 85 88 -3 8 15 5

0 26 40 24 -19 2 14 3

0 37 49 79 -16 36 37 4

0 14 15 85 -11 16 19 23

0 9 64 35 -12 4 7 18

0 38 98 77 -6 45 47 21

0 35 37 99 -13 4 24 14

0 51 62 41 -12 19 34 1

0 1 54 51 -8 10 31 17

0 46 77 75 -9 0 1 23

0 69 87 85 -10 4 13 40

0 1 76 53 -19 24 45 10

0 10 64 18 -19 31 37 5

0 57 78 76 -2 8 14 11

0 26 37 56 -16 16 23 12

0 14 30 53 -14 0 11 34

0 23 48 92 -19 5 48 45

0 17 57 41 -14 0 1 38

0 2 90 76 -6 0 1 22

0 37 54 92 -16 22 23 21

0 31 49 23 -20 10 27 38

0 30 72 91 -20 1 9 47

0 13 42 22 -13 15 26 22

0 31 51 24 -14 10 16 25

0 42 49 44 -7 10 45 2

0 56 65 21 -11 22 26 37

0 37 80 89 -12 17 18 18

0 28 94 39 -9 24 43 18

0 7 46 57 -9 15 40 43

0 25 75 85 -20 14 44 44

0 2 55 25 -11 1 5 34

0 19 61 86 -15 0 35 37

0 15 44 83 -4 11 34 13

0 18 20 13 -1 42 43 21

0 32 41 57 -4 27 29 5

0 17 20 33 -6 28 45 28

0 35 82 70 -18 1 41 48

0 9 97 3 -11 22 26 24

0 14 59 86 -14 7 8 41

0 6 97 73 -19 6 46 9

0 45 56 26 -13 33 47 31

0 40 44 53 -2 14 36 13

0 3 16 64 -12 25 28 15

0 6 85 15 -5 5 7 42

0 3 7 59 -7 19 21 26

0 22 24 8 -6 1 31 13

0 12 37 80 -20 8 38 29

0 22 27 83 -18 1 37 48

0 59 72 96 -13 29 38 8

0 11 63 34 -11 4 17 5

0 14 27 20 -14 2 14 31

0 31 47 5 -13 8 26 11

0 3 30 83 -9 15 21 22

0 27 50 1 -19 5 7 41

0 18 28 55 -20 3 17 26

0 4 18 2 -11 3 25 1

0 12 25 1 -20 9 23 12

0 0 17 85 -15 6 32 24

0 0 7 62 -4 13 18 14

0 29 84 92 -7 21 33 45

0 4 6 62 -5 25 26 11

0 14 18 33 -11 26 43 37

0 2 9 92 -10 15 32 34

0 5 6 66 -4 12 33 33

0 6 62 39 -18 20 29 44

0 2 3 82 -11 4 34 15

0 2 22 76 -5 9 49 48

0 9 28 12 -11 8 29 47

0 0 1 53 -18 3 45 36

0 1 3 13 -14 14 42 4

0 0 1 29 -4 6 16 26

0 5 19 75 -2 6 8 44

0 4 14 39 -10 26 40 46

0 0 1 19 -12 24 44 18

0 0 7 0 -9 0 4 19

0 0 1 62 -6 2 11 48

0 4 9 26 -20 15 28 47

0 1 5 18 -2 8 10 38


SAlphaB: 718.0, std-dev 269.27249294078564

Earliest win: 37
Latest win: 81

WinDepth:
0 0 0 0 0 0 0 0 0 0 0 0 0 0 0 0 0 0 0 0 0 0 0 0 0 0 0 0 0 0 0 0 0 0 0 0 0 3 1 3 17 12 3 15 20 11 17 32 33 84 100 203 123 113 86 168 119 172 175 192 166 243 223 365 344 394 409 397 446 404 465 455 412 395 361 326 249 246 154 136 91 58 
SAlphaB:
0 0 0 0 0 0 0 0 0 0 0 0 0 0 0 0 0 0 0 0 0 0 0 0 0 0 0 0 0 0 0 0 0 0 0 0 0 3 1 3 17 12 3 15 20 11 17 32 33 84 100 203 123 113 86 168 119 172 175 192 166 243 223 365 344 394 409 397 446 404 465 455 412 395 361 326 249 246 154 136 91 58 

LossDepth:
SAlphaB:
0 0 0 0 0 0 0 0 0 0 0 0 0 0 0 0 0 0 0 0 0 0 0 0 0 0 0 0 0 0 0 0 0 0 0 0 0 3 1 3 17 12 3 15 20 11 17 32 33 84 100 203 123 113 86 168 119 172 175 192 166 243 223 365 344 394 409 397 446 404 465 455 412 395 361 326 249 246 154 136 91 58 

FirstWin:
0 0 0 0 0 0 0 0 0 0 0 0 0 0 0 0 0 0 0 0 0 0 0 0 0 0 0 0 0 0 0 0 0 0 0 0 0 3 0 3 0 12 0 15 0 11 0 32 0 84 0 203 0 113 0 168 0 172 0 192 0 243 0 365 0 394 0 397 0 404 0 455 0 395 0 326 0 246 0 136 0 58 
SAlphaB:
0 0 0 0 0 0 0 0 0 0 0 0 0 0 0 0 0 0 0 0 0 0 0 0 0 0 0 0 0 0 0 0 0 0 0 0 0 3 0 3 0 12 0 15 0 11 0 32 0 84 0 203 0 113 0 168 0 172 0 192 0 243 0 365 0 394 0 397 0 404 0 455 0 395 0 326 0 246 0 136 0 58 

SecondWin:
0 0 0 0 0 0 0 0 0 0 0 0 0 0 0 0 0 0 0 0 0 0 0 0 0 0 0 0 0 0 0 0 0 0 0 0 0 0 1 0 17 0 3 0 20 0 17 0 33 0 100 0 123 0 86 0 119 0 175 0 166 0 223 0 344 0 409 0 446 0 465 0 412 0 361 0 249 0 154 0 91 0 
SAlphaB:
0 0 0 0 0 0 0 0 0 0 0 0 0 0 0 0 0 0 0 0 0 0 0 0 0 0 0 0 0 0 0 0 0 0 0 0 0 0 1 0 17 0 3 0 20 0 17 0 33 0 100 0 123 0 86 0 119 0 175 0 166 0 223 0 344 0 409 0 446 0 465 0 412 0 361 0 249 0 154 0 91 0 
