0 37 79 7 -9 1 11 9

0 27 97 26 -8 2 34 16

0 34 84 23 -7 0 1 2

0 19 76 10 -1 3 9 15

0 67 99 62 -15 1 2 4

0 67 84 0 -20 8 30 23

0 21 95 20 -9 6 7 10

0 4 81 35 -4 2 3 16

0 33 93 96 -10 11 19 15

0 32 71 57 -3 14 34 3

0 53 96 89 -8 22 25 49

0 34 98 94 -12 19 21 13

0 37 80 60 -2 12 18 44

0 23 24 44 -14 2 4 6

0 29 45 93 -8 19 24 18

0 25 79 92 -20 6 18 24

0 46 64 44 -9 2 5 45

0 37 39 52 -6 9 22 5

0 12 66 90 -11 2 8 18

0 59 63 35 -14 9 45 38

0 45 76 70 -4 0 1 11

0 32 87 74 -20 15 40 1

0 82 90 93 -10 17 21 22

0 28 82 77 -14 24 39 16

0 0 84 19 -17 6 17 16

0 47 56 73 -5 11 43 28

0 48 69 61 -10 20 24 33

0 51 53 33 -13 4 8 38

0 15 41 20 -4 0 16 14

0 47 77 50 -10 38 46 46

0 12 92 57 -14 1 2 41

0 7 69 98 -17 11 16 11

0 33 53 37 -11 39 45 36

0 21 37 19 -2 3 8 47

0 27 90 60 -5 28 31 15

0 17 55 34 -4 3 5 39

0 10 61 73 -1 15 25 7

0 84 92 37 -2 15 26 46

0 0 59 1 -9 5 12 18

0 17 64 40 -13 11 22 28

0 34 38 26 -19 9 21 38

0 5 82 12 -7 29 48 45

0 26 89 49 -12 5 27 42

0 56 66 89 -8 1 34 42

0 6 20 60 -2 0 1 25

0 19 32 73 -5 7 9 16

0 36 59 63 -7 0 4 49

0 25 36 41 -19 33 42 16

0 28 57 5 -12 20 34 26

0 29 37 78 -5 3 21 2

0 4 22 18 -11 12 13 10

0 5 35 56 -15 1 2 35

0 15 49 24 -19 2 12 30

0 9 11 0 -18 18 38 2

0 27 30 21 -12 21 34 25

0 1 32 67 -6 11 14 40

0 60 93 41 -10 0 1 49

0 14 29 71 -13 16 32 17

0 17 85 8 -15 27 32 14

0 13 29 37 -14 17 37 33

0 21 58 41 -16 19 25 8

0 2 4 38 -7 17 22 31

0 27 32 38 -3 12 33 47

0 16 57 65 -19 29 41 35

0 0 5 34 -14 25 32 19

0 6 44 48 -9 5 47 43

0 3 4 33 -1 2 7 11

0 20 35 73 -9 1 2 48

0 0 18 39 -19 9 45 8

0 25 64 34 -15 0 46 34

0 1 18 60 -11 0 13 11

0 13 19 73 -7 15 38 2

0 1 35 35 -10 6 33 22

0 9 32 35 -18 2 25 4

0 3 40 9 -20 7 33 47

0 12 16 44 -6 17 33 19

0 5 22 81 -1 32 33 46

0 14 15 21 -5 14 33 20

0 28 32 21 -8 4 34 33

0 2 31 28 -15 16 19 27

0 4 8 88 -3 13 34 4

0 5 25 98 -17 7 37 21

0 13 17 41 -1 15 48 15

0 11 16 73 -15 4 24 4

0 3 8 64 -15 6 45 10

0 0 3 72 -14 1 13 0

0 6 8 6 -11 12 47 24

0 3 4 88 -4 13 43 15

0 2 9 98 -7 8 46 32

0 4 8 18 -6 0 23 44

0 14 34 8 -12 10 43 18

0 0 15 15 -4 7 13 30

0 4 27 0 -2 5 6 47

0 7 65 8 -20 35 40 27

0 0 24 32 -10 2 19 31

0 0 18 15 -16 1 8 40

0 2 82 56 -11 1 34 42

0 1 2 23 -13 0 17 39

0 1 17 1 -20 12 17 48

0 1 3 11 -4 1 3 23


SAlphaB: 713.0, std-dev 261.4529808820722

Earliest win: 37
Latest win: 81

WinDepth:
0 0 0 0 0 0 0 0 0 0 0 0 0 0 0 0 0 0 0 0 0 0 0 0 0 0 0 0 0 0 0 0 0 0 0 0 0 4 1 3 0 7 3 17 6 19 13 67 17 70 76 149 65 134 92 175 140 160 140 169 184 225 249 298 368 336 435 386 418 434 469 487 420 423 382 330 252 230 194 145 116 80 
SAlphaB:
0 0 0 0 0 0 0 0 0 0 0 0 0 0 0 0 0 0 0 0 0 0 0 0 0 0 0 0 0 0 0 0 0 0 0 0 0 4 1 3 0 7 3 17 6 19 13 67 17 70 76 149 65 134 92 175 140 160 140 169 184 225 249 298 368 336 435 386 418 434 469 487 420 423 382 330 252 230 194 145 116 80 

LossDepth:
SAlphaB:
0 0 0 0 0 0 0 0 0 0 0 0 0 0 0 0 0 0 0 0 0 0 0 0 0 0 0 0 0 0 0 0 0 0 0 0 0 4 1 3 0 7 3 17 6 19 13 67 17 70 76 149 65 134 92 175 140 160 140 169 184 225 249 298 368 336 435 386 418 434 469 487 420 423 382 330 252 230 194 145 116 80 

FirstWin:
0 0 0 0 0 0 0 0 0 0 0 0 0 0 0 0 0 0 0 0 0 0 0 0 0 0 0 0 0 0 0 0 0 0 0 0 0 4 0 3 0 7 0 17 0 19 0 67 0 70 0 149 0 134 0 175 0 160 0 169 0 225 0 298 0 336 0 386 0 434 0 487 0 423 0 330 0 230 0 145 0 80 
SAlphaB:
0 0 0 0 0 0 0 0 0 0 0 0 0 0 0 0 0 0 0 0 0 0 0 0 0 0 0 0 0 0 0 0 0 0 0 0 0 4 0 3 0 7 0 17 0 19 0 67 0 70 0 149 0 134 0 175 0 160 0 169 0 225 0 298 0 336 0 386 0 434 0 487 0 423 0 330 0 230 0 145 0 80 

SecondWin:
0 0 0 0 0 0 0 0 0 0 0 0 0 0 0 0 0 0 0 0 0 0 0 0 0 0 0 0 0 0 0 0 0 0 0 0 0 0 1 0 0 0 3 0 6 0 13 0 17 0 76 0 65 0 92 0 140 0 140 0 184 0 249 0 368 0 435 0 418 0 469 0 420 0 382 0 252 0 194 0 116 0 
SAlphaB:
0 0 0 0 0 0 0 0 0 0 0 0 0 0 0 0 0 0 0 0 0 0 0 0 0 0 0 0 0 0 0 0 0 0 0 0 0 0 1 0 0 0 3 0 6 0 13 0 17 0 76 0 65 0 92 0 140 0 140 0 184 0 249 0 368 0 435 0 418 0 469 0 420 0 382 0 252 0 194 0 116 0 
