0 30 99 48 -16 1 3 8

0 50 85 21 -1 15 45 28

0 55 96 14 -5 11 27 24

0 40 96 49 -4 10 32 17

0 2 93 81 -15 24 35 16

0 42 57 22 -1 16 25 27

0 51 79 54 -8 1 6 40

0 72 93 57 -1 1 3 15

0 75 96 95 -19 1 4 10

0 26 41 14 -16 1 6 8

0 64 75 68 -20 6 28 6

0 35 76 8 -15 1 12 41

0 78 92 99 -5 32 38 36

0 18 21 34 -7 7 8 2

0 42 77 68 -12 28 37 24

0 54 77 38 -8 0 12 10

0 52 93 98 -12 11 14 28

0 46 61 43 -15 5 20 1

0 69 84 94 -12 21 30 31

0 22 28 24 -10 0 1 7

0 81 98 25 -12 1 2 29

0 55 75 61 -7 27 41 23

0 59 86 84 -14 17 18 13

0 79 90 54 -10 3 34 13

0 26 51 27 -17 0 6 35

0 24 28 98 -18 2 10 26

0 78 93 15 -2 15 47 38

0 75 76 93 -16 6 22 5

0 42 64 33 -6 0 34 31

0 9 75 8 -1 2 5 9

0 45 47 86 -15 28 43 34

0 11 99 35 -1 17 37 23

0 51 57 39 -9 11 15 35

0 14 43 2 -11 4 9 18

0 15 72 59 -16 4 6 21

0 25 35 71 -16 14 22 1

0 66 78 46 -14 27 49 17

0 39 51 42 -10 2 39 17

0 42 94 34 -2 5 6 35

0 12 81 41 -3 8 49 16

0 17 89 41 -16 31 38 13

0 83 96 40 -18 17 26 42

0 13 75 51 -16 6 17 35

0 9 41 83 -2 14 36 8

0 27 37 20 -19 13 20 8

0 48 64 18 -4 1 47 31

0 41 56 40 -11 35 41 7

0 12 63 75 -7 13 19 19

0 27 40 78 -18 13 33 5

0 5 13 21 -11 14 21 12

0 12 39 24 -14 18 37 2

0 66 81 4 -18 11 22 48

0 57 77 88 -3 2 7 32

0 16 47 53 -16 8 17 4

0 67 78 21 -16 10 13 48

0 7 31 79 -10 6 30 3

0 15 62 17 -5 20 40 16

0 39 51 77 -5 5 7 19

0 36 93 3 -9 14 17 35

0 52 58 42 -17 25 40 13

0 17 82 4 -9 10 22 17

0 7 15 87 -15 0 8 21

0 1 25 37 -20 7 20 3

0 15 38 37 -17 17 18 17

0 23 32 69 -12 4 21 44

0 10 17 44 -20 13 19 11

0 23 26 52 -15 7 19 21

0 4 10 98 -4 7 10 10

0 7 10 11 -11 14 19 16

0 4 85 10 -14 12 45 28

0 47 72 71 -10 34 45 11

0 18 19 43 -15 2 14 19

0 28 36 32 -8 6 30 32

0 46 48 65 -4 27 30 37

0 16 33 4 -2 15 22 48

0 26 61 23 -4 8 32 33

0 10 15 58 -20 0 2 27

0 13 42 88 -20 12 13 3

0 13 38 28 -17 10 44 24

0 10 15 92 -9 0 42 10

0 38 60 3 -11 12 23 46

0 0 1 46 -6 33 37 29

0 22 29 42 -7 1 3 46

0 14 26 67 -2 2 16 44

0 2 52 72 -19 40 43 44

0 12 19 41 -17 2 37 28

0 15 16 67 -6 1 24 5

0 16 20 7 -20 16 28 20

0 2 7 42 -20 16 39 45

0 1 9 89 -8 4 9 47

0 5 7 16 -8 0 9 47

0 16 44 58 -16 33 47 8

0 3 24 76 -1 28 49 22

0 0 12 66 -18 26 37 4

0 3 28 9 -4 4 20 47

0 5 13 1 -3 0 20 42

0 0 23 46 -16 4 22 45

0 0 1 70 -16 4 11 30

0 13 16 48 -11 4 44 49

0 3 10 15 -8 30 34 0


SAlphaB: 723.0, std-dev 274.16856810614473

Earliest win: 36
Latest win: 81

WinDepth:
0 0 0 0 0 0 0 0 0 0 0 0 0 0 0 0 0 0 0 0 0 0 0 0 0 0 0 0 0 0 0 0 0 0 0 0 1 7 1 1 2 14 7 14 8 21 17 30 27 97 59 110 96 124 114 188 106 203 129 195 151 223 235 357 293 400 356 408 409 399 450 471 400 371 367 362 320 235 180 157 109 80 
SAlphaB:
0 0 0 0 0 0 0 0 0 0 0 0 0 0 0 0 0 0 0 0 0 0 0 0 0 0 0 0 0 0 0 0 0 0 0 0 1 7 1 1 2 14 7 14 8 21 17 30 27 97 59 110 96 124 114 188 106 203 129 195 151 223 235 357 293 400 356 408 409 399 450 471 400 371 367 362 320 235 180 157 109 80 

LossDepth:
SAlphaB:
0 0 0 0 0 0 0 0 0 0 0 0 0 0 0 0 0 0 0 0 0 0 0 0 0 0 0 0 0 0 0 0 0 0 0 0 1 7 1 1 2 14 7 14 8 21 17 30 27 97 59 110 96 124 114 188 106 203 129 195 151 223 235 357 293 400 356 408 409 399 450 471 400 371 367 362 320 235 180 157 109 80 

FirstWin:
0 0 0 0 0 0 0 0 0 0 0 0 0 0 0 0 0 0 0 0 0 0 0 0 0 0 0 0 0 0 0 0 0 0 0 0 0 7 0 1 0 14 0 14 0 21 0 30 0 97 0 110 0 124 0 188 0 203 0 195 0 223 0 357 0 400 0 408 0 399 0 471 0 371 0 362 0 235 0 157 0 80 
SAlphaB:
0 0 0 0 0 0 0 0 0 0 0 0 0 0 0 0 0 0 0 0 0 0 0 0 0 0 0 0 0 0 0 0 0 0 0 0 0 7 0 1 0 14 0 14 0 21 0 30 0 97 0 110 0 124 0 188 0 203 0 195 0 223 0 357 0 400 0 408 0 399 0 471 0 371 0 362 0 235 0 157 0 80 

SecondWin:
0 0 0 0 0 0 0 0 0 0 0 0 0 0 0 0 0 0 0 0 0 0 0 0 0 0 0 0 0 0 0 0 0 0 0 0 1 0 1 0 2 0 7 0 8 0 17 0 27 0 59 0 96 0 114 0 106 0 129 0 151 0 235 0 293 0 356 0 409 0 450 0 400 0 367 0 320 0 180 0 109 0 
SAlphaB:
0 0 0 0 0 0 0 0 0 0 0 0 0 0 0 0 0 0 0 0 0 0 0 0 0 0 0 0 0 0 0 0 0 0 0 0 1 0 1 0 2 0 7 0 8 0 17 0 27 0 59 0 96 0 114 0 106 0 129 0 151 0 235 0 293 0 356 0 409 0 450 0 400 0 367 0 320 0 180 0 109 0 
