0 1 23 98 -5 7 14 0

0 42 96 10 -3 0 9 10

0 50 91 36 -12 18 48 24

0 59 75 32 -18 3 12 18

0 70 76 42 -5 10 27 25

0 68 77 0 -7 3 20 12

0 32 60 22 -5 5 13 24

0 53 98 59 -12 7 38 39

0 39 79 47 -20 4 12 44

0 72 79 99 -7 3 12 3

0 17 61 62 -6 10 19 0

0 39 99 49 -16 8 31 23

0 45 86 36 -13 7 8 39

0 30 97 49 -5 4 30 3

0 74 84 29 -13 12 27 4

0 0 58 35 -7 4 21 4

0 20 55 39 -8 0 1 24

0 54 79 16 -17 22 26 20

0 77 80 7 -1 0 25 12

0 21 31 42 -2 6 10 12

0 76 91 33 -18 4 12 11

0 23 36 34 -10 16 45 9

0 29 38 62 -4 10 30 10

0 78 90 30 -11 19 32 33

0 56 70 18 -13 0 8 20

0 10 95 57 -15 28 31 26

0 23 42 23 -2 28 41 21

0 25 62 43 -13 14 16 28

0 42 69 83 -5 12 44 47

0 16 30 75 -1 11 25 0

0 16 86 25 -18 19 42 6

0 69 89 90 -13 16 21 34

0 45 47 88 -4 0 23 37

0 10 85 85 -3 5 10 25

0 44 64 87 -18 6 39 33

0 25 54 84 -4 9 21 19

0 46 59 88 -16 18 49 7

0 4 24 9 -16 6 9 7

0 34 98 14 -10 3 4 44

0 58 72 91 -6 8 9 37

0 82 96 33 -10 32 45 48

0 53 70 80 -18 0 36 15

0 41 57 91 -8 4 27 46

0 70 71 59 -5 0 17 42

0 35 49 96 -5 38 39 28

0 10 34 94 -15 15 25 39

0 44 77 71 -1 1 8 34

0 90 98 21 -5 18 33 49

0 73 77 3 -18 28 32 47

0 16 34 31 -13 0 1 46

0 44 46 88 -6 16 40 22

0 56 63 39 -7 12 22 18

0 63 92 85 -20 22 26 35

0 42 89 26 -5 0 14 49

0 55 79 41 -17 0 15 45

0 3 38 43 -5 4 31 16

0 81 88 7 -2 3 6 49

0 18 48 51 -7 26 33 9

0 34 54 43 -18 14 21 11

0 8 66 94 -10 2 10 35

0 6 82 9 -3 6 17 29

0 14 34 27 -19 3 23 1

0 24 64 79 -2 1 3 44

0 27 32 59 -6 4 40 48

0 31 54 25 -15 19 27 18

0 6 8 30 -15 9 29 35

0 28 40 32 -20 1 3 48

0 23 33 83 -6 8 49 16

0 41 50 65 -4 22 24 47

0 8 97 15 -9 10 18 21

0 6 75 2 -13 2 8 32

0 2 20 29 -10 5 19 26

0 7 80 57 -12 10 31 47

0 16 39 8 -6 11 13 35

0 22 34 49 -18 27 43 46

0 4 74 85 -4 4 49 8

0 19 63 20 -8 31 43 36

0 31 74 14 -8 43 47 47

0 19 21 54 -18 33 41 38

0 54 88 94 -6 31 37 46

0 18 49 76 -18 0 48 35

0 3 44 27 -15 8 20 36

0 0 2 55 -13 33 34 35

0 21 42 89 -16 3 24 9

0 2 4 80 -9 12 28 27

0 13 35 51 -9 21 24 38

0 27 95 65 -6 21 23 1

0 3 4 31 -2 26 30 27

0 14 35 49 -17 8 45 48

0 1 7 85 -5 6 20 33

0 17 34 70 -14 24 36 1

0 51 80 5 -11 37 48 16

0 3 69 43 -2 0 20 35

0 9 10 66 -10 6 7 42

0 5 6 25 -3 14 35 32

0 10 27 35 -7 29 35 12

0 10 22 45 -12 29 41 8

0 2 6 25 -14 23 34 19

0 8 10 53 -8 28 30 43

0 0 3 67 -2 5 7 32


SAlphaB: 754.0, std-dev 284.6580238734815

Earliest win: 37
Latest win: 81

WinDepth:
0 0 0 0 0 0 0 0 0 0 0 0 0 0 0 0 0 0 0 0 0 0 0 0 0 0 0 0 0 0 0 0 0 0 0 0 0 3 2 5 15 7 1 19 7 15 12 55 18 93 51 172 72 121 79 147 119 177 128 186 158 252 261 324 322 408 359 365 465 410 403 425 408 385 389 377 341 230 201 140 126 90 
SAlphaB:
0 0 0 0 0 0 0 0 0 0 0 0 0 0 0 0 0 0 0 0 0 0 0 0 0 0 0 0 0 0 0 0 0 0 0 0 0 3 2 5 15 7 1 19 7 15 12 55 18 93 51 172 72 121 79 147 119 177 128 186 158 252 261 324 322 408 359 365 465 410 403 425 408 385 389 377 341 230 201 140 126 90 

LossDepth:
SAlphaB:
0 0 0 0 0 0 0 0 0 0 0 0 0 0 0 0 0 0 0 0 0 0 0 0 0 0 0 0 0 0 0 0 0 0 0 0 0 3 2 5 15 7 1 19 7 15 12 55 18 93 51 172 72 121 79 147 119 177 128 186 158 252 261 324 322 408 359 365 465 410 403 425 408 385 389 377 341 230 201 140 126 90 

FirstWin:
0 0 0 0 0 0 0 0 0 0 0 0 0 0 0 0 0 0 0 0 0 0 0 0 0 0 0 0 0 0 0 0 0 0 0 0 0 3 0 5 0 7 0 19 0 15 0 55 0 93 0 172 0 121 0 147 0 177 0 186 0 252 0 324 0 408 0 365 0 410 0 425 0 385 0 377 0 230 0 140 0 90 
SAlphaB:
0 0 0 0 0 0 0 0 0 0 0 0 0 0 0 0 0 0 0 0 0 0 0 0 0 0 0 0 0 0 0 0 0 0 0 0 0 3 0 5 0 7 0 19 0 15 0 55 0 93 0 172 0 121 0 147 0 177 0 186 0 252 0 324 0 408 0 365 0 410 0 425 0 385 0 377 0 230 0 140 0 90 

SecondWin:
0 0 0 0 0 0 0 0 0 0 0 0 0 0 0 0 0 0 0 0 0 0 0 0 0 0 0 0 0 0 0 0 0 0 0 0 0 0 2 0 15 0 1 0 7 0 12 0 18 0 51 0 72 0 79 0 119 0 128 0 158 0 261 0 322 0 359 0 465 0 403 0 408 0 389 0 341 0 201 0 126 0 
SAlphaB:
0 0 0 0 0 0 0 0 0 0 0 0 0 0 0 0 0 0 0 0 0 0 0 0 0 0 0 0 0 0 0 0 0 0 0 0 0 0 2 0 15 0 1 0 7 0 12 0 18 0 51 0 72 0 79 0 119 0 128 0 158 0 261 0 322 0 359 0 465 0 403 0 408 0 389 0 341 0 201 0 126 0 
