0 54 75 82 -9 13 14 13

0 37 81 54 -5 10 25 6

0 33 96 99 -13 0 2 9

0 63 85 23 -18 1 7 14

0 45 63 57 -19 7 22 2

0 41 73 52 -4 6 24 1

0 35 91 27 -3 6 23 39

0 25 95 81 -11 5 7 39

0 44 58 89 -10 2 22 38

0 39 77 93 -11 16 41 28

0 0 30 62 -11 10 15 9

0 57 95 83 -5 1 13 3

0 1 58 69 -20 0 7 13

0 19 52 39 -17 12 37 25

0 9 46 63 -15 22 26 18

0 18 76 55 -14 2 30 14

0 44 77 95 -16 13 45 26

0 23 42 61 -2 11 30 5

0 59 71 43 -13 3 8 48

0 4 92 57 -15 10 19 19

0 46 95 10 -2 40 45 28

0 25 88 29 -20 6 10 39

0 82 83 69 -10 11 29 18

0 19 58 82 -17 24 45 37

0 14 63 68 -17 0 1 49

0 38 86 44 -10 1 7 48

0 62 84 36 -14 12 21 23

0 42 86 14 -15 16 29 13

0 35 40 44 -15 21 23 25

0 25 31 67 -19 12 17 26

0 18 74 7 -12 24 28 21

0 64 84 47 -1 0 12 21

0 46 98 70 -15 19 25 27

0 20 33 87 -18 17 24 7

0 5 89 91 -8 3 23 13

0 9 46 87 -5 4 15 41

0 8 29 53 -4 25 27 8

0 13 78 3 -18 20 34 29

0 3 44 17 -8 3 7 12

0 5 36 78 -16 40 47 42

0 19 33 69 -6 7 15 47

0 45 63 89 -6 6 9 44

0 25 78 62 -9 26 42 18

0 63 73 6 -1 1 15 42

0 39 65 17 -15 7 34 32

0 8 81 7 -7 11 48 6

0 26 30 54 -9 10 24 20

0 14 88 67 -14 17 26 14

0 34 91 70 -17 25 46 6

0 41 62 10 -17 24 27 26

0 37 54 21 -14 15 27 43

0 42 58 63 -7 11 45 25

0 7 76 14 -10 4 36 28

0 13 85 68 -6 28 38 47

0 13 18 89 -20 1 6 5

0 1 93 36 -6 20 22 46

0 61 95 28 -19 20 21 24

0 12 97 66 -7 30 45 7

0 21 33 66 -9 20 35 14

0 10 23 51 -20 43 46 20

0 29 50 85 -17 14 22 8

0 23 33 55 -7 37 43 26

0 25 36 69 -11 11 33 31

0 1 88 87 -2 7 31 23

0 27 58 54 -9 0 1 39

0 10 26 82 -10 16 30 23

0 21 88 93 -10 26 48 42

0 50 96 77 -19 18 26 41

0 1 47 56 -8 22 40 25

0 6 86 73 -19 30 43 44

0 21 33 23 -20 17 18 0

0 33 56 20 -15 11 30 44

0 6 8 57 -15 8 16 37

0 4 62 6 -1 16 36 46

0 13 35 71 -20 3 4 26

0 5 20 25 -8 18 43 22

0 7 28 79 -1 24 28 18

0 1 57 84 -20 11 47 26

0 11 30 32 -9 13 45 6

0 22 28 92 -14 17 20 35

0 2 5 44 -5 23 26 21

0 17 39 98 -15 23 29 46

0 19 40 65 -20 1 38 3

0 31 35 6 -12 5 7 40

0 0 28 64 -1 19 43 25

0 16 21 59 -8 0 31 15

0 18 34 50 -7 4 39 32

0 12 14 25 -9 31 41 9

0 14 18 54 -12 0 42 23

0 15 18 15 -11 17 29 4

0 3 12 88 -13 7 16 43

0 0 5 40 -8 31 49 11

0 1 7 5 -10 2 4 32

0 3 18 67 -2 2 15 24

0 1 2 49 -12 28 44 11

0 3 10 82 -2 24 32 47

0 0 4 11 -5 8 35 28

0 0 2 6 -18 4 23 37

0 2 11 50 -11 24 26 0

0 1 6 0 -14 1 5 38


SAlphaB: 723.0, std-dev 263.7561487626421

Earliest win: 37
Latest win: 81

WinDepth:
0 0 0 0 0 0 0 0 0 0 0 0 0 0 0 0 0 0 0 0 0 0 0 0 0 0 0 0 0 0 0 0 0 0 0 0 0 2 4 1 2 9 4 11 21 22 8 48 29 56 50 325 76 114 81 192 139 212 145 175 195 208 239 357 364 358 403 378 398 371 433 459 491 357 392 375 276 230 176 120 67 84 
SAlphaB:
0 0 0 0 0 0 0 0 0 0 0 0 0 0 0 0 0 0 0 0 0 0 0 0 0 0 0 0 0 0 0 0 0 0 0 0 0 2 4 1 2 9 4 11 21 22 8 48 29 56 50 325 76 114 81 192 139 212 145 175 195 208 239 357 364 358 403 378 398 371 433 459 491 357 392 375 276 230 176 120 67 84 

LossDepth:
SAlphaB:
0 0 0 0 0 0 0 0 0 0 0 0 0 0 0 0 0 0 0 0 0 0 0 0 0 0 0 0 0 0 0 0 0 0 0 0 0 2 4 1 2 9 4 11 21 22 8 48 29 56 50 325 76 114 81 192 139 212 145 175 195 208 239 357 364 358 403 378 398 371 433 459 491 357 392 375 276 230 176 120 67 84 

FirstWin:
0 0 0 0 0 0 0 0 0 0 0 0 0 0 0 0 0 0 0 0 0 0 0 0 0 0 0 0 0 0 0 0 0 0 0 0 0 2 0 1 0 9 0 11 0 22 0 48 0 56 0 325 0 114 0 192 0 212 0 175 0 208 0 357 0 358 0 378 0 371 0 459 0 357 0 375 0 230 0 120 0 84 
SAlphaB:
0 0 0 0 0 0 0 0 0 0 0 0 0 0 0 0 0 0 0 0 0 0 0 0 0 0 0 0 0 0 0 0 0 0 0 0 0 2 0 1 0 9 0 11 0 22 0 48 0 56 0 325 0 114 0 192 0 212 0 175 0 208 0 357 0 358 0 378 0 371 0 459 0 357 0 375 0 230 0 120 0 84 

SecondWin:
0 0 0 0 0 0 0 0 0 0 0 0 0 0 0 0 0 0 0 0 0 0 0 0 0 0 0 0 0 0 0 0 0 0 0 0 0 0 4 0 2 0 4 0 21 0 8 0 29 0 50 0 76 0 81 0 139 0 145 0 195 0 239 0 364 0 403 0 398 0 433 0 491 0 392 0 276 0 176 0 67 0 
SAlphaB:
0 0 0 0 0 0 0 0 0 0 0 0 0 0 0 0 0 0 0 0 0 0 0 0 0 0 0 0 0 0 0 0 0 0 0 0 0 0 4 0 2 0 4 0 21 0 8 0 29 0 50 0 76 0 81 0 139 0 145 0 195 0 239 0 364 0 403 0 398 0 433 0 491 0 392 0 276 0 176 0 67 0 
