0 43 69 29 -1 2 6 1

0 24 73 34 -7 4 5 3

0 40 96 86 -16 5 23 27

0 38 87 26 -19 1 2 25

0 45 77 53 -4 6 13 21

0 39 46 37 -20 0 1 10

0 46 70 64 -5 2 7 23

0 32 93 49 -14 0 1 31

0 39 60 89 -7 7 23 33

0 35 56 95 -7 3 6 23

0 21 37 44 -16 4 6 24

0 20 42 56 -12 2 6 19

0 78 96 60 -3 18 21 21

0 42 88 59 -13 9 36 0

0 29 79 68 -2 1 4 39

0 54 75 94 -11 7 37 42

0 32 36 27 -6 1 10 31

0 48 89 88 -6 23 33 49

0 22 49 48 -8 7 13 25

0 27 48 57 -9 2 17 38

0 9 92 25 -5 8 12 30

0 1 27 84 -10 11 12 31

0 86 92 99 -19 6 17 26

0 36 73 80 -6 5 6 27

0 76 82 70 -5 4 13 36

0 42 45 25 -17 0 13 4

0 5 82 47 -12 10 27 39

0 38 76 99 -7 0 18 34

0 2 69 87 -12 22 48 47

0 34 53 92 -5 1 3 26

0 3 71 93 -9 36 41 32

0 63 81 29 -3 16 45 24

0 48 65 16 -1 12 17 25

0 72 90 56 -2 14 23 21

0 71 77 36 -4 7 10 6

0 0 82 71 -6 0 7 17

0 23 91 25 -11 25 36 48

0 20 30 63 -14 16 35 24

0 93 98 57 -9 18 24 33

0 32 38 25 -20 9 11 20

0 25 45 56 -7 8 19 47

0 12 30 17 -5 6 8 20

0 21 79 92 -6 3 47 19

0 96 99 43 -8 22 35 23

0 18 31 96 -4 7 9 8

0 60 72 92 -18 19 40 36

0 49 68 32 -16 17 19 32

0 42 76 99 -16 19 27 33

0 10 85 22 -8 6 21 36

0 45 46 35 -20 6 8 47

0 26 33 55 -11 20 38 20

0 9 81 76 -8 1 3 35

0 26 63 18 -20 38 48 32

0 41 94 12 -14 19 29 48

0 19 48 34 -2 7 20 43

0 14 31 73 -6 2 32 39

0 17 43 99 -14 1 4 38

0 14 88 75 -9 5 22 23

0 34 66 40 -19 14 26 42

0 41 50 61 -11 16 28 17

0 6 91 32 -12 38 39 31

0 24 55 61 -5 9 37 41

0 28 48 8 -16 14 23 1

0 0 76 48 -17 18 21 33

0 14 26 22 -18 2 17 0

0 1 25 40 -12 4 7 49

0 45 46 81 -9 18 19 2

0 4 43 20 -6 1 37 12

0 23 87 49 -17 5 22 26

0 62 95 67 -19 34 38 9

0 46 52 13 -9 15 26 27

0 3 14 92 -6 1 3 12

0 18 29 26 -10 4 30 11

0 12 17 21 -7 5 42 27

0 55 61 18 -15 24 26 29

0 11 12 7 -1 35 38 11

0 28 34 36 -9 16 18 17

0 6 16 27 -11 9 24 31

0 38 53 61 -17 21 43 11

0 16 63 59 -13 10 24 44

0 1 2 87 -11 1 3 5

0 8 11 27 -7 28 39 25

0 0 2 83 -14 29 31 47

0 30 36 6 -14 7 49 22

0 10 11 17 -20 1 4 30

0 4 30 97 -19 7 35 0

0 12 47 69 -15 33 48 36

0 9 11 31 -11 18 41 25

0 0 4 14 -13 6 20 5

0 6 13 10 -12 16 26 14

0 2 36 71 -14 16 43 12

0 19 30 61 -16 0 42 23

0 19 21 58 -14 27 40 35

0 5 9 27 -8 22 41 34

0 4 38 68 -18 2 24 44

0 8 36 87 -17 29 49 42

0 1 4 62 -10 20 32 12

0 8 20 73 -5 8 23 45

0 3 4 23 -12 10 14 45

0 3 7 87 -17 20 21 8


SAlphaB: 682.0, std-dev 267.5933904756667

Earliest win: 35
Latest win: 81

WinDepth:
0 0 0 0 0 0 0 0 0 0 0 0 0 0 0 0 0 0 0 0 0 0 0 0 0 0 0 0 0 0 0 0 0 0 0 1 0 8 1 2 2 4 6 17 13 12 22 51 17 59 70 149 61 130 97 190 125 181 139 192 179 251 245 321 320 395 448 386 359 414 429 453 388 399 397 351 266 246 199 150 99 75 
SAlphaB:
0 0 0 0 0 0 0 0 0 0 0 0 0 0 0 0 0 0 0 0 0 0 0 0 0 0 0 0 0 0 0 0 0 0 0 1 0 8 1 2 2 4 6 17 13 12 22 51 17 59 70 149 61 130 97 190 125 181 139 192 179 251 245 321 320 395 448 386 359 414 429 453 388 399 397 351 266 246 199 150 99 75 

LossDepth:
SAlphaB:
0 0 0 0 0 0 0 0 0 0 0 0 0 0 0 0 0 0 0 0 0 0 0 0 0 0 0 0 0 0 0 0 0 0 0 1 0 8 1 2 2 4 6 17 13 12 22 51 17 59 70 149 61 130 97 190 125 181 139 192 179 251 245 321 320 395 448 386 359 414 429 453 388 399 397 351 266 246 199 150 99 75 

FirstWin:
0 0 0 0 0 0 0 0 0 0 0 0 0 0 0 0 0 0 0 0 0 0 0 0 0 0 0 0 0 0 0 0 0 0 0 1 0 8 0 2 0 4 0 17 0 12 0 51 0 59 0 149 0 130 0 190 0 181 0 192 0 251 0 321 0 395 0 386 0 414 0 453 0 399 0 351 0 246 0 150 0 75 
SAlphaB:
0 0 0 0 0 0 0 0 0 0 0 0 0 0 0 0 0 0 0 0 0 0 0 0 0 0 0 0 0 0 0 0 0 0 0 1 0 8 0 2 0 4 0 17 0 12 0 51 0 59 0 149 0 130 0 190 0 181 0 192 0 251 0 321 0 395 0 386 0 414 0 453 0 399 0 351 0 246 0 150 0 75 

SecondWin:
0 0 0 0 0 0 0 0 0 0 0 0 0 0 0 0 0 0 0 0 0 0 0 0 0 0 0 0 0 0 0 0 0 0 0 0 0 0 1 0 2 0 6 0 13 0 22 0 17 0 70 0 61 0 97 0 125 0 139 0 179 0 245 0 320 0 448 0 359 0 429 0 388 0 397 0 266 0 199 0 99 0 
SAlphaB:
0 0 0 0 0 0 0 0 0 0 0 0 0 0 0 0 0 0 0 0 0 0 0 0 0 0 0 0 0 0 0 0 0 0 0 0 0 0 1 0 2 0 6 0 13 0 22 0 17 0 70 0 61 0 97 0 125 0 139 0 179 0 245 0 320 0 448 0 359 0 429 0 388 0 397 0 266 0 199 0 99 0 
