0 25 98 52 -20 1 10 34

0 6 64 39 -5 0 3 6

0 36 56 19 -14 1 6 19

0 52 93 83 -11 12 15 39

0 31 88 70 -11 10 15 14

0 33 69 99 -3 3 10 46

0 25 61 15 -18 1 13 19

0 69 94 52 -4 8 27 30

0 54 92 28 -6 13 23 20

0 30 95 42 -19 11 30 42

0 9 80 99 -6 20 44 3

0 29 67 97 -4 3 24 10

0 46 72 86 -12 7 44 32

0 30 98 48 -10 4 24 11

0 26 94 42 -11 6 7 34

0 33 34 85 -10 0 2 1

0 25 92 84 -13 11 21 9

0 58 86 2 -4 8 17 40

0 15 68 88 -6 0 5 32

0 40 76 85 -2 0 1 4

0 24 68 93 -20 4 20 32

0 18 19 87 -18 0 2 21

0 58 59 56 -19 6 8 6

0 51 90 87 -20 18 25 21

0 58 98 73 -4 0 49 6

0 41 61 70 -14 3 6 12

0 35 41 64 -19 13 29 31

0 44 70 90 -19 6 24 8

0 40 51 30 -1 0 4 14

0 81 92 27 -18 7 9 8

0 53 82 31 -9 10 49 12

0 6 78 17 -6 4 5 19

0 20 72 58 -20 0 6 43

0 34 97 54 -9 0 4 41

0 8 98 26 -6 2 22 16

0 29 52 25 -6 1 4 42

0 98 99 74 -6 0 1 5

0 8 19 85 -12 4 8 0

0 59 61 1 -5 3 28 41

0 24 52 88 -18 10 12 20

0 30 36 40 -8 10 30 12

0 30 37 65 -3 16 19 26

0 21 77 78 -2 8 28 40

0 21 64 56 -14 5 27 39

0 9 65 11 -7 20 45 20

0 3 70 25 -15 11 38 15

0 0 70 97 -1 16 44 30

0 23 64 90 -5 2 27 9

0 14 37 22 -11 8 11 28

0 6 31 5 -11 10 19 6

0 17 43 61 -20 21 48 39

0 32 51 5 -18 2 43 17

0 16 93 15 -2 20 28 10

0 22 76 84 -13 7 37 47

0 8 73 69 -16 32 44 40

0 8 28 47 -9 7 11 45

0 89 99 68 -5 27 37 1

0 1 59 7 -10 4 23 4

0 13 72 18 -9 2 5 41

0 28 35 72 -13 4 28 3

0 17 36 34 -13 15 49 38

0 10 84 37 -3 11 31 41

0 47 70 0 -5 34 43 46

0 27 28 92 -11 28 34 33

0 20 24 97 -5 7 9 25

0 5 81 64 -6 0 22 44

0 1 31 41 -13 1 22 31

0 69 91 6 -8 41 44 8

0 14 41 45 -18 19 34 8

0 72 74 61 -3 28 33 15

0 5 21 25 -5 4 6 27

0 4 39 58 -18 2 11 18

0 15 40 12 -10 38 48 16

0 9 24 11 -8 10 36 33

0 17 19 79 -19 6 37 12

0 15 30 63 -12 20 36 31

0 8 11 68 -1 4 6 5

0 9 22 21 -4 7 33 22

0 5 61 38 -6 5 32 46

0 5 19 95 -7 11 13 35

0 4 32 59 -12 22 40 33

0 11 16 97 -8 14 31 19

0 12 26 77 -2 34 40 3

0 6 13 55 -15 14 18 36

0 22 29 42 -16 19 20 0

0 38 48 82 -18 18 47 7

0 0 12 15 -8 20 43 39

0 0 3 48 -2 19 39 33

0 4 6 30 -5 3 10 38

0 6 9 33 -5 7 31 26

0 18 30 1 -10 9 14 10

0 3 8 48 -1 4 29 39

0 8 9 88 -4 13 30 16

0 0 3 4 -19 0 12 33

0 3 19 86 -10 19 32 15

0 1 2 27 -17 21 25 4

0 0 1 70 -5 0 19 17

0 0 30 9 -20 35 42 22

0 0 2 21 -5 46 47 43

0 1 2 18 -3 1 11 24


SAlphaB: 729.0, std-dev 278.3792254853407

Earliest win: 35
Latest win: 81

WinDepth:
0 0 0 0 0 0 0 0 0 0 0 0 0 0 0 0 0 0 0 0 0 0 0 0 0 0 0 0 0 0 0 0 0 0 0 1 0 2 0 3 3 5 4 7 18 14 16 35 20 54 60 173 59 125 96 223 165 195 117 183 175 258 261 300 343 381 427 439 442 453 421 414 376 398 389 352 244 238 149 155 91 77 
SAlphaB:
0 0 0 0 0 0 0 0 0 0 0 0 0 0 0 0 0 0 0 0 0 0 0 0 0 0 0 0 0 0 0 0 0 0 0 1 0 2 0 3 3 5 4 7 18 14 16 35 20 54 60 173 59 125 96 223 165 195 117 183 175 258 261 300 343 381 427 439 442 453 421 414 376 398 389 352 244 238 149 155 91 77 

LossDepth:
SAlphaB:
0 0 0 0 0 0 0 0 0 0 0 0 0 0 0 0 0 0 0 0 0 0 0 0 0 0 0 0 0 0 0 0 0 0 0 1 0 2 0 3 3 5 4 7 18 14 16 35 20 54 60 173 59 125 96 223 165 195 117 183 175 258 261 300 343 381 427 439 442 453 421 414 376 398 389 352 244 238 149 155 91 77 

FirstWin:
0 0 0 0 0 0 0 0 0 0 0 0 0 0 0 0 0 0 0 0 0 0 0 0 0 0 0 0 0 0 0 0 0 0 0 1 0 2 0 3 0 5 0 7 0 14 0 35 0 54 0 173 0 125 0 223 0 195 0 183 0 258 0 300 0 381 0 439 0 453 0 414 0 398 0 352 0 238 0 155 0 77 
SAlphaB:
0 0 0 0 0 0 0 0 0 0 0 0 0 0 0 0 0 0 0 0 0 0 0 0 0 0 0 0 0 0 0 0 0 0 0 1 0 2 0 3 0 5 0 7 0 14 0 35 0 54 0 173 0 125 0 223 0 195 0 183 0 258 0 300 0 381 0 439 0 453 0 414 0 398 0 352 0 238 0 155 0 77 

SecondWin:
0 0 0 0 0 0 0 0 0 0 0 0 0 0 0 0 0 0 0 0 0 0 0 0 0 0 0 0 0 0 0 0 0 0 0 0 0 0 0 0 3 0 4 0 18 0 16 0 20 0 60 0 59 0 96 0 165 0 117 0 175 0 261 0 343 0 427 0 442 0 421 0 376 0 389 0 244 0 149 0 91 0 
SAlphaB:
0 0 0 0 0 0 0 0 0 0 0 0 0 0 0 0 0 0 0 0 0 0 0 0 0 0 0 0 0 0 0 0 0 0 0 0 0 0 0 0 3 0 4 0 18 0 16 0 20 0 60 0 59 0 96 0 165 0 117 0 175 0 261 0 343 0 427 0 442 0 421 0 376 0 389 0 244 0 149 0 91 0 
