0 21 50 7 -10 1 8 15

0 48 93 64 -8 5 7 12

0 60 72 53 -15 6 17 5

0 70 89 41 -17 3 16 7

0 53 59 2 -15 3 14 4

0 35 54 8 -3 4 9 2

0 30 83 31 -15 2 26 35

0 18 80 24 -8 0 16 31

0 18 84 33 -8 0 1 14

0 68 97 28 -15 1 11 29

0 67 86 33 -2 15 40 0

0 14 87 16 -5 1 2 26

0 18 81 12 -12 4 5 23

0 22 73 94 -15 1 2 6

0 57 85 87 -18 3 5 8

0 26 35 74 -1 2 13 18

0 62 83 36 -6 6 16 21

0 22 77 11 -9 11 36 8

0 46 67 28 -15 1 12 45

0 6 69 53 -1 2 12 0

0 72 87 75 -6 32 33 33

0 17 88 9 -7 1 23 27

0 24 58 71 -17 42 44 15

0 32 91 65 -9 33 36 13

0 60 82 3 -14 1 28 29

0 5 53 67 -7 8 20 13

0 33 53 54 -20 6 20 4

0 12 87 97 -14 0 10 13

0 22 82 79 -3 35 42 17

0 54 79 89 -5 37 42 20

0 13 83 13 -14 11 23 24

0 40 68 31 -9 21 32 1

0 51 53 3 -1 3 44 16

0 43 51 67 -4 0 37 19

0 27 65 22 -16 2 29 6

0 47 56 16 -18 12 19 28

0 26 75 10 -13 18 39 19

0 37 96 33 -8 39 44 13

0 18 52 86 -15 26 32 30

0 18 31 80 -9 11 22 41

0 28 53 84 -7 0 2 34

0 78 82 70 -1 9 19 47

0 24 33 97 -5 0 10 30

0 36 38 87 -16 10 29 28

0 15 53 97 -3 0 20 3

0 24 46 99 -3 6 9 9

0 32 38 50 -1 7 25 48

0 17 78 40 -8 28 41 23

0 75 94 5 -5 7 10 38

0 19 60 12 -20 1 2 34

0 14 70 21 -18 1 45 16

0 9 24 35 -8 1 40 4

0 10 65 19 -16 1 8 23

0 88 96 64 -17 40 49 1

0 1 54 86 -10 8 40 26

0 12 33 3 -18 6 8 11

0 48 90 58 -14 32 36 48

0 24 39 5 -2 22 28 7

0 2 63 97 -9 18 47 49

0 16 72 94 -14 2 26 0

0 14 50 34 -15 4 23 49

0 17 74 13 -17 4 27 17

0 3 17 64 -2 15 24 12

0 12 17 52 -1 14 25 25

0 28 30 72 -10 25 26 38

0 38 80 35 -19 26 46 27

0 51 53 99 -1 18 25 32

0 7 61 52 -3 9 49 35

0 1 16 47 -13 0 5 4

0 14 81 88 -2 24 34 37

0 1 23 65 -8 0 2 33

0 4 92 57 -14 2 11 40

0 0 8 80 -16 9 36 19

0 7 13 25 -15 17 33 6

0 29 43 9 -1 0 6 41

0 15 52 15 -10 8 40 44

0 7 22 84 -10 15 31 38

0 52 57 51 -8 29 42 29

0 5 56 30 -14 9 10 30

0 3 67 2 -18 20 41 20

0 60 73 22 -17 34 37 26

0 0 23 21 -6 12 47 12

0 8 9 53 -15 35 46 40

0 12 33 22 -9 2 7 48

0 0 40 7 -17 8 33 47

0 0 3 88 -8 32 44 21

0 6 19 1 -1 5 18 16

0 20 23 18 -20 13 16 31

0 1 2 24 -17 6 29 43

0 0 1 69 -13 9 14 17

0 19 22 41 -9 3 39 36

0 18 25 28 -17 4 6 40

0 8 29 2 -18 4 20 39

0 21 30 63 -1 5 46 33

0 6 7 15 -14 0 13 49

0 0 4 4 -16 23 37 41

0 0 4 7 -3 8 40 15

0 0 16 30 -1 25 36 47

0 5 14 59 -2 0 19 30

0 0 5 76 -4 2 16 48


SAlphaB: 719.0, std-dev 261.06855053952415

Earliest win: 36
Latest win: 81

WinDepth:
0 0 0 0 0 0 0 0 0 0 0 0 0 0 0 0 0 0 0 0 0 0 0 0 0 0 0 0 0 0 0 0 0 0 0 0 1 7 0 2 1 8 6 9 4 17 23 34 37 77 96 165 80 118 106 187 149 215 108 181 156 257 279 285 295 446 375 383 384 447 436 470 428 362 386 344 275 267 158 155 100 54 
SAlphaB:
0 0 0 0 0 0 0 0 0 0 0 0 0 0 0 0 0 0 0 0 0 0 0 0 0 0 0 0 0 0 0 0 0 0 0 0 1 7 0 2 1 8 6 9 4 17 23 34 37 77 96 165 80 118 106 187 149 215 108 181 156 257 279 285 295 446 375 383 384 447 436 470 428 362 386 344 275 267 158 155 100 54 

LossDepth:
SAlphaB:
0 0 0 0 0 0 0 0 0 0 0 0 0 0 0 0 0 0 0 0 0 0 0 0 0 0 0 0 0 0 0 0 0 0 0 0 1 7 0 2 1 8 6 9 4 17 23 34 37 77 96 165 80 118 106 187 149 215 108 181 156 257 279 285 295 446 375 383 384 447 436 470 428 362 386 344 275 267 158 155 100 54 

FirstWin:
0 0 0 0 0 0 0 0 0 0 0 0 0 0 0 0 0 0 0 0 0 0 0 0 0 0 0 0 0 0 0 0 0 0 0 0 0 7 0 2 0 8 0 9 0 17 0 34 0 77 0 165 0 118 0 187 0 215 0 181 0 257 0 285 0 446 0 383 0 447 0 470 0 362 0 344 0 267 0 155 0 54 
SAlphaB:
0 0 0 0 0 0 0 0 0 0 0 0 0 0 0 0 0 0 0 0 0 0 0 0 0 0 0 0 0 0 0 0 0 0 0 0 0 7 0 2 0 8 0 9 0 17 0 34 0 77 0 165 0 118 0 187 0 215 0 181 0 257 0 285 0 446 0 383 0 447 0 470 0 362 0 344 0 267 0 155 0 54 

SecondWin:
0 0 0 0 0 0 0 0 0 0 0 0 0 0 0 0 0 0 0 0 0 0 0 0 0 0 0 0 0 0 0 0 0 0 0 0 1 0 0 0 1 0 6 0 4 0 23 0 37 0 96 0 80 0 106 0 149 0 108 0 156 0 279 0 295 0 375 0 384 0 436 0 428 0 386 0 275 0 158 0 100 0 
SAlphaB:
0 0 0 0 0 0 0 0 0 0 0 0 0 0 0 0 0 0 0 0 0 0 0 0 0 0 0 0 0 0 0 0 0 0 0 0 1 0 0 0 1 0 6 0 4 0 23 0 37 0 96 0 80 0 106 0 149 0 108 0 156 0 279 0 295 0 375 0 384 0 436 0 428 0 386 0 275 0 158 0 100 0 
