0 47 92 57 -9 1 19 2

0 12 83 5 -2 11 15 14

0 69 90 44 -15 3 7 4

0 58 86 3 -3 17 37 37

0 21 36 42 -3 3 11 3

0 13 80 69 -14 19 25 16

0 30 36 30 -1 40 48 12

0 26 51 28 -16 2 3 5

0 49 96 90 -17 14 16 2

0 12 38 22 -14 0 2 48

0 54 88 35 -7 5 44 22

0 8 78 71 -8 5 9 8

0 27 38 41 -8 4 13 34

0 55 65 42 -14 7 40 3

0 76 87 76 -18 9 11 14

0 25 61 84 -8 11 14 37

0 6 76 48 -3 15 31 14

0 5 74 68 -9 24 34 9

0 36 79 58 -1 13 17 8

0 0 72 70 -4 38 41 40

0 73 88 46 -18 0 45 34

0 51 72 64 -13 18 30 37

0 39 66 34 -5 8 10 32

0 39 60 41 -9 1 3 40

0 32 73 94 -11 4 42 21

0 5 71 14 -17 5 36 37

0 75 82 29 -2 0 23 23

0 74 94 0 -18 6 19 10

0 85 90 17 -6 8 39 45

0 75 81 85 -16 14 15 2

0 81 85 92 -4 0 17 44

0 59 97 16 -12 0 46 45

0 23 43 99 -12 4 12 45

0 29 57 49 -10 17 32 14

0 2 75 54 -19 7 9 32

0 0 76 65 -12 19 36 5

0 4 38 16 -12 28 32 10

0 26 84 76 -3 3 41 41

0 34 91 33 -2 5 9 49

0 14 96 56 -20 11 12 48

0 33 64 84 -13 0 10 48

0 19 31 28 -2 9 24 17

0 44 51 30 -7 18 41 25

0 33 62 56 -11 6 8 10

0 8 37 91 -14 0 20 9

0 17 57 74 -2 21 25 5

0 24 28 62 -14 2 18 2

0 18 69 36 -18 10 15 38

0 80 88 48 -20 9 16 45

0 15 32 78 -14 10 22 34

0 18 49 85 -11 31 44 8

0 4 53 35 -14 8 28 17

0 34 67 95 -9 8 44 48

0 31 47 51 -20 17 21 12

0 22 78 98 -6 24 35 0

0 12 14 89 -12 9 12 38

0 62 64 39 -6 29 48 37

0 42 92 7 -9 5 8 39

0 0 75 30 -15 9 13 20

0 4 55 11 -20 20 46 40

0 18 41 80 -8 9 24 35

0 30 95 57 -10 8 49 45

0 7 35 74 -11 9 31 9

0 18 57 84 -19 6 41 11

0 10 47 41 -20 9 12 14

0 17 21 45 -6 10 35 19

0 9 13 88 -6 4 6 3

0 46 48 28 -6 22 44 41

0 45 56 36 -12 24 26 9

0 4 51 60 -13 4 29 18

0 1 29 37 -5 18 45 0

0 0 34 76 -17 4 8 45

0 22 43 50 -9 2 16 48

0 4 9 64 -1 7 39 41

0 5 57 96 -15 5 33 7

0 73 78 12 -12 19 37 38

0 31 35 81 -1 20 44 13

0 16 31 28 -17 10 16 32

0 2 45 65 -4 0 1 7

0 10 35 94 -17 2 34 7

0 2 75 49 -1 19 24 2

0 0 2 45 -5 16 33 13

0 1 10 39 -2 22 41 37

0 15 26 32 -6 11 45 23

0 5 6 58 -3 6 27 21

0 6 35 64 -11 1 20 29

0 16 82 58 -15 8 10 46

0 3 12 49 -5 25 31 39

0 0 29 3 -1 29 38 7

0 6 19 59 -7 19 30 34

0 5 6 8 -15 12 49 26

0 3 5 68 -1 4 22 31

0 3 15 57 -13 22 30 46

0 6 8 15 -15 2 12 4

0 0 17 29 -9 4 20 29

0 5 12 9 -19 13 21 19

0 40 52 3 -18 13 37 34

0 12 44 34 -9 2 34 29

0 1 18 82 -5 2 8 45

0 1 27 18 -5 1 4 49


SAlphaB: 717.0, std-dev 265.6442591592042

Earliest win: 39
Latest win: 81

WinDepth:
0 0 0 0 0 0 0 0 0 0 0 0 0 0 0 0 0 0 0 0 0 0 0 0 0 0 0 0 0 0 0 0 0 0 0 0 0 0 0 3 1 10 2 10 3 15 15 22 41 60 61 188 105 117 84 171 138 173 185 154 157 222 252 368 341 315 420 395 405 432 395 479 427 404 373 371 273 261 159 144 112 81 
SAlphaB:
0 0 0 0 0 0 0 0 0 0 0 0 0 0 0 0 0 0 0 0 0 0 0 0 0 0 0 0 0 0 0 0 0 0 0 0 0 0 0 3 1 10 2 10 3 15 15 22 41 60 61 188 105 117 84 171 138 173 185 154 157 222 252 368 341 315 420 395 405 432 395 479 427 404 373 371 273 261 159 144 112 81 

LossDepth:
SAlphaB:
0 0 0 0 0 0 0 0 0 0 0 0 0 0 0 0 0 0 0 0 0 0 0 0 0 0 0 0 0 0 0 0 0 0 0 0 0 0 0 3 1 10 2 10 3 15 15 22 41 60 61 188 105 117 84 171 138 173 185 154 157 222 252 368 341 315 420 395 405 432 395 479 427 404 373 371 273 261 159 144 112 81 

FirstWin:
0 0 0 0 0 0 0 0 0 0 0 0 0 0 0 0 0 0 0 0 0 0 0 0 0 0 0 0 0 0 0 0 0 0 0 0 0 0 0 3 0 10 0 10 0 15 0 22 0 60 0 188 0 117 0 171 0 173 0 154 0 222 0 368 0 315 0 395 0 432 0 479 0 404 0 371 0 261 0 144 0 81 
SAlphaB:
0 0 0 0 0 0 0 0 0 0 0 0 0 0 0 0 0 0 0 0 0 0 0 0 0 0 0 0 0 0 0 0 0 0 0 0 0 0 0 3 0 10 0 10 0 15 0 22 0 60 0 188 0 117 0 171 0 173 0 154 0 222 0 368 0 315 0 395 0 432 0 479 0 404 0 371 0 261 0 144 0 81 

SecondWin:
0 0 0 0 0 0 0 0 0 0 0 0 0 0 0 0 0 0 0 0 0 0 0 0 0 0 0 0 0 0 0 0 0 0 0 0 0 0 0 0 1 0 2 0 3 0 15 0 41 0 61 0 105 0 84 0 138 0 185 0 157 0 252 0 341 0 420 0 405 0 395 0 427 0 373 0 273 0 159 0 112 0 
SAlphaB:
0 0 0 0 0 0 0 0 0 0 0 0 0 0 0 0 0 0 0 0 0 0 0 0 0 0 0 0 0 0 0 0 0 0 0 0 0 0 0 0 1 0 2 0 3 0 15 0 41 0 61 0 105 0 84 0 138 0 185 0 157 0 252 0 341 0 420 0 405 0 395 0 427 0 373 0 273 0 159 0 112 0 
