0 38 70 59 -9 0 1 17

0 34 36 88 -2 30 35 21

0 29 88 77 -8 3 26 44

0 61 69 61 -12 9 33 1

0 34 83 37 -17 1 12 1

0 34 97 94 -12 1 4 23

0 16 91 32 -6 3 16 9

0 44 97 86 -7 0 28 22

0 10 67 45 -10 1 2 27

0 48 63 17 -14 3 15 40

0 36 47 99 -20 2 5 14

0 61 75 41 -7 4 11 16

0 63 99 12 -19 0 2 33

0 8 95 58 -17 2 16 21

0 87 96 11 -18 2 4 12

0 10 39 42 -17 0 1 6

0 48 59 59 -8 22 48 23

0 31 46 46 -13 2 5 8

0 72 98 59 -9 4 7 15

0 17 65 19 -9 12 37 21

0 68 91 28 -6 5 6 16

0 17 79 31 -1 5 40 5

0 10 80 72 -20 5 28 6

0 66 81 2 -2 19 20 18

0 29 56 88 -11 8 20 5

0 13 97 38 -13 5 19 18

0 50 77 68 -13 10 38 33

0 70 87 95 -2 0 42 31

0 71 86 5 -12 17 44 44

0 14 82 21 -18 12 20 3

0 25 66 52 -18 31 39 24

0 4 28 35 -15 6 13 19

0 36 48 45 -19 2 29 27

0 35 65 91 -1 45 49 39

0 42 54 31 -12 10 12 43

0 25 33 50 -13 0 3 31

0 34 80 43 -16 32 49 27

0 70 85 94 -13 2 3 25

0 55 75 98 -20 39 49 47

0 22 77 22 -5 11 36 19

0 33 58 61 -20 2 31 22

0 28 54 25 -15 10 34 10

0 19 67 66 -10 6 24 26

0 38 62 93 -9 19 43 32

0 4 85 70 -15 24 44 30

0 4 45 39 -7 20 41 31

0 61 88 75 -14 31 48 2

0 63 84 93 -9 3 4 35

0 13 40 50 -17 27 42 19

0 45 48 12 -2 15 16 14

0 40 60 6 -14 0 30 24

0 10 35 85 -2 11 13 32

0 24 76 95 -10 4 10 47

0 33 52 73 -18 2 49 33

0 18 27 77 -16 14 43 14

0 11 13 36 -2 6 38 16

0 3 57 87 -12 26 41 11

0 55 88 11 -3 28 47 48

0 12 19 24 -6 28 38 19

0 49 52 84 -17 28 36 33

0 58 68 22 -6 23 26 8

0 56 75 40 -3 6 7 46

0 32 90 18 -20 29 42 43

0 65 98 56 -2 27 48 25

0 5 58 72 -14 0 1 15

0 5 60 7 -15 6 15 32

0 15 44 80 -3 23 25 35

0 18 32 52 -1 16 48 43

0 27 43 4 -2 15 27 24

0 13 51 64 -2 30 42 36

0 23 39 14 -5 8 11 14

0 6 49 39 -13 7 23 36

0 60 63 1 -18 36 49 5

0 26 30 29 -13 16 29 43

0 0 2 60 -4 1 10 4

0 11 54 85 -7 15 48 47

0 18 35 20 -6 8 26 32

0 7 26 79 -3 1 6 44

0 12 23 81 -10 1 13 2

0 11 71 36 -2 21 39 42

0 6 39 61 -12 5 17 31

0 7 86 62 -12 1 8 49

0 29 40 32 -13 3 33 0

0 39 58 20 -20 17 34 47

0 4 21 66 -8 1 2 40

0 9 38 12 -20 4 44 44

0 3 6 20 -17 4 20 29

0 3 7 98 -16 0 1 42

0 14 23 60 -20 37 42 32

0 49 51 85 -17 26 45 25

0 2 6 95 -3 8 11 13

0 7 18 71 -13 20 34 15

0 1 7 81 -12 9 40 10

0 3 11 4 -16 3 15 9

0 5 19 94 -9 28 32 43

0 1 2 91 -15 5 32 6

0 0 2 0 -4 3 27 33

0 12 20 15 -10 3 13 27

0 1 16 83 -1 1 26 46

0 1 16 1 -7 23 25 40


SAlphaB: 729.0, std-dev 271.6514006679305

Earliest win: 35
Latest win: 81

WinDepth:
0 0 0 0 0 0 0 0 0 0 0 0 0 0 0 0 0 0 0 0 0 0 0 0 0 0 0 0 0 0 0 0 0 0 0 2 0 1 0 3 0 4 2 9 4 17 15 57 33 96 48 171 46 100 103 132 139 234 162 160 167 267 245 366 302 377 397 407 400 434 465 484 394 409 466 306 258 250 194 123 101 71 
SAlphaB:
0 0 0 0 0 0 0 0 0 0 0 0 0 0 0 0 0 0 0 0 0 0 0 0 0 0 0 0 0 0 0 0 0 0 0 2 0 1 0 3 0 4 2 9 4 17 15 57 33 96 48 171 46 100 103 132 139 234 162 160 167 267 245 366 302 377 397 407 400 434 465 484 394 409 466 306 258 250 194 123 101 71 

LossDepth:
SAlphaB:
0 0 0 0 0 0 0 0 0 0 0 0 0 0 0 0 0 0 0 0 0 0 0 0 0 0 0 0 0 0 0 0 0 0 0 2 0 1 0 3 0 4 2 9 4 17 15 57 33 96 48 171 46 100 103 132 139 234 162 160 167 267 245 366 302 377 397 407 400 434 465 484 394 409 466 306 258 250 194 123 101 71 

FirstWin:
0 0 0 0 0 0 0 0 0 0 0 0 0 0 0 0 0 0 0 0 0 0 0 0 0 0 0 0 0 0 0 0 0 0 0 2 0 1 0 3 0 4 0 9 0 17 0 57 0 96 0 171 0 100 0 132 0 234 0 160 0 267 0 366 0 377 0 407 0 434 0 484 0 409 0 306 0 250 0 123 0 71 
SAlphaB:
0 0 0 0 0 0 0 0 0 0 0 0 0 0 0 0 0 0 0 0 0 0 0 0 0 0 0 0 0 0 0 0 0 0 0 2 0 1 0 3 0 4 0 9 0 17 0 57 0 96 0 171 0 100 0 132 0 234 0 160 0 267 0 366 0 377 0 407 0 434 0 484 0 409 0 306 0 250 0 123 0 71 

SecondWin:
0 0 0 0 0 0 0 0 0 0 0 0 0 0 0 0 0 0 0 0 0 0 0 0 0 0 0 0 0 0 0 0 0 0 0 0 0 0 0 0 0 0 2 0 4 0 15 0 33 0 48 0 46 0 103 0 139 0 162 0 167 0 245 0 302 0 397 0 400 0 465 0 394 0 466 0 258 0 194 0 101 0 
SAlphaB:
0 0 0 0 0 0 0 0 0 0 0 0 0 0 0 0 0 0 0 0 0 0 0 0 0 0 0 0 0 0 0 0 0 0 0 0 0 0 0 0 0 0 2 0 4 0 15 0 33 0 48 0 46 0 103 0 139 0 162 0 167 0 245 0 302 0 397 0 400 0 465 0 394 0 466 0 258 0 194 0 101 0 
