0 16 93 64 -5 0 11 7

0 49 99 27 -16 2 12 27

0 19 65 99 -3 10 22 6

0 20 71 99 -15 0 10 16

0 83 94 76 -3 15 28 10

0 40 87 73 -5 4 13 7

0 29 67 17 -1 0 14 12

0 25 94 11 -7 8 14 7

0 48 95 96 -15 19 35 36

0 45 89 58 -10 9 29 45

0 27 88 36 -1 17 27 25

0 13 90 47 -2 9 13 24

0 74 77 40 -12 2 18 1

0 30 41 89 -7 20 27 33

0 60 68 2 -15 7 32 7

0 79 81 96 -5 9 20 25

0 2 86 17 -14 0 15 17

0 40 41 33 -7 46 49 15

0 88 96 8 -12 13 37 26

0 1 35 84 -19 8 18 13

0 26 48 10 -4 10 20 9

0 23 67 48 -9 6 7 23

0 14 86 23 -6 0 10 23

0 39 80 74 -3 20 36 44

0 53 80 18 -9 14 16 45

0 31 59 14 -17 11 18 37

0 35 42 60 -1 4 30 29

0 41 61 76 -9 17 27 34

0 63 68 61 -15 3 8 28

0 51 94 46 -19 0 1 4

0 91 98 32 -9 6 10 37

0 49 58 36 -13 18 40 29

0 60 62 58 -3 13 14 42

0 6 42 49 -12 13 26 6

0 2 35 67 -15 9 24 16

0 1 53 16 -14 6 23 12

0 77 83 28 -2 9 13 31

0 59 78 68 -9 15 46 44

0 0 96 33 -13 35 47 2

0 17 51 5 -14 5 6 47

0 8 44 90 -1 34 44 30

0 8 21 72 -10 0 2 24

0 50 83 92 -15 0 2 41

0 15 49 32 -4 13 32 30

0 8 33 83 -18 0 1 22

0 75 96 38 -19 21 30 7

0 37 62 26 -8 3 26 49

0 35 86 82 -10 22 49 12

0 88 92 94 -3 27 40 31

0 12 88 67 -2 0 28 46

0 1 52 72 -7 20 30 43

0 16 57 97 -4 16 28 15

0 62 94 83 -4 42 46 38

0 56 65 77 -6 18 20 45

0 17 76 9 -12 17 36 49

0 2 3 95 -19 0 9 24

0 15 34 95 -6 32 33 39

0 41 89 57 -11 1 38 48

0 10 13 56 -5 14 15 7

0 8 83 20 -5 4 21 33

0 42 96 46 -3 30 43 42

0 12 28 98 -12 17 31 43

0 0 71 21 -18 4 24 21

0 37 79 84 -3 28 37 29

0 1 65 24 -6 1 11 22

0 28 46 13 -11 7 45 8

0 11 94 7 -4 34 47 26

0 4 34 37 -19 16 40 43

0 7 16 10 -13 3 4 9

0 11 71 51 -4 7 45 3

0 48 77 26 -13 34 41 15

0 32 59 59 -16 7 33 11

0 49 63 74 -18 17 27 31

0 4 92 23 -17 30 41 43

0 12 78 34 -7 9 15 35

0 6 24 27 -15 32 38 10

0 21 24 22 -4 42 43 26

0 6 18 30 -19 10 24 29

0 11 47 13 -19 12 15 16

0 11 20 44 -3 33 38 34

0 13 70 13 -15 4 11 29

0 2 52 50 -5 3 44 27

0 12 59 94 -11 4 21 48

0 2 3 86 -11 0 14 39

0 8 59 51 -16 1 4 40

0 0 1 0 -18 11 28 45

0 28 39 30 -20 17 24 47

0 11 18 60 -8 12 16 41

0 3 6 63 -11 29 44 9

0 7 42 86 -16 25 44 43

0 4 5 68 -12 7 35 6

0 0 28 31 -4 35 36 0

0 9 25 82 -14 14 16 18

0 4 9 92 -14 19 35 31

0 3 10 66 -3 41 46 4

0 0 1 4 -15 20 41 41

0 1 24 65 -11 6 27 5

0 1 5 96 -4 1 9 28

0 4 9 1 -2 10 11 38

0 5 20 4 -17 12 18 46


SAlphaB: 701.0, std-dev 263.46688174755053

Earliest win: 37
Latest win: 81

WinDepth:
0 0 0 0 0 0 0 0 0 0 0 0 0 0 0 0 0 0 0 0 0 0 0 0 0 0 0 0 0 0 0 0 0 0 0 0 0 4 0 1 20 3 4 5 5 18 17 68 19 54 50 231 81 151 122 189 124 202 140 165 190 246 251 365 322 354 435 411 464 376 472 424 379 362 371 313 280 230 174 140 92 90 
SAlphaB:
0 0 0 0 0 0 0 0 0 0 0 0 0 0 0 0 0 0 0 0 0 0 0 0 0 0 0 0 0 0 0 0 0 0 0 0 0 4 0 1 20 3 4 5 5 18 17 68 19 54 50 231 81 151 122 189 124 202 140 165 190 246 251 365 322 354 435 411 464 376 472 424 379 362 371 313 280 230 174 140 92 90 

LossDepth:
SAlphaB:
0 0 0 0 0 0 0 0 0 0 0 0 0 0 0 0 0 0 0 0 0 0 0 0 0 0 0 0 0 0 0 0 0 0 0 0 0 4 0 1 20 3 4 5 5 18 17 68 19 54 50 231 81 151 122 189 124 202 140 165 190 246 251 365 322 354 435 411 464 376 472 424 379 362 371 313 280 230 174 140 92 90 

FirstWin:
0 0 0 0 0 0 0 0 0 0 0 0 0 0 0 0 0 0 0 0 0 0 0 0 0 0 0 0 0 0 0 0 0 0 0 0 0 4 0 1 0 3 0 5 0 18 0 68 0 54 0 231 0 151 0 189 0 202 0 165 0 246 0 365 0 354 0 411 0 376 0 424 0 362 0 313 0 230 0 140 0 90 
SAlphaB:
0 0 0 0 0 0 0 0 0 0 0 0 0 0 0 0 0 0 0 0 0 0 0 0 0 0 0 0 0 0 0 0 0 0 0 0 0 4 0 1 0 3 0 5 0 18 0 68 0 54 0 231 0 151 0 189 0 202 0 165 0 246 0 365 0 354 0 411 0 376 0 424 0 362 0 313 0 230 0 140 0 90 

SecondWin:
0 0 0 0 0 0 0 0 0 0 0 0 0 0 0 0 0 0 0 0 0 0 0 0 0 0 0 0 0 0 0 0 0 0 0 0 0 0 0 0 20 0 4 0 5 0 17 0 19 0 50 0 81 0 122 0 124 0 140 0 190 0 251 0 322 0 435 0 464 0 472 0 379 0 371 0 280 0 174 0 92 0 
SAlphaB:
0 0 0 0 0 0 0 0 0 0 0 0 0 0 0 0 0 0 0 0 0 0 0 0 0 0 0 0 0 0 0 0 0 0 0 0 0 0 0 0 20 0 4 0 5 0 17 0 19 0 50 0 81 0 122 0 124 0 140 0 190 0 251 0 322 0 435 0 464 0 472 0 379 0 371 0 280 0 174 0 92 0 
