0 29 78 73 -17 0 2 20

0 20 76 29 -9 2 7 8

0 46 78 5 -4 1 40 6

0 46 55 29 -4 1 27 20

0 61 99 53 -15 1 25 4

0 69 73 77 -6 8 18 3

0 44 60 2 -6 1 2 12

0 18 94 94 -5 0 1 22

0 69 92 41 -13 4 17 1

0 76 85 98 -3 11 25 18

0 13 92 15 -7 2 10 29

0 11 63 65 -19 6 11 2

0 14 53 67 -20 0 2 9

0 36 56 68 -4 4 26 11

0 62 79 68 -12 11 15 46

0 15 46 51 -4 28 29 10

0 15 58 62 -9 16 33 32

0 58 83 80 -20 10 16 46

0 52 55 24 -15 10 30 38

0 40 45 6 -9 5 12 5

0 5 98 30 -15 37 40 7

0 4 75 8 -2 1 11 20

0 43 51 98 -10 14 21 5

0 5 52 8 -6 7 21 4

0 29 74 9 -2 12 14 17

0 52 89 76 -16 32 36 24

0 69 84 59 -11 16 44 42

0 46 91 77 -19 2 4 15

0 28 45 0 -5 4 9 27

0 67 84 30 -5 22 38 22

0 4 51 88 -8 1 5 12

0 50 78 10 -5 4 9 34

0 29 42 11 -1 4 14 28

0 62 85 86 -11 6 9 41

0 28 91 59 -9 6 42 3

0 58 61 27 -5 3 46 39

0 80 97 29 -12 32 40 5

0 36 58 96 -12 8 18 33

0 42 64 26 -18 16 28 5

0 53 86 84 -1 0 29 45

0 42 63 50 -12 43 46 20

0 4 65 38 -12 20 41 3

0 8 25 12 -5 35 38 8

0 45 69 66 -13 11 12 20

0 48 85 36 -18 20 23 3

0 24 58 60 -4 0 1 26

0 23 57 39 -16 40 43 41

0 26 87 28 -15 14 46 48

0 34 37 41 -16 4 43 5

0 11 89 32 -2 0 6 37

0 65 66 41 -12 7 13 46

0 57 75 99 -19 13 43 31

0 17 67 64 -10 2 35 32

0 53 72 35 -15 1 47 24

0 18 22 81 -7 38 43 45

0 6 52 39 -1 10 17 25

0 4 16 91 -6 5 19 23

0 64 70 17 -16 6 46 46

0 25 53 74 -18 19 48 3

0 11 35 33 -2 14 18 4

0 16 24 30 -17 10 17 42

0 22 30 42 -8 3 4 31

0 4 34 15 -16 47 49 22

0 8 66 35 -13 20 27 6

0 17 28 53 -12 2 17 30

0 23 55 1 -19 1 23 44

0 3 6 15 -18 6 8 5

0 9 21 60 -8 18 42 24

0 12 22 42 -9 5 19 30

0 1 61 29 -18 9 16 25

0 10 96 94 -5 27 38 47

0 45 51 27 -6 15 28 38

0 2 3 91 -8 17 31 23

0 7 32 47 -2 25 34 2

0 3 20 23 -9 28 46 20

0 18 19 24 -11 22 36 24

0 4 89 36 -3 12 13 34

0 7 23 9 -1 30 37 21

0 31 53 57 -6 21 35 0

0 2 72 27 -7 10 18 44

0 16 39 93 -14 33 39 42

0 20 23 3 -3 31 35 34

0 11 19 58 -12 4 26 5

0 1 35 59 -1 0 47 27

0 10 12 96 -6 6 42 0

0 2 62 28 -18 16 48 43

0 2 72 55 -18 1 38 45

0 12 27 39 -8 3 20 33

0 6 27 35 -12 3 6 32

0 5 6 51 -15 11 33 28

0 3 68 95 -18 2 9 43

0 0 7 59 -18 1 9 19

0 5 22 72 -11 0 19 42

0 0 1 58 -15 19 36 38

0 4 6 69 -10 24 34 4

0 1 24 38 -2 1 41 18

0 7 11 32 -6 1 37 7

0 1 21 9 -9 1 17 24

0 0 1 2 -2 3 12 21

0 5 18 7 -1 29 30 48


SAlphaB: 721.0, std-dev 266.64125219803736

Earliest win: 35
Latest win: 81

WinDepth:
0 0 0 0 0 0 0 0 0 0 0 0 0 0 0 0 0 0 0 0 0 0 0 0 0 0 0 0 0 0 0 0 0 0 0 1 0 3 0 4 9 8 5 29 15 19 20 36 33 63 80 107 88 110 59 163 97 180 117 182 139 258 254 336 332 397 387 379 402 456 441 444 429 450 402 366 270 222 204 150 107 68 
SAlphaB:
0 0 0 0 0 0 0 0 0 0 0 0 0 0 0 0 0 0 0 0 0 0 0 0 0 0 0 0 0 0 0 0 0 0 0 1 0 3 0 4 9 8 5 29 15 19 20 36 33 63 80 107 88 110 59 163 97 180 117 182 139 258 254 336 332 397 387 379 402 456 441 444 429 450 402 366 270 222 204 150 107 68 

LossDepth:
SAlphaB:
0 0 0 0 0 0 0 0 0 0 0 0 0 0 0 0 0 0 0 0 0 0 0 0 0 0 0 0 0 0 0 0 0 0 0 1 0 3 0 4 9 8 5 29 15 19 20 36 33 63 80 107 88 110 59 163 97 180 117 182 139 258 254 336 332 397 387 379 402 456 441 444 429 450 402 366 270 222 204 150 107 68 

FirstWin:
0 0 0 0 0 0 0 0 0 0 0 0 0 0 0 0 0 0 0 0 0 0 0 0 0 0 0 0 0 0 0 0 0 0 0 1 0 3 0 4 0 8 0 29 0 19 0 36 0 63 0 107 0 110 0 163 0 180 0 182 0 258 0 336 0 397 0 379 0 456 0 444 0 450 0 366 0 222 0 150 0 68 
SAlphaB:
0 0 0 0 0 0 0 0 0 0 0 0 0 0 0 0 0 0 0 0 0 0 0 0 0 0 0 0 0 0 0 0 0 0 0 1 0 3 0 4 0 8 0 29 0 19 0 36 0 63 0 107 0 110 0 163 0 180 0 182 0 258 0 336 0 397 0 379 0 456 0 444 0 450 0 366 0 222 0 150 0 68 

SecondWin:
0 0 0 0 0 0 0 0 0 0 0 0 0 0 0 0 0 0 0 0 0 0 0 0 0 0 0 0 0 0 0 0 0 0 0 0 0 0 0 0 9 0 5 0 15 0 20 0 33 0 80 0 88 0 59 0 97 0 117 0 139 0 254 0 332 0 387 0 402 0 441 0 429 0 402 0 270 0 204 0 107 0 
SAlphaB:
0 0 0 0 0 0 0 0 0 0 0 0 0 0 0 0 0 0 0 0 0 0 0 0 0 0 0 0 0 0 0 0 0 0 0 0 0 0 0 0 9 0 5 0 15 0 20 0 33 0 80 0 88 0 59 0 97 0 117 0 139 0 254 0 332 0 387 0 402 0 441 0 429 0 402 0 270 0 204 0 107 0 
