0 40 70 82 -20 5 13 7

0 39 79 62 -11 4 13 10

0 11 44 69 -12 0 3 7

0 13 90 15 -4 3 15 11

0 11 65 31 -16 0 1 25

0 52 83 82 -12 3 14 42

0 68 70 11 -18 10 27 8

0 14 36 37 -8 3 7 11

0 4 74 89 -10 25 44 22

0 58 91 49 -3 7 10 36

0 43 49 75 -8 0 6 9

0 74 78 91 -6 0 14 17

0 52 71 1 -15 0 9 42

0 65 79 6 -12 3 5 31

0 61 72 59 -19 15 38 42

0 52 64 90 -1 5 7 3

0 37 78 2 -18 7 11 42

0 4 79 29 -20 11 17 6

0 23 49 99 -13 6 19 33

0 54 98 17 -3 3 6 33

0 30 63 70 -3 3 5 19

0 17 59 62 -6 19 37 29

0 34 77 87 -11 21 34 33

0 73 98 62 -20 3 5 14

0 28 80 92 -4 30 49 45

0 72 89 11 -16 11 35 15

0 40 41 0 -19 30 42 12

0 31 49 30 -4 24 42 1

0 1 68 94 -9 17 41 5

0 50 68 38 -10 11 25 38

0 37 95 16 -19 9 11 17

0 29 40 98 -4 15 32 26

0 45 97 94 -19 30 44 16

0 18 65 43 -20 1 26 19

0 13 91 15 -2 18 46 14

0 43 50 93 -11 1 27 23

0 56 77 86 -2 14 18 42

0 15 59 38 -7 33 43 26

0 73 94 61 -7 7 9 8

0 16 42 59 -20 13 14 11

0 37 71 87 -10 28 41 26

0 33 77 22 -15 15 18 36

0 15 17 60 -7 3 5 8

0 17 70 15 -8 21 42 35

0 33 43 73 -10 21 41 32

0 13 37 31 -4 17 31 21

0 10 19 98 -18 13 19 42

0 7 8 32 -19 1 6 16

0 26 89 5 -14 11 16 16

0 6 59 60 -5 3 20 32

0 11 53 82 -18 21 45 41

0 57 84 18 -18 45 47 13

0 32 61 40 -2 0 6 31

0 39 96 61 -5 24 45 49

0 15 24 28 -6 0 1 40

0 76 90 91 -4 24 29 2

0 19 25 82 -17 0 46 3

0 46 87 9 -8 32 40 41

0 11 27 80 -14 12 48 12

0 38 58 8 -20 13 34 37

0 24 69 19 -16 11 22 9

0 18 23 56 -7 1 24 15

0 18 55 39 -2 18 30 17

0 0 60 9 -13 5 23 20

0 32 65 9 -16 29 49 30

0 1 75 7 -8 1 11 35

0 21 24 47 -4 30 43 24

0 8 38 35 -5 9 33 39

0 38 67 12 -4 22 23 29

0 25 49 36 -3 23 47 25

0 11 22 46 -16 0 28 7

0 16 31 64 -17 17 19 40

0 13 19 44 -10 41 46 11

0 6 24 77 -14 10 37 38

0 3 11 91 -17 19 48 15

0 11 27 37 -13 40 43 40

0 30 33 43 -9 21 48 8

0 19 38 58 -10 1 6 38

0 1 7 58 -18 18 19 17

0 37 73 12 -4 32 47 18

0 12 25 28 -20 8 10 24

0 2 7 63 -12 10 46 16

0 5 6 47 -11 29 32 1

0 15 93 22 -15 16 25 24

0 0 7 1 -10 0 21 9

0 0 34 70 -19 20 23 29

0 2 53 30 -1 5 6 42

0 10 48 5 -1 15 20 37

0 3 54 16 -19 30 47 1

0 17 19 99 -16 19 44 1

0 1 6 79 -6 0 8 44

0 11 13 95 -12 27 28 39

0 20 26 44 -17 10 14 0

0 3 13 73 -1 30 40 37

0 15 16 17 -18 23 31 3

0 12 13 0 -5 22 28 38

0 10 15 23 -13 22 26 41

0 1 2 27 -19 3 5 29

0 2 3 6 -8 24 49 13

0 0 18 10 -18 11 21 39


SAlphaB: 717.0, std-dev 262.7373328261632

Earliest win: 37
Latest win: 81

WinDepth:
0 0 0 0 0 0 0 0 0 0 0 0 0 0 0 0 0 0 0 0 0 0 0 0 0 0 0 0 0 0 0 0 0 0 0 0 0 10 0 4 6 5 1 20 4 11 3 29 11 34 14 258 57 93 76 181 128 206 184 129 183 233 237 319 352 348 420 380 454 443 466 479 423 405 403 376 235 270 209 142 95 85 
SAlphaB:
0 0 0 0 0 0 0 0 0 0 0 0 0 0 0 0 0 0 0 0 0 0 0 0 0 0 0 0 0 0 0 0 0 0 0 0 0 10 0 4 6 5 1 20 4 11 3 29 11 34 14 258 57 93 76 181 128 206 184 129 183 233 237 319 352 348 420 380 454 443 466 479 423 405 403 376 235 270 209 142 95 85 

LossDepth:
SAlphaB:
0 0 0 0 0 0 0 0 0 0 0 0 0 0 0 0 0 0 0 0 0 0 0 0 0 0 0 0 0 0 0 0 0 0 0 0 0 10 0 4 6 5 1 20 4 11 3 29 11 34 14 258 57 93 76 181 128 206 184 129 183 233 237 319 352 348 420 380 454 443 466 479 423 405 403 376 235 270 209 142 95 85 

FirstWin:
0 0 0 0 0 0 0 0 0 0 0 0 0 0 0 0 0 0 0 0 0 0 0 0 0 0 0 0 0 0 0 0 0 0 0 0 0 10 0 4 0 5 0 20 0 11 0 29 0 34 0 258 0 93 0 181 0 206 0 129 0 233 0 319 0 348 0 380 0 443 0 479 0 405 0 376 0 270 0 142 0 85 
SAlphaB:
0 0 0 0 0 0 0 0 0 0 0 0 0 0 0 0 0 0 0 0 0 0 0 0 0 0 0 0 0 0 0 0 0 0 0 0 0 10 0 4 0 5 0 20 0 11 0 29 0 34 0 258 0 93 0 181 0 206 0 129 0 233 0 319 0 348 0 380 0 443 0 479 0 405 0 376 0 270 0 142 0 85 

SecondWin:
0 0 0 0 0 0 0 0 0 0 0 0 0 0 0 0 0 0 0 0 0 0 0 0 0 0 0 0 0 0 0 0 0 0 0 0 0 0 0 0 6 0 1 0 4 0 3 0 11 0 14 0 57 0 76 0 128 0 184 0 183 0 237 0 352 0 420 0 454 0 466 0 423 0 403 0 235 0 209 0 95 0 
SAlphaB:
0 0 0 0 0 0 0 0 0 0 0 0 0 0 0 0 0 0 0 0 0 0 0 0 0 0 0 0 0 0 0 0 0 0 0 0 0 0 0 0 6 0 1 0 4 0 3 0 11 0 14 0 57 0 76 0 128 0 184 0 183 0 237 0 352 0 420 0 454 0 466 0 423 0 403 0 235 0 209 0 95 0 
