0 32 81 16 -1 4 15 2

0 20 70 30 -10 2 9 8

0 27 84 33 -5 1 14 8

0 28 89 37 -2 5 15 10

0 27 66 59 -8 1 6 2

0 30 50 39 -15 3 12 23

0 42 51 11 -12 6 21 12

0 20 51 28 -13 2 4 3

0 21 72 54 -17 1 7 11

0 25 60 18 -10 3 6 2

0 66 76 94 -8 0 31 23

0 50 77 69 -11 11 15 35

0 49 69 32 -12 0 3 17

0 42 96 44 -17 6 14 9

0 51 79 65 -19 3 25 32

0 22 71 12 -6 2 9 7

0 21 88 5 -15 1 7 37

0 52 83 44 -3 12 14 15

0 47 82 99 -6 11 31 27

0 50 98 6 -17 0 11 9

0 47 74 26 -4 4 14 5

0 57 92 39 -15 6 31 15

0 53 75 82 -12 2 6 13

0 57 63 81 -9 9 30 23

0 36 84 5 -10 0 15 26

0 30 95 69 -8 2 7 16

0 67 68 80 -12 2 32 25

0 62 83 62 -11 5 35 14

0 60 84 54 -19 0 1 33

0 48 98 8 -12 5 20 5

0 26 81 33 -14 1 7 1

0 15 62 24 -1 3 9 18

0 19 71 7 -17 0 5 14

0 21 78 53 -19 0 3 26

0 41 49 73 -14 3 8 25

0 86 96 68 -3 6 25 16

0 34 63 74 -19 3 23 21

0 52 57 48 -17 0 5 13

0 60 89 94 -3 4 27 1

0 55 87 88 -10 0 1 9

0 75 93 67 -14 18 23 0

0 21 79 50 -5 0 2 2

0 43 78 75 -2 3 22 4

0 57 95 40 -19 3 17 10

0 44 68 51 -1 1 18 28

0 24 77 36 -7 5 7 21

0 60 69 34 -2 3 19 8

0 18 95 57 -17 0 2 23

0 73 89 46 -20 9 15 23

0 53 94 48 -20 3 16 9

0 46 48 65 -20 0 2 6

0 23 45 49 -13 3 6 11

0 17 46 83 -16 0 2 19

0 20 46 69 -4 1 13 19

0 39 72 21 -11 7 32 18

0 51 92 70 -14 2 10 35

0 41 58 13 -15 2 10 10

0 14 42 81 -10 7 19 4

0 46 87 36 -20 1 5 2

0 35 43 44 -18 5 13 18

0 29 81 39 -3 4 33 37

0 55 61 38 -17 5 17 35

0 85 88 67 -1 5 47 34

0 23 46 39 -3 6 16 11

0 41 93 61 -9 8 37 27

0 65 84 43 -16 0 1 27

0 21 27 52 -8 0 5 6

0 35 83 80 -17 2 3 16

0 36 51 35 -9 2 16 3

0 18 41 47 -18 0 2 33

0 67 81 69 -8 7 16 10

0 4 68 86 -13 2 6 7

0 14 47 85 -14 0 1 23

0 1 49 53 -13 1 3 7

0 28 45 33 -4 8 9 21

0 45 48 77 -13 3 7 9

0 7 15 66 -10 5 11 18

0 89 99 23 -8 0 2 31

0 25 94 39 -5 2 7 15

0 40 64 91 -5 5 7 3

0 15 46 39 -11 18 28 8

0 3 73 95 -10 29 46 37

0 8 80 20 -18 0 1 4

0 31 48 63 -11 24 39 5

0 67 99 4 -17 6 14 45

0 40 48 84 -19 9 11 8

0 17 41 88 -10 2 5 13

0 1 90 69 -10 35 43 9

0 15 62 8 -8 5 7 20

0 15 25 12 -6 3 11 7

0 27 57 87 -8 4 33 6

0 27 56 87 -14 39 44 4

0 40 50 94 -8 31 43 18

0 7 18 21 -6 0 1 17

0 34 85 84 -13 0 1 23

0 28 33 45 -19 7 23 21

0 35 64 72 -5 21 30 15

0 26 52 87 -4 11 43 3

0 9 67 14 -3 11 33 6

0 40 47 86 -8 29 34 19


SAlphaB: 763.0, std-dev 254.80786195710587

Earliest win: 35
Latest win: 81

WinDepth:
0 0 0 0 0 0 0 0 0 0 0 0 0 0 0 0 0 0 0 0 0 0 0 0 0 0 0 0 0 0 0 0 0 0 0 1 2 6 5 12 14 20 12 60 21 79 28 195 61 181 139 462 153 320 240 420 354 553 309 526 448 658 637 837 739 1013 867 995 1008 1009 955 945 892 876 938 713 596 443 391 287 228 153 
SAlphaB:
0 0 0 0 0 0 0 0 0 0 0 0 0 0 0 0 0 0 0 0 0 0 0 0 0 0 0 0 0 0 0 0 0 0 0 1 2 6 5 12 14 20 12 60 21 79 28 195 61 181 139 462 153 320 240 420 354 553 309 526 448 658 637 837 739 1013 867 995 1008 1009 955 945 892 876 938 713 596 443 391 287 228 153 

LossDepth:
SAlphaB:
0 0 0 0 0 0 0 0 0 0 0 0 0 0 0 0 0 0 0 0 0 0 0 0 0 0 0 0 0 0 0 0 0 0 0 0 3 1 5 11 20 16 3 38 13 44 13 93 39 93 99 186 107 164 184 276 198 372 187 323 265 439 408 584 517 729 656 828 706 821 696 801 671 725 769 715 498 415 311 269 238 137 

FirstWin:
0 0 0 0 0 0 0 0 0 0 0 0 0 0 0 0 0 0 0 0 0 0 0 0 0 0 0 0 0 0 0 0 0 0 0 1 0 6 0 12 0 20 0 60 0 79 0 195 0 181 0 462 0 320 0 420 0 553 0 526 0 658 0 837 0 1013 0 995 0 1009 0 945 0 876 0 713 0 443 0 287 0 153 
SAlphaB:
0 0 0 0 0 0 0 0 0 0 0 0 0 0 0 0 0 0 0 0 0 0 0 0 0 0 0 0 0 0 0 0 0 0 0 1 0 6 0 12 0 20 0 60 0 79 0 195 0 181 0 462 0 320 0 420 0 553 0 526 0 658 0 837 0 1013 0 995 0 1009 0 945 0 876 0 713 0 443 0 287 0 153 

SecondWin:
0 0 0 0 0 0 0 0 0 0 0 0 0 0 0 0 0 0 0 0 0 0 0 0 0 0 0 0 0 0 0 0 0 0 0 0 2 0 5 0 14 0 12 0 21 0 28 0 61 0 139 0 153 0 240 0 354 0 309 0 448 0 637 0 739 0 867 0 1008 0 955 0 892 0 938 0 596 0 391 0 228 0 
SAlphaB:
0 0 0 0 0 0 0 0 0 0 0 0 0 0 0 0 0 0 0 0 0 0 0 0 0 0 0 0 0 0 0 0 0 0 0 0 2 0 5 0 14 0 12 0 21 0 28 0 61 0 139 0 153 0 240 0 354 0 309 0 448 0 637 0 739 0 867 0 1008 0 955 0 892 0 938 0 596 0 391 0 228 0 
