0 43 78 75 -2 3 22 4

0 53 75 82 -12 2 6 13

0 29 81 39 -3 4 33 37

0 35 83 80 -17 2 3 16

0 60 89 94 -3 4 27 1

0 47 82 99 -6 11 31 27

0 15 25 12 -6 3 11 7

0 23 46 39 -3 6 16 11

0 57 92 39 -15 6 31 15

0 86 96 68 -3 6 25 16

0 29 62 62 -6 6 21 33

0 64 79 95 -13 17 32 18

0 55 88 14 -10 9 12 10

0 19 93 38 -17 8 24 25

0 52 78 92 -19 4 36 34

0 20 57 68 -16 12 16 15

0 43 44 28 -8 12 36 28

0 65 89 64 -17 0 24 31

0 61 87 5 -10 7 12 27

0 74 90 30 -4 14 29 38

0 36 95 19 -1 8 9 10

0 15 68 17 -15 5 34 29

0 69 95 7 -12 11 18 0

0 18 50 79 -2 14 29 9

0 34 82 50 -7 6 42 37

0 23 56 93 -9 5 18 34

0 42 84 15 -1 13 17 42

0 23 57 82 -5 1 22 28

0 2 43 42 -4 3 4 21

0 35 42 52 -8 10 36 10

0 36 40 55 -12 23 41 13

0 71 90 44 -8 0 2 40

0 25 35 31 -3 29 35 3

0 9 14 99 -17 30 43 27

0 45 69 27 -2 2 13 40

0 29 75 81 -18 4 5 36

0 31 45 44 -17 34 39 36

0 34 56 78 -6 35 48 5

0 18 92 73 -3 22 29 17

0 82 84 33 -2 25 40 46

0 34 67 61 -2 14 20 48

0 9 99 75 -17 17 47 24

0 27 88 58 -1 2 4 15

0 38 68 88 -18 27 40 35

0 69 71 77 -19 1 7 7

0 40 52 1 -5 5 6 18

0 78 82 74 -17 1 2 7

0 59 97 73 -13 22 27 15

0 10 11 6 -15 0 1 4

0 4 22 92 -17 0 11 20

0 9 90 6 -15 11 32 22

0 62 71 60 -14 38 48 14

0 9 17 68 -16 10 13 7

0 13 67 70 -18 29 47 19

0 19 22 15 -13 12 18 2

0 16 86 97 -4 2 19 32

0 55 64 3 -12 7 39 41

0 27 31 23 -2 3 33 40

0 26 42 29 -19 0 29 14

0 5 40 68 -14 28 30 4

0 41 45 35 -7 3 7 41

0 18 46 94 -2 13 40 26

0 10 17 29 -8 1 12 19

0 49 60 3 -3 5 10 47

0 6 7 56 -12 41 44 40

0 14 18 44 -20 4 9 5

0 10 22 80 -17 6 9 39

0 23 63 90 -9 15 18 25

0 7 13 13 -10 1 6 11

0 16 64 37 -15 17 26 34

0 9 60 97 -10 5 9 30

0 75 99 8 -6 0 7 40

0 33 34 85 -9 23 48 43

0 29 38 46 -1 42 43 43

0 1 32 83 -13 0 5 45

0 2 3 87 -3 21 48 17

0 70 89 47 -9 38 40 17

0 18 37 77 -7 1 43 4

0 0 22 52 -16 20 23 44

0 6 10 96 -14 13 16 19

0 10 58 77 -2 4 42 9

0 37 45 57 -4 4 42 28

0 2 3 90 -13 5 8 9

0 14 50 75 -3 26 37 38

0 8 22 10 -5 12 14 30

0 4 6 62 -20 6 39 26

0 8 17 42 -9 21 40 26

0 0 2 54 -20 2 8 14

0 7 43 49 -7 0 23 45

0 5 16 52 -10 36 37 34

0 2 15 92 -9 10 46 48

0 1 7 36 -2 1 2 9

0 7 24 17 -18 20 22 40

0 9 19 19 -20 4 5 45

0 0 14 82 -20 5 41 0

0 0 32 37 -16 1 2 49

0 12 36 72 -5 2 40 47

0 11 19 34 -2 5 7 48

0 1 5 77 -12 0 6 42

0 22 25 2 -8 20 28 41


SAlphaB: 717.0, std-dev 257.48541147259607

Earliest win: 37
Latest win: 81

WinDepth:
0 0 0 0 0 0 0 0 0 0 0 0 0 0 0 0 0 0 0 0 0 0 0 0 0 0 0 0 0 0 0 0 0 0 0 0 0 9 1 5 4 9 7 9 12 11 15 28 25 51 73 123 77 140 81 171 125 164 127 209 161 267 238 336 337 337 381 408 484 413 479 424 405 401 451 366 261 242 196 119 122 80 
SAlphaB:
0 0 0 0 0 0 0 0 0 0 0 0 0 0 0 0 0 0 0 0 0 0 0 0 0 0 0 0 0 0 0 0 0 0 0 0 0 9 1 5 4 9 7 9 12 11 15 28 25 51 73 123 77 140 81 171 125 164 127 209 161 267 238 336 337 337 381 408 484 413 479 424 405 401 451 366 261 242 196 119 122 80 

LossDepth:
SAlphaB:
0 0 0 0 0 0 0 0 0 0 0 0 0 0 0 0 0 0 0 0 0 0 0 0 0 0 0 0 0 0 0 0 0 0 0 0 0 9 1 5 4 9 7 9 12 11 15 28 25 51 73 123 77 140 81 171 125 164 127 209 161 267 238 336 337 337 381 408 484 413 479 424 405 401 451 366 261 242 196 119 122 80 

FirstWin:
0 0 0 0 0 0 0 0 0 0 0 0 0 0 0 0 0 0 0 0 0 0 0 0 0 0 0 0 0 0 0 0 0 0 0 0 0 9 0 5 0 9 0 9 0 11 0 28 0 51 0 123 0 140 0 171 0 164 0 209 0 267 0 336 0 337 0 408 0 413 0 424 0 401 0 366 0 242 0 119 0 80 
SAlphaB:
0 0 0 0 0 0 0 0 0 0 0 0 0 0 0 0 0 0 0 0 0 0 0 0 0 0 0 0 0 0 0 0 0 0 0 0 0 9 0 5 0 9 0 9 0 11 0 28 0 51 0 123 0 140 0 171 0 164 0 209 0 267 0 336 0 337 0 408 0 413 0 424 0 401 0 366 0 242 0 119 0 80 

SecondWin:
0 0 0 0 0 0 0 0 0 0 0 0 0 0 0 0 0 0 0 0 0 0 0 0 0 0 0 0 0 0 0 0 0 0 0 0 0 0 1 0 4 0 7 0 12 0 15 0 25 0 73 0 77 0 81 0 125 0 127 0 161 0 238 0 337 0 381 0 484 0 479 0 405 0 451 0 261 0 196 0 122 0 
SAlphaB:
0 0 0 0 0 0 0 0 0 0 0 0 0 0 0 0 0 0 0 0 0 0 0 0 0 0 0 0 0 0 0 0 0 0 0 0 0 0 1 0 4 0 7 0 12 0 15 0 25 0 73 0 77 0 81 0 125 0 127 0 161 0 238 0 337 0 381 0 484 0 479 0 405 0 451 0 261 0 196 0 122 0 
