0 42 96 44 -17 6 14 9

0 45 48 77 -13 3 7 9

0 34 63 74 -19 3 23 21

0 9 67 14 -3 11 33 6

0 7 18 21 -6 0 1 17

0 1 49 53 -13 1 3 7

0 35 64 72 -5 21 30 15

0 66 76 94 -8 0 31 23

0 75 93 67 -14 18 23 0

0 20 46 69 -4 1 13 19

0 49 66 72 -7 0 30 29

0 25 77 24 -16 4 15 31

0 44 85 63 -14 9 33 44

0 66 70 5 -19 4 6 33

0 7 52 10 -8 1 2 14

0 41 43 0 -10 4 22 17

0 34 82 39 -15 25 45 21

0 31 55 58 -18 7 22 26

0 56 94 21 -6 16 29 37

0 28 70 79 -7 18 41 29

0 41 62 83 -15 0 1 17

0 17 95 80 -16 11 15 41

0 16 23 72 -3 0 2 5

0 19 39 58 -13 1 5 29

0 36 67 27 -14 15 34 47

0 27 66 63 -16 7 29 46

0 53 59 52 -2 15 49 33

0 1 49 63 -11 10 22 44

0 37 58 36 -2 13 27 15

0 18 35 93 -5 14 36 10

0 26 78 30 -18 6 12 48

0 46 48 30 -1 14 25 33

0 19 59 28 -5 3 19 18

0 11 80 82 -9 8 23 41

0 90 94 39 -3 5 24 26

0 18 36 1 -2 8 15 31

0 4 79 55 -3 2 10 22

0 7 46 35 -16 12 21 11

0 21 74 97 -10 12 32 47

0 18 19 15 -15 5 29 15

0 0 37 74 -5 18 36 13

0 20 21 26 -5 21 33 22

0 86 93 74 -5 1 12 35

0 70 74 20 -18 5 45 44

0 11 22 9 -10 8 11 31

0 32 41 94 -20 30 37 39

0 17 69 86 -3 6 24 35

0 7 18 64 -19 2 3 7

0 13 23 49 -14 5 16 10

0 20 45 12 -17 5 38 27

0 6 7 96 -20 2 6 36

0 17 18 36 -18 1 13 14

0 4 32 0 -3 1 7 19

0 0 45 51 -12 9 21 27

0 15 38 6 -8 10 39 24

0 1 91 57 -9 7 8 49

0 10 34 28 -13 0 6 40

0 19 21 86 -18 1 14 32

0 6 98 55 -10 10 20 47

0 27 33 17 -1 41 45 38

0 12 16 72 -7 10 36 22

0 89 93 16 -16 33 42 7

0 2 18 95 -13 0 1 27

0 1 29 29 -13 11 16 13

0 11 18 49 -4 21 28 1

0 34 39 43 -12 8 38 46

0 0 1 79 -13 14 44 28

0 5 15 49 -16 23 48 16

0 61 63 52 -2 6 7 43

0 2 5 74 -8 6 8 23

0 16 20 98 -14 8 25 48

0 27 38 58 -12 4 32 35

0 36 44 29 -9 28 35 9

0 4 10 39 -11 29 42 43

0 3 13 45 -7 11 23 4

0 5 20 44 -6 14 28 38

0 0 1 36 -15 10 20 7

0 48 54 93 -16 16 28 30

0 0 1 38 -7 8 10 43

0 27 30 99 -12 14 40 0

0 1 6 23 -9 9 36 6

0 4 5 14 -18 15 19 2

0 9 15 77 -3 14 31 8

0 18 27 10 -11 19 33 32

0 3 30 98 -4 2 40 25

0 4 9 44 -2 25 49 31

0 12 54 44 -16 28 46 0

0 6 20 40 -2 1 5 28

0 4 15 32 -19 32 47 10

0 14 36 0 -12 19 30 29

0 1 8 45 -17 1 7 46

0 2 17 55 -10 32 35 17

0 13 20 43 -3 25 30 47

0 4 19 27 -3 0 40 4

0 2 5 7 -9 0 9 44

0 4 5 14 -3 0 10 30

0 6 7 80 -12 23 37 48

0 14 19 33 -12 18 20 42

0 0 1 36 -1 14 39 37

0 0 1 23 -4 0 47 49


SAlphaB: 709.0, std-dev 249.87461946853557

Earliest win: 39
Latest win: 81

WinDepth:
0 0 0 0 0 0 0 0 0 0 0 0 0 0 0 0 0 0 0 0 0 0 0 0 0 0 0 0 0 0 0 0 0 0 0 0 0 0 0 5 2 11 7 6 8 8 16 26 17 109 37 249 76 119 82 177 149 166 191 157 138 214 241 317 334 327 416 372 426 398 438 432 414 413 389 343 266 215 132 150 95 84 
SAlphaB:
0 0 0 0 0 0 0 0 0 0 0 0 0 0 0 0 0 0 0 0 0 0 0 0 0 0 0 0 0 0 0 0 0 0 0 0 0 0 0 5 2 11 7 6 8 8 16 26 17 109 37 249 76 119 82 177 149 166 191 157 138 214 241 317 334 327 416 372 426 398 438 432 414 413 389 343 266 215 132 150 95 84 

LossDepth:
SAlphaB:
0 0 0 0 0 0 0 0 0 0 0 0 0 0 0 0 0 0 0 0 0 0 0 0 0 0 0 0 0 0 0 0 0 0 0 0 0 0 0 5 2 11 7 6 8 8 16 26 17 109 37 249 76 119 82 177 149 166 191 157 138 214 241 317 334 327 416 372 426 398 438 432 414 413 389 343 266 215 132 150 95 84 

FirstWin:
0 0 0 0 0 0 0 0 0 0 0 0 0 0 0 0 0 0 0 0 0 0 0 0 0 0 0 0 0 0 0 0 0 0 0 0 0 0 0 5 0 11 0 6 0 8 0 26 0 109 0 249 0 119 0 177 0 166 0 157 0 214 0 317 0 327 0 372 0 398 0 432 0 413 0 343 0 215 0 150 0 84 
SAlphaB:
0 0 0 0 0 0 0 0 0 0 0 0 0 0 0 0 0 0 0 0 0 0 0 0 0 0 0 0 0 0 0 0 0 0 0 0 0 0 0 5 0 11 0 6 0 8 0 26 0 109 0 249 0 119 0 177 0 166 0 157 0 214 0 317 0 327 0 372 0 398 0 432 0 413 0 343 0 215 0 150 0 84 

SecondWin:
0 0 0 0 0 0 0 0 0 0 0 0 0 0 0 0 0 0 0 0 0 0 0 0 0 0 0 0 0 0 0 0 0 0 0 0 0 0 0 0 2 0 7 0 8 0 16 0 17 0 37 0 76 0 82 0 149 0 191 0 138 0 241 0 334 0 416 0 426 0 438 0 414 0 389 0 266 0 132 0 95 0 
SAlphaB:
0 0 0 0 0 0 0 0 0 0 0 0 0 0 0 0 0 0 0 0 0 0 0 0 0 0 0 0 0 0 0 0 0 0 0 0 0 0 0 0 2 0 7 0 8 0 16 0 17 0 37 0 76 0 82 0 149 0 191 0 138 0 241 0 334 0 416 0 426 0 438 0 414 0 389 0 266 0 132 0 95 0 
