0 53 94 48 -20 3 16 9

0 21 78 53 -19 0 3 26

0 48 98 8 -12 5 20 5

0 18 95 57 -17 0 2 23

0 15 62 24 -1 3 9 18

0 17 46 83 -16 0 2 19

0 21 88 5 -15 1 7 37

0 52 57 48 -17 0 5 13

0 50 77 69 -11 11 15 35

0 60 84 54 -19 0 1 33

0 29 70 33 -13 5 22 4

0 62 87 31 -4 16 42 5

0 21 24 46 -13 2 5 3

0 22 38 59 -4 1 2 8

0 48 86 15 -4 8 9 27

0 75 80 18 -10 4 31 25

0 23 73 85 -3 15 34 8

0 33 53 97 -12 6 17 41

0 41 61 45 -15 2 3 42

0 40 54 56 -10 17 21 16

0 8 43 74 -14 18 32 29

0 25 43 74 -9 8 23 20

0 66 78 29 -8 15 19 37

0 8 43 78 -11 5 12 35

0 48 49 25 -10 4 24 43

0 88 91 82 -14 29 35 44

0 45 61 42 -2 7 32 47

0 28 94 78 -17 5 20 31

0 41 60 89 -18 2 3 7

0 36 95 26 -11 3 45 5

0 11 26 61 -3 13 15 11

0 23 98 13 -20 6 10 5

0 69 95 64 -17 17 43 20

0 40 52 33 -20 12 43 22

0 39 63 11 -11 6 24 36

0 38 54 74 -20 21 31 15

0 29 93 84 -8 20 27 23

0 13 79 8 -15 9 19 27

0 0 87 26 -12 5 20 8

0 59 84 66 -2 19 22 8

0 13 80 96 -8 14 18 24

0 21 40 58 -3 4 13 43

0 32 85 88 -8 19 37 8

0 41 71 64 -4 22 25 47

0 10 61 59 -6 5 10 30

0 16 26 78 -9 16 31 2

0 23 24 87 -10 12 25 8

0 50 80 13 -20 12 48 11

0 0 97 8 -14 1 17 43

0 26 54 59 -16 7 8 6

0 38 58 64 -5 37 47 16

0 58 59 14 -17 19 35 14

0 17 69 21 -7 11 18 32

0 49 51 61 -6 28 42 34

0 4 53 76 -16 0 1 15

0 45 97 78 -4 0 1 36

0 37 89 71 -17 14 19 13

0 13 19 16 -14 10 11 11

0 53 68 80 -6 0 41 48

0 0 28 89 -5 16 31 33

0 10 60 5 -13 13 30 24

0 10 85 25 -6 1 22 44

0 4 53 97 -9 1 4 20

0 10 11 59 -3 12 33 28

0 10 90 25 -11 29 30 20

0 64 88 28 -8 24 37 46

0 1 31 95 -15 25 41 36

0 44 60 91 -13 28 36 20

0 11 61 1 -18 10 31 49

0 9 14 31 -18 0 1 9

0 0 22 46 -9 6 15 29

0 41 46 8 -3 20 31 30

0 34 40 18 -5 16 21 15

0 12 35 96 -17 1 15 33

0 11 14 28 -11 2 15 15

0 20 50 34 -18 40 46 25

0 0 25 26 -20 44 49 16

0 0 16 3 -15 21 46 23

0 6 15 76 -6 20 22 42

0 10 47 40 -16 16 49 8

0 18 75 13 -10 20 28 14

0 12 25 32 -15 20 39 43

0 9 85 59 -19 4 28 48

0 39 86 6 -2 28 29 18

0 31 66 4 -19 8 39 41

0 10 12 76 -10 35 44 27

0 2 12 20 -17 0 33 7

0 5 11 26 -1 24 44 12

0 0 1 24 -13 0 17 2

0 20 57 97 -6 12 48 46

0 11 15 1 -19 34 49 30

0 3 4 47 -14 1 18 38

0 3 85 99 -11 3 43 22

0 39 49 28 -20 30 48 47

0 1 45 50 -6 6 47 39

0 8 14 49 -1 12 28 43

0 0 8 97 -7 8 19 37

0 3 4 53 -4 2 40 37

0 1 2 60 -6 1 9 14

0 3 19 84 -2 6 35 47


SAlphaB: 717.0, std-dev 275.9699277278251

Earliest win: 35
Latest win: 81

WinDepth:
0 0 0 0 0 0 0 0 0 0 0 0 0 0 0 0 0 0 0 0 0 0 0 0 0 0 0 0 0 0 0 0 0 0 0 1 0 3 1 13 6 4 2 24 14 23 12 55 32 105 68 204 90 134 97 142 136 197 133 220 166 230 263 310 306 388 395 421 451 455 450 416 406 358 377 322 253 246 188 114 88 69 
SAlphaB:
0 0 0 0 0 0 0 0 0 0 0 0 0 0 0 0 0 0 0 0 0 0 0 0 0 0 0 0 0 0 0 0 0 0 0 1 0 3 1 13 6 4 2 24 14 23 12 55 32 105 68 204 90 134 97 142 136 197 133 220 166 230 263 310 306 388 395 421 451 455 450 416 406 358 377 322 253 246 188 114 88 69 

LossDepth:
SAlphaB:
0 0 0 0 0 0 0 0 0 0 0 0 0 0 0 0 0 0 0 0 0 0 0 0 0 0 0 0 0 0 0 0 0 0 0 1 0 3 1 13 6 4 2 24 14 23 12 55 32 105 68 204 90 134 97 142 136 197 133 220 166 230 263 310 306 388 395 421 451 455 450 416 406 358 377 322 253 246 188 114 88 69 

FirstWin:
0 0 0 0 0 0 0 0 0 0 0 0 0 0 0 0 0 0 0 0 0 0 0 0 0 0 0 0 0 0 0 0 0 0 0 1 0 3 0 13 0 4 0 24 0 23 0 55 0 105 0 204 0 134 0 142 0 197 0 220 0 230 0 310 0 388 0 421 0 455 0 416 0 358 0 322 0 246 0 114 0 69 
SAlphaB:
0 0 0 0 0 0 0 0 0 0 0 0 0 0 0 0 0 0 0 0 0 0 0 0 0 0 0 0 0 0 0 0 0 0 0 1 0 3 0 13 0 4 0 24 0 23 0 55 0 105 0 204 0 134 0 142 0 197 0 220 0 230 0 310 0 388 0 421 0 455 0 416 0 358 0 322 0 246 0 114 0 69 

SecondWin:
0 0 0 0 0 0 0 0 0 0 0 0 0 0 0 0 0 0 0 0 0 0 0 0 0 0 0 0 0 0 0 0 0 0 0 0 0 0 1 0 6 0 2 0 14 0 12 0 32 0 68 0 90 0 97 0 136 0 133 0 166 0 263 0 306 0 395 0 451 0 450 0 406 0 377 0 253 0 188 0 88 0 
SAlphaB:
0 0 0 0 0 0 0 0 0 0 0 0 0 0 0 0 0 0 0 0 0 0 0 0 0 0 0 0 0 0 0 0 0 0 0 0 0 0 1 0 6 0 2 0 14 0 12 0 32 0 68 0 90 0 97 0 136 0 133 0 166 0 263 0 306 0 395 0 451 0 450 0 406 0 377 0 253 0 188 0 88 0 
