0 47 74 26 -4 4 14 5

0 20 70 30 -10 2 9 8

0 18 41 47 -18 0 2 33

0 65 84 43 -16 0 1 27

0 27 84 33 -5 1 14 8

0 8 80 20 -18 0 1 4

0 21 72 54 -17 1 7 11

0 4 68 86 -13 2 6 7

0 31 48 63 -11 24 39 5

0 28 45 33 -4 8 9 21

0 53 87 0 -3 12 42 14

0 44 98 71 -12 7 37 34

0 37 46 95 -2 5 12 6

0 50 95 13 -4 4 30 36

0 46 81 37 -3 7 10 27

0 46 68 72 -17 18 48 6

0 84 94 85 -11 2 25 43

0 26 47 73 -10 10 24 14

0 24 66 17 -2 29 41 18

0 63 79 16 -9 7 30 2

0 6 99 92 -19 10 24 13

0 13 27 72 -13 13 15 15

0 12 30 69 -11 13 16 27

0 56 95 30 -16 12 14 15

0 78 80 98 -6 11 36 8

0 61 69 79 -18 19 23 20

0 5 72 93 -13 21 43 10

0 35 56 75 -7 8 21 19

0 64 72 32 -17 5 13 23

0 33 50 89 -14 0 1 35

0 87 89 96 -14 29 31 19

0 6 44 25 -15 11 13 12

0 17 84 76 -5 3 6 32

0 24 78 67 -9 13 31 15

0 69 82 73 -3 3 9 47

0 68 70 78 -7 5 38 30

0 39 88 48 -2 36 41 39

0 69 73 86 -1 11 17 12

0 58 65 77 -7 13 18 42

0 26 63 36 -8 3 12 44

0 42 50 89 -10 28 48 47

0 16 51 67 -19 37 42 18

0 27 90 62 -9 8 34 45

0 7 21 84 -20 0 1 14

0 16 28 60 -19 35 36 44

0 68 86 32 -16 23 44 1

0 49 97 89 -11 29 32 45

0 80 89 71 -3 0 3 14

0 26 43 12 -17 26 29 18

0 45 59 8 -15 6 7 48

0 10 26 31 -10 4 13 11

0 6 34 88 -1 42 44 46

0 61 70 14 -9 0 1 1

0 41 73 1 -17 24 28 40

0 7 46 42 -11 30 38 31

0 45 48 11 -3 1 9 25

0 10 59 15 -9 34 42 10

0 27 44 91 -13 20 23 7

0 23 74 95 -17 16 19 5

0 18 21 60 -8 4 41 7

0 62 99 30 -11 7 49 39

0 28 76 36 -17 3 13 2

0 47 92 50 -19 34 38 18

0 45 94 9 -9 27 32 3

0 25 52 16 -6 15 28 6

0 21 62 61 -4 0 2 47

0 16 49 89 -11 15 46 5

0 38 41 9 -11 10 25 41

0 4 7 5 -13 12 45 25

0 6 17 60 -10 2 5 22

0 16 21 72 -7 5 16 37

0 11 30 50 -12 7 19 40

0 27 96 91 -8 29 39 1

0 29 41 5 -20 1 2 29

0 12 31 38 -2 20 43 18

0 0 17 79 -5 27 31 41

0 56 57 16 -13 0 2 1

0 18 21 20 -6 1 5 28

0 21 72 38 -20 27 32 44

0 14 25 63 -1 29 33 2

0 58 67 88 -14 27 39 19

0 12 28 68 -18 3 8 44

0 25 46 80 -10 6 46 31

0 3 7 84 -14 31 43 5

0 16 32 97 -2 13 48 22

0 1 4 36 -9 15 48 11

0 21 22 65 -1 4 35 25

0 0 2 4 -3 14 27 7

0 3 18 86 -20 28 38 16

0 0 7 79 -19 28 44 48

0 10 19 7 -20 25 27 0

0 8 88 74 -4 1 42 34

0 6 8 96 -14 36 39 23

0 0 5 76 -17 27 29 3

0 9 18 2 -2 11 27 32

0 0 4 53 -2 2 44 35

0 1 4 98 -1 6 14 45

0 3 10 2 -17 16 28 29

0 2 4 42 -1 4 22 23

0 0 1 1 -4 30 32 42


SAlphaB: 716.0, std-dev 273.73707054010566

Earliest win: 37
Latest win: 81

WinDepth:
0 0 0 0 0 0 0 0 0 0 0 0 0 0 0 0 0 0 0 0 0 0 0 0 0 0 0 0 0 0 0 0 0 0 0 0 0 3 0 3 1 2 3 25 11 23 26 55 37 53 142 216 132 123 103 179 121 170 111 148 157 216 183 313 291 327 377 376 459 432 432 470 383 417 395 366 280 258 206 135 115 85 
SAlphaB:
0 0 0 0 0 0 0 0 0 0 0 0 0 0 0 0 0 0 0 0 0 0 0 0 0 0 0 0 0 0 0 0 0 0 0 0 0 3 0 3 1 2 3 25 11 23 26 55 37 53 142 216 132 123 103 179 121 170 111 148 157 216 183 313 291 327 377 376 459 432 432 470 383 417 395 366 280 258 206 135 115 85 

LossDepth:
SAlphaB:
0 0 0 0 0 0 0 0 0 0 0 0 0 0 0 0 0 0 0 0 0 0 0 0 0 0 0 0 0 0 0 0 0 0 0 0 0 3 0 3 1 2 3 25 11 23 26 55 37 53 142 216 132 123 103 179 121 170 111 148 157 216 183 313 291 327 377 376 459 432 432 470 383 417 395 366 280 258 206 135 115 85 

FirstWin:
0 0 0 0 0 0 0 0 0 0 0 0 0 0 0 0 0 0 0 0 0 0 0 0 0 0 0 0 0 0 0 0 0 0 0 0 0 3 0 3 0 2 0 25 0 23 0 55 0 53 0 216 0 123 0 179 0 170 0 148 0 216 0 313 0 327 0 376 0 432 0 470 0 417 0 366 0 258 0 135 0 85 
SAlphaB:
0 0 0 0 0 0 0 0 0 0 0 0 0 0 0 0 0 0 0 0 0 0 0 0 0 0 0 0 0 0 0 0 0 0 0 0 0 3 0 3 0 2 0 25 0 23 0 55 0 53 0 216 0 123 0 179 0 170 0 148 0 216 0 313 0 327 0 376 0 432 0 470 0 417 0 366 0 258 0 135 0 85 

SecondWin:
0 0 0 0 0 0 0 0 0 0 0 0 0 0 0 0 0 0 0 0 0 0 0 0 0 0 0 0 0 0 0 0 0 0 0 0 0 0 0 0 1 0 3 0 11 0 26 0 37 0 142 0 132 0 103 0 121 0 111 0 157 0 183 0 291 0 377 0 459 0 432 0 383 0 395 0 280 0 206 0 115 0 
SAlphaB:
0 0 0 0 0 0 0 0 0 0 0 0 0 0 0 0 0 0 0 0 0 0 0 0 0 0 0 0 0 0 0 0 0 0 0 0 0 0 0 0 1 0 3 0 11 0 26 0 37 0 142 0 132 0 103 0 121 0 111 0 157 0 183 0 291 0 377 0 459 0 432 0 383 0 395 0 280 0 206 0 115 0 
