0 28 89 37 -2 5 15 10

0 27 66 59 -8 1 6 2

0 1 90 69 -10 35 43 9

0 67 68 80 -12 2 32 25

0 89 99 23 -8 0 2 31

0 85 88 67 -1 5 47 34

0 67 99 4 -17 6 14 45

0 50 98 6 -17 0 11 9

0 40 47 86 -8 29 34 19

0 30 95 69 -8 2 7 16

0 56 79 97 -7 0 1 4

0 29 50 48 -19 0 1 26

0 67 80 87 -8 7 13 21

0 37 86 3 -1 2 34 12

0 15 91 77 -15 0 21 11

0 10 47 88 -5 17 27 6

0 16 64 54 -9 0 18 30

0 40 82 86 -19 12 21 25

0 34 43 44 -12 6 11 6

0 10 22 78 -5 16 17 16

0 65 79 24 -4 11 12 10

0 27 97 92 -15 6 16 0

0 46 69 74 -9 2 5 33

0 3 71 81 -19 2 6 26

0 28 91 78 -13 27 49 1

0 68 88 41 -11 26 49 21

0 33 39 13 -7 5 17 26

0 47 77 75 -10 2 9 16

0 17 58 85 -9 17 26 27

0 19 80 30 -11 0 1 49

0 24 77 83 -18 24 27 30

0 59 63 54 -6 17 33 21

0 26 37 34 -13 6 31 19

0 8 26 63 -11 1 4 19

0 13 52 10 -1 30 46 1

0 37 45 86 -13 16 22 39

0 24 52 15 -10 7 18 44

0 28 29 65 -8 1 2 18

0 26 94 89 -12 30 31 14

0 31 39 80 -4 11 35 43

0 39 84 23 -8 32 38 32

0 15 31 21 -1 3 18 33

0 0 80 90 -15 7 29 26

0 1 43 38 -14 6 18 36

0 31 65 96 -14 5 19 38

0 5 73 74 -18 0 1 37

0 8 60 10 -7 7 38 10

0 15 61 20 -7 24 33 28

0 49 89 31 -3 0 3 40

0 14 21 96 -9 5 36 1

0 22 23 30 -4 7 15 17

0 7 21 86 -10 2 4 7

0 4 26 98 -11 3 17 8

0 23 83 5 -18 18 32 27

0 10 25 98 -9 0 13 17

0 24 40 59 -17 7 31 14

0 10 54 18 -11 10 43 49

0 49 80 95 -1 3 11 45

0 12 43 71 -18 11 39 25

0 35 40 61 -1 0 1 5

0 15 31 36 -6 42 47 8

0 6 71 35 -15 16 26 27

0 23 63 39 -16 12 13 34

0 11 22 63 -3 17 32 21

0 13 47 22 -18 37 42 31

0 27 35 18 -17 0 36 9

0 18 34 71 -9 2 32 48

0 2 26 85 -18 2 8 15

0 17 31 87 -4 38 48 36

0 38 43 51 -17 10 49 8

0 44 77 27 -17 21 27 22

0 12 24 90 -16 12 46 20

0 12 23 52 -2 30 46 39

0 43 49 51 -3 28 47 47

0 7 57 22 -8 14 42 0

0 46 48 5 -11 33 46 40

0 23 48 2 -18 15 37 6

0 6 22 98 -9 42 49 24

0 4 41 23 -4 11 15 43

0 12 18 30 -9 25 31 37

0 4 51 96 -2 6 27 28

0 5 8 29 -3 9 28 22

0 9 17 44 -1 8 29 12

0 2 5 49 -3 13 38 8

0 10 12 43 -13 6 8 1

0 0 9 90 -12 8 9 43

0 1 10 9 -18 22 44 3

0 7 9 84 -17 21 39 32

0 10 22 1 -4 5 22 2

0 3 8 0 -17 6 18 48

0 6 13 95 -4 11 19 47

0 1 5 46 -1 16 24 6

0 15 29 29 -1 2 29 25

0 0 1 27 -20 8 41 27

0 11 36 12 -10 6 24 40

0 2 3 28 -4 7 20 34

0 14 24 91 -10 22 40 0

0 12 17 63 -15 20 30 27

0 2 3 8 -8 4 7 14

0 0 3 68 -1 11 16 24


SAlphaB: 726.0, std-dev 255.1472383395972

Earliest win: 37
Latest win: 81

WinDepth:
0 0 0 0 0 0 0 0 0 0 0 0 0 0 0 0 0 0 0 0 0 0 0 0 0 0 0 0 0 0 0 0 0 0 0 0 0 1 1 1 13 12 1 10 5 27 10 43 38 56 44 210 79 115 123 171 111 187 138 203 170 227 212 342 323 368 395 368 421 389 472 486 420 439 385 400 263 243 183 141 80 73 
SAlphaB:
0 0 0 0 0 0 0 0 0 0 0 0 0 0 0 0 0 0 0 0 0 0 0 0 0 0 0 0 0 0 0 0 0 0 0 0 0 1 1 1 13 12 1 10 5 27 10 43 38 56 44 210 79 115 123 171 111 187 138 203 170 227 212 342 323 368 395 368 421 389 472 486 420 439 385 400 263 243 183 141 80 73 

LossDepth:
SAlphaB:
0 0 0 0 0 0 0 0 0 0 0 0 0 0 0 0 0 0 0 0 0 0 0 0 0 0 0 0 0 0 0 0 0 0 0 0 0 1 1 1 13 12 1 10 5 27 10 43 38 56 44 210 79 115 123 171 111 187 138 203 170 227 212 342 323 368 395 368 421 389 472 486 420 439 385 400 263 243 183 141 80 73 

FirstWin:
0 0 0 0 0 0 0 0 0 0 0 0 0 0 0 0 0 0 0 0 0 0 0 0 0 0 0 0 0 0 0 0 0 0 0 0 0 1 0 1 0 12 0 10 0 27 0 43 0 56 0 210 0 115 0 171 0 187 0 203 0 227 0 342 0 368 0 368 0 389 0 486 0 439 0 400 0 243 0 141 0 73 
SAlphaB:
0 0 0 0 0 0 0 0 0 0 0 0 0 0 0 0 0 0 0 0 0 0 0 0 0 0 0 0 0 0 0 0 0 0 0 0 0 1 0 1 0 12 0 10 0 27 0 43 0 56 0 210 0 115 0 171 0 187 0 203 0 227 0 342 0 368 0 368 0 389 0 486 0 439 0 400 0 243 0 141 0 73 

SecondWin:
0 0 0 0 0 0 0 0 0 0 0 0 0 0 0 0 0 0 0 0 0 0 0 0 0 0 0 0 0 0 0 0 0 0 0 0 0 0 1 0 13 0 1 0 5 0 10 0 38 0 44 0 79 0 123 0 111 0 138 0 170 0 212 0 323 0 395 0 421 0 472 0 420 0 385 0 263 0 183 0 80 0 
SAlphaB:
0 0 0 0 0 0 0 0 0 0 0 0 0 0 0 0 0 0 0 0 0 0 0 0 0 0 0 0 0 0 0 0 0 0 0 0 0 0 1 0 13 0 1 0 5 0 10 0 38 0 44 0 79 0 123 0 111 0 138 0 170 0 212 0 323 0 395 0 421 0 472 0 420 0 385 0 263 0 183 0 80 0 
