0 25 60 18 -10 3 6 2

0 40 48 84 -19 9 11 8

0 32 81 16 -1 4 15 2

0 23 45 49 -13 3 6 11

0 55 87 88 -10 0 1 9

0 67 81 69 -8 7 16 10

0 15 46 39 -11 18 28 8

0 57 63 81 -9 9 30 23

0 26 52 87 -4 11 43 3

0 21 27 52 -8 0 5 6

0 29 54 95 -13 20 30 6

0 71 81 65 -9 3 11 35

0 59 71 77 -6 6 9 5

0 16 48 72 -13 6 12 15

0 38 67 97 -5 3 7 3

0 28 74 3 -2 19 42 12

0 22 82 39 -16 3 18 1

0 26 76 41 -6 1 22 26

0 15 66 99 -14 9 20 21

0 22 38 36 -1 36 48 28

0 25 65 1 -7 43 44 11

0 36 72 2 -18 6 7 44

0 20 68 18 -13 4 10 2

0 34 83 7 -10 2 31 11

0 55 87 5 -20 5 11 14

0 62 75 27 -4 7 18 47

0 12 65 98 -9 25 32 44

0 34 44 69 -19 45 46 31

0 17 22 84 -13 22 27 10

0 16 80 79 -14 7 36 31

0 67 96 10 -7 6 38 27

0 16 67 94 -11 3 8 10

0 68 95 29 -7 22 32 10

0 6 66 65 -6 0 15 18

0 16 31 62 -5 14 34 21

0 45 56 76 -9 8 48 26

0 4 63 9 -7 8 14 30

0 24 95 57 -3 24 48 36

0 6 27 33 -7 5 18 17

0 17 18 73 -8 2 4 12

0 22 49 79 -2 6 11 13

0 50 72 39 -14 32 35 34

0 12 36 60 -15 31 39 21

0 7 59 67 -2 1 7 29

0 52 72 82 -13 21 38 5

0 19 67 22 -6 16 32 42

0 22 70 91 -9 5 16 18

0 51 69 38 -5 0 4 31

0 9 64 81 -20 7 38 20

0 26 41 99 -4 10 11 46

0 13 84 9 -17 6 17 11

0 51 62 53 -3 8 12 46

0 24 57 3 -14 29 45 10

0 56 90 40 -10 40 45 24

0 42 86 91 -3 2 20 46

0 31 99 59 -16 19 23 21

0 18 48 90 -10 1 2 26

0 7 30 83 -4 36 39 47

0 1 6 69 -16 0 3 3

0 42 45 40 -18 14 43 4

0 40 58 77 -13 0 6 15

0 15 29 64 -19 4 37 42

0 41 59 63 -12 2 40 39

0 10 40 44 -2 8 30 22

0 37 38 2 -8 5 20 49

0 24 41 41 -3 14 33 30

0 36 88 63 -12 29 38 46

0 63 88 48 -4 7 9 46

0 21 29 59 -2 4 5 39

0 0 19 55 -7 39 47 37

0 15 17 68 -14 22 30 11

0 42 65 31 -19 18 27 30

0 33 61 13 -8 29 47 30

0 1 91 43 -8 44 48 36

0 3 15 47 -2 13 14 18

0 1 58 38 -5 5 6 34

0 13 30 79 -17 2 26 34

0 14 27 77 -9 12 16 29

0 16 53 95 -12 11 34 36

0 17 25 34 -1 20 44 6

0 20 36 41 -4 3 46 16

0 24 25 94 -2 7 36 6

0 4 14 13 -18 1 3 36

0 5 85 13 -7 11 38 44

0 13 21 21 -1 0 2 32

0 2 6 89 -20 34 47 4

0 8 12 97 -10 5 7 32

0 12 13 53 -14 24 32 41

0 0 4 73 -13 12 30 32

0 5 17 78 -12 4 20 17

0 2 6 26 -2 0 6 28

0 1 6 0 -13 5 6 46

0 0 9 80 -18 10 16 5

0 0 25 36 -5 19 20 49

0 1 2 37 -3 24 29 47

0 5 13 51 -5 2 34 22

0 8 19 54 -10 3 13 39

0 14 24 93 -1 8 33 38

0 7 16 96 -10 2 14 45

0 7 18 97 -7 8 16 42


SAlphaB: 713.0, std-dev 261.50142244239123

Earliest win: 36
Latest win: 81

WinDepth:
0 0 0 0 0 0 0 0 0 0 0 0 0 0 0 0 0 0 0 0 0 0 0 0 0 0 0 0 0 0 0 0 0 0 0 0 2 2 1 0 0 5 2 11 7 10 9 25 26 106 59 165 82 135 94 152 121 183 103 173 182 206 240 326 324 397 386 364 473 427 427 449 474 412 399 358 295 253 233 135 122 75 
SAlphaB:
0 0 0 0 0 0 0 0 0 0 0 0 0 0 0 0 0 0 0 0 0 0 0 0 0 0 0 0 0 0 0 0 0 0 0 0 2 2 1 0 0 5 2 11 7 10 9 25 26 106 59 165 82 135 94 152 121 183 103 173 182 206 240 326 324 397 386 364 473 427 427 449 474 412 399 358 295 253 233 135 122 75 

LossDepth:
SAlphaB:
0 0 0 0 0 0 0 0 0 0 0 0 0 0 0 0 0 0 0 0 0 0 0 0 0 0 0 0 0 0 0 0 0 0 0 0 2 2 1 0 0 5 2 11 7 10 9 25 26 106 59 165 82 135 94 152 121 183 103 173 182 206 240 326 324 397 386 364 473 427 427 449 474 412 399 358 295 253 233 135 122 75 

FirstWin:
0 0 0 0 0 0 0 0 0 0 0 0 0 0 0 0 0 0 0 0 0 0 0 0 0 0 0 0 0 0 0 0 0 0 0 0 0 2 0 0 0 5 0 11 0 10 0 25 0 106 0 165 0 135 0 152 0 183 0 173 0 206 0 326 0 397 0 364 0 427 0 449 0 412 0 358 0 253 0 135 0 75 
SAlphaB:
0 0 0 0 0 0 0 0 0 0 0 0 0 0 0 0 0 0 0 0 0 0 0 0 0 0 0 0 0 0 0 0 0 0 0 0 0 2 0 0 0 5 0 11 0 10 0 25 0 106 0 165 0 135 0 152 0 183 0 173 0 206 0 326 0 397 0 364 0 427 0 449 0 412 0 358 0 253 0 135 0 75 

SecondWin:
0 0 0 0 0 0 0 0 0 0 0 0 0 0 0 0 0 0 0 0 0 0 0 0 0 0 0 0 0 0 0 0 0 0 0 0 2 0 1 0 0 0 2 0 7 0 9 0 26 0 59 0 82 0 94 0 121 0 103 0 182 0 240 0 324 0 386 0 473 0 427 0 474 0 399 0 295 0 233 0 122 0 
SAlphaB:
0 0 0 0 0 0 0 0 0 0 0 0 0 0 0 0 0 0 0 0 0 0 0 0 0 0 0 0 0 0 0 0 0 0 0 0 2 0 1 0 0 0 2 0 7 0 9 0 26 0 59 0 82 0 94 0 121 0 103 0 182 0 240 0 324 0 386 0 473 0 427 0 474 0 399 0 295 0 233 0 122 0 
