0 19 71 7 -17 0 5 14

0 21 79 50 -5 0 2 2

0 25 94 39 -5 2 7 15

0 20 51 28 -13 2 4 3

0 28 33 45 -19 7 23 21

0 34 85 84 -13 0 1 23

0 73 89 46 -20 9 15 23

0 14 47 85 -14 0 1 23

0 42 51 11 -12 6 21 12

0 40 64 91 -5 5 7 3

0 42 66 54 -6 3 31 42

0 38 66 83 -10 6 25 14

0 75 85 42 -1 16 39 8

0 16 83 39 -7 8 12 9

0 41 62 97 -6 10 38 16

0 39 96 5 -20 8 34 12

0 40 78 66 -3 0 2 19

0 20 62 36 -12 20 41 8

0 4 72 89 -10 18 33 15

0 73 99 33 -5 19 37 18

0 42 73 87 -1 2 11 17

0 3 44 41 -6 1 2 3

0 74 89 58 -3 9 21 38

0 13 66 29 -12 5 7 4

0 30 81 65 -12 18 28 5

0 53 88 29 -7 16 30 39

0 31 34 84 -2 5 10 0

0 44 74 35 -6 16 22 28

0 48 59 51 -16 3 4 16

0 62 84 7 -14 0 17 47

0 23 35 70 -2 16 32 3

0 36 66 84 -3 3 7 45

0 18 43 37 -4 4 12 20

0 16 17 59 -15 1 3 11

0 25 75 96 -10 32 42 17

0 48 89 91 -19 24 34 19

0 46 77 42 -2 20 29 15

0 22 91 77 -15 2 4 45

0 50 87 57 -14 1 21 46

0 24 57 67 -16 1 19 11

0 68 78 10 -14 12 20 38

0 37 45 31 -16 8 26 46

0 13 89 67 -9 25 36 23

0 31 44 29 -10 14 48 14

0 8 24 31 -16 17 18 27

0 21 57 12 -4 13 40 43

0 28 35 42 -15 0 3 35

0 27 94 38 -18 7 10 14

0 36 45 49 -7 2 5 40

0 38 41 21 -14 1 21 31

0 63 98 9 -14 21 23 15

0 10 11 28 -6 1 3 13

0 8 47 20 -1 5 10 22

0 36 62 35 -15 38 39 3

0 2 75 16 -18 9 17 35

0 14 53 62 -10 11 44 24

0 16 20 32 -3 9 15 11

0 33 54 57 -10 15 34 44

0 5 27 34 -8 8 33 13

0 9 63 98 -5 1 21 29

0 37 66 10 -4 19 23 3

0 16 85 45 -10 25 35 47

0 61 85 93 -11 21 38 28

0 1 96 24 -11 12 32 39

0 20 21 81 -6 12 29 6

0 50 53 66 -5 28 44 38

0 5 91 40 -16 21 31 36

0 32 50 52 -14 23 32 33

0 2 56 25 -3 9 18 42

0 3 46 58 -4 14 37 47

0 5 36 96 -20 2 30 13

0 5 11 41 -18 13 33 31

0 30 77 2 -7 18 20 10

0 4 16 40 -14 2 7 0

0 0 62 80 -5 0 1 49

0 3 8 50 -3 16 25 20

0 19 32 92 -13 16 35 6

0 30 41 68 -4 1 9 44

0 1 19 58 -4 26 32 37

0 19 33 75 -7 2 8 35

0 5 24 65 -2 3 12 13

0 6 18 88 -7 0 1 48

0 21 25 31 -20 0 23 21

0 25 29 82 -18 12 46 5

0 10 27 4 -8 9 23 35

0 16 17 12 -15 13 37 7

0 1 2 68 -20 9 21 2

0 1 9 24 -15 8 19 16

0 3 40 14 -20 8 43 5

0 1 30 15 -17 31 46 47

0 1 7 69 -11 5 46 5

0 23 44 87 -9 7 44 49

0 5 7 3 -17 1 2 0

0 6 27 16 -5 0 49 29

0 4 9 3 -19 16 19 8

0 14 16 63 -11 31 48 5

0 13 39 30 -2 3 32 49

0 4 29 12 -11 26 36 1

0 9 38 90 -7 6 48 42

0 8 23 34 -2 5 22 42


SAlphaB: 698.0, std-dev 260.458246038195

Earliest win: 35
Latest win: 81

WinDepth:
0 0 0 0 0 0 0 0 0 0 0 0 0 0 0 0 0 0 0 0 0 0 0 0 0 0 0 0 0 0 0 0 0 0 0 1 0 1 0 1 1 4 9 14 4 13 16 55 25 89 44 214 56 122 86 190 128 205 148 175 164 255 246 321 357 403 362 405 404 428 420 482 403 401 378 368 263 230 173 132 99 75 
SAlphaB:
0 0 0 0 0 0 0 0 0 0 0 0 0 0 0 0 0 0 0 0 0 0 0 0 0 0 0 0 0 0 0 0 0 0 0 1 0 1 0 1 1 4 9 14 4 13 16 55 25 89 44 214 56 122 86 190 128 205 148 175 164 255 246 321 357 403 362 405 404 428 420 482 403 401 378 368 263 230 173 132 99 75 

LossDepth:
SAlphaB:
0 0 0 0 0 0 0 0 0 0 0 0 0 0 0 0 0 0 0 0 0 0 0 0 0 0 0 0 0 0 0 0 0 0 0 1 0 1 0 1 1 4 9 14 4 13 16 55 25 89 44 214 56 122 86 190 128 205 148 175 164 255 246 321 357 403 362 405 404 428 420 482 403 401 378 368 263 230 173 132 99 75 

FirstWin:
0 0 0 0 0 0 0 0 0 0 0 0 0 0 0 0 0 0 0 0 0 0 0 0 0 0 0 0 0 0 0 0 0 0 0 1 0 1 0 1 0 4 0 14 0 13 0 55 0 89 0 214 0 122 0 190 0 205 0 175 0 255 0 321 0 403 0 405 0 428 0 482 0 401 0 368 0 230 0 132 0 75 
SAlphaB:
0 0 0 0 0 0 0 0 0 0 0 0 0 0 0 0 0 0 0 0 0 0 0 0 0 0 0 0 0 0 0 0 0 0 0 1 0 1 0 1 0 4 0 14 0 13 0 55 0 89 0 214 0 122 0 190 0 205 0 175 0 255 0 321 0 403 0 405 0 428 0 482 0 401 0 368 0 230 0 132 0 75 

SecondWin:
0 0 0 0 0 0 0 0 0 0 0 0 0 0 0 0 0 0 0 0 0 0 0 0 0 0 0 0 0 0 0 0 0 0 0 0 0 0 0 0 1 0 9 0 4 0 16 0 25 0 44 0 56 0 86 0 128 0 148 0 164 0 246 0 357 0 362 0 404 0 420 0 403 0 378 0 263 0 173 0 99 0 
SAlphaB:
0 0 0 0 0 0 0 0 0 0 0 0 0 0 0 0 0 0 0 0 0 0 0 0 0 0 0 0 0 0 0 0 0 0 0 0 0 0 0 0 1 0 9 0 4 0 16 0 25 0 44 0 56 0 86 0 128 0 148 0 164 0 246 0 357 0 362 0 404 0 420 0 403 0 378 0 263 0 173 0 99 0 
