0 30 50 39 -15 3 12 23

0 35 43 44 -18 5 13 18

0 52 83 44 -3 12 14 15

0 41 49 73 -14 3 8 25

0 41 58 13 -15 2 10 10

0 36 84 5 -10 0 15 26

0 57 95 40 -19 3 17 10

0 41 93 61 -9 8 37 27

0 17 41 88 -10 2 5 13

0 62 83 62 -11 5 35 14

0 18 30 52 -2 3 5 7

0 59 74 13 -9 6 14 1

0 19 20 50 -14 6 13 2

0 34 63 32 -15 0 1 29

0 67 86 51 -13 0 17 9

0 12 40 91 -5 10 21 21

0 83 93 17 -17 1 28 38

0 40 59 68 -18 10 27 14

0 21 37 40 -3 12 31 12

0 45 65 96 -13 7 9 32

0 59 92 29 -8 25 28 8

0 25 57 90 -1 17 39 27

0 80 83 14 -5 12 49 40

0 44 97 46 -11 7 29 24

0 24 32 92 -13 9 23 37

0 2 77 86 -8 16 36 43

0 16 55 41 -17 9 19 24

0 7 46 9 -10 39 46 9

0 13 45 93 -5 24 36 25

0 29 98 21 -14 22 46 42

0 67 95 46 -11 22 47 3

0 14 54 58 -14 2 22 21

0 54 62 60 -2 3 8 39

0 6 41 69 -18 19 36 30

0 15 80 79 -14 12 14 43

0 12 63 16 -3 0 27 21

0 44 48 4 -11 7 12 8

0 18 25 50 -2 12 34 32

0 21 27 25 -9 1 22 19

0 57 64 72 -3 1 6 43

0 53 95 75 -11 31 32 49

0 72 79 28 -8 35 43 44

0 3 30 17 -16 2 4 22

0 31 92 80 -5 23 27 23

0 17 32 94 -2 2 10 41

0 74 81 9 -5 5 31 4

0 8 13 77 -20 10 21 48

0 46 51 8 -5 1 11 41

0 5 54 63 -7 17 47 24

0 9 10 49 -9 4 6 19

0 1 13 29 -3 10 11 13

0 16 28 80 -12 17 18 8

0 25 43 1 -14 1 13 44

0 12 25 5 -9 12 25 9

0 11 55 65 -10 0 10 34

0 5 7 62 -12 27 45 23

0 31 34 4 -19 0 17 43

0 7 43 35 -1 7 14 33

0 2 9 48 -16 12 23 16

0 83 85 55 -7 30 31 34

0 0 98 32 -20 28 42 49

0 18 44 43 -15 4 27 37

0 4 50 20 -10 13 40 42

0 15 23 42 -13 12 13 25

0 25 64 35 -9 32 34 48

0 1 16 94 -6 18 19 23

0 36 59 52 -3 2 20 37

0 7 23 74 -5 2 3 31

0 18 41 45 -3 0 5 24

0 9 24 38 -2 16 22 3

0 13 27 88 -5 28 49 27

0 14 50 65 -6 2 16 42

0 16 95 73 -15 15 26 48

0 11 46 91 -7 2 9 32

0 9 11 77 -6 2 29 7

0 24 35 51 -20 26 39 41

0 21 65 14 -9 3 47 3

0 0 7 4 -9 13 27 27

0 0 19 92 -12 12 35 33

0 21 96 24 -7 43 46 25

0 8 28 92 -12 13 37 49

0 13 26 39 -5 17 18 42

0 19 36 90 -4 0 21 46

0 8 91 78 -3 8 42 48

0 3 11 5 -9 7 13 10

0 1 5 12 -13 0 1 17

0 3 5 90 -13 23 48 36

0 26 38 26 -18 28 44 8

0 7 60 71 -2 0 1 48

0 16 52 65 -17 7 10 49

0 3 6 45 -8 8 42 18

0 4 12 74 -20 9 33 36

0 3 8 80 -10 12 14 38

0 8 17 26 -8 4 21 0

0 2 22 99 -12 2 18 33

0 1 9 80 -13 5 9 10

0 4 50 58 -3 12 45 11

0 1 15 72 -10 0 2 44

0 7 10 7 -11 7 10 35

0 0 3 95 -8 13 46 4


SAlphaB: 719.0, std-dev 250.17705841174876

Earliest win: 35
Latest win: 81

WinDepth:
0 0 0 0 0 0 0 0 0 0 0 0 0 0 0 0 0 0 0 0 0 0 0 0 0 0 0 0 0 0 0 0 0 0 0 1 0 1 1 4 0 1 3 6 9 20 13 25 12 69 36 178 69 114 110 157 109 196 100 169 160 254 250 330 328 408 447 401 479 404 454 412 456 412 418 345 274 262 190 164 93 85 
SAlphaB:
0 0 0 0 0 0 0 0 0 0 0 0 0 0 0 0 0 0 0 0 0 0 0 0 0 0 0 0 0 0 0 0 0 0 0 1 0 1 1 4 0 1 3 6 9 20 13 25 12 69 36 178 69 114 110 157 109 196 100 169 160 254 250 330 328 408 447 401 479 404 454 412 456 412 418 345 274 262 190 164 93 85 

LossDepth:
SAlphaB:
0 0 0 0 0 0 0 0 0 0 0 0 0 0 0 0 0 0 0 0 0 0 0 0 0 0 0 0 0 0 0 0 0 0 0 1 0 1 1 4 0 1 3 6 9 20 13 25 12 69 36 178 69 114 110 157 109 196 100 169 160 254 250 330 328 408 447 401 479 404 454 412 456 412 418 345 274 262 190 164 93 85 

FirstWin:
0 0 0 0 0 0 0 0 0 0 0 0 0 0 0 0 0 0 0 0 0 0 0 0 0 0 0 0 0 0 0 0 0 0 0 1 0 1 0 4 0 1 0 6 0 20 0 25 0 69 0 178 0 114 0 157 0 196 0 169 0 254 0 330 0 408 0 401 0 404 0 412 0 412 0 345 0 262 0 164 0 85 
SAlphaB:
0 0 0 0 0 0 0 0 0 0 0 0 0 0 0 0 0 0 0 0 0 0 0 0 0 0 0 0 0 0 0 0 0 0 0 1 0 1 0 4 0 1 0 6 0 20 0 25 0 69 0 178 0 114 0 157 0 196 0 169 0 254 0 330 0 408 0 401 0 404 0 412 0 412 0 345 0 262 0 164 0 85 

SecondWin:
0 0 0 0 0 0 0 0 0 0 0 0 0 0 0 0 0 0 0 0 0 0 0 0 0 0 0 0 0 0 0 0 0 0 0 0 0 0 1 0 0 0 3 0 9 0 13 0 12 0 36 0 69 0 110 0 109 0 100 0 160 0 250 0 328 0 447 0 479 0 454 0 456 0 418 0 274 0 190 0 93 0 
SAlphaB:
0 0 0 0 0 0 0 0 0 0 0 0 0 0 0 0 0 0 0 0 0 0 0 0 0 0 0 0 0 0 0 0 0 0 0 0 0 0 1 0 0 0 3 0 9 0 13 0 12 0 36 0 69 0 110 0 109 0 100 0 160 0 250 0 328 0 447 0 479 0 454 0 456 0 418 0 274 0 190 0 93 0 
