0 51 79 65 -19 3 25 32

0 44 68 51 -1 1 18 28

0 51 92 70 -14 2 10 35

0 26 81 33 -14 1 7 1

0 15 62 8 -8 5 7 20

0 55 61 38 -17 5 17 35

0 46 48 65 -20 0 2 6

0 46 87 36 -20 1 5 2

0 14 42 81 -10 7 19 4

0 3 73 95 -10 29 46 37

0 37 76 35 -8 15 24 43

0 44 99 27 -17 4 20 3

0 40 85 24 -13 22 34 0

0 14 84 64 -20 15 31 17

0 53 71 69 -15 0 12 14

0 2 12 44 -8 10 11 16

0 68 76 40 -17 12 36 38

0 17 42 64 -15 1 2 34

0 68 70 61 -20 1 31 30

0 41 47 11 -16 17 24 48

0 79 98 6 -11 25 31 46

0 4 74 86 -7 29 31 13

0 0 25 71 -2 5 9 0

0 30 31 63 -2 5 13 3

0 34 40 93 -7 10 28 38

0 46 60 30 -20 8 10 8

0 56 59 67 -13 4 26 0

0 0 64 48 -4 20 30 34

0 57 87 30 -17 6 41 18

0 6 26 83 -11 17 20 22

0 8 59 58 -2 2 11 21

0 2 59 69 -18 0 18 32

0 31 88 19 -14 15 31 7

0 51 59 59 -14 8 33 46

0 41 89 38 -14 32 35 21

0 31 57 49 -11 4 30 29

0 18 51 85 -15 4 7 40

0 13 40 30 -19 7 27 3

0 9 31 20 -10 2 15 8

0 38 65 47 -8 34 44 20

0 46 95 64 -5 33 40 27

0 11 17 90 -16 4 11 31

0 37 92 18 -3 32 42 24

0 22 68 57 -2 1 2 38

0 17 56 81 -2 0 36 9

0 49 95 73 -3 0 9 31

0 0 90 41 -13 45 46 37

0 23 55 79 -12 25 30 3

0 4 80 32 -15 2 37 9

0 23 74 49 -8 24 26 46

0 37 68 3 -6 2 7 37

0 44 53 68 -14 24 43 12

0 89 96 60 -2 28 44 7

0 14 19 42 -16 2 19 3

0 6 11 32 -7 18 43 6

0 35 40 33 -5 37 47 23

0 0 90 23 -1 3 40 48

0 16 62 40 -10 24 43 24

0 11 13 37 -19 10 11 6

0 10 24 41 -16 18 43 20

0 27 33 40 -14 10 33 2

0 8 32 95 -16 9 26 2

0 1 3 89 -13 7 19 43

0 35 55 61 -4 0 1 23

0 24 25 66 -16 0 47 19

0 13 22 74 -4 1 2 33

0 3 37 82 -3 34 46 46

0 6 33 47 -12 4 18 23

0 31 36 69 -18 21 33 41

0 11 88 67 -14 22 30 29

0 32 63 60 -17 26 48 22

0 39 76 10 -15 37 42 30

0 18 27 54 -8 3 10 46

0 12 23 55 -13 2 36 39

0 4 83 84 -9 4 46 16

0 4 60 92 -13 2 4 41

0 0 18 49 -7 3 18 22

0 4 6 85 -12 21 22 39

0 19 60 90 -8 1 44 33

0 22 37 82 -18 17 25 2

0 2 10 20 -4 45 47 18

0 4 9 67 -7 12 22 28

0 23 63 2 -6 3 38 37

0 18 28 45 -2 1 37 39

0 9 35 47 -15 11 20 48

0 10 11 10 -13 12 18 17

0 4 6 48 -20 20 44 20

0 2 17 69 -2 41 49 13

0 18 30 1 -18 6 13 43

0 5 15 13 -12 6 21 29

0 14 17 2 -7 42 49 31

0 3 10 89 -2 2 3 22

0 1 5 29 -4 28 47 45

0 3 18 42 -7 25 45 44

0 0 1 15 -19 3 21 29

0 4 8 32 -8 10 11 35

0 12 14 42 -6 0 17 45

0 13 39 44 -20 18 22 46

0 1 14 38 -9 1 6 31

0 6 8 55 -2 28 30 48


SAlphaB: 749.0, std-dev 270.2978234907532

Earliest win: 35
Latest win: 81

WinDepth:
0 0 0 0 0 0 0 0 0 0 0 0 0 0 0 0 0 0 0 0 0 0 0 0 0 0 0 0 0 0 0 0 0 0 0 1 0 0 0 2 0 4 5 27 7 15 14 29 37 60 68 226 97 136 86 155 108 237 181 145 182 213 211 328 315 385 392 447 430 397 449 439 438 385 347 385 270 236 164 152 95 86 
SAlphaB:
0 0 0 0 0 0 0 0 0 0 0 0 0 0 0 0 0 0 0 0 0 0 0 0 0 0 0 0 0 0 0 0 0 0 0 1 0 0 0 2 0 4 5 27 7 15 14 29 37 60 68 226 97 136 86 155 108 237 181 145 182 213 211 328 315 385 392 447 430 397 449 439 438 385 347 385 270 236 164 152 95 86 

LossDepth:
SAlphaB:
0 0 0 0 0 0 0 0 0 0 0 0 0 0 0 0 0 0 0 0 0 0 0 0 0 0 0 0 0 0 0 0 0 0 0 1 0 0 0 2 0 4 5 27 7 15 14 29 37 60 68 226 97 136 86 155 108 237 181 145 182 213 211 328 315 385 392 447 430 397 449 439 438 385 347 385 270 236 164 152 95 86 

FirstWin:
0 0 0 0 0 0 0 0 0 0 0 0 0 0 0 0 0 0 0 0 0 0 0 0 0 0 0 0 0 0 0 0 0 0 0 1 0 0 0 2 0 4 0 27 0 15 0 29 0 60 0 226 0 136 0 155 0 237 0 145 0 213 0 328 0 385 0 447 0 397 0 439 0 385 0 385 0 236 0 152 0 86 
SAlphaB:
0 0 0 0 0 0 0 0 0 0 0 0 0 0 0 0 0 0 0 0 0 0 0 0 0 0 0 0 0 0 0 0 0 0 0 1 0 0 0 2 0 4 0 27 0 15 0 29 0 60 0 226 0 136 0 155 0 237 0 145 0 213 0 328 0 385 0 447 0 397 0 439 0 385 0 385 0 236 0 152 0 86 

SecondWin:
0 0 0 0 0 0 0 0 0 0 0 0 0 0 0 0 0 0 0 0 0 0 0 0 0 0 0 0 0 0 0 0 0 0 0 0 0 0 0 0 0 0 5 0 7 0 14 0 37 0 68 0 97 0 86 0 108 0 181 0 182 0 211 0 315 0 392 0 430 0 449 0 438 0 347 0 270 0 164 0 95 0 
SAlphaB:
0 0 0 0 0 0 0 0 0 0 0 0 0 0 0 0 0 0 0 0 0 0 0 0 0 0 0 0 0 0 0 0 0 0 0 0 0 0 0 0 0 0 5 0 7 0 14 0 37 0 68 0 97 0 86 0 108 0 181 0 182 0 211 0 315 0 392 0 430 0 449 0 438 0 347 0 270 0 164 0 95 0 
