0 75 90 93 -14 2 26 37

0 38 99 42 -19 4 15 4

0 27 86 96 -5 4 14 18

0 12 65 19 -10 1 6 13

0 37 99 5 -5 8 27 12

0 34 89 4 -7 0 2 5

0 21 55 16 -4 1 11 8

0 27 51 18 -12 3 11 1

0 54 99 58 -11 8 31 49

0 52 95 61 -18 6 20 33

0 43 62 60 -14 1 4 5

0 37 65 90 -2 1 12 3

0 86 97 9 -11 16 36 20

0 19 38 95 -13 0 2 1

0 72 88 30 -15 13 49 29

0 61 69 85 -3 1 15 3

0 96 99 80 -4 16 27 22

0 60 96 56 -13 0 2 18

0 59 88 14 -4 4 30 26

0 37 73 15 -20 4 5 28

0 75 92 2 -20 9 37 37

0 72 91 98 -19 9 23 17

0 38 50 62 -17 1 8 24

0 66 99 98 -12 14 16 8

0 63 90 84 -3 3 16 20

0 64 88 71 -9 1 16 30

0 31 96 13 -1 1 28 13

0 40 58 77 -10 1 9 20

0 49 88 8 -5 3 26 9

0 42 50 49 -10 1 12 13

0 23 65 25 -15 2 6 10

0 65 67 26 -20 3 16 29

0 39 74 5 -4 1 6 2

0 84 95 31 -13 3 15 25

0 46 70 83 -18 3 5 20

0 21 70 95 -20 0 4 24

0 48 94 99 -3 2 15 3

0 10 23 45 -7 1 4 14

0 87 95 17 -11 4 28 20

0 33 37 72 -16 0 11 10

0 34 35 68 -11 2 8 15

0 68 83 10 -15 1 12 28

0 17 92 8 -12 0 3 24

0 59 94 96 -20 5 11 29

0 19 82 45 -3 2 4 10

0 29 91 76 -1 7 16 23

0 53 90 88 -1 3 6 6

0 26 54 26 -14 3 7 1

0 45 81 51 -1 6 38 25

0 46 50 84 -6 2 18 4

0 33 75 3 -13 0 19 11

0 68 92 61 -13 11 16 3

0 84 88 97 -5 1 41 5

0 50 76 9 -2 14 18 3

0 45 54 7 -4 1 10 7

0 58 59 89 -15 11 41 38

0 21 87 79 -14 12 27 12

0 10 82 2 -18 1 8 3

0 59 85 72 -17 11 13 0

0 54 73 42 -9 0 1 16

0 41 88 62 -16 15 44 39

0 31 79 74 -9 7 8 33

0 32 45 94 -15 3 13 22

0 16 88 77 -10 0 1 32

0 67 83 76 -7 2 4 3

0 57 97 89 -13 2 13 25

0 36 51 12 -7 3 21 26

0 20 71 24 -2 8 10 0

0 60 72 24 -9 20 40 34

0 25 75 21 -1 9 21 26

0 66 69 43 -14 3 7 11

0 18 63 19 -16 0 1 18

0 32 78 19 -11 0 5 0

0 51 60 52 -17 0 5 21

0 34 79 65 -6 6 22 47

0 14 74 84 -18 0 1 11

0 33 90 99 -18 16 26 39

0 14 42 8 -20 0 1 6

0 20 89 60 -13 0 1 49

0 10 48 46 -8 3 6 14

0 22 96 28 -12 8 26 11

0 61 67 55 -8 18 36 17

0 32 35 36 -17 2 8 19

0 13 35 89 -14 5 13 13

0 50 65 13 -20 7 10 2

0 11 53 62 -13 26 42 7

0 16 23 37 -14 7 12 2

0 7 36 98 -2 19 28 6

0 31 66 14 -9 2 3 23

0 12 64 94 -12 0 6 15

0 34 76 97 -7 8 41 10

0 34 76 8 -5 12 39 25

0 38 41 28 -16 17 38 0

0 14 40 93 -1 24 35 15

0 54 93 97 -20 30 42 5

0 30 50 38 -2 5 38 5

0 26 87 87 -14 8 26 37

0 13 25 89 -13 0 4 33

0 17 49 6 -2 6 12 44

0 18 73 38 -16 26 39 13


SAlphaB: 765.0, std-dev 268.16118579253146

Earliest win: 35
Latest win: 81

WinDepth:
0 0 0 0 0 0 0 0 0 0 0 0 0 0 0 0 0 0 0 0 0 0 0 0 0 0 0 0 0 0 0 0 0 0 0 2 0 4 1 29 9 22 23 42 25 50 65 160 66 194 160 422 159 308 232 421 344 504 381 489 461 701 583 795 727 943 869 1008 1008 1051 943 939 893 918 920 690 660 480 378 261 198 163 
SAlphaB:
0 0 0 0 0 0 0 0 0 0 0 0 0 0 0 0 0 0 0 0 0 0 0 0 0 0 0 0 0 0 0 0 0 0 0 2 0 4 1 29 9 22 23 42 25 50 65 160 66 194 160 422 159 308 232 421 344 504 381 489 461 701 583 795 727 943 869 1008 1008 1051 943 939 893 918 920 690 660 480 378 261 198 163 

LossDepth:
SAlphaB:
0 0 0 0 0 0 0 0 0 0 0 0 0 0 0 0 0 0 0 0 0 0 0 0 0 0 0 0 0 0 0 0 0 0 0 2 0 5 0 21 1 12 17 30 14 18 41 72 45 83 95 191 123 180 148 273 216 302 220 362 283 462 399 593 513 724 590 764 687 859 736 787 711 737 730 646 510 451 282 253 212 165 

FirstWin:
0 0 0 0 0 0 0 0 0 0 0 0 0 0 0 0 0 0 0 0 0 0 0 0 0 0 0 0 0 0 0 0 0 0 0 2 0 4 0 29 0 22 0 42 0 50 0 160 0 194 0 422 0 308 0 421 0 504 0 489 0 701 0 795 0 943 0 1008 0 1051 0 939 0 918 0 690 0 480 0 261 0 163 
SAlphaB:
0 0 0 0 0 0 0 0 0 0 0 0 0 0 0 0 0 0 0 0 0 0 0 0 0 0 0 0 0 0 0 0 0 0 0 2 0 4 0 29 0 22 0 42 0 50 0 160 0 194 0 422 0 308 0 421 0 504 0 489 0 701 0 795 0 943 0 1008 0 1051 0 939 0 918 0 690 0 480 0 261 0 163 

SecondWin:
0 0 0 0 0 0 0 0 0 0 0 0 0 0 0 0 0 0 0 0 0 0 0 0 0 0 0 0 0 0 0 0 0 0 0 0 0 0 1 0 9 0 23 0 25 0 65 0 66 0 160 0 159 0 232 0 344 0 381 0 461 0 583 0 727 0 869 0 1008 0 943 0 893 0 920 0 660 0 378 0 198 0 
SAlphaB:
0 0 0 0 0 0 0 0 0 0 0 0 0 0 0 0 0 0 0 0 0 0 0 0 0 0 0 0 0 0 0 0 0 0 0 0 0 0 1 0 9 0 23 0 25 0 65 0 66 0 160 0 159 0 232 0 344 0 381 0 461 0 583 0 727 0 869 0 1008 0 943 0 893 0 920 0 660 0 378 0 198 0 
