0 19 38 95 -13 0 2 1

0 18 73 38 -16 26 39 13

0 66 69 43 -14 3 7 11

0 58 59 89 -15 11 41 38

0 21 55 16 -4 1 11 8

0 59 94 96 -20 5 11 29

0 10 48 46 -8 3 6 14

0 33 37 72 -16 0 11 10

0 25 75 21 -1 9 21 26

0 37 65 90 -2 1 12 3

0 41 93 12 -7 3 10 3

0 64 91 25 -20 1 12 14

0 7 75 73 -6 4 5 23

0 34 49 64 -14 23 48 0

0 43 46 91 -17 5 15 41

0 40 77 5 -7 2 7 43

0 22 41 34 -1 8 18 22

0 0 77 13 -6 3 4 4

0 55 75 64 -19 0 3 3

0 18 99 46 -19 9 11 43

0 43 95 34 -7 8 36 42

0 7 40 68 -20 29 39 28

0 3 89 58 -2 9 13 3

0 26 27 64 -13 3 4 23

0 13 21 39 -10 6 10 16

0 55 97 67 -6 1 2 44

0 39 71 48 -3 26 31 46

0 35 51 62 -4 7 39 28

0 36 55 68 -1 3 24 33

0 53 69 36 -16 22 24 17

0 53 76 13 -10 15 31 4

0 19 27 98 -19 4 15 2

0 11 84 63 -3 17 21 17

0 21 31 23 -15 17 26 18

0 2 32 92 -6 8 9 14

0 60 80 43 -11 0 1 47

0 41 94 15 -8 38 44 43

0 6 43 38 -18 40 44 49

0 10 40 15 -4 5 7 29

0 16 70 73 -3 0 9 48

0 10 40 1 -5 0 2 40

0 6 41 34 -16 27 38 46

0 22 25 63 -13 1 13 9

0 48 63 96 -4 28 37 47

0 41 90 44 -16 5 29 10

0 32 34 23 -10 30 44 16

0 53 86 79 -9 3 44 47

0 29 61 64 -19 20 31 3

0 27 46 59 -16 8 29 40

0 3 29 17 -1 3 21 1

0 7 14 70 -11 8 17 10

0 3 64 17 -6 37 38 21

0 42 65 23 -7 29 41 3

0 5 33 90 -2 8 19 21

0 16 25 49 -16 13 30 40

0 0 45 34 -18 23 46 10

0 6 45 91 -11 5 20 30

0 8 19 65 -3 0 5 40

0 11 78 10 -3 25 30 35

0 1 20 45 -6 5 8 30

0 18 38 88 -16 1 4 45

0 7 12 48 -5 16 19 30

0 4 38 53 -11 11 39 29

0 22 72 36 -12 16 19 27

0 69 82 92 -20 27 42 42

0 9 32 76 -19 2 9 11

0 10 39 5 -5 16 32 24

0 0 35 60 -12 33 34 30

0 0 26 33 -20 0 24 33

0 38 50 8 -20 15 25 48

0 3 9 1 -3 5 13 3

0 6 16 54 -17 26 43 41

0 5 6 41 -10 19 43 27

0 5 9 57 -12 2 4 26

0 7 60 29 -7 13 17 42

0 1 29 22 -10 12 37 49

0 8 10 11 -10 14 29 21

0 28 42 13 -9 6 38 44

0 7 13 94 -15 15 37 39

0 19 24 34 -12 18 24 37

0 15 36 92 -7 3 17 40

0 35 44 17 -18 15 47 5

0 6 8 54 -8 0 40 14

0 8 19 61 -7 39 41 15

0 22 23 51 -13 25 46 16

0 20 24 53 -20 11 39 39

0 5 10 33 -20 0 1 48

0 12 37 74 -1 11 42 11

0 8 28 0 -5 10 46 32

0 7 10 25 -2 27 39 24

0 6 12 50 -3 23 27 35

0 5 13 36 -20 10 26 39

0 0 1 48 -17 18 30 3

0 13 22 98 -19 2 44 36

0 11 12 17 -10 17 30 36

0 0 1 84 -1 7 19 34

0 0 36 50 -9 1 14 48

0 8 31 92 -17 21 37 0

0 1 4 56 -7 9 45 35

0 4 21 3 -5 6 15 39


SAlphaB: 742.0, std-dev 272.29821302788935

Earliest win: 37
Latest win: 81

WinDepth:
0 0 0 0 0 0 0 0 0 0 0 0 0 0 0 0 0 0 0 0 0 0 0 0 0 0 0 0 0 0 0 0 0 0 0 0 0 2 1 2 0 3 8 8 6 10 12 23 29 122 51 223 59 125 76 174 114 193 132 190 177 201 237 334 348 370 391 422 451 408 473 466 449 404 366 382 292 255 162 136 89 68 
SAlphaB:
0 0 0 0 0 0 0 0 0 0 0 0 0 0 0 0 0 0 0 0 0 0 0 0 0 0 0 0 0 0 0 0 0 0 0 0 0 2 1 2 0 3 8 8 6 10 12 23 29 122 51 223 59 125 76 174 114 193 132 190 177 201 237 334 348 370 391 422 451 408 473 466 449 404 366 382 292 255 162 136 89 68 

LossDepth:
SAlphaB:
0 0 0 0 0 0 0 0 0 0 0 0 0 0 0 0 0 0 0 0 0 0 0 0 0 0 0 0 0 0 0 0 0 0 0 0 0 2 1 2 0 3 8 8 6 10 12 23 29 122 51 223 59 125 76 174 114 193 132 190 177 201 237 334 348 370 391 422 451 408 473 466 449 404 366 382 292 255 162 136 89 68 

FirstWin:
0 0 0 0 0 0 0 0 0 0 0 0 0 0 0 0 0 0 0 0 0 0 0 0 0 0 0 0 0 0 0 0 0 0 0 0 0 2 0 2 0 3 0 8 0 10 0 23 0 122 0 223 0 125 0 174 0 193 0 190 0 201 0 334 0 370 0 422 0 408 0 466 0 404 0 382 0 255 0 136 0 68 
SAlphaB:
0 0 0 0 0 0 0 0 0 0 0 0 0 0 0 0 0 0 0 0 0 0 0 0 0 0 0 0 0 0 0 0 0 0 0 0 0 2 0 2 0 3 0 8 0 10 0 23 0 122 0 223 0 125 0 174 0 193 0 190 0 201 0 334 0 370 0 422 0 408 0 466 0 404 0 382 0 255 0 136 0 68 

SecondWin:
0 0 0 0 0 0 0 0 0 0 0 0 0 0 0 0 0 0 0 0 0 0 0 0 0 0 0 0 0 0 0 0 0 0 0 0 0 0 1 0 0 0 8 0 6 0 12 0 29 0 51 0 59 0 76 0 114 0 132 0 177 0 237 0 348 0 391 0 451 0 473 0 449 0 366 0 292 0 162 0 89 0 
SAlphaB:
0 0 0 0 0 0 0 0 0 0 0 0 0 0 0 0 0 0 0 0 0 0 0 0 0 0 0 0 0 0 0 0 0 0 0 0 0 0 1 0 0 0 8 0 6 0 12 0 29 0 51 0 59 0 76 0 114 0 132 0 177 0 237 0 348 0 391 0 451 0 473 0 449 0 366 0 292 0 162 0 89 0 
