0 23 65 25 -15 2 6 10

0 68 92 61 -13 11 16 3

0 21 70 95 -20 0 4 24

0 61 67 55 -8 18 36 17

0 72 88 30 -15 13 49 29

0 20 71 24 -2 8 10 0

0 16 23 37 -14 7 12 2

0 34 89 4 -7 0 2 5

0 59 85 72 -17 11 13 0

0 65 67 26 -20 3 16 29

0 21 27 85 -8 2 6 13

0 31 56 69 -4 13 24 17

0 57 71 18 -12 0 32 1

0 19 56 50 -9 0 3 35

0 52 86 90 -19 8 9 20

0 31 78 86 -17 13 34 14

0 71 85 24 -8 23 48 43

0 17 27 24 -4 7 10 13

0 15 76 68 -10 14 17 25

0 14 98 27 -9 9 13 43

0 66 73 29 -4 13 47 13

0 8 90 74 -13 13 32 20

0 74 85 25 -1 30 45 27

0 38 62 84 -1 31 43 16

0 28 75 21 -7 10 35 36

0 33 48 34 -13 29 42 22

0 98 99 74 -13 1 4 3

0 16 42 40 -7 17 25 10

0 26 32 27 -13 9 16 27

0 2 51 32 -15 7 15 10

0 57 77 58 -1 22 39 4

0 8 31 2 -3 2 7 24

0 50 57 94 -4 22 25 49

0 7 95 44 -11 5 7 3

0 26 51 50 -8 6 35 4

0 10 80 33 -16 9 29 26

0 2 32 39 -18 0 9 5

0 17 96 25 -7 23 28 35

0 12 29 64 -18 14 35 25

0 95 99 77 -15 5 9 2

0 19 36 36 -9 21 29 20

0 4 10 37 -17 3 8 14

0 23 28 91 -10 7 13 26

0 39 75 11 -16 22 24 5

0 33 67 29 -13 37 41 25

0 7 17 46 -18 12 37 21

0 32 74 0 -1 7 47 48

0 8 9 46 -12 2 4 17

0 74 89 32 -5 29 33 47

0 19 33 31 -19 11 49 21

0 23 28 18 -12 2 5 43

0 34 60 87 -5 11 48 47

0 6 76 72 -11 4 18 30

0 7 46 5 -13 1 3 5

0 58 90 8 -4 39 42 20

0 1 52 85 -5 11 23 28

0 30 47 53 -18 5 8 18

0 2 4 68 -16 4 36 6

0 8 31 24 -19 15 24 5

0 16 33 54 -3 25 34 25

0 31 61 41 -11 28 38 38

0 9 41 69 -9 4 28 21

0 14 36 3 -10 11 22 41

0 19 23 95 -17 7 33 31

0 3 14 64 -6 0 8 16

0 17 33 24 -11 2 34 18

0 5 7 54 -20 25 34 38

0 8 24 76 -10 3 29 14

0 5 26 65 -9 14 25 44

0 31 50 54 -17 22 26 11

0 5 13 66 -16 0 9 30

0 22 24 14 -6 4 18 45

0 0 2 82 -16 5 38 2

0 66 68 2 -15 34 46 9

0 23 35 20 -15 4 43 0

0 2 4 11 -16 0 1 17

0 1 32 26 -1 12 40 14

0 11 42 53 -15 1 34 37

0 1 39 42 -10 17 24 35

0 15 21 42 -16 9 47 1

0 0 14 57 -16 0 3 39

0 17 19 64 -3 0 18 31

0 8 30 29 -5 5 41 26

0 0 4 59 -5 1 33 34

0 1 12 44 -5 0 8 25

0 2 3 33 -17 5 24 2

0 5 13 64 -11 18 25 3

0 21 33 11 -1 10 14 47

0 1 39 15 -3 1 3 24

0 15 21 95 -12 8 38 31

0 14 46 6 -9 29 46 3

0 9 12 66 -14 1 30 41

0 13 14 67 -1 13 33 35

0 1 7 88 -17 7 43 28

0 6 12 10 -3 2 28 15

0 2 7 22 -7 17 23 38

0 2 20 18 -8 18 31 33

0 7 15 10 -2 0 21 38

0 1 11 81 -13 1 12 31

0 0 1 24 -7 0 2 35


SAlphaB: 703.0, std-dev 266.4201283649188

Earliest win: 37
Latest win: 81

WinDepth:
0 0 0 0 0 0 0 0 0 0 0 0 0 0 0 0 0 0 0 0 0 0 0 0 0 0 0 0 0 0 0 0 0 0 0 0 0 6 0 2 1 4 9 20 8 20 15 42 20 50 109 192 69 119 110 178 124 216 115 177 209 231 256 318 345 372 359 427 442 405 433 507 431 421 352 313 274 204 180 155 100 69 
SAlphaB:
0 0 0 0 0 0 0 0 0 0 0 0 0 0 0 0 0 0 0 0 0 0 0 0 0 0 0 0 0 0 0 0 0 0 0 0 0 6 0 2 1 4 9 20 8 20 15 42 20 50 109 192 69 119 110 178 124 216 115 177 209 231 256 318 345 372 359 427 442 405 433 507 431 421 352 313 274 204 180 155 100 69 

LossDepth:
SAlphaB:
0 0 0 0 0 0 0 0 0 0 0 0 0 0 0 0 0 0 0 0 0 0 0 0 0 0 0 0 0 0 0 0 0 0 0 0 0 6 0 2 1 4 9 20 8 20 15 42 20 50 109 192 69 119 110 178 124 216 115 177 209 231 256 318 345 372 359 427 442 405 433 507 431 421 352 313 274 204 180 155 100 69 

FirstWin:
0 0 0 0 0 0 0 0 0 0 0 0 0 0 0 0 0 0 0 0 0 0 0 0 0 0 0 0 0 0 0 0 0 0 0 0 0 6 0 2 0 4 0 20 0 20 0 42 0 50 0 192 0 119 0 178 0 216 0 177 0 231 0 318 0 372 0 427 0 405 0 507 0 421 0 313 0 204 0 155 0 69 
SAlphaB:
0 0 0 0 0 0 0 0 0 0 0 0 0 0 0 0 0 0 0 0 0 0 0 0 0 0 0 0 0 0 0 0 0 0 0 0 0 6 0 2 0 4 0 20 0 20 0 42 0 50 0 192 0 119 0 178 0 216 0 177 0 231 0 318 0 372 0 427 0 405 0 507 0 421 0 313 0 204 0 155 0 69 

SecondWin:
0 0 0 0 0 0 0 0 0 0 0 0 0 0 0 0 0 0 0 0 0 0 0 0 0 0 0 0 0 0 0 0 0 0 0 0 0 0 0 0 1 0 9 0 8 0 15 0 20 0 109 0 69 0 110 0 124 0 115 0 209 0 256 0 345 0 359 0 442 0 433 0 431 0 352 0 274 0 180 0 100 0 
SAlphaB:
0 0 0 0 0 0 0 0 0 0 0 0 0 0 0 0 0 0 0 0 0 0 0 0 0 0 0 0 0 0 0 0 0 0 0 0 0 0 0 0 1 0 9 0 8 0 15 0 20 0 109 0 69 0 110 0 124 0 115 0 209 0 256 0 345 0 359 0 442 0 433 0 431 0 352 0 274 0 180 0 100 0 
