0 43 62 60 -14 1 4 5

0 67 83 76 -7 2 4 3

0 61 69 85 -3 1 15 3

0 36 51 12 -7 3 21 26

0 17 49 6 -2 6 12 44

0 38 50 62 -17 1 8 24

0 68 83 10 -15 1 12 28

0 33 75 3 -13 0 19 11

0 26 54 26 -14 3 7 1

0 53 90 88 -1 3 6 6

0 76 88 80 -18 4 7 45

0 23 95 7 -4 6 30 26

0 34 91 87 -4 7 31 29

0 37 48 48 -4 2 37 13

0 33 54 51 -6 20 26 7

0 59 62 30 -14 13 35 36

0 71 80 29 -14 7 24 46

0 32 48 84 -15 3 8 24

0 37 65 84 -10 7 35 42

0 11 44 79 -9 25 26 33

0 14 88 73 -11 20 22 23

0 43 58 81 -4 1 2 10

0 40 61 97 -13 10 18 0

0 68 73 38 -10 1 13 38

0 9 91 22 -13 9 23 20

0 26 40 74 -1 25 26 10

0 64 67 79 -17 1 2 42

0 6 22 11 -11 8 11 6

0 35 39 72 -15 6 19 1

0 17 49 81 -16 42 48 12

0 24 41 51 -3 1 2 15

0 0 48 41 -15 4 27 17

0 64 74 99 -12 20 42 30

0 30 66 87 -11 7 34 11

0 41 55 50 -4 11 13 4

0 27 70 9 -3 19 42 35

0 22 57 92 -8 15 30 39

0 38 81 7 -14 7 41 18

0 61 78 50 -5 2 6 0

0 10 55 5 -11 4 11 39

0 44 45 65 -2 1 11 36

0 5 21 81 -6 0 2 31

0 13 25 24 -16 0 2 40

0 30 39 75 -14 2 11 4

0 1 46 43 -18 25 31 31

0 0 50 21 -18 1 5 33

0 1 50 28 -20 43 44 4

0 38 41 91 -13 16 18 49

0 29 45 55 -17 13 45 47

0 81 92 42 -7 29 36 35

0 30 57 5 -2 14 19 45

0 5 65 81 -6 18 24 41

0 2 5 10 -3 17 37 13

0 2 54 16 -11 1 14 30

0 2 8 57 -17 5 11 33

0 13 48 73 -3 30 43 42

0 44 62 14 -2 39 42 25

0 18 23 43 -1 34 45 47

0 69 91 84 -16 28 49 5

0 16 56 88 -20 10 20 43

0 1 68 48 -20 2 24 29

0 0 52 31 -4 2 26 28

0 3 22 60 -13 20 31 36

0 17 53 39 -2 0 8 30

0 8 25 71 -7 39 44 44

0 1 20 27 -19 42 48 39

0 9 11 67 -1 26 29 24

0 53 55 22 -5 8 13 42

0 14 25 86 -14 27 39 42

0 41 46 16 -10 33 46 7

0 40 43 45 -7 7 47 48

0 15 23 9 -17 8 16 10

0 1 3 93 -1 46 48 8

0 8 35 69 -14 2 35 26

0 13 27 88 -18 9 10 48

0 22 83 80 -20 11 15 2

0 7 15 77 -5 12 18 1

0 10 13 7 -8 3 20 21

0 3 32 56 -17 21 33 2

0 1 16 46 -6 25 42 13

0 7 9 96 -9 16 27 10

0 27 30 86 -12 34 45 9

0 10 31 51 -19 29 48 49

0 7 28 77 -10 10 37 47

0 5 17 36 -2 38 47 45

0 10 16 21 -12 6 22 33

0 6 7 51 -2 19 36 30

0 1 18 46 -18 27 29 17

0 0 1 99 -17 3 6 33

0 7 35 82 -12 0 21 18

0 20 23 48 -15 14 33 46

0 6 7 68 -10 10 13 46

0 5 13 88 -9 9 43 11

0 1 5 47 -3 15 43 1

0 6 9 51 -8 12 26 46

0 0 3 63 -3 18 28 37

0 0 13 88 -4 0 31 38

0 2 7 88 -8 0 8 31

0 1 3 43 -9 11 12 40

0 0 1 17 -8 1 10 42


SAlphaB: 708.0, std-dev 257.94539963317663

Earliest win: 37
Latest win: 81

WinDepth:
0 0 0 0 0 0 0 0 0 0 0 0 0 0 0 0 0 0 0 0 0 0 0 0 0 0 0 0 0 0 0 0 0 0 0 0 0 6 1 3 16 5 5 10 19 29 19 26 30 79 75 137 119 104 90 146 99 179 154 185 108 230 271 296 311 389 366 424 450 426 458 441 531 357 393 337 272 256 224 145 107 110 
SAlphaB:
0 0 0 0 0 0 0 0 0 0 0 0 0 0 0 0 0 0 0 0 0 0 0 0 0 0 0 0 0 0 0 0 0 0 0 0 0 6 1 3 16 5 5 10 19 29 19 26 30 79 75 137 119 104 90 146 99 179 154 185 108 230 271 296 311 389 366 424 450 426 458 441 531 357 393 337 272 256 224 145 107 110 

LossDepth:
SAlphaB:
0 0 0 0 0 0 0 0 0 0 0 0 0 0 0 0 0 0 0 0 0 0 0 0 0 0 0 0 0 0 0 0 0 0 0 0 0 6 1 3 16 5 5 10 19 29 19 26 30 79 75 137 119 104 90 146 99 179 154 185 108 230 271 296 311 389 366 424 450 426 458 441 531 357 393 337 272 256 224 145 107 110 

FirstWin:
0 0 0 0 0 0 0 0 0 0 0 0 0 0 0 0 0 0 0 0 0 0 0 0 0 0 0 0 0 0 0 0 0 0 0 0 0 6 0 3 0 5 0 10 0 29 0 26 0 79 0 137 0 104 0 146 0 179 0 185 0 230 0 296 0 389 0 424 0 426 0 441 0 357 0 337 0 256 0 145 0 110 
SAlphaB:
0 0 0 0 0 0 0 0 0 0 0 0 0 0 0 0 0 0 0 0 0 0 0 0 0 0 0 0 0 0 0 0 0 0 0 0 0 6 0 3 0 5 0 10 0 29 0 26 0 79 0 137 0 104 0 146 0 179 0 185 0 230 0 296 0 389 0 424 0 426 0 441 0 357 0 337 0 256 0 145 0 110 

SecondWin:
0 0 0 0 0 0 0 0 0 0 0 0 0 0 0 0 0 0 0 0 0 0 0 0 0 0 0 0 0 0 0 0 0 0 0 0 0 0 1 0 16 0 5 0 19 0 19 0 30 0 75 0 119 0 90 0 99 0 154 0 108 0 271 0 311 0 366 0 450 0 458 0 531 0 393 0 272 0 224 0 107 0 
SAlphaB:
0 0 0 0 0 0 0 0 0 0 0 0 0 0 0 0 0 0 0 0 0 0 0 0 0 0 0 0 0 0 0 0 0 0 0 0 0 0 1 0 16 0 5 0 19 0 19 0 30 0 75 0 119 0 90 0 99 0 154 0 108 0 271 0 311 0 366 0 450 0 458 0 531 0 393 0 272 0 224 0 107 0 
