0 7 36 98 -2 19 28 6

0 64 88 71 -9 1 16 30

0 31 96 13 -1 1 28 13

0 54 73 42 -9 0 1 16

0 38 41 28 -16 17 38 0

0 46 50 84 -6 2 18 4

0 21 87 79 -14 12 27 12

0 14 40 93 -1 24 35 15

0 59 88 14 -4 4 30 26

0 40 58 77 -10 1 9 20

0 33 42 28 -10 9 11 9

0 77 93 38 -16 32 35 4

0 33 40 45 -20 0 4 14

0 39 89 79 -4 24 35 0

0 42 58 74 -15 2 23 30

0 56 81 3 -17 19 26 13

0 51 86 83 -2 27 44 4

0 41 60 29 -11 18 46 3

0 57 99 60 -20 4 13 33

0 61 86 11 -5 1 21 6

0 16 84 90 -13 42 46 47

0 35 97 40 -4 9 13 14

0 58 90 37 -20 10 24 45

0 47 80 2 -5 12 20 47

0 52 62 23 -20 6 9 19

0 74 96 97 -11 1 5 29

0 10 65 4 -8 27 39 1

0 36 38 16 -8 32 34 21

0 12 86 55 -15 5 6 17

0 5 57 5 -3 3 15 4

0 86 97 27 -14 17 25 36

0 4 78 29 -16 13 32 7

0 18 44 51 -3 12 26 8

0 11 47 44 -3 30 44 35

0 25 99 98 -1 22 27 0

0 10 67 57 -10 14 16 41

0 70 89 34 -12 13 14 30

0 18 38 83 -8 23 43 19

0 20 22 77 -2 12 25 16

0 24 41 8 -8 35 37 35

0 38 63 18 -14 26 30 7

0 15 21 99 -15 0 7 11

0 9 69 76 -2 17 43 44

0 53 81 7 -8 19 49 20

0 3 45 22 -12 1 4 12

0 6 37 48 -7 9 17 18

0 2 38 20 -1 22 35 21

0 15 48 10 -1 8 16 33

0 6 33 67 -1 13 30 20

0 45 53 54 -9 29 46 32

0 0 54 26 -7 13 30 26

0 23 24 18 -9 16 17 12

0 48 54 79 -18 13 25 23

0 20 50 41 -15 12 18 16

0 13 44 54 -4 16 19 18

0 17 32 50 -20 1 27 32

0 8 49 87 -11 17 48 33

0 51 66 85 -7 1 4 32

0 5 67 30 -3 10 48 14

0 2 29 52 -16 8 49 49

0 5 28 72 -17 28 49 0

0 45 70 14 -20 41 47 31

0 10 40 99 -9 7 32 33

0 0 35 59 -15 7 13 37

0 36 71 12 -3 9 38 3

0 9 61 73 -18 1 10 31

0 6 45 50 -20 6 8 40

0 1 13 7 -18 18 32 10

0 22 30 61 -5 3 14 41

0 6 53 28 -7 12 17 37

0 18 57 86 -8 2 35 38

0 9 88 24 -15 14 22 15

0 28 31 71 -5 25 38 34

0 14 23 83 -5 44 48 31

0 1 21 20 -10 6 42 12

0 24 65 22 -4 19 46 44

0 44 76 83 -3 0 1 40

0 13 15 89 -17 21 30 43

0 23 26 98 -18 0 33 40

0 3 11 60 -8 2 4 13

0 4 35 54 -20 10 11 45

0 22 62 11 -18 2 30 41

0 8 64 88 -5 34 43 37

0 23 28 9 -1 16 24 19

0 2 3 65 -4 6 24 38

0 29 36 16 -4 24 44 40

0 10 13 13 -3 1 36 4

0 6 8 33 -6 22 24 30

0 1 2 65 -11 23 46 1

0 8 16 16 -13 9 13 35

0 3 19 40 -16 6 12 41

0 1 3 41 -4 14 26 37

0 22 40 21 -16 2 39 43

0 0 7 10 -12 14 17 30

0 10 40 5 -16 4 28 37

0 2 21 21 -14 1 3 45

0 0 1 34 -15 17 43 25

0 5 14 25 -1 41 42 18

0 3 41 47 -19 0 44 42

0 1 2 0 -13 28 39 44


SAlphaB: 712.0, std-dev 249.85211312763283

Earliest win: 37
Latest win: 81

WinDepth:
0 0 0 0 0 0 0 0 0 0 0 0 0 0 0 0 0 0 0 0 0 0 0 0 0 0 0 0 0 0 0 0 0 0 0 0 0 1 0 0 27 2 4 17 10 10 20 12 19 66 55 230 81 108 64 173 102 157 128 201 150 219 230 354 320 396 442 324 485 400 497 435 417 375 378 349 306 256 163 150 116 73 
SAlphaB:
0 0 0 0 0 0 0 0 0 0 0 0 0 0 0 0 0 0 0 0 0 0 0 0 0 0 0 0 0 0 0 0 0 0 0 0 0 1 0 0 27 2 4 17 10 10 20 12 19 66 55 230 81 108 64 173 102 157 128 201 150 219 230 354 320 396 442 324 485 400 497 435 417 375 378 349 306 256 163 150 116 73 

LossDepth:
SAlphaB:
0 0 0 0 0 0 0 0 0 0 0 0 0 0 0 0 0 0 0 0 0 0 0 0 0 0 0 0 0 0 0 0 0 0 0 0 0 1 0 0 27 2 4 17 10 10 20 12 19 66 55 230 81 108 64 173 102 157 128 201 150 219 230 354 320 396 442 324 485 400 497 435 417 375 378 349 306 256 163 150 116 73 

FirstWin:
0 0 0 0 0 0 0 0 0 0 0 0 0 0 0 0 0 0 0 0 0 0 0 0 0 0 0 0 0 0 0 0 0 0 0 0 0 1 0 0 0 2 0 17 0 10 0 12 0 66 0 230 0 108 0 173 0 157 0 201 0 219 0 354 0 396 0 324 0 400 0 435 0 375 0 349 0 256 0 150 0 73 
SAlphaB:
0 0 0 0 0 0 0 0 0 0 0 0 0 0 0 0 0 0 0 0 0 0 0 0 0 0 0 0 0 0 0 0 0 0 0 0 0 1 0 0 0 2 0 17 0 10 0 12 0 66 0 230 0 108 0 173 0 157 0 201 0 219 0 354 0 396 0 324 0 400 0 435 0 375 0 349 0 256 0 150 0 73 

SecondWin:
0 0 0 0 0 0 0 0 0 0 0 0 0 0 0 0 0 0 0 0 0 0 0 0 0 0 0 0 0 0 0 0 0 0 0 0 0 0 0 0 27 0 4 0 10 0 20 0 19 0 55 0 81 0 64 0 102 0 128 0 150 0 230 0 320 0 442 0 485 0 497 0 417 0 378 0 306 0 163 0 116 0 
SAlphaB:
0 0 0 0 0 0 0 0 0 0 0 0 0 0 0 0 0 0 0 0 0 0 0 0 0 0 0 0 0 0 0 0 0 0 0 0 0 0 0 0 27 0 4 0 10 0 20 0 19 0 55 0 81 0 64 0 102 0 128 0 150 0 230 0 320 0 442 0 485 0 497 0 417 0 378 0 306 0 163 0 116 0 
