0 16 88 77 -10 0 1 32

0 27 86 96 -5 4 14 18

0 46 70 83 -18 3 5 20

0 32 45 94 -15 3 13 22

0 75 92 2 -20 9 37 37

0 19 82 45 -3 2 4 10

0 39 74 5 -4 1 6 2

0 72 91 98 -19 9 23 17

0 33 90 99 -18 16 26 39

0 20 89 60 -13 0 1 49

0 71 75 54 -19 2 32 3

0 68 87 73 -6 1 38 37

0 74 96 0 -9 1 34 20

0 52 68 37 -20 12 15 26

0 43 79 17 -16 6 14 0

0 53 57 33 -16 9 27 4

0 3 86 95 -11 25 42 15

0 34 42 9 -17 2 22 18

0 41 84 68 -17 11 40 42

0 57 87 94 -1 20 25 15

0 34 54 91 -8 9 19 46

0 16 35 96 -6 19 22 31

0 26 31 80 -20 0 13 21

0 35 83 56 -7 0 18 35

0 38 54 51 -2 9 18 43

0 1 53 78 -16 9 23 20

0 36 46 96 -2 26 41 17

0 31 97 55 -12 14 20 36

0 32 45 97 -15 18 38 44

0 16 64 66 -17 6 12 35

0 63 68 5 -5 16 46 36

0 82 89 22 -5 7 12 9

0 64 95 88 -4 0 1 10

0 27 68 38 -13 1 14 39

0 22 82 96 -4 0 1 1

0 28 59 36 -12 2 23 44

0 34 43 8 -2 8 24 12

0 25 72 60 -4 18 23 32

0 41 53 79 -10 21 42 34

0 4 90 17 -16 1 13 38

0 22 26 50 -3 23 27 18

0 4 60 80 -4 31 47 49

0 5 54 21 -17 8 22 22

0 60 78 83 -1 18 24 42

0 6 82 55 -17 7 24 0

0 1 30 77 -7 26 39 26

0 25 91 1 -1 19 20 9

0 15 35 96 -9 6 26 6

0 52 55 83 -1 19 20 45

0 32 34 56 -5 14 33 35

0 31 35 78 -14 5 32 6

0 24 47 12 -16 17 32 16

0 30 42 14 -14 11 18 46

0 11 12 52 -5 0 2 18

0 0 70 41 -13 8 45 39

0 6 50 83 -2 0 2 17

0 9 19 42 -10 3 12 18

0 13 23 86 -12 6 7 25

0 52 65 44 -12 0 8 25

0 2 72 4 -14 17 47 42

0 73 81 34 -4 20 22 46

0 28 30 2 -18 2 40 41

0 13 71 10 -13 6 18 30

0 7 16 45 -16 6 31 14

0 6 15 82 -16 20 49 29

0 68 72 33 -8 15 24 39

0 14 25 72 -13 1 2 38

0 5 29 96 -14 1 5 9

0 22 73 20 -5 16 37 46

0 40 89 3 -15 30 40 2

0 13 18 19 -9 2 31 3

0 4 40 4 -14 30 39 28

0 1 6 88 -5 6 41 49

0 4 7 3 -9 4 10 13

0 16 25 49 -19 7 38 7

0 48 54 3 -6 20 23 40

0 28 86 17 -11 23 27 24

0 1 6 2 -2 36 40 37

0 11 39 80 -14 28 48 31

0 1 9 50 -10 1 9 9

0 17 22 60 -7 11 34 5

0 4 13 15 -9 6 9 27

0 13 33 14 -12 6 17 26

0 9 18 5 -13 14 47 46

0 23 30 10 -19 12 20 49

0 3 21 21 -18 2 10 42

0 13 16 11 -19 1 27 45

0 1 8 96 -4 6 8 31

0 11 20 22 -19 29 42 24

0 3 7 61 -1 9 11 3

0 7 8 47 -19 12 33 0

0 0 10 63 -3 34 40 32

0 8 10 10 -16 1 46 34

0 2 7 32 -17 23 34 21

0 7 8 44 -4 6 16 42

0 0 18 92 -19 7 20 34

0 8 25 43 -5 18 24 40

0 15 20 33 -12 5 23 40

0 0 4 18 -6 17 19 13

0 0 7 28 -8 31 44 7


SAlphaB: 704.0, std-dev 256.67009885544644

Earliest win: 37
Latest win: 81

WinDepth:
0 0 0 0 0 0 0 0 0 0 0 0 0 0 0 0 0 0 0 0 0 0 0 0 0 0 0 0 0 0 0 0 0 0 0 0 0 2 0 1 5 5 10 12 7 9 25 53 17 102 63 189 94 114 121 224 105 198 116 185 179 262 197 389 343 390 406 412 451 397 445 430 411 356 386 349 295 215 186 123 78 74 
SAlphaB:
0 0 0 0 0 0 0 0 0 0 0 0 0 0 0 0 0 0 0 0 0 0 0 0 0 0 0 0 0 0 0 0 0 0 0 0 0 2 0 1 5 5 10 12 7 9 25 53 17 102 63 189 94 114 121 224 105 198 116 185 179 262 197 389 343 390 406 412 451 397 445 430 411 356 386 349 295 215 186 123 78 74 

LossDepth:
SAlphaB:
0 0 0 0 0 0 0 0 0 0 0 0 0 0 0 0 0 0 0 0 0 0 0 0 0 0 0 0 0 0 0 0 0 0 0 0 0 2 0 1 5 5 10 12 7 9 25 53 17 102 63 189 94 114 121 224 105 198 116 185 179 262 197 389 343 390 406 412 451 397 445 430 411 356 386 349 295 215 186 123 78 74 

FirstWin:
0 0 0 0 0 0 0 0 0 0 0 0 0 0 0 0 0 0 0 0 0 0 0 0 0 0 0 0 0 0 0 0 0 0 0 0 0 2 0 1 0 5 0 12 0 9 0 53 0 102 0 189 0 114 0 224 0 198 0 185 0 262 0 389 0 390 0 412 0 397 0 430 0 356 0 349 0 215 0 123 0 74 
SAlphaB:
0 0 0 0 0 0 0 0 0 0 0 0 0 0 0 0 0 0 0 0 0 0 0 0 0 0 0 0 0 0 0 0 0 0 0 0 0 2 0 1 0 5 0 12 0 9 0 53 0 102 0 189 0 114 0 224 0 198 0 185 0 262 0 389 0 390 0 412 0 397 0 430 0 356 0 349 0 215 0 123 0 74 

SecondWin:
0 0 0 0 0 0 0 0 0 0 0 0 0 0 0 0 0 0 0 0 0 0 0 0 0 0 0 0 0 0 0 0 0 0 0 0 0 0 0 0 5 0 10 0 7 0 25 0 17 0 63 0 94 0 121 0 105 0 116 0 179 0 197 0 343 0 406 0 451 0 445 0 411 0 386 0 295 0 186 0 78 0 
SAlphaB:
0 0 0 0 0 0 0 0 0 0 0 0 0 0 0 0 0 0 0 0 0 0 0 0 0 0 0 0 0 0 0 0 0 0 0 0 0 0 0 0 5 0 10 0 7 0 25 0 17 0 63 0 94 0 121 0 105 0 116 0 179 0 197 0 343 0 406 0 451 0 445 0 411 0 386 0 295 0 186 0 78 0 
