0 26 87 87 -14 8 26 37

0 84 88 97 -5 1 41 5

0 29 91 76 -1 7 16 23

0 87 95 17 -11 4 28 20

0 34 35 68 -11 2 8 15

0 54 93 97 -20 30 42 5

0 34 79 65 -6 6 22 47

0 31 66 14 -9 2 3 23

0 34 76 97 -7 8 41 10

0 13 25 89 -13 0 4 33

0 91 94 71 -8 24 25 13

0 69 73 28 -9 13 46 43

0 75 79 93 -8 10 16 7

0 11 79 55 -13 21 30 17

0 78 81 82 -1 6 14 14

0 5 39 20 -20 4 7 9

0 25 28 33 -6 1 24 23

0 10 14 97 -3 1 2 13

0 22 30 5 -19 3 4 12

0 11 70 23 -18 2 31 32

0 16 87 50 -18 2 40 42

0 62 69 81 -2 1 3 27

0 31 74 21 -5 18 46 3

0 86 94 38 -5 18 24 11

0 16 86 0 -16 9 39 2

0 11 14 61 -2 1 12 22

0 20 39 28 -1 7 26 48

0 38 69 58 -7 26 47 29

0 32 39 40 -5 30 36 9

0 25 30 41 -3 25 37 30

0 34 44 45 -7 1 38 41

0 4 60 97 -2 26 33 47

0 59 63 86 -2 0 30 49

0 22 37 97 -8 1 28 15

0 29 30 67 -1 3 9 29

0 17 28 7 -14 2 15 6

0 5 94 70 -13 5 45 36

0 25 57 15 -18 4 6 43

0 6 29 50 -4 15 26 5

0 23 36 36 -19 1 2 30

0 4 40 41 -15 3 15 28

0 54 68 94 -2 0 8 41

0 12 78 73 -6 39 41 48

0 2 3 61 -10 0 6 3

0 9 37 64 -13 4 5 35

0 4 15 54 -15 4 35 3

0 28 94 90 -7 33 41 42

0 41 61 2 -14 22 35 37

0 18 29 86 -17 3 4 33

0 3 22 82 -4 0 1 36

0 44 46 10 -14 6 7 9

0 22 35 42 -20 0 17 38

0 61 76 81 -9 33 35 28

0 5 29 61 -11 27 32 27

0 46 99 48 -16 25 40 24

0 4 29 51 -2 17 42 38

0 16 33 77 -9 10 48 3

0 37 72 16 -18 24 40 4

0 56 86 69 -16 26 37 38

0 22 32 30 -15 7 12 46

0 8 35 99 -1 2 3 41

0 6 69 90 -14 13 44 2

0 21 90 90 -14 20 22 43

0 23 50 2 -13 31 37 43

0 10 38 25 -17 22 42 24

0 3 15 59 -11 0 3 25

0 12 13 2 -19 2 22 38

0 16 43 83 -20 5 9 46

0 21 24 44 -18 6 31 32

0 6 9 60 -17 3 13 4

0 0 41 38 -6 0 6 43

0 0 11 72 -5 15 23 10

0 23 53 64 -5 17 27 36

0 2 13 67 -8 43 46 8

0 3 15 20 -7 0 15 34

0 30 43 84 -4 0 41 44

0 4 15 57 -4 22 31 29

0 5 13 17 -7 39 40 49

0 48 53 29 -8 30 32 6

0 16 56 57 -20 21 33 42

0 15 26 75 -7 36 42 24

0 0 11 75 -10 4 27 16

0 54 55 18 -18 25 35 1

0 2 3 23 -1 0 2 40

0 2 20 54 -11 26 31 13

0 8 25 97 -17 20 43 43

0 9 15 0 -17 21 29 41

0 13 14 35 -19 27 40 12

0 12 14 51 -1 9 49 43

0 14 27 36 -2 10 15 38

0 13 31 27 -13 4 27 47

0 4 31 39 -13 13 17 48

0 11 12 51 -1 6 8 37

0 26 31 39 -16 6 44 48

0 13 15 81 -11 3 24 20

0 6 7 1 -20 23 40 45

0 15 35 4 -11 29 43 48

0 2 3 83 -20 16 17 0

0 5 6 64 -20 6 28 44

0 3 5 8 -8 20 23 0


SAlphaB: 703.0, std-dev 270.5315754830355

Earliest win: 37
Latest win: 81

WinDepth:
0 0 0 0 0 0 0 0 0 0 0 0 0 0 0 0 0 0 0 0 0 0 0 0 0 0 0 0 0 0 0 0 0 0 0 0 0 6 1 9 4 9 2 11 15 16 14 42 19 67 91 195 100 134 121 183 114 148 128 149 191 259 179 283 320 346 391 350 446 413 431 470 374 467 389 347 260 311 209 141 107 81 
SAlphaB:
0 0 0 0 0 0 0 0 0 0 0 0 0 0 0 0 0 0 0 0 0 0 0 0 0 0 0 0 0 0 0 0 0 0 0 0 0 6 1 9 4 9 2 11 15 16 14 42 19 67 91 195 100 134 121 183 114 148 128 149 191 259 179 283 320 346 391 350 446 413 431 470 374 467 389 347 260 311 209 141 107 81 

LossDepth:
SAlphaB:
0 0 0 0 0 0 0 0 0 0 0 0 0 0 0 0 0 0 0 0 0 0 0 0 0 0 0 0 0 0 0 0 0 0 0 0 0 6 1 9 4 9 2 11 15 16 14 42 19 67 91 195 100 134 121 183 114 148 128 149 191 259 179 283 320 346 391 350 446 413 431 470 374 467 389 347 260 311 209 141 107 81 

FirstWin:
0 0 0 0 0 0 0 0 0 0 0 0 0 0 0 0 0 0 0 0 0 0 0 0 0 0 0 0 0 0 0 0 0 0 0 0 0 6 0 9 0 9 0 11 0 16 0 42 0 67 0 195 0 134 0 183 0 148 0 149 0 259 0 283 0 346 0 350 0 413 0 470 0 467 0 347 0 311 0 141 0 81 
SAlphaB:
0 0 0 0 0 0 0 0 0 0 0 0 0 0 0 0 0 0 0 0 0 0 0 0 0 0 0 0 0 0 0 0 0 0 0 0 0 6 0 9 0 9 0 11 0 16 0 42 0 67 0 195 0 134 0 183 0 148 0 149 0 259 0 283 0 346 0 350 0 413 0 470 0 467 0 347 0 311 0 141 0 81 

SecondWin:
0 0 0 0 0 0 0 0 0 0 0 0 0 0 0 0 0 0 0 0 0 0 0 0 0 0 0 0 0 0 0 0 0 0 0 0 0 0 1 0 4 0 2 0 15 0 14 0 19 0 91 0 100 0 121 0 114 0 128 0 191 0 179 0 320 0 391 0 446 0 431 0 374 0 389 0 260 0 209 0 107 0 
SAlphaB:
0 0 0 0 0 0 0 0 0 0 0 0 0 0 0 0 0 0 0 0 0 0 0 0 0 0 0 0 0 0 0 0 0 0 0 0 0 0 1 0 4 0 2 0 15 0 14 0 19 0 91 0 100 0 121 0 114 0 128 0 191 0 179 0 320 0 391 0 446 0 431 0 374 0 389 0 260 0 209 0 107 0 
