0 12 65 19 -10 1 6 13

0 66 99 98 -12 14 16 8

0 63 90 84 -3 3 16 20

0 38 99 42 -19 4 15 4

0 75 90 93 -14 2 26 37

0 14 42 8 -20 0 1 6

0 32 78 19 -11 0 5 0

0 84 95 31 -13 3 15 25

0 32 35 36 -17 2 8 19

0 22 96 28 -12 8 26 11

0 24 72 20 -3 33 48 20

0 48 71 74 -14 7 16 13

0 62 80 28 -16 5 30 27

0 50 58 74 -19 2 12 40

0 58 61 94 -8 15 44 29

0 8 71 82 -6 20 27 14

0 33 47 67 -8 0 12 34

0 14 76 53 -7 31 40 27

0 51 87 29 -18 11 16 14

0 24 30 10 -6 3 13 20

0 33 34 51 -3 8 28 25

0 46 60 96 -18 2 3 18

0 29 87 88 -16 7 16 24

0 12 87 89 -8 4 9 40

0 39 67 31 -15 30 42 28

0 40 67 45 -8 1 9 37

0 50 98 81 -6 18 24 10

0 65 81 22 -10 16 33 42

0 8 82 30 -5 0 1 12

0 55 59 50 -3 39 48 12

0 13 21 39 -7 14 18 12

0 48 65 99 -12 27 49 17

0 72 76 8 -14 3 7 31

0 20 83 66 -10 1 3 28

0 57 73 77 -9 10 16 39

0 60 74 62 -2 6 19 28

0 25 77 20 -7 2 38 29

0 63 91 30 -3 10 49 46

0 43 57 38 -9 3 8 1

0 20 53 0 -2 28 31 11

0 16 38 76 -3 0 6 10

0 47 53 29 -12 0 5 5

0 31 70 4 -6 14 40 33

0 13 55 56 -2 5 14 35

0 55 68 71 -12 14 15 46

0 33 79 38 -13 15 36 46

0 39 74 1 -10 10 41 33

0 34 41 81 -11 0 1 3

0 8 48 74 -3 1 2 22

0 23 58 14 -18 0 17 10

0 59 65 8 -19 2 44 38

0 8 52 78 -4 1 10 12

0 52 89 7 -9 3 4 31

0 19 27 51 -16 0 5 39

0 8 40 94 -2 13 18 19

0 18 29 87 -12 1 7 45

0 2 40 3 -6 0 1 20

0 18 31 67 -9 13 14 25

0 41 44 31 -20 18 36 44

0 26 70 92 -9 2 36 17

0 43 72 62 -2 0 1 27

0 28 35 38 -20 5 9 7

0 4 24 56 -5 13 36 20

0 12 57 75 -11 4 27 18

0 10 12 62 -8 5 6 22

0 16 76 78 -11 29 41 44

0 15 24 74 -18 2 3 38

0 71 76 51 -18 21 38 8

0 19 42 69 -10 17 30 38

0 11 51 98 -14 18 20 9

0 30 46 57 -17 12 36 29

0 1 4 32 -19 1 10 12

0 21 31 61 -1 7 19 35

0 10 45 67 -5 23 25 41

0 0 1 92 -9 15 16 40

0 5 31 40 -20 31 41 26

0 3 4 46 -17 0 2 4

0 2 47 87 -11 3 18 38

0 13 23 91 -14 0 4 44

0 18 45 98 -4 36 39 37

0 8 39 79 -18 17 21 42

0 6 20 37 -7 0 2 23

0 23 31 6 -4 19 20 3

0 12 25 87 -15 2 35 41

0 4 61 74 -2 14 15 40

0 6 13 46 -20 8 19 12

0 16 21 55 -7 6 26 8

0 0 59 71 -7 7 43 19

0 1 14 43 -6 12 15 29

0 9 24 30 -11 5 13 45

0 19 58 75 -5 45 46 39

0 16 17 67 -4 4 41 19

0 3 7 17 -14 18 23 35

0 2 9 29 -14 11 40 10

0 11 18 74 -18 0 26 47

0 10 29 7 -15 2 16 42

0 0 1 97 -17 0 1 49

0 3 19 94 -1 6 38 29

0 3 42 32 -2 5 28 39

0 4 19 3 -7 20 28 0


SAlphaB: 705.0, std-dev 258.03271335552813

Earliest win: 35
Latest win: 81

WinDepth:
0 0 0 0 0 0 0 0 0 0 0 0 0 0 0 0 0 0 0 0 0 0 0 0 0 0 0 0 0 0 0 0 0 0 0 1 0 1 2 8 13 11 4 20 7 21 12 57 34 87 86 113 81 129 116 166 146 196 119 181 191 253 258 355 299 379 343 409 401 409 405 444 398 396 400 352 288 245 171 132 137 82 
SAlphaB:
0 0 0 0 0 0 0 0 0 0 0 0 0 0 0 0 0 0 0 0 0 0 0 0 0 0 0 0 0 0 0 0 0 0 0 1 0 1 2 8 13 11 4 20 7 21 12 57 34 87 86 113 81 129 116 166 146 196 119 181 191 253 258 355 299 379 343 409 401 409 405 444 398 396 400 352 288 245 171 132 137 82 

LossDepth:
SAlphaB:
0 0 0 0 0 0 0 0 0 0 0 0 0 0 0 0 0 0 0 0 0 0 0 0 0 0 0 0 0 0 0 0 0 0 0 1 0 1 2 8 13 11 4 20 7 21 12 57 34 87 86 113 81 129 116 166 146 196 119 181 191 253 258 355 299 379 343 409 401 409 405 444 398 396 400 352 288 245 171 132 137 82 

FirstWin:
0 0 0 0 0 0 0 0 0 0 0 0 0 0 0 0 0 0 0 0 0 0 0 0 0 0 0 0 0 0 0 0 0 0 0 1 0 1 0 8 0 11 0 20 0 21 0 57 0 87 0 113 0 129 0 166 0 196 0 181 0 253 0 355 0 379 0 409 0 409 0 444 0 396 0 352 0 245 0 132 0 82 
SAlphaB:
0 0 0 0 0 0 0 0 0 0 0 0 0 0 0 0 0 0 0 0 0 0 0 0 0 0 0 0 0 0 0 0 0 0 0 1 0 1 0 8 0 11 0 20 0 21 0 57 0 87 0 113 0 129 0 166 0 196 0 181 0 253 0 355 0 379 0 409 0 409 0 444 0 396 0 352 0 245 0 132 0 82 

SecondWin:
0 0 0 0 0 0 0 0 0 0 0 0 0 0 0 0 0 0 0 0 0 0 0 0 0 0 0 0 0 0 0 0 0 0 0 0 0 0 2 0 13 0 4 0 7 0 12 0 34 0 86 0 81 0 116 0 146 0 119 0 191 0 258 0 299 0 343 0 401 0 405 0 398 0 400 0 288 0 171 0 137 0 
SAlphaB:
0 0 0 0 0 0 0 0 0 0 0 0 0 0 0 0 0 0 0 0 0 0 0 0 0 0 0 0 0 0 0 0 0 0 0 0 0 0 2 0 13 0 4 0 7 0 12 0 34 0 86 0 81 0 116 0 146 0 119 0 191 0 258 0 299 0 343 0 401 0 405 0 398 0 400 0 288 0 171 0 137 0 
