0 10 23 45 -7 1 4 14

0 31 79 74 -9 7 8 33

0 37 99 5 -5 8 27 12

0 60 96 56 -13 0 2 18

0 50 76 9 -2 14 18 3

0 30 50 38 -2 5 38 5

0 48 94 99 -3 2 15 3

0 96 99 80 -4 16 27 22

0 13 35 89 -14 5 13 13

0 51 60 52 -17 0 5 21

0 28 82 54 -6 2 29 26

0 66 94 42 -6 9 13 0

0 14 41 87 -17 0 1 35

0 45 76 49 -3 7 37 27

0 83 88 39 -20 1 37 23

0 41 78 3 -2 5 11 23

0 21 47 62 -2 3 9 20

0 52 65 51 -10 1 18 4

0 16 53 53 -9 33 43 29

0 43 80 30 -4 2 5 24

0 37 83 17 -1 5 16 9

0 5 47 83 -11 20 30 12

0 50 58 7 -19 7 17 16

0 89 96 96 -18 15 37 45

0 88 93 77 -1 21 24 10

0 71 86 45 -11 15 22 32

0 68 74 3 -20 0 3 5

0 52 86 6 -7 19 47 45

0 47 62 32 -5 2 23 33

0 29 75 65 -16 15 34 26

0 48 73 64 -16 26 32 8

0 3 79 59 -20 2 5 26

0 14 87 59 -2 11 33 31

0 34 43 68 -20 8 25 24

0 57 63 15 -1 10 49 35

0 23 32 49 -20 3 11 4

0 43 55 83 -8 0 2 21

0 4 42 41 -6 31 35 7

0 15 92 26 -12 2 9 17

0 59 64 38 -7 15 25 21

0 13 66 53 -16 0 18 1

0 20 46 73 -13 10 11 47

0 7 61 37 -17 9 27 5

0 18 32 54 -18 3 10 36

0 61 77 84 -8 17 26 44

0 43 54 60 -18 16 27 17

0 33 38 80 -20 39 40 28

0 22 40 55 -7 3 30 25

0 14 27 68 -3 12 30 23

0 29 40 95 -3 11 37 17

0 0 29 78 -17 17 20 33

0 16 48 70 -17 22 43 39

0 25 30 90 -11 9 29 25

0 26 32 65 -19 1 18 31

0 35 45 2 -11 0 2 7

0 14 35 41 -13 19 39 27

0 2 74 96 -9 12 35 44

0 10 24 84 -1 5 11 19

0 34 48 58 -5 19 36 14

0 44 80 21 -9 19 29 42

0 36 75 28 -18 1 49 29

0 12 96 67 -7 6 21 48

0 46 54 15 -12 43 48 26

0 35 54 14 -13 5 35 24

0 19 36 6 -1 44 49 19

0 6 17 55 -8 13 20 21

0 10 63 69 -4 33 45 9

0 52 86 74 -18 45 49 41

0 27 29 84 -19 4 17 49

0 10 72 24 -20 12 37 43

0 16 33 44 -16 21 27 32

0 7 33 4 -10 27 43 15

0 11 40 52 -8 14 44 10

0 43 56 43 -20 29 35 35

0 21 85 69 -19 24 28 38

0 67 78 85 -1 4 6 32

0 0 61 11 -6 12 40 22

0 3 46 3 -15 6 11 26

0 12 18 37 -14 23 28 11

0 12 40 61 -18 24 38 19

0 13 41 76 -15 15 17 9

0 8 99 1 -11 29 34 9

0 7 14 4 -19 11 19 3

0 25 50 7 -5 3 27 43

0 5 32 56 -19 9 22 42

0 20 27 74 -20 17 42 49

0 3 9 36 -14 10 23 33

0 11 22 55 -17 14 22 18

0 0 2 79 -4 3 18 20

0 1 6 62 -17 33 48 17

0 3 22 55 -5 22 45 46

0 31 55 11 -4 27 36 33

0 18 59 7 -5 5 44 36

0 17 45 12 -15 21 38 38

0 16 19 69 -8 19 29 3

0 1 9 50 -4 4 30 13

0 11 22 90 -2 24 27 42

0 17 31 34 -12 20 32 48

0 1 2 72 -13 11 38 34

0 0 1 37 -3 19 33 35


SAlphaB: 700.0, std-dev 259.7720283578887

Earliest win: 35
Latest win: 81

WinDepth:
0 0 0 0 0 0 0 0 0 0 0 0 0 0 0 0 0 0 0 0 0 0 0 0 0 0 0 0 0 0 0 0 0 0 0 1 0 0 0 5 22 2 3 6 8 13 26 17 25 66 86 192 82 93 59 129 101 225 152 216 168 227 247 323 320 413 362 433 479 407 449 464 433 408 391 350 268 229 181 138 104 77 
SAlphaB:
0 0 0 0 0 0 0 0 0 0 0 0 0 0 0 0 0 0 0 0 0 0 0 0 0 0 0 0 0 0 0 0 0 0 0 1 0 0 0 5 22 2 3 6 8 13 26 17 25 66 86 192 82 93 59 129 101 225 152 216 168 227 247 323 320 413 362 433 479 407 449 464 433 408 391 350 268 229 181 138 104 77 

LossDepth:
SAlphaB:
0 0 0 0 0 0 0 0 0 0 0 0 0 0 0 0 0 0 0 0 0 0 0 0 0 0 0 0 0 0 0 0 0 0 0 1 0 0 0 5 22 2 3 6 8 13 26 17 25 66 86 192 82 93 59 129 101 225 152 216 168 227 247 323 320 413 362 433 479 407 449 464 433 408 391 350 268 229 181 138 104 77 

FirstWin:
0 0 0 0 0 0 0 0 0 0 0 0 0 0 0 0 0 0 0 0 0 0 0 0 0 0 0 0 0 0 0 0 0 0 0 1 0 0 0 5 0 2 0 6 0 13 0 17 0 66 0 192 0 93 0 129 0 225 0 216 0 227 0 323 0 413 0 433 0 407 0 464 0 408 0 350 0 229 0 138 0 77 
SAlphaB:
0 0 0 0 0 0 0 0 0 0 0 0 0 0 0 0 0 0 0 0 0 0 0 0 0 0 0 0 0 0 0 0 0 0 0 1 0 0 0 5 0 2 0 6 0 13 0 17 0 66 0 192 0 93 0 129 0 225 0 216 0 227 0 323 0 413 0 433 0 407 0 464 0 408 0 350 0 229 0 138 0 77 

SecondWin:
0 0 0 0 0 0 0 0 0 0 0 0 0 0 0 0 0 0 0 0 0 0 0 0 0 0 0 0 0 0 0 0 0 0 0 0 0 0 0 0 22 0 3 0 8 0 26 0 25 0 86 0 82 0 59 0 101 0 152 0 168 0 247 0 320 0 362 0 479 0 449 0 433 0 391 0 268 0 181 0 104 0 
SAlphaB:
0 0 0 0 0 0 0 0 0 0 0 0 0 0 0 0 0 0 0 0 0 0 0 0 0 0 0 0 0 0 0 0 0 0 0 0 0 0 0 0 22 0 3 0 8 0 26 0 25 0 86 0 82 0 59 0 101 0 152 0 168 0 247 0 320 0 362 0 479 0 449 0 433 0 391 0 268 0 181 0 104 0 
