0 57 97 89 -13 2 13 25

0 18 63 19 -16 0 1 18

0 37 73 15 -20 4 5 28

0 42 50 49 -10 1 12 13

0 10 82 2 -18 1 8 3

0 17 92 8 -12 0 3 24

0 54 99 58 -11 8 31 49

0 34 76 8 -5 12 39 25

0 27 51 18 -12 3 11 1

0 45 81 51 -1 6 38 25

0 22 49 23 -3 7 17 2

0 17 76 68 -12 2 3 27

0 62 77 8 -1 3 25 24

0 18 24 76 -20 0 1 33

0 14 86 21 -3 3 14 29

0 22 70 45 -13 9 18 32

0 73 87 98 -20 0 1 23

0 20 87 45 -16 5 10 0

0 37 51 56 -9 0 12 15

0 13 55 86 -2 0 9 19

0 19 28 44 -20 2 3 15

0 56 79 86 -2 9 10 28

0 88 94 57 -3 2 41 3

0 77 79 44 -9 2 3 10

0 8 80 10 -13 1 4 39

0 24 28 33 -7 13 22 12

0 58 64 29 -13 19 45 33

0 20 70 89 -7 19 48 25

0 69 93 40 -5 30 35 9

0 40 73 93 -18 17 21 40

0 27 86 65 -4 28 39 10

0 49 90 48 -8 10 15 35

0 12 88 25 -11 20 40 15

0 44 77 41 -1 16 29 10

0 39 99 97 -6 21 39 44

0 53 94 41 -16 35 47 28

0 34 81 63 -13 11 12 35

0 30 36 57 -15 21 23 19

0 25 62 20 -16 0 1 48

0 8 97 62 -7 25 39 34

0 55 89 70 -17 37 43 12

0 7 94 52 -18 22 36 14

0 78 96 45 -3 31 42 43

0 47 77 47 -14 16 30 19

0 61 65 47 -10 23 34 43

0 45 53 42 -15 0 4 43

0 5 7 84 -11 3 9 13

0 44 69 69 -20 4 8 46

0 46 55 61 -16 17 44 11

0 36 43 66 -11 11 48 16

0 14 73 11 -11 10 31 10

0 40 50 63 -5 26 36 15

0 9 27 31 -7 1 2 42

0 63 70 65 -3 0 3 37

0 19 73 17 -11 16 31 46

0 24 70 91 -20 30 32 14

0 17 18 33 -9 4 12 28

0 13 63 93 -15 11 46 20

0 9 61 55 -18 5 21 33

0 53 99 27 -14 30 38 19

0 26 65 34 -1 6 33 21

0 3 17 58 -5 0 1 13

0 7 88 46 -14 26 48 0

0 38 50 33 -20 0 15 45

0 14 22 72 -7 13 16 18

0 6 55 11 -16 10 20 3

0 40 72 48 -20 25 32 25

0 28 33 98 -2 0 1 37

0 8 86 8 -9 21 46 24

0 5 50 71 -16 17 38 7

0 18 25 72 -10 25 27 14

0 6 48 44 -19 7 32 23

0 7 44 64 -15 5 33 42

0 6 78 2 -8 0 2 30

0 14 16 77 -16 3 17 6

0 0 56 6 -2 27 40 15

0 35 49 23 -10 0 2 40

0 18 59 40 -2 26 30 2

0 5 6 82 -5 12 14 17

0 33 37 28 -1 37 43 24

0 4 27 33 -15 10 11 17

0 11 38 7 -4 28 31 32

0 2 36 39 -14 46 47 26

0 1 37 16 -14 1 21 10

0 14 16 63 -20 4 7 8

0 13 14 47 -8 18 42 36

0 5 28 35 -10 1 34 32

0 4 12 94 -10 11 35 19

0 7 11 45 -6 20 49 4

0 3 11 94 -8 1 3 9

0 12 27 3 -8 22 31 26

0 2 5 77 -18 3 29 4

0 0 9 67 -15 7 13 10

0 8 10 14 -16 2 5 34

0 2 26 11 -9 9 43 48

0 2 11 15 -14 3 46 3

0 1 3 13 -3 9 21 28

0 2 5 98 -3 34 39 19

0 0 3 42 -18 2 11 35

0 5 15 32 -7 2 14 40


SAlphaB: 704.0, std-dev 265.2336548529742

Earliest win: 37
Latest win: 81

WinDepth:
0 0 0 0 0 0 0 0 0 0 0 0 0 0 0 0 0 0 0 0 0 0 0 0 0 0 0 0 0 0 0 0 0 0 0 0 0 1 1 5 14 6 6 22 16 19 34 40 30 62 76 200 106 146 104 203 103 214 142 174 170 263 244 348 347 349 417 361 403 434 389 423 400 408 428 360 260 217 175 125 91 62 
SAlphaB:
0 0 0 0 0 0 0 0 0 0 0 0 0 0 0 0 0 0 0 0 0 0 0 0 0 0 0 0 0 0 0 0 0 0 0 0 0 1 1 5 14 6 6 22 16 19 34 40 30 62 76 200 106 146 104 203 103 214 142 174 170 263 244 348 347 349 417 361 403 434 389 423 400 408 428 360 260 217 175 125 91 62 

LossDepth:
SAlphaB:
0 0 0 0 0 0 0 0 0 0 0 0 0 0 0 0 0 0 0 0 0 0 0 0 0 0 0 0 0 0 0 0 0 0 0 0 0 1 1 5 14 6 6 22 16 19 34 40 30 62 76 200 106 146 104 203 103 214 142 174 170 263 244 348 347 349 417 361 403 434 389 423 400 408 428 360 260 217 175 125 91 62 

FirstWin:
0 0 0 0 0 0 0 0 0 0 0 0 0 0 0 0 0 0 0 0 0 0 0 0 0 0 0 0 0 0 0 0 0 0 0 0 0 1 0 5 0 6 0 22 0 19 0 40 0 62 0 200 0 146 0 203 0 214 0 174 0 263 0 348 0 349 0 361 0 434 0 423 0 408 0 360 0 217 0 125 0 62 
SAlphaB:
0 0 0 0 0 0 0 0 0 0 0 0 0 0 0 0 0 0 0 0 0 0 0 0 0 0 0 0 0 0 0 0 0 0 0 0 0 1 0 5 0 6 0 22 0 19 0 40 0 62 0 200 0 146 0 203 0 214 0 174 0 263 0 348 0 349 0 361 0 434 0 423 0 408 0 360 0 217 0 125 0 62 

SecondWin:
0 0 0 0 0 0 0 0 0 0 0 0 0 0 0 0 0 0 0 0 0 0 0 0 0 0 0 0 0 0 0 0 0 0 0 0 0 0 1 0 14 0 6 0 16 0 34 0 30 0 76 0 106 0 104 0 103 0 142 0 170 0 244 0 347 0 417 0 403 0 389 0 400 0 428 0 260 0 175 0 91 0 
SAlphaB:
0 0 0 0 0 0 0 0 0 0 0 0 0 0 0 0 0 0 0 0 0 0 0 0 0 0 0 0 0 0 0 0 0 0 0 0 0 0 1 0 14 0 6 0 16 0 34 0 30 0 76 0 106 0 104 0 103 0 142 0 170 0 244 0 347 0 417 0 403 0 389 0 400 0 428 0 260 0 175 0 91 0 
