0 41 88 62 -16 15 44 39

0 49 88 8 -5 3 26 9

0 86 97 9 -11 16 36 20

0 14 74 84 -18 0 1 11

0 60 72 24 -9 20 40 34

0 12 64 94 -12 0 6 15

0 50 65 13 -20 7 10 2

0 52 95 61 -18 6 20 33

0 45 54 7 -4 1 10 7

0 11 53 62 -13 26 42 7

0 55 77 41 -16 5 17 41

0 32 51 7 -9 15 18 29

0 7 83 59 -10 20 27 11

0 53 56 96 -11 4 32 17

0 47 62 5 -18 0 11 19

0 16 24 77 -10 0 3 6

0 52 71 62 -16 16 41 5

0 47 57 75 -18 11 38 31

0 40 74 44 -17 10 11 5

0 45 75 73 -13 18 45 38

0 89 98 58 -4 4 14 39

0 69 87 98 -14 24 40 22

0 20 61 52 -15 2 3 9

0 15 39 88 -8 4 7 0

0 34 95 65 -5 1 48 33

0 35 61 97 -19 0 2 42

0 1 72 80 -17 20 29 10

0 9 48 8 -18 9 17 6

0 32 55 17 -7 17 24 24

0 44 51 18 -12 8 37 5

0 62 83 37 -14 21 45 18

0 0 35 42 -7 11 27 27

0 53 62 43 -19 4 26 2

0 30 41 51 -17 6 14 21

0 82 84 27 -15 6 40 31

0 10 84 37 -5 16 42 27

0 42 43 45 -20 9 37 0

0 34 49 44 -9 7 33 6

0 55 63 25 -2 29 37 31

0 24 43 56 -15 15 21 8

0 4 85 67 -17 11 17 7

0 27 86 4 -6 0 6 48

0 3 91 16 -17 3 10 22

0 21 90 69 -8 14 45 18

0 72 89 67 -8 5 8 26

0 72 91 23 -2 3 4 39

0 29 46 47 -3 6 7 35

0 22 33 48 -6 27 33 13

0 25 55 91 -11 9 11 15

0 34 71 11 -1 27 31 48

0 42 87 60 -1 6 9 41

0 47 49 65 -12 21 31 21

0 14 66 64 -16 34 45 22

0 5 25 13 -1 0 5 11

0 63 71 54 -8 32 37 44

0 7 40 51 -12 18 42 49

0 15 37 34 -19 13 36 43

0 38 49 46 -18 29 46 29

0 21 91 30 -17 9 42 30

0 22 52 50 -7 46 48 22

0 14 39 15 -2 1 17 17

0 2 10 73 -10 41 46 38

0 4 74 41 -17 19 46 34

0 53 76 52 -20 30 36 9

0 36 73 95 -18 47 49 12

0 10 16 68 -15 29 34 43

0 9 37 65 -18 4 28 5

0 12 51 99 -11 4 31 27

0 42 75 46 -8 36 41 6

0 57 67 58 -18 25 41 30

0 14 96 19 -13 25 38 21

0 2 26 33 -6 22 35 20

0 42 54 20 -2 16 29 26

0 4 70 51 -8 2 5 29

0 20 43 59 -10 13 30 49

0 1 2 71 -4 32 36 33

0 20 30 44 -16 13 34 19

0 20 31 91 -13 16 19 45

0 26 30 87 -3 4 48 48

0 10 19 12 -11 10 31 10

0 4 5 28 -12 20 40 3

0 7 17 67 -10 0 16 29

0 42 56 11 -9 31 44 20

0 6 10 73 -7 20 30 22

0 0 41 50 -14 1 8 0

0 39 82 42 -10 28 38 29

0 8 27 12 -3 0 1 46

0 17 44 38 -15 5 43 18

0 7 13 14 -1 5 23 23

0 11 15 62 -10 30 32 43

0 9 11 83 -17 0 10 37

0 41 44 75 -9 4 46 49

0 1 2 21 -15 16 43 31

0 1 32 94 -18 2 10 27

0 1 5 1 -18 10 30 41

0 8 11 37 -9 6 8 35

0 13 56 3 -16 9 17 24

0 6 10 87 -8 9 16 48

0 3 5 22 -1 9 39 8

0 0 21 53 -9 2 17 46


SAlphaB: 736.0, std-dev 273.8971653225297

Earliest win: 37
Latest win: 81

WinDepth:
0 0 0 0 0 0 0 0 0 0 0 0 0 0 0 0 0 0 0 0 0 0 0 0 0 0 0 0 0 0 0 0 0 0 0 0 0 8 0 2 17 5 4 11 6 16 12 32 26 85 53 194 62 118 92 182 115 148 171 177 146 272 246 400 369 363 382 353 404 449 442 520 385 436 397 359 255 262 174 156 85 63 
SAlphaB:
0 0 0 0 0 0 0 0 0 0 0 0 0 0 0 0 0 0 0 0 0 0 0 0 0 0 0 0 0 0 0 0 0 0 0 0 0 8 0 2 17 5 4 11 6 16 12 32 26 85 53 194 62 118 92 182 115 148 171 177 146 272 246 400 369 363 382 353 404 449 442 520 385 436 397 359 255 262 174 156 85 63 

LossDepth:
SAlphaB:
0 0 0 0 0 0 0 0 0 0 0 0 0 0 0 0 0 0 0 0 0 0 0 0 0 0 0 0 0 0 0 0 0 0 0 0 0 8 0 2 17 5 4 11 6 16 12 32 26 85 53 194 62 118 92 182 115 148 171 177 146 272 246 400 369 363 382 353 404 449 442 520 385 436 397 359 255 262 174 156 85 63 

FirstWin:
0 0 0 0 0 0 0 0 0 0 0 0 0 0 0 0 0 0 0 0 0 0 0 0 0 0 0 0 0 0 0 0 0 0 0 0 0 8 0 2 0 5 0 11 0 16 0 32 0 85 0 194 0 118 0 182 0 148 0 177 0 272 0 400 0 363 0 353 0 449 0 520 0 436 0 359 0 262 0 156 0 63 
SAlphaB:
0 0 0 0 0 0 0 0 0 0 0 0 0 0 0 0 0 0 0 0 0 0 0 0 0 0 0 0 0 0 0 0 0 0 0 0 0 8 0 2 0 5 0 11 0 16 0 32 0 85 0 194 0 118 0 182 0 148 0 177 0 272 0 400 0 363 0 353 0 449 0 520 0 436 0 359 0 262 0 156 0 63 

SecondWin:
0 0 0 0 0 0 0 0 0 0 0 0 0 0 0 0 0 0 0 0 0 0 0 0 0 0 0 0 0 0 0 0 0 0 0 0 0 0 0 0 17 0 4 0 6 0 12 0 26 0 53 0 62 0 92 0 115 0 171 0 146 0 246 0 369 0 382 0 404 0 442 0 385 0 397 0 255 0 174 0 85 0 
SAlphaB:
0 0 0 0 0 0 0 0 0 0 0 0 0 0 0 0 0 0 0 0 0 0 0 0 0 0 0 0 0 0 0 0 0 0 0 0 0 0 0 0 17 0 4 0 6 0 12 0 26 0 53 0 62 0 92 0 115 0 171 0 146 0 246 0 369 0 382 0 404 0 442 0 385 0 397 0 255 0 174 0 85 0 
