0 52 96 16 -7 9 35 24

0 31 56 23 -7 4 16 3

0 34 57 69 -15 3 6 7

0 18 50 29 -3 3 8 5

0 40 89 69 -14 6 16 6

0 21 80 83 -14 1 5 15

0 36 92 45 -7 7 11 20

0 31 61 77 -13 3 5 15

0 79 95 65 -11 19 28 8

0 59 76 88 -16 4 11 27

0 33 56 20 -4 7 12 14

0 42 81 52 -14 4 14 40

0 50 82 14 -5 8 17 5

0 32 39 48 -2 2 6 3

0 54 98 70 -14 2 4 10

0 37 86 44 -3 1 10 12

0 32 90 86 -15 2 10 36

0 48 90 21 -7 4 15 5

0 50 67 64 -1 6 33 9

0 39 63 43 -18 5 19 5

0 37 48 13 -20 1 4 17

0 9 47 80 -3 0 1 1

0 60 88 25 -6 9 49 2

0 66 90 64 -5 15 44 8

0 67 92 77 -7 7 45 47

0 13 64 7 -7 0 1 11

0 46 96 68 -2 6 19 18

0 57 67 51 -13 1 14 36

0 67 97 45 -14 5 32 8

0 51 67 51 -6 4 15 13

0 36 93 16 -4 5 23 8

0 55 56 69 -2 4 32 4

0 51 96 5 -6 1 10 18

0 44 76 25 -6 12 30 5

0 59 67 10 -20 4 19 30

0 24 48 13 -14 0 3 23

0 51 68 15 -17 1 11 29

0 27 79 62 -12 0 1 6

0 56 92 85 -9 0 28 2

0 35 72 3 -11 6 14 10

0 79 83 71 -15 2 25 6

0 56 89 7 -19 14 16 40

0 25 81 88 -17 1 7 26

0 63 82 28 -18 2 17 24

0 63 76 88 -13 1 17 16

0 17 74 35 -16 2 3 10

0 27 68 56 -16 1 3 21

0 31 69 94 -2 1 13 32

0 71 98 75 -5 14 46 40

0 52 74 22 -11 7 14 25

0 61 84 93 -18 7 14 9

0 30 75 77 -6 4 21 8

0 94 95 50 -19 8 26 33

0 12 71 94 -16 3 7 3

0 28 64 73 -7 10 23 6

0 52 77 21 -19 0 14 10

0 78 97 65 -11 6 17 35

0 45 93 39 -20 6 24 37

0 24 68 48 -11 3 9 28

0 44 54 66 -1 12 15 10

0 59 80 38 -12 6 40 45

0 35 38 68 -20 0 5 1

0 16 50 60 -18 1 2 6

0 18 38 13 -11 0 4 20

0 84 93 69 -17 6 13 35

0 78 93 68 -17 5 36 49

0 24 32 42 -18 0 1 3

0 26 65 7 -20 0 15 11

0 75 92 32 -10 3 18 36

0 7 44 9 -7 0 1 16

0 29 68 89 -7 13 28 0

0 43 80 72 -20 15 22 40

0 72 87 97 -1 8 20 7

0 58 93 11 -12 12 15 45

0 67 71 20 -5 6 7 31

0 38 84 63 -9 12 33 5

0 47 61 95 -4 2 6 0

0 39 98 22 -9 9 26 28

0 28 74 60 -7 11 20 22

0 16 76 38 -2 8 12 9

0 13 54 1 -17 0 1 16

0 10 62 80 -9 43 44 9

0 17 25 53 -10 3 4 12

0 44 96 14 -9 8 14 30

0 63 93 90 -2 5 11 17

0 53 80 66 -16 15 46 42

0 20 78 23 -2 5 19 35

0 34 88 33 -3 4 9 30

0 70 87 52 -10 5 11 33

0 16 85 36 -18 7 25 8

0 94 97 45 -8 1 3 7

0 1 76 97 -3 14 27 15

0 64 75 0 -19 3 13 49

0 36 68 28 -7 9 23 35

0 37 44 88 -19 8 23 12

0 10 31 69 -3 1 8 0

0 46 76 82 -9 7 37 49

0 27 49 92 -10 10 23 26

0 0 32 85 -5 24 38 17

0 23 30 49 -10 8 18 22


SAlphaB: 736.0, std-dev 260.5234297030546

Earliest win: 35
Latest win: 81

WinDepth:
0 0 0 0 0 0 0 0 0 0 0 0 0 0 0 0 0 0 0 0 0 0 0 0 0 0 0 0 0 0 0 0 0 0 0 9 1 24 3 30 13 31 15 47 29 88 47 131 62 146 173 317 183 350 261 446 374 585 353 522 482 715 608 815 791 918 835 1010 986 1014 944 897 875 875 883 716 577 490 411 279 198 164 
SAlphaB:
0 0 0 0 0 0 0 0 0 0 0 0 0 0 0 0 0 0 0 0 0 0 0 0 0 0 0 0 0 0 0 0 0 0 0 9 1 24 3 30 13 31 15 47 29 88 47 131 62 146 173 317 183 350 261 446 374 585 353 522 482 715 608 815 791 918 835 1010 986 1014 944 897 875 875 883 716 577 490 411 279 198 164 

LossDepth:
SAlphaB:
0 0 0 0 0 0 0 0 0 0 0 0 0 0 0 0 0 0 0 0 0 0 0 0 0 0 0 0 0 0 0 0 0 0 0 8 1 23 3 22 2 26 5 28 19 74 35 73 52 89 123 137 118 174 181 290 250 367 228 340 306 521 426 622 575 682 607 796 670 818 624 769 638 707 656 653 452 452 326 240 216 134 

FirstWin:
0 0 0 0 0 0 0 0 0 0 0 0 0 0 0 0 0 0 0 0 0 0 0 0 0 0 0 0 0 0 0 0 0 0 0 9 0 24 0 30 0 31 0 47 0 88 0 131 0 146 0 317 0 350 0 446 0 585 0 522 0 715 0 815 0 918 0 1010 0 1014 0 897 0 875 0 716 0 490 0 279 0 164 
SAlphaB:
0 0 0 0 0 0 0 0 0 0 0 0 0 0 0 0 0 0 0 0 0 0 0 0 0 0 0 0 0 0 0 0 0 0 0 9 0 24 0 30 0 31 0 47 0 88 0 131 0 146 0 317 0 350 0 446 0 585 0 522 0 715 0 815 0 918 0 1010 0 1014 0 897 0 875 0 716 0 490 0 279 0 164 

SecondWin:
0 0 0 0 0 0 0 0 0 0 0 0 0 0 0 0 0 0 0 0 0 0 0 0 0 0 0 0 0 0 0 0 0 0 0 0 1 0 3 0 13 0 15 0 29 0 47 0 62 0 173 0 183 0 261 0 374 0 353 0 482 0 608 0 791 0 835 0 986 0 944 0 875 0 883 0 577 0 411 0 198 0 
SAlphaB:
0 0 0 0 0 0 0 0 0 0 0 0 0 0 0 0 0 0 0 0 0 0 0 0 0 0 0 0 0 0 0 0 0 0 0 0 1 0 3 0 13 0 15 0 29 0 47 0 62 0 173 0 183 0 261 0 374 0 353 0 482 0 608 0 791 0 835 0 986 0 944 0 875 0 883 0 577 0 411 0 198 0 
