0 24 48 13 -14 0 3 23

0 16 50 60 -18 1 2 6

0 18 50 29 -3 3 8 5

0 52 74 22 -11 7 14 25

0 37 86 44 -3 1 10 12

0 54 98 70 -14 2 4 10

0 26 65 7 -20 0 15 11

0 16 76 38 -2 8 12 9

0 39 98 22 -9 9 26 28

0 78 93 68 -17 5 36 49

0 85 95 12 -3 6 24 14

0 62 85 61 -16 3 11 23

0 12 49 81 -8 22 27 15

0 48 52 77 -18 6 23 27

0 24 42 45 -1 42 43 7

0 14 93 36 -20 3 7 1

0 78 98 48 -7 1 14 40

0 38 41 46 -20 40 49 12

0 49 77 98 -17 30 43 7

0 2 47 90 -3 13 35 13

0 11 12 34 -4 0 2 10

0 71 98 21 -8 3 13 45

0 69 70 67 -15 2 3 6

0 20 38 93 -8 6 16 20

0 21 43 98 -16 7 11 22

0 8 99 24 -13 7 17 2

0 23 24 64 -15 6 12 3

0 22 71 29 -9 1 16 41

0 15 61 35 -18 2 7 49

0 64 77 10 -9 29 41 25

0 37 62 46 -13 0 32 35

0 47 89 72 -13 28 42 9

0 63 66 82 -3 5 6 3

0 68 72 10 -4 0 40 8

0 17 21 32 -12 29 34 23

0 15 55 38 -9 15 40 22

0 22 42 85 -14 7 12 34

0 13 48 79 -16 29 36 44

0 51 96 16 -3 11 13 40

0 54 68 72 -8 18 41 27

0 31 60 81 -11 29 33 20

0 14 36 64 -10 36 44 10

0 51 54 87 -1 0 1 14

0 25 34 86 -6 12 25 34

0 63 86 78 -16 21 28 32

0 10 60 41 -14 26 41 29

0 20 32 38 -9 38 46 26

0 10 89 43 -6 19 46 40

0 29 91 99 -13 30 38 40

0 72 73 72 -2 12 18 23

0 55 61 64 -15 10 13 12

0 39 92 60 -1 0 2 14

0 22 78 87 -1 0 2 11

0 21 23 39 -19 21 22 17

0 3 38 84 -12 6 12 32

0 24 59 13 -18 4 8 42

0 0 38 95 -12 12 13 7

0 63 82 74 -6 40 44 20

0 31 55 35 -6 17 42 21

0 8 21 77 -20 39 44 21

0 4 54 9 -11 17 33 34

0 7 86 90 -15 44 47 26

0 50 52 2 -11 8 15 8

0 8 9 68 -8 22 47 24

0 50 51 22 -3 0 45 7

0 12 24 81 -6 0 2 17

0 21 37 94 -17 15 17 39

0 7 19 66 -2 4 8 39

0 9 51 49 -8 18 25 4

0 2 17 80 -15 21 30 45

0 24 39 58 -11 19 20 46

0 30 83 68 -19 19 41 22

0 21 94 85 -3 31 42 8

0 15 74 40 -7 12 22 14

0 13 14 4 -14 6 16 14

0 28 58 47 -15 32 39 38

0 16 65 34 -15 13 20 19

0 5 20 86 -3 40 49 48

0 28 29 38 -1 0 38 23

0 1 32 94 -8 32 44 44

0 57 63 43 -3 6 7 47

0 41 44 94 -6 21 25 25

0 19 39 79 -4 24 48 17

0 3 4 56 -13 5 9 4

0 2 56 20 -19 19 20 35

0 0 4 3 -11 25 41 20

0 6 20 2 -16 1 2 14

0 21 45 66 -17 4 25 39

0 17 25 57 -2 0 1 35

0 1 9 48 -2 5 30 4

0 2 11 46 -7 25 40 31

0 12 47 95 -2 5 26 40

0 2 5 93 -2 11 18 20

0 16 28 94 -7 1 27 11

0 1 2 4 -10 9 36 49

0 2 26 2 -6 28 33 31

0 0 4 77 -13 20 29 1

0 3 8 33 -8 0 5 42

0 6 29 35 -6 2 10 48

0 2 7 96 -9 4 7 44


SAlphaB: 722.0, std-dev 278.32427103737257

Earliest win: 35
Latest win: 81

WinDepth:
0 0 0 0 0 0 0 0 0 0 0 0 0 0 0 0 0 0 0 0 0 0 0 0 0 0 0 0 0 0 0 0 0 0 0 1 0 6 0 4 1 3 2 30 13 18 12 24 76 74 67 165 137 118 77 143 119 167 128 216 147 232 219 266 317 371 400 440 447 358 463 447 461 424 402 364 271 234 181 142 106 66 
SAlphaB:
0 0 0 0 0 0 0 0 0 0 0 0 0 0 0 0 0 0 0 0 0 0 0 0 0 0 0 0 0 0 0 0 0 0 0 1 0 6 0 4 1 3 2 30 13 18 12 24 76 74 67 165 137 118 77 143 119 167 128 216 147 232 219 266 317 371 400 440 447 358 463 447 461 424 402 364 271 234 181 142 106 66 

LossDepth:
SAlphaB:
0 0 0 0 0 0 0 0 0 0 0 0 0 0 0 0 0 0 0 0 0 0 0 0 0 0 0 0 0 0 0 0 0 0 0 1 0 6 0 4 1 3 2 30 13 18 12 24 76 74 67 165 137 118 77 143 119 167 128 216 147 232 219 266 317 371 400 440 447 358 463 447 461 424 402 364 271 234 181 142 106 66 

FirstWin:
0 0 0 0 0 0 0 0 0 0 0 0 0 0 0 0 0 0 0 0 0 0 0 0 0 0 0 0 0 0 0 0 0 0 0 1 0 6 0 4 0 3 0 30 0 18 0 24 0 74 0 165 0 118 0 143 0 167 0 216 0 232 0 266 0 371 0 440 0 358 0 447 0 424 0 364 0 234 0 142 0 66 
SAlphaB:
0 0 0 0 0 0 0 0 0 0 0 0 0 0 0 0 0 0 0 0 0 0 0 0 0 0 0 0 0 0 0 0 0 0 0 1 0 6 0 4 0 3 0 30 0 18 0 24 0 74 0 165 0 118 0 143 0 167 0 216 0 232 0 266 0 371 0 440 0 358 0 447 0 424 0 364 0 234 0 142 0 66 

SecondWin:
0 0 0 0 0 0 0 0 0 0 0 0 0 0 0 0 0 0 0 0 0 0 0 0 0 0 0 0 0 0 0 0 0 0 0 0 0 0 0 0 1 0 2 0 13 0 12 0 76 0 67 0 137 0 77 0 119 0 128 0 147 0 219 0 317 0 400 0 447 0 463 0 461 0 402 0 271 0 181 0 106 0 
SAlphaB:
0 0 0 0 0 0 0 0 0 0 0 0 0 0 0 0 0 0 0 0 0 0 0 0 0 0 0 0 0 0 0 0 0 0 0 0 0 0 0 0 1 0 2 0 13 0 12 0 76 0 67 0 137 0 77 0 119 0 128 0 147 0 219 0 317 0 400 0 447 0 463 0 461 0 402 0 271 0 181 0 106 0 
