0 13 64 7 -7 0 1 11

0 25 81 88 -17 1 7 26

0 38 84 63 -9 12 33 5

0 43 80 72 -20 15 22 40

0 50 82 14 -5 8 17 5

0 34 88 33 -3 4 9 30

0 24 32 42 -18 0 1 3

0 35 38 68 -20 0 5 1

0 67 97 45 -14 5 32 8

0 10 31 69 -3 1 8 0

0 5 99 89 -5 9 17 3

0 13 38 64 -11 8 12 14

0 15 20 85 -18 0 2 26

0 1 74 42 -7 23 43 33

0 21 80 45 -14 15 30 12

0 64 67 94 -6 12 29 0

0 62 65 19 -1 1 37 6

0 66 81 41 -13 22 47 0

0 48 50 75 -10 9 22 19

0 52 60 17 -2 1 20 15

0 13 53 63 -5 0 2 18

0 46 70 59 -10 10 36 20

0 10 84 77 -18 28 48 5

0 60 76 60 -2 8 18 41

0 64 96 54 -7 25 42 10

0 81 96 6 -10 0 2 29

0 51 55 16 -12 0 9 25

0 37 59 62 -7 27 42 28

0 42 77 26 -10 25 47 28

0 30 73 66 -20 2 41 40

0 40 41 40 -1 0 12 17

0 34 70 43 -17 13 20 10

0 48 88 24 -8 47 49 28

0 73 77 67 -11 13 36 38

0 79 88 17 -8 26 47 31

0 37 50 30 -9 12 20 44

0 9 34 93 -13 18 37 18

0 19 45 95 -10 5 7 4

0 35 57 3 -15 1 2 48

0 1 27 82 -20 8 12 23

0 70 77 55 -13 11 16 23

0 13 85 97 -3 18 32 44

0 66 84 78 -17 20 36 35

0 67 68 3 -9 0 2 41

0 50 59 9 -3 10 35 47

0 23 86 9 -10 15 34 2

0 10 70 78 -13 3 16 46

0 23 91 60 -2 9 43 34

0 1 49 47 -6 18 40 3

0 43 48 62 -15 4 45 42

0 47 83 37 -8 30 49 36

0 41 48 48 -20 0 21 24

0 3 63 86 -3 4 7 37

0 32 87 5 -3 47 49 49

0 28 41 37 -2 0 1 6

0 20 30 61 -3 36 42 38

0 3 77 91 -9 16 20 40

0 74 87 72 -1 3 5 35

0 37 46 58 -9 2 3 28

0 76 90 99 -13 20 21 42

0 28 86 43 -13 27 36 3

0 13 20 59 -9 1 2 35

0 32 51 23 -17 33 47 32

0 12 16 66 -6 12 39 31

0 4 17 95 -12 3 6 2

0 13 52 4 -9 16 44 38

0 2 5 70 -19 30 38 34

0 12 19 53 -3 11 36 19

0 4 41 73 -4 22 31 44

0 22 43 72 -14 36 48 17

0 6 51 5 -13 20 29 46

0 26 28 94 -3 6 29 39

0 2 63 16 -8 2 3 42

0 1 23 44 -11 9 30 18

0 10 15 68 -18 20 47 30

0 17 19 16 -12 0 42 34

0 18 20 58 -13 5 31 12

0 22 63 6 -16 16 27 48

0 4 5 66 -7 9 15 14

0 0 18 9 -1 9 29 44

0 10 37 52 -14 3 45 12

0 1 18 34 -2 12 27 19

0 17 28 31 -14 26 34 48

0 13 28 75 -3 33 39 42

0 2 12 96 -1 9 28 16

0 32 56 37 -16 27 33 46

0 8 18 10 -3 17 25 1

0 13 22 5 -14 23 41 33

0 9 26 92 -13 1 44 3

0 3 9 14 -7 13 19 15

0 9 21 65 -14 5 31 45

0 8 25 48 -9 28 36 43

0 9 11 82 -5 10 40 6

0 1 5 2 -17 7 14 40

0 9 15 4 -13 7 43 41

0 5 7 83 -12 9 12 46

0 0 2 48 -15 24 29 7

0 0 2 35 -11 13 36 41

0 0 7 14 -7 17 31 46

0 3 5 18 -16 10 13 30


SAlphaB: 712.0, std-dev 259.9079770133104

Earliest win: 37
Latest win: 81

WinDepth:
0 0 0 0 0 0 0 0 0 0 0 0 0 0 0 0 0 0 0 0 0 0 0 0 0 0 0 0 0 0 0 0 0 0 0 0 0 2 0 2 0 7 3 7 13 9 10 26 29 77 38 224 51 145 66 158 109 239 147 177 171 236 223 311 331 406 407 374 462 435 444 453 382 423 364 347 264 277 216 125 110 80 
SAlphaB:
0 0 0 0 0 0 0 0 0 0 0 0 0 0 0 0 0 0 0 0 0 0 0 0 0 0 0 0 0 0 0 0 0 0 0 0 0 2 0 2 0 7 3 7 13 9 10 26 29 77 38 224 51 145 66 158 109 239 147 177 171 236 223 311 331 406 407 374 462 435 444 453 382 423 364 347 264 277 216 125 110 80 

LossDepth:
SAlphaB:
0 0 0 0 0 0 0 0 0 0 0 0 0 0 0 0 0 0 0 0 0 0 0 0 0 0 0 0 0 0 0 0 0 0 0 0 0 2 0 2 0 7 3 7 13 9 10 26 29 77 38 224 51 145 66 158 109 239 147 177 171 236 223 311 331 406 407 374 462 435 444 453 382 423 364 347 264 277 216 125 110 80 

FirstWin:
0 0 0 0 0 0 0 0 0 0 0 0 0 0 0 0 0 0 0 0 0 0 0 0 0 0 0 0 0 0 0 0 0 0 0 0 0 2 0 2 0 7 0 7 0 9 0 26 0 77 0 224 0 145 0 158 0 239 0 177 0 236 0 311 0 406 0 374 0 435 0 453 0 423 0 347 0 277 0 125 0 80 
SAlphaB:
0 0 0 0 0 0 0 0 0 0 0 0 0 0 0 0 0 0 0 0 0 0 0 0 0 0 0 0 0 0 0 0 0 0 0 0 0 2 0 2 0 7 0 7 0 9 0 26 0 77 0 224 0 145 0 158 0 239 0 177 0 236 0 311 0 406 0 374 0 435 0 453 0 423 0 347 0 277 0 125 0 80 

SecondWin:
0 0 0 0 0 0 0 0 0 0 0 0 0 0 0 0 0 0 0 0 0 0 0 0 0 0 0 0 0 0 0 0 0 0 0 0 0 0 0 0 0 0 3 0 13 0 10 0 29 0 38 0 51 0 66 0 109 0 147 0 171 0 223 0 331 0 407 0 462 0 444 0 382 0 364 0 264 0 216 0 110 0 
SAlphaB:
0 0 0 0 0 0 0 0 0 0 0 0 0 0 0 0 0 0 0 0 0 0 0 0 0 0 0 0 0 0 0 0 0 0 0 0 0 0 0 0 0 0 3 0 13 0 10 0 29 0 38 0 51 0 66 0 109 0 147 0 171 0 223 0 331 0 407 0 462 0 444 0 382 0 364 0 264 0 216 0 110 0 
