0 32 39 48 -2 2 6 3

0 84 93 69 -17 6 13 35

0 28 64 73 -7 10 23 6

0 44 96 14 -9 8 14 30

0 47 61 95 -4 2 6 0

0 37 44 88 -19 8 23 12

0 0 32 85 -5 24 38 17

0 59 67 10 -20 4 19 30

0 44 76 25 -6 12 30 5

0 63 76 88 -13 1 17 16

0 57 92 7 -13 3 13 48

0 36 83 49 -8 12 25 20

0 28 41 54 -7 2 8 30

0 22 34 47 -15 4 8 17

0 17 53 83 -4 5 8 34

0 47 48 35 -10 0 34 18

0 74 87 82 -7 10 45 4

0 29 71 91 -15 30 46 21

0 79 94 48 -6 2 12 14

0 68 77 57 -5 8 10 13

0 90 98 45 -14 3 47 22

0 44 85 34 -17 32 37 25

0 34 55 38 -17 7 14 43

0 68 90 53 -13 10 15 17

0 28 69 84 -19 2 42 2

0 11 36 87 -18 24 33 25

0 80 85 50 -1 1 5 17

0 10 66 60 -3 0 44 12

0 0 91 50 -8 16 47 27

0 51 92 73 -2 11 17 11

0 28 36 67 -8 6 21 9

0 51 92 91 -1 26 42 40

0 11 12 83 -5 11 12 17

0 21 67 36 -10 35 46 1

0 4 15 27 -2 4 10 9

0 1 32 70 -9 19 29 13

0 74 83 51 -4 16 18 45

0 4 65 65 -13 9 40 17

0 44 61 21 -1 6 30 42

0 5 67 72 -6 11 25 44

0 41 66 45 -8 31 40 49

0 29 70 41 -12 12 14 5

0 16 71 33 -11 9 25 30

0 12 67 31 -6 8 11 10

0 43 99 44 -14 20 34 36

0 19 23 1 -16 4 10 12

0 18 54 1 -18 12 42 21

0 25 87 15 -11 25 34 21

0 13 51 80 -14 31 44 37

0 3 99 42 -11 9 42 41

0 56 58 86 -14 24 46 44

0 16 43 34 -15 10 42 11

0 14 27 29 -20 3 13 31

0 30 59 87 -9 30 31 23

0 65 66 35 -18 16 22 35

0 41 82 6 -8 30 31 43

0 1 71 36 -11 7 13 35

0 51 66 95 -6 28 48 27

0 59 71 21 -1 19 23 41

0 12 15 40 -5 16 19 7

0 14 78 93 -15 6 47 13

0 15 50 82 -13 2 10 22

0 2 4 40 -16 6 7 14

0 2 38 75 -19 17 37 48

0 5 42 38 -10 25 35 43

0 63 80 6 -4 33 45 27

0 21 85 16 -19 1 38 18

0 48 78 86 -18 24 41 37

0 11 17 83 -17 38 39 34

0 14 25 0 -3 4 49 2

0 19 94 98 -11 3 31 34

0 36 40 37 -3 3 6 48

0 80 82 11 -14 13 22 19

0 5 43 31 -16 15 48 41

0 6 9 81 -16 23 34 19

0 14 62 18 -14 11 40 45

0 1 12 97 -15 17 25 27

0 0 1 34 -1 12 17 16

0 4 17 6 -2 9 44 21

0 5 34 31 -1 16 18 22

0 2 94 18 -3 2 48 36

0 18 31 73 -4 15 20 42

0 18 52 34 -15 5 41 12

0 1 11 14 -12 10 33 22

0 0 4 56 -2 23 36 36

0 7 16 26 -14 4 13 0

0 18 22 16 -5 10 16 41

0 2 10 59 -15 6 14 20

0 19 23 11 -1 11 12 41

0 6 17 3 -19 25 44 23

0 13 15 5 -8 14 25 16

0 34 38 77 -1 2 29 44

0 1 3 2 -17 30 44 49

0 10 37 61 -3 10 12 0

0 12 14 51 -20 14 22 41

0 8 15 48 -9 23 43 1

0 5 15 69 -16 28 43 1

0 0 1 27 -4 3 7 36

0 1 8 70 -18 1 8 47

0 15 22 15 -12 31 48 2


SAlphaB: 689.0, std-dev 261.7370661908279

Earliest win: 37
Latest win: 81

WinDepth:
0 0 0 0 0 0 0 0 0 0 0 0 0 0 0 0 0 0 0 0 0 0 0 0 0 0 0 0 0 0 0 0 0 0 0 0 0 4 0 6 0 3 6 12 11 11 16 41 37 76 55 132 70 117 81 166 108 163 126 167 154 234 209 341 315 367 398 409 493 462 463 457 397 439 412 345 276 216 166 146 116 79 
SAlphaB:
0 0 0 0 0 0 0 0 0 0 0 0 0 0 0 0 0 0 0 0 0 0 0 0 0 0 0 0 0 0 0 0 0 0 0 0 0 4 0 6 0 3 6 12 11 11 16 41 37 76 55 132 70 117 81 166 108 163 126 167 154 234 209 341 315 367 398 409 493 462 463 457 397 439 412 345 276 216 166 146 116 79 

LossDepth:
SAlphaB:
0 0 0 0 0 0 0 0 0 0 0 0 0 0 0 0 0 0 0 0 0 0 0 0 0 0 0 0 0 0 0 0 0 0 0 0 0 4 0 6 0 3 6 12 11 11 16 41 37 76 55 132 70 117 81 166 108 163 126 167 154 234 209 341 315 367 398 409 493 462 463 457 397 439 412 345 276 216 166 146 116 79 

FirstWin:
0 0 0 0 0 0 0 0 0 0 0 0 0 0 0 0 0 0 0 0 0 0 0 0 0 0 0 0 0 0 0 0 0 0 0 0 0 4 0 6 0 3 0 12 0 11 0 41 0 76 0 132 0 117 0 166 0 163 0 167 0 234 0 341 0 367 0 409 0 462 0 457 0 439 0 345 0 216 0 146 0 79 
SAlphaB:
0 0 0 0 0 0 0 0 0 0 0 0 0 0 0 0 0 0 0 0 0 0 0 0 0 0 0 0 0 0 0 0 0 0 0 0 0 4 0 6 0 3 0 12 0 11 0 41 0 76 0 132 0 117 0 166 0 163 0 167 0 234 0 341 0 367 0 409 0 462 0 457 0 439 0 345 0 216 0 146 0 79 

SecondWin:
0 0 0 0 0 0 0 0 0 0 0 0 0 0 0 0 0 0 0 0 0 0 0 0 0 0 0 0 0 0 0 0 0 0 0 0 0 0 0 0 0 0 6 0 11 0 16 0 37 0 55 0 70 0 81 0 108 0 126 0 154 0 209 0 315 0 398 0 493 0 463 0 397 0 412 0 276 0 166 0 116 0 
SAlphaB:
0 0 0 0 0 0 0 0 0 0 0 0 0 0 0 0 0 0 0 0 0 0 0 0 0 0 0 0 0 0 0 0 0 0 0 0 0 0 0 0 0 0 6 0 11 0 16 0 37 0 55 0 70 0 81 0 108 0 126 0 154 0 209 0 315 0 398 0 493 0 463 0 397 0 412 0 276 0 166 0 116 0 
