0 34 57 69 -15 3 6 7

0 13 54 1 -17 0 1 16

0 36 92 45 -7 7 11 20

0 33 56 20 -4 7 12 14

0 50 67 64 -1 6 33 9

0 27 68 56 -16 1 3 21

0 18 38 13 -11 0 4 20

0 46 76 82 -9 7 37 49

0 59 80 38 -12 6 40 45

0 30 75 77 -6 4 21 8

0 48 66 90 -7 1 28 12

0 47 76 90 -18 6 19 47

0 2 39 55 -2 14 22 8

0 54 93 99 -14 4 5 26

0 33 52 54 -17 0 6 4

0 58 68 58 -4 2 6 16

0 40 60 75 -19 2 30 16

0 31 74 80 -2 4 30 46

0 42 80 68 -10 5 35 0

0 26 48 12 -17 4 5 23

0 65 72 46 -17 12 14 5

0 32 59 15 -17 12 33 35

0 71 87 81 -16 0 1 4

0 22 87 56 -11 18 40 12

0 7 43 78 -10 10 20 3

0 40 44 59 -1 8 32 3

0 11 21 86 -5 6 9 0

0 35 49 46 -4 6 7 37

0 10 26 58 -3 1 3 7

0 26 82 41 -19 3 32 29

0 28 46 76 -17 16 46 40

0 33 55 97 -10 9 12 25

0 57 92 29 -12 29 43 5

0 76 96 33 -1 2 5 6

0 61 98 13 -2 24 28 1

0 25 93 36 -20 21 45 1

0 59 83 18 -13 15 38 8

0 14 36 66 -2 2 4 33

0 50 54 69 -17 23 48 27

0 19 55 38 -12 3 22 7

0 31 98 96 -15 0 42 0

0 44 65 56 -3 32 34 26

0 40 52 81 -10 19 47 36

0 18 60 33 -10 3 15 43

0 62 86 31 -11 14 22 45

0 5 47 73 -2 4 7 26

0 45 76 51 -9 25 30 44

0 39 86 99 -11 33 44 5

0 32 40 31 -5 4 40 22

0 11 33 24 -20 39 40 21

0 8 69 1 -2 9 24 18

0 63 92 79 -11 31 44 45

0 20 73 51 -4 43 49 3

0 26 47 76 -10 11 20 0

0 7 24 56 -3 43 45 49

0 10 34 89 -16 18 45 28

0 41 61 23 -10 35 41 8

0 16 23 73 -15 21 48 28

0 11 24 66 -13 2 19 21

0 22 30 26 -17 1 31 12

0 0 38 6 -16 2 3 12

0 26 60 44 -16 2 48 31

0 54 62 16 -14 35 36 37

0 1 2 94 -17 0 2 16

0 23 45 9 -20 9 35 10

0 3 34 27 -18 15 22 14

0 28 31 42 -16 28 33 10

0 2 42 11 -20 15 21 41

0 36 61 97 -1 38 39 0

0 18 20 52 -6 4 26 21

0 17 77 38 -4 3 40 14

0 11 14 28 -6 1 8 19

0 11 96 50 -5 8 20 47

0 0 25 28 -11 6 35 27

0 2 10 76 -2 13 15 32

0 0 23 47 -14 9 37 26

0 14 18 98 -8 18 38 7

0 2 6 80 -11 0 1 33

0 31 38 15 -8 17 40 32

0 27 43 94 -13 4 45 30

0 18 68 44 -16 9 43 11

0 12 30 44 -17 29 47 12

0 1 3 68 -17 10 34 31

0 15 68 28 -17 6 11 8

0 5 8 98 -3 11 19 10

0 0 14 22 -6 3 21 1

0 11 14 95 -8 1 20 24

0 14 18 25 -7 39 40 46

0 27 31 1 -4 2 28 14

0 21 22 35 -7 16 38 20

0 10 24 92 -4 25 47 23

0 2 8 23 -16 15 17 40

0 3 20 66 -15 33 49 29

0 4 54 97 -2 8 39 34

0 0 3 41 -13 15 27 22

0 16 25 1 -9 35 42 6

0 5 12 56 -4 8 41 16

0 1 7 59 -14 11 22 32

0 15 23 81 -20 3 18 44

0 9 20 95 -7 2 41 33


SAlphaB: 704.0, std-dev 257.2553172090389

Earliest win: 37
Latest win: 81

WinDepth:
0 0 0 0 0 0 0 0 0 0 0 0 0 0 0 0 0 0 0 0 0 0 0 0 0 0 0 0 0 0 0 0 0 0 0 0 0 25 2 5 11 6 4 16 6 24 12 31 9 75 88 130 122 140 96 178 130 214 168 207 172 220 254 363 267 373 402 357 435 410 402 455 426 418 415 391 256 219 187 111 88 71 
SAlphaB:
0 0 0 0 0 0 0 0 0 0 0 0 0 0 0 0 0 0 0 0 0 0 0 0 0 0 0 0 0 0 0 0 0 0 0 0 0 25 2 5 11 6 4 16 6 24 12 31 9 75 88 130 122 140 96 178 130 214 168 207 172 220 254 363 267 373 402 357 435 410 402 455 426 418 415 391 256 219 187 111 88 71 

LossDepth:
SAlphaB:
0 0 0 0 0 0 0 0 0 0 0 0 0 0 0 0 0 0 0 0 0 0 0 0 0 0 0 0 0 0 0 0 0 0 0 0 0 25 2 5 11 6 4 16 6 24 12 31 9 75 88 130 122 140 96 178 130 214 168 207 172 220 254 363 267 373 402 357 435 410 402 455 426 418 415 391 256 219 187 111 88 71 

FirstWin:
0 0 0 0 0 0 0 0 0 0 0 0 0 0 0 0 0 0 0 0 0 0 0 0 0 0 0 0 0 0 0 0 0 0 0 0 0 25 0 5 0 6 0 16 0 24 0 31 0 75 0 130 0 140 0 178 0 214 0 207 0 220 0 363 0 373 0 357 0 410 0 455 0 418 0 391 0 219 0 111 0 71 
SAlphaB:
0 0 0 0 0 0 0 0 0 0 0 0 0 0 0 0 0 0 0 0 0 0 0 0 0 0 0 0 0 0 0 0 0 0 0 0 0 25 0 5 0 6 0 16 0 24 0 31 0 75 0 130 0 140 0 178 0 214 0 207 0 220 0 363 0 373 0 357 0 410 0 455 0 418 0 391 0 219 0 111 0 71 

SecondWin:
0 0 0 0 0 0 0 0 0 0 0 0 0 0 0 0 0 0 0 0 0 0 0 0 0 0 0 0 0 0 0 0 0 0 0 0 0 0 2 0 11 0 4 0 6 0 12 0 9 0 88 0 122 0 96 0 130 0 168 0 172 0 254 0 267 0 402 0 435 0 402 0 426 0 415 0 256 0 187 0 88 0 
SAlphaB:
0 0 0 0 0 0 0 0 0 0 0 0 0 0 0 0 0 0 0 0 0 0 0 0 0 0 0 0 0 0 0 0 0 0 0 0 0 0 2 0 11 0 4 0 6 0 12 0 9 0 88 0 122 0 96 0 130 0 168 0 172 0 254 0 267 0 402 0 435 0 402 0 426 0 415 0 256 0 187 0 88 0 
