0 52 96 16 -7 9 35 24

0 71 98 75 -5 14 46 40

0 48 90 21 -7 4 15 5

0 58 93 11 -12 12 15 45

0 37 48 13 -20 1 4 17

0 36 68 28 -7 9 23 35

0 59 76 88 -16 4 11 27

0 55 56 69 -2 4 32 4

0 66 90 64 -5 15 44 8

0 63 93 90 -2 5 11 17

0 42 78 58 -20 0 7 28

0 66 96 67 -20 13 20 17

0 33 83 54 -6 2 5 8

0 91 98 90 -9 9 20 18

0 16 61 77 -7 3 17 2

0 20 33 45 -18 0 4 0

0 58 70 66 -5 2 21 21

0 51 82 77 -10 8 27 39

0 69 93 52 -1 3 36 24

0 36 47 86 -1 35 40 12

0 58 89 91 -15 3 21 2

0 38 42 89 -14 5 23 23

0 6 22 45 -2 8 15 13

0 56 65 18 -18 6 9 32

0 25 83 68 -16 10 17 32

0 93 99 1 -12 19 26 20

0 52 83 63 -20 23 41 14

0 17 74 92 -11 25 30 26

0 46 67 45 -20 13 23 40

0 73 80 99 -4 0 3 8

0 51 75 75 -17 17 42 47

0 58 94 18 -2 2 46 33

0 30 52 93 -4 8 11 34

0 54 93 55 -13 25 29 41

0 43 71 16 -5 14 46 9

0 51 96 59 -20 36 40 35

0 29 34 81 -16 2 4 15

0 93 99 3 -4 18 35 21

0 22 46 1 -4 16 18 10

0 53 81 30 -7 2 18 46

0 24 55 32 -11 5 7 44

0 3 70 84 -2 15 19 29

0 5 19 92 -4 2 5 25

0 31 48 86 -15 1 7 35

0 8 99 64 -16 9 22 33

0 14 88 85 -13 35 41 44

0 8 76 86 -5 11 23 45

0 17 18 54 -1 18 27 19

0 73 94 14 -10 36 42 35

0 36 52 37 -20 9 17 14

0 38 90 58 -15 19 43 10

0 25 42 83 -5 0 3 31

0 11 35 86 -8 30 46 46

0 28 92 96 -16 30 43 33

0 18 23 59 -11 7 23 24

0 8 16 86 -7 23 28 36

0 68 82 35 -7 0 16 37

0 8 29 22 -14 22 46 28

0 95 98 89 -2 0 5 40

0 15 38 93 -16 4 31 9

0 41 99 38 -9 26 40 9

0 17 40 62 -12 16 29 16

0 76 94 9 -1 11 14 30

0 28 51 77 -7 1 2 24

0 11 62 71 -13 33 49 22

0 15 48 50 -15 15 40 21

0 39 60 21 -6 0 13 49

0 6 39 54 -18 22 41 3

0 19 50 9 -12 1 36 23

0 9 52 87 -4 21 27 0

0 15 32 23 -9 4 22 17

0 0 40 72 -10 1 5 18

0 30 33 87 -13 11 39 21

0 21 29 69 -17 7 36 6

0 26 33 61 -12 13 20 8

0 39 50 14 -13 3 29 28

0 13 53 35 -7 6 44 27

0 5 11 67 -4 17 20 5

0 4 37 42 -11 13 34 34

0 11 15 37 -7 0 23 29

0 2 34 85 -12 7 33 27

0 6 19 21 -12 14 19 20

0 5 66 37 -9 5 47 19

0 4 32 8 -10 13 41 14

0 1 2 33 -1 4 13 45

0 1 4 3 -17 10 40 19

0 12 16 32 -7 2 3 31

0 8 10 41 -14 1 11 36

0 16 25 65 -16 8 28 16

0 5 12 37 -16 19 32 6

0 18 24 6 -6 8 39 20

0 1 3 6 -18 8 42 35

0 3 19 1 -13 23 27 1

0 0 4 85 -5 2 19 24

0 4 5 17 -2 0 3 29

0 4 6 13 -11 10 25 29

0 6 18 3 -18 12 21 34

0 0 19 18 -18 10 13 46

0 2 9 82 -5 3 6 39

0 1 2 28 -9 20 36 47


SAlphaB: 705.0, std-dev 259.164961798933

Earliest win: 33
Latest win: 81

WinDepth:
0 0 0 0 0 0 0 0 0 0 0 0 0 0 0 0 0 0 0 0 0 0 0 0 0 0 0 0 0 0 0 0 0 1 0 0 1 5 0 19 10 7 4 8 12 20 16 49 20 61 77 170 48 160 77 168 113 184 134 190 147 223 257 375 278 364 350 435 421 425 444 477 417 429 419 353 273 277 181 150 101 57 
SAlphaB:
0 0 0 0 0 0 0 0 0 0 0 0 0 0 0 0 0 0 0 0 0 0 0 0 0 0 0 0 0 0 0 0 0 1 0 0 1 5 0 19 10 7 4 8 12 20 16 49 20 61 77 170 48 160 77 168 113 184 134 190 147 223 257 375 278 364 350 435 421 425 444 477 417 429 419 353 273 277 181 150 101 57 

LossDepth:
SAlphaB:
0 0 0 0 0 0 0 0 0 0 0 0 0 0 0 0 0 0 0 0 0 0 0 0 0 0 0 0 0 0 0 0 0 1 0 0 1 5 0 19 10 7 4 8 12 20 16 49 20 61 77 170 48 160 77 168 113 184 134 190 147 223 257 375 278 364 350 435 421 425 444 477 417 429 419 353 273 277 181 150 101 57 

FirstWin:
0 0 0 0 0 0 0 0 0 0 0 0 0 0 0 0 0 0 0 0 0 0 0 0 0 0 0 0 0 0 0 0 0 1 0 0 0 5 0 19 0 7 0 8 0 20 0 49 0 61 0 170 0 160 0 168 0 184 0 190 0 223 0 375 0 364 0 435 0 425 0 477 0 429 0 353 0 277 0 150 0 57 
SAlphaB:
0 0 0 0 0 0 0 0 0 0 0 0 0 0 0 0 0 0 0 0 0 0 0 0 0 0 0 0 0 0 0 0 0 1 0 0 0 5 0 19 0 7 0 8 0 20 0 49 0 61 0 170 0 160 0 168 0 184 0 190 0 223 0 375 0 364 0 435 0 425 0 477 0 429 0 353 0 277 0 150 0 57 

SecondWin:
0 0 0 0 0 0 0 0 0 0 0 0 0 0 0 0 0 0 0 0 0 0 0 0 0 0 0 0 0 0 0 0 0 0 0 0 1 0 0 0 10 0 4 0 12 0 16 0 20 0 77 0 48 0 77 0 113 0 134 0 147 0 257 0 278 0 350 0 421 0 444 0 417 0 419 0 273 0 181 0 101 0 
SAlphaB:
0 0 0 0 0 0 0 0 0 0 0 0 0 0 0 0 0 0 0 0 0 0 0 0 0 0 0 0 0 0 0 0 0 0 0 0 1 0 0 0 10 0 4 0 12 0 16 0 20 0 77 0 48 0 77 0 113 0 134 0 147 0 257 0 278 0 350 0 421 0 444 0 417 0 419 0 273 0 181 0 101 0 
