0 45 93 39 -20 6 24 37

0 51 67 51 -6 4 15 13

0 39 63 43 -18 5 19 5

0 67 71 20 -5 6 7 31

0 21 80 83 -14 1 5 15

0 10 62 80 -9 43 44 9

0 63 82 28 -18 2 17 24

0 94 97 45 -8 1 3 7

0 32 90 86 -15 2 10 36

0 75 92 32 -10 3 18 36

0 43 56 80 -20 6 24 28

0 28 80 34 -20 7 21 18

0 9 63 94 -17 3 7 1

0 5 34 80 -4 17 21 18

0 62 82 69 -7 6 7 12

0 44 64 80 -20 5 17 38

0 24 35 84 -8 3 16 29

0 44 99 42 -16 9 17 22

0 82 85 53 -11 14 42 6

0 6 46 76 -15 28 32 5

0 13 65 64 -12 25 41 16

0 22 46 82 -2 13 30 19

0 28 72 37 -4 4 5 29

0 38 71 99 -9 6 13 49

0 49 67 35 -19 2 13 5

0 76 83 38 -7 8 13 27

0 67 83 80 -11 2 9 27

0 47 93 45 -10 18 28 20

0 59 68 84 -1 13 20 7

0 16 98 66 -16 7 27 39

0 27 52 80 -10 7 8 29

0 6 87 81 -16 17 28 42

0 12 81 64 -8 16 25 15

0 7 59 10 -19 1 3 38

0 58 74 85 -16 31 34 27

0 26 28 53 -10 38 46 25

0 35 88 55 -3 1 2 11

0 6 71 28 -1 13 43 15

0 39 51 27 -4 4 14 29

0 14 30 69 -12 20 29 18

0 25 38 72 -3 13 31 13

0 6 71 42 -9 12 48 28

0 53 79 90 -5 3 12 10

0 16 74 60 -13 13 14 41

0 37 56 17 -3 3 13 49

0 13 87 7 -8 23 38 6

0 73 81 37 -16 16 20 20

0 9 23 12 -2 26 39 12

0 70 85 86 -11 3 5 36

0 33 83 96 -13 12 49 33

0 18 81 13 -15 2 37 4

0 3 39 98 -5 14 16 27

0 29 41 74 -9 10 27 39

0 33 71 41 -13 28 44 44

0 13 58 39 -17 11 35 30

0 10 99 32 -18 2 5 38

0 11 23 83 -6 5 19 18

0 7 28 44 -7 5 15 21

0 40 87 66 -15 20 31 22

0 49 64 33 -6 2 3 49

0 45 87 88 -19 28 44 37

0 19 82 40 -12 8 41 13

0 25 31 24 -11 27 48 12

0 0 69 34 -4 6 15 33

0 13 16 61 -14 12 31 37

0 4 17 56 -9 16 48 43

0 9 91 74 -12 7 45 30

0 29 31 92 -1 11 12 13

0 46 67 82 -14 1 2 47

0 8 28 84 -5 10 22 44

0 26 35 27 -16 3 6 46

0 10 46 92 -19 1 8 35

0 6 18 38 -10 22 43 15

0 0 8 77 -13 36 45 20

0 13 79 74 -18 4 39 49

0 72 97 76 -8 44 47 23

0 18 26 44 -7 17 43 12

0 1 65 20 -15 0 7 36

0 63 96 99 -5 39 47 46

0 5 25 79 -13 2 21 28

0 37 40 59 -17 1 43 45

0 5 9 40 -17 0 20 19

0 4 18 10 -7 6 40 27

0 14 33 89 -10 13 20 48

0 5 8 6 -16 32 33 27

0 4 15 48 -20 17 21 28

0 1 19 54 -5 17 43 2

0 1 4 69 -13 13 20 40

0 8 13 82 -1 13 34 0

0 12 34 25 -11 3 20 38

0 2 20 20 -4 11 23 33

0 1 31 49 -12 27 39 48

0 38 65 33 -5 29 35 0

0 19 26 47 -10 12 23 42

0 10 14 13 -2 28 34 42

0 14 16 41 -6 0 45 44

0 8 28 60 -13 14 15 45

0 6 63 34 -3 14 26 32

0 2 4 2 -1 21 27 20

0 0 1 10 -15 7 9 29


SAlphaB: 701.0, std-dev 256.237756445616

Earliest win: 35
Latest win: 81

WinDepth:
0 0 0 0 0 0 0 0 0 0 0 0 0 0 0 0 0 0 0 0 0 0 0 0 0 0 0 0 0 0 0 0 0 0 0 2 1 3 0 0 10 3 3 9 12 13 14 17 16 37 40 196 53 126 56 153 112 169 134 169 146 227 230 343 337 350 412 371 511 376 560 467 437 392 443 344 300 241 193 137 91 96 
SAlphaB:
0 0 0 0 0 0 0 0 0 0 0 0 0 0 0 0 0 0 0 0 0 0 0 0 0 0 0 0 0 0 0 0 0 0 0 2 1 3 0 0 10 3 3 9 12 13 14 17 16 37 40 196 53 126 56 153 112 169 134 169 146 227 230 343 337 350 412 371 511 376 560 467 437 392 443 344 300 241 193 137 91 96 

LossDepth:
SAlphaB:
0 0 0 0 0 0 0 0 0 0 0 0 0 0 0 0 0 0 0 0 0 0 0 0 0 0 0 0 0 0 0 0 0 0 0 2 1 3 0 0 10 3 3 9 12 13 14 17 16 37 40 196 53 126 56 153 112 169 134 169 146 227 230 343 337 350 412 371 511 376 560 467 437 392 443 344 300 241 193 137 91 96 

FirstWin:
0 0 0 0 0 0 0 0 0 0 0 0 0 0 0 0 0 0 0 0 0 0 0 0 0 0 0 0 0 0 0 0 0 0 0 2 0 3 0 0 0 3 0 9 0 13 0 17 0 37 0 196 0 126 0 153 0 169 0 169 0 227 0 343 0 350 0 371 0 376 0 467 0 392 0 344 0 241 0 137 0 96 
SAlphaB:
0 0 0 0 0 0 0 0 0 0 0 0 0 0 0 0 0 0 0 0 0 0 0 0 0 0 0 0 0 0 0 0 0 0 0 2 0 3 0 0 0 3 0 9 0 13 0 17 0 37 0 196 0 126 0 153 0 169 0 169 0 227 0 343 0 350 0 371 0 376 0 467 0 392 0 344 0 241 0 137 0 96 

SecondWin:
0 0 0 0 0 0 0 0 0 0 0 0 0 0 0 0 0 0 0 0 0 0 0 0 0 0 0 0 0 0 0 0 0 0 0 0 1 0 0 0 10 0 3 0 12 0 14 0 16 0 40 0 53 0 56 0 112 0 134 0 146 0 230 0 337 0 412 0 511 0 560 0 437 0 443 0 300 0 193 0 91 0 
SAlphaB:
0 0 0 0 0 0 0 0 0 0 0 0 0 0 0 0 0 0 0 0 0 0 0 0 0 0 0 0 0 0 0 0 0 0 0 0 1 0 0 0 10 0 3 0 12 0 14 0 16 0 40 0 53 0 56 0 112 0 134 0 146 0 230 0 337 0 412 0 511 0 560 0 437 0 443 0 300 0 193 0 91 0 
