0 27 79 62 -12 0 1 6

0 20 78 23 -2 5 19 35

0 12 71 94 -16 3 7 3

0 27 49 92 -10 10 23 26

0 42 81 52 -14 4 14 40

0 52 77 21 -19 0 14 10

0 51 96 5 -6 1 10 18

0 23 30 49 -10 8 18 22

0 1 76 97 -3 14 27 15

0 79 83 71 -15 2 25 6

0 54 75 2 -11 2 5 24

0 30 41 85 -20 0 1 4

0 56 66 32 -2 34 48 18

0 72 94 86 -12 1 16 6

0 27 67 75 -3 0 8 8

0 40 97 53 -4 17 28 2

0 28 49 95 -8 0 16 32

0 43 87 11 -20 4 32 35

0 32 67 85 -13 23 34 23

0 28 97 91 -5 19 46 47

0 10 84 19 -3 6 11 27

0 46 73 9 -6 13 33 2

0 36 53 79 -8 3 46 21

0 11 42 35 -9 9 11 47

0 43 81 38 -2 15 46 17

0 24 63 22 -13 12 17 17

0 43 59 47 -12 5 6 6

0 14 38 64 -17 5 11 26

0 35 67 90 -8 22 23 37

0 35 36 45 -10 10 14 21

0 6 52 6 -2 16 38 30

0 17 34 59 -4 1 3 26

0 79 80 82 -9 0 15 27

0 8 91 30 -12 16 35 33

0 5 70 59 -14 7 10 28

0 63 71 85 -9 0 1 27

0 32 93 48 -19 30 46 26

0 34 51 13 -8 5 7 45

0 11 98 77 -14 0 10 30

0 10 58 34 -19 12 38 27

0 40 61 65 -10 11 40 19

0 10 59 26 -18 11 35 8

0 13 68 87 -11 2 13 35

0 27 35 84 -10 6 11 41

0 22 31 88 -3 6 12 32

0 44 99 29 -17 17 29 9

0 45 59 53 -11 10 11 41

0 28 46 70 -14 1 5 28

0 6 68 10 -4 11 29 37

0 12 83 29 -5 9 35 30

0 22 47 7 -2 0 4 14

0 0 81 76 -20 6 46 41

0 3 48 70 -2 12 16 3

0 4 64 64 -5 26 33 29

0 30 41 23 -10 25 27 11

0 12 15 87 -13 17 20 32

0 29 45 84 -4 30 31 5

0 31 84 39 -19 33 40 36

0 30 50 17 -15 2 38 6

0 8 16 79 -9 10 11 43

0 9 20 82 -11 16 34 49

0 10 59 89 -3 34 35 49

0 54 69 97 -11 2 4 30

0 20 39 96 -1 6 38 29

0 10 65 58 -18 30 44 49

0 48 69 24 -19 39 40 6

0 6 98 26 -4 7 27 30

0 0 1 28 -19 17 24 12

0 8 12 55 -14 21 46 7

0 0 48 1 -7 29 35 26

0 1 19 83 -20 8 12 38

0 6 8 92 -16 23 38 35

0 20 39 77 -16 12 32 48

0 0 33 49 -19 2 18 10

0 7 48 40 -9 6 35 28

0 37 53 58 -14 30 43 40

0 19 59 40 -7 42 48 19

0 0 9 21 -13 0 17 17

0 21 33 27 -5 1 11 47

0 28 35 32 -19 5 14 43

0 6 14 99 -9 3 6 34

0 6 80 30 -2 3 48 15

0 10 22 12 -14 18 33 12

0 9 13 3 -16 8 30 6

0 10 37 21 -8 8 35 37

0 6 11 27 -17 10 16 15

0 0 6 71 -17 30 31 13

0 5 13 65 -7 0 3 35

0 19 21 17 -11 9 14 24

0 10 13 26 -20 9 34 17

0 1 6 8 -19 0 1 45

0 2 11 32 -5 10 33 45

0 31 45 42 -14 31 34 46

0 2 5 74 -5 2 4 20

0 0 5 15 -13 1 31 21

0 13 15 23 -14 1 7 27

0 2 6 64 -4 0 16 35

0 2 7 88 -9 5 9 42

0 14 24 29 -1 19 27 30

0 4 12 34 -6 6 12 34


SAlphaB: 703.0, std-dev 251.26088016042192

Earliest win: 40
Latest win: 81

WinDepth:
0 0 0 0 0 0 0 0 0 0 0 0 0 0 0 0 0 0 0 0 0 0 0 0 0 0 0 0 0 0 0 0 0 0 0 0 0 0 0 0 49 6 2 8 3 30 12 48 23 108 80 225 69 120 72 140 117 183 115 183 170 215 252 339 343 362 430 395 441 436 436 471 449 407 421 360 259 254 178 129 102 74 
SAlphaB:
0 0 0 0 0 0 0 0 0 0 0 0 0 0 0 0 0 0 0 0 0 0 0 0 0 0 0 0 0 0 0 0 0 0 0 0 0 0 0 0 49 6 2 8 3 30 12 48 23 108 80 225 69 120 72 140 117 183 115 183 170 215 252 339 343 362 430 395 441 436 436 471 449 407 421 360 259 254 178 129 102 74 

LossDepth:
SAlphaB:
0 0 0 0 0 0 0 0 0 0 0 0 0 0 0 0 0 0 0 0 0 0 0 0 0 0 0 0 0 0 0 0 0 0 0 0 0 0 0 0 49 6 2 8 3 30 12 48 23 108 80 225 69 120 72 140 117 183 115 183 170 215 252 339 343 362 430 395 441 436 436 471 449 407 421 360 259 254 178 129 102 74 

FirstWin:
0 0 0 0 0 0 0 0 0 0 0 0 0 0 0 0 0 0 0 0 0 0 0 0 0 0 0 0 0 0 0 0 0 0 0 0 0 0 0 0 0 6 0 8 0 30 0 48 0 108 0 225 0 120 0 140 0 183 0 183 0 215 0 339 0 362 0 395 0 436 0 471 0 407 0 360 0 254 0 129 0 74 
SAlphaB:
0 0 0 0 0 0 0 0 0 0 0 0 0 0 0 0 0 0 0 0 0 0 0 0 0 0 0 0 0 0 0 0 0 0 0 0 0 0 0 0 0 6 0 8 0 30 0 48 0 108 0 225 0 120 0 140 0 183 0 183 0 215 0 339 0 362 0 395 0 436 0 471 0 407 0 360 0 254 0 129 0 74 

SecondWin:
0 0 0 0 0 0 0 0 0 0 0 0 0 0 0 0 0 0 0 0 0 0 0 0 0 0 0 0 0 0 0 0 0 0 0 0 0 0 0 0 49 0 2 0 3 0 12 0 23 0 80 0 69 0 72 0 117 0 115 0 170 0 252 0 343 0 430 0 441 0 436 0 449 0 421 0 259 0 178 0 102 0 
SAlphaB:
0 0 0 0 0 0 0 0 0 0 0 0 0 0 0 0 0 0 0 0 0 0 0 0 0 0 0 0 0 0 0 0 0 0 0 0 0 0 0 0 49 0 2 0 3 0 12 0 23 0 80 0 69 0 72 0 117 0 115 0 170 0 252 0 343 0 430 0 441 0 436 0 449 0 421 0 259 0 178 0 102 0 
