0 31 61 77 -13 3 5 15

0 61 84 93 -18 7 14 9

0 36 93 16 -4 5 23 8

0 53 80 66 -16 15 46 42

0 31 56 23 -7 4 16 3

0 94 95 50 -19 8 26 33

0 70 87 52 -10 5 11 33

0 31 69 94 -2 1 13 32

0 17 25 53 -10 3 4 12

0 72 87 97 -1 8 20 7

0 50 98 38 -7 1 16 1

0 24 36 78 -12 0 15 18

0 59 93 78 -11 5 14 40

0 62 83 5 -17 4 19 38

0 40 98 83 -4 6 18 34

0 82 97 1 -17 5 38 3

0 20 76 0 -15 1 2 8

0 32 48 55 -12 3 10 31

0 21 68 35 -8 0 5 25

0 33 77 49 -11 17 22 47

0 79 99 32 -15 7 41 2

0 24 77 9 -14 5 8 38

0 35 74 67 -15 45 49 22

0 68 88 60 -3 2 4 27

0 17 84 47 -9 1 4 33

0 5 76 26 -4 21 36 11

0 18 59 31 -17 17 42 20

0 53 67 63 -13 0 34 3

0 71 96 92 -9 30 41 37

0 38 80 94 -1 6 18 42

0 49 68 93 -2 14 34 8

0 43 71 34 -1 10 20 0

0 13 79 84 -10 19 21 32

0 29 65 55 -8 8 25 38

0 37 38 98 -16 6 9 28

0 12 83 19 -18 18 43 20

0 10 14 55 -1 1 3 5

0 27 84 67 -1 11 13 39

0 2 49 60 -20 0 4 3

0 62 78 40 -15 0 5 41

0 32 47 54 -4 12 22 21

0 18 33 84 -9 9 12 16

0 46 70 77 -7 38 46 27

0 16 26 92 -14 0 1 33

0 5 30 43 -1 1 16 5

0 26 38 46 -10 28 35 18

0 14 97 67 -12 9 15 37

0 12 21 96 -12 2 3 26

0 11 42 75 -8 0 2 36

0 11 16 54 -9 22 26 6

0 16 54 9 -12 12 29 18

0 94 95 80 -12 35 39 33

0 12 80 38 -1 29 48 25

0 89 91 40 -3 31 40 48

0 39 80 18 -7 20 33 0

0 22 25 73 -3 4 16 28

0 20 35 95 -14 46 48 19

0 11 17 87 -16 0 2 20

0 0 96 12 -19 23 35 28

0 38 54 1 -19 3 4 4

0 3 21 23 -6 30 34 4

0 45 53 43 -20 8 48 2

0 0 27 32 -20 13 27 15

0 21 24 56 -8 0 1 41

0 9 40 48 -8 18 23 35

0 10 68 77 -17 5 21 3

0 9 75 24 -17 10 49 38

0 46 58 74 -13 25 37 26

0 20 25 47 -15 22 29 15

0 0 48 83 -20 2 32 2

0 53 62 19 -14 35 44 7

0 2 83 17 -20 14 38 48

0 7 12 1 -4 11 14 15

0 36 65 79 -5 8 43 46

0 12 23 46 -2 4 13 25

0 8 33 33 -6 23 39 32

0 17 59 73 -16 9 37 16

0 19 43 4 -14 21 49 19

0 4 13 7 -14 29 48 25

0 0 33 67 -9 36 47 44

0 9 10 15 -18 9 30 14

0 8 30 61 -17 0 24 9

0 4 22 45 -9 37 43 34

0 17 25 75 -16 4 22 42

0 7 87 72 -6 1 40 45

0 2 11 69 -3 5 18 5

0 2 21 71 -13 20 31 11

0 11 29 84 -2 3 25 18

0 0 7 16 -3 26 29 1

0 62 76 16 -11 32 45 6

0 4 24 12 -18 16 21 9

0 4 22 14 -17 0 43 39

0 26 30 49 -1 30 38 49

0 5 8 15 -1 19 28 0

0 2 15 49 -17 1 44 22

0 0 4 63 -14 14 19 22

0 2 8 36 -7 2 6 33

0 1 4 6 -18 10 26 31

0 1 2 54 -18 3 42 25

0 3 24 14 -9 1 10 47


SAlphaB: 691.0, std-dev 260.96169781650474

Earliest win: 35
Latest win: 81

WinDepth:
0 0 0 0 0 0 0 0 0 0 0 0 0 0 0 0 0 0 0 0 0 0 0 0 0 0 0 0 0 0 0 0 0 0 0 2 0 0 0 0 4 5 5 38 12 32 12 43 35 60 50 121 89 156 93 192 117 224 108 204 179 271 217 335 297 381 363 373 457 414 435 446 438 375 391 382 282 242 189 142 125 99 
SAlphaB:
0 0 0 0 0 0 0 0 0 0 0 0 0 0 0 0 0 0 0 0 0 0 0 0 0 0 0 0 0 0 0 0 0 0 0 2 0 0 0 0 4 5 5 38 12 32 12 43 35 60 50 121 89 156 93 192 117 224 108 204 179 271 217 335 297 381 363 373 457 414 435 446 438 375 391 382 282 242 189 142 125 99 

LossDepth:
SAlphaB:
0 0 0 0 0 0 0 0 0 0 0 0 0 0 0 0 0 0 0 0 0 0 0 0 0 0 0 0 0 0 0 0 0 0 0 2 0 0 0 0 4 5 5 38 12 32 12 43 35 60 50 121 89 156 93 192 117 224 108 204 179 271 217 335 297 381 363 373 457 414 435 446 438 375 391 382 282 242 189 142 125 99 

FirstWin:
0 0 0 0 0 0 0 0 0 0 0 0 0 0 0 0 0 0 0 0 0 0 0 0 0 0 0 0 0 0 0 0 0 0 0 2 0 0 0 0 0 5 0 38 0 32 0 43 0 60 0 121 0 156 0 192 0 224 0 204 0 271 0 335 0 381 0 373 0 414 0 446 0 375 0 382 0 242 0 142 0 99 
SAlphaB:
0 0 0 0 0 0 0 0 0 0 0 0 0 0 0 0 0 0 0 0 0 0 0 0 0 0 0 0 0 0 0 0 0 0 0 2 0 0 0 0 0 5 0 38 0 32 0 43 0 60 0 121 0 156 0 192 0 224 0 204 0 271 0 335 0 381 0 373 0 414 0 446 0 375 0 382 0 242 0 142 0 99 

SecondWin:
0 0 0 0 0 0 0 0 0 0 0 0 0 0 0 0 0 0 0 0 0 0 0 0 0 0 0 0 0 0 0 0 0 0 0 0 0 0 0 0 4 0 5 0 12 0 12 0 35 0 50 0 89 0 93 0 117 0 108 0 179 0 217 0 297 0 363 0 457 0 435 0 438 0 391 0 282 0 189 0 125 0 
SAlphaB:
0 0 0 0 0 0 0 0 0 0 0 0 0 0 0 0 0 0 0 0 0 0 0 0 0 0 0 0 0 0 0 0 0 0 0 0 0 0 0 0 4 0 5 0 12 0 12 0 35 0 50 0 89 0 93 0 117 0 108 0 179 0 217 0 297 0 363 0 457 0 435 0 438 0 391 0 282 0 189 0 125 0 
