0 17 74 35 -16 2 3 10

0 35 72 3 -11 6 14 10

0 51 68 15 -17 1 11 29

0 56 92 85 -9 0 28 2

0 9 47 80 -3 0 1 1

0 67 92 77 -7 7 45 47

0 28 74 60 -7 11 20 22

0 56 89 7 -19 14 16 40

0 16 85 36 -18 7 25 8

0 78 97 65 -11 6 17 35

0 23 73 53 -20 1 10 6

0 18 19 39 -16 0 1 26

0 16 59 94 -13 3 4 17

0 90 95 38 -10 4 25 30

0 19 97 52 -13 17 41 15

0 43 56 90 -12 24 44 38

0 29 64 5 -2 8 28 9

0 61 98 26 -10 0 42 46

0 52 85 78 -13 6 38 11

0 21 66 14 -10 7 24 18

0 42 73 58 -8 18 22 1

0 2 88 42 -3 18 46 2

0 42 99 66 -17 6 8 7

0 54 61 92 -12 13 14 9

0 59 80 34 -17 8 37 22

0 52 84 34 -7 12 13 31

0 61 71 22 -7 8 9 23

0 57 94 95 -10 20 44 42

0 33 55 45 -2 46 47 16

0 48 52 9 -4 16 23 18

0 41 79 49 -7 17 29 39

0 58 78 77 -6 5 6 43

0 2 61 30 -2 16 41 22

0 57 76 61 -12 0 13 49

0 9 58 50 -6 19 26 20

0 10 81 65 -3 20 46 42

0 21 30 52 -7 1 9 20

0 51 72 63 -19 0 4 42

0 11 93 57 -16 9 17 12

0 26 40 61 -6 0 5 31

0 10 71 87 -10 23 35 1

0 55 97 43 -20 33 35 32

0 76 80 14 -5 0 2 2

0 33 37 46 -19 12 17 18

0 0 48 74 -15 15 30 27

0 69 77 78 -12 2 4 7

0 5 47 86 -10 4 9 38

0 1 76 93 -19 4 5 39

0 49 79 67 -5 1 8 35

0 36 71 63 -4 22 39 21

0 29 66 33 -12 0 14 44

0 55 66 46 -9 14 28 38

0 19 20 11 -2 7 29 20

0 7 73 59 -7 1 38 17

0 14 17 59 -8 13 22 3

0 62 70 99 -10 7 47 49

0 95 98 18 -12 0 9 29

0 2 82 76 -18 30 44 15

0 55 70 85 -9 30 32 16

0 12 56 37 -16 11 39 9

0 3 48 2 -12 0 8 26

0 22 87 85 -16 4 15 47

0 15 62 45 -10 15 36 49

0 3 4 89 -19 2 4 16

0 7 21 54 -2 14 26 19

0 13 53 2 -15 14 24 18

0 76 86 17 -15 26 33 46

0 20 84 8 -5 23 39 14

0 12 15 98 -13 2 3 5

0 1 28 40 -2 14 20 38

0 32 81 55 -6 21 25 38

0 44 51 48 -14 16 47 17

0 3 50 61 -18 14 20 44

0 1 11 57 -16 20 27 14

0 1 69 15 -11 2 4 23

0 10 11 87 -14 9 43 25

0 17 80 39 -15 18 48 4

0 10 41 60 -16 7 41 41

0 8 11 85 -4 0 1 17

0 8 53 48 -12 12 13 43

0 0 3 9 -2 5 18 19

0 27 35 44 -13 5 43 40

0 13 61 88 -18 45 47 34

0 5 28 22 -19 12 30 42

0 2 16 5 -13 13 30 25

0 0 1 53 -13 28 42 24

0 20 25 9 -6 5 32 23

0 4 5 58 -9 9 20 25

0 1 5 55 -2 30 45 33

0 0 1 61 -1 11 35 46

0 48 52 20 -11 25 29 4

0 4 6 71 -12 5 6 44

0 4 5 50 -5 0 3 32

0 4 16 28 -20 1 4 38

0 9 44 50 -15 4 24 49

0 4 14 20 -5 10 49 2

0 2 3 41 -19 14 37 33

0 9 13 86 -20 44 46 38

0 0 3 2 -4 0 4 25

0 1 2 5 -4 4 18 45


SAlphaB: 695.0, std-dev 272.4282123956528

Earliest win: 35
Latest win: 81

WinDepth:
0 0 0 0 0 0 0 0 0 0 0 0 0 0 0 0 0 0 0 0 0 0 0 0 0 0 0 0 0 0 0 0 0 0 0 1 2 6 1 3 17 4 1 4 6 20 16 38 26 82 68 210 48 114 95 198 105 228 126 171 166 260 257 362 343 326 426 385 392 411 396 433 417 419 401 358 279 252 198 129 127 75 
SAlphaB:
0 0 0 0 0 0 0 0 0 0 0 0 0 0 0 0 0 0 0 0 0 0 0 0 0 0 0 0 0 0 0 0 0 0 0 1 2 6 1 3 17 4 1 4 6 20 16 38 26 82 68 210 48 114 95 198 105 228 126 171 166 260 257 362 343 326 426 385 392 411 396 433 417 419 401 358 279 252 198 129 127 75 

LossDepth:
SAlphaB:
0 0 0 0 0 0 0 0 0 0 0 0 0 0 0 0 0 0 0 0 0 0 0 0 0 0 0 0 0 0 0 0 0 0 0 1 2 6 1 3 17 4 1 4 6 20 16 38 26 82 68 210 48 114 95 198 105 228 126 171 166 260 257 362 343 326 426 385 392 411 396 433 417 419 401 358 279 252 198 129 127 75 

FirstWin:
0 0 0 0 0 0 0 0 0 0 0 0 0 0 0 0 0 0 0 0 0 0 0 0 0 0 0 0 0 0 0 0 0 0 0 1 0 6 0 3 0 4 0 4 0 20 0 38 0 82 0 210 0 114 0 198 0 228 0 171 0 260 0 362 0 326 0 385 0 411 0 433 0 419 0 358 0 252 0 129 0 75 
SAlphaB:
0 0 0 0 0 0 0 0 0 0 0 0 0 0 0 0 0 0 0 0 0 0 0 0 0 0 0 0 0 0 0 0 0 0 0 1 0 6 0 3 0 4 0 4 0 20 0 38 0 82 0 210 0 114 0 198 0 228 0 171 0 260 0 362 0 326 0 385 0 411 0 433 0 419 0 358 0 252 0 129 0 75 

SecondWin:
0 0 0 0 0 0 0 0 0 0 0 0 0 0 0 0 0 0 0 0 0 0 0 0 0 0 0 0 0 0 0 0 0 0 0 0 2 0 1 0 17 0 1 0 6 0 16 0 26 0 68 0 48 0 95 0 105 0 126 0 166 0 257 0 343 0 426 0 392 0 396 0 417 0 401 0 279 0 198 0 127 0 
SAlphaB:
0 0 0 0 0 0 0 0 0 0 0 0 0 0 0 0 0 0 0 0 0 0 0 0 0 0 0 0 0 0 0 0 0 0 0 0 2 0 1 0 17 0 1 0 6 0 16 0 26 0 68 0 48 0 95 0 105 0 126 0 166 0 257 0 343 0 426 0 392 0 396 0 417 0 401 0 279 0 198 0 127 0 
