0 29 68 89 -7 13 28 0

0 40 89 69 -14 6 16 6

0 60 88 25 -6 9 49 2

0 7 44 9 -7 0 1 16

0 24 68 48 -11 3 9 28

0 44 54 66 -1 12 15 10

0 57 67 51 -13 1 14 36

0 46 96 68 -2 6 19 18

0 79 95 65 -11 19 28 8

0 64 75 0 -19 3 13 49

0 21 79 56 -7 6 7 28

0 48 91 69 -8 19 26 36

0 50 80 26 -5 10 39 37

0 15 73 97 -8 15 42 20

0 27 47 68 -18 21 32 30

0 18 65 77 -1 27 44 44

0 9 46 79 -14 22 30 27

0 47 51 18 -18 0 11 29

0 62 69 23 -1 6 8 4

0 53 61 41 -19 14 47 6

0 9 41 48 -2 2 3 27

0 9 49 94 -10 0 10 20

0 55 83 83 -11 8 45 46

0 78 98 88 -7 10 22 23

0 61 85 36 -6 9 13 37

0 8 59 33 -2 22 23 3

0 23 95 28 -2 0 14 43

0 59 64 47 -8 15 43 7

0 50 57 64 -10 2 37 39

0 12 54 19 -3 0 2 25

0 14 79 33 -18 24 43 35

0 25 60 62 -7 14 28 5

0 6 63 60 -6 1 2 2

0 14 50 54 -15 17 29 17

0 0 48 94 -16 14 15 22

0 69 76 54 -2 1 5 31

0 28 35 22 -11 35 38 35

0 35 43 33 -4 7 40 20

0 76 82 41 -5 35 43 28

0 24 42 29 -16 1 11 9

0 60 69 10 -16 6 41 10

0 50 51 47 -8 41 47 10

0 19 63 10 -12 3 27 18

0 5 17 87 -16 13 14 36

0 12 29 15 -8 0 1 30

0 6 10 23 -3 11 17 16

0 36 82 63 -7 1 2 36

0 37 79 16 -10 25 26 29

0 50 51 44 -14 4 44 13

0 20 36 76 -12 23 27 9

0 12 30 54 -13 12 23 12

0 25 56 68 -11 40 49 40

0 53 56 29 -4 28 34 23

0 7 45 53 -20 40 42 21

0 12 41 80 -10 3 5 18

0 33 39 29 -7 6 7 33

0 19 23 90 -17 40 48 34

0 17 33 25 -4 1 7 33

0 7 42 43 -9 29 45 39

0 37 38 38 -1 8 15 42

0 9 14 27 -9 0 7 20

0 8 92 89 -13 1 11 47

0 20 26 64 -6 7 31 36

0 2 11 82 -11 15 21 17

0 3 76 65 -13 12 16 36

0 12 58 21 -19 8 49 30

0 33 41 36 -2 21 34 15

0 32 51 24 -12 34 35 32

0 9 44 97 -20 40 44 49

0 29 31 83 -14 4 46 5

0 0 1 73 -13 1 3 12

0 3 20 70 -12 5 16 43

0 7 32 87 -9 10 42 35

0 6 83 24 -3 0 19 40

0 12 27 55 -6 35 37 19

0 47 65 35 -18 18 20 5

0 6 70 43 -18 2 48 24

0 78 90 97 -9 32 39 1

0 18 26 96 -11 9 39 0

0 23 30 44 -8 4 27 32

0 3 34 25 -5 30 46 45

0 3 42 34 -15 26 38 30

0 12 14 37 -17 8 18 37

0 10 13 43 -7 0 12 21

0 1 32 13 -17 11 13 31

0 1 3 26 -20 18 37 21

0 1 2 65 -6 5 6 23

0 2 20 83 -17 20 25 45

0 6 14 83 -20 20 23 10

0 5 9 42 -18 15 34 15

0 4 17 58 -2 41 42 22

0 7 17 6 -18 30 39 15

0 4 9 96 -7 17 30 43

0 3 6 60 -19 15 24 23

0 1 5 62 -8 4 5 1

0 13 43 62 -3 5 21 46

0 2 4 10 -12 2 11 18

0 3 7 24 -19 12 17 38

0 11 17 5 -16 36 49 5

0 0 6 12 -16 9 11 40


SAlphaB: 686.0, std-dev 262.61131483005005

Earliest win: 37
Latest win: 81

WinDepth:
0 0 0 0 0 0 0 0 0 0 0 0 0 0 0 0 0 0 0 0 0 0 0 0 0 0 0 0 0 0 0 0 0 0 0 0 0 5 1 1 16 11 3 24 2 17 8 19 15 64 52 197 119 116 124 162 120 180 156 182 149 272 209 307 306 342 439 372 403 421 398 452 426 377 396 362 277 236 177 156 100 63 
SAlphaB:
0 0 0 0 0 0 0 0 0 0 0 0 0 0 0 0 0 0 0 0 0 0 0 0 0 0 0 0 0 0 0 0 0 0 0 0 0 5 1 1 16 11 3 24 2 17 8 19 15 64 52 197 119 116 124 162 120 180 156 182 149 272 209 307 306 342 439 372 403 421 398 452 426 377 396 362 277 236 177 156 100 63 

LossDepth:
SAlphaB:
0 0 0 0 0 0 0 0 0 0 0 0 0 0 0 0 0 0 0 0 0 0 0 0 0 0 0 0 0 0 0 0 0 0 0 0 0 5 1 1 16 11 3 24 2 17 8 19 15 64 52 197 119 116 124 162 120 180 156 182 149 272 209 307 306 342 439 372 403 421 398 452 426 377 396 362 277 236 177 156 100 63 

FirstWin:
0 0 0 0 0 0 0 0 0 0 0 0 0 0 0 0 0 0 0 0 0 0 0 0 0 0 0 0 0 0 0 0 0 0 0 0 0 5 0 1 0 11 0 24 0 17 0 19 0 64 0 197 0 116 0 162 0 180 0 182 0 272 0 307 0 342 0 372 0 421 0 452 0 377 0 362 0 236 0 156 0 63 
SAlphaB:
0 0 0 0 0 0 0 0 0 0 0 0 0 0 0 0 0 0 0 0 0 0 0 0 0 0 0 0 0 0 0 0 0 0 0 0 0 5 0 1 0 11 0 24 0 17 0 19 0 64 0 197 0 116 0 162 0 180 0 182 0 272 0 307 0 342 0 372 0 421 0 452 0 377 0 362 0 236 0 156 0 63 

SecondWin:
0 0 0 0 0 0 0 0 0 0 0 0 0 0 0 0 0 0 0 0 0 0 0 0 0 0 0 0 0 0 0 0 0 0 0 0 0 0 1 0 16 0 3 0 2 0 8 0 15 0 52 0 119 0 124 0 120 0 156 0 149 0 209 0 306 0 439 0 403 0 398 0 426 0 396 0 277 0 177 0 100 0 
SAlphaB:
0 0 0 0 0 0 0 0 0 0 0 0 0 0 0 0 0 0 0 0 0 0 0 0 0 0 0 0 0 0 0 0 0 0 0 0 0 0 1 0 16 0 3 0 2 0 8 0 15 0 52 0 119 0 124 0 120 0 156 0 149 0 209 0 306 0 439 0 403 0 398 0 426 0 396 0 277 0 177 0 100 0 
