0 25 95 23 -1 2 12 21

0 31 78 37 -3 7 12 11

0 48 97 29 -5 9 30 18

0 66 96 28 -12 4 22 10

0 59 90 24 -17 0 28 23

0 57 89 40 -6 2 4 7

0 65 77 96 -1 5 38 16

0 31 37 20 -12 5 14 3

0 42 90 56 -4 0 25 16

0 37 64 23 -13 2 24 25

0 57 89 28 -14 10 34 19

0 39 95 70 -10 10 22 6

0 34 72 83 -8 6 16 13

0 47 83 97 -15 6 21 36

0 35 77 48 -10 0 12 22

0 57 96 79 -3 9 37 24

0 52 78 30 -8 2 6 3

0 61 93 18 -10 3 35 28

0 41 87 26 -9 6 12 26

0 68 92 81 -1 8 40 15

0 49 59 95 -5 4 21 27

0 58 84 13 -12 0 1 15

0 47 65 76 -13 1 16 8

0 41 95 18 -6 4 5 13

0 21 48 22 -13 2 9 17

0 14 34 73 -6 0 3 1

0 32 98 10 -16 0 25 14

0 40 87 0 -13 3 23 17

0 96 99 48 -7 5 42 32

0 43 45 79 -4 9 32 16

0 58 67 52 -17 13 32 7

0 43 78 46 -10 2 33 26

0 70 74 98 -19 8 26 9

0 33 98 82 -6 0 3 14

0 41 72 67 -16 8 13 48

0 42 75 81 -16 3 28 11

0 70 83 51 -7 13 18 7

0 71 87 43 -14 7 19 18

0 39 75 51 -2 12 27 22

0 41 46 26 -12 1 8 2

0 32 85 96 -11 1 8 6

0 53 86 34 -8 11 21 20

0 48 87 91 -11 9 24 13

0 65 81 8 -8 6 28 37

0 40 46 46 -10 7 8 6

0 44 73 3 -19 0 3 25

0 58 69 84 -13 12 34 29

0 36 90 4 -18 4 5 12

0 37 93 78 -1 9 21 44

0 76 90 64 -12 15 47 4

0 37 96 80 -19 5 16 14

0 57 93 70 -17 1 7 33

0 35 55 47 -4 3 11 14

0 52 67 21 -13 0 17 17

0 51 98 46 -10 2 6 34

0 35 70 47 -9 1 14 26

0 25 78 90 -3 9 21 20

0 64 99 40 -19 12 13 2

0 8 61 15 -16 0 1 24

0 30 52 43 -16 8 11 12

0 57 81 19 -9 8 29 33

0 11 80 1 -11 2 3 12

0 6 98 87 -4 9 23 19

0 50 95 0 -17 2 3 44

0 52 96 64 -15 2 31 13

0 18 92 31 -15 0 2 32

0 33 53 89 -12 0 3 30

0 52 65 46 -14 5 36 23

0 57 86 80 -20 8 22 42

0 27 36 97 -19 2 6 17

0 74 81 55 -10 6 23 10

0 89 98 64 -1 0 18 18

0 74 85 50 -10 7 44 4

0 2 92 14 -10 13 38 21

0 9 34 29 -17 2 6 8

0 26 93 46 -20 0 2 44

0 55 94 24 -2 7 13 4

0 37 48 8 -4 0 2 7

0 11 47 0 -12 0 1 24

0 84 87 60 -13 7 14 11

0 44 48 43 -9 10 16 5

0 78 99 73 -3 24 43 18

0 25 27 71 -11 3 11 41

0 4 91 55 -12 9 34 9

0 5 34 96 -5 12 14 17

0 30 70 75 -19 16 40 11

0 87 97 8 -5 17 30 45

0 21 84 79 -11 18 32 3

0 2 65 25 -5 6 9 6

0 37 43 44 -19 7 27 38

0 26 58 90 -19 12 13 12

0 33 73 73 -8 15 47 35

0 8 63 77 -13 19 25 18

0 54 57 44 -17 8 10 28

0 5 38 36 -2 17 26 1

0 39 51 95 -14 21 38 7

0 29 95 54 -6 13 22 27

0 45 55 96 -18 7 13 35

0 20 75 93 -7 21 28 12

0 19 63 43 -17 2 5 31


SAlphaB: 821.0, std-dev 296.9334323250301

Earliest win: 35
Latest win: 81

WinDepth:
0 0 0 0 0 0 0 0 0 0 0 0 0 0 0 0 0 0 0 0 0 0 0 0 0 0 0 0 0 0 0 0 0 0 0 1 0 25 2 34 7 29 16 45 33 72 49 143 55 169 146 464 155 347 229 464 341 591 368 516 410 682 650 773 774 901 876 1022 976 985 989 945 858 879 899 742 590 547 396 293 190 153 
SAlphaB:
0 0 0 0 0 0 0 0 0 0 0 0 0 0 0 0 0 0 0 0 0 0 0 0 0 0 0 0 0 0 0 0 0 0 0 1 0 25 2 34 7 29 16 45 33 72 49 143 55 169 146 464 155 347 229 464 341 591 368 516 410 682 650 773 774 901 876 1022 976 985 989 945 858 879 899 742 590 547 396 293 190 153 

LossDepth:
SAlphaB:
0 0 0 0 0 0 0 0 0 0 0 0 0 0 0 0 0 0 0 0 0 0 0 0 0 0 0 0 0 0 0 0 0 0 0 0 0 16 0 24 2 24 8 28 12 54 23 76 29 94 95 223 98 215 147 322 177 366 227 350 283 436 437 580 537 674 649 829 701 807 714 809 668 701 632 633 478 427 322 264 212 171 

FirstWin:
0 0 0 0 0 0 0 0 0 0 0 0 0 0 0 0 0 0 0 0 0 0 0 0 0 0 0 0 0 0 0 0 0 0 0 1 0 25 0 34 0 29 0 45 0 72 0 143 0 169 0 464 0 347 0 464 0 591 0 516 0 682 0 773 0 901 0 1022 0 985 0 945 0 879 0 742 0 547 0 293 0 153 
SAlphaB:
0 0 0 0 0 0 0 0 0 0 0 0 0 0 0 0 0 0 0 0 0 0 0 0 0 0 0 0 0 0 0 0 0 0 0 1 0 25 0 34 0 29 0 45 0 72 0 143 0 169 0 464 0 347 0 464 0 591 0 516 0 682 0 773 0 901 0 1022 0 985 0 945 0 879 0 742 0 547 0 293 0 153 

SecondWin:
0 0 0 0 0 0 0 0 0 0 0 0 0 0 0 0 0 0 0 0 0 0 0 0 0 0 0 0 0 0 0 0 0 0 0 0 0 0 2 0 7 0 16 0 33 0 49 0 55 0 146 0 155 0 229 0 341 0 368 0 410 0 650 0 774 0 876 0 976 0 989 0 858 0 899 0 590 0 396 0 190 0 
SAlphaB:
0 0 0 0 0 0 0 0 0 0 0 0 0 0 0 0 0 0 0 0 0 0 0 0 0 0 0 0 0 0 0 0 0 0 0 0 0 0 2 0 7 0 16 0 33 0 49 0 55 0 146 0 155 0 229 0 341 0 368 0 410 0 650 0 774 0 876 0 976 0 989 0 858 0 899 0 590 0 396 0 190 0 
