0 9 34 29 -17 2 6 8

0 31 37 20 -12 5 14 3

0 14 34 73 -6 0 3 1

0 43 78 46 -10 2 33 26

0 57 93 70 -17 1 7 33

0 89 98 64 -1 0 18 18

0 27 36 97 -19 2 6 17

0 41 87 26 -9 6 12 26

0 58 84 13 -12 0 1 15

0 35 70 47 -9 1 14 26

0 42 78 74 -16 4 6 35

0 44 74 66 -12 3 4 1

0 64 82 28 -19 12 27 29

0 0 86 65 -20 17 34 38

0 30 99 25 -8 9 35 2

0 50 53 11 -20 2 3 26

0 56 63 27 -1 14 15 17

0 30 39 89 -1 27 46 14

0 34 96 90 -4 42 45 4

0 46 53 56 -2 1 20 37

0 17 61 94 -9 4 14 9

0 45 82 91 -19 7 11 33

0 60 67 42 -17 43 44 41

0 4 79 22 -7 17 38 29

0 2 75 85 -9 6 20 29

0 4 56 77 -17 6 10 3

0 73 96 9 -19 2 11 25

0 30 72 23 -16 12 38 33

0 17 18 34 -7 5 11 7

0 10 22 41 -3 7 10 15

0 31 86 80 -3 33 35 13

0 51 82 97 -13 15 35 16

0 28 37 96 -18 17 27 13

0 9 44 61 -14 6 8 8

0 6 28 5 -5 6 18 9

0 75 87 63 -8 10 12 2

0 24 73 72 -17 20 38 11

0 34 54 64 -20 25 49 33

0 47 70 4 -17 17 21 32

0 64 70 4 -8 10 24 39

0 3 21 93 -7 11 13 1

0 44 71 81 -11 18 25 41

0 47 61 19 -13 6 47 45

0 16 65 99 -10 1 20 35

0 71 90 1 -14 30 48 23

0 20 95 32 -1 2 9 49

0 15 31 51 -1 5 8 29

0 9 36 60 -16 29 41 30

0 42 59 12 -19 41 47 30

0 21 93 39 -7 13 38 23

0 25 46 42 -16 16 28 23

0 26 52 83 -18 2 18 12

0 30 45 67 -2 9 13 38

0 75 80 94 -1 1 2 45

0 14 88 13 -11 6 16 6

0 33 55 58 -19 20 31 6

0 3 22 79 -3 4 5 17

0 3 42 15 -7 15 43 11

0 9 68 16 -10 1 26 18

0 12 26 63 -2 0 1 32

0 7 25 79 -20 20 47 44

0 17 27 68 -14 1 32 9

0 62 66 29 -8 36 48 39

0 62 80 10 -16 17 45 44

0 12 34 64 -8 19 45 49

0 37 45 35 -4 0 32 36

0 2 28 69 -6 2 36 35

0 5 35 69 -7 0 28 5

0 7 76 31 -14 17 22 49

0 36 44 14 -13 37 40 31

0 5 17 0 -8 38 45 34

0 9 19 19 -5 5 33 11

0 28 47 47 -6 29 37 46

0 17 35 25 -17 2 12 43

0 2 5 20 -15 5 12 25

0 8 9 96 -9 0 1 38

0 1 24 97 -20 31 45 34

0 5 7 30 -18 14 39 40

0 24 25 15 -6 1 17 41

0 18 29 51 -14 23 46 9

0 9 14 48 -8 13 25 4

0 4 13 57 -10 15 45 8

0 13 31 86 -11 24 33 41

0 6 49 36 -11 39 49 7

0 12 46 9 -6 33 45 49

0 3 43 7 -15 0 46 24

0 2 7 48 -11 7 12 17

0 4 6 44 -18 9 42 36

0 79 85 74 -14 46 49 8

0 14 28 3 -12 38 44 49

0 1 3 94 -11 2 33 14

0 2 4 95 -4 17 44 37

0 1 4 11 -17 6 45 33

0 0 4 81 -4 13 30 44

0 2 4 6 -15 1 2 31

0 1 8 0 -17 21 24 1

0 5 11 45 -13 14 15 40

0 11 22 0 -7 15 25 38

0 7 10 34 -13 1 2 33

0 3 5 51 -4 3 48 8


SAlphaB: 756.0, std-dev 284.95338551979324

Earliest win: 37
Latest win: 81

WinDepth:
0 0 0 0 0 0 0 0 0 0 0 0 0 0 0 0 0 0 0 0 0 0 0 0 0 0 0 0 0 0 0 0 0 0 0 0 0 6 0 6 12 5 7 30 13 20 11 36 24 71 53 314 82 115 85 150 107 204 147 192 130 218 253 346 330 345 421 379 418 404 427 408 441 365 398 365 290 245 180 119 122 75 
SAlphaB:
0 0 0 0 0 0 0 0 0 0 0 0 0 0 0 0 0 0 0 0 0 0 0 0 0 0 0 0 0 0 0 0 0 0 0 0 0 6 0 6 12 5 7 30 13 20 11 36 24 71 53 314 82 115 85 150 107 204 147 192 130 218 253 346 330 345 421 379 418 404 427 408 441 365 398 365 290 245 180 119 122 75 

LossDepth:
SAlphaB:
0 0 0 0 0 0 0 0 0 0 0 0 0 0 0 0 0 0 0 0 0 0 0 0 0 0 0 0 0 0 0 0 0 0 0 0 0 6 0 6 12 5 7 30 13 20 11 36 24 71 53 314 82 115 85 150 107 204 147 192 130 218 253 346 330 345 421 379 418 404 427 408 441 365 398 365 290 245 180 119 122 75 

FirstWin:
0 0 0 0 0 0 0 0 0 0 0 0 0 0 0 0 0 0 0 0 0 0 0 0 0 0 0 0 0 0 0 0 0 0 0 0 0 6 0 6 0 5 0 30 0 20 0 36 0 71 0 314 0 115 0 150 0 204 0 192 0 218 0 346 0 345 0 379 0 404 0 408 0 365 0 365 0 245 0 119 0 75 
SAlphaB:
0 0 0 0 0 0 0 0 0 0 0 0 0 0 0 0 0 0 0 0 0 0 0 0 0 0 0 0 0 0 0 0 0 0 0 0 0 6 0 6 0 5 0 30 0 20 0 36 0 71 0 314 0 115 0 150 0 204 0 192 0 218 0 346 0 345 0 379 0 404 0 408 0 365 0 365 0 245 0 119 0 75 

SecondWin:
0 0 0 0 0 0 0 0 0 0 0 0 0 0 0 0 0 0 0 0 0 0 0 0 0 0 0 0 0 0 0 0 0 0 0 0 0 0 0 0 12 0 7 0 13 0 11 0 24 0 53 0 82 0 85 0 107 0 147 0 130 0 253 0 330 0 421 0 418 0 427 0 441 0 398 0 290 0 180 0 122 0 
SAlphaB:
0 0 0 0 0 0 0 0 0 0 0 0 0 0 0 0 0 0 0 0 0 0 0 0 0 0 0 0 0 0 0 0 0 0 0 0 0 0 0 0 12 0 7 0 13 0 11 0 24 0 53 0 82 0 85 0 107 0 147 0 130 0 253 0 330 0 421 0 418 0 427 0 441 0 398 0 290 0 180 0 122 0 
