0 11 80 1 -11 2 3 12

0 53 86 34 -8 11 21 20

0 66 96 28 -12 4 22 10

0 57 96 79 -3 9 37 24

0 45 55 96 -18 7 13 35

0 55 94 24 -2 7 13 4

0 11 47 0 -12 0 1 24

0 70 74 98 -19 8 26 9

0 58 69 84 -13 12 34 29

0 42 75 81 -16 3 28 11

0 67 73 51 -11 5 16 27

0 39 94 82 -13 12 21 48

0 57 58 78 -7 11 20 26

0 37 68 96 -3 7 18 47

0 56 86 77 -8 5 37 29

0 17 63 53 -16 2 4 46

0 90 96 41 -15 14 23 44

0 9 79 4 -10 5 8 15

0 71 79 29 -15 0 40 0

0 69 99 62 -4 2 5 29

0 25 49 2 -8 2 14 30

0 42 75 74 -11 5 38 12

0 55 85 19 -3 2 39 27

0 13 45 31 -15 0 2 2

0 46 71 90 -7 22 46 27

0 50 51 76 -17 28 45 1

0 37 91 40 -4 16 39 30

0 10 91 39 -3 17 39 11

0 71 79 56 -18 6 49 26

0 22 49 43 -7 30 32 6

0 41 61 15 -8 5 11 42

0 19 64 19 -4 11 28 24

0 34 61 52 -2 20 23 9

0 80 81 5 -8 11 16 7

0 32 70 39 -18 23 36 11

0 53 78 98 -10 43 47 23

0 46 77 20 -20 32 46 40

0 64 83 35 -3 9 13 40

0 32 45 46 -10 1 48 18

0 10 98 76 -12 12 48 46

0 11 17 30 -5 10 31 33

0 26 34 35 -7 28 30 22

0 25 31 30 -15 7 16 22

0 11 83 97 -4 22 23 18

0 31 80 44 -20 6 11 9

0 3 37 84 -4 23 24 34

0 35 74 23 -19 11 12 31

0 3 18 88 -11 12 23 39

0 49 65 51 -2 23 36 30

0 22 29 28 -11 4 32 5

0 9 54 26 -20 1 2 35

0 45 53 30 -7 24 26 37

0 33 52 84 -3 3 42 7

0 12 17 23 -16 23 40 7

0 7 27 20 -10 1 7 4

0 6 34 61 -5 29 38 35

0 4 70 42 -2 12 15 44

0 18 72 83 -5 3 4 49

0 4 11 54 -11 25 34 25

0 1 35 16 -6 6 8 31

0 20 28 33 -4 6 21 30

0 27 51 23 -15 42 47 47

0 0 17 43 -20 15 48 14

0 20 22 8 -3 14 23 20

0 1 2 55 -16 6 16 38

0 31 68 83 -12 35 44 3

0 5 34 5 -15 18 43 28

0 8 11 83 -19 1 8 34

0 4 8 96 -11 24 27 42

0 22 66 11 -8 27 42 21

0 22 86 46 -4 26 41 46

0 5 19 85 -16 0 10 7

0 5 54 96 -20 23 45 19

0 6 47 84 -2 34 47 48

0 2 13 60 -10 13 14 30

0 12 39 12 -18 3 4 30

0 29 33 88 -6 31 34 43

0 17 37 47 -4 2 29 47

0 18 26 28 -4 4 6 37

0 13 63 89 -7 4 5 43

0 23 27 24 -12 11 48 46

0 7 24 67 -13 15 27 5

0 9 35 30 -9 4 33 24

0 25 27 52 -8 22 45 29

0 10 11 98 -3 0 30 42

0 53 60 14 -16 25 41 29

0 0 16 87 -5 4 6 38

0 6 9 70 -7 0 3 44

0 17 29 80 -14 1 49 28

0 35 38 24 -18 5 30 49

0 27 44 31 -2 18 44 9

0 13 23 29 -2 23 43 14

0 5 11 76 -20 1 38 22

0 0 1 60 -8 4 32 30

0 8 12 5 -10 4 14 43

0 4 10 92 -5 18 46 10

0 1 3 55 -5 5 31 43

0 17 19 6 -9 7 32 48

0 6 7 57 -5 2 10 26

0 12 21 28 -18 10 12 31


SAlphaB: 761.0, std-dev 290.4362275487121

Earliest win: 37
Latest win: 81

WinDepth:
0 0 0 0 0 0 0 0 0 0 0 0 0 0 0 0 0 0 0 0 0 0 0 0 0 0 0 0 0 0 0 0 0 0 0 0 0 2 1 7 12 4 4 11 6 23 20 36 47 81 66 175 72 115 90 208 147 194 131 170 149 279 266 312 310 365 385 387 418 393 430 420 462 410 417 354 255 207 197 145 112 89 
SAlphaB:
0 0 0 0 0 0 0 0 0 0 0 0 0 0 0 0 0 0 0 0 0 0 0 0 0 0 0 0 0 0 0 0 0 0 0 0 0 2 1 7 12 4 4 11 6 23 20 36 47 81 66 175 72 115 90 208 147 194 131 170 149 279 266 312 310 365 385 387 418 393 430 420 462 410 417 354 255 207 197 145 112 89 

LossDepth:
SAlphaB:
0 0 0 0 0 0 0 0 0 0 0 0 0 0 0 0 0 0 0 0 0 0 0 0 0 0 0 0 0 0 0 0 0 0 0 0 0 2 1 7 12 4 4 11 6 23 20 36 47 81 66 175 72 115 90 208 147 194 131 170 149 279 266 312 310 365 385 387 418 393 430 420 462 410 417 354 255 207 197 145 112 89 

FirstWin:
0 0 0 0 0 0 0 0 0 0 0 0 0 0 0 0 0 0 0 0 0 0 0 0 0 0 0 0 0 0 0 0 0 0 0 0 0 2 0 7 0 4 0 11 0 23 0 36 0 81 0 175 0 115 0 208 0 194 0 170 0 279 0 312 0 365 0 387 0 393 0 420 0 410 0 354 0 207 0 145 0 89 
SAlphaB:
0 0 0 0 0 0 0 0 0 0 0 0 0 0 0 0 0 0 0 0 0 0 0 0 0 0 0 0 0 0 0 0 0 0 0 0 0 2 0 7 0 4 0 11 0 23 0 36 0 81 0 175 0 115 0 208 0 194 0 170 0 279 0 312 0 365 0 387 0 393 0 420 0 410 0 354 0 207 0 145 0 89 

SecondWin:
0 0 0 0 0 0 0 0 0 0 0 0 0 0 0 0 0 0 0 0 0 0 0 0 0 0 0 0 0 0 0 0 0 0 0 0 0 0 1 0 12 0 4 0 6 0 20 0 47 0 66 0 72 0 90 0 147 0 131 0 149 0 266 0 310 0 385 0 418 0 430 0 462 0 417 0 255 0 197 0 112 0 
SAlphaB:
0 0 0 0 0 0 0 0 0 0 0 0 0 0 0 0 0 0 0 0 0 0 0 0 0 0 0 0 0 0 0 0 0 0 0 0 0 0 1 0 12 0 4 0 6 0 20 0 47 0 66 0 72 0 90 0 147 0 131 0 149 0 266 0 310 0 385 0 418 0 430 0 462 0 417 0 255 0 197 0 112 0 
