0 39 95 70 -10 10 22 6

0 18 92 31 -15 0 2 32

0 21 48 22 -13 2 9 17

0 34 72 83 -8 6 16 13

0 20 75 93 -7 21 28 12

0 50 95 0 -17 2 3 44

0 57 81 19 -9 8 29 33

0 47 65 76 -13 1 16 8

0 71 87 43 -14 7 19 18

0 52 67 21 -13 0 17 17

0 16 62 12 -4 1 9 20

0 15 43 49 -13 4 13 19

0 38 97 56 -10 2 12 16

0 13 81 64 -5 3 5 15

0 29 55 58 -10 7 10 39

0 62 77 0 -9 8 15 21

0 68 98 58 -9 7 14 42

0 27 46 82 -16 9 26 30

0 5 92 78 -1 9 19 30

0 13 76 84 -5 9 19 2

0 29 81 63 -2 18 30 32

0 86 87 52 -6 10 12 33

0 10 71 30 -8 26 39 9

0 40 54 29 -14 2 4 10

0 6 33 0 -18 0 7 7

0 71 78 95 -15 2 14 44

0 98 99 81 -13 2 45 21

0 61 79 25 -7 12 19 7

0 7 66 78 -19 28 38 20

0 45 81 20 -16 17 24 16

0 13 25 96 -16 10 15 7

0 7 77 52 -10 2 23 1

0 15 50 43 -11 19 45 1

0 8 44 23 -10 6 15 2

0 37 50 83 -14 37 40 16

0 71 96 38 -20 15 16 46

0 30 61 75 -18 27 38 30

0 45 60 3 -2 2 3 5

0 36 64 32 -15 13 15 29

0 58 80 56 -19 7 10 6

0 14 50 28 -15 5 7 29

0 46 94 65 -8 27 39 40

0 43 54 97 -11 24 33 18

0 12 87 3 -4 2 3 44

0 38 52 19 -3 8 19 42

0 4 90 93 -18 1 2 9

0 70 75 16 -17 0 2 40

0 45 46 9 -8 7 47 24

0 68 72 55 -18 14 41 47

0 48 49 31 -6 28 37 44

0 17 36 16 -18 17 49 13

0 15 36 23 -19 8 21 29

0 9 54 28 -18 6 12 21

0 14 30 91 -7 1 16 27

0 47 62 24 -5 1 20 46

0 16 79 4 -14 18 26 36

0 28 30 41 -19 7 14 42

0 13 91 41 -6 24 32 7

0 20 37 56 -18 41 48 28

0 1 15 4 -11 13 28 19

0 8 72 89 -18 21 27 6

0 11 18 53 -20 24 47 22

0 66 86 83 -10 0 1 47

0 10 54 15 -11 38 46 6

0 29 37 38 -12 6 34 25

0 6 11 44 -5 3 7 21

0 4 14 53 -19 6 14 14

0 4 20 53 -2 22 32 21

0 16 33 1 -5 14 18 30

0 12 32 58 -20 0 30 7

0 18 22 20 -19 27 33 23

0 40 49 15 -10 17 36 42

0 0 20 93 -3 6 45 13

0 2 24 74 -1 6 22 25

0 15 38 16 -2 34 44 42

0 37 49 38 -20 12 14 0

0 3 19 85 -3 16 44 5

0 11 26 89 -14 39 46 14

0 1 27 47 -12 44 45 39

0 1 2 34 -2 12 35 40

0 14 55 51 -16 8 14 37

0 13 63 8 -16 13 18 46

0 9 11 94 -17 6 16 4

0 10 48 26 -18 8 30 13

0 7 32 81 -7 25 42 49

0 4 8 71 -14 0 36 23

0 10 17 38 -17 1 5 39

0 12 21 12 -20 5 18 20

0 2 4 44 -2 0 2 0

0 2 11 17 -1 21 39 25

0 5 23 4 -11 1 2 45

0 26 34 1 -8 32 44 44

0 34 66 0 -6 33 42 29

0 10 21 58 -6 14 22 45

0 7 24 90 -10 1 5 37

0 8 11 56 -9 22 44 1

0 3 8 10 -18 3 8 42

0 10 11 58 -8 11 29 48

0 4 15 2 -8 25 46 43

0 1 4 20 -18 4 18 44


SAlphaB: 772.0, std-dev 301.6540233412772

Earliest win: 39
Latest win: 81

WinDepth:
0 0 0 0 0 0 0 0 0 0 0 0 0 0 0 0 0 0 0 0 0 0 0 0 0 0 0 0 0 0 0 0 0 0 0 0 0 0 0 3 0 4 0 9 14 16 13 32 8 62 41 168 93 113 95 188 116 164 160 156 134 236 245 286 359 334 381 412 490 413 473 466 477 385 360 373 303 251 204 126 98 92 
SAlphaB:
0 0 0 0 0 0 0 0 0 0 0 0 0 0 0 0 0 0 0 0 0 0 0 0 0 0 0 0 0 0 0 0 0 0 0 0 0 0 0 3 0 4 0 9 14 16 13 32 8 62 41 168 93 113 95 188 116 164 160 156 134 236 245 286 359 334 381 412 490 413 473 466 477 385 360 373 303 251 204 126 98 92 

LossDepth:
SAlphaB:
0 0 0 0 0 0 0 0 0 0 0 0 0 0 0 0 0 0 0 0 0 0 0 0 0 0 0 0 0 0 0 0 0 0 0 0 0 0 0 3 0 4 0 9 14 16 13 32 8 62 41 168 93 113 95 188 116 164 160 156 134 236 245 286 359 334 381 412 490 413 473 466 477 385 360 373 303 251 204 126 98 92 

FirstWin:
0 0 0 0 0 0 0 0 0 0 0 0 0 0 0 0 0 0 0 0 0 0 0 0 0 0 0 0 0 0 0 0 0 0 0 0 0 0 0 3 0 4 0 9 0 16 0 32 0 62 0 168 0 113 0 188 0 164 0 156 0 236 0 286 0 334 0 412 0 413 0 466 0 385 0 373 0 251 0 126 0 92 
SAlphaB:
0 0 0 0 0 0 0 0 0 0 0 0 0 0 0 0 0 0 0 0 0 0 0 0 0 0 0 0 0 0 0 0 0 0 0 0 0 0 0 3 0 4 0 9 0 16 0 32 0 62 0 168 0 113 0 188 0 164 0 156 0 236 0 286 0 334 0 412 0 413 0 466 0 385 0 373 0 251 0 126 0 92 

SecondWin:
0 0 0 0 0 0 0 0 0 0 0 0 0 0 0 0 0 0 0 0 0 0 0 0 0 0 0 0 0 0 0 0 0 0 0 0 0 0 0 0 0 0 0 0 14 0 13 0 8 0 41 0 93 0 95 0 116 0 160 0 134 0 245 0 359 0 381 0 490 0 473 0 477 0 360 0 303 0 204 0 98 0 
SAlphaB:
0 0 0 0 0 0 0 0 0 0 0 0 0 0 0 0 0 0 0 0 0 0 0 0 0 0 0 0 0 0 0 0 0 0 0 0 0 0 0 0 0 0 0 0 14 0 13 0 8 0 41 0 93 0 95 0 116 0 160 0 134 0 245 0 359 0 381 0 490 0 473 0 477 0 360 0 303 0 204 0 98 0 
