0 33 53 89 -12 0 3 30

0 52 96 64 -15 2 31 13

0 59 90 24 -17 0 28 23

0 74 81 55 -10 6 23 10

0 52 65 46 -14 5 36 23

0 57 89 40 -6 2 4 7

0 41 72 67 -16 8 13 48

0 70 83 51 -7 13 18 7

0 37 93 78 -1 9 21 44

0 51 98 46 -10 2 6 34

0 12 20 96 -16 10 17 18

0 70 80 40 -19 7 10 15

0 38 48 58 -13 5 23 5

0 27 63 83 -2 0 1 4

0 80 93 93 -15 9 13 15

0 15 75 92 -9 6 20 1

0 70 74 65 -12 12 24 14

0 35 96 92 -5 9 10 26

0 39 42 21 -11 1 4 13

0 11 89 17 -1 3 4 21

0 47 72 66 -14 9 35 12

0 20 64 31 -14 23 39 6

0 70 87 60 -3 10 14 10

0 18 63 17 -11 12 35 7

0 23 68 80 -5 2 22 38

0 51 55 49 -7 0 4 16

0 33 81 1 -12 5 6 38

0 30 93 36 -7 10 25 34

0 9 68 33 -13 1 7 14

0 57 60 68 -13 0 1 15

0 46 56 20 -18 0 2 3

0 57 78 60 -14 15 27 16

0 18 20 13 -16 2 3 19

0 8 97 72 -2 24 32 24

0 12 74 40 -17 4 5 36

0 19 24 87 -14 7 17 19

0 78 89 33 -4 10 42 4

0 65 85 11 -10 28 30 2

0 38 80 99 -6 22 44 6

0 24 71 85 -5 7 14 45

0 4 81 27 -16 1 3 15

0 1 34 61 -2 12 15 18

0 59 80 84 -13 13 16 28

0 36 56 26 -13 12 15 37

0 47 52 87 -8 2 7 27

0 15 67 97 -20 24 40 27

0 37 79 80 -8 12 16 36

0 9 11 89 -3 18 21 20

0 54 56 65 -1 18 41 44

0 41 61 40 -19 37 49 7

0 9 45 14 -2 14 18 18

0 27 46 87 -2 40 45 27

0 46 59 57 -6 23 25 40

0 29 63 23 -20 16 18 3

0 50 78 69 -15 23 27 39

0 6 70 72 -19 3 31 40

0 8 71 20 -18 22 26 6

0 10 23 66 -13 12 14 2

0 37 85 67 -19 20 21 14

0 96 98 3 -7 28 30 0

0 8 88 93 -15 47 49 45

0 1 33 11 -19 6 19 42

0 17 22 96 -20 12 29 8

0 2 50 44 -17 18 32 11

0 58 73 8 -16 25 35 43

0 1 2 68 -1 23 41 7

0 26 54 75 -15 5 39 20

0 10 21 95 -15 12 27 19

0 30 39 71 -16 3 29 32

0 32 83 8 -19 2 44 21

0 63 83 34 -14 15 20 43

0 25 33 53 -20 23 42 29

0 8 99 2 -4 1 40 17

0 13 78 88 -2 14 18 6

0 7 39 59 -12 30 31 26

0 19 21 84 -15 3 13 8

0 13 63 24 -7 33 34 44

0 40 57 38 -9 28 34 33

0 3 7 56 -14 17 45 18

0 34 46 14 -1 10 11 42

0 52 62 50 -5 23 25 0

0 17 40 82 -12 6 37 38

0 0 58 16 -14 41 47 22

0 16 93 3 -10 9 18 34

0 1 5 38 -15 22 45 11

0 6 30 41 -15 40 45 22

0 3 5 66 -19 7 11 16

0 12 15 46 -17 4 16 9

0 24 28 40 -11 18 28 5

0 7 45 65 -1 1 15 25

0 1 58 36 -8 2 26 47

0 1 8 66 -19 6 35 21

0 1 33 46 -6 38 47 22

0 0 6 93 -2 28 42 42

0 0 5 95 -15 0 8 0

0 0 6 55 -8 0 11 18

0 24 26 13 -13 6 45 31

0 4 18 42 -4 3 17 24

0 9 10 36 -6 23 35 26

0 1 2 85 -2 1 12 29


SAlphaB: 740.0, std-dev 295.98031056545676

Earliest win: 35
Latest win: 81

WinDepth:
0 0 0 0 0 0 0 0 0 0 0 0 0 0 0 0 0 0 0 0 0 0 0 0 0 0 0 0 0 0 0 0 0 0 0 1 0 14 1 8 2 12 2 19 3 37 31 21 24 45 63 108 118 127 105 205 133 185 121 182 162 203 277 332 336 362 395 446 442 404 434 447 431 415 404 353 286 241 154 144 106 65 
SAlphaB:
0 0 0 0 0 0 0 0 0 0 0 0 0 0 0 0 0 0 0 0 0 0 0 0 0 0 0 0 0 0 0 0 0 0 0 1 0 14 1 8 2 12 2 19 3 37 31 21 24 45 63 108 118 127 105 205 133 185 121 182 162 203 277 332 336 362 395 446 442 404 434 447 431 415 404 353 286 241 154 144 106 65 

LossDepth:
SAlphaB:
0 0 0 0 0 0 0 0 0 0 0 0 0 0 0 0 0 0 0 0 0 0 0 0 0 0 0 0 0 0 0 0 0 0 0 1 0 14 1 8 2 12 2 19 3 37 31 21 24 45 63 108 118 127 105 205 133 185 121 182 162 203 277 332 336 362 395 446 442 404 434 447 431 415 404 353 286 241 154 144 106 65 

FirstWin:
0 0 0 0 0 0 0 0 0 0 0 0 0 0 0 0 0 0 0 0 0 0 0 0 0 0 0 0 0 0 0 0 0 0 0 1 0 14 0 8 0 12 0 19 0 37 0 21 0 45 0 108 0 127 0 205 0 185 0 182 0 203 0 332 0 362 0 446 0 404 0 447 0 415 0 353 0 241 0 144 0 65 
SAlphaB:
0 0 0 0 0 0 0 0 0 0 0 0 0 0 0 0 0 0 0 0 0 0 0 0 0 0 0 0 0 0 0 0 0 0 0 1 0 14 0 8 0 12 0 19 0 37 0 21 0 45 0 108 0 127 0 205 0 185 0 182 0 203 0 332 0 362 0 446 0 404 0 447 0 415 0 353 0 241 0 144 0 65 

SecondWin:
0 0 0 0 0 0 0 0 0 0 0 0 0 0 0 0 0 0 0 0 0 0 0 0 0 0 0 0 0 0 0 0 0 0 0 0 0 0 1 0 2 0 2 0 3 0 31 0 24 0 63 0 118 0 105 0 133 0 121 0 162 0 277 0 336 0 395 0 442 0 434 0 431 0 404 0 286 0 154 0 106 0 
SAlphaB:
0 0 0 0 0 0 0 0 0 0 0 0 0 0 0 0 0 0 0 0 0 0 0 0 0 0 0 0 0 0 0 0 0 0 0 0 0 0 1 0 2 0 2 0 3 0 31 0 24 0 63 0 118 0 105 0 133 0 121 0 162 0 277 0 336 0 395 0 442 0 434 0 431 0 404 0 286 0 154 0 106 0 
