0 41 46 26 -12 1 8 2

0 41 95 18 -6 4 5 13

0 36 90 4 -18 4 5 12

0 32 98 10 -16 0 25 14

0 42 90 56 -4 0 25 16

0 74 85 50 -10 7 44 4

0 44 73 3 -19 0 3 25

0 37 48 8 -4 0 2 7

0 4 91 55 -12 9 34 9

0 44 48 43 -9 10 16 5

0 71 98 42 -5 16 28 45

0 56 75 42 -14 6 16 22

0 45 54 74 -20 9 10 31

0 61 64 14 -1 16 20 14

0 34 48 88 -10 43 45 2

0 39 49 96 -1 33 37 13

0 67 93 7 -7 4 10 3

0 72 90 9 -13 15 36 1

0 28 83 54 -10 18 25 3

0 83 98 70 -17 2 5 28

0 45 71 34 -19 10 23 20

0 28 38 13 -3 4 17 24

0 58 75 26 -5 18 45 36

0 31 88 71 -4 6 8 42

0 60 80 99 -11 0 6 34

0 19 99 11 -13 0 23 37

0 62 68 39 -5 13 15 10

0 43 57 72 -17 6 10 40

0 47 85 40 -17 28 36 18

0 29 46 52 -13 27 36 8

0 41 50 78 -13 7 19 42

0 19 55 89 -12 2 22 13

0 31 66 90 -4 9 36 48

0 68 86 27 -6 5 10 0

0 22 23 38 -8 16 31 0

0 24 30 54 -20 15 33 16

0 19 72 19 -4 17 40 23

0 5 75 62 -15 26 35 10

0 8 81 37 -19 15 38 1

0 38 48 29 -1 17 28 23

0 47 70 81 -12 3 10 45

0 21 28 16 -4 27 47 12

0 59 63 7 -13 10 44 23

0 45 73 68 -10 33 40 22

0 20 76 94 -10 19 41 21

0 62 85 27 -10 1 2 18

0 25 98 71 -17 25 33 14

0 46 93 26 -20 13 36 21

0 2 27 66 -2 25 29 23

0 44 63 24 -9 8 44 27

0 19 45 39 -2 2 14 43

0 13 40 30 -16 13 24 19

0 13 35 12 -6 7 22 32

0 2 15 39 -8 14 17 18

0 78 82 52 -6 1 7 49

0 35 55 90 -17 4 31 31

0 12 18 81 -15 9 24 32

0 29 33 23 -5 0 37 31

0 24 34 88 -19 9 15 2

0 8 14 80 -1 23 25 17

0 52 96 94 -9 24 25 8

0 75 89 46 -10 46 48 9

0 18 83 8 -13 28 49 36

0 50 84 16 -12 4 5 48

0 9 12 34 -20 24 26 16

0 54 65 14 -2 33 48 41

0 12 28 11 -14 35 38 27

0 14 18 43 -16 16 19 31

0 19 23 94 -8 4 21 6

0 13 25 35 -7 1 8 32

0 30 47 82 -12 28 40 49

0 10 29 11 -6 25 26 36

0 33 37 81 -18 39 48 0

0 10 39 97 -13 40 48 24

0 39 40 19 -14 19 31 22

0 34 38 66 -5 14 20 33

0 9 72 31 -2 9 19 37

0 0 41 64 -8 2 12 40

0 4 26 26 -4 19 35 28

0 2 16 22 -7 9 35 22

0 20 68 40 -18 13 22 46

0 9 14 22 -17 22 45 22

0 5 12 88 -8 19 39 1

0 5 13 16 -5 8 39 23

0 0 1 80 -7 14 44 30

0 7 14 74 -3 6 18 48

0 13 15 65 -11 14 34 38

0 3 5 79 -19 22 36 47

0 0 6 80 -8 1 2 19

0 2 20 29 -17 3 44 45

0 14 38 61 -13 25 37 40

0 3 6 19 -1 11 40 32

0 0 1 90 -18 15 23 5

0 0 2 4 -6 20 22 40

0 12 13 94 -13 2 47 37

0 2 4 48 -9 0 12 28

0 9 23 36 -12 2 40 25

0 3 6 41 -9 1 7 41

0 0 4 73 -6 4 20 39

0 0 1 31 -7 4 24 49


SAlphaB: 722.0, std-dev 277.34702799812715

Earliest win: 33
Latest win: 81

WinDepth:
0 0 0 0 0 0 0 0 0 0 0 0 0 0 0 0 0 0 0 0 0 0 0 0 0 0 0 0 0 0 0 0 0 1 0 1 0 1 0 2 13 2 2 23 11 15 21 41 40 101 89 151 72 113 65 155 106 165 133 186 155 191 228 276 301 349 423 392 455 381 402 464 429 438 411 362 308 291 201 168 100 101 
SAlphaB:
0 0 0 0 0 0 0 0 0 0 0 0 0 0 0 0 0 0 0 0 0 0 0 0 0 0 0 0 0 0 0 0 0 1 0 1 0 1 0 2 13 2 2 23 11 15 21 41 40 101 89 151 72 113 65 155 106 165 133 186 155 191 228 276 301 349 423 392 455 381 402 464 429 438 411 362 308 291 201 168 100 101 

LossDepth:
SAlphaB:
0 0 0 0 0 0 0 0 0 0 0 0 0 0 0 0 0 0 0 0 0 0 0 0 0 0 0 0 0 0 0 0 0 1 0 1 0 1 0 2 13 2 2 23 11 15 21 41 40 101 89 151 72 113 65 155 106 165 133 186 155 191 228 276 301 349 423 392 455 381 402 464 429 438 411 362 308 291 201 168 100 101 

FirstWin:
0 0 0 0 0 0 0 0 0 0 0 0 0 0 0 0 0 0 0 0 0 0 0 0 0 0 0 0 0 0 0 0 0 1 0 1 0 1 0 2 0 2 0 23 0 15 0 41 0 101 0 151 0 113 0 155 0 165 0 186 0 191 0 276 0 349 0 392 0 381 0 464 0 438 0 362 0 291 0 168 0 101 
SAlphaB:
0 0 0 0 0 0 0 0 0 0 0 0 0 0 0 0 0 0 0 0 0 0 0 0 0 0 0 0 0 0 0 0 0 1 0 1 0 1 0 2 0 2 0 23 0 15 0 41 0 101 0 151 0 113 0 155 0 165 0 186 0 191 0 276 0 349 0 392 0 381 0 464 0 438 0 362 0 291 0 168 0 101 

SecondWin:
0 0 0 0 0 0 0 0 0 0 0 0 0 0 0 0 0 0 0 0 0 0 0 0 0 0 0 0 0 0 0 0 0 0 0 0 0 0 0 0 13 0 2 0 11 0 21 0 40 0 89 0 72 0 65 0 106 0 133 0 155 0 228 0 301 0 423 0 455 0 402 0 429 0 411 0 308 0 201 0 100 0 
SAlphaB:
0 0 0 0 0 0 0 0 0 0 0 0 0 0 0 0 0 0 0 0 0 0 0 0 0 0 0 0 0 0 0 0 0 0 0 0 0 0 0 0 13 0 2 0 11 0 21 0 40 0 89 0 72 0 65 0 106 0 133 0 155 0 228 0 301 0 423 0 455 0 402 0 429 0 411 0 308 0 201 0 100 0 
