0 2 65 25 -5 6 9 6

0 35 77 48 -10 0 12 22

0 33 98 82 -6 0 3 14

0 49 59 95 -5 4 21 27

0 65 77 96 -1 5 38 16

0 39 75 51 -2 12 27 22

0 25 27 71 -11 3 11 41

0 54 57 44 -17 8 10 28

0 84 87 60 -13 7 14 11

0 5 34 96 -5 12 14 17

0 71 82 40 -9 21 35 4

0 53 58 34 -11 8 36 15

0 30 63 41 -3 11 15 47

0 13 76 87 -13 0 12 29

0 32 64 23 -8 8 19 26

0 81 96 37 -8 4 11 11

0 61 95 97 -7 4 13 17

0 61 66 73 -5 16 27 21

0 21 58 16 -2 8 10 30

0 51 52 61 -20 1 2 3

0 67 71 44 -13 0 19 47

0 43 70 32 -17 0 12 39

0 14 58 68 -9 11 22 23

0 25 50 17 -18 18 39 4

0 75 84 56 -17 1 2 35

0 32 87 73 -20 12 19 1

0 53 81 95 -19 11 25 34

0 1 25 84 -12 2 5 13

0 16 67 59 -4 12 14 14

0 1 27 90 -3 17 23 3

0 25 26 35 -4 6 14 26

0 35 42 72 -14 25 36 28

0 72 87 67 -12 0 8 32

0 6 54 3 -14 16 28 33

0 15 20 91 -17 11 18 19

0 30 34 53 -17 0 21 34

0 8 29 71 -12 0 2 31

0 25 92 90 -11 8 33 21

0 14 27 77 -2 19 40 23

0 35 39 89 -15 24 46 46

0 39 81 14 -7 6 8 43

0 7 9 72 -20 6 12 34

0 3 43 0 -3 16 34 13

0 7 40 78 -16 36 41 8

0 34 55 31 -5 2 4 40

0 11 30 65 -12 1 10 7

0 35 54 47 -15 11 46 20

0 41 83 88 -16 2 49 49

0 4 39 18 -20 3 6 12

0 35 61 68 -4 19 30 16

0 52 66 8 -17 12 16 4

0 15 58 83 -10 2 35 31

0 50 52 63 -2 21 43 28

0 35 36 85 -8 2 36 4

0 62 83 61 -2 0 1 7

0 20 35 19 -9 37 43 4

0 20 24 99 -15 19 31 28

0 31 39 80 -9 3 44 26

0 23 84 56 -13 27 44 41

0 64 71 69 -1 15 16 23

0 13 22 26 -13 8 22 29

0 2 46 3 -17 0 6 48

0 8 59 31 -13 8 17 33

0 5 11 41 -3 12 18 19

0 78 91 7 -9 31 38 7

0 4 32 29 -3 15 28 32

0 17 19 60 -4 24 32 9

0 24 30 29 -20 6 8 17

0 8 30 56 -13 26 43 6

0 0 16 93 -7 0 5 26

0 0 3 70 -13 46 49 16

0 4 20 82 -20 33 39 27

0 2 20 52 -4 28 32 33

0 7 24 35 -6 5 42 32

0 11 34 58 -2 30 42 1

0 3 7 56 -16 18 37 20

0 11 13 97 -4 4 23 37

0 6 9 91 -2 14 15 29

0 55 70 45 -20 19 36 16

0 6 9 38 -2 22 27 22

0 0 1 66 -16 29 33 37

0 1 2 74 -20 6 42 4

0 11 23 62 -1 19 35 37

0 1 4 80 -7 15 42 14

0 18 62 8 -10 16 36 46

0 21 36 50 -17 16 23 43

0 14 18 52 -16 17 41 38

0 1 4 9 -7 29 36 36

0 1 2 27 -12 31 36 22

0 7 14 25 -11 19 22 46

0 7 21 22 -17 10 13 0

0 1 3 38 -11 1 22 48

0 9 24 55 -4 3 21 38

0 4 11 56 -5 11 48 33

0 0 51 40 -8 36 49 48

0 4 11 84 -3 26 27 22

0 5 6 59 -18 1 6 39

0 7 12 52 -7 4 24 45

0 9 10 22 -10 2 17 34

0 1 3 23 -15 19 32 46


SAlphaB: 745.0, std-dev 279.1893919289495

Earliest win: 37
Latest win: 81

WinDepth:
0 0 0 0 0 0 0 0 0 0 0 0 0 0 0 0 0 0 0 0 0 0 0 0 0 0 0 0 0 0 0 0 0 0 0 0 0 10 0 2 0 12 1 15 9 21 8 42 42 69 28 227 85 107 97 178 121 181 164 163 170 214 221 324 377 308 396 340 420 404 449 457 435 388 410 352 299 222 203 134 91 84 
SAlphaB:
0 0 0 0 0 0 0 0 0 0 0 0 0 0 0 0 0 0 0 0 0 0 0 0 0 0 0 0 0 0 0 0 0 0 0 0 0 10 0 2 0 12 1 15 9 21 8 42 42 69 28 227 85 107 97 178 121 181 164 163 170 214 221 324 377 308 396 340 420 404 449 457 435 388 410 352 299 222 203 134 91 84 

LossDepth:
SAlphaB:
0 0 0 0 0 0 0 0 0 0 0 0 0 0 0 0 0 0 0 0 0 0 0 0 0 0 0 0 0 0 0 0 0 0 0 0 0 10 0 2 0 12 1 15 9 21 8 42 42 69 28 227 85 107 97 178 121 181 164 163 170 214 221 324 377 308 396 340 420 404 449 457 435 388 410 352 299 222 203 134 91 84 

FirstWin:
0 0 0 0 0 0 0 0 0 0 0 0 0 0 0 0 0 0 0 0 0 0 0 0 0 0 0 0 0 0 0 0 0 0 0 0 0 10 0 2 0 12 0 15 0 21 0 42 0 69 0 227 0 107 0 178 0 181 0 163 0 214 0 324 0 308 0 340 0 404 0 457 0 388 0 352 0 222 0 134 0 84 
SAlphaB:
0 0 0 0 0 0 0 0 0 0 0 0 0 0 0 0 0 0 0 0 0 0 0 0 0 0 0 0 0 0 0 0 0 0 0 0 0 10 0 2 0 12 0 15 0 21 0 42 0 69 0 227 0 107 0 178 0 181 0 163 0 214 0 324 0 308 0 340 0 404 0 457 0 388 0 352 0 222 0 134 0 84 

SecondWin:
0 0 0 0 0 0 0 0 0 0 0 0 0 0 0 0 0 0 0 0 0 0 0 0 0 0 0 0 0 0 0 0 0 0 0 0 0 0 0 0 0 0 1 0 9 0 8 0 42 0 28 0 85 0 97 0 121 0 164 0 170 0 221 0 377 0 396 0 420 0 449 0 435 0 410 0 299 0 203 0 91 0 
SAlphaB:
0 0 0 0 0 0 0 0 0 0 0 0 0 0 0 0 0 0 0 0 0 0 0 0 0 0 0 0 0 0 0 0 0 0 0 0 0 0 0 0 0 0 1 0 9 0 8 0 42 0 28 0 85 0 97 0 121 0 164 0 170 0 221 0 377 0 396 0 420 0 449 0 435 0 410 0 299 0 203 0 91 0 
