0 48 87 91 -11 9 24 13

0 37 96 80 -19 5 16 14

0 87 97 8 -5 17 30 45

0 43 45 79 -4 9 32 16

0 29 95 54 -6 13 22 27

0 5 38 36 -2 17 26 1

0 35 55 47 -4 3 11 14

0 57 86 80 -20 8 22 42

0 96 99 48 -7 5 42 32

0 37 64 23 -13 2 24 25

0 47 59 12 -13 9 27 39

0 64 86 77 -7 18 20 30

0 78 87 48 -16 0 3 3

0 5 22 70 -9 8 14 3

0 88 96 85 -2 21 38 40

0 22 24 13 -14 2 6 13

0 20 21 81 -11 2 8 5

0 39 70 57 -4 3 7 14

0 9 48 97 -4 0 4 18

0 38 43 73 -6 7 27 6

0 39 86 49 -14 18 30 9

0 66 80 52 -20 15 16 13

0 64 65 76 -14 16 39 9

0 10 46 13 -8 1 7 33

0 68 89 3 -16 17 39 43

0 4 64 61 -11 16 45 38

0 3 87 54 -8 1 6 2

0 51 68 44 -6 17 27 18

0 3 66 0 -7 32 33 7

0 20 36 89 -17 2 6 3

0 25 50 10 -18 3 6 3

0 52 53 30 -2 35 36 30

0 39 61 88 -14 3 16 7

0 79 83 30 -19 20 26 40

0 0 50 18 -1 27 29 3

0 24 50 93 -14 12 35 16

0 65 71 92 -18 0 9 48

0 59 81 52 -2 7 9 34

0 55 67 21 -4 21 24 20

0 21 58 56 -14 20 34 25

0 18 43 60 -1 29 33 35

0 10 56 48 -9 1 7 25

0 11 42 55 -8 18 42 26

0 21 96 85 -12 3 8 30

0 22 64 56 -15 0 44 3

0 43 54 53 -10 5 39 15

0 21 60 43 -7 12 22 34

0 21 22 18 -11 25 33 12

0 39 60 42 -20 8 19 34

0 0 2 51 -15 1 3 15

0 47 51 88 -9 36 40 34

0 31 66 76 -20 35 46 35

0 27 38 61 -3 3 27 35

0 42 78 89 -3 13 14 8

0 8 59 7 -6 2 8 46

0 12 48 75 -11 3 24 26

0 71 89 23 -13 19 21 1

0 49 55 66 -2 20 29 17

0 34 54 62 -3 0 37 2

0 0 24 33 -16 11 13 24

0 6 76 87 -10 0 29 47

0 3 34 40 -7 23 43 5

0 13 14 62 -7 14 30 20

0 31 92 12 -19 16 31 45

0 37 40 50 -6 38 49 47

0 25 69 30 -5 21 29 2

0 29 34 14 -10 39 42 36

0 8 13 61 -11 20 28 39

0 0 10 42 -6 11 30 49

0 15 25 34 -12 17 35 49

0 35 88 76 -15 6 47 31

0 12 14 94 -2 7 34 35

0 16 90 72 -14 9 11 44

0 24 41 64 -12 16 19 48

0 4 8 99 -14 12 23 14

0 10 36 62 -9 1 13 44

0 4 29 94 -5 7 36 24

0 44 50 63 -1 0 6 33

0 75 84 41 -2 40 48 16

0 1 2 29 -4 4 8 14

0 9 24 81 -14 28 45 31

0 3 85 69 -13 5 27 12

0 0 13 7 -19 1 41 37

0 1 8 86 -19 1 25 39

0 9 20 72 -15 2 21 45

0 5 6 26 -12 18 36 10

0 0 10 18 -17 9 13 43

0 9 29 95 -13 6 42 36

0 3 7 41 -6 28 43 20

0 2 6 62 -14 1 6 31

0 1 5 78 -18 9 14 38

0 11 26 32 -17 28 46 39

0 2 8 12 -11 17 28 12

0 0 1 74 -11 30 40 39

0 16 27 37 -18 3 16 48

0 0 7 45 -8 15 42 21

0 0 4 69 -6 0 8 31

0 2 12 5 -1 13 29 31

0 10 22 0 -7 27 34 49

0 3 10 29 -11 0 22 33


SAlphaB: 751.0, std-dev 293.0963740733575

Earliest win: 37
Latest win: 81

WinDepth:
0 0 0 0 0 0 0 0 0 0 0 0 0 0 0 0 0 0 0 0 0 0 0 0 0 0 0 0 0 0 0 0 0 0 0 0 0 19 0 19 3 13 2 24 3 20 19 18 32 53 85 171 80 110 104 184 127 197 180 170 145 230 255 287 325 346 397 427 462 398 466 429 416 379 407 422 262 254 189 147 104 74 
SAlphaB:
0 0 0 0 0 0 0 0 0 0 0 0 0 0 0 0 0 0 0 0 0 0 0 0 0 0 0 0 0 0 0 0 0 0 0 0 0 19 0 19 3 13 2 24 3 20 19 18 32 53 85 171 80 110 104 184 127 197 180 170 145 230 255 287 325 346 397 427 462 398 466 429 416 379 407 422 262 254 189 147 104 74 

LossDepth:
SAlphaB:
0 0 0 0 0 0 0 0 0 0 0 0 0 0 0 0 0 0 0 0 0 0 0 0 0 0 0 0 0 0 0 0 0 0 0 0 0 19 0 19 3 13 2 24 3 20 19 18 32 53 85 171 80 110 104 184 127 197 180 170 145 230 255 287 325 346 397 427 462 398 466 429 416 379 407 422 262 254 189 147 104 74 

FirstWin:
0 0 0 0 0 0 0 0 0 0 0 0 0 0 0 0 0 0 0 0 0 0 0 0 0 0 0 0 0 0 0 0 0 0 0 0 0 19 0 19 0 13 0 24 0 20 0 18 0 53 0 171 0 110 0 184 0 197 0 170 0 230 0 287 0 346 0 427 0 398 0 429 0 379 0 422 0 254 0 147 0 74 
SAlphaB:
0 0 0 0 0 0 0 0 0 0 0 0 0 0 0 0 0 0 0 0 0 0 0 0 0 0 0 0 0 0 0 0 0 0 0 0 0 19 0 19 0 13 0 24 0 20 0 18 0 53 0 171 0 110 0 184 0 197 0 170 0 230 0 287 0 346 0 427 0 398 0 429 0 379 0 422 0 254 0 147 0 74 

SecondWin:
0 0 0 0 0 0 0 0 0 0 0 0 0 0 0 0 0 0 0 0 0 0 0 0 0 0 0 0 0 0 0 0 0 0 0 0 0 0 0 0 3 0 2 0 3 0 19 0 32 0 85 0 80 0 104 0 127 0 180 0 145 0 255 0 325 0 397 0 462 0 466 0 416 0 407 0 262 0 189 0 104 0 
SAlphaB:
0 0 0 0 0 0 0 0 0 0 0 0 0 0 0 0 0 0 0 0 0 0 0 0 0 0 0 0 0 0 0 0 0 0 0 0 0 0 0 0 3 0 2 0 3 0 19 0 32 0 85 0 80 0 104 0 127 0 180 0 145 0 255 0 325 0 397 0 462 0 466 0 416 0 407 0 262 0 189 0 104 0 
