0 48 97 29 -5 9 30 18

0 31 78 37 -3 7 12 11

0 32 85 96 -11 1 8 6

0 52 78 30 -8 2 6 3

0 61 93 18 -10 3 35 28

0 39 51 95 -14 21 38 7

0 8 61 15 -16 0 1 24

0 68 92 81 -1 8 40 15

0 21 84 79 -11 18 32 3

0 2 92 14 -10 13 38 21

0 81 94 86 -16 1 14 42

0 3 61 60 -3 0 1 6

0 18 67 20 -12 9 10 26

0 51 74 22 -12 9 34 42

0 79 87 18 -4 2 39 1

0 35 88 22 -16 1 5 32

0 38 88 99 -10 17 46 13

0 60 67 7 -6 3 23 8

0 19 63 88 -9 2 23 7

0 38 44 82 -14 11 17 6

0 21 43 83 -5 16 21 9

0 13 48 75 -7 13 20 3

0 86 96 36 -7 13 22 0

0 69 88 26 -12 18 36 32

0 25 73 38 -18 26 27 26

0 43 73 75 -6 21 24 31

0 47 66 58 -13 21 43 45

0 68 69 17 -17 2 38 10

0 63 83 89 -2 4 24 19

0 30 64 72 -15 15 44 32

0 16 77 80 -10 5 10 6

0 49 65 34 -1 2 8 33

0 82 94 48 -14 9 16 23

0 28 64 62 -19 15 37 0

0 3 27 45 -2 13 21 16

0 25 76 35 -10 10 39 9

0 8 87 57 -6 18 28 31

0 28 87 30 -18 2 7 47

0 39 56 83 -4 18 49 34

0 67 92 71 -2 27 47 9

0 25 59 68 -12 13 16 45

0 47 63 79 -7 1 14 25

0 10 14 68 -1 6 16 29

0 8 56 78 -5 14 36 14

0 38 42 53 -8 15 33 33

0 23 52 82 -17 18 35 30

0 25 76 88 -19 10 38 27

0 3 27 61 -19 38 48 44

0 65 90 33 -16 36 49 29

0 9 51 82 -8 16 17 30

0 23 37 70 -20 4 21 25

0 51 81 96 -18 20 35 41

0 33 76 11 -3 11 27 48

0 33 36 81 -13 19 29 46

0 44 56 70 -20 16 29 0

0 17 91 32 -20 9 10 15

0 32 65 61 -16 3 42 44

0 12 66 41 -1 15 28 11

0 42 43 21 -7 32 43 33

0 49 88 23 -3 0 1 31

0 55 86 58 -5 22 41 14

0 35 51 22 -16 4 5 22

0 56 77 18 -2 6 8 40

0 12 74 40 -15 44 45 10

0 5 73 78 -12 37 38 45

0 10 47 84 -19 9 18 46

0 19 46 58 -17 16 22 35

0 2 38 41 -17 17 19 27

0 12 44 47 -1 40 43 17

0 5 14 47 -2 0 3 39

0 26 35 65 -16 26 27 0

0 1 21 36 -17 26 28 38

0 43 48 28 -11 13 18 30

0 3 10 23 -1 3 24 27

0 17 31 16 -8 16 40 30

0 15 19 67 -13 1 3 35

0 39 65 21 -12 5 42 38

0 14 53 22 -11 20 40 43

0 16 81 58 -4 0 2 48

0 8 57 9 -16 26 47 48

0 29 59 7 -6 0 8 32

0 36 37 54 -17 24 48 26

0 2 6 30 -19 24 41 19

0 9 59 40 -7 7 44 40

0 2 30 7 -9 4 12 39

0 1 8 71 -9 24 42 20

0 2 4 49 -8 3 7 5

0 3 13 99 -19 5 28 2

0 7 62 3 -8 1 13 33

0 5 9 29 -1 2 15 15

0 7 15 38 -10 0 1 35

0 7 24 41 -12 29 46 20

0 0 1 5 -20 9 34 30

0 6 13 9 -7 13 32 18

0 14 24 38 -18 2 47 1

0 4 6 62 -11 3 8 46

0 1 11 57 -12 4 48 26

0 0 8 57 -20 14 15 46

0 7 22 2 -12 11 20 47

0 0 2 45 -13 1 2 30


SAlphaB: 776.0, std-dev 288.01268823761666

Earliest win: 37
Latest win: 81

WinDepth:
0 0 0 0 0 0 0 0 0 0 0 0 0 0 0 0 0 0 0 0 0 0 0 0 0 0 0 0 0 0 0 0 0 0 0 0 0 1 0 2 0 9 1 8 5 24 8 48 24 95 63 199 39 134 86 170 129 202 140 203 178 201 214 324 314 361 358 430 463 453 418 423 442 391 415 382 280 232 166 122 94 71 
SAlphaB:
0 0 0 0 0 0 0 0 0 0 0 0 0 0 0 0 0 0 0 0 0 0 0 0 0 0 0 0 0 0 0 0 0 0 0 0 0 1 0 2 0 9 1 8 5 24 8 48 24 95 63 199 39 134 86 170 129 202 140 203 178 201 214 324 314 361 358 430 463 453 418 423 442 391 415 382 280 232 166 122 94 71 

LossDepth:
SAlphaB:
0 0 0 0 0 0 0 0 0 0 0 0 0 0 0 0 0 0 0 0 0 0 0 0 0 0 0 0 0 0 0 0 0 0 0 0 0 1 0 2 0 9 1 8 5 24 8 48 24 95 63 199 39 134 86 170 129 202 140 203 178 201 214 324 314 361 358 430 463 453 418 423 442 391 415 382 280 232 166 122 94 71 

FirstWin:
0 0 0 0 0 0 0 0 0 0 0 0 0 0 0 0 0 0 0 0 0 0 0 0 0 0 0 0 0 0 0 0 0 0 0 0 0 1 0 2 0 9 0 8 0 24 0 48 0 95 0 199 0 134 0 170 0 202 0 203 0 201 0 324 0 361 0 430 0 453 0 423 0 391 0 382 0 232 0 122 0 71 
SAlphaB:
0 0 0 0 0 0 0 0 0 0 0 0 0 0 0 0 0 0 0 0 0 0 0 0 0 0 0 0 0 0 0 0 0 0 0 0 0 1 0 2 0 9 0 8 0 24 0 48 0 95 0 199 0 134 0 170 0 202 0 203 0 201 0 324 0 361 0 430 0 453 0 423 0 391 0 382 0 232 0 122 0 71 

SecondWin:
0 0 0 0 0 0 0 0 0 0 0 0 0 0 0 0 0 0 0 0 0 0 0 0 0 0 0 0 0 0 0 0 0 0 0 0 0 0 0 0 0 0 1 0 5 0 8 0 24 0 63 0 39 0 86 0 129 0 140 0 178 0 214 0 314 0 358 0 463 0 418 0 442 0 415 0 280 0 166 0 94 0 
SAlphaB:
0 0 0 0 0 0 0 0 0 0 0 0 0 0 0 0 0 0 0 0 0 0 0 0 0 0 0 0 0 0 0 0 0 0 0 0 0 0 0 0 0 0 1 0 5 0 8 0 24 0 63 0 39 0 86 0 129 0 140 0 178 0 214 0 314 0 358 0 463 0 418 0 442 0 415 0 280 0 166 0 94 0 
