0 26 93 46 -20 0 2 44

0 8 63 77 -13 19 25 18

0 40 46 46 -10 7 8 6

0 19 63 43 -17 2 5 31

0 64 99 40 -19 12 13 2

0 78 99 73 -3 24 43 18

0 26 58 90 -19 12 13 12

0 58 67 52 -17 13 32 7

0 30 52 43 -16 8 11 12

0 30 70 75 -19 16 40 11

0 48 55 80 -11 2 7 22

0 31 52 94 -18 3 18 24

0 95 98 54 -16 22 48 35

0 65 77 73 -18 17 20 15

0 73 88 72 -3 10 21 8

0 91 98 36 -7 10 21 4

0 23 85 72 -16 11 27 22

0 6 95 89 -3 2 3 26

0 26 68 44 -20 3 27 24

0 59 96 8 -18 0 1 6

0 44 71 37 -8 8 49 13

0 48 60 81 -16 10 28 41

0 71 90 26 -15 2 4 18

0 84 90 27 -19 20 29 13

0 65 86 57 -8 6 8 43

0 55 70 65 -18 0 1 4

0 13 42 6 -15 9 22 21

0 25 40 6 -7 0 16 30

0 30 41 81 -7 23 24 33

0 81 98 52 -9 3 5 21

0 44 91 23 -9 0 3 22

0 39 75 86 -19 41 47 21

0 41 75 14 -10 15 21 23

0 9 46 25 -13 26 42 26

0 61 85 28 -1 6 8 35

0 56 93 26 -8 7 9 30

0 23 39 98 -13 8 13 18

0 4 76 87 -4 4 36 25

0 38 96 53 -7 0 17 41

0 60 68 82 -5 28 32 26

0 11 23 90 -3 13 23 34

0 52 55 56 -16 36 38 36

0 21 37 98 -12 8 28 18

0 0 79 94 -16 45 48 27

0 56 95 80 -11 38 41 3

0 24 35 62 -19 16 27 18

0 12 67 99 -3 32 35 44

0 11 34 55 -5 11 33 47

0 9 55 94 -5 20 44 8

0 29 95 53 -12 37 42 19

0 4 69 43 -1 0 1 23

0 37 76 83 -12 44 48 35

0 29 93 83 -13 7 36 12

0 58 67 36 -12 2 14 30

0 40 74 91 -14 40 43 11

0 34 85 99 -17 25 34 45

0 1 26 94 -14 9 20 25

0 5 65 50 -12 19 38 42

0 12 19 19 -1 0 22 2

0 39 43 41 -20 15 23 19

0 19 26 67 -7 7 11 13

0 12 16 74 -9 26 44 18

0 63 91 25 -8 0 1 30

0 1 76 85 -10 2 7 46

0 73 75 62 -8 35 39 11

0 28 32 45 -16 22 33 36

0 1 14 15 -4 4 17 14

0 27 59 5 -15 17 26 22

0 13 20 89 -9 5 40 6

0 12 34 85 -9 39 40 33

0 21 27 67 -11 8 28 10

0 6 26 27 -18 5 31 23

0 1 8 35 -9 14 26 5

0 0 23 51 -5 6 11 28

0 4 15 52 -19 14 30 27

0 4 38 75 -3 0 9 7

0 9 15 82 -5 12 40 0

0 48 75 36 -18 19 20 6

0 9 17 62 -8 0 1 39

0 1 16 69 -19 8 37 33

0 8 32 68 -20 1 20 38

0 4 94 15 -15 23 40 29

0 10 18 97 -19 11 39 1

0 0 3 81 -1 11 21 35

0 0 4 67 -14 17 47 40

0 0 2 8 -18 26 27 39

0 2 7 2 -5 31 47 27

0 3 4 43 -1 23 31 12

0 4 14 48 -8 0 1 39

0 4 34 32 -4 2 10 27

0 11 40 9 -5 20 42 44

0 4 6 17 -17 3 35 19

0 9 26 46 -8 2 28 40

0 3 4 4 -13 2 25 29

0 0 10 23 -6 20 24 32

0 0 1 64 -12 12 22 3

0 3 7 34 -4 2 35 8

0 11 28 24 -15 19 21 48

0 10 17 76 -17 2 3 36

0 5 8 10 -18 1 5 40


SAlphaB: 755.0, std-dev 300.1623948512343

Earliest win: 38
Latest win: 81

WinDepth:
0 0 0 0 0 0 0 0 0 0 0 0 0 0 0 0 0 0 0 0 0 0 0 0 0 0 0 0 0 0 0 0 0 0 0 0 0 0 1 2 0 2 2 13 20 21 7 50 47 41 57 230 116 114 113 170 104 193 119 163 181 235 267 315 307 348 375 362 425 402 474 471 436 402 383 386 264 276 180 124 103 77 
SAlphaB:
0 0 0 0 0 0 0 0 0 0 0 0 0 0 0 0 0 0 0 0 0 0 0 0 0 0 0 0 0 0 0 0 0 0 0 0 0 0 1 2 0 2 2 13 20 21 7 50 47 41 57 230 116 114 113 170 104 193 119 163 181 235 267 315 307 348 375 362 425 402 474 471 436 402 383 386 264 276 180 124 103 77 

LossDepth:
SAlphaB:
0 0 0 0 0 0 0 0 0 0 0 0 0 0 0 0 0 0 0 0 0 0 0 0 0 0 0 0 0 0 0 0 0 0 0 0 0 0 1 2 0 2 2 13 20 21 7 50 47 41 57 230 116 114 113 170 104 193 119 163 181 235 267 315 307 348 375 362 425 402 474 471 436 402 383 386 264 276 180 124 103 77 

FirstWin:
0 0 0 0 0 0 0 0 0 0 0 0 0 0 0 0 0 0 0 0 0 0 0 0 0 0 0 0 0 0 0 0 0 0 0 0 0 0 0 2 0 2 0 13 0 21 0 50 0 41 0 230 0 114 0 170 0 193 0 163 0 235 0 315 0 348 0 362 0 402 0 471 0 402 0 386 0 276 0 124 0 77 
SAlphaB:
0 0 0 0 0 0 0 0 0 0 0 0 0 0 0 0 0 0 0 0 0 0 0 0 0 0 0 0 0 0 0 0 0 0 0 0 0 0 0 2 0 2 0 13 0 21 0 50 0 41 0 230 0 114 0 170 0 193 0 163 0 235 0 315 0 348 0 362 0 402 0 471 0 402 0 386 0 276 0 124 0 77 

SecondWin:
0 0 0 0 0 0 0 0 0 0 0 0 0 0 0 0 0 0 0 0 0 0 0 0 0 0 0 0 0 0 0 0 0 0 0 0 0 0 1 0 0 0 2 0 20 0 7 0 47 0 57 0 116 0 113 0 104 0 119 0 181 0 267 0 307 0 375 0 425 0 474 0 436 0 383 0 264 0 180 0 103 0 
SAlphaB:
0 0 0 0 0 0 0 0 0 0 0 0 0 0 0 0 0 0 0 0 0 0 0 0 0 0 0 0 0 0 0 0 0 0 0 0 0 0 1 0 0 0 2 0 20 0 7 0 47 0 57 0 116 0 113 0 104 0 119 0 181 0 267 0 307 0 375 0 425 0 474 0 436 0 383 0 264 0 180 0 103 0 
