0 53 61 64 -20 4 14 25

0 38 83 58 -19 1 2 15

0 26 95 75 -8 1 7 8

0 17 87 4 -9 1 4 15

0 41 82 2 -14 2 3 7

0 21 96 39 -3 5 12 0

0 18 56 87 -12 0 2 2

0 48 85 97 -11 8 26 13

0 20 84 71 -5 2 4 3

0 29 67 69 -8 4 12 14

0 28 53 5 -13 1 3 1

0 32 55 50 -4 8 13 15

0 38 87 65 -7 8 13 17

0 44 46 64 -8 6 11 18

0 40 86 37 -7 2 24 24

0 42 92 88 -8 4 12 19

0 34 38 82 -11 0 7 9

0 58 95 92 -14 1 22 17

0 50 57 89 -18 6 7 6

0 48 64 34 -1 5 33 24

0 46 74 67 -16 6 9 1

0 69 80 98 -14 1 19 32

0 57 96 50 -14 2 27 34

0 56 87 87 -14 3 23 30

0 36 97 77 -7 0 13 5

0 15 79 91 -1 0 8 10

0 31 82 15 -15 0 3 34

0 52 80 90 -8 0 5 3

0 68 87 64 -15 3 23 37

0 38 63 37 -14 1 5 3

0 48 62 32 -20 0 16 22

0 53 99 33 -2 20 40 23

0 21 87 35 -9 4 6 12

0 18 25 74 -3 6 14 16

0 32 41 17 -20 1 4 5

0 40 97 69 -7 0 12 24

0 17 92 42 -8 3 16 27

0 90 92 89 -16 8 28 36

0 72 95 75 -19 5 23 14

0 4 21 68 -3 2 4 1

0 62 87 73 -19 6 32 34

0 24 80 34 -2 3 17 32

0 30 46 14 -3 0 6 0

0 46 85 48 -14 8 26 1

0 29 65 75 -18 13 35 18

0 82 94 8 -6 10 25 9

0 19 46 84 -16 0 1 26

0 47 70 81 -9 1 8 28

0 59 64 66 -11 1 3 2

0 33 98 61 -8 9 14 8

0 2 97 55 -8 0 4 5

0 58 93 55 -6 20 47 35

0 33 63 55 -15 1 27 21

0 72 89 38 -10 5 8 11

0 57 58 28 -16 1 7 19

0 20 51 48 -14 4 10 19

0 12 92 52 -17 7 22 2

0 44 87 30 -16 11 20 1

0 65 66 80 -18 10 35 6

0 22 82 1 -8 7 25 17

0 54 56 33 -4 1 20 26

0 35 94 63 -13 3 27 5

0 19 86 21 -18 0 1 38

0 56 90 28 -17 24 26 19

0 53 61 23 -4 4 21 16

0 8 99 45 -19 2 7 9

0 11 66 95 -11 0 1 7

0 49 69 86 -16 1 4 6

0 26 35 88 -13 4 11 23

0 33 69 17 -6 1 3 14

0 64 90 64 -4 6 30 19

0 52 81 58 -4 12 13 49

0 1 34 70 -18 6 13 18

0 19 28 22 -8 13 16 11

0 28 79 5 -10 1 4 27

0 19 48 35 -11 4 7 1

0 65 79 72 -6 8 39 15

0 18 80 25 -7 1 2 27

0 30 97 9 -6 1 5 28

0 56 60 68 -7 6 38 2

0 29 84 84 -7 9 16 13

0 17 78 14 -14 0 13 40

0 18 38 43 -16 14 17 10

0 18 27 51 -16 0 1 22

0 26 61 23 -19 5 36 25

0 28 36 58 -18 3 9 9

0 76 79 96 -20 25 40 21

0 34 91 59 -1 3 29 21

0 59 96 37 -19 6 38 36

0 38 42 66 -1 29 43 13

0 24 29 44 -20 6 20 23

0 12 40 59 -7 4 8 15

0 28 56 59 -1 21 36 8

0 45 76 32 -19 11 38 3

0 45 80 28 -5 18 40 40

0 15 51 73 -9 4 14 35

0 13 36 83 -3 12 24 11

0 1 69 15 -19 5 16 8

0 3 87 98 -3 13 25 18

0 13 93 17 -6 3 5 38


SAlphaB: 746.0, std-dev 270.44786256067243

Earliest win: 36
Latest win: 81

WinDepth:
0 0 0 0 0 0 0 0 0 0 0 0 0 0 0 0 0 0 0 0 0 0 0 0 0 0 0 0 0 0 0 0 0 0 0 0 5 18 5 21 9 38 14 41 15 64 26 158 67 183 196 404 172 333 255 473 336 515 384 487 407 694 625 767 752 950 899 959 935 1002 999 949 882 891 913 756 620 468 385 272 200 164 
SAlphaB:
0 0 0 0 0 0 0 0 0 0 0 0 0 0 0 0 0 0 0 0 0 0 0 0 0 0 0 0 0 0 0 0 0 0 0 0 5 18 5 21 9 38 14 41 15 64 26 158 67 183 196 404 172 333 255 473 336 515 384 487 407 694 625 767 752 950 899 959 935 1002 999 949 882 891 913 756 620 468 385 272 200 164 

LossDepth:
SAlphaB:
0 0 0 0 0 0 0 0 0 0 0 0 0 0 0 0 0 0 0 0 0 0 0 0 0 0 0 0 0 0 0 0 0 0 0 0 3 9 4 16 8 20 12 30 8 39 21 58 37 96 145 154 102 183 165 245 199 310 226 322 267 485 389 631 509 688 662 765 672 813 764 843 693 727 692 696 492 415 318 236 195 155 

FirstWin:
0 0 0 0 0 0 0 0 0 0 0 0 0 0 0 0 0 0 0 0 0 0 0 0 0 0 0 0 0 0 0 0 0 0 0 0 0 18 0 21 0 38 0 41 0 64 0 158 0 183 0 404 0 333 0 473 0 515 0 487 0 694 0 767 0 950 0 959 0 1002 0 949 0 891 0 756 0 468 0 272 0 164 
SAlphaB:
0 0 0 0 0 0 0 0 0 0 0 0 0 0 0 0 0 0 0 0 0 0 0 0 0 0 0 0 0 0 0 0 0 0 0 0 0 18 0 21 0 38 0 41 0 64 0 158 0 183 0 404 0 333 0 473 0 515 0 487 0 694 0 767 0 950 0 959 0 1002 0 949 0 891 0 756 0 468 0 272 0 164 

SecondWin:
0 0 0 0 0 0 0 0 0 0 0 0 0 0 0 0 0 0 0 0 0 0 0 0 0 0 0 0 0 0 0 0 0 0 0 0 5 0 5 0 9 0 14 0 15 0 26 0 67 0 196 0 172 0 255 0 336 0 384 0 407 0 625 0 752 0 899 0 935 0 999 0 882 0 913 0 620 0 385 0 200 0 
SAlphaB:
0 0 0 0 0 0 0 0 0 0 0 0 0 0 0 0 0 0 0 0 0 0 0 0 0 0 0 0 0 0 0 0 0 0 0 0 5 0 5 0 9 0 14 0 15 0 26 0 67 0 196 0 172 0 255 0 336 0 384 0 407 0 625 0 752 0 899 0 935 0 999 0 882 0 913 0 620 0 385 0 200 0 
