0 17 87 4 -9 1 4 15

0 44 46 64 -8 6 11 18

0 15 79 91 -1 0 8 10

0 41 82 2 -14 2 3 7

0 3 87 98 -3 13 25 18

0 1 69 15 -19 5 16 8

0 72 95 75 -19 5 23 14

0 19 48 35 -11 4 7 1

0 90 92 89 -16 8 28 36

0 47 70 81 -9 1 8 28

0 58 71 46 -12 6 20 22

0 36 49 79 -12 3 23 20

0 25 68 98 -5 0 12 18

0 60 86 62 -18 2 3 16

0 66 70 30 -10 9 27 34

0 14 80 73 -3 0 16 25

0 44 89 92 -2 3 9 22

0 18 96 78 -17 5 19 39

0 65 98 97 -5 1 18 26

0 23 44 62 -10 7 24 31

0 36 71 79 -8 16 42 32

0 25 26 22 -9 1 9 13

0 55 64 30 -18 4 22 24

0 39 72 51 -20 11 16 18

0 27 99 48 -15 14 16 28

0 38 92 85 -1 1 5 2

0 81 91 78 -8 16 17 22

0 29 57 31 -8 7 9 14

0 14 80 65 -8 6 21 35

0 57 74 56 -12 16 18 38

0 8 43 42 -17 11 14 6

0 0 51 47 -2 35 39 11

0 30 97 6 -17 13 20 30

0 1 74 17 -14 10 44 12

0 4 82 64 -7 19 35 4

0 32 85 69 -15 24 47 17

0 31 38 95 -8 2 16 40

0 43 44 13 -17 6 11 34

0 29 30 10 -16 6 21 18

0 4 52 1 -1 36 42 4

0 71 75 7 -8 0 31 17

0 49 52 14 -10 15 20 29

0 24 57 53 -15 17 32 12

0 37 40 37 -9 24 25 32

0 49 85 0 -19 21 42 25

0 19 84 33 -14 4 35 23

0 24 44 91 -5 0 7 24

0 21 28 11 -7 11 14 24

0 7 64 51 -7 2 5 43

0 32 58 14 -19 5 16 21

0 2 43 2 -20 5 9 13

0 32 97 21 -2 24 48 7

0 23 64 54 -12 1 25 21

0 58 71 52 -15 13 16 34

0 13 83 5 -2 0 9 48

0 33 34 2 -6 13 23 37

0 9 57 52 -11 25 35 2

0 11 78 94 -15 1 11 45

0 2 6 74 -12 2 5 14

0 8 36 79 -15 2 3 24

0 40 55 91 -1 8 9 35

0 0 87 10 -16 1 5 13

0 14 54 63 -4 17 39 39

0 23 25 86 -13 14 42 41

0 37 89 44 -18 25 28 5

0 14 16 8 -1 27 30 14

0 20 39 82 -4 24 29 33

0 14 23 14 -10 13 32 26

0 22 86 42 -15 33 34 22

0 12 44 33 -15 31 33 13

0 12 45 93 -10 32 38 43

0 34 39 63 -2 3 18 42

0 3 4 87 -13 4 21 9

0 59 80 5 -16 27 48 48

0 16 33 36 -6 45 46 45

0 2 65 92 -8 18 29 21

0 6 59 70 -19 17 49 16

0 4 29 21 -15 4 47 12

0 5 63 7 -13 16 48 4

0 2 38 36 -9 0 1 23

0 19 78 79 -16 16 21 49

0 13 50 18 -2 27 37 38

0 20 74 53 -15 15 18 40

0 7 14 59 -4 5 7 46

0 12 71 92 -17 3 35 48

0 1 13 32 -6 16 34 13

0 5 6 89 -2 13 17 33

0 2 22 8 -13 12 41 44

0 2 4 18 -8 7 26 10

0 28 33 74 -8 2 4 47

0 0 2 44 -7 20 39 11

0 21 33 52 -15 25 45 40

0 4 6 72 -9 0 1 39

0 1 27 23 -9 3 7 46

0 27 32 81 -16 32 42 12

0 4 85 19 -17 33 37 21

0 4 23 75 -1 21 47 9

0 0 1 89 -8 12 29 43

0 12 14 83 -10 0 29 45

0 3 5 53 -11 43 48 23


SAlphaB: 707.0, std-dev 264.0924807408162

Earliest win: 37
Latest win: 81

WinDepth:
0 0 0 0 0 0 0 0 0 0 0 0 0 0 0 0 0 0 0 0 0 0 0 0 0 0 0 0 0 0 0 0 0 0 0 0 0 2 0 5 0 6 1 26 4 12 8 32 36 63 50 162 129 120 115 185 131 175 142 188 138 269 202 357 294 348 381 416 496 499 464 425 436 384 387 336 255 226 194 151 86 70 
SAlphaB:
0 0 0 0 0 0 0 0 0 0 0 0 0 0 0 0 0 0 0 0 0 0 0 0 0 0 0 0 0 0 0 0 0 0 0 0 0 2 0 5 0 6 1 26 4 12 8 32 36 63 50 162 129 120 115 185 131 175 142 188 138 269 202 357 294 348 381 416 496 499 464 425 436 384 387 336 255 226 194 151 86 70 

LossDepth:
SAlphaB:
0 0 0 0 0 0 0 0 0 0 0 0 0 0 0 0 0 0 0 0 0 0 0 0 0 0 0 0 0 0 0 0 0 0 0 0 0 2 0 5 0 6 1 26 4 12 8 32 36 63 50 162 129 120 115 185 131 175 142 188 138 269 202 357 294 348 381 416 496 499 464 425 436 384 387 336 255 226 194 151 86 70 

FirstWin:
0 0 0 0 0 0 0 0 0 0 0 0 0 0 0 0 0 0 0 0 0 0 0 0 0 0 0 0 0 0 0 0 0 0 0 0 0 2 0 5 0 6 0 26 0 12 0 32 0 63 0 162 0 120 0 185 0 175 0 188 0 269 0 357 0 348 0 416 0 499 0 425 0 384 0 336 0 226 0 151 0 70 
SAlphaB:
0 0 0 0 0 0 0 0 0 0 0 0 0 0 0 0 0 0 0 0 0 0 0 0 0 0 0 0 0 0 0 0 0 0 0 0 0 2 0 5 0 6 0 26 0 12 0 32 0 63 0 162 0 120 0 185 0 175 0 188 0 269 0 357 0 348 0 416 0 499 0 425 0 384 0 336 0 226 0 151 0 70 

SecondWin:
0 0 0 0 0 0 0 0 0 0 0 0 0 0 0 0 0 0 0 0 0 0 0 0 0 0 0 0 0 0 0 0 0 0 0 0 0 0 0 0 0 0 1 0 4 0 8 0 36 0 50 0 129 0 115 0 131 0 142 0 138 0 202 0 294 0 381 0 496 0 464 0 436 0 387 0 255 0 194 0 86 0 
SAlphaB:
0 0 0 0 0 0 0 0 0 0 0 0 0 0 0 0 0 0 0 0 0 0 0 0 0 0 0 0 0 0 0 0 0 0 0 0 0 0 0 0 0 0 1 0 4 0 8 0 36 0 50 0 129 0 115 0 131 0 142 0 138 0 202 0 294 0 381 0 496 0 464 0 436 0 387 0 255 0 194 0 86 0 
