0 38 87 65 -7 8 13 17

0 52 80 90 -8 0 5 3

0 48 85 97 -11 8 26 13

0 40 86 37 -7 2 24 24

0 36 97 77 -7 0 13 5

0 4 21 68 -3 2 4 1

0 24 80 34 -2 3 17 32

0 21 87 35 -9 4 6 12

0 29 65 75 -18 13 35 18

0 76 79 96 -20 25 40 21

0 52 56 43 -19 29 44 5

0 44 69 41 -12 7 31 8

0 64 88 5 -14 4 23 12

0 39 58 32 -11 2 13 3

0 54 74 17 -15 2 7 23

0 8 88 87 -18 3 11 16

0 66 75 41 -17 23 27 9

0 45 81 92 -20 14 20 43

0 15 26 68 -10 6 16 34

0 14 80 64 -3 8 9 37

0 1 49 50 -14 12 20 34

0 57 75 69 -13 12 16 28

0 34 72 84 -4 0 1 9

0 43 73 15 -15 18 36 34

0 12 50 6 -6 3 11 12

0 29 70 30 -15 6 12 49

0 8 26 53 -9 12 21 9

0 76 81 14 -16 11 12 9

0 55 70 66 -5 1 3 30

0 16 62 83 -16 2 7 35

0 34 73 99 -2 28 39 3

0 18 20 92 -5 9 18 23

0 13 51 20 -5 0 1 32

0 29 31 55 -11 16 34 34

0 82 83 84 -1 20 29 29

0 1 59 8 -20 10 20 35

0 37 51 81 -18 6 37 40

0 35 56 87 -7 3 34 3

0 20 39 47 -1 2 6 44

0 26 93 20 -18 1 21 4

0 12 54 37 -7 21 43 33

0 26 63 81 -14 14 45 19

0 8 46 19 -3 9 39 10

0 56 72 33 -14 32 34 23

0 63 74 55 -7 32 43 32

0 37 45 61 -9 15 24 5

0 3 18 84 -15 10 47 11

0 16 39 47 -7 1 20 22

0 6 29 84 -16 17 43 37

0 28 44 46 -16 29 35 39

0 20 24 21 -18 16 17 16

0 34 72 69 -5 31 35 15

0 4 6 56 -13 20 46 5

0 31 89 33 -20 20 26 14

0 48 74 42 -18 46 47 12

0 16 27 1 -3 31 37 3

0 13 84 81 -2 38 46 7

0 14 51 14 -5 5 16 48

0 34 35 88 -20 22 48 32

0 27 33 85 -11 0 21 6

0 51 53 35 -12 25 26 21

0 11 15 71 -12 15 24 13

0 67 69 94 -15 32 49 30

0 6 26 98 -10 43 46 25

0 14 90 5 -9 20 33 32

0 33 38 81 -13 18 26 44

0 1 50 52 -7 0 5 16

0 13 24 25 -8 7 11 13

0 0 72 99 -18 7 10 47

0 6 98 61 -13 0 4 25

0 17 62 95 -1 21 28 6

0 1 35 70 -12 11 16 47

0 7 12 41 -10 39 43 34

0 12 34 17 -3 9 29 41

0 3 57 89 -12 17 46 21

0 12 32 2 -14 1 7 33

0 16 18 56 -11 12 36 22

0 23 41 23 -13 3 22 36

0 3 23 47 -16 25 29 48

0 7 96 30 -4 22 24 47

0 0 9 94 -11 0 3 36

0 2 21 91 -9 12 41 11

0 1 30 30 -13 23 35 39

0 2 6 63 -11 2 3 1

0 2 76 89 -11 2 14 43

0 0 2 8 -17 3 4 14

0 31 40 37 -10 4 46 43

0 18 22 83 -11 3 8 49

0 7 53 98 -16 2 12 40

0 3 7 33 -2 13 32 19

0 18 28 96 -11 5 36 33

0 29 83 23 -12 22 43 38

0 4 10 48 -3 21 38 46

0 3 33 21 -12 31 32 46

0 10 15 1 -3 0 1 45

0 9 12 22 -18 3 4 38

0 4 24 18 -2 5 15 41

0 15 21 59 -12 32 44 14

0 9 29 1 -11 7 8 41

0 5 8 23 -17 11 17 37


SAlphaB: 714.0, std-dev 279.7448696056946

Earliest win: 36
Latest win: 81

WinDepth:
0 0 0 0 0 0 0 0 0 0 0 0 0 0 0 0 0 0 0 0 0 0 0 0 0 0 0 0 0 0 0 0 0 0 0 0 1 4 0 3 13 3 1 14 14 14 12 76 26 66 75 184 88 136 108 150 127 185 160 166 143 209 230 313 297 353 456 372 428 391 486 449 414 399 410 368 271 226 174 143 106 65 
SAlphaB:
0 0 0 0 0 0 0 0 0 0 0 0 0 0 0 0 0 0 0 0 0 0 0 0 0 0 0 0 0 0 0 0 0 0 0 0 1 4 0 3 13 3 1 14 14 14 12 76 26 66 75 184 88 136 108 150 127 185 160 166 143 209 230 313 297 353 456 372 428 391 486 449 414 399 410 368 271 226 174 143 106 65 

LossDepth:
SAlphaB:
0 0 0 0 0 0 0 0 0 0 0 0 0 0 0 0 0 0 0 0 0 0 0 0 0 0 0 0 0 0 0 0 0 0 0 0 1 4 0 3 13 3 1 14 14 14 12 76 26 66 75 184 88 136 108 150 127 185 160 166 143 209 230 313 297 353 456 372 428 391 486 449 414 399 410 368 271 226 174 143 106 65 

FirstWin:
0 0 0 0 0 0 0 0 0 0 0 0 0 0 0 0 0 0 0 0 0 0 0 0 0 0 0 0 0 0 0 0 0 0 0 0 0 4 0 3 0 3 0 14 0 14 0 76 0 66 0 184 0 136 0 150 0 185 0 166 0 209 0 313 0 353 0 372 0 391 0 449 0 399 0 368 0 226 0 143 0 65 
SAlphaB:
0 0 0 0 0 0 0 0 0 0 0 0 0 0 0 0 0 0 0 0 0 0 0 0 0 0 0 0 0 0 0 0 0 0 0 0 0 4 0 3 0 3 0 14 0 14 0 76 0 66 0 184 0 136 0 150 0 185 0 166 0 209 0 313 0 353 0 372 0 391 0 449 0 399 0 368 0 226 0 143 0 65 

SecondWin:
0 0 0 0 0 0 0 0 0 0 0 0 0 0 0 0 0 0 0 0 0 0 0 0 0 0 0 0 0 0 0 0 0 0 0 0 1 0 0 0 13 0 1 0 14 0 12 0 26 0 75 0 88 0 108 0 127 0 160 0 143 0 230 0 297 0 456 0 428 0 486 0 414 0 410 0 271 0 174 0 106 0 
SAlphaB:
0 0 0 0 0 0 0 0 0 0 0 0 0 0 0 0 0 0 0 0 0 0 0 0 0 0 0 0 0 0 0 0 0 0 0 0 1 0 0 0 13 0 1 0 14 0 12 0 26 0 75 0 88 0 108 0 127 0 160 0 143 0 230 0 297 0 456 0 428 0 486 0 414 0 410 0 271 0 174 0 106 0 
