0 69 80 98 -14 1 19 32

0 30 46 14 -3 0 6 0

0 68 87 64 -15 3 23 37

0 44 87 30 -16 11 20 1

0 32 55 50 -4 8 13 15

0 28 36 58 -18 3 9 9

0 54 56 33 -4 1 20 26

0 30 97 9 -6 1 5 28

0 34 38 82 -11 0 7 9

0 13 36 83 -3 12 24 11

0 37 90 1 -3 8 9 42

0 36 96 5 -7 19 38 10

0 66 70 61 -12 6 37 40

0 44 65 28 -2 7 18 25

0 34 71 60 -11 13 30 23

0 64 85 40 -1 12 29 7

0 67 78 60 -14 2 41 29

0 8 70 48 -1 23 47 10

0 18 49 37 -1 3 8 39

0 31 53 18 -6 2 3 48

0 48 64 42 -1 0 5 11

0 54 76 92 -17 11 17 0

0 42 79 9 -4 22 48 13

0 6 81 94 -20 27 29 36

0 25 95 17 -2 4 6 40

0 45 97 37 -8 0 2 32

0 56 94 11 -11 0 38 12

0 26 98 22 -10 14 15 32

0 15 82 93 -17 12 37 35

0 22 69 40 -17 22 48 34

0 64 87 95 -12 5 9 40

0 41 54 76 -10 4 38 20

0 40 75 85 -15 9 13 40

0 45 53 96 -6 14 15 23

0 8 73 11 -6 1 2 8

0 59 83 50 -14 5 29 48

0 29 35 42 -12 3 26 8

0 91 95 32 -8 17 24 47

0 14 32 50 -14 2 16 18

0 24 31 58 -4 11 35 34

0 43 89 11 -11 23 36 8

0 23 27 21 -1 6 28 8

0 17 66 88 -16 23 33 33

0 19 45 59 -2 11 18 29

0 15 28 22 -1 8 11 22

0 27 58 94 -2 26 35 3

0 3 4 66 -17 0 1 10

0 42 94 3 -15 14 36 1

0 16 69 42 -1 6 22 28

0 14 79 83 -7 10 31 43

0 6 15 36 -16 11 29 28

0 27 91 39 -4 6 34 12

0 45 69 69 -13 40 41 11

0 14 53 82 -7 1 2 32

0 9 80 3 -20 15 21 31

0 16 59 11 -17 10 11 24

0 4 41 52 -7 2 43 1

0 14 33 90 -10 35 38 40

0 36 72 87 -16 19 22 46

0 20 29 33 -13 26 30 32

0 42 44 13 -1 9 36 1

0 80 93 49 -16 37 39 15

0 12 89 11 -20 24 34 35

0 14 24 63 -10 3 22 3

0 32 41 31 -19 9 30 12

0 21 99 17 -15 11 16 11

0 11 42 77 -2 6 13 9

0 76 87 50 -19 35 47 16

0 49 89 4 -4 34 39 22

0 4 17 91 -16 10 32 33

0 22 69 15 -5 25 31 1

0 3 27 43 -9 24 29 13

0 42 85 56 -6 20 23 6

0 11 79 12 -6 27 33 6

0 16 25 88 -10 6 11 43

0 20 58 56 -9 4 6 46

0 15 16 29 -10 5 46 23

0 7 10 77 -19 0 6 39

0 39 40 25 -5 0 1 46

0 8 27 80 -7 10 17 40

0 12 44 9 -3 18 48 12

0 31 32 15 -15 4 26 5

0 3 4 93 -5 9 14 5

0 4 46 48 -6 7 8 45

0 35 37 49 -1 7 34 49

0 3 4 86 -12 1 16 17

0 19 34 79 -14 45 48 21

0 2 3 99 -17 6 21 49

0 17 39 21 -6 20 32 33

0 1 6 38 -7 2 8 12

0 0 2 16 -8 0 2 17

0 5 8 6 -14 21 26 40

0 5 24 14 -6 8 34 7

0 5 20 17 -18 3 47 44

0 3 11 75 -4 10 44 46

0 5 7 90 -7 23 32 48

0 11 18 66 -6 10 41 0

0 5 10 36 -7 5 14 34

0 0 21 28 -12 23 27 0

0 5 23 5 -13 43 44 41


SAlphaB: 740.0, std-dev 297.21644937280604

Earliest win: 37
Latest win: 81

WinDepth:
0 0 0 0 0 0 0 0 0 0 0 0 0 0 0 0 0 0 0 0 0 0 0 0 0 0 0 0 0 0 0 0 0 0 0 0 0 7 2 9 14 17 6 19 20 23 14 40 16 73 89 180 115 138 81 168 123 181 139 173 183 251 213 379 297 374 383 390 448 395 437 516 414 390 391 394 253 234 213 149 106 69 
SAlphaB:
0 0 0 0 0 0 0 0 0 0 0 0 0 0 0 0 0 0 0 0 0 0 0 0 0 0 0 0 0 0 0 0 0 0 0 0 0 7 2 9 14 17 6 19 20 23 14 40 16 73 89 180 115 138 81 168 123 181 139 173 183 251 213 379 297 374 383 390 448 395 437 516 414 390 391 394 253 234 213 149 106 69 

LossDepth:
SAlphaB:
0 0 0 0 0 0 0 0 0 0 0 0 0 0 0 0 0 0 0 0 0 0 0 0 0 0 0 0 0 0 0 0 0 0 0 0 0 7 2 9 14 17 6 19 20 23 14 40 16 73 89 180 115 138 81 168 123 181 139 173 183 251 213 379 297 374 383 390 448 395 437 516 414 390 391 394 253 234 213 149 106 69 

FirstWin:
0 0 0 0 0 0 0 0 0 0 0 0 0 0 0 0 0 0 0 0 0 0 0 0 0 0 0 0 0 0 0 0 0 0 0 0 0 7 0 9 0 17 0 19 0 23 0 40 0 73 0 180 0 138 0 168 0 181 0 173 0 251 0 379 0 374 0 390 0 395 0 516 0 390 0 394 0 234 0 149 0 69 
SAlphaB:
0 0 0 0 0 0 0 0 0 0 0 0 0 0 0 0 0 0 0 0 0 0 0 0 0 0 0 0 0 0 0 0 0 0 0 0 0 7 0 9 0 17 0 19 0 23 0 40 0 73 0 180 0 138 0 168 0 181 0 173 0 251 0 379 0 374 0 390 0 395 0 516 0 390 0 394 0 234 0 149 0 69 

SecondWin:
0 0 0 0 0 0 0 0 0 0 0 0 0 0 0 0 0 0 0 0 0 0 0 0 0 0 0 0 0 0 0 0 0 0 0 0 0 0 2 0 14 0 6 0 20 0 14 0 16 0 89 0 115 0 81 0 123 0 139 0 183 0 213 0 297 0 383 0 448 0 437 0 414 0 391 0 253 0 213 0 106 0 
SAlphaB:
0 0 0 0 0 0 0 0 0 0 0 0 0 0 0 0 0 0 0 0 0 0 0 0 0 0 0 0 0 0 0 0 0 0 0 0 0 0 2 0 14 0 6 0 20 0 14 0 16 0 89 0 115 0 81 0 123 0 139 0 183 0 213 0 297 0 383 0 448 0 437 0 414 0 391 0 253 0 213 0 106 0 
