0 34 91 59 -1 3 29 21

0 18 27 51 -16 0 1 22

0 11 66 95 -11 0 1 7

0 56 87 87 -14 3 23 30

0 50 57 89 -18 6 7 6

0 12 92 52 -17 7 22 2

0 20 84 71 -5 2 4 3

0 59 96 37 -19 6 38 36

0 40 97 69 -7 0 12 24

0 24 29 44 -20 6 20 23

0 15 97 50 -17 0 1 27

0 4 85 74 -16 11 22 17

0 7 83 11 -2 2 12 12

0 80 87 44 -12 18 24 21

0 37 68 38 -12 3 27 46

0 45 59 98 -6 8 11 6

0 3 76 54 -19 24 48 6

0 38 80 12 -15 12 44 11

0 20 23 64 -18 12 25 0

0 54 57 2 -14 16 29 28

0 30 55 24 -12 0 23 5

0 31 58 75 -15 28 40 28

0 34 69 4 -12 2 5 0

0 69 99 47 -17 12 17 21

0 83 86 91 -16 14 29 45

0 33 52 66 -11 17 24 49

0 34 64 74 -1 14 19 1

0 73 82 40 -20 0 2 10

0 28 35 90 -9 18 24 13

0 41 43 89 -11 17 23 12

0 17 52 52 -6 20 32 33

0 36 67 79 -12 27 35 35

0 0 82 42 -7 47 49 4

0 63 92 41 -10 26 34 19

0 35 41 50 -10 19 24 13

0 31 59 53 -2 0 38 6

0 6 25 50 -9 28 33 30

0 9 37 92 -12 3 19 32

0 88 92 24 -3 1 3 10

0 19 88 40 -13 26 30 17

0 45 78 54 -10 17 25 24

0 34 85 88 -18 11 12 33

0 18 62 70 -4 7 27 46

0 74 95 78 -4 30 34 28

0 40 65 89 -11 9 10 48

0 84 86 44 -6 29 39 45

0 23 42 92 -10 16 33 27

0 21 98 54 -13 29 33 31

0 10 15 31 -12 31 38 15

0 10 22 84 -7 24 28 14

0 13 55 85 -16 4 22 37

0 9 43 27 -16 10 19 22

0 16 24 97 -16 10 31 18

0 34 65 84 -11 23 24 38

0 11 14 38 -13 1 6 25

0 12 15 43 -11 13 37 9

0 0 1 50 -18 8 14 28

0 9 52 15 -13 36 43 38

0 10 28 22 -1 0 26 7

0 45 84 87 -8 24 25 8

0 28 86 93 -4 0 1 45

0 10 52 21 -16 8 20 20

0 9 92 17 -10 12 19 20

0 31 72 96 -4 0 44 35

0 3 22 58 -14 10 14 43

0 54 80 15 -6 26 36 34

0 2 50 12 -14 0 18 17

0 4 37 68 -14 6 24 26

0 1 7 60 -3 18 41 21

0 23 56 99 -10 20 22 46

0 8 13 31 -18 31 37 14

0 8 22 53 -16 8 48 31

0 0 19 15 -14 5 20 41

0 7 30 24 -17 6 18 29

0 12 28 36 -12 4 42 35

0 0 11 30 -6 11 30 19

0 2 42 42 -4 8 17 42

0 14 26 41 -18 6 37 11

0 94 96 33 -12 41 43 10

0 1 19 37 -12 32 47 4

0 6 26 90 -12 0 2 42

0 8 46 62 -5 10 22 31

0 9 66 32 -8 3 9 37

0 18 37 84 -7 7 30 5

0 4 9 63 -1 12 25 11

0 7 15 10 -8 4 33 3

0 2 4 35 -11 11 25 42

0 0 8 18 -9 20 33 21

0 7 9 43 -20 27 33 48

0 22 31 99 -17 23 34 4

0 3 6 5 -19 5 29 2

0 14 70 16 -20 9 13 0

0 5 8 57 -16 10 43 2

0 8 19 96 -15 1 10 44

0 5 16 49 -3 1 18 13

0 1 9 65 -4 3 29 20

0 2 31 83 -7 3 4 47

0 7 50 3 -20 6 15 49

0 1 4 62 -7 8 19 7

0 14 23 17 -13 24 25 48


SAlphaB: 685.0, std-dev 266.5818036369006

Earliest win: 37
Latest win: 81

WinDepth:
0 0 0 0 0 0 0 0 0 0 0 0 0 0 0 0 0 0 0 0 0 0 0 0 0 0 0 0 0 0 0 0 0 0 0 0 0 7 0 1 5 4 1 12 19 16 22 43 36 59 111 195 92 127 119 181 110 211 135 170 145 200 243 323 347 388 426 391 455 455 441 423 424 402 435 336 277 248 189 138 98 64 
SAlphaB:
0 0 0 0 0 0 0 0 0 0 0 0 0 0 0 0 0 0 0 0 0 0 0 0 0 0 0 0 0 0 0 0 0 0 0 0 0 7 0 1 5 4 1 12 19 16 22 43 36 59 111 195 92 127 119 181 110 211 135 170 145 200 243 323 347 388 426 391 455 455 441 423 424 402 435 336 277 248 189 138 98 64 

LossDepth:
SAlphaB:
0 0 0 0 0 0 0 0 0 0 0 0 0 0 0 0 0 0 0 0 0 0 0 0 0 0 0 0 0 0 0 0 0 0 0 0 0 7 0 1 5 4 1 12 19 16 22 43 36 59 111 195 92 127 119 181 110 211 135 170 145 200 243 323 347 388 426 391 455 455 441 423 424 402 435 336 277 248 189 138 98 64 

FirstWin:
0 0 0 0 0 0 0 0 0 0 0 0 0 0 0 0 0 0 0 0 0 0 0 0 0 0 0 0 0 0 0 0 0 0 0 0 0 7 0 1 0 4 0 12 0 16 0 43 0 59 0 195 0 127 0 181 0 211 0 170 0 200 0 323 0 388 0 391 0 455 0 423 0 402 0 336 0 248 0 138 0 64 
SAlphaB:
0 0 0 0 0 0 0 0 0 0 0 0 0 0 0 0 0 0 0 0 0 0 0 0 0 0 0 0 0 0 0 0 0 0 0 0 0 7 0 1 0 4 0 12 0 16 0 43 0 59 0 195 0 127 0 181 0 211 0 170 0 200 0 323 0 388 0 391 0 455 0 423 0 402 0 336 0 248 0 138 0 64 

SecondWin:
0 0 0 0 0 0 0 0 0 0 0 0 0 0 0 0 0 0 0 0 0 0 0 0 0 0 0 0 0 0 0 0 0 0 0 0 0 0 0 0 5 0 1 0 19 0 22 0 36 0 111 0 92 0 119 0 110 0 135 0 145 0 243 0 347 0 426 0 455 0 441 0 424 0 435 0 277 0 189 0 98 0 
SAlphaB:
0 0 0 0 0 0 0 0 0 0 0 0 0 0 0 0 0 0 0 0 0 0 0 0 0 0 0 0 0 0 0 0 0 0 0 0 0 0 0 0 5 0 1 0 19 0 22 0 36 0 111 0 92 0 119 0 110 0 135 0 145 0 243 0 347 0 426 0 455 0 441 0 424 0 435 0 277 0 189 0 98 0 
