0 38 63 37 -14 1 5 3

0 52 81 58 -4 12 13 49

0 32 41 17 -20 1 4 5

0 12 40 59 -7 4 8 15

0 45 76 32 -19 11 38 3

0 26 35 88 -13 4 11 23

0 18 38 43 -16 14 17 10

0 19 28 22 -8 13 16 11

0 72 89 38 -10 5 8 11

0 8 99 45 -19 2 7 9

0 10 52 32 -4 0 4 21

0 22 52 14 -18 3 4 25

0 70 99 40 -17 11 15 37

0 22 55 62 -15 6 18 41

0 41 90 40 -11 20 36 44

0 52 76 11 -7 13 15 40

0 27 58 15 -19 0 1 1

0 28 89 53 -2 2 10 33

0 93 98 54 -7 4 5 7

0 4 41 17 -9 6 20 20

0 51 71 94 -14 17 25 38

0 22 94 87 -4 12 27 22

0 36 68 76 -3 26 28 10

0 94 98 98 -20 3 6 32

0 23 32 89 -13 0 25 44

0 26 29 40 -2 11 41 16

0 2 10 66 -7 5 13 10

0 1 41 38 -3 0 3 8

0 28 78 55 -9 18 19 18

0 23 46 79 -15 3 19 47

0 12 29 76 -14 0 4 41

0 3 52 97 -20 29 34 24

0 6 9 41 -13 8 16 6

0 49 74 95 -1 27 29 14

0 62 79 20 -3 30 46 1

0 6 20 45 -17 28 29 31

0 8 57 39 -7 36 41 37

0 8 38 18 -8 0 2 47

0 45 95 14 -4 17 20 28

0 27 35 37 -8 26 34 28

0 13 19 67 -7 13 29 4

0 27 28 64 -16 18 44 0

0 8 38 41 -19 13 20 37

0 10 22 9 -9 10 17 25

0 11 12 8 -7 19 32 22

0 0 12 43 -2 0 5 10

0 11 42 94 -10 3 5 36

0 21 25 91 -7 4 6 32

0 16 23 84 -14 5 8 28

0 16 26 93 -7 7 43 15

0 11 37 66 -8 29 31 21

0 14 22 30 -10 4 22 15

0 18 22 88 -14 39 41 0

0 5 25 13 -13 22 27 11

0 16 82 48 -15 20 38 20

0 19 74 5 -7 14 17 48

0 55 61 2 -2 3 5 34

0 4 11 80 -6 14 15 16

0 55 94 82 -8 27 33 15

0 19 21 30 -17 1 2 32

0 56 66 44 -5 26 37 13

0 13 55 30 -2 16 27 20

0 11 19 67 -20 5 21 11

0 22 88 30 -8 29 46 3

0 26 28 68 -11 4 6 32

0 18 51 63 -2 7 34 42

0 0 28 15 -2 0 40 15

0 23 30 17 -4 20 30 39

0 0 1 21 -4 15 24 21

0 4 17 28 -16 5 12 5

0 0 35 9 -17 9 40 8

0 19 38 17 -6 17 34 28

0 10 36 13 -14 35 47 17

0 6 13 20 -17 25 43 22

0 12 22 83 -15 5 31 3

0 0 1 84 -6 24 41 35

0 31 67 88 -6 3 45 44

0 5 7 65 -3 32 48 27

0 57 70 2 -7 39 40 5

0 54 59 56 -9 24 37 18

0 2 16 18 -18 8 34 13

0 8 50 49 -3 30 42 46

0 1 10 62 -18 0 4 7

0 62 83 51 -9 35 43 27

0 3 18 97 -6 1 13 30

0 12 13 59 -3 21 48 31

0 8 73 39 -19 1 13 3

0 4 8 50 -14 31 39 12

0 8 10 0 -2 38 40 38

0 1 4 24 -12 5 29 7

0 8 10 55 -16 0 15 31

0 3 4 79 -2 14 36 3

0 2 8 89 -9 12 18 10

0 24 27 37 -5 6 37 48

0 7 8 34 -15 4 30 24

0 2 10 0 -13 21 27 30

0 4 59 57 -4 2 49 41

0 0 5 65 -3 9 14 16

0 5 14 53 -15 18 40 40

0 3 4 10 -17 8 37 34


SAlphaB: 683.0, std-dev 272.0514100256966

Earliest win: 37
Latest win: 81

WinDepth:
0 0 0 0 0 0 0 0 0 0 0 0 0 0 0 0 0 0 0 0 0 0 0 0 0 0 0 0 0 0 0 0 0 0 0 0 0 9 2 10 3 9 0 29 14 16 16 32 23 36 54 149 89 100 89 218 115 184 154 183 148 244 205 294 325 357 324 383 452 423 457 464 419 426 394 385 223 233 226 150 102 96 
SAlphaB:
0 0 0 0 0 0 0 0 0 0 0 0 0 0 0 0 0 0 0 0 0 0 0 0 0 0 0 0 0 0 0 0 0 0 0 0 0 9 2 10 3 9 0 29 14 16 16 32 23 36 54 149 89 100 89 218 115 184 154 183 148 244 205 294 325 357 324 383 452 423 457 464 419 426 394 385 223 233 226 150 102 96 

LossDepth:
SAlphaB:
0 0 0 0 0 0 0 0 0 0 0 0 0 0 0 0 0 0 0 0 0 0 0 0 0 0 0 0 0 0 0 0 0 0 0 0 0 9 2 10 3 9 0 29 14 16 16 32 23 36 54 149 89 100 89 218 115 184 154 183 148 244 205 294 325 357 324 383 452 423 457 464 419 426 394 385 223 233 226 150 102 96 

FirstWin:
0 0 0 0 0 0 0 0 0 0 0 0 0 0 0 0 0 0 0 0 0 0 0 0 0 0 0 0 0 0 0 0 0 0 0 0 0 9 0 10 0 9 0 29 0 16 0 32 0 36 0 149 0 100 0 218 0 184 0 183 0 244 0 294 0 357 0 383 0 423 0 464 0 426 0 385 0 233 0 150 0 96 
SAlphaB:
0 0 0 0 0 0 0 0 0 0 0 0 0 0 0 0 0 0 0 0 0 0 0 0 0 0 0 0 0 0 0 0 0 0 0 0 0 9 0 10 0 9 0 29 0 16 0 32 0 36 0 149 0 100 0 218 0 184 0 183 0 244 0 294 0 357 0 383 0 423 0 464 0 426 0 385 0 233 0 150 0 96 

SecondWin:
0 0 0 0 0 0 0 0 0 0 0 0 0 0 0 0 0 0 0 0 0 0 0 0 0 0 0 0 0 0 0 0 0 0 0 0 0 0 2 0 3 0 0 0 14 0 16 0 23 0 54 0 89 0 89 0 115 0 154 0 148 0 205 0 325 0 324 0 452 0 457 0 419 0 394 0 223 0 226 0 102 0 
SAlphaB:
0 0 0 0 0 0 0 0 0 0 0 0 0 0 0 0 0 0 0 0 0 0 0 0 0 0 0 0 0 0 0 0 0 0 0 0 0 0 2 0 3 0 0 0 14 0 16 0 23 0 54 0 89 0 89 0 115 0 154 0 148 0 205 0 325 0 324 0 452 0 457 0 419 0 394 0 223 0 226 0 102 0 
