0 18 80 25 -7 1 2 27

0 65 79 72 -6 8 39 15

0 82 94 8 -6 10 25 9

0 62 87 73 -19 6 32 34

0 56 90 28 -17 24 26 19

0 48 64 34 -1 5 33 24

0 64 90 64 -4 6 30 19

0 65 66 80 -18 10 35 6

0 57 58 28 -16 1 7 19

0 35 94 63 -13 3 27 5

0 34 61 39 -5 7 30 28

0 66 79 87 -6 11 19 14

0 19 73 51 -3 3 4 21

0 67 94 88 -1 9 18 35

0 20 94 83 -8 7 16 14

0 46 64 85 -10 6 33 41

0 46 64 13 -16 12 32 22

0 59 61 54 -17 4 6 16

0 88 91 68 -5 5 9 38

0 8 60 92 -16 8 26 8

0 75 81 89 -17 6 26 27

0 21 24 47 -2 0 10 1

0 1 78 59 -18 45 48 6

0 4 83 89 -5 9 26 22

0 43 95 7 -17 15 22 37

0 52 86 60 -15 16 21 13

0 17 29 56 -3 1 6 15

0 37 41 82 -8 0 23 13

0 93 98 62 -11 0 2 39

0 10 45 36 -14 6 18 19

0 2 95 72 -16 16 41 25

0 57 89 2 -20 1 30 1

0 7 96 47 -1 2 19 7

0 53 73 9 -1 3 6 22

0 41 61 5 -4 13 36 27

0 5 51 36 -6 0 5 21

0 5 88 16 -6 21 41 20

0 14 56 46 -9 20 44 13

0 23 51 54 -17 33 36 12

0 15 36 86 -15 0 10 36

0 41 63 51 -16 14 29 34

0 12 97 27 -7 0 16 36

0 60 68 95 -1 3 24 38

0 1 98 55 -13 0 1 3

0 18 62 71 -19 0 14 47

0 16 23 46 -7 3 4 13

0 15 47 85 -8 2 13 35

0 13 49 76 -20 3 9 38

0 30 31 77 -12 0 14 40

0 2 61 31 -5 6 26 26

0 54 64 36 -7 20 34 16

0 7 24 18 -12 1 4 7

0 17 25 18 -14 0 3 34

0 18 45 9 -12 7 16 30

0 35 47 76 -12 12 22 24

0 31 34 44 -18 12 33 41

0 29 38 56 -7 24 42 1

0 24 45 78 -13 7 44 21

0 15 29 68 -16 21 33 25

0 30 55 81 -11 1 17 49

0 12 15 83 -5 18 19 25

0 8 20 28 -13 8 27 31

0 6 24 46 -19 2 22 15

0 15 19 15 -13 6 9 19

0 80 89 84 -7 2 13 46

0 5 76 45 -19 34 36 22

0 8 15 15 -8 24 25 11

0 12 27 14 -14 17 40 10

0 37 39 83 -12 19 23 15

0 16 25 29 -1 38 40 27

0 2 65 12 -7 0 10 26

0 10 46 73 -14 5 24 4

0 17 24 80 -15 3 48 12

0 17 45 80 -15 41 43 8

0 9 10 71 -15 37 45 10

0 15 53 78 -10 9 36 0

0 3 4 55 -14 5 14 24

0 3 19 64 -19 22 41 5

0 9 18 26 -19 19 23 36

0 5 45 45 -18 10 19 0

0 5 42 27 -5 7 15 26

0 22 27 7 -16 7 41 3

0 9 18 83 -6 3 21 31

0 27 31 60 -14 14 22 44

0 11 20 25 -10 26 36 0

0 1 17 55 -3 41 47 5

0 0 6 71 -6 8 20 7

0 1 2 3 -16 20 34 10

0 26 35 8 -18 0 43 33

0 1 16 49 -13 25 26 36

0 4 30 70 -10 23 42 29

0 10 16 2 -13 0 7 49

0 0 2 85 -13 34 39 45

0 0 15 7 -19 7 37 21

0 5 6 69 -17 0 15 30

0 0 3 0 -17 14 19 21

0 2 3 96 -4 15 35 36

0 0 27 66 -10 1 9 33

0 0 1 11 -17 3 33 41

0 3 4 16 -9 3 6 30


SAlphaB: 699.0, std-dev 258.88983226949114

Earliest win: 36
Latest win: 81

WinDepth:
0 0 0 0 0 0 0 0 0 0 0 0 0 0 0 0 0 0 0 0 0 0 0 0 0 0 0 0 0 0 0 0 0 0 0 0 1 5 0 8 2 3 2 14 6 47 12 37 13 62 57 152 111 109 101 175 116 188 145 172 171 218 238 347 320 339 332 382 394 387 418 488 442 377 410 399 308 244 200 149 113 89 
SAlphaB:
0 0 0 0 0 0 0 0 0 0 0 0 0 0 0 0 0 0 0 0 0 0 0 0 0 0 0 0 0 0 0 0 0 0 0 0 1 5 0 8 2 3 2 14 6 47 12 37 13 62 57 152 111 109 101 175 116 188 145 172 171 218 238 347 320 339 332 382 394 387 418 488 442 377 410 399 308 244 200 149 113 89 

LossDepth:
SAlphaB:
0 0 0 0 0 0 0 0 0 0 0 0 0 0 0 0 0 0 0 0 0 0 0 0 0 0 0 0 0 0 0 0 0 0 0 0 1 5 0 8 2 3 2 14 6 47 12 37 13 62 57 152 111 109 101 175 116 188 145 172 171 218 238 347 320 339 332 382 394 387 418 488 442 377 410 399 308 244 200 149 113 89 

FirstWin:
0 0 0 0 0 0 0 0 0 0 0 0 0 0 0 0 0 0 0 0 0 0 0 0 0 0 0 0 0 0 0 0 0 0 0 0 0 5 0 8 0 3 0 14 0 47 0 37 0 62 0 152 0 109 0 175 0 188 0 172 0 218 0 347 0 339 0 382 0 387 0 488 0 377 0 399 0 244 0 149 0 89 
SAlphaB:
0 0 0 0 0 0 0 0 0 0 0 0 0 0 0 0 0 0 0 0 0 0 0 0 0 0 0 0 0 0 0 0 0 0 0 0 0 5 0 8 0 3 0 14 0 47 0 37 0 62 0 152 0 109 0 175 0 188 0 172 0 218 0 347 0 339 0 382 0 387 0 488 0 377 0 399 0 244 0 149 0 89 

SecondWin:
0 0 0 0 0 0 0 0 0 0 0 0 0 0 0 0 0 0 0 0 0 0 0 0 0 0 0 0 0 0 0 0 0 0 0 0 1 0 0 0 2 0 2 0 6 0 12 0 13 0 57 0 111 0 101 0 116 0 145 0 171 0 238 0 320 0 332 0 394 0 418 0 442 0 410 0 308 0 200 0 113 0 
SAlphaB:
0 0 0 0 0 0 0 0 0 0 0 0 0 0 0 0 0 0 0 0 0 0 0 0 0 0 0 0 0 0 0 0 0 0 0 0 1 0 0 0 2 0 2 0 6 0 12 0 13 0 57 0 111 0 101 0 116 0 145 0 171 0 238 0 320 0 332 0 394 0 418 0 442 0 410 0 308 0 200 0 113 0 
