0 31 82 15 -15 0 3 34

0 46 85 48 -14 8 26 1

0 17 78 14 -14 0 13 40

0 33 98 61 -8 9 14 8

0 15 51 73 -9 4 14 35

0 33 63 55 -15 1 27 21

0 48 62 32 -20 0 16 22

0 28 56 59 -1 21 36 8

0 29 84 84 -7 9 16 13

0 1 34 70 -18 6 13 18

0 31 82 26 -3 1 5 3

0 63 71 91 -7 8 26 46

0 58 86 47 -19 6 13 17

0 64 70 71 -4 10 34 12

0 86 92 95 -8 19 20 8

0 25 40 2 -5 0 9 4

0 51 83 46 -12 4 14 49

0 32 53 10 -11 6 12 26

0 29 94 43 -7 7 20 21

0 58 92 43 -14 10 13 1

0 22 99 36 -2 15 43 7

0 8 89 62 -10 0 15 20

0 46 57 59 -16 20 34 22

0 23 58 62 -2 20 21 34

0 23 52 45 -3 29 49 4

0 24 39 35 -5 7 25 5

0 43 52 80 -7 9 13 12

0 38 52 55 -10 14 25 28

0 12 55 61 -17 16 23 12

0 39 99 79 -20 6 33 21

0 45 61 29 -13 14 21 17

0 95 96 72 -3 1 37 37

0 47 77 34 -8 1 5 38

0 51 53 2 -14 16 25 18

0 35 53 18 -2 2 4 29

0 6 65 57 -7 17 41 11

0 56 68 64 -19 21 31 26

0 38 43 25 -11 29 32 48

0 51 58 38 -17 2 41 23

0 9 59 51 -19 17 44 35

0 12 29 98 -4 1 2 23

0 12 16 33 -19 2 5 15

0 5 50 55 -9 3 5 1

0 48 93 18 -2 0 10 18

0 54 55 85 -11 17 30 37

0 16 18 38 -8 6 19 28

0 29 64 19 -16 5 22 39

0 58 73 95 -16 19 35 41

0 62 68 78 -7 29 44 9

0 66 74 8 -17 11 47 1

0 7 35 99 -5 5 9 33

0 60 63 47 -8 26 34 30

0 8 45 94 -2 13 15 6

0 34 40 27 -10 12 41 31

0 13 31 64 -18 1 5 6

0 8 35 90 -11 2 6 5

0 16 72 19 -11 2 18 48

0 23 86 79 -11 24 39 31

0 42 90 3 -15 24 30 8

0 50 75 7 -1 3 44 48

0 54 83 47 -14 35 37 45

0 9 18 17 -1 1 2 18

0 8 92 32 -12 35 39 1

0 8 56 5 -10 10 37 4

0 19 37 25 -10 16 49 25

0 20 32 49 -5 0 30 11

0 39 50 4 -12 24 26 38

0 20 81 22 -15 6 36 39

0 17 65 91 -18 29 48 49

0 23 52 66 -3 1 32 22

0 5 83 62 -2 10 42 33

0 2 82 89 -9 2 10 38

0 20 21 55 -16 10 34 13

0 24 34 46 -13 18 24 47

0 45 71 4 -18 18 23 8

0 56 62 11 -6 24 47 6

0 8 10 77 -7 24 34 19

0 38 39 2 -5 23 30 38

0 6 16 54 -10 25 48 0

0 10 41 64 -20 34 37 38

0 3 9 12 -15 3 33 46

0 2 4 79 -8 6 19 14

0 17 29 0 -17 1 39 0

0 1 50 48 -11 7 11 46

0 1 7 39 -16 8 39 43

0 39 40 26 -13 4 34 45

0 0 3 17 -19 22 48 30

0 6 34 61 -16 25 48 47

0 1 62 55 -4 0 1 48

0 6 9 20 -11 9 26 14

0 5 22 37 -5 13 26 38

0 20 23 14 -9 12 38 4

0 8 36 79 -4 23 26 48

0 0 3 59 -20 8 18 11

0 4 15 90 -17 1 2 42

0 7 10 12 -10 1 5 18

0 2 3 60 -16 18 23 11

0 6 10 94 -17 7 46 29

0 1 4 5 -19 0 44 41

0 12 23 41 -8 8 44 25


SAlphaB: 704.0, std-dev 271.710770727428

Earliest win: 37
Latest win: 81

WinDepth:
0 0 0 0 0 0 0 0 0 0 0 0 0 0 0 0 0 0 0 0 0 0 0 0 0 0 0 0 0 0 0 0 0 0 0 0 0 19 0 1 1 5 6 6 10 21 9 42 16 79 65 184 82 122 80 198 143 182 145 175 173 217 269 334 343 360 395 414 400 400 440 416 425 416 373 330 315 190 186 127 105 61 
SAlphaB:
0 0 0 0 0 0 0 0 0 0 0 0 0 0 0 0 0 0 0 0 0 0 0 0 0 0 0 0 0 0 0 0 0 0 0 0 0 19 0 1 1 5 6 6 10 21 9 42 16 79 65 184 82 122 80 198 143 182 145 175 173 217 269 334 343 360 395 414 400 400 440 416 425 416 373 330 315 190 186 127 105 61 

LossDepth:
SAlphaB:
0 0 0 0 0 0 0 0 0 0 0 0 0 0 0 0 0 0 0 0 0 0 0 0 0 0 0 0 0 0 0 0 0 0 0 0 0 19 0 1 1 5 6 6 10 21 9 42 16 79 65 184 82 122 80 198 143 182 145 175 173 217 269 334 343 360 395 414 400 400 440 416 425 416 373 330 315 190 186 127 105 61 

FirstWin:
0 0 0 0 0 0 0 0 0 0 0 0 0 0 0 0 0 0 0 0 0 0 0 0 0 0 0 0 0 0 0 0 0 0 0 0 0 19 0 1 0 5 0 6 0 21 0 42 0 79 0 184 0 122 0 198 0 182 0 175 0 217 0 334 0 360 0 414 0 400 0 416 0 416 0 330 0 190 0 127 0 61 
SAlphaB:
0 0 0 0 0 0 0 0 0 0 0 0 0 0 0 0 0 0 0 0 0 0 0 0 0 0 0 0 0 0 0 0 0 0 0 0 0 19 0 1 0 5 0 6 0 21 0 42 0 79 0 184 0 122 0 198 0 182 0 175 0 217 0 334 0 360 0 414 0 400 0 416 0 416 0 330 0 190 0 127 0 61 

SecondWin:
0 0 0 0 0 0 0 0 0 0 0 0 0 0 0 0 0 0 0 0 0 0 0 0 0 0 0 0 0 0 0 0 0 0 0 0 0 0 0 0 1 0 6 0 10 0 9 0 16 0 65 0 82 0 80 0 143 0 145 0 173 0 269 0 343 0 395 0 400 0 440 0 425 0 373 0 315 0 186 0 105 0 
SAlphaB:
0 0 0 0 0 0 0 0 0 0 0 0 0 0 0 0 0 0 0 0 0 0 0 0 0 0 0 0 0 0 0 0 0 0 0 0 0 0 0 0 1 0 6 0 10 0 9 0 16 0 65 0 82 0 80 0 143 0 145 0 173 0 269 0 343 0 395 0 400 0 440 0 425 0 373 0 315 0 186 0 105 0 
