0 18 56 87 -12 0 2 2

0 19 86 21 -18 0 1 38

0 20 51 48 -14 4 10 19

0 42 92 88 -8 4 12 19

0 59 64 66 -11 1 3 2

0 33 69 17 -6 1 3 14

0 28 79 5 -10 1 4 27

0 46 74 67 -16 6 9 1

0 58 95 92 -14 1 22 17

0 58 93 55 -6 20 47 35

0 33 52 24 -19 0 1 44

0 44 55 17 -17 3 4 13

0 6 98 46 -12 5 6 28

0 65 81 81 -8 8 40 16

0 51 94 15 -8 2 27 40

0 74 89 13 -14 1 26 38

0 24 60 30 -14 4 5 7

0 44 81 86 -16 29 37 30

0 14 94 76 -18 1 9 15

0 27 66 71 -14 38 46 33

0 28 65 41 -1 6 14 47

0 38 83 55 -17 31 48 2

0 26 46 17 -11 28 45 14

0 4 16 57 -5 3 4 5

0 12 95 92 -5 35 42 45

0 24 34 67 -19 16 20 27

0 38 45 68 -13 2 25 37

0 14 31 66 -3 14 39 41

0 36 41 7 -18 0 1 39

0 2 56 71 -12 46 48 19

0 71 97 26 -9 2 10 0

0 24 54 96 -12 5 13 36

0 17 72 84 -11 6 23 40

0 14 35 29 -17 44 48 9

0 72 76 90 -18 0 3 5

0 32 90 30 -2 1 2 40

0 8 81 42 -17 7 45 27

0 20 21 83 -9 2 16 21

0 41 94 53 -2 35 43 26

0 26 66 16 -2 1 5 49

0 33 45 89 -11 18 44 23

0 10 41 41 -16 6 11 21

0 40 79 20 -1 21 36 48

0 38 99 21 -13 21 41 8

0 8 52 87 -7 7 22 37

0 63 69 58 -8 23 29 42

0 74 97 71 -15 1 5 43

0 2 80 27 -2 42 43 31

0 3 33 96 -18 19 26 24

0 1 93 75 -9 18 23 46

0 9 74 25 -20 4 9 10

0 3 50 68 -12 0 1 42

0 13 90 82 -1 21 46 40

0 22 82 5 -15 18 25 35

0 65 79 18 -1 29 41 26

0 8 91 60 -8 12 26 22

0 26 30 35 -16 3 11 45

0 31 38 56 -10 15 41 25

0 49 68 46 -3 19 48 11

0 40 54 33 -1 35 48 0

0 1 16 66 -20 10 24 13

0 7 35 71 -6 1 12 15

0 16 44 24 -19 1 40 14

0 3 15 59 -2 1 3 23

0 12 94 68 -19 23 34 5

0 3 7 73 -12 36 38 43

0 18 30 60 -7 19 21 25

0 21 38 11 -6 2 40 13

0 15 21 72 -13 17 45 12

0 15 29 20 -7 8 45 26

0 22 49 23 -11 5 38 10

0 4 23 92 -15 28 31 20

0 14 20 74 -12 8 12 27

0 4 8 49 -9 2 20 8

0 4 15 58 -8 0 29 47

0 0 20 48 -11 24 47 25

0 4 22 63 -12 10 40 31

0 5 8 86 -19 10 12 13

0 25 26 74 -16 10 39 24

0 0 1 65 -9 2 33 33

0 5 12 94 -14 14 16 5

0 2 39 41 -15 15 45 30

0 10 24 71 -16 0 15 40

0 18 22 8 -10 33 34 46

0 1 3 44 -18 15 48 39

0 15 20 52 -6 30 41 3

0 11 27 0 -16 9 35 1

0 11 29 59 -3 17 24 40

0 11 12 63 -13 5 23 45

0 1 7 20 -7 37 44 26

0 2 14 3 -15 18 21 30

0 7 24 6 -8 21 28 38

0 27 61 10 -4 10 45 49

0 5 11 43 -12 7 34 29

0 7 9 37 -8 11 21 0

0 0 1 33 -7 23 29 8

0 2 14 63 -7 12 36 19

0 8 20 6 -13 14 25 37

0 11 20 90 -7 1 15 46

0 3 13 40 -11 3 21 46


SAlphaB: 721.0, std-dev 252.68863610811988

Earliest win: 37
Latest win: 81

WinDepth:
0 0 0 0 0 0 0 0 0 0 0 0 0 0 0 0 0 0 0 0 0 0 0 0 0 0 0 0 0 0 0 0 0 0 0 0 0 3 0 6 0 3 0 23 20 10 30 43 49 47 59 186 84 136 93 219 108 163 149 171 168 245 226 345 321 355 406 350 437 362 452 446 412 421 400 350 282 246 176 160 94 81 
SAlphaB:
0 0 0 0 0 0 0 0 0 0 0 0 0 0 0 0 0 0 0 0 0 0 0 0 0 0 0 0 0 0 0 0 0 0 0 0 0 3 0 6 0 3 0 23 20 10 30 43 49 47 59 186 84 136 93 219 108 163 149 171 168 245 226 345 321 355 406 350 437 362 452 446 412 421 400 350 282 246 176 160 94 81 

LossDepth:
SAlphaB:
0 0 0 0 0 0 0 0 0 0 0 0 0 0 0 0 0 0 0 0 0 0 0 0 0 0 0 0 0 0 0 0 0 0 0 0 0 3 0 6 0 3 0 23 20 10 30 43 49 47 59 186 84 136 93 219 108 163 149 171 168 245 226 345 321 355 406 350 437 362 452 446 412 421 400 350 282 246 176 160 94 81 

FirstWin:
0 0 0 0 0 0 0 0 0 0 0 0 0 0 0 0 0 0 0 0 0 0 0 0 0 0 0 0 0 0 0 0 0 0 0 0 0 3 0 6 0 3 0 23 0 10 0 43 0 47 0 186 0 136 0 219 0 163 0 171 0 245 0 345 0 355 0 350 0 362 0 446 0 421 0 350 0 246 0 160 0 81 
SAlphaB:
0 0 0 0 0 0 0 0 0 0 0 0 0 0 0 0 0 0 0 0 0 0 0 0 0 0 0 0 0 0 0 0 0 0 0 0 0 3 0 6 0 3 0 23 0 10 0 43 0 47 0 186 0 136 0 219 0 163 0 171 0 245 0 345 0 355 0 350 0 362 0 446 0 421 0 350 0 246 0 160 0 81 

SecondWin:
0 0 0 0 0 0 0 0 0 0 0 0 0 0 0 0 0 0 0 0 0 0 0 0 0 0 0 0 0 0 0 0 0 0 0 0 0 0 0 0 0 0 0 0 20 0 30 0 49 0 59 0 84 0 93 0 108 0 149 0 168 0 226 0 321 0 406 0 437 0 452 0 412 0 400 0 282 0 176 0 94 0 
SAlphaB:
0 0 0 0 0 0 0 0 0 0 0 0 0 0 0 0 0 0 0 0 0 0 0 0 0 0 0 0 0 0 0 0 0 0 0 0 0 0 0 0 0 0 0 0 20 0 30 0 49 0 59 0 84 0 93 0 108 0 149 0 168 0 226 0 321 0 406 0 437 0 452 0 412 0 400 0 282 0 176 0 94 0 
