0 17 92 42 -8 3 16 27

0 18 25 74 -3 6 14 16

0 53 61 64 -20 4 14 25

0 19 46 84 -16 0 1 26

0 2 97 55 -8 0 4 5

0 56 60 68 -7 6 38 2

0 22 82 1 -8 7 25 17

0 57 96 50 -14 2 27 34

0 53 61 23 -4 4 21 16

0 53 99 33 -2 20 40 23

0 40 74 24 -3 13 46 37

0 46 59 77 -17 13 49 37

0 31 47 45 -19 3 39 25

0 44 90 66 -2 15 23 26

0 33 85 44 -4 1 6 13

0 47 55 65 -8 12 20 0

0 16 95 45 -3 3 9 38

0 57 69 9 -15 0 3 13

0 48 56 67 -4 1 9 26

0 58 61 23 -10 3 20 21

0 29 33 64 -4 16 26 9

0 37 79 41 -12 17 44 21

0 9 35 40 -9 4 5 7

0 39 63 55 -12 12 19 12

0 82 89 6 -13 6 8 42

0 78 90 56 -17 0 1 39

0 60 67 10 -14 23 40 24

0 33 59 73 -20 11 38 45

0 77 83 30 -13 12 16 11

0 33 43 14 -19 7 15 41

0 23 31 91 -4 5 19 37

0 1 59 94 -6 35 48 27

0 4 26 71 -18 23 25 29

0 20 42 21 -18 16 26 18

0 5 38 21 -6 12 19 2

0 34 38 58 -9 36 44 39

0 3 29 9 -16 11 27 24

0 18 67 87 -7 22 27 24

0 43 94 74 -7 28 37 4

0 0 19 65 -1 13 15 0

0 68 75 19 -14 5 8 47

0 26 86 42 -1 23 31 17

0 7 10 40 -4 15 17 3

0 30 63 17 -7 8 22 49

0 15 60 23 -16 6 45 18

0 23 58 45 -18 32 36 15

0 46 69 30 -8 45 48 32

0 32 76 73 -1 26 45 13

0 17 91 12 -2 9 26 5

0 33 84 35 -2 21 23 35

0 26 53 88 -4 9 11 35

0 28 33 14 -16 5 6 34

0 19 50 39 -20 9 44 4

0 6 52 92 -3 10 19 22

0 18 29 4 -2 20 25 9

0 81 84 95 -18 32 34 42

0 2 56 60 -8 17 45 24

0 69 86 65 -15 16 17 34

0 22 73 53 -5 9 44 35

0 25 46 45 -4 31 46 7

0 46 69 97 -7 3 41 42

0 86 93 14 -14 22 32 38

0 17 78 53 -11 7 44 9

0 5 40 15 -2 2 47 17

0 49 61 14 -18 18 40 46

0 9 45 32 -14 17 24 48

0 0 6 26 -5 14 16 26

0 4 11 28 -11 0 1 20

0 14 52 2 -16 8 23 48

0 8 11 84 -10 18 23 47

0 7 21 11 -17 6 26 24

0 12 17 88 -16 9 29 45

0 4 30 45 -10 5 32 1

0 12 96 39 -15 20 34 46

0 6 7 61 -4 24 33 24

0 5 17 81 -12 9 23 34

0 17 24 10 -9 11 31 21

0 5 16 54 -13 8 28 47

0 0 15 50 -3 15 41 7

0 0 38 58 -5 23 28 46

0 6 11 19 -18 5 14 48

0 1 8 50 -4 23 29 7

0 2 24 71 -16 20 42 38

0 13 49 32 -18 33 39 1

0 1 2 75 -1 0 3 5

0 6 22 75 -2 1 17 25

0 1 8 82 -17 19 29 46

0 5 16 13 -15 28 47 12

0 0 4 61 -20 1 32 39

0 74 76 23 -15 36 37 15

0 8 22 4 -6 18 34 35

0 0 3 28 -20 18 20 13

0 1 53 29 -6 1 28 46

0 0 14 30 -2 40 45 26

0 11 12 16 -11 2 13 32

0 2 3 31 -17 13 44 35

0 4 11 39 -5 1 11 25

0 1 2 75 -14 1 15 36

0 0 19 5 -6 7 48 27

0 1 3 54 -17 9 34 19


SAlphaB: 707.0, std-dev 272.26601788498965

Earliest win: 37
Latest win: 81

WinDepth:
0 0 0 0 0 0 0 0 0 0 0 0 0 0 0 0 0 0 0 0 0 0 0 0 0 0 0 0 0 0 0 0 0 0 0 0 0 15 0 11 0 22 4 16 8 30 12 31 55 50 50 174 157 105 132 157 132 160 170 146 194 223 207 303 318 369 433 347 446 389 426 473 443 371 429 353 270 230 202 137 88 67 
SAlphaB:
0 0 0 0 0 0 0 0 0 0 0 0 0 0 0 0 0 0 0 0 0 0 0 0 0 0 0 0 0 0 0 0 0 0 0 0 0 15 0 11 0 22 4 16 8 30 12 31 55 50 50 174 157 105 132 157 132 160 170 146 194 223 207 303 318 369 433 347 446 389 426 473 443 371 429 353 270 230 202 137 88 67 

LossDepth:
SAlphaB:
0 0 0 0 0 0 0 0 0 0 0 0 0 0 0 0 0 0 0 0 0 0 0 0 0 0 0 0 0 0 0 0 0 0 0 0 0 15 0 11 0 22 4 16 8 30 12 31 55 50 50 174 157 105 132 157 132 160 170 146 194 223 207 303 318 369 433 347 446 389 426 473 443 371 429 353 270 230 202 137 88 67 

FirstWin:
0 0 0 0 0 0 0 0 0 0 0 0 0 0 0 0 0 0 0 0 0 0 0 0 0 0 0 0 0 0 0 0 0 0 0 0 0 15 0 11 0 22 0 16 0 30 0 31 0 50 0 174 0 105 0 157 0 160 0 146 0 223 0 303 0 369 0 347 0 389 0 473 0 371 0 353 0 230 0 137 0 67 
SAlphaB:
0 0 0 0 0 0 0 0 0 0 0 0 0 0 0 0 0 0 0 0 0 0 0 0 0 0 0 0 0 0 0 0 0 0 0 0 0 15 0 11 0 22 0 16 0 30 0 31 0 50 0 174 0 105 0 157 0 160 0 146 0 223 0 303 0 369 0 347 0 389 0 473 0 371 0 353 0 230 0 137 0 67 

SecondWin:
0 0 0 0 0 0 0 0 0 0 0 0 0 0 0 0 0 0 0 0 0 0 0 0 0 0 0 0 0 0 0 0 0 0 0 0 0 0 0 0 0 0 4 0 8 0 12 0 55 0 50 0 157 0 132 0 132 0 170 0 194 0 207 0 318 0 433 0 446 0 426 0 443 0 429 0 270 0 202 0 88 0 
SAlphaB:
0 0 0 0 0 0 0 0 0 0 0 0 0 0 0 0 0 0 0 0 0 0 0 0 0 0 0 0 0 0 0 0 0 0 0 0 0 0 0 0 0 0 4 0 8 0 12 0 55 0 50 0 157 0 132 0 132 0 170 0 194 0 207 0 318 0 433 0 446 0 426 0 443 0 429 0 270 0 202 0 88 0 
