0 48 97 34 -4 11 19 3

0 40 95 71 -4 8 27 36

0 56 76 65 -9 8 24 6

0 57 85 68 -7 3 21 28

0 41 68 93 -17 1 3 16

0 56 84 7 -14 3 6 11

0 89 98 70 -12 3 27 31

0 12 58 49 -1 2 6 0

0 67 92 88 -11 2 14 15

0 79 82 46 -3 5 23 14

0 71 84 20 -15 7 21 8

0 47 63 26 -13 1 3 6

0 23 89 26 -4 2 20 2

0 86 99 67 -17 9 30 17

0 40 85 53 -2 2 14 11

0 33 90 6 -2 1 9 4

0 49 97 66 -17 4 13 0

0 57 99 71 -2 1 6 10

0 35 82 9 -3 4 20 12

0 50 82 71 -8 7 10 16

0 59 82 54 -10 5 30 43

0 46 71 60 -16 5 11 32

0 56 82 84 -12 4 26 31

0 84 88 46 -17 11 33 39

0 28 93 15 -20 2 9 18

0 43 49 78 -2 8 31 9

0 53 82 36 -8 5 28 23

0 13 27 19 -8 0 1 12

0 57 82 58 -13 9 23 3

0 59 97 5 -13 0 18 33

0 57 96 43 -4 14 37 37

0 60 98 46 -6 5 26 36

0 34 68 81 -9 4 8 6

0 23 32 68 -13 0 9 14

0 34 68 86 -10 8 18 7

0 19 47 70 -8 0 3 2

0 61 75 82 -1 12 27 12

0 17 56 80 -3 0 1 4

0 27 92 51 -16 3 16 30

0 27 85 67 -17 0 2 1

0 60 99 8 -19 4 12 42

0 40 67 96 -19 4 6 8

0 29 30 50 -11 2 3 4

0 43 77 33 -4 10 11 6

0 51 58 78 -6 10 38 22

0 78 88 74 -5 14 38 34

0 67 69 69 -9 11 26 35

0 33 72 67 -11 0 3 18

0 76 84 34 -13 3 34 14

0 49 90 46 -1 3 20 41

0 72 81 0 -9 13 30 46

0 35 52 25 -4 8 9 15

0 59 95 57 -18 2 5 2

0 28 84 95 -2 6 14 26

0 30 71 66 -12 15 31 18

0 49 73 47 -14 5 7 37

0 25 87 21 -11 10 31 27

0 60 73 29 -5 10 26 21

0 48 70 14 -6 4 26 12

0 32 51 43 -4 6 21 22

0 64 82 36 -19 4 26 1

0 31 48 18 -14 3 12 7

0 18 90 61 -15 2 14 18

0 43 88 44 -9 5 12 0

0 44 56 69 -11 8 14 13

0 59 81 73 -10 2 6 15

0 8 83 15 -20 14 33 19

0 74 86 81 -12 2 8 25

0 30 41 25 -20 1 4 13

0 57 99 21 -1 4 19 17

0 48 99 85 -2 7 10 1

0 52 75 68 -13 7 47 18

0 66 67 50 -13 4 20 19

0 60 75 45 -19 0 3 29

0 29 32 58 -10 6 13 16

0 59 70 95 -1 16 40 6

0 22 77 72 -6 11 38 13

0 87 97 62 -20 4 34 19

0 59 87 88 -12 7 36 5

0 23 34 24 -13 0 1 24

0 33 64 94 -19 5 14 1

0 16 66 91 -17 0 1 13

0 33 42 30 -7 1 26 31

0 4 58 55 -1 32 34 0

0 47 97 46 -1 8 41 33

0 31 80 94 -10 6 13 7

0 12 71 89 -9 0 6 31

0 27 63 68 -5 0 13 31

0 9 38 68 -10 15 27 15

0 70 92 74 -15 14 22 30

0 59 84 61 -14 20 46 2

0 10 86 68 -5 5 8 2

0 12 95 86 -8 10 14 21

0 0 53 52 -16 13 21 16

0 19 94 29 -19 13 41 24

0 54 82 67 -15 20 23 4

0 33 96 23 -6 8 22 38

0 63 83 40 -20 22 23 23

0 31 81 60 -13 26 35 15

0 21 92 48 -20 33 47 17


SAlphaB: 767.0, std-dev 253.03674474652726

Earliest win: 33
Latest win: 81

WinDepth:
0 0 0 0 0 0 0 0 0 0 0 0 0 0 0 0 0 0 0 0 0 0 0 0 0 0 0 0 0 0 0 0 0 1 0 0 0 19 8 21 10 14 3 28 42 48 56 118 42 132 224 345 155 301 231 420 344 582 385 551 432 628 648 887 805 991 914 963 943 945 935 974 902 893 918 729 618 462 446 275 200 136 
SAlphaB:
0 0 0 0 0 0 0 0 0 0 0 0 0 0 0 0 0 0 0 0 0 0 0 0 0 0 0 0 0 0 0 0 0 1 0 0 0 19 8 21 10 14 3 28 42 48 56 118 42 132 224 345 155 301 231 420 344 582 385 551 432 628 648 887 805 991 914 963 943 945 935 974 902 893 918 729 618 462 446 275 200 136 

LossDepth:
SAlphaB:
0 0 0 0 0 0 0 0 0 0 0 0 0 0 0 0 0 0 0 0 0 0 0 0 0 0 0 0 0 0 0 0 0 0 0 0 0 11 7 11 4 9 5 16 20 32 41 63 23 84 161 160 110 178 153 275 224 404 248 354 288 440 412 620 560 735 628 744 671 760 716 820 697 714 660 639 450 440 341 245 231 139 

FirstWin:
0 0 0 0 0 0 0 0 0 0 0 0 0 0 0 0 0 0 0 0 0 0 0 0 0 0 0 0 0 0 0 0 0 1 0 0 0 19 0 21 0 14 0 28 0 48 0 118 0 132 0 345 0 301 0 420 0 582 0 551 0 628 0 887 0 991 0 963 0 945 0 974 0 893 0 729 0 462 0 275 0 136 
SAlphaB:
0 0 0 0 0 0 0 0 0 0 0 0 0 0 0 0 0 0 0 0 0 0 0 0 0 0 0 0 0 0 0 0 0 1 0 0 0 19 0 21 0 14 0 28 0 48 0 118 0 132 0 345 0 301 0 420 0 582 0 551 0 628 0 887 0 991 0 963 0 945 0 974 0 893 0 729 0 462 0 275 0 136 

SecondWin:
0 0 0 0 0 0 0 0 0 0 0 0 0 0 0 0 0 0 0 0 0 0 0 0 0 0 0 0 0 0 0 0 0 0 0 0 0 0 8 0 10 0 3 0 42 0 56 0 42 0 224 0 155 0 231 0 344 0 385 0 432 0 648 0 805 0 914 0 943 0 935 0 902 0 918 0 618 0 446 0 200 0 
SAlphaB:
0 0 0 0 0 0 0 0 0 0 0 0 0 0 0 0 0 0 0 0 0 0 0 0 0 0 0 0 0 0 0 0 0 0 0 0 0 0 8 0 10 0 3 0 42 0 56 0 42 0 224 0 155 0 231 0 344 0 385 0 432 0 648 0 805 0 914 0 943 0 935 0 902 0 918 0 618 0 446 0 200 0 
