0 23 89 26 -4 2 20 2

0 43 77 33 -4 10 11 6

0 27 85 67 -17 0 2 1

0 33 64 94 -19 5 14 1

0 23 34 24 -13 0 1 24

0 41 68 93 -17 1 3 16

0 63 83 40 -20 22 23 23

0 13 27 19 -8 0 1 12

0 10 86 68 -5 5 8 2

0 79 82 46 -3 5 23 14

0 84 97 58 -11 2 3 24

0 57 92 83 -7 12 21 20

0 33 49 28 -17 2 9 48

0 8 55 92 -5 1 5 12

0 20 38 95 -10 1 3 15

0 57 90 75 -7 3 10 34

0 51 64 76 -5 2 44 18

0 92 97 74 -17 2 36 19

0 1 37 86 -11 9 21 35

0 27 44 17 -16 5 7 0

0 20 95 91 -13 2 3 20

0 63 71 69 -12 0 2 22

0 42 88 12 -8 5 32 45

0 18 44 96 -7 1 3 22

0 36 83 50 -12 18 45 17

0 65 70 57 -1 25 42 9

0 49 93 11 -2 4 13 49

0 30 99 41 -14 31 42 10

0 5 28 0 -20 0 3 9

0 41 62 49 -14 13 16 25

0 90 94 51 -8 9 13 20

0 34 62 93 -18 28 34 25

0 20 32 31 -15 14 22 1

0 7 61 51 -13 25 44 31

0 62 96 38 -16 13 15 23

0 34 47 92 -12 17 44 49

0 18 57 65 -17 5 11 31

0 19 49 75 -20 32 38 3

0 16 98 55 -14 5 12 45

0 39 56 94 -7 3 11 38

0 28 37 53 -20 2 5 33

0 5 75 32 -11 8 17 9

0 35 43 2 -18 5 11 30

0 59 74 81 -18 26 29 43

0 27 37 42 -9 7 21 46

0 29 47 33 -8 22 26 23

0 41 51 66 -1 7 9 35

0 21 25 97 -3 4 13 33

0 10 77 54 -4 15 22 9

0 15 34 65 -18 4 10 28

0 6 13 27 -8 37 49 30

0 5 34 46 -1 10 20 34

0 54 80 56 -16 0 1 49

0 3 72 32 -13 24 45 0

0 13 81 63 -2 34 40 35

0 30 32 5 -18 8 33 9

0 14 91 7 -18 13 22 39

0 64 91 21 -4 26 30 47

0 16 47 5 -18 2 12 34

0 21 34 71 -17 14 37 7

0 6 31 20 -1 8 10 15

0 9 35 53 -7 33 39 12

0 20 92 4 -14 11 43 28

0 7 89 17 -13 5 17 41

0 54 73 83 -20 19 20 1

0 16 26 98 -9 6 9 26

0 27 34 90 -10 1 12 26

0 63 73 95 -12 22 35 34

0 13 39 55 -4 19 49 48

0 4 75 15 -8 8 45 22

0 20 27 21 -2 16 18 49

0 13 22 10 -20 1 5 34

0 25 55 32 -17 9 32 3

0 29 33 77 -3 9 47 27

0 28 45 73 -12 13 38 8

0 0 1 60 -6 13 23 21

0 10 16 93 -1 24 33 22

0 32 37 65 -16 10 48 41

0 17 22 79 -1 0 10 40

0 25 57 40 -4 22 41 40

0 17 18 25 -20 1 12 47

0 0 1 16 -14 29 39 25

0 4 5 12 -20 30 35 37

0 4 74 51 -10 0 44 29

0 8 12 16 -12 11 40 19

0 16 21 29 -8 29 44 40

0 4 15 39 -16 10 25 5

0 5 10 99 -9 19 48 16

0 21 24 11 -4 3 23 35

0 3 19 67 -20 8 46 45

0 2 5 89 -10 36 42 23

0 25 87 21 -13 24 45 47

0 0 17 24 -6 11 26 28

0 5 14 20 -1 9 44 10

0 25 26 13 -13 22 44 22

0 0 12 1 -11 0 17 30

0 0 29 64 -7 7 39 43

0 2 3 29 -7 0 6 49

0 5 8 0 -13 22 24 37

0 4 17 50 -8 7 38 49


SAlphaB: 699.0, std-dev 257.8654476483988

Earliest win: 33
Latest win: 81

WinDepth:
0 0 0 0 0 0 0 0 0 0 0 0 0 0 0 0 0 0 0 0 0 0 0 0 0 0 0 0 0 0 0 0 0 1 0 1 0 8 1 8 9 8 0 12 3 26 14 52 26 53 61 201 69 111 91 184 117 197 197 160 181 239 232 319 326 329 403 421 419 418 458 420 382 432 410 405 290 243 195 134 99 70 
SAlphaB:
0 0 0 0 0 0 0 0 0 0 0 0 0 0 0 0 0 0 0 0 0 0 0 0 0 0 0 0 0 0 0 0 0 1 0 1 0 8 1 8 9 8 0 12 3 26 14 52 26 53 61 201 69 111 91 184 117 197 197 160 181 239 232 319 326 329 403 421 419 418 458 420 382 432 410 405 290 243 195 134 99 70 

LossDepth:
SAlphaB:
0 0 0 0 0 0 0 0 0 0 0 0 0 0 0 0 0 0 0 0 0 0 0 0 0 0 0 0 0 0 0 0 0 1 0 1 0 8 1 8 9 8 0 12 3 26 14 52 26 53 61 201 69 111 91 184 117 197 197 160 181 239 232 319 326 329 403 421 419 418 458 420 382 432 410 405 290 243 195 134 99 70 

FirstWin:
0 0 0 0 0 0 0 0 0 0 0 0 0 0 0 0 0 0 0 0 0 0 0 0 0 0 0 0 0 0 0 0 0 1 0 1 0 8 0 8 0 8 0 12 0 26 0 52 0 53 0 201 0 111 0 184 0 197 0 160 0 239 0 319 0 329 0 421 0 418 0 420 0 432 0 405 0 243 0 134 0 70 
SAlphaB:
0 0 0 0 0 0 0 0 0 0 0 0 0 0 0 0 0 0 0 0 0 0 0 0 0 0 0 0 0 0 0 0 0 1 0 1 0 8 0 8 0 8 0 12 0 26 0 52 0 53 0 201 0 111 0 184 0 197 0 160 0 239 0 319 0 329 0 421 0 418 0 420 0 432 0 405 0 243 0 134 0 70 

SecondWin:
0 0 0 0 0 0 0 0 0 0 0 0 0 0 0 0 0 0 0 0 0 0 0 0 0 0 0 0 0 0 0 0 0 0 0 0 0 0 1 0 9 0 0 0 3 0 14 0 26 0 61 0 69 0 91 0 117 0 197 0 181 0 232 0 326 0 403 0 419 0 458 0 382 0 410 0 290 0 195 0 99 0 
SAlphaB:
0 0 0 0 0 0 0 0 0 0 0 0 0 0 0 0 0 0 0 0 0 0 0 0 0 0 0 0 0 0 0 0 0 0 0 0 0 0 1 0 9 0 0 0 3 0 14 0 26 0 61 0 69 0 91 0 117 0 197 0 181 0 232 0 326 0 403 0 419 0 458 0 382 0 410 0 290 0 195 0 99 0 
