0 28 93 15 -20 2 9 18

0 40 67 96 -19 4 6 8

0 16 66 91 -17 0 1 13

0 59 82 54 -10 5 30 43

0 57 99 21 -1 4 19 17

0 12 95 86 -8 10 14 21

0 52 75 68 -13 7 47 18

0 67 92 88 -11 2 14 15

0 33 42 30 -7 1 26 31

0 0 53 52 -16 13 21 16

0 50 54 55 -1 13 23 21

0 7 82 0 -13 11 24 23

0 57 61 66 -20 2 11 24

0 40 62 90 -4 29 34 23

0 31 61 11 -5 2 7 34

0 44 54 94 -16 20 34 8

0 29 53 29 -15 1 16 38

0 29 72 87 -16 6 17 45

0 30 71 93 -1 42 49 19

0 32 51 6 -14 9 25 14

0 22 47 70 -16 12 14 12

0 20 61 69 -16 22 34 11

0 69 70 33 -6 15 31 22

0 39 55 10 -10 10 19 11

0 6 39 42 -14 12 19 11

0 15 51 74 -15 2 5 2

0 23 33 96 -12 13 37 25

0 20 85 44 -14 16 37 0

0 36 60 84 -2 3 4 36

0 28 78 95 -14 9 42 33

0 49 91 33 -3 22 36 38

0 9 21 79 -3 8 9 12

0 22 87 56 -15 30 33 38

0 13 95 40 -14 9 12 41

0 21 37 97 -5 27 42 30

0 19 86 28 -18 15 17 3

0 3 80 42 -20 36 44 2

0 36 60 57 -14 2 4 30

0 25 80 46 -8 34 39 49

0 18 24 97 -5 27 29 32

0 19 62 84 -12 28 34 25

0 18 40 76 -1 8 11 30

0 7 67 33 -19 24 42 8

0 25 27 13 -9 6 14 22

0 78 91 94 -11 21 26 38

0 76 99 3 -7 26 45 46

0 39 74 10 -15 3 36 3

0 11 88 22 -7 11 20 24

0 62 87 71 -8 2 3 21

0 37 49 66 -14 18 29 36

0 8 74 5 -20 1 2 42

0 63 67 96 -15 34 39 10

0 25 98 50 -13 6 24 22

0 4 74 12 -7 13 40 38

0 34 44 15 -15 14 27 46

0 19 20 48 -20 5 16 25

0 72 91 6 -16 24 25 17

0 45 91 93 -17 31 34 5

0 54 72 37 -3 0 5 25

0 19 97 34 -16 15 45 40

0 16 63 25 -5 6 46 23

0 29 66 12 -15 12 20 15

0 8 22 25 -1 12 28 8

0 16 53 4 -7 8 12 8

0 25 70 89 -13 30 49 40

0 7 71 57 -16 1 6 2

0 2 41 81 -16 9 30 3

0 17 22 91 -16 11 24 15

0 9 67 8 -19 4 7 38

0 24 55 22 -20 15 18 41

0 9 33 23 -11 20 40 11

0 6 22 50 -16 0 3 49

0 27 31 19 -7 11 37 5

0 15 90 24 -7 1 35 27

0 42 93 89 -1 19 21 9

0 2 39 60 -7 0 5 30

0 49 57 88 -4 29 35 6

0 41 54 2 -1 31 47 4

0 56 68 0 -15 3 4 48

0 25 26 81 -12 5 17 30

0 15 27 32 -2 16 41 23

0 6 22 62 -14 3 27 2

0 5 17 6 -8 13 42 42

0 3 4 58 -1 16 26 38

0 1 19 41 -14 23 39 22

0 1 2 76 -4 41 48 11

0 0 25 75 -4 1 7 32

0 1 8 33 -14 3 14 18

0 39 40 16 -9 1 43 29

0 5 7 17 -12 18 47 35

0 5 11 35 -19 9 48 47

0 2 4 88 -8 1 8 14

0 1 8 58 -11 8 21 18

0 11 25 2 -1 1 18 20

0 3 12 27 -5 0 1 45

0 0 1 16 -16 27 35 15

0 0 1 43 -2 3 15 14

0 1 12 33 -7 7 43 2

0 0 1 68 -10 0 29 28

0 3 7 33 -15 9 10 0


SAlphaB: 697.0, std-dev 270.9233941634618

Earliest win: 37
Latest win: 81

WinDepth:
0 0 0 0 0 0 0 0 0 0 0 0 0 0 0 0 0 0 0 0 0 0 0 0 0 0 0 0 0 0 0 0 0 0 0 0 0 4 0 5 1 5 5 16 20 24 17 23 23 48 78 194 103 111 112 164 118 179 144 212 179 246 234 403 347 348 390 391 402 428 405 447 442 381 393 362 272 258 178 117 99 69 
SAlphaB:
0 0 0 0 0 0 0 0 0 0 0 0 0 0 0 0 0 0 0 0 0 0 0 0 0 0 0 0 0 0 0 0 0 0 0 0 0 4 0 5 1 5 5 16 20 24 17 23 23 48 78 194 103 111 112 164 118 179 144 212 179 246 234 403 347 348 390 391 402 428 405 447 442 381 393 362 272 258 178 117 99 69 

LossDepth:
SAlphaB:
0 0 0 0 0 0 0 0 0 0 0 0 0 0 0 0 0 0 0 0 0 0 0 0 0 0 0 0 0 0 0 0 0 0 0 0 0 4 0 5 1 5 5 16 20 24 17 23 23 48 78 194 103 111 112 164 118 179 144 212 179 246 234 403 347 348 390 391 402 428 405 447 442 381 393 362 272 258 178 117 99 69 

FirstWin:
0 0 0 0 0 0 0 0 0 0 0 0 0 0 0 0 0 0 0 0 0 0 0 0 0 0 0 0 0 0 0 0 0 0 0 0 0 4 0 5 0 5 0 16 0 24 0 23 0 48 0 194 0 111 0 164 0 179 0 212 0 246 0 403 0 348 0 391 0 428 0 447 0 381 0 362 0 258 0 117 0 69 
SAlphaB:
0 0 0 0 0 0 0 0 0 0 0 0 0 0 0 0 0 0 0 0 0 0 0 0 0 0 0 0 0 0 0 0 0 0 0 0 0 4 0 5 0 5 0 16 0 24 0 23 0 48 0 194 0 111 0 164 0 179 0 212 0 246 0 403 0 348 0 391 0 428 0 447 0 381 0 362 0 258 0 117 0 69 

SecondWin:
0 0 0 0 0 0 0 0 0 0 0 0 0 0 0 0 0 0 0 0 0 0 0 0 0 0 0 0 0 0 0 0 0 0 0 0 0 0 0 0 1 0 5 0 20 0 17 0 23 0 78 0 103 0 112 0 118 0 144 0 179 0 234 0 347 0 390 0 402 0 405 0 442 0 393 0 272 0 178 0 99 0 
SAlphaB:
0 0 0 0 0 0 0 0 0 0 0 0 0 0 0 0 0 0 0 0 0 0 0 0 0 0 0 0 0 0 0 0 0 0 0 0 0 0 0 0 1 0 5 0 20 0 17 0 23 0 78 0 103 0 112 0 118 0 144 0 179 0 234 0 347 0 390 0 402 0 405 0 442 0 393 0 272 0 178 0 99 0 
