0 60 98 46 -6 5 26 36

0 47 97 46 -1 8 41 33

0 44 56 69 -11 8 14 13

0 59 97 5 -13 0 18 33

0 56 84 7 -14 3 6 11

0 17 56 80 -3 0 1 4

0 40 85 53 -2 2 14 11

0 49 90 46 -1 3 20 41

0 22 77 72 -6 11 38 13

0 29 32 58 -10 6 13 16

0 3 47 79 -13 3 10 22

0 10 57 55 -18 6 15 13

0 14 91 27 -2 2 4 2

0 52 71 89 -18 2 19 23

0 44 71 95 -5 3 22 34

0 56 77 41 -2 6 16 30

0 15 78 36 -15 0 2 48

0 56 84 5 -14 3 44 29

0 10 50 46 -9 13 27 2

0 32 48 26 -1 3 10 19

0 10 27 85 -9 0 1 5

0 16 31 24 -4 14 31 6

0 5 83 90 -10 36 41 41

0 29 55 90 -9 0 18 21

0 24 88 97 -12 0 21 44

0 6 51 18 -1 10 30 27

0 0 97 76 -9 17 28 24

0 1 73 98 -4 12 31 47

0 35 88 0 -18 16 29 42

0 49 86 64 -11 47 49 15

0 61 77 24 -6 2 22 28

0 24 30 23 -7 14 31 13

0 9 54 88 -10 9 28 30

0 19 47 47 -11 1 6 37

0 79 88 20 -15 2 6 3

0 88 92 98 -1 1 24 39

0 70 78 71 -7 26 35 35

0 67 77 54 -19 10 22 44

0 52 99 79 -19 27 31 45

0 53 54 48 -14 2 4 42

0 35 51 20 -7 7 13 31

0 49 52 80 -11 3 5 26

0 27 59 40 -12 4 5 33

0 12 56 76 -1 18 37 40

0 3 91 19 -20 0 23 12

0 48 81 20 -4 4 7 48

0 13 44 32 -7 0 1 48

0 3 45 94 -5 6 20 5

0 2 41 90 -5 25 35 10

0 63 88 47 -12 9 13 30

0 40 48 43 -13 3 33 13

0 19 25 95 -7 6 16 34

0 13 67 2 -8 14 31 25

0 23 61 38 -3 42 45 23

0 2 28 69 -15 23 25 41

0 13 70 69 -8 12 49 4

0 23 66 62 -15 0 42 30

0 11 91 74 -18 2 29 11

0 37 53 18 -16 14 42 1

0 5 68 83 -4 0 23 46

0 20 26 97 -1 20 33 25

0 28 76 48 -10 6 32 44

0 3 11 95 -13 0 6 2

0 14 42 27 -10 22 37 18

0 29 38 17 -12 18 31 29

0 13 20 77 -19 18 25 1

0 0 38 81 -18 2 32 6

0 29 62 72 -12 8 46 25

0 16 43 16 -16 22 24 38

0 5 7 86 -8 0 2 8

0 26 39 13 -13 28 35 29

0 20 47 96 -18 3 20 36

0 9 25 21 -17 1 2 23

0 0 70 98 -10 0 1 46

0 18 26 1 -14 31 35 47

0 20 22 26 -10 7 11 46

0 0 20 92 -9 13 48 43

0 0 14 2 -9 30 33 10

0 7 36 46 -16 1 23 10

0 18 45 30 -19 28 36 12

0 0 3 28 -8 13 17 29

0 12 13 82 -2 0 1 45

0 1 24 84 -1 20 29 1

0 6 17 74 -2 10 28 38

0 4 5 99 -17 12 17 13

0 3 4 88 -1 13 42 32

0 1 20 69 -12 11 38 28

0 1 89 97 -17 5 29 18

0 0 3 20 -5 9 22 35

0 3 19 7 -4 25 37 2

0 9 18 19 -15 18 33 41

0 2 14 1 -6 3 4 0

0 0 17 33 -9 7 38 35

0 0 14 52 -5 11 47 35

0 1 6 39 -13 23 29 6

0 12 19 73 -3 5 26 36

0 8 9 17 -4 19 34 43

0 0 18 76 -6 1 3 38

0 7 8 37 -8 17 21 42

0 0 1 23 -3 3 48 6


SAlphaB: 704.0, std-dev 246.03089585897888

Earliest win: 37
Latest win: 81

WinDepth:
0 0 0 0 0 0 0 0 0 0 0 0 0 0 0 0 0 0 0 0 0 0 0 0 0 0 0 0 0 0 0 0 0 0 0 0 0 1 3 2 13 1 3 15 13 16 19 31 15 78 54 203 97 93 90 178 110 191 137 192 151 244 229 294 319 409 384 388 370 408 395 456 430 395 430 385 303 233 215 148 119 87 
SAlphaB:
0 0 0 0 0 0 0 0 0 0 0 0 0 0 0 0 0 0 0 0 0 0 0 0 0 0 0 0 0 0 0 0 0 0 0 0 0 1 3 2 13 1 3 15 13 16 19 31 15 78 54 203 97 93 90 178 110 191 137 192 151 244 229 294 319 409 384 388 370 408 395 456 430 395 430 385 303 233 215 148 119 87 

LossDepth:
SAlphaB:
0 0 0 0 0 0 0 0 0 0 0 0 0 0 0 0 0 0 0 0 0 0 0 0 0 0 0 0 0 0 0 0 0 0 0 0 0 1 3 2 13 1 3 15 13 16 19 31 15 78 54 203 97 93 90 178 110 191 137 192 151 244 229 294 319 409 384 388 370 408 395 456 430 395 430 385 303 233 215 148 119 87 

FirstWin:
0 0 0 0 0 0 0 0 0 0 0 0 0 0 0 0 0 0 0 0 0 0 0 0 0 0 0 0 0 0 0 0 0 0 0 0 0 1 0 2 0 1 0 15 0 16 0 31 0 78 0 203 0 93 0 178 0 191 0 192 0 244 0 294 0 409 0 388 0 408 0 456 0 395 0 385 0 233 0 148 0 87 
SAlphaB:
0 0 0 0 0 0 0 0 0 0 0 0 0 0 0 0 0 0 0 0 0 0 0 0 0 0 0 0 0 0 0 0 0 0 0 0 0 1 0 2 0 1 0 15 0 16 0 31 0 78 0 203 0 93 0 178 0 191 0 192 0 244 0 294 0 409 0 388 0 408 0 456 0 395 0 385 0 233 0 148 0 87 

SecondWin:
0 0 0 0 0 0 0 0 0 0 0 0 0 0 0 0 0 0 0 0 0 0 0 0 0 0 0 0 0 0 0 0 0 0 0 0 0 0 3 0 13 0 3 0 13 0 19 0 15 0 54 0 97 0 90 0 110 0 137 0 151 0 229 0 319 0 384 0 370 0 395 0 430 0 430 0 303 0 215 0 119 0 
SAlphaB:
0 0 0 0 0 0 0 0 0 0 0 0 0 0 0 0 0 0 0 0 0 0 0 0 0 0 0 0 0 0 0 0 0 0 0 0 0 0 3 0 13 0 3 0 13 0 19 0 15 0 54 0 97 0 90 0 110 0 137 0 151 0 229 0 319 0 384 0 370 0 395 0 430 0 430 0 303 0 215 0 119 0 
