0 48 97 34 -4 11 19 3

0 33 90 6 -2 1 9 4

0 35 82 9 -3 4 20 12

0 57 96 43 -4 14 37 37

0 43 88 44 -9 5 12 0

0 18 90 61 -15 2 14 18

0 33 96 23 -6 8 22 38

0 12 71 89 -9 0 6 31

0 56 76 65 -9 8 24 6

0 21 92 48 -20 33 47 17

0 48 68 38 -7 22 48 6

0 50 95 46 -15 10 25 13

0 51 88 79 -1 2 5 22

0 47 62 20 -8 1 2 29

0 1 94 67 -11 18 26 32

0 49 85 61 -16 4 24 1

0 54 59 5 -19 3 29 30

0 9 69 83 -16 1 8 30

0 44 66 63 -12 15 30 46

0 33 61 83 -17 4 27 26

0 28 89 10 -17 1 6 44

0 14 99 74 -15 0 12 38

0 11 34 65 -12 3 5 26

0 25 40 63 -8 10 32 23

0 41 68 40 -18 1 10 49

0 26 84 84 -20 23 36 2

0 16 38 44 -3 1 2 33

0 25 75 81 -15 0 17 41

0 52 74 27 -3 16 31 7

0 19 78 67 -6 6 47 19

0 14 33 79 -13 2 4 17

0 13 45 34 -2 19 31 1

0 35 86 60 -16 37 49 4

0 60 82 51 -20 45 48 25

0 7 91 56 -7 16 43 33

0 81 97 26 -8 18 28 18

0 34 77 69 -2 6 38 4

0 13 67 10 -20 16 33 35

0 24 58 46 -2 15 44 27

0 57 75 32 -13 11 17 47

0 10 19 91 -19 7 10 25

0 48 55 2 -2 3 7 20

0 15 68 42 -16 4 32 25

0 24 41 46 -8 20 37 40

0 3 10 20 -12 0 17 16

0 6 25 96 -12 11 21 26

0 31 51 18 -4 18 41 16

0 15 36 7 -1 10 15 27

0 58 73 40 -14 33 38 37

0 13 75 80 -12 8 39 13

0 3 42 99 -3 20 27 49

0 7 32 82 -7 36 41 37

0 22 64 12 -10 39 44 20

0 54 66 84 -14 19 41 15

0 15 32 69 -9 0 23 31

0 23 42 17 -19 11 46 15

0 18 19 51 -1 9 13 20

0 15 25 13 -15 10 41 20

0 6 11 80 -7 8 13 27

0 64 95 17 -5 0 1 47

0 13 30 37 -1 7 8 47

0 15 22 78 -13 12 36 14

0 8 10 16 -17 0 5 20

0 6 18 62 -2 8 48 41

0 29 50 25 -20 24 28 16

0 10 14 61 -19 6 40 42

0 15 27 4 -1 27 35 7

0 5 15 66 -13 8 34 17

0 0 86 59 -9 11 49 25

0 20 35 30 -14 4 18 32

0 80 89 1 -4 0 6 43

0 14 29 33 -11 4 20 28

0 0 1 66 -19 11 35 18

0 12 26 15 -8 19 30 34

0 27 33 15 -17 26 47 47

0 25 96 91 -10 36 42 45

0 3 5 56 -16 7 29 12

0 0 43 27 -13 18 36 24

0 67 80 40 -2 27 35 0

0 41 52 44 -13 16 38 35

0 44 53 67 -19 7 9 45

0 18 22 57 -5 2 8 41

0 5 8 39 -16 2 5 24

0 37 45 30 -20 20 47 46

0 20 76 43 -8 12 25 42

0 2 7 38 -6 10 28 12

0 22 26 22 -20 4 24 31

0 4 7 87 -19 1 3 46

0 1 8 39 -10 5 23 26

0 0 2 85 -2 1 2 33

0 17 42 15 -4 24 46 43

0 3 10 13 -12 23 31 4

0 3 12 32 -9 17 34 1

0 4 7 94 -11 22 33 34

0 10 16 45 -19 2 26 2

0 5 9 22 -13 25 40 24

0 0 1 81 -14 3 4 47

0 9 12 93 -4 29 35 19

0 1 18 42 -6 28 38 42

0 8 9 63 -15 21 29 8


SAlphaB: 699.0, std-dev 259.25439585024736

Earliest win: 33
Latest win: 81

WinDepth:
0 0 0 0 0 0 0 0 0 0 0 0 0 0 0 0 0 0 0 0 0 0 0 0 0 0 0 0 0 0 0 0 0 1 0 1 0 1 1 2 14 7 2 16 13 37 15 27 14 93 49 201 105 129 99 205 127 187 174 165 169 220 241 296 292 327 412 313 476 416 460 443 434 408 400 330 260 223 230 146 88 104 
SAlphaB:
0 0 0 0 0 0 0 0 0 0 0 0 0 0 0 0 0 0 0 0 0 0 0 0 0 0 0 0 0 0 0 0 0 1 0 1 0 1 1 2 14 7 2 16 13 37 15 27 14 93 49 201 105 129 99 205 127 187 174 165 169 220 241 296 292 327 412 313 476 416 460 443 434 408 400 330 260 223 230 146 88 104 

LossDepth:
SAlphaB:
0 0 0 0 0 0 0 0 0 0 0 0 0 0 0 0 0 0 0 0 0 0 0 0 0 0 0 0 0 0 0 0 0 1 0 1 0 1 1 2 14 7 2 16 13 37 15 27 14 93 49 201 105 129 99 205 127 187 174 165 169 220 241 296 292 327 412 313 476 416 460 443 434 408 400 330 260 223 230 146 88 104 

FirstWin:
0 0 0 0 0 0 0 0 0 0 0 0 0 0 0 0 0 0 0 0 0 0 0 0 0 0 0 0 0 0 0 0 0 1 0 1 0 1 0 2 0 7 0 16 0 37 0 27 0 93 0 201 0 129 0 205 0 187 0 165 0 220 0 296 0 327 0 313 0 416 0 443 0 408 0 330 0 223 0 146 0 104 
SAlphaB:
0 0 0 0 0 0 0 0 0 0 0 0 0 0 0 0 0 0 0 0 0 0 0 0 0 0 0 0 0 0 0 0 0 1 0 1 0 1 0 2 0 7 0 16 0 37 0 27 0 93 0 201 0 129 0 205 0 187 0 165 0 220 0 296 0 327 0 313 0 416 0 443 0 408 0 330 0 223 0 146 0 104 

SecondWin:
0 0 0 0 0 0 0 0 0 0 0 0 0 0 0 0 0 0 0 0 0 0 0 0 0 0 0 0 0 0 0 0 0 0 0 0 0 0 1 0 14 0 2 0 13 0 15 0 14 0 49 0 105 0 99 0 127 0 174 0 169 0 241 0 292 0 412 0 476 0 460 0 434 0 400 0 260 0 230 0 88 0 
SAlphaB:
0 0 0 0 0 0 0 0 0 0 0 0 0 0 0 0 0 0 0 0 0 0 0 0 0 0 0 0 0 0 0 0 0 0 0 0 0 0 1 0 14 0 2 0 13 0 15 0 14 0 49 0 105 0 99 0 127 0 174 0 169 0 241 0 292 0 412 0 476 0 460 0 434 0 400 0 260 0 230 0 88 0 
