0 30 41 25 -20 1 4 13

0 76 84 34 -13 3 34 14

0 31 48 18 -14 3 12 7

0 48 70 14 -6 4 26 12

0 57 99 71 -2 1 6 10

0 9 38 68 -10 15 27 15

0 54 82 67 -15 20 23 4

0 64 82 36 -19 4 26 1

0 8 83 15 -20 14 33 19

0 31 81 60 -13 26 35 15

0 47 64 78 -14 5 19 48

0 28 81 97 -16 4 9 4

0 82 95 21 -14 0 2 18

0 29 32 82 -8 3 11 33

0 54 74 9 -2 13 27 37

0 1 25 33 -4 7 13 1

0 33 92 54 -19 12 13 38

0 35 54 43 -1 12 20 12

0 32 80 56 -4 16 21 9

0 84 87 71 -8 29 42 28

0 25 66 92 -1 30 48 24

0 27 55 80 -12 18 37 28

0 36 50 62 -18 0 3 45

0 67 82 41 -6 12 30 45

0 88 93 33 -19 4 16 20

0 51 52 34 -20 7 40 2

0 51 71 79 -19 29 46 3

0 34 55 39 -18 3 5 43

0 32 34 90 -2 44 49 8

0 62 69 19 -10 17 34 12

0 10 74 8 -13 5 18 12

0 71 79 71 -11 1 5 13

0 24 82 43 -19 16 22 13

0 58 60 77 -3 15 21 47

0 38 96 18 -7 10 14 33

0 40 81 47 -10 17 26 33

0 28 87 79 -19 4 18 8

0 3 27 18 -15 3 6 11

0 16 67 83 -18 19 21 33

0 38 69 99 -4 22 24 36

0 17 92 46 -14 19 45 27

0 7 99 4 -18 29 42 16

0 41 78 54 -20 13 14 43

0 17 33 95 -17 12 19 20

0 27 70 49 -17 8 36 41

0 40 78 3 -3 20 26 37

0 14 54 6 -3 5 13 31

0 45 58 81 -18 12 31 6

0 15 51 78 -16 1 17 42

0 38 49 16 -6 24 36 5

0 31 86 22 -19 2 4 43

0 4 66 15 -7 0 2 35

0 15 82 1 -13 6 41 2

0 13 69 8 -20 22 28 6

0 40 48 30 -16 11 39 32

0 15 79 34 -16 9 45 43

0 8 68 31 -14 39 44 47

0 7 41 96 -11 15 16 33

0 17 56 52 -17 1 38 14

0 49 61 93 -13 3 6 37

0 25 70 96 -13 9 37 47

0 34 40 86 -15 11 28 8

0 10 65 17 -14 2 41 11

0 23 28 89 -2 6 37 10

0 5 50 91 -8 16 21 33

0 23 99 2 -18 10 28 49

0 9 16 70 -17 43 46 47

0 35 36 23 -5 21 36 43

0 59 67 98 -4 19 33 36

0 4 31 0 -20 0 1 26

0 52 77 38 -18 38 42 16

0 0 24 86 -18 11 41 43

0 10 27 68 -15 18 24 42

0 0 14 71 -18 0 7 30

0 10 86 39 -17 17 32 33

0 0 10 27 -3 0 8 3

0 13 25 3 -12 17 31 49

0 2 11 31 -13 14 33 1

0 8 38 88 -15 8 38 42

0 9 45 46 -12 8 40 47

0 10 15 19 -8 30 46 19

0 0 1 95 -6 6 19 8

0 45 75 0 -1 35 44 2

0 5 7 75 -11 26 30 4

0 25 28 19 -7 15 36 36

0 14 20 20 -16 31 43 7

0 6 8 55 -15 0 1 17

0 23 45 46 -3 6 46 26

0 12 28 91 -5 34 37 29

0 11 23 51 -15 32 46 10

0 26 69 21 -11 17 31 40

0 0 11 5 -16 0 11 25

0 12 34 49 -19 25 48 47

0 15 24 12 -4 1 25 33

0 32 75 56 -17 8 49 48

0 3 17 82 -7 3 27 4

0 1 26 14 -5 3 11 48

0 3 6 22 -8 8 22 45

0 0 2 72 -14 9 36 32

0 2 4 91 -6 3 34 4


SAlphaB: 715.0, std-dev 267.0244361382484

Earliest win: 37
Latest win: 81

WinDepth:
0 0 0 0 0 0 0 0 0 0 0 0 0 0 0 0 0 0 0 0 0 0 0 0 0 0 0 0 0 0 0 0 0 0 0 0 0 3 0 3 20 9 1 10 11 24 5 37 28 50 47 176 115 161 59 188 122 193 119 209 163 229 240 377 323 386 378 387 444 412 407 457 394 384 395 340 290 242 174 149 102 73 
SAlphaB:
0 0 0 0 0 0 0 0 0 0 0 0 0 0 0 0 0 0 0 0 0 0 0 0 0 0 0 0 0 0 0 0 0 0 0 0 0 3 0 3 20 9 1 10 11 24 5 37 28 50 47 176 115 161 59 188 122 193 119 209 163 229 240 377 323 386 378 387 444 412 407 457 394 384 395 340 290 242 174 149 102 73 

LossDepth:
SAlphaB:
0 0 0 0 0 0 0 0 0 0 0 0 0 0 0 0 0 0 0 0 0 0 0 0 0 0 0 0 0 0 0 0 0 0 0 0 0 3 0 3 20 9 1 10 11 24 5 37 28 50 47 176 115 161 59 188 122 193 119 209 163 229 240 377 323 386 378 387 444 412 407 457 394 384 395 340 290 242 174 149 102 73 

FirstWin:
0 0 0 0 0 0 0 0 0 0 0 0 0 0 0 0 0 0 0 0 0 0 0 0 0 0 0 0 0 0 0 0 0 0 0 0 0 3 0 3 0 9 0 10 0 24 0 37 0 50 0 176 0 161 0 188 0 193 0 209 0 229 0 377 0 386 0 387 0 412 0 457 0 384 0 340 0 242 0 149 0 73 
SAlphaB:
0 0 0 0 0 0 0 0 0 0 0 0 0 0 0 0 0 0 0 0 0 0 0 0 0 0 0 0 0 0 0 0 0 0 0 0 0 3 0 3 0 9 0 10 0 24 0 37 0 50 0 176 0 161 0 188 0 193 0 209 0 229 0 377 0 386 0 387 0 412 0 457 0 384 0 340 0 242 0 149 0 73 

SecondWin:
0 0 0 0 0 0 0 0 0 0 0 0 0 0 0 0 0 0 0 0 0 0 0 0 0 0 0 0 0 0 0 0 0 0 0 0 0 0 0 0 20 0 1 0 11 0 5 0 28 0 47 0 115 0 59 0 122 0 119 0 163 0 240 0 323 0 378 0 444 0 407 0 394 0 395 0 290 0 174 0 102 0 
SAlphaB:
0 0 0 0 0 0 0 0 0 0 0 0 0 0 0 0 0 0 0 0 0 0 0 0 0 0 0 0 0 0 0 0 0 0 0 0 0 0 0 0 20 0 1 0 11 0 5 0 28 0 47 0 115 0 59 0 122 0 119 0 163 0 240 0 323 0 378 0 444 0 407 0 394 0 395 0 290 0 174 0 102 0 
