0 70 92 74 -15 14 22 30

0 59 70 95 -1 16 40 6

0 61 75 82 -1 12 27 12

0 49 97 66 -17 4 13 0

0 66 67 50 -13 4 20 19

0 56 82 84 -12 4 26 31

0 34 68 81 -9 4 8 6

0 57 85 68 -7 3 21 28

0 40 95 71 -4 8 27 36

0 72 81 0 -9 13 30 46

0 59 79 72 -5 6 7 4

0 10 81 31 -12 0 1 40

0 39 98 23 -16 9 20 46

0 70 83 31 -4 9 37 41

0 43 72 6 -12 9 26 14

0 41 60 40 -15 2 6 3

0 16 63 68 -2 6 32 8

0 90 91 73 -12 3 26 33

0 87 99 44 -1 21 41 20

0 29 85 9 -20 7 27 19

0 11 86 83 -2 27 39 11

0 34 63 7 -1 10 12 7

0 29 34 28 -11 0 2 9

0 61 78 60 -5 5 16 48

0 56 82 97 -19 4 11 43

0 66 97 12 -7 1 24 35

0 13 61 41 -15 17 33 8

0 19 37 51 -16 12 40 28

0 31 64 71 -4 12 17 2

0 62 97 88 -8 15 26 42

0 1 88 79 -5 32 49 4

0 38 63 32 -13 12 14 29

0 91 97 18 -17 0 6 37

0 27 29 21 -12 38 40 23

0 17 28 48 -17 12 26 29

0 39 54 96 -20 17 29 11

0 29 32 14 -11 18 22 18

0 38 43 30 -6 8 34 1

0 8 94 23 -16 7 46 41

0 47 98 1 -19 10 45 22

0 3 68 24 -10 5 39 16

0 8 78 54 -1 33 35 24

0 1 24 59 -4 11 23 11

0 8 14 95 -18 2 3 16

0 17 52 71 -12 28 41 32

0 59 62 17 -10 21 39 44

0 4 24 72 -4 13 29 3

0 20 22 86 -10 14 43 11

0 89 98 97 -12 1 4 39

0 1 65 33 -9 7 8 26

0 27 52 86 -16 31 33 5

0 22 29 82 -4 13 47 18

0 23 45 5 -1 3 8 43

0 33 35 99 -16 10 39 42

0 91 99 95 -7 31 32 8

0 59 75 32 -18 11 15 44

0 15 29 45 -14 17 21 13

0 36 44 82 -6 9 14 5

0 35 78 91 -2 21 24 8

0 14 25 72 -9 25 49 17

0 22 72 3 -17 9 36 16

0 7 85 95 -8 3 8 35

0 31 32 85 -3 39 47 43

0 29 72 37 -9 18 37 15

0 8 28 38 -12 17 40 8

0 7 82 95 -16 5 39 22

0 49 99 59 -10 34 40 28

0 37 74 55 -11 8 46 40

0 82 96 10 -2 34 43 45

0 9 45 16 -19 33 36 30

0 22 35 7 -4 22 38 22

0 45 81 12 -11 36 37 19

0 7 15 48 -14 10 12 22

0 15 46 31 -20 32 34 22

0 15 36 31 -8 32 46 14

0 36 75 53 -4 25 46 27

0 73 88 1 -5 3 4 47

0 1 40 46 -11 22 40 31

0 10 14 63 -2 15 16 13

0 8 17 16 -19 15 22 10

0 15 18 55 -1 18 38 30

0 36 51 38 -6 25 41 22

0 22 28 41 -10 1 44 25

0 1 14 65 -14 26 42 43

0 8 29 39 -16 14 48 42

0 2 62 8 -15 4 8 45

0 20 47 82 -5 0 20 49

0 26 28 4 -4 0 1 34

0 2 5 17 -7 9 27 41

0 5 13 95 -14 24 43 35

0 0 11 91 -20 2 11 8

0 15 19 65 -5 15 34 47

0 5 36 71 -8 8 13 47

0 29 47 33 -12 24 27 34

0 0 3 45 -3 34 48 27

0 1 4 73 -20 1 20 6

0 1 3 71 -11 37 41 21

0 0 3 48 -13 0 12 25

0 2 3 44 -14 16 20 40

0 1 2 45 -11 2 5 32


SAlphaB: 727.0, std-dev 286.71352488770975

Earliest win: 36
Latest win: 81

WinDepth:
0 0 0 0 0 0 0 0 0 0 0 0 0 0 0 0 0 0 0 0 0 0 0 0 0 0 0 0 0 0 0 0 0 0 0 0 1 3 1 3 11 5 1 5 8 19 10 38 18 67 64 188 66 98 70 111 96 169 145 155 153 223 267 254 319 403 410 393 466 449 497 448 404 487 437 395 235 290 179 166 84 71 
SAlphaB:
0 0 0 0 0 0 0 0 0 0 0 0 0 0 0 0 0 0 0 0 0 0 0 0 0 0 0 0 0 0 0 0 0 0 0 0 1 3 1 3 11 5 1 5 8 19 10 38 18 67 64 188 66 98 70 111 96 169 145 155 153 223 267 254 319 403 410 393 466 449 497 448 404 487 437 395 235 290 179 166 84 71 

LossDepth:
SAlphaB:
0 0 0 0 0 0 0 0 0 0 0 0 0 0 0 0 0 0 0 0 0 0 0 0 0 0 0 0 0 0 0 0 0 0 0 0 1 3 1 3 11 5 1 5 8 19 10 38 18 67 64 188 66 98 70 111 96 169 145 155 153 223 267 254 319 403 410 393 466 449 497 448 404 487 437 395 235 290 179 166 84 71 

FirstWin:
0 0 0 0 0 0 0 0 0 0 0 0 0 0 0 0 0 0 0 0 0 0 0 0 0 0 0 0 0 0 0 0 0 0 0 0 0 3 0 3 0 5 0 5 0 19 0 38 0 67 0 188 0 98 0 111 0 169 0 155 0 223 0 254 0 403 0 393 0 449 0 448 0 487 0 395 0 290 0 166 0 71 
SAlphaB:
0 0 0 0 0 0 0 0 0 0 0 0 0 0 0 0 0 0 0 0 0 0 0 0 0 0 0 0 0 0 0 0 0 0 0 0 0 3 0 3 0 5 0 5 0 19 0 38 0 67 0 188 0 98 0 111 0 169 0 155 0 223 0 254 0 403 0 393 0 449 0 448 0 487 0 395 0 290 0 166 0 71 

SecondWin:
0 0 0 0 0 0 0 0 0 0 0 0 0 0 0 0 0 0 0 0 0 0 0 0 0 0 0 0 0 0 0 0 0 0 0 0 1 0 1 0 11 0 1 0 8 0 10 0 18 0 64 0 66 0 70 0 96 0 145 0 153 0 267 0 319 0 410 0 466 0 497 0 404 0 437 0 235 0 179 0 84 0 
SAlphaB:
0 0 0 0 0 0 0 0 0 0 0 0 0 0 0 0 0 0 0 0 0 0 0 0 0 0 0 0 0 0 0 0 0 0 0 0 1 0 1 0 11 0 1 0 8 0 10 0 18 0 64 0 66 0 70 0 96 0 145 0 153 0 267 0 319 0 410 0 466 0 497 0 404 0 437 0 235 0 179 0 84 0 
