0 34 68 86 -10 8 18 7

0 53 82 36 -8 5 28 23

0 47 63 26 -13 1 3 6

0 86 99 67 -17 9 30 17

0 25 87 21 -11 10 31 27

0 51 58 78 -6 10 38 22

0 46 71 60 -16 5 11 32

0 4 58 55 -1 32 34 0

0 23 32 68 -13 0 9 14

0 60 99 8 -19 4 12 42

0 25 35 60 -5 3 22 6

0 9 51 34 -1 4 8 33

0 59 86 12 -8 10 15 23

0 90 93 43 -9 21 32 29

0 31 38 37 -9 2 13 29

0 22 33 75 -12 26 29 28

0 69 94 15 -4 8 46 44

0 47 86 34 -5 20 32 33

0 27 51 12 -10 5 21 43

0 61 65 69 -15 2 12 49

0 8 88 92 -4 16 20 20

0 87 99 72 -3 3 10 23

0 9 55 94 -19 20 22 30

0 10 22 68 -8 0 3 21

0 20 75 96 -7 15 19 35

0 24 68 46 -15 1 25 22

0 23 41 85 -10 8 23 29

0 6 64 83 -20 0 10 4

0 98 99 27 -5 30 45 13

0 40 48 79 -9 0 7 1

0 27 28 52 -14 0 35 5

0 7 79 96 -12 17 35 17

0 65 70 38 -4 4 19 27

0 31 41 32 -18 10 32 38

0 19 59 14 -5 7 39 3

0 33 83 1 -3 7 9 47

0 27 86 66 -18 8 43 19

0 53 91 25 -14 20 30 39

0 4 54 68 -9 18 34 1

0 54 79 96 -4 18 45 36

0 32 33 36 -16 21 23 10

0 8 55 5 -4 2 5 28

0 36 37 24 -15 7 43 19

0 64 73 3 -14 13 20 42

0 49 56 83 -4 6 11 8

0 47 84 65 -2 0 12 41

0 16 53 18 -15 25 34 2

0 30 45 99 -16 5 35 35

0 25 33 61 -11 6 21 45

0 29 36 79 -1 10 19 46

0 47 98 22 -18 26 40 31

0 20 61 77 -18 8 42 35

0 42 92 18 -18 20 23 19

0 18 36 97 -17 25 32 36

0 12 19 10 -17 1 2 1

0 7 51 73 -8 3 6 46

0 23 40 1 -1 2 5 36

0 15 47 12 -6 1 3 47

0 10 51 34 -4 34 49 15

0 2 6 59 -20 0 2 33

0 88 98 82 -1 0 6 40

0 54 72 80 -16 29 37 25

0 25 47 46 -14 19 30 20

0 11 50 53 -4 8 14 12

0 77 85 57 -4 5 9 40

0 15 29 56 -2 26 28 22

0 16 37 87 -11 30 37 2

0 31 54 42 -12 22 37 44

0 22 37 9 -5 7 14 40

0 0 8 57 -12 34 35 12

0 8 11 22 -19 41 48 26

0 1 5 56 -18 10 44 10

0 18 30 4 -19 7 11 0

0 72 80 25 -3 0 1 18

0 5 13 30 -18 45 47 45

0 25 30 91 -16 14 28 30

0 4 6 43 -11 5 7 4

0 21 40 25 -14 11 46 3

0 18 91 7 -10 38 49 23

0 33 44 72 -16 20 42 49

0 1 5 42 -8 10 30 47

0 67 80 7 -4 32 39 22

0 16 50 10 -17 27 46 44

0 10 18 62 -7 21 46 39

0 1 11 82 -16 8 13 7

0 6 8 48 -16 8 36 45

0 1 6 86 -4 2 18 23

0 1 2 2 -2 6 21 26

0 20 22 90 -13 28 42 9

0 21 27 44 -4 17 38 34

0 0 2 44 -16 5 48 38

0 0 24 68 -2 25 29 44

0 8 13 60 -5 5 31 35

0 0 2 37 -16 24 30 42

0 0 13 66 -18 23 26 2

0 7 36 91 -16 3 46 27

0 8 15 90 -3 12 46 20

0 2 8 16 -14 24 39 30

0 7 12 6 -1 18 31 42

0 7 11 17 -8 9 12 42


SAlphaB: 700.0, std-dev 259.91658996180627

Earliest win: 37
Latest win: 81

WinDepth:
0 0 0 0 0 0 0 0 0 0 0 0 0 0 0 0 0 0 0 0 0 0 0 0 0 0 0 0 0 0 0 0 0 0 0 0 0 4 0 7 12 7 5 13 7 29 14 36 19 64 86 217 103 128 81 185 121 158 137 151 179 226 235 323 349 316 459 357 451 376 422 447 439 406 401 341 259 251 188 139 105 71 
SAlphaB:
0 0 0 0 0 0 0 0 0 0 0 0 0 0 0 0 0 0 0 0 0 0 0 0 0 0 0 0 0 0 0 0 0 0 0 0 0 4 0 7 12 7 5 13 7 29 14 36 19 64 86 217 103 128 81 185 121 158 137 151 179 226 235 323 349 316 459 357 451 376 422 447 439 406 401 341 259 251 188 139 105 71 

LossDepth:
SAlphaB:
0 0 0 0 0 0 0 0 0 0 0 0 0 0 0 0 0 0 0 0 0 0 0 0 0 0 0 0 0 0 0 0 0 0 0 0 0 4 0 7 12 7 5 13 7 29 14 36 19 64 86 217 103 128 81 185 121 158 137 151 179 226 235 323 349 316 459 357 451 376 422 447 439 406 401 341 259 251 188 139 105 71 

FirstWin:
0 0 0 0 0 0 0 0 0 0 0 0 0 0 0 0 0 0 0 0 0 0 0 0 0 0 0 0 0 0 0 0 0 0 0 0 0 4 0 7 0 7 0 13 0 29 0 36 0 64 0 217 0 128 0 185 0 158 0 151 0 226 0 323 0 316 0 357 0 376 0 447 0 406 0 341 0 251 0 139 0 71 
SAlphaB:
0 0 0 0 0 0 0 0 0 0 0 0 0 0 0 0 0 0 0 0 0 0 0 0 0 0 0 0 0 0 0 0 0 0 0 0 0 4 0 7 0 7 0 13 0 29 0 36 0 64 0 217 0 128 0 185 0 158 0 151 0 226 0 323 0 316 0 357 0 376 0 447 0 406 0 341 0 251 0 139 0 71 

SecondWin:
0 0 0 0 0 0 0 0 0 0 0 0 0 0 0 0 0 0 0 0 0 0 0 0 0 0 0 0 0 0 0 0 0 0 0 0 0 0 0 0 12 0 5 0 7 0 14 0 19 0 86 0 103 0 81 0 121 0 137 0 179 0 235 0 349 0 459 0 451 0 422 0 439 0 401 0 259 0 188 0 105 0 
SAlphaB:
0 0 0 0 0 0 0 0 0 0 0 0 0 0 0 0 0 0 0 0 0 0 0 0 0 0 0 0 0 0 0 0 0 0 0 0 0 0 0 0 12 0 5 0 7 0 14 0 19 0 86 0 103 0 81 0 121 0 137 0 179 0 235 0 349 0 459 0 451 0 422 0 439 0 401 0 259 0 188 0 105 0 
