0 19 47 70 -8 0 3 2

0 87 97 62 -20 4 34 19

0 12 58 49 -1 2 6 0

0 67 69 69 -9 11 26 35

0 60 75 45 -19 0 3 29

0 74 86 81 -12 2 8 25

0 50 82 71 -8 7 10 16

0 27 63 68 -5 0 13 31

0 59 84 61 -14 20 46 2

0 30 71 66 -12 15 31 18

0 14 75 16 -17 1 8 38

0 16 54 26 -5 9 23 3

0 39 45 63 -7 11 24 28

0 37 90 27 -14 8 11 0

0 33 71 52 -1 12 16 12

0 35 66 50 -6 3 19 27

0 41 58 73 -5 7 18 43

0 18 98 89 -20 7 25 26

0 70 79 22 -6 14 29 30

0 7 17 45 -4 1 7 1

0 72 73 2 -20 33 48 16

0 34 65 85 -2 12 19 34

0 17 82 49 -11 17 35 16

0 10 48 18 -12 27 35 35

0 12 22 94 -13 12 17 10

0 22 63 64 -7 5 22 47

0 86 97 10 -4 9 14 8

0 17 49 59 -14 5 9 16

0 72 78 52 -20 27 42 8

0 47 70 47 -17 2 45 10

0 32 72 37 -8 1 32 45

0 35 70 73 -8 0 38 42

0 90 99 41 -20 18 20 40

0 20 32 45 -13 5 18 8

0 10 51 46 -14 10 12 14

0 78 95 27 -9 7 11 18

0 5 14 65 -12 6 14 15

0 14 42 43 -12 2 3 40

0 33 94 55 -7 11 31 11

0 15 82 41 -1 6 33 33

0 26 93 56 -12 8 45 36

0 13 15 5 -3 1 2 18

0 13 46 59 -13 3 11 30

0 34 86 24 -4 16 47 0

0 36 38 12 -4 12 20 24

0 17 21 77 -10 0 1 25

0 66 78 4 -12 2 4 40

0 29 53 39 -9 3 33 45

0 10 50 2 -4 2 4 35

0 13 52 67 -11 4 35 13

0 18 47 6 -18 2 5 44

0 33 47 36 -11 13 19 33

0 19 57 7 -5 0 1 45

0 26 54 89 -19 1 2 46

0 11 21 29 -14 1 13 10

0 13 79 7 -2 1 46 4

0 20 41 68 -8 35 38 13

0 40 52 23 -7 0 1 32

0 13 14 34 -3 2 19 0

0 33 56 60 -20 15 37 46

0 4 31 84 -2 27 35 23

0 29 46 73 -2 10 39 13

0 31 83 92 -12 14 19 8

0 2 9 45 -2 22 30 14

0 2 35 53 -15 14 31 1

0 4 21 52 -12 18 48 16

0 3 9 83 -12 37 43 35

0 11 25 67 -19 0 13 20

0 23 35 95 -17 17 49 33

0 72 80 77 -7 0 1 40

0 24 50 93 -2 18 47 1

0 0 4 95 -19 3 37 19

0 1 21 1 -19 8 12 46

0 21 26 89 -19 14 41 44

0 13 35 57 -18 17 21 6

0 8 75 60 -5 30 41 48

0 0 2 40 -16 40 43 45

0 19 24 72 -4 4 46 26

0 3 7 3 -9 0 29 5

0 13 21 87 -17 11 22 0

0 11 46 90 -6 41 47 29

0 7 14 41 -16 20 43 23

0 1 18 53 -18 10 33 26

0 1 2 54 -18 26 42 16

0 0 11 38 -12 6 23 17

0 17 26 32 -8 11 17 23

0 3 28 56 -14 1 42 4

0 9 23 77 -14 4 30 46

0 0 7 22 -15 8 11 28

0 1 14 9 -7 3 38 37

0 0 23 59 -19 34 41 29

0 1 4 71 -7 0 1 30

0 2 26 59 -13 14 15 47

0 2 11 5 -8 11 33 14

0 14 20 2 -17 16 21 42

0 6 27 3 -3 4 20 40

0 2 8 1 -7 0 20 29

0 1 4 14 -17 18 39 49

0 11 12 1 -2 20 40 38

0 6 8 49 -14 8 14 48


SAlphaB: 690.0, std-dev 262.31811601545746

Earliest win: 37
Latest win: 81

WinDepth:
0 0 0 0 0 0 0 0 0 0 0 0 0 0 0 0 0 0 0 0 0 0 0 0 0 0 0 0 0 0 0 0 0 0 0 0 0 2 0 6 1 12 1 4 12 12 15 39 13 44 33 151 56 111 90 162 115 203 112 178 176 252 240 311 290 349 441 437 463 354 407 463 412 425 421 373 280 278 188 163 98 76 
SAlphaB:
0 0 0 0 0 0 0 0 0 0 0 0 0 0 0 0 0 0 0 0 0 0 0 0 0 0 0 0 0 0 0 0 0 0 0 0 0 2 0 6 1 12 1 4 12 12 15 39 13 44 33 151 56 111 90 162 115 203 112 178 176 252 240 311 290 349 441 437 463 354 407 463 412 425 421 373 280 278 188 163 98 76 

LossDepth:
SAlphaB:
0 0 0 0 0 0 0 0 0 0 0 0 0 0 0 0 0 0 0 0 0 0 0 0 0 0 0 0 0 0 0 0 0 0 0 0 0 2 0 6 1 12 1 4 12 12 15 39 13 44 33 151 56 111 90 162 115 203 112 178 176 252 240 311 290 349 441 437 463 354 407 463 412 425 421 373 280 278 188 163 98 76 

FirstWin:
0 0 0 0 0 0 0 0 0 0 0 0 0 0 0 0 0 0 0 0 0 0 0 0 0 0 0 0 0 0 0 0 0 0 0 0 0 2 0 6 0 12 0 4 0 12 0 39 0 44 0 151 0 111 0 162 0 203 0 178 0 252 0 311 0 349 0 437 0 354 0 463 0 425 0 373 0 278 0 163 0 76 
SAlphaB:
0 0 0 0 0 0 0 0 0 0 0 0 0 0 0 0 0 0 0 0 0 0 0 0 0 0 0 0 0 0 0 0 0 0 0 0 0 2 0 6 0 12 0 4 0 12 0 39 0 44 0 151 0 111 0 162 0 203 0 178 0 252 0 311 0 349 0 437 0 354 0 463 0 425 0 373 0 278 0 163 0 76 

SecondWin:
0 0 0 0 0 0 0 0 0 0 0 0 0 0 0 0 0 0 0 0 0 0 0 0 0 0 0 0 0 0 0 0 0 0 0 0 0 0 0 0 1 0 1 0 12 0 15 0 13 0 33 0 56 0 90 0 115 0 112 0 176 0 240 0 290 0 441 0 463 0 407 0 412 0 421 0 280 0 188 0 98 0 
SAlphaB:
0 0 0 0 0 0 0 0 0 0 0 0 0 0 0 0 0 0 0 0 0 0 0 0 0 0 0 0 0 0 0 0 0 0 0 0 0 0 0 0 1 0 1 0 12 0 15 0 13 0 33 0 56 0 90 0 115 0 112 0 176 0 240 0 290 0 441 0 463 0 407 0 412 0 421 0 280 0 188 0 98 0 
