0 28 46 7 -11 3 9 3

0 30 66 15 -3 4 13 19

0 68 82 88 -13 14 30 30

0 50 95 70 -8 9 19 14

0 35 57 50 -8 4 8 23

0 29 47 41 -3 5 13 8

0 48 90 99 -17 7 27 33

0 68 99 6 -16 1 21 24

0 31 86 51 -13 3 12 1

0 35 83 49 -17 2 5 25

0 22 66 38 -7 4 8 2

0 50 84 45 -14 9 33 26

0 32 73 29 -14 1 2 19

0 91 99 77 -17 4 28 24

0 59 78 80 -15 4 28 43

0 32 44 53 -17 4 11 5

0 29 65 30 -9 3 5 13

0 49 51 57 -10 8 25 19

0 6 24 31 -7 0 1 2

0 59 97 23 -6 13 16 3

0 51 76 51 -10 2 17 40

0 53 94 63 -1 11 41 4

0 36 71 81 -6 7 13 13

0 52 70 11 -20 3 14 33

0 34 93 49 -8 1 22 30

0 10 97 87 -11 5 6 28

0 69 90 83 -20 4 27 29

0 31 91 74 -9 0 23 8

0 65 96 26 -7 5 20 7

0 36 57 96 -17 2 4 19

0 55 77 77 -9 6 22 9

0 48 52 43 -5 5 19 7

0 53 91 94 -10 6 35 10

0 64 91 8 -5 13 29 41

0 18 36 57 -4 3 5 10

0 16 43 86 -6 2 7 7

0 62 71 27 -15 2 19 34

0 43 81 59 -14 1 5 10

0 71 84 87 -16 12 32 20

0 12 38 82 -10 13 15 17

0 37 89 97 -6 10 20 21

0 45 94 17 -8 0 3 19

0 40 66 33 -11 5 20 17

0 24 49 18 -5 3 4 11

0 64 94 78 -19 4 44 26

0 30 41 0 -14 0 5 29

0 59 67 31 -14 4 8 8

0 42 94 16 -16 6 10 6

0 27 82 16 -13 11 30 5

0 48 95 37 -13 3 12 28

0 61 65 22 -14 10 11 5

0 31 47 0 -7 2 10 3

0 65 99 41 -17 3 33 12

0 66 89 7 -18 10 28 33

0 24 38 71 -13 0 1 21

0 23 50 14 -6 9 24 14

0 25 50 11 -15 0 3 30

0 20 67 32 -5 5 9 7

0 36 55 96 -14 2 5 11

0 31 43 53 -18 3 13 6

0 24 45 19 -15 3 5 12

0 12 68 22 -10 14 36 17

0 71 77 74 -6 7 34 6

0 59 63 86 -12 13 20 25

0 23 86 49 -9 8 20 36

0 12 70 57 -4 5 7 19

0 52 98 92 -13 12 35 30

0 49 76 14 -5 11 37 38

0 49 62 11 -4 6 23 45

0 39 85 80 -9 13 24 11

0 27 47 48 -19 0 2 32

0 21 80 4 -6 7 8 6

0 39 67 88 -14 0 1 17

0 25 29 90 -1 15 25 12

0 74 91 84 -16 12 28 44

0 30 94 10 -6 7 25 39

0 19 82 48 -15 8 13 11

0 63 96 60 -6 3 15 32

0 20 56 95 -16 17 37 36

0 42 94 43 -19 21 43 43

0 46 75 26 -16 3 7 34

0 15 42 56 -18 1 2 4

0 28 50 12 -15 7 19 6

0 54 59 95 -9 0 2 13

0 37 96 3 -8 3 7 29

0 22 58 73 -19 5 11 18

0 44 91 98 -18 2 23 9

0 37 80 18 -9 9 16 20

0 51 68 81 -5 18 40 3

0 37 45 97 -12 0 3 41

0 8 80 36 -18 5 14 0

0 32 51 54 -9 5 10 43

0 7 79 86 -6 7 25 22

0 81 98 14 -11 0 6 39

0 12 33 51 -9 22 24 20

0 13 84 95 -5 16 42 18

0 8 46 56 -1 18 41 36

0 16 62 36 -5 2 9 29

0 13 29 75 -19 1 3 9

0 12 64 64 -9 0 21 5


SAlphaB: 765.0, std-dev 281.34996638680906

Earliest win: 35
Latest win: 81

WinDepth:
0 0 0 0 0 0 0 0 0 0 0 0 0 0 0 0 0 0 0 0 0 0 0 0 0 0 0 0 0 0 0 0 0 0 0 1 3 14 0 26 3 55 13 30 29 78 45 136 50 159 148 429 145 361 252 474 394 545 342 488 403 712 638 841 797 929 946 917 994 960 920 961 902 855 906 759 608 507 373 272 196 129 
SAlphaB:
0 0 0 0 0 0 0 0 0 0 0 0 0 0 0 0 0 0 0 0 0 0 0 0 0 0 0 0 0 0 0 0 0 0 0 1 3 14 0 26 3 55 13 30 29 78 45 136 50 159 148 429 145 361 252 474 394 545 342 488 403 712 638 841 797 929 946 917 994 960 920 961 902 855 906 759 608 507 373 272 196 129 

LossDepth:
SAlphaB:
0 0 0 0 0 0 0 0 0 0 0 0 0 0 0 0 0 0 0 0 0 0 0 0 0 0 0 0 0 0 0 0 0 0 0 0 1 9 0 22 1 39 7 22 15 44 29 67 26 76 97 173 100 203 164 280 211 340 231 311 245 463 433 581 520 687 631 783 707 786 713 802 703 726 705 684 509 455 272 236 218 154 

FirstWin:
0 0 0 0 0 0 0 0 0 0 0 0 0 0 0 0 0 0 0 0 0 0 0 0 0 0 0 0 0 0 0 0 0 0 0 1 0 14 0 26 0 55 0 30 0 78 0 136 0 159 0 429 0 361 0 474 0 545 0 488 0 712 0 841 0 929 0 917 0 960 0 961 0 855 0 759 0 507 0 272 0 129 
SAlphaB:
0 0 0 0 0 0 0 0 0 0 0 0 0 0 0 0 0 0 0 0 0 0 0 0 0 0 0 0 0 0 0 0 0 0 0 1 0 14 0 26 0 55 0 30 0 78 0 136 0 159 0 429 0 361 0 474 0 545 0 488 0 712 0 841 0 929 0 917 0 960 0 961 0 855 0 759 0 507 0 272 0 129 

SecondWin:
0 0 0 0 0 0 0 0 0 0 0 0 0 0 0 0 0 0 0 0 0 0 0 0 0 0 0 0 0 0 0 0 0 0 0 0 3 0 0 0 3 0 13 0 29 0 45 0 50 0 148 0 145 0 252 0 394 0 342 0 403 0 638 0 797 0 946 0 994 0 920 0 902 0 906 0 608 0 373 0 196 0 
SAlphaB:
0 0 0 0 0 0 0 0 0 0 0 0 0 0 0 0 0 0 0 0 0 0 0 0 0 0 0 0 0 0 0 0 0 0 0 0 3 0 0 0 3 0 13 0 29 0 45 0 50 0 148 0 145 0 252 0 394 0 342 0 403 0 638 0 797 0 946 0 994 0 920 0 902 0 906 0 608 0 373 0 196 0 
