0 50 95 70 -8 9 19 14

0 64 91 8 -5 13 29 41

0 50 84 45 -14 9 33 26

0 23 50 14 -6 9 24 14

0 59 78 80 -15 4 28 43

0 48 52 43 -5 5 19 7

0 31 43 53 -18 3 13 6

0 24 38 71 -13 0 1 21

0 71 77 74 -6 7 34 6

0 36 71 81 -6 7 13 13

0 27 67 82 -8 0 10 27

0 42 70 11 -6 11 14 17

0 43 88 7 -15 1 16 16

0 69 70 29 -19 3 13 48

0 33 79 93 -9 4 24 48

0 85 89 12 -15 3 9 2

0 88 94 33 -14 4 20 1

0 31 39 17 -7 44 47 11

0 47 86 63 -13 13 48 44

0 13 14 9 -3 4 6 4

0 68 99 30 -4 35 47 33

0 42 62 80 -1 8 11 33

0 23 78 67 -7 1 3 38

0 20 73 36 -15 14 30 3

0 39 85 98 -20 3 5 35

0 24 84 39 -5 13 18 39

0 23 92 41 -1 3 8 11

0 35 44 68 -15 4 11 46

0 13 14 6 -3 4 6 6

0 20 33 13 -1 5 23 3

0 35 91 98 -6 23 33 30

0 16 23 62 -11 2 12 19

0 6 90 77 -11 15 41 4

0 1 37 59 -13 10 29 36

0 12 61 90 -12 27 29 15

0 14 52 73 -15 22 35 32

0 53 57 69 -3 19 44 48

0 27 62 99 -7 31 44 28

0 29 56 98 -4 0 3 18

0 0 42 42 -6 22 28 21

0 58 64 94 -16 5 9 20

0 16 60 70 -14 28 44 34

0 9 92 18 -12 13 37 11

0 18 34 50 -16 13 41 48

0 20 92 56 -19 2 31 15

0 7 35 54 -12 7 8 34

0 6 12 95 -6 4 7 25

0 49 56 29 -3 19 47 42

0 39 43 50 -3 2 30 19

0 28 68 52 -7 15 28 40

0 36 41 53 -14 0 20 22

0 15 23 64 -1 25 43 9

0 25 29 53 -16 16 42 29

0 0 58 17 -12 2 4 17

0 54 80 32 -2 29 44 19

0 30 81 17 -17 13 24 9

0 4 30 87 -5 14 35 12

0 20 96 21 -17 29 32 31

0 1 87 84 -12 4 17 5

0 7 19 86 -3 3 5 15

0 5 13 60 -3 17 20 7

0 59 62 15 -18 35 44 20

0 7 20 90 -19 7 10 42

0 18 19 37 -6 0 13 1

0 5 38 65 -18 3 12 18

0 10 16 10 -19 0 2 14

0 19 49 11 -6 20 22 36

0 32 71 40 -16 20 39 47

0 8 37 34 -17 23 48 5

0 20 24 69 -19 31 37 23

0 18 21 57 -1 0 1 28

0 25 99 20 -20 18 25 16

0 4 13 68 -18 0 1 17

0 11 94 45 -10 18 35 49

0 0 2 35 -17 0 4 12

0 3 85 62 -20 10 49 45

0 5 13 83 -5 8 18 33

0 32 47 51 -12 9 49 28

0 9 10 3 -13 12 34 25

0 21 23 30 -3 25 36 41

0 30 49 44 -12 2 40 49

0 3 7 5 -5 3 12 4

0 1 29 93 -12 8 32 36

0 11 34 46 -14 12 15 35

0 12 25 79 -11 2 13 46

0 25 38 67 -2 3 36 43

0 2 6 96 -9 0 14 41

0 3 12 36 -14 21 47 45

0 4 22 23 -6 17 21 35

0 7 23 21 -9 3 42 37

0 1 6 43 -3 22 25 8

0 13 20 85 -14 0 38 41

0 6 11 13 -9 21 34 20

0 0 20 38 -3 4 44 39

0 11 15 75 -19 1 14 49

0 7 68 72 -1 6 28 47

0 11 19 7 -1 5 39 21

0 64 75 22 -4 41 46 6

0 5 6 80 -4 0 9 37

0 0 7 6 -10 38 47 20


SAlphaB: 712.0, std-dev 255.06884246010802

Earliest win: 36
Latest win: 81

WinDepth:
0 0 0 0 0 0 0 0 0 0 0 0 0 0 0 0 0 0 0 0 0 0 0 0 0 0 0 0 0 0 0 0 0 0 0 0 1 0 2 1 1 4 1 13 9 26 12 42 41 91 89 177 73 130 96 213 121 170 112 189 124 248 294 371 366 353 417 397 381 457 436 408 372 398 405 351 253 270 152 140 89 65 
SAlphaB:
0 0 0 0 0 0 0 0 0 0 0 0 0 0 0 0 0 0 0 0 0 0 0 0 0 0 0 0 0 0 0 0 0 0 0 0 1 0 2 1 1 4 1 13 9 26 12 42 41 91 89 177 73 130 96 213 121 170 112 189 124 248 294 371 366 353 417 397 381 457 436 408 372 398 405 351 253 270 152 140 89 65 

LossDepth:
SAlphaB:
0 0 0 0 0 0 0 0 0 0 0 0 0 0 0 0 0 0 0 0 0 0 0 0 0 0 0 0 0 0 0 0 0 0 0 0 1 0 2 1 1 4 1 13 9 26 12 42 41 91 89 177 73 130 96 213 121 170 112 189 124 248 294 371 366 353 417 397 381 457 436 408 372 398 405 351 253 270 152 140 89 65 

FirstWin:
0 0 0 0 0 0 0 0 0 0 0 0 0 0 0 0 0 0 0 0 0 0 0 0 0 0 0 0 0 0 0 0 0 0 0 0 0 0 0 1 0 4 0 13 0 26 0 42 0 91 0 177 0 130 0 213 0 170 0 189 0 248 0 371 0 353 0 397 0 457 0 408 0 398 0 351 0 270 0 140 0 65 
SAlphaB:
0 0 0 0 0 0 0 0 0 0 0 0 0 0 0 0 0 0 0 0 0 0 0 0 0 0 0 0 0 0 0 0 0 0 0 0 0 0 0 1 0 4 0 13 0 26 0 42 0 91 0 177 0 130 0 213 0 170 0 189 0 248 0 371 0 353 0 397 0 457 0 408 0 398 0 351 0 270 0 140 0 65 

SecondWin:
0 0 0 0 0 0 0 0 0 0 0 0 0 0 0 0 0 0 0 0 0 0 0 0 0 0 0 0 0 0 0 0 0 0 0 0 1 0 2 0 1 0 1 0 9 0 12 0 41 0 89 0 73 0 96 0 121 0 112 0 124 0 294 0 366 0 417 0 381 0 436 0 372 0 405 0 253 0 152 0 89 0 
SAlphaB:
0 0 0 0 0 0 0 0 0 0 0 0 0 0 0 0 0 0 0 0 0 0 0 0 0 0 0 0 0 0 0 0 0 0 0 0 1 0 2 0 1 0 1 0 9 0 12 0 41 0 89 0 73 0 96 0 121 0 112 0 124 0 294 0 366 0 417 0 381 0 436 0 372 0 405 0 253 0 152 0 89 0 
