0 39 67 88 -14 0 1 17

0 53 91 94 -10 6 35 10

0 61 65 22 -14 10 11 5

0 35 83 49 -17 2 5 25

0 48 90 99 -17 7 27 33

0 30 66 15 -3 4 13 19

0 23 86 49 -9 8 20 36

0 13 84 95 -5 16 42 18

0 39 85 80 -9 13 24 11

0 59 67 31 -14 4 8 8

0 22 47 91 -8 42 45 3

0 32 65 60 -4 0 30 34

0 62 90 1 -11 2 10 29

0 40 69 16 -8 10 13 8

0 70 99 20 -12 7 9 26

0 41 62 94 -10 1 4 16

0 26 48 61 -17 3 11 35

0 42 73 90 -8 9 48 12

0 44 58 20 -1 2 3 9

0 18 69 4 -15 7 12 21

0 83 93 86 -20 22 35 19

0 37 42 16 -18 5 18 20

0 80 83 30 -8 3 7 39

0 38 43 40 -18 6 14 10

0 8 14 38 -4 0 7 14

0 14 61 70 -13 5 12 26

0 50 96 62 -11 26 44 16

0 78 94 74 -7 16 17 19

0 59 91 36 -1 22 37 2

0 80 95 86 -2 1 27 26

0 39 72 33 -5 13 45 3

0 31 51 93 -16 35 41 26

0 3 40 37 -13 5 18 32

0 1 92 97 -12 9 26 41

0 23 76 30 -2 0 1 33

0 43 58 8 -17 0 28 18

0 12 49 81 -14 1 8 10

0 7 92 99 -12 28 31 11

0 84 93 99 -5 25 46 12

0 3 20 18 -15 1 2 13

0 8 12 66 -7 7 24 25

0 41 95 70 -14 42 43 1

0 50 63 70 -1 13 26 35

0 6 56 45 -7 24 37 20

0 19 30 94 -9 30 31 1

0 46 77 22 -5 4 42 37

0 27 41 61 -5 20 36 14

0 21 26 34 -19 8 19 5

0 2 65 35 -19 7 10 21

0 16 48 53 -10 35 38 40

0 80 82 14 -4 0 3 39

0 44 52 98 -16 7 48 23

0 10 28 9 -19 11 13 14

0 0 2 90 -19 1 7 11

0 3 69 91 -5 7 8 33

0 5 35 13 -20 10 22 34

0 18 46 40 -20 8 9 44

0 7 41 17 -20 8 15 33

0 19 57 64 -6 9 32 36

0 9 29 75 -3 29 33 39

0 63 79 48 -18 32 45 37

0 0 46 28 -12 20 23 26

0 52 72 95 -10 31 45 43

0 15 35 76 -10 25 47 24

0 5 19 34 -20 12 31 44

0 23 42 53 -6 11 14 48

0 0 42 71 -6 0 22 16

0 1 10 38 -12 1 14 31

0 39 47 7 -4 18 42 38

0 36 43 95 -18 19 21 34

0 1 10 95 -4 29 36 8

0 13 16 28 -13 21 35 30

0 11 40 69 -7 2 23 45

0 23 57 6 -2 29 48 35

0 12 29 12 -3 35 46 19

0 48 72 70 -16 21 22 25

0 6 26 13 -13 37 47 13

0 59 86 38 -18 35 42 44

0 8 80 48 -20 1 22 37

0 6 24 54 -16 1 5 15

0 0 8 87 -18 21 37 27

0 1 21 47 -9 21 30 14

0 10 11 20 -6 9 38 24

0 26 30 22 -19 13 44 4

0 21 26 38 -13 8 48 34

0 6 14 40 -1 5 36 39

0 17 23 38 -11 13 14 34

0 16 19 20 -7 14 35 39

0 2 7 67 -1 9 26 37

0 21 33 38 -1 19 26 46

0 1 36 18 -12 0 10 42

0 0 22 88 -16 9 27 24

0 4 7 5 -6 29 30 1

0 6 13 53 -5 1 30 11

0 3 5 18 -15 6 43 7

0 10 24 13 -20 11 18 46

0 7 8 91 -5 3 18 22

0 0 9 57 -16 25 38 25

0 0 3 51 -17 5 6 0

0 0 1 26 -18 5 25 42


SAlphaB: 721.0, std-dev 274.18627746018717

Earliest win: 37
Latest win: 81

WinDepth:
0 0 0 0 0 0 0 0 0 0 0 0 0 0 0 0 0 0 0 0 0 0 0 0 0 0 0 0 0 0 0 0 0 0 0 0 0 3 0 6 1 3 3 16 12 20 8 20 25 50 76 179 107 111 92 190 126 209 121 183 150 246 169 384 310 382 345 417 420 434 476 458 426 443 419 376 251 237 171 127 102 65 
SAlphaB:
0 0 0 0 0 0 0 0 0 0 0 0 0 0 0 0 0 0 0 0 0 0 0 0 0 0 0 0 0 0 0 0 0 0 0 0 0 3 0 6 1 3 3 16 12 20 8 20 25 50 76 179 107 111 92 190 126 209 121 183 150 246 169 384 310 382 345 417 420 434 476 458 426 443 419 376 251 237 171 127 102 65 

LossDepth:
SAlphaB:
0 0 0 0 0 0 0 0 0 0 0 0 0 0 0 0 0 0 0 0 0 0 0 0 0 0 0 0 0 0 0 0 0 0 0 0 0 3 0 6 1 3 3 16 12 20 8 20 25 50 76 179 107 111 92 190 126 209 121 183 150 246 169 384 310 382 345 417 420 434 476 458 426 443 419 376 251 237 171 127 102 65 

FirstWin:
0 0 0 0 0 0 0 0 0 0 0 0 0 0 0 0 0 0 0 0 0 0 0 0 0 0 0 0 0 0 0 0 0 0 0 0 0 3 0 6 0 3 0 16 0 20 0 20 0 50 0 179 0 111 0 190 0 209 0 183 0 246 0 384 0 382 0 417 0 434 0 458 0 443 0 376 0 237 0 127 0 65 
SAlphaB:
0 0 0 0 0 0 0 0 0 0 0 0 0 0 0 0 0 0 0 0 0 0 0 0 0 0 0 0 0 0 0 0 0 0 0 0 0 3 0 6 0 3 0 16 0 20 0 20 0 50 0 179 0 111 0 190 0 209 0 183 0 246 0 384 0 382 0 417 0 434 0 458 0 443 0 376 0 237 0 127 0 65 

SecondWin:
0 0 0 0 0 0 0 0 0 0 0 0 0 0 0 0 0 0 0 0 0 0 0 0 0 0 0 0 0 0 0 0 0 0 0 0 0 0 0 0 1 0 3 0 12 0 8 0 25 0 76 0 107 0 92 0 126 0 121 0 150 0 169 0 310 0 345 0 420 0 476 0 426 0 419 0 251 0 171 0 102 0 
SAlphaB:
0 0 0 0 0 0 0 0 0 0 0 0 0 0 0 0 0 0 0 0 0 0 0 0 0 0 0 0 0 0 0 0 0 0 0 0 0 0 0 0 1 0 3 0 12 0 8 0 25 0 76 0 107 0 92 0 126 0 121 0 150 0 169 0 310 0 345 0 420 0 476 0 426 0 419 0 251 0 171 0 102 0 
