0 20 67 32 -5 5 9 7

0 20 56 95 -16 17 37 36

0 19 82 48 -15 8 13 11

0 35 57 50 -8 4 8 23

0 25 29 90 -1 15 25 12

0 13 29 75 -19 1 3 9

0 55 77 77 -9 6 22 9

0 68 99 6 -16 1 21 24

0 37 89 97 -6 10 20 21

0 36 57 96 -17 2 4 19

0 37 71 17 -11 6 7 21

0 67 72 82 -2 20 43 29

0 69 83 88 -15 6 27 29

0 32 50 77 -10 9 25 33

0 5 66 9 -9 21 32 35

0 65 77 7 -2 11 33 45

0 5 60 99 -12 17 19 36

0 27 79 46 -14 1 2 36

0 23 93 45 -12 5 23 46

0 40 72 2 -12 5 7 48

0 52 93 17 -11 13 14 16

0 9 82 28 -19 11 28 11

0 36 65 74 -16 16 48 40

0 54 83 35 -10 1 4 14

0 8 29 98 -8 22 26 19

0 45 99 17 -20 18 23 18

0 4 53 80 -11 25 29 38

0 90 92 96 -12 0 2 23

0 49 56 25 -6 10 43 34

0 7 37 49 -15 8 9 17

0 7 51 39 -6 3 8 25

0 17 69 53 -7 22 34 28

0 16 88 1 -1 2 29 25

0 19 59 81 -15 15 31 24

0 47 84 58 -11 18 23 18

0 89 92 67 -3 44 49 19

0 22 58 68 -9 17 49 33

0 1 83 29 -3 29 31 35

0 48 56 99 -18 30 46 23

0 11 56 90 -5 4 16 18

0 11 34 95 -11 17 30 37

0 5 14 50 -11 24 34 19

0 33 71 77 -13 8 37 9

0 70 77 88 -17 3 13 42

0 75 91 10 -10 4 7 37

0 15 91 79 -9 7 21 40

0 34 81 31 -5 12 20 11

0 5 7 60 -12 1 2 9

0 59 74 81 -12 22 23 21

0 31 78 35 -7 18 19 26

0 55 92 37 -1 36 48 41

0 39 50 17 -9 9 29 27

0 6 58 74 -11 37 47 33

0 9 56 17 -10 18 25 49

0 19 21 96 -17 39 44 40

0 3 19 70 -11 1 2 12

0 16 67 50 -5 7 36 42

0 6 67 56 -6 0 17 15

0 8 50 8 -3 39 44 39

0 18 24 32 -1 4 9 39

0 9 52 1 -5 33 37 31

0 8 88 90 -15 4 7 38

0 4 39 58 -4 38 41 47

0 5 19 96 -14 17 44 36

0 13 30 67 -19 4 31 45

0 25 76 4 -12 19 20 8

0 0 14 64 -13 0 7 11

0 25 70 53 -5 46 47 4

0 1 5 23 -10 29 30 31

0 13 37 42 -5 2 11 31

0 5 89 98 -20 1 3 42

0 1 42 28 -6 21 35 44

0 39 42 21 -14 20 48 43

0 2 3 19 -8 19 40 3

0 8 21 14 -8 20 30 6

0 5 7 32 -18 15 32 8

0 22 24 27 -16 10 19 6

0 0 1 6 -7 1 7 8

0 6 50 98 -18 1 18 49

0 7 11 99 -4 5 8 22

0 41 43 95 -6 4 7 2

0 8 16 2 -11 14 18 24

0 0 1 61 -8 17 37 5

0 15 18 78 -8 1 8 31

0 10 31 47 -19 3 6 49

0 0 12 97 -17 18 21 15

0 5 9 9 -8 17 28 34

0 11 47 46 -6 1 48 40

0 0 28 27 -19 11 40 32

0 9 20 90 -6 1 10 28

0 5 13 74 -19 3 18 31

0 0 29 88 -10 28 33 9

0 4 9 25 -17 9 10 33

0 2 3 48 -15 4 10 26

0 6 13 3 -4 14 35 37

0 4 5 1 -10 12 17 42

0 7 9 20 -9 11 15 45

0 1 4 67 -11 7 11 44

0 7 17 54 -19 4 11 36

0 1 4 43 -2 22 24 48


SAlphaB: 704.0, std-dev 261.3664893739761

Earliest win: 29
Latest win: 81

WinDepth:
0 0 0 0 0 0 0 0 0 0 0 0 0 0 0 0 0 0 0 0 0 0 0 0 0 0 0 0 0 1 0 0 0 0 0 0 0 1 1 5 0 3 0 12 9 13 13 24 19 62 59 278 55 144 69 156 75 167 159 200 142 204 284 310 305 356 409 361 452 444 459 491 444 382 362 383 269 271 195 126 107 92 
SAlphaB:
0 0 0 0 0 0 0 0 0 0 0 0 0 0 0 0 0 0 0 0 0 0 0 0 0 0 0 0 0 1 0 0 0 0 0 0 0 1 1 5 0 3 0 12 9 13 13 24 19 62 59 278 55 144 69 156 75 167 159 200 142 204 284 310 305 356 409 361 452 444 459 491 444 382 362 383 269 271 195 126 107 92 

LossDepth:
SAlphaB:
0 0 0 0 0 0 0 0 0 0 0 0 0 0 0 0 0 0 0 0 0 0 0 0 0 0 0 0 0 1 0 0 0 0 0 0 0 1 1 5 0 3 0 12 9 13 13 24 19 62 59 278 55 144 69 156 75 167 159 200 142 204 284 310 305 356 409 361 452 444 459 491 444 382 362 383 269 271 195 126 107 92 

FirstWin:
0 0 0 0 0 0 0 0 0 0 0 0 0 0 0 0 0 0 0 0 0 0 0 0 0 0 0 0 0 1 0 0 0 0 0 0 0 1 0 5 0 3 0 12 0 13 0 24 0 62 0 278 0 144 0 156 0 167 0 200 0 204 0 310 0 356 0 361 0 444 0 491 0 382 0 383 0 271 0 126 0 92 
SAlphaB:
0 0 0 0 0 0 0 0 0 0 0 0 0 0 0 0 0 0 0 0 0 0 0 0 0 0 0 0 0 1 0 0 0 0 0 0 0 1 0 5 0 3 0 12 0 13 0 24 0 62 0 278 0 144 0 156 0 167 0 200 0 204 0 310 0 356 0 361 0 444 0 491 0 382 0 383 0 271 0 126 0 92 

SecondWin:
0 0 0 0 0 0 0 0 0 0 0 0 0 0 0 0 0 0 0 0 0 0 0 0 0 0 0 0 0 0 0 0 0 0 0 0 0 0 1 0 0 0 0 0 9 0 13 0 19 0 59 0 55 0 69 0 75 0 159 0 142 0 284 0 305 0 409 0 452 0 459 0 444 0 362 0 269 0 195 0 107 0 
SAlphaB:
0 0 0 0 0 0 0 0 0 0 0 0 0 0 0 0 0 0 0 0 0 0 0 0 0 0 0 0 0 0 0 0 0 0 0 0 0 0 1 0 0 0 0 0 9 0 13 0 19 0 59 0 55 0 69 0 75 0 159 0 142 0 284 0 305 0 409 0 452 0 459 0 444 0 362 0 269 0 195 0 107 0 
