0 27 47 48 -19 0 2 32

0 31 86 51 -13 3 12 1

0 46 75 26 -16 3 7 34

0 49 76 14 -5 11 37 38

0 37 80 18 -9 9 16 20

0 65 99 41 -17 3 33 12

0 37 45 97 -12 0 3 41

0 18 36 57 -4 3 5 10

0 30 41 0 -14 0 5 29

0 42 94 16 -16 6 10 6

0 58 69 70 -19 1 11 1

0 52 77 53 -17 6 9 21

0 79 80 96 -15 13 36 48

0 30 67 32 -12 11 24 45

0 42 81 59 -19 4 10 38

0 55 88 52 -20 0 1 0

0 23 72 79 -7 1 2 48

0 32 64 71 -12 6 13 40

0 27 89 69 -3 0 4 31

0 88 94 38 -4 15 31 31

0 16 26 64 -9 9 17 17

0 1 8 66 -5 4 10 9

0 31 49 15 -4 3 8 34

0 1 59 25 -4 8 10 22

0 57 83 88 -20 28 32 30

0 48 90 42 -7 12 20 45

0 19 33 41 -14 10 27 23

0 35 76 88 -16 15 23 23

0 20 55 59 -19 20 37 27

0 40 50 65 -2 21 41 16

0 35 55 4 -2 17 24 19

0 30 60 58 -16 14 24 19

0 34 52 22 -18 2 20 39

0 76 91 59 -4 26 31 43

0 51 69 15 -14 7 10 10

0 13 85 5 -15 0 21 4

0 7 19 68 -2 1 6 2

0 39 42 23 -2 2 5 18

0 43 55 79 -18 16 31 21

0 6 83 72 -15 1 6 2

0 31 66 11 -8 12 19 23

0 26 44 56 -3 5 43 22

0 28 47 94 -20 23 32 36

0 37 99 74 -5 10 43 21

0 13 31 91 -5 6 16 2

0 37 95 13 -13 27 37 21

0 7 77 28 -11 5 34 38

0 12 16 73 -3 8 23 2

0 28 44 34 -18 10 20 39

0 17 80 42 -10 12 15 22

0 17 50 72 -6 4 7 17

0 16 48 24 -1 6 14 44

0 28 38 45 -14 40 47 24

0 18 65 45 -16 19 31 2

0 24 86 28 -18 19 21 8

0 44 48 2 -19 3 4 49

0 33 56 12 -20 9 16 21

0 5 66 84 -1 4 24 25

0 19 63 75 -1 0 7 25

0 6 63 28 -8 17 19 8

0 17 33 32 -10 1 22 36

0 11 15 58 -3 24 35 24

0 56 71 33 -19 1 45 29

0 18 21 87 -5 15 28 30

0 2 3 79 -16 13 27 5

0 26 71 23 -5 0 1 44

0 8 71 64 -2 33 41 42

0 19 44 75 -15 6 49 16

0 11 74 69 -18 8 28 49

0 9 22 13 -2 28 47 19

0 16 26 98 -12 4 6 43

0 23 26 1 -17 10 12 38

0 4 52 40 -1 0 1 34

0 21 50 62 -7 28 30 40

0 38 57 62 -10 3 48 38

0 6 22 9 -2 8 17 24

0 25 39 19 -7 5 49 32

0 1 7 43 -12 3 5 18

0 8 50 35 -19 14 19 0

0 23 43 67 -11 19 24 41

0 1 29 20 -12 2 5 36

0 21 24 19 -12 0 8 44

0 8 44 8 -9 5 6 49

0 14 36 65 -6 28 42 4

0 15 51 50 -14 12 28 44

0 25 28 15 -3 15 24 20

0 2 31 22 -11 31 40 49

0 6 14 3 -16 14 21 40

0 1 23 53 -10 16 38 46

0 1 2 94 -3 17 31 35

0 0 3 23 -11 9 12 14

0 3 26 28 -12 1 37 36

0 0 1 31 -17 33 49 35

0 2 27 24 -8 1 8 38

0 10 11 8 -2 0 1 47

0 6 28 94 -15 0 39 22

0 0 5 19 -18 1 10 40

0 8 20 9 -14 23 32 46

0 2 3 43 -12 5 36 22

0 3 4 49 -13 0 29 27


SAlphaB: 716.0, std-dev 253.0872669593824

Earliest win: 37
Latest win: 81

WinDepth:
0 0 0 0 0 0 0 0 0 0 0 0 0 0 0 0 0 0 0 0 0 0 0 0 0 0 0 0 0 0 0 0 0 0 0 0 0 8 1 2 1 8 4 13 5 14 5 30 29 48 53 208 58 173 88 145 129 209 141 191 182 246 232 283 319 386 408 372 409 484 422 435 447 382 356 352 244 264 197 152 100 70 
SAlphaB:
0 0 0 0 0 0 0 0 0 0 0 0 0 0 0 0 0 0 0 0 0 0 0 0 0 0 0 0 0 0 0 0 0 0 0 0 0 8 1 2 1 8 4 13 5 14 5 30 29 48 53 208 58 173 88 145 129 209 141 191 182 246 232 283 319 386 408 372 409 484 422 435 447 382 356 352 244 264 197 152 100 70 

LossDepth:
SAlphaB:
0 0 0 0 0 0 0 0 0 0 0 0 0 0 0 0 0 0 0 0 0 0 0 0 0 0 0 0 0 0 0 0 0 0 0 0 0 8 1 2 1 8 4 13 5 14 5 30 29 48 53 208 58 173 88 145 129 209 141 191 182 246 232 283 319 386 408 372 409 484 422 435 447 382 356 352 244 264 197 152 100 70 

FirstWin:
0 0 0 0 0 0 0 0 0 0 0 0 0 0 0 0 0 0 0 0 0 0 0 0 0 0 0 0 0 0 0 0 0 0 0 0 0 8 0 2 0 8 0 13 0 14 0 30 0 48 0 208 0 173 0 145 0 209 0 191 0 246 0 283 0 386 0 372 0 484 0 435 0 382 0 352 0 264 0 152 0 70 
SAlphaB:
0 0 0 0 0 0 0 0 0 0 0 0 0 0 0 0 0 0 0 0 0 0 0 0 0 0 0 0 0 0 0 0 0 0 0 0 0 8 0 2 0 8 0 13 0 14 0 30 0 48 0 208 0 173 0 145 0 209 0 191 0 246 0 283 0 386 0 372 0 484 0 435 0 382 0 352 0 264 0 152 0 70 

SecondWin:
0 0 0 0 0 0 0 0 0 0 0 0 0 0 0 0 0 0 0 0 0 0 0 0 0 0 0 0 0 0 0 0 0 0 0 0 0 0 1 0 1 0 4 0 5 0 5 0 29 0 53 0 58 0 88 0 129 0 141 0 182 0 232 0 319 0 408 0 409 0 422 0 447 0 356 0 244 0 197 0 100 0 
SAlphaB:
0 0 0 0 0 0 0 0 0 0 0 0 0 0 0 0 0 0 0 0 0 0 0 0 0 0 0 0 0 0 0 0 0 0 0 0 0 0 1 0 1 0 4 0 5 0 5 0 29 0 53 0 58 0 88 0 129 0 141 0 182 0 232 0 319 0 408 0 409 0 422 0 447 0 356 0 244 0 197 0 100 0 
