0 7 79 86 -6 7 25 22

0 10 97 87 -11 5 6 28

0 68 82 88 -13 14 30 30

0 63 96 60 -6 3 15 32

0 24 49 18 -5 3 4 11

0 59 97 23 -6 13 16 3

0 51 68 81 -5 18 40 3

0 64 94 78 -19 4 44 26

0 54 59 95 -9 0 2 13

0 8 46 56 -1 18 41 36

0 25 59 63 -5 7 26 4

0 39 80 85 -12 8 33 20

0 4 57 45 -13 11 30 21

0 79 83 93 -17 9 25 20

0 82 93 51 -10 1 2 17

0 70 93 76 -12 5 42 12

0 8 67 78 -6 9 20 20

0 18 99 78 -11 2 17 44

0 11 92 27 -12 1 2 21

0 75 92 68 -4 12 15 6

0 66 80 95 -8 11 16 12

0 26 31 68 -9 4 16 1

0 23 54 82 -12 19 26 10

0 23 70 76 -16 12 36 5

0 27 77 36 -14 1 3 43

0 40 92 9 -13 9 25 24

0 73 98 8 -15 0 3 47

0 37 73 1 -7 7 46 16

0 34 77 12 -6 9 11 39

0 6 71 24 -3 1 14 22

0 20 88 91 -12 0 1 46

0 1 56 86 -9 18 20 2

0 96 99 37 -8 36 38 21

0 57 94 12 -4 18 33 7

0 13 42 4 -15 0 15 3

0 25 34 66 -2 7 15 26

0 80 82 82 -11 4 18 8

0 6 84 58 -13 14 21 14

0 9 22 62 -10 7 8 16

0 69 98 25 -6 7 10 33

0 37 77 69 -1 21 25 47

0 34 57 89 -15 26 31 6

0 11 26 31 -15 2 5 0

0 34 41 40 -20 5 19 34

0 50 91 7 -11 16 34 36

0 52 67 77 -2 25 28 6

0 29 36 43 -15 3 8 25

0 61 70 25 -2 10 11 41

0 34 48 17 -17 4 6 44

0 18 81 20 -3 1 4 41

0 84 88 77 -3 0 1 46

0 52 64 37 -10 31 40 26

0 2 34 89 -11 3 16 12

0 75 92 0 -2 0 27 46

0 34 42 10 -10 11 22 4

0 40 59 66 -13 8 40 0

0 14 19 58 -2 13 38 36

0 35 58 80 -14 2 36 2

0 29 34 6 -20 2 11 37

0 8 88 40 -13 3 17 42

0 20 47 49 -4 24 43 41

0 14 52 13 -8 3 27 8

0 11 70 29 -1 4 9 43

0 15 72 33 -11 13 35 35

0 0 36 98 -4 8 21 40

0 0 76 34 -19 13 38 31

0 11 76 56 -20 37 49 37

0 17 88 55 -4 28 30 31

0 2 51 34 -18 16 46 21

0 6 15 46 -6 5 8 41

0 15 93 11 -16 7 43 36

0 19 47 50 -16 18 41 16

0 9 35 66 -18 36 47 48

0 4 57 11 -2 7 16 37

0 17 40 62 -14 19 36 17

0 20 26 29 -16 22 29 19

0 11 12 21 -9 10 27 24

0 5 15 83 -15 40 44 5

0 0 82 33 -3 4 21 43

0 29 30 63 -17 2 18 39

0 19 44 11 -9 25 41 47

0 2 74 13 -13 25 26 19

0 9 34 88 -10 39 44 26

0 4 14 33 -10 13 20 35

0 15 36 33 -18 5 19 47

0 23 28 10 -15 6 10 42

0 6 8 71 -7 26 49 25

0 3 7 32 -5 22 44 18

0 0 1 55 -10 14 32 13

0 7 9 74 -14 18 45 33

0 0 1 49 -14 8 20 7

0 1 3 43 -19 14 42 31

0 14 25 24 -14 6 37 21

0 4 18 21 -1 7 8 33

0 10 15 93 -5 35 46 7

0 11 26 40 -14 18 32 31

0 2 5 23 -10 46 49 18

0 1 2 92 -8 29 46 30

0 0 20 0 -9 10 18 40

0 9 16 28 -10 3 12 42


SAlphaB: 706.0, std-dev 260.8355408949083

Earliest win: 37
Latest win: 81

WinDepth:
0 0 0 0 0 0 0 0 0 0 0 0 0 0 0 0 0 0 0 0 0 0 0 0 0 0 0 0 0 0 0 0 0 0 0 0 0 7 0 4 1 6 3 5 6 16 30 40 27 36 37 267 112 139 84 172 106 157 150 201 150 222 239 314 291 393 375 393 432 405 468 428 437 421 371 343 275 232 195 141 100 92 
SAlphaB:
0 0 0 0 0 0 0 0 0 0 0 0 0 0 0 0 0 0 0 0 0 0 0 0 0 0 0 0 0 0 0 0 0 0 0 0 0 7 0 4 1 6 3 5 6 16 30 40 27 36 37 267 112 139 84 172 106 157 150 201 150 222 239 314 291 393 375 393 432 405 468 428 437 421 371 343 275 232 195 141 100 92 

LossDepth:
SAlphaB:
0 0 0 0 0 0 0 0 0 0 0 0 0 0 0 0 0 0 0 0 0 0 0 0 0 0 0 0 0 0 0 0 0 0 0 0 0 7 0 4 1 6 3 5 6 16 30 40 27 36 37 267 112 139 84 172 106 157 150 201 150 222 239 314 291 393 375 393 432 405 468 428 437 421 371 343 275 232 195 141 100 92 

FirstWin:
0 0 0 0 0 0 0 0 0 0 0 0 0 0 0 0 0 0 0 0 0 0 0 0 0 0 0 0 0 0 0 0 0 0 0 0 0 7 0 4 0 6 0 5 0 16 0 40 0 36 0 267 0 139 0 172 0 157 0 201 0 222 0 314 0 393 0 393 0 405 0 428 0 421 0 343 0 232 0 141 0 92 
SAlphaB:
0 0 0 0 0 0 0 0 0 0 0 0 0 0 0 0 0 0 0 0 0 0 0 0 0 0 0 0 0 0 0 0 0 0 0 0 0 7 0 4 0 6 0 5 0 16 0 40 0 36 0 267 0 139 0 172 0 157 0 201 0 222 0 314 0 393 0 393 0 405 0 428 0 421 0 343 0 232 0 141 0 92 

SecondWin:
0 0 0 0 0 0 0 0 0 0 0 0 0 0 0 0 0 0 0 0 0 0 0 0 0 0 0 0 0 0 0 0 0 0 0 0 0 0 0 0 1 0 3 0 6 0 30 0 27 0 37 0 112 0 84 0 106 0 150 0 150 0 239 0 291 0 375 0 432 0 468 0 437 0 371 0 275 0 195 0 100 0 
SAlphaB:
0 0 0 0 0 0 0 0 0 0 0 0 0 0 0 0 0 0 0 0 0 0 0 0 0 0 0 0 0 0 0 0 0 0 0 0 0 0 0 0 1 0 3 0 6 0 30 0 27 0 37 0 112 0 84 0 106 0 150 0 150 0 239 0 291 0 375 0 432 0 468 0 437 0 371 0 275 0 195 0 100 0 
