0 12 33 51 -9 22 24 20

0 27 82 16 -13 11 30 5

0 25 50 11 -15 0 3 30

0 8 80 36 -18 5 14 0

0 52 98 92 -13 12 35 30

0 34 93 49 -8 1 22 30

0 6 24 31 -7 0 1 2

0 53 94 63 -1 11 41 4

0 42 94 43 -19 21 43 43

0 12 64 64 -9 0 21 5

0 61 74 98 -17 7 8 45

0 14 65 7 -4 4 5 4

0 12 58 10 -7 7 23 8

0 28 82 95 -8 20 47 6

0 76 83 16 -18 11 12 5

0 43 60 62 -20 34 37 9

0 38 66 42 -8 8 26 0

0 51 56 87 -20 16 39 5

0 13 52 9 -13 1 4 4

0 24 79 16 -8 8 22 19

0 23 81 91 -19 16 39 14

0 69 80 32 -17 3 26 49

0 12 25 58 -11 0 8 20

0 81 84 10 -11 7 10 9

0 46 72 97 -1 19 45 5

0 33 34 32 -10 10 22 1

0 12 51 29 -17 2 6 2

0 14 16 42 -16 23 24 3

0 43 56 66 -1 20 29 42

0 18 57 42 -13 15 47 32

0 2 35 88 -9 40 47 43

0 20 48 28 -20 4 8 38

0 47 48 68 -17 6 22 1

0 49 60 59 -1 21 36 42

0 62 76 93 -6 21 45 21

0 3 15 86 -12 8 14 26

0 66 72 10 -13 23 29 4

0 78 82 16 -13 37 49 48

0 18 26 20 -7 32 44 17

0 25 68 7 -11 15 26 27

0 29 61 56 -5 1 8 40

0 74 97 28 -7 1 18 37

0 9 39 84 -7 11 27 40

0 9 38 9 -1 6 17 11

0 20 66 13 -3 43 49 25

0 19 75 42 -11 17 19 7

0 21 35 87 -5 25 27 15

0 0 11 86 -9 10 12 18

0 19 31 5 -4 12 36 8

0 11 56 41 -17 4 8 41

0 64 93 85 -16 20 38 45

0 26 71 1 -4 17 19 12

0 22 60 94 -20 19 22 38

0 31 38 99 -17 26 49 45

0 0 48 92 -12 2 3 24

0 65 72 9 -12 5 36 30

0 13 19 91 -7 20 35 7

0 28 44 44 -2 0 3 15

0 13 68 63 -18 7 14 48

0 65 97 59 -8 26 29 44

0 12 34 36 -16 12 43 4

0 17 87 43 -4 22 25 25

0 10 24 37 -18 7 30 7

0 21 47 53 -11 8 49 4

0 6 27 17 -7 19 35 0

0 0 2 76 -19 6 16 19

0 38 63 10 -16 4 42 35

0 17 63 98 -6 7 35 39

0 5 23 94 -20 22 41 29

0 2 6 41 -6 2 14 21

0 64 75 43 -10 31 37 6

0 6 13 74 -2 9 13 27

0 14 96 63 -17 7 16 40

0 46 60 92 -3 2 4 38

0 7 48 55 -3 9 10 44

0 10 39 36 -11 0 30 36

0 0 2 59 -13 16 24 33

0 1 5 98 -16 18 21 16

0 1 6 64 -12 26 39 32

0 23 26 7 -14 0 5 49

0 2 7 93 -2 5 6 24

0 1 38 67 -5 1 21 38

0 4 15 4 -20 2 30 28

0 6 22 43 -12 23 35 9

0 2 7 45 -10 18 35 40

0 1 9 80 -1 34 37 15

0 0 3 77 -12 32 41 3

0 12 28 97 -11 5 8 49

0 6 9 54 -8 11 42 0

0 1 4 44 -2 3 29 34

0 0 1 80 -7 2 3 38

0 1 2 78 -14 9 37 39

0 2 4 51 -5 1 2 1

0 0 1 17 -6 18 26 39

0 2 3 68 -20 11 12 47

0 5 12 32 -1 0 13 22

0 0 14 14 -8 3 4 28

0 0 14 4 -12 3 8 42

0 1 8 1 -11 22 23 4

0 2 5 60 -4 1 4 31


SAlphaB: 693.0, std-dev 266.8719083278445

Earliest win: 36
Latest win: 81

WinDepth:
0 0 0 0 0 0 0 0 0 0 0 0 0 0 0 0 0 0 0 0 0 0 0 0 0 0 0 0 0 0 0 0 0 0 0 0 2 7 1 0 17 2 4 9 9 14 22 34 26 115 50 207 80 155 96 230 162 176 130 170 177 212 254 311 370 321 443 370 459 390 468 436 445 391 381 353 250 203 159 132 104 64 
SAlphaB:
0 0 0 0 0 0 0 0 0 0 0 0 0 0 0 0 0 0 0 0 0 0 0 0 0 0 0 0 0 0 0 0 0 0 0 0 2 7 1 0 17 2 4 9 9 14 22 34 26 115 50 207 80 155 96 230 162 176 130 170 177 212 254 311 370 321 443 370 459 390 468 436 445 391 381 353 250 203 159 132 104 64 

LossDepth:
SAlphaB:
0 0 0 0 0 0 0 0 0 0 0 0 0 0 0 0 0 0 0 0 0 0 0 0 0 0 0 0 0 0 0 0 0 0 0 0 2 7 1 0 17 2 4 9 9 14 22 34 26 115 50 207 80 155 96 230 162 176 130 170 177 212 254 311 370 321 443 370 459 390 468 436 445 391 381 353 250 203 159 132 104 64 

FirstWin:
0 0 0 0 0 0 0 0 0 0 0 0 0 0 0 0 0 0 0 0 0 0 0 0 0 0 0 0 0 0 0 0 0 0 0 0 0 7 0 0 0 2 0 9 0 14 0 34 0 115 0 207 0 155 0 230 0 176 0 170 0 212 0 311 0 321 0 370 0 390 0 436 0 391 0 353 0 203 0 132 0 64 
SAlphaB:
0 0 0 0 0 0 0 0 0 0 0 0 0 0 0 0 0 0 0 0 0 0 0 0 0 0 0 0 0 0 0 0 0 0 0 0 0 7 0 0 0 2 0 9 0 14 0 34 0 115 0 207 0 155 0 230 0 176 0 170 0 212 0 311 0 321 0 370 0 390 0 436 0 391 0 353 0 203 0 132 0 64 

SecondWin:
0 0 0 0 0 0 0 0 0 0 0 0 0 0 0 0 0 0 0 0 0 0 0 0 0 0 0 0 0 0 0 0 0 0 0 0 2 0 1 0 17 0 4 0 9 0 22 0 26 0 50 0 80 0 96 0 162 0 130 0 177 0 254 0 370 0 443 0 459 0 468 0 445 0 381 0 250 0 159 0 104 0 
SAlphaB:
0 0 0 0 0 0 0 0 0 0 0 0 0 0 0 0 0 0 0 0 0 0 0 0 0 0 0 0 0 0 0 0 0 0 0 0 2 0 1 0 17 0 4 0 9 0 22 0 26 0 50 0 80 0 96 0 162 0 130 0 177 0 254 0 370 0 443 0 459 0 468 0 445 0 381 0 250 0 159 0 104 0 
