0 28 50 12 -15 7 19 6

0 24 45 19 -15 3 5 12

0 32 73 29 -14 1 2 19

0 30 94 10 -6 7 25 39

0 71 84 87 -16 12 32 20

0 59 63 86 -12 13 20 25

0 45 94 17 -8 0 3 19

0 16 62 36 -5 2 9 29

0 22 58 73 -19 5 11 18

0 65 96 26 -7 5 20 7

0 7 79 55 -9 19 39 31

0 56 98 57 -4 13 40 37

0 93 95 67 -20 11 13 27

0 13 95 69 -8 7 17 28

0 15 53 60 -11 2 5 13

0 20 98 99 -9 14 42 40

0 15 87 75 -10 18 49 33

0 16 97 88 -14 17 41 3

0 47 85 83 -10 0 23 36

0 49 63 48 -9 6 12 49

0 48 67 12 -11 5 45 15

0 65 72 53 -1 4 24 49

0 45 51 45 -20 12 44 47

0 48 59 74 -10 10 14 31

0 91 96 15 -7 0 29 48

0 6 48 20 -6 3 19 12

0 57 78 2 -11 14 21 20

0 12 28 75 -5 0 17 1

0 16 41 21 -18 0 14 29

0 26 41 70 -1 33 38 26

0 29 62 52 -20 25 41 31

0 22 75 80 -8 9 18 14

0 18 82 89 -19 21 39 9

0 28 54 90 -20 1 2 46

0 76 78 46 -20 6 21 0

0 21 98 90 -7 0 7 45

0 21 80 80 -12 27 43 37

0 24 39 83 -12 1 15 36

0 79 94 10 -13 3 35 5

0 17 49 34 -11 15 30 22

0 6 45 61 -20 15 44 29

0 32 33 41 -10 13 19 36

0 85 96 35 -4 1 5 45

0 27 49 84 -10 11 19 15

0 33 66 44 -2 5 35 25

0 54 73 53 -3 18 34 42

0 26 45 24 -15 6 10 27

0 21 44 73 -12 9 32 46

0 9 95 99 -10 5 46 16

0 70 73 17 -9 19 33 19

0 2 52 99 -17 25 26 31

0 13 37 59 -5 18 34 11

0 13 69 55 -19 0 1 46

0 18 20 76 -13 9 36 35

0 18 31 4 -16 20 27 12

0 37 39 35 -1 16 19 38

0 5 70 37 -18 20 38 34

0 48 75 15 -19 21 23 20

0 10 73 30 -4 14 28 43

0 18 33 38 -3 3 4 49

0 3 81 19 -16 3 11 45

0 12 76 55 -2 21 29 46

0 0 2 67 -11 29 45 25

0 1 9 52 -19 23 43 18

0 44 60 60 -19 25 48 18

0 0 62 75 -19 6 47 30

0 39 98 58 -20 31 42 45

0 22 23 62 -13 13 28 39

0 11 15 72 -1 6 12 21

0 27 28 66 -19 2 6 37

0 26 34 71 -10 22 49 10

0 3 43 28 -17 18 21 28

0 22 57 57 -11 20 23 22

0 9 11 51 -6 12 45 5

0 8 79 19 -14 15 28 45

0 19 65 41 -8 10 34 31

0 2 42 50 -5 14 47 46

0 15 22 34 -3 0 2 41

0 2 49 44 -9 10 48 48

0 8 10 65 -19 12 13 25

0 58 85 23 -18 26 42 20

0 1 27 12 -7 5 22 20

0 0 13 6 -1 13 26 10

0 7 8 53 -5 8 24 20

0 10 23 28 -1 21 32 29

0 13 47 6 -2 26 33 45

0 3 12 92 -13 0 12 47

0 4 8 40 -4 7 31 4

0 13 38 34 -17 14 21 37

0 2 7 17 -2 31 49 3

0 7 35 19 -1 17 46 42

0 12 20 94 -2 4 15 39

0 14 77 80 -10 3 32 47

0 9 37 88 -19 0 29 36

0 4 5 16 -18 16 22 47

0 4 8 9 -18 0 34 39

0 0 1 21 -13 9 16 40

0 1 2 5 -9 23 48 42

0 1 5 24 -11 9 24 20

0 0 4 48 -14 13 14 41


SAlphaB: 703.0, std-dev 250.62863156390566

Earliest win: 36
Latest win: 81

WinDepth:
0 0 0 0 0 0 0 0 0 0 0 0 0 0 0 0 0 0 0 0 0 0 0 0 0 0 0 0 0 0 0 0 0 0 0 0 1 5 0 8 0 21 4 13 5 19 12 33 19 60 35 268 36 119 80 178 129 233 136 182 141 266 257 319 336 365 399 360 434 440 430 423 425 421 382 378 278 261 166 111 92 85 
SAlphaB:
0 0 0 0 0 0 0 0 0 0 0 0 0 0 0 0 0 0 0 0 0 0 0 0 0 0 0 0 0 0 0 0 0 0 0 0 1 5 0 8 0 21 4 13 5 19 12 33 19 60 35 268 36 119 80 178 129 233 136 182 141 266 257 319 336 365 399 360 434 440 430 423 425 421 382 378 278 261 166 111 92 85 

LossDepth:
SAlphaB:
0 0 0 0 0 0 0 0 0 0 0 0 0 0 0 0 0 0 0 0 0 0 0 0 0 0 0 0 0 0 0 0 0 0 0 0 1 5 0 8 0 21 4 13 5 19 12 33 19 60 35 268 36 119 80 178 129 233 136 182 141 266 257 319 336 365 399 360 434 440 430 423 425 421 382 378 278 261 166 111 92 85 

FirstWin:
0 0 0 0 0 0 0 0 0 0 0 0 0 0 0 0 0 0 0 0 0 0 0 0 0 0 0 0 0 0 0 0 0 0 0 0 0 5 0 8 0 21 0 13 0 19 0 33 0 60 0 268 0 119 0 178 0 233 0 182 0 266 0 319 0 365 0 360 0 440 0 423 0 421 0 378 0 261 0 111 0 85 
SAlphaB:
0 0 0 0 0 0 0 0 0 0 0 0 0 0 0 0 0 0 0 0 0 0 0 0 0 0 0 0 0 0 0 0 0 0 0 0 0 5 0 8 0 21 0 13 0 19 0 33 0 60 0 268 0 119 0 178 0 233 0 182 0 266 0 319 0 365 0 360 0 440 0 423 0 421 0 378 0 261 0 111 0 85 

SecondWin:
0 0 0 0 0 0 0 0 0 0 0 0 0 0 0 0 0 0 0 0 0 0 0 0 0 0 0 0 0 0 0 0 0 0 0 0 1 0 0 0 0 0 4 0 5 0 12 0 19 0 35 0 36 0 80 0 129 0 136 0 141 0 257 0 336 0 399 0 434 0 430 0 425 0 382 0 278 0 166 0 92 0 
SAlphaB:
0 0 0 0 0 0 0 0 0 0 0 0 0 0 0 0 0 0 0 0 0 0 0 0 0 0 0 0 0 0 0 0 0 0 0 0 1 0 0 0 0 0 4 0 5 0 12 0 19 0 35 0 36 0 80 0 129 0 136 0 141 0 257 0 336 0 399 0 434 0 430 0 425 0 382 0 278 0 166 0 92 0 
