0 40 66 33 -11 5 20 17

0 49 62 11 -4 6 23 45

0 37 96 3 -8 3 7 29

0 81 98 14 -11 0 6 39

0 32 44 53 -17 4 11 5

0 12 70 57 -4 5 7 19

0 51 76 51 -10 2 17 40

0 15 42 56 -18 1 2 4

0 52 70 11 -20 3 14 33

0 31 91 74 -9 0 23 8

0 43 74 96 -5 2 38 14

0 32 71 20 -1 14 17 13

0 28 55 70 -2 3 32 8

0 76 80 67 -12 26 37 8

0 25 66 64 -17 6 7 4

0 45 75 60 -18 2 25 49

0 68 74 78 -18 13 36 30

0 10 70 88 -11 17 43 6

0 36 52 89 -2 19 20 15

0 38 76 21 -11 16 34 14

0 10 73 89 -10 0 1 25

0 87 96 8 -14 13 19 39

0 51 93 11 -17 11 14 48

0 77 85 34 -6 27 28 30

0 16 80 93 -11 16 41 32

0 69 72 89 -13 11 16 3

0 38 77 94 -17 15 31 41

0 69 73 35 -16 5 7 34

0 63 99 66 -5 4 6 24

0 48 66 83 -4 16 21 13

0 23 50 33 -2 28 36 15

0 17 37 39 -7 1 9 33

0 2 48 34 -20 14 21 6

0 11 42 88 -5 4 8 13

0 63 97 10 -9 13 20 13

0 28 66 10 -2 3 42 8

0 3 42 58 -20 4 17 22

0 9 50 94 -12 7 17 42

0 7 50 63 -12 6 11 8

0 32 57 40 -2 12 13 36

0 0 69 55 -9 9 25 24

0 10 77 56 -17 5 25 2

0 16 39 27 -19 1 4 25

0 47 49 1 -6 24 27 16

0 22 54 95 -12 20 30 3

0 21 23 22 -11 5 31 14

0 11 86 60 -20 7 26 29

0 2 33 71 -12 11 13 3

0 51 89 26 -11 22 46 28

0 20 29 85 -17 5 23 27

0 75 89 32 -18 5 6 48

0 17 56 64 -4 0 17 23

0 18 62 22 -6 22 34 14

0 29 73 65 -6 24 29 12

0 6 87 39 -6 2 39 25

0 38 67 65 -2 1 6 40

0 32 36 1 -15 18 19 9

0 12 47 99 -17 2 23 37

0 11 76 96 -1 8 21 47

0 36 42 3 -16 25 27 2

0 52 63 65 -1 0 14 40

0 3 4 81 -15 19 27 10

0 16 49 84 -19 4 43 25

0 16 86 66 -18 13 32 35

0 32 46 13 -15 5 8 43

0 15 49 74 -9 1 25 27

0 45 51 28 -11 16 35 39

0 9 62 23 -7 18 21 45

0 2 74 9 -16 32 39 39

0 0 1 76 -2 11 22 44

0 7 11 58 -20 14 18 15

0 18 37 74 -9 5 35 38

0 6 8 33 -13 31 41 18

0 47 48 28 -6 14 37 44

0 5 39 5 -15 0 24 7

0 7 28 77 -14 15 27 12

0 66 76 83 -12 29 33 48

0 8 10 39 -18 5 23 9

0 17 35 37 -11 35 38 28

0 29 86 12 -10 34 45 7

0 1 4 82 -12 5 26 6

0 28 47 59 -20 12 29 48

0 20 36 81 -4 14 34 14

0 36 63 15 -11 25 44 29

0 2 6 22 -13 18 23 25

0 4 47 33 -1 5 6 33

0 8 10 6 -12 15 38 7

0 2 3 86 -18 45 47 28

0 0 2 59 -9 3 4 12

0 7 13 57 -8 8 9 25

0 8 16 32 -6 15 49 9

0 9 14 14 -8 2 47 46

0 5 20 98 -4 22 23 42

0 2 4 51 -15 0 10 15

0 2 18 64 -19 16 23 41

0 2 32 0 -11 2 9 49

0 0 1 20 -5 0 5 49

0 4 9 52 -12 6 9 39

0 2 3 20 -20 27 44 47

0 1 3 60 -2 13 48 40


SAlphaB: 698.0, std-dev 272.03621490937974

Earliest win: 37
Latest win: 81

WinDepth:
0 0 0 0 0 0 0 0 0 0 0 0 0 0 0 0 0 0 0 0 0 0 0 0 0 0 0 0 0 0 0 0 0 0 0 0 0 13 0 5 2 12 5 18 7 27 15 49 28 70 48 177 112 130 119 169 152 162 136 198 179 228 272 328 311 359 365 367 375 412 422 442 415 412 447 391 273 250 152 144 95 69 
SAlphaB:
0 0 0 0 0 0 0 0 0 0 0 0 0 0 0 0 0 0 0 0 0 0 0 0 0 0 0 0 0 0 0 0 0 0 0 0 0 13 0 5 2 12 5 18 7 27 15 49 28 70 48 177 112 130 119 169 152 162 136 198 179 228 272 328 311 359 365 367 375 412 422 442 415 412 447 391 273 250 152 144 95 69 

LossDepth:
SAlphaB:
0 0 0 0 0 0 0 0 0 0 0 0 0 0 0 0 0 0 0 0 0 0 0 0 0 0 0 0 0 0 0 0 0 0 0 0 0 13 0 5 2 12 5 18 7 27 15 49 28 70 48 177 112 130 119 169 152 162 136 198 179 228 272 328 311 359 365 367 375 412 422 442 415 412 447 391 273 250 152 144 95 69 

FirstWin:
0 0 0 0 0 0 0 0 0 0 0 0 0 0 0 0 0 0 0 0 0 0 0 0 0 0 0 0 0 0 0 0 0 0 0 0 0 13 0 5 0 12 0 18 0 27 0 49 0 70 0 177 0 130 0 169 0 162 0 198 0 228 0 328 0 359 0 367 0 412 0 442 0 412 0 391 0 250 0 144 0 69 
SAlphaB:
0 0 0 0 0 0 0 0 0 0 0 0 0 0 0 0 0 0 0 0 0 0 0 0 0 0 0 0 0 0 0 0 0 0 0 0 0 13 0 5 0 12 0 18 0 27 0 49 0 70 0 177 0 130 0 169 0 162 0 198 0 228 0 328 0 359 0 367 0 412 0 442 0 412 0 391 0 250 0 144 0 69 

SecondWin:
0 0 0 0 0 0 0 0 0 0 0 0 0 0 0 0 0 0 0 0 0 0 0 0 0 0 0 0 0 0 0 0 0 0 0 0 0 0 0 0 2 0 5 0 7 0 15 0 28 0 48 0 112 0 119 0 152 0 136 0 179 0 272 0 311 0 365 0 375 0 422 0 415 0 447 0 273 0 152 0 95 0 
SAlphaB:
0 0 0 0 0 0 0 0 0 0 0 0 0 0 0 0 0 0 0 0 0 0 0 0 0 0 0 0 0 0 0 0 0 0 0 0 0 0 0 0 2 0 5 0 7 0 15 0 28 0 48 0 112 0 119 0 152 0 136 0 179 0 272 0 311 0 365 0 375 0 422 0 415 0 447 0 273 0 152 0 95 0 
