0 29 47 41 -3 5 13 8

0 66 89 7 -18 10 28 33

0 16 43 86 -6 2 7 7

0 44 91 98 -18 2 23 9

0 32 51 54 -9 5 10 43

0 12 68 22 -10 14 36 17

0 62 71 27 -15 2 19 34

0 69 90 83 -20 4 27 29

0 12 38 82 -10 13 15 17

0 74 91 84 -16 12 28 44

0 5 61 76 -4 9 12 11

0 28 77 56 -20 9 10 37

0 34 52 25 -6 10 20 28

0 45 67 43 -7 5 37 33

0 24 78 92 -14 0 36 18

0 21 97 54 -8 15 36 30

0 45 50 84 -5 36 47 31

0 16 22 38 -8 3 7 12

0 39 97 88 -16 8 37 14

0 11 95 92 -7 1 6 32

0 5 18 39 -18 0 4 10

0 54 82 99 -9 20 49 37

0 31 55 71 -19 6 9 37

0 34 84 4 -17 3 5 6

0 74 89 78 -7 12 15 31

0 64 76 2 -12 18 41 17

0 6 65 81 -12 7 38 4

0 72 73 19 -3 4 34 10

0 62 81 94 -12 1 4 4

0 19 31 63 -20 26 36 32

0 20 21 94 -9 21 22 11

0 13 22 26 -7 2 3 19

0 13 36 97 -16 14 15 42

0 27 71 67 -10 23 35 4

0 34 68 58 -10 7 31 11

0 11 20 49 -12 1 5 9

0 41 51 87 -6 13 30 45

0 23 48 32 -13 16 29 14

0 29 34 63 -12 0 3 43

0 6 42 59 -14 15 39 21

0 10 21 75 -4 5 9 20

0 25 41 74 -7 4 33 11

0 17 44 12 -14 6 15 31

0 14 87 77 -5 43 47 1

0 30 41 59 -9 14 40 3

0 9 76 57 -1 36 42 1

0 2 42 60 -12 22 45 16

0 0 80 98 -6 7 15 43

0 30 38 44 -18 2 4 37

0 16 50 57 -17 4 18 11

0 28 57 10 -3 3 45 20

0 8 42 89 -7 1 2 48

0 11 60 44 -6 17 20 30

0 18 37 60 -4 14 38 44

0 11 72 11 -11 6 28 36

0 12 39 10 -4 4 13 39

0 38 54 21 -14 32 42 17

0 35 64 33 -15 6 42 44

0 11 41 32 -6 0 8 48

0 6 37 73 -18 5 7 39

0 5 53 70 -5 9 10 31

0 11 38 9 -9 13 19 27

0 20 29 12 -3 13 34 28

0 1 11 24 -4 3 12 1

0 26 64 55 -12 16 21 38

0 4 18 38 -16 17 45 27

0 15 58 32 -10 20 40 44

0 45 66 0 -8 39 49 45

0 33 63 78 -9 31 41 44

0 9 31 17 -8 25 31 8

0 2 24 13 -3 5 7 33

0 11 14 79 -17 21 48 17

0 3 8 38 -2 4 33 22

0 6 8 88 -11 10 43 10

0 30 47 99 -16 19 43 31

0 24 30 64 -14 27 47 3

0 19 76 22 -14 7 25 44

0 5 14 17 -1 6 45 11

0 8 17 64 -9 13 23 11

0 10 38 31 -17 14 38 37

0 8 15 86 -20 0 4 33

0 11 36 58 -17 2 4 42

0 21 38 9 -19 28 34 3

0 15 39 16 -17 2 14 35

0 5 9 82 -18 7 23 37

0 5 13 95 -19 25 29 38

0 1 29 3 -18 39 44 6

0 5 15 11 -4 0 26 1

0 7 16 2 -20 2 33 13

0 6 35 65 -4 31 46 0

0 3 10 68 -1 8 24 49

0 7 14 6 -14 18 23 29

0 6 22 41 -19 6 25 49

0 9 12 80 -7 23 27 16

0 2 11 0 -18 0 19 30

0 5 10 16 -5 6 7 22

0 0 3 63 -2 11 23 31

0 2 3 63 -17 22 43 24

0 2 5 39 -1 3 10 48

0 10 11 13 -20 1 2 33


SAlphaB: 750.0, std-dev 269.5675324393769

Earliest win: 35
Latest win: 81

WinDepth:
0 0 0 0 0 0 0 0 0 0 0 0 0 0 0 0 0 0 0 0 0 0 0 0 0 0 0 0 0 0 0 0 0 0 0 2 0 7 0 6 1 9 3 29 18 25 14 20 12 75 79 250 93 160 102 202 128 141 162 176 163 224 226 334 361 353 389 344 505 414 459 451 408 433 369 373 262 232 180 132 97 74 
SAlphaB:
0 0 0 0 0 0 0 0 0 0 0 0 0 0 0 0 0 0 0 0 0 0 0 0 0 0 0 0 0 0 0 0 0 0 0 2 0 7 0 6 1 9 3 29 18 25 14 20 12 75 79 250 93 160 102 202 128 141 162 176 163 224 226 334 361 353 389 344 505 414 459 451 408 433 369 373 262 232 180 132 97 74 

LossDepth:
SAlphaB:
0 0 0 0 0 0 0 0 0 0 0 0 0 0 0 0 0 0 0 0 0 0 0 0 0 0 0 0 0 0 0 0 0 0 0 2 0 7 0 6 1 9 3 29 18 25 14 20 12 75 79 250 93 160 102 202 128 141 162 176 163 224 226 334 361 353 389 344 505 414 459 451 408 433 369 373 262 232 180 132 97 74 

FirstWin:
0 0 0 0 0 0 0 0 0 0 0 0 0 0 0 0 0 0 0 0 0 0 0 0 0 0 0 0 0 0 0 0 0 0 0 2 0 7 0 6 0 9 0 29 0 25 0 20 0 75 0 250 0 160 0 202 0 141 0 176 0 224 0 334 0 353 0 344 0 414 0 451 0 433 0 373 0 232 0 132 0 74 
SAlphaB:
0 0 0 0 0 0 0 0 0 0 0 0 0 0 0 0 0 0 0 0 0 0 0 0 0 0 0 0 0 0 0 0 0 0 0 2 0 7 0 6 0 9 0 29 0 25 0 20 0 75 0 250 0 160 0 202 0 141 0 176 0 224 0 334 0 353 0 344 0 414 0 451 0 433 0 373 0 232 0 132 0 74 

SecondWin:
0 0 0 0 0 0 0 0 0 0 0 0 0 0 0 0 0 0 0 0 0 0 0 0 0 0 0 0 0 0 0 0 0 0 0 0 0 0 0 0 1 0 3 0 18 0 14 0 12 0 79 0 93 0 102 0 128 0 162 0 163 0 226 0 361 0 389 0 505 0 459 0 408 0 369 0 262 0 180 0 97 0 
SAlphaB:
0 0 0 0 0 0 0 0 0 0 0 0 0 0 0 0 0 0 0 0 0 0 0 0 0 0 0 0 0 0 0 0 0 0 0 0 0 0 0 0 1 0 3 0 18 0 14 0 12 0 79 0 93 0 102 0 128 0 162 0 163 0 226 0 361 0 389 0 505 0 459 0 408 0 369 0 262 0 180 0 97 0 
