0 44 81 35 -8 6 18 1

0 32 70 88 -16 3 9 8

0 38 84 64 -11 2 6 3

0 60 98 24 -3 19 40 40

0 30 93 23 -9 6 16 27

0 21 98 25 -7 1 6 0

0 40 80 32 -1 5 21 5

0 57 82 24 -13 5 15 9

0 18 96 67 -12 1 6 8

0 53 62 57 -7 10 23 8

0 22 97 10 -5 2 18 25

0 56 71 46 -16 10 38 29

0 61 82 90 -3 9 32 18

0 20 63 21 -15 1 3 3

0 47 64 79 -13 6 12 14

0 41 65 51 -13 2 6 8

0 25 67 42 -13 2 8 14

0 56 79 20 -20 6 21 11

0 43 87 46 -14 6 21 20

0 40 97 66 -14 4 10 13

0 25 43 86 -13 2 7 7

0 22 62 65 -12 2 5 9

0 48 76 22 -12 11 20 23

0 54 98 4 -12 2 17 34

0 54 95 19 -20 1 2 21

0 48 83 61 -20 6 22 24

0 46 79 36 -7 1 11 8

0 47 90 12 -6 7 22 28

0 50 97 76 -16 7 22 13

0 68 93 2 -3 6 20 16

0 58 81 89 -8 2 18 21

0 42 80 65 -20 1 2 20

0 48 79 82 -16 8 18 22

0 44 86 57 -19 0 10 20

0 51 85 38 -14 5 13 15

0 68 82 72 -8 3 25 27

0 45 94 8 -4 9 21 15

0 20 53 17 -13 2 6 4

0 33 98 21 -20 2 17 25

0 42 91 53 -13 4 18 4

0 69 93 24 -2 20 38 28

0 61 73 92 -6 13 40 18

0 33 76 95 -4 4 15 8

0 40 68 54 -6 5 14 20

0 29 53 33 -1 1 24 5

0 24 60 94 -16 2 6 8

0 44 88 8 -14 1 16 35

0 43 56 19 -5 3 9 10

0 40 46 33 -8 6 19 4

0 41 63 42 -3 0 3 1

0 43 67 39 -8 3 14 12

0 57 98 15 -14 0 14 14

0 49 68 59 -13 11 17 16

0 37 77 15 -2 1 28 7

0 43 80 23 -7 0 6 2

0 25 57 14 -13 2 8 18

0 48 61 34 -13 5 15 30

0 17 57 35 -4 2 10 1

0 28 70 32 -17 3 6 14

0 56 66 21 -13 12 26 13

0 71 90 97 -13 13 27 7

0 25 79 99 -5 6 10 2

0 43 91 42 -17 0 2 16

0 58 83 4 -15 2 20 29

0 35 63 25 -7 4 15 23

0 31 53 28 -3 0 15 1

0 27 35 66 -13 1 6 13

0 41 81 43 -10 2 22 18

0 69 97 56 -17 12 26 21

0 49 84 35 -13 6 19 7

0 60 90 43 -5 8 28 17

0 45 90 45 -12 0 8 16

0 94 95 93 -19 11 30 33

0 50 77 28 -5 4 32 31

0 75 90 59 -14 7 24 14

0 40 83 45 -3 4 21 5

0 46 88 88 -14 4 15 8

0 74 98 52 -15 3 30 34

0 65 73 76 -16 5 17 7

0 29 90 12 -19 0 1 13

0 23 81 63 -18 0 5 21

0 47 71 51 -14 2 18 15

0 26 67 9 -17 3 10 11

0 62 86 70 -4 5 29 31

0 39 81 80 -15 4 18 15

0 71 98 56 -20 1 26 40

0 81 92 87 -12 4 29 16

0 57 86 3 -1 11 35 4

0 46 90 8 -13 2 16 16

0 24 55 31 -13 2 7 1

0 48 70 13 -4 4 24 17

0 30 62 18 -9 3 16 16

0 39 82 91 -12 1 10 11

0 55 87 20 -2 5 19 9

0 61 84 54 -2 11 20 24

0 23 64 53 -13 5 19 17

0 70 91 43 -6 0 11 17

0 87 98 74 -2 7 45 24

0 17 63 71 -14 0 11 5

0 32 60 94 -16 2 15 22


SAlphaB: 1258.0, std-dev 412.5843144929974

Earliest win: 35
Latest win: 81

WinDepth:
0 0 0 0 0 0 0 0 0 0 0 0 0 0 0 0 0 0 0 0 0 0 0 0 0 0 0 0 0 0 0 0 0 0 0 3 0 13 0 14 0 9 4 20 7 36 10 44 29 64 168 142 91 173 109 239 134 268 182 260 266 382 284 445 376 406 407 446 409 434 392 390 372 308 325 251 213 186 136 117 84 72 
SAlphaB:
0 0 0 0 0 0 0 0 0 0 0 0 0 0 0 0 0 0 0 0 0 0 0 0 0 0 0 0 0 0 0 0 0 0 0 3 0 13 0 14 0 9 4 20 7 36 10 44 29 64 168 142 91 173 109 239 134 268 182 260 266 382 284 445 376 406 407 446 409 434 392 390 372 308 325 251 213 186 136 117 84 72 

LossDepth:
SAlphaB:
0 0 0 0 0 0 0 0 0 0 0 0 0 0 0 0 0 0 0 0 0 0 0 0 0 0 0 0 0 0 0 0 0 0 0 3 0 13 0 14 0 9 4 20 7 36 10 44 29 64 168 142 91 173 109 239 134 268 182 260 266 382 284 445 376 406 407 446 409 434 392 390 372 308 325 251 213 186 136 117 84 72 

FirstWin:
0 0 0 0 0 0 0 0 0 0 0 0 0 0 0 0 0 0 0 0 0 0 0 0 0 0 0 0 0 0 0 0 0 0 0 3 0 13 0 14 0 9 0 20 0 36 0 44 0 64 0 142 0 173 0 239 0 268 0 260 0 382 0 445 0 406 0 446 0 434 0 390 0 308 0 251 0 186 0 117 0 72 
SAlphaB:
0 0 0 0 0 0 0 0 0 0 0 0 0 0 0 0 0 0 0 0 0 0 0 0 0 0 0 0 0 0 0 0 0 0 0 3 0 13 0 14 0 9 0 20 0 36 0 44 0 64 0 142 0 173 0 239 0 268 0 260 0 382 0 445 0 406 0 446 0 434 0 390 0 308 0 251 0 186 0 117 0 72 

SecondWin:
0 0 0 0 0 0 0 0 0 0 0 0 0 0 0 0 0 0 0 0 0 0 0 0 0 0 0 0 0 0 0 0 0 0 0 0 0 0 0 0 0 0 4 0 7 0 10 0 29 0 168 0 91 0 109 0 134 0 182 0 266 0 284 0 376 0 407 0 409 0 392 0 372 0 325 0 213 0 136 0 84 0 
SAlphaB:
0 0 0 0 0 0 0 0 0 0 0 0 0 0 0 0 0 0 0 0 0 0 0 0 0 0 0 0 0 0 0 0 0 0 0 0 0 0 0 0 0 0 4 0 7 0 10 0 29 0 168 0 91 0 109 0 134 0 182 0 266 0 284 0 376 0 407 0 409 0 392 0 372 0 325 0 213 0 136 0 84 0 
