0 44 90 5 -5 2 17 9

0 55 93 68 -4 12 17 6

0 54 58 65 -17 7 18 34

0 20 56 21 -15 2 6 2

0 77 95 94 -1 21 25 24

0 26 67 41 -7 0 1 0

0 30 70 49 -6 8 20 10

0 8 89 81 -3 1 6 5

0 56 62 77 -7 9 32 3

0 38 65 95 -2 7 23 1

0 91 92 24 -6 15 41 21

0 0 56 33 -1 20 26 18

0 46 70 5 -4 5 29 11

0 60 61 72 -11 3 12 17

0 66 74 65 -7 14 17 2

0 66 76 66 -5 12 19 31

0 9 68 34 -5 5 22 0

0 33 48 82 -8 29 43 20

0 20 60 67 -7 28 44 32

0 50 99 88 -11 36 45 7

0 44 79 69 -8 7 26 47

0 70 71 26 -6 3 8 19

0 58 64 85 -14 15 32 24

0 64 72 99 -6 8 14 32

0 75 80 88 -4 23 47 11

0 13 49 88 -1 1 5 8

0 33 58 45 -20 0 7 46

0 10 55 13 -7 17 36 6

0 77 96 60 -5 2 4 33

0 12 27 35 -16 2 6 7

0 56 63 75 -8 1 8 5

0 2 72 2 -6 0 16 27

0 24 40 73 -1 24 26 20

0 7 38 76 -17 35 37 6

0 26 58 14 -4 6 7 38

0 25 31 38 -18 1 2 36

0 6 77 72 -1 6 38 3

0 28 89 7 -20 10 24 10

0 7 32 14 -13 9 17 2

0 52 56 19 -13 10 18 12

0 22 44 49 -18 6 24 21

0 22 95 16 -10 17 32 46

0 12 43 36 -6 11 19 18

0 59 73 2 -2 16 18 30

0 59 62 26 -13 1 23 39

0 12 20 50 -4 10 22 15

0 23 46 77 -7 8 31 16

0 1 2 74 -2 26 27 26

0 42 49 83 -4 11 45 14

0 23 55 31 -12 16 30 14

0 2 21 51 -5 2 4 13

0 64 78 94 -5 28 31 40

0 5 11 30 -3 2 5 17

0 3 41 39 -15 7 12 1

0 26 71 30 -11 4 43 31

0 63 74 26 -5 5 6 48

0 2 31 52 -19 5 28 4

0 11 27 26 -10 17 30 13

0 17 25 96 -6 29 37 26

0 36 91 85 -9 32 47 42

0 19 84 26 -7 15 19 20

0 0 1 30 -5 9 10 11

0 13 37 83 -9 37 49 32

0 38 40 12 -19 15 36 38

0 14 23 22 -16 18 34 15

0 3 55 22 -14 6 42 31

0 5 30 91 -12 7 8 36

0 2 12 48 -1 27 34 20

0 19 20 38 -9 8 33 26

0 25 53 21 -1 8 38 5

0 22 30 63 -13 9 32 49

0 6 30 55 -15 20 38 38

0 7 48 62 -12 39 47 25

0 3 23 94 -6 39 43 20

0 35 99 33 -7 28 48 32

0 0 21 42 -19 17 21 23

0 3 4 71 -16 2 30 1

0 21 29 8 -14 6 15 48

0 5 30 5 -14 2 5 38

0 0 5 21 -15 18 24 35

0 8 43 5 -6 16 47 35

0 3 10 29 -14 14 16 30

0 8 11 27 -20 17 36 29

0 9 14 18 -5 3 27 6

0 8 90 34 -8 8 16 48

0 3 10 88 -9 0 9 36

0 6 13 94 -1 16 26 42

0 13 18 0 -6 3 25 22

0 17 26 26 -20 9 11 32

0 14 52 80 -8 2 38 33

0 2 9 23 -17 4 32 30

0 0 1 31 -18 2 6 5

0 1 3 54 -11 13 39 41

0 5 13 5 -1 42 44 11

0 4 10 4 -16 0 12 20

0 1 4 1 -10 4 35 14

0 17 18 21 -19 16 31 41

0 18 53 9 -3 22 25 39

0 11 17 58 -5 9 10 41

0 0 16 25 -12 2 10 43


SAlphaB: 974.0, std-dev 369.82600536255455

Earliest win: 37
Latest win: 81

WinDepth:
0 0 0 0 0 0 0 0 0 0 0 0 0 0 0 0 0 0 0 0 0 0 0 0 0 0 0 0 0 0 0 0 0 0 0 0 0 3 2 0 1 3 4 8 6 24 18 41 30 80 72 164 75 109 78 146 121 201 120 182 159 247 264 309 360 381 393 350 421 422 488 475 418 406 384 393 280 228 166 137 90 61 
SAlphaB:
0 0 0 0 0 0 0 0 0 0 0 0 0 0 0 0 0 0 0 0 0 0 0 0 0 0 0 0 0 0 0 0 0 0 0 0 0 3 2 0 1 3 4 8 6 24 18 41 30 80 72 164 75 109 78 146 121 201 120 182 159 247 264 309 360 381 393 350 421 422 488 475 418 406 384 393 280 228 166 137 90 61 

LossDepth:
SAlphaB:
0 0 0 0 0 0 0 0 0 0 0 0 0 0 0 0 0 0 0 0 0 0 0 0 0 0 0 0 0 0 0 0 0 0 0 0 0 3 2 0 1 3 4 8 6 24 18 41 30 80 72 164 75 109 78 146 121 201 120 182 159 247 264 309 360 381 393 350 421 422 488 475 418 406 384 393 280 228 166 137 90 61 

FirstWin:
0 0 0 0 0 0 0 0 0 0 0 0 0 0 0 0 0 0 0 0 0 0 0 0 0 0 0 0 0 0 0 0 0 0 0 0 0 3 0 0 0 3 0 8 0 24 0 41 0 80 0 164 0 109 0 146 0 201 0 182 0 247 0 309 0 381 0 350 0 422 0 475 0 406 0 393 0 228 0 137 0 61 
SAlphaB:
0 0 0 0 0 0 0 0 0 0 0 0 0 0 0 0 0 0 0 0 0 0 0 0 0 0 0 0 0 0 0 0 0 0 0 0 0 3 0 0 0 3 0 8 0 24 0 41 0 80 0 164 0 109 0 146 0 201 0 182 0 247 0 309 0 381 0 350 0 422 0 475 0 406 0 393 0 228 0 137 0 61 

SecondWin:
0 0 0 0 0 0 0 0 0 0 0 0 0 0 0 0 0 0 0 0 0 0 0 0 0 0 0 0 0 0 0 0 0 0 0 0 0 0 2 0 1 0 4 0 6 0 18 0 30 0 72 0 75 0 78 0 121 0 120 0 159 0 264 0 360 0 393 0 421 0 488 0 418 0 384 0 280 0 166 0 90 0 
SAlphaB:
0 0 0 0 0 0 0 0 0 0 0 0 0 0 0 0 0 0 0 0 0 0 0 0 0 0 0 0 0 0 0 0 0 0 0 0 0 0 2 0 1 0 4 0 6 0 18 0 30 0 72 0 75 0 78 0 121 0 120 0 159 0 264 0 360 0 393 0 421 0 488 0 418 0 384 0 280 0 166 0 90 0 
