0 7 47 34 -20 8 18 15

0 6 85 47 -19 4 5 12

0 12 50 17 -10 6 22 3

0 39 62 94 -3 8 22 29

0 15 34 34 -6 12 26 12

0 32 57 45 -5 4 35 17

0 51 69 33 -2 0 2 3

0 58 66 91 -4 12 34 21

0 14 90 58 -17 30 44 17

0 60 94 37 -20 6 14 47

0 1 69 64 -6 8 18 24

0 9 81 45 -6 1 12 18

0 41 89 58 -14 5 6 39

0 6 61 48 -8 11 24 30

0 67 88 2 -15 0 1 27

0 32 84 77 -17 33 45 27

0 76 94 42 -2 1 38 44

0 34 45 48 -20 17 27 35

0 38 86 63 -5 2 18 30

0 36 85 39 -2 1 3 35

0 37 97 24 -14 22 44 5

0 44 99 5 -8 1 2 30

0 32 96 26 -4 4 28 5

0 53 59 61 -8 20 48 36

0 55 63 84 -18 0 1 23

0 62 83 86 -5 13 15 47

0 0 75 87 -14 10 14 29

0 17 36 78 -4 14 37 29

0 59 95 0 -14 19 40 43

0 35 40 4 -16 1 11 14

0 25 42 97 -8 32 40 25

0 72 77 97 -11 4 35 19

0 17 83 79 -3 32 36 22

0 32 95 17 -11 20 33 25

0 62 65 27 -3 18 43 5

0 52 59 83 -19 25 42 24

0 8 33 37 -2 0 14 18

0 93 96 20 -7 35 44 35

0 6 34 71 -3 5 9 30

0 67 69 89 -5 5 33 13

0 70 87 39 -10 30 46 4

0 5 86 83 -13 21 32 49

0 27 52 5 -8 2 6 42

0 6 69 62 -19 7 10 39

0 15 33 16 -3 4 7 5

0 19 52 49 -5 5 6 8

0 44 52 96 -3 19 44 49

0 15 46 45 -20 33 48 32

0 71 77 11 -12 1 10 35

0 11 68 36 -9 7 13 16

0 60 75 98 -10 39 46 31

0 3 9 83 -13 23 29 24

0 0 2 71 -15 19 35 12

0 3 16 55 -2 10 21 6

0 11 41 32 -10 2 45 9

0 3 11 20 -3 15 27 13

0 23 41 92 -6 4 32 18

0 10 84 65 -8 21 31 42

0 54 56 1 -5 5 12 28

0 20 24 18 -16 8 16 43

0 21 68 77 -2 12 49 26

0 15 20 13 -17 6 7 32

0 1 23 22 -17 4 11 22

0 0 4 94 -2 16 18 44

0 38 53 57 -15 7 39 28

0 3 9 58 -12 24 28 44

0 5 12 42 -16 11 24 10

0 3 37 38 -11 23 49 4

0 58 93 90 -11 37 45 46

0 0 14 48 -11 23 34 20

0 1 17 76 -5 39 47 34

0 14 87 39 -15 24 36 44

0 0 2 66 -14 19 26 15

0 0 9 40 -18 8 11 32

0 2 28 34 -18 14 23 46

0 33 36 69 -2 9 45 32

0 0 45 35 -18 21 28 2

0 11 21 94 -2 6 38 1

0 5 15 90 -5 0 1 42

0 4 23 74 -3 0 19 36

0 14 81 47 -2 1 5 42

0 0 13 50 -14 4 12 9

0 5 15 74 -20 0 1 36

0 8 56 11 -3 38 41 45

0 28 52 4 -16 3 26 24

0 2 13 76 -15 14 23 5

0 8 52 6 -14 7 44 47

0 2 3 94 -1 19 43 5

0 8 20 21 -17 14 40 22

0 20 86 47 -9 19 22 4

0 4 8 31 -7 0 6 24

0 34 74 47 -12 35 36 40

0 3 5 23 -10 24 36 18

0 13 27 8 -19 7 21 15

0 7 24 11 -16 2 6 40

0 24 50 65 -10 5 32 40

0 2 12 93 -15 11 32 23

0 2 7 25 -15 2 5 2

0 0 1 38 -5 13 49 26

0 5 20 0 -6 12 26 46


SAlphaB: 987.0, std-dev 362.19851447636955

Earliest win: 37
Latest win: 81

WinDepth:
0 0 0 0 0 0 0 0 0 0 0 0 0 0 0 0 0 0 0 0 0 0 0 0 0 0 0 0 0 0 0 0 0 0 0 0 0 1 0 1 1 5 0 5 6 7 4 43 21 42 59 281 29 128 58 266 85 189 119 174 175 179 247 272 313 335 352 372 467 425 482 549 457 425 427 365 250 231 171 128 108 68 
SAlphaB:
0 0 0 0 0 0 0 0 0 0 0 0 0 0 0 0 0 0 0 0 0 0 0 0 0 0 0 0 0 0 0 0 0 0 0 0 0 1 0 1 1 5 0 5 6 7 4 43 21 42 59 281 29 128 58 266 85 189 119 174 175 179 247 272 313 335 352 372 467 425 482 549 457 425 427 365 250 231 171 128 108 68 

LossDepth:
SAlphaB:
0 0 0 0 0 0 0 0 0 0 0 0 0 0 0 0 0 0 0 0 0 0 0 0 0 0 0 0 0 0 0 0 0 0 0 0 0 1 0 1 1 5 0 5 6 7 4 43 21 42 59 281 29 128 58 266 85 189 119 174 175 179 247 272 313 335 352 372 467 425 482 549 457 425 427 365 250 231 171 128 108 68 

FirstWin:
0 0 0 0 0 0 0 0 0 0 0 0 0 0 0 0 0 0 0 0 0 0 0 0 0 0 0 0 0 0 0 0 0 0 0 0 0 1 0 1 0 5 0 5 0 7 0 43 0 42 0 281 0 128 0 266 0 189 0 174 0 179 0 272 0 335 0 372 0 425 0 549 0 425 0 365 0 231 0 128 0 68 
SAlphaB:
0 0 0 0 0 0 0 0 0 0 0 0 0 0 0 0 0 0 0 0 0 0 0 0 0 0 0 0 0 0 0 0 0 0 0 0 0 1 0 1 0 5 0 5 0 7 0 43 0 42 0 281 0 128 0 266 0 189 0 174 0 179 0 272 0 335 0 372 0 425 0 549 0 425 0 365 0 231 0 128 0 68 

SecondWin:
0 0 0 0 0 0 0 0 0 0 0 0 0 0 0 0 0 0 0 0 0 0 0 0 0 0 0 0 0 0 0 0 0 0 0 0 0 0 0 0 1 0 0 0 6 0 4 0 21 0 59 0 29 0 58 0 85 0 119 0 175 0 247 0 313 0 352 0 467 0 482 0 457 0 427 0 250 0 171 0 108 0 
SAlphaB:
0 0 0 0 0 0 0 0 0 0 0 0 0 0 0 0 0 0 0 0 0 0 0 0 0 0 0 0 0 0 0 0 0 0 0 0 0 0 0 0 1 0 0 0 6 0 4 0 21 0 59 0 29 0 58 0 85 0 119 0 175 0 247 0 313 0 352 0 467 0 482 0 457 0 427 0 250 0 171 0 108 0 
