0 6 44 30 -5 0 1 8

0 24 73 56 -12 0 6 11

0 26 69 59 -3 12 25 45

0 7 17 66 -7 5 9 8

0 31 54 84 -1 9 23 3

0 26 73 1 -12 0 1 31

0 83 92 99 -11 8 37 6

0 24 28 21 -3 8 27 26

0 23 76 29 -12 18 27 7

0 12 55 88 -9 3 10 2

0 22 81 41 -8 12 24 43

0 33 78 90 -7 9 16 41

0 10 79 90 -13 4 22 12

0 25 49 18 -15 18 33 3

0 21 97 14 -6 1 3 21

0 71 84 75 -19 2 4 35

0 61 81 42 -6 11 16 24

0 17 87 75 -7 1 9 33

0 14 37 15 -15 0 3 34

0 64 82 74 -17 14 23 17

0 45 74 4 -18 4 29 49

0 36 79 50 -18 15 35 8

0 56 89 79 -10 1 21 35

0 67 86 54 -9 5 10 17

0 59 68 36 -2 2 10 13

0 29 85 24 -3 14 30 36

0 10 76 88 -14 10 21 35

0 54 73 51 -17 7 42 20

0 32 55 28 -7 10 35 22

0 38 45 78 -19 47 49 9

0 12 34 15 -9 10 27 35

0 60 87 67 -4 18 35 24

0 15 91 87 -18 14 33 20

0 22 57 27 -9 8 28 18

0 29 90 47 -1 17 18 24

0 22 37 51 -10 1 14 4

0 33 89 97 -8 2 3 2

0 16 54 64 -9 9 15 9

0 36 46 55 -12 0 9 31

0 19 57 20 -19 1 7 9

0 5 95 94 -16 14 27 28

0 19 65 4 -7 10 27 19

0 43 61 62 -16 42 47 23

0 21 26 64 -20 1 3 43

0 31 59 41 -15 11 43 47

0 19 30 97 -3 20 37 39

0 70 95 73 -3 11 37 2

0 8 62 86 -20 7 18 3

0 75 81 12 -5 0 8 22

0 61 70 90 -18 0 1 48

0 24 80 56 -9 26 42 3

0 76 99 35 -15 31 34 19

0 6 44 51 -14 4 46 20

0 74 89 90 -3 35 44 32

0 14 17 95 -4 2 4 25

0 10 24 9 -7 10 19 9

0 26 76 89 -1 23 44 28

0 6 40 49 -19 44 48 22

0 4 57 79 -19 12 16 10

0 38 45 63 -6 18 21 23

0 21 68 36 -18 21 27 35

0 4 57 93 -14 4 6 43

0 20 59 59 -13 7 9 16

0 24 33 3 -9 3 34 25

0 4 44 15 -16 25 39 19

0 59 88 47 -8 30 44 33

0 12 43 8 -18 12 45 19

0 0 65 29 -18 1 8 44

0 29 48 30 -4 18 19 30

0 27 51 3 -3 17 30 19

0 12 30 7 -14 5 29 12

0 23 52 59 -19 18 39 7

0 16 45 98 -7 10 46 44

0 18 21 86 -14 14 16 32

0 7 14 10 -11 11 20 14

0 2 31 62 -3 33 48 29

0 38 40 12 -11 17 35 37

0 22 72 9 -18 28 40 36

0 21 48 10 -9 29 32 28

0 6 10 6 -3 12 34 23

0 25 77 93 -19 14 15 49

0 12 42 58 -9 13 14 29

0 21 49 49 -8 15 28 42

0 0 6 9 -12 23 31 19

0 11 70 31 -15 14 19 1

0 42 54 42 -4 33 48 49

0 14 31 14 -3 2 30 37

0 4 13 38 -12 0 20 7

0 5 18 82 -12 22 48 44

0 11 12 45 -7 36 43 1

0 32 33 6 -1 23 25 42

0 9 16 68 -14 27 33 1

0 29 35 2 -14 34 49 1

0 4 12 12 -18 4 41 15

0 0 1 85 -20 15 29 19

0 9 15 79 -8 12 34 1

0 0 1 79 -6 8 43 24

0 0 38 80 -20 35 45 20

0 13 26 31 -8 3 28 48

0 2 11 38 -1 1 2 22


SAlphaB: 975.0, std-dev 382.93289341421934

Earliest win: 37
Latest win: 81

WinDepth:
0 0 0 0 0 0 0 0 0 0 0 0 0 0 0 0 0 0 0 0 0 0 0 0 0 0 0 0 0 0 0 0 0 0 0 0 0 1 0 0 1 3 7 19 13 7 13 37 35 109 53 238 104 133 87 237 115 227 129 184 136 262 206 360 317 374 434 343 418 437 427 469 380 371 367 326 247 244 172 137 88 78 
SAlphaB:
0 0 0 0 0 0 0 0 0 0 0 0 0 0 0 0 0 0 0 0 0 0 0 0 0 0 0 0 0 0 0 0 0 0 0 0 0 1 0 0 1 3 7 19 13 7 13 37 35 109 53 238 104 133 87 237 115 227 129 184 136 262 206 360 317 374 434 343 418 437 427 469 380 371 367 326 247 244 172 137 88 78 

LossDepth:
SAlphaB:
0 0 0 0 0 0 0 0 0 0 0 0 0 0 0 0 0 0 0 0 0 0 0 0 0 0 0 0 0 0 0 0 0 0 0 0 0 1 0 0 1 3 7 19 13 7 13 37 35 109 53 238 104 133 87 237 115 227 129 184 136 262 206 360 317 374 434 343 418 437 427 469 380 371 367 326 247 244 172 137 88 78 

FirstWin:
0 0 0 0 0 0 0 0 0 0 0 0 0 0 0 0 0 0 0 0 0 0 0 0 0 0 0 0 0 0 0 0 0 0 0 0 0 1 0 0 0 3 0 19 0 7 0 37 0 109 0 238 0 133 0 237 0 227 0 184 0 262 0 360 0 374 0 343 0 437 0 469 0 371 0 326 0 244 0 137 0 78 
SAlphaB:
0 0 0 0 0 0 0 0 0 0 0 0 0 0 0 0 0 0 0 0 0 0 0 0 0 0 0 0 0 0 0 0 0 0 0 0 0 1 0 0 0 3 0 19 0 7 0 37 0 109 0 238 0 133 0 237 0 227 0 184 0 262 0 360 0 374 0 343 0 437 0 469 0 371 0 326 0 244 0 137 0 78 

SecondWin:
0 0 0 0 0 0 0 0 0 0 0 0 0 0 0 0 0 0 0 0 0 0 0 0 0 0 0 0 0 0 0 0 0 0 0 0 0 0 0 0 1 0 7 0 13 0 13 0 35 0 53 0 104 0 87 0 115 0 129 0 136 0 206 0 317 0 434 0 418 0 427 0 380 0 367 0 247 0 172 0 88 0 
SAlphaB:
0 0 0 0 0 0 0 0 0 0 0 0 0 0 0 0 0 0 0 0 0 0 0 0 0 0 0 0 0 0 0 0 0 0 0 0 0 0 0 0 1 0 7 0 13 0 13 0 35 0 53 0 104 0 87 0 115 0 129 0 136 0 206 0 317 0 434 0 418 0 427 0 380 0 367 0 247 0 172 0 88 0 
