0 39 94 65 -18 7 11 8

0 27 93 57 -3 2 8 15

0 41 79 38 -18 9 19 23

0 12 22 30 -11 3 8 8

0 21 53 77 -11 0 1 2

0 14 61 86 -10 1 4 6

0 32 66 51 -12 5 19 37

0 32 98 39 -8 5 35 19

0 31 38 42 -14 4 12 2

0 77 79 24 -20 13 40 44

0 15 66 50 -11 3 8 3

0 24 90 55 -16 0 2 42

0 30 56 80 -12 11 24 16

0 34 60 60 -12 7 17 24

0 38 63 79 -1 1 28 33

0 16 61 30 -7 44 46 4

0 2 45 76 -14 1 3 43

0 65 81 44 -3 28 36 20

0 21 93 65 -12 3 4 42

0 69 88 97 -15 7 18 43

0 24 50 46 -14 3 6 30

0 27 67 46 -2 5 6 25

0 8 94 91 -16 38 47 9

0 36 57 26 -3 5 29 49

0 8 43 44 -2 5 8 14

0 13 16 40 -5 0 1 2

0 13 89 89 -19 7 8 35

0 80 92 87 -13 4 7 20

0 35 49 22 -7 32 40 13

0 6 53 65 -20 3 4 12

0 23 76 91 -19 9 22 9

0 0 59 30 -6 6 9 20

0 86 87 46 -2 1 10 25

0 78 88 51 -14 0 7 10

0 10 32 59 -12 8 12 13

0 35 77 47 -18 11 32 48

0 21 58 61 -18 7 29 28

0 26 68 62 -2 6 23 49

0 48 99 48 -6 25 26 13

0 4 23 61 -1 32 37 9

0 83 94 18 -9 0 1 49

0 25 47 47 -4 22 27 11

0 94 97 71 -6 8 10 38

0 55 76 82 -7 11 24 32

0 26 27 30 -18 2 21 29

0 3 17 77 -11 28 32 29

0 10 96 58 -18 4 22 5

0 27 29 90 -20 6 19 24

0 30 54 28 -7 8 9 41

0 0 64 38 -5 16 21 7

0 44 50 4 -9 4 40 9

0 13 64 47 -3 2 14 34

0 20 29 71 -4 35 46 6

0 23 41 59 -13 3 30 42

0 4 6 59 -4 4 7 17

0 10 43 71 -2 7 12 42

0 33 35 99 -18 37 46 42

0 67 77 3 -3 16 17 28

0 26 61 25 -11 5 29 16

0 5 40 32 -20 1 10 20

0 45 59 26 -15 17 25 45

0 1 14 13 -13 26 43 16

0 31 39 79 -2 0 21 0

0 38 61 2 -17 23 30 11

0 6 25 82 -3 18 29 10

0 31 40 98 -9 1 9 38

0 63 75 4 -20 0 3 43

0 2 6 74 -20 0 2 25

0 4 12 78 -8 19 41 22

0 37 63 59 -20 33 35 38

0 1 19 37 -13 14 36 38

0 48 50 18 -15 9 49 38

0 29 36 48 -13 18 32 29

0 8 35 97 -6 17 41 30

0 22 65 84 -11 8 40 47

0 1 6 80 -18 8 14 27

0 7 51 66 -16 3 39 49

0 21 46 62 -19 4 48 20

0 2 3 56 -20 15 31 0

0 2 6 79 -12 0 2 38

0 8 67 77 -6 6 13 34

0 5 57 31 -19 3 7 44

0 8 23 71 -19 5 44 34

0 11 55 31 -4 22 27 48

0 4 14 31 -12 7 29 30

0 17 27 79 -1 25 47 43

0 1 16 10 -8 16 47 11

0 2 12 63 -12 12 13 34

0 2 12 9 -1 8 23 31

0 17 22 28 -19 23 36 32

0 7 25 27 -13 27 40 45

0 2 8 5 -3 30 37 2

0 0 1 43 -4 3 37 41

0 0 12 55 -14 6 40 28

0 2 4 91 -9 38 39 32

0 5 12 64 -4 16 19 41

0 0 43 64 -5 1 9 42

0 13 21 7 -1 5 47 34

0 9 11 17 -8 1 18 40

0 3 6 5 -6 9 14 37


SAlphaB: 982.0, std-dev 375.91526567791436

Earliest win: 37
Latest win: 81

WinDepth:
0 0 0 0 0 0 0 0 0 0 0 0 0 0 0 0 0 0 0 0 0 0 0 0 0 0 0 0 0 0 0 0 0 0 0 0 0 6 0 7 8 8 6 9 7 14 16 37 40 87 67 227 89 132 98 208 127 192 171 197 154 247 249 333 364 369 394 366 407 399 462 379 446 347 373 395 252 245 173 146 100 96 
SAlphaB:
0 0 0 0 0 0 0 0 0 0 0 0 0 0 0 0 0 0 0 0 0 0 0 0 0 0 0 0 0 0 0 0 0 0 0 0 0 6 0 7 8 8 6 9 7 14 16 37 40 87 67 227 89 132 98 208 127 192 171 197 154 247 249 333 364 369 394 366 407 399 462 379 446 347 373 395 252 245 173 146 100 96 

LossDepth:
SAlphaB:
0 0 0 0 0 0 0 0 0 0 0 0 0 0 0 0 0 0 0 0 0 0 0 0 0 0 0 0 0 0 0 0 0 0 0 0 0 6 0 7 8 8 6 9 7 14 16 37 40 87 67 227 89 132 98 208 127 192 171 197 154 247 249 333 364 369 394 366 407 399 462 379 446 347 373 395 252 245 173 146 100 96 

FirstWin:
0 0 0 0 0 0 0 0 0 0 0 0 0 0 0 0 0 0 0 0 0 0 0 0 0 0 0 0 0 0 0 0 0 0 0 0 0 6 0 7 0 8 0 9 0 14 0 37 0 87 0 227 0 132 0 208 0 192 0 197 0 247 0 333 0 369 0 366 0 399 0 379 0 347 0 395 0 245 0 146 0 96 
SAlphaB:
0 0 0 0 0 0 0 0 0 0 0 0 0 0 0 0 0 0 0 0 0 0 0 0 0 0 0 0 0 0 0 0 0 0 0 0 0 6 0 7 0 8 0 9 0 14 0 37 0 87 0 227 0 132 0 208 0 192 0 197 0 247 0 333 0 369 0 366 0 399 0 379 0 347 0 395 0 245 0 146 0 96 

SecondWin:
0 0 0 0 0 0 0 0 0 0 0 0 0 0 0 0 0 0 0 0 0 0 0 0 0 0 0 0 0 0 0 0 0 0 0 0 0 0 0 0 8 0 6 0 7 0 16 0 40 0 67 0 89 0 98 0 127 0 171 0 154 0 249 0 364 0 394 0 407 0 462 0 446 0 373 0 252 0 173 0 100 0 
SAlphaB:
0 0 0 0 0 0 0 0 0 0 0 0 0 0 0 0 0 0 0 0 0 0 0 0 0 0 0 0 0 0 0 0 0 0 0 0 0 0 0 0 8 0 6 0 7 0 16 0 40 0 67 0 89 0 98 0 127 0 171 0 154 0 249 0 364 0 394 0 407 0 462 0 446 0 373 0 252 0 173 0 100 0 
