0 39 79 81 -10 2 6 8

0 58 64 82 -1 12 41 25

0 62 75 59 -3 6 12 28

0 58 81 57 -16 3 18 2

0 21 61 40 -13 1 4 8

0 31 49 35 -9 0 2 13

0 42 70 31 -8 3 22 4

0 41 66 22 -14 3 22 42

0 18 67 17 -10 2 11 40

0 43 66 92 -2 4 30 38

0 55 94 7 -10 0 9 28

0 52 72 74 -12 0 3 26

0 20 26 38 -11 1 3 29

0 28 70 81 -7 19 34 16

0 19 63 92 -16 7 12 44

0 76 94 59 -3 0 46 9

0 40 52 29 -12 10 24 4

0 53 97 82 -6 3 5 2

0 45 58 25 -10 0 11 19

0 30 92 78 -7 16 47 11

0 26 38 36 -8 26 30 6

0 50 51 78 -18 3 17 26

0 39 92 95 -4 1 3 23

0 26 61 59 -9 33 36 5

0 40 96 12 -12 11 41 27

0 59 98 9 -19 13 49 27

0 1 18 54 -16 22 26 21

0 57 70 60 -8 21 31 16

0 22 53 87 -16 1 17 31

0 16 69 85 -2 9 33 12

0 31 38 12 -20 2 19 34

0 25 57 71 -8 9 10 21

0 13 23 92 -3 1 13 9

0 10 45 34 -18 4 12 6

0 39 97 31 -14 43 47 4

0 66 87 8 -2 2 8 11

0 1 32 88 -1 17 33 9

0 49 65 45 -19 11 34 21

0 77 81 70 -8 13 14 17

0 3 96 27 -2 5 39 14

0 37 99 75 -19 9 47 46

0 46 50 57 -2 32 35 27

0 13 50 12 -10 4 15 35

0 40 58 72 -4 16 43 21

0 5 37 62 -19 29 41 19

0 89 93 24 -13 0 9 43

0 30 99 31 -17 25 46 44

0 49 59 24 -11 22 27 2

0 34 77 60 -20 17 22 16

0 8 55 18 -19 0 10 48

0 2 6 92 -4 10 12 22

0 32 58 25 -3 22 25 7

0 33 37 41 -14 13 28 26

0 14 54 74 -15 33 34 0

0 25 57 76 -7 23 46 10

0 15 82 98 -9 28 41 7

0 36 81 30 -8 25 44 40

0 11 44 19 -16 10 46 8

0 76 78 90 -7 7 13 28

0 45 66 60 -19 10 42 14

0 8 58 44 -14 33 41 5

0 26 64 66 -15 42 44 44

0 11 53 0 -18 4 15 24

0 15 72 98 -6 15 41 39

0 9 79 37 -3 39 40 7

0 51 56 0 -19 12 18 35

0 16 99 40 -12 3 31 26

0 5 13 50 -11 7 13 12

0 31 42 21 -1 0 15 36

0 8 38 79 -18 36 41 24

0 29 71 86 -13 32 34 20

0 34 45 70 -16 28 39 41

0 42 49 28 -12 19 30 19

0 32 41 38 -5 29 43 33

0 12 16 6 -9 19 39 28

0 6 24 76 -11 21 38 6

0 13 89 36 -9 7 17 46

0 7 84 90 -2 9 43 14

0 3 79 67 -6 18 19 45

0 21 30 78 -2 1 4 33

0 14 15 46 -19 5 36 9

0 9 20 86 -5 0 23 7

0 8 16 62 -17 13 22 19

0 8 27 57 -8 5 38 12

0 1 2 75 -9 11 14 27

0 7 54 9 -9 8 33 23

0 30 36 0 -10 31 32 49

0 2 87 11 -12 35 40 27

0 0 1 31 -5 7 20 17

0 4 8 48 -10 11 47 37

0 10 18 26 -15 23 29 3

0 8 24 84 -2 2 24 31

0 5 21 7 -20 6 24 42

0 8 35 2 -5 12 36 32

0 0 6 26 -13 17 23 43

0 0 4 86 -4 8 44 10

0 0 11 40 -20 40 42 35

0 8 9 91 -3 14 39 47

0 7 12 47 -19 39 48 0

0 3 17 25 -10 1 9 49


SAlphaB: 988.0, std-dev 380.39996083335785

Earliest win: 37
Latest win: 81

WinDepth:
0 0 0 0 0 0 0 0 0 0 0 0 0 0 0 0 0 0 0 0 0 0 0 0 0 0 0 0 0 0 0 0 0 0 0 0 0 7 1 8 0 1 7 21 8 23 16 32 23 61 62 185 173 129 120 152 126 169 149 168 190 222 222 343 290 375 408 377 460 390 416 439 439 349 386 351 244 265 202 151 89 77 
SAlphaB:
0 0 0 0 0 0 0 0 0 0 0 0 0 0 0 0 0 0 0 0 0 0 0 0 0 0 0 0 0 0 0 0 0 0 0 0 0 7 1 8 0 1 7 21 8 23 16 32 23 61 62 185 173 129 120 152 126 169 149 168 190 222 222 343 290 375 408 377 460 390 416 439 439 349 386 351 244 265 202 151 89 77 

LossDepth:
SAlphaB:
0 0 0 0 0 0 0 0 0 0 0 0 0 0 0 0 0 0 0 0 0 0 0 0 0 0 0 0 0 0 0 0 0 0 0 0 0 7 1 8 0 1 7 21 8 23 16 32 23 61 62 185 173 129 120 152 126 169 149 168 190 222 222 343 290 375 408 377 460 390 416 439 439 349 386 351 244 265 202 151 89 77 

FirstWin:
0 0 0 0 0 0 0 0 0 0 0 0 0 0 0 0 0 0 0 0 0 0 0 0 0 0 0 0 0 0 0 0 0 0 0 0 0 7 0 8 0 1 0 21 0 23 0 32 0 61 0 185 0 129 0 152 0 169 0 168 0 222 0 343 0 375 0 377 0 390 0 439 0 349 0 351 0 265 0 151 0 77 
SAlphaB:
0 0 0 0 0 0 0 0 0 0 0 0 0 0 0 0 0 0 0 0 0 0 0 0 0 0 0 0 0 0 0 0 0 0 0 0 0 7 0 8 0 1 0 21 0 23 0 32 0 61 0 185 0 129 0 152 0 169 0 168 0 222 0 343 0 375 0 377 0 390 0 439 0 349 0 351 0 265 0 151 0 77 

SecondWin:
0 0 0 0 0 0 0 0 0 0 0 0 0 0 0 0 0 0 0 0 0 0 0 0 0 0 0 0 0 0 0 0 0 0 0 0 0 0 1 0 0 0 7 0 8 0 16 0 23 0 62 0 173 0 120 0 126 0 149 0 190 0 222 0 290 0 408 0 460 0 416 0 439 0 386 0 244 0 202 0 89 0 
SAlphaB:
0 0 0 0 0 0 0 0 0 0 0 0 0 0 0 0 0 0 0 0 0 0 0 0 0 0 0 0 0 0 0 0 0 0 0 0 0 0 1 0 0 0 7 0 8 0 16 0 23 0 62 0 173 0 120 0 126 0 149 0 190 0 222 0 290 0 408 0 460 0 416 0 439 0 386 0 244 0 202 0 89 0 
