0 34 85 55 -11 1 17 21

0 17 95 34 -2 8 19 3

0 25 64 32 -18 1 4 14

0 23 79 13 -19 3 4 7

0 84 96 78 -14 6 33 11

0 27 37 52 -6 5 17 20

0 49 59 38 -16 1 6 17

0 12 75 48 -7 2 18 24

0 63 96 39 -7 12 14 33

0 53 95 44 -3 8 14 1

0 62 85 37 -4 14 17 1

0 59 71 47 -14 9 19 21

0 6 49 30 -5 28 35 2

0 13 65 87 -11 16 17 30

0 44 70 70 -11 12 26 15

0 20 32 20 -8 3 12 27

0 20 64 65 -13 2 23 19

0 7 58 72 -7 3 7 4

0 56 75 40 -9 3 4 7

0 49 60 6 -18 0 5 0

0 13 24 44 -7 1 3 12

0 63 84 27 -16 15 33 12

0 29 37 8 -20 3 9 34

0 51 97 92 -20 9 35 15

0 31 67 96 -19 8 13 7

0 6 42 39 -15 2 4 3

0 27 67 44 -11 40 48 12

0 6 78 76 -2 2 3 26

0 14 38 44 -11 19 40 14

0 45 64 78 -8 0 7 22

0 50 82 39 -6 18 22 46

0 0 68 98 -8 27 39 45

0 44 49 53 -8 18 23 12

0 81 98 48 -3 20 23 26

0 16 91 21 -10 2 48 18

0 9 33 51 -20 5 9 24

0 20 53 70 -14 14 44 18

0 50 79 30 -16 5 42 13

0 64 71 26 -7 0 5 0

0 35 40 29 -17 20 48 10

0 72 82 20 -4 4 17 0

0 64 77 20 -20 32 46 3

0 18 20 56 -15 25 26 38

0 7 66 68 -19 30 42 39

0 41 61 90 -13 14 27 15

0 16 44 74 -10 18 34 28

0 25 29 26 -12 1 14 41

0 13 26 52 -17 13 27 41

0 38 80 35 -17 13 15 17

0 15 79 10 -7 21 26 23

0 20 53 4 -14 9 31 5

0 27 28 34 -13 16 21 28

0 14 95 48 -14 10 35 26

0 9 15 80 -4 20 29 15

0 18 19 50 -1 12 27 7

0 25 84 19 -13 28 30 19

0 3 25 96 -2 10 12 32

0 18 95 88 -10 34 37 35

0 13 64 77 -9 38 47 30

0 13 34 73 -16 19 28 7

0 1 14 89 -8 1 8 16

0 9 29 57 -19 2 16 22

0 14 19 45 -12 9 13 40

0 40 88 51 -7 18 31 16

0 22 69 4 -7 32 49 18

0 16 23 58 -9 11 14 21

0 27 44 74 -3 3 27 29

0 6 8 45 -19 8 12 4

0 4 17 53 -11 17 29 4

0 2 7 29 -10 22 41 14

0 9 38 81 -9 4 23 33

0 36 38 37 -11 21 34 10

0 1 79 52 -1 20 37 20

0 17 25 66 -5 12 29 37

0 24 26 0 -15 1 48 4

0 3 50 55 -3 3 39 24

0 11 19 95 -4 26 29 47

0 5 10 60 -18 5 29 22

0 10 24 57 -3 19 44 9

0 3 54 72 -3 4 46 17

0 10 13 91 -12 3 31 6

0 1 19 49 -13 28 30 49

0 13 27 4 -10 5 34 36

0 3 22 65 -20 23 45 42

0 9 48 16 -6 4 39 30

0 24 26 0 -18 7 10 5

0 1 2 32 -5 8 34 13

0 18 37 33 -12 3 15 47

0 0 10 43 -6 34 44 1

0 2 13 30 -16 12 18 27

0 0 25 77 -11 8 29 41

0 1 8 92 -16 1 16 37

0 14 18 51 -4 8 47 45

0 0 3 68 -7 8 18 8

0 8 17 45 -1 6 36 49

0 3 5 30 -7 6 8 35

0 6 9 33 -7 2 19 35

0 3 19 6 -18 1 41 35

0 4 13 95 -14 2 29 33

0 0 1 4 -12 0 14 42


SAlphaB: 981.0, std-dev 373.51542326139815

Earliest win: 37
Latest win: 81

WinDepth:
0 0 0 0 0 0 0 0 0 0 0 0 0 0 0 0 0 0 0 0 0 0 0 0 0 0 0 0 0 0 0 0 0 0 0 0 0 7 0 5 0 2 3 8 7 11 14 31 25 55 90 185 79 136 82 159 118 175 159 189 168 213 269 358 344 387 393 387 422 403 464 486 408 382 414 349 239 232 161 146 93 80 
SAlphaB:
0 0 0 0 0 0 0 0 0 0 0 0 0 0 0 0 0 0 0 0 0 0 0 0 0 0 0 0 0 0 0 0 0 0 0 0 0 7 0 5 0 2 3 8 7 11 14 31 25 55 90 185 79 136 82 159 118 175 159 189 168 213 269 358 344 387 393 387 422 403 464 486 408 382 414 349 239 232 161 146 93 80 

LossDepth:
SAlphaB:
0 0 0 0 0 0 0 0 0 0 0 0 0 0 0 0 0 0 0 0 0 0 0 0 0 0 0 0 0 0 0 0 0 0 0 0 0 7 0 5 0 2 3 8 7 11 14 31 25 55 90 185 79 136 82 159 118 175 159 189 168 213 269 358 344 387 393 387 422 403 464 486 408 382 414 349 239 232 161 146 93 80 

FirstWin:
0 0 0 0 0 0 0 0 0 0 0 0 0 0 0 0 0 0 0 0 0 0 0 0 0 0 0 0 0 0 0 0 0 0 0 0 0 7 0 5 0 2 0 8 0 11 0 31 0 55 0 185 0 136 0 159 0 175 0 189 0 213 0 358 0 387 0 387 0 403 0 486 0 382 0 349 0 232 0 146 0 80 
SAlphaB:
0 0 0 0 0 0 0 0 0 0 0 0 0 0 0 0 0 0 0 0 0 0 0 0 0 0 0 0 0 0 0 0 0 0 0 0 0 7 0 5 0 2 0 8 0 11 0 31 0 55 0 185 0 136 0 159 0 175 0 189 0 213 0 358 0 387 0 387 0 403 0 486 0 382 0 349 0 232 0 146 0 80 

SecondWin:
0 0 0 0 0 0 0 0 0 0 0 0 0 0 0 0 0 0 0 0 0 0 0 0 0 0 0 0 0 0 0 0 0 0 0 0 0 0 0 0 0 0 3 0 7 0 14 0 25 0 90 0 79 0 82 0 118 0 159 0 168 0 269 0 344 0 393 0 422 0 464 0 408 0 414 0 239 0 161 0 93 0 
SAlphaB:
0 0 0 0 0 0 0 0 0 0 0 0 0 0 0 0 0 0 0 0 0 0 0 0 0 0 0 0 0 0 0 0 0 0 0 0 0 0 0 0 0 0 3 0 7 0 14 0 25 0 90 0 79 0 82 0 118 0 159 0 168 0 269 0 344 0 393 0 422 0 464 0 408 0 414 0 239 0 161 0 93 0 
