0 37 51 76 -5 8 9 3

0 23 88 95 -9 0 1 15

0 16 60 70 -4 22 31 12

0 9 52 73 -11 0 1 1

0 70 98 69 -2 4 18 23

0 24 25 55 -10 2 8 8

0 32 96 12 -11 5 22 3

0 15 54 48 -17 4 9 15

0 9 99 37 -8 4 43 49

0 2 23 40 -2 3 7 8

0 27 90 40 -4 16 45 5

0 72 90 87 -14 15 24 39

0 56 60 51 -10 29 46 0

0 55 78 49 -2 5 16 23

0 18 97 23 -13 1 14 27

0 5 49 59 -15 1 3 14

0 39 40 72 -7 12 21 3

0 28 45 80 -20 1 15 18

0 23 59 40 -2 6 16 16

0 14 39 94 -7 13 33 32

0 39 80 69 -6 22 26 4

0 55 95 29 -9 5 22 2

0 8 52 61 -4 11 12 7

0 14 74 73 -15 17 42 25

0 0 84 10 -4 1 14 8

0 51 55 76 -13 11 13 21

0 19 74 25 -3 23 46 1

0 22 87 29 -20 7 43 26

0 37 89 26 -11 28 47 6

0 9 73 15 -12 0 1 32

0 4 81 10 -6 14 25 31

0 5 93 30 -18 3 12 22

0 42 58 98 -1 18 23 27

0 34 69 55 -2 22 32 10

0 18 49 18 -19 1 24 43

0 18 53 68 -3 11 21 46

0 46 51 93 -20 10 24 33

0 15 39 26 -20 5 9 41

0 5 46 37 -10 14 21 19

0 6 45 82 -13 0 27 1

0 8 20 87 -7 0 5 0

0 43 61 31 -16 15 22 2

0 51 74 99 -11 5 9 44

0 48 53 77 -3 26 29 49

0 46 57 98 -18 15 19 32

0 35 59 95 -9 14 19 5

0 2 57 25 -3 8 19 17

0 47 52 27 -6 1 2 34

0 25 30 43 -16 30 38 21

0 6 66 99 -12 26 49 38

0 17 31 81 -5 8 17 39

0 10 12 66 -16 24 26 36

0 48 68 98 -12 4 46 3

0 65 79 6 -2 37 47 14

0 31 52 17 -3 21 34 13

0 4 52 3 -19 23 27 27

0 1 46 33 -4 6 15 27

0 29 45 73 -13 0 38 29

0 11 37 74 -19 23 36 38

0 2 5 60 -16 21 31 12

0 11 56 84 -18 2 45 44

0 7 62 13 -1 19 27 1

0 11 73 79 -19 8 37 44

0 11 46 85 -20 2 49 48

0 54 71 7 -12 25 30 14

0 53 61 8 -5 4 15 49

0 18 37 3 -15 9 11 46

0 3 22 95 -1 19 36 39

0 14 16 82 -11 5 7 30

0 34 39 86 -18 8 46 13

0 11 63 60 -6 8 16 49

0 13 52 90 -5 3 39 17

0 12 30 4 -14 32 33 39

0 7 38 32 -1 19 24 40

0 14 15 4 -19 4 39 41

0 8 12 99 -19 2 36 6

0 47 81 29 -19 34 46 47

0 3 51 52 -12 2 5 49

0 0 10 41 -5 21 27 35

0 28 42 13 -14 14 30 42

0 1 2 70 -20 1 4 23

0 18 58 24 -10 12 31 46

0 36 41 11 -12 17 18 4

0 9 28 83 -14 18 44 44

0 3 23 38 -3 3 10 20

0 9 15 66 -10 24 46 1

0 2 73 60 -4 7 9 42

0 0 20 48 -2 32 48 7

0 1 13 35 -1 5 28 17

0 2 3 75 -9 5 13 18

0 8 21 95 -12 32 49 14

0 9 17 7 -2 2 23 40

0 3 25 71 -12 4 19 30

0 4 5 46 -19 1 3 39

0 13 17 17 -7 2 3 34

0 2 9 69 -11 10 47 47

0 10 49 17 -17 15 19 43

0 9 14 76 -4 1 13 34

0 1 5 81 -16 20 48 45

0 0 1 43 -16 1 6 33


SAlphaB: 973.0, std-dev 399.33501182173677

Earliest win: 37
Latest win: 81

WinDepth:
0 0 0 0 0 0 0 0 0 0 0 0 0 0 0 0 0 0 0 0 0 0 0 0 0 0 0 0 0 0 0 0 0 0 0 0 0 6 0 8 0 11 1 22 12 29 23 52 31 83 92 193 81 138 64 198 163 197 152 190 214 222 262 352 318 358 425 398 414 395 459 462 404 402 360 380 248 231 168 119 81 50 
SAlphaB:
0 0 0 0 0 0 0 0 0 0 0 0 0 0 0 0 0 0 0 0 0 0 0 0 0 0 0 0 0 0 0 0 0 0 0 0 0 6 0 8 0 11 1 22 12 29 23 52 31 83 92 193 81 138 64 198 163 197 152 190 214 222 262 352 318 358 425 398 414 395 459 462 404 402 360 380 248 231 168 119 81 50 

LossDepth:
SAlphaB:
0 0 0 0 0 0 0 0 0 0 0 0 0 0 0 0 0 0 0 0 0 0 0 0 0 0 0 0 0 0 0 0 0 0 0 0 0 6 0 8 0 11 1 22 12 29 23 52 31 83 92 193 81 138 64 198 163 197 152 190 214 222 262 352 318 358 425 398 414 395 459 462 404 402 360 380 248 231 168 119 81 50 

FirstWin:
0 0 0 0 0 0 0 0 0 0 0 0 0 0 0 0 0 0 0 0 0 0 0 0 0 0 0 0 0 0 0 0 0 0 0 0 0 6 0 8 0 11 0 22 0 29 0 52 0 83 0 193 0 138 0 198 0 197 0 190 0 222 0 352 0 358 0 398 0 395 0 462 0 402 0 380 0 231 0 119 0 50 
SAlphaB:
0 0 0 0 0 0 0 0 0 0 0 0 0 0 0 0 0 0 0 0 0 0 0 0 0 0 0 0 0 0 0 0 0 0 0 0 0 6 0 8 0 11 0 22 0 29 0 52 0 83 0 193 0 138 0 198 0 197 0 190 0 222 0 352 0 358 0 398 0 395 0 462 0 402 0 380 0 231 0 119 0 50 

SecondWin:
0 0 0 0 0 0 0 0 0 0 0 0 0 0 0 0 0 0 0 0 0 0 0 0 0 0 0 0 0 0 0 0 0 0 0 0 0 0 0 0 0 0 1 0 12 0 23 0 31 0 92 0 81 0 64 0 163 0 152 0 214 0 262 0 318 0 425 0 414 0 459 0 404 0 360 0 248 0 168 0 81 0 
SAlphaB:
0 0 0 0 0 0 0 0 0 0 0 0 0 0 0 0 0 0 0 0 0 0 0 0 0 0 0 0 0 0 0 0 0 0 0 0 0 0 0 0 0 0 1 0 12 0 23 0 31 0 92 0 81 0 64 0 163 0 152 0 214 0 262 0 318 0 425 0 414 0 459 0 404 0 360 0 248 0 168 0 81 0 
