0 74 83 45 -5 20 24 17

0 56 99 65 -13 4 27 28

0 43 59 66 -8 7 13 17

0 43 71 68 -13 7 8 6

0 17 45 16 -5 1 13 8

0 62 72 18 -4 4 22 16

0 58 91 36 -17 3 4 22

0 42 93 90 -19 20 35 40

0 34 91 25 -19 10 30 22

0 57 59 26 -4 3 18 1

0 52 58 91 -12 1 9 8

0 79 98 23 -6 11 22 14

0 61 84 73 -12 5 10 26

0 61 97 11 -5 1 34 42

0 22 78 95 -8 20 28 23

0 63 80 84 -1 0 28 22

0 41 57 30 -2 1 3 23

0 53 91 73 -19 2 4 23

0 15 52 7 -8 6 7 6

0 53 55 94 -2 1 37 20

0 6 89 40 -12 3 9 24

0 29 50 33 -6 7 9 2

0 6 61 77 -19 8 33 27

0 28 48 92 -2 2 17 40

0 26 68 69 -1 11 34 3

0 2 38 87 -18 15 30 22

0 1 37 28 -19 30 35 40

0 68 86 55 -12 5 7 11

0 18 98 54 -9 4 26 28

0 10 63 90 -13 19 22 17

0 0 43 18 -10 6 7 10

0 28 79 42 -2 19 24 12

0 25 48 65 -12 2 28 15

0 17 20 39 -4 2 3 7

0 9 55 51 -9 13 27 22

0 25 84 11 -20 4 10 37

0 23 62 76 -5 4 27 4

0 11 16 25 -3 3 7 13

0 43 51 31 -17 1 5 49

0 20 35 39 -13 2 4 38

0 31 33 93 -18 0 12 15

0 45 83 32 -8 9 24 48

0 71 75 83 -14 8 11 46

0 4 50 37 -13 34 36 14

0 18 26 67 -11 14 30 8

0 49 70 75 -18 18 45 17

0 31 37 92 -1 36 41 23

0 17 32 84 -7 37 44 41

0 47 62 58 -8 19 29 24

0 33 38 32 -16 17 47 5

0 28 40 6 -13 10 22 3

0 11 38 96 -2 6 13 39

0 13 19 75 -2 5 6 19

0 4 31 82 -18 0 17 4

0 10 67 35 -11 0 46 5

0 26 39 13 -16 4 15 44

0 54 66 40 -16 24 42 12

0 14 63 11 -9 9 20 25

0 12 77 86 -14 42 49 23

0 55 62 15 -7 20 41 33

0 8 42 40 -11 8 23 30

0 14 25 84 -10 0 16 8

0 3 74 41 -14 1 42 3

0 4 70 17 -9 13 28 31

0 15 44 81 -7 27 39 27

0 7 40 29 -13 7 9 4

0 3 14 58 -4 13 21 4

0 25 59 9 -18 36 47 32

0 21 92 28 -20 12 24 31

0 7 9 65 -17 0 1 20

0 26 92 59 -7 20 22 1

0 53 60 42 -7 37 48 17

0 14 86 66 -10 8 11 39

0 56 97 99 -1 33 36 15

0 14 60 9 -9 40 49 44

0 69 89 76 -1 24 30 44

0 6 23 52 -16 13 25 10

0 9 24 23 -15 30 34 48

0 33 75 94 -13 17 19 23

0 0 5 70 -1 18 22 16

0 2 10 27 -8 10 22 10

0 19 45 66 -19 12 14 41

0 17 21 35 -14 3 40 20

0 8 77 42 -4 3 29 48

0 15 42 18 -19 20 42 12

0 4 54 77 -15 0 1 41

0 10 24 88 -14 10 12 26

0 1 18 44 -8 24 34 8

0 2 3 18 -17 14 37 5

0 0 20 63 -13 6 35 39

0 4 12 33 -4 13 41 8

0 8 24 68 -5 8 41 37

0 11 13 32 -9 20 32 3

0 1 5 5 -15 17 42 21

0 5 11 85 -9 6 12 30

0 5 34 84 -1 5 35 26

0 9 10 30 -9 27 47 49

0 2 10 46 -9 2 48 16

0 15 16 44 -1 11 31 34

0 0 13 46 -17 7 45 32


SAlphaB: 961.0, std-dev 383.420469279649

Earliest win: 36
Latest win: 81

WinDepth:
0 0 0 0 0 0 0 0 0 0 0 0 0 0 0 0 0 0 0 0 0 0 0 0 0 0 0 0 0 0 0 0 0 0 0 0 1 9 0 5 13 2 3 21 12 24 10 25 13 57 69 132 65 130 74 147 115 214 130 222 159 271 244 367 321 394 395 428 389 409 484 500 441 402 373 331 256 237 192 134 76 103 
SAlphaB:
0 0 0 0 0 0 0 0 0 0 0 0 0 0 0 0 0 0 0 0 0 0 0 0 0 0 0 0 0 0 0 0 0 0 0 0 1 9 0 5 13 2 3 21 12 24 10 25 13 57 69 132 65 130 74 147 115 214 130 222 159 271 244 367 321 394 395 428 389 409 484 500 441 402 373 331 256 237 192 134 76 103 

LossDepth:
SAlphaB:
0 0 0 0 0 0 0 0 0 0 0 0 0 0 0 0 0 0 0 0 0 0 0 0 0 0 0 0 0 0 0 0 0 0 0 0 1 9 0 5 13 2 3 21 12 24 10 25 13 57 69 132 65 130 74 147 115 214 130 222 159 271 244 367 321 394 395 428 389 409 484 500 441 402 373 331 256 237 192 134 76 103 

FirstWin:
0 0 0 0 0 0 0 0 0 0 0 0 0 0 0 0 0 0 0 0 0 0 0 0 0 0 0 0 0 0 0 0 0 0 0 0 0 9 0 5 0 2 0 21 0 24 0 25 0 57 0 132 0 130 0 147 0 214 0 222 0 271 0 367 0 394 0 428 0 409 0 500 0 402 0 331 0 237 0 134 0 103 
SAlphaB:
0 0 0 0 0 0 0 0 0 0 0 0 0 0 0 0 0 0 0 0 0 0 0 0 0 0 0 0 0 0 0 0 0 0 0 0 0 9 0 5 0 2 0 21 0 24 0 25 0 57 0 132 0 130 0 147 0 214 0 222 0 271 0 367 0 394 0 428 0 409 0 500 0 402 0 331 0 237 0 134 0 103 

SecondWin:
0 0 0 0 0 0 0 0 0 0 0 0 0 0 0 0 0 0 0 0 0 0 0 0 0 0 0 0 0 0 0 0 0 0 0 0 1 0 0 0 13 0 3 0 12 0 10 0 13 0 69 0 65 0 74 0 115 0 130 0 159 0 244 0 321 0 395 0 389 0 484 0 441 0 373 0 256 0 192 0 76 0 
SAlphaB:
0 0 0 0 0 0 0 0 0 0 0 0 0 0 0 0 0 0 0 0 0 0 0 0 0 0 0 0 0 0 0 0 0 0 0 0 1 0 0 0 13 0 3 0 12 0 10 0 13 0 69 0 65 0 74 0 115 0 130 0 159 0 244 0 321 0 395 0 389 0 484 0 441 0 373 0 256 0 192 0 76 0 
