0 25 82 30 -17 0 1 25

0 20 79 79 -19 1 9 33

0 44 72 50 -9 3 20 28

0 82 98 2 -14 8 24 17

0 9 97 94 -19 2 4 30

0 27 72 97 -6 0 2 10

0 38 50 84 -20 0 4 22

0 13 74 83 -18 5 6 22

0 23 87 62 -18 2 9 45

0 85 99 53 -14 14 49 11

0 8 74 57 -20 0 2 12

0 45 59 99 -9 1 6 9

0 80 83 10 -17 4 6 2

0 32 63 57 -1 0 14 8

0 2 42 39 -10 14 32 12

0 44 89 3 -8 10 26 16

0 67 69 76 -15 5 12 20

0 26 32 4 -11 2 7 21

0 16 41 56 -4 43 46 13

0 2 49 87 -15 0 9 14

0 51 62 64 -19 10 36 19

0 22 82 93 -6 4 26 31

0 70 73 69 -16 2 4 15

0 42 69 34 -10 6 12 4

0 21 65 42 -12 16 34 9

0 69 97 74 -12 3 36 13

0 6 43 94 -7 3 11 8

0 16 62 18 -16 45 47 22

0 30 34 85 -1 3 11 2

0 76 90 80 -5 13 15 0

0 18 87 93 -8 8 9 32

0 28 43 1 -7 5 9 24

0 52 93 82 -7 5 6 13

0 13 51 64 -7 11 34 27

0 38 50 47 -18 12 16 41

0 26 51 47 -12 31 37 32

0 18 28 23 -11 14 43 19

0 12 83 85 -12 10 28 40

0 6 93 18 -3 8 48 23

0 48 81 44 -6 36 45 47

0 67 74 65 -1 14 16 23

0 25 42 60 -18 8 19 20

0 13 58 4 -14 3 18 27

0 30 50 30 -11 26 29 26

0 14 76 36 -7 5 46 46

0 49 55 61 -1 7 41 48

0 2 3 88 -8 20 29 34

0 20 65 85 -9 3 19 16

0 4 15 39 -4 19 32 10

0 8 29 85 -16 28 43 21

0 44 75 79 -13 12 17 19

0 15 23 78 -14 18 48 24

0 31 38 45 -12 14 29 45

0 3 7 51 -14 3 4 20

0 7 53 25 -14 9 13 30

0 35 39 90 -15 19 47 20

0 1 50 15 -11 11 20 23

0 82 90 54 -19 29 43 5

0 5 64 0 -17 11 14 34

0 18 33 74 -20 21 31 33

0 22 59 2 -16 1 18 44

0 11 92 13 -3 34 36 2

0 26 47 60 -19 16 49 20

0 10 12 9 -7 44 46 5

0 0 21 2 -1 46 48 2

0 0 94 8 -6 6 30 23

0 17 51 61 -17 39 43 49

0 16 25 27 -16 27 49 46

0 0 36 89 -9 1 2 39

0 1 19 8 -9 5 17 24

0 1 24 82 -19 32 44 44

0 18 38 98 -7 0 2 38

0 2 7 85 -6 4 6 7

0 3 90 42 -9 29 43 41

0 3 45 75 -18 10 11 4

0 6 8 80 -16 6 12 4

0 4 12 18 -13 10 20 28

0 8 42 1 -3 17 46 41

0 21 47 17 -11 12 48 3

0 9 88 0 -1 33 40 4

0 20 22 48 -8 9 47 38

0 6 8 81 -16 25 33 41

0 0 9 3 -16 45 46 24

0 2 26 25 -15 26 30 46

0 16 58 41 -8 4 37 24

0 13 54 29 -17 19 48 4

0 1 3 21 -13 26 41 27

0 11 27 85 -13 6 42 8

0 3 36 4 -1 1 21 32

0 0 1 11 -20 0 14 35

0 8 41 61 -5 2 30 19

0 0 5 2 -5 9 24 13

0 21 28 12 -7 13 35 40

0 5 6 61 -8 25 27 49

0 14 17 83 -20 8 33 6

0 17 33 5 -20 3 12 42

0 0 2 11 -9 12 43 13

0 2 9 95 -11 3 9 40

0 7 11 88 -4 2 10 40

0 1 32 97 -11 3 13 49


SAlphaB: 966.0, std-dev 365.2018806583061

Earliest win: 33
Latest win: 81

WinDepth:
0 0 0 0 0 0 0 0 0 0 0 0 0 0 0 0 0 0 0 0 0 0 0 0 0 0 0 0 0 0 0 0 0 1 0 1 0 0 1 1 1 5 2 18 18 22 21 36 23 60 78 180 103 91 55 138 102 197 157 182 160 238 220 327 284 335 404 382 448 453 430 479 480 399 376 380 271 286 205 141 88 79 
SAlphaB:
0 0 0 0 0 0 0 0 0 0 0 0 0 0 0 0 0 0 0 0 0 0 0 0 0 0 0 0 0 0 0 0 0 1 0 1 0 0 1 1 1 5 2 18 18 22 21 36 23 60 78 180 103 91 55 138 102 197 157 182 160 238 220 327 284 335 404 382 448 453 430 479 480 399 376 380 271 286 205 141 88 79 

LossDepth:
SAlphaB:
0 0 0 0 0 0 0 0 0 0 0 0 0 0 0 0 0 0 0 0 0 0 0 0 0 0 0 0 0 0 0 0 0 1 0 1 0 0 1 1 1 5 2 18 18 22 21 36 23 60 78 180 103 91 55 138 102 197 157 182 160 238 220 327 284 335 404 382 448 453 430 479 480 399 376 380 271 286 205 141 88 79 

FirstWin:
0 0 0 0 0 0 0 0 0 0 0 0 0 0 0 0 0 0 0 0 0 0 0 0 0 0 0 0 0 0 0 0 0 1 0 1 0 0 0 1 0 5 0 18 0 22 0 36 0 60 0 180 0 91 0 138 0 197 0 182 0 238 0 327 0 335 0 382 0 453 0 479 0 399 0 380 0 286 0 141 0 79 
SAlphaB:
0 0 0 0 0 0 0 0 0 0 0 0 0 0 0 0 0 0 0 0 0 0 0 0 0 0 0 0 0 0 0 0 0 1 0 1 0 0 0 1 0 5 0 18 0 22 0 36 0 60 0 180 0 91 0 138 0 197 0 182 0 238 0 327 0 335 0 382 0 453 0 479 0 399 0 380 0 286 0 141 0 79 

SecondWin:
0 0 0 0 0 0 0 0 0 0 0 0 0 0 0 0 0 0 0 0 0 0 0 0 0 0 0 0 0 0 0 0 0 0 0 0 0 0 1 0 1 0 2 0 18 0 21 0 23 0 78 0 103 0 55 0 102 0 157 0 160 0 220 0 284 0 404 0 448 0 430 0 480 0 376 0 271 0 205 0 88 0 
SAlphaB:
0 0 0 0 0 0 0 0 0 0 0 0 0 0 0 0 0 0 0 0 0 0 0 0 0 0 0 0 0 0 0 0 0 0 0 0 0 0 1 0 1 0 2 0 18 0 21 0 23 0 78 0 103 0 55 0 102 0 157 0 160 0 220 0 284 0 404 0 448 0 430 0 480 0 376 0 271 0 205 0 88 0 
