0 51 90 67 -17 3 10 23

0 37 86 27 -12 2 29 24

0 45 74 22 -17 1 10 10

0 7 62 4 -3 0 2 2

0 43 76 60 -12 3 8 4

0 31 93 9 -20 3 16 33

0 54 90 54 -7 8 13 44

0 10 42 68 -16 15 26 1

0 64 83 13 -7 15 35 44

0 81 96 97 -19 6 22 40

0 38 56 53 -20 3 13 20

0 55 61 40 -7 3 17 0

0 10 66 87 -4 14 33 12

0 1 78 94 -18 8 18 43

0 14 67 3 -14 1 3 23

0 39 56 7 -19 6 22 33

0 23 38 7 -15 4 5 0

0 43 65 56 -4 4 7 23

0 37 64 38 -12 1 5 41

0 27 79 26 -11 1 7 7

0 3 60 87 -11 14 23 19

0 50 59 57 -12 40 48 10

0 48 96 25 -3 12 25 37

0 20 96 87 -3 24 46 2

0 43 46 42 -9 7 19 40

0 38 94 72 -16 23 42 26

0 15 87 1 -10 2 7 32

0 47 60 48 -7 0 1 49

0 24 95 16 -1 8 15 49

0 4 39 20 -18 7 11 13

0 47 59 7 -12 2 9 25

0 38 66 86 -8 38 39 45

0 48 77 54 -6 9 15 13

0 4 36 7 -2 18 35 14

0 6 80 51 -6 2 5 26

0 51 56 64 -13 3 6 31

0 44 67 73 -18 1 10 46

0 10 26 60 -12 0 12 15

0 44 62 44 -5 46 48 25

0 20 69 65 -14 9 22 22

0 21 23 11 -9 1 4 0

0 20 52 19 -9 40 41 23

0 88 90 25 -6 11 14 28

0 37 38 71 -2 14 20 48

0 36 51 81 -17 11 14 39

0 6 8 53 -3 16 24 7

0 12 35 37 -9 12 14 4

0 13 94 42 -16 5 17 46

0 15 86 98 -3 0 36 2

0 42 62 73 -8 2 3 29

0 62 70 44 -8 32 37 38

0 49 58 21 -15 21 22 33

0 33 37 18 -7 5 20 45

0 53 97 3 -10 26 32 22

0 28 63 66 -20 15 19 7

0 4 90 36 -15 4 6 32

0 21 91 83 -2 2 35 41

0 19 86 2 -17 19 46 23

0 1 35 25 -3 36 46 20

0 5 34 71 -6 23 40 29

0 21 27 28 -14 1 20 14

0 6 93 60 -18 17 28 31

0 33 47 3 -13 0 31 4

0 9 59 98 -15 0 1 44

0 4 39 31 -20 1 4 10

0 25 68 75 -13 33 36 3

0 0 25 17 -2 0 4 10

0 0 47 28 -8 12 37 26

0 11 19 58 -13 12 25 22

0 0 16 99 -4 1 3 18

0 3 7 55 -20 3 5 36

0 0 33 28 -2 0 1 8

0 2 72 9 -19 7 12 30

0 13 19 5 -13 8 25 41

0 4 21 47 -5 27 41 27

0 6 29 3 -15 28 31 31

0 22 63 38 -7 3 47 22

0 2 92 1 -18 4 44 1

0 6 32 60 -19 36 45 47

0 18 25 61 -3 18 21 3

0 0 3 9 -2 17 27 20

0 48 52 18 -5 5 48 41

0 2 10 98 -5 7 11 37

0 18 21 24 -10 30 46 7

0 7 38 9 -13 5 9 48

0 4 13 98 -19 29 41 46

0 25 79 83 -19 4 27 49

0 0 3 23 -9 18 22 34

0 2 15 0 -2 5 23 25

0 1 4 55 -1 2 6 12

0 9 36 2 -3 30 45 5

0 4 9 47 -18 24 28 40

0 5 24 13 -8 5 41 3

0 1 4 57 -6 4 9 37

0 9 22 1 -14 21 29 0

0 2 6 7 -12 30 44 9

0 1 16 54 -4 2 40 15

0 5 37 13 -9 25 31 46

0 2 5 59 -8 1 2 33

0 3 5 7 -4 11 49 43


SAlphaB: 973.0, std-dev 374.4148412300631

Earliest win: 37
Latest win: 81

WinDepth:
0 0 0 0 0 0 0 0 0 0 0 0 0 0 0 0 0 0 0 0 0 0 0 0 0 0 0 0 0 0 0 0 0 0 0 0 0 3 0 3 15 8 2 39 12 34 22 49 31 86 68 208 62 112 68 153 135 164 129 157 169 220 232 329 316 352 411 384 424 391 470 453 422 420 391 366 276 244 192 137 94 87 
SAlphaB:
0 0 0 0 0 0 0 0 0 0 0 0 0 0 0 0 0 0 0 0 0 0 0 0 0 0 0 0 0 0 0 0 0 0 0 0 0 3 0 3 15 8 2 39 12 34 22 49 31 86 68 208 62 112 68 153 135 164 129 157 169 220 232 329 316 352 411 384 424 391 470 453 422 420 391 366 276 244 192 137 94 87 

LossDepth:
SAlphaB:
0 0 0 0 0 0 0 0 0 0 0 0 0 0 0 0 0 0 0 0 0 0 0 0 0 0 0 0 0 0 0 0 0 0 0 0 0 3 0 3 15 8 2 39 12 34 22 49 31 86 68 208 62 112 68 153 135 164 129 157 169 220 232 329 316 352 411 384 424 391 470 453 422 420 391 366 276 244 192 137 94 87 

FirstWin:
0 0 0 0 0 0 0 0 0 0 0 0 0 0 0 0 0 0 0 0 0 0 0 0 0 0 0 0 0 0 0 0 0 0 0 0 0 3 0 3 0 8 0 39 0 34 0 49 0 86 0 208 0 112 0 153 0 164 0 157 0 220 0 329 0 352 0 384 0 391 0 453 0 420 0 366 0 244 0 137 0 87 
SAlphaB:
0 0 0 0 0 0 0 0 0 0 0 0 0 0 0 0 0 0 0 0 0 0 0 0 0 0 0 0 0 0 0 0 0 0 0 0 0 3 0 3 0 8 0 39 0 34 0 49 0 86 0 208 0 112 0 153 0 164 0 157 0 220 0 329 0 352 0 384 0 391 0 453 0 420 0 366 0 244 0 137 0 87 

SecondWin:
0 0 0 0 0 0 0 0 0 0 0 0 0 0 0 0 0 0 0 0 0 0 0 0 0 0 0 0 0 0 0 0 0 0 0 0 0 0 0 0 15 0 2 0 12 0 22 0 31 0 68 0 62 0 68 0 135 0 129 0 169 0 232 0 316 0 411 0 424 0 470 0 422 0 391 0 276 0 192 0 94 0 
SAlphaB:
0 0 0 0 0 0 0 0 0 0 0 0 0 0 0 0 0 0 0 0 0 0 0 0 0 0 0 0 0 0 0 0 0 0 0 0 0 0 0 0 15 0 2 0 12 0 22 0 31 0 68 0 62 0 68 0 135 0 129 0 169 0 232 0 316 0 411 0 424 0 470 0 422 0 391 0 276 0 192 0 94 0 
