0 84 97 62 -15 15 30 22

0 33 96 76 -5 4 18 2

0 40 76 75 -4 7 19 13

0 41 76 37 -11 3 14 6

0 59 76 48 -5 7 25 26

0 33 93 26 -4 4 16 5

0 35 59 23 -5 1 8 9

0 24 81 74 -15 0 4 20

0 23 48 89 -12 0 8 15

0 39 88 58 -5 9 10 4

0 42 49 52 -15 5 16 5

0 52 73 30 -12 1 18 8

0 80 90 80 -13 5 45 37

0 62 65 73 -17 1 3 4

0 15 48 11 -7 1 2 3

0 18 85 75 -8 0 3 14

0 59 92 89 -6 15 31 15

0 29 46 11 -17 0 7 17

0 72 95 0 -2 8 36 26

0 35 86 36 -3 0 1 3

0 41 65 89 -8 0 26 3

0 49 97 18 -15 5 18 0

0 82 93 86 -13 4 21 31

0 23 83 31 -6 3 5 23

0 63 91 38 -3 13 39 28

0 48 50 60 -2 12 13 18

0 89 99 71 -6 7 29 33

0 37 96 55 -16 5 21 8

0 34 53 63 -10 1 10 24

0 64 86 51 -6 6 46 10

0 86 92 1 -9 25 38 30

0 25 72 72 -10 0 11 17

0 81 85 53 -14 10 47 7

0 73 87 80 -17 15 27 1

0 23 69 53 -12 2 3 6

0 49 80 64 -19 5 27 10

0 18 76 28 -3 3 27 11

0 57 77 36 -11 0 28 17

0 82 97 59 -18 8 31 22

0 36 65 1 -12 5 13 37

0 39 89 44 -19 0 3 7

0 3 80 26 -20 8 17 5

0 58 59 70 -20 5 17 2

0 12 16 71 -8 0 1 12

0 53 78 16 -17 12 16 11

0 62 65 81 -14 5 28 5

0 37 87 52 -8 0 14 30

0 35 53 49 -8 5 8 32

0 68 96 52 -3 11 13 6

0 27 90 69 -15 0 12 17

0 57 90 57 -10 14 15 42

0 45 83 86 -18 8 21 23

0 54 95 72 -20 1 10 40

0 34 44 38 -8 5 24 22

0 14 43 87 -16 0 2 22

0 72 87 26 -19 6 26 24

0 70 96 64 -4 5 16 25

0 28 68 37 -6 1 18 32

0 38 83 92 -6 0 1 11

0 35 65 15 -1 0 7 7

0 45 78 45 -2 11 48 28

0 19 94 95 -4 2 15 36

0 17 82 30 -18 11 34 10

0 42 71 72 -8 12 21 16

0 19 80 43 -1 9 30 17

0 68 84 90 -1 14 35 45

0 4 79 90 -4 11 17 13

0 54 63 28 -15 8 20 42

0 10 82 75 -17 4 8 1

0 57 68 86 -20 3 4 10

0 28 74 41 -2 6 19 31

0 52 96 97 -2 9 46 44

0 66 67 49 -19 11 14 32

0 56 99 63 -20 14 47 33

0 6 31 51 -14 12 14 2

0 34 60 26 -14 4 12 35

0 37 60 81 -9 13 18 3

0 9 57 66 -13 0 4 22

0 42 47 98 -10 4 11 17

0 15 60 52 -19 0 2 28

0 23 60 25 -9 8 13 1

0 57 97 63 -6 0 4 10

0 23 89 37 -5 4 34 10

0 33 59 32 -11 0 15 44

0 47 73 15 -19 3 11 3

0 60 63 73 -14 6 8 16

0 29 81 88 -1 4 36 4

0 13 95 2 -10 0 3 44

0 35 70 83 -1 1 3 25

0 12 27 37 -18 0 1 13

0 36 38 77 -16 12 26 8

0 52 59 92 -11 16 49 30

0 4 90 24 -17 4 7 8

0 5 25 96 -2 12 17 4

0 27 71 64 -1 15 25 37

0 70 71 63 -2 8 17 16

0 38 53 12 -11 9 14 36

0 37 83 75 -14 17 33 29

0 27 33 45 -4 20 33 1

0 3 15 92 -3 0 2 3


SAlphaB: 745.0, std-dev 257.10675199067003

Earliest win: 35
Latest win: 81

WinDepth:
0 0 0 0 0 0 0 0 0 0 0 0 0 0 0 0 0 0 0 0 0 0 0 0 0 0 0 0 0 0 0 0 0 0 0 1 4 5 7 7 8 32 16 37 34 83 52 210 66 145 142 395 160 353 184 407 351 565 359 520 429 652 686 803 777 991 935 999 958 1049 953 841 870 808 888 769 644 487 360 313 189 148 
SAlphaB:
0 0 0 0 0 0 0 0 0 0 0 0 0 0 0 0 0 0 0 0 0 0 0 0 0 0 0 0 0 0 0 0 0 0 0 1 4 5 7 7 8 32 16 37 34 83 52 210 66 145 142 395 160 353 184 407 351 565 359 520 429 652 686 803 777 991 935 999 958 1049 953 841 870 808 888 769 644 487 360 313 189 148 

LossDepth:
SAlphaB:
0 0 0 0 0 0 0 0 0 0 0 0 0 0 0 0 0 0 0 0 0 0 0 0 0 0 0 0 0 0 0 0 0 0 0 0 4 2 4 6 8 28 9 32 19 59 34 103 50 81 101 157 121 181 140 251 256 343 245 365 276 440 458 606 521 717 643 769 635 845 683 723 666 682 681 690 481 463 287 290 207 156 

FirstWin:
0 0 0 0 0 0 0 0 0 0 0 0 0 0 0 0 0 0 0 0 0 0 0 0 0 0 0 0 0 0 0 0 0 0 0 1 0 5 0 7 0 32 0 37 0 83 0 210 0 145 0 395 0 353 0 407 0 565 0 520 0 652 0 803 0 991 0 999 0 1049 0 841 0 808 0 769 0 487 0 313 0 148 
SAlphaB:
0 0 0 0 0 0 0 0 0 0 0 0 0 0 0 0 0 0 0 0 0 0 0 0 0 0 0 0 0 0 0 0 0 0 0 1 0 5 0 7 0 32 0 37 0 83 0 210 0 145 0 395 0 353 0 407 0 565 0 520 0 652 0 803 0 991 0 999 0 1049 0 841 0 808 0 769 0 487 0 313 0 148 

SecondWin:
0 0 0 0 0 0 0 0 0 0 0 0 0 0 0 0 0 0 0 0 0 0 0 0 0 0 0 0 0 0 0 0 0 0 0 0 4 0 7 0 8 0 16 0 34 0 52 0 66 0 142 0 160 0 184 0 351 0 359 0 429 0 686 0 777 0 935 0 958 0 953 0 870 0 888 0 644 0 360 0 189 0 
SAlphaB:
0 0 0 0 0 0 0 0 0 0 0 0 0 0 0 0 0 0 0 0 0 0 0 0 0 0 0 0 0 0 0 0 0 0 0 0 4 0 7 0 8 0 16 0 34 0 52 0 66 0 142 0 160 0 184 0 351 0 359 0 429 0 686 0 777 0 935 0 958 0 953 0 870 0 888 0 644 0 360 0 189 0 
