0 34 53 63 -10 1 10 24

0 14 43 87 -16 0 2 22

0 66 67 49 -19 11 14 32

0 45 78 45 -2 11 48 28

0 36 65 1 -12 5 13 37

0 19 94 95 -4 2 15 36

0 37 83 75 -14 17 33 29

0 57 68 86 -20 3 4 10

0 3 80 26 -20 8 17 5

0 57 97 63 -6 0 4 10

0 17 62 57 -15 2 14 13

0 59 62 57 -13 1 2 7

0 58 66 72 -17 8 9 31

0 6 30 2 -1 0 4 16

0 81 84 46 -8 6 17 34

0 21 37 24 -16 4 6 24

0 67 96 78 -8 1 16 46

0 6 92 84 -2 2 3 19

0 84 90 10 -5 18 42 44

0 45 51 24 -4 6 28 33

0 0 73 25 -19 5 16 4

0 19 31 86 -1 17 23 6

0 17 91 0 -18 1 16 33

0 14 36 86 -7 13 35 39

0 33 80 25 -14 11 16 18

0 28 52 8 -2 4 40 21

0 24 31 26 -14 0 1 10

0 80 81 10 -1 15 24 19

0 43 70 51 -16 5 38 41

0 52 54 10 -13 8 41 42

0 20 56 48 -9 8 20 38

0 23 52 6 -18 7 12 35

0 48 51 78 -5 15 29 18

0 24 42 59 -20 1 12 13

0 44 53 53 -18 11 20 1

0 19 45 25 -20 6 7 43

0 29 31 58 -6 29 30 23

0 24 50 93 -17 8 16 1

0 4 21 85 -13 11 28 26

0 27 31 58 -2 14 44 28

0 6 40 54 -3 20 43 7

0 25 32 8 -3 1 2 19

0 25 51 93 -9 14 28 45

0 4 75 78 -14 6 16 40

0 3 95 42 -8 2 25 44

0 10 52 86 -17 7 16 23

0 27 40 84 -10 1 40 43

0 4 62 8 -9 19 30 31

0 38 43 79 -12 35 44 3

0 12 13 70 -17 5 15 32

0 7 31 72 -13 3 25 22

0 37 65 47 -16 25 46 37

0 28 50 8 -7 22 37 43

0 41 47 14 -13 7 12 30

0 53 70 50 -16 20 35 10

0 11 27 76 -14 27 31 18

0 13 22 12 -19 0 15 1

0 25 49 20 -15 15 17 4

0 16 33 60 -8 9 36 38

0 56 60 39 -13 0 2 35

0 12 63 59 -14 22 26 48

0 10 13 24 -7 34 41 8

0 26 32 29 -14 20 24 36

0 6 51 14 -15 2 18 32

0 47 78 92 -11 18 19 37

0 26 43 69 -2 9 47 29

0 24 30 42 -9 9 43 45

0 9 27 77 -7 18 38 32

0 9 47 16 -14 6 30 43

0 12 18 65 -17 0 5 39

0 16 19 24 -15 6 8 16

0 17 20 27 -18 3 44 34

0 4 30 70 -2 2 11 29

0 17 29 26 -8 4 29 12

0 39 83 54 -19 34 43 13

0 0 1 30 -14 17 46 48

0 6 39 46 -2 15 36 18

0 8 64 20 -14 22 27 3

0 14 51 23 -2 5 16 45

0 4 22 43 -1 5 19 21

0 3 17 84 -20 13 34 22

0 1 16 33 -19 3 22 45

0 5 17 21 -8 11 34 12

0 7 23 6 -8 32 40 47

0 17 27 8 -19 4 44 24

0 11 18 74 -7 7 36 15

0 18 19 71 -3 25 35 20

0 2 8 58 -18 14 43 32

0 2 10 81 -7 5 30 39

0 1 6 59 -13 1 42 13

0 1 2 97 -3 20 41 20

0 10 37 48 -9 22 37 0

0 3 6 93 -4 2 22 12

0 6 25 9 -19 21 33 43

0 12 27 22 -1 39 41 36

0 2 3 10 -17 4 21 40

0 1 14 3 -4 6 9 26

0 0 2 86 -2 16 23 0

0 3 5 50 -17 19 31 18

0 0 1 13 -19 18 36 47


SAlphaB: 706.0, std-dev 260.14661115019214

Earliest win: 37
Latest win: 81

WinDepth:
0 0 0 0 0 0 0 0 0 0 0 0 0 0 0 0 0 0 0 0 0 0 0 0 0 0 0 0 0 0 0 0 0 0 0 0 0 1 0 1 13 5 4 27 23 20 24 44 23 60 71 198 98 121 79 220 111 179 155 180 137 224 244 328 337 373 399 392 471 392 419 419 398 425 407 344 277 240 191 138 93 86 
SAlphaB:
0 0 0 0 0 0 0 0 0 0 0 0 0 0 0 0 0 0 0 0 0 0 0 0 0 0 0 0 0 0 0 0 0 0 0 0 0 1 0 1 13 5 4 27 23 20 24 44 23 60 71 198 98 121 79 220 111 179 155 180 137 224 244 328 337 373 399 392 471 392 419 419 398 425 407 344 277 240 191 138 93 86 

LossDepth:
SAlphaB:
0 0 0 0 0 0 0 0 0 0 0 0 0 0 0 0 0 0 0 0 0 0 0 0 0 0 0 0 0 0 0 0 0 0 0 0 0 1 0 1 13 5 4 27 23 20 24 44 23 60 71 198 98 121 79 220 111 179 155 180 137 224 244 328 337 373 399 392 471 392 419 419 398 425 407 344 277 240 191 138 93 86 

FirstWin:
0 0 0 0 0 0 0 0 0 0 0 0 0 0 0 0 0 0 0 0 0 0 0 0 0 0 0 0 0 0 0 0 0 0 0 0 0 1 0 1 0 5 0 27 0 20 0 44 0 60 0 198 0 121 0 220 0 179 0 180 0 224 0 328 0 373 0 392 0 392 0 419 0 425 0 344 0 240 0 138 0 86 
SAlphaB:
0 0 0 0 0 0 0 0 0 0 0 0 0 0 0 0 0 0 0 0 0 0 0 0 0 0 0 0 0 0 0 0 0 0 0 0 0 1 0 1 0 5 0 27 0 20 0 44 0 60 0 198 0 121 0 220 0 179 0 180 0 224 0 328 0 373 0 392 0 392 0 419 0 425 0 344 0 240 0 138 0 86 

SecondWin:
0 0 0 0 0 0 0 0 0 0 0 0 0 0 0 0 0 0 0 0 0 0 0 0 0 0 0 0 0 0 0 0 0 0 0 0 0 0 0 0 13 0 4 0 23 0 24 0 23 0 71 0 98 0 79 0 111 0 155 0 137 0 244 0 337 0 399 0 471 0 419 0 398 0 407 0 277 0 191 0 93 0 
SAlphaB:
0 0 0 0 0 0 0 0 0 0 0 0 0 0 0 0 0 0 0 0 0 0 0 0 0 0 0 0 0 0 0 0 0 0 0 0 0 0 0 0 13 0 4 0 23 0 24 0 23 0 71 0 98 0 79 0 111 0 155 0 137 0 244 0 337 0 399 0 471 0 419 0 398 0 407 0 277 0 191 0 93 0 
