0 81 85 53 -14 10 47 7

0 73 87 80 -17 15 27 1

0 4 90 24 -17 4 7 8

0 47 73 15 -19 3 11 3

0 35 59 23 -5 1 8 9

0 18 76 28 -3 3 27 11

0 13 95 2 -10 0 3 44

0 34 60 26 -14 4 12 35

0 42 47 98 -10 4 11 17

0 29 81 88 -1 4 36 4

0 20 34 14 -8 2 4 5

0 33 44 44 -16 1 4 11

0 92 97 12 -2 10 46 3

0 53 80 2 -15 3 44 34

0 30 33 93 -17 4 16 5

0 42 55 43 -17 7 26 14

0 15 19 34 -12 0 4 2

0 66 69 20 -13 0 2 8

0 8 57 81 -8 7 17 27

0 47 66 69 -12 7 38 2

0 27 61 34 -6 11 13 13

0 5 96 32 -3 15 16 14

0 62 97 45 -8 1 5 21

0 26 88 27 -7 13 33 42

0 22 51 94 -2 15 31 17

0 22 53 73 -16 2 11 48

0 1 49 96 -1 9 12 23

0 13 94 65 -2 32 41 20

0 8 93 63 -20 5 18 36

0 7 45 54 -8 3 7 28

0 22 84 10 -15 6 40 15

0 86 89 4 -10 0 19 20

0 29 77 17 -7 7 35 9

0 40 73 22 -3 21 30 26

0 17 23 86 -16 32 48 31

0 43 44 92 -19 0 31 47

0 62 77 9 -6 0 8 42

0 31 43 74 -10 6 24 27

0 10 35 47 -6 40 46 23

0 12 39 32 -18 2 40 15

0 20 57 99 -9 19 32 29

0 6 40 82 -15 14 24 23

0 36 54 88 -16 7 11 40

0 0 9 26 -10 0 1 7

0 4 78 56 -16 23 33 26

0 20 38 84 -3 15 37 6

0 16 69 65 -15 12 48 14

0 51 86 50 -3 20 25 8

0 9 65 2 -12 30 33 16

0 20 22 70 -4 36 38 11

0 2 9 49 -11 0 8 11

0 17 72 60 -10 0 45 25

0 6 9 85 -4 0 2 33

0 24 32 37 -17 23 29 16

0 22 33 98 -3 0 28 24

0 91 97 11 -18 2 3 39

0 12 81 53 -17 4 24 12

0 20 41 28 -20 6 45 7

0 14 61 1 -13 7 45 34

0 0 8 98 -6 1 2 9

0 34 92 6 -12 19 31 7

0 14 54 78 -9 6 21 39

0 21 23 10 -8 5 19 16

0 49 65 12 -18 27 40 20

0 10 60 1 -15 1 36 32

0 14 55 41 -8 15 41 42

0 72 83 79 -3 1 2 39

0 16 24 54 -1 10 18 47

0 7 26 54 -11 15 44 8

0 11 31 29 -13 1 8 44

0 25 28 38 -19 1 36 4

0 15 18 43 -6 11 44 26

0 13 25 23 -7 24 26 1

0 9 11 46 -15 4 14 23

0 20 22 10 -13 1 2 40

0 0 27 74 -10 0 3 42

0 1 2 21 -8 12 34 9

0 15 45 27 -16 2 31 3

0 7 33 52 -4 26 27 45

0 14 18 80 -10 10 38 3

0 21 31 9 -10 14 38 20

0 19 31 16 -2 20 49 18

0 0 1 90 -10 3 4 25

0 14 16 30 -17 17 24 27

0 5 14 99 -2 35 42 12

0 24 88 26 -7 23 44 42

0 0 24 19 -11 36 42 20

0 0 3 71 -13 5 11 23

0 1 6 36 -7 1 30 43

0 2 64 32 -12 4 15 45

0 14 51 18 -7 23 24 47

0 3 10 89 -2 8 9 34

0 2 5 29 -9 26 41 48

0 1 13 46 -7 18 26 7

0 26 49 33 -20 31 48 49

0 1 21 66 -12 3 44 22

0 7 10 26 -6 18 29 33

0 3 12 74 -9 11 41 45

0 0 3 68 -8 47 48 45

0 4 7 20 -14 4 10 37


SAlphaB: 767.0, std-dev 284.7083526358264

Earliest win: 37
Latest win: 81

WinDepth:
0 0 0 0 0 0 0 0 0 0 0 0 0 0 0 0 0 0 0 0 0 0 0 0 0 0 0 0 0 0 0 0 0 0 0 0 0 4 0 2 3 7 1 10 12 32 13 33 32 99 50 207 79 135 103 196 111 172 140 206 139 266 257 391 302 388 383 387 448 400 459 453 458 357 386 322 276 246 179 145 100 66 
SAlphaB:
0 0 0 0 0 0 0 0 0 0 0 0 0 0 0 0 0 0 0 0 0 0 0 0 0 0 0 0 0 0 0 0 0 0 0 0 0 4 0 2 3 7 1 10 12 32 13 33 32 99 50 207 79 135 103 196 111 172 140 206 139 266 257 391 302 388 383 387 448 400 459 453 458 357 386 322 276 246 179 145 100 66 

LossDepth:
SAlphaB:
0 0 0 0 0 0 0 0 0 0 0 0 0 0 0 0 0 0 0 0 0 0 0 0 0 0 0 0 0 0 0 0 0 0 0 0 0 4 0 2 3 7 1 10 12 32 13 33 32 99 50 207 79 135 103 196 111 172 140 206 139 266 257 391 302 388 383 387 448 400 459 453 458 357 386 322 276 246 179 145 100 66 

FirstWin:
0 0 0 0 0 0 0 0 0 0 0 0 0 0 0 0 0 0 0 0 0 0 0 0 0 0 0 0 0 0 0 0 0 0 0 0 0 4 0 2 0 7 0 10 0 32 0 33 0 99 0 207 0 135 0 196 0 172 0 206 0 266 0 391 0 388 0 387 0 400 0 453 0 357 0 322 0 246 0 145 0 66 
SAlphaB:
0 0 0 0 0 0 0 0 0 0 0 0 0 0 0 0 0 0 0 0 0 0 0 0 0 0 0 0 0 0 0 0 0 0 0 0 0 4 0 2 0 7 0 10 0 32 0 33 0 99 0 207 0 135 0 196 0 172 0 206 0 266 0 391 0 388 0 387 0 400 0 453 0 357 0 322 0 246 0 145 0 66 

SecondWin:
0 0 0 0 0 0 0 0 0 0 0 0 0 0 0 0 0 0 0 0 0 0 0 0 0 0 0 0 0 0 0 0 0 0 0 0 0 0 0 0 3 0 1 0 12 0 13 0 32 0 50 0 79 0 103 0 111 0 140 0 139 0 257 0 302 0 383 0 448 0 459 0 458 0 386 0 276 0 179 0 100 0 
SAlphaB:
0 0 0 0 0 0 0 0 0 0 0 0 0 0 0 0 0 0 0 0 0 0 0 0 0 0 0 0 0 0 0 0 0 0 0 0 0 0 0 0 3 0 1 0 12 0 13 0 32 0 50 0 79 0 103 0 111 0 140 0 139 0 257 0 302 0 383 0 448 0 459 0 458 0 386 0 276 0 179 0 100 0 
