0 57 90 57 -10 14 15 42

0 49 80 64 -19 5 27 10

0 41 65 89 -8 0 26 3

0 48 50 60 -2 12 13 18

0 68 96 52 -3 11 13 6

0 34 44 38 -8 5 24 22

0 80 90 80 -13 5 45 37

0 35 53 49 -8 5 8 32

0 9 57 66 -13 0 4 22

0 68 84 90 -1 14 35 45

0 29 85 24 -4 2 33 41

0 49 71 53 -16 15 47 44

0 31 82 10 -7 12 34 16

0 68 81 75 -6 1 40 29

0 78 82 24 -20 17 23 4

0 56 85 49 -5 3 36 19

0 35 52 24 -10 7 21 4

0 9 89 91 -15 13 25 11

0 52 74 47 -18 3 20 36

0 42 78 10 -17 24 28 9

0 14 62 62 -8 9 17 24

0 6 44 85 -3 0 1 14

0 12 13 42 -6 6 7 6

0 57 79 30 -14 20 21 13

0 10 57 15 -2 18 45 47

0 49 65 63 -9 20 45 27

0 8 96 16 -18 6 11 36

0 12 13 97 -9 8 24 38

0 25 29 37 -6 32 43 22

0 9 15 76 -7 5 13 9

0 6 40 89 -6 12 27 20

0 31 77 2 -1 14 27 33

0 33 50 5 -19 3 6 14

0 56 65 97 -12 41 48 39

0 46 77 23 -7 17 39 23

0 50 60 23 -7 18 23 34

0 7 61 37 -12 1 7 15

0 36 94 19 -5 1 3 34

0 6 70 16 -17 18 48 37

0 27 84 31 -18 28 42 40

0 58 91 45 -15 23 48 36

0 25 98 43 -14 9 39 24

0 21 70 63 -2 1 17 47

0 37 66 52 -7 1 31 2

0 4 6 72 -16 7 21 26

0 8 37 28 -6 21 34 21

0 61 65 43 -7 16 27 21

0 1 58 61 -15 4 13 36

0 30 79 99 -5 5 36 38

0 27 77 6 -12 12 45 14

0 3 83 5 -10 16 48 37

0 13 43 57 -11 0 19 27

0 32 58 73 -8 34 35 42

0 5 37 42 -12 0 10 39

0 12 47 90 -3 8 30 25

0 12 76 94 -19 11 47 43

0 27 68 66 -17 21 27 47

0 13 29 70 -3 21 30 19

0 2 86 98 -8 48 49 47

0 8 45 77 -7 8 12 42

0 18 73 77 -18 4 7 45

0 7 8 31 -12 0 2 7

0 10 22 85 -3 0 25 1

0 18 20 19 -7 27 31 10

0 58 63 13 -3 4 6 41

0 27 80 97 -9 18 20 9

0 17 44 55 -6 0 6 40

0 63 94 2 -6 36 47 3

0 54 90 48 -18 46 48 6

0 42 95 12 -19 25 26 32

0 0 4 80 -1 15 30 43

0 24 35 73 -16 18 36 18

0 0 1 6 -12 27 48 29

0 65 75 89 -16 30 33 2

0 32 44 13 -2 27 35 22

0 16 28 22 -7 33 46 14

0 31 49 14 -5 24 38 34

0 9 29 64 -2 0 2 35

0 1 13 60 -5 0 8 21

0 5 38 5 -17 32 36 21

0 26 49 37 -18 2 43 37

0 6 11 22 -12 8 27 49

0 85 90 45 -6 35 43 43

0 9 82 46 -19 26 33 4

0 3 7 80 -11 35 41 31

0 3 26 64 -13 11 20 47

0 19 25 97 -17 22 34 36

0 0 2 32 -14 17 45 37

0 10 24 45 -14 3 12 42

0 3 11 64 -16 14 35 15

0 3 41 14 -2 19 34 44

0 2 3 35 -8 7 12 18

0 6 40 0 -12 21 42 16

0 0 13 50 -15 9 30 19

0 11 21 87 -1 1 40 47

0 1 14 4 -20 26 38 12

0 32 33 32 -14 20 32 48

0 3 11 7 -17 3 4 6

0 6 8 99 -9 8 39 39

0 2 7 91 -4 2 39 1


SAlphaB: 698.0, std-dev 268.8395017045815

Earliest win: 37
Latest win: 81

WinDepth:
0 0 0 0 0 0 0 0 0 0 0 0 0 0 0 0 0 0 0 0 0 0 0 0 0 0 0 0 0 0 0 0 0 0 0 0 0 3 1 1 16 9 5 9 20 20 20 20 29 84 69 191 91 149 93 163 116 198 124 171 132 223 216 407 322 375 403 399 481 433 434 412 417 402 390 389 260 233 180 127 75 91 
SAlphaB:
0 0 0 0 0 0 0 0 0 0 0 0 0 0 0 0 0 0 0 0 0 0 0 0 0 0 0 0 0 0 0 0 0 0 0 0 0 3 1 1 16 9 5 9 20 20 20 20 29 84 69 191 91 149 93 163 116 198 124 171 132 223 216 407 322 375 403 399 481 433 434 412 417 402 390 389 260 233 180 127 75 91 

LossDepth:
SAlphaB:
0 0 0 0 0 0 0 0 0 0 0 0 0 0 0 0 0 0 0 0 0 0 0 0 0 0 0 0 0 0 0 0 0 0 0 0 0 3 1 1 16 9 5 9 20 20 20 20 29 84 69 191 91 149 93 163 116 198 124 171 132 223 216 407 322 375 403 399 481 433 434 412 417 402 390 389 260 233 180 127 75 91 

FirstWin:
0 0 0 0 0 0 0 0 0 0 0 0 0 0 0 0 0 0 0 0 0 0 0 0 0 0 0 0 0 0 0 0 0 0 0 0 0 3 0 1 0 9 0 9 0 20 0 20 0 84 0 191 0 149 0 163 0 198 0 171 0 223 0 407 0 375 0 399 0 433 0 412 0 402 0 389 0 233 0 127 0 91 
SAlphaB:
0 0 0 0 0 0 0 0 0 0 0 0 0 0 0 0 0 0 0 0 0 0 0 0 0 0 0 0 0 0 0 0 0 0 0 0 0 3 0 1 0 9 0 9 0 20 0 20 0 84 0 191 0 149 0 163 0 198 0 171 0 223 0 407 0 375 0 399 0 433 0 412 0 402 0 389 0 233 0 127 0 91 

SecondWin:
0 0 0 0 0 0 0 0 0 0 0 0 0 0 0 0 0 0 0 0 0 0 0 0 0 0 0 0 0 0 0 0 0 0 0 0 0 0 1 0 16 0 5 0 20 0 20 0 29 0 69 0 91 0 93 0 116 0 124 0 132 0 216 0 322 0 403 0 481 0 434 0 417 0 390 0 260 0 180 0 75 0 
SAlphaB:
0 0 0 0 0 0 0 0 0 0 0 0 0 0 0 0 0 0 0 0 0 0 0 0 0 0 0 0 0 0 0 0 0 0 0 0 0 0 1 0 16 0 5 0 20 0 20 0 29 0 69 0 91 0 93 0 116 0 124 0 132 0 216 0 322 0 403 0 481 0 434 0 417 0 390 0 260 0 180 0 75 0 
