0 37 96 55 -16 5 21 8

0 12 27 37 -18 0 1 13

0 39 88 58 -5 9 10 4

0 35 70 83 -1 1 3 25

0 28 68 37 -6 1 18 32

0 6 31 51 -14 12 14 2

0 86 92 1 -9 25 38 30

0 84 97 62 -15 15 30 22

0 54 63 28 -15 8 20 42

0 38 53 12 -11 9 14 36

0 29 72 23 -15 11 26 21

0 57 80 94 -15 9 11 6

0 19 94 38 -18 2 5 46

0 3 53 72 -17 4 9 15

0 72 90 98 -10 9 33 39

0 3 51 85 -19 4 5 3

0 79 97 80 -2 12 19 40

0 45 67 27 -9 15 43 25

0 32 36 77 -5 2 6 36

0 63 72 9 -1 1 37 14

0 14 60 95 -12 27 33 16

0 2 31 95 -3 15 22 1

0 27 46 26 -19 3 15 23

0 74 78 77 -11 4 6 43

0 2 93 33 -6 31 48 30

0 14 57 86 -5 11 33 15

0 39 71 77 -1 10 13 39

0 66 86 11 -10 9 14 30

0 52 68 22 -8 0 29 38

0 37 98 38 -15 34 46 25

0 1 90 88 -18 7 14 26

0 5 24 89 -19 4 16 22

0 14 41 51 -19 4 19 10

0 78 80 95 -14 3 13 32

0 51 52 16 -11 44 47 12

0 41 98 92 -6 9 12 49

0 29 35 22 -8 29 38 37

0 11 40 56 -8 24 32 37

0 51 53 11 -19 39 47 3

0 14 16 42 -19 0 2 42

0 31 37 32 -3 47 49 47

0 15 19 42 -12 36 48 31

0 49 64 61 -15 35 38 0

0 13 78 9 -5 4 49 5

0 6 66 5 -5 17 20 35

0 4 17 75 -16 32 43 34

0 17 77 98 -10 7 45 12

0 24 42 32 -18 9 41 1

0 13 15 27 -10 17 23 8

0 6 22 75 -4 36 40 16

0 4 98 50 -19 25 27 17

0 0 79 89 -16 0 1 27

0 37 47 97 -14 6 36 1

0 4 44 51 -3 1 4 22

0 27 64 62 -3 30 35 2

0 2 18 75 -7 2 16 2

0 44 64 41 -11 25 38 43

0 10 96 25 -14 13 24 45

0 11 34 22 -1 0 21 12

0 13 41 95 -5 16 37 45

0 9 97 5 -20 34 40 41

0 4 49 58 -15 0 24 43

0 4 10 86 -16 0 2 33

0 25 69 89 -13 11 38 48

0 0 2 31 -14 23 35 17

0 13 22 94 -16 17 37 9

0 30 74 41 -15 21 30 1

0 6 9 63 -20 0 1 24

0 7 17 55 -15 38 49 21

0 73 76 17 -12 38 48 20

0 3 7 72 -4 40 46 35

0 6 16 13 -5 2 17 12

0 8 20 42 -6 0 4 45

0 9 43 52 -16 11 32 10

0 23 94 55 -8 16 18 21

0 6 9 16 -19 2 9 28

0 13 27 46 -16 12 17 4

0 1 39 95 -10 2 31 22

0 5 22 54 -8 4 20 9

0 4 19 52 -9 9 29 33

0 0 23 11 -8 7 23 18

0 1 34 23 -15 7 31 45

0 3 47 17 -5 17 32 1

0 26 29 64 -15 11 39 28

0 49 53 28 -11 18 49 13

0 4 7 71 -17 4 6 19

0 11 21 58 -9 4 37 41

0 15 19 75 -12 7 31 30

0 4 5 61 -3 13 37 49

0 1 22 72 -14 5 8 40

0 3 8 19 -12 26 39 4

0 15 16 44 -17 9 43 15

0 8 11 68 -20 1 42 46

0 0 1 23 -5 24 40 39

0 10 15 2 -14 0 29 32

0 1 4 54 -4 27 44 44

0 2 5 63 -14 8 26 30

0 4 7 22 -4 5 6 41

0 0 5 98 -17 10 13 35

0 2 3 81 -5 15 16 46


SAlphaB: 700.0, std-dev 259.37261699039175

Earliest win: 36
Latest win: 81

WinDepth:
0 0 0 0 0 0 0 0 0 0 0 0 0 0 0 0 0 0 0 0 0 0 0 0 0 0 0 0 0 0 0 0 0 0 0 0 1 2 0 22 18 8 5 22 17 38 18 40 19 77 122 178 119 94 79 155 120 125 199 161 174 227 205 362 349 359 398 374 438 405 424 481 421 359 422 339 261 228 176 140 114 72 
SAlphaB:
0 0 0 0 0 0 0 0 0 0 0 0 0 0 0 0 0 0 0 0 0 0 0 0 0 0 0 0 0 0 0 0 0 0 0 0 1 2 0 22 18 8 5 22 17 38 18 40 19 77 122 178 119 94 79 155 120 125 199 161 174 227 205 362 349 359 398 374 438 405 424 481 421 359 422 339 261 228 176 140 114 72 

LossDepth:
SAlphaB:
0 0 0 0 0 0 0 0 0 0 0 0 0 0 0 0 0 0 0 0 0 0 0 0 0 0 0 0 0 0 0 0 0 0 0 0 1 2 0 22 18 8 5 22 17 38 18 40 19 77 122 178 119 94 79 155 120 125 199 161 174 227 205 362 349 359 398 374 438 405 424 481 421 359 422 339 261 228 176 140 114 72 

FirstWin:
0 0 0 0 0 0 0 0 0 0 0 0 0 0 0 0 0 0 0 0 0 0 0 0 0 0 0 0 0 0 0 0 0 0 0 0 0 2 0 22 0 8 0 22 0 38 0 40 0 77 0 178 0 94 0 155 0 125 0 161 0 227 0 362 0 359 0 374 0 405 0 481 0 359 0 339 0 228 0 140 0 72 
SAlphaB:
0 0 0 0 0 0 0 0 0 0 0 0 0 0 0 0 0 0 0 0 0 0 0 0 0 0 0 0 0 0 0 0 0 0 0 0 0 2 0 22 0 8 0 22 0 38 0 40 0 77 0 178 0 94 0 155 0 125 0 161 0 227 0 362 0 359 0 374 0 405 0 481 0 359 0 339 0 228 0 140 0 72 

SecondWin:
0 0 0 0 0 0 0 0 0 0 0 0 0 0 0 0 0 0 0 0 0 0 0 0 0 0 0 0 0 0 0 0 0 0 0 0 1 0 0 0 18 0 5 0 17 0 18 0 19 0 122 0 119 0 79 0 120 0 199 0 174 0 205 0 349 0 398 0 438 0 424 0 421 0 422 0 261 0 176 0 114 0 
SAlphaB:
0 0 0 0 0 0 0 0 0 0 0 0 0 0 0 0 0 0 0 0 0 0 0 0 0 0 0 0 0 0 0 0 0 0 0 0 1 0 0 0 18 0 5 0 17 0 18 0 19 0 122 0 119 0 79 0 120 0 199 0 174 0 205 0 349 0 398 0 438 0 424 0 421 0 422 0 261 0 176 0 114 0 
