0 33 96 76 -5 4 18 2

0 24 81 74 -15 0 4 20

0 23 69 53 -12 2 3 6

0 53 78 16 -17 12 16 11

0 27 33 45 -4 20 33 1

0 41 76 37 -11 3 14 6

0 17 82 30 -18 11 34 10

0 10 82 75 -17 4 8 1

0 49 97 18 -15 5 18 0

0 56 99 63 -20 14 47 33

0 23 69 65 -4 7 29 6

0 67 69 73 -16 11 38 23

0 38 57 53 -4 12 14 41

0 30 77 73 -9 8 26 8

0 41 49 74 -8 1 13 14

0 15 20 90 -13 2 6 4

0 49 65 52 -7 1 2 12

0 53 97 26 -1 2 3 17

0 50 99 84 -2 3 7 8

0 43 89 58 -20 4 24 5

0 28 61 91 -18 13 25 11

0 23 27 32 -11 5 10 7

0 26 84 58 -16 5 42 34

0 13 37 73 -13 13 22 22

0 27 76 91 -6 0 3 31

0 34 48 97 -20 29 36 45

0 3 62 80 -2 15 17 27

0 52 90 82 -5 9 13 7

0 26 75 91 -7 1 7 42

0 14 56 91 -1 34 44 0

0 75 86 75 -8 0 1 34

0 4 22 84 -10 2 6 40

0 36 44 20 -2 10 18 17

0 59 63 81 -7 9 16 12

0 4 21 13 -15 0 2 10

0 0 31 86 -8 0 4 8

0 38 73 60 -10 45 46 33

0 3 47 17 -18 13 20 12

0 81 99 33 -9 1 3 44

0 1 35 40 -5 26 27 14

0 16 50 12 -13 6 37 19

0 14 54 22 -2 13 19 4

0 67 71 48 -2 12 17 23

0 5 69 85 -2 10 49 9

0 18 71 69 -12 8 19 36

0 19 75 13 -12 22 47 25

0 45 46 63 -8 14 37 42

0 38 50 83 -6 30 48 48

0 26 46 85 -14 28 30 46

0 34 77 4 -7 11 13 25

0 37 54 84 -20 11 17 43

0 29 84 79 -13 19 28 40

0 54 59 75 -4 25 39 33

0 22 90 51 -13 10 44 42

0 24 28 90 -1 6 30 37

0 8 50 85 -3 0 20 31

0 6 26 25 -18 0 3 30

0 20 52 8 -9 9 18 31

0 36 83 26 -10 36 39 13

0 9 24 88 -6 21 25 45

0 4 19 25 -17 12 28 6

0 0 31 96 -6 22 33 37

0 11 62 83 -7 15 45 38

0 31 34 48 -18 35 39 49

0 7 48 98 -6 3 29 14

0 17 25 53 -3 16 38 30

0 13 15 61 -18 7 8 34

0 6 14 20 -18 33 43 23

0 53 98 73 -12 38 47 13

0 2 30 40 -4 18 33 24

0 24 45 0 -1 5 34 34

0 50 67 23 -18 7 42 33

0 2 8 69 -16 20 39 35

0 7 22 43 -9 4 29 8

0 2 19 15 -3 2 3 34

0 19 21 77 -16 1 20 44

0 21 32 15 -15 25 28 36

0 4 19 28 -5 4 14 7

0 19 24 43 -13 10 26 41

0 4 15 57 -16 25 29 42

0 18 37 73 -15 15 19 42

0 4 12 87 -18 10 20 0

0 5 9 5 -4 6 20 11

0 13 72 92 -1 9 45 40

0 1 2 93 -2 14 41 42

0 0 12 74 -2 22 41 29

0 6 45 9 -5 11 13 46

0 2 5 24 -13 23 27 32

0 7 23 2 -2 37 49 40

0 1 27 69 -4 0 13 31

0 9 10 69 -17 9 11 48

0 6 11 5 -17 24 31 28

0 0 3 29 -5 19 20 45

0 7 10 23 -18 0 2 34

0 6 10 73 -16 9 33 0

0 0 1 85 -19 14 28 40

0 1 3 17 -12 4 31 46

0 0 34 34 -1 2 19 44

0 11 14 2 -3 2 14 24

0 0 1 4 -3 8 24 14


SAlphaB: 697.0, std-dev 251.33735659106034

Earliest win: 35
Latest win: 81

WinDepth:
0 0 0 0 0 0 0 0 0 0 0 0 0 0 0 0 0 0 0 0 0 0 0 0 0 0 0 0 0 0 0 0 0 0 0 1 0 1 0 1 0 11 1 19 6 23 16 51 53 39 32 300 60 144 69 174 92 203 164 188 183 251 214 339 295 336 359 389 446 369 509 442 462 379 384 379 247 255 188 170 86 80 
SAlphaB:
0 0 0 0 0 0 0 0 0 0 0 0 0 0 0 0 0 0 0 0 0 0 0 0 0 0 0 0 0 0 0 0 0 0 0 1 0 1 0 1 0 11 1 19 6 23 16 51 53 39 32 300 60 144 69 174 92 203 164 188 183 251 214 339 295 336 359 389 446 369 509 442 462 379 384 379 247 255 188 170 86 80 

LossDepth:
SAlphaB:
0 0 0 0 0 0 0 0 0 0 0 0 0 0 0 0 0 0 0 0 0 0 0 0 0 0 0 0 0 0 0 0 0 0 0 1 0 1 0 1 0 11 1 19 6 23 16 51 53 39 32 300 60 144 69 174 92 203 164 188 183 251 214 339 295 336 359 389 446 369 509 442 462 379 384 379 247 255 188 170 86 80 

FirstWin:
0 0 0 0 0 0 0 0 0 0 0 0 0 0 0 0 0 0 0 0 0 0 0 0 0 0 0 0 0 0 0 0 0 0 0 1 0 1 0 1 0 11 0 19 0 23 0 51 0 39 0 300 0 144 0 174 0 203 0 188 0 251 0 339 0 336 0 389 0 369 0 442 0 379 0 379 0 255 0 170 0 80 
SAlphaB:
0 0 0 0 0 0 0 0 0 0 0 0 0 0 0 0 0 0 0 0 0 0 0 0 0 0 0 0 0 0 0 0 0 0 0 1 0 1 0 1 0 11 0 19 0 23 0 51 0 39 0 300 0 144 0 174 0 203 0 188 0 251 0 339 0 336 0 389 0 369 0 442 0 379 0 379 0 255 0 170 0 80 

SecondWin:
0 0 0 0 0 0 0 0 0 0 0 0 0 0 0 0 0 0 0 0 0 0 0 0 0 0 0 0 0 0 0 0 0 0 0 0 0 0 0 0 0 0 1 0 6 0 16 0 53 0 32 0 60 0 69 0 92 0 164 0 183 0 214 0 295 0 359 0 446 0 509 0 462 0 384 0 247 0 188 0 86 0 
SAlphaB:
0 0 0 0 0 0 0 0 0 0 0 0 0 0 0 0 0 0 0 0 0 0 0 0 0 0 0 0 0 0 0 0 0 0 0 0 0 0 0 0 0 0 1 0 6 0 16 0 53 0 32 0 60 0 69 0 92 0 164 0 183 0 214 0 295 0 359 0 446 0 509 0 462 0 384 0 247 0 188 0 86 0 
