0 33 93 26 -4 4 16 5

0 59 92 89 -6 15 31 15

0 52 73 30 -12 1 18 8

0 42 49 52 -15 5 16 5

0 40 76 75 -4 7 19 13

0 12 16 71 -8 0 1 12

0 5 25 96 -2 12 17 4

0 36 38 77 -16 12 26 8

0 52 96 97 -2 9 46 44

0 58 59 70 -20 5 17 2

0 69 76 88 -11 1 41 2

0 32 88 44 -8 8 33 8

0 46 62 7 -11 9 12 17

0 89 92 43 -17 21 34 18

0 44 77 29 -20 3 18 33

0 49 61 87 -19 0 2 19

0 4 90 12 -14 8 31 16

0 27 48 4 -15 10 21 24

0 19 40 33 -7 3 6 18

0 31 39 98 -11 27 43 17

0 5 46 51 -8 5 10 12

0 61 93 44 -6 8 17 45

0 51 57 84 -18 3 13 30

0 5 49 89 -18 7 10 14

0 50 76 77 -12 0 13 10

0 34 84 62 -19 12 19 45

0 10 41 87 -13 30 31 14

0 10 51 17 -20 9 17 4

0 60 61 19 -3 8 9 24

0 1 95 88 -13 13 19 29

0 42 49 43 -20 0 1 10

0 74 93 59 -18 2 5 33

0 45 51 77 -10 10 11 12

0 36 58 87 -7 14 20 44

0 7 45 84 -14 10 36 43

0 22 54 37 -3 26 35 15

0 27 31 35 -12 2 15 16

0 34 61 70 -10 7 31 15

0 14 47 31 -1 3 8 28

0 15 38 95 -15 8 15 3

0 32 74 64 -17 20 30 44

0 14 15 68 -5 11 20 23

0 16 29 4 -12 0 9 30

0 11 63 41 -9 2 3 39

0 59 85 53 -17 22 31 10

0 56 64 31 -7 18 37 8

0 15 18 95 -16 8 15 4

0 14 16 54 -2 40 43 10

0 1 31 17 -15 17 21 15

0 43 49 62 -13 27 49 21

0 11 17 82 -14 13 19 23

0 6 35 45 -19 22 30 26

0 2 55 72 -3 13 17 27

0 4 80 40 -20 2 42 12

0 41 46 94 -20 25 46 32

0 26 50 61 -7 29 31 3

0 3 68 7 -4 0 14 8

0 9 19 18 -4 13 16 2

0 64 82 2 -2 26 31 38

0 6 38 55 -7 24 28 33

0 10 18 67 -7 12 15 32

0 17 18 62 -18 0 21 21

0 6 35 66 -17 11 18 49

0 14 43 73 -2 7 9 8

0 3 17 11 -5 15 18 20

0 8 69 39 -19 2 18 27

0 48 59 16 -19 35 41 31

0 56 74 58 -15 11 21 46

0 18 22 44 -9 26 29 15

0 22 24 41 -17 11 20 19

0 0 6 97 -14 4 15 17

0 20 43 1 -7 0 5 33

0 19 69 14 -18 23 43 34

0 18 23 44 -20 19 32 37

0 27 50 75 -12 23 28 41

0 26 35 74 -8 8 9 32

0 9 31 20 -3 13 17 13

0 37 40 84 -12 2 36 3

0 11 19 9 -13 11 25 26

0 4 26 97 -6 26 45 48

0 15 17 7 -5 24 31 31

0 16 40 12 -2 2 3 44

0 11 79 6 -9 17 18 43

0 22 38 24 -2 28 47 47

0 14 40 1 -18 15 20 16

0 7 19 28 -15 19 46 16

0 35 43 13 -17 25 26 1

0 67 97 13 -6 36 39 7

0 8 25 18 -7 20 32 39

0 5 7 11 -8 30 40 25

0 1 7 30 -7 11 23 46

0 4 9 86 -1 9 17 5

0 3 69 14 -18 30 32 44

0 3 5 54 -10 6 32 39

0 3 8 55 -4 11 15 42

0 11 13 9 -5 37 42 18

0 2 3 37 -18 9 45 20

0 0 1 20 -6 34 41 22

0 0 11 15 -9 5 16 38

0 6 19 6 -19 41 43 32


SAlphaB: 715.0, std-dev 267.6756127038166

Earliest win: 35
Latest win: 81

WinDepth:
0 0 0 0 0 0 0 0 0 0 0 0 0 0 0 0 0 0 0 0 0 0 0 0 0 0 0 0 0 0 0 0 0 0 0 1 0 0 1 1 1 4 1 14 1 11 6 32 12 77 75 273 137 108 80 151 104 168 137 168 132 218 214 312 314 347 406 412 462 386 543 478 441 411 435 363 258 214 191 138 128 65 
SAlphaB:
0 0 0 0 0 0 0 0 0 0 0 0 0 0 0 0 0 0 0 0 0 0 0 0 0 0 0 0 0 0 0 0 0 0 0 1 0 0 1 1 1 4 1 14 1 11 6 32 12 77 75 273 137 108 80 151 104 168 137 168 132 218 214 312 314 347 406 412 462 386 543 478 441 411 435 363 258 214 191 138 128 65 

LossDepth:
SAlphaB:
0 0 0 0 0 0 0 0 0 0 0 0 0 0 0 0 0 0 0 0 0 0 0 0 0 0 0 0 0 0 0 0 0 0 0 1 0 0 1 1 1 4 1 14 1 11 6 32 12 77 75 273 137 108 80 151 104 168 137 168 132 218 214 312 314 347 406 412 462 386 543 478 441 411 435 363 258 214 191 138 128 65 

FirstWin:
0 0 0 0 0 0 0 0 0 0 0 0 0 0 0 0 0 0 0 0 0 0 0 0 0 0 0 0 0 0 0 0 0 0 0 1 0 0 0 1 0 4 0 14 0 11 0 32 0 77 0 273 0 108 0 151 0 168 0 168 0 218 0 312 0 347 0 412 0 386 0 478 0 411 0 363 0 214 0 138 0 65 
SAlphaB:
0 0 0 0 0 0 0 0 0 0 0 0 0 0 0 0 0 0 0 0 0 0 0 0 0 0 0 0 0 0 0 0 0 0 0 1 0 0 0 1 0 4 0 14 0 11 0 32 0 77 0 273 0 108 0 151 0 168 0 168 0 218 0 312 0 347 0 412 0 386 0 478 0 411 0 363 0 214 0 138 0 65 

SecondWin:
0 0 0 0 0 0 0 0 0 0 0 0 0 0 0 0 0 0 0 0 0 0 0 0 0 0 0 0 0 0 0 0 0 0 0 0 0 0 1 0 1 0 1 0 1 0 6 0 12 0 75 0 137 0 80 0 104 0 137 0 132 0 214 0 314 0 406 0 462 0 543 0 441 0 435 0 258 0 191 0 128 0 
SAlphaB:
0 0 0 0 0 0 0 0 0 0 0 0 0 0 0 0 0 0 0 0 0 0 0 0 0 0 0 0 0 0 0 0 0 0 0 0 0 0 1 0 1 0 1 0 1 0 6 0 12 0 75 0 137 0 80 0 104 0 137 0 132 0 214 0 314 0 406 0 462 0 543 0 441 0 435 0 258 0 191 0 128 0 
