0 23 48 89 -12 0 8 15

0 29 46 11 -17 0 7 17

0 57 77 36 -11 0 28 17

0 82 93 86 -13 4 21 31

0 4 79 90 -4 11 17 13

0 70 96 64 -4 5 16 25

0 35 65 15 -1 0 7 7

0 3 15 92 -3 0 2 3

0 82 97 59 -18 8 31 22

0 37 87 52 -8 0 14 30

0 10 62 96 -20 9 23 14

0 34 36 16 -18 0 2 10

0 55 70 13 -20 8 32 42

0 86 98 12 -2 11 24 13

0 20 53 1 -12 0 14 0

0 53 78 53 -6 15 28 44

0 71 73 16 -4 20 26 17

0 85 94 3 -4 20 25 10

0 95 97 0 -1 0 43 30

0 6 68 61 -6 9 21 17

0 41 67 80 -19 8 22 48

0 55 75 7 -2 2 11 12

0 16 39 79 -15 11 34 41

0 35 59 64 -14 2 13 42

0 95 98 59 -7 23 32 19

0 24 59 63 -10 4 15 39

0 49 72 58 -13 3 35 42

0 35 86 72 -13 9 12 38

0 45 46 58 -2 8 14 34

0 70 93 65 -19 11 15 4

0 66 88 42 -15 15 17 46

0 34 96 70 -13 12 42 43

0 7 80 56 -17 12 22 17

0 46 80 47 -7 0 18 4

0 86 97 1 -14 4 24 5

0 1 73 59 -19 0 10 2

0 28 61 34 -16 24 30 46

0 92 93 58 -20 2 8 48

0 18 90 45 -19 3 21 10

0 16 21 44 -18 6 17 2

0 69 96 3 -15 23 44 36

0 60 70 94 -17 16 31 48

0 31 65 55 -16 4 30 5

0 60 88 91 -6 1 2 23

0 57 79 85 -3 19 31 39

0 41 48 78 -20 10 16 42

0 7 49 83 -9 19 28 44

0 11 62 35 -1 0 2 5

0 77 99 7 -2 38 47 7

0 20 58 95 -7 6 7 26

0 42 49 1 -13 21 31 47

0 26 42 30 -16 11 13 24

0 24 29 23 -15 1 15 14

0 89 91 16 -11 25 38 37

0 3 51 6 -13 10 28 2

0 0 70 88 -10 26 30 33

0 23 38 86 -18 2 21 44

0 14 84 94 -3 35 40 7

0 15 44 10 -2 14 26 1

0 13 50 25 -6 4 32 7

0 1 68 79 -12 10 13 8

0 12 21 42 -14 23 27 23

0 31 99 60 -19 33 37 10

0 36 72 6 -10 0 4 47

0 31 33 74 -4 0 1 35

0 5 44 51 -5 17 18 45

0 1 47 73 -8 8 14 42

0 12 62 37 -14 12 42 4

0 16 38 45 -19 4 5 18

0 45 61 36 -13 19 28 13

0 49 83 76 -1 29 44 30

0 8 48 65 -9 26 42 34

0 28 48 40 -5 24 30 47

0 1 85 9 -7 1 11 48

0 9 28 17 -6 39 40 1

0 9 40 1 -13 3 17 47

0 42 86 33 -18 35 39 12

0 1 46 18 -18 10 29 5

0 6 13 99 -7 23 43 19

0 0 20 18 -20 16 18 25

0 4 17 80 -19 12 23 36

0 21 24 78 -12 39 40 49

0 25 29 20 -2 24 39 47

0 12 20 21 -9 9 32 4

0 3 16 81 -20 29 43 20

0 0 97 36 -7 4 22 33

0 11 46 81 -6 5 34 33

0 2 4 0 -6 18 22 36

0 2 29 37 -9 0 4 49

0 1 2 61 -16 2 3 43

0 3 10 63 -13 40 44 30

0 3 10 73 -14 5 11 47

0 1 3 15 -4 27 49 42

0 0 3 2 -3 16 20 27

0 7 23 8 -2 48 49 46

0 6 23 3 -6 0 48 0

0 1 3 18 -8 1 21 34

0 0 1 50 -6 2 27 47

0 0 2 40 -5 9 10 36

0 0 5 11 -2 2 8 32


SAlphaB: 714.0, std-dev 268.80358662379894

Earliest win: 37
Latest win: 81

WinDepth:
0 0 0 0 0 0 0 0 0 0 0 0 0 0 0 0 0 0 0 0 0 0 0 0 0 0 0 0 0 0 0 0 0 0 0 0 0 1 1 1 1 5 2 21 3 22 9 40 45 101 51 167 90 120 69 225 144 211 139 188 153 256 241 356 296 348 408 414 388 462 416 439 400 388 387 415 275 255 170 144 95 76 
SAlphaB:
0 0 0 0 0 0 0 0 0 0 0 0 0 0 0 0 0 0 0 0 0 0 0 0 0 0 0 0 0 0 0 0 0 0 0 0 0 1 1 1 1 5 2 21 3 22 9 40 45 101 51 167 90 120 69 225 144 211 139 188 153 256 241 356 296 348 408 414 388 462 416 439 400 388 387 415 275 255 170 144 95 76 

LossDepth:
SAlphaB:
0 0 0 0 0 0 0 0 0 0 0 0 0 0 0 0 0 0 0 0 0 0 0 0 0 0 0 0 0 0 0 0 0 0 0 0 0 1 1 1 1 5 2 21 3 22 9 40 45 101 51 167 90 120 69 225 144 211 139 188 153 256 241 356 296 348 408 414 388 462 416 439 400 388 387 415 275 255 170 144 95 76 

FirstWin:
0 0 0 0 0 0 0 0 0 0 0 0 0 0 0 0 0 0 0 0 0 0 0 0 0 0 0 0 0 0 0 0 0 0 0 0 0 1 0 1 0 5 0 21 0 22 0 40 0 101 0 167 0 120 0 225 0 211 0 188 0 256 0 356 0 348 0 414 0 462 0 439 0 388 0 415 0 255 0 144 0 76 
SAlphaB:
0 0 0 0 0 0 0 0 0 0 0 0 0 0 0 0 0 0 0 0 0 0 0 0 0 0 0 0 0 0 0 0 0 0 0 0 0 1 0 1 0 5 0 21 0 22 0 40 0 101 0 167 0 120 0 225 0 211 0 188 0 256 0 356 0 348 0 414 0 462 0 439 0 388 0 415 0 255 0 144 0 76 

SecondWin:
0 0 0 0 0 0 0 0 0 0 0 0 0 0 0 0 0 0 0 0 0 0 0 0 0 0 0 0 0 0 0 0 0 0 0 0 0 0 1 0 1 0 2 0 3 0 9 0 45 0 51 0 90 0 69 0 144 0 139 0 153 0 241 0 296 0 408 0 388 0 416 0 400 0 387 0 275 0 170 0 95 0 
SAlphaB:
0 0 0 0 0 0 0 0 0 0 0 0 0 0 0 0 0 0 0 0 0 0 0 0 0 0 0 0 0 0 0 0 0 0 0 0 0 0 1 0 1 0 2 0 3 0 9 0 45 0 51 0 90 0 69 0 144 0 139 0 153 0 241 0 296 0 408 0 388 0 416 0 400 0 387 0 275 0 170 0 95 0 
