0 39 89 44 -19 0 3 7

0 38 83 92 -6 0 1 11

0 27 90 69 -15 0 12 17

0 64 86 51 -6 6 46 10

0 27 71 64 -1 15 25 37

0 37 60 81 -9 13 18 3

0 35 86 36 -3 0 1 3

0 62 65 73 -17 1 3 4

0 59 76 48 -5 7 25 26

0 62 65 81 -14 5 28 5

0 55 86 72 -7 2 37 36

0 28 77 96 -17 12 19 20

0 53 90 25 -13 4 23 25

0 19 55 95 -2 5 12 22

0 40 69 25 -5 5 17 21

0 18 52 71 -14 0 13 46

0 26 61 0 -17 7 15 37

0 14 59 56 -15 0 9 34

0 33 47 85 -8 10 28 35

0 49 85 69 -15 9 33 20

0 51 58 42 -2 7 36 7

0 45 96 60 -5 2 10 28

0 9 98 47 -7 2 3 37

0 67 74 14 -1 3 26 4

0 76 96 93 -12 33 37 19

0 17 25 69 -11 5 11 21

0 23 86 83 -14 11 20 46

0 19 96 53 -8 18 27 28

0 22 52 18 -9 4 6 26

0 52 74 89 -17 8 16 27

0 17 25 41 -19 31 36 12

0 23 33 43 -9 5 31 19

0 5 96 68 -6 5 7 33

0 22 57 65 -15 35 38 13

0 60 76 4 -5 7 43 1

0 40 67 86 -12 19 28 17

0 22 39 28 -20 4 6 34

0 4 14 48 -1 6 11 18

0 10 15 93 -1 8 22 21

0 10 96 36 -4 0 1 22

0 20 27 99 -13 1 4 33

0 64 88 83 -11 1 12 4

0 83 94 7 -10 12 15 3

0 41 78 45 -14 36 47 17

0 4 19 31 -1 4 11 20

0 24 52 54 -9 9 33 28

0 33 90 20 -14 42 43 17

0 10 41 44 -1 32 42 19

0 48 59 56 -16 26 29 38

0 58 96 12 -5 3 6 41

0 9 79 29 -17 17 21 7

0 23 50 10 -19 19 42 49

0 17 62 97 -5 13 17 18

0 0 34 79 -16 3 26 15

0 12 39 4 -5 15 31 24

0 53 86 18 -1 37 48 44

0 30 82 36 -20 16 26 22

0 49 86 37 -16 48 49 26

0 0 43 94 -15 16 27 17

0 8 11 64 -7 38 42 4

0 39 94 27 -7 20 48 4

0 0 24 47 -16 27 28 22

0 5 47 53 -1 44 45 23

0 34 84 45 -17 27 36 34

0 16 19 97 -1 8 10 10

0 9 54 44 -13 1 45 11

0 15 25 17 -12 20 23 16

0 27 55 80 -10 4 37 42

0 9 27 39 -19 8 21 42

0 17 30 79 -8 0 2 43

0 3 14 86 -3 9 36 10

0 26 39 1 -8 19 44 17

0 30 78 10 -11 35 43 13

0 21 59 53 -7 8 39 32

0 11 32 84 -20 3 29 28

0 5 6 46 -2 11 27 9

0 18 73 81 -20 11 14 44

0 11 17 6 -20 1 2 41

0 1 3 54 -2 13 28 32

0 7 8 41 -4 5 9 30

0 0 69 51 -16 26 37 7

0 0 14 99 -9 8 32 43

0 5 12 48 -6 16 39 3

0 18 22 9 -16 11 47 22

0 6 35 74 -6 32 42 47

0 5 13 97 -6 1 3 43

0 2 5 61 -18 32 33 15

0 4 19 39 -18 24 29 15

0 2 13 17 -13 25 41 36

0 18 21 77 -9 23 31 5

0 6 22 80 -10 0 2 44

0 15 20 72 -17 25 38 6

0 5 10 41 -15 8 19 49

0 9 44 69 -15 35 46 49

0 10 21 68 -15 3 47 19

0 25 45 65 -18 20 29 48

0 1 14 66 -17 19 29 35

0 0 3 72 -7 9 21 6

0 22 31 13 -2 17 29 45

0 0 3 30 -10 5 22 44


SAlphaB: 707.0, std-dev 255.33043989182633

Earliest win: 37
Latest win: 81

WinDepth:
0 0 0 0 0 0 0 0 0 0 0 0 0 0 0 0 0 0 0 0 0 0 0 0 0 0 0 0 0 0 0 0 0 0 0 0 0 1 0 5 17 12 6 23 1 10 12 61 19 80 62 184 143 150 83 215 141 188 148 175 186 226 213 376 395 336 394 417 447 430 395 417 375 372 395 363 240 249 132 167 94 83 
SAlphaB:
0 0 0 0 0 0 0 0 0 0 0 0 0 0 0 0 0 0 0 0 0 0 0 0 0 0 0 0 0 0 0 0 0 0 0 0 0 1 0 5 17 12 6 23 1 10 12 61 19 80 62 184 143 150 83 215 141 188 148 175 186 226 213 376 395 336 394 417 447 430 395 417 375 372 395 363 240 249 132 167 94 83 

LossDepth:
SAlphaB:
0 0 0 0 0 0 0 0 0 0 0 0 0 0 0 0 0 0 0 0 0 0 0 0 0 0 0 0 0 0 0 0 0 0 0 0 0 1 0 5 17 12 6 23 1 10 12 61 19 80 62 184 143 150 83 215 141 188 148 175 186 226 213 376 395 336 394 417 447 430 395 417 375 372 395 363 240 249 132 167 94 83 

FirstWin:
0 0 0 0 0 0 0 0 0 0 0 0 0 0 0 0 0 0 0 0 0 0 0 0 0 0 0 0 0 0 0 0 0 0 0 0 0 1 0 5 0 12 0 23 0 10 0 61 0 80 0 184 0 150 0 215 0 188 0 175 0 226 0 376 0 336 0 417 0 430 0 417 0 372 0 363 0 249 0 167 0 83 
SAlphaB:
0 0 0 0 0 0 0 0 0 0 0 0 0 0 0 0 0 0 0 0 0 0 0 0 0 0 0 0 0 0 0 0 0 0 0 0 0 1 0 5 0 12 0 23 0 10 0 61 0 80 0 184 0 150 0 215 0 188 0 175 0 226 0 376 0 336 0 417 0 430 0 417 0 372 0 363 0 249 0 167 0 83 

SecondWin:
0 0 0 0 0 0 0 0 0 0 0 0 0 0 0 0 0 0 0 0 0 0 0 0 0 0 0 0 0 0 0 0 0 0 0 0 0 0 0 0 17 0 6 0 1 0 12 0 19 0 62 0 143 0 83 0 141 0 148 0 186 0 213 0 395 0 394 0 447 0 395 0 375 0 395 0 240 0 132 0 94 0 
SAlphaB:
0 0 0 0 0 0 0 0 0 0 0 0 0 0 0 0 0 0 0 0 0 0 0 0 0 0 0 0 0 0 0 0 0 0 0 0 0 0 0 0 17 0 6 0 1 0 12 0 19 0 62 0 143 0 83 0 141 0 148 0 186 0 213 0 395 0 394 0 447 0 395 0 375 0 395 0 240 0 132 0 94 0 
