0 18 85 75 -8 0 3 14

0 15 48 11 -7 1 2 3

0 19 80 43 -1 9 30 17

0 23 83 31 -6 3 5 23

0 72 95 0 -2 8 36 26

0 72 87 26 -19 6 26 24

0 60 63 73 -14 6 8 16

0 28 74 41 -2 6 19 31

0 89 99 71 -6 7 29 33

0 15 60 52 -19 0 2 28

0 23 40 17 -8 5 15 9

0 57 73 39 -11 7 12 13

0 66 70 56 -1 6 7 5

0 21 32 28 -19 0 4 19

0 4 78 83 -3 26 42 26

0 7 97 78 -9 12 45 24

0 64 74 59 -15 19 39 24

0 53 95 91 -10 11 12 35

0 23 45 37 -9 0 2 24

0 42 77 89 -19 7 27 30

0 59 62 14 -1 1 23 20

0 42 46 56 -16 0 1 27

0 28 72 27 -3 0 1 11

0 74 80 68 -19 4 7 25

0 6 88 76 -3 13 45 6

0 16 58 83 -9 7 23 8

0 40 57 73 -17 2 5 40

0 49 54 71 -18 2 5 49

0 48 57 31 -20 14 48 0

0 82 86 75 -9 0 2 39

0 45 52 40 -3 11 13 39

0 36 97 63 -10 9 15 41

0 26 55 33 -16 1 8 43

0 11 69 13 -3 16 18 23

0 29 84 63 -9 10 13 4

0 52 90 59 -2 0 6 22

0 5 55 48 -18 28 30 33

0 23 34 23 -10 1 28 12

0 51 78 42 -12 20 41 42

0 24 57 7 -9 0 7 29

0 68 74 96 -2 23 28 6

0 72 83 55 -1 0 33 47

0 15 25 66 -11 1 9 32

0 22 74 57 -6 21 42 11

0 55 83 2 -5 6 44 36

0 45 85 20 -3 14 33 2

0 13 38 29 -8 3 19 20

0 14 83 28 -17 9 24 30

0 25 31 32 -13 1 17 19

0 8 22 59 -1 6 13 16

0 22 83 11 -20 38 43 47

0 57 58 69 -11 19 45 30

0 30 84 4 -19 18 37 0

0 17 59 46 -12 0 1 38

0 60 80 30 -12 27 41 47

0 8 60 67 -16 24 48 23

0 53 58 76 -15 27 32 22

0 49 94 41 -20 28 34 23

0 12 31 64 -1 11 32 30

0 9 62 55 -13 5 21 30

0 11 80 87 -12 4 38 28

0 6 37 52 -2 21 40 40

0 15 85 75 -12 4 22 43

0 1 33 16 -13 15 32 9

0 42 50 62 -2 40 44 1

0 1 11 24 -12 13 22 36

0 8 64 15 -4 23 34 34

0 35 40 56 -10 21 38 18

0 15 46 24 -19 3 14 9

0 6 14 28 -13 10 27 32

0 10 24 36 -17 2 30 14

0 6 31 92 -3 6 37 0

0 8 19 0 -12 2 12 27

0 15 49 85 -20 29 49 36

0 0 38 20 -4 16 29 31

0 5 16 37 -1 8 43 24

0 11 21 85 -17 7 16 46

0 1 19 64 -13 28 33 22

0 0 3 5 -15 2 45 35

0 12 19 60 -9 15 38 3

0 20 46 11 -13 47 49 39

0 3 41 24 -4 11 21 46

0 0 9 42 -5 5 10 24

0 5 24 69 -8 23 36 29

0 4 10 29 -15 10 40 36

0 13 18 5 -20 1 7 38

0 1 20 31 -9 33 35 14

0 0 1 29 -16 0 1 29

0 9 20 66 -6 0 11 37

0 2 93 53 -7 38 39 36

0 1 3 69 -16 23 24 32

0 2 11 17 -5 1 2 34

0 10 37 91 -5 3 25 41

0 0 27 17 -13 0 32 9

0 0 12 79 -18 40 44 28

0 11 26 50 -2 2 47 14

0 9 49 79 -1 4 39 45

0 0 65 87 -6 3 18 44

0 4 20 50 -5 0 4 32

0 1 8 18 -4 5 8 28


SAlphaB: 712.0, std-dev 255.38457650999976

Earliest win: 35
Latest win: 81

WinDepth:
0 0 0 0 0 0 0 0 0 0 0 0 0 0 0 0 0 0 0 0 0 0 0 0 0 0 0 0 0 0 0 0 0 0 0 1 0 6 4 1 11 5 2 3 6 24 14 45 12 42 35 198 72 124 100 165 91 162 98 181 162 251 221 336 368 296 435 395 444 432 453 445 421 424 448 396 276 230 170 141 107 81 
SAlphaB:
0 0 0 0 0 0 0 0 0 0 0 0 0 0 0 0 0 0 0 0 0 0 0 0 0 0 0 0 0 0 0 0 0 0 0 1 0 6 4 1 11 5 2 3 6 24 14 45 12 42 35 198 72 124 100 165 91 162 98 181 162 251 221 336 368 296 435 395 444 432 453 445 421 424 448 396 276 230 170 141 107 81 

LossDepth:
SAlphaB:
0 0 0 0 0 0 0 0 0 0 0 0 0 0 0 0 0 0 0 0 0 0 0 0 0 0 0 0 0 0 0 0 0 0 0 1 0 6 4 1 11 5 2 3 6 24 14 45 12 42 35 198 72 124 100 165 91 162 98 181 162 251 221 336 368 296 435 395 444 432 453 445 421 424 448 396 276 230 170 141 107 81 

FirstWin:
0 0 0 0 0 0 0 0 0 0 0 0 0 0 0 0 0 0 0 0 0 0 0 0 0 0 0 0 0 0 0 0 0 0 0 1 0 6 0 1 0 5 0 3 0 24 0 45 0 42 0 198 0 124 0 165 0 162 0 181 0 251 0 336 0 296 0 395 0 432 0 445 0 424 0 396 0 230 0 141 0 81 
SAlphaB:
0 0 0 0 0 0 0 0 0 0 0 0 0 0 0 0 0 0 0 0 0 0 0 0 0 0 0 0 0 0 0 0 0 0 0 1 0 6 0 1 0 5 0 3 0 24 0 45 0 42 0 198 0 124 0 165 0 162 0 181 0 251 0 336 0 296 0 395 0 432 0 445 0 424 0 396 0 230 0 141 0 81 

SecondWin:
0 0 0 0 0 0 0 0 0 0 0 0 0 0 0 0 0 0 0 0 0 0 0 0 0 0 0 0 0 0 0 0 0 0 0 0 0 0 4 0 11 0 2 0 6 0 14 0 12 0 35 0 72 0 100 0 91 0 98 0 162 0 221 0 368 0 435 0 444 0 453 0 421 0 448 0 276 0 170 0 107 0 
SAlphaB:
0 0 0 0 0 0 0 0 0 0 0 0 0 0 0 0 0 0 0 0 0 0 0 0 0 0 0 0 0 0 0 0 0 0 0 0 0 0 4 0 11 0 2 0 6 0 14 0 12 0 35 0 72 0 100 0 91 0 98 0 162 0 221 0 368 0 435 0 444 0 453 0 421 0 448 0 276 0 170 0 107 0 
