0 25 44 66 -5 4 15 5

0 37 85 11 -6 2 12 9

0 35 73 36 -17 4 12 18

0 18 55 14 -6 2 3 5

0 36 74 75 -6 3 22 18

0 23 49 62 -13 0 1 3

0 17 60 48 -10 3 4 5

0 46 84 33 -16 0 8 4

0 62 94 28 -10 0 22 7

0 37 83 89 -20 1 7 24

0 29 99 30 -3 4 11 3

0 47 72 1 -5 10 32 26

0 61 89 52 -13 11 26 30

0 29 65 22 -4 1 11 8

0 61 90 41 -12 6 19 18

0 40 81 42 -20 3 10 9

0 53 57 45 -2 2 9 8

0 33 64 83 -20 4 9 0

0 60 98 18 -15 0 24 27

0 42 56 64 -16 0 1 6

0 63 81 53 -18 7 19 45

0 36 55 71 -19 0 4 9

0 45 66 54 -11 1 15 13

0 54 81 54 -2 3 31 3

0 48 75 15 -18 1 12 36

0 58 69 20 -1 9 19 10

0 50 89 28 -2 8 38 7

0 47 93 60 -14 7 32 9

0 45 60 46 -4 6 32 19

0 33 80 30 -7 9 12 17

0 63 66 55 -18 6 13 36

0 40 65 70 -5 5 24 13

0 46 58 59 -8 0 4 2

0 35 84 6 -17 6 13 14

0 59 80 24 -19 6 14 35

0 20 68 22 -14 0 1 2

0 43 91 26 -12 4 9 2

0 43 97 84 -16 0 1 2

0 43 75 38 -13 0 1 20

0 47 58 15 -6 6 16 1

0 32 42 19 -10 1 8 16

0 24 42 62 -9 2 7 23

0 46 61 70 -4 9 32 40

0 84 99 17 -12 5 49 9

0 20 89 99 -13 1 5 16

0 58 89 58 -20 10 30 36

0 79 94 13 -18 6 24 25

0 45 78 9 -2 1 3 4

0 44 91 88 -11 6 29 34

0 30 73 94 -4 1 2 4

0 48 53 52 -13 5 14 7

0 61 64 78 -17 4 25 9

0 57 64 25 -3 5 15 24

0 3 90 95 -7 4 12 5

0 46 95 53 -9 13 32 10

0 39 85 68 -11 4 27 4

0 40 76 65 -7 0 30 16

0 12 50 34 -9 1 9 6

0 66 99 0 -13 6 17 18

0 45 87 19 -18 2 10 40

0 30 91 23 -8 2 24 27

0 38 92 28 -4 3 8 11

0 24 89 85 -14 9 28 10

0 38 69 27 -13 5 7 36

0 30 66 74 -3 7 17 29

0 15 73 12 -8 5 9 16

0 31 53 45 -7 5 25 5

0 64 72 84 -11 17 22 14

0 33 95 9 -3 17 40 2

0 29 38 75 -6 11 19 18

0 36 95 60 -12 10 19 45

0 23 92 59 -17 4 10 13

0 31 64 92 -12 14 36 23

0 64 67 40 -12 18 42 21

0 23 27 1 -6 0 6 16

0 33 71 11 -9 0 2 18

0 29 44 7 -1 6 16 25

0 26 35 76 -13 4 6 12

0 52 90 51 -16 6 30 47

0 40 53 95 -19 8 22 20

0 24 26 91 -2 15 30 4

0 11 32 43 -5 0 1 20

0 94 95 5 -5 6 17 32

0 20 33 54 -13 8 17 8

0 22 75 7 -1 0 20 30

0 25 31 32 -4 4 17 15

0 25 76 37 -1 0 17 26

0 25 83 95 -4 24 34 16

0 24 68 8 -7 3 18 40

0 23 55 35 -10 10 13 27

0 42 75 84 -3 17 34 43

0 30 79 77 -12 34 48 39

0 25 31 87 -15 13 35 37

0 18 34 68 -20 0 3 6

0 22 84 78 -8 3 26 8

0 11 84 45 -13 0 33 33

0 25 48 66 -19 28 41 29

0 38 46 44 -17 28 37 23

0 7 36 68 -8 11 21 6

0 15 95 88 -16 35 41 31


SAlphaB: 737.0, std-dev 258.446380055199

Earliest win: 35
Latest win: 81

WinDepth:
0 0 0 0 0 0 0 0 0 0 0 0 0 0 0 0 0 0 0 0 0 0 0 0 0 0 0 0 0 0 0 0 0 0 0 2 1 26 3 27 11 28 14 28 18 45 41 123 67 161 169 356 159 321 235 410 349 571 396 565 509 716 635 898 737 943 862 918 984 936 964 947 901 874 919 713 643 498 399 296 198 146 
SAlphaB:
0 0 0 0 0 0 0 0 0 0 0 0 0 0 0 0 0 0 0 0 0 0 0 0 0 0 0 0 0 0 0 0 0 0 0 2 1 26 3 27 11 28 14 28 18 45 41 123 67 161 169 356 159 321 235 410 349 571 396 565 509 716 635 898 737 943 862 918 984 936 964 947 901 874 919 713 643 498 399 296 198 146 

LossDepth:
SAlphaB:
0 0 0 0 0 0 0 0 0 0 0 0 0 0 0 0 0 0 0 0 0 0 0 0 0 0 0 0 0 0 0 0 0 0 0 1 2 29 2 17 6 27 8 19 10 41 22 62 37 83 112 185 88 184 159 213 217 353 236 346 329 481 448 615 484 692 642 717 642 747 735 804 672 725 737 608 481 445 309 271 217 138 

FirstWin:
0 0 0 0 0 0 0 0 0 0 0 0 0 0 0 0 0 0 0 0 0 0 0 0 0 0 0 0 0 0 0 0 0 0 0 2 0 26 0 27 0 28 0 28 0 45 0 123 0 161 0 356 0 321 0 410 0 571 0 565 0 716 0 898 0 943 0 918 0 936 0 947 0 874 0 713 0 498 0 296 0 146 
SAlphaB:
0 0 0 0 0 0 0 0 0 0 0 0 0 0 0 0 0 0 0 0 0 0 0 0 0 0 0 0 0 0 0 0 0 0 0 2 0 26 0 27 0 28 0 28 0 45 0 123 0 161 0 356 0 321 0 410 0 571 0 565 0 716 0 898 0 943 0 918 0 936 0 947 0 874 0 713 0 498 0 296 0 146 

SecondWin:
0 0 0 0 0 0 0 0 0 0 0 0 0 0 0 0 0 0 0 0 0 0 0 0 0 0 0 0 0 0 0 0 0 0 0 0 1 0 3 0 11 0 14 0 18 0 41 0 67 0 169 0 159 0 235 0 349 0 396 0 509 0 635 0 737 0 862 0 984 0 964 0 901 0 919 0 643 0 399 0 198 0 
SAlphaB:
0 0 0 0 0 0 0 0 0 0 0 0 0 0 0 0 0 0 0 0 0 0 0 0 0 0 0 0 0 0 0 0 0 0 0 0 1 0 3 0 11 0 14 0 18 0 41 0 67 0 169 0 159 0 235 0 349 0 396 0 509 0 635 0 737 0 862 0 984 0 964 0 901 0 919 0 643 0 399 0 198 0 
