0 39 85 68 -11 4 27 4

0 31 53 45 -7 5 25 5

0 61 89 52 -13 11 26 30

0 79 94 13 -18 6 24 25

0 58 69 20 -1 9 19 10

0 29 38 75 -6 11 19 18

0 63 66 55 -18 6 13 36

0 94 95 5 -5 6 17 32

0 25 31 32 -4 4 17 15

0 11 84 45 -13 0 33 33

0 22 99 21 -4 10 19 3

0 51 61 31 -2 15 16 4

0 35 41 62 -6 27 37 13

0 57 61 25 -7 6 28 35

0 63 65 3 -1 10 25 7

0 44 76 35 -18 11 26 21

0 47 78 52 -13 11 24 30

0 46 64 87 -19 4 9 0

0 27 62 38 -5 6 22 44

0 21 98 9 -5 6 23 44

0 51 60 93 -12 0 1 24

0 27 83 92 -6 0 1 27

0 3 39 6 -1 1 2 23

0 63 89 83 -17 13 30 46

0 6 61 59 -14 3 14 10

0 45 72 12 -18 8 37 27

0 31 46 40 -1 0 2 7

0 14 40 64 -8 0 4 48

0 46 55 0 -9 7 14 45

0 52 72 7 -6 2 3 42

0 84 96 8 -6 6 8 28

0 6 66 92 -16 11 32 40

0 28 30 38 -7 5 27 23

0 17 93 77 -8 25 47 47

0 45 48 96 -5 17 27 45

0 26 72 23 -19 13 32 47

0 28 50 48 -10 12 29 47

0 6 23 14 -5 0 2 19

0 13 57 27 -1 14 47 30

0 20 40 93 -8 8 23 41

0 31 49 78 -4 25 29 13

0 24 34 51 -3 4 30 21

0 17 44 64 -18 5 26 1

0 56 70 0 -8 5 44 47

0 10 97 16 -9 10 17 13

0 45 49 34 -14 33 34 31

0 34 43 35 -3 13 29 37

0 2 94 82 -3 0 5 31

0 4 75 80 -11 40 48 45

0 34 44 35 -6 42 46 40

0 5 41 13 -2 8 19 28

0 2 39 66 -19 13 31 39

0 4 74 41 -17 45 48 17

0 16 61 8 -5 26 27 11

0 33 47 2 -7 0 39 21

0 14 44 78 -10 4 19 31

0 41 72 85 -12 10 49 37

0 6 10 49 -19 0 14 46

0 31 57 42 -4 0 36 31

0 2 20 1 -4 25 27 26

0 6 13 11 -20 12 33 13

0 10 91 51 -6 8 9 49

0 60 82 9 -12 24 42 6

0 27 75 7 -14 19 29 3

0 7 15 94 -20 4 22 6

0 6 37 49 -17 2 35 13

0 3 72 1 -11 9 24 16

0 5 15 55 -16 20 42 24

0 25 91 7 -10 36 45 13

0 0 16 62 -8 21 25 34

0 28 72 18 -19 26 30 41

0 13 19 72 -17 12 38 41

0 1 7 84 -11 10 24 33

0 70 71 56 -7 45 48 36

0 6 51 0 -20 2 16 9

0 20 57 97 -15 7 43 18

0 15 19 35 -11 11 15 40

0 2 10 74 -8 22 29 20

0 10 32 30 -20 12 49 49

0 1 2 53 -12 0 27 13

0 20 68 56 -1 19 23 11

0 5 15 82 -16 4 27 3

0 5 10 78 -9 2 6 48

0 1 2 72 -2 33 43 39

0 21 24 44 -15 15 37 33

0 2 3 54 -14 1 14 8

0 1 2 53 -19 6 24 12

0 2 43 89 -14 2 11 47

0 1 2 81 -18 1 11 32

0 4 5 16 -3 14 37 31

0 0 3 58 -4 4 5 39

0 0 3 78 -6 23 39 41

0 4 33 50 -6 2 46 24

0 3 16 12 -10 13 15 31

0 1 19 19 -17 29 37 12

0 17 27 8 -19 23 37 0

0 0 3 55 -6 1 5 49

0 2 15 20 -12 16 26 22

0 6 7 27 -4 35 46 16

0 1 2 2 -4 5 23 27


SAlphaB: 693.0, std-dev 252.68980954618024

Earliest win: 37
Latest win: 81

WinDepth:
0 0 0 0 0 0 0 0 0 0 0 0 0 0 0 0 0 0 0 0 0 0 0 0 0 0 0 0 0 0 0 0 0 0 0 0 0 5 0 6 19 15 3 40 9 11 22 52 44 68 70 147 79 112 109 201 140 172 148 182 157 251 244 367 357 391 398 431 398 430 425 439 423 374 350 318 277 244 172 118 80 69 
SAlphaB:
0 0 0 0 0 0 0 0 0 0 0 0 0 0 0 0 0 0 0 0 0 0 0 0 0 0 0 0 0 0 0 0 0 0 0 0 0 5 0 6 19 15 3 40 9 11 22 52 44 68 70 147 79 112 109 201 140 172 148 182 157 251 244 367 357 391 398 431 398 430 425 439 423 374 350 318 277 244 172 118 80 69 

LossDepth:
SAlphaB:
0 0 0 0 0 0 0 0 0 0 0 0 0 0 0 0 0 0 0 0 0 0 0 0 0 0 0 0 0 0 0 0 0 0 0 0 0 5 0 6 19 15 3 40 9 11 22 52 44 68 70 147 79 112 109 201 140 172 148 182 157 251 244 367 357 391 398 431 398 430 425 439 423 374 350 318 277 244 172 118 80 69 

FirstWin:
0 0 0 0 0 0 0 0 0 0 0 0 0 0 0 0 0 0 0 0 0 0 0 0 0 0 0 0 0 0 0 0 0 0 0 0 0 5 0 6 0 15 0 40 0 11 0 52 0 68 0 147 0 112 0 201 0 172 0 182 0 251 0 367 0 391 0 431 0 430 0 439 0 374 0 318 0 244 0 118 0 69 
SAlphaB:
0 0 0 0 0 0 0 0 0 0 0 0 0 0 0 0 0 0 0 0 0 0 0 0 0 0 0 0 0 0 0 0 0 0 0 0 0 5 0 6 0 15 0 40 0 11 0 52 0 68 0 147 0 112 0 201 0 172 0 182 0 251 0 367 0 391 0 431 0 430 0 439 0 374 0 318 0 244 0 118 0 69 

SecondWin:
0 0 0 0 0 0 0 0 0 0 0 0 0 0 0 0 0 0 0 0 0 0 0 0 0 0 0 0 0 0 0 0 0 0 0 0 0 0 0 0 19 0 3 0 9 0 22 0 44 0 70 0 79 0 109 0 140 0 148 0 157 0 244 0 357 0 398 0 398 0 425 0 423 0 350 0 277 0 172 0 80 0 
SAlphaB:
0 0 0 0 0 0 0 0 0 0 0 0 0 0 0 0 0 0 0 0 0 0 0 0 0 0 0 0 0 0 0 0 0 0 0 0 0 0 0 0 19 0 3 0 9 0 22 0 44 0 70 0 79 0 109 0 140 0 148 0 157 0 244 0 357 0 398 0 398 0 425 0 423 0 350 0 277 0 172 0 80 0 
