0 47 58 15 -6 6 16 1

0 33 71 11 -9 0 2 18

0 29 44 7 -1 6 16 25

0 23 92 59 -17 4 10 13

0 45 87 19 -18 2 10 40

0 40 81 42 -20 3 10 9

0 3 90 95 -7 4 12 5

0 63 81 53 -18 7 19 45

0 29 65 22 -4 1 11 8

0 11 32 43 -5 0 1 20

0 13 59 65 -4 1 10 1

0 60 81 28 -18 5 31 6

0 39 55 67 -2 9 26 19

0 54 85 9 -20 10 31 36

0 39 55 86 -3 30 46 15

0 51 58 53 -9 8 11 33

0 75 82 54 -15 9 48 44

0 64 93 49 -17 12 13 36

0 58 88 64 -17 13 14 7

0 18 65 62 -2 36 46 26

0 11 61 35 -19 0 2 28

0 50 64 24 -13 2 19 21

0 38 86 88 -13 9 23 12

0 10 70 23 -10 0 3 18

0 68 95 39 -3 15 18 23

0 3 91 18 -1 3 12 19

0 60 72 81 -1 9 19 31

0 63 64 25 -17 2 27 36

0 30 42 82 -18 7 10 17

0 78 97 81 -1 15 35 19

0 12 49 35 -4 6 7 22

0 17 22 81 -16 0 1 40

0 78 82 5 -2 1 9 4

0 19 93 71 -7 22 41 13

0 16 61 5 -19 7 8 37

0 25 44 83 -17 11 15 5

0 11 92 30 -14 1 17 22

0 8 69 9 -1 30 45 29

0 13 14 98 -9 0 2 16

0 12 24 84 -8 7 11 17

0 35 52 94 -19 24 44 29

0 10 45 58 -6 30 33 23

0 65 82 18 -7 3 13 48

0 36 86 52 -15 14 19 35

0 19 27 98 -19 14 47 41

0 41 77 54 -19 18 44 6

0 48 57 60 -15 3 48 45

0 17 21 89 -7 2 6 36

0 30 57 38 -14 10 19 16

0 91 95 36 -2 10 19 10

0 36 38 85 -4 6 7 38

0 15 21 94 -14 11 29 37

0 38 79 23 -19 43 44 37

0 16 18 51 -9 4 6 24

0 9 34 62 -12 10 27 21

0 15 41 18 -2 29 43 13

0 66 70 40 -15 30 32 27

0 48 70 77 -18 13 14 48

0 17 70 34 -18 14 49 48

0 32 38 39 -19 2 20 17

0 17 22 69 -1 4 13 36

0 4 86 88 -10 19 46 48

0 8 10 16 -9 0 3 17

0 4 15 41 -17 4 31 5

0 11 42 33 -16 6 32 36

0 14 39 77 -14 35 37 12

0 24 44 81 -7 35 48 4

0 5 31 11 -8 2 7 40

0 35 49 65 -3 1 28 48

0 2 49 47 -14 34 45 17

0 7 15 45 -17 10 27 13

0 5 71 51 -4 1 8 46

0 17 38 28 -1 5 15 38

0 8 13 80 -16 19 32 30

0 6 32 23 -17 11 16 33

0 13 15 93 -6 2 19 11

0 10 51 79 -1 9 13 46

0 0 1 19 -6 27 29 6

0 1 2 18 -6 32 33 34

0 17 19 39 -20 6 36 34

0 4 5 61 -10 20 27 16

0 9 12 87 -5 1 8 49

0 9 29 28 -14 2 39 4

0 11 37 19 -19 4 16 46

0 6 7 32 -11 3 8 13

0 6 23 16 -19 2 18 28

0 6 22 83 -3 4 35 44

0 3 4 63 -11 5 11 18

0 6 24 97 -3 7 37 4

0 1 7 41 -1 42 47 29

0 8 12 14 -19 22 32 42

0 0 2 5 -9 1 4 19

0 1 2 95 -6 1 7 5

0 3 13 25 -13 3 22 31

0 6 12 6 -11 20 43 37

0 2 11 72 -8 0 19 21

0 14 27 44 -6 5 41 34

0 10 15 46 -2 2 18 48

0 1 7 44 -9 4 11 36

0 0 1 66 -8 6 33 42


SAlphaB: 704.0, std-dev 256.198382137946

Earliest win: 35
Latest win: 81

WinDepth:
0 0 0 0 0 0 0 0 0 0 0 0 0 0 0 0 0 0 0 0 0 0 0 0 0 0 0 0 0 0 0 0 0 0 0 2 0 4 1 3 6 9 14 11 19 22 19 34 30 67 74 190 78 134 135 201 145 202 157 156 207 255 250 347 319 344 382 365 449 386 427 419 382 393 361 364 285 214 192 139 125 69 
SAlphaB:
0 0 0 0 0 0 0 0 0 0 0 0 0 0 0 0 0 0 0 0 0 0 0 0 0 0 0 0 0 0 0 0 0 0 0 2 0 4 1 3 6 9 14 11 19 22 19 34 30 67 74 190 78 134 135 201 145 202 157 156 207 255 250 347 319 344 382 365 449 386 427 419 382 393 361 364 285 214 192 139 125 69 

LossDepth:
SAlphaB:
0 0 0 0 0 0 0 0 0 0 0 0 0 0 0 0 0 0 0 0 0 0 0 0 0 0 0 0 0 0 0 0 0 0 0 2 0 4 1 3 6 9 14 11 19 22 19 34 30 67 74 190 78 134 135 201 145 202 157 156 207 255 250 347 319 344 382 365 449 386 427 419 382 393 361 364 285 214 192 139 125 69 

FirstWin:
0 0 0 0 0 0 0 0 0 0 0 0 0 0 0 0 0 0 0 0 0 0 0 0 0 0 0 0 0 0 0 0 0 0 0 2 0 4 0 3 0 9 0 11 0 22 0 34 0 67 0 190 0 134 0 201 0 202 0 156 0 255 0 347 0 344 0 365 0 386 0 419 0 393 0 364 0 214 0 139 0 69 
SAlphaB:
0 0 0 0 0 0 0 0 0 0 0 0 0 0 0 0 0 0 0 0 0 0 0 0 0 0 0 0 0 0 0 0 0 0 0 2 0 4 0 3 0 9 0 11 0 22 0 34 0 67 0 190 0 134 0 201 0 202 0 156 0 255 0 347 0 344 0 365 0 386 0 419 0 393 0 364 0 214 0 139 0 69 

SecondWin:
0 0 0 0 0 0 0 0 0 0 0 0 0 0 0 0 0 0 0 0 0 0 0 0 0 0 0 0 0 0 0 0 0 0 0 0 0 0 1 0 6 0 14 0 19 0 19 0 30 0 74 0 78 0 135 0 145 0 157 0 207 0 250 0 319 0 382 0 449 0 427 0 382 0 361 0 285 0 192 0 125 0 
SAlphaB:
0 0 0 0 0 0 0 0 0 0 0 0 0 0 0 0 0 0 0 0 0 0 0 0 0 0 0 0 0 0 0 0 0 0 0 0 0 0 1 0 6 0 14 0 19 0 19 0 30 0 74 0 78 0 135 0 145 0 157 0 207 0 250 0 319 0 382 0 449 0 427 0 382 0 361 0 285 0 192 0 125 0 
