0 35 73 36 -17 4 12 18

0 23 49 62 -13 0 1 3

0 20 89 99 -13 1 5 16

0 47 72 1 -5 10 32 26

0 43 91 26 -12 4 9 2

0 37 83 89 -20 1 7 24

0 25 83 95 -4 24 34 16

0 45 78 9 -2 1 3 4

0 20 68 22 -14 0 1 2

0 46 58 59 -8 0 4 2

0 62 98 44 -11 16 25 45

0 39 90 34 -12 16 25 49

0 44 77 47 -5 7 28 12

0 42 66 46 -1 5 11 9

0 16 77 99 -17 3 4 13

0 39 56 59 -11 6 11 24

0 16 85 21 -2 5 6 19

0 8 78 23 -7 4 11 4

0 74 89 35 -20 21 27 15

0 87 92 67 -11 12 41 17

0 36 59 73 -17 2 16 14

0 28 37 48 -16 1 2 27

0 18 57 91 -18 1 6 26

0 25 76 97 -9 1 11 28

0 8 51 47 -6 5 14 7

0 14 60 33 -4 0 3 24

0 58 87 77 -20 33 40 10

0 25 37 55 -17 14 19 7

0 48 79 42 -18 0 2 48

0 10 95 82 -5 13 16 21

0 22 41 30 -11 2 14 18

0 37 53 30 -12 22 28 15

0 85 99 46 -15 29 49 33

0 71 79 75 -12 23 40 33

0 17 73 78 -10 0 30 32

0 18 37 80 -11 21 30 4

0 58 68 37 -14 8 14 32

0 90 99 22 -4 0 2 16

0 26 70 57 -13 0 2 30

0 17 60 48 -5 12 45 8

0 27 44 68 -11 4 8 44

0 49 75 35 -7 21 37 49

0 44 58 23 -1 15 19 25

0 40 51 55 -20 13 19 26

0 16 31 71 -16 5 16 0

0 10 47 12 -3 0 4 20

0 17 35 77 -15 1 10 17

0 43 54 40 -11 14 32 40

0 29 39 24 -6 5 26 17

0 39 44 70 -2 15 38 3

0 26 47 33 -14 20 21 26

0 0 48 88 -1 8 14 28

0 20 39 84 -12 18 37 47

0 65 94 74 -8 0 21 41

0 15 51 56 -6 42 45 31

0 51 54 19 -5 15 18 32

0 40 54 17 -11 9 13 44

0 14 36 95 -15 4 15 42

0 33 52 76 -20 12 33 28

0 47 55 61 -12 32 38 7

0 57 62 0 -8 18 20 46

0 24 26 45 -13 28 34 8

0 37 84 27 -6 32 44 47

0 6 12 95 -19 7 16 8

0 40 55 24 -15 6 38 21

0 19 61 0 -15 16 35 10

0 39 51 29 -18 33 39 46

0 36 89 32 -1 0 7 48

0 15 26 36 -7 4 9 40

0 19 31 47 -6 10 44 31

0 66 80 6 -17 26 28 9

0 36 47 68 -4 6 42 48

0 14 26 6 -11 28 31 33

0 3 11 80 -8 43 46 32

0 0 5 85 -10 33 37 43

0 1 4 89 -17 33 36 38

0 1 6 24 -3 15 34 24

0 68 87 93 -6 45 47 33

0 2 46 20 -17 6 7 41

0 9 58 90 -2 4 34 41

0 5 16 13 -2 13 43 21

0 0 3 41 -4 14 28 16

0 8 19 35 -4 16 47 35

0 47 62 2 -4 31 32 48

0 19 29 43 -2 6 38 13

0 2 45 5 -15 39 48 4

0 12 13 7 -13 1 2 19

0 5 35 22 -8 23 28 38

0 4 7 80 -4 2 16 18

0 1 28 26 -19 28 30 22

0 0 3 15 -14 1 8 23

0 1 15 44 -18 2 4 33

0 3 4 89 -15 4 16 0

0 3 13 35 -13 4 25 39

0 6 7 34 -12 1 2 30

0 15 16 37 -17 10 14 30

0 5 15 60 -3 0 6 43

0 1 9 68 -12 2 10 19

0 4 9 6 -1 17 32 38

0 10 19 7 -2 21 35 48


SAlphaB: 668.0, std-dev 258.59406304949164

Earliest win: 37
Latest win: 81

WinDepth:
0 0 0 0 0 0 0 0 0 0 0 0 0 0 0 0 0 0 0 0 0 0 0 0 0 0 0 0 0 0 0 0 0 0 0 0 0 5 2 7 12 15 2 12 11 20 19 44 23 81 71 222 104 131 86 182 146 203 126 199 178 244 288 347 344 310 401 365 429 390 450 357 418 411 371 351 289 293 189 141 88 87 
SAlphaB:
0 0 0 0 0 0 0 0 0 0 0 0 0 0 0 0 0 0 0 0 0 0 0 0 0 0 0 0 0 0 0 0 0 0 0 0 0 5 2 7 12 15 2 12 11 20 19 44 23 81 71 222 104 131 86 182 146 203 126 199 178 244 288 347 344 310 401 365 429 390 450 357 418 411 371 351 289 293 189 141 88 87 

LossDepth:
SAlphaB:
0 0 0 0 0 0 0 0 0 0 0 0 0 0 0 0 0 0 0 0 0 0 0 0 0 0 0 0 0 0 0 0 0 0 0 0 0 5 2 7 12 15 2 12 11 20 19 44 23 81 71 222 104 131 86 182 146 203 126 199 178 244 288 347 344 310 401 365 429 390 450 357 418 411 371 351 289 293 189 141 88 87 

FirstWin:
0 0 0 0 0 0 0 0 0 0 0 0 0 0 0 0 0 0 0 0 0 0 0 0 0 0 0 0 0 0 0 0 0 0 0 0 0 5 0 7 0 15 0 12 0 20 0 44 0 81 0 222 0 131 0 182 0 203 0 199 0 244 0 347 0 310 0 365 0 390 0 357 0 411 0 351 0 293 0 141 0 87 
SAlphaB:
0 0 0 0 0 0 0 0 0 0 0 0 0 0 0 0 0 0 0 0 0 0 0 0 0 0 0 0 0 0 0 0 0 0 0 0 0 5 0 7 0 15 0 12 0 20 0 44 0 81 0 222 0 131 0 182 0 203 0 199 0 244 0 347 0 310 0 365 0 390 0 357 0 411 0 351 0 293 0 141 0 87 

SecondWin:
0 0 0 0 0 0 0 0 0 0 0 0 0 0 0 0 0 0 0 0 0 0 0 0 0 0 0 0 0 0 0 0 0 0 0 0 0 0 2 0 12 0 2 0 11 0 19 0 23 0 71 0 104 0 86 0 146 0 126 0 178 0 288 0 344 0 401 0 429 0 450 0 418 0 371 0 289 0 189 0 88 0 
SAlphaB:
0 0 0 0 0 0 0 0 0 0 0 0 0 0 0 0 0 0 0 0 0 0 0 0 0 0 0 0 0 0 0 0 0 0 0 0 0 0 2 0 12 0 2 0 11 0 19 0 23 0 71 0 104 0 86 0 146 0 126 0 178 0 288 0 344 0 401 0 429 0 450 0 418 0 371 0 289 0 189 0 88 0 
