0 40 65 70 -5 5 24 13

0 54 81 54 -2 3 31 3

0 45 66 54 -11 1 15 13

0 25 31 87 -15 13 35 37

0 61 64 78 -17 4 25 9

0 26 35 76 -13 4 6 12

0 20 33 54 -13 8 17 8

0 32 42 19 -10 1 8 16

0 38 69 27 -13 5 7 36

0 43 75 38 -13 0 1 20

0 74 99 91 -7 15 45 39

0 31 97 64 -3 1 44 26

0 26 54 52 -19 20 31 32

0 23 81 21 -1 7 11 30

0 56 68 89 -4 1 31 26

0 14 51 73 -16 17 35 39

0 58 59 87 -8 8 17 41

0 50 54 1 -18 3 4 18

0 16 76 83 -16 12 46 23

0 38 40 50 -14 8 31 40

0 82 83 6 -3 1 2 13

0 42 49 60 -12 3 6 30

0 82 98 88 -20 6 10 44

0 9 39 50 -13 12 28 18

0 3 51 73 -11 0 25 4

0 48 56 17 -11 11 24 17

0 46 57 7 -3 7 45 31

0 66 70 54 -18 1 7 3

0 15 29 23 -14 1 5 21

0 45 57 92 -4 10 20 49

0 2 54 79 -11 0 28 1

0 17 31 27 -6 1 4 29

0 22 40 55 -20 1 12 32

0 75 79 83 -17 18 28 46

0 11 55 84 -15 0 28 36

0 10 76 73 -19 21 25 25

0 13 75 67 -20 8 25 38

0 27 63 19 -5 7 15 49

0 27 88 82 -15 21 31 43

0 16 50 4 -2 26 40 6

0 61 98 82 -4 25 38 5

0 3 58 46 -3 15 16 11

0 6 33 25 -10 17 21 9

0 3 41 97 -10 9 11 26

0 41 45 16 -15 1 39 19

0 3 57 65 -13 1 2 38

0 37 88 4 -6 10 32 45

0 2 60 34 -11 0 4 15

0 22 25 25 -17 16 32 7

0 52 80 19 -9 26 33 47

0 45 78 87 -20 20 30 10

0 40 41 28 -13 0 21 22

0 17 70 83 -13 4 18 0

0 18 20 8 -10 13 18 27

0 11 44 92 -10 8 10 39

0 47 69 83 -13 18 24 40

0 6 36 87 -4 2 6 47

0 15 57 15 -1 1 44 3

0 36 88 27 -3 28 40 11

0 18 35 15 -10 2 4 38

0 19 25 44 -13 0 24 28

0 27 28 89 -14 10 12 49

0 8 49 78 -2 42 46 36

0 9 44 39 -2 8 42 2

0 1 3 30 -13 0 2 13

0 7 57 14 -13 18 24 29

0 16 18 5 -3 3 39 28

0 0 26 49 -15 7 24 29

0 9 31 69 -13 2 21 21

0 3 5 81 -19 3 8 30

0 4 21 7 -7 28 31 9

0 17 41 24 -19 19 42 6

0 15 19 34 -5 8 21 27

0 40 45 14 -5 13 36 44

0 27 50 90 -6 17 47 12

0 2 23 90 -8 1 6 13

0 3 7 56 -14 6 18 3

0 24 33 27 -12 11 16 26

0 21 25 35 -2 2 9 35

0 0 1 17 -19 25 26 38

0 6 31 26 -20 35 40 3

0 11 18 60 -9 22 31 39

0 44 64 6 -12 22 31 42

0 5 19 10 -6 15 48 8

0 9 70 0 -2 14 19 46

0 30 36 24 -1 27 43 33

0 7 52 81 -12 3 44 19

0 5 71 46 -20 10 35 45

0 3 4 14 -12 14 38 37

0 0 1 78 -2 27 29 3

0 5 8 39 -13 2 6 25

0 1 5 92 -13 7 17 41

0 0 3 42 -15 12 24 37

0 0 1 36 -15 0 6 45

0 9 36 23 -9 4 30 48

0 5 10 79 -10 30 32 21

0 3 10 72 -3 32 34 11

0 5 6 31 -15 17 40 21

0 2 4 90 -11 3 17 20

0 3 4 12 -8 20 29 2


SAlphaB: 694.0, std-dev 248.47071428759136

Earliest win: 37
Latest win: 81

WinDepth:
0 0 0 0 0 0 0 0 0 0 0 0 0 0 0 0 0 0 0 0 0 0 0 0 0 0 0 0 0 0 0 0 0 0 0 0 0 2 0 0 0 4 1 21 9 24 15 23 37 78 61 210 74 127 97 199 123 176 142 179 152 228 264 307 359 351 396 401 421 390 450 424 433 406 429 352 281 253 187 135 109 68 
SAlphaB:
0 0 0 0 0 0 0 0 0 0 0 0 0 0 0 0 0 0 0 0 0 0 0 0 0 0 0 0 0 0 0 0 0 0 0 0 0 2 0 0 0 4 1 21 9 24 15 23 37 78 61 210 74 127 97 199 123 176 142 179 152 228 264 307 359 351 396 401 421 390 450 424 433 406 429 352 281 253 187 135 109 68 

LossDepth:
SAlphaB:
0 0 0 0 0 0 0 0 0 0 0 0 0 0 0 0 0 0 0 0 0 0 0 0 0 0 0 0 0 0 0 0 0 0 0 0 0 2 0 0 0 4 1 21 9 24 15 23 37 78 61 210 74 127 97 199 123 176 142 179 152 228 264 307 359 351 396 401 421 390 450 424 433 406 429 352 281 253 187 135 109 68 

FirstWin:
0 0 0 0 0 0 0 0 0 0 0 0 0 0 0 0 0 0 0 0 0 0 0 0 0 0 0 0 0 0 0 0 0 0 0 0 0 2 0 0 0 4 0 21 0 24 0 23 0 78 0 210 0 127 0 199 0 176 0 179 0 228 0 307 0 351 0 401 0 390 0 424 0 406 0 352 0 253 0 135 0 68 
SAlphaB:
0 0 0 0 0 0 0 0 0 0 0 0 0 0 0 0 0 0 0 0 0 0 0 0 0 0 0 0 0 0 0 0 0 0 0 0 0 2 0 0 0 4 0 21 0 24 0 23 0 78 0 210 0 127 0 199 0 176 0 179 0 228 0 307 0 351 0 401 0 390 0 424 0 406 0 352 0 253 0 135 0 68 

SecondWin:
0 0 0 0 0 0 0 0 0 0 0 0 0 0 0 0 0 0 0 0 0 0 0 0 0 0 0 0 0 0 0 0 0 0 0 0 0 0 0 0 0 0 1 0 9 0 15 0 37 0 61 0 74 0 97 0 123 0 142 0 152 0 264 0 359 0 396 0 421 0 450 0 433 0 429 0 281 0 187 0 109 0 
SAlphaB:
0 0 0 0 0 0 0 0 0 0 0 0 0 0 0 0 0 0 0 0 0 0 0 0 0 0 0 0 0 0 0 0 0 0 0 0 0 0 0 0 0 0 1 0 9 0 15 0 37 0 61 0 74 0 97 0 123 0 142 0 152 0 264 0 359 0 396 0 421 0 450 0 433 0 429 0 281 0 187 0 109 0 
