0 38 92 28 -4 3 8 11

0 36 74 75 -6 3 22 18

0 40 53 95 -19 8 22 20

0 30 66 74 -3 7 17 29

0 12 50 34 -9 1 9 6

0 24 42 62 -9 2 7 23

0 57 64 25 -3 5 15 24

0 42 56 64 -16 0 1 6

0 52 90 51 -16 6 30 47

0 7 36 68 -8 11 21 6

0 7 51 69 -10 0 8 8

0 56 92 52 -20 1 22 31

0 2 14 36 -12 0 1 5

0 36 41 49 -10 5 22 42

0 24 96 61 -9 9 35 34

0 20 68 16 -14 1 20 16

0 9 55 53 -14 0 19 25

0 52 69 23 -16 4 9 35

0 36 43 19 -10 10 14 10

0 44 59 29 -3 9 14 46

0 12 53 72 -10 6 12 47

0 47 68 61 -9 8 20 39

0 33 44 78 -6 38 39 10

0 20 52 65 -16 28 30 16

0 50 88 7 -8 17 23 43

0 21 31 83 -9 21 41 10

0 63 64 50 -11 14 38 41

0 15 19 50 -2 4 15 28

0 30 41 64 -2 21 33 24

0 28 63 97 -13 1 2 26

0 15 68 44 -6 44 48 41

0 60 78 77 -1 24 26 6

0 33 64 8 -1 2 7 25

0 11 44 59 -2 2 3 23

0 18 99 56 -9 34 35 13

0 52 56 41 -6 11 14 6

0 57 78 0 -4 0 1 15

0 41 96 53 -15 15 28 24

0 22 26 88 -13 5 15 4

0 12 20 94 -1 30 35 10

0 7 69 52 -14 12 20 20

0 1 99 83 -18 40 45 45

0 12 79 22 -16 2 24 3

0 40 80 5 -3 8 44 24

0 2 46 14 -10 0 1 15

0 0 63 39 -14 14 20 11

0 98 99 78 -9 27 40 13

0 34 78 51 -12 19 32 28

0 52 53 6 -7 6 22 40

0 19 85 0 -9 17 38 30

0 36 46 34 -6 3 24 44

0 18 21 38 -1 0 7 11

0 59 78 32 -19 42 45 25

0 42 65 17 -8 1 41 36

0 5 67 64 -16 6 11 25

0 20 31 79 -1 5 21 24

0 19 66 18 -16 15 43 37

0 2 86 90 -6 0 2 10

0 35 70 39 -20 5 45 13

0 3 49 8 -14 6 10 27

0 63 66 84 -8 29 44 43

0 25 35 48 -4 11 17 16

0 7 91 58 -10 38 45 1

0 10 12 58 -8 7 29 1

0 1 24 79 -20 30 34 34

0 13 49 16 -14 20 44 19

0 5 25 33 -15 3 4 11

0 24 79 95 -12 14 20 22

0 5 75 87 -1 14 27 40

0 0 12 66 -18 1 36 16

0 30 78 66 -5 16 48 38

0 52 86 5 -19 3 46 9

0 16 30 38 -7 23 40 23

0 34 78 63 -19 18 20 1

0 13 15 19 -15 40 44 3

0 20 28 89 -13 9 16 34

0 0 13 22 -13 1 34 11

0 0 7 65 -11 15 31 16

0 4 13 37 -5 16 36 7

0 5 7 64 -13 0 7 34

0 3 23 40 -10 11 45 42

0 6 14 83 -20 8 41 9

0 26 33 41 -14 18 40 12

0 7 40 64 -1 0 12 41

0 6 21 83 -15 12 22 40

0 18 29 43 -13 7 9 43

0 6 21 46 -4 14 30 27

0 4 7 3 -16 2 23 3

0 16 18 75 -20 1 42 44

0 0 14 5 -6 34 48 10

0 1 5 20 -10 10 20 35

0 0 6 60 -7 5 10 45

0 0 1 67 -8 32 45 43

0 0 30 72 -5 1 6 20

0 8 11 23 -5 31 37 47

0 4 7 36 -5 24 30 0

0 3 4 55 -12 4 27 28

0 0 6 66 -15 16 27 46

0 6 25 18 -1 17 21 43

0 2 9 54 -3 1 2 49


SAlphaB: 695.0, std-dev 255.8177994494353

Earliest win: 38
Latest win: 81

WinDepth:
0 0 0 0 0 0 0 0 0 0 0 0 0 0 0 0 0 0 0 0 0 0 0 0 0 0 0 0 0 0 0 0 0 0 0 0 0 0 1 2 24 10 3 8 7 23 17 32 24 90 61 174 91 140 106 152 121 188 113 156 171 258 234 295 303 374 381 397 431 431 483 489 409 389 422 365 272 255 186 144 102 80 
SAlphaB:
0 0 0 0 0 0 0 0 0 0 0 0 0 0 0 0 0 0 0 0 0 0 0 0 0 0 0 0 0 0 0 0 0 0 0 0 0 0 1 2 24 10 3 8 7 23 17 32 24 90 61 174 91 140 106 152 121 188 113 156 171 258 234 295 303 374 381 397 431 431 483 489 409 389 422 365 272 255 186 144 102 80 

LossDepth:
SAlphaB:
0 0 0 0 0 0 0 0 0 0 0 0 0 0 0 0 0 0 0 0 0 0 0 0 0 0 0 0 0 0 0 0 0 0 0 0 0 0 1 2 24 10 3 8 7 23 17 32 24 90 61 174 91 140 106 152 121 188 113 156 171 258 234 295 303 374 381 397 431 431 483 489 409 389 422 365 272 255 186 144 102 80 

FirstWin:
0 0 0 0 0 0 0 0 0 0 0 0 0 0 0 0 0 0 0 0 0 0 0 0 0 0 0 0 0 0 0 0 0 0 0 0 0 0 0 2 0 10 0 8 0 23 0 32 0 90 0 174 0 140 0 152 0 188 0 156 0 258 0 295 0 374 0 397 0 431 0 489 0 389 0 365 0 255 0 144 0 80 
SAlphaB:
0 0 0 0 0 0 0 0 0 0 0 0 0 0 0 0 0 0 0 0 0 0 0 0 0 0 0 0 0 0 0 0 0 0 0 0 0 0 0 2 0 10 0 8 0 23 0 32 0 90 0 174 0 140 0 152 0 188 0 156 0 258 0 295 0 374 0 397 0 431 0 489 0 389 0 365 0 255 0 144 0 80 

SecondWin:
0 0 0 0 0 0 0 0 0 0 0 0 0 0 0 0 0 0 0 0 0 0 0 0 0 0 0 0 0 0 0 0 0 0 0 0 0 0 1 0 24 0 3 0 7 0 17 0 24 0 61 0 91 0 106 0 121 0 113 0 171 0 234 0 303 0 381 0 431 0 483 0 409 0 422 0 272 0 186 0 102 0 
SAlphaB:
0 0 0 0 0 0 0 0 0 0 0 0 0 0 0 0 0 0 0 0 0 0 0 0 0 0 0 0 0 0 0 0 0 0 0 0 0 0 1 0 24 0 3 0 7 0 17 0 24 0 61 0 91 0 106 0 121 0 113 0 171 0 234 0 303 0 381 0 431 0 483 0 409 0 422 0 272 0 186 0 102 0 
