0 18 55 14 -6 2 3 5

0 33 64 83 -20 4 9 0

0 46 84 33 -16 0 8 4

0 60 98 18 -15 0 24 27

0 33 80 30 -7 9 12 17

0 84 99 17 -12 5 49 9

0 23 27 1 -6 0 6 16

0 40 76 65 -7 0 30 16

0 25 76 37 -1 0 17 26

0 22 75 7 -1 0 20 30

0 56 65 52 -2 17 40 19

0 81 98 55 -9 4 10 6

0 65 68 52 -16 4 13 17

0 68 95 3 -10 3 4 12

0 51 80 67 -4 2 4 21

0 39 91 38 -5 15 22 49

0 48 98 10 -1 14 40 0

0 45 77 95 -11 0 2 1

0 28 53 55 -17 38 42 13

0 14 15 30 -14 14 16 21

0 69 90 39 -19 19 25 28

0 46 51 49 -17 7 41 10

0 34 60 10 -11 1 10 36

0 82 85 91 -3 16 32 46

0 87 95 85 -3 1 3 13

0 48 72 35 -9 9 29 48

0 5 55 41 -17 24 27 22

0 33 49 32 -19 9 20 20

0 79 91 73 -9 26 41 28

0 45 81 64 -17 14 38 16

0 54 55 66 -9 11 47 3

0 33 72 63 -3 5 29 43

0 37 38 68 -12 20 43 38

0 23 30 9 -16 6 23 36

0 8 99 32 -15 9 27 48

0 53 54 62 -18 6 13 38

0 68 88 0 -14 6 13 38

0 11 47 67 -19 18 21 26

0 16 43 67 -8 1 16 13

0 29 49 47 -6 36 43 35

0 66 80 18 -18 15 38 38

0 2 15 67 -14 2 3 12

0 17 71 46 -10 36 48 36

0 1 83 14 -2 0 4 22

0 82 97 95 -13 29 38 17

0 5 18 93 -2 34 36 32

0 5 90 9 -19 0 20 19

0 27 39 16 -17 6 12 4

0 46 62 13 -7 15 49 9

0 49 77 11 -2 18 27 46

0 50 91 86 -11 26 41 32

0 43 74 20 -13 20 44 4

0 22 23 75 -11 37 40 8

0 35 50 96 -8 28 40 42

0 41 54 39 -4 5 49 18

0 41 63 1 -5 16 29 29

0 3 47 82 -15 0 1 44

0 15 48 52 -17 8 25 35

0 34 95 51 -6 25 39 37

0 8 19 51 -8 9 15 15

0 2 52 14 -17 3 13 39

0 31 50 80 -3 3 25 27

0 53 81 0 -14 33 43 30

0 2 49 64 -15 23 37 27

0 32 36 33 -11 14 19 32

0 11 36 97 -14 19 41 2

0 17 79 96 -20 2 25 15

0 36 42 25 -10 14 35 37

0 40 80 90 -4 46 49 37

0 3 21 97 -13 0 8 6

0 21 39 66 -19 29 43 41

0 9 59 7 -7 0 20 35

0 3 25 84 -15 31 33 45

0 17 22 53 -3 12 43 22

0 23 35 54 -2 1 43 29

0 81 93 88 -10 38 49 36

0 1 3 43 -5 21 43 11

0 96 98 6 -2 0 5 41

0 29 45 42 -9 19 36 42

0 32 38 99 -20 5 47 31

0 1 5 85 -20 39 44 12

0 6 31 38 -18 30 38 35

0 8 25 94 -3 0 49 27

0 26 80 9 -6 36 46 11

0 5 13 35 -19 3 44 15

0 0 16 5 -11 4 39 15

0 10 14 38 -13 3 37 18

0 5 46 2 -19 16 23 3

0 10 21 11 -17 10 47 39

0 0 6 80 -4 9 36 46

0 0 17 45 -8 20 31 24

0 4 7 3 -14 3 5 7

0 0 8 85 -2 27 35 34

0 4 8 63 -18 0 19 22

0 19 47 46 -1 24 32 45

0 6 18 80 -11 0 30 22

0 9 13 2 -19 13 31 44

0 2 8 38 -13 21 40 38

0 5 15 96 -1 0 13 46

0 0 2 89 -8 6 21 2


SAlphaB: 692.0, std-dev 258.89991036278593

Earliest win: 36
Latest win: 81

WinDepth:
0 0 0 0 0 0 0 0 0 0 0 0 0 0 0 0 0 0 0 0 0 0 0 0 0 0 0 0 0 0 0 0 0 0 0 0 1 6 0 7 8 3 1 9 7 43 11 23 10 92 57 164 83 106 90 151 111 206 150 177 171 272 200 334 300 404 409 420 400 428 424 445 390 427 398 370 248 227 181 132 119 85 
SAlphaB:
0 0 0 0 0 0 0 0 0 0 0 0 0 0 0 0 0 0 0 0 0 0 0 0 0 0 0 0 0 0 0 0 0 0 0 0 1 6 0 7 8 3 1 9 7 43 11 23 10 92 57 164 83 106 90 151 111 206 150 177 171 272 200 334 300 404 409 420 400 428 424 445 390 427 398 370 248 227 181 132 119 85 

LossDepth:
SAlphaB:
0 0 0 0 0 0 0 0 0 0 0 0 0 0 0 0 0 0 0 0 0 0 0 0 0 0 0 0 0 0 0 0 0 0 0 0 1 6 0 7 8 3 1 9 7 43 11 23 10 92 57 164 83 106 90 151 111 206 150 177 171 272 200 334 300 404 409 420 400 428 424 445 390 427 398 370 248 227 181 132 119 85 

FirstWin:
0 0 0 0 0 0 0 0 0 0 0 0 0 0 0 0 0 0 0 0 0 0 0 0 0 0 0 0 0 0 0 0 0 0 0 0 0 6 0 7 0 3 0 9 0 43 0 23 0 92 0 164 0 106 0 151 0 206 0 177 0 272 0 334 0 404 0 420 0 428 0 445 0 427 0 370 0 227 0 132 0 85 
SAlphaB:
0 0 0 0 0 0 0 0 0 0 0 0 0 0 0 0 0 0 0 0 0 0 0 0 0 0 0 0 0 0 0 0 0 0 0 0 0 6 0 7 0 3 0 9 0 43 0 23 0 92 0 164 0 106 0 151 0 206 0 177 0 272 0 334 0 404 0 420 0 428 0 445 0 427 0 370 0 227 0 132 0 85 

SecondWin:
0 0 0 0 0 0 0 0 0 0 0 0 0 0 0 0 0 0 0 0 0 0 0 0 0 0 0 0 0 0 0 0 0 0 0 0 1 0 0 0 8 0 1 0 7 0 11 0 10 0 57 0 83 0 90 0 111 0 150 0 171 0 200 0 300 0 409 0 400 0 424 0 390 0 398 0 248 0 181 0 119 0 
SAlphaB:
0 0 0 0 0 0 0 0 0 0 0 0 0 0 0 0 0 0 0 0 0 0 0 0 0 0 0 0 0 0 0 0 0 0 0 0 1 0 0 0 8 0 1 0 7 0 11 0 10 0 57 0 83 0 90 0 111 0 150 0 171 0 200 0 300 0 409 0 400 0 424 0 390 0 398 0 248 0 181 0 119 0 
