0 61 90 41 -12 6 19 18

0 25 44 66 -5 4 15 5

0 46 95 53 -9 13 32 10

0 44 91 88 -11 6 29 34

0 64 72 84 -11 17 22 14

0 64 67 40 -12 18 42 21

0 53 57 45 -2 2 9 8

0 38 46 44 -17 28 37 23

0 33 95 9 -3 17 40 2

0 58 89 58 -20 10 30 36

0 16 71 76 -9 1 2 17

0 73 83 18 -7 8 18 12

0 44 55 79 -13 1 17 30

0 10 35 91 -6 20 30 6

0 47 75 4 -10 3 7 7

0 11 12 53 -3 6 14 13

0 51 77 0 -20 0 1 20

0 36 82 67 -1 22 26 42

0 9 42 14 -17 11 25 19

0 26 33 10 -3 2 9 10

0 81 91 57 -11 13 23 8

0 31 36 86 -9 12 39 17

0 10 17 74 -3 1 6 4

0 0 69 68 -3 4 5 3

0 6 73 66 -6 14 34 10

0 28 51 34 -12 2 25 26

0 53 66 25 -8 33 41 18

0 15 68 46 -10 0 9 49

0 27 58 86 -15 10 31 5

0 25 32 55 -12 13 33 30

0 40 57 86 -13 6 7 34

0 7 53 48 -13 8 33 9

0 59 80 93 -14 7 11 34

0 36 74 90 -20 31 34 36

0 18 89 2 -1 8 36 41

0 54 67 56 -13 0 48 31

0 34 67 22 -1 27 35 7

0 2 39 11 -15 0 13 17

0 15 80 21 -1 6 36 32

0 16 24 10 -20 0 2 38

0 42 57 48 -11 1 23 34

0 23 38 26 -1 25 44 9

0 18 89 20 -15 3 24 40

0 15 44 17 -1 44 47 17

0 6 47 70 -11 32 39 37

0 15 60 41 -20 31 41 38

0 9 20 40 -2 35 40 36

0 56 70 81 -3 26 38 28

0 30 33 84 -11 15 26 38

0 1 48 4 -18 3 28 3

0 19 40 92 -3 17 43 30

0 12 36 98 -3 30 49 47

0 9 48 11 -9 7 26 31

0 32 91 54 -5 42 46 33

0 37 65 58 -1 23 26 38

0 17 30 86 -3 1 19 15

0 8 62 20 -11 5 8 2

0 3 72 44 -14 2 8 27

0 15 28 45 -3 28 44 14

0 11 12 77 -13 0 3 22

0 9 53 34 -6 14 45 20

0 3 88 44 -18 1 4 16

0 4 9 38 -15 38 49 13

0 23 47 22 -16 6 26 37

0 14 82 40 -7 23 40 28

0 20 22 67 -11 8 30 14

0 9 23 1 -12 4 21 6

0 7 40 9 -20 11 37 20

0 1 90 61 -14 2 8 35

0 1 48 37 -5 9 37 12

0 35 47 82 -20 33 35 29

0 5 89 8 -10 5 13 28

0 18 49 13 -6 13 28 41

0 2 4 3 -6 4 20 12

0 40 59 81 -20 18 25 21

0 18 59 40 -3 14 24 48

0 3 9 59 -10 29 40 0

0 10 47 62 -14 8 36 33

0 2 3 66 -10 16 23 28

0 0 8 79 -3 0 11 1

0 0 5 38 -19 2 5 28

0 1 14 97 -19 20 30 42

0 22 34 60 -2 11 47 12

0 26 39 36 -20 13 18 39

0 21 28 18 -20 13 20 43

0 3 4 97 -11 38 45 8

0 5 14 72 -13 13 43 36

0 15 43 80 -2 10 17 40

0 67 69 16 -18 24 47 12

0 14 44 5 -8 36 49 32

0 4 86 13 -13 20 32 25

0 15 28 78 -3 15 44 47

0 0 2 60 -8 27 46 19

0 5 17 90 -15 38 45 4

0 11 20 78 -15 22 28 5

0 6 8 13 -10 24 31 36

0 4 7 53 -8 2 3 30

0 1 3 32 -9 12 15 1

0 0 6 5 -10 0 14 40

0 13 16 19 -8 3 16 41


SAlphaB: 690.0, std-dev 254.82971458278453

Earliest win: 37
Latest win: 81

WinDepth:
0 0 0 0 0 0 0 0 0 0 0 0 0 0 0 0 0 0 0 0 0 0 0 0 0 0 0 0 0 0 0 0 0 0 0 0 0 5 0 0 1 1 2 23 7 14 27 19 36 61 58 180 125 125 100 164 130 179 111 196 150 211 219 306 370 302 433 388 446 413 472 455 454 390 406 343 286 244 182 141 89 79 
SAlphaB:
0 0 0 0 0 0 0 0 0 0 0 0 0 0 0 0 0 0 0 0 0 0 0 0 0 0 0 0 0 0 0 0 0 0 0 0 0 5 0 0 1 1 2 23 7 14 27 19 36 61 58 180 125 125 100 164 130 179 111 196 150 211 219 306 370 302 433 388 446 413 472 455 454 390 406 343 286 244 182 141 89 79 

LossDepth:
SAlphaB:
0 0 0 0 0 0 0 0 0 0 0 0 0 0 0 0 0 0 0 0 0 0 0 0 0 0 0 0 0 0 0 0 0 0 0 0 0 5 0 0 1 1 2 23 7 14 27 19 36 61 58 180 125 125 100 164 130 179 111 196 150 211 219 306 370 302 433 388 446 413 472 455 454 390 406 343 286 244 182 141 89 79 

FirstWin:
0 0 0 0 0 0 0 0 0 0 0 0 0 0 0 0 0 0 0 0 0 0 0 0 0 0 0 0 0 0 0 0 0 0 0 0 0 5 0 0 0 1 0 23 0 14 0 19 0 61 0 180 0 125 0 164 0 179 0 196 0 211 0 306 0 302 0 388 0 413 0 455 0 390 0 343 0 244 0 141 0 79 
SAlphaB:
0 0 0 0 0 0 0 0 0 0 0 0 0 0 0 0 0 0 0 0 0 0 0 0 0 0 0 0 0 0 0 0 0 0 0 0 0 5 0 0 0 1 0 23 0 14 0 19 0 61 0 180 0 125 0 164 0 179 0 196 0 211 0 306 0 302 0 388 0 413 0 455 0 390 0 343 0 244 0 141 0 79 

SecondWin:
0 0 0 0 0 0 0 0 0 0 0 0 0 0 0 0 0 0 0 0 0 0 0 0 0 0 0 0 0 0 0 0 0 0 0 0 0 0 0 0 1 0 2 0 7 0 27 0 36 0 58 0 125 0 100 0 130 0 111 0 150 0 219 0 370 0 433 0 446 0 472 0 454 0 406 0 286 0 182 0 89 0 
SAlphaB:
0 0 0 0 0 0 0 0 0 0 0 0 0 0 0 0 0 0 0 0 0 0 0 0 0 0 0 0 0 0 0 0 0 0 0 0 0 0 0 0 1 0 2 0 7 0 27 0 36 0 58 0 125 0 100 0 130 0 111 0 150 0 219 0 370 0 433 0 446 0 472 0 454 0 406 0 286 0 182 0 89 0 
