0 15 73 12 -8 5 9 16

0 36 95 60 -12 10 19 45

0 48 75 15 -18 1 12 36

0 30 91 23 -8 2 24 27

0 31 64 92 -12 14 36 23

0 15 95 88 -16 35 41 31

0 45 60 46 -4 6 32 19

0 17 60 48 -10 3 4 5

0 24 68 8 -7 3 18 40

0 59 80 24 -19 6 14 35

0 74 89 75 -2 19 33 6

0 16 77 81 -15 0 26 14

0 22 34 89 -13 25 29 24

0 70 79 9 -7 8 28 37

0 48 55 77 -5 24 49 30

0 35 55 93 -4 2 12 33

0 43 70 85 -11 11 29 46

0 1 73 95 -11 23 30 33

0 45 56 99 -17 0 14 27

0 43 99 97 -2 1 2 23

0 3 97 20 -14 8 38 37

0 21 56 20 -20 8 25 35

0 41 83 9 -18 1 23 25

0 1 60 88 -10 12 18 32

0 10 95 1 -12 5 46 18

0 89 96 20 -5 2 37 33

0 32 81 86 -3 21 34 18

0 25 50 25 -20 5 10 16

0 37 61 48 -13 27 38 29

0 42 67 93 -16 8 11 42

0 22 49 5 -17 21 44 36

0 3 45 4 -14 3 8 19

0 48 50 32 -9 13 28 39

0 70 97 48 -17 24 42 33

0 24 25 76 -5 37 48 32

0 62 83 61 -4 6 7 41

0 11 56 68 -6 36 49 44

0 41 87 23 -15 1 26 25

0 7 41 71 -1 5 13 41

0 26 30 21 -9 38 43 39

0 33 35 76 -2 42 46 5

0 11 43 73 -14 24 26 17

0 5 57 58 -8 5 13 31

0 8 20 98 -14 7 16 18

0 5 30 40 -10 2 7 26

0 2 15 72 -11 11 21 40

0 43 59 71 -6 0 40 16

0 75 78 61 -18 33 41 41

0 25 31 17 -15 2 31 16

0 0 1 77 -4 13 15 11

0 7 19 74 -11 19 33 8

0 65 80 75 -17 43 46 9

0 11 48 6 -2 10 45 16

0 49 66 98 -3 4 5 32

0 1 2 27 -9 0 1 15

0 24 25 40 -6 38 41 24

0 8 41 28 -19 10 20 6

0 44 75 97 -20 27 35 28

0 11 12 31 -7 21 38 15

0 50 90 24 -1 43 48 32

0 36 40 58 -19 0 18 46

0 15 49 46 -7 11 14 32

0 10 12 86 -12 0 22 44

0 1 19 64 -3 8 9 21

0 10 80 8 -11 37 38 44

0 37 96 55 -13 39 47 19

0 2 26 5 -15 2 8 20

0 27 88 40 -20 17 25 36

0 34 47 68 -3 3 27 43

0 56 86 17 -1 35 38 10

0 1 36 22 -13 2 17 3

0 0 5 53 -5 9 14 32

0 24 40 37 -8 39 44 40

0 25 27 84 -2 24 41 17

0 20 49 51 -4 38 49 46

0 6 27 49 -4 8 11 27

0 8 11 10 -19 9 33 0

0 9 13 21 -9 1 12 24

0 17 48 19 -16 10 18 39

0 3 4 99 -4 17 19 24

0 5 9 97 -6 15 47 45

0 3 4 13 -8 4 29 2

0 6 17 64 -15 47 49 4

0 18 22 64 -20 21 30 5

0 0 2 30 -16 4 7 19

0 60 63 59 -7 33 47 8

0 20 21 30 -5 0 8 35

0 3 8 3 -18 14 32 34

0 0 4 1 -18 5 12 3

0 4 5 82 -16 30 49 38

0 0 3 29 -6 6 22 12

0 11 17 35 -12 19 30 46

0 1 16 83 -18 0 30 20

0 9 13 77 -6 20 49 44

0 1 3 31 -19 1 2 1

0 9 16 45 -11 1 46 44

0 3 14 89 -6 20 25 2

0 0 18 20 -1 14 17 49

0 5 9 60 -2 3 14 37

0 6 16 37 -5 2 20 39


SAlphaB: 695.0, std-dev 259.66369489099634

Earliest win: 36
Latest win: 81

WinDepth:
0 0 0 0 0 0 0 0 0 0 0 0 0 0 0 0 0 0 0 0 0 0 0 0 0 0 0 0 0 0 0 0 0 0 0 0 1 4 0 9 3 2 3 8 12 11 13 29 73 81 84 164 141 99 68 180 141 196 144 166 175 237 270 315 296 346 420 398 454 411 433 419 445 417 384 350 265 281 161 137 107 73 
SAlphaB:
0 0 0 0 0 0 0 0 0 0 0 0 0 0 0 0 0 0 0 0 0 0 0 0 0 0 0 0 0 0 0 0 0 0 0 0 1 4 0 9 3 2 3 8 12 11 13 29 73 81 84 164 141 99 68 180 141 196 144 166 175 237 270 315 296 346 420 398 454 411 433 419 445 417 384 350 265 281 161 137 107 73 

LossDepth:
SAlphaB:
0 0 0 0 0 0 0 0 0 0 0 0 0 0 0 0 0 0 0 0 0 0 0 0 0 0 0 0 0 0 0 0 0 0 0 0 1 4 0 9 3 2 3 8 12 11 13 29 73 81 84 164 141 99 68 180 141 196 144 166 175 237 270 315 296 346 420 398 454 411 433 419 445 417 384 350 265 281 161 137 107 73 

FirstWin:
0 0 0 0 0 0 0 0 0 0 0 0 0 0 0 0 0 0 0 0 0 0 0 0 0 0 0 0 0 0 0 0 0 0 0 0 0 4 0 9 0 2 0 8 0 11 0 29 0 81 0 164 0 99 0 180 0 196 0 166 0 237 0 315 0 346 0 398 0 411 0 419 0 417 0 350 0 281 0 137 0 73 
SAlphaB:
0 0 0 0 0 0 0 0 0 0 0 0 0 0 0 0 0 0 0 0 0 0 0 0 0 0 0 0 0 0 0 0 0 0 0 0 0 4 0 9 0 2 0 8 0 11 0 29 0 81 0 164 0 99 0 180 0 196 0 166 0 237 0 315 0 346 0 398 0 411 0 419 0 417 0 350 0 281 0 137 0 73 

SecondWin:
0 0 0 0 0 0 0 0 0 0 0 0 0 0 0 0 0 0 0 0 0 0 0 0 0 0 0 0 0 0 0 0 0 0 0 0 1 0 0 0 3 0 3 0 12 0 13 0 73 0 84 0 141 0 68 0 141 0 144 0 175 0 270 0 296 0 420 0 454 0 433 0 445 0 384 0 265 0 161 0 107 0 
SAlphaB:
0 0 0 0 0 0 0 0 0 0 0 0 0 0 0 0 0 0 0 0 0 0 0 0 0 0 0 0 0 0 0 0 0 0 0 0 1 0 0 0 3 0 3 0 12 0 13 0 73 0 84 0 141 0 68 0 141 0 144 0 175 0 270 0 296 0 420 0 454 0 433 0 445 0 384 0 265 0 161 0 107 0 
