0 29 99 30 -3 4 11 3

0 62 94 28 -10 0 22 7

0 66 99 0 -13 6 17 18

0 35 84 6 -17 6 13 14

0 36 55 71 -19 0 4 9

0 46 61 70 -4 9 32 40

0 23 55 35 -10 10 13 27

0 50 89 28 -2 8 38 7

0 30 73 94 -4 1 2 4

0 42 75 84 -3 17 34 43

0 15 62 50 -12 13 19 6

0 37 85 64 -11 11 26 40

0 42 81 94 -18 0 10 43

0 31 90 28 -16 6 23 16

0 73 80 3 -7 1 39 14

0 35 57 37 -9 15 49 49

0 55 84 74 -17 4 17 3

0 63 75 1 -19 11 34 1

0 35 47 25 -10 3 23 24

0 17 73 20 -9 4 7 36

0 26 62 82 -15 4 23 27

0 21 86 23 -9 14 18 48

0 55 62 59 -3 19 33 12

0 19 77 44 -12 7 9 42

0 21 57 42 -8 6 17 29

0 2 27 71 -14 17 28 10

0 11 35 70 -6 22 46 37

0 17 43 92 -11 7 12 18

0 42 69 51 -18 11 27 10

0 3 63 28 -8 17 32 1

0 18 86 44 -15 6 45 23

0 74 90 2 -12 21 23 30

0 15 52 1 -20 7 12 17

0 73 77 55 -12 0 8 25

0 32 43 53 -19 7 8 20

0 57 75 18 -9 1 20 40

0 17 32 87 -6 22 40 19

0 6 44 3 -9 31 35 11

0 23 28 76 -12 3 34 0

0 0 70 64 -1 24 26 6

0 3 89 86 -17 0 24 5

0 68 74 91 -10 25 39 1

0 17 24 25 -14 26 38 18

0 36 56 2 -14 19 28 13

0 34 58 34 -17 28 47 39

0 31 40 56 -6 43 49 2

0 13 35 8 -3 3 11 25

0 14 29 89 -12 5 6 8

0 23 43 84 -20 11 24 40

0 15 99 71 -19 3 12 40

0 21 27 99 -15 24 32 41

0 1 23 73 -9 23 28 39

0 33 45 0 -16 20 31 41

0 80 85 4 -3 27 29 1

0 31 36 84 -19 4 6 34

0 43 64 22 -11 30 34 29

0 6 11 92 -4 43 49 10

0 3 90 96 -6 2 9 2

0 8 74 26 -9 13 14 16

0 5 16 4 -15 0 22 14

0 33 59 64 -9 9 47 48

0 0 66 63 -8 2 9 1

0 41 43 61 -3 20 29 31

0 13 19 51 -16 29 34 22

0 4 48 88 -5 43 48 32

0 0 12 94 -8 7 12 10

0 1 39 29 -6 7 13 38

0 12 61 57 -8 7 38 16

0 1 88 41 -19 1 2 37

0 13 42 18 -3 1 7 36

0 1 8 23 -20 15 16 8

0 0 54 11 -20 12 36 12

0 15 29 72 -14 2 13 23

0 14 64 74 -12 36 43 45

0 14 86 34 -17 12 18 27

0 12 26 55 -18 5 20 5

0 36 43 93 -4 5 41 48

0 4 20 64 -5 26 29 0

0 5 8 16 -19 7 24 23

0 2 4 30 -10 33 34 39

0 6 53 23 -18 21 27 12

0 5 21 14 -13 0 32 25

0 6 11 83 -11 3 40 49

0 7 30 40 -12 4 6 43

0 4 12 57 -2 22 26 39

0 18 42 34 -19 10 17 49

0 8 54 43 -14 5 32 32

0 3 13 33 -12 22 44 17

0 0 44 26 -8 4 41 21

0 5 8 34 -17 9 35 47

0 16 26 69 -5 3 45 9

0 20 36 29 -1 0 1 47

0 3 10 28 -4 7 24 16

0 5 6 50 -11 25 33 12

0 11 14 28 -19 4 42 49

0 1 15 57 -4 33 42 48

0 3 9 36 -18 17 26 41

0 0 6 62 -5 2 18 48

0 13 23 44 -12 21 33 44

0 9 11 0 -2 7 15 23


SAlphaB: 725.0, std-dev 276.95222448369077

Earliest win: 37
Latest win: 81

WinDepth:
0 0 0 0 0 0 0 0 0 0 0 0 0 0 0 0 0 0 0 0 0 0 0 0 0 0 0 0 0 0 0 0 0 0 0 0 0 8 1 3 2 3 1 18 20 21 7 21 30 72 66 173 88 93 94 209 104 212 146 228 164 232 274 338 315 369 433 402 421 390 420 407 418 373 361 331 266 240 182 132 89 68 
SAlphaB:
0 0 0 0 0 0 0 0 0 0 0 0 0 0 0 0 0 0 0 0 0 0 0 0 0 0 0 0 0 0 0 0 0 0 0 0 0 8 1 3 2 3 1 18 20 21 7 21 30 72 66 173 88 93 94 209 104 212 146 228 164 232 274 338 315 369 433 402 421 390 420 407 418 373 361 331 266 240 182 132 89 68 

LossDepth:
SAlphaB:
0 0 0 0 0 0 0 0 0 0 0 0 0 0 0 0 0 0 0 0 0 0 0 0 0 0 0 0 0 0 0 0 0 0 0 0 0 8 1 3 2 3 1 18 20 21 7 21 30 72 66 173 88 93 94 209 104 212 146 228 164 232 274 338 315 369 433 402 421 390 420 407 418 373 361 331 266 240 182 132 89 68 

FirstWin:
0 0 0 0 0 0 0 0 0 0 0 0 0 0 0 0 0 0 0 0 0 0 0 0 0 0 0 0 0 0 0 0 0 0 0 0 0 8 0 3 0 3 0 18 0 21 0 21 0 72 0 173 0 93 0 209 0 212 0 228 0 232 0 338 0 369 0 402 0 390 0 407 0 373 0 331 0 240 0 132 0 68 
SAlphaB:
0 0 0 0 0 0 0 0 0 0 0 0 0 0 0 0 0 0 0 0 0 0 0 0 0 0 0 0 0 0 0 0 0 0 0 0 0 8 0 3 0 3 0 18 0 21 0 21 0 72 0 173 0 93 0 209 0 212 0 228 0 232 0 338 0 369 0 402 0 390 0 407 0 373 0 331 0 240 0 132 0 68 

SecondWin:
0 0 0 0 0 0 0 0 0 0 0 0 0 0 0 0 0 0 0 0 0 0 0 0 0 0 0 0 0 0 0 0 0 0 0 0 0 0 1 0 2 0 1 0 20 0 7 0 30 0 66 0 88 0 94 0 104 0 146 0 164 0 274 0 315 0 433 0 421 0 420 0 418 0 361 0 266 0 182 0 89 0 
SAlphaB:
0 0 0 0 0 0 0 0 0 0 0 0 0 0 0 0 0 0 0 0 0 0 0 0 0 0 0 0 0 0 0 0 0 0 0 0 0 0 1 0 2 0 1 0 20 0 7 0 30 0 66 0 88 0 94 0 104 0 146 0 164 0 274 0 315 0 433 0 421 0 420 0 418 0 361 0 266 0 182 0 89 0 
