0 31 77 14 -14 3 7 17

0 36 61 68 -8 4 12 19

0 59 73 56 -15 10 13 16

0 31 86 22 -9 0 15 7

0 60 95 9 -3 8 36 4

0 26 37 70 -14 2 5 14

0 27 83 41 -16 0 2 22

0 49 96 58 -6 4 18 5

0 84 99 29 -6 6 36 14

0 42 73 71 -1 9 12 4

0 28 47 4 -2 2 12 10

0 52 81 67 -18 1 2 7

0 15 40 62 -13 0 1 5

0 25 85 23 -9 0 1 5

0 33 69 98 -9 7 18 22

0 60 72 36 -1 1 19 3

0 76 84 71 -12 5 19 34

0 69 98 88 -16 10 23 17

0 46 89 89 -20 1 3 1

0 38 77 13 -12 0 3 9

0 72 99 95 -11 4 22 3

0 54 85 41 -16 9 24 26

0 62 78 82 -16 6 19 36

0 54 78 63 -9 6 14 14

0 72 86 21 -17 4 31 17

0 48 62 73 -4 13 33 32

0 85 99 99 -9 3 26 22

0 44 79 15 -16 3 10 44

0 65 83 84 -10 6 8 2

0 57 74 26 -13 3 15 35

0 43 70 64 -16 6 9 12

0 20 86 58 -17 2 8 41

0 58 96 57 -10 4 17 30

0 28 82 2 -1 5 27 21

0 52 90 50 -16 2 11 34

0 36 56 25 -20 5 14 9

0 60 89 11 -12 3 14 46

0 77 94 91 -10 0 1 14

0 41 76 20 -6 6 26 1

0 52 88 54 -10 10 19 31

0 25 28 28 -16 1 3 11

0 26 53 68 -19 1 2 9

0 34 62 62 -9 10 17 43

0 55 89 93 -10 10 20 0

0 59 71 31 -18 6 11 18

0 13 25 32 -6 2 9 12

0 27 32 6 -1 4 6 0

0 32 46 59 -19 1 9 20

0 73 77 93 -10 6 43 39

0 58 84 55 -8 8 16 5

0 78 88 64 -7 9 42 19

0 57 88 17 -5 0 6 12

0 35 67 92 -18 8 26 34

0 28 43 8 -19 1 7 8

0 35 85 88 -15 0 1 16

0 21 60 66 -1 2 8 4

0 28 68 64 -11 3 18 22

0 20 83 5 -19 2 5 25

0 48 77 31 -3 6 36 21

0 19 79 20 -12 6 7 21

0 80 89 42 -5 17 19 48

0 53 76 19 -13 10 36 14

0 51 68 81 -12 5 9 8

0 34 95 23 -20 4 5 8

0 84 98 34 -15 2 19 41

0 47 94 51 -13 11 18 26

0 58 95 2 -20 6 8 32

0 19 33 3 -18 0 6 12

0 30 46 85 -19 3 7 33

0 33 84 4 -1 12 39 26

0 27 90 50 -10 7 13 39

0 51 95 93 -10 0 22 41

0 64 91 10 -18 2 5 29

0 48 63 76 -2 8 15 7

0 55 84 46 -17 7 16 7

0 80 88 1 -12 26 36 22

0 13 88 32 -5 8 22 10

0 5 50 79 -2 15 27 11

0 39 45 21 -6 10 19 14

0 0 72 77 -4 30 46 12

0 23 95 92 -1 0 9 19

0 27 63 30 -5 8 11 40

0 47 57 27 -17 6 8 21

0 10 88 31 -4 14 22 16

0 2 80 65 -19 7 10 27

0 25 46 91 -10 30 31 9

0 33 60 37 -9 9 19 34

0 30 32 79 -19 11 25 0

0 25 68 8 -18 0 16 45

0 10 17 25 -14 0 1 19

0 18 80 12 -8 5 13 38

0 15 69 69 -15 6 23 11

0 1 67 51 -4 9 22 7

0 34 49 96 -15 8 20 29

0 43 68 78 -20 12 30 39

0 43 74 71 -19 16 44 42

0 50 93 86 -2 4 9 47

0 46 54 79 -16 18 26 11

0 35 37 73 -20 30 43 34

0 49 92 57 -11 28 39 1


SAlphaB: 723.0, std-dev 263.98744058738623

Earliest win: 35
Latest win: 81

WinDepth:
0 0 0 0 0 0 0 0 0 0 0 0 0 0 0 0 0 0 0 0 0 0 0 0 0 0 0 0 0 0 0 0 0 0 0 2 0 27 2 18 1 36 11 41 45 72 43 158 48 183 175 424 146 358 248 469 416 587 399 443 432 674 637 770 769 964 950 1045 948 1016 917 904 851 836 875 725 560 479 386 308 205 160 
SAlphaB:
0 0 0 0 0 0 0 0 0 0 0 0 0 0 0 0 0 0 0 0 0 0 0 0 0 0 0 0 0 0 0 0 0 0 0 2 0 27 2 18 1 36 11 41 45 72 43 158 48 183 175 424 146 358 248 469 416 587 399 443 432 674 637 770 769 964 950 1045 948 1016 917 904 851 836 875 725 560 479 386 308 205 160 

LossDepth:
SAlphaB:
0 0 0 0 0 0 0 0 0 0 0 0 0 0 0 0 0 0 0 0 0 0 0 0 0 0 0 0 0 0 0 0 0 0 0 1 0 28 3 13 0 35 12 32 30 54 28 85 31 115 119 201 102 221 169 283 236 363 238 284 279 469 396 591 509 685 658 776 711 763 704 743 651 694 644 599 443 453 294 279 222 146 

FirstWin:
0 0 0 0 0 0 0 0 0 0 0 0 0 0 0 0 0 0 0 0 0 0 0 0 0 0 0 0 0 0 0 0 0 0 0 2 0 27 0 18 0 36 0 41 0 72 0 158 0 183 0 424 0 358 0 469 0 587 0 443 0 674 0 770 0 964 0 1045 0 1016 0 904 0 836 0 725 0 479 0 308 0 160 
SAlphaB:
0 0 0 0 0 0 0 0 0 0 0 0 0 0 0 0 0 0 0 0 0 0 0 0 0 0 0 0 0 0 0 0 0 0 0 2 0 27 0 18 0 36 0 41 0 72 0 158 0 183 0 424 0 358 0 469 0 587 0 443 0 674 0 770 0 964 0 1045 0 1016 0 904 0 836 0 725 0 479 0 308 0 160 

SecondWin:
0 0 0 0 0 0 0 0 0 0 0 0 0 0 0 0 0 0 0 0 0 0 0 0 0 0 0 0 0 0 0 0 0 0 0 0 0 0 2 0 1 0 11 0 45 0 43 0 48 0 175 0 146 0 248 0 416 0 399 0 432 0 637 0 769 0 950 0 948 0 917 0 851 0 875 0 560 0 386 0 205 0 
SAlphaB:
0 0 0 0 0 0 0 0 0 0 0 0 0 0 0 0 0 0 0 0 0 0 0 0 0 0 0 0 0 0 0 0 0 0 0 0 0 0 2 0 1 0 11 0 45 0 43 0 48 0 175 0 146 0 248 0 416 0 399 0 432 0 637 0 769 0 950 0 948 0 917 0 851 0 875 0 560 0 386 0 205 0 
