0 31 77 14 -14 3 7 17

0 34 62 62 -9 10 17 43

0 51 68 81 -12 5 9 8

0 54 78 63 -9 6 14 14

0 58 96 57 -10 4 17 30

0 27 63 30 -5 8 11 40

0 23 95 92 -1 0 9 19

0 49 92 57 -11 28 39 1

0 27 32 6 -1 4 6 0

0 57 88 17 -5 0 6 12

0 2 90 33 -4 4 5 7

0 76 77 34 -9 16 22 37

0 13 60 91 -9 0 1 36

0 21 56 99 -12 2 11 18

0 31 61 74 -3 19 40 11

0 23 65 27 -10 21 43 26

0 36 51 39 -12 10 22 40

0 39 74 82 -19 13 41 38

0 25 59 79 -4 10 32 23

0 61 91 28 -3 9 12 13

0 55 61 99 -1 42 48 28

0 47 54 83 -18 8 12 15

0 46 51 91 -13 3 4 26

0 45 78 42 -9 10 12 24

0 44 54 45 -18 1 28 38

0 45 62 0 -2 2 15 24

0 62 91 97 -11 26 39 5

0 48 51 80 -10 2 3 47

0 19 40 81 -13 6 8 11

0 39 66 1 -2 20 23 35

0 27 74 40 -3 18 19 4

0 15 85 40 -8 8 21 38

0 29 40 12 -16 0 3 49

0 54 63 21 -5 14 45 40

0 64 95 16 -15 21 44 36

0 75 89 32 -20 33 48 14

0 5 66 6 -16 4 11 14

0 7 73 52 -6 2 25 4

0 44 60 43 -2 3 6 36

0 26 42 39 -2 12 19 1

0 24 72 52 -7 14 16 29

0 4 61 24 -2 14 15 29

0 54 66 25 -8 17 25 39

0 9 26 15 -15 20 30 23

0 5 13 53 -16 4 6 5

0 10 62 38 -13 20 31 38

0 15 21 2 -3 26 35 16

0 16 60 79 -19 6 26 35

0 10 37 36 -1 14 42 49

0 32 64 34 -17 13 17 9

0 0 28 59 -13 0 20 10

0 78 80 92 -1 3 12 23

0 4 28 12 -5 8 13 24

0 28 41 4 -19 29 37 44

0 63 69 22 -13 23 40 15

0 20 24 38 -14 14 24 15

0 29 34 83 -7 22 38 40

0 14 45 86 -5 6 10 7

0 2 49 78 -15 10 45 34

0 3 11 44 -2 17 28 19

0 28 63 56 -19 17 25 26

0 7 8 65 -9 4 36 8

0 2 88 65 -3 0 5 41

0 0 21 15 -17 7 8 8

0 60 63 73 -2 9 10 43

0 52 63 31 -9 23 45 34

0 15 57 78 -19 9 43 4

0 16 34 48 -9 25 35 24

0 60 82 48 -13 37 39 5

0 61 92 34 -11 23 25 34

0 0 4 12 -15 1 14 16

0 9 92 61 -9 4 9 49

0 35 51 49 -13 20 32 41

0 18 21 84 -8 20 22 36

0 12 40 86 -8 1 9 23

0 35 41 43 -2 32 40 33

0 12 22 92 -9 4 33 40

0 10 87 10 -12 38 45 15

0 0 2 96 -7 25 32 25

0 9 82 21 -2 23 34 31

0 5 6 58 -19 21 38 12

0 25 28 44 -17 17 43 30

0 31 75 72 -1 38 48 45

0 3 10 66 -1 10 17 38

0 20 27 74 -18 20 31 25

0 4 14 0 -4 22 29 16

0 2 4 91 -5 11 23 46

0 3 15 42 -17 4 39 41

0 32 77 53 -8 38 45 48

0 15 26 11 -10 3 13 37

0 5 10 7 -18 36 45 45

0 2 20 58 -18 8 16 2

0 2 13 63 -4 2 8 22

0 2 4 15 -16 13 28 31

0 3 15 46 -2 1 7 20

0 8 10 64 -6 10 15 36

0 0 1 74 -8 0 19 12

0 1 2 31 -13 0 1 45

0 0 5 68 -4 1 5 37

0 0 3 6 -7 2 4 38


SAlphaB: 691.0, std-dev 272.74728562935655

Earliest win: 37
Latest win: 81

WinDepth:
0 0 0 0 0 0 0 0 0 0 0 0 0 0 0 0 0 0 0 0 0 0 0 0 0 0 0 0 0 0 0 0 0 0 0 0 0 7 0 2 2 5 6 6 7 17 7 69 15 56 67 158 52 102 72 192 112 165 156 154 167 261 232 322 282 336 431 388 432 417 440 445 425 420 386 432 306 259 186 133 111 81 
SAlphaB:
0 0 0 0 0 0 0 0 0 0 0 0 0 0 0 0 0 0 0 0 0 0 0 0 0 0 0 0 0 0 0 0 0 0 0 0 0 7 0 2 2 5 6 6 7 17 7 69 15 56 67 158 52 102 72 192 112 165 156 154 167 261 232 322 282 336 431 388 432 417 440 445 425 420 386 432 306 259 186 133 111 81 

LossDepth:
SAlphaB:
0 0 0 0 0 0 0 0 0 0 0 0 0 0 0 0 0 0 0 0 0 0 0 0 0 0 0 0 0 0 0 0 0 0 0 0 0 7 0 2 2 5 6 6 7 17 7 69 15 56 67 158 52 102 72 192 112 165 156 154 167 261 232 322 282 336 431 388 432 417 440 445 425 420 386 432 306 259 186 133 111 81 

FirstWin:
0 0 0 0 0 0 0 0 0 0 0 0 0 0 0 0 0 0 0 0 0 0 0 0 0 0 0 0 0 0 0 0 0 0 0 0 0 7 0 2 0 5 0 6 0 17 0 69 0 56 0 158 0 102 0 192 0 165 0 154 0 261 0 322 0 336 0 388 0 417 0 445 0 420 0 432 0 259 0 133 0 81 
SAlphaB:
0 0 0 0 0 0 0 0 0 0 0 0 0 0 0 0 0 0 0 0 0 0 0 0 0 0 0 0 0 0 0 0 0 0 0 0 0 7 0 2 0 5 0 6 0 17 0 69 0 56 0 158 0 102 0 192 0 165 0 154 0 261 0 322 0 336 0 388 0 417 0 445 0 420 0 432 0 259 0 133 0 81 

SecondWin:
0 0 0 0 0 0 0 0 0 0 0 0 0 0 0 0 0 0 0 0 0 0 0 0 0 0 0 0 0 0 0 0 0 0 0 0 0 0 0 0 2 0 6 0 7 0 7 0 15 0 67 0 52 0 72 0 112 0 156 0 167 0 232 0 282 0 431 0 432 0 440 0 425 0 386 0 306 0 186 0 111 0 
SAlphaB:
0 0 0 0 0 0 0 0 0 0 0 0 0 0 0 0 0 0 0 0 0 0 0 0 0 0 0 0 0 0 0 0 0 0 0 0 0 0 0 0 2 0 6 0 7 0 7 0 15 0 67 0 52 0 72 0 112 0 156 0 167 0 232 0 282 0 431 0 432 0 440 0 425 0 386 0 306 0 186 0 111 0 
