0 32 46 59 -19 1 9 20

0 43 74 71 -19 16 44 42

0 21 60 66 -1 2 8 4

0 52 90 50 -16 2 11 34

0 30 46 85 -19 3 7 33

0 72 86 21 -17 4 31 17

0 28 82 2 -1 5 27 21

0 84 98 34 -15 2 19 41

0 33 60 37 -9 9 19 34

0 59 71 31 -18 6 11 18

0 40 97 88 -8 13 40 5

0 74 91 43 -2 3 10 45

0 29 87 51 -9 0 23 37

0 38 55 29 -7 17 36 16

0 8 60 92 -16 3 7 6

0 46 50 51 -20 8 13 9

0 69 71 29 -19 4 11 28

0 62 91 81 -20 19 39 46

0 42 99 45 -1 2 10 0

0 59 75 57 -17 23 48 1

0 20 27 61 -18 2 4 8

0 50 65 98 -8 19 23 8

0 12 60 76 -11 2 24 25

0 46 60 13 -14 4 8 5

0 48 72 92 -1 0 18 8

0 77 79 61 -6 13 38 6

0 64 82 26 -6 17 27 32

0 9 64 15 -8 2 4 40

0 58 66 65 -1 22 39 8

0 49 97 88 -12 31 45 19

0 3 70 3 -12 9 30 20

0 87 91 33 -15 7 31 12

0 47 52 91 -11 1 34 22

0 63 71 17 -5 8 10 24

0 32 84 31 -10 0 4 48

0 7 66 55 -5 21 23 24

0 43 93 79 -5 5 44 10

0 9 50 77 -11 9 28 24

0 14 48 36 -12 2 7 30

0 15 38 19 -7 17 37 15

0 64 73 11 -1 7 46 32

0 45 65 55 -10 10 14 22

0 7 82 10 -8 44 46 32

0 4 11 86 -10 2 3 21

0 27 29 96 -4 34 44 31

0 88 89 60 -8 8 9 17

0 56 92 97 -2 0 2 10

0 6 70 58 -3 6 10 45

0 38 73 18 -7 23 32 23

0 55 69 66 -1 43 47 34

0 30 49 27 -19 23 47 21

0 6 80 24 -7 2 10 49

0 50 77 72 -1 22 25 47

0 48 75 77 -5 12 38 32

0 19 21 34 -1 39 44 25

0 22 90 21 -17 27 34 5

0 14 51 86 -4 24 27 13

0 1 99 38 -20 10 49 34

0 6 50 21 -1 24 41 22

0 29 39 42 -15 5 42 17

0 45 86 36 -2 38 43 25

0 3 19 81 -15 6 24 38

0 35 57 76 -6 44 47 0

0 23 31 20 -12 11 27 49

0 18 70 70 -11 10 18 30

0 17 59 64 -17 13 30 15

0 10 25 45 -11 20 42 4

0 85 97 39 -15 34 45 38

0 7 19 62 -1 42 45 29

0 9 98 20 -9 9 10 7

0 57 59 54 -1 3 18 45

0 32 51 42 -6 12 14 31

0 22 92 37 -7 22 47 21

0 36 85 43 -11 17 33 43

0 13 16 25 -10 20 43 28

0 15 29 69 -6 4 28 3

0 16 61 41 -16 27 42 43

0 4 21 74 -3 1 2 25

0 0 3 30 -18 35 45 30

0 34 94 99 -9 27 28 41

0 64 88 1 -13 42 44 1

0 2 41 57 -14 5 6 0

0 6 20 20 -2 29 31 22

0 3 15 24 -14 21 45 23

0 38 56 0 -13 0 46 44

0 7 10 28 -12 48 49 5

0 4 31 77 -17 0 2 22

0 1 23 7 -8 31 35 8

0 12 22 2 -16 7 37 21

0 3 14 54 -9 0 1 24

0 17 28 3 -6 15 26 49

0 0 1 7 -16 16 35 12

0 16 23 20 -18 1 28 32

0 3 4 67 -17 28 38 31

0 0 49 81 -11 1 12 36

0 13 19 32 -9 2 3 48

0 6 12 4 -19 4 5 31

0 12 21 30 -9 24 46 45

0 7 23 90 -4 1 34 26

0 0 2 35 -5 20 26 11


SAlphaB: 692.0, std-dev 265.4779655678041

Earliest win: 37
Latest win: 81

WinDepth:
0 0 0 0 0 0 0 0 0 0 0 0 0 0 0 0 0 0 0 0 0 0 0 0 0 0 0 0 0 0 0 0 0 0 0 0 0 3 0 13 2 8 1 4 19 14 32 32 52 56 83 157 186 115 105 163 122 205 189 144 166 218 229 297 327 336 396 413 433 447 430 371 416 388 388 376 270 234 177 158 113 72 
SAlphaB:
0 0 0 0 0 0 0 0 0 0 0 0 0 0 0 0 0 0 0 0 0 0 0 0 0 0 0 0 0 0 0 0 0 0 0 0 0 3 0 13 2 8 1 4 19 14 32 32 52 56 83 157 186 115 105 163 122 205 189 144 166 218 229 297 327 336 396 413 433 447 430 371 416 388 388 376 270 234 177 158 113 72 

LossDepth:
SAlphaB:
0 0 0 0 0 0 0 0 0 0 0 0 0 0 0 0 0 0 0 0 0 0 0 0 0 0 0 0 0 0 0 0 0 0 0 0 0 3 0 13 2 8 1 4 19 14 32 32 52 56 83 157 186 115 105 163 122 205 189 144 166 218 229 297 327 336 396 413 433 447 430 371 416 388 388 376 270 234 177 158 113 72 

FirstWin:
0 0 0 0 0 0 0 0 0 0 0 0 0 0 0 0 0 0 0 0 0 0 0 0 0 0 0 0 0 0 0 0 0 0 0 0 0 3 0 13 0 8 0 4 0 14 0 32 0 56 0 157 0 115 0 163 0 205 0 144 0 218 0 297 0 336 0 413 0 447 0 371 0 388 0 376 0 234 0 158 0 72 
SAlphaB:
0 0 0 0 0 0 0 0 0 0 0 0 0 0 0 0 0 0 0 0 0 0 0 0 0 0 0 0 0 0 0 0 0 0 0 0 0 3 0 13 0 8 0 4 0 14 0 32 0 56 0 157 0 115 0 163 0 205 0 144 0 218 0 297 0 336 0 413 0 447 0 371 0 388 0 376 0 234 0 158 0 72 

SecondWin:
0 0 0 0 0 0 0 0 0 0 0 0 0 0 0 0 0 0 0 0 0 0 0 0 0 0 0 0 0 0 0 0 0 0 0 0 0 0 0 0 2 0 1 0 19 0 32 0 52 0 83 0 186 0 105 0 122 0 189 0 166 0 229 0 327 0 396 0 433 0 430 0 416 0 388 0 270 0 177 0 113 0 
SAlphaB:
0 0 0 0 0 0 0 0 0 0 0 0 0 0 0 0 0 0 0 0 0 0 0 0 0 0 0 0 0 0 0 0 0 0 0 0 0 0 0 0 2 0 1 0 19 0 32 0 52 0 83 0 186 0 105 0 122 0 189 0 166 0 229 0 327 0 396 0 433 0 430 0 416 0 388 0 270 0 177 0 113 0 
