0 85 99 99 -9 3 26 22

0 46 89 89 -20 1 3 1

0 43 68 78 -20 12 30 39

0 20 86 58 -17 2 8 41

0 44 79 15 -16 3 10 44

0 48 62 73 -4 13 33 32

0 60 89 11 -12 3 14 46

0 33 84 4 -1 12 39 26

0 13 25 32 -6 2 9 12

0 15 69 69 -15 6 23 11

0 5 64 22 -4 7 18 45

0 59 95 90 -5 8 25 35

0 30 84 24 -16 5 37 27

0 33 91 64 -1 1 44 24

0 41 86 42 -16 1 2 31

0 44 81 29 -6 6 35 22

0 72 77 19 -15 4 18 28

0 51 61 70 -3 11 38 45

0 20 26 54 -12 5 16 17

0 28 49 41 -4 32 41 21

0 40 48 92 -6 3 6 16

0 79 92 79 -3 1 7 11

0 39 46 61 -11 17 18 8

0 17 49 57 -9 15 24 7

0 41 50 27 -18 0 2 47

0 9 99 34 -19 17 34 15

0 43 52 93 -1 15 33 31

0 35 55 56 -14 11 26 11

0 62 74 5 -4 9 33 49

0 12 52 22 -17 2 6 39

0 43 97 96 -1 21 29 25

0 29 65 78 -16 8 10 36

0 58 70 53 -2 19 34 28

0 7 75 93 -19 8 10 34

0 25 46 94 -15 30 33 13

0 56 69 18 -1 21 37 41

0 61 79 73 -18 12 39 27

0 10 15 71 -10 10 11 5

0 49 67 42 -9 1 4 42

0 91 92 19 -12 22 30 36

0 33 47 2 -10 1 13 48

0 59 75 26 -1 13 18 44

0 11 78 22 -4 9 16 31

0 74 81 97 -1 1 13 38

0 14 27 91 -8 0 1 25

0 30 83 94 -16 4 33 45

0 4 82 39 -18 6 9 8

0 25 59 94 -17 1 2 48

0 84 88 96 -17 35 36 5

0 5 46 75 -6 21 38 43

0 16 62 27 -17 36 43 5

0 25 33 59 -8 1 28 12

0 44 49 44 -9 16 18 25

0 21 37 83 -10 2 13 44

0 12 51 41 -9 10 32 1

0 66 79 6 -14 4 6 49

0 0 35 36 -12 8 10 28

0 43 84 52 -3 25 28 24

0 51 57 1 -10 2 39 31

0 15 36 99 -2 6 10 32

0 11 61 78 -18 13 14 39

0 15 38 22 -13 32 39 46

0 13 14 46 -12 23 32 40

0 4 12 69 -13 27 38 39

0 5 6 97 -5 8 11 5

0 26 27 35 -2 12 16 29

0 38 97 35 -4 17 31 17

0 41 47 4 -15 18 45 18

0 2 38 13 -6 42 47 22

0 31 47 59 -3 0 2 48

0 34 59 29 -9 35 46 0

0 14 85 76 -9 4 29 33

0 62 65 93 -14 20 26 40

0 14 24 45 -18 1 38 17

0 17 78 13 -1 9 37 39

0 19 31 22 -2 15 18 32

0 6 19 96 -4 28 46 8

0 10 45 13 -14 24 40 39

0 48 89 32 -11 28 40 6

0 39 41 43 -12 0 32 46

0 8 25 42 -5 9 28 46

0 24 37 94 -12 5 34 24

0 0 2 66 -11 2 3 28

0 1 2 69 -14 7 14 20

0 12 35 74 -16 1 43 18

0 1 52 38 -14 2 11 37

0 4 76 45 -16 4 45 48

0 2 5 78 -10 14 28 19

0 0 29 6 -20 10 11 49

0 2 17 76 -4 26 32 14

0 0 4 66 -7 7 35 18

0 0 2 47 -19 3 22 31

0 2 29 14 -12 3 32 30

0 13 16 22 -20 10 16 32

0 8 9 53 -20 13 21 1

0 3 35 40 -7 4 23 46

0 4 5 84 -17 4 46 42

0 5 12 35 -13 19 29 3

0 1 8 91 -19 10 42 9

0 12 23 14 -5 26 29 40


SAlphaB: 707.0, std-dev 272.27419854242373

Earliest win: 35
Latest win: 81

WinDepth:
0 0 0 0 0 0 0 0 0 0 0 0 0 0 0 0 0 0 0 0 0 0 0 0 0 0 0 0 0 0 0 0 0 0 0 1 0 8 0 4 0 4 1 15 18 20 10 24 28 90 59 165 58 148 81 228 132 195 150 172 170 207 228 302 329 349 401 389 425 438 425 389 444 371 379 439 279 243 160 153 119 71 
SAlphaB:
0 0 0 0 0 0 0 0 0 0 0 0 0 0 0 0 0 0 0 0 0 0 0 0 0 0 0 0 0 0 0 0 0 0 0 1 0 8 0 4 0 4 1 15 18 20 10 24 28 90 59 165 58 148 81 228 132 195 150 172 170 207 228 302 329 349 401 389 425 438 425 389 444 371 379 439 279 243 160 153 119 71 

LossDepth:
SAlphaB:
0 0 0 0 0 0 0 0 0 0 0 0 0 0 0 0 0 0 0 0 0 0 0 0 0 0 0 0 0 0 0 0 0 0 0 1 0 8 0 4 0 4 1 15 18 20 10 24 28 90 59 165 58 148 81 228 132 195 150 172 170 207 228 302 329 349 401 389 425 438 425 389 444 371 379 439 279 243 160 153 119 71 

FirstWin:
0 0 0 0 0 0 0 0 0 0 0 0 0 0 0 0 0 0 0 0 0 0 0 0 0 0 0 0 0 0 0 0 0 0 0 1 0 8 0 4 0 4 0 15 0 20 0 24 0 90 0 165 0 148 0 228 0 195 0 172 0 207 0 302 0 349 0 389 0 438 0 389 0 371 0 439 0 243 0 153 0 71 
SAlphaB:
0 0 0 0 0 0 0 0 0 0 0 0 0 0 0 0 0 0 0 0 0 0 0 0 0 0 0 0 0 0 0 0 0 0 0 1 0 8 0 4 0 4 0 15 0 20 0 24 0 90 0 165 0 148 0 228 0 195 0 172 0 207 0 302 0 349 0 389 0 438 0 389 0 371 0 439 0 243 0 153 0 71 

SecondWin:
0 0 0 0 0 0 0 0 0 0 0 0 0 0 0 0 0 0 0 0 0 0 0 0 0 0 0 0 0 0 0 0 0 0 0 0 0 0 0 0 0 0 1 0 18 0 10 0 28 0 59 0 58 0 81 0 132 0 150 0 170 0 228 0 329 0 401 0 425 0 425 0 444 0 379 0 279 0 160 0 119 0 
SAlphaB:
0 0 0 0 0 0 0 0 0 0 0 0 0 0 0 0 0 0 0 0 0 0 0 0 0 0 0 0 0 0 0 0 0 0 0 0 0 0 0 0 0 0 1 0 18 0 10 0 28 0 59 0 58 0 81 0 132 0 150 0 170 0 228 0 329 0 401 0 425 0 425 0 444 0 379 0 279 0 160 0 119 0 
