0 49 96 58 -6 4 18 5

0 15 40 62 -13 0 1 5

0 27 83 41 -16 0 2 22

0 31 86 22 -9 0 15 7

0 38 77 13 -12 0 3 9

0 28 43 8 -19 1 7 8

0 36 61 68 -8 4 12 19

0 55 84 46 -17 7 16 7

0 62 78 82 -16 6 19 36

0 55 89 93 -10 10 20 0

0 62 91 13 -19 5 18 47

0 40 75 67 -9 9 36 18

0 6 46 38 -11 5 14 0

0 35 61 53 -16 5 7 46

0 1 95 53 -20 12 38 8

0 6 89 49 -14 6 8 19

0 10 72 46 -13 3 9 17

0 61 72 96 -16 0 1 19

0 13 31 17 -4 4 11 19

0 47 70 6 -9 1 2 30

0 65 94 79 -9 1 24 7

0 56 57 96 -19 2 4 4

0 11 65 29 -2 20 44 7

0 40 41 82 -14 3 6 5

0 40 75 79 -5 0 30 11

0 58 62 81 -5 5 13 23

0 72 75 61 -9 2 11 6

0 38 46 80 -16 25 38 10

0 96 98 14 -16 0 49 7

0 16 47 79 -8 7 10 8

0 4 78 11 -4 2 13 13

0 60 93 46 -11 11 20 5

0 86 99 71 -4 2 6 25

0 61 81 41 -3 13 17 17

0 73 76 47 -7 24 41 43

0 49 65 79 -13 11 19 20

0 41 45 57 -12 16 45 16

0 51 83 23 -10 1 10 37

0 56 80 32 -4 8 42 46

0 15 70 53 -3 7 26 1

0 26 60 99 -20 0 2 42

0 55 95 89 -10 22 43 6

0 39 57 55 -17 8 28 39

0 33 67 43 -3 23 33 15

0 20 34 73 -3 4 13 37

0 51 94 75 -3 0 26 37

0 80 87 7 -3 16 25 31

0 39 59 19 -7 22 29 29

0 39 43 83 -15 21 35 0

0 25 52 4 -11 3 25 30

0 48 70 53 -9 21 27 19

0 37 80 65 -18 20 43 22

0 11 22 84 -8 0 10 13

0 29 30 45 -2 9 11 23

0 22 34 34 -18 25 30 28

0 9 72 1 -4 9 24 30

0 5 51 92 -18 31 47 24

0 21 57 28 -14 10 11 42

0 36 44 39 -11 2 4 42

0 16 29 75 -6 14 27 40

0 18 94 64 -13 28 47 26

0 41 70 20 -7 24 27 35

0 48 53 81 -1 3 11 30

0 4 99 18 -7 39 43 32

0 14 82 22 -12 14 18 4

0 0 76 16 -2 1 2 9

0 2 7 77 -11 0 1 0

0 19 25 36 -13 0 13 45

0 12 52 8 -17 7 22 16

0 8 65 61 -14 3 32 38

0 9 24 59 -14 26 32 40

0 26 33 15 -17 5 36 30

0 18 57 63 -11 5 24 49

0 70 94 57 -3 0 1 19

0 6 10 52 -9 0 8 9

0 33 55 0 -14 4 32 20

0 1 9 39 -1 0 9 4

0 7 23 29 -13 23 48 11

0 18 29 25 -13 5 22 36

0 0 1 70 -14 19 28 35

0 18 59 57 -5 36 41 45

0 1 5 94 -1 13 44 48

0 9 10 15 -7 8 15 46

0 11 25 17 -11 8 22 31

0 7 42 75 -2 23 46 45

0 1 2 92 -8 18 48 44

0 0 39 88 -3 6 24 34

0 4 31 10 -16 2 5 35

0 4 11 79 -20 1 22 30

0 7 14 90 -19 0 48 43

0 0 81 90 -7 3 5 32

0 2 5 85 -19 21 26 16

0 41 51 68 -7 31 46 49

0 0 6 1 -3 21 24 46

0 3 21 69 -3 45 49 17

0 2 8 47 -15 9 20 31

0 13 48 25 -3 29 30 37

0 1 3 25 -2 18 23 8

0 9 12 6 -6 31 39 0

0 12 15 75 -3 2 15 48


SAlphaB: 730.0, std-dev 265.97575694568155

Earliest win: 37
Latest win: 81

WinDepth:
0 0 0 0 0 0 0 0 0 0 0 0 0 0 0 0 0 0 0 0 0 0 0 0 0 0 0 0 0 0 0 0 0 0 0 0 0 1 0 1 0 8 1 18 12 26 15 41 36 46 32 210 56 104 81 169 125 228 152 194 183 267 289 325 331 383 381 402 440 427 466 442 416 386 354 337 263 282 163 157 114 95 
SAlphaB:
0 0 0 0 0 0 0 0 0 0 0 0 0 0 0 0 0 0 0 0 0 0 0 0 0 0 0 0 0 0 0 0 0 0 0 0 0 1 0 1 0 8 1 18 12 26 15 41 36 46 32 210 56 104 81 169 125 228 152 194 183 267 289 325 331 383 381 402 440 427 466 442 416 386 354 337 263 282 163 157 114 95 

LossDepth:
SAlphaB:
0 0 0 0 0 0 0 0 0 0 0 0 0 0 0 0 0 0 0 0 0 0 0 0 0 0 0 0 0 0 0 0 0 0 0 0 0 1 0 1 0 8 1 18 12 26 15 41 36 46 32 210 56 104 81 169 125 228 152 194 183 267 289 325 331 383 381 402 440 427 466 442 416 386 354 337 263 282 163 157 114 95 

FirstWin:
0 0 0 0 0 0 0 0 0 0 0 0 0 0 0 0 0 0 0 0 0 0 0 0 0 0 0 0 0 0 0 0 0 0 0 0 0 1 0 1 0 8 0 18 0 26 0 41 0 46 0 210 0 104 0 169 0 228 0 194 0 267 0 325 0 383 0 402 0 427 0 442 0 386 0 337 0 282 0 157 0 95 
SAlphaB:
0 0 0 0 0 0 0 0 0 0 0 0 0 0 0 0 0 0 0 0 0 0 0 0 0 0 0 0 0 0 0 0 0 0 0 0 0 1 0 1 0 8 0 18 0 26 0 41 0 46 0 210 0 104 0 169 0 228 0 194 0 267 0 325 0 383 0 402 0 427 0 442 0 386 0 337 0 282 0 157 0 95 

SecondWin:
0 0 0 0 0 0 0 0 0 0 0 0 0 0 0 0 0 0 0 0 0 0 0 0 0 0 0 0 0 0 0 0 0 0 0 0 0 0 0 0 0 0 1 0 12 0 15 0 36 0 32 0 56 0 81 0 125 0 152 0 183 0 289 0 331 0 381 0 440 0 466 0 416 0 354 0 263 0 163 0 114 0 
SAlphaB:
0 0 0 0 0 0 0 0 0 0 0 0 0 0 0 0 0 0 0 0 0 0 0 0 0 0 0 0 0 0 0 0 0 0 0 0 0 0 0 0 0 0 1 0 12 0 15 0 36 0 32 0 56 0 81 0 125 0 152 0 183 0 289 0 331 0 381 0 440 0 466 0 416 0 354 0 263 0 163 0 114 0 
