0 69 98 88 -16 10 23 17

0 25 28 28 -16 1 3 11

0 51 95 93 -10 0 22 41

0 84 99 29 -6 6 36 14

0 48 63 76 -2 8 15 7

0 30 32 79 -19 11 25 0

0 5 50 79 -2 15 27 11

0 46 54 79 -16 18 26 11

0 52 88 54 -10 10 19 31

0 80 88 1 -12 26 36 22

0 4 64 80 -20 21 46 29

0 44 89 83 -11 16 37 34

0 92 95 41 -16 0 10 5

0 7 81 65 -20 5 12 10

0 11 17 25 -11 0 2 3

0 25 29 79 -3 0 12 6

0 42 49 17 -2 2 19 2

0 44 66 8 -4 2 17 36

0 37 96 38 -9 21 38 11

0 29 60 36 -4 2 8 1

0 28 98 89 -2 18 35 8

0 37 45 54 -13 9 16 23

0 77 90 39 -8 22 39 36

0 13 30 25 -15 9 34 28

0 41 79 6 -3 30 40 27

0 17 35 90 -8 2 3 40

0 82 87 90 -14 7 9 10

0 22 32 13 -2 37 44 3

0 29 46 1 -9 2 18 47

0 13 15 57 -10 6 10 8

0 21 88 83 -16 4 39 4

0 16 44 97 -16 30 35 26

0 19 45 73 -2 9 15 12

0 74 86 45 -3 18 21 28

0 9 29 88 -8 8 30 14

0 9 85 20 -3 12 24 14

0 26 31 0 -20 0 3 37

0 18 30 87 -11 11 27 15

0 15 17 82 -17 1 4 4

0 19 53 64 -15 11 39 27

0 69 76 81 -8 26 41 48

0 11 32 77 -3 7 9 42

0 12 99 78 -13 37 39 5

0 7 21 76 -8 2 13 15

0 4 11 38 -8 3 10 14

0 20 88 58 -14 5 36 49

0 17 70 94 -17 8 44 39

0 21 25 90 -16 12 14 32

0 42 66 88 -12 23 32 22

0 2 46 6 -12 9 30 32

0 16 48 98 -14 0 7 39

0 43 58 15 -10 27 44 41

0 33 94 29 -3 30 39 41

0 19 31 8 -1 12 14 15

0 18 21 57 -8 7 11 24

0 15 39 22 -13 13 15 26

0 3 40 5 -3 33 41 4

0 14 21 79 -16 0 5 30

0 11 15 52 -20 36 41 38

0 11 99 16 -3 24 40 32

0 55 59 92 -18 9 14 38

0 24 46 15 -15 3 6 43

0 20 72 18 -9 26 28 27

0 24 33 54 -13 17 40 15

0 9 13 53 -14 28 29 4

0 28 59 77 -15 32 33 1

0 22 43 41 -17 7 13 49

0 13 16 11 -15 11 36 19

0 4 45 24 -17 14 42 2

0 16 30 75 -1 23 42 37

0 5 28 15 -8 29 44 15

0 38 42 12 -10 24 37 49

0 14 97 31 -2 26 29 34

0 6 23 12 -14 9 49 24

0 9 49 4 -13 2 29 32

0 4 11 94 -20 10 43 42

0 28 46 48 -20 30 37 26

0 6 10 99 -4 1 6 49

0 5 12 37 -17 23 32 38

0 4 11 66 -20 6 32 47

0 36 51 8 -6 1 37 47

0 5 6 79 -3 18 31 42

0 1 2 65 -13 5 23 6

0 5 24 52 -18 0 28 47

0 0 3 13 -6 15 18 5

0 7 19 62 -13 2 22 11

0 8 30 3 -3 21 23 32

0 13 52 83 -10 5 44 48

0 1 35 12 -1 4 12 44

0 0 3 38 -6 10 39 3

0 14 23 46 -12 7 26 43

0 10 17 52 -13 21 38 45

0 8 13 33 -16 8 14 33

0 1 3 29 -16 28 39 20

0 7 25 6 -11 28 32 49

0 12 24 67 -11 6 30 46

0 1 31 28 -2 20 25 47

0 3 5 31 -19 6 31 45

0 2 4 1 -2 21 27 35

0 5 28 16 -9 3 42 23


SAlphaB: 698.0, std-dev 260.89609187869365

Earliest win: 35
Latest win: 81

WinDepth:
0 0 0 0 0 0 0 0 0 0 0 0 0 0 0 0 0 0 0 0 0 0 0 0 0 0 0 0 0 0 0 0 0 0 0 2 0 3 1 1 0 2 0 12 11 11 8 24 15 80 95 134 118 117 93 137 145 176 135 196 160 228 236 351 339 357 421 349 469 440 491 401 396 346 408 316 299 251 151 143 100 88 
SAlphaB:
0 0 0 0 0 0 0 0 0 0 0 0 0 0 0 0 0 0 0 0 0 0 0 0 0 0 0 0 0 0 0 0 0 0 0 2 0 3 1 1 0 2 0 12 11 11 8 24 15 80 95 134 118 117 93 137 145 176 135 196 160 228 236 351 339 357 421 349 469 440 491 401 396 346 408 316 299 251 151 143 100 88 

LossDepth:
SAlphaB:
0 0 0 0 0 0 0 0 0 0 0 0 0 0 0 0 0 0 0 0 0 0 0 0 0 0 0 0 0 0 0 0 0 0 0 2 0 3 1 1 0 2 0 12 11 11 8 24 15 80 95 134 118 117 93 137 145 176 135 196 160 228 236 351 339 357 421 349 469 440 491 401 396 346 408 316 299 251 151 143 100 88 

FirstWin:
0 0 0 0 0 0 0 0 0 0 0 0 0 0 0 0 0 0 0 0 0 0 0 0 0 0 0 0 0 0 0 0 0 0 0 2 0 3 0 1 0 2 0 12 0 11 0 24 0 80 0 134 0 117 0 137 0 176 0 196 0 228 0 351 0 357 0 349 0 440 0 401 0 346 0 316 0 251 0 143 0 88 
SAlphaB:
0 0 0 0 0 0 0 0 0 0 0 0 0 0 0 0 0 0 0 0 0 0 0 0 0 0 0 0 0 0 0 0 0 0 0 2 0 3 0 1 0 2 0 12 0 11 0 24 0 80 0 134 0 117 0 137 0 176 0 196 0 228 0 351 0 357 0 349 0 440 0 401 0 346 0 316 0 251 0 143 0 88 

SecondWin:
0 0 0 0 0 0 0 0 0 0 0 0 0 0 0 0 0 0 0 0 0 0 0 0 0 0 0 0 0 0 0 0 0 0 0 0 0 0 1 0 0 0 0 0 11 0 8 0 15 0 95 0 118 0 93 0 145 0 135 0 160 0 236 0 339 0 421 0 469 0 491 0 396 0 408 0 299 0 151 0 100 0 
SAlphaB:
0 0 0 0 0 0 0 0 0 0 0 0 0 0 0 0 0 0 0 0 0 0 0 0 0 0 0 0 0 0 0 0 0 0 0 0 0 0 1 0 0 0 0 0 11 0 8 0 15 0 95 0 118 0 93 0 145 0 135 0 160 0 236 0 339 0 421 0 469 0 491 0 396 0 408 0 299 0 151 0 100 0 
