0 54 85 41 -16 9 24 26

0 42 73 71 -1 9 12 4

0 41 76 20 -6 6 26 1

0 34 49 96 -15 8 20 29

0 1 67 51 -4 9 22 7

0 58 84 55 -8 8 16 5

0 35 85 88 -15 0 1 16

0 10 88 31 -4 14 22 16

0 47 57 27 -17 6 8 21

0 60 72 36 -1 1 19 3

0 44 56 97 -20 1 5 11

0 14 71 19 -16 1 10 30

0 37 60 85 -2 5 15 12

0 28 87 95 -11 7 11 45

0 86 92 44 -7 18 38 47

0 55 71 30 -1 2 15 20

0 27 30 36 -12 4 19 13

0 87 89 54 -14 14 23 28

0 29 76 19 -9 6 39 9

0 48 57 46 -18 0 2 14

0 43 50 31 -9 0 19 17

0 35 47 38 -16 18 38 24

0 14 30 5 -13 2 7 12

0 3 65 14 -20 5 10 24

0 54 98 33 -20 11 15 0

0 0 99 81 -11 4 25 26

0 70 98 82 -20 20 31 48

0 84 92 13 -18 29 36 11

0 12 80 48 -20 6 11 33

0 8 35 69 -18 24 49 31

0 20 36 99 -9 3 4 14

0 29 68 54 -8 4 21 36

0 25 45 75 -6 8 12 36

0 25 95 45 -3 0 13 37

0 35 39 43 -17 11 33 9

0 4 51 67 -19 0 2 3

0 2 64 11 -15 6 25 14

0 48 83 15 -11 23 41 6

0 33 90 6 -9 0 47 16

0 30 97 37 -17 12 14 1

0 37 71 35 -16 32 40 34

0 5 67 2 -10 1 31 18

0 14 35 19 -18 9 16 33

0 73 83 42 -5 41 43 42

0 36 46 88 -1 14 21 32

0 10 11 18 -2 12 14 11

0 31 48 61 -3 24 30 29

0 4 82 72 -15 0 2 34

0 6 23 15 -10 2 8 19

0 43 91 1 -4 37 38 11

0 10 29 51 -2 13 38 30

0 11 13 27 -18 7 16 11

0 81 85 72 -9 9 15 19

0 20 82 75 -16 22 42 45

0 19 99 22 -13 31 32 9

0 23 52 44 -3 15 20 40

0 9 52 99 -9 7 33 25

0 22 36 45 -2 1 22 46

0 10 43 16 -5 14 20 17

0 0 2 54 -11 18 40 30

0 32 33 64 -2 0 7 14

0 21 24 6 -4 3 5 28

0 4 24 42 -7 3 31 14

0 2 44 25 -6 35 42 19

0 5 13 76 -19 2 21 20

0 5 10 44 -11 34 40 40

0 4 9 43 -19 1 8 9

0 6 20 84 -5 35 38 20

0 17 21 38 -16 2 23 37

0 4 24 31 -18 2 18 35

0 10 33 8 -4 10 14 40

0 6 13 23 -17 11 26 21

0 15 41 58 -19 21 46 7

0 8 69 45 -8 1 15 43

0 55 58 69 -17 11 13 23

0 78 95 90 -2 0 5 44

0 2 7 58 -18 11 40 34

0 16 91 99 -15 6 39 9

0 2 5 19 -18 22 27 42

0 16 30 94 -6 6 49 19

0 7 21 97 -16 3 38 45

0 10 28 33 -4 8 34 12

0 29 62 58 -4 31 44 46

0 6 7 14 -8 6 8 15

0 27 35 45 -19 22 25 0

0 21 62 25 -16 9 11 7

0 26 33 46 -7 28 47 45

0 2 66 3 -4 4 22 47

0 14 16 2 -15 6 41 43

0 1 3 30 -5 42 47 29

0 0 4 54 -4 24 33 1

0 9 10 88 -18 9 45 7

0 7 11 57 -1 27 40 45

0 0 7 38 -1 2 8 39

0 1 7 40 -6 6 33 5

0 1 13 93 -15 14 16 9

0 2 9 39 -10 5 39 4

0 25 30 63 -16 0 35 45

0 3 4 3 -17 2 30 13

0 13 17 79 -4 6 40 32


SAlphaB: 707.0, std-dev 259.7502845100084

Earliest win: 37
Latest win: 81

WinDepth:
0 0 0 0 0 0 0 0 0 0 0 0 0 0 0 0 0 0 0 0 0 0 0 0 0 0 0 0 0 0 0 0 0 0 0 0 0 5 0 1 1 4 5 15 18 15 19 31 29 69 78 136 87 101 128 195 149 191 171 216 176 224 222 284 356 359 393 350 427 391 441 469 445 432 431 365 258 238 181 150 119 84 
SAlphaB:
0 0 0 0 0 0 0 0 0 0 0 0 0 0 0 0 0 0 0 0 0 0 0 0 0 0 0 0 0 0 0 0 0 0 0 0 0 5 0 1 1 4 5 15 18 15 19 31 29 69 78 136 87 101 128 195 149 191 171 216 176 224 222 284 356 359 393 350 427 391 441 469 445 432 431 365 258 238 181 150 119 84 

LossDepth:
SAlphaB:
0 0 0 0 0 0 0 0 0 0 0 0 0 0 0 0 0 0 0 0 0 0 0 0 0 0 0 0 0 0 0 0 0 0 0 0 0 5 0 1 1 4 5 15 18 15 19 31 29 69 78 136 87 101 128 195 149 191 171 216 176 224 222 284 356 359 393 350 427 391 441 469 445 432 431 365 258 238 181 150 119 84 

FirstWin:
0 0 0 0 0 0 0 0 0 0 0 0 0 0 0 0 0 0 0 0 0 0 0 0 0 0 0 0 0 0 0 0 0 0 0 0 0 5 0 1 0 4 0 15 0 15 0 31 0 69 0 136 0 101 0 195 0 191 0 216 0 224 0 284 0 359 0 350 0 391 0 469 0 432 0 365 0 238 0 150 0 84 
SAlphaB:
0 0 0 0 0 0 0 0 0 0 0 0 0 0 0 0 0 0 0 0 0 0 0 0 0 0 0 0 0 0 0 0 0 0 0 0 0 5 0 1 0 4 0 15 0 15 0 31 0 69 0 136 0 101 0 195 0 191 0 216 0 224 0 284 0 359 0 350 0 391 0 469 0 432 0 365 0 238 0 150 0 84 

SecondWin:
0 0 0 0 0 0 0 0 0 0 0 0 0 0 0 0 0 0 0 0 0 0 0 0 0 0 0 0 0 0 0 0 0 0 0 0 0 0 0 0 1 0 5 0 18 0 19 0 29 0 78 0 87 0 128 0 149 0 171 0 176 0 222 0 356 0 393 0 427 0 441 0 445 0 431 0 258 0 181 0 119 0 
SAlphaB:
0 0 0 0 0 0 0 0 0 0 0 0 0 0 0 0 0 0 0 0 0 0 0 0 0 0 0 0 0 0 0 0 0 0 0 0 0 0 0 0 1 0 5 0 18 0 19 0 29 0 78 0 87 0 128 0 149 0 171 0 176 0 222 0 356 0 393 0 427 0 441 0 445 0 431 0 258 0 181 0 119 0 
