0 28 47 4 -2 2 12 10

0 53 76 19 -13 10 36 14

0 33 69 98 -9 7 18 22

0 59 73 56 -15 10 13 16

0 65 83 84 -10 6 8 2

0 26 37 70 -14 2 5 14

0 13 88 32 -5 8 22 10

0 35 67 92 -18 8 26 34

0 18 80 12 -8 5 13 38

0 2 80 65 -19 7 10 27

0 18 74 78 -3 17 25 3

0 53 64 62 -9 9 35 42

0 56 89 61 -15 2 5 43

0 68 91 97 -18 11 17 48

0 55 96 87 -11 17 22 16

0 32 99 29 -11 14 42 0

0 22 66 70 -15 1 2 16

0 44 95 55 -9 9 27 30

0 17 93 57 -8 14 30 23

0 36 72 61 -14 0 7 18

0 49 71 63 -8 10 21 28

0 26 37 69 -8 1 11 19

0 57 78 44 -8 11 15 34

0 8 81 3 -12 0 1 33

0 43 56 49 -14 3 27 7

0 70 95 79 -2 5 6 40

0 24 93 86 -13 11 15 40

0 13 48 98 -12 5 7 28

0 48 49 82 -9 3 5 35

0 14 53 59 -7 12 29 17

0 24 92 95 -3 2 16 40

0 22 61 91 -18 20 32 26

0 48 58 39 -13 6 22 34

0 8 36 19 -13 0 1 6

0 47 59 70 -2 7 10 28

0 13 82 10 -20 9 26 20

0 52 58 32 -2 16 22 49

0 11 26 81 -15 1 17 16

0 33 60 36 -20 2 26 3

0 72 98 22 -2 35 38 49

0 15 75 46 -12 40 43 10

0 11 64 42 -14 1 5 13

0 58 90 14 -6 0 28 40

0 19 86 66 -17 9 30 36

0 41 62 23 -3 16 26 41

0 56 57 28 -10 29 42 24

0 53 57 29 -15 14 22 44

0 30 44 73 -11 7 33 9

0 8 86 51 -1 3 40 14

0 12 97 33 -13 26 29 46

0 24 27 18 -8 14 17 4

0 25 34 75 -10 11 14 47

0 62 98 89 -5 10 11 26

0 13 18 30 -2 9 35 22

0 25 27 32 -8 6 34 6

0 3 54 77 -17 31 33 49

0 31 37 47 -1 13 18 40

0 5 22 19 -15 7 19 18

0 16 17 9 -19 13 34 14

0 0 13 75 -8 7 15 27

0 9 16 22 -4 4 7 20

0 14 46 18 -8 7 20 42

0 6 38 13 -11 23 37 20

0 23 39 98 -7 1 47 10

0 7 15 64 -9 15 19 34

0 26 30 2 -10 12 33 42

0 23 35 36 -9 5 14 49

0 10 34 7 -17 10 20 3

0 6 11 57 -3 7 48 2

0 40 83 55 -7 40 41 28

0 6 7 74 -15 1 23 28

0 7 45 12 -8 22 44 6

0 6 62 58 -11 5 41 41

0 6 9 76 -5 6 13 23

0 3 10 20 -17 22 27 33

0 23 56 40 -2 30 31 32

0 19 62 93 -16 25 26 19

0 1 29 57 -15 17 20 15

0 37 48 57 -6 23 25 8

0 7 10 69 -16 11 33 21

0 0 11 21 -12 0 1 32

0 3 6 17 -19 2 3 18

0 5 24 16 -1 27 37 9

0 1 11 79 -5 13 19 48

0 11 27 8 -1 0 6 33

0 6 16 34 -15 16 47 15

0 10 13 0 -18 0 8 32

0 13 21 35 -5 25 33 34

0 3 10 7 -3 19 46 48

0 4 20 12 -16 29 39 42

0 1 3 66 -13 10 16 49

0 0 2 24 -18 1 2 25

0 19 20 95 -5 0 15 45

0 7 42 14 -9 27 36 48

0 2 3 76 -10 12 49 44

0 0 31 6 -1 7 42 30

0 0 5 14 -14 18 26 39

0 8 21 13 -16 42 45 34

0 5 11 90 -10 33 34 25

0 1 8 15 -6 13 26 25


SAlphaB: 690.0, std-dev 263.2645264920645

Earliest win: 37
Latest win: 81

WinDepth:
0 0 0 0 0 0 0 0 0 0 0 0 0 0 0 0 0 0 0 0 0 0 0 0 0 0 0 0 0 0 0 0 0 0 0 0 0 1 0 7 2 10 5 9 11 22 14 24 22 63 72 215 90 145 84 214 148 189 152 160 153 247 267 334 344 337 450 385 387 393 417 395 389 442 353 379 248 265 194 126 100 69 
SAlphaB:
0 0 0 0 0 0 0 0 0 0 0 0 0 0 0 0 0 0 0 0 0 0 0 0 0 0 0 0 0 0 0 0 0 0 0 0 0 1 0 7 2 10 5 9 11 22 14 24 22 63 72 215 90 145 84 214 148 189 152 160 153 247 267 334 344 337 450 385 387 393 417 395 389 442 353 379 248 265 194 126 100 69 

LossDepth:
SAlphaB:
0 0 0 0 0 0 0 0 0 0 0 0 0 0 0 0 0 0 0 0 0 0 0 0 0 0 0 0 0 0 0 0 0 0 0 0 0 1 0 7 2 10 5 9 11 22 14 24 22 63 72 215 90 145 84 214 148 189 152 160 153 247 267 334 344 337 450 385 387 393 417 395 389 442 353 379 248 265 194 126 100 69 

FirstWin:
0 0 0 0 0 0 0 0 0 0 0 0 0 0 0 0 0 0 0 0 0 0 0 0 0 0 0 0 0 0 0 0 0 0 0 0 0 1 0 7 0 10 0 9 0 22 0 24 0 63 0 215 0 145 0 214 0 189 0 160 0 247 0 334 0 337 0 385 0 393 0 395 0 442 0 379 0 265 0 126 0 69 
SAlphaB:
0 0 0 0 0 0 0 0 0 0 0 0 0 0 0 0 0 0 0 0 0 0 0 0 0 0 0 0 0 0 0 0 0 0 0 0 0 1 0 7 0 10 0 9 0 22 0 24 0 63 0 215 0 145 0 214 0 189 0 160 0 247 0 334 0 337 0 385 0 393 0 395 0 442 0 379 0 265 0 126 0 69 

SecondWin:
0 0 0 0 0 0 0 0 0 0 0 0 0 0 0 0 0 0 0 0 0 0 0 0 0 0 0 0 0 0 0 0 0 0 0 0 0 0 0 0 2 0 5 0 11 0 14 0 22 0 72 0 90 0 84 0 148 0 152 0 153 0 267 0 344 0 450 0 387 0 417 0 389 0 353 0 248 0 194 0 100 0 
SAlphaB:
0 0 0 0 0 0 0 0 0 0 0 0 0 0 0 0 0 0 0 0 0 0 0 0 0 0 0 0 0 0 0 0 0 0 0 0 0 0 0 0 2 0 5 0 11 0 14 0 22 0 72 0 90 0 84 0 148 0 152 0 153 0 267 0 344 0 450 0 387 0 417 0 389 0 353 0 248 0 194 0 100 0 
