0 26 53 68 -19 1 2 9

0 60 95 9 -3 8 36 4

0 36 56 25 -20 5 14 9

0 10 17 25 -14 0 1 19

0 20 83 5 -19 2 5 25

0 0 72 77 -4 30 46 12

0 34 95 23 -20 4 5 8

0 25 68 8 -18 0 16 45

0 78 88 64 -7 9 42 19

0 28 68 64 -11 3 18 22

0 32 45 50 -10 6 9 10

0 30 57 49 -11 2 4 28

0 56 83 48 -13 7 8 23

0 71 98 91 -7 14 40 47

0 54 88 44 -1 8 41 11

0 2 60 92 -14 4 8 23

0 53 58 81 -5 10 32 48

0 66 88 78 -13 9 15 39

0 59 73 2 -4 16 33 42

0 75 85 6 -14 7 26 48

0 24 65 42 -11 26 41 19

0 14 36 25 -18 2 5 47

0 10 61 86 -20 7 10 8

0 51 83 9 -12 2 5 23

0 45 47 65 -19 15 41 11

0 67 87 45 -8 26 36 1

0 87 99 57 -14 1 8 35

0 22 77 78 -13 9 17 39

0 83 87 32 -7 4 12 48

0 1 98 89 -11 9 17 10

0 2 16 26 -10 0 1 1

0 63 65 66 -9 2 16 6

0 20 62 81 -19 0 26 12

0 89 94 55 -17 0 6 42

0 92 98 32 -20 35 39 23

0 55 72 13 -6 19 34 13

0 33 53 25 -3 14 17 21

0 29 71 91 -11 7 26 42

0 83 85 53 -2 1 2 12

0 21 50 89 -5 4 5 45

0 15 19 94 -1 16 42 23

0 15 52 60 -15 25 44 35

0 18 41 25 -18 13 24 1

0 3 21 83 -18 15 16 41

0 9 34 16 -20 27 28 17

0 21 35 10 -9 13 38 17

0 53 61 8 -3 0 10 0

0 33 97 6 -17 15 19 29

0 26 56 23 -18 4 20 27

0 80 90 56 -9 32 36 15

0 26 39 89 -19 11 25 20

0 1 59 46 -8 37 41 36

0 78 81 24 -15 5 6 27

0 35 79 14 -20 36 42 46

0 40 46 93 -1 1 33 43

0 7 57 68 -7 5 8 12

0 15 18 65 -15 8 12 11

0 0 29 55 -7 21 22 8

0 0 1 98 -14 9 11 46

0 6 15 49 -1 2 5 20

0 5 56 28 -7 29 42 47

0 22 58 94 -9 8 43 24

0 23 29 25 -4 13 32 3

0 25 27 30 -20 17 46 13

0 20 99 38 -2 20 40 32

0 7 15 1 -9 3 5 1

0 33 37 85 -3 10 15 43

0 0 2 23 -4 4 17 8

0 31 40 85 -2 36 38 26

0 37 40 70 -11 22 30 49

0 9 56 45 -9 2 42 18

0 22 32 91 -20 14 25 45

0 1 12 48 -14 3 6 21

0 27 75 27 -20 5 29 41

0 8 11 37 -13 3 29 21

0 34 99 12 -12 29 36 36

0 7 13 33 -4 1 4 14

0 2 31 9 -14 12 28 44

0 49 75 66 -16 33 49 47

0 14 28 49 -10 43 49 29

0 25 42 33 -19 33 34 38

0 76 89 86 -1 0 1 46

0 1 23 31 -5 19 40 19

0 17 30 14 -9 23 27 35

0 7 12 63 -18 1 8 0

0 1 3 25 -18 24 31 14

0 0 15 43 -16 24 27 17

0 6 12 0 -2 32 39 25

0 2 4 15 -2 38 49 40

0 1 2 89 -18 1 24 17

0 3 11 44 -4 27 44 45

0 13 14 36 -20 22 31 48

0 19 20 55 -13 16 39 49

0 1 2 75 -1 27 29 39

0 1 15 96 -20 24 45 46

0 5 7 67 -1 1 13 11

0 0 8 8 -4 6 8 38

0 5 10 21 -7 9 18 46

0 5 18 3 -17 24 45 48

0 6 16 58 -5 1 21 38


SAlphaB: 694.0, std-dev 265.5490234182454

Earliest win: 37
Latest win: 81

WinDepth:
0 0 0 0 0 0 0 0 0 0 0 0 0 0 0 0 0 0 0 0 0 0 0 0 0 0 0 0 0 0 0 0 0 0 0 0 0 7 0 2 9 3 2 18 2 9 8 28 17 99 39 332 80 115 81 181 126 154 212 150 179 264 212 313 273 396 390 386 476 377 430 492 425 381 396 355 235 246 197 140 102 75 
SAlphaB:
0 0 0 0 0 0 0 0 0 0 0 0 0 0 0 0 0 0 0 0 0 0 0 0 0 0 0 0 0 0 0 0 0 0 0 0 0 7 0 2 9 3 2 18 2 9 8 28 17 99 39 332 80 115 81 181 126 154 212 150 179 264 212 313 273 396 390 386 476 377 430 492 425 381 396 355 235 246 197 140 102 75 

LossDepth:
SAlphaB:
0 0 0 0 0 0 0 0 0 0 0 0 0 0 0 0 0 0 0 0 0 0 0 0 0 0 0 0 0 0 0 0 0 0 0 0 0 7 0 2 9 3 2 18 2 9 8 28 17 99 39 332 80 115 81 181 126 154 212 150 179 264 212 313 273 396 390 386 476 377 430 492 425 381 396 355 235 246 197 140 102 75 

FirstWin:
0 0 0 0 0 0 0 0 0 0 0 0 0 0 0 0 0 0 0 0 0 0 0 0 0 0 0 0 0 0 0 0 0 0 0 0 0 7 0 2 0 3 0 18 0 9 0 28 0 99 0 332 0 115 0 181 0 154 0 150 0 264 0 313 0 396 0 386 0 377 0 492 0 381 0 355 0 246 0 140 0 75 
SAlphaB:
0 0 0 0 0 0 0 0 0 0 0 0 0 0 0 0 0 0 0 0 0 0 0 0 0 0 0 0 0 0 0 0 0 0 0 0 0 7 0 2 0 3 0 18 0 9 0 28 0 99 0 332 0 115 0 181 0 154 0 150 0 264 0 313 0 396 0 386 0 377 0 492 0 381 0 355 0 246 0 140 0 75 

SecondWin:
0 0 0 0 0 0 0 0 0 0 0 0 0 0 0 0 0 0 0 0 0 0 0 0 0 0 0 0 0 0 0 0 0 0 0 0 0 0 0 0 9 0 2 0 2 0 8 0 17 0 39 0 80 0 81 0 126 0 212 0 179 0 212 0 273 0 390 0 476 0 430 0 425 0 396 0 235 0 197 0 102 0 
SAlphaB:
0 0 0 0 0 0 0 0 0 0 0 0 0 0 0 0 0 0 0 0 0 0 0 0 0 0 0 0 0 0 0 0 0 0 0 0 0 0 0 0 9 0 2 0 2 0 8 0 17 0 39 0 80 0 81 0 126 0 212 0 179 0 212 0 273 0 390 0 476 0 430 0 425 0 396 0 235 0 197 0 102 0 
