0 72 99 95 -11 4 22 3

0 48 77 31 -3 6 36 21

0 73 77 93 -10 6 43 39

0 25 85 23 -9 0 1 5

0 39 45 21 -6 10 19 14

0 25 46 91 -10 30 31 9

0 43 70 64 -16 6 9 12

0 80 89 42 -5 17 19 48

0 47 94 51 -13 11 18 26

0 50 93 86 -2 4 9 47

0 46 70 74 -7 21 48 27

0 39 69 39 -2 10 20 29

0 43 73 5 -8 3 4 18

0 34 72 84 -18 19 34 7

0 50 79 80 -8 12 20 38

0 18 25 84 -12 18 26 25

0 35 70 39 -8 30 37 25

0 47 66 59 -18 0 1 36

0 89 92 34 -15 5 11 0

0 54 59 82 -8 26 28 28

0 68 95 24 -16 5 7 47

0 82 95 32 -16 19 31 25

0 25 33 77 -17 19 37 6

0 30 88 4 -18 3 23 13

0 63 66 47 -15 15 43 5

0 18 99 70 -1 18 28 5

0 53 90 77 -3 17 20 0

0 88 90 69 -4 8 15 15

0 11 57 51 -16 17 39 18

0 29 66 43 -13 30 38 19

0 31 42 54 -3 1 7 5

0 3 21 28 -10 20 34 17

0 36 56 13 -18 10 12 8

0 15 43 80 -11 14 15 23

0 38 39 59 -13 37 38 32

0 82 97 75 -14 3 7 12

0 37 66 2 -3 5 47 2

0 49 81 25 -17 19 31 4

0 28 96 72 -5 5 6 34

0 9 89 22 -5 11 30 30

0 30 74 8 -18 17 20 37

0 4 75 87 -13 14 17 24

0 3 8 28 -4 18 39 11

0 68 77 67 -2 2 4 37

0 54 73 19 -1 17 48 45

0 7 66 23 -7 7 9 16

0 63 69 69 -13 9 19 39

0 24 28 92 -17 16 39 0

0 11 37 3 -5 0 1 23

0 37 38 20 -1 5 7 32

0 28 32 77 -9 18 27 27

0 18 46 82 -19 1 29 14

0 14 23 2 -7 27 42 24

0 22 38 16 -7 25 44 9

0 21 37 27 -8 32 35 1

0 4 36 43 -20 13 33 9

0 23 75 34 -6 15 20 15

0 14 88 60 -1 17 36 42

0 24 48 9 -13 6 40 34

0 12 23 16 -9 0 3 36

0 33 34 39 -8 19 27 48

0 6 45 73 -8 26 33 16

0 20 22 71 -10 8 30 39

0 0 72 26 -14 4 9 33

0 66 70 75 -15 42 45 47

0 49 53 61 -16 15 20 32

0 80 87 29 -4 37 45 15

0 33 39 77 -17 0 47 14

0 1 70 64 -8 4 9 38

0 7 25 64 -15 9 26 48

0 32 40 54 -3 16 28 26

0 31 39 55 -9 16 22 33

0 0 8 84 -12 10 25 2

0 12 17 40 -14 6 26 22

0 3 14 12 -18 15 21 2

0 30 72 62 -13 33 46 49

0 10 65 65 -9 8 10 42

0 13 44 2 -17 17 34 28

0 19 37 92 -9 12 49 25

0 4 15 47 -9 1 33 9

0 3 6 44 -12 27 34 30

0 9 12 55 -2 19 33 29

0 19 48 55 -3 14 27 30

0 14 35 44 -20 13 48 44

0 2 7 85 -13 1 2 30

0 4 5 97 -19 7 17 8

0 6 40 60 -18 13 17 48

0 0 2 50 -8 12 40 16

0 1 2 84 -15 7 11 4

0 16 19 70 -1 0 3 33

0 5 9 57 -10 2 22 26

0 1 29 68 -5 1 43 11

0 9 10 76 -2 6 42 25

0 3 4 80 -3 0 1 47

0 5 12 41 -1 17 24 6

0 0 1 50 -8 34 39 47

0 1 17 83 -10 1 11 21

0 0 7 45 -17 1 14 47

0 2 14 14 -20 1 10 49

0 2 3 38 -12 15 28 43


SAlphaB: 766.0, std-dev 287.7548167198154

Earliest win: 35
Latest win: 81

WinDepth:
0 0 0 0 0 0 0 0 0 0 0 0 0 0 0 0 0 0 0 0 0 0 0 0 0 0 0 0 0 0 0 0 0 0 0 1 0 9 0 3 7 1 0 13 6 20 13 37 27 69 67 164 58 79 66 151 113 180 155 174 130 219 229 330 330 364 412 381 493 379 475 464 492 387 415 364 324 237 205 122 93 80 
SAlphaB:
0 0 0 0 0 0 0 0 0 0 0 0 0 0 0 0 0 0 0 0 0 0 0 0 0 0 0 0 0 0 0 0 0 0 0 1 0 9 0 3 7 1 0 13 6 20 13 37 27 69 67 164 58 79 66 151 113 180 155 174 130 219 229 330 330 364 412 381 493 379 475 464 492 387 415 364 324 237 205 122 93 80 

LossDepth:
SAlphaB:
0 0 0 0 0 0 0 0 0 0 0 0 0 0 0 0 0 0 0 0 0 0 0 0 0 0 0 0 0 0 0 0 0 0 0 1 0 9 0 3 7 1 0 13 6 20 13 37 27 69 67 164 58 79 66 151 113 180 155 174 130 219 229 330 330 364 412 381 493 379 475 464 492 387 415 364 324 237 205 122 93 80 

FirstWin:
0 0 0 0 0 0 0 0 0 0 0 0 0 0 0 0 0 0 0 0 0 0 0 0 0 0 0 0 0 0 0 0 0 0 0 1 0 9 0 3 0 1 0 13 0 20 0 37 0 69 0 164 0 79 0 151 0 180 0 174 0 219 0 330 0 364 0 381 0 379 0 464 0 387 0 364 0 237 0 122 0 80 
SAlphaB:
0 0 0 0 0 0 0 0 0 0 0 0 0 0 0 0 0 0 0 0 0 0 0 0 0 0 0 0 0 0 0 0 0 0 0 1 0 9 0 3 0 1 0 13 0 20 0 37 0 69 0 164 0 79 0 151 0 180 0 174 0 219 0 330 0 364 0 381 0 379 0 464 0 387 0 364 0 237 0 122 0 80 

SecondWin:
0 0 0 0 0 0 0 0 0 0 0 0 0 0 0 0 0 0 0 0 0 0 0 0 0 0 0 0 0 0 0 0 0 0 0 0 0 0 0 0 7 0 0 0 6 0 13 0 27 0 67 0 58 0 66 0 113 0 155 0 130 0 229 0 330 0 412 0 493 0 475 0 492 0 415 0 324 0 205 0 93 0 
SAlphaB:
0 0 0 0 0 0 0 0 0 0 0 0 0 0 0 0 0 0 0 0 0 0 0 0 0 0 0 0 0 0 0 0 0 0 0 0 0 0 0 0 7 0 0 0 6 0 13 0 27 0 67 0 58 0 66 0 113 0 155 0 130 0 229 0 330 0 412 0 493 0 475 0 492 0 415 0 324 0 205 0 93 0 
