0 77 94 91 -10 0 1 14

0 52 81 67 -18 1 2 7

0 57 74 26 -13 3 15 35

0 64 91 10 -18 2 5 29

0 58 95 2 -20 6 8 32

0 19 79 20 -12 6 7 21

0 76 84 71 -12 5 19 34

0 35 37 73 -20 30 43 34

0 19 33 3 -18 0 6 12

0 27 90 50 -10 7 13 39

0 22 46 44 -11 2 17 9

0 65 95 20 -19 2 11 19

0 72 75 85 -2 1 22 4

0 34 91 15 -9 6 13 33

0 41 88 13 -9 36 40 35

0 25 72 46 -6 29 46 2

0 33 55 18 -15 6 29 11

0 73 82 60 -10 22 36 29

0 8 57 83 -16 0 3 0

0 8 24 9 -4 24 39 14

0 5 9 60 -10 3 4 9

0 33 69 92 -6 27 46 8

0 9 31 51 -17 0 6 2

0 37 68 85 -14 34 39 27

0 26 70 17 -9 13 30 39

0 49 91 15 -10 4 15 43

0 56 58 50 -12 15 35 28

0 0 30 97 -4 10 24 7

0 2 38 87 -15 24 28 16

0 46 65 71 -12 18 23 33

0 20 31 47 -6 32 37 19

0 19 30 5 -2 28 36 23

0 3 48 44 -2 6 7 30

0 1 32 86 -16 14 25 9

0 57 62 73 -11 3 34 16

0 9 13 80 -5 9 20 26

0 7 72 75 -14 8 25 28

0 10 70 45 -19 21 40 35

0 8 52 45 -9 7 20 1

0 10 21 86 -6 0 2 34

0 60 72 88 -3 46 48 29

0 55 88 32 -13 24 48 48

0 9 15 32 -12 18 44 8

0 33 91 43 -20 31 46 21

0 35 77 86 -10 15 20 14

0 5 90 82 -15 24 30 28

0 1 27 37 -13 0 1 24

0 30 43 57 -18 4 29 28

0 9 77 24 -17 31 42 1

0 30 48 38 -18 22 30 31

0 50 68 3 -16 4 34 26

0 24 37 59 -1 6 34 19

0 20 54 63 -19 30 43 14

0 5 42 76 -11 12 13 1

0 15 25 5 -13 13 42 41

0 48 55 85 -10 4 46 16

0 29 32 83 -1 1 4 39

0 43 62 86 -8 6 7 36

0 23 27 40 -12 3 18 48

0 54 58 4 -17 19 34 41

0 44 50 59 -11 21 39 41

0 11 18 22 -19 2 3 2

0 2 13 72 -9 1 2 7

0 38 90 33 -7 36 37 2

0 23 28 15 -14 32 40 13

0 14 15 39 -18 0 12 39

0 51 86 58 -19 22 36 32

0 3 6 67 -10 3 19 18

0 12 81 73 -9 20 38 44

0 2 23 2 -4 0 32 22

0 5 23 55 -18 6 25 25

0 0 45 22 -17 11 43 23

0 14 15 86 -18 4 5 37

0 3 4 55 -18 23 27 34

0 3 15 11 -20 14 40 19

0 3 11 82 -16 29 36 25

0 19 96 66 -3 27 43 35

0 1 16 54 -17 34 38 48

0 25 48 2 -12 24 37 26

0 8 43 74 -3 2 14 44

0 52 59 39 -6 29 40 4

0 2 53 78 -17 12 40 11

0 7 11 67 -2 31 34 27

0 0 1 49 -4 22 25 28

0 0 20 40 -20 7 43 23

0 9 25 99 -3 4 42 14

0 0 24 73 -18 4 24 49

0 9 12 23 -17 26 32 15

0 19 23 91 -15 6 42 46

0 2 9 58 -4 9 25 30

0 9 26 25 -6 2 11 47

0 0 1 38 -18 13 32 34

0 4 6 51 -12 16 33 49

0 0 16 50 -6 10 25 41

0 8 10 16 -6 13 15 23

0 6 10 69 -10 1 13 29

0 8 17 94 -3 16 21 45

0 4 14 1 -6 4 8 25

0 1 3 45 -8 3 4 37

0 9 14 38 -1 12 22 47


SAlphaB: 741.0, std-dev 278.6601957527657

Earliest win: 37
Latest win: 81

WinDepth:
0 0 0 0 0 0 0 0 0 0 0 0 0 0 0 0 0 0 0 0 0 0 0 0 0 0 0 0 0 0 0 0 0 0 0 0 0 1 1 5 0 1 1 21 9 6 17 31 19 71 81 314 73 98 90 117 100 160 137 170 125 222 236 309 315 365 395 379 526 383 477 393 467 381 439 393 272 241 188 129 90 96 
SAlphaB:
0 0 0 0 0 0 0 0 0 0 0 0 0 0 0 0 0 0 0 0 0 0 0 0 0 0 0 0 0 0 0 0 0 0 0 0 0 1 1 5 0 1 1 21 9 6 17 31 19 71 81 314 73 98 90 117 100 160 137 170 125 222 236 309 315 365 395 379 526 383 477 393 467 381 439 393 272 241 188 129 90 96 

LossDepth:
SAlphaB:
0 0 0 0 0 0 0 0 0 0 0 0 0 0 0 0 0 0 0 0 0 0 0 0 0 0 0 0 0 0 0 0 0 0 0 0 0 1 1 5 0 1 1 21 9 6 17 31 19 71 81 314 73 98 90 117 100 160 137 170 125 222 236 309 315 365 395 379 526 383 477 393 467 381 439 393 272 241 188 129 90 96 

FirstWin:
0 0 0 0 0 0 0 0 0 0 0 0 0 0 0 0 0 0 0 0 0 0 0 0 0 0 0 0 0 0 0 0 0 0 0 0 0 1 0 5 0 1 0 21 0 6 0 31 0 71 0 314 0 98 0 117 0 160 0 170 0 222 0 309 0 365 0 379 0 383 0 393 0 381 0 393 0 241 0 129 0 96 
SAlphaB:
0 0 0 0 0 0 0 0 0 0 0 0 0 0 0 0 0 0 0 0 0 0 0 0 0 0 0 0 0 0 0 0 0 0 0 0 0 1 0 5 0 1 0 21 0 6 0 31 0 71 0 314 0 98 0 117 0 160 0 170 0 222 0 309 0 365 0 379 0 383 0 393 0 381 0 393 0 241 0 129 0 96 

SecondWin:
0 0 0 0 0 0 0 0 0 0 0 0 0 0 0 0 0 0 0 0 0 0 0 0 0 0 0 0 0 0 0 0 0 0 0 0 0 0 1 0 0 0 1 0 9 0 17 0 19 0 81 0 73 0 90 0 100 0 137 0 125 0 236 0 315 0 395 0 526 0 477 0 467 0 439 0 272 0 188 0 90 0 
SAlphaB:
0 0 0 0 0 0 0 0 0 0 0 0 0 0 0 0 0 0 0 0 0 0 0 0 0 0 0 0 0 0 0 0 0 0 0 0 0 0 1 0 0 0 1 0 9 0 17 0 19 0 81 0 73 0 90 0 100 0 137 0 125 0 236 0 315 0 395 0 526 0 477 0 467 0 439 0 272 0 188 0 90 0 
