0 23 81 63 -18 0 5 21

0 33 98 21 -20 2 17 25

0 48 76 22 -12 11 20 23

0 42 80 65 -20 1 2 20

0 21 98 25 -7 1 6 0

0 24 60 94 -16 2 6 8

0 28 70 32 -17 3 6 14

0 25 43 86 -13 2 7 7

0 69 93 24 -2 20 38 28

0 39 81 80 -15 4 18 15

0 50 89 40 -18 2 24 42

0 52 94 52 -11 0 4 12

0 29 99 49 -2 4 14 0

0 41 58 35 -10 8 12 3

0 26 88 64 -3 5 18 20

0 64 93 20 -19 5 12 15

0 51 77 73 -9 8 28 15

0 47 94 79 -7 7 21 33

0 23 86 66 -7 0 7 13

0 71 75 99 -13 6 12 18

0 31 50 97 -9 5 16 15

0 91 94 41 -6 17 37 21

0 41 79 75 -6 6 26 23

0 41 52 66 -4 14 35 30

0 34 50 88 -9 7 18 7

0 60 70 29 -14 4 8 15

0 93 96 67 -13 1 2 24

0 28 47 48 -5 4 15 0

0 28 74 33 -20 3 7 1

0 31 70 13 -1 3 23 3

0 76 97 83 -14 11 42 36

0 33 59 40 -6 0 2 6

0 49 68 93 -18 5 13 0

0 62 92 15 -13 7 16 7

0 54 89 97 -2 6 14 17

0 29 70 57 -18 0 1 27

0 50 56 55 -4 8 25 25

0 72 91 16 -6 2 30 11

0 37 51 37 -10 0 1 1

0 60 89 91 -7 8 22 13

0 42 55 14 -13 4 21 15

0 65 87 77 -12 5 15 17

0 61 72 53 -7 10 36 31

0 27 53 92 -17 0 5 26

0 75 92 6 -8 1 31 16

0 54 85 25 -1 11 17 30

0 35 84 5 -20 5 11 13

0 39 46 44 -3 7 33 8

0 4 9 52 -2 3 7 7

0 1 88 49 -2 22 45 28

0 37 48 93 -13 0 15 38

0 30 31 6 -8 2 11 16

0 55 57 31 -17 2 22 26

0 46 94 94 -19 6 29 11

0 12 95 41 -8 0 1 4

0 34 86 92 -9 5 27 34

0 58 87 48 -2 0 1 5

0 10 53 80 -16 3 7 10

0 39 94 72 -14 10 34 13

0 5 98 61 -15 4 12 23

0 71 97 40 -8 6 9 38

0 83 97 51 -18 10 27 27

0 43 89 15 -17 4 32 43

0 36 66 91 -19 8 24 5

0 79 96 63 -8 20 23 9

0 73 83 82 -11 19 41 0

0 54 81 60 -17 4 6 16

0 41 83 80 -1 16 49 44

0 33 97 64 -6 2 3 18

0 45 69 42 -3 0 2 2

0 26 44 62 -12 0 1 25

0 34 73 71 -4 2 6 16

0 30 80 61 -15 3 5 42

0 37 38 80 -8 38 46 12

0 42 80 41 -20 1 3 46

0 36 62 55 -17 3 14 8

0 25 51 68 -20 2 12 28

0 39 79 92 -20 2 21 43

0 3 76 4 -12 10 34 11

0 38 68 26 -2 1 40 15

0 15 37 28 -4 5 16 11

0 52 63 24 -15 7 34 17

0 30 49 84 -5 23 38 12

0 48 77 60 -20 29 43 12

0 2 97 19 -19 3 6 6

0 61 92 69 -1 12 17 28

0 38 59 75 -6 1 2 14

0 33 82 85 -5 6 20 41

0 58 69 64 -15 4 5 10

0 31 87 57 -20 1 24 37

0 24 81 25 -3 11 18 22

0 13 65 24 -4 13 17 35

0 16 42 74 -5 13 29 5

0 51 65 98 -10 0 4 26

0 29 72 70 -7 0 5 38

0 14 49 68 -12 0 2 20

0 27 71 71 -10 5 17 31

0 10 64 74 -1 11 36 22

0 49 99 64 -18 23 24 44

0 36 82 2 -9 4 6 49


SAlphaB: 737.0, std-dev 252.3583355973298

Earliest win: 35
Latest win: 81

WinDepth:
0 0 0 0 0 0 0 0 0 0 0 0 0 0 0 0 0 0 0 0 0 0 0 0 0 0 0 0 0 0 0 0 0 0 0 1 1 20 7 10 3 30 20 25 31 53 77 169 72 186 155 343 186 309 321 443 319 562 340 488 418 704 597 816 738 980 863 982 1041 992 984 850 928 865 871 738 620 509 409 273 185 129 
SAlphaB:
0 0 0 0 0 0 0 0 0 0 0 0 0 0 0 0 0 0 0 0 0 0 0 0 0 0 0 0 0 0 0 0 0 0 0 1 1 20 7 10 3 30 20 25 31 53 77 169 72 186 155 343 186 309 321 443 319 562 340 488 418 704 597 816 738 980 863 982 1041 992 984 850 928 865 871 738 620 509 409 273 185 129 

LossDepth:
SAlphaB:
0 0 0 0 0 0 0 0 0 0 0 0 0 0 0 0 0 0 0 0 0 0 0 0 0 0 0 0 0 0 0 0 0 0 0 0 2 21 6 6 2 23 8 17 23 38 52 77 41 115 104 130 110 160 176 277 155 370 216 295 242 469 409 636 532 708 661 741 738 808 716 708 714 680 673 672 473 470 330 260 230 145 

FirstWin:
0 0 0 0 0 0 0 0 0 0 0 0 0 0 0 0 0 0 0 0 0 0 0 0 0 0 0 0 0 0 0 0 0 0 0 1 0 20 0 10 0 30 0 25 0 53 0 169 0 186 0 343 0 309 0 443 0 562 0 488 0 704 0 816 0 980 0 982 0 992 0 850 0 865 0 738 0 509 0 273 0 129 
SAlphaB:
0 0 0 0 0 0 0 0 0 0 0 0 0 0 0 0 0 0 0 0 0 0 0 0 0 0 0 0 0 0 0 0 0 0 0 1 0 20 0 10 0 30 0 25 0 53 0 169 0 186 0 343 0 309 0 443 0 562 0 488 0 704 0 816 0 980 0 982 0 992 0 850 0 865 0 738 0 509 0 273 0 129 

SecondWin:
0 0 0 0 0 0 0 0 0 0 0 0 0 0 0 0 0 0 0 0 0 0 0 0 0 0 0 0 0 0 0 0 0 0 0 0 1 0 7 0 3 0 20 0 31 0 77 0 72 0 155 0 186 0 321 0 319 0 340 0 418 0 597 0 738 0 863 0 1041 0 984 0 928 0 871 0 620 0 409 0 185 0 
SAlphaB:
0 0 0 0 0 0 0 0 0 0 0 0 0 0 0 0 0 0 0 0 0 0 0 0 0 0 0 0 0 0 0 0 0 0 0 0 1 0 7 0 3 0 20 0 31 0 77 0 72 0 155 0 186 0 321 0 319 0 340 0 418 0 597 0 738 0 863 0 1041 0 984 0 928 0 871 0 620 0 409 0 185 0 
