0 64 93 20 -19 5 12 15

0 42 55 14 -13 4 21 15

0 33 59 40 -6 0 2 6

0 26 88 64 -3 5 18 20

0 54 89 97 -2 6 14 17

0 41 58 35 -10 8 12 3

0 62 92 15 -13 7 16 7

0 54 85 25 -1 11 17 30

0 38 59 75 -6 1 2 14

0 93 96 67 -13 1 2 24

0 78 95 1 -15 6 8 30

0 60 75 37 -3 21 33 20

0 47 91 57 -2 12 40 10

0 17 41 20 -7 12 27 3

0 86 99 51 -8 5 41 48

0 58 68 85 -14 11 43 3

0 12 95 23 -11 4 8 31

0 59 65 63 -16 29 48 5

0 79 87 96 -4 4 5 12

0 36 71 84 -11 20 29 17

0 30 55 87 -10 5 43 24

0 23 24 73 -8 13 24 20

0 42 44 4 -16 0 3 8

0 29 49 62 -6 13 43 23

0 32 85 30 -3 22 23 23

0 14 47 67 -3 0 13 23

0 62 94 22 -4 9 34 1

0 43 60 56 -9 0 33 5

0 36 67 61 -13 13 20 19

0 25 88 52 -11 4 5 38

0 49 62 93 -8 7 12 23

0 44 57 2 -20 19 31 2

0 34 51 3 -4 35 39 15

0 25 96 24 -19 3 23 12

0 4 34 15 -9 4 14 27

0 69 74 4 -1 31 48 12

0 16 82 12 -18 7 41 30

0 51 57 18 -2 2 7 32

0 37 50 70 -8 22 34 12

0 16 50 42 -15 11 24 19

0 0 46 77 -16 3 4 20

0 0 45 20 -4 5 9 10

0 51 65 31 -14 0 3 34

0 42 43 28 -15 2 8 14

0 68 71 19 -4 24 34 19

0 55 75 51 -4 0 3 13

0 10 35 98 -17 0 22 27

0 14 98 23 -8 5 35 8

0 36 45 87 -3 7 48 7

0 25 35 62 -19 20 33 32

0 46 66 89 -9 23 38 41

0 34 45 27 -1 23 35 26

0 24 39 58 -15 7 16 41

0 41 89 66 -7 35 38 5

0 28 38 48 -2 2 8 42

0 0 84 2 -14 1 7 8

0 18 20 89 -19 3 23 32

0 19 99 34 -20 11 12 24

0 49 79 10 -5 2 3 44

0 1 24 88 -10 0 5 15

0 7 23 26 -16 5 16 0

0 10 25 10 -18 5 10 10

0 27 37 67 -3 25 41 45

0 6 14 17 -6 7 16 18

0 2 97 11 -3 12 23 21

0 23 44 67 -9 13 22 0

0 28 31 1 -6 20 35 16

0 48 66 95 -19 1 48 10

0 8 42 99 -8 10 43 6

0 0 4 11 -9 12 14 12

0 5 8 90 -7 4 34 16

0 12 22 63 -2 16 39 37

0 40 43 34 -5 19 28 34

0 5 32 74 -3 16 21 47

0 6 13 76 -3 32 41 25

0 4 9 27 -17 37 49 46

0 27 73 3 -19 18 45 0

0 2 6 14 -13 0 1 19

0 1 81 52 -11 4 11 41

0 4 25 60 -15 0 1 34

0 8 20 65 -9 33 48 33

0 0 1 37 -18 0 37 8

0 13 41 71 -17 29 49 39

0 1 7 14 -4 16 18 8

0 6 22 26 -19 7 45 21

0 7 8 26 -12 18 31 21

0 2 12 42 -2 5 29 19

0 4 5 30 -6 3 27 4

0 4 14 42 -9 12 16 48

0 0 2 39 -20 21 30 17

0 12 21 78 -16 31 32 20

0 7 17 59 -13 6 23 41

0 6 21 89 -9 3 27 26

0 7 34 32 -14 27 47 0

0 1 6 48 -9 17 24 3

0 2 9 34 -4 2 29 30

0 1 2 91 -2 4 19 6

0 6 7 58 -19 8 18 47

0 6 9 21 -13 21 31 4

0 3 13 19 -1 6 8 33


SAlphaB: 717.0, std-dev 261.1811341741299

Earliest win: 37
Latest win: 81

WinDepth:
0 0 0 0 0 0 0 0 0 0 0 0 0 0 0 0 0 0 0 0 0 0 0 0 0 0 0 0 0 0 0 0 0 0 0 0 0 6 1 3 10 3 3 13 3 21 16 37 28 54 62 133 67 94 120 206 94 191 112 181 147 212 233 350 320 346 389 381 452 391 434 451 412 450 471 390 296 240 205 135 118 82 
SAlphaB:
0 0 0 0 0 0 0 0 0 0 0 0 0 0 0 0 0 0 0 0 0 0 0 0 0 0 0 0 0 0 0 0 0 0 0 0 0 6 1 3 10 3 3 13 3 21 16 37 28 54 62 133 67 94 120 206 94 191 112 181 147 212 233 350 320 346 389 381 452 391 434 451 412 450 471 390 296 240 205 135 118 82 

LossDepth:
SAlphaB:
0 0 0 0 0 0 0 0 0 0 0 0 0 0 0 0 0 0 0 0 0 0 0 0 0 0 0 0 0 0 0 0 0 0 0 0 0 6 1 3 10 3 3 13 3 21 16 37 28 54 62 133 67 94 120 206 94 191 112 181 147 212 233 350 320 346 389 381 452 391 434 451 412 450 471 390 296 240 205 135 118 82 

FirstWin:
0 0 0 0 0 0 0 0 0 0 0 0 0 0 0 0 0 0 0 0 0 0 0 0 0 0 0 0 0 0 0 0 0 0 0 0 0 6 0 3 0 3 0 13 0 21 0 37 0 54 0 133 0 94 0 206 0 191 0 181 0 212 0 350 0 346 0 381 0 391 0 451 0 450 0 390 0 240 0 135 0 82 
SAlphaB:
0 0 0 0 0 0 0 0 0 0 0 0 0 0 0 0 0 0 0 0 0 0 0 0 0 0 0 0 0 0 0 0 0 0 0 0 0 6 0 3 0 3 0 13 0 21 0 37 0 54 0 133 0 94 0 206 0 191 0 181 0 212 0 350 0 346 0 381 0 391 0 451 0 450 0 390 0 240 0 135 0 82 

SecondWin:
0 0 0 0 0 0 0 0 0 0 0 0 0 0 0 0 0 0 0 0 0 0 0 0 0 0 0 0 0 0 0 0 0 0 0 0 0 0 1 0 10 0 3 0 3 0 16 0 28 0 62 0 67 0 120 0 94 0 112 0 147 0 233 0 320 0 389 0 452 0 434 0 412 0 471 0 296 0 205 0 118 0 
SAlphaB:
0 0 0 0 0 0 0 0 0 0 0 0 0 0 0 0 0 0 0 0 0 0 0 0 0 0 0 0 0 0 0 0 0 0 0 0 0 0 1 0 10 0 3 0 3 0 16 0 28 0 62 0 67 0 120 0 94 0 112 0 147 0 233 0 320 0 389 0 452 0 434 0 412 0 471 0 296 0 205 0 118 0 
