0 24 60 94 -16 2 6 8

0 65 87 77 -12 5 15 17

0 41 79 75 -6 6 26 23

0 33 82 85 -5 6 20 41

0 28 47 48 -5 4 15 0

0 29 72 70 -7 0 5 38

0 83 97 51 -18 10 27 27

0 27 71 71 -10 5 17 31

0 36 82 2 -9 4 6 49

0 2 97 19 -19 3 6 6

0 26 87 70 -7 5 26 42

0 22 76 8 -17 4 17 1

0 44 87 67 -7 0 10 26

0 59 88 40 -1 3 15 24

0 94 95 83 -16 2 3 6

0 15 68 84 -16 26 32 7

0 25 35 51 -9 13 27 16

0 37 64 43 -6 12 18 46

0 46 47 47 -6 6 39 18

0 18 47 22 -2 1 4 16

0 7 78 34 -10 0 1 33

0 7 95 20 -8 0 19 3

0 74 82 29 -7 0 7 40

0 17 90 75 -5 4 14 25

0 17 36 74 -7 0 12 6

0 39 87 92 -15 21 42 16

0 33 96 33 -11 4 42 22

0 5 48 0 -10 29 32 8

0 13 23 38 -11 0 1 24

0 7 68 41 -7 8 30 12

0 26 42 61 -11 12 13 38

0 6 96 91 -16 21 23 12

0 8 93 10 -11 1 23 18

0 17 96 43 -15 16 39 33

0 20 56 37 -18 8 9 6

0 32 49 75 -19 27 42 18

0 88 90 46 -16 2 18 27

0 6 10 26 -6 11 12 2

0 47 71 6 -14 22 45 26

0 63 71 14 -16 1 5 37

0 14 40 16 -18 0 16 3

0 79 89 74 -10 39 47 42

0 59 65 74 -5 6 10 34

0 28 43 59 -3 4 20 45

0 55 67 95 -12 7 18 47

0 15 33 28 -15 5 6 14

0 27 89 33 -15 26 47 18

0 37 54 77 -18 15 17 42

0 15 57 42 -7 29 34 21

0 20 52 8 -8 31 44 21

0 15 66 2 -13 17 44 29

0 67 86 69 -6 34 40 32

0 10 13 86 -9 2 9 1

0 9 53 74 -3 3 22 26

0 13 65 56 -12 10 20 21

0 15 31 17 -9 13 16 13

0 21 39 48 -6 12 17 43

0 10 16 96 -12 38 45 46

0 5 56 60 -14 4 12 31

0 11 33 85 -16 31 38 16

0 15 83 96 -18 3 12 47

0 31 44 5 -3 15 33 12

0 15 26 80 -16 2 7 35

0 34 42 72 -2 10 11 26

0 17 26 34 -7 5 9 36

0 9 35 79 -16 9 11 29

0 3 50 91 -4 0 33 21

0 6 18 59 -16 0 12 13

0 43 70 57 -5 35 39 4

0 22 43 17 -16 12 30 43

0 20 58 34 -9 30 49 10

0 13 34 85 -19 2 8 45

0 15 17 42 -2 12 28 26

0 9 12 65 -15 21 25 45

0 46 72 61 -1 9 12 48

0 19 29 10 -6 25 40 13

0 36 38 75 -7 7 19 47

0 28 74 33 -3 33 49 42

0 15 33 21 -20 10 32 46

0 14 32 82 -5 28 35 42

0 1 5 73 -11 1 4 9

0 2 6 50 -3 17 21 21

0 28 46 81 -4 2 46 37

0 5 11 80 -7 0 3 31

0 6 7 6 -17 4 7 17

0 14 49 6 -12 3 39 35

0 4 10 84 -17 33 46 43

0 1 59 16 -3 32 40 49

0 15 31 88 -8 4 32 46

0 2 18 4 -11 6 49 33

0 0 10 33 -3 1 18 28

0 17 20 36 -13 39 46 25

0 2 6 14 -16 16 22 32

0 9 32 25 -7 24 48 26

0 2 7 47 -3 34 39 44

0 7 8 11 -19 3 6 36

0 8 9 65 -20 4 8 0

0 12 25 33 -3 6 33 37

0 0 11 24 -10 33 45 37

0 0 5 96 -14 2 19 39


SAlphaB: 714.0, std-dev 263.5471017645325

Earliest win: 38
Latest win: 81

WinDepth:
0 0 0 0 0 0 0 0 0 0 0 0 0 0 0 0 0 0 0 0 0 0 0 0 0 0 0 0 0 0 0 0 0 0 0 0 0 0 2 4 13 2 3 20 13 12 11 23 26 49 67 156 125 116 89 174 109 176 160 189 156 232 265 301 311 320 340 372 449 386 427 406 432 380 444 373 279 268 206 150 124 86 
SAlphaB:
0 0 0 0 0 0 0 0 0 0 0 0 0 0 0 0 0 0 0 0 0 0 0 0 0 0 0 0 0 0 0 0 0 0 0 0 0 0 2 4 13 2 3 20 13 12 11 23 26 49 67 156 125 116 89 174 109 176 160 189 156 232 265 301 311 320 340 372 449 386 427 406 432 380 444 373 279 268 206 150 124 86 

LossDepth:
SAlphaB:
0 0 0 0 0 0 0 0 0 0 0 0 0 0 0 0 0 0 0 0 0 0 0 0 0 0 0 0 0 0 0 0 0 0 0 0 0 0 2 4 13 2 3 20 13 12 11 23 26 49 67 156 125 116 89 174 109 176 160 189 156 232 265 301 311 320 340 372 449 386 427 406 432 380 444 373 279 268 206 150 124 86 

FirstWin:
0 0 0 0 0 0 0 0 0 0 0 0 0 0 0 0 0 0 0 0 0 0 0 0 0 0 0 0 0 0 0 0 0 0 0 0 0 0 0 4 0 2 0 20 0 12 0 23 0 49 0 156 0 116 0 174 0 176 0 189 0 232 0 301 0 320 0 372 0 386 0 406 0 380 0 373 0 268 0 150 0 86 
SAlphaB:
0 0 0 0 0 0 0 0 0 0 0 0 0 0 0 0 0 0 0 0 0 0 0 0 0 0 0 0 0 0 0 0 0 0 0 0 0 0 0 4 0 2 0 20 0 12 0 23 0 49 0 156 0 116 0 174 0 176 0 189 0 232 0 301 0 320 0 372 0 386 0 406 0 380 0 373 0 268 0 150 0 86 

SecondWin:
0 0 0 0 0 0 0 0 0 0 0 0 0 0 0 0 0 0 0 0 0 0 0 0 0 0 0 0 0 0 0 0 0 0 0 0 0 0 2 0 13 0 3 0 13 0 11 0 26 0 67 0 125 0 89 0 109 0 160 0 156 0 265 0 311 0 340 0 449 0 427 0 432 0 444 0 279 0 206 0 124 0 
SAlphaB:
0 0 0 0 0 0 0 0 0 0 0 0 0 0 0 0 0 0 0 0 0 0 0 0 0 0 0 0 0 0 0 0 0 0 0 0 0 0 2 0 13 0 3 0 13 0 11 0 26 0 67 0 125 0 89 0 109 0 160 0 156 0 265 0 311 0 340 0 449 0 427 0 432 0 444 0 279 0 206 0 124 0 
