0 30 31 6 -8 2 11 16

0 35 84 5 -20 5 11 13

0 24 81 25 -3 11 18 22

0 47 94 79 -7 7 21 33

0 71 97 40 -8 6 9 38

0 55 57 31 -17 2 22 26

0 27 53 92 -17 0 5 26

0 60 70 29 -14 4 8 15

0 26 44 62 -12 0 1 25

0 50 56 55 -4 8 25 25

0 49 70 41 -17 5 13 4

0 36 45 17 -7 8 28 7

0 80 95 50 -14 16 38 35

0 2 37 43 -20 2 4 2

0 6 77 73 -18 21 27 46

0 58 98 14 -19 7 41 31

0 62 87 64 -16 6 11 3

0 64 71 84 -1 18 27 7

0 2 60 74 -7 20 32 27

0 24 77 86 -20 32 35 34

0 12 51 50 -11 0 20 31

0 12 84 90 -3 1 7 44

0 60 85 4 -4 5 12 40

0 23 64 1 -6 9 14 31

0 4 32 10 -13 5 9 10

0 46 60 86 -18 9 37 24

0 86 89 10 -3 3 26 20

0 42 65 3 -20 0 32 0

0 30 76 55 -19 25 33 42

0 0 90 64 -9 11 12 19

0 23 38 97 -4 10 34 40

0 11 77 82 -11 7 10 44

0 50 76 65 -7 5 12 38

0 27 40 4 -3 25 38 9

0 59 71 12 -16 25 38 33

0 61 72 51 -17 3 42 3

0 11 62 6 -12 18 23 34

0 24 54 2 -5 11 14 2

0 29 39 73 -2 40 42 4

0 18 61 58 -17 16 44 0

0 7 23 83 -8 13 19 39

0 47 99 25 -1 30 44 43

0 29 59 72 -19 3 39 48

0 4 36 11 -11 0 3 49

0 14 74 31 -9 8 24 40

0 43 77 84 -5 17 21 38

0 13 76 12 -8 14 19 19

0 25 33 79 -15 11 21 10

0 0 32 21 -4 18 33 40

0 0 30 87 -15 16 22 45

0 0 45 24 -4 0 2 16

0 49 61 25 -6 6 10 48

0 11 41 27 -9 17 18 29

0 6 12 36 -18 3 10 4

0 18 50 48 -5 30 33 15

0 16 32 94 -10 2 3 29

0 11 50 13 -13 20 22 13

0 9 79 49 -1 36 40 7

0 9 48 65 -5 4 8 46

0 56 58 19 -7 5 10 35

0 14 30 66 -20 33 43 46

0 0 22 67 -12 7 15 0

0 13 19 23 -9 3 14 34

0 11 12 41 -20 19 21 19

0 14 21 45 -12 7 26 34

0 3 56 60 -14 2 39 33

0 4 16 39 -8 3 35 17

0 0 22 95 -18 0 3 21

0 3 9 33 -16 3 7 27

0 20 21 80 -18 0 49 11

0 10 27 19 -7 11 36 34

0 11 49 32 -19 33 45 46

0 0 9 31 -5 30 31 5

0 10 24 23 -12 26 41 36

0 13 16 66 -2 4 5 9

0 0 1 86 -19 0 10 8

0 8 51 54 -13 9 44 44

0 13 44 13 -6 13 25 48

0 20 44 23 -15 13 29 48

0 0 21 90 -20 7 12 0

0 17 24 53 -12 6 36 6

0 0 7 67 -14 21 26 30

0 19 21 31 -18 3 28 15

0 2 3 37 -15 7 49 9

0 0 9 56 -2 16 42 2

0 1 2 60 -14 1 3 19

0 8 22 41 -4 5 42 14

0 1 3 80 -12 14 36 38

0 7 14 44 -6 6 44 15

0 4 14 71 -2 1 7 30

0 7 9 93 -18 35 48 47

0 10 31 15 -6 14 44 46

0 17 19 5 -2 9 27 38

0 13 28 11 -7 3 14 46

0 15 26 39 -4 1 34 30

0 6 27 65 -4 9 36 45

0 4 21 16 -8 0 49 49

0 1 9 36 -2 2 45 8

0 6 34 57 -4 1 19 42

0 4 16 89 -16 1 2 44


SAlphaB: 706.0, std-dev 259.7370438918888

Earliest win: 37
Latest win: 81

WinDepth:
0 0 0 0 0 0 0 0 0 0 0 0 0 0 0 0 0 0 0 0 0 0 0 0 0 0 0 0 0 0 0 0 0 0 0 0 0 3 0 0 0 11 2 5 11 14 12 61 42 77 72 168 82 115 89 182 131 210 113 193 183 217 240 340 310 414 364 350 444 411 453 442 402 392 412 391 267 227 222 131 84 79 
SAlphaB:
0 0 0 0 0 0 0 0 0 0 0 0 0 0 0 0 0 0 0 0 0 0 0 0 0 0 0 0 0 0 0 0 0 0 0 0 0 3 0 0 0 11 2 5 11 14 12 61 42 77 72 168 82 115 89 182 131 210 113 193 183 217 240 340 310 414 364 350 444 411 453 442 402 392 412 391 267 227 222 131 84 79 

LossDepth:
SAlphaB:
0 0 0 0 0 0 0 0 0 0 0 0 0 0 0 0 0 0 0 0 0 0 0 0 0 0 0 0 0 0 0 0 0 0 0 0 0 3 0 0 0 11 2 5 11 14 12 61 42 77 72 168 82 115 89 182 131 210 113 193 183 217 240 340 310 414 364 350 444 411 453 442 402 392 412 391 267 227 222 131 84 79 

FirstWin:
0 0 0 0 0 0 0 0 0 0 0 0 0 0 0 0 0 0 0 0 0 0 0 0 0 0 0 0 0 0 0 0 0 0 0 0 0 3 0 0 0 11 0 5 0 14 0 61 0 77 0 168 0 115 0 182 0 210 0 193 0 217 0 340 0 414 0 350 0 411 0 442 0 392 0 391 0 227 0 131 0 79 
SAlphaB:
0 0 0 0 0 0 0 0 0 0 0 0 0 0 0 0 0 0 0 0 0 0 0 0 0 0 0 0 0 0 0 0 0 0 0 0 0 3 0 0 0 11 0 5 0 14 0 61 0 77 0 168 0 115 0 182 0 210 0 193 0 217 0 340 0 414 0 350 0 411 0 442 0 392 0 391 0 227 0 131 0 79 

SecondWin:
0 0 0 0 0 0 0 0 0 0 0 0 0 0 0 0 0 0 0 0 0 0 0 0 0 0 0 0 0 0 0 0 0 0 0 0 0 0 0 0 0 0 2 0 11 0 12 0 42 0 72 0 82 0 89 0 131 0 113 0 183 0 240 0 310 0 364 0 444 0 453 0 402 0 412 0 267 0 222 0 84 0 
SAlphaB:
0 0 0 0 0 0 0 0 0 0 0 0 0 0 0 0 0 0 0 0 0 0 0 0 0 0 0 0 0 0 0 0 0 0 0 0 0 0 0 0 0 0 2 0 11 0 12 0 42 0 72 0 82 0 89 0 131 0 113 0 183 0 240 0 310 0 364 0 444 0 453 0 402 0 412 0 267 0 222 0 84 0 
