0 14 49 68 -12 0 2 20

0 60 89 91 -7 8 22 13

0 23 86 66 -7 0 7 13

0 1 88 49 -2 22 45 28

0 37 38 80 -8 38 46 12

0 43 89 15 -17 4 32 43

0 58 69 64 -15 4 5 10

0 28 74 33 -20 3 7 1

0 36 66 91 -19 8 24 5

0 69 93 24 -2 20 38 28

0 51 85 92 -6 8 21 3

0 72 81 65 -8 5 27 17

0 11 54 82 -11 2 4 32

0 23 27 69 -2 16 25 10

0 10 39 72 -8 2 5 28

0 16 67 74 -17 2 24 6

0 32 86 30 -8 17 30 31

0 0 64 13 -3 2 5 0

0 67 91 96 -15 0 1 1

0 5 86 35 -3 22 27 19

0 44 88 43 -2 12 16 0

0 4 51 78 -7 26 32 9

0 37 66 27 -4 19 43 20

0 21 55 81 -20 17 39 38

0 52 88 61 -8 45 47 34

0 60 63 91 -8 6 37 43

0 33 64 25 -7 0 39 48

0 81 96 8 -13 0 30 47

0 68 83 14 -17 20 32 41

0 97 98 75 -10 0 1 0

0 7 89 94 -2 6 40 2

0 4 11 95 -16 3 8 7

0 60 72 6 -3 18 28 30

0 35 48 43 -17 14 41 19

0 29 55 66 -11 42 45 14

0 3 49 67 -5 11 14 24

0 35 87 11 -12 43 47 32

0 24 84 38 -13 17 32 13

0 27 79 6 -5 8 12 16

0 65 94 34 -14 14 18 1

0 61 74 82 -4 3 25 47

0 22 85 60 -3 30 36 49

0 0 69 32 -15 1 3 4

0 30 39 74 -18 31 43 31

0 32 53 47 -13 13 23 11

0 20 51 38 -8 2 23 14

0 33 44 30 -13 1 28 28

0 30 32 30 -17 15 23 29

0 12 32 96 -2 23 37 1

0 4 30 14 -11 0 1 23

0 7 61 11 -17 16 28 17

0 31 79 84 -7 30 35 1

0 40 83 6 -16 4 46 37

0 26 54 5 -13 19 33 11

0 19 31 93 -9 8 11 33

0 22 97 89 -11 40 47 28

0 25 49 27 -19 27 37 6

0 0 31 43 -13 18 24 22

0 18 47 37 -18 1 4 49

0 16 32 34 -3 2 3 29

0 43 44 18 -1 25 38 19

0 25 27 65 -17 14 35 7

0 20 33 45 -4 11 44 27

0 11 17 10 -15 28 32 11

0 21 22 57 -16 47 49 11

0 15 19 12 -3 8 9 3

0 12 36 80 -10 3 4 17

0 5 56 62 -16 5 37 39

0 21 22 48 -12 19 42 14

0 7 17 88 -3 23 32 23

0 10 22 71 -18 4 21 17

0 2 13 80 -14 15 40 26

0 6 7 63 -10 13 35 35

0 0 15 36 -6 4 14 14

0 7 11 24 -19 37 38 27

0 14 63 46 -7 7 15 42

0 2 14 61 -10 17 40 18

0 0 3 54 -12 0 25 1

0 6 50 38 -15 24 35 48

0 16 30 30 -1 8 33 23

0 19 23 38 -18 16 22 1

0 15 20 39 -2 28 45 6

0 15 21 9 -7 1 11 26

0 2 37 95 -14 0 20 39

0 12 36 32 -3 3 38 10

0 6 13 3 -11 2 37 2

0 1 2 67 -14 13 20 8

0 16 23 80 -2 11 49 1

0 8 20 5 -16 32 48 18

0 7 16 16 -6 9 36 47

0 1 5 36 -16 10 22 9

0 9 25 44 -19 8 39 2

0 8 13 56 -3 10 15 35

0 2 3 22 -5 37 43 22

0 5 9 47 -4 10 24 37

0 16 26 59 -16 17 25 48

0 2 3 5 -9 10 20 8

0 9 10 13 -8 23 25 35

0 3 5 70 -16 18 23 3

0 0 1 71 -4 0 6 46


SAlphaB: 697.0, std-dev 260.2168701198089

Earliest win: 37
Latest win: 81

WinDepth:
0 0 0 0 0 0 0 0 0 0 0 0 0 0 0 0 0 0 0 0 0 0 0 0 0 0 0 0 0 0 0 0 0 0 0 0 0 5 0 1 1 4 6 18 22 14 31 50 27 45 87 185 176 160 121 183 148 205 155 181 134 248 215 320 370 311 457 414 406 356 460 482 393 374 346 336 279 222 168 161 108 71 
SAlphaB:
0 0 0 0 0 0 0 0 0 0 0 0 0 0 0 0 0 0 0 0 0 0 0 0 0 0 0 0 0 0 0 0 0 0 0 0 0 5 0 1 1 4 6 18 22 14 31 50 27 45 87 185 176 160 121 183 148 205 155 181 134 248 215 320 370 311 457 414 406 356 460 482 393 374 346 336 279 222 168 161 108 71 

LossDepth:
SAlphaB:
0 0 0 0 0 0 0 0 0 0 0 0 0 0 0 0 0 0 0 0 0 0 0 0 0 0 0 0 0 0 0 0 0 0 0 0 0 5 0 1 1 4 6 18 22 14 31 50 27 45 87 185 176 160 121 183 148 205 155 181 134 248 215 320 370 311 457 414 406 356 460 482 393 374 346 336 279 222 168 161 108 71 

FirstWin:
0 0 0 0 0 0 0 0 0 0 0 0 0 0 0 0 0 0 0 0 0 0 0 0 0 0 0 0 0 0 0 0 0 0 0 0 0 5 0 1 0 4 0 18 0 14 0 50 0 45 0 185 0 160 0 183 0 205 0 181 0 248 0 320 0 311 0 414 0 356 0 482 0 374 0 336 0 222 0 161 0 71 
SAlphaB:
0 0 0 0 0 0 0 0 0 0 0 0 0 0 0 0 0 0 0 0 0 0 0 0 0 0 0 0 0 0 0 0 0 0 0 0 0 5 0 1 0 4 0 18 0 14 0 50 0 45 0 185 0 160 0 183 0 205 0 181 0 248 0 320 0 311 0 414 0 356 0 482 0 374 0 336 0 222 0 161 0 71 

SecondWin:
0 0 0 0 0 0 0 0 0 0 0 0 0 0 0 0 0 0 0 0 0 0 0 0 0 0 0 0 0 0 0 0 0 0 0 0 0 0 0 0 1 0 6 0 22 0 31 0 27 0 87 0 176 0 121 0 148 0 155 0 134 0 215 0 370 0 457 0 406 0 460 0 393 0 346 0 279 0 168 0 108 0 
SAlphaB:
0 0 0 0 0 0 0 0 0 0 0 0 0 0 0 0 0 0 0 0 0 0 0 0 0 0 0 0 0 0 0 0 0 0 0 0 0 0 0 0 1 0 6 0 22 0 31 0 27 0 87 0 176 0 121 0 148 0 155 0 134 0 215 0 370 0 457 0 406 0 460 0 393 0 346 0 279 0 168 0 108 0 
