0 21 98 25 -7 1 6 0

0 50 89 40 -18 2 24 42

0 46 94 94 -19 6 29 11

0 49 68 93 -18 5 13 0

0 52 63 24 -15 7 34 17

0 25 43 86 -13 2 7 7

0 28 70 32 -17 3 6 14

0 37 51 37 -10 0 1 1

0 4 9 52 -2 3 7 7

0 12 95 41 -8 0 1 4

0 15 38 52 -5 6 21 22

0 71 95 50 -6 4 9 28

0 15 16 90 -1 3 11 13

0 43 72 87 -16 3 5 22

0 13 39 22 -5 0 2 9

0 39 82 35 -11 0 3 17

0 50 82 35 -13 1 4 34

0 10 12 85 -2 0 2 1

0 77 88 45 -12 8 39 35

0 89 91 34 -2 12 34 22

0 54 66 18 -5 8 26 42

0 27 39 74 -2 7 12 1

0 44 54 7 -3 7 8 5

0 44 64 57 -10 13 44 46

0 9 69 18 -3 1 8 14

0 52 53 73 -12 0 12 17

0 32 57 63 -6 9 16 40

0 57 77 22 -6 6 29 45

0 47 56 15 -16 2 10 47

0 36 56 63 -16 42 43 9

0 64 76 93 -7 6 15 1

0 49 65 83 -16 11 33 41

0 85 86 64 -14 11 30 8

0 31 95 55 -12 0 4 47

0 3 23 50 -8 3 9 6

0 4 69 69 -16 27 42 3

0 13 46 40 -14 3 7 16

0 32 88 54 -13 1 8 39

0 37 70 6 -19 12 22 31

0 14 50 91 -17 1 8 4

0 36 43 75 -5 22 38 21

0 6 29 16 -8 0 6 20

0 6 23 69 -8 0 1 22

0 33 62 13 -9 11 22 37

0 10 32 12 -1 10 24 2

0 26 49 19 -15 10 27 23

0 16 63 93 -16 1 9 21

0 49 88 63 -8 17 24 2

0 37 94 83 -3 7 13 43

0 48 87 14 -3 14 18 16

0 66 82 5 -5 26 30 22

0 58 99 78 -16 29 35 7

0 0 50 47 -10 23 41 30

0 54 85 57 -7 20 39 14

0 40 50 97 -6 27 31 27

0 74 75 94 -18 28 43 5

0 56 82 91 -7 11 19 47

0 13 40 54 -7 5 11 43

0 17 23 37 -5 1 18 30

0 26 58 35 -3 9 38 6

0 74 93 52 -3 29 38 15

0 15 88 20 -1 16 37 18

0 10 64 56 -3 6 31 28

0 49 56 65 -6 22 47 4

0 5 13 88 -16 5 9 14

0 18 66 47 -8 6 8 49

0 16 18 57 -11 36 40 37

0 31 53 10 -12 23 26 26

0 10 40 86 -5 8 40 2

0 3 13 93 -3 9 28 37

0 1 29 52 -4 20 28 37

0 1 23 46 -8 8 20 24

0 23 40 70 -2 7 11 45

0 6 29 2 -17 8 10 20

0 49 97 51 -16 42 44 36

0 47 50 12 -13 25 37 17

0 1 42 3 -4 26 32 0

0 23 31 49 -19 13 40 15

0 18 39 19 -3 11 24 32

0 18 76 31 -14 29 38 4

0 5 18 70 -18 3 33 28

0 6 60 88 -12 11 14 48

0 13 29 91 -16 30 34 38

0 10 19 84 -16 2 3 48

0 9 48 0 -18 21 33 19

0 3 7 53 -1 10 21 6

0 24 49 74 -14 6 43 48

0 0 1 92 -1 38 43 47

0 6 10 31 -15 13 48 39

0 34 89 55 -2 43 46 33

0 1 4 79 -20 2 8 34

0 1 4 54 -10 2 35 38

0 16 18 90 -15 43 48 3

0 18 33 93 -15 23 42 47

0 1 2 30 -5 5 35 19

0 2 4 28 -10 1 2 30

0 1 47 26 -10 7 36 48

0 0 2 49 -7 11 13 32

0 4 5 89 -19 0 19 27

0 1 4 3 -8 15 25 39


SAlphaB: 693.0, std-dev 266.8178175792947

Earliest win: 37
Latest win: 81

WinDepth:
0 0 0 0 0 0 0 0 0 0 0 0 0 0 0 0 0 0 0 0 0 0 0 0 0 0 0 0 0 0 0 0 0 0 0 0 0 4 1 5 0 5 4 9 17 15 28 40 39 76 66 142 93 129 134 163 143 211 157 230 174 228 267 346 312 362 388 400 448 375 434 453 402 405 367 374 273 238 184 123 100 74 
SAlphaB:
0 0 0 0 0 0 0 0 0 0 0 0 0 0 0 0 0 0 0 0 0 0 0 0 0 0 0 0 0 0 0 0 0 0 0 0 0 4 1 5 0 5 4 9 17 15 28 40 39 76 66 142 93 129 134 163 143 211 157 230 174 228 267 346 312 362 388 400 448 375 434 453 402 405 367 374 273 238 184 123 100 74 

LossDepth:
SAlphaB:
0 0 0 0 0 0 0 0 0 0 0 0 0 0 0 0 0 0 0 0 0 0 0 0 0 0 0 0 0 0 0 0 0 0 0 0 0 4 1 5 0 5 4 9 17 15 28 40 39 76 66 142 93 129 134 163 143 211 157 230 174 228 267 346 312 362 388 400 448 375 434 453 402 405 367 374 273 238 184 123 100 74 

FirstWin:
0 0 0 0 0 0 0 0 0 0 0 0 0 0 0 0 0 0 0 0 0 0 0 0 0 0 0 0 0 0 0 0 0 0 0 0 0 4 0 5 0 5 0 9 0 15 0 40 0 76 0 142 0 129 0 163 0 211 0 230 0 228 0 346 0 362 0 400 0 375 0 453 0 405 0 374 0 238 0 123 0 74 
SAlphaB:
0 0 0 0 0 0 0 0 0 0 0 0 0 0 0 0 0 0 0 0 0 0 0 0 0 0 0 0 0 0 0 0 0 0 0 0 0 4 0 5 0 5 0 9 0 15 0 40 0 76 0 142 0 129 0 163 0 211 0 230 0 228 0 346 0 362 0 400 0 375 0 453 0 405 0 374 0 238 0 123 0 74 

SecondWin:
0 0 0 0 0 0 0 0 0 0 0 0 0 0 0 0 0 0 0 0 0 0 0 0 0 0 0 0 0 0 0 0 0 0 0 0 0 0 1 0 0 0 4 0 17 0 28 0 39 0 66 0 93 0 134 0 143 0 157 0 174 0 267 0 312 0 388 0 448 0 434 0 402 0 367 0 273 0 184 0 100 0 
SAlphaB:
0 0 0 0 0 0 0 0 0 0 0 0 0 0 0 0 0 0 0 0 0 0 0 0 0 0 0 0 0 0 0 0 0 0 0 0 0 0 1 0 0 0 4 0 17 0 28 0 39 0 66 0 93 0 134 0 143 0 157 0 174 0 267 0 312 0 388 0 448 0 434 0 402 0 367 0 273 0 184 0 100 0 
