0 45 69 42 -3 0 2 2

0 61 72 53 -7 10 36 31

0 29 70 57 -18 0 1 27

0 51 77 73 -9 8 28 15

0 76 97 83 -14 11 42 36

0 61 92 69 -1 12 17 28

0 54 81 60 -17 4 6 16

0 42 80 41 -20 1 3 46

0 34 50 88 -9 7 18 7

0 48 77 60 -20 29 43 12

0 19 69 8 -15 4 12 6

0 15 77 86 -3 3 15 24

0 47 50 69 -16 11 32 32

0 44 76 67 -20 9 18 12

0 38 42 62 -14 0 2 38

0 64 83 42 -13 15 38 41

0 35 93 50 -18 2 18 47

0 21 57 94 -10 0 1 34

0 20 96 76 -14 9 31 27

0 37 67 90 -2 2 8 1

0 25 65 52 -11 1 4 20

0 47 97 24 -2 11 25 48

0 58 90 30 -16 20 40 46

0 24 64 33 -6 0 1 34

0 97 99 82 -6 22 27 8

0 60 84 10 -11 2 27 23

0 63 94 31 -5 29 36 47

0 78 86 22 -19 0 9 38

0 78 86 11 -5 17 33 7

0 51 95 72 -9 0 2 36

0 22 47 93 -14 7 14 15

0 43 66 83 -20 33 43 25

0 10 84 64 -17 27 38 42

0 13 34 16 -6 18 31 19

0 67 93 3 -1 8 18 27

0 4 65 37 -7 23 25 12

0 18 80 24 -18 19 20 39

0 32 41 87 -20 5 12 32

0 41 84 84 -9 18 49 18

0 6 95 0 -20 0 19 7

0 34 71 84 -17 5 46 21

0 51 71 19 -8 8 9 40

0 20 31 63 -17 41 45 40

0 7 81 12 -18 10 24 43

0 22 67 59 -5 40 48 0

0 29 51 50 -10 3 34 33

0 28 41 69 -1 45 47 26

0 41 67 4 -7 10 43 27

0 22 62 96 -4 21 22 36

0 69 91 38 -1 19 24 34

0 44 67 92 -14 28 31 1

0 21 30 96 -8 21 23 31

0 7 24 3 -3 1 19 12

0 10 64 28 -18 11 37 44

0 1 24 49 -1 18 26 30

0 45 75 34 -3 25 27 7

0 21 30 24 -2 5 13 36

0 3 70 55 -10 17 18 39

0 38 40 25 -17 5 6 4

0 16 72 6 -11 3 24 19

0 15 17 43 -15 15 16 4

0 7 47 78 -20 18 27 8

0 8 13 10 -17 10 11 2

0 1 9 88 -10 15 20 30

0 27 32 33 -7 9 12 40

0 25 30 74 -14 10 12 43

0 13 54 88 -2 11 15 34

0 0 20 24 -18 8 22 19

0 14 92 12 -1 2 30 13

0 0 50 50 -9 23 31 32

0 14 24 62 -12 5 8 2

0 9 17 3 -14 0 4 30

0 12 81 70 -12 8 32 42

0 31 57 4 -13 28 44 21

0 17 27 9 -11 10 12 20

0 2 88 8 -11 6 7 35

0 65 68 53 -12 44 47 1

0 12 35 0 -17 2 8 12

0 18 36 8 -9 11 15 45

0 3 27 54 -19 14 23 10

0 9 16 38 -18 6 10 29

0 4 27 11 -12 34 45 32

0 20 36 45 -19 0 45 40

0 0 12 77 -13 7 13 38

0 1 8 88 -13 12 13 38

0 9 65 51 -12 0 10 48

0 7 14 3 -17 0 10 7

0 8 10 12 -18 2 38 13

0 13 19 31 -6 44 45 44

0 3 5 55 -3 18 21 5

0 4 16 80 -9 5 6 45

0 0 5 56 -9 2 24 45

0 1 5 39 -18 16 44 13

0 7 15 6 -16 8 12 38

0 0 2 92 -18 10 28 46

0 20 23 97 -4 33 44 2

0 11 22 9 -8 26 42 46

0 6 15 15 -15 5 48 41

0 6 10 6 -6 11 26 34

0 1 13 16 -14 10 34 15


SAlphaB: 712.0, std-dev 274.9637494931896

Earliest win: 39
Latest win: 81

WinDepth:
0 0 0 0 0 0 0 0 0 0 0 0 0 0 0 0 0 0 0 0 0 0 0 0 0 0 0 0 0 0 0 0 0 0 0 0 0 0 0 3 13 8 7 13 12 7 13 58 32 54 69 183 95 148 100 138 129 212 176 181 178 246 251 286 338 347 378 405 429 425 464 382 438 413 376 377 246 243 174 166 72 86 
SAlphaB:
0 0 0 0 0 0 0 0 0 0 0 0 0 0 0 0 0 0 0 0 0 0 0 0 0 0 0 0 0 0 0 0 0 0 0 0 0 0 0 3 13 8 7 13 12 7 13 58 32 54 69 183 95 148 100 138 129 212 176 181 178 246 251 286 338 347 378 405 429 425 464 382 438 413 376 377 246 243 174 166 72 86 

LossDepth:
SAlphaB:
0 0 0 0 0 0 0 0 0 0 0 0 0 0 0 0 0 0 0 0 0 0 0 0 0 0 0 0 0 0 0 0 0 0 0 0 0 0 0 3 13 8 7 13 12 7 13 58 32 54 69 183 95 148 100 138 129 212 176 181 178 246 251 286 338 347 378 405 429 425 464 382 438 413 376 377 246 243 174 166 72 86 

FirstWin:
0 0 0 0 0 0 0 0 0 0 0 0 0 0 0 0 0 0 0 0 0 0 0 0 0 0 0 0 0 0 0 0 0 0 0 0 0 0 0 3 0 8 0 13 0 7 0 58 0 54 0 183 0 148 0 138 0 212 0 181 0 246 0 286 0 347 0 405 0 425 0 382 0 413 0 377 0 243 0 166 0 86 
SAlphaB:
0 0 0 0 0 0 0 0 0 0 0 0 0 0 0 0 0 0 0 0 0 0 0 0 0 0 0 0 0 0 0 0 0 0 0 0 0 0 0 3 0 8 0 13 0 7 0 58 0 54 0 183 0 148 0 138 0 212 0 181 0 246 0 286 0 347 0 405 0 425 0 382 0 413 0 377 0 243 0 166 0 86 

SecondWin:
0 0 0 0 0 0 0 0 0 0 0 0 0 0 0 0 0 0 0 0 0 0 0 0 0 0 0 0 0 0 0 0 0 0 0 0 0 0 0 0 13 0 7 0 12 0 13 0 32 0 69 0 95 0 100 0 129 0 176 0 178 0 251 0 338 0 378 0 429 0 464 0 438 0 376 0 246 0 174 0 72 0 
SAlphaB:
0 0 0 0 0 0 0 0 0 0 0 0 0 0 0 0 0 0 0 0 0 0 0 0 0 0 0 0 0 0 0 0 0 0 0 0 0 0 0 0 13 0 7 0 12 0 13 0 32 0 69 0 95 0 100 0 129 0 176 0 178 0 251 0 338 0 378 0 429 0 464 0 438 0 376 0 246 0 174 0 72 0 
