0 39 81 80 -15 4 18 15

0 52 94 52 -11 0 4 12

0 75 92 6 -8 1 31 16

0 10 64 74 -1 11 36 22

0 10 53 80 -16 3 7 10

0 49 99 64 -18 23 24 44

0 91 94 41 -6 17 37 21

0 33 97 64 -6 2 3 18

0 5 98 61 -15 4 12 23

0 34 73 71 -4 2 6 16

0 48 79 25 -17 2 4 23

0 33 90 9 -9 2 4 39

0 49 51 77 -16 28 42 4

0 66 78 81 -20 5 6 33

0 69 83 86 -13 3 13 39

0 78 83 19 -14 0 2 41

0 61 68 12 -12 1 37 21

0 44 45 73 -18 1 2 0

0 1 63 53 -15 7 18 4

0 35 42 39 -5 13 22 8

0 55 58 79 -12 16 23 48

0 10 34 66 -5 17 22 2

0 14 77 92 -16 22 24 39

0 20 60 37 -10 16 21 48

0 48 54 97 -1 18 21 13

0 9 39 44 -14 0 10 8

0 29 35 81 -3 8 16 45

0 35 37 4 -7 8 39 7

0 3 54 60 -8 3 12 20

0 38 46 26 -20 1 10 49

0 31 63 98 -17 13 15 45

0 43 49 88 -13 22 36 20

0 53 90 16 -19 20 29 25

0 42 92 37 -10 21 42 23

0 35 53 52 -19 17 18 18

0 43 85 37 -1 3 15 49

0 6 81 18 -5 37 48 3

0 7 61 80 -9 30 32 1

0 2 26 99 -3 21 43 34

0 43 60 40 -15 27 29 21

0 32 34 39 -11 3 9 39

0 36 61 73 -12 40 47 42

0 20 46 11 -14 3 11 38

0 26 47 22 -18 26 46 30

0 5 23 71 -5 19 22 27

0 37 57 58 -16 25 34 21

0 22 36 23 -1 34 40 33

0 13 80 84 -7 16 38 49

0 29 41 79 -15 32 42 43

0 9 23 55 -4 38 41 10

0 12 83 47 -5 9 17 12

0 13 77 49 -3 15 17 28

0 18 72 61 -14 6 30 15

0 17 49 82 -19 42 45 27

0 54 61 68 -5 27 31 33

0 3 30 35 -10 7 9 32

0 0 61 1 -16 11 31 40

0 19 26 76 -6 16 27 37

0 45 68 89 -7 29 37 30

0 47 49 20 -15 5 47 31

0 57 78 82 -6 1 2 25

0 55 56 26 -6 2 13 49

0 87 93 5 -6 10 19 39

0 10 44 32 -15 27 44 33

0 14 21 95 -13 22 33 8

0 10 16 53 -17 0 37 17

0 2 35 25 -5 9 40 30

0 12 16 63 -1 21 39 23

0 19 84 79 -10 35 40 45

0 1 28 46 -12 6 22 44

0 15 30 33 -8 0 3 46

0 15 16 88 -17 7 28 41

0 28 39 21 -10 11 20 47

0 11 52 7 -20 12 22 39

0 7 13 81 -14 1 3 41

0 13 16 24 -5 11 33 8

0 3 54 3 -10 23 45 45

0 40 49 6 -9 29 43 38

0 14 19 26 -16 1 31 22

0 10 25 10 -17 8 18 49

0 60 62 32 -2 23 30 34

0 3 92 51 -5 2 38 46

0 7 26 43 -7 0 44 43

0 3 22 50 -16 24 33 46

0 14 21 30 -20 11 15 48

0 3 7 68 -19 4 15 37

0 25 38 44 -16 25 29 45

0 2 13 25 -17 13 44 24

0 11 48 46 -1 0 1 38

0 1 3 59 -18 7 11 3

0 9 23 16 -8 27 35 39

0 1 15 62 -18 21 47 21

0 5 9 82 -12 12 19 10

0 2 4 50 -3 30 36 38

0 0 2 22 -9 4 8 26

0 0 9 8 -3 0 1 28

0 1 2 29 -3 17 27 35

0 2 12 13 -5 4 46 25

0 0 34 88 -6 4 17 43

0 1 17 10 -13 5 41 43


SAlphaB: 700.0, std-dev 251.21659876479

Earliest win: 39
Latest win: 81

WinDepth:
0 0 0 0 0 0 0 0 0 0 0 0 0 0 0 0 0 0 0 0 0 0 0 0 0 0 0 0 0 0 0 0 0 0 0 0 0 0 0 1 0 3 0 11 8 8 9 36 16 84 79 177 73 170 67 170 104 189 128 166 143 205 254 264 331 322 456 376 490 430 403 455 420 377 423 354 328 247 202 144 128 79 
SAlphaB:
0 0 0 0 0 0 0 0 0 0 0 0 0 0 0 0 0 0 0 0 0 0 0 0 0 0 0 0 0 0 0 0 0 0 0 0 0 0 0 1 0 3 0 11 8 8 9 36 16 84 79 177 73 170 67 170 104 189 128 166 143 205 254 264 331 322 456 376 490 430 403 455 420 377 423 354 328 247 202 144 128 79 

LossDepth:
SAlphaB:
0 0 0 0 0 0 0 0 0 0 0 0 0 0 0 0 0 0 0 0 0 0 0 0 0 0 0 0 0 0 0 0 0 0 0 0 0 0 0 1 0 3 0 11 8 8 9 36 16 84 79 177 73 170 67 170 104 189 128 166 143 205 254 264 331 322 456 376 490 430 403 455 420 377 423 354 328 247 202 144 128 79 

FirstWin:
0 0 0 0 0 0 0 0 0 0 0 0 0 0 0 0 0 0 0 0 0 0 0 0 0 0 0 0 0 0 0 0 0 0 0 0 0 0 0 1 0 3 0 11 0 8 0 36 0 84 0 177 0 170 0 170 0 189 0 166 0 205 0 264 0 322 0 376 0 430 0 455 0 377 0 354 0 247 0 144 0 79 
SAlphaB:
0 0 0 0 0 0 0 0 0 0 0 0 0 0 0 0 0 0 0 0 0 0 0 0 0 0 0 0 0 0 0 0 0 0 0 0 0 0 0 1 0 3 0 11 0 8 0 36 0 84 0 177 0 170 0 170 0 189 0 166 0 205 0 264 0 322 0 376 0 430 0 455 0 377 0 354 0 247 0 144 0 79 

SecondWin:
0 0 0 0 0 0 0 0 0 0 0 0 0 0 0 0 0 0 0 0 0 0 0 0 0 0 0 0 0 0 0 0 0 0 0 0 0 0 0 0 0 0 0 0 8 0 9 0 16 0 79 0 73 0 67 0 104 0 128 0 143 0 254 0 331 0 456 0 490 0 403 0 420 0 423 0 328 0 202 0 128 0 
SAlphaB:
0 0 0 0 0 0 0 0 0 0 0 0 0 0 0 0 0 0 0 0 0 0 0 0 0 0 0 0 0 0 0 0 0 0 0 0 0 0 0 0 0 0 0 0 8 0 9 0 16 0 79 0 73 0 67 0 104 0 128 0 143 0 254 0 331 0 456 0 490 0 403 0 420 0 423 0 328 0 202 0 128 0 
