0 33 98 21 -20 2 17 25

0 23 81 63 -18 0 5 21

0 31 50 97 -9 5 16 15

0 31 70 13 -1 3 23 3

0 41 83 80 -1 16 49 44

0 13 65 24 -4 13 17 35

0 31 87 57 -20 1 24 37

0 39 94 72 -14 10 34 13

0 30 49 84 -5 23 38 12

0 37 48 93 -13 0 15 38

0 11 13 18 -8 0 1 19

0 36 64 73 -3 5 11 3

0 74 94 50 -9 4 16 19

0 9 93 62 -5 23 47 36

0 17 81 27 -12 1 3 27

0 30 40 36 -14 2 6 33

0 27 70 79 -5 6 12 23

0 20 29 58 -20 7 8 11

0 56 80 65 -14 3 34 39

0 59 93 46 -8 4 16 21

0 34 73 57 -14 6 14 23

0 48 55 7 -8 0 12 9

0 8 79 35 -1 8 9 5

0 9 20 31 -15 0 1 21

0 18 50 94 -3 9 25 0

0 18 65 70 -15 26 39 28

0 15 26 28 -5 6 17 10

0 64 90 86 -16 21 36 17

0 7 53 43 -20 0 21 11

0 27 50 28 -18 1 12 5

0 59 97 63 -15 39 44 33

0 48 58 93 -2 26 37 31

0 62 79 87 -20 12 21 36

0 34 70 47 -16 3 13 40

0 10 53 67 -8 16 27 19

0 22 45 79 -19 6 21 32

0 55 68 30 -20 16 25 17

0 48 89 33 -9 15 26 12

0 21 22 40 -8 3 17 5

0 86 90 20 -14 16 20 19

0 34 62 93 -20 28 41 41

0 18 72 67 -1 4 20 42

0 7 21 87 -12 4 5 20

0 7 65 28 -1 1 2 35

0 44 92 6 -10 29 37 32

0 41 49 17 -5 32 46 18

0 36 59 41 -16 4 14 49

0 55 98 51 -9 1 34 44

0 25 38 30 -6 3 11 46

0 22 61 59 -6 16 19 45

0 21 51 64 -8 34 39 33

0 70 84 91 -10 22 49 13

0 31 78 3 -3 7 42 17

0 10 59 29 -13 16 21 33

0 11 57 61 -5 13 31 35

0 28 63 91 -19 13 41 35

0 1 41 68 -20 3 10 38

0 40 58 55 -12 25 45 27

0 55 69 80 -15 18 30 9

0 25 46 51 -11 25 31 31

0 6 42 46 -19 1 22 16

0 34 36 58 -9 10 18 27

0 33 68 48 -20 28 42 33

0 20 31 21 -8 1 5 28

0 0 38 94 -17 12 35 39

0 12 34 11 -16 26 33 34

0 5 31 31 -11 18 32 17

0 81 89 64 -12 35 42 29

0 13 26 50 -1 5 14 38

0 11 29 20 -19 2 10 2

0 54 93 89 -6 28 32 31

0 19 41 90 -14 13 36 2

0 5 14 36 -3 1 2 36

0 42 46 54 -19 25 29 4

0 1 39 99 -12 13 47 41

0 11 14 56 -15 10 32 33

0 2 4 72 -19 23 38 35

0 73 75 90 -18 30 31 47

0 11 30 81 -9 2 12 21

0 2 20 43 -9 6 10 48

0 3 30 43 -18 12 31 43

0 1 5 97 -2 10 24 18

0 6 9 48 -9 20 30 24

0 2 4 27 -13 0 1 27

0 4 9 12 -16 29 44 14

0 14 44 70 -14 1 47 30

0 4 33 64 -2 4 14 47

0 15 24 58 -5 7 41 45

0 1 42 46 -3 30 45 0

0 2 11 70 -17 2 4 44

0 0 3 69 -14 16 17 15

0 0 1 36 -20 21 31 17

0 2 11 33 -17 5 43 37

0 2 4 87 -8 6 15 45

0 0 4 74 -15 22 29 1

0 8 11 44 -18 8 43 37

0 6 9 1 -2 15 47 3

0 0 6 53 -4 0 42 43

0 1 2 11 -19 1 20 17

0 3 7 40 -17 14 19 1


SAlphaB: 703.0, std-dev 273.3914153921096

Earliest win: 35
Latest win: 81

WinDepth:
0 0 0 0 0 0 0 0 0 0 0 0 0 0 0 0 0 0 0 0 0 0 0 0 0 0 0 0 0 0 0 0 0 0 0 1 1 1 1 2 3 6 9 10 18 25 22 31 19 107 92 224 51 141 103 206 126 192 128 179 167 273 221 341 307 346 378 388 442 399 446 421 444 419 385 362 270 212 161 108 95 50 
SAlphaB:
0 0 0 0 0 0 0 0 0 0 0 0 0 0 0 0 0 0 0 0 0 0 0 0 0 0 0 0 0 0 0 0 0 0 0 1 1 1 1 2 3 6 9 10 18 25 22 31 19 107 92 224 51 141 103 206 126 192 128 179 167 273 221 341 307 346 378 388 442 399 446 421 444 419 385 362 270 212 161 108 95 50 

LossDepth:
SAlphaB:
0 0 0 0 0 0 0 0 0 0 0 0 0 0 0 0 0 0 0 0 0 0 0 0 0 0 0 0 0 0 0 0 0 0 0 1 1 1 1 2 3 6 9 10 18 25 22 31 19 107 92 224 51 141 103 206 126 192 128 179 167 273 221 341 307 346 378 388 442 399 446 421 444 419 385 362 270 212 161 108 95 50 

FirstWin:
0 0 0 0 0 0 0 0 0 0 0 0 0 0 0 0 0 0 0 0 0 0 0 0 0 0 0 0 0 0 0 0 0 0 0 1 0 1 0 2 0 6 0 10 0 25 0 31 0 107 0 224 0 141 0 206 0 192 0 179 0 273 0 341 0 346 0 388 0 399 0 421 0 419 0 362 0 212 0 108 0 50 
SAlphaB:
0 0 0 0 0 0 0 0 0 0 0 0 0 0 0 0 0 0 0 0 0 0 0 0 0 0 0 0 0 0 0 0 0 0 0 1 0 1 0 2 0 6 0 10 0 25 0 31 0 107 0 224 0 141 0 206 0 192 0 179 0 273 0 341 0 346 0 388 0 399 0 421 0 419 0 362 0 212 0 108 0 50 

SecondWin:
0 0 0 0 0 0 0 0 0 0 0 0 0 0 0 0 0 0 0 0 0 0 0 0 0 0 0 0 0 0 0 0 0 0 0 0 1 0 1 0 3 0 9 0 18 0 22 0 19 0 92 0 51 0 103 0 126 0 128 0 167 0 221 0 307 0 378 0 442 0 446 0 444 0 385 0 270 0 161 0 95 0 
SAlphaB:
0 0 0 0 0 0 0 0 0 0 0 0 0 0 0 0 0 0 0 0 0 0 0 0 0 0 0 0 0 0 0 0 0 0 0 0 1 0 1 0 3 0 9 0 18 0 22 0 19 0 92 0 51 0 103 0 126 0 128 0 167 0 221 0 307 0 378 0 442 0 446 0 444 0 385 0 270 0 161 0 95 0 
