0 41 52 66 -4 14 35 30

0 29 99 49 -2 4 14 0

0 15 37 28 -4 5 16 11

0 16 42 74 -5 13 29 5

0 3 76 4 -12 10 34 11

0 34 86 92 -9 5 27 34

0 48 76 22 -12 11 20 23

0 79 96 63 -8 20 23 9

0 51 65 98 -10 0 4 26

0 25 51 68 -20 2 12 28

0 53 90 60 -7 0 1 3

0 52 91 37 -1 11 19 26

0 3 95 59 -6 10 25 11

0 2 79 91 -17 23 35 15

0 14 18 74 -8 1 4 3

0 53 77 59 -4 9 18 24

0 54 98 33 -13 6 45 30

0 9 40 22 -10 0 5 5

0 68 69 46 -11 0 34 3

0 30 44 75 -14 4 19 35

0 39 53 89 -19 0 3 1

0 11 51 88 -14 0 12 14

0 76 79 14 -11 10 36 44

0 63 72 12 -10 18 27 45

0 72 93 59 -11 11 29 34

0 53 56 64 -3 2 23 24

0 30 83 86 -9 29 33 16

0 13 20 71 -9 10 15 25

0 48 80 36 -7 11 19 1

0 77 84 58 -19 16 19 4

0 8 95 15 -15 0 1 41

0 48 65 11 -7 13 45 17

0 42 47 97 -18 2 40 18

0 42 59 27 -8 2 29 16

0 12 72 61 -4 0 5 22

0 24 66 34 -5 38 39 18

0 32 86 23 -2 20 35 22

0 21 26 55 -20 4 13 34

0 23 29 82 -17 4 8 14

0 68 73 88 -9 27 45 29

0 30 51 33 -2 2 28 18

0 0 82 36 -20 3 30 21

0 12 92 23 -19 10 25 47

0 53 83 99 -20 11 31 40

0 27 63 52 -4 14 32 36

0 8 18 12 -16 2 5 6

0 29 39 48 -4 5 7 34

0 16 33 53 -8 1 11 0

0 9 21 64 -7 6 14 36

0 15 18 7 -18 2 15 15

0 28 37 55 -6 5 10 48

0 11 51 73 -18 7 24 25

0 26 52 43 -6 28 31 25

0 14 19 7 -16 0 2 36

0 13 27 30 -7 14 29 21

0 44 46 22 -7 23 38 27

0 56 75 47 -12 42 44 25

0 16 26 71 -9 16 26 40

0 7 30 4 -20 8 18 28

0 0 56 37 -4 3 21 11

0 20 92 57 -4 1 19 49

0 10 34 12 -5 13 16 21

0 30 36 16 -8 1 20 32

0 44 45 51 -6 14 48 7

0 28 51 28 -5 10 45 2

0 70 75 2 -17 34 46 41

0 1 21 41 -17 28 34 24

0 5 76 2 -1 18 31 11

0 37 60 11 -12 25 34 43

0 8 9 39 -18 36 46 36

0 5 12 22 -2 1 14 2

0 27 76 12 -15 32 44 7

0 88 94 34 -14 38 43 27

0 10 29 80 -7 5 29 23

0 20 32 72 -19 3 22 41

0 23 50 68 -13 10 11 46

0 11 31 16 -15 23 34 32

0 6 20 28 -20 22 48 20

0 11 15 38 -13 5 23 7

0 21 26 14 -14 14 16 32

0 0 4 79 -7 3 7 7

0 6 14 22 -20 5 31 14

0 25 74 26 -20 24 29 12

0 0 38 44 -11 4 48 23

0 0 3 98 -14 15 45 44

0 3 19 5 -7 29 43 21

0 4 6 7 -7 6 25 39

0 3 4 79 -2 8 28 36

0 1 7 98 -11 18 31 3

0 6 7 12 -14 39 41 5

0 2 7 52 -9 2 9 8

0 9 15 4 -7 32 47 3

0 0 3 62 -19 44 45 18

0 17 22 47 -8 17 21 41

0 8 9 48 -10 10 15 39

0 1 2 16 -18 3 7 25

0 13 16 45 -12 3 5 49

0 0 4 68 -6 1 3 43

0 1 3 24 -4 19 27 5

0 3 13 52 -18 0 34 37


SAlphaB: 688.0, std-dev 255.9844057947691

Earliest win: 39
Latest win: 81

WinDepth:
0 0 0 0 0 0 0 0 0 0 0 0 0 0 0 0 0 0 0 0 0 0 0 0 0 0 0 0 0 0 0 0 0 0 0 0 0 0 0 4 1 13 6 9 26 32 14 62 27 76 52 206 135 147 117 165 138 169 115 203 150 248 250 310 299 366 393 384 448 397 390 414 438 400 400 331 272 234 170 131 98 84 
SAlphaB:
0 0 0 0 0 0 0 0 0 0 0 0 0 0 0 0 0 0 0 0 0 0 0 0 0 0 0 0 0 0 0 0 0 0 0 0 0 0 0 4 1 13 6 9 26 32 14 62 27 76 52 206 135 147 117 165 138 169 115 203 150 248 250 310 299 366 393 384 448 397 390 414 438 400 400 331 272 234 170 131 98 84 

LossDepth:
SAlphaB:
0 0 0 0 0 0 0 0 0 0 0 0 0 0 0 0 0 0 0 0 0 0 0 0 0 0 0 0 0 0 0 0 0 0 0 0 0 0 0 4 1 13 6 9 26 32 14 62 27 76 52 206 135 147 117 165 138 169 115 203 150 248 250 310 299 366 393 384 448 397 390 414 438 400 400 331 272 234 170 131 98 84 

FirstWin:
0 0 0 0 0 0 0 0 0 0 0 0 0 0 0 0 0 0 0 0 0 0 0 0 0 0 0 0 0 0 0 0 0 0 0 0 0 0 0 4 0 13 0 9 0 32 0 62 0 76 0 206 0 147 0 165 0 169 0 203 0 248 0 310 0 366 0 384 0 397 0 414 0 400 0 331 0 234 0 131 0 84 
SAlphaB:
0 0 0 0 0 0 0 0 0 0 0 0 0 0 0 0 0 0 0 0 0 0 0 0 0 0 0 0 0 0 0 0 0 0 0 0 0 0 0 4 0 13 0 9 0 32 0 62 0 76 0 206 0 147 0 165 0 169 0 203 0 248 0 310 0 366 0 384 0 397 0 414 0 400 0 331 0 234 0 131 0 84 

SecondWin:
0 0 0 0 0 0 0 0 0 0 0 0 0 0 0 0 0 0 0 0 0 0 0 0 0 0 0 0 0 0 0 0 0 0 0 0 0 0 0 0 1 0 6 0 26 0 14 0 27 0 52 0 135 0 117 0 138 0 115 0 150 0 250 0 299 0 393 0 448 0 390 0 438 0 400 0 272 0 170 0 98 0 
SAlphaB:
0 0 0 0 0 0 0 0 0 0 0 0 0 0 0 0 0 0 0 0 0 0 0 0 0 0 0 0 0 0 0 0 0 0 0 0 0 0 0 0 1 0 6 0 26 0 14 0 27 0 52 0 135 0 117 0 138 0 115 0 150 0 250 0 299 0 393 0 448 0 390 0 438 0 400 0 272 0 170 0 98 0 
