0 73 83 82 -11 19 41 0

0 58 87 48 -2 0 1 5

0 30 80 61 -15 3 5 42

0 71 75 99 -13 6 12 18

0 39 79 92 -20 2 21 43

0 72 91 16 -6 2 30 11

0 42 80 65 -20 1 2 20

0 39 46 44 -3 7 33 8

0 36 62 55 -17 3 14 8

0 38 68 26 -2 1 40 15

0 27 73 34 -4 2 4 4

0 54 75 30 -16 8 27 24

0 25 61 18 -3 8 14 21

0 51 82 42 -13 11 18 7

0 13 97 64 -16 1 10 38

0 82 87 80 -9 3 13 37

0 18 51 3 -1 8 18 32

0 37 75 60 -8 10 27 17

0 67 86 87 -3 21 33 30

0 12 80 74 -18 18 21 38

0 25 76 54 -3 3 6 27

0 28 85 50 -1 6 9 49

0 30 96 96 -14 17 29 14

0 46 76 48 -4 3 19 47

0 19 68 12 -16 5 6 4

0 51 55 99 -15 15 23 12

0 74 91 6 -3 5 15 19

0 48 64 74 -6 2 4 29

0 32 37 47 -2 14 35 5

0 36 75 50 -1 12 47 25

0 70 94 84 -8 15 47 49

0 27 66 92 -14 4 12 37

0 43 77 67 -9 36 42 33

0 14 53 73 -2 14 17 32

0 70 73 7 -4 35 37 41

0 72 93 61 -3 23 27 8

0 20 31 20 -18 5 6 20

0 39 49 94 -2 0 20 44

0 30 98 4 -8 10 35 14

0 5 71 59 -3 26 28 34

0 10 42 11 -12 6 16 11

0 0 90 45 -18 13 22 29

0 47 61 60 -1 16 39 36

0 43 81 47 -3 34 38 41

0 6 79 19 -1 9 25 1

0 19 53 71 -9 9 15 25

0 18 92 51 -18 35 43 14

0 6 12 93 -2 7 13 22

0 93 94 30 -10 12 20 46

0 80 87 1 -8 10 18 39

0 15 30 80 -5 11 12 19

0 35 68 81 -13 39 45 40

0 20 57 88 -18 13 42 39

0 60 79 0 -4 0 15 47

0 67 79 35 -14 30 34 45

0 2 70 4 -1 7 26 8

0 11 51 33 -19 5 46 17

0 4 62 30 -2 0 41 10

0 10 79 40 -10 8 43 36

0 39 57 26 -12 18 26 8

0 24 26 88 -3 1 26 16

0 7 10 77 -17 22 29 23

0 78 95 9 -16 2 5 48

0 32 45 69 -16 9 48 36

0 0 8 4 -17 0 1 4

0 0 8 54 -9 5 6 5

0 1 91 24 -16 12 15 46

0 35 62 75 -5 7 47 1

0 28 33 87 -11 10 19 27

0 37 53 15 -4 22 42 23

0 7 69 33 -13 9 41 32

0 34 56 17 -16 7 14 45

0 51 64 55 -18 32 38 42

0 9 82 55 -11 6 25 14

0 15 41 38 -6 8 41 0

0 6 23 78 -12 0 16 29

0 16 26 70 -20 4 35 9

0 5 9 87 -17 1 6 15

0 2 17 46 -11 5 47 24

0 73 80 37 -14 37 39 9

0 14 20 23 -9 30 42 36

0 16 35 4 -18 1 24 9

0 0 1 59 -10 3 6 4

0 15 25 5 -17 2 24 39

0 5 45 54 -2 1 31 34

0 2 47 43 -8 2 18 49

0 1 13 61 -10 20 29 24

0 15 17 51 -11 32 49 32

0 0 11 22 -18 1 6 9

0 0 15 80 -6 4 35 44

0 3 12 85 -7 22 25 4

0 7 13 91 -20 15 20 1

0 2 4 63 -9 8 44 29

0 4 31 15 -11 1 12 42

0 4 6 10 -11 0 25 27

0 1 3 62 -18 3 6 38

0 5 21 94 -7 7 14 41

0 0 5 17 -10 6 10 42

0 0 1 14 -18 24 43 20

0 1 6 46 -13 1 10 29


SAlphaB: 735.0, std-dev 283.8578755025981

Earliest win: 37
Latest win: 81

WinDepth:
0 0 0 0 0 0 0 0 0 0 0 0 0 0 0 0 0 0 0 0 0 0 0 0 0 0 0 0 0 0 0 0 0 0 0 0 0 14 0 2 3 3 1 12 15 14 18 23 22 82 53 199 81 157 116 179 129 178 122 202 152 239 217 347 323 367 341 444 383 453 386 446 412 362 391 369 246 240 181 140 99 80 
SAlphaB:
0 0 0 0 0 0 0 0 0 0 0 0 0 0 0 0 0 0 0 0 0 0 0 0 0 0 0 0 0 0 0 0 0 0 0 0 0 14 0 2 3 3 1 12 15 14 18 23 22 82 53 199 81 157 116 179 129 178 122 202 152 239 217 347 323 367 341 444 383 453 386 446 412 362 391 369 246 240 181 140 99 80 

LossDepth:
SAlphaB:
0 0 0 0 0 0 0 0 0 0 0 0 0 0 0 0 0 0 0 0 0 0 0 0 0 0 0 0 0 0 0 0 0 0 0 0 0 14 0 2 3 3 1 12 15 14 18 23 22 82 53 199 81 157 116 179 129 178 122 202 152 239 217 347 323 367 341 444 383 453 386 446 412 362 391 369 246 240 181 140 99 80 

FirstWin:
0 0 0 0 0 0 0 0 0 0 0 0 0 0 0 0 0 0 0 0 0 0 0 0 0 0 0 0 0 0 0 0 0 0 0 0 0 14 0 2 0 3 0 12 0 14 0 23 0 82 0 199 0 157 0 179 0 178 0 202 0 239 0 347 0 367 0 444 0 453 0 446 0 362 0 369 0 240 0 140 0 80 
SAlphaB:
0 0 0 0 0 0 0 0 0 0 0 0 0 0 0 0 0 0 0 0 0 0 0 0 0 0 0 0 0 0 0 0 0 0 0 0 0 14 0 2 0 3 0 12 0 14 0 23 0 82 0 199 0 157 0 179 0 178 0 202 0 239 0 347 0 367 0 444 0 453 0 446 0 362 0 369 0 240 0 140 0 80 

SecondWin:
0 0 0 0 0 0 0 0 0 0 0 0 0 0 0 0 0 0 0 0 0 0 0 0 0 0 0 0 0 0 0 0 0 0 0 0 0 0 0 0 3 0 1 0 15 0 18 0 22 0 53 0 81 0 116 0 129 0 122 0 152 0 217 0 323 0 341 0 383 0 386 0 412 0 391 0 246 0 181 0 99 0 
SAlphaB:
0 0 0 0 0 0 0 0 0 0 0 0 0 0 0 0 0 0 0 0 0 0 0 0 0 0 0 0 0 0 0 0 0 0 0 0 0 0 0 0 3 0 1 0 15 0 18 0 22 0 53 0 81 0 116 0 129 0 122 0 152 0 217 0 323 0 341 0 383 0 386 0 412 0 391 0 246 0 181 0 99 0 
