0 49 81 73 -8 9 11 9

0 69 93 8 -2 0 6 3

0 47 88 90 -6 9 28 22

0 30 62 97 -6 5 19 33

0 22 67 46 -13 0 1 16

0 19 52 5 -9 0 4 11

0 32 73 29 -8 1 4 18

0 18 55 33 -12 1 3 8

0 48 95 39 -12 3 31 14

0 39 43 59 -14 2 7 11

0 58 85 42 -1 1 32 2

0 32 89 27 -3 2 20 25

0 54 93 88 -15 7 24 20

0 54 66 35 -3 8 27 22

0 17 93 77 -1 7 10 15

0 11 57 98 -16 4 9 7

0 73 96 44 -14 6 22 37

0 38 54 24 -2 7 15 3

0 56 83 9 -16 6 24 30

0 38 98 81 -19 0 4 34

0 65 95 71 -7 0 36 23

0 31 80 42 -7 1 5 15

0 50 91 4 -2 4 30 27

0 37 47 1 -6 1 3 5

0 45 64 64 -12 1 8 28

0 27 57 11 -11 4 11 5

0 23 75 70 -15 2 5 4

0 15 97 47 -2 8 15 14

0 87 90 59 -18 11 40 16

0 49 91 48 -16 1 4 1

0 52 89 25 -4 5 37 16

0 14 91 66 -9 0 1 5

0 56 90 48 -10 4 17 24

0 48 92 81 -2 2 19 43

0 56 71 84 -15 4 12 4

0 78 91 8 -20 2 33 6

0 30 79 17 -1 11 25 13

0 22 58 90 -3 2 7 15

0 47 82 44 -15 0 16 45

0 39 99 58 -10 8 17 4

0 81 97 56 -18 3 22 18

0 32 63 89 -19 6 18 18

0 71 93 68 -11 5 15 32

0 38 56 9 -2 12 24 1

0 52 65 98 -5 8 20 24

0 20 73 49 -15 0 2 23

0 60 90 16 -6 13 39 22

0 33 63 44 -13 2 7 14

0 29 30 34 -10 2 5 15

0 37 95 64 -13 1 38 27

0 26 74 65 -2 6 18 1

0 49 99 92 -5 12 19 0

0 43 95 68 -7 10 25 27

0 42 81 20 -12 0 4 22

0 37 59 13 -3 2 8 11

0 45 67 78 -14 6 10 18

0 31 67 88 -6 9 17 34

0 41 46 3 -3 5 16 15

0 49 62 7 -19 0 1 16

0 75 97 35 -18 5 24 18

0 57 82 62 -15 0 4 25

0 56 89 71 -15 0 1 16

0 19 35 22 -9 1 5 36

0 61 69 38 -10 4 42 3

0 34 95 58 -2 4 6 13

0 86 91 99 -5 6 25 7

0 47 58 43 -16 4 20 0

0 35 98 11 -13 8 9 35

0 55 77 40 -8 7 43 30

0 65 69 43 -4 18 20 26

0 92 96 27 -14 3 17 11

0 79 91 39 -13 22 46 49

0 20 48 40 -15 4 6 20

0 80 88 55 -6 10 45 11

0 35 70 31 -15 5 9 10

0 36 53 76 -6 2 5 11

0 33 89 37 -12 8 12 28

0 67 89 72 -13 4 27 17

0 52 76 39 -5 11 39 3

0 0 56 46 -19 18 22 24

0 43 49 78 -8 9 16 25

0 53 74 49 -16 2 17 18

0 75 81 82 -18 6 25 40

0 72 85 49 -2 7 23 2

0 22 50 68 -3 6 22 20

0 32 55 85 -1 11 14 30

0 71 75 90 -1 4 37 11

0 84 88 83 -10 4 10 24

0 59 91 31 -5 9 39 39

0 24 70 18 -2 4 15 37

0 35 53 89 -5 32 48 13

0 9 11 63 -8 0 1 7

0 58 99 67 -8 16 26 37

0 65 86 0 -14 11 18 20

0 35 63 96 -2 11 33 36

0 11 56 50 -6 0 4 28

0 6 42 7 -5 1 2 16

0 76 83 30 -15 14 21 31

0 38 52 2 -11 27 49 8

0 19 38 45 -1 21 28 10


SAlphaB: 760.0, std-dev 268.4262234287895

Earliest win: 35
Latest win: 81

WinDepth:
0 0 0 0 0 0 0 0 0 0 0 0 0 0 0 0 0 0 0 0 0 0 0 0 0 0 0 0 0 0 0 0 0 0 0 1 0 25 4 38 3 30 13 45 20 95 39 161 64 126 150 351 158 358 224 441 336 682 410 566 417 653 628 797 803 885 910 941 980 980 949 988 876 789 925 697 690 480 414 260 166 144 
SAlphaB:
0 0 0 0 0 0 0 0 0 0 0 0 0 0 0 0 0 0 0 0 0 0 0 0 0 0 0 0 0 0 0 0 0 0 0 1 0 25 4 38 3 30 13 45 20 95 39 161 64 126 150 351 158 358 224 441 336 682 410 566 417 653 628 797 803 885 910 941 980 980 949 988 876 789 925 697 690 480 414 260 166 144 

LossDepth:
SAlphaB:
0 0 0 0 0 0 0 0 0 0 0 0 0 0 0 0 0 0 0 0 0 0 0 0 0 0 0 0 0 0 0 0 0 0 0 1 0 24 1 29 3 22 5 32 9 70 28 70 50 68 112 165 111 180 165 239 214 424 259 344 271 447 423 575 563 689 657 752 722 770 704 854 657 656 715 645 521 436 309 244 186 154 

FirstWin:
0 0 0 0 0 0 0 0 0 0 0 0 0 0 0 0 0 0 0 0 0 0 0 0 0 0 0 0 0 0 0 0 0 0 0 1 0 25 0 38 0 30 0 45 0 95 0 161 0 126 0 351 0 358 0 441 0 682 0 566 0 653 0 797 0 885 0 941 0 980 0 988 0 789 0 697 0 480 0 260 0 144 
SAlphaB:
0 0 0 0 0 0 0 0 0 0 0 0 0 0 0 0 0 0 0 0 0 0 0 0 0 0 0 0 0 0 0 0 0 0 0 1 0 25 0 38 0 30 0 45 0 95 0 161 0 126 0 351 0 358 0 441 0 682 0 566 0 653 0 797 0 885 0 941 0 980 0 988 0 789 0 697 0 480 0 260 0 144 

SecondWin:
0 0 0 0 0 0 0 0 0 0 0 0 0 0 0 0 0 0 0 0 0 0 0 0 0 0 0 0 0 0 0 0 0 0 0 0 0 0 4 0 3 0 13 0 20 0 39 0 64 0 150 0 158 0 224 0 336 0 410 0 417 0 628 0 803 0 910 0 980 0 949 0 876 0 925 0 690 0 414 0 166 0 
SAlphaB:
0 0 0 0 0 0 0 0 0 0 0 0 0 0 0 0 0 0 0 0 0 0 0 0 0 0 0 0 0 0 0 0 0 0 0 0 0 0 4 0 3 0 13 0 20 0 39 0 64 0 150 0 158 0 224 0 336 0 410 0 417 0 628 0 803 0 910 0 980 0 949 0 876 0 925 0 690 0 414 0 166 0 
