0 32 89 27 -3 2 20 25

0 22 67 46 -13 0 1 16

0 32 73 29 -8 1 4 18

0 29 30 34 -10 2 5 15

0 30 62 97 -6 5 19 33

0 32 55 85 -1 11 14 30

0 65 86 0 -14 11 18 20

0 22 50 68 -3 6 22 20

0 31 80 42 -7 1 5 15

0 48 92 81 -2 2 19 43

0 47 76 89 -8 10 13 41

0 29 39 46 -9 29 36 20

0 27 65 1 -20 4 5 9

0 19 30 30 -2 2 9 20

0 52 84 91 -6 11 12 29

0 37 85 51 -19 13 40 20

0 10 95 82 -18 1 8 17

0 58 64 10 -20 2 7 17

0 54 55 3 -8 8 25 1

0 20 62 88 -18 12 26 27

0 0 51 5 -14 0 7 1

0 58 82 61 -20 0 11 18

0 0 53 52 -20 0 18 20

0 14 53 37 -1 12 24 4

0 45 59 97 -14 8 9 1

0 7 93 82 -11 20 48 41

0 28 33 96 -20 22 32 23

0 4 11 31 -4 2 3 3

0 18 30 28 -9 2 11 12

0 8 47 32 -16 3 12 14

0 39 82 79 -17 27 43 5

0 25 57 9 -15 2 38 24

0 15 42 78 -11 43 44 15

0 2 53 89 -4 36 43 3

0 21 62 33 -4 3 5 26

0 6 45 68 -14 9 21 22

0 7 76 14 -6 17 47 6

0 9 99 3 -1 8 42 48

0 2 72 92 -18 8 22 43

0 35 51 43 -9 5 21 41

0 66 76 3 -15 12 28 21

0 4 53 25 -20 21 38 31

0 39 87 99 -13 26 31 30

0 26 31 12 -15 1 8 33

0 11 67 60 -2 30 39 24

0 6 37 32 -12 8 15 8

0 38 65 87 -4 11 13 2

0 10 97 40 -13 2 45 18

0 23 56 88 -9 34 39 35

0 5 25 43 -14 4 36 23

0 3 36 88 -8 45 46 8

0 31 42 19 -10 8 16 22

0 25 57 18 -15 27 47 22

0 12 33 22 -5 14 27 2

0 27 91 8 -5 12 23 46

0 9 58 54 -4 16 43 48

0 15 74 74 -12 3 14 28

0 9 88 35 -4 6 46 0

0 33 46 19 -14 21 28 38

0 17 19 97 -9 11 19 12

0 38 41 16 -19 4 7 47

0 30 55 94 -4 1 2 23

0 11 68 86 -15 13 26 34

0 42 77 4 -5 30 40 36

0 19 26 11 -20 1 10 30

0 10 20 46 -4 0 3 40

0 13 94 94 -18 1 5 44

0 11 43 21 -19 5 43 15

0 35 39 47 -16 17 20 45

0 6 92 16 -17 11 21 36

0 25 62 25 -4 32 34 31

0 11 47 51 -19 8 11 41

0 39 76 59 -6 32 35 34

0 6 11 37 -15 6 23 38

0 10 28 33 -18 12 27 1

0 19 75 36 -8 26 39 43

0 13 35 90 -18 42 47 11

0 15 36 18 -11 13 29 17

0 15 54 72 -10 18 44 16

0 9 30 94 -2 27 38 2

0 20 31 90 -5 16 30 43

0 19 50 88 -1 5 34 27

0 15 31 61 -11 19 44 34

0 15 26 38 -18 13 28 47

0 6 21 7 -9 25 39 7

0 10 15 31 -17 3 15 27

0 10 12 31 -2 1 2 26

0 20 22 10 -10 22 43 6

0 2 16 98 -1 1 13 23

0 16 22 85 -4 19 49 25

0 61 92 4 -4 39 46 3

0 2 8 43 -10 4 30 34

0 7 20 1 -19 15 40 49

0 3 7 7 -15 7 40 29

0 9 18 6 -5 1 41 33

0 2 3 94 -14 31 32 25

0 20 32 6 -8 9 14 48

0 0 11 36 -8 14 45 21

0 1 2 50 -18 5 6 45

0 1 7 37 -14 21 33 22


SAlphaB: 710.0, std-dev 254.11969610696246

Earliest win: 35
Latest win: 81

WinDepth:
0 0 0 0 0 0 0 0 0 0 0 0 0 0 0 0 0 0 0 0 0 0 0 0 0 0 0 0 0 0 0 0 0 0 0 1 0 6 1 6 2 6 5 26 10 5 21 22 50 91 67 254 73 98 100 157 103 202 131 154 161 256 235 300 332 360 393 404 488 374 449 443 424 378 404 355 316 263 160 120 99 88 
SAlphaB:
0 0 0 0 0 0 0 0 0 0 0 0 0 0 0 0 0 0 0 0 0 0 0 0 0 0 0 0 0 0 0 0 0 0 0 1 0 6 1 6 2 6 5 26 10 5 21 22 50 91 67 254 73 98 100 157 103 202 131 154 161 256 235 300 332 360 393 404 488 374 449 443 424 378 404 355 316 263 160 120 99 88 

LossDepth:
SAlphaB:
0 0 0 0 0 0 0 0 0 0 0 0 0 0 0 0 0 0 0 0 0 0 0 0 0 0 0 0 0 0 0 0 0 0 0 1 0 6 1 6 2 6 5 26 10 5 21 22 50 91 67 254 73 98 100 157 103 202 131 154 161 256 235 300 332 360 393 404 488 374 449 443 424 378 404 355 316 263 160 120 99 88 

FirstWin:
0 0 0 0 0 0 0 0 0 0 0 0 0 0 0 0 0 0 0 0 0 0 0 0 0 0 0 0 0 0 0 0 0 0 0 1 0 6 0 6 0 6 0 26 0 5 0 22 0 91 0 254 0 98 0 157 0 202 0 154 0 256 0 300 0 360 0 404 0 374 0 443 0 378 0 355 0 263 0 120 0 88 
SAlphaB:
0 0 0 0 0 0 0 0 0 0 0 0 0 0 0 0 0 0 0 0 0 0 0 0 0 0 0 0 0 0 0 0 0 0 0 1 0 6 0 6 0 6 0 26 0 5 0 22 0 91 0 254 0 98 0 157 0 202 0 154 0 256 0 300 0 360 0 404 0 374 0 443 0 378 0 355 0 263 0 120 0 88 

SecondWin:
0 0 0 0 0 0 0 0 0 0 0 0 0 0 0 0 0 0 0 0 0 0 0 0 0 0 0 0 0 0 0 0 0 0 0 0 0 0 1 0 2 0 5 0 10 0 21 0 50 0 67 0 73 0 100 0 103 0 131 0 161 0 235 0 332 0 393 0 488 0 449 0 424 0 404 0 316 0 160 0 99 0 
SAlphaB:
0 0 0 0 0 0 0 0 0 0 0 0 0 0 0 0 0 0 0 0 0 0 0 0 0 0 0 0 0 0 0 0 0 0 0 0 0 0 1 0 2 0 5 0 10 0 21 0 50 0 67 0 73 0 100 0 103 0 131 0 161 0 235 0 332 0 393 0 488 0 449 0 424 0 404 0 316 0 160 0 99 0 
