0 14 91 66 -9 0 1 5

0 45 64 64 -12 1 8 28

0 49 91 48 -16 1 4 1

0 35 63 96 -2 11 33 36

0 15 97 47 -2 8 15 14

0 72 85 49 -2 7 23 2

0 35 98 11 -13 8 9 35

0 11 57 98 -16 4 9 7

0 56 71 84 -15 4 12 4

0 60 90 16 -6 13 39 22

0 54 59 67 -13 8 33 43

0 44 82 47 -1 12 19 31

0 70 98 87 -2 22 24 45

0 11 87 12 -11 3 24 14

0 42 59 34 -18 1 4 31

0 73 93 84 -19 16 28 40

0 60 61 53 -2 18 31 9

0 47 70 55 -1 12 30 47

0 37 51 7 -13 2 4 6

0 10 30 61 -1 14 22 25

0 6 72 97 -2 11 20 39

0 24 26 41 -8 5 12 25

0 47 49 75 -9 5 12 0

0 36 58 31 -8 2 4 24

0 37 67 32 -2 6 7 40

0 25 65 60 -4 14 31 5

0 68 70 20 -12 6 12 20

0 27 80 94 -3 1 32 8

0 38 82 88 -18 3 4 2

0 14 42 50 -15 0 2 44

0 58 79 46 -13 6 8 27

0 15 49 22 -10 7 10 18

0 53 57 86 -16 8 15 42

0 45 48 91 -7 2 22 31

0 45 87 87 -19 0 43 20

0 15 41 31 -9 28 30 8

0 19 23 61 -18 4 10 0

0 23 48 18 -12 6 27 21

0 55 71 32 -18 9 10 27

0 28 51 38 -9 13 26 31

0 18 90 77 -12 0 11 48

0 19 57 43 -11 16 42 36

0 14 50 57 -10 1 3 43

0 14 27 70 -10 7 9 18

0 65 87 3 -10 4 8 39

0 15 23 54 -4 0 25 14

0 52 55 10 -3 6 34 47

0 8 56 26 -15 15 40 36

0 29 40 98 -11 10 46 11

0 50 80 97 -9 4 19 47

0 39 84 2 -10 16 31 33

0 13 94 38 -14 9 15 22

0 42 54 46 -20 19 44 16

0 6 72 79 -1 0 1 28

0 13 41 38 -6 43 46 26

0 54 67 82 -20 17 25 49

0 62 83 36 -4 0 1 32

0 18 90 28 -12 44 49 40

0 1 67 8 -14 3 39 10

0 11 12 97 -11 26 34 42

0 16 19 33 -1 8 26 3

0 0 98 38 -6 18 24 0

0 15 26 38 -11 12 43 33

0 7 66 48 -11 17 20 40

0 11 28 92 -16 2 6 37

0 8 22 92 -13 28 29 19

0 3 27 81 -20 18 49 41

0 4 7 39 -17 18 41 20

0 5 7 33 -17 21 37 28

0 27 34 0 -10 16 46 45

0 5 32 18 -6 4 43 15

0 4 14 39 -15 10 28 33

0 11 13 51 -13 3 9 30

0 15 18 70 -13 28 37 7

0 19 28 18 -2 14 23 31

0 6 51 51 -1 47 48 40

0 9 28 22 -15 0 13 0

0 27 73 14 -6 29 34 21

0 5 40 31 -2 22 32 45

0 30 64 46 -10 26 27 24

0 3 8 73 -20 5 37 15

0 10 40 59 -13 1 37 45

0 12 16 69 -8 10 32 10

0 15 23 59 -3 25 34 37

0 11 57 25 -7 37 41 48

0 8 13 10 -16 0 7 38

0 5 13 50 -20 0 24 28

0 6 16 85 -13 7 44 14

0 23 29 13 -8 20 26 36

0 2 4 44 -3 37 45 44

0 13 34 29 -7 0 27 38

0 4 51 18 -7 4 29 44

0 3 31 16 -2 27 46 5

0 1 13 39 -1 14 27 29

0 1 3 10 -17 20 23 14

0 13 17 47 -19 27 43 17

0 7 32 23 -2 2 22 47

0 0 12 4 -16 5 14 48

0 2 6 26 -6 15 30 32

0 0 12 1 -17 6 8 46


SAlphaB: 680.0, std-dev 249.38385507429538

Earliest win: 37
Latest win: 81

WinDepth:
0 0 0 0 0 0 0 0 0 0 0 0 0 0 0 0 0 0 0 0 0 0 0 0 0 0 0 0 0 0 0 0 0 0 0 0 0 3 0 4 0 10 1 45 10 16 19 38 33 74 45 174 76 158 106 171 110 169 136 175 147 224 213 293 324 366 418 396 452 423 408 482 407 335 417 381 300 256 199 148 95 89 
SAlphaB:
0 0 0 0 0 0 0 0 0 0 0 0 0 0 0 0 0 0 0 0 0 0 0 0 0 0 0 0 0 0 0 0 0 0 0 0 0 3 0 4 0 10 1 45 10 16 19 38 33 74 45 174 76 158 106 171 110 169 136 175 147 224 213 293 324 366 418 396 452 423 408 482 407 335 417 381 300 256 199 148 95 89 

LossDepth:
SAlphaB:
0 0 0 0 0 0 0 0 0 0 0 0 0 0 0 0 0 0 0 0 0 0 0 0 0 0 0 0 0 0 0 0 0 0 0 0 0 3 0 4 0 10 1 45 10 16 19 38 33 74 45 174 76 158 106 171 110 169 136 175 147 224 213 293 324 366 418 396 452 423 408 482 407 335 417 381 300 256 199 148 95 89 

FirstWin:
0 0 0 0 0 0 0 0 0 0 0 0 0 0 0 0 0 0 0 0 0 0 0 0 0 0 0 0 0 0 0 0 0 0 0 0 0 3 0 4 0 10 0 45 0 16 0 38 0 74 0 174 0 158 0 171 0 169 0 175 0 224 0 293 0 366 0 396 0 423 0 482 0 335 0 381 0 256 0 148 0 89 
SAlphaB:
0 0 0 0 0 0 0 0 0 0 0 0 0 0 0 0 0 0 0 0 0 0 0 0 0 0 0 0 0 0 0 0 0 0 0 0 0 3 0 4 0 10 0 45 0 16 0 38 0 74 0 174 0 158 0 171 0 169 0 175 0 224 0 293 0 366 0 396 0 423 0 482 0 335 0 381 0 256 0 148 0 89 

SecondWin:
0 0 0 0 0 0 0 0 0 0 0 0 0 0 0 0 0 0 0 0 0 0 0 0 0 0 0 0 0 0 0 0 0 0 0 0 0 0 0 0 0 0 1 0 10 0 19 0 33 0 45 0 76 0 106 0 110 0 136 0 147 0 213 0 324 0 418 0 452 0 408 0 407 0 417 0 300 0 199 0 95 0 
SAlphaB:
0 0 0 0 0 0 0 0 0 0 0 0 0 0 0 0 0 0 0 0 0 0 0 0 0 0 0 0 0 0 0 0 0 0 0 0 0 0 0 0 0 0 1 0 10 0 19 0 33 0 45 0 76 0 106 0 110 0 136 0 147 0 213 0 324 0 418 0 452 0 408 0 407 0 417 0 300 0 199 0 95 0 
