0 42 81 20 -12 0 4 22

0 87 90 59 -18 11 40 16

0 54 93 88 -15 7 24 20

0 57 82 62 -15 0 4 25

0 11 56 50 -6 0 4 28

0 86 91 99 -5 6 25 7

0 47 82 44 -15 0 16 45

0 59 91 31 -5 9 39 39

0 35 70 31 -15 5 9 10

0 38 52 2 -11 27 49 8

0 38 41 58 -17 2 7 9

0 13 34 25 -13 13 24 5

0 20 53 71 -16 21 49 33

0 90 92 30 -5 4 9 14

0 2 51 21 -13 0 2 14

0 85 99 38 -8 29 30 30

0 26 57 32 -17 3 14 3

0 14 75 89 -1 16 31 30

0 64 71 86 -10 11 42 43

0 2 50 58 -20 2 4 18

0 32 83 31 -1 9 13 48

0 43 75 38 -7 14 37 48

0 17 19 61 -10 5 17 11

0 28 47 39 -17 16 49 10

0 8 47 11 -9 5 25 23

0 67 88 31 -17 21 41 24

0 58 71 19 -6 30 49 27

0 58 80 58 -9 22 40 34

0 79 80 39 -10 2 33 4

0 36 43 81 -2 2 3 28

0 18 51 87 -19 10 42 22

0 35 44 32 -1 29 36 19

0 23 56 85 -12 16 29 25

0 27 34 37 -11 33 42 1

0 5 96 20 -12 0 1 46

0 36 71 24 -2 2 6 43

0 32 98 1 -11 3 4 43

0 9 18 24 -11 3 4 10

0 18 24 94 -6 0 4 30

0 35 43 86 -11 14 17 8

0 37 42 38 -1 18 31 20

0 16 83 69 -17 9 45 49

0 39 49 55 -6 20 26 28

0 13 24 78 -8 9 13 17

0 10 24 44 -17 13 35 36

0 44 49 12 -12 15 29 20

0 73 82 37 -15 4 32 19

0 4 8 99 -13 26 30 35

0 40 42 26 -17 21 24 16

0 67 77 89 -8 0 13 43

0 49 93 94 -17 28 43 36

0 9 16 73 -3 15 44 49

0 33 35 18 -12 5 36 13

0 58 82 86 -7 0 1 38

0 17 29 95 -3 8 33 4

0 24 47 2 -14 19 28 30

0 71 76 96 -18 20 35 32

0 59 66 39 -19 21 39 3

0 11 46 5 -18 7 10 7

0 31 99 59 -8 26 29 25

0 14 41 93 -13 19 25 41

0 11 63 4 -6 11 17 28

0 16 27 41 -4 11 29 41

0 49 54 76 -11 20 36 14

0 8 17 29 -2 29 46 9

0 5 90 25 -2 29 39 37

0 0 48 66 -19 0 9 29

0 47 67 1 -7 0 9 48

0 15 60 47 -15 4 44 23

0 2 4 25 -17 19 36 18

0 14 29 37 -13 12 17 35

0 7 57 65 -4 7 15 37

0 3 58 10 -18 19 37 8

0 5 19 43 -20 2 38 6

0 21 46 45 -18 23 27 36

0 2 22 13 -17 18 48 8

0 2 3 40 -14 16 18 33

0 22 45 62 -9 35 38 46

0 22 25 23 -18 32 48 4

0 4 39 76 -2 5 22 27

0 19 22 37 -7 16 49 40

0 10 12 10 -15 19 48 8

0 0 13 45 -10 15 29 37

0 6 8 73 -20 8 15 2

0 12 18 93 -20 19 31 29

0 5 11 68 -7 15 25 39

0 57 59 4 -5 32 35 13

0 24 33 47 -20 5 32 45

0 6 17 43 -15 9 35 25

0 20 22 20 -7 22 29 42

0 0 7 77 -20 4 20 39

0 1 7 12 -15 4 20 13

0 22 23 71 -7 21 24 44

0 11 20 76 -19 12 38 13

0 0 1 67 -9 4 9 43

0 2 6 77 -10 0 2 49

0 18 25 39 -16 16 29 48

0 8 9 59 -12 2 19 45

0 0 4 59 -10 1 3 33

0 0 8 1 -3 9 44 25


SAlphaB: 707.0, std-dev 259.978116114772

Earliest win: 37
Latest win: 81

WinDepth:
0 0 0 0 0 0 0 0 0 0 0 0 0 0 0 0 0 0 0 0 0 0 0 0 0 0 0 0 0 0 0 0 0 0 0 0 0 4 0 3 0 6 3 12 3 29 11 59 16 78 43 160 53 88 72 139 124 195 174 200 148 218 210 320 345 401 404 399 453 390 467 506 491 363 394 328 272 225 195 120 103 82 
SAlphaB:
0 0 0 0 0 0 0 0 0 0 0 0 0 0 0 0 0 0 0 0 0 0 0 0 0 0 0 0 0 0 0 0 0 0 0 0 0 4 0 3 0 6 3 12 3 29 11 59 16 78 43 160 53 88 72 139 124 195 174 200 148 218 210 320 345 401 404 399 453 390 467 506 491 363 394 328 272 225 195 120 103 82 

LossDepth:
SAlphaB:
0 0 0 0 0 0 0 0 0 0 0 0 0 0 0 0 0 0 0 0 0 0 0 0 0 0 0 0 0 0 0 0 0 0 0 0 0 4 0 3 0 6 3 12 3 29 11 59 16 78 43 160 53 88 72 139 124 195 174 200 148 218 210 320 345 401 404 399 453 390 467 506 491 363 394 328 272 225 195 120 103 82 

FirstWin:
0 0 0 0 0 0 0 0 0 0 0 0 0 0 0 0 0 0 0 0 0 0 0 0 0 0 0 0 0 0 0 0 0 0 0 0 0 4 0 3 0 6 0 12 0 29 0 59 0 78 0 160 0 88 0 139 0 195 0 200 0 218 0 320 0 401 0 399 0 390 0 506 0 363 0 328 0 225 0 120 0 82 
SAlphaB:
0 0 0 0 0 0 0 0 0 0 0 0 0 0 0 0 0 0 0 0 0 0 0 0 0 0 0 0 0 0 0 0 0 0 0 0 0 4 0 3 0 6 0 12 0 29 0 59 0 78 0 160 0 88 0 139 0 195 0 200 0 218 0 320 0 401 0 399 0 390 0 506 0 363 0 328 0 225 0 120 0 82 

SecondWin:
0 0 0 0 0 0 0 0 0 0 0 0 0 0 0 0 0 0 0 0 0 0 0 0 0 0 0 0 0 0 0 0 0 0 0 0 0 0 0 0 0 0 3 0 3 0 11 0 16 0 43 0 53 0 72 0 124 0 174 0 148 0 210 0 345 0 404 0 453 0 467 0 491 0 394 0 272 0 195 0 103 0 
SAlphaB:
0 0 0 0 0 0 0 0 0 0 0 0 0 0 0 0 0 0 0 0 0 0 0 0 0 0 0 0 0 0 0 0 0 0 0 0 0 0 0 0 0 0 3 0 3 0 11 0 16 0 43 0 53 0 72 0 124 0 174 0 148 0 210 0 345 0 404 0 453 0 467 0 491 0 394 0 272 0 195 0 103 0 
