0 50 91 4 -2 4 30 27

0 18 55 33 -12 1 3 8

0 38 98 81 -19 0 4 34

0 56 90 48 -10 4 17 24

0 67 89 72 -13 4 27 17

0 35 53 89 -5 32 48 13

0 24 70 18 -2 4 15 37

0 47 58 43 -16 4 20 0

0 58 99 67 -8 16 26 37

0 79 91 39 -13 22 46 49

0 29 82 88 -8 4 9 36

0 16 30 63 -8 4 6 10

0 20 87 59 -20 3 27 43

0 47 81 11 -15 9 11 41

0 10 79 97 -14 4 14 12

0 41 52 56 -6 28 39 9

0 18 82 99 -9 24 47 41

0 94 97 55 -5 0 25 31

0 36 66 45 -6 11 15 1

0 23 75 76 -8 5 37 44

0 53 77 83 -12 1 4 26

0 70 79 20 -20 3 16 21

0 25 48 31 -5 11 33 0

0 40 61 20 -5 9 22 37

0 54 67 40 -15 2 29 15

0 22 74 40 -17 20 48 18

0 56 67 23 -14 19 39 20

0 65 80 97 -6 1 10 1

0 59 85 66 -3 7 25 25

0 25 35 15 -3 7 40 7

0 34 42 85 -6 0 1 19

0 42 67 71 -16 0 1 46

0 0 67 79 -1 1 22 0

0 39 56 81 -13 9 15 2

0 20 44 88 -6 31 35 43

0 7 83 57 -8 1 24 0

0 55 72 62 -10 21 37 14

0 1 25 30 -18 6 7 13

0 12 81 85 -12 12 22 5

0 5 31 97 -9 15 43 26

0 23 54 76 -9 6 8 37

0 60 68 44 -8 4 49 9

0 61 91 72 -17 15 26 8

0 1 94 17 -4 9 28 36

0 34 44 39 -20 15 23 46

0 6 18 18 -7 7 11 4

0 40 47 90 -6 5 23 49

0 24 39 49 -12 0 2 48

0 0 38 66 -19 11 13 13

0 44 94 52 -17 17 19 34

0 11 24 64 -7 0 2 41

0 38 59 71 -15 39 41 4

0 2 30 77 -2 31 33 41

0 80 85 35 -6 31 35 32

0 16 47 97 -15 32 40 24

0 29 74 16 -8 15 23 19

0 5 61 77 -5 4 6 2

0 1 17 64 -12 6 8 29

0 27 34 19 -17 9 23 27

0 7 14 25 -2 21 39 16

0 4 8 45 -12 25 27 33

0 41 67 93 -7 0 43 35

0 57 74 63 -1 30 34 41

0 3 29 26 -3 22 36 22

0 1 15 51 -9 17 23 13

0 11 55 6 -3 15 37 14

0 11 81 86 -12 21 36 18

0 32 39 7 -10 16 36 20

0 3 76 70 -8 6 48 14

0 2 3 66 -15 18 39 0

0 11 45 29 -17 19 22 49

0 9 61 54 -2 33 34 35

0 53 54 76 -11 36 45 42

0 29 75 42 -4 41 48 49

0 10 21 85 -9 0 8 45

0 13 22 41 -4 15 32 28

0 8 9 57 -12 0 6 43

0 15 26 89 -18 0 24 45

0 5 6 47 -19 6 41 40

0 16 35 36 -13 3 33 7

0 10 22 37 -4 20 27 32

0 31 34 52 -16 24 30 40

0 12 18 90 -4 4 19 9

0 2 3 46 -5 11 16 15

0 35 43 24 -20 27 41 32

0 0 1 62 -9 38 45 9

0 5 77 31 -8 21 31 34

0 13 26 21 -7 36 48 28

0 11 15 0 -12 8 48 13

0 32 66 14 -19 1 40 46

0 4 29 87 -6 13 19 45

0 8 19 36 -4 27 41 34

0 4 9 4 -2 27 34 26

0 0 2 41 -11 9 13 28

0 0 2 98 -8 3 44 36

0 0 20 19 -1 30 45 1

0 2 5 66 -7 8 34 20

0 1 17 58 -18 3 18 46

0 0 15 33 -1 9 16 40

0 0 3 86 -2 1 41 33


SAlphaB: 715.0, std-dev 261.0729095308609

Earliest win: 36
Latest win: 81

WinDepth:
0 0 0 0 0 0 0 0 0 0 0 0 0 0 0 0 0 0 0 0 0 0 0 0 0 0 0 0 0 0 0 0 0 0 0 0 1 4 3 1 1 2 4 17 11 17 13 32 14 71 82 259 66 128 70 150 97 215 151 180 119 252 196 362 283 376 408 435 447 438 427 436 402 411 398 379 274 213 202 148 118 87 
SAlphaB:
0 0 0 0 0 0 0 0 0 0 0 0 0 0 0 0 0 0 0 0 0 0 0 0 0 0 0 0 0 0 0 0 0 0 0 0 1 4 3 1 1 2 4 17 11 17 13 32 14 71 82 259 66 128 70 150 97 215 151 180 119 252 196 362 283 376 408 435 447 438 427 436 402 411 398 379 274 213 202 148 118 87 

LossDepth:
SAlphaB:
0 0 0 0 0 0 0 0 0 0 0 0 0 0 0 0 0 0 0 0 0 0 0 0 0 0 0 0 0 0 0 0 0 0 0 0 1 4 3 1 1 2 4 17 11 17 13 32 14 71 82 259 66 128 70 150 97 215 151 180 119 252 196 362 283 376 408 435 447 438 427 436 402 411 398 379 274 213 202 148 118 87 

FirstWin:
0 0 0 0 0 0 0 0 0 0 0 0 0 0 0 0 0 0 0 0 0 0 0 0 0 0 0 0 0 0 0 0 0 0 0 0 0 4 0 1 0 2 0 17 0 17 0 32 0 71 0 259 0 128 0 150 0 215 0 180 0 252 0 362 0 376 0 435 0 438 0 436 0 411 0 379 0 213 0 148 0 87 
SAlphaB:
0 0 0 0 0 0 0 0 0 0 0 0 0 0 0 0 0 0 0 0 0 0 0 0 0 0 0 0 0 0 0 0 0 0 0 0 0 4 0 1 0 2 0 17 0 17 0 32 0 71 0 259 0 128 0 150 0 215 0 180 0 252 0 362 0 376 0 435 0 438 0 436 0 411 0 379 0 213 0 148 0 87 

SecondWin:
0 0 0 0 0 0 0 0 0 0 0 0 0 0 0 0 0 0 0 0 0 0 0 0 0 0 0 0 0 0 0 0 0 0 0 0 1 0 3 0 1 0 4 0 11 0 13 0 14 0 82 0 66 0 70 0 97 0 151 0 119 0 196 0 283 0 408 0 447 0 427 0 402 0 398 0 274 0 202 0 118 0 
SAlphaB:
0 0 0 0 0 0 0 0 0 0 0 0 0 0 0 0 0 0 0 0 0 0 0 0 0 0 0 0 0 0 0 0 0 0 0 0 1 0 3 0 1 0 4 0 11 0 13 0 14 0 82 0 66 0 70 0 97 0 151 0 119 0 196 0 283 0 408 0 447 0 427 0 402 0 398 0 274 0 202 0 118 0 
