0 26 74 65 -2 6 18 1

0 49 99 92 -5 12 19 0

0 73 96 44 -14 6 22 37

0 81 97 56 -18 3 22 18

0 65 95 71 -7 0 36 23

0 31 67 88 -6 9 17 34

0 22 58 90 -3 2 7 15

0 37 59 13 -3 2 8 11

0 6 42 7 -5 1 2 16

0 71 93 68 -11 5 15 32

0 38 75 69 -13 10 13 16

0 50 54 29 -7 7 13 27

0 49 52 99 -2 16 38 29

0 54 58 93 -18 4 19 33

0 62 77 91 -10 10 17 21

0 46 70 74 -19 0 6 1

0 24 92 82 -10 14 31 16

0 50 97 46 -5 4 39 36

0 44 54 79 -17 4 24 49

0 52 98 78 -7 5 17 46

0 22 39 65 -4 9 21 23

0 10 86 17 -11 11 36 19

0 63 69 14 -13 11 43 49

0 29 52 51 -12 3 4 28

0 40 56 13 -4 9 41 12

0 40 49 70 -16 2 10 30

0 36 77 51 -4 0 21 30

0 3 71 6 -1 43 46 16

0 25 77 88 -9 33 45 30

0 30 35 55 -7 17 19 49

0 31 79 31 -15 10 18 47

0 52 55 69 -17 0 3 3

0 22 24 73 -16 8 25 22

0 38 64 7 -12 5 35 36

0 26 32 26 -8 0 1 13

0 9 58 36 -17 14 37 34

0 54 86 29 -12 11 48 24

0 77 84 18 -5 16 24 40

0 19 66 51 -19 2 8 38

0 27 61 51 -20 4 23 25

0 16 34 65 -2 13 18 16

0 53 74 27 -9 6 7 44

0 30 48 61 -10 7 19 42

0 15 90 39 -17 43 45 10

0 12 37 17 -17 17 46 46

0 10 92 5 -4 17 29 40

0 28 40 52 -5 6 10 24

0 21 49 50 -6 28 37 9

0 0 41 92 -17 14 41 10

0 41 88 33 -1 23 24 29

0 42 74 6 -10 17 20 28

0 25 75 44 -16 17 45 38

0 11 18 98 -20 0 5 8

0 62 64 83 -3 19 37 14

0 25 38 41 -16 7 33 35

0 9 37 43 -16 2 4 24

0 2 19 14 -18 1 12 17

0 4 41 65 -9 24 46 23

0 12 26 95 -4 21 25 22

0 2 37 40 -20 6 35 30

0 11 14 82 -13 14 39 11

0 26 37 31 -15 6 26 18

0 11 26 99 -1 7 22 29

0 8 60 15 -12 40 45 42

0 1 4 49 -15 1 10 2

0 4 5 49 -14 2 21 7

0 16 43 48 -10 9 25 46

0 15 18 87 -1 16 31 4

0 23 55 2 -8 4 35 24

0 14 15 98 -5 17 22 41

0 20 29 27 -17 9 10 3

0 37 42 59 -17 2 45 30

0 9 28 62 -10 3 9 46

0 11 61 20 -12 5 15 45

0 0 22 50 -19 6 13 2

0 10 18 0 -7 26 41 9

0 2 4 97 -4 6 21 22

0 13 19 81 -14 2 35 22

0 5 12 12 -9 0 1 28

0 15 20 22 -10 22 48 35

0 8 10 24 -10 16 17 25

0 0 9 66 -12 0 37 20

0 18 23 93 -20 9 32 18

0 18 25 45 -5 21 44 45

0 0 99 2 -7 7 13 49

0 27 28 81 -11 24 48 14

0 5 15 95 -12 18 20 10

0 14 15 70 -5 2 46 13

0 1 2 82 -10 18 47 19

0 0 4 65 -11 7 8 35

0 9 14 64 -8 2 42 9

0 5 15 13 -20 24 44 48

0 6 9 1 -15 1 8 29

0 5 36 84 -2 3 21 34

0 1 3 95 -19 35 39 5

0 4 10 11 -8 14 28 43

0 0 42 26 -13 27 36 1

0 7 11 26 -1 10 19 20

0 3 22 29 -12 1 10 44

0 1 2 8 -2 8 36 24


SAlphaB: 705.0, std-dev 256.0518712245153

Earliest win: 33
Latest win: 81

WinDepth:
0 0 0 0 0 0 0 0 0 0 0 0 0 0 0 0 0 0 0 0 0 0 0 0 0 0 0 0 0 0 0 0 0 1 0 0 0 4 1 11 1 13 2 10 7 14 10 18 21 55 34 164 103 162 89 227 110 198 124 172 186 258 257 416 280 323 431 390 404 397 450 408 404 356 443 377 269 252 175 135 87 87 
SAlphaB:
0 0 0 0 0 0 0 0 0 0 0 0 0 0 0 0 0 0 0 0 0 0 0 0 0 0 0 0 0 0 0 0 0 1 0 0 0 4 1 11 1 13 2 10 7 14 10 18 21 55 34 164 103 162 89 227 110 198 124 172 186 258 257 416 280 323 431 390 404 397 450 408 404 356 443 377 269 252 175 135 87 87 

LossDepth:
SAlphaB:
0 0 0 0 0 0 0 0 0 0 0 0 0 0 0 0 0 0 0 0 0 0 0 0 0 0 0 0 0 0 0 0 0 1 0 0 0 4 1 11 1 13 2 10 7 14 10 18 21 55 34 164 103 162 89 227 110 198 124 172 186 258 257 416 280 323 431 390 404 397 450 408 404 356 443 377 269 252 175 135 87 87 

FirstWin:
0 0 0 0 0 0 0 0 0 0 0 0 0 0 0 0 0 0 0 0 0 0 0 0 0 0 0 0 0 0 0 0 0 1 0 0 0 4 0 11 0 13 0 10 0 14 0 18 0 55 0 164 0 162 0 227 0 198 0 172 0 258 0 416 0 323 0 390 0 397 0 408 0 356 0 377 0 252 0 135 0 87 
SAlphaB:
0 0 0 0 0 0 0 0 0 0 0 0 0 0 0 0 0 0 0 0 0 0 0 0 0 0 0 0 0 0 0 0 0 1 0 0 0 4 0 11 0 13 0 10 0 14 0 18 0 55 0 164 0 162 0 227 0 198 0 172 0 258 0 416 0 323 0 390 0 397 0 408 0 356 0 377 0 252 0 135 0 87 

SecondWin:
0 0 0 0 0 0 0 0 0 0 0 0 0 0 0 0 0 0 0 0 0 0 0 0 0 0 0 0 0 0 0 0 0 0 0 0 0 0 1 0 1 0 2 0 7 0 10 0 21 0 34 0 103 0 89 0 110 0 124 0 186 0 257 0 280 0 431 0 404 0 450 0 404 0 443 0 269 0 175 0 87 0 
SAlphaB:
0 0 0 0 0 0 0 0 0 0 0 0 0 0 0 0 0 0 0 0 0 0 0 0 0 0 0 0 0 0 0 0 0 0 0 0 0 0 1 0 1 0 2 0 7 0 10 0 21 0 34 0 103 0 89 0 110 0 124 0 186 0 257 0 280 0 431 0 404 0 450 0 404 0 443 0 269 0 175 0 87 0 
