0 56 89 71 -15 0 1 16

0 43 95 68 -7 10 25 27

0 23 75 70 -15 2 5 4

0 56 83 9 -16 6 24 30

0 75 97 35 -18 5 24 18

0 32 63 89 -19 6 18 18

0 69 93 8 -2 0 6 3

0 61 69 38 -10 4 42 3

0 55 77 40 -8 7 43 30

0 34 95 58 -2 4 6 13

0 71 76 95 -20 0 6 27

0 15 20 16 -11 0 3 17

0 53 57 87 -8 14 19 11

0 1 53 21 -8 3 4 3

0 42 47 34 -7 13 39 15

0 34 96 22 -7 12 21 38

0 40 84 20 -17 0 3 38

0 53 70 90 -1 6 21 19

0 70 92 19 -10 18 35 31

0 45 50 20 -15 0 1 30

0 18 49 23 -10 1 11 31

0 1 74 65 -5 5 17 16

0 60 70 85 -16 3 7 12

0 65 74 83 -2 0 5 17

0 22 87 31 -9 0 17 41

0 74 93 91 -18 17 27 19

0 58 77 48 -5 18 27 41

0 17 37 43 -9 9 11 11

0 71 91 37 -18 9 12 17

0 9 44 53 -3 0 1 11

0 24 66 70 -14 13 19 3

0 3 72 52 -13 22 47 36

0 63 73 32 -18 11 21 40

0 28 93 48 -3 16 37 28

0 19 25 38 -13 4 23 13

0 10 37 55 -13 1 14 9

0 26 48 8 -18 8 12 9

0 74 81 16 -7 18 36 38

0 58 91 94 -6 25 30 1

0 24 45 20 -10 11 32 1

0 20 48 86 -11 4 7 4

0 25 66 62 -17 5 8 37

0 38 68 58 -19 4 6 37

0 58 80 8 -10 26 35 21

0 32 50 60 -3 5 6 41

0 22 58 72 -13 0 26 0

0 8 55 31 -15 19 29 20

0 77 82 70 -14 7 10 29

0 11 37 99 -9 0 10 28

0 68 77 98 -1 1 2 42

0 74 98 45 -11 3 16 48

0 26 36 38 -3 12 29 36

0 41 56 22 -1 12 48 10

0 28 81 76 -8 25 27 7

0 33 36 3 -14 1 6 42

0 17 41 61 -1 5 7 31

0 17 39 64 -4 14 21 22

0 14 85 84 -14 27 32 15

0 2 90 95 -7 1 6 46

0 22 59 98 -9 12 13 45

0 28 57 79 -8 29 45 15

0 18 52 28 -4 1 8 46

0 24 42 44 -20 15 18 5

0 16 86 55 -6 20 32 49

0 25 31 45 -2 12 14 19

0 26 99 83 -7 2 46 26

0 50 70 14 -19 34 48 28

0 49 85 86 -13 20 32 3

0 3 59 55 -16 0 32 7

0 45 62 7 -1 31 40 44

0 2 63 34 -9 0 37 1

0 6 7 64 -18 1 2 23

0 48 65 2 -11 19 48 43

0 11 15 46 -15 15 48 48

0 7 60 59 -16 12 45 14

0 1 2 85 -19 1 3 37

0 24 32 37 -11 17 25 43

0 5 14 56 -19 5 25 44

0 1 71 17 -13 3 11 35

0 31 38 82 -20 27 44 44

0 8 9 52 -20 32 41 36

0 1 20 14 -17 41 45 39

0 16 65 17 -13 5 46 1

0 2 54 36 -7 41 47 29

0 0 18 85 -6 9 43 15

0 12 22 47 -20 1 2 36

0 0 17 96 -8 3 43 30

0 1 29 51 -13 23 29 37

0 18 20 33 -10 3 12 42

0 1 3 56 -4 15 40 18

0 1 9 59 -2 14 37 45

0 0 17 84 -8 26 36 42

0 21 24 66 -6 29 49 10

0 0 4 83 -17 4 39 15

0 13 18 80 -5 0 2 46

0 0 2 52 -2 7 33 4

0 0 2 16 -5 7 42 12

0 0 3 94 -5 16 20 46

0 0 5 65 -16 14 40 12

0 0 5 48 -10 28 30 22


SAlphaB: 699.0, std-dev 266.97520351697324

Earliest win: 37
Latest win: 81

WinDepth:
0 0 0 0 0 0 0 0 0 0 0 0 0 0 0 0 0 0 0 0 0 0 0 0 0 0 0 0 0 0 0 0 0 0 0 0 0 1 1 2 2 6 1 8 4 23 12 49 16 76 54 140 92 128 147 155 125 229 166 192 162 239 236 351 297 378 368 353 409 415 422 452 415 359 406 388 305 241 186 142 104 84 
SAlphaB:
0 0 0 0 0 0 0 0 0 0 0 0 0 0 0 0 0 0 0 0 0 0 0 0 0 0 0 0 0 0 0 0 0 0 0 0 0 1 1 2 2 6 1 8 4 23 12 49 16 76 54 140 92 128 147 155 125 229 166 192 162 239 236 351 297 378 368 353 409 415 422 452 415 359 406 388 305 241 186 142 104 84 

LossDepth:
SAlphaB:
0 0 0 0 0 0 0 0 0 0 0 0 0 0 0 0 0 0 0 0 0 0 0 0 0 0 0 0 0 0 0 0 0 0 0 0 0 1 1 2 2 6 1 8 4 23 12 49 16 76 54 140 92 128 147 155 125 229 166 192 162 239 236 351 297 378 368 353 409 415 422 452 415 359 406 388 305 241 186 142 104 84 

FirstWin:
0 0 0 0 0 0 0 0 0 0 0 0 0 0 0 0 0 0 0 0 0 0 0 0 0 0 0 0 0 0 0 0 0 0 0 0 0 1 0 2 0 6 0 8 0 23 0 49 0 76 0 140 0 128 0 155 0 229 0 192 0 239 0 351 0 378 0 353 0 415 0 452 0 359 0 388 0 241 0 142 0 84 
SAlphaB:
0 0 0 0 0 0 0 0 0 0 0 0 0 0 0 0 0 0 0 0 0 0 0 0 0 0 0 0 0 0 0 0 0 0 0 0 0 1 0 2 0 6 0 8 0 23 0 49 0 76 0 140 0 128 0 155 0 229 0 192 0 239 0 351 0 378 0 353 0 415 0 452 0 359 0 388 0 241 0 142 0 84 

SecondWin:
0 0 0 0 0 0 0 0 0 0 0 0 0 0 0 0 0 0 0 0 0 0 0 0 0 0 0 0 0 0 0 0 0 0 0 0 0 0 1 0 2 0 1 0 4 0 12 0 16 0 54 0 92 0 147 0 125 0 166 0 162 0 236 0 297 0 368 0 409 0 422 0 415 0 406 0 305 0 186 0 104 0 
SAlphaB:
0 0 0 0 0 0 0 0 0 0 0 0 0 0 0 0 0 0 0 0 0 0 0 0 0 0 0 0 0 0 0 0 0 0 0 0 0 0 1 0 2 0 1 0 4 0 12 0 16 0 54 0 92 0 147 0 125 0 166 0 162 0 236 0 297 0 368 0 409 0 422 0 415 0 406 0 305 0 186 0 104 0 
