0 20 73 49 -15 0 2 23

0 43 49 78 -8 9 16 25

0 48 95 39 -12 3 31 14

0 45 67 78 -14 6 10 18

0 38 56 9 -2 12 24 1

0 47 88 90 -6 9 28 22

0 76 83 30 -15 14 21 31

0 19 38 45 -1 21 28 10

0 78 91 8 -20 2 33 6

0 52 65 98 -5 8 20 24

0 5 20 31 -2 13 17 4

0 78 87 90 -11 12 44 21

0 35 62 5 -6 3 11 24

0 23 68 89 -3 4 16 22

0 36 68 76 -5 3 25 8

0 11 60 30 -15 3 11 16

0 59 70 20 -20 16 35 37

0 27 61 77 -5 5 6 21

0 53 54 80 -20 3 13 25

0 39 41 58 -8 5 18 5

0 9 36 86 -1 20 22 17

0 49 91 48 -19 0 2 0

0 44 65 68 -8 1 17 26

0 34 40 29 -3 8 13 23

0 46 59 99 -20 9 23 25

0 19 88 20 -19 4 5 2

0 68 72 87 -16 15 49 18

0 42 66 90 -6 3 33 17

0 31 72 89 -20 9 11 3

0 18 76 43 -2 2 24 28

0 9 83 62 -16 23 48 32

0 72 86 59 -11 10 34 34

0 81 93 13 -1 3 8 26

0 36 73 67 -9 0 2 30

0 33 82 57 -12 21 26 18

0 62 79 8 -9 7 10 18

0 0 85 44 -4 4 5 10

0 52 63 26 -13 12 43 9

0 8 96 21 -8 9 33 31

0 37 47 46 -13 15 30 21

0 80 81 39 -10 14 19 24

0 19 35 28 -16 13 17 23

0 18 25 32 -3 8 14 26

0 4 31 72 -3 22 26 11

0 5 16 39 -3 2 3 0

0 30 57 85 -6 2 3 27

0 27 44 54 -13 8 10 9

0 23 33 36 -3 26 48 8

0 8 44 66 -1 5 13 33

0 29 76 55 -13 14 20 4

0 61 68 42 -12 5 16 44

0 4 35 71 -20 18 29 21

0 73 81 27 -8 32 43 14

0 5 20 18 -15 24 25 29

0 12 85 33 -1 15 21 8

0 49 67 85 -6 35 36 30

0 42 87 79 -19 9 38 25

0 1 54 24 -3 0 6 1

0 6 74 28 -14 12 30 42

0 20 25 47 -15 4 6 14

0 30 35 76 -1 18 41 34

0 1 68 26 -13 3 6 31

0 5 17 71 -6 17 26 4

0 41 74 59 -3 5 8 7

0 40 88 58 -20 27 35 16

0 6 9 62 -1 8 28 32

0 6 55 2 -5 11 19 21

0 12 75 58 -16 16 19 31

0 39 43 41 -9 17 25 0

0 37 44 72 -9 17 27 37

0 24 54 45 -8 22 27 2

0 20 69 87 -10 9 36 43

0 0 18 91 -12 0 1 22

0 7 35 3 -18 1 4 21

0 2 41 19 -2 8 15 40

0 39 52 70 -12 19 32 26

0 15 87 71 -14 19 22 10

0 19 69 61 -3 22 32 24

0 29 35 15 -12 13 22 29

0 6 8 18 -20 36 47 32

0 20 22 60 -10 4 20 29

0 4 9 61 -16 34 47 45

0 5 17 8 -19 19 24 31

0 17 59 67 -17 26 42 44

0 31 43 75 -8 31 46 48

0 2 15 79 -15 1 29 35

0 8 11 48 -4 16 34 3

0 8 13 2 -15 14 24 24

0 2 3 45 -7 9 24 2

0 1 4 32 -20 4 34 28

0 15 25 69 -16 7 10 41

0 17 41 44 -18 1 26 9

0 10 29 10 -17 15 46 17

0 7 15 22 -16 4 15 9

0 2 14 71 -2 3 48 3

0 2 3 41 -3 20 30 36

0 15 35 4 -15 7 45 44

0 2 7 35 -10 5 44 31

0 5 35 7 -18 21 26 49

0 0 3 47 -13 0 20 32


SAlphaB: 703.0, std-dev 270.4264790207415

Earliest win: 37
Latest win: 81

WinDepth:
0 0 0 0 0 0 0 0 0 0 0 0 0 0 0 0 0 0 0 0 0 0 0 0 0 0 0 0 0 0 0 0 0 0 0 0 0 7 0 5 2 7 2 17 11 40 18 44 23 44 61 121 80 125 92 158 118 192 157 192 159 237 256 298 341 381 403 417 459 429 478 470 399 360 371 382 272 238 205 163 109 83 
SAlphaB:
0 0 0 0 0 0 0 0 0 0 0 0 0 0 0 0 0 0 0 0 0 0 0 0 0 0 0 0 0 0 0 0 0 0 0 0 0 7 0 5 2 7 2 17 11 40 18 44 23 44 61 121 80 125 92 158 118 192 157 192 159 237 256 298 341 381 403 417 459 429 478 470 399 360 371 382 272 238 205 163 109 83 

LossDepth:
SAlphaB:
0 0 0 0 0 0 0 0 0 0 0 0 0 0 0 0 0 0 0 0 0 0 0 0 0 0 0 0 0 0 0 0 0 0 0 0 0 7 0 5 2 7 2 17 11 40 18 44 23 44 61 121 80 125 92 158 118 192 157 192 159 237 256 298 341 381 403 417 459 429 478 470 399 360 371 382 272 238 205 163 109 83 

FirstWin:
0 0 0 0 0 0 0 0 0 0 0 0 0 0 0 0 0 0 0 0 0 0 0 0 0 0 0 0 0 0 0 0 0 0 0 0 0 7 0 5 0 7 0 17 0 40 0 44 0 44 0 121 0 125 0 158 0 192 0 192 0 237 0 298 0 381 0 417 0 429 0 470 0 360 0 382 0 238 0 163 0 83 
SAlphaB:
0 0 0 0 0 0 0 0 0 0 0 0 0 0 0 0 0 0 0 0 0 0 0 0 0 0 0 0 0 0 0 0 0 0 0 0 0 7 0 5 0 7 0 17 0 40 0 44 0 44 0 121 0 125 0 158 0 192 0 192 0 237 0 298 0 381 0 417 0 429 0 470 0 360 0 382 0 238 0 163 0 83 

SecondWin:
0 0 0 0 0 0 0 0 0 0 0 0 0 0 0 0 0 0 0 0 0 0 0 0 0 0 0 0 0 0 0 0 0 0 0 0 0 0 0 0 2 0 2 0 11 0 18 0 23 0 61 0 80 0 92 0 118 0 157 0 159 0 256 0 341 0 403 0 459 0 478 0 399 0 371 0 272 0 205 0 109 0 
SAlphaB:
0 0 0 0 0 0 0 0 0 0 0 0 0 0 0 0 0 0 0 0 0 0 0 0 0 0 0 0 0 0 0 0 0 0 0 0 0 0 0 0 2 0 2 0 11 0 18 0 23 0 61 0 80 0 92 0 118 0 157 0 159 0 256 0 341 0 403 0 459 0 478 0 399 0 371 0 272 0 205 0 109 0 
