0 30 79 17 -1 11 25 13

0 27 57 11 -11 4 11 5

0 53 74 49 -16 2 17 18

0 33 63 44 -13 2 7 14

0 17 93 77 -1 7 10 15

0 37 47 1 -6 1 3 5

0 0 56 46 -19 18 22 24

0 92 96 27 -14 3 17 11

0 41 46 3 -3 5 16 15

0 71 75 90 -1 4 37 11

0 58 82 15 -5 11 32 22

0 20 47 85 -14 1 2 6

0 5 66 91 -4 5 15 1

0 58 66 33 -2 2 29 39

0 57 82 10 -20 6 12 29

0 56 90 93 -8 0 1 17

0 11 20 82 -7 0 6 17

0 41 47 42 -3 8 30 17

0 69 77 88 -15 7 35 38

0 1 53 71 -5 3 11 9

0 55 87 93 -8 10 39 42

0 27 46 51 -18 15 32 26

0 45 59 26 -6 2 5 7

0 63 77 64 -4 0 4 17

0 41 85 85 -20 5 10 46

0 29 38 25 -13 4 9 36

0 32 53 1 -18 2 17 31

0 75 90 20 -11 15 27 40

0 17 75 51 -3 13 24 17

0 35 37 54 -12 5 29 18

0 17 39 61 -1 12 40 26

0 4 93 84 -15 10 11 19

0 77 96 68 -1 4 12 43

0 12 14 58 -5 10 16 3

0 16 43 50 -7 7 26 12

0 43 46 36 -3 6 15 28

0 7 52 64 -4 12 23 38

0 18 47 22 -8 0 1 30

0 23 67 75 -3 2 6 32

0 22 43 13 -9 0 25 3

0 30 52 62 -15 21 48 45

0 16 48 17 -17 12 37 29

0 66 77 58 -14 25 40 6

0 1 36 90 -18 20 27 18

0 83 89 80 -4 17 20 32

0 95 96 46 -8 1 7 43

0 19 71 33 -3 12 14 0

0 31 51 81 -5 36 43 39

0 19 34 72 -18 11 23 7

0 34 45 23 -19 4 28 15

0 37 66 4 -19 19 22 28

0 51 96 24 -15 18 25 12

0 60 90 15 -3 27 33 15

0 43 80 69 -12 0 4 30

0 6 25 35 -18 6 16 22

0 13 43 79 -1 0 47 23

0 0 59 6 -6 21 36 37

0 46 56 69 -1 1 4 26

0 23 47 52 -3 0 42 32

0 25 31 74 -6 11 28 15

0 36 62 72 -8 0 1 24

0 4 82 50 -19 26 46 45

0 11 51 23 -10 6 8 33

0 29 59 34 -16 5 20 22

0 29 33 23 -7 7 20 22

0 3 6 34 -18 0 5 7

0 0 16 35 -12 9 16 12

0 2 69 7 -20 6 46 43

0 15 27 80 -4 9 24 36

0 2 55 87 -15 0 12 10

0 14 49 71 -20 26 48 8

0 21 51 32 -10 33 38 34

0 50 67 14 -19 21 31 0

0 1 77 56 -11 1 4 8

0 8 15 86 -15 6 13 3

0 8 97 24 -16 2 41 5

0 38 79 21 -17 33 47 44

0 6 35 51 -19 5 23 12

0 2 24 61 -18 6 11 44

0 21 57 63 -3 13 49 15

0 16 27 53 -11 1 38 11

0 5 9 58 -3 10 13 40

0 5 44 66 -1 0 8 49

0 15 29 73 -12 3 36 13

0 27 47 23 -11 41 45 34

0 9 27 13 -6 1 5 42

0 16 26 80 -3 7 33 21

0 9 19 74 -14 19 48 31

0 0 4 52 -4 23 30 27

0 3 39 27 -6 11 15 2

0 3 8 49 -14 27 30 47

0 16 21 20 -6 3 49 45

0 2 3 8 -16 20 27 37

0 0 1 60 -6 24 49 44

0 9 30 99 -8 4 33 22

0 0 1 8 -3 15 32 17

0 1 6 11 -6 8 20 41

0 15 25 4 -13 33 41 11

0 4 5 10 -13 20 24 1

0 0 3 5 -9 2 5 30


SAlphaB: 747.0, std-dev 269.7281407250454

Earliest win: 35
Latest win: 81

WinDepth:
0 0 0 0 0 0 0 0 0 0 0 0 0 0 0 0 0 0 0 0 0 0 0 0 0 0 0 0 0 0 0 0 0 0 0 1 0 4 1 2 2 7 8 14 5 17 11 43 30 57 40 228 68 126 84 149 104 216 151 199 164 209 268 322 313 371 400 363 437 437 446 457 424 387 448 353 276 260 192 130 106 86 
SAlphaB:
0 0 0 0 0 0 0 0 0 0 0 0 0 0 0 0 0 0 0 0 0 0 0 0 0 0 0 0 0 0 0 0 0 0 0 1 0 4 1 2 2 7 8 14 5 17 11 43 30 57 40 228 68 126 84 149 104 216 151 199 164 209 268 322 313 371 400 363 437 437 446 457 424 387 448 353 276 260 192 130 106 86 

LossDepth:
SAlphaB:
0 0 0 0 0 0 0 0 0 0 0 0 0 0 0 0 0 0 0 0 0 0 0 0 0 0 0 0 0 0 0 0 0 0 0 1 0 4 1 2 2 7 8 14 5 17 11 43 30 57 40 228 68 126 84 149 104 216 151 199 164 209 268 322 313 371 400 363 437 437 446 457 424 387 448 353 276 260 192 130 106 86 

FirstWin:
0 0 0 0 0 0 0 0 0 0 0 0 0 0 0 0 0 0 0 0 0 0 0 0 0 0 0 0 0 0 0 0 0 0 0 1 0 4 0 2 0 7 0 14 0 17 0 43 0 57 0 228 0 126 0 149 0 216 0 199 0 209 0 322 0 371 0 363 0 437 0 457 0 387 0 353 0 260 0 130 0 86 
SAlphaB:
0 0 0 0 0 0 0 0 0 0 0 0 0 0 0 0 0 0 0 0 0 0 0 0 0 0 0 0 0 0 0 0 0 0 0 1 0 4 0 2 0 7 0 14 0 17 0 43 0 57 0 228 0 126 0 149 0 216 0 199 0 209 0 322 0 371 0 363 0 437 0 457 0 387 0 353 0 260 0 130 0 86 

SecondWin:
0 0 0 0 0 0 0 0 0 0 0 0 0 0 0 0 0 0 0 0 0 0 0 0 0 0 0 0 0 0 0 0 0 0 0 0 0 0 1 0 2 0 8 0 5 0 11 0 30 0 40 0 68 0 84 0 104 0 151 0 164 0 268 0 313 0 400 0 437 0 446 0 424 0 448 0 276 0 192 0 106 0 
SAlphaB:
0 0 0 0 0 0 0 0 0 0 0 0 0 0 0 0 0 0 0 0 0 0 0 0 0 0 0 0 0 0 0 0 0 0 0 0 0 0 1 0 2 0 8 0 5 0 11 0 30 0 40 0 68 0 84 0 104 0 151 0 164 0 268 0 313 0 400 0 437 0 446 0 424 0 448 0 276 0 192 0 106 0 
