0 19 52 5 -9 0 4 11

0 36 53 76 -6 2 5 11

0 39 99 58 -10 8 17 4

0 38 54 24 -2 7 15 3

0 49 62 7 -19 0 1 16

0 58 85 42 -1 1 32 2

0 49 81 73 -8 9 11 9

0 65 69 43 -4 18 20 26

0 75 81 82 -18 6 25 40

0 52 76 39 -5 11 39 3

0 36 68 42 -8 0 1 24

0 52 82 28 -1 0 10 27

0 60 69 85 -13 3 36 19

0 80 84 41 -4 7 41 40

0 56 88 89 -16 5 24 5

0 80 93 98 -19 6 9 27

0 29 61 61 -5 1 8 16

0 49 79 80 -15 18 26 9

0 21 66 93 -1 2 4 10

0 13 83 2 -5 2 7 38

0 5 68 63 -7 0 7 14

0 39 42 20 -12 1 9 3

0 45 49 26 -8 14 15 21

0 67 77 81 -14 14 15 26

0 21 63 72 -12 29 44 14

0 19 77 58 -13 32 42 23

0 61 63 26 -20 9 10 24

0 24 77 24 -5 12 25 47

0 34 51 96 -17 3 8 28

0 33 83 56 -13 27 38 22

0 67 89 14 -8 1 3 23

0 25 97 12 -9 1 5 38

0 43 57 91 -10 16 17 19

0 22 68 61 -3 18 40 2

0 10 85 44 -12 3 5 45

0 9 83 52 -18 3 5 17

0 14 96 38 -19 8 24 27

0 10 15 39 -1 14 15 2

0 45 55 90 -4 8 16 42

0 14 70 48 -8 15 39 7

0 5 88 54 -18 0 29 12

0 34 86 49 -7 28 40 9

0 13 59 91 -19 11 12 34

0 19 85 67 -5 28 46 37

0 56 59 97 -18 0 12 32

0 11 39 28 -1 28 39 15

0 21 39 65 -2 2 18 6

0 25 43 15 -15 9 14 46

0 32 33 85 -4 3 10 34

0 16 85 92 -6 22 41 33

0 3 28 49 -18 5 8 20

0 89 90 14 -12 24 46 31

0 4 74 91 -14 33 44 28

0 0 68 91 -1 2 4 29

0 2 55 37 -1 16 20 21

0 50 58 29 -10 20 45 0

0 47 58 85 -13 18 34 12

0 16 42 56 -6 23 35 33

0 49 59 7 -16 12 16 12

0 11 21 81 -4 5 7 21

0 24 44 4 -13 7 8 39

0 67 76 35 -7 6 9 48

0 10 53 46 -19 2 48 44

0 3 4 80 -19 19 36 24

0 5 18 46 -11 14 31 31

0 25 58 5 -16 7 12 43

0 15 60 92 -1 2 48 1

0 24 91 31 -1 14 27 39

0 19 91 91 -4 10 39 46

0 12 35 5 -12 26 40 9

0 62 68 33 -6 20 25 32

0 16 18 70 -13 12 35 34

0 47 52 10 -11 3 4 3

0 2 37 48 -20 8 33 45

0 2 18 77 -13 29 47 11

0 9 56 87 -7 6 8 47

0 13 21 47 -7 3 9 40

0 9 40 2 -8 33 38 38

0 47 50 75 -8 5 42 49

0 8 91 47 -11 19 21 6

0 23 34 43 -9 10 36 16

0 11 47 59 -6 28 30 48

0 2 3 66 -11 0 18 32

0 3 4 0 -3 5 15 5

0 0 17 81 -11 0 45 17

0 18 30 31 -5 16 22 42

0 28 75 92 -11 8 43 40

0 18 34 4 -3 12 15 45

0 9 12 80 -7 0 23 26

0 2 29 87 -6 3 49 2

0 2 30 23 -2 16 32 31

0 17 46 38 -15 12 47 8

0 3 5 84 -7 16 33 13

0 21 22 52 -14 15 20 30

0 0 5 60 -15 0 2 46

0 7 18 42 -7 4 7 22

0 2 12 36 -12 10 14 48

0 3 12 7 -14 1 32 46

0 1 11 67 -13 5 6 43

0 9 15 2 -1 13 19 37


SAlphaB: 700.0, std-dev 265.08122311564216

Earliest win: 37
Latest win: 81

WinDepth:
0 0 0 0 0 0 0 0 0 0 0 0 0 0 0 0 0 0 0 0 0 0 0 0 0 0 0 0 0 0 0 0 0 0 0 0 0 2 0 0 0 3 0 10 10 27 11 62 22 76 37 177 68 145 79 174 118 209 139 183 177 227 210 347 323 388 440 392 450 436 453 456 420 437 367 369 319 246 169 130 104 66 
SAlphaB:
0 0 0 0 0 0 0 0 0 0 0 0 0 0 0 0 0 0 0 0 0 0 0 0 0 0 0 0 0 0 0 0 0 0 0 0 0 2 0 0 0 3 0 10 10 27 11 62 22 76 37 177 68 145 79 174 118 209 139 183 177 227 210 347 323 388 440 392 450 436 453 456 420 437 367 369 319 246 169 130 104 66 

LossDepth:
SAlphaB:
0 0 0 0 0 0 0 0 0 0 0 0 0 0 0 0 0 0 0 0 0 0 0 0 0 0 0 0 0 0 0 0 0 0 0 0 0 2 0 0 0 3 0 10 10 27 11 62 22 76 37 177 68 145 79 174 118 209 139 183 177 227 210 347 323 388 440 392 450 436 453 456 420 437 367 369 319 246 169 130 104 66 

FirstWin:
0 0 0 0 0 0 0 0 0 0 0 0 0 0 0 0 0 0 0 0 0 0 0 0 0 0 0 0 0 0 0 0 0 0 0 0 0 2 0 0 0 3 0 10 0 27 0 62 0 76 0 177 0 145 0 174 0 209 0 183 0 227 0 347 0 388 0 392 0 436 0 456 0 437 0 369 0 246 0 130 0 66 
SAlphaB:
0 0 0 0 0 0 0 0 0 0 0 0 0 0 0 0 0 0 0 0 0 0 0 0 0 0 0 0 0 0 0 0 0 0 0 0 0 2 0 0 0 3 0 10 0 27 0 62 0 76 0 177 0 145 0 174 0 209 0 183 0 227 0 347 0 388 0 392 0 436 0 456 0 437 0 369 0 246 0 130 0 66 

SecondWin:
0 0 0 0 0 0 0 0 0 0 0 0 0 0 0 0 0 0 0 0 0 0 0 0 0 0 0 0 0 0 0 0 0 0 0 0 0 0 0 0 0 0 0 0 10 0 11 0 22 0 37 0 68 0 79 0 118 0 139 0 177 0 210 0 323 0 440 0 450 0 453 0 420 0 367 0 319 0 169 0 104 0 
SAlphaB:
0 0 0 0 0 0 0 0 0 0 0 0 0 0 0 0 0 0 0 0 0 0 0 0 0 0 0 0 0 0 0 0 0 0 0 0 0 0 0 0 0 0 0 0 10 0 11 0 22 0 37 0 68 0 79 0 118 0 139 0 177 0 210 0 323 0 440 0 450 0 453 0 420 0 367 0 319 0 169 0 104 0 
