0 80 88 55 -6 10 45 11

0 52 89 25 -4 5 37 16

0 33 89 37 -12 8 12 28

0 54 66 35 -3 8 27 22

0 37 95 64 -13 1 38 27

0 20 48 40 -15 4 6 20

0 9 11 63 -8 0 1 7

0 84 88 83 -10 4 10 24

0 39 43 59 -14 2 7 11

0 19 35 22 -9 1 5 36

0 14 64 92 -6 0 1 40

0 18 28 98 -11 0 2 4

0 3 56 57 -5 19 38 13

0 10 76 89 -10 31 49 35

0 10 49 4 -14 7 13 20

0 32 89 18 -12 47 48 27

0 58 60 59 -10 8 14 24

0 29 43 50 -6 5 22 4

0 27 74 93 -5 18 46 6

0 19 23 70 -18 0 1 35

0 24 29 58 -13 13 20 0

0 11 89 48 -20 0 1 33

0 79 84 17 -19 3 26 25

0 61 86 3 -18 10 19 20

0 66 70 78 -6 3 16 44

0 1 86 55 -1 18 28 21

0 0 94 34 -4 13 25 6

0 17 23 46 -3 8 11 15

0 1 92 49 -14 3 26 21

0 6 55 81 -10 0 7 5

0 22 57 90 -18 3 5 49

0 12 54 6 -5 13 15 38

0 19 54 83 -15 10 26 38

0 77 95 79 -7 21 26 25

0 64 83 47 -19 3 49 48

0 3 58 29 -20 27 28 2

0 62 78 57 -5 26 38 42

0 35 69 54 -11 18 24 42

0 9 54 27 -12 1 7 14

0 58 85 34 -9 0 1 49

0 6 51 93 -17 12 13 35

0 22 62 60 -13 16 22 22

0 46 66 77 -18 27 37 39

0 20 37 27 -6 6 29 19

0 82 92 91 -2 1 6 13

0 58 94 2 -17 3 49 23

0 5 69 89 -14 1 12 20

0 6 45 25 -13 1 7 3

0 35 83 62 -4 14 15 0

0 51 65 66 -14 27 37 23

0 45 51 27 -11 21 46 16

0 22 85 63 -19 20 23 7

0 28 32 85 -7 13 17 11

0 11 84 72 -6 15 19 32

0 60 70 28 -5 26 42 30

0 74 98 37 -20 0 47 24

0 3 62 93 -1 2 4 3

0 29 88 68 -3 30 33 18

0 41 44 84 -12 11 19 22

0 7 25 88 -18 0 2 1

0 12 20 61 -6 9 14 14

0 11 49 61 -15 7 42 26

0 33 61 26 -20 29 48 33

0 32 58 50 -3 9 47 7

0 74 76 32 -9 25 30 7

0 15 44 20 -14 8 42 5

0 37 72 48 -14 9 44 45

0 4 17 0 -18 8 38 10

0 2 7 73 -19 40 46 10

0 21 46 35 -17 6 12 45

0 22 32 32 -17 12 31 8

0 27 53 21 -7 15 28 49

0 12 40 6 -3 0 31 44

0 13 22 71 -2 1 40 40

0 46 82 36 -16 34 49 30

0 9 28 79 -8 5 24 48

0 8 17 79 -16 13 30 2

0 17 70 54 -17 6 42 21

0 12 33 18 -11 2 32 31

0 20 23 72 -18 11 43 23

0 14 23 10 -9 4 33 21

0 3 51 5 -13 12 42 20

0 13 29 54 -13 1 32 2

0 2 11 86 -19 1 2 34

0 4 13 36 -11 16 40 43

0 12 20 87 -20 37 38 29

0 23 52 18 -19 6 24 47

0 4 20 78 -11 17 26 39

0 1 6 43 -17 13 23 30

0 1 6 90 -2 3 29 42

0 4 5 67 -8 13 26 3

0 5 8 57 -8 35 36 24

0 9 11 14 -7 15 17 28

0 8 40 94 -10 4 19 23

0 9 15 10 -16 9 17 2

0 0 1 1 -16 34 45 6

0 0 13 2 -1 16 23 23

0 1 32 82 -6 6 32 47

0 1 4 42 -16 0 4 24

0 6 7 20 -9 22 42 47


SAlphaB: 713.0, std-dev 261.8347714213155

Earliest win: 36
Latest win: 81

WinDepth:
0 0 0 0 0 0 0 0 0 0 0 0 0 0 0 0 0 0 0 0 0 0 0 0 0 0 0 0 0 0 0 0 0 0 0 0 1 9 1 2 2 8 4 15 5 19 15 22 38 84 99 138 103 122 130 169 124 188 166 204 178 240 276 326 391 378 377 411 400 404 425 418 405 414 374 335 294 251 180 120 94 76 
SAlphaB:
0 0 0 0 0 0 0 0 0 0 0 0 0 0 0 0 0 0 0 0 0 0 0 0 0 0 0 0 0 0 0 0 0 0 0 0 1 9 1 2 2 8 4 15 5 19 15 22 38 84 99 138 103 122 130 169 124 188 166 204 178 240 276 326 391 378 377 411 400 404 425 418 405 414 374 335 294 251 180 120 94 76 

LossDepth:
SAlphaB:
0 0 0 0 0 0 0 0 0 0 0 0 0 0 0 0 0 0 0 0 0 0 0 0 0 0 0 0 0 0 0 0 0 0 0 0 1 9 1 2 2 8 4 15 5 19 15 22 38 84 99 138 103 122 130 169 124 188 166 204 178 240 276 326 391 378 377 411 400 404 425 418 405 414 374 335 294 251 180 120 94 76 

FirstWin:
0 0 0 0 0 0 0 0 0 0 0 0 0 0 0 0 0 0 0 0 0 0 0 0 0 0 0 0 0 0 0 0 0 0 0 0 0 9 0 2 0 8 0 15 0 19 0 22 0 84 0 138 0 122 0 169 0 188 0 204 0 240 0 326 0 378 0 411 0 404 0 418 0 414 0 335 0 251 0 120 0 76 
SAlphaB:
0 0 0 0 0 0 0 0 0 0 0 0 0 0 0 0 0 0 0 0 0 0 0 0 0 0 0 0 0 0 0 0 0 0 0 0 0 9 0 2 0 8 0 15 0 19 0 22 0 84 0 138 0 122 0 169 0 188 0 204 0 240 0 326 0 378 0 411 0 404 0 418 0 414 0 335 0 251 0 120 0 76 

SecondWin:
0 0 0 0 0 0 0 0 0 0 0 0 0 0 0 0 0 0 0 0 0 0 0 0 0 0 0 0 0 0 0 0 0 0 0 0 1 0 1 0 2 0 4 0 5 0 15 0 38 0 99 0 103 0 130 0 124 0 166 0 178 0 276 0 391 0 377 0 400 0 425 0 405 0 374 0 294 0 180 0 94 0 
SAlphaB:
0 0 0 0 0 0 0 0 0 0 0 0 0 0 0 0 0 0 0 0 0 0 0 0 0 0 0 0 0 0 0 0 0 0 0 0 1 0 1 0 2 0 4 0 5 0 15 0 38 0 99 0 103 0 130 0 124 0 166 0 178 0 276 0 391 0 377 0 400 0 425 0 405 0 374 0 294 0 180 0 94 0 
