0 43 90 15 -6 6 24 1

0 32 94 5 -6 6 21 14

0 41 70 20 -16 3 9 10

0 63 66 26 -4 7 18 4

0 39 88 58 -10 5 21 5

0 28 58 13 -11 0 13 9

0 38 81 79 -13 0 11 18

0 12 64 60 -7 1 2 8

0 59 95 55 -15 10 34 13

0 26 61 11 -7 3 11 8

0 42 84 6 -16 6 17 32

0 38 77 35 -7 0 28 13

0 17 86 10 -16 0 2 13

0 44 80 66 -19 4 5 5

0 63 80 16 -2 13 45 13

0 55 93 81 -1 13 15 8

0 44 77 75 -7 6 25 2

0 57 92 85 -15 0 7 11

0 27 78 4 -14 0 2 5

0 32 81 4 -11 3 23 21

0 43 63 40 -12 5 20 29

0 54 85 86 -3 6 41 37

0 71 82 23 -20 7 22 30

0 25 70 4 -10 0 2 22

0 18 35 1 -5 2 9 6

0 57 83 97 -5 8 19 23

0 33 76 70 -14 5 18 18

0 37 42 95 -2 6 23 12

0 42 84 85 -11 2 12 6

0 52 83 19 -9 12 26 30

0 10 77 18 -8 0 2 2

0 76 92 79 -19 5 32 35

0 66 91 77 -5 4 15 20

0 25 94 77 -8 1 11 35

0 60 76 80 -18 1 11 2

0 51 86 14 -6 2 46 2

0 39 63 3 -14 1 5 23

0 25 78 51 -18 0 13 36

0 55 57 38 -13 13 19 8

0 80 94 78 -13 1 8 26

0 58 68 85 -7 5 23 29

0 21 37 24 -19 0 1 9

0 44 87 17 -18 5 7 18

0 60 96 44 -14 0 21 45

0 56 82 60 -7 11 16 26

0 29 71 35 -12 4 6 0

0 19 59 69 -3 4 15 1

0 58 90 93 -7 5 18 2

0 41 64 57 -18 2 20 5

0 70 95 89 -19 0 2 49

0 49 77 52 -15 4 9 30

0 53 80 3 -15 9 27 11

0 46 87 90 -20 7 23 0

0 53 85 37 -11 0 1 18

0 28 76 18 -20 0 5 32

0 16 34 79 -9 2 7 13

0 14 28 9 -17 0 2 26

0 48 61 39 -11 9 44 4

0 33 63 78 -9 5 8 21

0 32 75 60 -9 0 1 18

0 20 73 33 -12 5 19 22

0 7 34 22 -15 0 3 4

0 28 39 22 -2 5 7 3

0 57 96 38 -20 4 27 0

0 52 96 57 -19 9 15 24

0 12 90 32 -6 0 1 12

0 34 92 29 -19 0 2 26

0 57 69 64 -9 8 38 3

0 67 91 52 -9 22 46 25

0 46 50 23 -19 2 13 16

0 76 91 24 -14 10 23 16

0 28 82 97 -17 2 11 38

0 34 76 14 -8 11 32 0

0 41 96 36 -18 9 12 25

0 75 87 40 -16 9 43 35

0 13 73 56 -9 5 7 8

0 26 49 77 -4 0 1 4

0 28 90 23 -15 5 25 12

0 45 95 38 -13 3 4 12

0 6 82 66 -11 22 42 16

0 28 57 1 -14 3 8 30

0 62 66 19 -12 0 4 8

0 20 22 12 -19 0 1 7

0 8 50 6 -2 2 5 11

0 76 79 92 -14 10 12 7

0 20 88 85 -16 0 10 27

0 27 93 92 -18 4 12 17

0 17 31 26 -7 6 13 4

0 28 41 10 -16 8 22 5

0 33 97 16 -3 11 25 34

0 28 93 59 -14 4 13 37

0 0 56 73 -1 10 26 4

0 11 94 65 -19 7 12 8

0 31 56 44 -7 13 29 25

0 63 79 25 -7 23 43 27

0 8 49 69 -8 16 19 17

0 27 68 44 -19 4 38 2

0 24 56 93 -2 28 36 24

0 5 76 86 -2 1 2 9

0 27 55 36 -20 8 10 27


SAlphaB: 1064.0, std-dev 386.77381789893843

Earliest win: 29
Latest win: 81

WinDepth:
0 0 0 0 0 0 0 0 0 0 0 0 0 0 0 0 0 0 0 0 0 0 0 0 0 0 0 0 0 1 0 0 0 0 0 2 3 10 3 20 5 25 13 35 23 51 51 175 42 190 146 422 148 339 241 490 435 630 405 533 491 618 631 801 821 908 841 989 927 960 881 994 854 858 887 730 570 493 402 288 189 150 
SAlphaB:
0 0 0 0 0 0 0 0 0 0 0 0 0 0 0 0 0 0 0 0 0 0 0 0 0 0 0 0 0 1 0 0 0 0 0 2 3 10 3 20 5 25 13 35 23 51 51 175 42 190 146 422 148 339 241 490 435 630 405 533 491 618 631 801 821 908 841 989 927 960 881 994 854 858 887 730 570 493 402 288 189 150 

LossDepth:
SAlphaB:
0 0 0 0 0 0 0 0 0 0 0 0 0 0 0 0 0 0 0 0 0 0 0 0 0 0 0 0 0 1 0 1 0 0 0 0 2 8 3 18 4 16 4 16 8 37 27 78 31 108 100 178 89 211 164 279 252 413 271 328 330 404 430 629 569 674 610 837 643 793 659 785 582 718 682 670 472 440 308 254 200 134 

FirstWin:
0 0 0 0 0 0 0 0 0 0 0 0 0 0 0 0 0 0 0 0 0 0 0 0 0 0 0 0 0 1 0 0 0 0 0 2 0 10 0 20 0 25 0 35 0 51 0 175 0 190 0 422 0 339 0 490 0 630 0 533 0 618 0 801 0 908 0 989 0 960 0 994 0 858 0 730 0 493 0 288 0 150 
SAlphaB:
0 0 0 0 0 0 0 0 0 0 0 0 0 0 0 0 0 0 0 0 0 0 0 0 0 0 0 0 0 1 0 0 0 0 0 2 0 10 0 20 0 25 0 35 0 51 0 175 0 190 0 422 0 339 0 490 0 630 0 533 0 618 0 801 0 908 0 989 0 960 0 994 0 858 0 730 0 493 0 288 0 150 

SecondWin:
0 0 0 0 0 0 0 0 0 0 0 0 0 0 0 0 0 0 0 0 0 0 0 0 0 0 0 0 0 0 0 0 0 0 0 0 3 0 3 0 5 0 13 0 23 0 51 0 42 0 146 0 148 0 241 0 435 0 405 0 491 0 631 0 821 0 841 0 927 0 881 0 854 0 887 0 570 0 402 0 189 0 
SAlphaB:
0 0 0 0 0 0 0 0 0 0 0 0 0 0 0 0 0 0 0 0 0 0 0 0 0 0 0 0 0 0 0 0 0 0 0 0 3 0 3 0 5 0 13 0 23 0 51 0 42 0 146 0 148 0 241 0 435 0 405 0 491 0 631 0 821 0 841 0 927 0 881 0 854 0 887 0 570 0 402 0 189 0 
