0 44 87 17 -18 5 7 18

0 60 96 44 -14 0 21 45

0 38 81 79 -13 0 11 18

0 12 90 32 -6 0 1 12

0 41 64 57 -18 2 20 5

0 45 95 38 -13 3 4 12

0 25 78 51 -18 0 13 36

0 28 41 10 -16 8 22 5

0 39 63 3 -14 1 5 23

0 53 85 37 -11 0 1 18

0 35 42 13 -8 9 19 29

0 50 72 13 -19 5 7 11

0 59 83 67 -16 1 16 45

0 45 50 86 -16 1 5 21

0 26 36 65 -10 10 32 15

0 27 69 10 -11 6 7 9

0 32 60 53 -16 0 1 30

0 8 92 96 -5 8 16 5

0 36 69 69 -12 10 36 23

0 38 71 78 -2 2 4 11

0 69 90 57 -1 1 8 5

0 23 38 86 -14 4 8 38

0 20 57 35 -13 8 9 20

0 5 51 39 -19 33 34 18

0 3 99 74 -2 4 47 22

0 55 59 37 -7 12 43 26

0 34 46 86 -17 0 11 0

0 16 89 71 -15 17 43 12

0 39 62 68 -5 19 25 45

0 24 32 95 -6 2 7 17

0 42 82 14 -4 16 28 46

0 29 31 29 -10 12 43 37

0 21 37 52 -3 11 21 22

0 60 80 52 -7 1 8 28

0 24 47 25 -18 4 35 25

0 80 85 25 -3 25 44 26

0 43 61 0 -14 10 33 20

0 55 56 24 -15 15 27 16

0 7 19 66 -15 7 19 16

0 5 31 85 -15 11 27 30

0 28 64 91 -12 23 30 29

0 32 59 57 -8 15 23 46

0 71 97 50 -8 23 26 38

0 7 30 23 -2 6 11 1

0 36 38 22 -5 28 31 16

0 47 58 69 -3 6 10 29

0 47 72 64 -17 16 24 16

0 60 70 9 -10 25 48 33

0 32 47 2 -13 11 42 47

0 33 97 21 -5 24 27 32

0 4 37 62 -2 5 8 15

0 73 86 56 -5 12 22 40

0 53 61 6 -10 42 48 11

0 19 20 56 -2 7 11 10

0 18 60 7 -3 3 17 47

0 29 41 67 -1 16 36 12

0 45 62 73 -4 20 33 24

0 45 68 83 -11 2 17 46

0 56 74 71 -6 22 40 49

0 23 43 45 -4 19 32 17

0 23 28 73 -11 14 26 34

0 6 12 15 -15 3 10 18

0 10 23 77 -9 2 3 23

0 9 26 6 -20 3 13 20

0 2 22 42 -17 5 7 27

0 3 41 32 -9 0 3 18

0 44 50 91 -7 2 4 42

0 6 33 20 -12 24 31 8

0 5 26 76 -7 21 31 22

0 1 18 35 -9 8 10 13

0 28 45 7 -8 14 15 39

0 14 31 30 -20 25 31 23

0 8 20 57 -20 4 22 30

0 29 72 62 -15 32 48 46

0 9 13 45 -12 3 19 25

0 39 51 3 -15 22 26 27

0 18 28 84 -6 20 34 48

0 14 28 65 -5 8 20 34

0 9 17 67 -6 7 31 20

0 4 49 22 -9 5 35 3

0 10 46 40 -12 14 18 23

0 3 49 20 -19 2 4 33

0 29 88 64 -6 1 3 41

0 18 22 88 -17 31 38 26

0 18 30 27 -7 31 37 42

0 11 17 85 -10 4 48 28

0 12 20 93 -9 1 17 31

0 1 22 39 -3 28 49 23

0 8 14 48 -11 2 36 47

0 3 5 12 -10 18 38 32

0 2 15 28 -16 11 40 45

0 7 15 68 -11 15 21 37

0 2 67 58 -8 2 28 33

0 20 23 10 -5 19 49 3

0 7 21 71 -1 3 6 44

0 11 12 55 -6 2 5 41

0 0 2 4 -7 12 37 14

0 1 5 41 -9 30 34 19

0 3 25 65 -12 3 13 43

0 3 7 34 -14 14 15 40


SAlphaB: 976.0, std-dev 390.91945035603777

Earliest win: 35
Latest win: 81

WinDepth:
0 0 0 0 0 0 0 0 0 0 0 0 0 0 0 0 0 0 0 0 0 0 0 0 0 0 0 0 0 0 0 0 0 0 0 1 0 5 0 2 21 4 1 15 5 9 7 46 36 114 34 289 53 107 97 183 126 206 149 200 161 233 245 331 360 362 374 385 417 426 426 473 369 392 388 355 243 225 177 165 96 63 
SAlphaB:
0 0 0 0 0 0 0 0 0 0 0 0 0 0 0 0 0 0 0 0 0 0 0 0 0 0 0 0 0 0 0 0 0 0 0 1 0 5 0 2 21 4 1 15 5 9 7 46 36 114 34 289 53 107 97 183 126 206 149 200 161 233 245 331 360 362 374 385 417 426 426 473 369 392 388 355 243 225 177 165 96 63 

LossDepth:
SAlphaB:
0 0 0 0 0 0 0 0 0 0 0 0 0 0 0 0 0 0 0 0 0 0 0 0 0 0 0 0 0 0 0 0 0 0 0 1 0 5 0 2 21 4 1 15 5 9 7 46 36 114 34 289 53 107 97 183 126 206 149 200 161 233 245 331 360 362 374 385 417 426 426 473 369 392 388 355 243 225 177 165 96 63 

FirstWin:
0 0 0 0 0 0 0 0 0 0 0 0 0 0 0 0 0 0 0 0 0 0 0 0 0 0 0 0 0 0 0 0 0 0 0 1 0 5 0 2 0 4 0 15 0 9 0 46 0 114 0 289 0 107 0 183 0 206 0 200 0 233 0 331 0 362 0 385 0 426 0 473 0 392 0 355 0 225 0 165 0 63 
SAlphaB:
0 0 0 0 0 0 0 0 0 0 0 0 0 0 0 0 0 0 0 0 0 0 0 0 0 0 0 0 0 0 0 0 0 0 0 1 0 5 0 2 0 4 0 15 0 9 0 46 0 114 0 289 0 107 0 183 0 206 0 200 0 233 0 331 0 362 0 385 0 426 0 473 0 392 0 355 0 225 0 165 0 63 

SecondWin:
0 0 0 0 0 0 0 0 0 0 0 0 0 0 0 0 0 0 0 0 0 0 0 0 0 0 0 0 0 0 0 0 0 0 0 0 0 0 0 0 21 0 1 0 5 0 7 0 36 0 34 0 53 0 97 0 126 0 149 0 161 0 245 0 360 0 374 0 417 0 426 0 369 0 388 0 243 0 177 0 96 0 
SAlphaB:
0 0 0 0 0 0 0 0 0 0 0 0 0 0 0 0 0 0 0 0 0 0 0 0 0 0 0 0 0 0 0 0 0 0 0 0 0 0 0 0 21 0 1 0 5 0 7 0 36 0 34 0 53 0 97 0 126 0 149 0 161 0 245 0 360 0 374 0 417 0 426 0 369 0 388 0 243 0 177 0 96 0 
