0 57 92 85 -15 0 7 11

0 16 34 79 -9 2 7 13

0 25 70 4 -10 0 2 22

0 48 61 39 -11 9 44 4

0 25 94 77 -8 1 11 35

0 28 93 59 -14 4 13 37

0 56 82 60 -7 11 16 26

0 43 63 40 -12 5 20 29

0 63 80 16 -2 13 45 13

0 33 63 78 -9 5 8 21

0 71 88 0 -17 6 12 8

0 24 30 8 -18 0 4 9

0 49 60 13 -14 11 23 34

0 14 47 89 -17 16 26 9

0 14 90 22 -5 4 6 42

0 10 23 79 -11 3 8 3

0 0 68 21 -17 3 8 17

0 49 85 94 -8 2 6 20

0 20 81 71 -8 7 9 33

0 49 86 0 -8 7 42 9

0 39 54 88 -3 19 21 30

0 46 96 53 -18 4 19 36

0 17 25 56 -6 4 13 23

0 38 57 46 -17 12 16 14

0 27 28 40 -9 2 17 19

0 68 86 73 -10 0 23 24

0 91 98 8 -14 26 31 19

0 17 22 84 -4 15 27 3

0 18 51 23 -7 10 12 27

0 18 31 56 -14 2 8 8

0 39 85 14 -12 3 44 18

0 14 52 72 -5 4 5 21

0 47 75 41 -11 9 17 30

0 40 44 62 -14 40 46 16

0 27 58 25 -5 11 13 14

0 54 58 53 -12 0 11 42

0 45 57 38 -16 0 2 38

0 36 81 99 -16 7 29 22

0 49 82 44 -19 18 20 5

0 36 41 48 -14 35 46 40

0 33 68 28 -5 2 26 40

0 13 74 48 -5 0 2 45

0 89 95 43 -9 0 26 20

0 91 92 29 -2 15 27 23

0 10 96 63 -18 4 5 43

0 30 69 99 -20 15 37 42

0 31 38 33 -8 15 47 18

0 48 51 37 -18 26 48 13

0 9 37 72 -4 0 4 21

0 42 56 20 -4 5 36 8

0 23 94 59 -7 14 48 17

0 51 76 55 -14 3 46 32

0 57 67 72 -8 24 25 37

0 49 78 34 -8 26 36 20

0 16 28 47 -3 9 24 22

0 6 12 85 -4 3 4 0

0 28 51 60 -8 8 31 3

0 69 74 70 -5 1 4 37

0 3 60 73 -11 22 43 42

0 9 39 23 -12 5 15 49

0 12 72 70 -8 16 18 41

0 23 50 15 -16 41 45 13

0 46 80 17 -2 17 18 25

0 12 23 68 -16 11 28 37

0 31 91 58 -6 24 31 29

0 4 18 63 -20 6 13 24

0 13 49 45 -12 29 39 21

0 11 65 62 -12 23 26 20

0 27 89 43 -2 39 43 35

0 8 58 74 -20 18 42 49

0 43 53 94 -5 27 34 2

0 10 33 21 -6 10 21 48

0 67 95 24 -14 41 48 40

0 13 35 84 -7 6 23 39

0 8 37 39 -6 2 5 45

0 25 34 15 -17 10 38 5

0 18 66 18 -1 18 23 34

0 4 39 53 -16 13 20 23

0 31 42 47 -6 2 36 40

0 50 70 14 -18 18 23 1

0 22 32 16 -17 9 19 38

0 39 59 49 -15 33 36 26

0 34 42 8 -12 13 33 49

0 0 23 4 -18 28 47 20

0 6 25 60 -9 2 16 31

0 1 15 99 -14 4 34 29

0 25 48 6 -4 29 36 46

0 0 1 82 -16 18 31 30

0 0 1 71 -17 2 4 30

0 24 76 13 -5 33 46 40

0 49 51 88 -15 29 31 15

0 44 98 33 -6 35 49 0

0 17 38 33 -19 10 40 48

0 3 10 98 -6 8 31 2

0 1 4 17 -12 17 44 7

0 3 36 58 -16 25 36 36

0 1 2 83 -15 0 2 28

0 1 16 61 -10 0 12 38

0 0 10 8 -6 0 45 22

0 5 6 31 -19 21 37 45


SAlphaB: 1033.0, std-dev 402.955535181406

Earliest win: 37
Latest win: 81

WinDepth:
0 0 0 0 0 0 0 0 0 0 0 0 0 0 0 0 0 0 0 0 0 0 0 0 0 0 0 0 0 0 0 0 0 0 0 0 0 12 0 2 1 1 6 9 8 16 9 37 18 80 65 217 83 124 89 192 120 183 132 220 158 263 245 325 301 357 410 410 485 436 395 490 415 440 368 380 262 243 146 139 98 78 
SAlphaB:
0 0 0 0 0 0 0 0 0 0 0 0 0 0 0 0 0 0 0 0 0 0 0 0 0 0 0 0 0 0 0 0 0 0 0 0 0 12 0 2 1 1 6 9 8 16 9 37 18 80 65 217 83 124 89 192 120 183 132 220 158 263 245 325 301 357 410 410 485 436 395 490 415 440 368 380 262 243 146 139 98 78 

LossDepth:
SAlphaB:
0 0 0 0 0 0 0 0 0 0 0 0 0 0 0 0 0 0 0 0 0 0 0 0 0 0 0 0 0 0 0 0 0 0 0 0 0 12 0 2 1 1 6 9 8 16 9 37 18 80 65 217 83 124 89 192 120 183 132 220 158 263 245 325 301 357 410 410 485 436 395 490 415 440 368 380 262 243 146 139 98 78 

FirstWin:
0 0 0 0 0 0 0 0 0 0 0 0 0 0 0 0 0 0 0 0 0 0 0 0 0 0 0 0 0 0 0 0 0 0 0 0 0 12 0 2 0 1 0 9 0 16 0 37 0 80 0 217 0 124 0 192 0 183 0 220 0 263 0 325 0 357 0 410 0 436 0 490 0 440 0 380 0 243 0 139 0 78 
SAlphaB:
0 0 0 0 0 0 0 0 0 0 0 0 0 0 0 0 0 0 0 0 0 0 0 0 0 0 0 0 0 0 0 0 0 0 0 0 0 12 0 2 0 1 0 9 0 16 0 37 0 80 0 217 0 124 0 192 0 183 0 220 0 263 0 325 0 357 0 410 0 436 0 490 0 440 0 380 0 243 0 139 0 78 

SecondWin:
0 0 0 0 0 0 0 0 0 0 0 0 0 0 0 0 0 0 0 0 0 0 0 0 0 0 0 0 0 0 0 0 0 0 0 0 0 0 0 0 1 0 6 0 8 0 9 0 18 0 65 0 83 0 89 0 120 0 132 0 158 0 245 0 301 0 410 0 485 0 395 0 415 0 368 0 262 0 146 0 98 0 
SAlphaB:
0 0 0 0 0 0 0 0 0 0 0 0 0 0 0 0 0 0 0 0 0 0 0 0 0 0 0 0 0 0 0 0 0 0 0 0 0 0 0 0 1 0 6 0 8 0 9 0 18 0 65 0 83 0 89 0 120 0 132 0 158 0 245 0 301 0 410 0 485 0 395 0 415 0 368 0 262 0 146 0 98 0 
