0 18 35 1 -5 2 9 6

0 20 22 12 -19 0 1 7

0 11 94 65 -19 7 12 8

0 39 88 58 -10 5 21 5

0 20 73 33 -12 5 19 22

0 27 93 92 -18 4 12 17

0 46 87 90 -20 7 23 0

0 7 34 22 -15 0 3 4

0 62 66 19 -12 0 4 8

0 58 90 93 -7 5 18 2

0 39 46 47 -4 5 8 8

0 15 43 92 -18 15 34 0

0 74 83 22 -4 5 30 22

0 11 94 40 -20 15 38 2

0 9 94 72 -2 39 49 27

0 92 94 36 -8 9 12 47

0 2 47 59 -17 10 15 7

0 28 73 44 -19 8 19 0

0 22 79 71 -10 12 16 3

0 5 97 80 -2 15 36 47

0 87 95 68 -3 3 7 1

0 7 64 56 -7 16 30 4

0 57 82 86 -17 0 15 29

0 38 77 4 -7 9 25 9

0 24 71 26 -20 2 17 36

0 3 75 21 -5 0 1 34

0 23 41 71 -2 11 12 34

0 61 69 18 -15 27 36 41

0 6 28 61 -1 19 22 14

0 19 45 58 -2 7 14 29

0 66 90 26 -7 12 48 14

0 15 99 67 -14 17 22 31

0 33 68 5 -4 14 28 16

0 26 40 43 -7 0 1 34

0 43 73 47 -17 27 29 34

0 17 21 69 -10 2 5 37

0 20 34 52 -12 20 27 19

0 96 97 13 -5 1 16 17

0 61 92 93 -1 2 4 40

0 17 35 7 -20 2 14 5

0 3 72 14 -4 18 35 27

0 17 48 52 -3 10 12 30

0 65 71 56 -13 1 15 41

0 43 61 59 -6 29 37 23

0 1 60 13 -5 1 3 14

0 3 17 27 -15 0 4 30

0 37 65 94 -20 20 21 33

0 66 77 34 -10 30 45 23

0 6 77 15 -8 4 10 36

0 3 7 49 -5 8 17 10

0 27 39 79 -16 5 24 48

0 9 50 67 -7 36 47 48

0 13 65 90 -19 1 9 5

0 15 79 94 -19 26 32 5

0 2 20 90 -17 1 3 1

0 12 44 43 -13 8 22 29

0 0 49 40 -13 29 33 43

0 9 21 38 -4 0 1 42

0 5 48 31 -13 9 17 28

0 1 72 89 -16 4 10 40

0 5 81 47 -19 26 35 36

0 6 36 66 -13 24 40 10

0 35 95 79 -18 34 40 5

0 54 61 29 -13 0 4 49

0 19 40 38 -13 14 19 42

0 32 80 29 -9 35 47 34

0 12 21 18 -4 13 30 28

0 36 79 79 -10 37 38 11

0 1 62 23 -9 15 48 14

0 1 4 19 -11 4 7 8

0 12 23 89 -9 9 29 41

0 30 48 37 -9 24 34 0

0 0 11 41 -7 7 21 23

0 9 34 30 -13 3 13 42

0 4 6 18 -11 14 33 8

0 46 54 67 -9 26 42 43

0 26 28 21 -1 3 32 23

0 4 26 80 -9 2 7 33

0 48 50 98 -15 30 43 47

0 4 8 89 -12 5 7 33

0 14 21 3 -2 4 30 14

0 7 12 37 -8 10 43 36

0 9 45 55 -2 18 21 47

0 8 13 21 -15 29 45 40

0 6 7 46 -16 30 42 39

0 1 2 55 -2 2 15 16

0 3 22 54 -1 6 12 30

0 10 17 27 -6 4 9 48

0 2 10 98 -6 5 18 41

0 19 22 85 -4 0 1 41

0 3 6 33 -4 5 32 36

0 6 25 57 -14 33 45 2

0 2 21 58 -14 28 34 12

0 0 5 2 -1 14 38 2

0 1 29 49 -1 0 43 30

0 1 2 78 -12 3 8 44

0 1 2 22 -10 42 43 12

0 8 9 58 -18 46 48 38

0 8 20 29 -12 15 20 39

0 1 3 89 -5 1 47 43


SAlphaB: 1027.0, std-dev 391.9426325653057

Earliest win: 37
Latest win: 81

WinDepth:
0 0 0 0 0 0 0 0 0 0 0 0 0 0 0 0 0 0 0 0 0 0 0 0 0 0 0 0 0 0 0 0 0 0 0 0 0 1 1 7 0 4 1 4 25 20 20 56 15 84 88 219 92 119 77 169 138 193 144 163 170 195 231 337 329 384 402 360 462 433 465 439 454 328 335 315 253 243 158 140 100 74 
SAlphaB:
0 0 0 0 0 0 0 0 0 0 0 0 0 0 0 0 0 0 0 0 0 0 0 0 0 0 0 0 0 0 0 0 0 0 0 0 0 1 1 7 0 4 1 4 25 20 20 56 15 84 88 219 92 119 77 169 138 193 144 163 170 195 231 337 329 384 402 360 462 433 465 439 454 328 335 315 253 243 158 140 100 74 

LossDepth:
SAlphaB:
0 0 0 0 0 0 0 0 0 0 0 0 0 0 0 0 0 0 0 0 0 0 0 0 0 0 0 0 0 0 0 0 0 0 0 0 0 1 1 7 0 4 1 4 25 20 20 56 15 84 88 219 92 119 77 169 138 193 144 163 170 195 231 337 329 384 402 360 462 433 465 439 454 328 335 315 253 243 158 140 100 74 

FirstWin:
0 0 0 0 0 0 0 0 0 0 0 0 0 0 0 0 0 0 0 0 0 0 0 0 0 0 0 0 0 0 0 0 0 0 0 0 0 1 0 7 0 4 0 4 0 20 0 56 0 84 0 219 0 119 0 169 0 193 0 163 0 195 0 337 0 384 0 360 0 433 0 439 0 328 0 315 0 243 0 140 0 74 
SAlphaB:
0 0 0 0 0 0 0 0 0 0 0 0 0 0 0 0 0 0 0 0 0 0 0 0 0 0 0 0 0 0 0 0 0 0 0 0 0 1 0 7 0 4 0 4 0 20 0 56 0 84 0 219 0 119 0 169 0 193 0 163 0 195 0 337 0 384 0 360 0 433 0 439 0 328 0 315 0 243 0 140 0 74 

SecondWin:
0 0 0 0 0 0 0 0 0 0 0 0 0 0 0 0 0 0 0 0 0 0 0 0 0 0 0 0 0 0 0 0 0 0 0 0 0 0 1 0 0 0 1 0 25 0 20 0 15 0 88 0 92 0 77 0 138 0 144 0 170 0 231 0 329 0 402 0 462 0 465 0 454 0 335 0 253 0 158 0 100 0 
SAlphaB:
0 0 0 0 0 0 0 0 0 0 0 0 0 0 0 0 0 0 0 0 0 0 0 0 0 0 0 0 0 0 0 0 0 0 0 0 0 0 1 0 0 0 1 0 25 0 20 0 15 0 88 0 92 0 77 0 138 0 144 0 170 0 231 0 329 0 402 0 462 0 465 0 454 0 335 0 253 0 158 0 100 0 
