0 43 90 15 -6 6 24 1

0 29 71 35 -12 4 6 0

0 19 59 69 -3 4 15 1

0 44 80 66 -19 4 5 5

0 63 66 26 -4 7 18 4

0 41 70 20 -16 3 9 10

0 55 57 38 -13 13 19 8

0 17 31 26 -7 6 13 4

0 6 82 66 -11 22 42 16

0 44 77 75 -7 6 25 2

0 73 97 64 -15 5 46 20

0 28 60 40 -3 4 17 23

0 19 88 88 -18 0 7 28

0 39 66 79 -16 13 37 0

0 81 95 73 -15 23 43 29

0 35 77 55 -10 5 13 14

0 28 52 20 -9 10 21 30

0 31 80 93 -9 7 28 26

0 74 95 73 -15 5 9 27

0 4 84 83 -10 0 1 21

0 22 25 90 -13 3 7 13

0 82 94 79 -18 0 1 23

0 21 91 87 -4 8 20 35

0 5 95 26 -20 1 4 4

0 59 85 24 -17 10 13 16

0 58 96 57 -16 14 28 5

0 39 42 63 -13 7 15 16

0 89 94 44 -19 0 19 0

0 11 30 44 -10 7 15 19

0 17 18 76 -3 1 4 2

0 50 52 6 -17 16 22 27

0 60 79 77 -2 6 12 45

0 7 37 15 -14 14 37 34

0 6 84 52 -3 7 36 5

0 47 77 62 -1 18 39 9

0 37 69 91 -13 16 22 32

0 15 25 9 -17 20 29 13

0 30 53 43 -11 27 30 22

0 48 99 26 -8 19 32 43

0 30 56 38 -4 10 35 41

0 3 59 60 -13 14 33 12

0 39 76 53 -13 6 49 13

0 6 27 73 -5 8 24 23

0 34 75 43 -2 22 35 22

0 6 73 57 -15 20 24 14

0 26 81 58 -1 2 40 21

0 13 42 52 -10 5 8 44

0 8 27 4 -20 12 33 31

0 15 59 58 -10 28 39 5

0 1 49 70 -18 1 9 7

0 25 37 8 -10 7 31 18

0 15 65 91 -7 1 5 39

0 15 29 19 -18 26 34 16

0 3 54 49 -12 30 41 2

0 10 73 47 -6 18 29 48

0 0 70 48 -20 4 8 27

0 38 47 85 -9 24 27 24

0 37 45 3 -7 7 9 45

0 5 42 36 -4 11 32 28

0 6 29 32 -15 14 19 15

0 46 69 6 -2 0 8 33

0 9 91 22 -20 14 16 46

0 12 19 4 -8 38 48 30

0 4 32 28 -6 10 15 21

0 32 34 45 -5 3 10 33

0 36 37 24 -8 0 25 44

0 11 24 0 -4 11 26 22

0 44 45 10 -9 2 37 33

0 1 31 30 -2 42 44 17

0 8 11 38 -3 4 33 3

0 24 59 6 -20 5 29 14

0 47 92 8 -12 32 48 45

0 21 34 16 -18 11 13 34

0 0 12 82 -4 21 26 35

0 52 73 97 -1 0 17 39

0 15 77 76 -11 11 20 2

0 15 45 68 -16 13 29 44

0 21 60 67 -14 0 31 47

0 9 76 53 -2 28 40 46

0 12 39 82 -19 39 43 25

0 20 60 3 -2 31 35 41

0 16 37 60 -1 8 42 30

0 7 8 93 -16 1 18 12

0 6 8 89 -6 17 26 32

0 10 25 70 -5 3 36 14

0 2 13 6 -9 18 34 0

0 4 5 46 -17 3 11 14

0 13 15 9 -8 5 28 30

0 5 12 91 -16 7 31 35

0 19 74 16 -20 19 31 44

0 1 4 66 -12 1 4 21

0 2 4 48 -20 6 24 31

0 8 33 25 -2 8 15 42

0 6 7 67 -12 13 35 6

0 8 26 22 -12 2 41 32

0 21 23 55 -18 9 14 40

0 13 14 96 -10 2 3 49

0 1 2 54 -19 0 4 23

0 15 18 45 -6 24 40 48

0 3 4 77 -4 6 25 33


SAlphaB: 1025.0, std-dev 389.4813682477266

Earliest win: 35
Latest win: 81

WinDepth:
0 0 0 0 0 0 0 0 0 0 0 0 0 0 0 0 0 0 0 0 0 0 0 0 0 0 0 0 0 0 0 0 0 0 0 3 0 5 3 3 3 11 7 19 6 8 18 34 23 53 71 178 64 115 83 156 142 175 145 163 177 221 276 354 376 394 404 365 442 391 506 462 411 415 370 362 237 225 177 112 99 60 
SAlphaB:
0 0 0 0 0 0 0 0 0 0 0 0 0 0 0 0 0 0 0 0 0 0 0 0 0 0 0 0 0 0 0 0 0 0 0 3 0 5 3 3 3 11 7 19 6 8 18 34 23 53 71 178 64 115 83 156 142 175 145 163 177 221 276 354 376 394 404 365 442 391 506 462 411 415 370 362 237 225 177 112 99 60 

LossDepth:
SAlphaB:
0 0 0 0 0 0 0 0 0 0 0 0 0 0 0 0 0 0 0 0 0 0 0 0 0 0 0 0 0 0 0 0 0 0 0 3 0 5 3 3 3 11 7 19 6 8 18 34 23 53 71 178 64 115 83 156 142 175 145 163 177 221 276 354 376 394 404 365 442 391 506 462 411 415 370 362 237 225 177 112 99 60 

FirstWin:
0 0 0 0 0 0 0 0 0 0 0 0 0 0 0 0 0 0 0 0 0 0 0 0 0 0 0 0 0 0 0 0 0 0 0 3 0 5 0 3 0 11 0 19 0 8 0 34 0 53 0 178 0 115 0 156 0 175 0 163 0 221 0 354 0 394 0 365 0 391 0 462 0 415 0 362 0 225 0 112 0 60 
SAlphaB:
0 0 0 0 0 0 0 0 0 0 0 0 0 0 0 0 0 0 0 0 0 0 0 0 0 0 0 0 0 0 0 0 0 0 0 3 0 5 0 3 0 11 0 19 0 8 0 34 0 53 0 178 0 115 0 156 0 175 0 163 0 221 0 354 0 394 0 365 0 391 0 462 0 415 0 362 0 225 0 112 0 60 

SecondWin:
0 0 0 0 0 0 0 0 0 0 0 0 0 0 0 0 0 0 0 0 0 0 0 0 0 0 0 0 0 0 0 0 0 0 0 0 0 0 3 0 3 0 7 0 6 0 18 0 23 0 71 0 64 0 83 0 142 0 145 0 177 0 276 0 376 0 404 0 442 0 506 0 411 0 370 0 237 0 177 0 99 0 
SAlphaB:
0 0 0 0 0 0 0 0 0 0 0 0 0 0 0 0 0 0 0 0 0 0 0 0 0 0 0 0 0 0 0 0 0 0 0 0 0 0 3 0 3 0 7 0 6 0 18 0 23 0 71 0 64 0 83 0 142 0 145 0 177 0 276 0 376 0 404 0 442 0 506 0 411 0 370 0 237 0 177 0 99 0 
