0 34 92 29 -19 0 2 26

0 8 50 6 -2 2 5 11

0 49 77 52 -15 4 9 30

0 32 81 4 -11 3 23 21

0 41 96 36 -18 9 12 25

0 52 83 19 -9 12 26 30

0 27 55 36 -20 8 10 27

0 8 49 69 -8 16 19 17

0 27 68 44 -19 4 38 2

0 28 90 23 -15 5 25 12

0 27 90 60 -9 2 7 41

0 45 74 20 -11 10 15 15

0 74 86 56 -20 12 27 36

0 83 98 72 -17 8 48 37

0 27 33 65 -9 0 9 11

0 59 72 76 -10 8 15 21

0 57 59 39 -7 5 23 6

0 9 45 33 -20 35 36 19

0 40 57 39 -11 16 24 3

0 35 81 84 -14 4 8 25

0 55 78 56 -12 6 10 42

0 57 84 20 -12 23 34 39

0 42 47 0 -1 8 27 41

0 30 90 48 -12 3 5 46

0 56 59 40 -14 4 5 27

0 2 47 80 -8 18 22 7

0 35 63 98 -12 22 41 39

0 22 56 10 -17 16 20 31

0 16 28 91 -10 17 37 49

0 10 95 9 -10 2 12 0

0 5 7 60 -10 8 10 7

0 27 40 97 -17 40 45 14

0 31 47 36 -11 1 35 16

0 89 99 77 -13 5 7 42

0 38 82 25 -5 2 32 49

0 1 51 55 -6 15 24 3

0 15 65 50 -1 19 49 39

0 7 89 23 -2 35 40 8

0 55 66 74 -3 26 34 28

0 4 93 4 -1 4 32 0

0 11 19 42 -16 0 1 19

0 40 86 40 -17 33 37 21

0 43 98 26 -18 25 26 30

0 17 59 65 -3 10 37 35

0 12 49 43 -20 2 6 31

0 69 85 39 -9 2 22 43

0 40 60 72 -4 24 31 9

0 3 96 57 -16 18 31 36

0 56 58 0 -4 23 24 25

0 3 26 31 -16 26 29 12

0 17 24 29 -2 20 42 7

0 14 57 40 -4 35 44 25

0 34 49 1 -2 34 36 5

0 7 64 35 -13 14 15 20

0 11 67 37 -4 15 48 45

0 16 49 91 -13 9 44 11

0 15 73 28 -9 8 47 14

0 77 88 69 -7 0 8 28

0 2 3 79 -18 2 7 17

0 1 29 49 -19 46 49 17

0 7 46 86 -9 23 49 39

0 31 37 86 -13 4 32 0

0 5 99 62 -6 4 22 46

0 16 99 55 -4 3 32 28

0 27 53 90 -1 12 45 49

0 11 61 5 -3 18 27 13

0 10 71 6 -3 13 26 6

0 18 32 10 -15 1 33 28

0 0 29 69 -13 15 34 21

0 16 25 73 -7 27 30 38

0 7 60 30 -1 10 48 46

0 3 47 56 -19 0 1 49

0 7 53 55 -18 22 34 5

0 8 14 67 -15 4 29 27

0 44 61 37 -20 28 47 25

0 0 12 2 -7 13 17 4

0 12 70 90 -1 4 33 31

0 5 45 82 -9 6 29 15

0 49 62 31 -8 23 46 42

0 1 16 92 -15 0 7 49

0 13 19 30 -16 25 49 2

0 5 9 27 -13 19 36 21

0 33 37 68 -14 25 49 38

0 16 17 6 -16 3 39 12

0 0 8 43 -17 1 5 20

0 6 8 36 -6 34 41 23

0 3 4 65 -12 2 17 17

0 0 1 39 -6 3 12 13

0 10 15 71 -19 21 25 37

0 23 87 32 -8 28 43 32

0 2 4 83 -11 0 25 49

0 3 14 10 -12 9 42 32

0 7 9 18 -9 0 2 37

0 8 15 84 -7 3 25 35

0 1 15 99 -14 0 9 24

0 5 15 46 -8 17 43 47

0 2 5 25 -8 17 28 36

0 1 2 6 -13 35 48 11

0 2 10 93 -5 12 43 34

0 1 2 1 -17 17 23 7


SAlphaB: 1011.0, std-dev 399.41807025782504

Earliest win: 37
Latest win: 81

WinDepth:
0 0 0 0 0 0 0 0 0 0 0 0 0 0 0 0 0 0 0 0 0 0 0 0 0 0 0 0 0 0 0 0 0 0 0 0 0 2 6 4 14 5 1 29 15 14 16 23 24 68 81 148 100 113 81 185 165 195 121 193 147 210 232 272 324 348 414 389 432 403 444 431 430 387 418 400 293 213 183 112 112 98 
SAlphaB:
0 0 0 0 0 0 0 0 0 0 0 0 0 0 0 0 0 0 0 0 0 0 0 0 0 0 0 0 0 0 0 0 0 0 0 0 0 2 6 4 14 5 1 29 15 14 16 23 24 68 81 148 100 113 81 185 165 195 121 193 147 210 232 272 324 348 414 389 432 403 444 431 430 387 418 400 293 213 183 112 112 98 

LossDepth:
SAlphaB:
0 0 0 0 0 0 0 0 0 0 0 0 0 0 0 0 0 0 0 0 0 0 0 0 0 0 0 0 0 0 0 0 0 0 0 0 0 2 6 4 14 5 1 29 15 14 16 23 24 68 81 148 100 113 81 185 165 195 121 193 147 210 232 272 324 348 414 389 432 403 444 431 430 387 418 400 293 213 183 112 112 98 

FirstWin:
0 0 0 0 0 0 0 0 0 0 0 0 0 0 0 0 0 0 0 0 0 0 0 0 0 0 0 0 0 0 0 0 0 0 0 0 0 2 0 4 0 5 0 29 0 14 0 23 0 68 0 148 0 113 0 185 0 195 0 193 0 210 0 272 0 348 0 389 0 403 0 431 0 387 0 400 0 213 0 112 0 98 
SAlphaB:
0 0 0 0 0 0 0 0 0 0 0 0 0 0 0 0 0 0 0 0 0 0 0 0 0 0 0 0 0 0 0 0 0 0 0 0 0 2 0 4 0 5 0 29 0 14 0 23 0 68 0 148 0 113 0 185 0 195 0 193 0 210 0 272 0 348 0 389 0 403 0 431 0 387 0 400 0 213 0 112 0 98 

SecondWin:
0 0 0 0 0 0 0 0 0 0 0 0 0 0 0 0 0 0 0 0 0 0 0 0 0 0 0 0 0 0 0 0 0 0 0 0 0 0 6 0 14 0 1 0 15 0 16 0 24 0 81 0 100 0 81 0 165 0 121 0 147 0 232 0 324 0 414 0 432 0 444 0 430 0 418 0 293 0 183 0 112 0 
SAlphaB:
0 0 0 0 0 0 0 0 0 0 0 0 0 0 0 0 0 0 0 0 0 0 0 0 0 0 0 0 0 0 0 0 0 0 0 0 0 0 6 0 14 0 1 0 15 0 16 0 24 0 81 0 100 0 81 0 165 0 121 0 147 0 232 0 324 0 414 0 432 0 444 0 430 0 418 0 293 0 183 0 112 0 
