0 5 76 86 -2 1 2 9

0 14 28 9 -17 0 2 26

0 34 76 14 -8 11 32 0

0 26 49 77 -4 0 1 4

0 24 56 93 -2 28 36 24

0 57 83 97 -5 8 19 23

0 52 96 57 -19 9 15 24

0 46 50 23 -19 2 13 16

0 58 68 85 -7 5 23 29

0 37 42 95 -2 6 23 12

0 12 58 39 -2 6 12 13

0 48 98 61 -17 1 42 5

0 25 46 57 -19 15 25 21

0 44 50 24 -8 7 37 5

0 2 52 66 -10 19 29 18

0 29 79 92 -7 3 31 17

0 49 72 62 -12 7 10 10

0 57 79 92 -12 16 19 7

0 54 67 40 -4 1 43 9

0 74 77 85 -4 11 22 44

0 49 52 11 -4 6 32 38

0 47 64 30 -3 1 2 8

0 54 78 21 -3 12 15 49

0 62 87 18 -14 9 10 17

0 19 29 30 -6 2 3 18

0 13 69 60 -20 11 26 8

0 28 44 83 -7 3 26 19

0 28 56 7 -10 21 48 9

0 42 49 6 -20 8 17 5

0 77 91 27 -2 15 24 12

0 63 91 94 -19 15 26 28

0 23 89 31 -16 0 34 17

0 45 57 87 -18 16 35 31

0 22 61 53 -13 4 8 19

0 56 64 83 -15 18 34 42

0 14 60 71 -5 8 11 3

0 14 26 9 -14 8 18 11

0 21 80 12 -8 13 19 22

0 8 36 44 -5 0 7 27

0 47 70 16 -17 19 30 21

0 89 94 40 -3 11 18 47

0 58 74 4 -7 5 6 27

0 28 37 76 -9 7 8 33

0 5 64 67 -15 11 26 6

0 0 25 72 -9 15 17 23

0 37 85 47 -9 23 40 12

0 15 43 86 -8 7 10 30

0 1 22 94 -9 9 21 26

0 25 33 64 -17 6 31 0

0 23 45 91 -20 26 40 31

0 35 45 56 -3 12 21 30

0 53 92 56 -7 11 16 48

0 41 68 2 -13 1 2 17

0 50 51 42 -1 30 49 45

0 0 7 18 -5 24 49 9

0 16 29 94 -8 1 14 29

0 65 80 9 -7 13 17 46

0 7 67 13 -19 22 42 9

0 13 16 18 -11 0 22 7

0 37 63 49 -1 17 34 18

0 0 41 49 -5 33 39 15

0 3 40 70 -9 0 17 30

0 21 31 18 -15 11 22 22

0 15 27 12 -20 22 41 5

0 20 28 14 -10 5 32 1

0 4 7 96 -8 6 9 30

0 27 44 33 -8 13 15 4

0 16 18 49 -15 26 48 24

0 22 42 71 -9 16 17 46

0 8 61 54 -6 19 44 44

0 10 50 63 -15 1 15 40

0 0 2 42 -11 16 28 26

0 2 6 52 -7 8 38 12

0 3 12 45 -19 16 39 7

0 2 4 70 -1 27 32 18

0 4 6 90 -11 1 17 31

0 4 10 69 -10 2 14 15

0 0 1 81 -10 2 27 35

0 2 59 84 -5 4 5 48

0 2 8 23 -18 10 14 27

0 1 20 33 -15 41 47 23

0 0 1 4 -18 29 35 18

0 25 38 37 -2 16 36 47

0 6 8 8 -8 12 33 38

0 2 14 17 -4 19 25 12

0 3 9 10 -2 0 41 4

0 5 7 0 -9 2 37 0

0 3 5 9 -3 36 41 29

0 4 29 5 -2 29 35 18

0 0 1 66 -20 13 16 33

0 10 11 61 -6 9 24 8

0 24 52 32 -12 26 35 42

0 3 13 58 -10 3 9 43

0 5 19 26 -3 12 13 22

0 5 18 40 -17 6 44 43

0 2 7 55 -19 5 21 37

0 3 4 98 -9 14 49 19

0 2 3 26 -13 32 44 41

0 5 26 10 -1 5 24 37

0 0 6 8 -4 1 19 46


SAlphaB: 1010.0, std-dev 393.1365739251129

Earliest win: 37
Latest win: 81

WinDepth:
0 0 0 0 0 0 0 0 0 0 0 0 0 0 0 0 0 0 0 0 0 0 0 0 0 0 0 0 0 0 0 0 0 0 0 0 0 1 1 4 1 2 2 12 6 16 7 21 17 71 51 198 63 119 74 188 113 189 158 161 134 232 270 339 338 311 413 380 421 382 445 460 436 424 383 400 294 266 198 144 108 69 
SAlphaB:
0 0 0 0 0 0 0 0 0 0 0 0 0 0 0 0 0 0 0 0 0 0 0 0 0 0 0 0 0 0 0 0 0 0 0 0 0 1 1 4 1 2 2 12 6 16 7 21 17 71 51 198 63 119 74 188 113 189 158 161 134 232 270 339 338 311 413 380 421 382 445 460 436 424 383 400 294 266 198 144 108 69 

LossDepth:
SAlphaB:
0 0 0 0 0 0 0 0 0 0 0 0 0 0 0 0 0 0 0 0 0 0 0 0 0 0 0 0 0 0 0 0 0 0 0 0 0 1 1 4 1 2 2 12 6 16 7 21 17 71 51 198 63 119 74 188 113 189 158 161 134 232 270 339 338 311 413 380 421 382 445 460 436 424 383 400 294 266 198 144 108 69 

FirstWin:
0 0 0 0 0 0 0 0 0 0 0 0 0 0 0 0 0 0 0 0 0 0 0 0 0 0 0 0 0 0 0 0 0 0 0 0 0 1 0 4 0 2 0 12 0 16 0 21 0 71 0 198 0 119 0 188 0 189 0 161 0 232 0 339 0 311 0 380 0 382 0 460 0 424 0 400 0 266 0 144 0 69 
SAlphaB:
0 0 0 0 0 0 0 0 0 0 0 0 0 0 0 0 0 0 0 0 0 0 0 0 0 0 0 0 0 0 0 0 0 0 0 0 0 1 0 4 0 2 0 12 0 16 0 21 0 71 0 198 0 119 0 188 0 189 0 161 0 232 0 339 0 311 0 380 0 382 0 460 0 424 0 400 0 266 0 144 0 69 

SecondWin:
0 0 0 0 0 0 0 0 0 0 0 0 0 0 0 0 0 0 0 0 0 0 0 0 0 0 0 0 0 0 0 0 0 0 0 0 0 0 1 0 1 0 2 0 6 0 7 0 17 0 51 0 63 0 74 0 113 0 158 0 134 0 270 0 338 0 413 0 421 0 445 0 436 0 383 0 294 0 198 0 108 0 
SAlphaB:
0 0 0 0 0 0 0 0 0 0 0 0 0 0 0 0 0 0 0 0 0 0 0 0 0 0 0 0 0 0 0 0 0 0 0 0 0 0 1 0 1 0 2 0 6 0 7 0 17 0 51 0 63 0 74 0 113 0 158 0 134 0 270 0 338 0 413 0 421 0 445 0 436 0 383 0 294 0 198 0 108 0 
