0 59 95 55 -15 10 34 13

0 28 39 22 -2 5 7 3

0 76 79 92 -14 10 12 7

0 31 56 44 -7 13 29 25

0 54 85 86 -3 6 41 37

0 0 56 73 -1 10 26 4

0 28 76 18 -20 0 5 32

0 75 87 40 -16 9 43 35

0 63 79 25 -7 23 43 27

0 80 94 78 -13 1 8 26

0 65 95 11 -12 13 18 41

0 11 32 90 -20 17 25 12

0 24 59 94 -6 5 29 34

0 66 67 53 -13 0 1 30

0 32 67 66 -4 13 34 5

0 0 73 82 -15 4 7 8

0 59 85 56 -8 10 23 49

0 13 73 54 -12 18 38 25

0 35 65 93 -9 18 38 2

0 12 31 52 -1 1 2 5

0 65 96 57 -5 1 4 42

0 46 49 53 -10 0 20 22

0 80 99 61 -8 4 43 38

0 72 86 47 -1 12 49 33

0 53 61 61 -5 15 41 12

0 49 75 44 -5 23 24 47

0 18 54 70 -10 35 46 20

0 7 29 36 -14 23 39 8

0 52 56 37 -2 23 35 34

0 47 51 90 -20 8 33 43

0 46 49 46 -2 17 21 16

0 9 29 70 -1 22 25 5

0 39 67 67 -15 7 13 28

0 10 24 21 -15 1 2 4

0 11 55 3 -3 8 25 7

0 60 73 75 -18 0 5 34

0 41 93 30 -14 33 48 10

0 9 28 45 -1 42 46 17

0 5 19 61 -19 0 1 19

0 64 81 77 -9 22 30 24

0 22 54 98 -7 10 15 43

0 89 95 8 -13 32 42 31

0 7 14 83 -9 0 4 3

0 26 52 89 -18 19 40 10

0 10 18 52 -14 2 8 13

0 66 69 71 -1 25 46 24

0 0 2 84 -1 9 15 6

0 21 22 8 -20 0 1 46

0 42 45 18 -2 6 7 20

0 81 97 35 -17 39 49 29

0 2 77 11 -9 5 38 17

0 18 77 97 -11 27 30 2

0 33 86 42 -5 30 35 25

0 14 64 73 -5 13 47 10

0 50 99 24 -14 6 27 48

0 75 78 19 -8 33 44 2

0 0 55 25 -7 0 2 34

0 10 86 22 -8 14 31 39

0 9 14 39 -17 16 45 29

0 26 49 20 -17 1 32 40

0 21 24 27 -10 24 47 10

0 14 77 19 -1 12 23 13

0 8 75 7 -11 5 7 43

0 4 14 69 -10 15 16 16

0 4 50 5 -10 0 29 25

0 3 4 92 -8 3 22 4

0 13 24 95 -8 20 34 2

0 15 92 77 -4 6 40 1

0 10 28 73 -7 0 4 39

0 8 24 90 -10 9 12 1

0 39 74 53 -8 26 37 41

0 9 11 92 -20 1 7 28

0 17 89 59 -18 15 27 49

0 7 19 2 -13 31 37 32

0 10 25 88 -17 32 42 1

0 0 37 33 -4 7 16 30

0 1 3 98 -12 6 16 13

0 20 84 60 -14 22 23 49

0 0 3 62 -6 10 16 21

0 1 8 3 -10 20 42 42

0 20 28 27 -5 5 42 4

0 14 61 46 -16 26 30 42

0 20 55 12 -1 28 41 49

0 27 92 10 -4 27 44 27

0 23 96 19 -11 14 22 3

0 11 17 45 -14 9 30 42

0 5 13 41 -16 44 45 39

0 3 48 69 -11 2 48 13

0 2 13 46 -16 2 8 30

0 1 8 34 -15 9 25 10

0 4 22 59 -16 22 26 16

0 2 30 39 -19 12 17 47

0 9 37 54 -17 40 49 2

0 0 42 4 -5 13 49 31

0 5 10 5 -17 11 17 47

0 16 19 96 -17 1 43 17

0 1 18 36 -1 0 5 33

0 9 40 15 -1 20 22 48

0 1 7 7 -16 7 21 45

0 3 19 11 -12 9 46 10


SAlphaB: 1022.0, std-dev 404.55190830739076

Earliest win: 38
Latest win: 81

WinDepth:
0 0 0 0 0 0 0 0 0 0 0 0 0 0 0 0 0 0 0 0 0 0 0 0 0 0 0 0 0 0 0 0 0 0 0 0 0 0 3 8 2 3 0 18 9 15 26 31 15 72 75 146 99 113 92 196 114 150 127 189 158 202 212 351 372 361 390 421 469 414 438 464 399 406 408 368 300 247 169 157 92 74 
SAlphaB:
0 0 0 0 0 0 0 0 0 0 0 0 0 0 0 0 0 0 0 0 0 0 0 0 0 0 0 0 0 0 0 0 0 0 0 0 0 0 3 8 2 3 0 18 9 15 26 31 15 72 75 146 99 113 92 196 114 150 127 189 158 202 212 351 372 361 390 421 469 414 438 464 399 406 408 368 300 247 169 157 92 74 

LossDepth:
SAlphaB:
0 0 0 0 0 0 0 0 0 0 0 0 0 0 0 0 0 0 0 0 0 0 0 0 0 0 0 0 0 0 0 0 0 0 0 0 0 0 3 8 2 3 0 18 9 15 26 31 15 72 75 146 99 113 92 196 114 150 127 189 158 202 212 351 372 361 390 421 469 414 438 464 399 406 408 368 300 247 169 157 92 74 

FirstWin:
0 0 0 0 0 0 0 0 0 0 0 0 0 0 0 0 0 0 0 0 0 0 0 0 0 0 0 0 0 0 0 0 0 0 0 0 0 0 0 8 0 3 0 18 0 15 0 31 0 72 0 146 0 113 0 196 0 150 0 189 0 202 0 351 0 361 0 421 0 414 0 464 0 406 0 368 0 247 0 157 0 74 
SAlphaB:
0 0 0 0 0 0 0 0 0 0 0 0 0 0 0 0 0 0 0 0 0 0 0 0 0 0 0 0 0 0 0 0 0 0 0 0 0 0 0 8 0 3 0 18 0 15 0 31 0 72 0 146 0 113 0 196 0 150 0 189 0 202 0 351 0 361 0 421 0 414 0 464 0 406 0 368 0 247 0 157 0 74 

SecondWin:
0 0 0 0 0 0 0 0 0 0 0 0 0 0 0 0 0 0 0 0 0 0 0 0 0 0 0 0 0 0 0 0 0 0 0 0 0 0 3 0 2 0 0 0 9 0 26 0 15 0 75 0 99 0 92 0 114 0 127 0 158 0 212 0 372 0 390 0 469 0 438 0 399 0 408 0 300 0 169 0 92 0 
SAlphaB:
0 0 0 0 0 0 0 0 0 0 0 0 0 0 0 0 0 0 0 0 0 0 0 0 0 0 0 0 0 0 0 0 0 0 0 0 0 0 3 0 2 0 0 0 9 0 26 0 15 0 75 0 99 0 92 0 114 0 127 0 158 0 212 0 372 0 390 0 469 0 438 0 399 0 408 0 300 0 169 0 92 0 
