0 10 77 18 -8 0 2 2

0 42 84 85 -11 2 12 6

0 28 58 13 -11 0 13 9

0 76 91 24 -14 10 23 16

0 13 73 56 -9 5 7 8

0 42 84 6 -16 6 17 32

0 12 64 60 -7 1 2 8

0 28 57 1 -14 3 8 30

0 57 96 38 -20 4 27 0

0 20 88 85 -16 0 10 27

0 27 76 72 -12 7 22 10

0 27 83 51 -1 15 30 13

0 17 88 61 -19 25 45 7

0 29 48 84 -10 26 31 22

0 25 57 80 -11 13 41 11

0 44 55 43 -11 6 9 38

0 67 96 60 -10 14 42 3

0 11 27 42 -3 14 29 0

0 24 67 76 -10 40 42 5

0 26 33 42 -4 25 44 5

0 79 87 16 -6 2 4 2

0 35 51 7 -19 0 1 3

0 8 44 89 -15 5 8 2

0 40 49 14 -12 41 43 3

0 25 39 75 -18 0 2 31

0 4 49 82 -15 24 29 16

0 21 48 36 -19 24 27 16

0 28 61 50 -18 6 10 47

0 28 85 45 -12 13 49 12

0 25 81 68 -13 29 49 33

0 50 82 8 -17 37 38 41

0 20 70 90 -3 10 13 5

0 32 62 98 -9 11 30 45

0 64 65 79 -16 14 33 11

0 0 82 22 -4 14 21 12

0 16 65 17 -15 2 9 28

0 3 31 36 -17 1 8 13

0 4 15 45 -2 5 16 11

0 20 67 93 -13 7 28 13

0 24 84 29 -12 42 47 27

0 36 48 48 -16 4 7 39

0 37 95 71 -1 16 24 1

0 21 50 72 -20 4 19 24

0 13 49 3 -1 9 43 27

0 27 71 17 -8 12 21 47

0 6 24 97 -12 4 12 9

0 3 86 82 -13 28 29 1

0 11 48 10 -20 6 11 14

0 35 49 96 -8 20 47 9

0 3 70 71 -5 22 45 0

0 36 46 91 -13 21 34 30

0 0 18 94 -12 0 12 32

0 30 78 78 -3 31 42 48

0 50 83 40 -1 0 1 15

0 8 26 34 -8 1 2 38

0 55 89 96 -7 32 37 34

0 5 95 48 -9 26 36 31

0 1 77 36 -7 2 6 7

0 53 78 60 -11 34 35 44

0 23 44 99 -12 4 5 49

0 46 54 37 -12 21 33 1

0 9 47 63 -19 3 6 45

0 46 51 32 -4 23 38 4

0 9 25 45 -11 23 33 13

0 64 78 99 -11 26 32 36

0 2 39 20 -8 0 3 21

0 1 46 8 -17 1 9 21

0 25 26 70 -16 10 47 48

0 0 1 61 -16 16 20 12

0 72 92 82 -6 36 39 9

0 5 32 98 -4 1 8 34

0 15 45 81 -4 0 12 43

0 6 44 38 -11 32 37 39

0 11 84 65 -8 6 30 16

0 2 27 94 -16 18 27 5

0 0 1 17 -4 1 12 10

0 15 19 57 -8 9 24 6

0 2 5 38 -6 4 10 9

0 8 63 29 -9 14 41 37

0 13 23 98 -20 9 35 49

0 18 27 61 -8 25 27 47

0 0 25 54 -16 12 16 34

0 6 49 61 -5 4 18 44

0 28 31 99 -14 8 33 48

0 36 38 49 -9 1 16 47

0 8 23 32 -20 16 18 8

0 2 15 35 -18 15 19 44

0 13 29 47 -1 6 48 9

0 28 29 8 -5 35 36 37

0 4 34 40 -14 1 2 38

0 8 18 32 -3 5 13 26

0 2 37 1 -11 1 6 38

0 0 6 91 -15 4 10 32

0 0 2 64 -10 11 43 47

0 2 15 48 -16 21 40 7

0 1 2 8 -20 8 43 35

0 3 24 85 -16 28 45 49

0 7 25 92 -15 3 12 39

0 0 1 91 -17 37 39 1

0 10 23 28 -2 1 19 44


SAlphaB: 1021.0, std-dev 398.464239805833

Earliest win: 37
Latest win: 81

WinDepth:
0 0 0 0 0 0 0 0 0 0 0 0 0 0 0 0 0 0 0 0 0 0 0 0 0 0 0 0 0 0 0 0 0 0 0 0 0 4 0 1 1 4 5 18 12 21 8 52 35 65 63 163 103 132 86 159 124 189 174 184 198 222 268 305 363 330 385 369 447 382 508 437 436 377 358 327 243 258 193 148 112 77 
SAlphaB:
0 0 0 0 0 0 0 0 0 0 0 0 0 0 0 0 0 0 0 0 0 0 0 0 0 0 0 0 0 0 0 0 0 0 0 0 0 4 0 1 1 4 5 18 12 21 8 52 35 65 63 163 103 132 86 159 124 189 174 184 198 222 268 305 363 330 385 369 447 382 508 437 436 377 358 327 243 258 193 148 112 77 

LossDepth:
SAlphaB:
0 0 0 0 0 0 0 0 0 0 0 0 0 0 0 0 0 0 0 0 0 0 0 0 0 0 0 0 0 0 0 0 0 0 0 0 0 4 0 1 1 4 5 18 12 21 8 52 35 65 63 163 103 132 86 159 124 189 174 184 198 222 268 305 363 330 385 369 447 382 508 437 436 377 358 327 243 258 193 148 112 77 

FirstWin:
0 0 0 0 0 0 0 0 0 0 0 0 0 0 0 0 0 0 0 0 0 0 0 0 0 0 0 0 0 0 0 0 0 0 0 0 0 4 0 1 0 4 0 18 0 21 0 52 0 65 0 163 0 132 0 159 0 189 0 184 0 222 0 305 0 330 0 369 0 382 0 437 0 377 0 327 0 258 0 148 0 77 
SAlphaB:
0 0 0 0 0 0 0 0 0 0 0 0 0 0 0 0 0 0 0 0 0 0 0 0 0 0 0 0 0 0 0 0 0 0 0 0 0 4 0 1 0 4 0 18 0 21 0 52 0 65 0 163 0 132 0 159 0 189 0 184 0 222 0 305 0 330 0 369 0 382 0 437 0 377 0 327 0 258 0 148 0 77 

SecondWin:
0 0 0 0 0 0 0 0 0 0 0 0 0 0 0 0 0 0 0 0 0 0 0 0 0 0 0 0 0 0 0 0 0 0 0 0 0 0 0 0 1 0 5 0 12 0 8 0 35 0 63 0 103 0 86 0 124 0 174 0 198 0 268 0 363 0 385 0 447 0 508 0 436 0 358 0 243 0 193 0 112 0 
SAlphaB:
0 0 0 0 0 0 0 0 0 0 0 0 0 0 0 0 0 0 0 0 0 0 0 0 0 0 0 0 0 0 0 0 0 0 0 0 0 0 0 0 1 0 5 0 12 0 8 0 35 0 63 0 103 0 86 0 124 0 174 0 198 0 268 0 363 0 385 0 447 0 508 0 436 0 358 0 243 0 193 0 112 0 
