0 34 95 6 -7 5 24 12

0 37 87 88 -12 5 7 3

0 42 86 4 -5 2 7 28

0 61 83 60 -8 10 22 35

0 55 87 84 -19 8 30 32

0 77 99 92 -15 13 44 22

0 32 59 90 -7 2 13 26

0 55 80 9 -7 9 27 14

0 34 42 47 -7 3 10 9

0 29 64 72 -10 2 11 15

0 28 47 82 -9 1 6 9

0 36 84 8 -3 8 28 17

0 37 48 77 -19 3 6 14

0 41 96 7 -19 3 4 37

0 58 88 37 -2 0 7 4

0 18 34 26 -1 5 7 8

0 70 82 44 -19 6 28 16

0 48 70 20 -18 11 15 4

0 61 89 19 -4 8 20 28

0 26 51 39 -3 6 8 5

0 22 54 45 -6 0 8 11

0 51 66 52 -11 5 22 23

0 42 87 79 -18 6 12 10

0 83 91 87 -8 4 17 10

0 40 96 26 -17 9 29 15

0 25 49 11 -4 0 10 14

0 84 88 56 -15 14 36 13

0 14 49 83 -17 0 2 17

0 53 85 19 -19 1 24 42

0 8 47 30 -6 1 4 8

0 23 79 10 -9 4 7 19

0 56 67 32 -3 14 23 15

0 22 63 80 -9 1 5 10

0 42 68 35 -13 9 10 11

0 56 96 84 -11 1 11 18

0 39 90 17 -10 7 20 23

0 49 87 48 -20 9 17 7

0 24 26 97 -13 6 13 23

0 42 56 90 -4 0 2 1

0 41 83 52 -19 1 15 21

0 77 99 62 -10 11 34 30

0 44 53 4 -10 7 10 18

0 68 69 56 -15 8 26 35

0 20 53 45 -4 3 15 19

0 63 99 21 -3 5 27 44

0 14 26 35 -7 1 2 1

0 29 33 9 -10 0 11 13

0 45 63 46 -4 8 15 31

0 36 91 37 -11 3 10 45

0 22 88 62 -17 9 11 42

0 82 87 33 -8 12 27 18

0 46 70 62 -8 3 23 25

0 42 88 53 -9 1 12 34

0 30 51 9 -17 1 10 21

0 61 94 40 -15 6 10 22

0 68 85 44 -19 5 16 13

0 16 99 46 -6 8 28 1

0 37 76 92 -19 5 10 15

0 65 84 76 -5 4 12 27

0 50 76 71 -16 5 13 22

0 48 81 39 -7 10 15 34

0 55 62 37 -16 6 10 10

0 28 93 37 -2 2 5 13

0 31 88 90 -13 1 3 27

0 64 70 61 -5 15 33 15

0 17 54 76 -13 2 4 17

0 56 62 98 -10 3 28 16

0 51 94 53 -7 19 39 46

0 24 46 23 -13 3 9 14

0 32 57 63 -8 2 8 29

0 72 93 78 -18 7 13 32

0 65 68 32 -8 5 28 37

0 13 38 42 -17 0 2 17

0 41 76 54 -1 14 32 7

0 18 90 90 -7 32 41 19

0 38 48 61 -9 32 47 12

0 76 97 88 -8 4 32 7

0 5 47 6 -5 0 4 2

0 68 95 80 -10 4 10 8

0 26 38 94 -7 4 5 21

0 21 92 2 -12 17 43 19

0 49 67 98 -16 6 17 32

0 30 51 9 -8 1 4 19

0 39 97 74 -5 12 36 1

0 33 74 95 -10 18 40 26

0 32 45 79 -5 3 21 11

0 39 82 94 -18 10 20 23

0 5 29 34 -12 6 12 5

0 0 27 58 -5 7 17 15

0 47 54 62 -20 3 5 34

0 13 45 79 -7 16 24 15

0 14 25 99 -15 2 4 9

0 19 55 32 -7 17 27 5

0 37 69 89 -14 13 37 30

0 50 51 81 -18 15 44 7

0 5 28 54 -6 13 19 2

0 7 74 57 -12 11 35 5

0 25 48 58 -2 14 20 31

0 49 83 78 -19 13 37 37

0 42 64 26 -9 14 41 12


SAlphaB: 739.0, std-dev 280.39123793929673

Earliest win: 35
Latest win: 81

WinDepth:
0 0 0 0 0 0 0 0 0 0 0 0 0 0 0 0 0 0 0 0 0 0 0 0 0 0 0 0 0 0 0 0 0 0 0 3 1 13 2 22 2 37 17 42 52 56 44 147 73 205 125 388 161 329 230 489 383 592 386 467 395 642 643 781 756 923 920 931 979 952 998 988 834 847 870 687 631 494 420 288 197 138 
SAlphaB:
0 0 0 0 0 0 0 0 0 0 0 0 0 0 0 0 0 0 0 0 0 0 0 0 0 0 0 0 0 0 0 0 0 0 0 3 1 13 2 22 2 37 17 42 52 56 44 147 73 205 125 388 161 329 230 489 383 592 386 467 395 642 643 781 756 923 920 931 979 952 998 988 834 847 870 687 631 494 420 288 197 138 

LossDepth:
SAlphaB:
0 0 0 0 0 0 0 0 0 0 0 0 0 0 0 0 0 0 0 0 0 0 0 0 0 0 0 0 0 0 0 0 0 0 0 2 1 7 1 14 1 25 6 24 39 38 28 72 51 125 79 186 92 184 149 277 242 373 214 318 224 418 437 595 510 634 675 696 709 792 734 837 667 700 657 636 508 443 340 266 221 162 

FirstWin:
0 0 0 0 0 0 0 0 0 0 0 0 0 0 0 0 0 0 0 0 0 0 0 0 0 0 0 0 0 0 0 0 0 0 0 3 0 13 0 22 0 37 0 42 0 56 0 147 0 205 0 388 0 329 0 489 0 592 0 467 0 642 0 781 0 923 0 931 0 952 0 988 0 847 0 687 0 494 0 288 0 138 
SAlphaB:
0 0 0 0 0 0 0 0 0 0 0 0 0 0 0 0 0 0 0 0 0 0 0 0 0 0 0 0 0 0 0 0 0 0 0 3 0 13 0 22 0 37 0 42 0 56 0 147 0 205 0 388 0 329 0 489 0 592 0 467 0 642 0 781 0 923 0 931 0 952 0 988 0 847 0 687 0 494 0 288 0 138 

SecondWin:
0 0 0 0 0 0 0 0 0 0 0 0 0 0 0 0 0 0 0 0 0 0 0 0 0 0 0 0 0 0 0 0 0 0 0 0 1 0 2 0 2 0 17 0 52 0 44 0 73 0 125 0 161 0 230 0 383 0 386 0 395 0 643 0 756 0 920 0 979 0 998 0 834 0 870 0 631 0 420 0 197 0 
SAlphaB:
0 0 0 0 0 0 0 0 0 0 0 0 0 0 0 0 0 0 0 0 0 0 0 0 0 0 0 0 0 0 0 0 0 0 0 0 1 0 2 0 2 0 17 0 52 0 44 0 73 0 125 0 161 0 230 0 383 0 386 0 395 0 643 0 756 0 920 0 979 0 998 0 834 0 870 0 631 0 420 0 197 0 
