0 55 87 84 -19 8 30 32

0 26 51 39 -3 6 8 5

0 46 70 62 -8 3 23 25

0 42 87 79 -18 6 12 10

0 25 49 11 -4 0 10 14

0 61 94 40 -15 6 10 22

0 50 76 71 -16 5 13 22

0 39 82 94 -18 10 20 23

0 56 67 32 -3 14 23 15

0 41 83 52 -19 1 15 21

0 30 75 88 -16 3 9 19

0 36 92 31 -6 4 24 3

0 22 57 68 -11 8 10 36

0 17 87 16 -12 3 4 34

0 22 97 79 -5 11 33 26

0 39 59 43 -1 16 29 36

0 32 82 34 -1 15 16 23

0 30 81 60 -6 3 40 17

0 13 38 45 -2 7 9 29

0 20 29 92 -6 9 11 6

0 23 63 47 -4 12 28 4

0 54 74 8 -8 1 8 25

0 34 61 15 -20 13 35 4

0 92 97 99 -11 8 24 37

0 58 82 69 -12 3 10 32

0 22 53 91 -14 2 4 39

0 43 51 46 -11 1 32 10

0 16 82 43 -3 9 10 38

0 35 69 27 -2 24 27 16

0 48 80 83 -20 20 46 45

0 58 69 98 -4 23 33 26

0 37 89 19 -17 5 34 16

0 68 77 86 -19 10 14 10

0 7 97 31 -9 0 24 14

0 39 65 58 -3 3 5 33

0 2 30 40 -11 5 10 2

0 30 85 45 -15 1 30 10

0 44 46 18 -8 5 37 22

0 8 79 2 -12 4 21 0

0 39 40 52 -1 8 17 38

0 68 99 45 -4 31 47 25

0 5 45 34 -7 15 22 9

0 0 51 71 -16 0 6 11

0 18 75 48 -15 0 24 46

0 20 68 42 -6 5 15 24

0 2 51 18 -2 19 37 6

0 8 81 98 -19 0 29 27

0 10 88 66 -12 24 37 7

0 6 38 54 -2 6 21 35

0 14 28 74 -4 18 23 6

0 0 96 46 -11 8 36 3

0 44 54 21 -6 26 35 22

0 33 59 53 -15 3 39 28

0 0 16 80 -12 0 7 1

0 20 74 74 -13 2 5 25

0 10 25 79 -17 1 6 15

0 34 37 76 -19 9 18 27

0 10 42 22 -4 10 45 10

0 9 80 3 -5 3 16 42

0 40 62 33 -1 0 7 27

0 27 40 3 -19 5 29 16

0 12 34 0 -5 13 39 44

0 6 36 48 -15 19 31 21

0 4 19 78 -13 30 37 31

0 46 48 34 -7 25 28 18

0 59 81 52 -4 30 35 38

0 47 77 44 -5 22 40 10

0 24 29 78 -12 5 7 33

0 7 18 66 -8 18 45 24

0 21 28 27 -8 24 39 19

0 13 25 93 -9 26 43 17

0 15 39 25 -12 43 47 8

0 28 32 48 -20 15 45 3

0 22 41 22 -16 32 49 14

0 12 20 15 -4 2 43 0

0 36 81 5 -15 24 35 16

0 30 54 68 -5 26 49 46

0 25 46 49 -6 0 47 15

0 18 45 16 -4 12 19 39

0 5 12 81 -18 2 21 8

0 4 21 58 -6 20 22 13

0 12 55 73 -5 23 26 49

0 6 13 14 -8 46 48 27

0 1 4 35 -14 26 33 20

0 4 8 35 -9 23 29 9

0 6 58 73 -4 26 32 46

0 26 51 52 -20 30 47 8

0 10 19 3 -3 12 17 16

0 20 39 59 -12 16 24 49

0 4 24 90 -14 0 1 41

0 3 7 9 -3 38 41 41

0 0 5 15 -5 8 28 20

0 4 15 47 -18 1 8 21

0 0 10 58 -12 10 21 19

0 0 1 32 -12 9 11 44

0 2 3 6 -16 16 17 28

0 4 5 9 -5 18 22 41

0 1 7 91 -18 2 7 48

0 0 3 64 -20 38 45 5

0 0 5 20 -2 32 34 47


SAlphaB: 693.0, std-dev 270.82250132184777

Earliest win: 37
Latest win: 81

WinDepth:
0 0 0 0 0 0 0 0 0 0 0 0 0 0 0 0 0 0 0 0 0 0 0 0 0 0 0 0 0 0 0 0 0 0 0 0 0 6 0 3 0 9 3 12 11 24 13 38 14 79 55 146 101 139 107 203 136 214 160 166 178 298 235 338 297 383 389 320 451 409 468 449 396 417 352 312 288 246 222 164 93 71 
SAlphaB:
0 0 0 0 0 0 0 0 0 0 0 0 0 0 0 0 0 0 0 0 0 0 0 0 0 0 0 0 0 0 0 0 0 0 0 0 0 6 0 3 0 9 3 12 11 24 13 38 14 79 55 146 101 139 107 203 136 214 160 166 178 298 235 338 297 383 389 320 451 409 468 449 396 417 352 312 288 246 222 164 93 71 

LossDepth:
SAlphaB:
0 0 0 0 0 0 0 0 0 0 0 0 0 0 0 0 0 0 0 0 0 0 0 0 0 0 0 0 0 0 0 0 0 0 0 0 0 6 0 3 0 9 3 12 11 24 13 38 14 79 55 146 101 139 107 203 136 214 160 166 178 298 235 338 297 383 389 320 451 409 468 449 396 417 352 312 288 246 222 164 93 71 

FirstWin:
0 0 0 0 0 0 0 0 0 0 0 0 0 0 0 0 0 0 0 0 0 0 0 0 0 0 0 0 0 0 0 0 0 0 0 0 0 6 0 3 0 9 0 12 0 24 0 38 0 79 0 146 0 139 0 203 0 214 0 166 0 298 0 338 0 383 0 320 0 409 0 449 0 417 0 312 0 246 0 164 0 71 
SAlphaB:
0 0 0 0 0 0 0 0 0 0 0 0 0 0 0 0 0 0 0 0 0 0 0 0 0 0 0 0 0 0 0 0 0 0 0 0 0 6 0 3 0 9 0 12 0 24 0 38 0 79 0 146 0 139 0 203 0 214 0 166 0 298 0 338 0 383 0 320 0 409 0 449 0 417 0 312 0 246 0 164 0 71 

SecondWin:
0 0 0 0 0 0 0 0 0 0 0 0 0 0 0 0 0 0 0 0 0 0 0 0 0 0 0 0 0 0 0 0 0 0 0 0 0 0 0 0 0 0 3 0 11 0 13 0 14 0 55 0 101 0 107 0 136 0 160 0 178 0 235 0 297 0 389 0 451 0 468 0 396 0 352 0 288 0 222 0 93 0 
SAlphaB:
0 0 0 0 0 0 0 0 0 0 0 0 0 0 0 0 0 0 0 0 0 0 0 0 0 0 0 0 0 0 0 0 0 0 0 0 0 0 0 0 0 0 3 0 11 0 13 0 14 0 55 0 101 0 107 0 136 0 160 0 178 0 235 0 297 0 389 0 451 0 468 0 396 0 352 0 288 0 222 0 93 0 
