0 48 81 39 -7 10 15 34

0 56 62 98 -10 3 28 16

0 84 88 56 -15 14 36 13

0 64 70 61 -5 15 33 15

0 5 28 54 -6 13 19 2

0 41 76 54 -1 14 32 7

0 32 59 90 -7 2 13 26

0 82 87 33 -8 12 27 18

0 24 46 23 -13 3 9 14

0 38 48 61 -9 32 47 12

0 0 96 55 -3 12 26 10

0 51 66 65 -13 6 12 38

0 10 90 83 -15 21 44 13

0 9 72 46 -16 15 25 6

0 48 94 98 -14 14 48 27

0 28 90 49 -18 10 12 1

0 89 98 1 -20 1 5 33

0 52 57 50 -20 2 5 41

0 9 87 74 -18 16 38 43

0 73 87 89 -16 11 49 39

0 19 24 23 -11 23 31 24

0 98 99 70 -9 2 11 34

0 9 28 29 -19 2 6 1

0 10 46 53 -13 24 39 24

0 31 59 67 -15 23 26 27

0 16 35 16 -9 16 22 9

0 28 41 25 -9 0 1 2

0 46 77 15 -20 6 10 30

0 0 98 28 -20 0 1 24

0 30 46 65 -5 11 31 39

0 53 55 80 -18 10 17 5

0 28 87 60 -8 6 30 39

0 29 57 49 -16 5 31 2

0 67 87 23 -12 1 4 24

0 2 37 37 -1 0 7 2

0 29 51 78 -19 8 10 28

0 7 25 83 -4 16 18 21

0 43 89 47 -2 2 3 21

0 2 73 93 -2 24 30 23

0 62 90 26 -18 1 21 43

0 29 33 97 -10 23 25 27

0 56 94 8 -18 10 19 18

0 43 91 19 -14 16 25 23

0 43 87 36 -11 2 42 30

0 54 90 0 -10 9 16 8

0 39 46 86 -12 15 17 15

0 20 89 19 -15 10 35 30

0 39 94 33 -4 24 38 12

0 9 91 30 -10 2 27 25

0 0 83 78 -20 10 19 28

0 14 86 58 -15 21 29 8

0 13 42 24 -17 7 21 7

0 32 72 82 -18 0 3 43

0 32 40 90 -1 6 49 4

0 23 42 82 -14 1 24 19

0 22 83 49 -4 21 24 10

0 15 34 67 -5 12 29 18

0 69 81 29 -14 16 22 30

0 22 36 39 -10 13 35 20

0 4 33 52 -14 20 41 14

0 11 72 31 -14 18 26 22

0 23 39 82 -4 15 35 45

0 22 42 29 -5 19 22 28

0 24 34 77 -11 3 4 31

0 22 62 46 -16 10 42 22

0 16 29 98 -11 35 43 19

0 20 26 56 -13 9 13 3

0 29 30 82 -19 20 21 46

0 97 98 92 -16 33 39 4

0 26 30 26 -14 5 26 9

0 3 7 78 -15 2 23 14

0 1 97 75 -6 2 6 8

0 25 46 75 -18 15 48 36

0 22 32 74 -12 31 43 9

0 25 74 18 -7 18 28 21

0 11 79 88 -3 6 20 41

0 3 5 69 -20 12 25 12

0 46 70 0 -8 18 19 43

0 9 10 47 -16 1 10 22

0 5 58 40 -2 22 26 45

0 5 42 2 -7 15 41 27

0 31 35 43 -15 29 40 47

0 3 4 50 -1 4 12 11

0 23 59 72 -3 10 12 2

0 5 14 17 -20 32 43 48

0 15 17 31 -6 1 3 40

0 8 57 89 -4 0 36 46

0 8 38 13 -13 6 24 29

0 59 74 73 -8 32 41 16

0 24 47 5 -20 18 40 35

0 7 17 61 -16 26 27 25

0 0 22 98 -12 47 49 39

0 4 5 44 -8 13 27 32

0 4 14 7 -9 31 45 42

0 9 10 21 -5 9 37 45

0 6 9 64 -9 1 47 21

0 3 4 34 -19 29 49 40

0 4 18 41 -7 5 38 45

0 12 15 99 -4 27 42 37

0 2 10 32 -6 2 16 32


SAlphaB: 709.0, std-dev 269.4120105231788

Earliest win: 37
Latest win: 81

WinDepth:
0 0 0 0 0 0 0 0 0 0 0 0 0 0 0 0 0 0 0 0 0 0 0 0 0 0 0 0 0 0 0 0 0 0 0 0 0 15 0 2 1 5 5 13 12 14 14 15 34 71 43 269 81 95 86 179 105 179 139 168 164 236 224 279 307 386 407 373 474 399 463 523 396 463 412 344 270 216 210 119 98 76 
SAlphaB:
0 0 0 0 0 0 0 0 0 0 0 0 0 0 0 0 0 0 0 0 0 0 0 0 0 0 0 0 0 0 0 0 0 0 0 0 0 15 0 2 1 5 5 13 12 14 14 15 34 71 43 269 81 95 86 179 105 179 139 168 164 236 224 279 307 386 407 373 474 399 463 523 396 463 412 344 270 216 210 119 98 76 

LossDepth:
SAlphaB:
0 0 0 0 0 0 0 0 0 0 0 0 0 0 0 0 0 0 0 0 0 0 0 0 0 0 0 0 0 0 0 0 0 0 0 0 0 15 0 2 1 5 5 13 12 14 14 15 34 71 43 269 81 95 86 179 105 179 139 168 164 236 224 279 307 386 407 373 474 399 463 523 396 463 412 344 270 216 210 119 98 76 

FirstWin:
0 0 0 0 0 0 0 0 0 0 0 0 0 0 0 0 0 0 0 0 0 0 0 0 0 0 0 0 0 0 0 0 0 0 0 0 0 15 0 2 0 5 0 13 0 14 0 15 0 71 0 269 0 95 0 179 0 179 0 168 0 236 0 279 0 386 0 373 0 399 0 523 0 463 0 344 0 216 0 119 0 76 
SAlphaB:
0 0 0 0 0 0 0 0 0 0 0 0 0 0 0 0 0 0 0 0 0 0 0 0 0 0 0 0 0 0 0 0 0 0 0 0 0 15 0 2 0 5 0 13 0 14 0 15 0 71 0 269 0 95 0 179 0 179 0 168 0 236 0 279 0 386 0 373 0 399 0 523 0 463 0 344 0 216 0 119 0 76 

SecondWin:
0 0 0 0 0 0 0 0 0 0 0 0 0 0 0 0 0 0 0 0 0 0 0 0 0 0 0 0 0 0 0 0 0 0 0 0 0 0 0 0 1 0 5 0 12 0 14 0 34 0 43 0 81 0 86 0 105 0 139 0 164 0 224 0 307 0 407 0 474 0 463 0 396 0 412 0 270 0 210 0 98 0 
SAlphaB:
0 0 0 0 0 0 0 0 0 0 0 0 0 0 0 0 0 0 0 0 0 0 0 0 0 0 0 0 0 0 0 0 0 0 0 0 0 0 0 0 1 0 5 0 12 0 14 0 34 0 43 0 81 0 86 0 105 0 139 0 164 0 224 0 307 0 407 0 474 0 463 0 396 0 412 0 270 0 210 0 98 0 
