0 77 99 62 -10 11 34 30

0 37 87 88 -12 5 7 3

0 48 70 20 -18 11 15 4

0 25 48 58 -2 14 20 31

0 39 97 74 -5 12 36 1

0 17 54 76 -13 2 4 17

0 49 67 98 -16 6 17 32

0 36 91 37 -11 3 10 45

0 70 82 44 -19 6 28 16

0 51 66 52 -11 5 22 23

0 17 41 71 -12 0 1 14

0 63 77 27 -12 11 23 41

0 59 84 34 -10 1 30 18

0 21 46 61 -7 17 21 12

0 14 32 95 -1 0 9 6

0 41 55 40 -15 9 36 45

0 47 59 7 -16 1 5 31

0 34 63 98 -15 0 1 25

0 18 20 34 -2 3 7 16

0 42 76 2 -7 13 23 31

0 25 72 21 -9 3 8 49

0 65 88 12 -15 3 6 23

0 40 43 34 -2 13 18 37

0 36 65 97 -18 3 4 16

0 23 47 0 -13 8 11 14

0 50 96 59 -6 2 13 21

0 2 27 71 -7 4 7 13

0 59 78 29 -1 1 2 16

0 20 86 46 -2 21 30 6

0 9 53 62 -2 3 4 34

0 77 79 85 -17 18 30 48

0 50 60 45 -12 10 15 34

0 67 84 2 -9 1 12 47

0 27 38 64 -16 24 39 7

0 4 79 89 -19 8 13 4

0 2 88 81 -5 6 9 43

0 9 69 88 -11 0 21 38

0 26 66 88 -13 3 39 23

0 28 29 3 -4 3 5 1

0 31 42 14 -13 35 43 39

0 48 62 8 -10 20 27 34

0 50 61 15 -7 0 6 4

0 27 40 82 -13 0 1 36

0 15 27 25 -1 10 13 21

0 36 45 49 -13 14 22 30

0 19 67 48 -6 0 2 28

0 44 82 54 -18 24 38 19

0 8 61 45 -20 3 5 48

0 89 96 5 -16 30 44 8

0 2 80 51 -13 6 15 41

0 11 29 60 -17 2 5 48

0 27 30 98 -20 1 3 48

0 42 65 32 -8 11 28 31

0 17 45 67 -18 26 30 16

0 14 20 55 -10 9 11 30

0 10 33 62 -6 22 24 24

0 3 27 0 -17 0 1 29

0 24 34 87 -13 1 28 9

0 47 49 48 -2 23 25 44

0 52 65 71 -15 27 46 34

0 7 24 47 -5 23 28 27

0 39 40 57 -7 45 46 45

0 2 65 2 -2 0 7 29

0 1 12 60 -12 0 1 28

0 20 30 84 -8 7 31 21

0 1 2 68 -19 3 6 12

0 4 5 79 -6 4 6 10

0 62 67 70 -17 0 4 35

0 2 54 55 -3 6 18 45

0 14 61 33 -3 14 15 49

0 16 25 45 -14 14 34 30

0 5 6 71 -1 12 20 16

0 3 4 79 -19 2 34 33

0 5 6 74 -2 16 17 10

0 26 46 96 -18 6 48 4

0 8 9 3 -18 15 25 6

0 34 53 32 -1 20 33 41

0 10 21 83 -3 4 14 31

0 47 77 53 -17 36 44 45

0 4 51 68 -20 42 46 20

0 5 6 58 -8 9 24 19

0 1 3 89 -16 5 10 36

0 4 8 6 -12 0 13 1

0 3 9 71 -4 2 4 16

0 7 9 21 -19 0 1 40

0 15 16 36 -3 18 19 32

0 1 5 14 -19 3 42 37

0 0 1 35 -9 33 38 10

0 2 51 68 -17 34 49 45

0 0 3 31 -19 13 21 37

0 0 2 67 -8 18 45 36

0 1 8 73 -3 0 1 37

0 0 6 6 -12 34 39 16

0 3 42 9 -11 44 45 43

0 5 27 27 -3 28 44 33

0 1 2 60 -11 32 41 48

0 4 22 12 -8 6 25 40

0 0 14 51 -14 7 48 24

0 1 3 10 -4 26 33 5

0 2 3 24 -3 0 11 43


SAlphaB: 694.0, std-dev 265.15800263924973

Earliest win: 33
Latest win: 81

WinDepth:
0 0 0 0 0 0 0 0 0 0 0 0 0 0 0 0 0 0 0 0 0 0 0 0 0 0 0 0 0 0 0 0 0 2 0 0 0 8 1 4 0 7 3 13 20 28 10 57 24 81 66 169 74 124 85 229 113 209 129 173 148 275 254 345 338 375 431 367 393 411 440 430 345 417 378 377 270 216 178 127 96 81 
SAlphaB:
0 0 0 0 0 0 0 0 0 0 0 0 0 0 0 0 0 0 0 0 0 0 0 0 0 0 0 0 0 0 0 0 0 2 0 0 0 8 1 4 0 7 3 13 20 28 10 57 24 81 66 169 74 124 85 229 113 209 129 173 148 275 254 345 338 375 431 367 393 411 440 430 345 417 378 377 270 216 178 127 96 81 

LossDepth:
SAlphaB:
0 0 0 0 0 0 0 0 0 0 0 0 0 0 0 0 0 0 0 0 0 0 0 0 0 0 0 0 0 0 0 0 0 2 0 0 0 8 1 4 0 7 3 13 20 28 10 57 24 81 66 169 74 124 85 229 113 209 129 173 148 275 254 345 338 375 431 367 393 411 440 430 345 417 378 377 270 216 178 127 96 81 

FirstWin:
0 0 0 0 0 0 0 0 0 0 0 0 0 0 0 0 0 0 0 0 0 0 0 0 0 0 0 0 0 0 0 0 0 2 0 0 0 8 0 4 0 7 0 13 0 28 0 57 0 81 0 169 0 124 0 229 0 209 0 173 0 275 0 345 0 375 0 367 0 411 0 430 0 417 0 377 0 216 0 127 0 81 
SAlphaB:
0 0 0 0 0 0 0 0 0 0 0 0 0 0 0 0 0 0 0 0 0 0 0 0 0 0 0 0 0 0 0 0 0 2 0 0 0 8 0 4 0 7 0 13 0 28 0 57 0 81 0 169 0 124 0 229 0 209 0 173 0 275 0 345 0 375 0 367 0 411 0 430 0 417 0 377 0 216 0 127 0 81 

SecondWin:
0 0 0 0 0 0 0 0 0 0 0 0 0 0 0 0 0 0 0 0 0 0 0 0 0 0 0 0 0 0 0 0 0 0 0 0 0 0 1 0 0 0 3 0 20 0 10 0 24 0 66 0 74 0 85 0 113 0 129 0 148 0 254 0 338 0 431 0 393 0 440 0 345 0 378 0 270 0 178 0 96 0 
SAlphaB:
0 0 0 0 0 0 0 0 0 0 0 0 0 0 0 0 0 0 0 0 0 0 0 0 0 0 0 0 0 0 0 0 0 0 0 0 0 0 1 0 0 0 3 0 20 0 10 0 24 0 66 0 74 0 85 0 113 0 129 0 148 0 254 0 338 0 431 0 393 0 440 0 345 0 378 0 270 0 178 0 96 0 
