0 29 64 72 -10 2 11 15

0 23 79 10 -9 4 7 19

0 49 87 48 -20 9 17 7

0 37 48 77 -19 3 6 14

0 42 56 90 -4 0 2 1

0 24 26 97 -13 6 13 23

0 56 96 84 -11 1 11 18

0 50 51 81 -18 15 44 7

0 18 34 26 -1 5 7 8

0 5 29 34 -12 6 12 5

0 30 79 73 -16 6 44 0

0 76 93 84 -12 3 10 6

0 24 77 28 -3 10 29 2

0 40 53 5 -6 5 8 23

0 79 90 10 -13 10 33 42

0 29 87 94 -6 5 31 22

0 63 94 68 -18 3 11 0

0 15 75 86 -12 1 4 30

0 16 42 60 -11 0 5 24

0 25 94 48 -11 0 1 1

0 29 84 26 -8 1 33 27

0 8 82 93 -11 4 24 20

0 6 71 48 -2 9 12 32

0 41 75 49 -19 10 35 19

0 33 95 4 -2 17 28 12

0 84 94 88 -13 14 42 3

0 64 95 7 -1 17 20 41

0 11 57 88 -8 21 48 37

0 68 80 0 -1 20 21 47

0 31 82 70 -2 28 46 6

0 85 89 83 -3 6 49 44

0 41 79 31 -14 15 21 37

0 39 42 90 -12 20 38 3

0 20 81 64 -18 6 22 31

0 15 48 56 -19 7 16 35

0 31 70 90 -7 0 1 41

0 63 66 14 -1 12 26 46

0 13 30 9 -1 5 11 23

0 17 65 77 -18 10 28 20

0 63 74 33 -10 21 38 28

0 14 55 43 -16 24 26 25

0 23 29 1 -1 42 46 41

0 28 64 87 -5 27 30 16

0 81 83 70 -4 1 6 25

0 31 54 64 -18 14 29 45

0 38 79 75 -20 13 24 20

0 9 36 65 -11 26 28 37

0 0 13 67 -5 12 19 10

0 25 87 32 -19 14 25 4

0 74 88 71 -3 18 22 46

0 44 54 48 -5 4 7 30

0 29 89 73 -7 24 39 23

0 31 73 62 -10 3 38 35

0 36 42 23 -14 21 36 39

0 19 35 85 -15 28 39 16

0 31 80 58 -20 11 13 38

0 9 22 7 -3 3 5 6

0 25 48 50 -9 11 16 10

0 3 54 83 -14 16 20 6

0 39 87 42 -18 16 20 22

0 4 39 86 -1 15 22 35

0 44 56 76 -14 0 1 40

0 24 48 25 -12 31 48 5

0 11 29 73 -18 15 45 14

0 38 69 48 -20 18 33 29

0 34 59 60 -13 0 30 18

0 4 45 23 -9 23 44 35

0 1 3 63 -16 11 18 8

0 39 40 93 -1 18 45 27

0 18 23 13 -16 3 4 17

0 16 36 24 -4 29 31 33

0 32 56 23 -1 12 37 48

0 25 58 37 -13 2 45 13

0 16 31 46 -7 20 30 5

0 4 22 98 -11 34 35 22

0 14 43 83 -19 9 23 3

0 30 49 55 -7 1 23 39

0 42 45 83 -6 25 41 25

0 9 15 75 -4 14 36 29

0 20 25 98 -11 7 13 49

0 50 92 0 -9 36 39 1

0 1 30 49 -12 17 32 21

0 5 49 70 -17 2 5 33

0 19 38 20 -10 26 30 46

0 7 84 89 -15 4 20 31

0 45 97 5 -19 9 36 8

0 17 25 13 -19 20 44 13

0 0 9 49 -3 21 49 23

0 10 19 32 -7 14 26 30

0 1 5 84 -20 20 41 21

0 6 22 16 -10 10 40 33

0 5 28 28 -6 41 49 15

0 1 3 79 -11 9 10 33

0 33 35 53 -8 2 31 49

0 14 20 91 -9 25 45 47

0 5 20 43 -15 5 29 41

0 7 22 92 -4 5 6 2

0 1 5 47 -3 13 20 38

0 0 2 44 -5 15 19 49

0 1 9 10 -6 0 1 28


SAlphaB: 693.0, std-dev 275.15291570361745

Earliest win: 37
Latest win: 81

WinDepth:
0 0 0 0 0 0 0 0 0 0 0 0 0 0 0 0 0 0 0 0 0 0 0 0 0 0 0 0 0 0 0 0 0 0 0 0 0 1 0 4 1 7 1 21 10 13 20 45 32 80 38 224 74 109 81 225 127 209 156 192 124 258 253 357 275 349 382 388 422 400 440 487 355 421 406 332 248 263 179 142 113 91 
SAlphaB:
0 0 0 0 0 0 0 0 0 0 0 0 0 0 0 0 0 0 0 0 0 0 0 0 0 0 0 0 0 0 0 0 0 0 0 0 0 1 0 4 1 7 1 21 10 13 20 45 32 80 38 224 74 109 81 225 127 209 156 192 124 258 253 357 275 349 382 388 422 400 440 487 355 421 406 332 248 263 179 142 113 91 

LossDepth:
SAlphaB:
0 0 0 0 0 0 0 0 0 0 0 0 0 0 0 0 0 0 0 0 0 0 0 0 0 0 0 0 0 0 0 0 0 0 0 0 0 1 0 4 1 7 1 21 10 13 20 45 32 80 38 224 74 109 81 225 127 209 156 192 124 258 253 357 275 349 382 388 422 400 440 487 355 421 406 332 248 263 179 142 113 91 

FirstWin:
0 0 0 0 0 0 0 0 0 0 0 0 0 0 0 0 0 0 0 0 0 0 0 0 0 0 0 0 0 0 0 0 0 0 0 0 0 1 0 4 0 7 0 21 0 13 0 45 0 80 0 224 0 109 0 225 0 209 0 192 0 258 0 357 0 349 0 388 0 400 0 487 0 421 0 332 0 263 0 142 0 91 
SAlphaB:
0 0 0 0 0 0 0 0 0 0 0 0 0 0 0 0 0 0 0 0 0 0 0 0 0 0 0 0 0 0 0 0 0 0 0 0 0 1 0 4 0 7 0 21 0 13 0 45 0 80 0 224 0 109 0 225 0 209 0 192 0 258 0 357 0 349 0 388 0 400 0 487 0 421 0 332 0 263 0 142 0 91 

SecondWin:
0 0 0 0 0 0 0 0 0 0 0 0 0 0 0 0 0 0 0 0 0 0 0 0 0 0 0 0 0 0 0 0 0 0 0 0 0 0 0 0 1 0 1 0 10 0 20 0 32 0 38 0 74 0 81 0 127 0 156 0 124 0 253 0 275 0 382 0 422 0 440 0 355 0 406 0 248 0 179 0 113 0 
SAlphaB:
0 0 0 0 0 0 0 0 0 0 0 0 0 0 0 0 0 0 0 0 0 0 0 0 0 0 0 0 0 0 0 0 0 0 0 0 0 0 0 0 1 0 1 0 10 0 20 0 32 0 38 0 74 0 81 0 127 0 156 0 124 0 253 0 275 0 382 0 422 0 440 0 355 0 406 0 248 0 179 0 113 0 
