0 36 84 8 -3 8 28 17

0 77 99 92 -15 13 44 22

0 72 93 78 -18 7 13 32

0 20 53 45 -4 3 15 19

0 22 63 80 -9 1 5 10

0 14 49 83 -17 0 2 17

0 22 54 45 -6 0 8 11

0 29 33 9 -10 0 11 13

0 30 51 9 -17 1 10 21

0 32 45 79 -5 3 21 11

0 63 81 69 -13 11 23 6

0 51 86 32 -16 3 6 21

0 32 41 82 -1 3 11 11

0 56 85 48 -4 28 30 43

0 21 65 57 -11 4 8 17

0 13 77 87 -14 23 34 49

0 68 77 59 -20 22 29 31

0 42 53 12 -11 1 2 0

0 58 91 38 -2 3 4 17

0 28 38 59 -12 3 5 8

0 21 83 89 -8 6 13 49

0 48 89 17 -18 5 39 48

0 23 89 71 -9 0 17 12

0 51 69 61 -8 0 1 4

0 91 96 40 -5 25 30 39

0 15 74 6 -15 2 11 16

0 1 55 82 -4 6 10 3

0 21 66 46 -9 0 14 31

0 45 83 1 -3 11 27 47

0 24 57 73 -5 5 14 46

0 34 45 38 -15 1 2 21

0 25 99 76 -3 14 23 14

0 7 58 96 -6 18 25 8

0 13 83 55 -16 16 21 27

0 30 78 90 -4 10 32 42

0 52 61 14 -15 6 10 36

0 29 98 85 -20 12 21 39

0 68 82 82 -6 4 5 13

0 48 65 82 -12 15 20 47

0 27 98 59 -7 19 21 27

0 80 85 75 -3 22 45 24

0 28 30 82 -13 9 21 2

0 47 80 43 -14 13 36 31

0 13 70 44 -12 2 4 46

0 41 56 2 -6 7 18 15

0 45 98 41 -13 15 35 45

0 1 96 36 -10 0 1 3

0 16 64 64 -2 4 10 39

0 18 49 89 -14 10 28 7

0 36 48 87 -7 3 6 34

0 20 73 60 -14 14 16 12

0 18 65 41 -11 1 41 5

0 35 38 16 -1 21 28 17

0 36 96 18 -15 16 27 8

0 79 80 34 -9 2 3 47

0 38 57 16 -11 18 26 23

0 1 89 24 -5 14 27 2

0 9 91 96 -4 8 45 12

0 21 24 55 -6 1 8 34

0 0 17 72 -3 9 19 6

0 89 97 51 -4 41 47 9

0 8 82 58 -19 1 14 39

0 28 36 25 -19 29 35 6

0 3 74 8 -1 10 12 46

0 7 59 4 -19 3 16 23

0 28 44 3 -18 22 41 42

0 5 81 52 -5 1 3 42

0 25 28 80 -18 29 37 20

0 39 48 66 -17 11 12 25

0 3 36 22 -12 11 16 34

0 19 24 71 -5 7 14 35

0 22 94 14 -11 9 38 12

0 43 44 81 -1 3 21 45

0 47 73 10 -9 33 47 0

0 10 36 43 -14 18 30 40

0 5 28 21 -17 10 37 12

0 22 30 83 -17 19 32 16

0 16 21 57 -2 4 26 19

0 9 25 75 -20 20 34 17

0 11 32 4 -20 20 35 11

0 8 18 87 -6 0 1 38

0 5 9 6 -18 11 44 33

0 12 16 1 -16 12 37 6

0 89 93 82 -20 42 45 12

0 2 4 19 -20 4 5 14

0 1 3 63 -19 26 49 32

0 0 11 43 -9 6 21 21

0 0 1 66 -13 9 22 2

0 6 20 82 -14 11 14 46

0 3 4 14 -12 30 31 12

0 3 7 15 -13 13 18 18

0 12 23 86 -5 3 8 46

0 4 7 22 -17 5 6 33

0 2 12 18 -9 15 42 18

0 24 25 3 -9 18 49 15

0 4 8 45 -8 12 22 45

0 4 8 25 -11 4 7 30

0 2 7 40 -15 34 41 17

0 9 17 2 -10 9 34 37

0 3 11 38 -1 3 21 39


SAlphaB: 687.0, std-dev 270.5181257580282

Earliest win: 35
Latest win: 81

WinDepth:
0 0 0 0 0 0 0 0 0 0 0 0 0 0 0 0 0 0 0 0 0 0 0 0 0 0 0 0 0 0 0 0 0 0 0 1 0 0 0 3 2 5 0 12 22 14 19 52 20 64 45 196 78 124 103 197 107 172 185 207 166 259 230 319 321 299 333 427 462 374 455 461 411 435 363 353 265 257 179 173 106 83 
SAlphaB:
0 0 0 0 0 0 0 0 0 0 0 0 0 0 0 0 0 0 0 0 0 0 0 0 0 0 0 0 0 0 0 0 0 0 0 1 0 0 0 3 2 5 0 12 22 14 19 52 20 64 45 196 78 124 103 197 107 172 185 207 166 259 230 319 321 299 333 427 462 374 455 461 411 435 363 353 265 257 179 173 106 83 

LossDepth:
SAlphaB:
0 0 0 0 0 0 0 0 0 0 0 0 0 0 0 0 0 0 0 0 0 0 0 0 0 0 0 0 0 0 0 0 0 0 0 1 0 0 0 3 2 5 0 12 22 14 19 52 20 64 45 196 78 124 103 197 107 172 185 207 166 259 230 319 321 299 333 427 462 374 455 461 411 435 363 353 265 257 179 173 106 83 

FirstWin:
0 0 0 0 0 0 0 0 0 0 0 0 0 0 0 0 0 0 0 0 0 0 0 0 0 0 0 0 0 0 0 0 0 0 0 1 0 0 0 3 0 5 0 12 0 14 0 52 0 64 0 196 0 124 0 197 0 172 0 207 0 259 0 319 0 299 0 427 0 374 0 461 0 435 0 353 0 257 0 173 0 83 
SAlphaB:
0 0 0 0 0 0 0 0 0 0 0 0 0 0 0 0 0 0 0 0 0 0 0 0 0 0 0 0 0 0 0 0 0 0 0 1 0 0 0 3 0 5 0 12 0 14 0 52 0 64 0 196 0 124 0 197 0 172 0 207 0 259 0 319 0 299 0 427 0 374 0 461 0 435 0 353 0 257 0 173 0 83 

SecondWin:
0 0 0 0 0 0 0 0 0 0 0 0 0 0 0 0 0 0 0 0 0 0 0 0 0 0 0 0 0 0 0 0 0 0 0 0 0 0 0 0 2 0 0 0 22 0 19 0 20 0 45 0 78 0 103 0 107 0 185 0 166 0 230 0 321 0 333 0 462 0 455 0 411 0 363 0 265 0 179 0 106 0 
SAlphaB:
0 0 0 0 0 0 0 0 0 0 0 0 0 0 0 0 0 0 0 0 0 0 0 0 0 0 0 0 0 0 0 0 0 0 0 0 0 0 0 0 2 0 0 0 22 0 19 0 20 0 45 0 78 0 103 0 107 0 185 0 166 0 230 0 321 0 333 0 462 0 455 0 411 0 363 0 265 0 179 0 106 0 
