0 39 90 17 -10 7 20 23

0 18 90 90 -7 32 41 19

0 33 74 95 -10 18 40 26

0 16 99 46 -6 8 28 1

0 44 53 4 -10 7 10 18

0 19 55 32 -7 17 27 5

0 42 88 53 -9 1 12 34

0 53 85 19 -19 1 24 42

0 45 63 46 -4 8 15 31

0 65 84 76 -5 4 12 27

0 7 26 60 -2 2 3 1

0 13 34 88 -7 11 28 17

0 56 98 22 -4 6 24 8

0 24 27 26 -5 16 24 3

0 39 76 69 -1 3 4 13

0 29 54 11 -15 5 9 30

0 63 89 52 -11 7 13 48

0 64 72 60 -11 5 7 2

0 10 39 84 -16 8 21 12

0 46 77 85 -14 15 27 0

0 50 53 50 -4 9 44 18

0 37 72 7 -18 11 14 35

0 23 64 93 -1 16 20 4

0 24 58 4 -11 4 11 4

0 6 94 74 -4 13 34 46

0 42 50 68 -12 9 10 9

0 46 65 44 -13 13 28 12

0 79 82 11 -3 21 42 9

0 1 48 7 -19 6 11 7

0 22 25 35 -19 28 34 29

0 41 92 69 -8 10 45 44

0 27 38 94 -20 2 8 33

0 11 99 45 -10 31 36 29

0 49 73 95 -17 20 34 41

0 5 28 33 -15 14 20 9

0 22 43 79 -8 1 6 29

0 57 68 36 -16 1 8 47

0 75 83 72 -15 14 20 41

0 16 53 10 -13 10 20 16

0 16 24 19 -18 23 27 13

0 2 24 66 -9 20 26 16

0 29 62 48 -4 28 45 35

0 1 22 94 -12 6 15 33

0 18 47 3 -15 42 46 27

0 21 42 87 -5 6 7 24

0 52 58 80 -5 22 30 23

0 4 48 69 -17 0 10 28

0 15 65 51 -6 34 36 2

0 25 41 76 -10 15 24 13

0 20 46 46 -2 15 40 39

0 0 28 24 -10 4 14 28

0 69 74 2 -14 25 29 20

0 62 73 33 -14 2 3 46

0 62 69 94 -2 4 23 49

0 8 47 32 -2 10 16 27

0 57 75 14 -17 23 37 35

0 41 62 45 -20 36 43 46

0 37 45 49 -5 17 29 28

0 40 93 15 -5 10 15 36

0 19 48 32 -20 1 16 41

0 40 48 61 -3 17 18 43

0 0 91 42 -1 2 20 42

0 17 23 66 -7 11 32 27

0 12 27 62 -6 22 44 8

0 32 53 46 -10 20 22 37

0 56 58 27 -4 6 12 42

0 28 71 79 -7 4 47 28

0 5 70 6 -19 13 32 11

0 27 48 66 -11 15 17 18

0 17 33 31 -18 16 46 49

0 31 34 68 -18 32 45 6

0 3 13 84 -16 12 49 29

0 4 42 4 -12 3 11 38

0 2 87 48 -15 17 31 49

0 4 37 59 -8 1 2 43

0 4 28 26 -2 4 18 14

0 37 75 19 -11 3 39 47

0 3 6 52 -12 29 38 29

0 9 17 28 -19 34 45 18

0 3 6 81 -19 35 44 20

0 3 36 71 -11 12 46 30

0 16 41 81 -5 2 27 36

0 0 1 80 -7 23 45 6

0 64 92 17 -2 41 45 5

0 10 13 9 -19 16 18 21

0 0 3 59 -6 2 9 9

0 24 32 79 -9 27 34 46

0 11 19 51 -8 31 44 6

0 1 22 88 -5 9 31 4

0 9 47 18 -1 8 35 36

0 5 6 45 -18 0 15 22

0 4 22 53 -5 2 16 29

0 0 4 96 -9 9 24 42

0 16 22 72 -20 1 48 37

0 0 5 57 -18 6 26 35

0 5 32 12 -18 0 27 44

0 9 11 76 -9 30 48 3

0 10 12 86 -18 1 36 44

0 2 5 47 -15 7 9 35

0 0 1 33 -16 0 5 18


SAlphaB: 700.0, std-dev 263.86468333430133

Earliest win: 37
Latest win: 81

WinDepth:
0 0 0 0 0 0 0 0 0 0 0 0 0 0 0 0 0 0 0 0 0 0 0 0 0 0 0 0 0 0 0 0 0 0 0 0 0 2 0 8 3 9 0 15 1 14 14 20 19 55 60 203 74 113 81 166 102 190 142 199 155 233 252 325 323 325 415 348 456 422 504 425 390 405 470 335 284 238 198 143 81 78 
SAlphaB:
0 0 0 0 0 0 0 0 0 0 0 0 0 0 0 0 0 0 0 0 0 0 0 0 0 0 0 0 0 0 0 0 0 0 0 0 0 2 0 8 3 9 0 15 1 14 14 20 19 55 60 203 74 113 81 166 102 190 142 199 155 233 252 325 323 325 415 348 456 422 504 425 390 405 470 335 284 238 198 143 81 78 

LossDepth:
SAlphaB:
0 0 0 0 0 0 0 0 0 0 0 0 0 0 0 0 0 0 0 0 0 0 0 0 0 0 0 0 0 0 0 0 0 0 0 0 0 2 0 8 3 9 0 15 1 14 14 20 19 55 60 203 74 113 81 166 102 190 142 199 155 233 252 325 323 325 415 348 456 422 504 425 390 405 470 335 284 238 198 143 81 78 

FirstWin:
0 0 0 0 0 0 0 0 0 0 0 0 0 0 0 0 0 0 0 0 0 0 0 0 0 0 0 0 0 0 0 0 0 0 0 0 0 2 0 8 0 9 0 15 0 14 0 20 0 55 0 203 0 113 0 166 0 190 0 199 0 233 0 325 0 325 0 348 0 422 0 425 0 405 0 335 0 238 0 143 0 78 
SAlphaB:
0 0 0 0 0 0 0 0 0 0 0 0 0 0 0 0 0 0 0 0 0 0 0 0 0 0 0 0 0 0 0 0 0 0 0 0 0 2 0 8 0 9 0 15 0 14 0 20 0 55 0 203 0 113 0 166 0 190 0 199 0 233 0 325 0 325 0 348 0 422 0 425 0 405 0 335 0 238 0 143 0 78 

SecondWin:
0 0 0 0 0 0 0 0 0 0 0 0 0 0 0 0 0 0 0 0 0 0 0 0 0 0 0 0 0 0 0 0 0 0 0 0 0 0 0 0 3 0 0 0 1 0 14 0 19 0 60 0 74 0 81 0 102 0 142 0 155 0 252 0 323 0 415 0 456 0 504 0 390 0 470 0 284 0 198 0 81 0 
SAlphaB:
0 0 0 0 0 0 0 0 0 0 0 0 0 0 0 0 0 0 0 0 0 0 0 0 0 0 0 0 0 0 0 0 0 0 0 0 0 0 0 0 3 0 0 0 1 0 14 0 19 0 60 0 74 0 81 0 102 0 142 0 155 0 252 0 323 0 415 0 456 0 504 0 390 0 470 0 284 0 198 0 81 0 
