0 34 95 6 -7 5 24 12

0 34 42 47 -7 3 10 9

0 37 76 92 -19 5 10 15

0 14 26 35 -7 1 2 1

0 61 83 60 -8 10 22 35

0 63 99 21 -3 5 27 44

0 49 83 78 -19 13 37 37

0 5 47 6 -5 0 4 2

0 31 88 90 -13 1 3 27

0 21 92 2 -12 17 43 19

0 24 78 17 -8 6 8 3

0 11 23 66 -18 0 3 2

0 36 39 88 -13 4 18 38

0 65 96 31 -14 4 5 32

0 80 87 77 -8 12 41 9

0 0 99 37 -14 7 18 0

0 6 25 22 -4 3 4 7

0 39 54 2 -19 0 1 11

0 77 78 31 -15 0 12 1

0 70 86 36 -9 9 22 7

0 55 88 4 -19 3 8 7

0 35 55 60 -14 0 2 7

0 21 26 78 -6 10 13 6

0 23 34 33 -14 2 20 15

0 69 76 81 -18 8 25 24

0 85 91 13 -16 0 18 18

0 26 44 4 -20 7 12 3

0 27 77 25 -12 5 35 13

0 84 99 63 -3 5 12 21

0 21 64 75 -4 15 33 24

0 16 33 45 -10 14 28 3

0 2 33 29 -18 0 8 7

0 29 49 14 -15 27 38 10

0 49 96 82 -3 4 7 45

0 7 78 79 -1 22 47 37

0 8 19 27 -10 4 11 8

0 26 79 58 -9 7 33 35

0 17 66 19 -6 4 9 33

0 22 62 38 -15 9 13 15

0 69 98 84 -20 17 25 24

0 4 62 78 -20 0 7 24

0 30 59 5 -2 19 26 48

0 28 71 77 -4 18 24 49

0 12 21 48 -1 27 39 12

0 33 50 40 -8 10 27 33

0 66 84 87 -19 23 41 6

0 24 96 96 -8 0 33 17

0 55 64 13 -14 16 38 37

0 11 52 2 -9 8 9 30

0 8 64 37 -13 43 46 10

0 46 68 32 -3 1 15 31

0 28 30 27 -11 36 42 34

0 7 70 57 -6 16 20 40

0 10 67 52 -9 9 14 20

0 14 81 57 -15 43 49 4

0 7 89 34 -1 0 1 34

0 38 71 59 -5 15 27 41

0 35 87 55 -15 11 17 36

0 13 66 59 -14 12 47 37

0 10 49 41 -20 24 49 28

0 5 72 53 -1 5 32 3

0 5 84 55 -2 0 23 13

0 18 58 67 -17 31 36 3

0 1 66 40 -13 8 26 45

0 13 97 38 -10 21 25 33

0 15 16 41 -16 18 25 9

0 35 73 52 -17 34 43 33

0 4 41 69 -20 5 7 20

0 56 60 35 -9 16 46 21

0 60 63 62 -5 2 4 35

0 9 19 66 -15 17 39 27

0 15 63 74 -7 6 8 32

0 13 55 31 -14 14 16 7

0 1 92 29 -3 4 20 21

0 56 61 18 -8 11 45 38

0 5 63 71 -10 5 42 6

0 2 3 45 -13 0 1 5

0 9 39 65 -4 18 26 28

0 49 55 18 -5 3 48 27

0 9 11 49 -20 2 29 5

0 13 23 49 -7 2 10 32

0 10 13 69 -20 20 37 23

0 22 26 39 -13 11 12 18

0 5 97 70 -5 2 12 47

0 18 60 97 -5 1 42 27

0 20 34 88 -8 0 3 37

0 4 45 41 -8 0 4 38

0 5 36 19 -11 2 19 46

0 24 33 23 -7 10 48 41

0 0 26 83 -17 3 49 39

0 28 64 1 -4 22 27 13

0 9 26 32 -1 18 23 39

0 16 29 7 -2 2 28 44

0 2 3 41 -3 10 43 39

0 4 11 40 -9 16 33 34

0 0 1 66 -15 9 15 22

0 4 20 33 -1 10 26 34

0 13 32 78 -10 20 40 42

0 15 23 77 -1 37 41 49

0 1 11 13 -9 2 6 38


SAlphaB: 715.0, std-dev 260.5031861609374

Earliest win: 35
Latest win: 81

WinDepth:
0 0 0 0 0 0 0 0 0 0 0 0 0 0 0 0 0 0 0 0 0 0 0 0 0 0 0 0 0 0 0 0 0 0 0 1 0 8 2 8 0 9 3 17 7 15 11 46 41 57 64 166 60 127 88 156 103 169 147 172 180 247 233 294 318 385 385 362 481 443 435 481 381 437 407 363 262 262 191 167 115 76 
SAlphaB:
0 0 0 0 0 0 0 0 0 0 0 0 0 0 0 0 0 0 0 0 0 0 0 0 0 0 0 0 0 0 0 0 0 0 0 1 0 8 2 8 0 9 3 17 7 15 11 46 41 57 64 166 60 127 88 156 103 169 147 172 180 247 233 294 318 385 385 362 481 443 435 481 381 437 407 363 262 262 191 167 115 76 

LossDepth:
SAlphaB:
0 0 0 0 0 0 0 0 0 0 0 0 0 0 0 0 0 0 0 0 0 0 0 0 0 0 0 0 0 0 0 0 0 0 0 1 0 8 2 8 0 9 3 17 7 15 11 46 41 57 64 166 60 127 88 156 103 169 147 172 180 247 233 294 318 385 385 362 481 443 435 481 381 437 407 363 262 262 191 167 115 76 

FirstWin:
0 0 0 0 0 0 0 0 0 0 0 0 0 0 0 0 0 0 0 0 0 0 0 0 0 0 0 0 0 0 0 0 0 0 0 1 0 8 0 8 0 9 0 17 0 15 0 46 0 57 0 166 0 127 0 156 0 169 0 172 0 247 0 294 0 385 0 362 0 443 0 481 0 437 0 363 0 262 0 167 0 76 
SAlphaB:
0 0 0 0 0 0 0 0 0 0 0 0 0 0 0 0 0 0 0 0 0 0 0 0 0 0 0 0 0 0 0 0 0 0 0 1 0 8 0 8 0 9 0 17 0 15 0 46 0 57 0 166 0 127 0 156 0 169 0 172 0 247 0 294 0 385 0 362 0 443 0 481 0 437 0 363 0 262 0 167 0 76 

SecondWin:
0 0 0 0 0 0 0 0 0 0 0 0 0 0 0 0 0 0 0 0 0 0 0 0 0 0 0 0 0 0 0 0 0 0 0 0 0 0 2 0 0 0 3 0 7 0 11 0 41 0 64 0 60 0 88 0 103 0 147 0 180 0 233 0 318 0 385 0 481 0 435 0 381 0 407 0 262 0 191 0 115 0 
SAlphaB:
0 0 0 0 0 0 0 0 0 0 0 0 0 0 0 0 0 0 0 0 0 0 0 0 0 0 0 0 0 0 0 0 0 0 0 0 0 0 2 0 0 0 3 0 7 0 11 0 41 0 64 0 60 0 88 0 103 0 147 0 180 0 233 0 318 0 385 0 481 0 435 0 381 0 407 0 262 0 191 0 115 0 
