0 58 88 37 -2 0 7 4

0 0 27 58 -5 7 17 15

0 42 86 4 -5 2 7 28

0 26 38 94 -7 4 5 21

0 30 51 9 -8 1 4 19

0 14 25 99 -15 2 4 9

0 7 74 57 -12 11 35 5

0 22 88 62 -17 9 11 42

0 68 95 80 -10 4 10 8

0 42 64 26 -9 14 41 12

0 38 61 69 -6 28 43 27

0 21 53 45 -13 14 40 15

0 52 95 93 -10 19 26 6

0 39 96 82 -2 5 6 22

0 46 78 34 -5 35 39 30

0 86 96 12 -16 14 35 30

0 12 68 47 -12 13 41 5

0 90 96 38 -6 4 5 16

0 33 91 50 -1 21 49 27

0 96 98 47 -8 3 35 48

0 57 72 26 -15 9 20 38

0 48 71 78 -14 11 35 44

0 10 51 1 -9 0 1 39

0 21 53 20 -19 1 15 11

0 33 52 85 -19 5 28 15

0 9 86 28 -13 2 15 36

0 15 75 51 -1 34 37 44

0 6 38 2 -20 0 1 13

0 18 66 4 -6 2 10 41

0 31 95 6 -2 1 41 4

0 29 30 63 -4 1 3 18

0 25 33 57 -10 4 14 36

0 1 99 30 -18 15 26 28

0 0 8 52 -20 14 36 6

0 11 90 91 -16 19 44 47

0 15 62 53 -12 27 35 30

0 63 73 93 -12 0 22 28

0 58 94 85 -12 22 40 44

0 59 61 93 -4 19 39 23

0 1 19 35 -11 15 35 16

0 17 86 46 -1 3 4 26

0 42 50 42 -2 0 48 47

0 25 33 95 -4 34 37 43

0 10 15 95 -3 0 11 22

0 76 78 93 -8 37 38 36

0 15 20 70 -14 9 32 21

0 66 72 14 -3 2 8 17

0 28 34 40 -9 12 45 21

0 21 52 70 -2 14 18 29

0 4 56 4 -4 10 15 25

0 5 53 91 -4 34 49 34

0 55 91 48 -2 29 49 31

0 14 20 92 -1 3 26 1

0 13 92 94 -13 30 31 26

0 34 53 62 -16 0 47 25

0 12 55 18 -8 11 12 9

0 11 32 94 -16 11 17 41

0 29 61 73 -20 4 37 47

0 60 97 68 -1 29 32 40

0 13 66 16 -5 21 23 28

0 3 14 96 -10 7 15 23

0 30 32 91 -6 16 25 42

0 18 34 19 -19 6 10 0

0 2 30 82 -2 11 28 41

0 11 41 43 -16 13 46 26

0 30 36 8 -13 1 29 19

0 8 10 95 -20 5 6 27

0 31 44 6 -5 4 34 5

0 9 19 56 -6 1 2 45

0 43 47 12 -7 2 4 47

0 34 91 2 -13 37 44 8

0 29 64 8 -7 26 28 48

0 0 4 75 -6 22 24 44

0 9 12 6 -6 21 32 23

0 6 17 32 -16 7 24 43

0 39 49 3 -18 11 45 23

0 79 88 30 -9 20 26 28

0 3 28 51 -14 33 49 19

0 13 16 12 -16 4 5 22

0 3 9 74 -13 0 1 44

0 8 11 57 -6 19 39 36

0 19 34 12 -20 2 29 4

0 16 46 77 -12 32 46 46

0 20 22 87 -4 8 33 7

0 5 6 80 -1 0 14 16

0 1 16 59 -13 31 40 3

0 5 8 90 -19 20 38 13

0 7 24 52 -10 12 16 42

0 0 1 30 -12 13 40 12

0 20 40 0 -2 0 1 42

0 1 13 51 -13 19 30 49

0 4 16 89 -3 15 48 0

0 1 6 8 -14 14 24 23

0 0 4 42 -12 37 38 15

0 8 28 54 -12 2 13 49

0 7 18 85 -13 36 48 16

0 8 27 79 -15 4 32 48

0 4 10 1 -9 25 35 42

0 1 9 1 -7 5 29 0

0 2 9 38 -1 5 25 25


SAlphaB: 738.0, std-dev 279.9307710232238

Earliest win: 39
Latest win: 81

WinDepth:
0 0 0 0 0 0 0 0 0 0 0 0 0 0 0 0 0 0 0 0 0 0 0 0 0 0 0 0 0 0 0 0 0 0 0 0 0 0 0 4 0 2 4 22 13 15 9 41 20 60 55 223 59 94 69 236 119 158 95 183 153 260 204 308 304 350 372 408 378 438 465 468 469 398 365 345 292 257 191 165 133 92 
SAlphaB:
0 0 0 0 0 0 0 0 0 0 0 0 0 0 0 0 0 0 0 0 0 0 0 0 0 0 0 0 0 0 0 0 0 0 0 0 0 0 0 4 0 2 4 22 13 15 9 41 20 60 55 223 59 94 69 236 119 158 95 183 153 260 204 308 304 350 372 408 378 438 465 468 469 398 365 345 292 257 191 165 133 92 

LossDepth:
SAlphaB:
0 0 0 0 0 0 0 0 0 0 0 0 0 0 0 0 0 0 0 0 0 0 0 0 0 0 0 0 0 0 0 0 0 0 0 0 0 0 0 4 0 2 4 22 13 15 9 41 20 60 55 223 59 94 69 236 119 158 95 183 153 260 204 308 304 350 372 408 378 438 465 468 469 398 365 345 292 257 191 165 133 92 

FirstWin:
0 0 0 0 0 0 0 0 0 0 0 0 0 0 0 0 0 0 0 0 0 0 0 0 0 0 0 0 0 0 0 0 0 0 0 0 0 0 0 4 0 2 0 22 0 15 0 41 0 60 0 223 0 94 0 236 0 158 0 183 0 260 0 308 0 350 0 408 0 438 0 468 0 398 0 345 0 257 0 165 0 92 
SAlphaB:
0 0 0 0 0 0 0 0 0 0 0 0 0 0 0 0 0 0 0 0 0 0 0 0 0 0 0 0 0 0 0 0 0 0 0 0 0 0 0 4 0 2 0 22 0 15 0 41 0 60 0 223 0 94 0 236 0 158 0 183 0 260 0 308 0 350 0 408 0 438 0 468 0 398 0 345 0 257 0 165 0 92 

SecondWin:
0 0 0 0 0 0 0 0 0 0 0 0 0 0 0 0 0 0 0 0 0 0 0 0 0 0 0 0 0 0 0 0 0 0 0 0 0 0 0 0 0 0 4 0 13 0 9 0 20 0 55 0 59 0 69 0 119 0 95 0 153 0 204 0 304 0 372 0 378 0 465 0 469 0 365 0 292 0 191 0 133 0 
SAlphaB:
0 0 0 0 0 0 0 0 0 0 0 0 0 0 0 0 0 0 0 0 0 0 0 0 0 0 0 0 0 0 0 0 0 0 0 0 0 0 0 0 0 0 4 0 13 0 9 0 20 0 55 0 59 0 69 0 119 0 95 0 153 0 204 0 304 0 372 0 378 0 465 0 469 0 365 0 292 0 191 0 133 0 
