0 8 47 30 -6 1 4 8

0 13 38 42 -17 0 2 17

0 55 80 9 -7 9 27 14

0 28 47 82 -9 1 6 9

0 61 89 19 -4 8 20 28

0 40 96 26 -17 9 29 15

0 47 54 62 -20 3 5 34

0 42 68 35 -13 9 10 11

0 68 69 56 -15 8 26 35

0 37 69 89 -14 13 37 30

0 11 17 77 -11 21 24 20

0 12 15 97 -15 8 14 24

0 54 88 42 -12 16 33 42

0 51 67 37 -18 4 7 14

0 27 89 64 -7 12 44 1

0 57 87 96 -4 20 46 32

0 1 36 81 -3 11 16 4

0 72 78 12 -4 19 24 17

0 28 80 34 -18 42 49 37

0 14 25 20 -5 9 13 3

0 16 28 98 -12 4 19 6

0 52 59 14 -9 3 6 29

0 6 53 95 -3 1 3 32

0 59 64 18 -4 8 39 47

0 12 43 69 -9 4 30 25

0 29 78 39 -5 19 27 7

0 36 78 31 -4 16 42 47

0 22 31 50 -5 40 41 1

0 28 52 49 -17 41 46 40

0 42 73 94 -17 7 45 4

0 9 13 63 -8 22 24 32

0 25 31 97 -12 10 18 5

0 58 61 82 -16 20 31 19

0 18 27 99 -17 5 9 23

0 21 40 26 -15 12 18 7

0 25 60 36 -4 35 37 47

0 38 64 21 -10 10 12 4

0 59 79 20 -1 7 15 33

0 19 25 82 -19 21 23 29

0 48 64 69 -20 10 49 40

0 18 70 10 -6 26 39 39

0 4 77 37 -10 26 31 44

0 21 76 24 -2 16 17 29

0 22 61 13 -14 17 26 6

0 21 66 13 -12 15 24 3

0 22 73 1 -6 29 49 40

0 11 18 19 -19 13 15 5

0 18 41 17 -17 8 34 37

0 16 27 68 -3 22 30 0

0 35 68 20 -11 23 34 20

0 34 46 93 -18 30 39 49

0 1 2 66 -6 19 27 20

0 12 47 46 -6 9 29 32

0 5 80 34 -9 26 27 19

0 11 13 46 -9 38 45 34

0 13 22 36 -16 1 10 25

0 11 59 4 -12 13 34 41

0 25 97 21 -5 22 37 18

0 79 82 55 -2 35 48 44

0 26 52 95 -20 4 20 2

0 8 25 28 -20 7 10 1

0 0 67 87 -14 3 35 8

0 6 13 60 -4 27 35 47

0 19 36 68 -11 1 30 35

0 19 35 1 -11 11 34 9

0 0 1 66 -9 22 23 34

0 58 84 29 -5 34 35 47

0 53 73 36 -15 21 46 17

0 1 49 62 -2 39 40 40

0 2 31 49 -4 4 5 36

0 14 80 13 -3 13 23 12

0 23 83 0 -13 17 20 1

0 13 73 6 -15 7 45 29

0 0 19 2 -15 4 8 12

0 10 11 24 -1 11 30 35

0 7 56 83 -10 12 18 48

0 10 13 31 -18 0 1 45

0 3 49 2 -1 4 9 18

0 12 43 9 -5 19 43 42

0 11 26 85 -7 3 4 43

0 16 25 72 -2 1 23 37

0 2 38 44 -15 2 28 8

0 2 6 77 -12 18 32 31

0 15 17 50 -6 10 23 37

0 0 49 52 -10 1 33 45

0 12 30 83 -4 7 47 17

0 9 31 6 -3 25 46 38

0 21 36 87 -1 2 35 29

0 0 17 10 -6 2 35 12

0 3 52 51 -18 1 11 44

0 12 23 18 -15 0 35 25

0 8 45 2 -2 31 42 42

0 2 10 98 -11 3 13 38

0 6 31 68 -20 8 31 35

0 3 16 13 -16 9 11 42

0 2 5 98 -14 2 5 45

0 2 6 17 -11 20 22 40

0 1 21 75 -2 8 39 44

0 8 9 19 -3 16 46 36

0 0 2 22 -19 1 45 45


SAlphaB: 712.0, std-dev 261.133723145128

Earliest win: 35
Latest win: 81

WinDepth:
0 0 0 0 0 0 0 0 0 0 0 0 0 0 0 0 0 0 0 0 0 0 0 0 0 0 0 0 0 0 0 0 0 0 0 1 0 12 0 2 1 3 7 23 8 10 9 21 37 85 78 172 55 116 111 118 112 209 150 166 142 218 256 374 389 348 447 390 485 406 475 454 476 370 366 352 280 252 156 133 82 67 
SAlphaB:
0 0 0 0 0 0 0 0 0 0 0 0 0 0 0 0 0 0 0 0 0 0 0 0 0 0 0 0 0 0 0 0 0 0 0 1 0 12 0 2 1 3 7 23 8 10 9 21 37 85 78 172 55 116 111 118 112 209 150 166 142 218 256 374 389 348 447 390 485 406 475 454 476 370 366 352 280 252 156 133 82 67 

LossDepth:
SAlphaB:
0 0 0 0 0 0 0 0 0 0 0 0 0 0 0 0 0 0 0 0 0 0 0 0 0 0 0 0 0 0 0 0 0 0 0 1 0 12 0 2 1 3 7 23 8 10 9 21 37 85 78 172 55 116 111 118 112 209 150 166 142 218 256 374 389 348 447 390 485 406 475 454 476 370 366 352 280 252 156 133 82 67 

FirstWin:
0 0 0 0 0 0 0 0 0 0 0 0 0 0 0 0 0 0 0 0 0 0 0 0 0 0 0 0 0 0 0 0 0 0 0 1 0 12 0 2 0 3 0 23 0 10 0 21 0 85 0 172 0 116 0 118 0 209 0 166 0 218 0 374 0 348 0 390 0 406 0 454 0 370 0 352 0 252 0 133 0 67 
SAlphaB:
0 0 0 0 0 0 0 0 0 0 0 0 0 0 0 0 0 0 0 0 0 0 0 0 0 0 0 0 0 0 0 0 0 0 0 1 0 12 0 2 0 3 0 23 0 10 0 21 0 85 0 172 0 116 0 118 0 209 0 166 0 218 0 374 0 348 0 390 0 406 0 454 0 370 0 352 0 252 0 133 0 67 

SecondWin:
0 0 0 0 0 0 0 0 0 0 0 0 0 0 0 0 0 0 0 0 0 0 0 0 0 0 0 0 0 0 0 0 0 0 0 0 0 0 0 0 1 0 7 0 8 0 9 0 37 0 78 0 55 0 111 0 112 0 150 0 142 0 256 0 389 0 447 0 485 0 475 0 476 0 366 0 280 0 156 0 82 0 
SAlphaB:
0 0 0 0 0 0 0 0 0 0 0 0 0 0 0 0 0 0 0 0 0 0 0 0 0 0 0 0 0 0 0 0 0 0 0 0 0 0 0 0 1 0 7 0 8 0 9 0 37 0 78 0 55 0 111 0 112 0 150 0 142 0 256 0 389 0 447 0 485 0 475 0 476 0 366 0 280 0 156 0 82 0 
