0 51 94 53 -7 19 39 46

0 28 93 37 -2 2 5 13

0 83 91 87 -8 4 17 10

0 32 57 63 -8 2 8 29

0 41 96 7 -19 3 4 37

0 65 68 32 -8 5 28 37

0 13 45 79 -7 16 24 15

0 76 97 88 -8 4 32 7

0 55 62 37 -16 6 10 10

0 68 85 44 -19 5 16 13

0 28 33 41 -16 6 15 7

0 29 37 71 -12 0 5 1

0 29 70 41 -2 7 32 19

0 67 84 87 -18 2 39 42

0 26 27 57 -5 3 15 11

0 52 65 77 -8 0 30 16

0 29 73 83 -16 16 41 3

0 30 48 93 -3 8 25 18

0 25 47 86 -19 2 9 11

0 9 92 77 -19 0 2 31

0 32 51 87 -14 23 43 3

0 49 77 46 -14 6 9 42

0 26 73 30 -16 11 27 11

0 11 76 99 -14 7 21 46

0 44 56 78 -7 12 32 30

0 19 83 11 -12 2 6 42

0 39 99 94 -8 2 4 10

0 20 68 14 -4 0 22 40

0 25 27 82 -20 2 23 16

0 11 93 10 -19 5 9 22

0 18 58 82 -18 16 30 42

0 87 94 86 -7 28 36 30

0 0 40 61 -15 9 22 4

0 7 28 69 -14 3 25 3

0 31 68 0 -7 19 39 33

0 2 92 84 -15 0 13 30

0 6 35 99 -9 12 25 21

0 17 28 91 -15 8 33 20

0 18 55 86 -18 4 18 28

0 8 43 98 -9 18 21 27

0 15 67 10 -17 7 17 29

0 40 93 3 -9 24 29 48

0 33 53 82 -7 31 32 10

0 6 38 46 -2 6 11 22

0 46 53 41 -3 12 20 7

0 27 64 98 -11 16 37 32

0 31 65 49 -5 18 23 24

0 16 63 29 -18 17 42 35

0 18 58 50 -13 20 31 38

0 15 45 56 -8 42 47 2

0 47 52 89 -1 26 27 48

0 2 35 39 -11 12 42 32

0 77 82 28 -8 7 12 37

0 11 90 77 -11 9 22 44

0 21 38 17 -10 11 15 6

0 3 40 61 -1 2 33 4

0 17 33 22 -7 28 38 28

0 31 82 90 -17 39 43 46

0 11 15 48 -15 1 17 2

0 34 48 51 -5 8 33 34

0 1 83 1 -20 30 45 18

0 7 23 26 -2 0 6 49

0 12 31 58 -4 17 22 26

0 25 27 20 -12 9 27 30

0 16 22 4 -3 2 14 40

0 10 26 56 -20 22 25 16

0 1 2 64 -5 5 8 9

0 10 19 86 -5 25 29 30

0 29 33 59 -6 6 10 36

0 69 88 25 -11 45 47 22

0 21 26 41 -14 5 8 48

0 15 17 26 -17 34 49 44

0 11 38 44 -7 21 39 42

0 8 40 33 -17 36 46 24

0 51 86 20 -15 22 32 26

0 21 42 65 -9 7 41 32

0 8 14 33 -16 4 41 40

0 11 24 78 -19 2 10 35

0 3 5 70 -14 3 46 49

0 28 51 37 -17 0 49 32

0 7 16 14 -17 1 22 34

0 0 12 28 -19 22 34 22

0 7 46 96 -2 14 49 47

0 19 54 53 -9 25 30 41

0 34 38 74 -15 1 42 47

0 17 28 62 -1 0 1 45

0 6 11 76 -2 23 42 33

0 4 5 23 -17 3 43 36

0 38 49 49 -1 9 41 42

0 7 53 59 -1 6 7 38

0 1 6 80 -8 10 48 2

0 1 5 37 -9 11 12 3

0 5 29 35 -11 1 10 35

0 8 30 64 -12 3 17 49

0 3 11 54 -12 21 45 48

0 19 29 57 -19 12 15 32

0 6 11 92 -9 13 30 49

0 0 5 87 -3 3 30 39

0 1 2 74 -13 2 18 36

0 5 18 25 -12 17 25 41


SAlphaB: 720.0, std-dev 252.61034212695043

Earliest win: 37
Latest win: 81

WinDepth:
0 0 0 0 0 0 0 0 0 0 0 0 0 0 0 0 0 0 0 0 0 0 0 0 0 0 0 0 0 0 0 0 0 0 0 0 0 3 0 2 12 4 3 7 16 21 15 26 22 62 78 156 61 90 87 180 136 204 153 170 195 201 266 354 338 396 410 353 458 370 523 477 447 350 381 391 258 215 179 126 97 62 
SAlphaB:
0 0 0 0 0 0 0 0 0 0 0 0 0 0 0 0 0 0 0 0 0 0 0 0 0 0 0 0 0 0 0 0 0 0 0 0 0 3 0 2 12 4 3 7 16 21 15 26 22 62 78 156 61 90 87 180 136 204 153 170 195 201 266 354 338 396 410 353 458 370 523 477 447 350 381 391 258 215 179 126 97 62 

LossDepth:
SAlphaB:
0 0 0 0 0 0 0 0 0 0 0 0 0 0 0 0 0 0 0 0 0 0 0 0 0 0 0 0 0 0 0 0 0 0 0 0 0 3 0 2 12 4 3 7 16 21 15 26 22 62 78 156 61 90 87 180 136 204 153 170 195 201 266 354 338 396 410 353 458 370 523 477 447 350 381 391 258 215 179 126 97 62 

FirstWin:
0 0 0 0 0 0 0 0 0 0 0 0 0 0 0 0 0 0 0 0 0 0 0 0 0 0 0 0 0 0 0 0 0 0 0 0 0 3 0 2 0 4 0 7 0 21 0 26 0 62 0 156 0 90 0 180 0 204 0 170 0 201 0 354 0 396 0 353 0 370 0 477 0 350 0 391 0 215 0 126 0 62 
SAlphaB:
0 0 0 0 0 0 0 0 0 0 0 0 0 0 0 0 0 0 0 0 0 0 0 0 0 0 0 0 0 0 0 0 0 0 0 0 0 3 0 2 0 4 0 7 0 21 0 26 0 62 0 156 0 90 0 180 0 204 0 170 0 201 0 354 0 396 0 353 0 370 0 477 0 350 0 391 0 215 0 126 0 62 

SecondWin:
0 0 0 0 0 0 0 0 0 0 0 0 0 0 0 0 0 0 0 0 0 0 0 0 0 0 0 0 0 0 0 0 0 0 0 0 0 0 0 0 12 0 3 0 16 0 15 0 22 0 78 0 61 0 87 0 136 0 153 0 195 0 266 0 338 0 410 0 458 0 523 0 447 0 381 0 258 0 179 0 97 0 
SAlphaB:
0 0 0 0 0 0 0 0 0 0 0 0 0 0 0 0 0 0 0 0 0 0 0 0 0 0 0 0 0 0 0 0 0 0 0 0 0 0 0 0 12 0 3 0 16 0 15 0 22 0 78 0 61 0 87 0 136 0 153 0 195 0 266 0 338 0 410 0 458 0 523 0 447 0 381 0 258 0 179 0 97 0 
