0 64 96 78 -16 9 44 49

0 70 83 5 -18 4 17 0

0 29 72 19 -2 2 13 17

0 30 94 34 -1 0 20 10

0 37 71 37 -9 2 16 37

0 40 66 36 -10 8 15 18

0 13 70 48 -15 0 5 22

0 71 95 57 -8 23 48 38

0 82 96 77 -19 2 14 33

0 46 65 27 -5 11 20 21

0 72 82 32 -8 3 8 15

0 47 68 72 -14 6 31 39

0 55 58 96 -1 6 13 25

0 72 75 18 -7 15 28 2

0 21 32 29 -16 38 41 5

0 24 45 45 -2 4 12 29

0 20 77 4 -7 3 19 37

0 30 71 56 -18 8 10 16

0 73 87 55 -13 19 32 15

0 45 82 67 -12 11 32 17

0 80 94 19 -14 3 9 46

0 22 64 23 -8 16 29 17

0 9 85 33 -13 10 28 4

0 53 96 16 -5 13 18 42

0 25 36 15 -10 25 27 24

0 25 30 92 -13 2 12 26

0 76 92 30 -1 17 28 18

0 52 57 38 -14 0 1 19

0 41 51 70 -2 37 39 19

0 40 90 51 -6 9 20 46

0 15 92 28 -17 12 27 17

0 40 59 51 -10 0 8 35

0 0 99 37 -5 15 39 0

0 32 99 5 -20 1 48 21

0 17 21 76 -12 10 18 37

0 77 95 68 -10 7 12 26

0 16 28 27 -1 14 20 13

0 13 51 44 -11 37 45 8

0 6 49 93 -7 9 17 7

0 63 87 23 -12 0 1 29

0 11 64 54 -16 12 40 11

0 81 89 78 -8 1 4 24

0 38 79 61 -5 18 28 31

0 27 91 5 -17 11 14 29

0 31 41 56 -7 19 26 18

0 35 37 60 -4 0 2 16

0 10 61 42 -17 10 21 27

0 14 42 88 -2 31 46 9

0 17 45 95 -9 8 26 44

0 1 72 21 -15 9 23 22

0 9 78 98 -20 1 9 16

0 55 66 12 -2 22 35 9

0 11 68 15 -1 6 24 7

0 25 27 82 -4 1 28 23

0 20 42 4 -10 11 23 18

0 28 42 32 -20 4 44 44

0 7 10 63 -10 31 32 2

0 15 28 35 -3 27 39 32

0 28 31 57 -5 10 29 45

0 8 14 14 -17 0 5 11

0 6 59 64 -6 18 20 3

0 25 39 53 -14 20 32 36

0 12 15 65 -17 0 1 39

0 4 8 61 -11 5 6 4

0 16 37 98 -1 2 14 43

0 45 53 5 -12 32 42 15

0 26 27 33 -18 8 24 36

0 16 40 27 -19 1 5 14

0 22 29 88 -20 9 29 47

0 1 69 17 -18 17 44 7

0 3 45 15 -2 11 14 44

0 42 58 21 -10 20 21 44

0 15 37 85 -16 12 19 28

0 20 61 35 -20 20 23 44

0 5 54 21 -9 26 45 32

0 1 30 31 -9 0 3 21

0 17 29 25 -11 1 13 0

0 11 22 47 -6 1 31 4

0 0 2 45 -2 10 13 7

0 65 92 19 -7 38 49 3

0 6 56 47 -20 3 30 37

0 1 2 95 -5 14 24 26

0 11 50 22 -18 17 28 35

0 15 16 3 -16 5 26 2

0 16 91 4 -14 11 49 6

0 26 31 62 -2 7 45 17

0 1 43 98 -10 0 3 42

0 0 17 15 -8 20 47 13

0 4 5 57 -13 15 34 17

0 18 22 88 -18 4 42 40

0 6 39 87 -2 1 18 17

0 6 9 45 -9 10 34 23

0 10 28 37 -2 8 36 11

0 23 31 2 -11 13 25 48

0 16 31 66 -5 2 37 29

0 1 13 81 -17 6 32 45

0 14 20 45 -7 4 49 3

0 2 3 67 -3 2 4 31

0 3 29 75 -4 3 14 35

0 1 8 4 -4 1 36 41


SAlphaB: 720.0, std-dev 256.9439420251708

Earliest win: 37
Latest win: 81

WinDepth:
0 0 0 0 0 0 0 0 0 0 0 0 0 0 0 0 0 0 0 0 0 0 0 0 0 0 0 0 0 0 0 0 0 0 0 0 0 1 0 0 12 5 2 17 10 22 17 58 27 46 58 114 91 116 100 202 135 172 139 186 174 243 269 333 338 380 415 397 481 398 436 460 409 388 386 357 290 228 187 147 122 88 
SAlphaB:
0 0 0 0 0 0 0 0 0 0 0 0 0 0 0 0 0 0 0 0 0 0 0 0 0 0 0 0 0 0 0 0 0 0 0 0 0 1 0 0 12 5 2 17 10 22 17 58 27 46 58 114 91 116 100 202 135 172 139 186 174 243 269 333 338 380 415 397 481 398 436 460 409 388 386 357 290 228 187 147 122 88 

LossDepth:
SAlphaB:
0 0 0 0 0 0 0 0 0 0 0 0 0 0 0 0 0 0 0 0 0 0 0 0 0 0 0 0 0 0 0 0 0 0 0 0 0 1 0 0 12 5 2 17 10 22 17 58 27 46 58 114 91 116 100 202 135 172 139 186 174 243 269 333 338 380 415 397 481 398 436 460 409 388 386 357 290 228 187 147 122 88 

FirstWin:
0 0 0 0 0 0 0 0 0 0 0 0 0 0 0 0 0 0 0 0 0 0 0 0 0 0 0 0 0 0 0 0 0 0 0 0 0 1 0 0 0 5 0 17 0 22 0 58 0 46 0 114 0 116 0 202 0 172 0 186 0 243 0 333 0 380 0 397 0 398 0 460 0 388 0 357 0 228 0 147 0 88 
SAlphaB:
0 0 0 0 0 0 0 0 0 0 0 0 0 0 0 0 0 0 0 0 0 0 0 0 0 0 0 0 0 0 0 0 0 0 0 0 0 1 0 0 0 5 0 17 0 22 0 58 0 46 0 114 0 116 0 202 0 172 0 186 0 243 0 333 0 380 0 397 0 398 0 460 0 388 0 357 0 228 0 147 0 88 

SecondWin:
0 0 0 0 0 0 0 0 0 0 0 0 0 0 0 0 0 0 0 0 0 0 0 0 0 0 0 0 0 0 0 0 0 0 0 0 0 0 0 0 12 0 2 0 10 0 17 0 27 0 58 0 91 0 100 0 135 0 139 0 174 0 269 0 338 0 415 0 481 0 436 0 409 0 386 0 290 0 187 0 122 0 
SAlphaB:
0 0 0 0 0 0 0 0 0 0 0 0 0 0 0 0 0 0 0 0 0 0 0 0 0 0 0 0 0 0 0 0 0 0 0 0 0 0 0 0 12 0 2 0 10 0 17 0 27 0 58 0 91 0 100 0 135 0 139 0 174 0 269 0 338 0 415 0 481 0 436 0 409 0 386 0 290 0 187 0 122 0 
