0 40 74 33 -5 6 16 14

0 91 95 91 -14 12 30 8

0 70 77 91 -4 8 35 10

0 22 99 28 -7 1 13 4

0 20 37 72 -7 4 5 2

0 23 88 7 -9 0 15 2

0 81 85 24 -19 2 7 37

0 15 29 58 -13 0 3 17

0 41 62 78 -13 26 42 7

0 49 85 92 -16 2 30 33

0 52 94 94 -7 13 27 25

0 27 55 87 -11 5 9 1

0 84 93 44 -16 27 48 24

0 30 76 60 -17 3 5 3

0 68 80 36 -18 9 35 32

0 20 71 0 -6 6 9 12

0 77 88 17 -15 4 33 27

0 82 85 61 -20 1 2 40

0 53 54 72 -20 3 6 22

0 44 51 0 -20 6 13 6

0 2 62 70 -5 24 48 6

0 22 57 79 -5 5 19 24

0 1 59 86 -16 7 12 0

0 26 27 92 -8 40 44 3

0 70 93 29 -19 17 44 35

0 54 81 18 -10 13 15 23

0 39 55 59 -12 11 46 27

0 46 55 83 -17 12 24 37

0 84 99 14 -19 22 32 43

0 10 50 58 -20 10 22 32

0 35 98 12 -14 9 10 5

0 36 51 28 -15 4 12 30

0 28 84 88 -4 1 4 41

0 26 38 82 -2 4 10 26

0 22 68 45 -17 19 45 37

0 41 93 0 -15 11 22 17

0 4 50 92 -15 16 25 32

0 28 72 41 -9 38 49 32

0 12 75 86 -10 3 21 8

0 1 17 86 -10 5 16 15

0 69 84 22 -11 2 12 8

0 10 21 84 -11 15 18 16

0 11 97 85 -18 13 14 26

0 41 72 20 -19 11 45 5

0 20 29 22 -7 10 15 33

0 20 75 54 -8 3 44 19

0 67 80 47 -4 11 17 29

0 48 51 18 -2 9 10 17

0 4 68 96 -2 10 23 37

0 10 16 79 -2 3 4 17

0 58 72 40 -16 27 32 18

0 24 49 78 -11 16 42 24

0 81 94 67 -12 15 18 49

0 8 21 36 -10 5 33 7

0 7 76 87 -1 2 16 13

0 22 25 13 -16 0 17 31

0 19 25 54 -2 24 49 6

0 6 50 44 -7 15 22 33

0 6 10 73 -2 6 10 38

0 24 87 65 -17 4 25 1

0 25 50 63 -5 9 45 16

0 6 33 58 -1 18 23 20

0 56 70 44 -3 25 33 12

0 12 90 20 -5 10 30 26

0 3 23 22 -15 20 28 18

0 4 83 40 -13 16 25 20

0 43 44 97 -10 3 46 37

0 17 26 32 -9 12 34 29

0 19 31 91 -3 2 20 24

0 12 33 25 -11 28 47 19

0 5 44 53 -14 1 26 24

0 3 6 91 -7 18 22 24

0 5 6 89 -3 18 20 37

0 42 83 32 -15 42 47 43

0 46 62 26 -15 27 38 31

0 10 16 41 -12 6 36 9

0 18 49 57 -4 14 47 13

0 28 54 50 -2 27 48 47

0 9 15 71 -1 28 33 27

0 11 85 88 -6 17 20 48

0 3 11 20 -16 14 25 17

0 6 10 22 -11 2 3 23

0 5 10 2 -8 10 12 15

0 9 11 81 -14 38 48 8

0 2 11 78 -13 6 27 25

0 0 27 51 -20 8 20 4

0 26 43 16 -10 4 35 40

0 31 39 12 -8 24 39 38

0 16 44 19 -15 6 14 45

0 0 1 32 -16 7 45 17

0 0 1 10 -15 18 22 1

0 12 13 88 -10 14 34 43

0 0 2 28 -5 16 40 46

0 6 76 5 -3 20 21 49

0 14 34 6 -17 32 47 10

0 12 20 85 -18 21 33 34

0 0 2 33 -14 0 10 36

0 6 7 71 -12 4 13 41

0 5 23 46 -17 12 23 25

0 4 7 74 -20 30 41 10


SAlphaB: 694.0, std-dev 265.87030748852044

Earliest win: 35
Latest win: 81

WinDepth:
0 0 0 0 0 0 0 0 0 0 0 0 0 0 0 0 0 0 0 0 0 0 0 0 0 0 0 0 0 0 0 0 0 0 0 1 0 5 1 5 0 6 21 25 10 21 7 39 19 60 44 176 72 111 79 147 122 172 172 198 184 233 239 287 321 346 397 392 501 367 463 416 471 440 375 370 293 251 187 129 103 76 
SAlphaB:
0 0 0 0 0 0 0 0 0 0 0 0 0 0 0 0 0 0 0 0 0 0 0 0 0 0 0 0 0 0 0 0 0 0 0 1 0 5 1 5 0 6 21 25 10 21 7 39 19 60 44 176 72 111 79 147 122 172 172 198 184 233 239 287 321 346 397 392 501 367 463 416 471 440 375 370 293 251 187 129 103 76 

LossDepth:
SAlphaB:
0 0 0 0 0 0 0 0 0 0 0 0 0 0 0 0 0 0 0 0 0 0 0 0 0 0 0 0 0 0 0 0 0 0 0 1 0 5 1 5 0 6 21 25 10 21 7 39 19 60 44 176 72 111 79 147 122 172 172 198 184 233 239 287 321 346 397 392 501 367 463 416 471 440 375 370 293 251 187 129 103 76 

FirstWin:
0 0 0 0 0 0 0 0 0 0 0 0 0 0 0 0 0 0 0 0 0 0 0 0 0 0 0 0 0 0 0 0 0 0 0 1 0 5 0 5 0 6 0 25 0 21 0 39 0 60 0 176 0 111 0 147 0 172 0 198 0 233 0 287 0 346 0 392 0 367 0 416 0 440 0 370 0 251 0 129 0 76 
SAlphaB:
0 0 0 0 0 0 0 0 0 0 0 0 0 0 0 0 0 0 0 0 0 0 0 0 0 0 0 0 0 0 0 0 0 0 0 1 0 5 0 5 0 6 0 25 0 21 0 39 0 60 0 176 0 111 0 147 0 172 0 198 0 233 0 287 0 346 0 392 0 367 0 416 0 440 0 370 0 251 0 129 0 76 

SecondWin:
0 0 0 0 0 0 0 0 0 0 0 0 0 0 0 0 0 0 0 0 0 0 0 0 0 0 0 0 0 0 0 0 0 0 0 0 0 0 1 0 0 0 21 0 10 0 7 0 19 0 44 0 72 0 79 0 122 0 172 0 184 0 239 0 321 0 397 0 501 0 463 0 471 0 375 0 293 0 187 0 103 0 
SAlphaB:
0 0 0 0 0 0 0 0 0 0 0 0 0 0 0 0 0 0 0 0 0 0 0 0 0 0 0 0 0 0 0 0 0 0 0 0 0 0 1 0 0 0 21 0 10 0 7 0 19 0 44 0 72 0 79 0 122 0 172 0 184 0 239 0 321 0 397 0 501 0 463 0 471 0 375 0 293 0 187 0 103 0 
