0 19 79 93 -18 21 45 3

0 51 91 82 -1 5 17 24

0 15 47 21 -8 1 7 2

0 42 69 32 -3 12 23 13

0 65 93 47 -12 11 38 18

0 29 73 88 -10 24 46 9

0 8 31 84 -4 5 10 0

0 22 23 64 -16 14 22 9

0 53 67 68 -9 10 27 8

0 45 46 25 -5 12 31 4

0 41 68 89 -8 1 9 38

0 21 69 67 -3 28 41 29

0 24 81 57 -1 9 19 12

0 48 80 79 -11 5 7 14

0 76 83 88 -20 7 10 16

0 18 71 50 -20 0 8 49

0 27 82 42 -7 3 22 46

0 32 82 36 -1 2 3 8

0 51 78 68 -12 18 43 26

0 23 39 94 -8 10 27 49

0 25 85 88 -14 1 6 44

0 72 86 85 -18 23 33 14

0 39 70 70 -20 4 29 25

0 12 30 36 -3 5 10 19

0 35 47 84 -6 3 13 39

0 20 38 95 -17 10 27 38

0 58 98 97 -3 23 35 29

0 18 38 76 -13 33 34 14

0 33 66 51 -12 10 42 25

0 29 36 5 -20 3 36 37

0 16 42 94 -19 24 44 36

0 25 42 96 -20 32 40 25

0 47 69 61 -5 17 24 40

0 44 49 58 -13 7 34 24

0 9 82 24 -20 2 4 30

0 14 25 27 -11 13 15 14

0 8 32 12 -16 6 18 16

0 24 40 3 -13 8 12 2

0 17 80 89 -17 7 32 37

0 8 20 49 -17 28 37 26

0 49 52 42 -20 7 49 21

0 32 34 53 -15 18 30 25

0 17 60 53 -12 29 39 36

0 5 30 88 -4 4 7 43

0 4 7 47 -16 0 6 28

0 41 58 24 -16 10 11 29

0 67 93 56 -12 1 13 0

0 1 38 25 -11 5 11 20

0 12 51 27 -2 8 9 23

0 70 73 2 -17 39 43 43

0 39 67 30 -1 34 35 47

0 56 58 86 -7 45 46 2

0 12 13 63 -15 13 31 24

0 19 35 23 -4 12 23 13

0 4 8 93 -16 4 29 41

0 23 43 48 -16 0 31 3

0 25 51 88 -12 35 45 14

0 94 97 29 -2 3 38 31

0 2 29 85 -5 16 35 40

0 75 85 12 -14 36 48 5

0 86 89 94 -15 0 5 49

0 56 76 4 -15 29 31 21

0 4 31 19 -8 18 22 17

0 31 36 91 -19 1 22 41

0 3 88 56 -20 2 4 42

0 6 10 53 -3 12 25 21

0 11 12 10 -8 8 18 13

0 37 74 2 -6 35 48 47

0 1 32 1 -14 14 20 10

0 11 31 8 -3 26 29 2

0 15 45 71 -7 21 39 41

0 2 20 75 -4 8 49 12

0 1 9 47 -17 21 23 35

0 9 21 59 -15 6 8 40

0 33 40 7 -3 18 39 15

0 25 29 78 -7 24 25 49

0 14 19 93 -12 11 42 8

0 13 59 72 -11 2 45 8

0 16 29 56 -6 10 14 32

0 1 2 56 -2 29 30 45

0 1 25 46 -10 25 28 5

0 3 9 86 -4 9 11 36

0 8 21 25 -8 10 49 37

0 17 26 28 -13 10 16 26

0 2 37 13 -14 18 48 38

0 0 1 36 -10 2 25 8

0 22 25 4 -2 19 48 43

0 0 1 18 -14 6 23 20

0 7 8 2 -3 6 12 27

0 5 11 41 -5 4 28 1

0 0 1 61 -8 19 49 30

0 19 23 89 -10 4 33 36

0 1 3 8 -2 2 7 8

0 6 29 71 -14 30 46 8

0 5 7 24 -2 1 24 17

0 3 9 37 -2 0 5 48

0 5 6 2 -13 17 30 37

0 6 11 64 -3 6 47 35

0 5 7 0 -6 6 18 40

0 1 9 65 -1 4 19 49


SAlphaB: 698.0, std-dev 260.7382253750247

Earliest win: 37
Latest win: 81

WinDepth:
0 0 0 0 0 0 0 0 0 0 0 0 0 0 0 0 0 0 0 0 0 0 0 0 0 0 0 0 0 0 0 0 0 0 0 0 0 6 0 5 17 12 2 4 10 5 7 18 18 94 74 287 75 124 93 127 127 134 154 172 150 229 299 347 331 350 470 362 515 423 540 388 454 374 385 331 242 201 193 112 96 67 
SAlphaB:
0 0 0 0 0 0 0 0 0 0 0 0 0 0 0 0 0 0 0 0 0 0 0 0 0 0 0 0 0 0 0 0 0 0 0 0 0 6 0 5 17 12 2 4 10 5 7 18 18 94 74 287 75 124 93 127 127 134 154 172 150 229 299 347 331 350 470 362 515 423 540 388 454 374 385 331 242 201 193 112 96 67 

LossDepth:
SAlphaB:
0 0 0 0 0 0 0 0 0 0 0 0 0 0 0 0 0 0 0 0 0 0 0 0 0 0 0 0 0 0 0 0 0 0 0 0 0 6 0 5 17 12 2 4 10 5 7 18 18 94 74 287 75 124 93 127 127 134 154 172 150 229 299 347 331 350 470 362 515 423 540 388 454 374 385 331 242 201 193 112 96 67 

FirstWin:
0 0 0 0 0 0 0 0 0 0 0 0 0 0 0 0 0 0 0 0 0 0 0 0 0 0 0 0 0 0 0 0 0 0 0 0 0 6 0 5 0 12 0 4 0 5 0 18 0 94 0 287 0 124 0 127 0 134 0 172 0 229 0 347 0 350 0 362 0 423 0 388 0 374 0 331 0 201 0 112 0 67 
SAlphaB:
0 0 0 0 0 0 0 0 0 0 0 0 0 0 0 0 0 0 0 0 0 0 0 0 0 0 0 0 0 0 0 0 0 0 0 0 0 6 0 5 0 12 0 4 0 5 0 18 0 94 0 287 0 124 0 127 0 134 0 172 0 229 0 347 0 350 0 362 0 423 0 388 0 374 0 331 0 201 0 112 0 67 

SecondWin:
0 0 0 0 0 0 0 0 0 0 0 0 0 0 0 0 0 0 0 0 0 0 0 0 0 0 0 0 0 0 0 0 0 0 0 0 0 0 0 0 17 0 2 0 10 0 7 0 18 0 74 0 75 0 93 0 127 0 154 0 150 0 299 0 331 0 470 0 515 0 540 0 454 0 385 0 242 0 193 0 96 0 
SAlphaB:
0 0 0 0 0 0 0 0 0 0 0 0 0 0 0 0 0 0 0 0 0 0 0 0 0 0 0 0 0 0 0 0 0 0 0 0 0 0 0 0 17 0 2 0 10 0 7 0 18 0 74 0 75 0 93 0 127 0 154 0 150 0 299 0 331 0 470 0 515 0 540 0 454 0 385 0 242 0 193 0 96 0 
