0 4 25 70 -5 7 12 16

0 8 64 29 -9 17 35 6

0 35 99 37 -3 13 20 3

0 44 85 26 -12 3 8 7

0 66 96 41 -11 6 25 28

0 65 96 53 -12 1 4 12

0 66 70 90 -19 0 17 1

0 14 66 50 -8 1 6 6

0 47 68 94 -20 2 8 24

0 40 57 2 -3 8 23 44

0 62 88 86 -8 8 13 16

0 48 95 87 -14 5 25 33

0 58 69 31 -12 10 28 22

0 26 81 0 -15 42 49 36

0 64 75 35 -17 1 23 11

0 45 70 86 -20 3 34 19

0 55 98 72 -7 13 46 23

0 58 99 49 -6 1 3 6

0 42 86 48 -16 15 27 34

0 33 59 40 -15 3 6 28

0 23 97 28 -4 9 17 25

0 44 55 65 -4 7 14 3

0 65 94 30 -19 9 12 47

0 40 63 69 -7 12 31 38

0 47 49 38 -19 9 12 14

0 90 93 82 -17 9 16 39

0 17 33 83 -3 15 41 24

0 78 99 97 -2 13 17 47

0 20 67 14 -13 8 22 45

0 55 81 66 -13 16 40 40

0 13 53 66 -17 1 2 32

0 32 45 97 -2 10 20 48

0 9 84 48 -3 1 5 18

0 68 70 20 -9 9 18 29

0 6 81 40 -7 23 32 13

0 10 36 75 -9 4 5 42

0 0 44 81 -6 31 32 37

0 81 90 44 -7 23 27 45

0 60 76 35 -7 26 37 47

0 51 87 52 -17 5 49 2

0 32 35 42 -11 26 31 1

0 45 52 50 -17 21 39 26

0 14 53 46 -19 11 21 1

0 72 88 87 -8 1 6 19

0 2 51 89 -17 16 44 46

0 51 71 56 -20 4 33 7

0 17 84 87 -14 5 45 45

0 7 97 6 -7 4 14 48

0 13 27 88 -18 0 2 37

0 28 75 74 -6 1 2 40

0 15 33 10 -15 11 32 20

0 11 27 19 -13 23 24 13

0 32 96 59 -19 8 30 29

0 74 97 87 -1 13 14 44

0 16 98 7 -19 8 16 23

0 75 84 24 -15 7 47 35

0 44 62 18 -19 38 46 23

0 47 78 95 -15 36 38 21

0 14 19 74 -8 32 43 43

0 23 37 18 -15 0 4 41

0 41 69 4 -14 1 34 6

0 25 52 92 -3 2 7 47

0 3 94 18 -15 6 10 28

0 20 79 10 -4 6 34 21

0 42 70 39 -8 14 16 45

0 27 32 91 -7 11 13 45

0 66 84 13 -10 28 31 24

0 30 32 96 -14 3 23 34

0 25 26 8 -15 31 35 33

0 24 76 21 -17 16 27 8

0 4 41 45 -17 10 27 47

0 5 16 57 -8 21 24 3

0 17 73 91 -20 2 42 18

0 19 30 47 -3 11 38 12

0 56 74 45 -10 24 46 1

0 0 6 29 -19 1 3 13

0 15 17 54 -19 2 20 44

0 20 36 42 -9 17 19 39

0 10 12 65 -13 12 27 3

0 27 43 0 -8 5 42 31

0 14 15 28 -16 0 13 11

0 5 40 85 -14 1 31 34

0 2 17 65 -4 3 6 44

0 2 3 23 -11 18 37 23

0 1 3 66 -16 28 44 30

0 7 15 16 -17 7 16 4

0 2 12 31 -13 14 48 10

0 3 15 50 -13 20 43 48

0 0 72 67 -3 3 25 47

0 5 8 69 -13 3 5 35

0 6 29 51 -15 13 15 25

0 11 37 36 -7 15 16 30

0 3 9 36 -13 1 18 15

0 0 15 29 -1 30 32 24

0 0 1 45 -8 1 23 27

0 0 2 66 -11 15 43 2

0 14 33 44 -1 21 25 44

0 1 3 60 -4 12 39 1

0 0 1 17 -14 0 1 40

0 4 6 1 -9 38 44 4


SAlphaB: 700.0, std-dev 260.67677652253917

Earliest win: 35
Latest win: 81

WinDepth:
0 0 0 0 0 0 0 0 0 0 0 0 0 0 0 0 0 0 0 0 0 0 0 0 0 0 0 0 0 0 0 0 0 0 0 2 0 3 1 12 3 6 6 15 7 14 18 28 16 56 47 161 68 104 98 232 126 171 124 193 142 267 224 305 328 387 359 396 432 407 427 454 426 392 386 379 252 251 213 150 110 94 
SAlphaB:
0 0 0 0 0 0 0 0 0 0 0 0 0 0 0 0 0 0 0 0 0 0 0 0 0 0 0 0 0 0 0 0 0 0 0 2 0 3 1 12 3 6 6 15 7 14 18 28 16 56 47 161 68 104 98 232 126 171 124 193 142 267 224 305 328 387 359 396 432 407 427 454 426 392 386 379 252 251 213 150 110 94 

LossDepth:
SAlphaB:
0 0 0 0 0 0 0 0 0 0 0 0 0 0 0 0 0 0 0 0 0 0 0 0 0 0 0 0 0 0 0 0 0 0 0 2 0 3 1 12 3 6 6 15 7 14 18 28 16 56 47 161 68 104 98 232 126 171 124 193 142 267 224 305 328 387 359 396 432 407 427 454 426 392 386 379 252 251 213 150 110 94 

FirstWin:
0 0 0 0 0 0 0 0 0 0 0 0 0 0 0 0 0 0 0 0 0 0 0 0 0 0 0 0 0 0 0 0 0 0 0 2 0 3 0 12 0 6 0 15 0 14 0 28 0 56 0 161 0 104 0 232 0 171 0 193 0 267 0 305 0 387 0 396 0 407 0 454 0 392 0 379 0 251 0 150 0 94 
SAlphaB:
0 0 0 0 0 0 0 0 0 0 0 0 0 0 0 0 0 0 0 0 0 0 0 0 0 0 0 0 0 0 0 0 0 0 0 2 0 3 0 12 0 6 0 15 0 14 0 28 0 56 0 161 0 104 0 232 0 171 0 193 0 267 0 305 0 387 0 396 0 407 0 454 0 392 0 379 0 251 0 150 0 94 

SecondWin:
0 0 0 0 0 0 0 0 0 0 0 0 0 0 0 0 0 0 0 0 0 0 0 0 0 0 0 0 0 0 0 0 0 0 0 0 0 0 1 0 3 0 6 0 7 0 18 0 16 0 47 0 68 0 98 0 126 0 124 0 142 0 224 0 328 0 359 0 432 0 427 0 426 0 386 0 252 0 213 0 110 0 
SAlphaB:
0 0 0 0 0 0 0 0 0 0 0 0 0 0 0 0 0 0 0 0 0 0 0 0 0 0 0 0 0 0 0 0 0 0 0 0 0 0 1 0 3 0 6 0 7 0 18 0 16 0 47 0 68 0 98 0 126 0 124 0 142 0 224 0 328 0 359 0 432 0 427 0 426 0 386 0 252 0 213 0 110 0 
