0 15 67 75 -16 0 5 7

0 80 94 16 -4 5 46 17

0 29 84 6 -18 5 14 9

0 61 82 76 -10 1 20 6

0 53 72 33 -12 1 10 9

0 12 60 83 -3 1 2 0

0 92 99 48 -15 2 40 39

0 13 86 72 -10 9 18 21

0 58 87 78 -9 2 37 9

0 3 68 82 -17 0 3 8

0 63 84 37 -15 13 30 16

0 26 74 75 -14 23 41 6

0 8 84 28 -15 18 43 15

0 14 49 49 -11 16 43 22

0 42 65 57 -10 6 14 47

0 47 69 15 -3 10 45 5

0 36 63 73 -16 17 35 17

0 45 92 36 -12 7 34 39

0 29 53 82 -3 14 20 40

0 2 32 95 -12 14 21 12

0 18 24 43 -8 3 11 12

0 25 45 8 -15 31 49 13

0 32 59 77 -3 13 26 16

0 14 78 58 -12 0 6 36

0 13 94 98 -9 10 26 34

0 40 91 76 -4 1 4 8

0 61 63 0 -14 3 5 6

0 18 21 93 -7 22 32 31

0 43 49 83 -5 14 17 48

0 18 65 30 -1 9 34 20

0 44 55 65 -8 29 32 18

0 62 83 13 -15 1 2 1

0 10 44 74 -10 20 45 39

0 0 63 49 -14 7 8 28

0 15 23 97 -16 7 18 29

0 35 71 68 -7 0 4 16

0 7 19 88 -7 9 14 13

0 35 72 53 -12 26 49 25

0 68 71 97 -14 21 27 17

0 54 66 25 -1 16 18 45

0 25 66 82 -5 12 16 17

0 1 82 11 -19 20 26 12

0 21 38 27 -12 3 22 1

0 39 41 71 -3 0 19 8

0 88 98 44 -8 1 5 33

0 58 95 38 -13 2 13 35

0 13 34 97 -9 7 29 25

0 16 75 94 -12 27 32 40

0 17 73 65 -18 28 31 6

0 22 44 18 -9 9 48 30

0 1 13 66 -20 1 4 11

0 0 8 77 -2 25 29 36

0 8 43 97 -6 10 13 4

0 1 67 81 -12 0 5 49

0 11 97 11 -1 0 6 30

0 1 52 24 -14 25 29 44

0 14 71 8 -17 4 11 42

0 68 89 3 -11 17 24 34

0 27 33 40 -2 15 28 9

0 3 50 8 -3 10 11 18

0 16 63 67 -4 24 29 39

0 6 54 28 -18 0 7 46

0 27 86 89 -7 18 39 41

0 42 60 2 -3 19 36 19

0 39 45 33 -1 4 7 30

0 4 61 42 -15 1 23 21

0 9 21 23 -6 32 39 30

0 33 51 41 -14 34 35 40

0 4 55 15 -7 14 20 46

0 27 35 70 -19 2 11 0

0 10 23 36 -18 16 36 45

0 15 16 29 -18 2 36 44

0 6 14 81 -9 10 17 20

0 1 27 49 -15 12 26 1

0 13 15 27 -8 0 19 19

0 22 34 94 -8 15 19 44

0 35 70 13 -19 21 28 8

0 30 38 94 -13 17 36 13

0 5 13 96 -5 5 41 40

0 11 13 40 -10 15 43 14

0 2 15 65 -7 6 8 21

0 69 97 20 -9 0 3 44

0 25 35 97 -4 16 21 38

0 20 25 75 -7 14 22 22

0 8 29 62 -14 19 29 45

0 0 11 22 -6 5 28 30

0 13 15 72 -7 4 16 28

0 1 7 69 -8 3 27 1

0 1 6 86 -4 9 24 35

0 0 2 35 -6 3 33 18

0 36 38 23 -9 25 42 42

0 0 17 47 -9 9 49 21

0 0 6 3 -17 1 23 18

0 1 8 82 -7 9 44 0

0 3 21 74 -7 26 37 48

0 0 3 78 -3 0 1 35

0 7 10 86 -10 45 49 0

0 7 32 23 -14 18 36 31

0 7 15 49 -5 0 13 46

0 0 5 67 -3 9 11 49


SAlphaB: 712.0, std-dev 250.76073015502007

Earliest win: 37
Latest win: 81

WinDepth:
0 0 0 0 0 0 0 0 0 0 0 0 0 0 0 0 0 0 0 0 0 0 0 0 0 0 0 0 0 0 0 0 0 0 0 0 0 1 1 2 0 3 5 8 8 18 9 50 12 91 72 217 54 142 89 165 115 168 145 163 171 214 257 382 348 354 416 416 440 443 413 463 461 386 380 344 264 246 192 128 90 65 
SAlphaB:
0 0 0 0 0 0 0 0 0 0 0 0 0 0 0 0 0 0 0 0 0 0 0 0 0 0 0 0 0 0 0 0 0 0 0 0 0 1 1 2 0 3 5 8 8 18 9 50 12 91 72 217 54 142 89 165 115 168 145 163 171 214 257 382 348 354 416 416 440 443 413 463 461 386 380 344 264 246 192 128 90 65 

LossDepth:
SAlphaB:
0 0 0 0 0 0 0 0 0 0 0 0 0 0 0 0 0 0 0 0 0 0 0 0 0 0 0 0 0 0 0 0 0 0 0 0 0 1 1 2 0 3 5 8 8 18 9 50 12 91 72 217 54 142 89 165 115 168 145 163 171 214 257 382 348 354 416 416 440 443 413 463 461 386 380 344 264 246 192 128 90 65 

FirstWin:
0 0 0 0 0 0 0 0 0 0 0 0 0 0 0 0 0 0 0 0 0 0 0 0 0 0 0 0 0 0 0 0 0 0 0 0 0 1 0 2 0 3 0 8 0 18 0 50 0 91 0 217 0 142 0 165 0 168 0 163 0 214 0 382 0 354 0 416 0 443 0 463 0 386 0 344 0 246 0 128 0 65 
SAlphaB:
0 0 0 0 0 0 0 0 0 0 0 0 0 0 0 0 0 0 0 0 0 0 0 0 0 0 0 0 0 0 0 0 0 0 0 0 0 1 0 2 0 3 0 8 0 18 0 50 0 91 0 217 0 142 0 165 0 168 0 163 0 214 0 382 0 354 0 416 0 443 0 463 0 386 0 344 0 246 0 128 0 65 

SecondWin:
0 0 0 0 0 0 0 0 0 0 0 0 0 0 0 0 0 0 0 0 0 0 0 0 0 0 0 0 0 0 0 0 0 0 0 0 0 0 1 0 0 0 5 0 8 0 9 0 12 0 72 0 54 0 89 0 115 0 145 0 171 0 257 0 348 0 416 0 440 0 413 0 461 0 380 0 264 0 192 0 90 0 
SAlphaB:
0 0 0 0 0 0 0 0 0 0 0 0 0 0 0 0 0 0 0 0 0 0 0 0 0 0 0 0 0 0 0 0 0 0 0 0 0 0 1 0 0 0 5 0 8 0 9 0 12 0 72 0 54 0 89 0 115 0 145 0 171 0 257 0 348 0 416 0 440 0 413 0 461 0 380 0 264 0 192 0 90 0 
