0 82 89 99 -12 19 20 34

0 47 59 62 -19 2 13 19

0 94 95 71 -7 5 16 24

0 75 95 42 -3 19 40 7

0 58 92 72 -16 0 1 31

0 17 78 38 -3 3 12 23

0 74 91 42 -14 3 5 35

0 53 77 75 -9 16 18 46

0 41 51 10 -8 5 15 20

0 15 85 40 -4 4 19 22

0 76 80 98 -15 10 33 30

0 70 83 17 -20 3 9 15

0 17 70 86 -5 4 38 3

0 30 50 98 -14 7 12 22

0 32 98 64 -11 3 5 29

0 31 40 69 -14 15 36 47

0 19 68 6 -6 11 23 23

0 22 92 90 -7 16 27 33

0 55 57 50 -16 4 5 26

0 37 79 78 -13 1 4 24

0 68 69 41 -16 36 37 35

0 51 52 31 -12 4 20 28

0 32 85 25 -8 4 21 0

0 74 99 3 -14 0 26 46

0 38 40 65 -9 1 4 2

0 0 63 31 -6 36 37 17

0 20 99 94 -6 6 9 12

0 18 21 26 -2 2 16 1

0 29 40 89 -17 19 49 38

0 10 80 85 -7 0 35 11

0 62 66 93 -14 0 27 2

0 21 74 4 -7 6 36 17

0 60 76 80 -4 17 23 4

0 19 34 54 -3 28 37 14

0 1 96 1 -11 1 17 12

0 38 78 15 -9 3 41 32

0 62 71 15 -19 40 48 23

0 30 51 65 -2 1 38 33

0 27 57 74 -15 18 40 46

0 77 93 53 -9 21 24 11

0 53 57 7 -16 12 46 3

0 6 79 92 -3 4 16 39

0 13 91 22 -12 11 47 35

0 25 76 37 -15 20 46 1

0 23 72 49 -15 10 13 8

0 40 65 53 -13 37 45 5

0 36 69 54 -13 18 28 8

0 2 58 88 -8 3 16 12

0 14 44 92 -17 16 17 5

0 28 35 68 -11 1 9 36

0 47 96 76 -6 26 44 14

0 14 69 52 -16 24 43 2

0 15 86 58 -16 1 20 44

0 10 60 10 -1 0 7 33

0 60 99 61 -19 26 36 4

0 0 38 97 -20 15 41 37

0 21 50 68 -17 34 49 32

0 16 31 91 -6 17 22 37

0 3 9 81 -11 6 10 6

0 3 21 45 -2 8 27 19

0 4 53 1 -12 3 44 6

0 18 30 62 -2 3 28 21

0 5 7 29 -3 18 40 26

0 60 87 26 -4 34 37 3

0 27 66 30 -15 3 47 42

0 40 54 11 -20 5 11 44

0 1 27 33 -14 24 29 32

0 21 94 17 -13 1 48 38

0 75 94 94 -17 42 45 26

0 0 18 54 -19 8 35 20

0 22 41 1 -1 18 32 7

0 5 38 90 -12 10 11 46

0 3 10 85 -14 2 27 46

0 14 15 82 -19 17 32 11

0 9 19 45 -17 11 13 44

0 0 24 95 -15 1 5 25

0 1 6 40 -18 16 18 22

0 6 8 79 -17 3 4 6

0 13 29 39 -19 18 31 25

0 10 33 17 -7 38 40 26

0 18 20 10 -10 4 7 40

0 4 5 79 -13 13 19 34

0 1 4 99 -15 9 37 37

0 1 13 15 -12 30 36 44

0 3 14 23 -20 9 21 4

0 21 28 20 -19 3 18 25

0 1 2 17 -19 0 1 7

0 5 10 84 -15 11 34 26

0 2 6 94 -12 2 26 46

0 3 7 65 -4 3 25 24

0 0 8 72 -17 0 7 32

0 0 25 73 -9 2 39 11

0 10 17 82 -11 27 43 33

0 0 6 0 -10 15 39 13

0 5 13 20 -12 0 1 47

0 0 2 26 -11 6 10 19

0 3 37 64 -16 4 31 26

0 2 33 77 -5 4 22 47

0 3 9 30 -14 6 13 47

0 0 1 47 -8 0 38 42


SAlphaB: 746.0, std-dev 289.1862504939463

Earliest win: 37
Latest win: 81

WinDepth:
0 0 0 0 0 0 0 0 0 0 0 0 0 0 0 0 0 0 0 0 0 0 0 0 0 0 0 0 0 0 0 0 0 0 0 0 0 4 3 6 0 11 1 10 9 22 14 34 33 73 74 133 84 121 81 141 126 181 149 207 157 236 284 312 360 373 389 439 372 427 439 453 442 411 373 383 232 241 205 139 100 97 
SAlphaB:
0 0 0 0 0 0 0 0 0 0 0 0 0 0 0 0 0 0 0 0 0 0 0 0 0 0 0 0 0 0 0 0 0 0 0 0 0 4 3 6 0 11 1 10 9 22 14 34 33 73 74 133 84 121 81 141 126 181 149 207 157 236 284 312 360 373 389 439 372 427 439 453 442 411 373 383 232 241 205 139 100 97 

LossDepth:
SAlphaB:
0 0 0 0 0 0 0 0 0 0 0 0 0 0 0 0 0 0 0 0 0 0 0 0 0 0 0 0 0 0 0 0 0 0 0 0 0 4 3 6 0 11 1 10 9 22 14 34 33 73 74 133 84 121 81 141 126 181 149 207 157 236 284 312 360 373 389 439 372 427 439 453 442 411 373 383 232 241 205 139 100 97 

FirstWin:
0 0 0 0 0 0 0 0 0 0 0 0 0 0 0 0 0 0 0 0 0 0 0 0 0 0 0 0 0 0 0 0 0 0 0 0 0 4 0 6 0 11 0 10 0 22 0 34 0 73 0 133 0 121 0 141 0 181 0 207 0 236 0 312 0 373 0 439 0 427 0 453 0 411 0 383 0 241 0 139 0 97 
SAlphaB:
0 0 0 0 0 0 0 0 0 0 0 0 0 0 0 0 0 0 0 0 0 0 0 0 0 0 0 0 0 0 0 0 0 0 0 0 0 4 0 6 0 11 0 10 0 22 0 34 0 73 0 133 0 121 0 141 0 181 0 207 0 236 0 312 0 373 0 439 0 427 0 453 0 411 0 383 0 241 0 139 0 97 

SecondWin:
0 0 0 0 0 0 0 0 0 0 0 0 0 0 0 0 0 0 0 0 0 0 0 0 0 0 0 0 0 0 0 0 0 0 0 0 0 0 3 0 0 0 1 0 9 0 14 0 33 0 74 0 84 0 81 0 126 0 149 0 157 0 284 0 360 0 389 0 372 0 439 0 442 0 373 0 232 0 205 0 100 0 
SAlphaB:
0 0 0 0 0 0 0 0 0 0 0 0 0 0 0 0 0 0 0 0 0 0 0 0 0 0 0 0 0 0 0 0 0 0 0 0 0 0 3 0 0 0 1 0 9 0 14 0 33 0 74 0 84 0 81 0 126 0 149 0 157 0 284 0 360 0 389 0 372 0 439 0 442 0 373 0 232 0 205 0 100 0 
