0 23 86 32 -5 4 32 3

0 21 56 73 -11 3 11 19

0 50 96 51 -15 3 29 9

0 34 46 11 -8 6 8 11

0 68 82 43 -15 6 10 37

0 37 52 74 -15 5 8 14

0 41 50 85 -20 7 14 3

0 12 55 24 -15 8 9 9

0 76 92 41 -13 5 19 37

0 37 54 51 -9 4 22 5

0 11 74 48 -13 21 44 24

0 19 76 67 -6 0 2 35

0 20 97 94 -17 23 28 40

0 55 77 77 -19 15 43 23

0 76 97 34 -18 10 32 35

0 5 30 46 -18 6 16 22

0 10 50 45 -2 8 23 19

0 36 91 8 -7 15 33 23

0 42 73 43 -4 4 37 36

0 7 52 94 -6 1 4 4

0 31 51 95 -4 23 32 20

0 36 55 10 -7 38 39 23

0 60 64 65 -15 13 33 37

0 44 49 47 -14 10 37 0

0 32 36 32 -14 2 5 11

0 43 54 0 -3 11 14 22

0 53 54 76 -5 13 33 4

0 85 86 10 -4 3 9 22

0 30 83 98 -4 13 46 15

0 44 84 30 -14 30 49 28

0 4 45 83 -4 21 30 21

0 2 89 42 -5 2 23 3

0 0 68 88 -11 19 35 17

0 14 60 4 -4 7 18 30

0 11 25 93 -10 26 27 19

0 11 21 39 -19 1 6 29

0 30 64 62 -11 36 45 11

0 41 50 75 -5 2 41 24

0 57 60 66 -13 44 47 49

0 40 67 28 -9 18 20 45

0 37 93 93 -7 4 46 26

0 21 22 34 -7 4 18 19

0 32 55 47 -8 12 15 43

0 15 61 66 -10 15 18 2

0 36 61 16 -20 1 2 38

0 22 52 83 -17 25 36 25

0 12 24 96 -17 8 27 20

0 4 39 9 -2 4 5 11

0 32 89 21 -4 1 49 35

0 24 28 18 -19 0 10 31

0 7 20 4 -11 0 8 16

0 8 36 87 -11 14 26 32

0 17 40 59 -14 13 44 29

0 50 95 37 -5 19 20 27

0 14 75 24 -20 38 43 28

0 41 46 30 -18 9 20 32

0 26 38 3 -11 16 23 27

0 11 39 81 -6 8 32 9

0 27 44 53 -1 2 5 18

0 8 17 54 -12 24 44 36

0 34 42 14 -2 18 23 23

0 52 69 77 -4 28 30 12

0 22 24 98 -17 17 31 44

0 7 66 6 -20 15 18 41

0 6 20 53 -3 27 37 28

0 19 24 36 -5 15 40 7

0 18 88 99 -17 9 48 19

0 30 40 97 -2 16 21 45

0 8 55 41 -17 0 42 43

0 23 37 2 -9 15 26 23

0 13 57 91 -1 2 25 32

0 71 78 13 -1 0 1 29

0 48 52 48 -8 4 36 48

0 19 73 4 -9 21 28 29

0 11 33 94 -20 2 18 30

0 10 30 62 -1 22 29 27

0 17 18 76 -10 8 13 13

0 32 35 29 -7 0 1 48

0 10 85 0 -2 16 23 43

0 5 6 87 -18 13 22 48

0 8 31 45 -4 0 1 35

0 17 51 27 -20 14 38 45

0 19 45 93 -17 7 49 26

0 19 24 51 -2 12 45 3

0 1 2 79 -19 14 16 43

0 19 22 40 -19 20 41 45

0 12 28 2 -3 15 49 41

0 6 22 73 -6 11 20 49

0 0 13 35 -12 9 32 29

0 71 72 32 -12 46 48 8

0 10 12 31 -10 22 32 40

0 20 28 66 -14 7 46 39

0 8 11 11 -16 15 47 14

0 1 8 90 -13 7 23 1

0 2 7 15 -11 4 28 0

0 1 11 52 -12 40 49 22

0 11 14 8 -20 2 24 30

0 1 2 59 -8 2 11 39

0 3 12 68 -9 1 4 35

0 0 1 30 -10 2 3 41


SAlphaB: 704.0, std-dev 265.8899787658061

Earliest win: 35
Latest win: 81

WinDepth:
0 0 0 0 0 0 0 0 0 0 0 0 0 0 0 0 0 0 0 0 0 0 0 0 0 0 0 0 0 0 0 0 0 0 0 2 0 10 0 3 12 6 6 13 10 8 13 26 41 73 61 172 101 131 99 152 148 182 127 162 156 252 229 339 337 375 433 446 481 376 419 396 380 398 394 358 251 217 170 142 112 71 
SAlphaB:
0 0 0 0 0 0 0 0 0 0 0 0 0 0 0 0 0 0 0 0 0 0 0 0 0 0 0 0 0 0 0 0 0 0 0 2 0 10 0 3 12 6 6 13 10 8 13 26 41 73 61 172 101 131 99 152 148 182 127 162 156 252 229 339 337 375 433 446 481 376 419 396 380 398 394 358 251 217 170 142 112 71 

LossDepth:
SAlphaB:
0 0 0 0 0 0 0 0 0 0 0 0 0 0 0 0 0 0 0 0 0 0 0 0 0 0 0 0 0 0 0 0 0 0 0 2 0 10 0 3 12 6 6 13 10 8 13 26 41 73 61 172 101 131 99 152 148 182 127 162 156 252 229 339 337 375 433 446 481 376 419 396 380 398 394 358 251 217 170 142 112 71 

FirstWin:
0 0 0 0 0 0 0 0 0 0 0 0 0 0 0 0 0 0 0 0 0 0 0 0 0 0 0 0 0 0 0 0 0 0 0 2 0 10 0 3 0 6 0 13 0 8 0 26 0 73 0 172 0 131 0 152 0 182 0 162 0 252 0 339 0 375 0 446 0 376 0 396 0 398 0 358 0 217 0 142 0 71 
SAlphaB:
0 0 0 0 0 0 0 0 0 0 0 0 0 0 0 0 0 0 0 0 0 0 0 0 0 0 0 0 0 0 0 0 0 0 0 2 0 10 0 3 0 6 0 13 0 8 0 26 0 73 0 172 0 131 0 152 0 182 0 162 0 252 0 339 0 375 0 446 0 376 0 396 0 398 0 358 0 217 0 142 0 71 

SecondWin:
0 0 0 0 0 0 0 0 0 0 0 0 0 0 0 0 0 0 0 0 0 0 0 0 0 0 0 0 0 0 0 0 0 0 0 0 0 0 0 0 12 0 6 0 10 0 13 0 41 0 61 0 101 0 99 0 148 0 127 0 156 0 229 0 337 0 433 0 481 0 419 0 380 0 394 0 251 0 170 0 112 0 
SAlphaB:
0 0 0 0 0 0 0 0 0 0 0 0 0 0 0 0 0 0 0 0 0 0 0 0 0 0 0 0 0 0 0 0 0 0 0 0 0 0 0 0 12 0 6 0 10 0 13 0 41 0 61 0 101 0 99 0 148 0 127 0 156 0 229 0 337 0 433 0 481 0 419 0 380 0 394 0 251 0 170 0 112 0 
