0 39 62 70 -20 1 3 10

0 21 24 18 -4 4 9 4

0 14 82 91 -1 0 8 4

0 13 57 58 -1 7 26 9

0 52 97 23 -9 8 35 8

0 56 94 76 -1 13 14 25

0 19 65 93 -5 1 4 17

0 30 65 61 -2 5 11 5

0 23 79 48 -9 19 39 16

0 2 27 51 -12 7 11 3

0 30 80 61 -11 0 21 34

0 29 69 41 -12 1 2 26

0 95 99 56 -3 2 31 15

0 45 75 0 -14 4 11 45

0 32 78 7 -5 16 46 9

0 35 89 48 -10 2 4 34

0 45 71 70 -13 1 2 11

0 75 82 42 -4 33 34 13

0 15 23 57 -11 12 15 11

0 44 49 40 -6 10 14 31

0 24 54 20 -7 6 9 26

0 48 89 11 -7 8 30 48

0 5 99 95 -4 6 17 21

0 55 92 9 -15 5 40 19

0 80 86 18 -17 1 7 32

0 71 86 52 -3 1 29 22

0 67 75 35 -5 10 14 12

0 23 70 28 -8 4 25 22

0 54 56 47 -2 10 42 40

0 21 98 33 -3 3 25 9

0 19 80 36 -2 11 12 36

0 1 58 52 -6 3 5 6

0 13 99 79 -19 10 18 37

0 3 43 88 -8 6 17 2

0 73 79 61 -5 15 29 5

0 33 34 76 -11 8 26 6

0 81 86 99 -2 8 13 15

0 9 60 44 -2 34 42 21

0 57 90 80 -16 22 43 44

0 82 94 63 -12 9 17 49

0 31 32 14 -17 23 47 4

0 67 95 27 -3 30 40 4

0 18 36 90 -11 25 34 22

0 16 18 39 -3 8 9 0

0 38 40 72 -14 15 40 26

0 77 87 99 -13 7 17 43

0 9 18 61 -11 12 30 18

0 13 48 93 -12 10 37 31

0 7 37 43 -17 35 36 28

0 8 44 75 -13 5 25 8

0 18 43 78 -18 7 24 10

0 23 84 80 -19 19 31 31

0 47 67 36 -7 14 17 21

0 1 44 97 -7 3 17 4

0 9 91 90 -18 7 11 39

0 16 85 99 -5 4 16 47

0 22 29 69 -16 13 26 31

0 15 88 37 -5 17 25 26

0 71 83 17 -10 30 36 25

0 71 74 61 -9 19 45 35

0 11 27 6 -9 26 29 14

0 43 54 10 -13 30 33 29

0 54 64 47 -5 1 3 36

0 5 53 81 -6 6 42 20

0 22 78 35 -18 19 35 38

0 9 14 96 -2 10 13 3

0 39 94 61 -17 30 33 48

0 28 31 76 -18 7 45 4

0 7 14 44 -20 1 3 44

0 66 98 61 -3 26 39 41

0 7 76 43 -3 30 32 17

0 6 14 63 -10 12 31 5

0 0 4 94 -2 23 27 27

0 0 76 40 -5 3 11 47

0 3 9 91 -5 29 32 24

0 15 22 63 -4 15 18 35

0 42 58 8 -11 14 36 19

0 16 31 14 -10 23 30 30

0 11 14 14 -17 2 4 24

0 44 95 19 -4 35 36 16

0 42 47 53 -3 3 4 22

0 11 26 92 -4 1 8 28

0 68 82 47 -10 38 48 2

0 4 17 72 -16 19 29 33

0 7 22 57 -16 23 41 43

0 22 49 12 -18 20 49 3

0 6 8 95 -10 4 5 6

0 9 20 87 -20 6 43 27

0 34 45 19 -14 5 7 36

0 11 46 7 -8 5 32 29

0 2 10 34 -9 39 47 12

0 13 21 87 -6 15 35 31

0 5 7 96 -8 10 38 0

0 8 16 2 -20 8 25 14

0 0 7 92 -18 14 23 25

0 1 2 23 -11 22 48 22

0 1 5 19 -11 19 37 31

0 0 3 14 -9 5 24 46

0 2 8 17 -3 8 12 30

0 0 2 31 -3 4 30 15


SAlphaB: 695.0, std-dev 264.29206114800076

Earliest win: 37
Latest win: 81

WinDepth:
0 0 0 0 0 0 0 0 0 0 0 0 0 0 0 0 0 0 0 0 0 0 0 0 0 0 0 0 0 0 0 0 0 0 0 0 0 10 0 7 2 7 0 11 20 12 16 36 20 52 53 198 61 107 78 162 127 193 157 168 149 224 273 293 312 342 425 408 465 429 434 465 383 395 401 378 256 227 170 153 88 86 
SAlphaB:
0 0 0 0 0 0 0 0 0 0 0 0 0 0 0 0 0 0 0 0 0 0 0 0 0 0 0 0 0 0 0 0 0 0 0 0 0 10 0 7 2 7 0 11 20 12 16 36 20 52 53 198 61 107 78 162 127 193 157 168 149 224 273 293 312 342 425 408 465 429 434 465 383 395 401 378 256 227 170 153 88 86 

LossDepth:
SAlphaB:
0 0 0 0 0 0 0 0 0 0 0 0 0 0 0 0 0 0 0 0 0 0 0 0 0 0 0 0 0 0 0 0 0 0 0 0 0 10 0 7 2 7 0 11 20 12 16 36 20 52 53 198 61 107 78 162 127 193 157 168 149 224 273 293 312 342 425 408 465 429 434 465 383 395 401 378 256 227 170 153 88 86 

FirstWin:
0 0 0 0 0 0 0 0 0 0 0 0 0 0 0 0 0 0 0 0 0 0 0 0 0 0 0 0 0 0 0 0 0 0 0 0 0 10 0 7 0 7 0 11 0 12 0 36 0 52 0 198 0 107 0 162 0 193 0 168 0 224 0 293 0 342 0 408 0 429 0 465 0 395 0 378 0 227 0 153 0 86 
SAlphaB:
0 0 0 0 0 0 0 0 0 0 0 0 0 0 0 0 0 0 0 0 0 0 0 0 0 0 0 0 0 0 0 0 0 0 0 0 0 10 0 7 0 7 0 11 0 12 0 36 0 52 0 198 0 107 0 162 0 193 0 168 0 224 0 293 0 342 0 408 0 429 0 465 0 395 0 378 0 227 0 153 0 86 

SecondWin:
0 0 0 0 0 0 0 0 0 0 0 0 0 0 0 0 0 0 0 0 0 0 0 0 0 0 0 0 0 0 0 0 0 0 0 0 0 0 0 0 2 0 0 0 20 0 16 0 20 0 53 0 61 0 78 0 127 0 157 0 149 0 273 0 312 0 425 0 465 0 434 0 383 0 401 0 256 0 170 0 88 0 
SAlphaB:
0 0 0 0 0 0 0 0 0 0 0 0 0 0 0 0 0 0 0 0 0 0 0 0 0 0 0 0 0 0 0 0 0 0 0 0 0 0 0 0 2 0 0 0 20 0 16 0 20 0 53 0 61 0 78 0 127 0 157 0 149 0 273 0 312 0 425 0 465 0 434 0 383 0 401 0 256 0 170 0 88 0 
