0 65 89 2 -1 9 37 9

0 30 96 71 -14 1 8 9

0 28 58 23 -16 0 6 3

0 76 92 48 -9 9 19 11

0 41 68 99 -16 0 5 15

0 49 65 16 -1 0 2 3

0 47 76 18 -2 2 7 13

0 48 63 63 -12 0 21 18

0 61 96 25 -20 1 11 26

0 72 78 88 -4 13 29 29

0 61 85 10 -12 8 29 6

0 32 74 40 -1 7 23 3

0 61 91 44 -11 14 33 21

0 16 47 99 -2 1 6 9

0 69 91 23 -15 5 26 0

0 72 87 89 -3 11 43 6

0 27 48 20 -19 1 7 14

0 37 95 94 -19 5 17 3

0 78 92 43 -8 14 29 26

0 26 84 15 -7 0 14 19

0 49 72 32 -9 2 17 11

0 29 77 49 -1 5 12 6

0 77 94 79 -8 7 31 27

0 92 97 87 -8 7 27 37

0 27 69 16 -6 5 8 10

0 52 93 36 -9 5 8 14

0 87 93 61 -14 0 14 20

0 20 51 49 -11 0 1 13

0 19 49 32 -9 0 1 16

0 43 65 59 -3 4 9 2

0 58 86 43 -20 5 7 25

0 52 84 55 -11 10 22 30

0 59 94 16 -4 1 15 10

0 42 99 86 -15 10 38 26

0 16 58 16 -2 2 8 17

0 54 91 27 -20 10 25 17

0 83 86 56 -10 9 22 12

0 43 69 58 -1 9 22 22

0 59 60 58 -10 13 22 20

0 65 67 23 -2 8 28 5

0 69 91 55 -1 19 20 24

0 52 83 37 -8 5 32 26

0 12 25 10 -4 0 3 2

0 23 61 76 -7 2 16 20

0 44 82 36 -10 3 27 8

0 43 98 8 -16 0 8 25

0 41 66 85 -12 5 23 2

0 40 89 99 -15 0 14 1

0 42 45 68 -15 4 18 16

0 61 68 51 -4 3 10 16

0 97 98 38 -6 4 26 31

0 34 57 64 -13 0 7 21

0 60 76 90 -2 10 23 27

0 19 42 26 -8 2 12 27

0 22 63 62 -18 12 35 22

0 9 27 13 -9 0 4 15

0 48 62 62 -15 2 8 13

0 70 75 75 -5 0 8 11

0 62 73 34 -17 7 21 40

0 78 92 73 -14 4 10 1

0 55 72 35 -18 3 9 46

0 15 37 23 -9 1 2 15

0 92 95 69 -15 5 7 40

0 55 65 72 -10 7 39 6

0 31 80 70 -3 4 27 32

0 39 65 35 -5 2 4 13

0 78 87 44 -7 5 13 13

0 57 66 55 -12 2 35 18

0 61 95 11 -8 20 38 14

0 15 97 69 -12 0 2 10

0 45 81 85 -18 5 6 45

0 19 93 19 -11 6 12 5

0 15 71 52 -10 4 8 1

0 13 40 34 -2 4 9 9

0 45 79 49 -20 13 32 35

0 31 54 88 -5 6 31 10

0 26 75 27 -3 8 23 11

0 12 71 27 -12 1 11 3

0 26 96 15 -8 12 37 11

0 64 99 30 -16 3 12 43

0 34 71 49 -6 17 37 3

0 22 26 48 -10 3 11 31

0 14 82 93 -11 10 32 16

0 43 70 51 -9 7 8 43

0 10 70 4 -6 0 2 34

0 84 88 71 -17 9 10 7

0 8 19 86 -2 13 15 11

0 76 84 71 -5 4 5 32

0 20 78 93 -19 16 29 21

0 47 67 94 -18 38 49 25

0 31 65 70 -19 7 22 19

0 45 72 94 -13 21 45 2

0 48 52 46 -2 10 16 23

0 33 84 14 -15 3 33 2

0 37 38 67 -16 16 34 7

0 13 26 45 -4 1 13 11

0 0 73 60 -7 8 9 16

0 25 97 0 -5 5 8 34

0 22 62 96 -16 24 44 13

0 22 60 79 -11 4 5 34


SAlphaB: 754.0, std-dev 250.9992894070186

Earliest win: 35
Latest win: 81

WinDepth:
0 0 0 0 0 0 0 0 0 0 0 0 0 0 0 0 0 0 0 0 0 0 0 0 0 0 0 0 0 0 0 0 0 0 0 2 0 1 1 8 5 26 8 31 8 52 32 124 41 148 147 394 136 279 236 437 357 538 309 517 392 650 608 806 731 1033 875 952 1041 1008 961 1062 889 914 948 742 606 497 409 319 257 151 
SAlphaB:
0 0 0 0 0 0 0 0 0 0 0 0 0 0 0 0 0 0 0 0 0 0 0 0 0 0 0 0 0 0 0 0 0 0 0 2 0 1 1 8 5 26 8 31 8 52 32 124 41 148 147 394 136 279 236 437 357 538 309 517 392 650 608 806 731 1033 875 952 1041 1008 961 1062 889 914 948 742 606 497 409 319 257 151 

LossDepth:
SAlphaB:
0 0 0 0 0 0 0 0 0 0 0 0 0 0 0 0 0 0 0 0 0 0 0 0 0 0 0 0 0 0 0 0 0 0 0 2 0 2 1 4 1 20 0 16 5 37 24 49 33 62 100 158 112 165 160 228 209 338 192 311 238 462 375 531 503 778 647 780 772 830 705 854 636 763 741 693 477 426 289 287 268 167 

FirstWin:
0 0 0 0 0 0 0 0 0 0 0 0 0 0 0 0 0 0 0 0 0 0 0 0 0 0 0 0 0 0 0 0 0 0 0 2 0 1 0 8 0 26 0 31 0 52 0 124 0 148 0 394 0 279 0 437 0 538 0 517 0 650 0 806 0 1033 0 952 0 1008 0 1062 0 914 0 742 0 497 0 319 0 151 
SAlphaB:
0 0 0 0 0 0 0 0 0 0 0 0 0 0 0 0 0 0 0 0 0 0 0 0 0 0 0 0 0 0 0 0 0 0 0 2 0 1 0 8 0 26 0 31 0 52 0 124 0 148 0 394 0 279 0 437 0 538 0 517 0 650 0 806 0 1033 0 952 0 1008 0 1062 0 914 0 742 0 497 0 319 0 151 

SecondWin:
0 0 0 0 0 0 0 0 0 0 0 0 0 0 0 0 0 0 0 0 0 0 0 0 0 0 0 0 0 0 0 0 0 0 0 0 0 0 1 0 5 0 8 0 8 0 32 0 41 0 147 0 136 0 236 0 357 0 309 0 392 0 608 0 731 0 875 0 1041 0 961 0 889 0 948 0 606 0 409 0 257 0 
SAlphaB:
0 0 0 0 0 0 0 0 0 0 0 0 0 0 0 0 0 0 0 0 0 0 0 0 0 0 0 0 0 0 0 0 0 0 0 0 0 0 1 0 5 0 8 0 8 0 32 0 41 0 147 0 136 0 236 0 357 0 309 0 392 0 608 0 731 0 875 0 1041 0 961 0 889 0 948 0 606 0 409 0 257 0 
