0 15 37 23 -9 1 2 15

0 61 91 44 -11 14 33 21

0 69 91 23 -15 5 26 0

0 72 87 89 -3 11 43 6

0 72 78 88 -4 13 29 29

0 76 84 71 -5 4 5 32

0 78 92 43 -8 14 29 26

0 22 60 79 -11 4 5 34

0 19 42 26 -8 2 12 27

0 54 91 27 -20 10 25 17

0 41 63 87 -11 0 21 0

0 82 94 77 -13 7 40 24

0 51 71 8 -14 5 10 13

0 9 10 73 -19 4 10 23

0 4 45 1 -6 0 1 1

0 19 37 62 -14 15 31 24

0 20 24 38 -6 4 13 0

0 13 24 1 -9 3 5 9

0 29 54 99 -12 0 12 21

0 67 94 33 -20 3 15 47

0 52 99 63 -16 1 3 44

0 0 83 29 -13 12 38 24

0 77 83 34 -17 15 45 32

0 52 78 46 -1 27 36 44

0 24 52 96 -12 6 26 7

0 32 41 91 -15 4 25 18

0 57 94 50 -15 10 21 43

0 58 85 28 -13 5 8 45

0 1 47 82 -4 8 9 18

0 15 52 56 -14 26 44 7

0 20 74 27 -11 3 4 48

0 6 56 18 -6 6 18 9

0 59 82 35 -5 17 25 37

0 6 46 20 -10 2 14 5

0 31 60 79 -4 9 38 31

0 41 54 1 -18 2 8 39

0 22 24 40 -2 8 17 8

0 13 37 24 -2 7 10 35

0 9 25 55 -9 16 17 9

0 73 85 80 -17 25 47 22

0 11 62 84 -10 3 4 26

0 12 45 68 -14 4 22 15

0 9 67 35 -17 8 25 41

0 13 14 95 -1 9 15 24

0 75 90 33 -20 13 18 29

0 77 86 99 -9 23 34 16

0 20 38 26 -2 11 30 7

0 27 32 90 -19 19 44 10

0 3 47 21 -1 7 14 30

0 10 36 32 -3 22 41 16

0 23 26 63 -3 14 43 17

0 5 35 92 -20 12 14 40

0 52 79 29 -13 12 46 12

0 31 76 35 -8 9 44 8

0 0 2 61 -20 25 26 25

0 14 21 66 -7 14 22 33

0 27 88 11 -20 13 30 42

0 30 32 29 -9 3 27 36

0 11 73 22 -13 18 23 15

0 19 21 99 -13 34 43 47

0 25 30 55 -20 35 38 14

0 4 12 25 -19 37 45 28

0 62 72 40 -12 42 44 47

0 21 51 9 -14 22 41 27

0 0 20 73 -4 8 9 28

0 9 72 91 -1 13 15 3

0 53 58 88 -17 25 33 35

0 11 17 77 -7 19 26 36

0 12 31 53 -4 6 10 2

0 63 65 21 -17 31 38 31

0 21 27 37 -13 18 49 37

0 17 48 67 -17 4 48 34

0 7 62 57 -15 7 9 48

0 43 44 56 -7 2 11 38

0 1 13 30 -1 20 39 6

0 6 21 33 -2 21 48 34

0 2 10 58 -17 23 28 30

0 5 17 21 -4 35 49 28

0 0 1 54 -14 6 11 29

0 17 36 10 -17 22 31 32

0 7 10 83 -7 12 24 3

0 0 15 62 -11 7 23 34

0 0 11 12 -14 1 16 30

0 9 23 64 -14 13 44 47

0 0 3 44 -3 22 31 4

0 22 25 3 -6 11 48 15

0 14 19 84 -7 23 40 38

0 0 48 14 -2 41 44 42

0 1 2 91 -8 3 6 32

0 9 36 98 -2 5 26 34

0 13 20 76 -17 46 49 20

0 43 81 32 -11 30 36 1

0 8 35 27 -14 5 45 2

0 4 10 51 -2 24 38 33

0 1 27 4 -5 22 38 6

0 9 16 53 -4 29 36 40

0 4 7 16 -1 5 44 20

0 0 8 10 -4 13 20 34

0 1 2 2 -2 24 29 40

0 24 28 35 -11 27 28 47


SAlphaB: 691.0, std-dev 260.67754598315133

Earliest win: 37
Latest win: 81

WinDepth:
0 0 0 0 0 0 0 0 0 0 0 0 0 0 0 0 0 0 0 0 0 0 0 0 0 0 0 0 0 0 0 0 0 0 0 0 0 11 1 0 2 0 0 6 7 16 23 16 20 79 49 204 82 103 83 166 115 157 145 203 142 225 280 306 306 384 409 388 409 399 426 465 482 391 398 374 296 244 144 133 86 69 
SAlphaB:
0 0 0 0 0 0 0 0 0 0 0 0 0 0 0 0 0 0 0 0 0 0 0 0 0 0 0 0 0 0 0 0 0 0 0 0 0 11 1 0 2 0 0 6 7 16 23 16 20 79 49 204 82 103 83 166 115 157 145 203 142 225 280 306 306 384 409 388 409 399 426 465 482 391 398 374 296 244 144 133 86 69 

LossDepth:
SAlphaB:
0 0 0 0 0 0 0 0 0 0 0 0 0 0 0 0 0 0 0 0 0 0 0 0 0 0 0 0 0 0 0 0 0 0 0 0 0 11 1 0 2 0 0 6 7 16 23 16 20 79 49 204 82 103 83 166 115 157 145 203 142 225 280 306 306 384 409 388 409 399 426 465 482 391 398 374 296 244 144 133 86 69 

FirstWin:
0 0 0 0 0 0 0 0 0 0 0 0 0 0 0 0 0 0 0 0 0 0 0 0 0 0 0 0 0 0 0 0 0 0 0 0 0 11 0 0 0 0 0 6 0 16 0 16 0 79 0 204 0 103 0 166 0 157 0 203 0 225 0 306 0 384 0 388 0 399 0 465 0 391 0 374 0 244 0 133 0 69 
SAlphaB:
0 0 0 0 0 0 0 0 0 0 0 0 0 0 0 0 0 0 0 0 0 0 0 0 0 0 0 0 0 0 0 0 0 0 0 0 0 11 0 0 0 0 0 6 0 16 0 16 0 79 0 204 0 103 0 166 0 157 0 203 0 225 0 306 0 384 0 388 0 399 0 465 0 391 0 374 0 244 0 133 0 69 

SecondWin:
0 0 0 0 0 0 0 0 0 0 0 0 0 0 0 0 0 0 0 0 0 0 0 0 0 0 0 0 0 0 0 0 0 0 0 0 0 0 1 0 2 0 0 0 7 0 23 0 20 0 49 0 82 0 83 0 115 0 145 0 142 0 280 0 306 0 409 0 409 0 426 0 482 0 398 0 296 0 144 0 86 0 
SAlphaB:
0 0 0 0 0 0 0 0 0 0 0 0 0 0 0 0 0 0 0 0 0 0 0 0 0 0 0 0 0 0 0 0 0 0 0 0 0 0 1 0 2 0 0 0 7 0 23 0 20 0 49 0 82 0 83 0 115 0 145 0 142 0 280 0 306 0 409 0 409 0 426 0 482 0 398 0 296 0 144 0 86 0 
