0 19 49 32 -9 0 1 16

0 59 60 58 -10 13 22 20

0 87 93 61 -14 0 14 20

0 41 68 99 -16 0 5 15

0 97 98 38 -6 4 26 31

0 22 26 48 -10 3 11 31

0 26 75 27 -3 8 23 11

0 92 97 87 -8 7 27 37

0 70 75 75 -5 0 8 11

0 22 62 96 -16 24 44 13

0 80 89 80 -12 3 4 39

0 58 65 44 -14 8 12 29

0 6 50 79 -1 1 3 10

0 35 61 85 -15 27 29 30

0 25 47 93 -20 3 4 11

0 26 50 46 -1 11 40 7

0 14 37 35 -5 1 4 17

0 71 75 80 -18 5 34 12

0 31 80 24 -8 11 49 18

0 31 34 84 -4 2 22 5

0 16 46 59 -12 10 34 24

0 55 62 80 -10 23 29 15

0 51 64 80 -9 18 28 14

0 40 94 20 -15 16 33 48

0 48 50 18 -1 17 34 47

0 3 8 99 -5 0 3 1

0 28 44 45 -18 16 17 21

0 39 76 73 -2 16 26 45

0 1 70 65 -6 8 38 20

0 42 61 52 -11 34 40 23

0 17 25 77 -11 14 24 9

0 55 71 58 -12 1 32 44

0 39 89 53 -7 1 12 44

0 43 49 38 -13 10 39 13

0 49 59 80 -12 38 43 25

0 4 34 95 -6 13 14 11

0 34 59 81 -12 17 46 0

0 47 54 81 -19 33 44 40

0 24 41 24 -3 17 47 39

0 16 22 78 -20 1 6 17

0 2 50 28 -14 0 21 3

0 59 76 93 -5 30 49 15

0 25 34 56 -18 2 20 47

0 27 37 21 -14 7 20 24

0 5 19 71 -17 20 25 27

0 33 63 19 -19 27 28 26

0 10 17 24 -3 2 11 17

0 23 32 76 -3 6 30 7

0 6 45 6 -15 5 8 45

0 6 22 61 -8 14 31 44

0 0 22 92 -11 8 27 25

0 5 15 52 -20 13 16 23

0 13 34 87 -10 1 4 31

0 9 42 56 -14 13 31 32

0 29 33 63 -16 21 41 0

0 35 38 18 -12 13 14 31

0 12 36 1 -4 1 3 40

0 51 83 14 -14 34 35 10

0 51 62 82 -7 26 38 7

0 45 54 73 -5 37 47 45

0 59 81 65 -14 27 28 31

0 23 47 4 -20 29 46 41

0 79 90 3 -10 18 33 26

0 48 54 78 -15 27 38 30

0 55 85 51 -3 0 5 36

0 4 23 48 -5 0 20 8

0 15 25 16 -4 14 43 29

0 29 99 56 -8 19 34 14

0 44 76 15 -20 3 34 35

0 24 47 18 -15 3 28 45

0 11 12 75 -12 3 7 45

0 0 9 55 -6 4 12 20

0 24 35 56 -17 27 47 11

0 21 27 2 -5 19 27 22

0 19 29 21 -14 6 19 44

0 12 36 66 -19 16 20 39

0 13 18 70 -7 13 41 49

0 7 20 26 -15 14 32 22

0 0 10 74 -17 20 45 8

0 0 19 70 -18 12 27 28

0 9 27 73 -19 3 24 43

0 1 5 24 -9 24 28 26

0 8 25 47 -17 40 47 12

0 6 10 61 -16 24 39 44

0 1 8 49 -7 24 49 16

0 38 85 10 -19 24 27 2

0 2 18 83 -10 25 48 43

0 4 31 74 -20 30 46 33

0 4 16 69 -9 7 25 8

0 22 27 36 -20 42 49 15

0 0 8 18 -6 36 41 32

0 23 44 24 -18 9 37 43

0 6 14 37 -11 18 19 37

0 1 6 70 -6 6 45 2

0 3 4 24 -8 0 1 33

0 0 16 76 -18 1 47 25

0 9 16 10 -11 20 49 49

0 0 2 17 -18 1 3 26

0 3 10 40 -14 8 10 39

0 7 27 15 -2 3 25 32


SAlphaB: 710.0, std-dev 267.2445138857301

Earliest win: 37
Latest win: 81

WinDepth:
0 0 0 0 0 0 0 0 0 0 0 0 0 0 0 0 0 0 0 0 0 0 0 0 0 0 0 0 0 0 0 0 0 0 0 0 0 3 0 4 18 3 0 9 21 11 11 30 29 40 68 201 56 82 107 160 111 220 165 184 164 232 258 288 335 365 408 403 433 382 436 416 469 370 370 347 272 246 212 152 122 74 
SAlphaB:
0 0 0 0 0 0 0 0 0 0 0 0 0 0 0 0 0 0 0 0 0 0 0 0 0 0 0 0 0 0 0 0 0 0 0 0 0 3 0 4 18 3 0 9 21 11 11 30 29 40 68 201 56 82 107 160 111 220 165 184 164 232 258 288 335 365 408 403 433 382 436 416 469 370 370 347 272 246 212 152 122 74 

LossDepth:
SAlphaB:
0 0 0 0 0 0 0 0 0 0 0 0 0 0 0 0 0 0 0 0 0 0 0 0 0 0 0 0 0 0 0 0 0 0 0 0 0 3 0 4 18 3 0 9 21 11 11 30 29 40 68 201 56 82 107 160 111 220 165 184 164 232 258 288 335 365 408 403 433 382 436 416 469 370 370 347 272 246 212 152 122 74 

FirstWin:
0 0 0 0 0 0 0 0 0 0 0 0 0 0 0 0 0 0 0 0 0 0 0 0 0 0 0 0 0 0 0 0 0 0 0 0 0 3 0 4 0 3 0 9 0 11 0 30 0 40 0 201 0 82 0 160 0 220 0 184 0 232 0 288 0 365 0 403 0 382 0 416 0 370 0 347 0 246 0 152 0 74 
SAlphaB:
0 0 0 0 0 0 0 0 0 0 0 0 0 0 0 0 0 0 0 0 0 0 0 0 0 0 0 0 0 0 0 0 0 0 0 0 0 3 0 4 0 3 0 9 0 11 0 30 0 40 0 201 0 82 0 160 0 220 0 184 0 232 0 288 0 365 0 403 0 382 0 416 0 370 0 347 0 246 0 152 0 74 

SecondWin:
0 0 0 0 0 0 0 0 0 0 0 0 0 0 0 0 0 0 0 0 0 0 0 0 0 0 0 0 0 0 0 0 0 0 0 0 0 0 0 0 18 0 0 0 21 0 11 0 29 0 68 0 56 0 107 0 111 0 165 0 164 0 258 0 335 0 408 0 433 0 436 0 469 0 370 0 272 0 212 0 122 0 
SAlphaB:
0 0 0 0 0 0 0 0 0 0 0 0 0 0 0 0 0 0 0 0 0 0 0 0 0 0 0 0 0 0 0 0 0 0 0 0 0 0 0 0 18 0 0 0 21 0 11 0 29 0 68 0 56 0 107 0 111 0 165 0 164 0 258 0 335 0 408 0 433 0 436 0 469 0 370 0 272 0 212 0 122 0 
