0 65 67 23 -2 8 28 5

0 37 95 94 -19 5 17 3

0 58 86 43 -20 5 7 25

0 42 99 86 -15 10 38 26

0 27 48 20 -19 1 7 14

0 62 73 34 -17 7 21 40

0 41 66 85 -12 5 23 2

0 15 97 69 -12 0 2 10

0 55 65 72 -10 7 39 6

0 78 92 73 -14 4 10 1

0 74 78 62 -6 5 6 31

0 27 52 17 -4 6 23 18

0 3 73 14 -8 13 29 28

0 89 93 25 -2 10 12 3

0 27 80 18 -7 3 5 49

0 64 73 94 -5 20 36 3

0 2 67 15 -6 19 44 14

0 32 62 61 -17 40 44 7

0 24 41 82 -11 16 27 5

0 19 72 74 -17 0 22 9

0 54 99 86 -7 22 40 46

0 45 48 85 -16 8 23 12

0 66 67 50 -10 0 7 24

0 88 94 45 -14 23 47 9

0 5 85 93 -7 29 37 22

0 78 92 93 -9 29 37 17

0 79 90 41 -8 3 4 40

0 64 89 65 -8 5 18 4

0 37 52 7 -5 8 18 40

0 76 96 3 -2 10 13 24

0 66 68 88 -19 18 23 2

0 16 30 86 -12 27 33 22

0 68 92 29 -9 3 5 16

0 14 29 64 -1 25 44 32

0 16 94 98 -18 17 23 14

0 15 32 5 -11 34 39 7

0 8 9 23 -3 16 21 19

0 13 39 37 -8 0 18 32

0 29 99 83 -13 21 33 36

0 70 72 86 -9 22 29 38

0 4 40 54 -17 3 7 48

0 28 37 25 -7 13 36 3

0 18 65 30 -15 3 14 5

0 61 68 58 -5 24 31 36

0 55 73 7 -5 0 1 27

0 29 57 72 -3 11 35 48

0 5 41 48 -8 3 5 0

0 11 46 14 -2 2 10 38

0 48 71 27 -13 24 29 18

0 43 80 49 -16 30 41 26

0 12 22 28 -12 31 34 7

0 5 32 4 -20 17 26 34

0 29 63 8 -18 9 47 34

0 12 29 91 -18 29 43 36

0 10 53 55 -13 39 40 31

0 9 40 54 -10 17 37 42

0 41 48 27 -15 21 38 12

0 43 94 33 -20 21 30 26

0 15 23 84 -9 6 18 36

0 15 79 39 -4 33 48 37

0 0 6 45 -20 43 48 42

0 0 90 74 -4 1 5 39

0 24 54 48 -12 2 41 28

0 3 29 73 -5 38 42 44

0 14 39 5 -17 2 11 29

0 11 18 64 -11 18 27 28

0 44 46 63 -15 27 28 8

0 13 85 20 -3 25 33 11

0 11 12 32 -5 14 17 24

0 7 20 61 -11 17 21 10

0 25 27 64 -4 6 7 40

0 51 70 60 -7 22 27 5

0 4 56 2 -6 38 39 44

0 6 47 28 -7 15 26 33

0 0 1 71 -17 2 6 23

0 17 23 77 -2 0 14 45

0 5 10 92 -5 20 21 2

0 24 94 3 -18 25 26 21

0 22 41 38 -18 3 19 39

0 9 29 40 -3 12 15 0

0 52 59 4 -12 21 47 48

0 9 25 80 -16 13 47 31

0 6 83 61 -11 9 12 36

0 30 94 26 -4 27 33 2

0 0 1 78 -8 33 49 23

0 7 34 0 -14 6 10 49

0 3 11 96 -18 6 40 31

0 4 17 90 -5 2 35 0

0 1 2 49 -15 19 25 15

0 53 69 21 -10 21 22 44

0 0 18 24 -2 21 39 45

0 4 15 16 -1 8 29 27

0 0 2 35 -9 10 38 21

0 11 19 2 -13 4 7 42

0 0 2 98 -4 9 47 34

0 3 55 37 -14 4 20 42

0 7 8 33 -9 3 8 5

0 4 24 39 -12 0 37 44

0 9 30 0 -7 6 29 45

0 3 4 49 -17 0 18 25


SAlphaB: 693.0, std-dev 281.89580297935214

Earliest win: 37
Latest win: 81

WinDepth:
0 0 0 0 0 0 0 0 0 0 0 0 0 0 0 0 0 0 0 0 0 0 0 0 0 0 0 0 0 0 0 0 0 0 0 0 0 3 0 1 2 8 6 14 12 17 16 25 29 57 81 140 119 113 98 151 98 178 127 188 177 219 215 296 286 348 378 383 472 461 490 471 378 386 395 421 279 280 183 162 91 88 
SAlphaB:
0 0 0 0 0 0 0 0 0 0 0 0 0 0 0 0 0 0 0 0 0 0 0 0 0 0 0 0 0 0 0 0 0 0 0 0 0 3 0 1 2 8 6 14 12 17 16 25 29 57 81 140 119 113 98 151 98 178 127 188 177 219 215 296 286 348 378 383 472 461 490 471 378 386 395 421 279 280 183 162 91 88 

LossDepth:
SAlphaB:
0 0 0 0 0 0 0 0 0 0 0 0 0 0 0 0 0 0 0 0 0 0 0 0 0 0 0 0 0 0 0 0 0 0 0 0 0 3 0 1 2 8 6 14 12 17 16 25 29 57 81 140 119 113 98 151 98 178 127 188 177 219 215 296 286 348 378 383 472 461 490 471 378 386 395 421 279 280 183 162 91 88 

FirstWin:
0 0 0 0 0 0 0 0 0 0 0 0 0 0 0 0 0 0 0 0 0 0 0 0 0 0 0 0 0 0 0 0 0 0 0 0 0 3 0 1 0 8 0 14 0 17 0 25 0 57 0 140 0 113 0 151 0 178 0 188 0 219 0 296 0 348 0 383 0 461 0 471 0 386 0 421 0 280 0 162 0 88 
SAlphaB:
0 0 0 0 0 0 0 0 0 0 0 0 0 0 0 0 0 0 0 0 0 0 0 0 0 0 0 0 0 0 0 0 0 0 0 0 0 3 0 1 0 8 0 14 0 17 0 25 0 57 0 140 0 113 0 151 0 178 0 188 0 219 0 296 0 348 0 383 0 461 0 471 0 386 0 421 0 280 0 162 0 88 

SecondWin:
0 0 0 0 0 0 0 0 0 0 0 0 0 0 0 0 0 0 0 0 0 0 0 0 0 0 0 0 0 0 0 0 0 0 0 0 0 0 0 0 2 0 6 0 12 0 16 0 29 0 81 0 119 0 98 0 98 0 127 0 177 0 215 0 286 0 378 0 472 0 490 0 378 0 395 0 279 0 183 0 91 0 
SAlphaB:
0 0 0 0 0 0 0 0 0 0 0 0 0 0 0 0 0 0 0 0 0 0 0 0 0 0 0 0 0 0 0 0 0 0 0 0 0 0 0 0 2 0 6 0 12 0 16 0 29 0 81 0 119 0 98 0 98 0 127 0 177 0 215 0 286 0 378 0 472 0 490 0 378 0 395 0 279 0 183 0 91 0 
