0 76 92 48 -9 9 19 11

0 28 58 23 -16 0 6 3

0 52 84 55 -11 10 22 30

0 12 71 27 -12 1 11 3

0 31 65 70 -19 7 22 19

0 20 78 93 -19 16 29 21

0 0 73 60 -7 8 9 16

0 45 79 49 -20 13 32 35

0 10 70 4 -6 0 2 34

0 13 26 45 -4 1 13 11

0 57 89 16 -6 2 26 37

0 37 61 24 -10 29 46 10

0 2 75 58 -15 4 16 16

0 13 52 39 -5 7 13 1

0 31 58 5 -19 5 12 2

0 29 55 55 -2 6 9 37

0 85 99 58 -11 16 23 41

0 22 77 25 -3 9 25 29

0 86 90 97 -5 6 32 0

0 24 65 76 -11 20 31 12

0 50 72 92 -19 8 14 47

0 8 61 59 -3 3 5 45

0 20 47 31 -1 25 47 21

0 25 28 83 -4 18 22 23

0 12 25 40 -3 13 16 6

0 19 27 37 -9 18 29 19

0 35 56 86 -7 29 34 29

0 69 71 38 -6 0 1 31

0 10 12 57 -13 1 6 2

0 10 57 88 -18 3 5 3

0 39 76 57 -14 12 27 32

0 22 57 77 -1 10 18 8

0 0 95 7 -10 2 4 33

0 30 50 9 -10 2 4 42

0 45 79 74 -5 18 30 24

0 41 77 46 -16 10 49 7

0 9 22 84 -3 2 11 2

0 30 34 55 -6 30 47 13

0 53 91 76 -11 28 37 40

0 19 69 72 -9 37 38 38

0 43 76 66 -7 11 12 27

0 22 66 37 -14 9 46 2

0 10 78 21 -13 13 24 29

0 1 47 55 -8 23 35 44

0 47 48 46 -3 27 31 46

0 33 55 18 -13 29 32 29

0 33 77 67 -1 0 1 12

0 17 37 90 -19 3 8 2

0 18 42 29 -10 19 29 36

0 34 49 64 -11 11 49 28

0 2 68 1 -11 0 39 12

0 51 61 60 -17 41 44 47

0 37 74 17 -13 6 38 42

0 15 75 77 -5 6 8 47

0 0 25 34 -5 4 9 20

0 2 73 24 -19 9 17 40

0 15 36 25 -16 35 36 16

0 34 92 9 -16 22 44 17

0 6 12 82 -5 34 39 28

0 17 35 70 -5 3 4 46

0 28 32 87 -17 25 30 40

0 51 54 46 -6 2 3 46

0 2 13 93 -4 12 17 3

0 16 58 57 -14 29 38 48

0 2 25 77 -19 19 33 25

0 28 35 57 -9 17 45 7

0 5 55 85 -19 0 11 32

0 13 50 57 -4 33 36 28

0 4 23 11 -5 8 18 30

0 2 70 98 -13 7 8 48

0 44 86 10 -17 30 33 41

0 2 7 54 -4 3 5 16

0 45 53 81 -3 2 4 41

0 1 11 51 -9 12 41 39

0 4 17 12 -15 9 36 27

0 0 1 97 -10 22 39 17

0 27 32 16 -9 2 37 21

0 45 46 39 -1 5 26 42

0 38 68 55 -13 30 43 1

0 11 40 95 -7 5 45 49

0 6 20 81 -3 7 34 14

0 0 3 20 -10 7 15 14

0 16 35 4 -7 9 26 8

0 27 55 98 -19 13 45 14

0 25 84 0 -11 25 32 25

0 1 3 38 -3 8 21 10

0 21 30 3 -19 13 28 5

0 11 21 76 -3 14 48 30

0 0 1 30 -17 8 43 43

0 3 15 56 -14 5 15 45

0 3 53 93 -3 3 25 30

0 0 4 87 -4 25 27 9

0 10 15 69 -5 3 5 44

0 7 10 0 -15 7 11 14

0 2 11 63 -12 22 35 40

0 3 31 66 -1 4 21 30

0 2 14 11 -3 0 5 35

0 5 8 27 -6 32 41 0

0 3 7 13 -1 20 23 38

0 0 1 27 -13 14 18 48


SAlphaB: 712.0, std-dev 254.7017704467067

Earliest win: 37
Latest win: 81

WinDepth:
0 0 0 0 0 0 0 0 0 0 0 0 0 0 0 0 0 0 0 0 0 0 0 0 0 0 0 0 0 0 0 0 0 0 0 0 0 2 0 0 0 3 1 9 15 13 22 18 19 80 49 211 58 98 78 195 88 198 150 184 172 244 232 301 340 368 420 368 457 415 450 431 435 420 409 331 260 286 174 129 107 78 
SAlphaB:
0 0 0 0 0 0 0 0 0 0 0 0 0 0 0 0 0 0 0 0 0 0 0 0 0 0 0 0 0 0 0 0 0 0 0 0 0 2 0 0 0 3 1 9 15 13 22 18 19 80 49 211 58 98 78 195 88 198 150 184 172 244 232 301 340 368 420 368 457 415 450 431 435 420 409 331 260 286 174 129 107 78 

LossDepth:
SAlphaB:
0 0 0 0 0 0 0 0 0 0 0 0 0 0 0 0 0 0 0 0 0 0 0 0 0 0 0 0 0 0 0 0 0 0 0 0 0 2 0 0 0 3 1 9 15 13 22 18 19 80 49 211 58 98 78 195 88 198 150 184 172 244 232 301 340 368 420 368 457 415 450 431 435 420 409 331 260 286 174 129 107 78 

FirstWin:
0 0 0 0 0 0 0 0 0 0 0 0 0 0 0 0 0 0 0 0 0 0 0 0 0 0 0 0 0 0 0 0 0 0 0 0 0 2 0 0 0 3 0 9 0 13 0 18 0 80 0 211 0 98 0 195 0 198 0 184 0 244 0 301 0 368 0 368 0 415 0 431 0 420 0 331 0 286 0 129 0 78 
SAlphaB:
0 0 0 0 0 0 0 0 0 0 0 0 0 0 0 0 0 0 0 0 0 0 0 0 0 0 0 0 0 0 0 0 0 0 0 0 0 2 0 0 0 3 0 9 0 13 0 18 0 80 0 211 0 98 0 195 0 198 0 184 0 244 0 301 0 368 0 368 0 415 0 431 0 420 0 331 0 286 0 129 0 78 

SecondWin:
0 0 0 0 0 0 0 0 0 0 0 0 0 0 0 0 0 0 0 0 0 0 0 0 0 0 0 0 0 0 0 0 0 0 0 0 0 0 0 0 0 0 1 0 15 0 22 0 19 0 49 0 58 0 78 0 88 0 150 0 172 0 232 0 340 0 420 0 457 0 450 0 435 0 409 0 260 0 174 0 107 0 
SAlphaB:
0 0 0 0 0 0 0 0 0 0 0 0 0 0 0 0 0 0 0 0 0 0 0 0 0 0 0 0 0 0 0 0 0 0 0 0 0 0 0 0 0 0 1 0 15 0 22 0 19 0 49 0 58 0 78 0 88 0 150 0 172 0 232 0 340 0 420 0 457 0 450 0 435 0 409 0 260 0 174 0 107 0 
