0 49 72 32 -9 2 17 11

0 43 98 8 -16 0 8 25

0 84 88 71 -17 9 10 7

0 9 27 13 -9 0 4 15

0 92 95 69 -15 5 7 40

0 55 72 35 -18 3 9 46

0 57 66 55 -12 2 35 18

0 48 62 62 -15 2 8 13

0 25 97 0 -5 5 8 34

0 22 63 62 -18 12 35 22

0 60 86 84 -13 6 8 27

0 53 59 76 -2 16 27 27

0 0 44 66 -13 6 10 8

0 48 51 96 -14 12 46 9

0 59 82 77 -4 7 16 5

0 69 80 4 -2 2 49 2

0 22 42 40 -13 6 7 23

0 57 91 94 -18 5 31 7

0 49 92 20 -5 0 4 30

0 4 30 53 -12 0 1 15

0 7 38 37 -11 15 18 21

0 81 88 70 -10 27 31 38

0 10 59 50 -14 1 3 10

0 67 81 35 -6 29 31 17

0 76 95 15 -16 3 22 14

0 11 44 88 -20 10 17 15

0 40 81 96 -12 1 6 37

0 27 45 10 -7 6 22 14

0 37 46 21 -14 11 25 6

0 31 32 76 -5 11 27 23

0 7 59 80 -6 20 39 24

0 11 37 86 -9 0 14 27

0 29 49 27 -9 10 15 39

0 81 83 42 -1 1 2 3

0 26 66 92 -8 4 6 23

0 12 49 89 -11 9 11 11

0 28 80 94 -20 11 16 39

0 16 69 76 -2 18 23 15

0 52 57 8 -14 13 46 39

0 14 82 81 -17 12 40 18

0 15 38 31 -11 5 13 47

0 29 69 83 -1 14 34 4

0 65 96 95 -7 30 39 15

0 26 47 96 -9 35 39 40

0 14 71 6 -13 15 45 34

0 21 54 15 -4 20 32 2

0 38 83 53 -16 9 13 22

0 2 54 28 -7 6 21 40

0 0 71 36 -6 5 24 18

0 35 82 55 -10 12 23 6

0 19 96 33 -17 10 16 35

0 59 74 92 -18 5 42 47

0 8 35 53 -19 0 1 7

0 56 87 55 -5 29 40 0

0 20 32 17 -3 6 8 49

0 15 33 77 -3 36 44 7

0 42 45 84 -13 7 14 35

0 46 50 4 -2 1 9 15

0 10 29 67 -11 27 35 25

0 24 26 33 -11 10 22 6

0 22 44 3 -8 13 40 43

0 44 56 28 -14 15 36 14

0 28 32 93 -4 33 38 45

0 0 5 41 -1 8 21 0

0 1 7 37 -9 21 23 23

0 2 34 70 -5 4 5 1

0 13 50 25 -3 29 34 0

0 7 74 41 -11 16 26 27

0 1 34 26 -4 4 10 31

0 74 78 7 -2 16 43 45

0 8 32 90 -3 22 25 42

0 8 45 35 -9 39 46 7

0 10 11 26 -17 9 15 6

0 69 73 80 -3 35 38 30

0 25 37 26 -16 8 21 49

0 15 35 91 -14 35 44 5

0 11 76 80 -16 7 32 17

0 3 39 70 -14 26 45 49

0 34 91 19 -8 3 4 49

0 0 17 17 -10 2 4 15

0 5 18 55 -4 34 48 35

0 31 32 7 -1 1 47 21

0 22 49 55 -8 6 7 11

0 0 1 86 -9 5 6 21

0 0 16 25 -17 0 12 1

0 34 36 77 -4 8 39 46

0 5 68 4 -15 26 33 42

0 9 23 56 -12 30 39 3

0 5 9 54 -5 16 24 20

0 7 11 86 -9 2 28 1

0 0 26 57 -3 30 48 29

0 5 23 7 -13 9 28 49

0 7 9 53 -6 7 27 46

0 2 10 85 -12 29 44 10

0 0 1 42 -17 2 3 6

0 16 30 78 -6 9 49 42

0 0 2 57 -1 24 36 42

0 1 37 26 -3 9 46 32

0 11 24 51 -16 1 40 46

0 5 7 32 -19 11 13 48


SAlphaB: 708.0, std-dev 285.83071126988875

Earliest win: 35
Latest win: 81

WinDepth:
0 0 0 0 0 0 0 0 0 0 0 0 0 0 0 0 0 0 0 0 0 0 0 0 0 0 0 0 0 0 0 0 0 0 0 1 0 4 0 1 0 4 2 21 10 12 3 32 13 83 61 243 80 119 87 223 126 203 129 168 148 232 243 263 282 402 342 389 465 413 399 480 420 407 418 377 260 231 168 160 137 68 
SAlphaB:
0 0 0 0 0 0 0 0 0 0 0 0 0 0 0 0 0 0 0 0 0 0 0 0 0 0 0 0 0 0 0 0 0 0 0 1 0 4 0 1 0 4 2 21 10 12 3 32 13 83 61 243 80 119 87 223 126 203 129 168 148 232 243 263 282 402 342 389 465 413 399 480 420 407 418 377 260 231 168 160 137 68 

LossDepth:
SAlphaB:
0 0 0 0 0 0 0 0 0 0 0 0 0 0 0 0 0 0 0 0 0 0 0 0 0 0 0 0 0 0 0 0 0 0 0 1 0 4 0 1 0 4 2 21 10 12 3 32 13 83 61 243 80 119 87 223 126 203 129 168 148 232 243 263 282 402 342 389 465 413 399 480 420 407 418 377 260 231 168 160 137 68 

FirstWin:
0 0 0 0 0 0 0 0 0 0 0 0 0 0 0 0 0 0 0 0 0 0 0 0 0 0 0 0 0 0 0 0 0 0 0 1 0 4 0 1 0 4 0 21 0 12 0 32 0 83 0 243 0 119 0 223 0 203 0 168 0 232 0 263 0 402 0 389 0 413 0 480 0 407 0 377 0 231 0 160 0 68 
SAlphaB:
0 0 0 0 0 0 0 0 0 0 0 0 0 0 0 0 0 0 0 0 0 0 0 0 0 0 0 0 0 0 0 0 0 0 0 1 0 4 0 1 0 4 0 21 0 12 0 32 0 83 0 243 0 119 0 223 0 203 0 168 0 232 0 263 0 402 0 389 0 413 0 480 0 407 0 377 0 231 0 160 0 68 

SecondWin:
0 0 0 0 0 0 0 0 0 0 0 0 0 0 0 0 0 0 0 0 0 0 0 0 0 0 0 0 0 0 0 0 0 0 0 0 0 0 0 0 0 0 2 0 10 0 3 0 13 0 61 0 80 0 87 0 126 0 129 0 148 0 243 0 282 0 342 0 465 0 399 0 420 0 418 0 260 0 168 0 137 0 
SAlphaB:
0 0 0 0 0 0 0 0 0 0 0 0 0 0 0 0 0 0 0 0 0 0 0 0 0 0 0 0 0 0 0 0 0 0 0 0 0 0 0 0 0 0 2 0 10 0 3 0 13 0 61 0 80 0 87 0 126 0 129 0 148 0 243 0 282 0 342 0 465 0 399 0 420 0 418 0 260 0 168 0 137 0 
