0 61 96 25 -20 1 11 26

0 83 86 56 -10 9 22 12

0 45 72 94 -13 21 45 2

0 39 65 35 -5 2 4 13

0 78 87 44 -7 5 13 13

0 19 93 19 -11 6 12 5

0 64 99 30 -16 3 12 43

0 42 45 68 -15 4 18 16

0 31 80 70 -3 4 27 32

0 43 70 51 -9 7 8 43

0 22 68 61 -1 9 26 24

0 48 85 95 -2 8 15 19

0 23 72 26 -9 7 8 28

0 16 80 56 -5 4 10 6

0 40 41 15 -11 5 13 9

0 27 76 72 -16 13 26 5

0 71 72 89 -5 12 19 21

0 16 37 87 -13 12 25 20

0 30 81 37 -10 14 20 44

0 14 63 75 -20 8 11 24

0 31 54 9 -19 0 1 37

0 15 64 33 -1 1 18 11

0 58 84 87 -1 9 12 14

0 31 70 79 -12 0 6 42

0 41 55 97 -3 16 23 7

0 56 73 25 -11 24 26 14

0 91 92 39 -8 4 21 28

0 27 31 35 -3 6 14 7

0 79 83 46 -8 7 13 11

0 33 81 52 -10 23 41 12

0 54 90 33 -5 18 22 47

0 46 94 69 -5 6 9 44

0 23 35 62 -17 25 33 1

0 36 47 34 -18 14 37 13

0 23 66 24 -8 11 15 12

0 58 91 74 -8 30 43 39

0 6 76 85 -16 22 44 31

0 29 43 52 -2 6 37 32

0 39 77 97 -18 8 14 46

0 14 29 93 -16 11 26 20

0 8 44 62 -1 6 11 16

0 58 84 0 -4 5 9 15

0 37 57 11 -2 13 19 28

0 67 70 44 -3 25 29 32

0 43 54 4 -20 7 25 39

0 77 85 64 -4 28 49 34

0 8 46 15 -16 9 27 33

0 66 75 14 -10 20 47 15

0 35 90 26 -14 5 49 45

0 3 14 58 -17 4 6 25

0 1 53 32 -20 2 4 38

0 18 26 45 -13 0 3 45

0 23 38 61 -8 0 1 38

0 58 60 89 -13 38 39 34

0 36 79 58 -19 4 37 43

0 87 88 55 -7 18 26 45

0 19 81 22 -3 12 29 22

0 79 91 70 -12 39 44 40

0 40 58 17 -16 32 44 26

0 13 40 2 -19 0 4 42

0 13 62 10 -10 20 21 41

0 64 76 42 -20 31 35 43

0 47 84 28 -14 32 41 39

0 27 32 76 -19 4 39 44

0 15 48 71 -2 3 27 26

0 3 25 43 -16 8 41 44

0 8 22 65 -1 2 8 19

0 18 21 42 -20 3 5 29

0 35 38 86 -13 12 47 4

0 0 37 47 -18 16 47 6

0 7 23 0 -19 16 24 24

0 20 26 48 -14 14 37 4

0 6 37 23 -20 46 49 23

0 20 27 71 -8 21 22 40

0 9 23 17 -19 3 8 44

0 24 34 4 -12 13 41 7

0 5 45 43 -6 19 37 25

0 14 34 14 -11 3 23 22

0 38 59 2 -12 5 43 26

0 21 29 25 -3 38 46 42

0 44 64 90 -3 30 35 36

0 3 32 22 -4 18 39 26

0 6 7 51 -8 16 32 14

0 7 20 98 -10 38 41 47

0 3 28 43 -4 22 37 22

0 8 25 7 -2 5 34 17

0 1 35 76 -7 2 8 43

0 4 6 45 -17 11 23 35

0 6 22 42 -15 19 29 37

0 4 10 61 -10 1 40 31

0 10 26 5 -20 0 4 40

0 4 9 38 -2 16 28 17

0 13 18 39 -9 1 39 35

0 1 5 70 -20 0 19 29

0 1 9 29 -5 19 37 29

0 3 4 51 -17 16 18 44

0 5 6 30 -19 37 48 18

0 1 5 72 -19 10 17 15

0 1 2 92 -15 0 8 48

0 5 8 2 -14 14 40 37


SAlphaB: 692.0, std-dev 262.6305299323086

Earliest win: 37
Latest win: 81

WinDepth:
0 0 0 0 0 0 0 0 0 0 0 0 0 0 0 0 0 0 0 0 0 0 0 0 0 0 0 0 0 0 0 0 0 0 0 0 0 5 0 3 3 11 1 7 4 11 7 29 15 84 45 219 44 121 71 185 131 159 167 169 135 233 262 342 316 354 347 411 425 415 418 468 399 391 363 361 286 263 186 163 110 102 
SAlphaB:
0 0 0 0 0 0 0 0 0 0 0 0 0 0 0 0 0 0 0 0 0 0 0 0 0 0 0 0 0 0 0 0 0 0 0 0 0 5 0 3 3 11 1 7 4 11 7 29 15 84 45 219 44 121 71 185 131 159 167 169 135 233 262 342 316 354 347 411 425 415 418 468 399 391 363 361 286 263 186 163 110 102 

LossDepth:
SAlphaB:
0 0 0 0 0 0 0 0 0 0 0 0 0 0 0 0 0 0 0 0 0 0 0 0 0 0 0 0 0 0 0 0 0 0 0 0 0 5 0 3 3 11 1 7 4 11 7 29 15 84 45 219 44 121 71 185 131 159 167 169 135 233 262 342 316 354 347 411 425 415 418 468 399 391 363 361 286 263 186 163 110 102 

FirstWin:
0 0 0 0 0 0 0 0 0 0 0 0 0 0 0 0 0 0 0 0 0 0 0 0 0 0 0 0 0 0 0 0 0 0 0 0 0 5 0 3 0 11 0 7 0 11 0 29 0 84 0 219 0 121 0 185 0 159 0 169 0 233 0 342 0 354 0 411 0 415 0 468 0 391 0 361 0 263 0 163 0 102 
SAlphaB:
0 0 0 0 0 0 0 0 0 0 0 0 0 0 0 0 0 0 0 0 0 0 0 0 0 0 0 0 0 0 0 0 0 0 0 0 0 5 0 3 0 11 0 7 0 11 0 29 0 84 0 219 0 121 0 185 0 159 0 169 0 233 0 342 0 354 0 411 0 415 0 468 0 391 0 361 0 263 0 163 0 102 

SecondWin:
0 0 0 0 0 0 0 0 0 0 0 0 0 0 0 0 0 0 0 0 0 0 0 0 0 0 0 0 0 0 0 0 0 0 0 0 0 0 0 0 3 0 1 0 4 0 7 0 15 0 45 0 44 0 71 0 131 0 167 0 135 0 262 0 316 0 347 0 425 0 418 0 399 0 363 0 286 0 186 0 110 0 
SAlphaB:
0 0 0 0 0 0 0 0 0 0 0 0 0 0 0 0 0 0 0 0 0 0 0 0 0 0 0 0 0 0 0 0 0 0 0 0 0 0 0 0 3 0 1 0 4 0 7 0 15 0 45 0 44 0 71 0 131 0 167 0 135 0 262 0 316 0 347 0 425 0 418 0 399 0 363 0 286 0 186 0 110 0 
