0 26 84 15 -7 0 14 19

0 16 58 16 -2 2 8 17

0 52 93 36 -9 5 8 14

0 13 40 34 -2 4 9 9

0 61 95 11 -8 20 38 14

0 60 76 90 -2 10 23 27

0 61 85 10 -12 8 29 6

0 29 77 49 -1 5 12 6

0 37 38 67 -16 16 34 7

0 61 68 51 -4 3 10 16

0 23 99 54 -9 12 15 13

0 69 84 38 -14 2 3 22

0 14 55 3 -17 0 21 10

0 18 79 35 -11 2 3 30

0 83 94 55 -7 1 8 9

0 49 81 60 -6 12 34 31

0 13 55 3 -5 1 3 18

0 37 75 62 -14 9 10 21

0 35 74 10 -3 8 44 23

0 51 61 68 -16 4 31 8

0 67 85 27 -17 0 6 10

0 41 95 16 -16 9 42 7

0 51 96 30 -7 3 42 48

0 91 97 78 -16 0 2 38

0 29 50 86 -4 23 34 28

0 22 70 55 -13 4 46 11

0 45 77 77 -12 13 15 39

0 58 83 72 -12 25 36 21

0 3 54 38 -16 3 14 15

0 37 88 58 -9 1 31 23

0 28 90 33 -11 11 14 13

0 1 66 15 -20 0 1 4

0 7 30 56 -10 10 11 9

0 41 91 57 -6 0 3 21

0 28 80 0 -5 18 23 37

0 27 78 36 -9 0 39 11

0 5 48 35 -9 11 32 10

0 66 74 6 -4 40 49 34

0 13 32 7 -16 22 26 13

0 54 62 76 -2 11 12 47

0 13 41 10 -2 7 19 27

0 9 23 96 -3 6 20 13

0 85 95 86 -2 3 26 44

0 17 81 30 -12 1 25 17

0 36 39 66 -5 15 24 30

0 24 29 13 -20 5 23 26

0 19 21 55 -6 2 7 30

0 29 39 0 -7 10 34 26

0 12 20 98 -15 12 26 24

0 23 36 99 -13 1 8 37

0 36 40 94 -1 13 49 23

0 53 66 41 -14 21 30 19

0 76 87 11 -14 0 28 43

0 2 97 26 -6 7 28 47

0 85 88 20 -10 5 6 44

0 20 34 56 -20 2 3 25

0 1 30 43 -2 7 9 43

0 8 93 47 -19 5 11 39

0 38 66 48 -6 21 35 8

0 8 15 94 -12 33 44 37

0 13 83 40 -5 34 37 5

0 13 18 79 -9 18 25 23

0 39 75 6 -7 28 30 2

0 17 19 23 -8 11 41 35

0 3 28 90 -6 11 25 42

0 11 70 73 -19 0 5 36

0 19 43 77 -2 11 41 21

0 24 47 95 -4 0 14 26

0 1 55 16 -9 12 14 40

0 8 22 59 -11 11 23 2

0 1 80 95 -8 1 6 37

0 38 61 39 -20 30 39 11

0 4 16 63 -4 19 49 25

0 8 12 35 -14 45 46 45

0 0 2 68 -4 6 9 32

0 22 32 51 -8 0 15 39

0 3 7 46 -18 0 13 20

0 18 56 51 -19 0 39 27

0 0 15 58 -1 41 43 4

0 39 44 14 -2 1 10 36

0 43 49 21 -14 30 35 3

0 12 16 64 -7 19 29 2

0 4 9 66 -14 1 11 14

0 0 10 79 -2 8 19 26

0 3 21 9 -10 0 25 6

0 1 2 38 -6 26 34 23

0 28 57 45 -1 22 23 13

0 21 27 21 -15 10 49 36

0 9 14 57 -4 15 44 30

0 5 9 70 -3 27 43 1

0 13 16 12 -16 13 31 41

0 51 54 82 -19 45 47 0

0 1 9 97 -19 31 33 2

0 0 9 10 -11 3 19 31

0 5 29 99 -19 34 43 12

0 0 17 2 -2 17 22 38

0 9 12 35 -6 26 49 45

0 12 20 67 -5 16 33 49

0 1 4 17 -11 14 31 40

0 5 13 70 -7 4 8 36


SAlphaB: 702.0, std-dev 267.95165326015155

Earliest win: 37
Latest win: 81

WinDepth:
0 0 0 0 0 0 0 0 0 0 0 0 0 0 0 0 0 0 0 0 0 0 0 0 0 0 0 0 0 0 0 0 0 0 0 0 0 1 1 7 0 6 6 6 24 17 15 34 31 64 80 130 91 106 98 178 112 182 151 197 164 278 224 332 297 423 414 417 420 410 432 429 385 382 391 399 287 268 180 137 103 82 
SAlphaB:
0 0 0 0 0 0 0 0 0 0 0 0 0 0 0 0 0 0 0 0 0 0 0 0 0 0 0 0 0 0 0 0 0 0 0 0 0 1 1 7 0 6 6 6 24 17 15 34 31 64 80 130 91 106 98 178 112 182 151 197 164 278 224 332 297 423 414 417 420 410 432 429 385 382 391 399 287 268 180 137 103 82 

LossDepth:
SAlphaB:
0 0 0 0 0 0 0 0 0 0 0 0 0 0 0 0 0 0 0 0 0 0 0 0 0 0 0 0 0 0 0 0 0 0 0 0 0 1 1 7 0 6 6 6 24 17 15 34 31 64 80 130 91 106 98 178 112 182 151 197 164 278 224 332 297 423 414 417 420 410 432 429 385 382 391 399 287 268 180 137 103 82 

FirstWin:
0 0 0 0 0 0 0 0 0 0 0 0 0 0 0 0 0 0 0 0 0 0 0 0 0 0 0 0 0 0 0 0 0 0 0 0 0 1 0 7 0 6 0 6 0 17 0 34 0 64 0 130 0 106 0 178 0 182 0 197 0 278 0 332 0 423 0 417 0 410 0 429 0 382 0 399 0 268 0 137 0 82 
SAlphaB:
0 0 0 0 0 0 0 0 0 0 0 0 0 0 0 0 0 0 0 0 0 0 0 0 0 0 0 0 0 0 0 0 0 0 0 0 0 1 0 7 0 6 0 6 0 17 0 34 0 64 0 130 0 106 0 178 0 182 0 197 0 278 0 332 0 423 0 417 0 410 0 429 0 382 0 399 0 268 0 137 0 82 

SecondWin:
0 0 0 0 0 0 0 0 0 0 0 0 0 0 0 0 0 0 0 0 0 0 0 0 0 0 0 0 0 0 0 0 0 0 0 0 0 0 1 0 0 0 6 0 24 0 15 0 31 0 80 0 91 0 98 0 112 0 151 0 164 0 224 0 297 0 414 0 420 0 432 0 385 0 391 0 287 0 180 0 103 0 
SAlphaB:
0 0 0 0 0 0 0 0 0 0 0 0 0 0 0 0 0 0 0 0 0 0 0 0 0 0 0 0 0 0 0 0 0 0 0 0 0 0 1 0 0 0 6 0 24 0 15 0 31 0 80 0 91 0 98 0 112 0 151 0 164 0 224 0 297 0 414 0 420 0 432 0 385 0 391 0 287 0 180 0 103 0 
