0 59 94 16 -4 1 15 10

0 23 61 76 -7 2 16 20

0 77 94 79 -8 7 31 27

0 48 63 63 -12 0 21 18

0 47 76 18 -2 2 7 13

0 47 67 94 -18 38 49 25

0 33 84 14 -15 3 33 2

0 45 81 85 -18 5 6 45

0 31 54 88 -5 6 31 10

0 8 19 86 -2 13 15 11

0 25 59 21 -11 1 18 22

0 18 55 95 -14 1 7 39

0 47 48 69 -4 5 13 1

0 52 59 62 -19 5 7 10

0 1 47 80 -13 5 19 5

0 29 50 90 -20 2 6 45

0 11 65 91 -10 9 14 6

0 57 91 83 -20 2 15 47

0 19 96 96 -5 0 13 46

0 19 37 68 -5 23 34 9

0 2 57 75 -12 20 36 21

0 64 96 17 -9 19 24 0

0 23 49 82 -3 18 28 2

0 47 51 76 -7 16 37 25

0 26 74 74 -14 14 35 28

0 11 24 44 -2 8 14 4

0 5 51 4 -16 11 15 9

0 8 29 96 -16 12 22 17

0 18 32 93 -10 3 16 8

0 52 56 40 -19 0 1 17

0 6 50 60 -14 5 38 30

0 24 32 41 -15 2 17 20

0 7 12 58 -10 1 3 0

0 73 98 13 -18 1 7 42

0 9 38 47 -2 19 26 17

0 9 62 58 -7 11 12 48

0 3 96 42 -9 8 18 40

0 1 79 1 -12 9 34 11

0 16 40 76 -10 0 7 40

0 9 14 65 -11 21 28 37

0 46 97 11 -5 0 3 24

0 59 67 79 -6 39 47 16

0 9 77 45 -20 1 14 16

0 23 81 96 -19 17 38 43

0 16 19 50 -15 1 13 11

0 13 55 97 -16 4 8 35

0 45 46 61 -14 37 38 15

0 3 56 59 -15 0 3 17

0 25 42 94 -6 4 20 32

0 24 25 39 -2 1 3 17

0 29 50 58 -6 5 42 13

0 4 25 73 -2 27 35 19

0 18 66 72 -8 5 38 1

0 4 83 15 -18 5 10 20

0 72 78 27 -2 2 3 18

0 21 38 7 -8 24 27 15

0 13 55 74 -10 2 45 3

0 25 63 47 -4 2 7 44

0 53 68 60 -14 7 49 31

0 58 64 14 -3 1 2 19

0 27 61 40 -3 16 22 33

0 37 60 55 -9 0 49 13

0 9 21 22 -3 20 33 20

0 24 87 92 -6 5 39 48

0 5 26 51 -14 21 25 14

0 7 17 37 -19 5 32 17

0 13 93 87 -5 0 1 33

0 13 21 65 -15 7 9 27

0 10 13 62 -8 1 43 0

0 0 7 91 -6 21 23 20

0 4 58 63 -8 17 47 15

0 6 16 88 -8 22 33 24

0 29 33 85 -10 12 20 45

0 15 76 59 -11 37 43 44

0 2 6 45 -14 4 39 47

0 4 23 7 -13 4 12 29

0 21 32 31 -18 4 33 25

0 48 54 69 -15 34 41 4

0 10 11 35 -17 9 12 6

0 8 20 97 -20 1 9 21

0 26 27 37 -19 28 39 47

0 0 1 44 -1 30 43 15

0 3 6 55 -17 41 49 23

0 1 30 0 -17 23 31 12

0 4 9 78 -3 29 35 19

0 3 8 53 -13 3 11 29

0 0 8 52 -5 20 39 30

0 4 10 49 -14 18 25 23

0 7 9 49 -9 21 38 36

0 3 25 24 -9 2 37 36

0 1 19 1 -5 6 14 29

0 1 2 5 -4 2 4 6

0 57 60 7 -6 36 43 9

0 22 30 54 -14 22 23 49

0 40 43 69 -10 1 41 49

0 42 70 77 -2 0 1 45

0 2 13 98 -8 26 29 0

0 8 27 39 -14 20 28 48

0 0 2 17 -2 1 3 13

0 27 42 41 -1 3 38 33


SAlphaB: 741.0, std-dev 252.77150989010056

Earliest win: 35
Latest win: 81

WinDepth:
0 0 0 0 0 0 0 0 0 0 0 0 0 0 0 0 0 0 0 0 0 0 0 0 0 0 0 0 0 0 0 0 0 0 0 1 0 1 0 1 11 2 1 7 5 8 6 41 32 63 52 245 63 84 81 128 114 134 136 186 185 222 233 345 327 340 432 338 437 433 444 421 460 455 467 392 266 248 160 160 96 78 
SAlphaB:
0 0 0 0 0 0 0 0 0 0 0 0 0 0 0 0 0 0 0 0 0 0 0 0 0 0 0 0 0 0 0 0 0 0 0 1 0 1 0 1 11 2 1 7 5 8 6 41 32 63 52 245 63 84 81 128 114 134 136 186 185 222 233 345 327 340 432 338 437 433 444 421 460 455 467 392 266 248 160 160 96 78 

LossDepth:
SAlphaB:
0 0 0 0 0 0 0 0 0 0 0 0 0 0 0 0 0 0 0 0 0 0 0 0 0 0 0 0 0 0 0 0 0 0 0 1 0 1 0 1 11 2 1 7 5 8 6 41 32 63 52 245 63 84 81 128 114 134 136 186 185 222 233 345 327 340 432 338 437 433 444 421 460 455 467 392 266 248 160 160 96 78 

FirstWin:
0 0 0 0 0 0 0 0 0 0 0 0 0 0 0 0 0 0 0 0 0 0 0 0 0 0 0 0 0 0 0 0 0 0 0 1 0 1 0 1 0 2 0 7 0 8 0 41 0 63 0 245 0 84 0 128 0 134 0 186 0 222 0 345 0 340 0 338 0 433 0 421 0 455 0 392 0 248 0 160 0 78 
SAlphaB:
0 0 0 0 0 0 0 0 0 0 0 0 0 0 0 0 0 0 0 0 0 0 0 0 0 0 0 0 0 0 0 0 0 0 0 1 0 1 0 1 0 2 0 7 0 8 0 41 0 63 0 245 0 84 0 128 0 134 0 186 0 222 0 345 0 340 0 338 0 433 0 421 0 455 0 392 0 248 0 160 0 78 

SecondWin:
0 0 0 0 0 0 0 0 0 0 0 0 0 0 0 0 0 0 0 0 0 0 0 0 0 0 0 0 0 0 0 0 0 0 0 0 0 0 0 0 11 0 1 0 5 0 6 0 32 0 52 0 63 0 81 0 114 0 136 0 185 0 233 0 327 0 432 0 437 0 444 0 460 0 467 0 266 0 160 0 96 0 
SAlphaB:
0 0 0 0 0 0 0 0 0 0 0 0 0 0 0 0 0 0 0 0 0 0 0 0 0 0 0 0 0 0 0 0 0 0 0 0 0 0 0 0 11 0 1 0 5 0 6 0 32 0 52 0 63 0 81 0 114 0 136 0 185 0 233 0 327 0 432 0 437 0 444 0 460 0 467 0 266 0 160 0 96 0 
