0 23 45 67 -8 1 3 2

0 26 74 41 -13 4 16 14

0 18 87 94 -11 2 10 18

0 21 69 2 -13 0 4 11

0 76 88 31 -16 12 39 27

0 69 75 76 -5 9 18 12

0 34 90 14 -17 0 13 13

0 41 84 55 -19 3 20 25

0 19 71 17 -11 1 2 3

0 32 88 80 -16 1 2 23

0 66 87 43 -5 19 34 14

0 43 83 85 -15 7 28 22

0 27 75 40 -12 3 4 9

0 33 53 11 -15 0 9 15

0 22 64 82 -11 0 10 17

0 63 78 86 -5 13 28 18

0 24 83 65 -10 0 1 18

0 75 76 39 -8 7 23 28

0 57 88 96 -10 12 40 1

0 55 76 80 -14 11 25 24

0 50 71 46 -3 0 11 6

0 57 80 59 -15 0 11 4

0 75 94 43 -16 12 44 34

0 30 87 28 -8 0 4 14

0 35 36 31 -11 3 5 9

0 24 96 28 -17 3 9 17

0 47 76 65 -8 5 18 19

0 28 99 17 -14 2 16 39

0 33 68 88 -12 6 21 4

0 86 91 44 -11 3 31 4

0 40 67 23 -6 11 23 35

0 61 70 73 -15 15 25 0

0 28 48 3 -11 1 4 16

0 72 91 41 -9 7 15 6

0 23 87 15 -18 0 24 30

0 44 98 37 -5 1 6 28

0 73 83 72 -12 5 24 19

0 37 93 16 -19 8 18 13

0 18 97 19 -18 0 2 34

0 73 94 73 -1 9 36 3

0 49 88 97 -6 0 9 20

0 15 55 43 -6 0 1 9

0 40 59 33 -11 0 21 36

0 58 86 89 -14 9 14 10

0 4 93 40 -19 21 43 29

0 41 90 93 -1 13 17 18

0 13 33 20 -10 2 4 8

0 20 57 12 -9 3 4 0

0 46 67 25 -19 11 14 6

0 58 61 77 -10 6 22 38

0 36 73 1 -8 3 4 0

0 70 81 45 -20 3 37 35

0 29 65 74 -19 4 7 16

0 73 83 5 -19 1 7 27

0 65 70 65 -14 9 21 32

0 51 63 54 -6 13 29 38

0 30 97 64 -9 5 7 26

0 59 75 52 -17 0 11 45

0 28 77 78 -15 0 5 32

0 54 61 7 -19 3 10 46

0 51 66 25 -5 7 11 20

0 18 75 26 -19 1 6 22

0 45 92 15 -16 4 5 20

0 26 85 60 -16 6 9 20

0 38 86 48 -13 6 23 39

0 44 50 45 -9 3 5 11

0 18 50 97 -10 1 2 4

0 52 74 77 -11 4 23 36

0 14 34 47 -10 0 6 16

0 67 96 1 -20 8 20 30

0 37 45 39 -19 2 13 13

0 42 66 53 -12 1 19 2

0 43 87 58 -15 22 29 19

0 21 72 80 -6 2 30 5

0 29 50 11 -7 3 22 30

0 18 45 17 -7 6 7 5

0 24 82 54 -13 31 44 13

0 13 97 40 -12 5 9 20

0 7 84 65 -2 7 19 18

0 4 17 54 -3 0 1 6

0 19 55 62 -6 5 32 5

0 85 99 51 -13 1 6 34

0 31 69 75 -5 4 12 37

0 33 81 35 -1 17 41 22

0 17 45 64 -12 0 14 35

0 32 36 28 -8 4 10 20

0 68 78 62 -14 21 46 10

0 29 60 23 -6 10 16 13

0 24 51 84 -7 8 24 20

0 2 91 8 -7 5 6 21

0 11 81 78 -1 9 25 8

0 14 46 47 -20 1 3 33

0 25 32 26 -3 16 28 9

0 23 43 48 -9 7 15 18

0 42 77 84 -5 22 37 5

0 1 92 79 -15 33 40 21

0 0 52 63 -5 7 20 8

0 3 75 8 -11 7 27 2

0 35 50 85 -9 27 35 12

0 18 96 86 -4 5 11 24


SAlphaB: 731.0, std-dev 268.72834787103307

Earliest win: 35
Latest win: 81

WinDepth:
0 0 0 0 0 0 0 0 0 0 0 0 0 0 0 0 0 0 0 0 0 0 0 0 0 0 0 0 0 0 0 0 0 0 0 5 2 12 1 40 6 41 6 51 14 71 39 170 70 183 152 463 160 307 254 468 382 617 380 587 425 694 654 752 738 899 877 940 964 901 937 918 941 845 890 753 609 454 353 308 212 153 
SAlphaB:
0 0 0 0 0 0 0 0 0 0 0 0 0 0 0 0 0 0 0 0 0 0 0 0 0 0 0 0 0 0 0 0 0 0 0 5 2 12 1 40 6 41 6 51 14 71 39 170 70 183 152 463 160 307 254 468 382 617 380 587 425 694 654 752 738 899 877 940 964 901 937 918 941 845 890 753 609 454 353 308 212 153 

LossDepth:
SAlphaB:
0 0 0 0 0 0 0 0 0 0 0 0 0 0 0 0 0 0 0 0 0 0 0 0 0 0 0 0 0 0 0 0 0 0 0 3 2 12 1 38 7 23 0 47 8 41 26 79 34 94 106 191 92 168 161 261 191 383 242 338 260 463 398 587 543 650 666 770 700 749 713 799 669 687 662 717 483 434 282 265 218 147 

FirstWin:
0 0 0 0 0 0 0 0 0 0 0 0 0 0 0 0 0 0 0 0 0 0 0 0 0 0 0 0 0 0 0 0 0 0 0 5 0 12 0 40 0 41 0 51 0 71 0 170 0 183 0 463 0 307 0 468 0 617 0 587 0 694 0 752 0 899 0 940 0 901 0 918 0 845 0 753 0 454 0 308 0 153 
SAlphaB:
0 0 0 0 0 0 0 0 0 0 0 0 0 0 0 0 0 0 0 0 0 0 0 0 0 0 0 0 0 0 0 0 0 0 0 5 0 12 0 40 0 41 0 51 0 71 0 170 0 183 0 463 0 307 0 468 0 617 0 587 0 694 0 752 0 899 0 940 0 901 0 918 0 845 0 753 0 454 0 308 0 153 

SecondWin:
0 0 0 0 0 0 0 0 0 0 0 0 0 0 0 0 0 0 0 0 0 0 0 0 0 0 0 0 0 0 0 0 0 0 0 0 2 0 1 0 6 0 6 0 14 0 39 0 70 0 152 0 160 0 254 0 382 0 380 0 425 0 654 0 738 0 877 0 964 0 937 0 941 0 890 0 609 0 353 0 212 0 
SAlphaB:
0 0 0 0 0 0 0 0 0 0 0 0 0 0 0 0 0 0 0 0 0 0 0 0 0 0 0 0 0 0 0 0 0 0 0 0 2 0 1 0 6 0 6 0 14 0 39 0 70 0 152 0 160 0 254 0 382 0 380 0 425 0 654 0 738 0 877 0 964 0 937 0 941 0 890 0 609 0 353 0 212 0 
