0 18 87 94 -11 2 10 18

0 14 34 47 -10 0 6 16

0 22 64 82 -11 0 10 17

0 33 81 35 -1 17 41 22

0 40 67 23 -6 11 23 35

0 73 83 5 -19 1 7 27

0 14 46 47 -20 1 3 33

0 54 61 7 -19 3 10 46

0 72 91 41 -9 7 15 6

0 23 43 48 -9 7 15 18

0 88 89 11 -9 9 23 6

0 61 75 6 -8 9 11 0

0 59 91 8 -6 7 17 39

0 15 91 50 -8 0 42 19

0 21 60 92 -10 3 23 34

0 26 48 59 -9 18 34 24

0 71 85 17 -5 7 8 27

0 25 31 58 -17 3 13 22

0 21 74 65 -7 12 40 11

0 21 29 86 -8 16 35 14

0 26 33 36 -4 4 12 30

0 78 81 40 -11 2 4 13

0 53 75 77 -4 18 24 33

0 36 88 56 -4 17 30 32

0 50 84 59 -11 18 43 14

0 21 32 30 -19 3 8 32

0 11 93 50 -2 2 18 28

0 26 63 77 -12 9 33 37

0 28 57 26 -2 0 2 23

0 28 86 49 -10 12 22 34

0 72 90 42 -3 8 24 28

0 36 69 88 -2 15 22 44

0 29 84 30 -2 11 33 34

0 48 62 49 -14 13 29 19

0 17 32 67 -16 5 6 22

0 15 94 77 -19 31 38 28

0 72 90 13 -2 5 6 14

0 14 68 66 -2 24 44 46

0 38 53 30 -12 12 36 22

0 58 62 87 -16 7 11 41

0 44 54 37 -4 12 20 38

0 54 60 79 -11 9 12 14

0 48 52 78 -2 8 9 32

0 15 34 42 -10 1 19 0

0 18 60 80 -13 2 6 41

0 19 88 35 -20 6 34 35

0 11 50 67 -14 24 27 19

0 36 65 81 -10 0 37 47

0 20 27 11 -14 10 19 4

0 16 36 48 -3 7 9 42

0 24 35 21 -10 6 11 24

0 13 77 93 -6 28 47 3

0 13 21 80 -19 15 43 32

0 46 93 50 -16 33 34 31

0 31 36 13 -8 15 20 13

0 65 75 97 -9 17 43 5

0 63 75 44 -19 24 25 22

0 24 32 85 -12 9 27 27

0 4 20 1 -2 7 17 26

0 10 25 72 -19 15 47 24

0 17 73 7 -10 21 32 24

0 2 33 60 -4 1 19 15

0 22 29 30 -7 35 41 8

0 39 41 12 -3 9 45 33

0 8 44 89 -4 32 44 25

0 12 19 55 -2 23 30 30

0 5 80 43 -3 18 25 32

0 48 67 67 -8 26 29 16

0 12 37 6 -1 3 45 10

0 19 76 4 -18 23 48 19

0 20 99 64 -20 17 20 9

0 0 53 3 -14 6 7 32

0 23 59 14 -6 12 13 19

0 89 99 62 -16 45 47 8

0 3 18 55 -13 11 48 18

0 20 37 6 -17 9 33 17

0 14 19 98 -11 38 43 46

0 16 28 56 -8 8 10 44

0 23 49 71 -17 6 11 1

0 6 38 44 -3 19 48 22

0 14 15 81 -5 41 48 18

0 3 15 32 -3 13 30 35

0 6 17 79 -4 6 27 20

0 7 27 23 -7 38 41 0

0 0 22 46 -19 12 43 8

0 9 47 4 -3 34 38 47

0 2 15 51 -2 4 12 38

0 12 24 32 -12 3 22 43

0 13 17 56 -14 43 46 36

0 17 27 28 -3 20 23 38

0 9 40 86 -2 3 39 21

0 9 14 97 -10 24 46 47

0 12 78 80 -5 8 40 45

0 0 9 27 -12 7 13 29

0 4 17 33 -12 30 41 18

0 3 8 32 -6 9 15 6

0 5 25 71 -1 6 36 40

0 7 27 27 -14 17 30 36

0 7 8 45 -4 3 26 45

0 2 7 34 -4 7 33 30


SAlphaB: 687.0, std-dev 268.3076848272776

Earliest win: 35
Latest win: 81

WinDepth:
0 0 0 0 0 0 0 0 0 0 0 0 0 0 0 0 0 0 0 0 0 0 0 0 0 0 0 0 0 0 0 0 0 0 0 1 0 8 0 11 3 7 1 15 14 17 15 49 29 52 75 246 68 134 114 162 93 199 158 211 187 247 241 296 338 353 369 433 398 369 472 453 355 397 386 341 300 212 179 135 94 92 
SAlphaB:
0 0 0 0 0 0 0 0 0 0 0 0 0 0 0 0 0 0 0 0 0 0 0 0 0 0 0 0 0 0 0 0 0 0 0 1 0 8 0 11 3 7 1 15 14 17 15 49 29 52 75 246 68 134 114 162 93 199 158 211 187 247 241 296 338 353 369 433 398 369 472 453 355 397 386 341 300 212 179 135 94 92 

LossDepth:
SAlphaB:
0 0 0 0 0 0 0 0 0 0 0 0 0 0 0 0 0 0 0 0 0 0 0 0 0 0 0 0 0 0 0 0 0 0 0 1 0 8 0 11 3 7 1 15 14 17 15 49 29 52 75 246 68 134 114 162 93 199 158 211 187 247 241 296 338 353 369 433 398 369 472 453 355 397 386 341 300 212 179 135 94 92 

FirstWin:
0 0 0 0 0 0 0 0 0 0 0 0 0 0 0 0 0 0 0 0 0 0 0 0 0 0 0 0 0 0 0 0 0 0 0 1 0 8 0 11 0 7 0 15 0 17 0 49 0 52 0 246 0 134 0 162 0 199 0 211 0 247 0 296 0 353 0 433 0 369 0 453 0 397 0 341 0 212 0 135 0 92 
SAlphaB:
0 0 0 0 0 0 0 0 0 0 0 0 0 0 0 0 0 0 0 0 0 0 0 0 0 0 0 0 0 0 0 0 0 0 0 1 0 8 0 11 0 7 0 15 0 17 0 49 0 52 0 246 0 134 0 162 0 199 0 211 0 247 0 296 0 353 0 433 0 369 0 453 0 397 0 341 0 212 0 135 0 92 

SecondWin:
0 0 0 0 0 0 0 0 0 0 0 0 0 0 0 0 0 0 0 0 0 0 0 0 0 0 0 0 0 0 0 0 0 0 0 0 0 0 0 0 3 0 1 0 14 0 15 0 29 0 75 0 68 0 114 0 93 0 158 0 187 0 241 0 338 0 369 0 398 0 472 0 355 0 386 0 300 0 179 0 94 0 
SAlphaB:
0 0 0 0 0 0 0 0 0 0 0 0 0 0 0 0 0 0 0 0 0 0 0 0 0 0 0 0 0 0 0 0 0 0 0 0 0 0 0 0 3 0 1 0 14 0 15 0 29 0 75 0 68 0 114 0 93 0 158 0 187 0 241 0 338 0 369 0 398 0 472 0 355 0 386 0 300 0 179 0 94 0 
