0 21 69 2 -13 0 4 11

0 63 78 86 -5 13 28 18

0 67 96 1 -20 8 20 30

0 33 68 88 -12 6 21 4

0 15 55 43 -6 0 1 9

0 46 67 25 -19 11 14 6

0 1 92 79 -15 33 40 21

0 25 32 26 -3 16 28 9

0 31 69 75 -5 4 12 37

0 29 60 23 -6 10 16 13

0 78 99 86 -7 5 35 16

0 4 86 49 -10 27 43 19

0 44 62 57 -3 12 17 18

0 8 56 32 -1 16 24 10

0 55 74 64 -6 16 20 28

0 30 82 73 -14 1 9 37

0 12 45 44 -11 0 1 20

0 28 45 78 -6 6 20 14

0 52 59 74 -18 7 9 19

0 5 98 42 -4 0 10 14

0 42 87 92 -13 9 24 17

0 59 75 51 -13 4 7 31

0 42 62 85 -15 4 31 36

0 59 61 32 -1 1 4 4

0 12 72 73 -12 40 42 26

0 1 39 54 -1 25 30 19

0 14 87 87 -17 4 9 1

0 21 50 81 -13 1 4 26

0 57 59 70 -5 3 4 26

0 26 45 21 -1 18 27 18

0 55 79 27 -15 1 37 11

0 18 95 83 -5 0 14 48

0 17 84 17 -18 8 14 27

0 71 98 8 -3 7 13 27

0 14 32 46 -16 39 40 21

0 10 43 92 -19 0 2 27

0 14 41 78 -10 3 5 29

0 27 66 47 -20 1 21 45

0 11 75 18 -5 9 19 10

0 11 67 90 -15 22 42 29

0 2 52 45 -18 18 48 39

0 43 74 90 -8 1 18 24

0 70 88 30 -16 21 29 3

0 20 30 37 -3 11 21 23

0 39 61 92 -16 19 32 30

0 30 44 93 -16 7 11 14

0 50 81 18 -12 12 42 2

0 38 93 43 -13 11 13 38

0 25 66 96 -10 13 42 39

0 24 48 59 -15 3 23 29

0 21 23 59 -3 15 36 1

0 2 11 50 -4 7 9 11

0 13 62 13 -10 7 10 25

0 89 92 41 -17 3 4 12

0 44 51 32 -2 6 10 35

0 33 46 38 -2 11 16 18

0 21 54 36 -19 28 49 9

0 0 19 17 -9 20 45 21

0 1 87 24 -17 13 21 26

0 1 11 67 -19 8 36 42

0 8 95 60 -9 18 34 23

0 15 25 64 -15 5 11 48

0 33 43 56 -3 2 11 38

0 1 3 59 -18 42 48 43

0 21 57 71 -15 13 14 46

0 14 31 30 -11 0 4 42

0 8 12 23 -15 3 25 29

0 9 15 47 -19 11 32 40

0 1 2 98 -9 3 6 13

0 7 58 23 -1 0 17 44

0 2 37 78 -7 5 29 12

0 17 73 91 -1 0 17 24

0 0 5 36 -6 0 35 4

0 17 86 58 -7 21 39 47

0 2 4 70 -20 31 33 34

0 5 11 69 -1 0 1 12

0 4 43 76 -7 6 7 43

0 26 28 15 -3 0 5 19

0 15 19 89 -1 18 45 28

0 16 31 86 -12 3 30 18

0 24 45 18 -5 16 32 35

0 16 18 2 -9 9 46 5

0 6 9 76 -3 26 29 31

0 1 25 91 -8 7 22 45

0 5 50 53 -7 1 32 39

0 0 56 72 -3 4 11 24

0 1 2 63 -8 29 32 46

0 6 21 59 -14 19 21 44

0 11 18 43 -9 3 18 34

0 4 12 63 -11 0 1 24

0 1 11 25 -11 17 47 33

0 13 24 64 -4 37 46 3

0 3 4 57 -17 1 27 15

0 27 35 5 -12 28 34 49

0 8 14 24 -13 1 2 46

0 0 1 8 -16 25 36 45

0 0 1 11 -8 34 40 47

0 13 14 42 -1 19 34 40

0 1 7 12 -14 13 22 29

0 10 15 32 -3 14 22 49


SAlphaB: 700.0, std-dev 255.95775525415806

Earliest win: 35
Latest win: 81

WinDepth:
0 0 0 0 0 0 0 0 0 0 0 0 0 0 0 0 0 0 0 0 0 0 0 0 0 0 0 0 0 0 0 0 0 0 0 2 0 0 0 1 1 9 2 4 14 13 10 36 21 43 58 174 50 111 73 180 87 226 180 161 176 233 268 341 337 366 358 368 496 402 440 485 459 379 386 363 267 266 210 131 106 73 
SAlphaB:
0 0 0 0 0 0 0 0 0 0 0 0 0 0 0 0 0 0 0 0 0 0 0 0 0 0 0 0 0 0 0 0 0 0 0 2 0 0 0 1 1 9 2 4 14 13 10 36 21 43 58 174 50 111 73 180 87 226 180 161 176 233 268 341 337 366 358 368 496 402 440 485 459 379 386 363 267 266 210 131 106 73 

LossDepth:
SAlphaB:
0 0 0 0 0 0 0 0 0 0 0 0 0 0 0 0 0 0 0 0 0 0 0 0 0 0 0 0 0 0 0 0 0 0 0 2 0 0 0 1 1 9 2 4 14 13 10 36 21 43 58 174 50 111 73 180 87 226 180 161 176 233 268 341 337 366 358 368 496 402 440 485 459 379 386 363 267 266 210 131 106 73 

FirstWin:
0 0 0 0 0 0 0 0 0 0 0 0 0 0 0 0 0 0 0 0 0 0 0 0 0 0 0 0 0 0 0 0 0 0 0 2 0 0 0 1 0 9 0 4 0 13 0 36 0 43 0 174 0 111 0 180 0 226 0 161 0 233 0 341 0 366 0 368 0 402 0 485 0 379 0 363 0 266 0 131 0 73 
SAlphaB:
0 0 0 0 0 0 0 0 0 0 0 0 0 0 0 0 0 0 0 0 0 0 0 0 0 0 0 0 0 0 0 0 0 0 0 2 0 0 0 1 0 9 0 4 0 13 0 36 0 43 0 174 0 111 0 180 0 226 0 161 0 233 0 341 0 366 0 368 0 402 0 485 0 379 0 363 0 266 0 131 0 73 

SecondWin:
0 0 0 0 0 0 0 0 0 0 0 0 0 0 0 0 0 0 0 0 0 0 0 0 0 0 0 0 0 0 0 0 0 0 0 0 0 0 0 0 1 0 2 0 14 0 10 0 21 0 58 0 50 0 73 0 87 0 180 0 176 0 268 0 337 0 358 0 496 0 440 0 459 0 386 0 267 0 210 0 106 0 
SAlphaB:
0 0 0 0 0 0 0 0 0 0 0 0 0 0 0 0 0 0 0 0 0 0 0 0 0 0 0 0 0 0 0 0 0 0 0 0 0 0 0 0 1 0 2 0 14 0 10 0 21 0 58 0 50 0 73 0 87 0 180 0 176 0 268 0 337 0 358 0 496 0 440 0 459 0 386 0 267 0 210 0 106 0 
