0 18 75 26 -19 1 6 22

0 32 88 80 -16 1 2 23

0 65 70 65 -14 9 21 32

0 26 74 41 -13 4 16 14

0 55 76 80 -14 11 25 24

0 61 70 73 -15 15 25 0

0 86 91 44 -11 3 31 4

0 49 88 97 -6 0 9 20

0 13 33 20 -10 2 4 8

0 58 86 89 -14 9 14 10

0 5 66 32 -4 11 28 18

0 28 30 98 -3 12 39 8

0 17 54 75 -10 4 8 8

0 93 96 95 -6 20 26 44

0 10 79 75 -8 5 19 19

0 23 39 93 -15 0 4 2

0 60 82 42 -7 8 9 39

0 2 32 19 -4 0 9 4

0 29 44 20 -3 7 22 35

0 16 80 63 -6 20 43 39

0 7 57 96 -19 7 27 29

0 50 60 98 -14 14 34 28

0 61 69 15 -1 4 15 39

0 61 94 53 -1 32 37 16

0 31 58 47 -17 3 4 39

0 11 51 69 -10 19 47 26

0 9 81 74 -10 2 11 2

0 47 71 56 -3 22 38 27

0 60 75 96 -12 1 2 1

0 30 70 64 -8 25 33 33

0 23 90 7 -7 3 39 4

0 28 88 0 -11 7 30 27

0 22 34 21 -12 4 11 28

0 45 83 96 -3 24 28 44

0 26 32 73 -8 25 33 28

0 15 35 48 -2 5 28 12

0 43 49 90 -3 6 48 0

0 80 84 23 -3 9 23 42

0 29 85 9 -7 36 39 29

0 94 98 1 -5 0 6 28

0 64 90 38 -19 19 27 23

0 19 46 26 -19 6 26 37

0 30 73 40 -8 12 39 0

0 41 92 79 -13 26 41 5

0 64 66 33 -15 0 41 16

0 78 97 13 -4 9 17 41

0 30 34 11 -18 12 19 33

0 31 92 10 -6 0 6 39

0 1 35 40 -9 42 45 6

0 38 47 77 -18 1 38 46

0 0 95 19 -2 2 11 13

0 11 38 70 -1 22 35 23

0 13 21 53 -5 8 29 21

0 4 52 30 -20 4 37 26

0 59 67 40 -5 21 36 4

0 13 90 60 -20 3 34 4

0 64 65 12 -4 24 44 42

0 22 36 47 -15 2 39 9

0 27 39 0 -7 19 25 12

0 3 87 4 -17 23 32 45

0 2 40 58 -13 30 38 41

0 10 64 11 -2 17 41 24

0 33 41 2 -14 1 13 39

0 7 41 39 -9 1 19 35

0 17 65 37 -3 18 19 33

0 14 43 26 -5 4 23 36

0 9 10 91 -9 13 20 9

0 9 56 93 -9 8 34 46

0 11 28 65 -17 6 8 28

0 25 49 28 -20 10 45 30

0 5 71 61 -18 28 39 8

0 14 16 27 -20 8 48 19

0 3 36 95 -7 0 2 32

0 1 88 27 -18 14 16 27

0 17 59 33 -2 17 19 37

0 28 32 81 -16 26 36 1

0 4 12 77 -9 26 27 8

0 12 32 89 -4 3 15 0

0 10 40 19 -9 26 30 41

0 51 74 7 -15 31 33 43

0 10 35 99 -4 4 34 2

0 13 28 42 -20 23 26 11

0 21 23 76 -6 16 20 30

0 9 18 9 -11 10 21 31

0 2 3 2 -8 23 35 8

0 5 14 73 -3 26 39 24

0 2 7 12 -9 23 32 9

0 20 32 22 -16 20 30 2

0 2 5 3 -3 11 49 12

0 15 16 71 -19 18 36 25

0 9 19 81 -10 6 30 47

0 13 16 11 -8 17 38 26

0 13 17 35 -7 25 49 40

0 1 4 8 -13 3 25 38

0 1 2 12 -17 9 33 36

0 3 10 39 -2 11 16 42

0 7 16 30 -12 0 1 43

0 0 1 36 -14 11 41 41

0 7 44 13 -5 21 27 44

0 0 5 92 -2 18 22 9


SAlphaB: 756.0, std-dev 293.0113516951557

Earliest win: 34
Latest win: 81

WinDepth:
0 0 0 0 0 0 0 0 0 0 0 0 0 0 0 0 0 0 0 0 0 0 0 0 0 0 0 0 0 0 0 0 0 0 1 0 1 4 0 7 0 13 3 29 8 18 14 32 33 45 75 159 89 109 85 155 120 185 117 158 171 241 253 350 380 378 360 392 444 402 482 429 451 390 372 351 279 236 199 123 104 71 
SAlphaB:
0 0 0 0 0 0 0 0 0 0 0 0 0 0 0 0 0 0 0 0 0 0 0 0 0 0 0 0 0 0 0 0 0 0 1 0 1 4 0 7 0 13 3 29 8 18 14 32 33 45 75 159 89 109 85 155 120 185 117 158 171 241 253 350 380 378 360 392 444 402 482 429 451 390 372 351 279 236 199 123 104 71 

LossDepth:
SAlphaB:
0 0 0 0 0 0 0 0 0 0 0 0 0 0 0 0 0 0 0 0 0 0 0 0 0 0 0 0 0 0 0 0 0 0 1 0 1 4 0 7 0 13 3 29 8 18 14 32 33 45 75 159 89 109 85 155 120 185 117 158 171 241 253 350 380 378 360 392 444 402 482 429 451 390 372 351 279 236 199 123 104 71 

FirstWin:
0 0 0 0 0 0 0 0 0 0 0 0 0 0 0 0 0 0 0 0 0 0 0 0 0 0 0 0 0 0 0 0 0 0 0 0 0 4 0 7 0 13 0 29 0 18 0 32 0 45 0 159 0 109 0 155 0 185 0 158 0 241 0 350 0 378 0 392 0 402 0 429 0 390 0 351 0 236 0 123 0 71 
SAlphaB:
0 0 0 0 0 0 0 0 0 0 0 0 0 0 0 0 0 0 0 0 0 0 0 0 0 0 0 0 0 0 0 0 0 0 0 0 0 4 0 7 0 13 0 29 0 18 0 32 0 45 0 159 0 109 0 155 0 185 0 158 0 241 0 350 0 378 0 392 0 402 0 429 0 390 0 351 0 236 0 123 0 71 

SecondWin:
0 0 0 0 0 0 0 0 0 0 0 0 0 0 0 0 0 0 0 0 0 0 0 0 0 0 0 0 0 0 0 0 0 0 1 0 1 0 0 0 0 0 3 0 8 0 14 0 33 0 75 0 89 0 85 0 120 0 117 0 171 0 253 0 380 0 360 0 444 0 482 0 451 0 372 0 279 0 199 0 104 0 
SAlphaB:
0 0 0 0 0 0 0 0 0 0 0 0 0 0 0 0 0 0 0 0 0 0 0 0 0 0 0 0 0 0 0 0 0 0 1 0 1 0 0 0 0 0 3 0 8 0 14 0 33 0 75 0 89 0 85 0 120 0 117 0 171 0 253 0 380 0 360 0 444 0 482 0 451 0 372 0 279 0 199 0 104 0 
