0 18 96 86 -4 5 11 24

0 44 98 37 -5 1 6 28

0 58 61 77 -10 6 22 38

0 44 50 45 -9 3 5 11

0 51 63 54 -6 13 29 38

0 24 83 65 -10 0 1 18

0 19 55 62 -6 5 32 5

0 30 97 64 -9 5 7 26

0 18 45 17 -7 6 7 5

0 3 75 8 -11 7 27 2

0 16 18 62 -2 14 31 2

0 36 68 73 -17 11 25 6

0 17 87 65 -5 6 9 15

0 40 71 98 -5 16 41 30

0 1 28 59 -2 4 10 6

0 1 52 60 -11 28 49 21

0 34 71 86 -8 6 7 27

0 26 52 87 -19 9 20 18

0 23 29 25 -12 28 45 30

0 10 30 70 -10 22 29 27

0 0 66 53 -10 47 48 9

0 25 39 56 -19 5 15 3

0 18 40 75 -1 12 35 25

0 50 81 87 -4 9 13 26

0 41 42 6 -10 5 6 4

0 10 55 76 -3 9 26 17

0 8 72 50 -7 6 12 25

0 5 71 35 -17 24 31 4

0 24 28 35 -6 29 38 26

0 5 40 52 -3 14 24 1

0 25 76 15 -9 1 2 39

0 17 37 59 -10 3 4 19

0 2 41 67 -17 3 10 22

0 22 52 90 -1 9 11 15

0 38 54 4 -11 11 20 28

0 3 74 0 -10 38 39 19

0 34 77 60 -14 26 40 9

0 6 34 40 -20 13 21 22

0 9 30 33 -18 11 28 15

0 57 66 79 -20 18 33 3

0 59 69 73 -3 24 42 37

0 4 12 61 -2 11 12 25

0 44 83 16 -6 7 10 33

0 51 54 76 -15 4 29 44

0 9 14 99 -1 1 3 9

0 10 95 46 -20 0 3 35

0 39 62 49 -3 19 30 15

0 15 25 61 -20 0 16 14

0 2 57 99 -5 37 48 39

0 32 90 54 -20 35 40 41

0 37 53 96 -4 0 38 28

0 63 66 6 -5 34 45 2

0 8 23 52 -15 0 4 1

0 7 51 92 -13 1 6 18

0 46 71 55 -9 34 43 34

0 34 48 59 -5 5 6 42

0 41 68 33 -12 0 3 36

0 4 12 12 -15 0 7 17

0 13 21 75 -16 0 22 21

0 15 37 25 -5 36 43 31

0 14 77 41 -20 42 45 33

0 26 82 73 -5 27 47 26

0 8 29 9 -6 3 19 14

0 5 25 9 -1 7 12 16

0 30 37 28 -19 1 32 27

0 13 29 20 -2 7 13 32

0 7 15 73 -15 6 29 30

0 18 34 23 -13 0 17 35

0 4 74 3 -3 17 23 34

0 15 64 15 -19 11 19 15

0 3 63 82 -15 5 39 20

0 28 95 39 -18 30 32 42

0 72 94 68 -17 19 24 3

0 9 44 12 -10 1 3 45

0 3 12 55 -3 10 26 5

0 1 2 91 -10 7 29 15

0 19 60 56 -11 18 26 37

0 2 12 3 -3 8 21 18

0 8 22 25 -13 3 9 49

0 1 76 90 -11 0 6 48

0 21 40 19 -16 14 33 41

0 1 11 93 -20 6 9 33

0 2 11 49 -6 7 15 28

0 23 26 31 -16 40 49 18

0 4 6 78 -19 13 25 16

0 2 8 81 -1 27 45 48

0 0 51 41 -15 3 8 38

0 21 55 70 -15 8 44 16

0 6 29 68 -12 7 34 29

0 4 15 10 -6 12 33 40

0 8 29 24 -20 4 13 48

0 4 8 30 -5 6 27 45

0 3 22 22 -1 8 39 31

0 3 6 71 -12 2 4 22

0 0 40 13 -12 3 34 49

0 4 5 36 -18 16 20 8

0 4 5 99 -2 37 41 1

0 12 18 6 -5 20 38 42

0 0 4 10 -4 27 37 9

0 3 7 8 -3 12 42 16


SAlphaB: 750.0, std-dev 294.1273067495733

Earliest win: 35
Latest win: 81

WinDepth:
0 0 0 0 0 0 0 0 0 0 0 0 0 0 0 0 0 0 0 0 0 0 0 0 0 0 0 0 0 0 0 0 0 0 0 2 0 0 0 5 0 10 2 14 5 25 7 44 34 87 32 200 127 114 73 205 120 197 159 179 156 252 225 331 356 328 411 373 504 398 463 514 404 424 376 358 284 231 179 130 109 70 
SAlphaB:
0 0 0 0 0 0 0 0 0 0 0 0 0 0 0 0 0 0 0 0 0 0 0 0 0 0 0 0 0 0 0 0 0 0 0 2 0 0 0 5 0 10 2 14 5 25 7 44 34 87 32 200 127 114 73 205 120 197 159 179 156 252 225 331 356 328 411 373 504 398 463 514 404 424 376 358 284 231 179 130 109 70 

LossDepth:
SAlphaB:
0 0 0 0 0 0 0 0 0 0 0 0 0 0 0 0 0 0 0 0 0 0 0 0 0 0 0 0 0 0 0 0 0 0 0 2 0 0 0 5 0 10 2 14 5 25 7 44 34 87 32 200 127 114 73 205 120 197 159 179 156 252 225 331 356 328 411 373 504 398 463 514 404 424 376 358 284 231 179 130 109 70 

FirstWin:
0 0 0 0 0 0 0 0 0 0 0 0 0 0 0 0 0 0 0 0 0 0 0 0 0 0 0 0 0 0 0 0 0 0 0 2 0 0 0 5 0 10 0 14 0 25 0 44 0 87 0 200 0 114 0 205 0 197 0 179 0 252 0 331 0 328 0 373 0 398 0 514 0 424 0 358 0 231 0 130 0 70 
SAlphaB:
0 0 0 0 0 0 0 0 0 0 0 0 0 0 0 0 0 0 0 0 0 0 0 0 0 0 0 0 0 0 0 0 0 0 0 2 0 0 0 5 0 10 0 14 0 25 0 44 0 87 0 200 0 114 0 205 0 197 0 179 0 252 0 331 0 328 0 373 0 398 0 514 0 424 0 358 0 231 0 130 0 70 

SecondWin:
0 0 0 0 0 0 0 0 0 0 0 0 0 0 0 0 0 0 0 0 0 0 0 0 0 0 0 0 0 0 0 0 0 0 0 0 0 0 0 0 0 0 2 0 5 0 7 0 34 0 32 0 127 0 73 0 120 0 159 0 156 0 225 0 356 0 411 0 504 0 463 0 404 0 376 0 284 0 179 0 109 0 
SAlphaB:
0 0 0 0 0 0 0 0 0 0 0 0 0 0 0 0 0 0 0 0 0 0 0 0 0 0 0 0 0 0 0 0 0 0 0 0 0 0 0 0 0 0 2 0 5 0 7 0 34 0 32 0 127 0 73 0 120 0 159 0 156 0 225 0 356 0 411 0 504 0 463 0 404 0 376 0 284 0 179 0 109 0 
