0 28 99 17 -14 2 16 39

0 33 53 11 -15 0 9 15

0 19 71 17 -11 1 2 3

0 23 45 67 -8 1 3 2

0 37 45 39 -19 2 13 13

0 2 91 8 -7 5 6 21

0 35 36 31 -11 3 5 9

0 11 81 78 -1 9 25 8

0 17 45 64 -12 0 14 35

0 13 97 40 -12 5 9 20

0 37 42 63 -16 0 2 27

0 40 87 35 -19 5 31 7

0 41 66 43 -6 9 25 47

0 48 86 68 -16 1 5 8

0 31 63 37 -4 14 43 14

0 55 65 80 -15 10 37 49

0 24 48 18 -18 6 31 18

0 87 98 50 -17 5 42 39

0 29 60 82 -9 0 29 1

0 72 74 24 -7 2 6 20

0 25 53 59 -12 18 21 21

0 22 99 71 -17 2 12 40

0 74 82 31 -2 3 43 17

0 35 82 8 -8 17 38 32

0 83 87 22 -2 0 5 35

0 22 29 31 -17 0 2 35

0 40 86 11 -8 7 12 37

0 35 81 92 -6 0 47 10

0 32 35 96 -11 13 33 42

0 5 74 56 -17 26 43 8

0 8 37 25 -7 17 23 14

0 0 99 45 -13 18 39 39

0 34 36 78 -4 21 25 45

0 13 81 49 -15 21 23 6

0 22 97 39 -16 8 44 12

0 21 34 31 -10 3 15 2

0 79 81 30 -1 39 40 23

0 17 57 74 -15 19 37 3

0 83 85 72 -3 34 37 49

0 12 76 16 -14 1 37 45

0 8 37 4 -2 0 2 18

0 20 38 7 -1 25 41 11

0 40 53 40 -5 16 18 38

0 8 84 67 -11 15 43 45

0 28 69 99 -12 17 18 22

0 64 83 58 -16 29 38 42

0 27 39 50 -18 22 49 20

0 17 28 68 -19 2 10 35

0 74 76 43 -7 28 37 49

0 6 65 89 -4 13 47 7

0 8 31 93 -5 6 18 30

0 16 24 69 -10 39 43 19

0 21 49 32 -3 7 48 36

0 42 45 24 -12 13 22 35

0 4 66 41 -9 20 45 44

0 58 80 89 -6 32 44 33

0 18 31 1 -8 8 15 1

0 1 67 93 -11 27 30 28

0 9 14 73 -18 0 6 35

0 46 53 34 -17 0 40 30

0 42 78 23 -13 42 48 21

0 14 27 92 -11 6 46 18

0 17 25 63 -3 26 41 31

0 4 6 95 -12 0 9 2

0 32 45 18 -7 42 43 42

0 20 40 32 -10 8 39 42

0 28 31 82 -2 2 7 40

0 14 20 68 -4 5 18 34

0 96 99 48 -19 23 36 43

0 41 44 48 -7 11 25 48

0 21 66 73 -10 22 31 38

0 2 31 84 -14 11 34 10

0 4 9 80 -3 21 28 7

0 64 72 29 -4 35 48 38

0 1 26 77 -2 11 32 5

0 4 34 91 -17 10 43 13

0 29 33 21 -17 43 45 46

0 9 51 9 -1 18 33 39

0 13 16 17 -16 28 36 27

0 20 86 60 -10 20 30 45

0 0 3 80 -11 13 14 25

0 0 54 38 -12 12 45 30

0 0 1 17 -12 21 36 8

0 4 30 22 -2 0 6 46

0 6 48 38 -10 0 32 48

0 19 33 77 -5 4 41 48

0 2 7 22 -20 26 31 32

0 5 6 77 -12 33 48 39

0 3 12 35 -16 1 30 47

0 7 21 9 -11 6 28 6

0 5 18 10 -10 24 45 13

0 0 9 16 -13 24 43 26

0 1 2 43 -1 6 40 17

0 12 15 27 -18 32 41 19

0 18 26 70 -19 16 31 46

0 3 8 68 -5 5 29 26

0 2 11 8 -5 4 23 39

0 12 19 96 -4 25 44 49

0 3 14 43 -20 16 31 49

0 1 6 7 -3 26 35 34


SAlphaB: 711.0, std-dev 258.7614666370587

Earliest win: 37
Latest win: 81

WinDepth:
0 0 0 0 0 0 0 0 0 0 0 0 0 0 0 0 0 0 0 0 0 0 0 0 0 0 0 0 0 0 0 0 0 0 0 0 0 2 0 1 4 3 3 13 8 20 16 50 63 59 73 237 84 105 91 160 171 184 166 212 150 225 223 323 289 333 419 350 462 336 410 460 435 391 399 406 295 247 196 109 94 81 
SAlphaB:
0 0 0 0 0 0 0 0 0 0 0 0 0 0 0 0 0 0 0 0 0 0 0 0 0 0 0 0 0 0 0 0 0 0 0 0 0 2 0 1 4 3 3 13 8 20 16 50 63 59 73 237 84 105 91 160 171 184 166 212 150 225 223 323 289 333 419 350 462 336 410 460 435 391 399 406 295 247 196 109 94 81 

LossDepth:
SAlphaB:
0 0 0 0 0 0 0 0 0 0 0 0 0 0 0 0 0 0 0 0 0 0 0 0 0 0 0 0 0 0 0 0 0 0 0 0 0 2 0 1 4 3 3 13 8 20 16 50 63 59 73 237 84 105 91 160 171 184 166 212 150 225 223 323 289 333 419 350 462 336 410 460 435 391 399 406 295 247 196 109 94 81 

FirstWin:
0 0 0 0 0 0 0 0 0 0 0 0 0 0 0 0 0 0 0 0 0 0 0 0 0 0 0 0 0 0 0 0 0 0 0 0 0 2 0 1 0 3 0 13 0 20 0 50 0 59 0 237 0 105 0 160 0 184 0 212 0 225 0 323 0 333 0 350 0 336 0 460 0 391 0 406 0 247 0 109 0 81 
SAlphaB:
0 0 0 0 0 0 0 0 0 0 0 0 0 0 0 0 0 0 0 0 0 0 0 0 0 0 0 0 0 0 0 0 0 0 0 0 0 2 0 1 0 3 0 13 0 20 0 50 0 59 0 237 0 105 0 160 0 184 0 212 0 225 0 323 0 333 0 350 0 336 0 460 0 391 0 406 0 247 0 109 0 81 

SecondWin:
0 0 0 0 0 0 0 0 0 0 0 0 0 0 0 0 0 0 0 0 0 0 0 0 0 0 0 0 0 0 0 0 0 0 0 0 0 0 0 0 4 0 3 0 8 0 16 0 63 0 73 0 84 0 91 0 171 0 166 0 150 0 223 0 289 0 419 0 462 0 410 0 435 0 399 0 295 0 196 0 94 0 
SAlphaB:
0 0 0 0 0 0 0 0 0 0 0 0 0 0 0 0 0 0 0 0 0 0 0 0 0 0 0 0 0 0 0 0 0 0 0 0 0 0 0 0 4 0 3 0 8 0 16 0 63 0 73 0 84 0 91 0 171 0 166 0 150 0 223 0 289 0 419 0 462 0 410 0 435 0 399 0 295 0 196 0 94 0 
