0 34 90 14 -17 0 13 13

0 18 50 97 -10 1 2 4

0 73 94 73 -1 9 36 3

0 38 86 48 -13 6 23 39

0 35 50 85 -9 27 35 12

0 75 94 43 -16 12 44 34

0 57 80 59 -15 0 11 4

0 0 52 63 -5 7 20 8

0 20 57 12 -9 3 4 0

0 21 72 80 -6 2 30 5

0 19 45 26 -16 7 12 37

0 10 63 68 -19 4 13 28

0 55 71 21 -13 6 33 1

0 55 58 31 -11 9 23 37

0 13 66 88 -1 16 23 19

0 29 71 89 -2 6 33 0

0 29 69 65 -17 1 3 24

0 36 88 51 -15 1 10 45

0 74 96 98 -14 17 26 41

0 9 86 58 -12 4 10 29

0 84 90 20 -16 6 48 26

0 47 78 7 -11 2 33 17

0 1 27 43 -13 0 1 10

0 35 87 28 -7 1 21 39

0 36 77 14 -19 10 18 42

0 73 79 28 -19 1 2 5

0 77 84 82 -19 10 32 24

0 22 93 31 -2 23 49 18

0 45 86 80 -6 21 28 29

0 88 89 42 -16 9 42 18

0 38 42 45 -15 0 4 2

0 46 66 37 -13 18 24 24

0 31 73 32 -14 15 31 5

0 23 46 86 -8 13 44 33

0 17 34 46 -16 6 36 30

0 19 60 59 -18 4 33 37

0 75 80 63 -4 38 49 26

0 17 71 62 -6 27 41 43

0 14 84 35 -2 5 36 7

0 14 67 29 -8 18 25 11

0 36 79 88 -2 6 40 4

0 34 82 88 -3 42 43 49

0 17 38 92 -17 0 22 25

0 47 54 54 -16 17 37 31

0 38 53 56 -18 13 41 38

0 50 62 21 -5 3 10 44

0 2 53 88 -5 0 1 31

0 17 69 90 -5 3 6 38

0 12 50 61 -14 9 20 29

0 8 58 2 -19 11 24 18

0 38 72 36 -4 18 40 3

0 21 25 87 -10 1 25 6

0 21 61 39 -7 0 2 26

0 6 37 69 -2 31 40 32

0 22 56 3 -1 8 35 15

0 2 26 80 -19 7 10 27

0 12 19 29 -18 0 4 16

0 17 21 67 -18 5 19 32

0 40 50 52 -4 7 40 43

0 33 49 30 -16 23 25 18

0 3 17 89 -13 4 15 21

0 53 64 65 -5 22 37 9

0 36 55 28 -18 15 26 46

0 24 36 26 -5 5 10 41

0 8 61 21 -18 3 11 22

0 74 81 86 -15 39 40 43

0 0 1 44 -16 8 14 44

0 19 50 30 -4 22 28 29

0 0 19 73 -12 2 6 0

0 8 48 75 -8 3 11 47

0 14 20 18 -20 7 45 19

0 5 6 58 -17 5 9 34

0 18 25 11 -20 24 42 11

0 16 45 87 -18 3 12 43

0 4 10 50 -13 17 30 24

0 24 33 6 -16 11 43 5

0 0 11 76 -3 24 49 29

0 1 2 17 -19 4 34 35

0 4 14 89 -8 16 27 43

0 45 49 92 -1 0 1 46

0 12 18 23 -11 1 29 32

0 0 22 48 -19 29 42 21

0 2 4 58 -20 7 14 36

0 9 54 73 -5 0 12 33

0 10 15 2 -3 5 34 15

0 4 8 86 -8 8 18 14

0 2 4 76 -1 1 12 14

0 24 25 53 -7 0 2 42

0 2 5 81 -18 21 32 3

0 1 3 93 -5 21 38 2

0 6 17 10 -17 19 44 25

0 8 9 33 -12 2 5 39

0 9 10 61 -6 23 32 41

0 2 26 41 -5 7 37 45

0 1 16 58 -9 0 32 10

0 3 5 32 -14 27 39 10

0 0 17 10 -15 4 18 45

0 4 27 18 -1 8 14 46

0 2 3 5 -5 8 24 21

0 6 11 33 -16 42 47 0


SAlphaB: 735.0, std-dev 275.2674666244055

Earliest win: 37
Latest win: 81

WinDepth:
0 0 0 0 0 0 0 0 0 0 0 0 0 0 0 0 0 0 0 0 0 0 0 0 0 0 0 0 0 0 0 0 0 0 0 0 0 2 0 8 0 6 5 9 8 19 17 64 27 61 36 247 44 138 95 222 104 186 128 179 177 248 235 335 325 372 367 361 450 437 408 451 424 388 373 325 268 234 185 151 92 77 
SAlphaB:
0 0 0 0 0 0 0 0 0 0 0 0 0 0 0 0 0 0 0 0 0 0 0 0 0 0 0 0 0 0 0 0 0 0 0 0 0 2 0 8 0 6 5 9 8 19 17 64 27 61 36 247 44 138 95 222 104 186 128 179 177 248 235 335 325 372 367 361 450 437 408 451 424 388 373 325 268 234 185 151 92 77 

LossDepth:
SAlphaB:
0 0 0 0 0 0 0 0 0 0 0 0 0 0 0 0 0 0 0 0 0 0 0 0 0 0 0 0 0 0 0 0 0 0 0 0 0 2 0 8 0 6 5 9 8 19 17 64 27 61 36 247 44 138 95 222 104 186 128 179 177 248 235 335 325 372 367 361 450 437 408 451 424 388 373 325 268 234 185 151 92 77 

FirstWin:
0 0 0 0 0 0 0 0 0 0 0 0 0 0 0 0 0 0 0 0 0 0 0 0 0 0 0 0 0 0 0 0 0 0 0 0 0 2 0 8 0 6 0 9 0 19 0 64 0 61 0 247 0 138 0 222 0 186 0 179 0 248 0 335 0 372 0 361 0 437 0 451 0 388 0 325 0 234 0 151 0 77 
SAlphaB:
0 0 0 0 0 0 0 0 0 0 0 0 0 0 0 0 0 0 0 0 0 0 0 0 0 0 0 0 0 0 0 0 0 0 0 0 0 2 0 8 0 6 0 9 0 19 0 64 0 61 0 247 0 138 0 222 0 186 0 179 0 248 0 335 0 372 0 361 0 437 0 451 0 388 0 325 0 234 0 151 0 77 

SecondWin:
0 0 0 0 0 0 0 0 0 0 0 0 0 0 0 0 0 0 0 0 0 0 0 0 0 0 0 0 0 0 0 0 0 0 0 0 0 0 0 0 0 0 5 0 8 0 17 0 27 0 36 0 44 0 95 0 104 0 128 0 177 0 235 0 325 0 367 0 450 0 408 0 424 0 373 0 268 0 185 0 92 0 
SAlphaB:
0 0 0 0 0 0 0 0 0 0 0 0 0 0 0 0 0 0 0 0 0 0 0 0 0 0 0 0 0 0 0 0 0 0 0 0 0 0 0 0 0 0 5 0 8 0 17 0 27 0 36 0 44 0 95 0 104 0 128 0 177 0 235 0 325 0 367 0 450 0 408 0 424 0 373 0 268 0 185 0 92 0 
