0 27 75 40 -12 3 4 9

0 42 66 53 -12 1 19 2

0 4 17 54 -3 0 1 6

0 24 51 84 -7 8 24 20

0 45 92 15 -16 4 5 20

0 32 36 28 -8 4 10 20

0 52 74 77 -11 4 23 36

0 24 82 54 -13 31 44 13

0 29 50 11 -7 3 22 30

0 68 78 62 -14 21 46 10

0 34 55 34 -4 11 18 37

0 3 15 65 -13 7 9 9

0 11 76 81 -14 8 23 37

0 15 69 79 -11 9 31 24

0 51 78 58 -10 12 40 37

0 3 95 45 -18 15 49 13

0 11 21 45 -5 4 5 0

0 35 40 83 -16 0 1 9

0 24 37 20 -4 41 43 16

0 33 95 15 -2 3 4 26

0 58 91 46 -8 30 36 23

0 30 75 63 -5 16 37 8

0 20 83 11 -6 15 27 36

0 17 94 3 -14 5 40 38

0 29 65 56 -6 7 43 23

0 23 99 5 -6 24 46 19

0 30 89 7 -2 20 24 2

0 85 99 20 -7 2 15 42

0 71 73 62 -5 13 30 35

0 11 30 52 -18 7 21 21

0 36 84 94 -2 23 34 19

0 11 50 27 -6 23 49 30

0 21 34 92 -5 8 14 30

0 34 75 96 -5 7 29 47

0 48 83 84 -5 20 33 12

0 62 63 65 -11 35 46 36

0 36 79 11 -3 21 47 24

0 9 11 96 -4 31 37 33

0 5 42 79 -16 8 35 7

0 11 87 44 -14 12 15 22

0 20 70 50 -4 1 6 43

0 45 81 6 -5 12 13 41

0 67 88 66 -16 18 22 16

0 18 41 54 -5 6 9 32

0 13 22 76 -2 0 2 17

0 32 59 24 -12 19 39 43

0 47 66 7 -4 43 44 13

0 15 24 35 -7 1 31 9

0 11 98 8 -10 25 43 2

0 31 50 63 -15 6 47 37

0 31 41 92 -1 6 8 26

0 29 37 89 -20 9 15 2

0 4 32 75 -16 0 10 7

0 35 47 86 -13 19 24 40

0 12 25 43 -18 17 29 12

0 0 7 87 -17 0 1 40

0 40 57 37 -11 16 24 30

0 3 60 85 -6 10 14 4

0 1 18 19 -18 4 24 11

0 1 21 22 -3 28 36 28

0 70 81 61 -13 15 26 49

0 8 62 66 -9 14 49 29

0 18 28 88 -14 11 24 39

0 14 32 45 -3 2 19 27

0 15 19 23 -8 26 27 21

0 10 44 34 -20 7 27 8

0 20 33 50 -19 3 42 13

0 26 28 57 -2 13 37 48

0 3 7 13 -20 3 10 19

0 1 4 43 -19 0 1 43

0 0 17 98 -19 33 34 37

0 1 5 56 -13 7 8 24

0 23 43 46 -7 16 26 46

0 18 40 79 -19 13 15 2

0 16 33 34 -11 10 11 38

0 5 15 3 -12 15 19 16

0 11 15 93 -1 4 5 47

0 1 9 47 -15 21 25 40

0 26 28 34 -11 1 13 46

0 3 6 46 -15 3 5 27

0 15 38 2 -11 27 29 42

0 7 14 20 -17 0 8 13

0 17 44 78 -16 4 26 13

0 0 24 42 -18 8 10 28

0 10 13 49 -18 8 14 7

0 81 87 17 -2 44 47 9

0 18 27 18 -14 14 19 48

0 0 2 74 -3 2 4 13

0 47 53 60 -5 1 37 45

0 4 21 92 -17 33 40 15

0 10 28 23 -10 25 41 49

0 1 4 14 -19 3 33 13

0 3 25 10 -18 13 25 46

0 8 9 78 -17 30 35 11

0 3 11 59 -12 34 38 17

0 1 4 62 -9 1 8 32

0 12 20 60 -7 3 15 41

0 20 22 21 -10 8 41 48

0 3 5 49 -2 1 2 38

0 5 8 5 -4 21 24 42


SAlphaB: 718.0, std-dev 285.5933496488256

Earliest win: 35
Latest win: 81

WinDepth:
0 0 0 0 0 0 0 0 0 0 0 0 0 0 0 0 0 0 0 0 0 0 0 0 0 0 0 0 0 0 0 0 0 0 0 1 0 4 1 4 15 6 2 23 14 21 17 35 32 102 52 191 79 128 79 161 116 166 150 166 167 253 212 299 307 364 401 367 421 437 398 471 396 384 403 380 310 259 187 162 102 78 
SAlphaB:
0 0 0 0 0 0 0 0 0 0 0 0 0 0 0 0 0 0 0 0 0 0 0 0 0 0 0 0 0 0 0 0 0 0 0 1 0 4 1 4 15 6 2 23 14 21 17 35 32 102 52 191 79 128 79 161 116 166 150 166 167 253 212 299 307 364 401 367 421 437 398 471 396 384 403 380 310 259 187 162 102 78 

LossDepth:
SAlphaB:
0 0 0 0 0 0 0 0 0 0 0 0 0 0 0 0 0 0 0 0 0 0 0 0 0 0 0 0 0 0 0 0 0 0 0 1 0 4 1 4 15 6 2 23 14 21 17 35 32 102 52 191 79 128 79 161 116 166 150 166 167 253 212 299 307 364 401 367 421 437 398 471 396 384 403 380 310 259 187 162 102 78 

FirstWin:
0 0 0 0 0 0 0 0 0 0 0 0 0 0 0 0 0 0 0 0 0 0 0 0 0 0 0 0 0 0 0 0 0 0 0 1 0 4 0 4 0 6 0 23 0 21 0 35 0 102 0 191 0 128 0 161 0 166 0 166 0 253 0 299 0 364 0 367 0 437 0 471 0 384 0 380 0 259 0 162 0 78 
SAlphaB:
0 0 0 0 0 0 0 0 0 0 0 0 0 0 0 0 0 0 0 0 0 0 0 0 0 0 0 0 0 0 0 0 0 0 0 1 0 4 0 4 0 6 0 23 0 21 0 35 0 102 0 191 0 128 0 161 0 166 0 166 0 253 0 299 0 364 0 367 0 437 0 471 0 384 0 380 0 259 0 162 0 78 

SecondWin:
0 0 0 0 0 0 0 0 0 0 0 0 0 0 0 0 0 0 0 0 0 0 0 0 0 0 0 0 0 0 0 0 0 0 0 0 0 0 1 0 15 0 2 0 14 0 17 0 32 0 52 0 79 0 79 0 116 0 150 0 167 0 212 0 307 0 401 0 421 0 398 0 396 0 403 0 310 0 187 0 102 0 
SAlphaB:
0 0 0 0 0 0 0 0 0 0 0 0 0 0 0 0 0 0 0 0 0 0 0 0 0 0 0 0 0 0 0 0 0 0 0 0 0 0 1 0 15 0 2 0 14 0 17 0 32 0 52 0 79 0 79 0 116 0 150 0 167 0 212 0 307 0 401 0 421 0 398 0 396 0 403 0 310 0 187 0 102 0 
