0 18 97 19 -18 0 2 34

0 24 96 28 -17 3 9 17

0 50 71 46 -3 0 11 6

0 26 85 60 -16 6 9 20

0 57 88 96 -10 12 40 1

0 4 93 40 -19 21 43 29

0 85 99 51 -13 1 6 34

0 43 87 58 -15 22 29 19

0 7 84 65 -2 7 19 18

0 69 75 76 -5 9 18 12

0 47 63 48 -20 1 20 6

0 72 98 73 -19 0 1 16

0 76 79 39 -11 5 14 22

0 21 31 18 -12 4 8 5

0 48 91 65 -12 0 25 27

0 21 67 72 -18 2 4 24

0 11 36 6 -12 22 27 22

0 58 81 38 -7 1 6 27

0 42 61 42 -2 7 37 36

0 71 77 19 -11 8 34 1

0 38 82 68 -16 3 20 44

0 32 78 86 -7 3 23 36

0 36 99 40 -8 22 46 12

0 44 88 92 -9 26 36 39

0 37 45 29 -5 33 47 31

0 80 94 87 -8 5 7 35

0 21 59 22 -15 8 28 13

0 55 58 81 -3 9 11 46

0 10 85 25 -2 25 38 14

0 58 69 10 -19 15 28 31

0 26 29 31 -10 34 46 25

0 68 96 39 -4 4 7 3

0 24 32 34 -7 25 40 23

0 13 54 53 -13 24 47 26

0 38 70 96 -17 25 34 25

0 18 38 34 -14 6 10 22

0 18 35 36 -12 14 31 0

0 1 19 70 -11 11 14 15

0 8 76 30 -20 13 19 3

0 20 62 82 -9 17 34 4

0 44 46 12 -13 7 9 29

0 0 98 99 -5 6 8 34

0 39 51 98 -10 1 5 21

0 52 59 56 -20 13 15 38

0 15 73 87 -16 2 10 15

0 26 29 0 -20 0 1 9

0 1 92 96 -3 1 26 8

0 7 20 70 -19 10 13 13

0 5 40 97 -13 1 3 29

0 3 66 5 -15 23 28 3

0 59 64 37 -5 3 8 39

0 0 81 59 -6 16 24 31

0 21 29 12 -17 42 45 33

0 17 27 75 -5 30 32 23

0 31 68 30 -12 4 39 20

0 23 53 76 -15 19 26 48

0 13 44 60 -14 6 16 33

0 40 60 13 -13 34 48 21

0 10 27 59 -13 14 38 16

0 6 43 47 -9 2 7 25

0 6 30 43 -4 4 34 19

0 5 26 98 -2 4 5 18

0 7 72 40 -13 19 43 33

0 5 75 42 -2 4 14 33

0 3 22 44 -13 1 9 20

0 8 10 76 -18 7 17 22

0 0 37 41 -15 17 18 40

0 9 42 85 -1 3 29 18

0 14 25 17 -14 7 14 5

0 3 33 65 -6 25 46 47

0 1 43 83 -12 5 27 31

0 6 19 21 -11 0 1 38

0 22 56 36 -12 12 44 31

0 0 90 23 -2 21 36 31

0 10 84 6 -20 13 26 24

0 1 2 15 -7 22 23 13

0 11 89 56 -5 6 25 47

0 6 50 38 -12 32 33 25

0 2 5 56 -16 3 6 11

0 19 34 39 -20 28 35 45

0 2 4 35 -5 9 11 5

0 2 16 38 -20 6 9 12

0 8 18 13 -7 8 32 34

0 0 3 67 -11 8 35 6

0 17 25 74 -16 16 26 23

0 15 70 45 -18 33 45 48

0 6 8 18 -1 9 24 18

0 12 38 72 -10 12 22 38

0 10 28 22 -20 9 35 41

0 5 27 1 -12 14 27 48

0 6 33 65 -20 2 21 49

0 4 14 10 -3 18 40 39

0 28 33 84 -9 26 34 49

0 13 21 23 -13 0 40 40

0 9 46 19 -4 9 25 46

0 6 25 12 -6 13 36 48

0 2 3 56 -8 18 27 48

0 0 3 39 -15 1 6 47

0 1 6 89 -3 1 2 41

0 0 3 16 -8 21 22 46


SAlphaB: 754.0, std-dev 264.8981922790854

Earliest win: 35
Latest win: 81

WinDepth:
0 0 0 0 0 0 0 0 0 0 0 0 0 0 0 0 0 0 0 0 0 0 0 0 0 0 0 0 0 0 0 0 0 0 0 1 0 0 0 3 2 6 1 8 7 15 11 25 17 55 41 167 88 138 75 165 86 171 131 190 164 247 256 293 313 380 435 400 502 460 520 419 423 378 436 325 295 243 185 118 111 77 
SAlphaB:
0 0 0 0 0 0 0 0 0 0 0 0 0 0 0 0 0 0 0 0 0 0 0 0 0 0 0 0 0 0 0 0 0 0 0 1 0 0 0 3 2 6 1 8 7 15 11 25 17 55 41 167 88 138 75 165 86 171 131 190 164 247 256 293 313 380 435 400 502 460 520 419 423 378 436 325 295 243 185 118 111 77 

LossDepth:
SAlphaB:
0 0 0 0 0 0 0 0 0 0 0 0 0 0 0 0 0 0 0 0 0 0 0 0 0 0 0 0 0 0 0 0 0 0 0 1 0 0 0 3 2 6 1 8 7 15 11 25 17 55 41 167 88 138 75 165 86 171 131 190 164 247 256 293 313 380 435 400 502 460 520 419 423 378 436 325 295 243 185 118 111 77 

FirstWin:
0 0 0 0 0 0 0 0 0 0 0 0 0 0 0 0 0 0 0 0 0 0 0 0 0 0 0 0 0 0 0 0 0 0 0 1 0 0 0 3 0 6 0 8 0 15 0 25 0 55 0 167 0 138 0 165 0 171 0 190 0 247 0 293 0 380 0 400 0 460 0 419 0 378 0 325 0 243 0 118 0 77 
SAlphaB:
0 0 0 0 0 0 0 0 0 0 0 0 0 0 0 0 0 0 0 0 0 0 0 0 0 0 0 0 0 0 0 0 0 0 0 1 0 0 0 3 0 6 0 8 0 15 0 25 0 55 0 167 0 138 0 165 0 171 0 190 0 247 0 293 0 380 0 400 0 460 0 419 0 378 0 325 0 243 0 118 0 77 

SecondWin:
0 0 0 0 0 0 0 0 0 0 0 0 0 0 0 0 0 0 0 0 0 0 0 0 0 0 0 0 0 0 0 0 0 0 0 0 0 0 0 0 2 0 1 0 7 0 11 0 17 0 41 0 88 0 75 0 86 0 131 0 164 0 256 0 313 0 435 0 502 0 520 0 423 0 436 0 295 0 185 0 111 0 
SAlphaB:
0 0 0 0 0 0 0 0 0 0 0 0 0 0 0 0 0 0 0 0 0 0 0 0 0 0 0 0 0 0 0 0 0 0 0 0 0 0 0 0 2 0 1 0 7 0 11 0 17 0 41 0 88 0 75 0 86 0 131 0 164 0 256 0 313 0 435 0 502 0 520 0 423 0 436 0 295 0 185 0 111 0 
