0 25 99 6 -18 1 3 20

0 30 92 3 -15 2 14 24

0 26 79 14 -12 1 3 17

0 16 58 57 -2 3 6 5

0 27 46 96 -18 0 4 11

0 78 96 66 -12 15 36 39

0 80 87 75 -13 3 25 10

0 21 43 23 -6 4 8 3

0 31 81 41 -14 3 6 10

0 52 98 63 -17 9 18 8

0 29 93 37 -17 0 1 29

0 20 76 12 -13 1 4 6

0 69 96 47 -10 9 43 18

0 29 62 76 -15 2 4 11

0 56 85 84 -16 4 29 6

0 78 86 97 -17 1 6 20

0 36 48 67 -8 5 16 3

0 41 82 89 -15 2 11 12

0 46 83 42 -3 10 22 42

0 31 82 81 -15 2 5 16

0 54 60 38 -8 7 17 1

0 21 83 55 -20 0 1 19

0 54 55 60 -19 5 13 22

0 46 80 49 -2 9 13 15

0 44 83 78 -8 12 27 23

0 45 57 54 -15 1 2 3

0 36 64 17 -5 1 26 14

0 60 95 51 -3 16 33 7

0 40 79 17 -3 6 41 44

0 60 71 26 -19 2 11 32

0 62 86 26 -17 2 18 45

0 27 56 80 -6 4 23 11

0 19 73 46 -16 0 1 17

0 30 98 31 -8 1 22 23

0 66 94 58 -8 4 9 8

0 46 69 38 -11 6 13 17

0 55 99 88 -16 11 16 9

0 45 75 90 -9 2 25 14

0 6 55 11 -4 0 1 1

0 58 80 94 -6 2 4 13

0 47 98 60 -19 4 14 48

0 20 61 93 -19 0 7 19

0 40 72 68 -7 10 11 5

0 31 66 72 -20 1 7 41

0 55 97 89 -6 9 16 1

0 76 80 52 -12 3 31 19

0 89 97 43 -10 27 30 35

0 63 84 68 -3 17 44 22

0 54 82 96 -12 10 25 43

0 29 95 89 -10 2 21 26

0 23 51 3 -19 0 4 16

0 11 26 95 -8 0 1 6

0 23 89 12 -19 1 13 12

0 43 80 67 -5 8 10 26

0 20 98 54 -7 0 19 22

0 47 73 84 -19 12 15 7

0 87 90 48 -8 8 28 5

0 34 54 56 -9 0 17 24

0 60 96 32 -18 8 32 45

0 74 86 48 -6 3 10 21

0 65 96 91 -13 0 4 22

0 39 92 39 -10 6 26 37

0 61 85 43 -3 8 9 9

0 36 89 1 -10 8 25 15

0 65 83 64 -4 5 29 45

0 72 78 30 -11 2 30 29

0 21 52 29 -9 0 6 23

0 26 42 75 -13 3 6 19

0 58 92 98 -15 12 38 21

0 30 86 36 -19 7 8 19

0 17 82 3 -16 2 9 8

0 45 88 90 -6 8 16 33

0 19 56 6 -1 10 20 2

0 80 90 20 -16 3 44 47

0 16 46 46 -2 0 1 4

0 14 80 91 -1 3 7 15

0 69 92 89 -13 0 3 26

0 16 32 45 -20 0 1 9

0 42 93 85 -19 20 36 2

0 11 86 86 -1 12 20 3

0 59 67 9 -7 14 15 3

0 29 42 52 -1 0 1 1

0 23 37 92 -10 0 1 8

0 39 41 29 -7 9 36 18

0 40 80 64 -19 2 11 47

0 34 65 95 -18 26 39 10

0 47 85 30 -1 20 26 14

0 46 93 91 -5 19 40 41

0 58 96 84 -10 2 21 9

0 21 90 65 -2 4 30 1

0 13 22 51 -9 12 14 9

0 32 88 53 -17 3 8 42

0 38 70 83 -5 35 44 22

0 48 86 67 -20 14 36 42

0 84 98 3 -10 13 19 44

0 32 38 31 -8 9 23 3

0 11 87 71 -13 1 11 24

0 74 97 89 -15 0 1 45

0 7 87 38 -20 29 43 15

0 18 67 3 -15 2 4 21


SAlphaB: 737.0, std-dev 265.4817371831399

Earliest win: 35
Latest win: 81

WinDepth:
0 0 0 0 0 0 0 0 0 0 0 0 0 0 0 0 0 0 0 0 0 0 0 0 0 0 0 0 0 0 0 0 0 0 0 1 1 7 1 18 3 27 16 31 32 39 48 197 86 168 176 441 155 410 238 473 384 568 401 563 457 661 616 808 798 967 865 972 994 988 976 945 824 830 868 697 558 492 404 301 154 171 
SAlphaB:
0 0 0 0 0 0 0 0 0 0 0 0 0 0 0 0 0 0 0 0 0 0 0 0 0 0 0 0 0 0 0 0 0 0 0 1 1 7 1 18 3 27 16 31 32 39 48 197 86 168 176 441 155 410 238 473 384 568 401 563 457 661 616 808 798 967 865 972 994 988 976 945 824 830 868 697 558 492 404 301 154 171 

LossDepth:
SAlphaB:
0 0 0 0 0 0 0 0 0 0 0 0 0 0 0 0 0 0 0 0 0 0 0 0 0 0 0 0 0 0 0 0 0 0 0 1 2 9 2 13 2 14 6 23 21 28 26 107 47 94 123 212 107 261 145 281 256 382 266 343 305 447 388 610 555 741 655 800 677 795 740 806 619 673 667 619 465 464 317 244 182 169 

FirstWin:
0 0 0 0 0 0 0 0 0 0 0 0 0 0 0 0 0 0 0 0 0 0 0 0 0 0 0 0 0 0 0 0 0 0 0 1 0 7 0 18 0 27 0 31 0 39 0 197 0 168 0 441 0 410 0 473 0 568 0 563 0 661 0 808 0 967 0 972 0 988 0 945 0 830 0 697 0 492 0 301 0 171 
SAlphaB:
0 0 0 0 0 0 0 0 0 0 0 0 0 0 0 0 0 0 0 0 0 0 0 0 0 0 0 0 0 0 0 0 0 0 0 1 0 7 0 18 0 27 0 31 0 39 0 197 0 168 0 441 0 410 0 473 0 568 0 563 0 661 0 808 0 967 0 972 0 988 0 945 0 830 0 697 0 492 0 301 0 171 

SecondWin:
0 0 0 0 0 0 0 0 0 0 0 0 0 0 0 0 0 0 0 0 0 0 0 0 0 0 0 0 0 0 0 0 0 0 0 0 1 0 1 0 3 0 16 0 32 0 48 0 86 0 176 0 155 0 238 0 384 0 401 0 457 0 616 0 798 0 865 0 994 0 976 0 824 0 868 0 558 0 404 0 154 0 
SAlphaB:
0 0 0 0 0 0 0 0 0 0 0 0 0 0 0 0 0 0 0 0 0 0 0 0 0 0 0 0 0 0 0 0 0 0 0 0 1 0 1 0 3 0 16 0 32 0 48 0 86 0 176 0 155 0 238 0 384 0 401 0 457 0 616 0 798 0 865 0 994 0 976 0 824 0 868 0 558 0 404 0 154 0 
