0 29 93 37 -17 0 1 29

0 25 99 6 -18 1 3 20

0 30 98 31 -8 1 22 23

0 56 85 84 -16 4 29 6

0 36 64 17 -5 1 26 14

0 72 78 30 -11 2 30 29

0 63 84 68 -3 17 44 22

0 30 86 36 -19 7 8 19

0 31 81 41 -14 3 6 10

0 21 90 65 -2 4 30 1

0 20 73 78 -13 34 42 37

0 28 64 25 -6 14 17 40

0 42 47 27 -14 2 10 13

0 16 64 21 -1 0 22 26

0 4 28 25 -12 0 5 15

0 16 26 41 -10 6 10 8

0 26 38 69 -11 12 18 1

0 81 94 19 -10 10 12 10

0 23 27 25 -15 2 4 5

0 20 25 24 -3 5 8 2

0 4 82 95 -14 19 44 9

0 18 53 44 -15 4 13 8

0 4 90 67 -8 4 5 22

0 18 29 86 -19 8 20 16

0 66 95 98 -12 19 41 32

0 20 24 93 -10 17 29 5

0 4 63 84 -13 4 9 23

0 19 78 11 -6 2 6 39

0 16 46 74 -6 30 43 22

0 51 88 40 -8 4 16 47

0 13 60 23 -4 6 21 34

0 8 46 54 -7 5 15 32

0 24 86 45 -19 4 7 34

0 37 56 72 -19 3 15 1

0 85 86 94 -18 3 4 45

0 49 65 29 -13 12 36 19

0 37 72 18 -3 18 30 43

0 38 73 21 -8 7 10 38

0 63 90 16 -6 3 10 0

0 6 26 49 -13 3 6 12

0 4 50 69 -7 24 29 30

0 21 36 30 -18 1 9 7

0 11 14 48 -11 8 14 4

0 43 48 43 -19 24 34 34

0 2 10 95 -4 29 43 32

0 21 40 26 -13 12 29 45

0 8 49 72 -4 0 5 15

0 18 19 72 -15 5 12 13

0 53 73 70 -15 5 6 28

0 7 58 92 -18 0 1 49

0 87 93 90 -9 20 21 29

0 14 98 11 -6 8 29 8

0 7 55 46 -11 1 3 34

0 24 52 14 -19 15 49 44

0 42 43 72 -14 16 27 12

0 9 22 53 -19 23 32 24

0 20 28 66 -15 24 25 2

0 24 58 53 -20 27 28 31

0 18 66 92 -17 2 12 13

0 41 45 37 -3 18 44 18

0 56 84 27 -3 1 5 28

0 24 35 19 -15 0 18 44

0 19 61 51 -10 11 16 35

0 4 54 56 -16 32 43 24

0 4 46 53 -3 10 19 29

0 70 85 30 -2 0 4 39

0 16 70 1 -11 16 45 38

0 42 50 43 -18 6 44 29

0 22 23 71 -6 9 46 4

0 28 87 58 -13 12 41 37

0 55 67 50 -3 35 46 41

0 6 9 76 -20 16 32 42

0 6 79 68 -16 2 12 35

0 9 27 56 -4 44 48 39

0 11 71 44 -5 1 45 22

0 1 36 71 -16 12 15 47

0 25 46 21 -17 5 21 33

0 22 24 3 -7 4 5 28

0 13 16 82 -9 27 35 3

0 5 11 51 -18 20 32 11

0 6 41 34 -18 2 3 49

0 14 28 96 -7 3 33 1

0 8 11 56 -12 3 13 24

0 8 11 65 -19 20 24 26

0 2 13 3 -11 16 23 6

0 23 29 20 -7 6 36 25

0 8 12 47 -19 21 40 22

0 12 15 59 -7 19 33 36

0 4 21 5 -15 10 14 21

0 9 31 90 -12 4 43 30

0 26 27 3 -2 10 15 49

0 3 5 94 -2 7 13 4

0 4 9 97 -10 5 6 30

0 9 11 18 -8 3 17 46

0 0 7 94 -2 3 10 44

0 1 12 1 -12 15 45 1

0 7 10 16 -2 4 49 27

0 12 17 33 -14 9 25 43

0 13 25 60 -1 26 40 0

0 0 2 5 -12 3 4 39


SAlphaB: 738.0, std-dev 285.42530192643744

Earliest win: 37
Latest win: 81

WinDepth:
0 0 0 0 0 0 0 0 0 0 0 0 0 0 0 0 0 0 0 0 0 0 0 0 0 0 0 0 0 0 0 0 0 0 0 0 0 2 1 7 0 6 2 7 8 24 11 41 23 83 38 193 50 125 80 192 107 208 118 220 166 204 206 320 330 367 394 356 480 416 452 414 406 447 427 382 270 236 172 140 113 80 
SAlphaB:
0 0 0 0 0 0 0 0 0 0 0 0 0 0 0 0 0 0 0 0 0 0 0 0 0 0 0 0 0 0 0 0 0 0 0 0 0 2 1 7 0 6 2 7 8 24 11 41 23 83 38 193 50 125 80 192 107 208 118 220 166 204 206 320 330 367 394 356 480 416 452 414 406 447 427 382 270 236 172 140 113 80 

LossDepth:
SAlphaB:
0 0 0 0 0 0 0 0 0 0 0 0 0 0 0 0 0 0 0 0 0 0 0 0 0 0 0 0 0 0 0 0 0 0 0 0 0 2 1 7 0 6 2 7 8 24 11 41 23 83 38 193 50 125 80 192 107 208 118 220 166 204 206 320 330 367 394 356 480 416 452 414 406 447 427 382 270 236 172 140 113 80 

FirstWin:
0 0 0 0 0 0 0 0 0 0 0 0 0 0 0 0 0 0 0 0 0 0 0 0 0 0 0 0 0 0 0 0 0 0 0 0 0 2 0 7 0 6 0 7 0 24 0 41 0 83 0 193 0 125 0 192 0 208 0 220 0 204 0 320 0 367 0 356 0 416 0 414 0 447 0 382 0 236 0 140 0 80 
SAlphaB:
0 0 0 0 0 0 0 0 0 0 0 0 0 0 0 0 0 0 0 0 0 0 0 0 0 0 0 0 0 0 0 0 0 0 0 0 0 2 0 7 0 6 0 7 0 24 0 41 0 83 0 193 0 125 0 192 0 208 0 220 0 204 0 320 0 367 0 356 0 416 0 414 0 447 0 382 0 236 0 140 0 80 

SecondWin:
0 0 0 0 0 0 0 0 0 0 0 0 0 0 0 0 0 0 0 0 0 0 0 0 0 0 0 0 0 0 0 0 0 0 0 0 0 0 1 0 0 0 2 0 8 0 11 0 23 0 38 0 50 0 80 0 107 0 118 0 166 0 206 0 330 0 394 0 480 0 452 0 406 0 427 0 270 0 172 0 113 0 
SAlphaB:
0 0 0 0 0 0 0 0 0 0 0 0 0 0 0 0 0 0 0 0 0 0 0 0 0 0 0 0 0 0 0 0 0 0 0 0 0 0 1 0 0 0 2 0 8 0 11 0 23 0 38 0 50 0 80 0 107 0 118 0 166 0 206 0 330 0 394 0 480 0 452 0 406 0 427 0 270 0 172 0 113 0 
