0 39 92 39 -10 6 26 37

0 58 92 98 -15 12 38 21

0 54 55 60 -19 5 13 22

0 6 55 11 -4 0 1 1

0 74 86 48 -6 3 10 21

0 60 96 32 -18 8 32 45

0 38 70 83 -5 35 44 22

0 29 42 52 -1 0 1 1

0 11 87 71 -13 1 11 24

0 58 80 94 -6 2 4 13

0 59 71 29 -2 5 22 41

0 83 95 51 -17 12 15 30

0 26 50 54 -18 0 4 39

0 18 79 8 -2 1 13 29

0 61 97 89 -4 16 27 32

0 26 93 40 -8 4 20 37

0 21 67 57 -14 3 7 19

0 79 89 39 -13 18 22 28

0 55 72 69 -3 17 24 41

0 22 29 88 -8 19 26 18

0 46 63 50 -17 2 22 11

0 33 90 50 -1 5 9 6

0 17 81 94 -5 13 31 48

0 10 95 19 -19 18 37 24

0 28 50 80 -14 2 37 33

0 45 80 28 -10 5 9 29

0 30 92 76 -19 28 33 40

0 32 60 29 -17 6 10 6

0 35 43 49 -2 1 25 34

0 16 80 4 -7 4 6 7

0 37 96 51 -19 7 16 24

0 58 69 74 -20 35 39 19

0 31 38 35 -13 19 39 29

0 83 93 73 -8 5 6 47

0 3 42 38 -10 14 30 17

0 41 47 80 -19 7 43 36

0 5 79 61 -14 19 43 48

0 40 76 60 -11 15 42 48

0 46 64 82 -6 6 47 32

0 22 38 73 -3 2 29 22

0 59 87 16 -4 35 42 30

0 29 51 42 -2 6 16 46

0 11 88 48 -7 37 41 23

0 3 59 89 -20 13 26 11

0 0 45 26 -1 7 23 17

0 26 64 52 -17 2 38 7

0 49 72 36 -16 22 29 44

0 0 33 53 -12 43 44 7

0 77 89 31 -19 6 33 29

0 50 79 82 -16 25 26 23

0 4 79 65 -15 28 45 45

0 10 29 41 -16 3 9 11

0 6 21 66 -1 18 26 23

0 3 4 32 -12 4 27 6

0 52 58 64 -9 3 47 30

0 66 82 90 -18 31 45 3

0 21 23 31 -13 15 38 36

0 29 32 4 -14 8 21 46

0 11 33 15 -18 36 42 38

0 20 24 68 -18 4 40 35

0 39 59 58 -14 20 36 26

0 50 54 37 -7 28 38 28

0 18 39 8 -20 0 30 11

0 16 67 0 -14 3 17 20

0 44 63 99 -5 44 49 48

0 0 40 27 -9 28 30 28

0 44 47 27 -16 23 46 37

0 10 19 51 -1 25 46 20

0 4 64 67 -1 2 7 40

0 33 70 77 -12 19 31 47

0 10 11 5 -20 19 33 4

0 6 12 83 -10 14 45 13

0 8 26 7 -1 5 10 22

0 4 38 3 -19 5 37 4

0 4 7 52 -16 12 24 40

0 4 9 9 -17 0 1 8

0 43 46 67 -9 15 16 38

0 45 74 33 -7 41 43 35

0 0 5 42 -11 40 45 22

0 1 2 92 -19 8 19 42

0 5 34 28 -13 0 5 0

0 4 5 21 -5 1 25 29

0 14 15 36 -2 3 32 17

0 13 17 39 -20 7 35 49

0 5 61 12 -2 4 32 44

0 4 25 65 -3 15 16 33

0 1 28 72 -15 25 38 33

0 2 20 70 -11 1 17 34

0 12 20 70 -13 25 36 42

0 6 19 87 -19 27 41 26

0 12 56 72 -12 12 16 41

0 3 24 25 -8 9 18 43

0 4 12 26 -16 15 19 14

0 5 7 87 -13 29 43 15

0 6 8 67 -20 0 32 31

0 0 5 60 -15 10 29 15

0 1 5 20 -3 0 4 0

0 6 7 3 -5 27 38 7

0 4 8 12 -8 15 37 34

0 4 16 39 -6 15 26 36


SAlphaB: 687.0, std-dev 259.50432860678177

Earliest win: 37
Latest win: 81

WinDepth:
0 0 0 0 0 0 0 0 0 0 0 0 0 0 0 0 0 0 0 0 0 0 0 0 0 0 0 0 0 0 0 0 0 0 0 0 0 20 1 3 1 6 3 24 11 15 12 39 31 67 60 199 87 124 111 149 113 176 128 179 198 236 230 328 334 386 425 422 457 375 440 420 427 411 375 321 259 250 210 130 92 75 
SAlphaB:
0 0 0 0 0 0 0 0 0 0 0 0 0 0 0 0 0 0 0 0 0 0 0 0 0 0 0 0 0 0 0 0 0 0 0 0 0 20 1 3 1 6 3 24 11 15 12 39 31 67 60 199 87 124 111 149 113 176 128 179 198 236 230 328 334 386 425 422 457 375 440 420 427 411 375 321 259 250 210 130 92 75 

LossDepth:
SAlphaB:
0 0 0 0 0 0 0 0 0 0 0 0 0 0 0 0 0 0 0 0 0 0 0 0 0 0 0 0 0 0 0 0 0 0 0 0 0 20 1 3 1 6 3 24 11 15 12 39 31 67 60 199 87 124 111 149 113 176 128 179 198 236 230 328 334 386 425 422 457 375 440 420 427 411 375 321 259 250 210 130 92 75 

FirstWin:
0 0 0 0 0 0 0 0 0 0 0 0 0 0 0 0 0 0 0 0 0 0 0 0 0 0 0 0 0 0 0 0 0 0 0 0 0 20 0 3 0 6 0 24 0 15 0 39 0 67 0 199 0 124 0 149 0 176 0 179 0 236 0 328 0 386 0 422 0 375 0 420 0 411 0 321 0 250 0 130 0 75 
SAlphaB:
0 0 0 0 0 0 0 0 0 0 0 0 0 0 0 0 0 0 0 0 0 0 0 0 0 0 0 0 0 0 0 0 0 0 0 0 0 20 0 3 0 6 0 24 0 15 0 39 0 67 0 199 0 124 0 149 0 176 0 179 0 236 0 328 0 386 0 422 0 375 0 420 0 411 0 321 0 250 0 130 0 75 

SecondWin:
0 0 0 0 0 0 0 0 0 0 0 0 0 0 0 0 0 0 0 0 0 0 0 0 0 0 0 0 0 0 0 0 0 0 0 0 0 0 1 0 1 0 3 0 11 0 12 0 31 0 60 0 87 0 111 0 113 0 128 0 198 0 230 0 334 0 425 0 457 0 440 0 427 0 375 0 259 0 210 0 92 0 
SAlphaB:
0 0 0 0 0 0 0 0 0 0 0 0 0 0 0 0 0 0 0 0 0 0 0 0 0 0 0 0 0 0 0 0 0 0 0 0 0 0 1 0 1 0 3 0 11 0 12 0 31 0 60 0 87 0 111 0 113 0 128 0 198 0 230 0 334 0 425 0 457 0 440 0 427 0 375 0 259 0 210 0 92 0 
