0 23 51 3 -19 0 4 16

0 43 80 67 -5 8 10 26

0 44 83 78 -8 12 27 23

0 27 56 80 -6 4 23 11

0 65 96 91 -13 0 4 22

0 69 92 89 -13 0 3 26

0 69 96 47 -10 9 43 18

0 46 83 42 -3 10 22 42

0 61 85 43 -3 8 9 9

0 46 93 91 -5 19 40 41

0 39 56 28 -6 2 8 10

0 18 24 54 -5 11 12 8

0 80 89 85 -18 9 42 21

0 29 95 79 -7 9 33 27

0 55 68 72 -20 14 15 28

0 15 16 41 -10 3 8 10

0 66 75 9 -6 8 21 23

0 19 71 98 -10 23 28 46

0 14 38 32 -9 5 7 37

0 78 79 37 -6 2 12 8

0 12 97 44 -8 5 6 30

0 17 64 45 -3 12 36 18

0 42 48 28 -16 9 43 12

0 58 87 63 -16 0 19 5

0 56 91 36 -16 13 20 23

0 79 84 60 -15 18 30 12

0 72 82 37 -3 7 41 9

0 33 80 1 -6 31 38 30

0 1 55 42 -16 8 21 49

0 91 92 92 -6 1 21 36

0 49 59 52 -20 7 13 39

0 54 83 46 -8 26 47 23

0 15 28 88 -5 3 8 9

0 11 62 37 -11 23 33 40

0 36 39 50 -5 7 17 31

0 28 73 40 -2 1 5 6

0 75 79 76 -3 2 20 23

0 25 58 79 -1 32 34 15

0 10 75 29 -14 1 10 19

0 20 59 95 -11 2 4 32

0 20 30 64 -10 4 5 24

0 17 59 13 -3 11 16 4

0 9 87 31 -1 15 34 38

0 42 43 91 -7 12 15 35

0 37 43 41 -20 2 21 44

0 10 82 20 -6 28 34 32

0 24 30 37 -11 6 14 34

0 39 41 0 -12 13 25 24

0 5 68 92 -13 7 26 30

0 6 39 69 -15 2 8 20

0 63 97 56 -8 1 9 37

0 16 67 59 -2 4 21 44

0 44 78 51 -7 4 7 41

0 21 61 6 -17 37 49 46

0 29 92 27 -7 27 38 21

0 15 53 42 -11 4 13 44

0 11 86 89 -18 37 40 13

0 57 83 23 -12 25 36 42

0 8 43 67 -17 16 22 32

0 18 63 15 -15 4 5 39

0 61 86 24 -9 35 45 49

0 41 85 21 -6 44 46 21

0 21 23 18 -1 31 39 24

0 12 48 99 -6 1 7 45

0 1 75 68 -12 32 40 32

0 21 29 79 -7 18 28 43

0 6 15 93 -6 6 8 21

0 7 57 41 -12 24 46 42

0 9 44 7 -1 0 10 20

0 53 55 45 -9 1 7 25

0 36 51 19 -7 11 13 28

0 25 42 33 -1 3 10 41

0 5 77 53 -19 1 43 42

0 38 78 24 -15 23 36 41

0 38 45 94 -13 1 28 25

0 9 73 69 -10 1 4 49

0 29 61 75 -1 0 1 44

0 1 4 27 -14 0 1 16

0 13 35 99 -8 25 32 47

0 1 21 95 -14 5 11 43

0 4 32 88 -7 24 30 18

0 6 34 2 -5 32 41 48

0 28 74 47 -9 40 43 28

0 3 10 28 -13 14 38 42

0 51 68 8 -9 34 42 36

0 5 15 44 -6 8 24 36

0 5 39 88 -12 24 41 26

0 2 3 27 -19 7 29 21

0 1 11 53 -17 0 1 39

0 2 14 42 -2 29 33 8

0 11 17 26 -6 2 5 26

0 0 22 94 -5 6 10 47

0 8 10 35 -3 3 6 35

0 2 7 51 -19 0 10 41

0 3 10 89 -8 4 5 45

0 3 10 85 -20 39 47 11

0 12 40 88 -7 33 49 9

0 8 35 12 -18 2 14 42

0 7 12 42 -7 30 34 45

0 0 2 80 -8 5 16 21


SAlphaB: 695.0, std-dev 262.17449457577027

Earliest win: 35
Latest win: 81

WinDepth:
0 0 0 0 0 0 0 0 0 0 0 0 0 0 0 0 0 0 0 0 0 0 0 0 0 0 0 0 0 0 0 0 0 0 0 1 0 4 0 15 4 8 0 15 9 36 13 90 29 65 54 151 77 117 99 178 129 177 147 177 149 245 266 350 335 368 404 382 469 411 511 448 401 362 382 385 247 221 172 150 87 70 
SAlphaB:
0 0 0 0 0 0 0 0 0 0 0 0 0 0 0 0 0 0 0 0 0 0 0 0 0 0 0 0 0 0 0 0 0 0 0 1 0 4 0 15 4 8 0 15 9 36 13 90 29 65 54 151 77 117 99 178 129 177 147 177 149 245 266 350 335 368 404 382 469 411 511 448 401 362 382 385 247 221 172 150 87 70 

LossDepth:
SAlphaB:
0 0 0 0 0 0 0 0 0 0 0 0 0 0 0 0 0 0 0 0 0 0 0 0 0 0 0 0 0 0 0 0 0 0 0 1 0 4 0 15 4 8 0 15 9 36 13 90 29 65 54 151 77 117 99 178 129 177 147 177 149 245 266 350 335 368 404 382 469 411 511 448 401 362 382 385 247 221 172 150 87 70 

FirstWin:
0 0 0 0 0 0 0 0 0 0 0 0 0 0 0 0 0 0 0 0 0 0 0 0 0 0 0 0 0 0 0 0 0 0 0 1 0 4 0 15 0 8 0 15 0 36 0 90 0 65 0 151 0 117 0 178 0 177 0 177 0 245 0 350 0 368 0 382 0 411 0 448 0 362 0 385 0 221 0 150 0 70 
SAlphaB:
0 0 0 0 0 0 0 0 0 0 0 0 0 0 0 0 0 0 0 0 0 0 0 0 0 0 0 0 0 0 0 0 0 0 0 1 0 4 0 15 0 8 0 15 0 36 0 90 0 65 0 151 0 117 0 178 0 177 0 177 0 245 0 350 0 368 0 382 0 411 0 448 0 362 0 385 0 221 0 150 0 70 

SecondWin:
0 0 0 0 0 0 0 0 0 0 0 0 0 0 0 0 0 0 0 0 0 0 0 0 0 0 0 0 0 0 0 0 0 0 0 0 0 0 0 0 4 0 0 0 9 0 13 0 29 0 54 0 77 0 99 0 129 0 147 0 149 0 266 0 335 0 404 0 469 0 511 0 401 0 382 0 247 0 172 0 87 0 
SAlphaB:
0 0 0 0 0 0 0 0 0 0 0 0 0 0 0 0 0 0 0 0 0 0 0 0 0 0 0 0 0 0 0 0 0 0 0 0 0 0 0 0 4 0 0 0 9 0 13 0 29 0 54 0 77 0 99 0 129 0 147 0 149 0 266 0 335 0 404 0 469 0 511 0 401 0 382 0 247 0 172 0 87 0 
