0 66 94 58 -8 4 9 8

0 17 82 3 -16 2 9 8

0 54 82 96 -12 10 25 43

0 31 66 72 -20 1 7 41

0 29 62 76 -15 2 4 11

0 46 80 49 -2 9 13 15

0 45 88 90 -6 8 16 33

0 39 41 29 -7 9 36 18

0 26 79 14 -12 1 3 17

0 89 97 43 -10 27 30 35

0 16 32 23 -3 3 5 5

0 44 98 10 -2 8 18 24

0 22 88 69 -3 8 17 39

0 50 94 44 -12 4 32 27

0 52 81 96 -18 2 3 10

0 35 69 68 -13 11 26 34

0 79 86 53 -1 14 40 6

0 19 89 12 -8 5 15 0

0 47 62 89 -19 7 25 2

0 65 77 22 -16 9 14 10

0 43 77 83 -2 6 32 42

0 28 98 34 -4 5 8 20

0 32 67 88 -4 11 33 37

0 11 54 34 -3 0 8 28

0 20 56 41 -1 9 18 10

0 28 62 73 -16 3 22 32

0 22 57 33 -8 14 16 5

0 36 48 76 -12 23 31 17

0 16 39 13 -9 2 17 9

0 5 37 92 -16 1 2 11

0 74 91 71 -7 7 21 35

0 28 66 97 -14 9 27 46

0 46 85 7 -7 1 2 28

0 8 52 82 -19 5 11 16

0 18 33 22 -15 0 2 0

0 48 53 92 -15 26 47 48

0 20 37 26 -14 11 31 24

0 18 41 98 -14 14 28 27

0 30 37 20 -13 9 20 9

0 34 45 26 -12 14 18 15

0 34 86 34 -10 30 38 10

0 38 85 87 -7 40 48 17

0 8 61 24 -10 1 11 19

0 35 92 57 -13 46 49 12

0 27 65 24 -2 5 36 26

0 13 73 91 -10 12 46 43

0 4 12 63 -7 7 9 9

0 28 40 13 -5 8 20 39

0 53 98 54 -17 0 42 10

0 4 21 61 -18 16 17 21

0 69 87 45 -12 20 25 13

0 7 71 51 -16 31 41 31

0 27 48 48 -15 10 15 46

0 3 62 24 -20 17 18 34

0 24 26 60 -20 21 26 19

0 79 91 89 -1 43 48 31

0 43 93 5 -12 16 29 8

0 0 4 26 -4 1 3 9

0 22 25 64 -4 5 15 43

0 4 21 54 -4 0 2 33

0 42 56 49 -18 18 31 44

0 14 65 13 -9 6 37 3

0 13 23 87 -13 11 13 17

0 34 44 34 -18 38 45 43

0 18 73 60 -6 8 45 23

0 32 35 6 -17 15 22 5

0 14 75 11 -15 10 22 46

0 37 51 86 -3 1 2 39

0 25 53 62 -13 13 41 12

0 39 54 2 -19 17 31 24

0 4 19 75 -4 4 6 15

0 4 95 33 -14 0 1 30

0 16 28 90 -8 17 40 39

0 60 90 67 -14 35 40 40

0 1 21 95 -12 13 22 39

0 8 64 71 -5 0 43 33

0 6 10 54 -13 16 33 6

0 7 69 9 -7 11 15 8

0 44 53 47 -20 30 45 45

0 41 75 24 -18 9 48 36

0 2 4 46 -12 19 40 5

0 8 17 1 -4 29 32 6

0 27 33 42 -15 1 18 43

0 0 5 93 -17 13 28 48

0 30 33 38 -15 34 35 49

0 5 7 53 -3 20 28 20

0 0 26 20 -19 35 41 44

0 4 87 77 -7 0 2 42

0 9 10 31 -6 31 33 18

0 24 40 77 -14 4 44 43

0 44 56 67 -14 32 43 0

0 4 8 16 -15 6 38 20

0 10 22 36 -5 22 48 22

0 2 11 72 -6 3 15 36

0 4 21 19 -11 8 10 21

0 0 2 32 -12 13 45 32

0 4 6 1 -10 34 46 2

0 4 5 46 -9 21 25 2

0 0 2 45 -3 37 38 46

0 0 8 63 -13 2 11 35


SAlphaB: 677.0, std-dev 264.15183392063807

Earliest win: 37
Latest win: 81

WinDepth:
0 0 0 0 0 0 0 0 0 0 0 0 0 0 0 0 0 0 0 0 0 0 0 0 0 0 0 0 0 0 0 0 0 0 0 0 0 6 2 2 2 4 4 7 5 14 24 44 30 59 58 178 105 161 80 179 132 198 140 158 179 244 222 337 300 344 402 434 435 470 438 460 404 405 340 328 277 235 217 146 83 73 
SAlphaB:
0 0 0 0 0 0 0 0 0 0 0 0 0 0 0 0 0 0 0 0 0 0 0 0 0 0 0 0 0 0 0 0 0 0 0 0 0 6 2 2 2 4 4 7 5 14 24 44 30 59 58 178 105 161 80 179 132 198 140 158 179 244 222 337 300 344 402 434 435 470 438 460 404 405 340 328 277 235 217 146 83 73 

LossDepth:
SAlphaB:
0 0 0 0 0 0 0 0 0 0 0 0 0 0 0 0 0 0 0 0 0 0 0 0 0 0 0 0 0 0 0 0 0 0 0 0 0 6 2 2 2 4 4 7 5 14 24 44 30 59 58 178 105 161 80 179 132 198 140 158 179 244 222 337 300 344 402 434 435 470 438 460 404 405 340 328 277 235 217 146 83 73 

FirstWin:
0 0 0 0 0 0 0 0 0 0 0 0 0 0 0 0 0 0 0 0 0 0 0 0 0 0 0 0 0 0 0 0 0 0 0 0 0 6 0 2 0 4 0 7 0 14 0 44 0 59 0 178 0 161 0 179 0 198 0 158 0 244 0 337 0 344 0 434 0 470 0 460 0 405 0 328 0 235 0 146 0 73 
SAlphaB:
0 0 0 0 0 0 0 0 0 0 0 0 0 0 0 0 0 0 0 0 0 0 0 0 0 0 0 0 0 0 0 0 0 0 0 0 0 6 0 2 0 4 0 7 0 14 0 44 0 59 0 178 0 161 0 179 0 198 0 158 0 244 0 337 0 344 0 434 0 470 0 460 0 405 0 328 0 235 0 146 0 73 

SecondWin:
0 0 0 0 0 0 0 0 0 0 0 0 0 0 0 0 0 0 0 0 0 0 0 0 0 0 0 0 0 0 0 0 0 0 0 0 0 0 2 0 2 0 4 0 5 0 24 0 30 0 58 0 105 0 80 0 132 0 140 0 179 0 222 0 300 0 402 0 435 0 438 0 404 0 340 0 277 0 217 0 83 0 
SAlphaB:
0 0 0 0 0 0 0 0 0 0 0 0 0 0 0 0 0 0 0 0 0 0 0 0 0 0 0 0 0 0 0 0 0 0 0 0 0 0 2 0 2 0 4 0 5 0 24 0 30 0 58 0 105 0 80 0 132 0 140 0 179 0 222 0 300 0 402 0 435 0 438 0 404 0 340 0 277 0 217 0 83 0 
