0 31 82 81 -15 2 5 16

0 34 65 95 -18 26 39 10

0 20 76 12 -13 1 4 6

0 7 87 38 -20 29 43 15

0 52 98 63 -17 9 18 8

0 29 95 89 -10 2 21 26

0 48 86 67 -20 14 36 42

0 60 71 26 -19 2 11 32

0 78 86 97 -17 1 6 20

0 13 22 51 -9 12 14 9

0 20 75 65 -20 23 39 24

0 29 33 79 -16 4 10 23

0 28 60 52 -10 0 7 15

0 23 33 33 -1 6 24 10

0 55 73 10 -4 8 38 39

0 74 88 71 -9 2 3 31

0 14 84 18 -18 1 7 33

0 90 94 86 -11 12 28 28

0 51 73 65 -5 2 11 22

0 43 65 6 -9 12 42 3

0 28 59 62 -18 10 17 15

0 39 53 96 -4 0 1 1

0 53 82 77 -4 2 49 11

0 40 65 86 -14 3 4 22

0 38 56 24 -11 1 16 7

0 71 95 34 -11 3 29 19

0 0 74 18 -6 2 9 13

0 21 90 99 -3 26 45 1

0 37 98 63 -1 0 15 26

0 23 62 76 -14 25 47 29

0 63 72 95 -15 8 11 10

0 7 42 74 -12 22 23 29

0 50 71 52 -14 10 18 19

0 23 71 54 -14 47 49 4

0 5 71 42 -12 0 33 25

0 43 61 77 -19 21 37 27

0 29 61 46 -11 13 20 10

0 3 49 28 -12 0 7 18

0 78 83 34 -9 9 40 34

0 16 18 73 -19 7 10 15

0 33 38 98 -9 19 46 48

0 6 36 39 -7 25 28 14

0 8 45 36 -17 0 15 21

0 39 62 9 -3 21 27 8

0 55 72 12 -8 11 13 40

0 1 26 22 -14 4 15 29

0 10 21 47 -9 12 28 21

0 16 32 31 -6 23 46 4

0 6 22 31 -17 4 9 27

0 12 77 26 -10 26 31 21

0 13 28 54 -3 27 38 18

0 3 51 46 -9 6 10 37

0 27 70 35 -16 11 34 29

0 10 35 3 -5 5 14 25

0 14 53 45 -17 2 43 30

0 20 27 27 -7 9 24 38

0 51 62 3 -15 5 35 46

0 14 39 96 -8 2 4 35

0 12 64 72 -2 0 1 47

0 8 20 99 -4 6 8 23

0 47 60 21 -11 0 5 25

0 4 21 62 -12 1 3 43

0 75 80 85 -20 17 22 45

0 21 43 26 -18 10 38 13

0 1 23 55 -16 18 20 36

0 3 5 80 -9 14 18 16

0 85 93 82 -12 38 42 4

0 25 32 39 -16 20 47 17

0 13 22 94 -6 27 44 32

0 2 9 38 -17 3 10 16

0 10 69 98 -9 16 30 43

0 13 36 56 -11 14 16 30

0 65 69 98 -6 31 34 0

0 19 36 20 -12 11 16 41

0 8 23 63 -15 15 30 8

0 7 25 63 -20 25 40 16

0 33 49 38 -3 42 49 46

0 15 23 9 -20 27 40 42

0 1 4 82 -10 16 45 9

0 1 32 99 -11 2 11 21

0 9 11 77 -16 6 9 48

0 21 22 70 -5 1 13 33

0 15 16 47 -20 0 1 49

0 11 18 0 -16 3 6 46

0 1 21 32 -8 3 48 1

0 0 5 77 -11 1 4 23

0 0 2 53 -3 23 30 40

0 13 90 41 -1 30 36 17

0 2 3 91 -3 23 42 43

0 3 14 89 -15 27 37 1

0 15 29 17 -8 2 8 47

0 1 8 8 -13 8 38 39

0 16 17 57 -13 20 37 48

0 8 51 94 -3 2 42 24

0 4 17 24 -11 16 21 40

0 18 20 52 -15 11 47 5

0 0 16 42 -14 0 35 41

0 0 1 27 -8 27 32 3

0 5 6 17 -7 28 38 7

0 3 4 77 -6 31 35 21


SAlphaB: 703.0, std-dev 255.60803404961095

Earliest win: 37
Latest win: 81

WinDepth:
0 0 0 0 0 0 0 0 0 0 0 0 0 0 0 0 0 0 0 0 0 0 0 0 0 0 0 0 0 0 0 0 0 0 0 0 0 2 0 1 0 2 2 6 14 23 11 59 22 51 65 271 79 105 92 190 83 207 140 158 183 242 266 317 324 342 407 358 445 412 452 451 442 413 422 343 314 267 187 145 82 91 
SAlphaB:
0 0 0 0 0 0 0 0 0 0 0 0 0 0 0 0 0 0 0 0 0 0 0 0 0 0 0 0 0 0 0 0 0 0 0 0 0 2 0 1 0 2 2 6 14 23 11 59 22 51 65 271 79 105 92 190 83 207 140 158 183 242 266 317 324 342 407 358 445 412 452 451 442 413 422 343 314 267 187 145 82 91 

LossDepth:
SAlphaB:
0 0 0 0 0 0 0 0 0 0 0 0 0 0 0 0 0 0 0 0 0 0 0 0 0 0 0 0 0 0 0 0 0 0 0 0 0 2 0 1 0 2 2 6 14 23 11 59 22 51 65 271 79 105 92 190 83 207 140 158 183 242 266 317 324 342 407 358 445 412 452 451 442 413 422 343 314 267 187 145 82 91 

FirstWin:
0 0 0 0 0 0 0 0 0 0 0 0 0 0 0 0 0 0 0 0 0 0 0 0 0 0 0 0 0 0 0 0 0 0 0 0 0 2 0 1 0 2 0 6 0 23 0 59 0 51 0 271 0 105 0 190 0 207 0 158 0 242 0 317 0 342 0 358 0 412 0 451 0 413 0 343 0 267 0 145 0 91 
SAlphaB:
0 0 0 0 0 0 0 0 0 0 0 0 0 0 0 0 0 0 0 0 0 0 0 0 0 0 0 0 0 0 0 0 0 0 0 0 0 2 0 1 0 2 0 6 0 23 0 59 0 51 0 271 0 105 0 190 0 207 0 158 0 242 0 317 0 342 0 358 0 412 0 451 0 413 0 343 0 267 0 145 0 91 

SecondWin:
0 0 0 0 0 0 0 0 0 0 0 0 0 0 0 0 0 0 0 0 0 0 0 0 0 0 0 0 0 0 0 0 0 0 0 0 0 0 0 0 0 0 2 0 14 0 11 0 22 0 65 0 79 0 92 0 83 0 140 0 183 0 266 0 324 0 407 0 445 0 452 0 442 0 422 0 314 0 187 0 82 0 
SAlphaB:
0 0 0 0 0 0 0 0 0 0 0 0 0 0 0 0 0 0 0 0 0 0 0 0 0 0 0 0 0 0 0 0 0 0 0 0 0 0 0 0 0 0 2 0 14 0 11 0 22 0 65 0 79 0 92 0 83 0 140 0 183 0 266 0 324 0 407 0 445 0 452 0 442 0 422 0 314 0 187 0 82 0 
