0 30 92 3 -15 2 14 24

0 20 98 54 -7 0 19 22

0 16 58 57 -2 3 6 5

0 32 88 53 -17 3 8 42

0 11 26 95 -8 0 1 6

0 26 42 75 -13 3 6 19

0 21 52 29 -9 0 6 23

0 84 98 3 -10 13 19 44

0 87 90 48 -8 8 28 5

0 58 96 84 -10 2 21 9

0 14 22 40 -12 2 7 8

0 41 55 79 -11 8 19 34

0 34 61 32 -14 10 27 7

0 35 88 83 -8 10 16 14

0 25 61 64 -16 10 12 2

0 16 72 23 -13 1 2 42

0 55 65 99 -15 1 8 21

0 16 88 83 -10 11 26 12

0 15 89 92 -7 1 3 32

0 33 79 36 -20 15 32 35

0 39 70 2 -15 2 4 21

0 62 75 58 -19 12 17 4

0 48 51 91 -8 5 22 35

0 33 65 85 -7 6 11 5

0 69 89 69 -3 15 26 42

0 45 67 98 -18 12 20 40

0 74 86 38 -1 9 31 32

0 12 76 87 -15 0 8 4

0 73 92 94 -1 1 3 47

0 70 99 44 -11 1 16 47

0 29 36 86 -5 22 27 26

0 52 55 96 -3 19 22 14

0 11 69 47 -5 28 46 36

0 23 30 40 -5 22 44 7

0 13 51 73 -10 5 7 26

0 2 40 91 -19 14 32 13

0 4 47 48 -5 10 23 5

0 12 21 35 -9 17 26 9

0 10 22 82 -14 10 17 7

0 14 18 94 -3 6 7 6

0 64 71 85 -19 0 5 36

0 25 30 79 -17 0 1 28

0 14 34 87 -7 18 36 27

0 29 55 70 -9 43 45 14

0 40 69 22 -5 22 31 31

0 36 49 3 -17 20 32 25

0 2 40 92 -4 0 9 8

0 26 40 74 -17 13 30 2

0 6 33 74 -17 0 2 5

0 2 34 70 -20 5 17 37

0 88 98 3 -2 25 40 27

0 14 81 84 -1 4 11 36

0 17 19 41 -3 2 12 19

0 3 99 42 -18 7 8 44

0 24 26 78 -17 43 49 46

0 33 73 15 -18 27 28 9

0 9 12 58 -17 2 23 4

0 43 45 80 -9 30 36 11

0 55 65 89 -1 3 20 42

0 24 37 36 -16 4 45 4

0 0 65 22 -5 8 12 13

0 23 89 77 -16 16 32 22

0 28 52 72 -3 0 2 15

0 14 15 79 -20 0 13 5

0 21 39 58 -17 28 33 2

0 19 41 61 -1 44 45 40

0 6 10 77 -6 21 22 44

0 20 80 23 -2 26 28 14

0 28 58 88 -19 4 21 25

0 33 56 7 -5 17 28 37

0 32 73 59 -6 11 46 41

0 3 33 69 -8 1 4 22

0 1 21 45 -6 12 31 11

0 3 38 78 -1 31 36 43

0 5 12 98 -3 26 29 37

0 4 13 87 -12 29 40 31

0 47 59 31 -1 13 47 27

0 13 19 44 -19 2 31 18

0 35 52 2 -1 0 3 18

0 2 6 30 -16 38 42 37

0 3 8 53 -1 10 28 0

0 29 82 28 -5 25 34 49

0 14 25 10 -6 8 47 15

0 25 30 94 -5 35 48 48

0 0 2 66 -19 12 34 0

0 9 28 65 -2 20 46 46

0 0 1 48 -8 3 6 8

0 8 27 42 -8 25 39 6

0 18 24 55 -11 6 31 3

0 0 17 2 -4 42 49 48

0 1 22 54 -11 19 28 7

0 17 24 38 -9 10 33 26

0 0 27 17 -19 4 17 5

0 5 12 33 -20 23 25 16

0 17 45 94 -1 9 42 27

0 0 1 65 -4 28 42 20

0 0 7 72 -12 5 6 35

0 4 5 92 -1 0 18 25

0 3 4 83 -1 3 5 17

0 5 12 3 -9 21 49 14


SAlphaB: 698.0, std-dev 263.32314594793826

Earliest win: 37
Latest win: 81

WinDepth:
0 0 0 0 0 0 0 0 0 0 0 0 0 0 0 0 0 0 0 0 0 0 0 0 0 0 0 0 0 0 0 0 0 0 0 0 0 1 0 5 13 4 2 8 7 19 9 41 12 75 56 179 106 128 68 165 110 195 140 159 180 233 212 344 268 361 329 368 443 481 470 512 457 399 453 345 284 245 208 134 108 79 
SAlphaB:
0 0 0 0 0 0 0 0 0 0 0 0 0 0 0 0 0 0 0 0 0 0 0 0 0 0 0 0 0 0 0 0 0 0 0 0 0 1 0 5 13 4 2 8 7 19 9 41 12 75 56 179 106 128 68 165 110 195 140 159 180 233 212 344 268 361 329 368 443 481 470 512 457 399 453 345 284 245 208 134 108 79 

LossDepth:
SAlphaB:
0 0 0 0 0 0 0 0 0 0 0 0 0 0 0 0 0 0 0 0 0 0 0 0 0 0 0 0 0 0 0 0 0 0 0 0 0 1 0 5 13 4 2 8 7 19 9 41 12 75 56 179 106 128 68 165 110 195 140 159 180 233 212 344 268 361 329 368 443 481 470 512 457 399 453 345 284 245 208 134 108 79 

FirstWin:
0 0 0 0 0 0 0 0 0 0 0 0 0 0 0 0 0 0 0 0 0 0 0 0 0 0 0 0 0 0 0 0 0 0 0 0 0 1 0 5 0 4 0 8 0 19 0 41 0 75 0 179 0 128 0 165 0 195 0 159 0 233 0 344 0 361 0 368 0 481 0 512 0 399 0 345 0 245 0 134 0 79 
SAlphaB:
0 0 0 0 0 0 0 0 0 0 0 0 0 0 0 0 0 0 0 0 0 0 0 0 0 0 0 0 0 0 0 0 0 0 0 0 0 1 0 5 0 4 0 8 0 19 0 41 0 75 0 179 0 128 0 165 0 195 0 159 0 233 0 344 0 361 0 368 0 481 0 512 0 399 0 345 0 245 0 134 0 79 

SecondWin:
0 0 0 0 0 0 0 0 0 0 0 0 0 0 0 0 0 0 0 0 0 0 0 0 0 0 0 0 0 0 0 0 0 0 0 0 0 0 0 0 13 0 2 0 7 0 9 0 12 0 56 0 106 0 68 0 110 0 140 0 180 0 212 0 268 0 329 0 443 0 470 0 457 0 453 0 284 0 208 0 108 0 
SAlphaB:
0 0 0 0 0 0 0 0 0 0 0 0 0 0 0 0 0 0 0 0 0 0 0 0 0 0 0 0 0 0 0 0 0 0 0 0 0 0 0 0 13 0 2 0 7 0 9 0 12 0 56 0 106 0 68 0 110 0 140 0 180 0 212 0 268 0 329 0 443 0 470 0 457 0 453 0 284 0 208 0 108 0 
