0 18 67 3 -15 2 4 21

0 19 56 6 -1 10 20 2

0 55 97 89 -6 9 16 1

0 47 98 60 -19 4 14 48

0 14 80 91 -1 3 7 15

0 78 96 66 -12 15 36 39

0 45 75 90 -9 2 25 14

0 16 46 46 -2 0 1 4

0 41 82 89 -15 2 11 12

0 55 99 88 -16 11 16 9

0 64 91 75 -17 7 10 27

0 41 73 60 -5 13 15 20

0 23 65 61 -12 1 9 5

0 17 71 46 -3 5 15 22

0 30 44 89 -18 15 33 3

0 51 66 6 -17 1 6 39

0 20 64 68 -7 7 15 10

0 37 70 26 -16 3 14 45

0 57 81 66 -18 21 35 20

0 0 88 83 -19 6 17 9

0 55 91 7 -12 26 27 37

0 5 78 46 -18 13 30 25

0 18 62 31 -12 3 4 31

0 10 85 5 -16 1 6 30

0 41 75 21 -7 12 20 14

0 21 34 53 -20 3 9 36

0 29 82 21 -5 3 7 48

0 41 48 28 -13 2 7 46

0 17 54 64 -3 4 31 15

0 22 64 46 -3 6 16 26

0 6 17 68 -5 8 9 9

0 19 49 49 -1 2 9 29

0 19 80 69 -6 38 43 18

0 20 56 76 -7 10 28 10

0 41 55 15 -14 0 1 32

0 44 69 59 -20 6 46 1

0 16 66 61 -10 0 26 22

0 15 75 76 -12 7 23 28

0 41 83 68 -3 9 10 43

0 39 50 90 -6 2 4 31

0 3 84 23 -5 8 23 22

0 21 27 98 -4 6 13 49

0 9 28 74 -14 11 22 28

0 49 71 95 -11 22 34 35

0 63 71 27 -7 3 5 42

0 9 28 72 -6 0 29 10

0 6 80 54 -15 8 40 32

0 30 35 60 -6 11 28 3

0 20 31 90 -4 28 29 42

0 90 95 80 -13 9 12 49

0 4 78 1 -1 7 17 18

0 26 49 71 -17 6 25 22

0 20 23 8 -13 1 9 31

0 22 72 71 -2 1 29 44

0 4 12 62 -6 1 3 9

0 6 58 49 -14 1 21 28

0 21 32 94 -12 42 45 14

0 12 27 54 -9 12 34 14

0 15 49 66 -7 10 29 29

0 25 43 42 -1 5 26 40

0 4 33 31 -1 0 3 21

0 10 47 22 -13 7 23 33

0 0 64 6 -9 1 27 40

0 10 24 92 -10 6 19 9

0 0 11 84 -13 25 26 38

0 2 26 63 -19 11 20 31

0 25 95 21 -9 10 46 47

0 43 74 34 -14 27 46 45

0 12 72 66 -6 9 14 47

0 42 50 98 -2 17 21 9

0 11 14 86 -11 12 36 45

0 5 6 57 -16 2 8 9

0 24 76 46 -3 30 34 2

0 16 22 96 -14 2 3 48

0 6 47 69 -6 7 26 41

0 22 28 69 -8 0 35 27

0 2 8 77 -11 2 5 7

0 11 31 12 -19 9 13 19

0 0 2 7 -4 4 27 2

0 8 18 5 -15 3 16 1

0 2 20 12 -20 21 29 10

0 3 4 2 -9 24 26 12

0 6 66 13 -14 13 30 41

0 0 15 24 -2 22 48 21

0 0 2 3 -11 9 11 48

0 3 4 17 -3 21 23 7

0 2 27 45 -1 7 41 42

0 12 22 80 -12 38 43 4

0 14 18 51 -14 22 38 35

0 10 12 34 -18 6 11 10

0 4 7 51 -16 5 15 2

0 8 10 64 -11 6 7 36

0 1 7 37 -10 27 43 1

0 4 6 91 -18 24 48 38

0 2 3 79 -16 3 34 16

0 2 4 59 -10 8 21 41

0 0 1 31 -16 3 8 4

0 8 16 23 -16 3 22 29

0 2 13 2 -1 14 24 6

0 1 9 95 -15 1 6 37


SAlphaB: 692.0, std-dev 258.6648225098272

Earliest win: 37
Latest win: 81

WinDepth:
0 0 0 0 0 0 0 0 0 0 0 0 0 0 0 0 0 0 0 0 0 0 0 0 0 0 0 0 0 0 0 0 0 0 0 0 0 2 0 6 0 4 5 10 8 9 8 25 30 53 58 281 91 123 87 238 132 166 105 171 206 221 276 344 347 341 350 356 406 400 432 472 452 400 420 355 264 276 179 147 103 77 
SAlphaB:
0 0 0 0 0 0 0 0 0 0 0 0 0 0 0 0 0 0 0 0 0 0 0 0 0 0 0 0 0 0 0 0 0 0 0 0 0 2 0 6 0 4 5 10 8 9 8 25 30 53 58 281 91 123 87 238 132 166 105 171 206 221 276 344 347 341 350 356 406 400 432 472 452 400 420 355 264 276 179 147 103 77 

LossDepth:
SAlphaB:
0 0 0 0 0 0 0 0 0 0 0 0 0 0 0 0 0 0 0 0 0 0 0 0 0 0 0 0 0 0 0 0 0 0 0 0 0 2 0 6 0 4 5 10 8 9 8 25 30 53 58 281 91 123 87 238 132 166 105 171 206 221 276 344 347 341 350 356 406 400 432 472 452 400 420 355 264 276 179 147 103 77 

FirstWin:
0 0 0 0 0 0 0 0 0 0 0 0 0 0 0 0 0 0 0 0 0 0 0 0 0 0 0 0 0 0 0 0 0 0 0 0 0 2 0 6 0 4 0 10 0 9 0 25 0 53 0 281 0 123 0 238 0 166 0 171 0 221 0 344 0 341 0 356 0 400 0 472 0 400 0 355 0 276 0 147 0 77 
SAlphaB:
0 0 0 0 0 0 0 0 0 0 0 0 0 0 0 0 0 0 0 0 0 0 0 0 0 0 0 0 0 0 0 0 0 0 0 0 0 2 0 6 0 4 0 10 0 9 0 25 0 53 0 281 0 123 0 238 0 166 0 171 0 221 0 344 0 341 0 356 0 400 0 472 0 400 0 355 0 276 0 147 0 77 

SecondWin:
0 0 0 0 0 0 0 0 0 0 0 0 0 0 0 0 0 0 0 0 0 0 0 0 0 0 0 0 0 0 0 0 0 0 0 0 0 0 0 0 0 0 5 0 8 0 8 0 30 0 58 0 91 0 87 0 132 0 105 0 206 0 276 0 347 0 350 0 406 0 432 0 452 0 420 0 264 0 179 0 103 0 
SAlphaB:
0 0 0 0 0 0 0 0 0 0 0 0 0 0 0 0 0 0 0 0 0 0 0 0 0 0 0 0 0 0 0 0 0 0 0 0 0 0 0 0 0 0 5 0 8 0 8 0 30 0 58 0 91 0 87 0 132 0 105 0 206 0 276 0 347 0 350 0 406 0 432 0 452 0 420 0 264 0 179 0 103 0 
