4 0 27 94 56 -14 0 11 4
4 0 40 85 72 -12 1 18 16
4 0 34 76 61 -10 3 16 15
4 0 40 93 32 -15 0 3 18
4 0 29 84 75 -18 0 6 0
4 0 9 51 32 -15 42 44 27
4 0 27 69 22 -14 2 8 14
4 0 1 79 44 -12 40 45 26
4 0 45 81 67 -20 0 1 19
4 0 4 24 50 -2 19 22 11
4 0 30 80 23 -16 0 6 17
4 0 36 72 53 -14 0 1 31
4 0 7 98 48 -8 15 17 3
4 0 42 90 55 -11 2 13 28
4 0 36 82 37 -18 0 2 33
4 0 39 76 6 -7 0 16 20
4 0 6 14 58 -3 27 28 21
4 0 34 91 56 -20 0 3 0
4 0 26 71 67 -5 2 14 9
4 0 18 87 99 -20 44 45 36
4 0 45 97 60 -16 1 20 27
4 0 27 49 36 -7 0 4 15
4 0 47 83 25 -3 11 19 7
4 0 53 93 53 -10 10 29 13
4 0 44 85 45 -11 0 17 9
4 0 13 36 36 -10 26 27 17
4 0 69 73 70 -16 5 23 19
4 0 11 25 77 -6 35 38 23
4 0 28 42 52 -4 43 49 26
4 0 53 92 13 -12 6 25 16
4 0 26 35 69 -8 37 42 22
4 0 47 89 99 -11 12 14 10
4 0 73 98 68 -3 6 37 9
4 0 33 71 65 -7 0 10 17
4 0 12 30 2 -2 0 5 0
4 0 56 94 64 -13 5 14 21
4 0 53 88 11 -4 0 2 12
4 0 24 64 9 -18 0 1 3
4 0 59 80 63 -15 5 15 27
4 0 29 61 74 -5 3 11 8
4 0 20 95 79 -6 0 11 28
4 0 31 90 21 -16 1 7 25
4 0 0 83 14 -10 23 24 7
4 0 30 91 87 -10 0 5 15
4 0 36 47 55 -4 4 16 13
4 0 33 95 87 -13 1 9 31
4 0 52 98 74 -14 0 11 18
4 0 22 91 21 -17 0 6 3
4 0 34 86 55 -18 3 8 12
4 0 37 92 94 -1 2 12 24
4 0 31 97 87 -18 3 14 16
4 0 82 90 25 -17 4 31 32
4 0 9 20 85 -9 22 26 11
4 0 24 96 9 -8 0 1 12
4 0 42 83 81 -17 0 3 21
4 0 24 88 28 -10 2 9 17
4 0 40 62 71 -19 0 4 18
4 0 45 59 73 -12 0 7 21
4 0 47 64 10 -11 1 26 21
4 0 25 99 45 -16 1 6 22
4 0 71 78 98 -20 3 28 31
4 0 21 62 7 -17 9 25 17
4 0 4 99 79 -1 4 14 1
4 0 50 57 9 -10 14 41 17
4 0 27 94 14 -1 3 17 30
4 0 10 33 26 -9 0 1 9
4 0 8 98 6 -2 9 16 0
4 0 9 84 49 -9 4 15 29
4 0 47 73 12 -4 3 13 9
4 0 70 92 98 -4 31 45 7
4 0 22 34 54 -6 27 29 22
4 0 51 66 56 -10 1 7 7
4 0 30 66 17 -12 4 7 0
4 0 51 87 90 -2 26 32 14
4 0 66 88 61 -8 0 8 24
4 0 75 92 81 -3 0 2 5
4 0 53 91 98 -10 2 21 4
4 0 41 65 98 -6 7 15 20
4 0 37 95 6 -8 1 5 4
4 0 33 84 97 -14 7 10 10
4 0 35 98 65 -5 2 28 7
4 0 39 68 62 -3 10 16 33
4 0 33 53 32 -17 2 7 4
4 0 51 71 1 -19 3 15 26
4 0 55 69 84 -8 17 41 11
4 0 55 73 85 -18 2 19 35
4 0 4 41 43 -2 20 23 10
4 0 25 64 24 -13 9 26 15
4 0 36 96 39 -16 2 18 34
4 0 1 33 92 -3 27 30 12
4 0 53 84 99 -3 2 19 14
4 0 42 96 67 -3 20 21 13
4 0 55 83 59 -11 8 24 0
4 0 24 53 57 -17 11 13 6
4 0 23 64 66 -16 11 15 3
4 0 33 66 88 -9 21 23 15
4 0 43 93 78 -3 0 5 6
4 0 57 81 35 -18 0 1 40
4 0 16 76 59 -2 0 5 9
4 0 68 80 56 -17 1 10 8
