0 49 87 8 -12 1 15 27

0 42 98 48 -3 0 14 5

0 17 98 10 -7 1 10 7

0 15 60 1 -10 0 1 2

0 54 87 65 -3 2 19 7

0 30 80 62 -15 1 4 6

0 35 75 2 -18 1 5 21

0 34 75 85 -19 2 6 20

0 51 55 30 -5 10 23 9

0 82 91 40 -18 2 34 18

0 89 96 25 -12 1 30 15

0 27 92 69 -9 8 10 7

0 31 98 5 -16 0 1 25

0 41 99 26 -20 1 16 0

0 28 36 40 -16 0 6 18

0 58 98 0 -11 11 41 35

0 38 74 43 -12 1 19 34

0 57 90 57 -15 7 33 13

0 17 56 8 -11 1 5 14

0 57 98 46 -6 3 25 45

0 56 74 22 -8 8 22 5

0 39 64 50 -16 0 3 25

0 39 95 28 -9 1 5 1

0 69 90 25 -11 3 23 22

0 42 47 90 -20 6 16 12

0 79 89 92 -12 10 21 22

0 36 70 23 -9 5 15 23

0 42 73 6 -6 8 17 21

0 67 79 91 -4 9 23 36

0 83 96 14 -11 10 33 47

0 36 74 95 -9 8 18 8

0 10 25 7 -6 1 3 10

0 29 72 28 -14 1 13 9

0 37 93 16 -15 6 9 30

0 76 88 1 -14 8 37 29

0 69 89 5 -9 1 2 7

0 84 95 78 -3 19 22 3

0 79 87 76 -5 5 25 0

0 50 61 80 -2 1 17 17

0 47 81 94 -11 9 17 11

0 86 88 55 -19 5 23 30

0 26 65 36 -16 1 14 15

0 53 87 23 -12 13 17 3

0 16 96 51 -15 3 6 17

0 24 39 25 -16 2 11 19

0 30 78 77 -4 7 19 3

0 34 48 52 -9 2 12 4

0 84 96 40 -13 1 14 8

0 25 80 58 -19 12 24 9

0 45 72 40 -3 3 6 21

0 84 93 17 -12 14 35 44

0 84 90 52 -14 18 22 16

0 77 87 79 -16 15 44 33

0 27 32 46 -11 0 5 9

0 15 39 16 -17 0 1 17

0 36 70 10 -3 0 6 10

0 39 84 35 -5 7 30 12

0 35 95 31 -7 11 35 9

0 27 95 6 -4 3 12 36

0 32 60 97 -14 2 16 14

0 33 40 76 -11 2 13 19

0 33 80 32 -4 6 31 9

0 47 70 29 -15 7 20 39

0 22 68 47 -11 2 17 21

0 40 95 5 -14 1 27 15

0 30 37 88 -1 6 14 14

0 87 95 42 -6 7 14 16

0 14 42 94 -8 9 12 9

0 70 95 21 -17 12 44 49

0 52 91 83 -11 1 2 24

0 49 53 86 -10 28 47 0

0 11 81 81 -6 15 31 10

0 38 98 71 -13 19 35 2

0 16 88 76 -1 18 25 14

0 0 72 64 -4 6 15 22

0 37 38 33 -13 9 22 5

0 35 38 37 -12 15 36 2

0 12 75 64 -4 12 25 9

0 2 68 89 -9 24 48 27

0 53 97 66 -9 8 13 13

0 38 74 99 -8 4 7 10

0 18 83 91 -12 4 8 49

0 11 54 82 -14 12 33 26

0 23 51 83 -11 16 35 8

0 20 97 97 -14 0 8 35

0 12 74 71 -6 18 41 5

0 27 79 96 -13 0 27 42

0 4 87 21 -7 6 8 8

0 44 80 30 -17 6 7 30

0 69 87 76 -15 1 2 23

0 68 85 6 -10 0 13 44

0 15 43 73 -18 0 3 18

0 34 47 33 -12 4 24 11

0 37 68 76 -2 6 10 26

0 25 37 71 -16 13 25 6

0 37 88 96 -17 2 4 41

0 59 99 61 -13 16 43 27

0 9 62 40 -13 12 17 12

0 39 57 23 -17 0 15 48

0 4 32 93 -10 4 7 22


SAlphaB: 745.0, std-dev 254.07615676080948

Earliest win: 31
Latest win: 81

WinDepth:
0 0 0 0 0 0 0 0 0 0 0 0 0 0 0 0 0 0 0 0 0 0 0 0 0 0 0 0 0 0 0 1 0 0 0 5 3 5 5 19 6 32 10 39 21 69 47 136 57 186 143 413 143 335 216 414 322 614 386 546 399 654 648 810 876 908 874 920 1040 963 963 988 891 838 894 732 625 487 401 290 198 161 
SAlphaB:
0 0 0 0 0 0 0 0 0 0 0 0 0 0 0 0 0 0 0 0 0 0 0 0 0 0 0 0 0 0 0 1 0 0 0 5 3 5 5 19 6 32 10 39 21 69 47 136 57 186 143 413 143 335 216 414 322 614 386 546 399 654 648 810 876 908 874 920 1040 963 963 988 891 838 894 732 625 487 401 290 198 161 

LossDepth:
SAlphaB:
0 0 0 0 0 0 0 0 0 0 0 0 0 0 0 0 0 0 0 0 0 0 0 0 0 0 0 0 0 0 0 0 0 0 0 4 4 2 4 20 7 26 10 39 10 47 33 70 45 100 94 150 83 183 126 249 202 349 247 341 257 457 393 619 603 713 635 752 748 804 695 768 679 709 721 649 543 417 310 264 212 159 

FirstWin:
0 0 0 0 0 0 0 0 0 0 0 0 0 0 0 0 0 0 0 0 0 0 0 0 0 0 0 0 0 0 0 1 0 0 0 5 0 5 0 19 0 32 0 39 0 69 0 136 0 186 0 413 0 335 0 414 0 614 0 546 0 654 0 810 0 908 0 920 0 963 0 988 0 838 0 732 0 487 0 290 0 161 
SAlphaB:
0 0 0 0 0 0 0 0 0 0 0 0 0 0 0 0 0 0 0 0 0 0 0 0 0 0 0 0 0 0 0 1 0 0 0 5 0 5 0 19 0 32 0 39 0 69 0 136 0 186 0 413 0 335 0 414 0 614 0 546 0 654 0 810 0 908 0 920 0 963 0 988 0 838 0 732 0 487 0 290 0 161 

SecondWin:
0 0 0 0 0 0 0 0 0 0 0 0 0 0 0 0 0 0 0 0 0 0 0 0 0 0 0 0 0 0 0 0 0 0 0 0 3 0 5 0 6 0 10 0 21 0 47 0 57 0 143 0 143 0 216 0 322 0 386 0 399 0 648 0 876 0 874 0 1040 0 963 0 891 0 894 0 625 0 401 0 198 0 
SAlphaB:
0 0 0 0 0 0 0 0 0 0 0 0 0 0 0 0 0 0 0 0 0 0 0 0 0 0 0 0 0 0 0 0 0 0 0 0 3 0 5 0 6 0 10 0 21 0 47 0 57 0 143 0 143 0 216 0 322 0 386 0 399 0 648 0 876 0 874 0 1040 0 963 0 891 0 894 0 625 0 401 0 198 0 
