0 37 88 96 -17 2 4 41

0 26 65 36 -16 1 14 15

0 29 72 28 -14 1 13 9

0 84 93 17 -12 14 35 44

0 47 81 94 -11 9 17 11

0 25 80 58 -19 12 24 9

0 79 87 76 -5 5 25 0

0 12 75 64 -4 12 25 9

0 39 57 23 -17 0 15 48

0 18 83 91 -12 4 8 49

0 32 94 93 -17 3 36 45

0 45 83 75 -19 2 27 27

0 15 59 60 -10 4 12 22

0 34 83 92 -14 5 38 41

0 38 98 98 -2 16 49 22

0 31 92 14 -12 6 14 49

0 3 48 70 -16 9 23 2

0 0 95 86 -20 7 13 6

0 42 78 21 -3 2 14 22

0 23 37 17 -17 3 10 7

0 61 72 39 -7 21 42 27

0 43 45 82 -17 13 46 30

0 10 38 1 -8 5 23 5

0 23 25 13 -10 2 4 11

0 25 79 12 -10 14 15 38

0 7 18 14 -8 3 10 2

0 67 79 53 -15 21 29 6

0 72 77 62 -2 13 15 40

0 31 70 10 -2 1 9 20

0 28 33 63 -14 0 1 32

0 12 90 55 -15 6 38 17

0 44 52 75 -7 0 2 16

0 14 29 36 -14 21 31 19

0 18 70 46 -1 7 8 21

0 52 72 82 -9 6 7 27

0 35 98 99 -4 0 41 37

0 3 5 93 -6 17 21 18

0 59 60 39 -18 4 13 44

0 13 58 17 -11 6 30 21

0 4 61 3 -16 22 33 41

0 26 27 99 -20 16 26 1

0 52 84 37 -14 19 38 27

0 59 67 82 -20 4 35 2

0 5 14 86 -12 8 11 12

0 47 50 84 -6 5 36 6

0 18 26 64 -8 16 28 35

0 4 27 21 -19 3 10 19

0 21 25 59 -16 11 38 18

0 44 88 48 -5 0 1 45

0 32 47 87 -8 34 49 12

0 49 61 72 -13 20 31 32

0 28 53 20 -2 41 46 26

0 23 48 74 -15 7 9 2

0 1 83 44 -5 35 36 40

0 13 31 30 -10 4 34 34

0 24 72 48 -3 8 47 35

0 10 14 44 -3 3 12 6

0 4 18 95 -19 11 18 7

0 9 54 57 -10 5 43 18

0 13 39 97 -19 4 12 37

0 36 62 5 -18 23 41 38

0 7 23 94 -14 30 41 28

0 2 48 29 -5 13 17 28

0 6 55 49 -17 0 1 41

0 1 13 96 -18 27 35 47

0 9 24 69 -17 13 44 47

0 2 23 71 -11 26 44 37

0 17 74 36 -14 17 40 38

0 24 26 59 -16 19 42 20

0 26 29 16 -11 17 20 22

0 8 12 62 -1 13 15 32

0 56 60 8 -3 1 5 39

0 90 93 57 -8 3 5 5

0 63 67 54 -3 24 27 46

0 0 6 27 -9 9 28 46

0 17 19 60 -1 1 4 26

0 12 18 73 -4 6 26 23

0 9 52 62 -5 13 22 43

0 17 19 20 -9 2 5 26

0 37 42 72 -4 21 30 38

0 22 23 11 -2 14 24 37

0 2 29 70 -12 3 23 23

0 9 11 29 -19 5 39 19

0 3 21 37 -11 17 26 26

0 31 45 21 -8 15 23 4

0 11 17 3 -6 2 15 25

0 14 16 61 -15 8 43 14

0 19 27 10 -9 1 18 42

0 2 13 31 -16 14 48 0

0 0 1 24 -3 19 20 5

0 0 1 63 -6 5 33 46

0 1 8 76 -2 19 26 37

0 3 5 67 -18 7 8 28

0 2 12 73 -16 11 22 15

0 14 16 6 -1 11 31 17

0 2 4 27 -20 19 31 33

0 5 8 51 -13 13 23 40

0 1 16 50 -13 12 44 44

0 7 10 59 -4 6 23 42

0 2 3 92 -7 9 27 20


SAlphaB: 697.0, std-dev 259.6220699245717

Earliest win: 31
Latest win: 81

WinDepth:
0 0 0 0 0 0 0 0 0 0 0 0 0 0 0 0 0 0 0 0 0 0 0 0 0 0 0 0 0 0 0 1 0 0 0 1 1 2 2 6 0 3 3 12 3 26 9 16 27 68 42 126 40 137 59 225 89 195 127 180 163 222 229 291 317 372 445 417 407 418 446 469 424 386 388 386 289 253 194 151 100 70 
SAlphaB:
0 0 0 0 0 0 0 0 0 0 0 0 0 0 0 0 0 0 0 0 0 0 0 0 0 0 0 0 0 0 0 1 0 0 0 1 1 2 2 6 0 3 3 12 3 26 9 16 27 68 42 126 40 137 59 225 89 195 127 180 163 222 229 291 317 372 445 417 407 418 446 469 424 386 388 386 289 253 194 151 100 70 

LossDepth:
SAlphaB:
0 0 0 0 0 0 0 0 0 0 0 0 0 0 0 0 0 0 0 0 0 0 0 0 0 0 0 0 0 0 0 1 0 0 0 1 1 2 2 6 0 3 3 12 3 26 9 16 27 68 42 126 40 137 59 225 89 195 127 180 163 222 229 291 317 372 445 417 407 418 446 469 424 386 388 386 289 253 194 151 100 70 

FirstWin:
0 0 0 0 0 0 0 0 0 0 0 0 0 0 0 0 0 0 0 0 0 0 0 0 0 0 0 0 0 0 0 1 0 0 0 1 0 2 0 6 0 3 0 12 0 26 0 16 0 68 0 126 0 137 0 225 0 195 0 180 0 222 0 291 0 372 0 417 0 418 0 469 0 386 0 386 0 253 0 151 0 70 
SAlphaB:
0 0 0 0 0 0 0 0 0 0 0 0 0 0 0 0 0 0 0 0 0 0 0 0 0 0 0 0 0 0 0 1 0 0 0 1 0 2 0 6 0 3 0 12 0 26 0 16 0 68 0 126 0 137 0 225 0 195 0 180 0 222 0 291 0 372 0 417 0 418 0 469 0 386 0 386 0 253 0 151 0 70 

SecondWin:
0 0 0 0 0 0 0 0 0 0 0 0 0 0 0 0 0 0 0 0 0 0 0 0 0 0 0 0 0 0 0 0 0 0 0 0 1 0 2 0 0 0 3 0 3 0 9 0 27 0 42 0 40 0 59 0 89 0 127 0 163 0 229 0 317 0 445 0 407 0 446 0 424 0 388 0 289 0 194 0 100 0 
SAlphaB:
0 0 0 0 0 0 0 0 0 0 0 0 0 0 0 0 0 0 0 0 0 0 0 0 0 0 0 0 0 0 0 0 0 0 0 0 1 0 2 0 0 0 3 0 3 0 9 0 27 0 42 0 40 0 59 0 89 0 127 0 163 0 229 0 317 0 445 0 407 0 446 0 424 0 388 0 289 0 194 0 100 0 
