0 16 96 51 -15 3 6 17

0 56 74 22 -8 8 22 5

0 67 79 91 -4 9 23 36

0 32 60 97 -14 2 16 14

0 89 96 25 -12 1 30 15

0 34 47 33 -12 4 24 11

0 38 98 71 -13 19 35 2

0 84 96 40 -13 1 14 8

0 4 32 93 -10 4 7 22

0 37 38 33 -13 9 22 5

0 43 80 19 -17 27 32 22

0 80 87 10 -3 7 36 11

0 53 77 48 -8 1 9 12

0 84 91 7 -20 19 24 21

0 10 13 84 -6 13 19 31

0 6 38 93 -19 11 25 26

0 38 55 46 -10 5 13 2

0 57 76 65 -14 1 9 46

0 64 92 85 -16 13 34 29

0 32 75 2 -19 2 6 31

0 8 20 68 -9 7 15 2

0 27 86 25 -6 13 21 26

0 25 36 41 -11 10 17 5

0 18 39 97 -10 1 4 7

0 37 79 22 -3 18 27 31

0 83 89 5 -7 5 27 26

0 17 34 59 -6 2 3 15

0 31 95 51 -1 13 15 11

0 37 48 43 -13 23 28 6

0 45 74 90 -3 8 46 44

0 8 53 69 -6 10 18 44

0 10 54 23 -14 24 40 9

0 42 79 17 -19 5 14 41

0 16 65 91 -18 19 36 49

0 0 66 46 -4 28 49 10

0 16 48 73 -14 23 34 19

0 17 88 28 -12 7 16 49

0 38 77 19 -9 9 34 16

0 20 56 93 -20 8 16 16

0 14 34 40 -15 8 17 2

0 43 46 91 -20 16 18 23

0 35 96 76 -20 35 48 11

0 4 54 68 -16 30 31 2

0 6 76 39 -16 13 23 1

0 23 31 35 -10 0 15 26

0 64 68 35 -6 23 38 36

0 0 60 35 -18 14 35 25

0 48 65 67 -4 1 36 9

0 47 50 74 -12 0 14 17

0 3 90 43 -13 9 14 23

0 24 81 79 -2 6 26 4

0 9 94 68 -11 3 19 13

0 39 40 96 -17 16 41 39

0 65 67 43 -18 6 29 47

0 10 48 85 -17 18 21 31

0 18 96 51 -20 13 14 1

0 84 88 44 -18 1 36 4

0 28 34 7 -5 14 30 2

0 11 57 66 -7 40 47 39

0 16 19 75 -5 6 7 9

0 4 47 65 -12 9 28 12

0 23 37 23 -13 10 35 22

0 32 68 32 -20 18 36 36

0 3 21 44 -8 17 36 20

0 32 41 50 -9 19 29 19

0 42 59 90 -11 10 11 20

0 3 86 73 -18 6 8 45

0 17 50 64 -11 35 36 37

0 50 71 74 -19 29 31 43

0 20 25 21 -7 23 41 11

0 1 5 32 -6 11 23 34

0 10 12 80 -10 8 10 42

0 4 5 51 -4 3 4 15

0 1 10 86 -9 18 36 11

0 13 17 28 -15 19 42 8

0 23 64 17 -6 34 44 2

0 22 50 21 -12 3 28 47

0 3 7 43 -1 14 44 10

0 8 10 71 -17 18 40 12

0 0 12 62 -8 36 37 4

0 2 5 99 -19 9 12 20

0 12 20 25 -12 26 46 13

0 13 20 75 -13 47 49 1

0 8 53 78 -20 3 47 36

0 0 60 68 -7 3 21 34

0 10 35 22 -12 22 38 17

0 64 65 69 -7 40 42 15

0 3 6 22 -9 4 12 6

0 0 1 39 -9 0 1 19

0 1 67 6 -2 5 17 29

0 6 10 12 -20 6 21 34

0 0 71 20 -12 1 10 47

0 30 74 2 -10 44 45 8

0 1 9 56 -17 15 17 2

0 26 46 52 -18 17 44 9

0 12 14 7 -18 3 6 38

0 9 26 84 -12 1 49 34

0 3 6 35 -12 5 36 27

0 5 8 12 -14 2 49 36

0 6 7 32 -6 34 41 10


SAlphaB: 725.0, std-dev 271.074478192383

Earliest win: 38
Latest win: 81

WinDepth:
0 0 0 0 0 0 0 0 0 0 0 0 0 0 0 0 0 0 0 0 0 0 0 0 0 0 0 0 0 0 0 0 0 0 0 0 0 0 1 2 1 3 8 15 11 7 12 19 25 76 114 148 86 104 64 181 101 171 123 173 149 221 278 329 286 355 397 358 468 400 533 509 414 420 416 364 263 276 185 122 70 87 
SAlphaB:
0 0 0 0 0 0 0 0 0 0 0 0 0 0 0 0 0 0 0 0 0 0 0 0 0 0 0 0 0 0 0 0 0 0 0 0 0 0 1 2 1 3 8 15 11 7 12 19 25 76 114 148 86 104 64 181 101 171 123 173 149 221 278 329 286 355 397 358 468 400 533 509 414 420 416 364 263 276 185 122 70 87 

LossDepth:
SAlphaB:
0 0 0 0 0 0 0 0 0 0 0 0 0 0 0 0 0 0 0 0 0 0 0 0 0 0 0 0 0 0 0 0 0 0 0 0 0 0 1 2 1 3 8 15 11 7 12 19 25 76 114 148 86 104 64 181 101 171 123 173 149 221 278 329 286 355 397 358 468 400 533 509 414 420 416 364 263 276 185 122 70 87 

FirstWin:
0 0 0 0 0 0 0 0 0 0 0 0 0 0 0 0 0 0 0 0 0 0 0 0 0 0 0 0 0 0 0 0 0 0 0 0 0 0 0 2 0 3 0 15 0 7 0 19 0 76 0 148 0 104 0 181 0 171 0 173 0 221 0 329 0 355 0 358 0 400 0 509 0 420 0 364 0 276 0 122 0 87 
SAlphaB:
0 0 0 0 0 0 0 0 0 0 0 0 0 0 0 0 0 0 0 0 0 0 0 0 0 0 0 0 0 0 0 0 0 0 0 0 0 0 0 2 0 3 0 15 0 7 0 19 0 76 0 148 0 104 0 181 0 171 0 173 0 221 0 329 0 355 0 358 0 400 0 509 0 420 0 364 0 276 0 122 0 87 

SecondWin:
0 0 0 0 0 0 0 0 0 0 0 0 0 0 0 0 0 0 0 0 0 0 0 0 0 0 0 0 0 0 0 0 0 0 0 0 0 0 1 0 1 0 8 0 11 0 12 0 25 0 114 0 86 0 64 0 101 0 123 0 149 0 278 0 286 0 397 0 468 0 533 0 414 0 416 0 263 0 185 0 70 0 
SAlphaB:
0 0 0 0 0 0 0 0 0 0 0 0 0 0 0 0 0 0 0 0 0 0 0 0 0 0 0 0 0 0 0 0 0 0 0 0 0 0 1 0 1 0 8 0 11 0 12 0 25 0 114 0 86 0 64 0 101 0 123 0 149 0 278 0 286 0 397 0 468 0 533 0 414 0 416 0 263 0 185 0 70 0 
