0 30 78 77 -4 7 19 3

0 58 98 0 -11 11 41 35

0 22 68 47 -11 2 17 21

0 36 70 23 -9 5 15 23

0 53 87 23 -12 13 17 3

0 36 70 10 -3 0 6 10

0 57 90 57 -15 7 33 13

0 53 97 66 -9 8 13 13

0 11 54 82 -14 12 33 26

0 33 40 76 -11 2 13 19

0 32 56 99 -6 0 1 0

0 17 34 48 -16 0 1 15

0 39 73 56 -17 3 6 33

0 41 55 15 -8 13 17 3

0 31 76 12 -16 5 23 27

0 6 79 32 -15 3 27 27

0 23 47 28 -20 26 39 10

0 46 53 52 -17 0 1 23

0 9 47 52 -4 27 31 26

0 53 75 29 -15 15 18 18

0 36 61 60 -20 36 46 37

0 44 77 50 -8 20 25 46

0 78 81 60 -19 12 21 25

0 39 70 80 -15 1 15 35

0 23 37 31 -7 8 19 4

0 13 32 93 -13 0 1 33

0 51 65 19 -7 7 35 24

0 19 83 94 -9 16 32 31

0 50 92 90 -20 27 36 29

0 30 43 49 -13 1 8 38

0 39 83 90 -1 21 29 14

0 49 57 12 -10 3 5 43

0 47 50 26 -14 4 8 3

0 56 72 48 -18 10 22 17

0 55 77 42 -18 3 13 45

0 16 38 86 -5 41 42 20

0 3 33 95 -8 19 23 47

0 2 73 53 -10 7 26 32

0 3 81 45 -19 4 41 30

0 39 48 31 -16 0 11 37

0 48 60 42 -10 19 23 3

0 29 36 26 -8 11 18 41

0 19 90 84 -11 10 12 15

0 35 39 23 -15 1 2 37

0 19 48 29 -1 22 27 11

0 68 99 78 -20 0 2 17

0 0 33 77 -14 1 11 16

0 8 16 47 -3 14 15 9

0 1 34 73 -10 8 14 29

0 9 17 60 -14 7 11 30

0 56 73 17 -12 14 41 29

0 4 49 29 -2 6 16 18

0 7 50 94 -11 12 15 15

0 7 9 17 -16 0 1 15

0 17 34 42 -1 20 47 41

0 31 54 4 -11 20 21 48

0 12 37 23 -1 14 40 33

0 5 24 71 -8 3 4 1

0 8 19 93 -1 10 18 29

0 11 21 61 -2 25 26 17

0 17 37 40 -3 35 36 23

0 12 39 5 -1 23 25 28

0 4 76 40 -14 0 3 34

0 0 33 40 -9 4 37 11

0 10 52 48 -6 13 36 29

0 5 9 75 -4 5 32 9

0 20 57 18 -17 0 39 17

0 1 96 70 -5 1 21 47

0 4 14 91 -16 8 21 7

0 0 11 46 -12 11 14 18

0 0 40 41 -3 4 39 28

0 4 12 39 -15 33 36 10

0 39 49 32 -17 26 31 45

0 0 4 86 -2 0 1 4

0 8 19 23 -5 23 33 36

0 12 16 26 -8 5 25 5

0 8 13 72 -8 31 49 13

0 29 44 6 -14 10 32 45

0 0 3 79 -11 7 13 37

0 8 23 80 -16 11 25 3

0 20 27 38 -2 0 1 18

0 13 26 98 -6 11 48 19

0 0 1 40 -8 32 34 15

0 14 98 18 -20 42 49 6

0 41 43 30 -15 16 28 7

0 13 20 47 -18 11 16 41

0 9 18 41 -10 18 35 12

0 7 8 29 -2 31 35 37

0 12 15 96 -9 37 46 15

0 6 12 35 -8 2 37 12

0 6 13 47 -6 4 5 17

0 9 12 67 -1 4 36 20

0 4 26 26 -12 10 14 47

0 3 5 66 -6 13 47 41

0 4 10 3 -11 5 6 37

0 1 2 70 -3 0 1 48

0 19 26 30 -15 10 25 40

0 8 62 21 -1 16 31 31

0 6 7 17 -6 28 40 40

0 12 15 28 -6 8 12 36


SAlphaB: 707.0, std-dev 275.1549804797803

Earliest win: 37
Latest win: 81

WinDepth:
0 0 0 0 0 0 0 0 0 0 0 0 0 0 0 0 0 0 0 0 0 0 0 0 0 0 0 0 0 0 0 0 0 0 0 0 0 3 1 5 0 3 2 3 9 14 13 60 19 74 50 241 135 138 113 193 127 233 133 168 160 229 274 328 346 352 470 335 437 414 437 376 393 370 419 370 272 259 184 162 89 86 
SAlphaB:
0 0 0 0 0 0 0 0 0 0 0 0 0 0 0 0 0 0 0 0 0 0 0 0 0 0 0 0 0 0 0 0 0 0 0 0 0 3 1 5 0 3 2 3 9 14 13 60 19 74 50 241 135 138 113 193 127 233 133 168 160 229 274 328 346 352 470 335 437 414 437 376 393 370 419 370 272 259 184 162 89 86 

LossDepth:
SAlphaB:
0 0 0 0 0 0 0 0 0 0 0 0 0 0 0 0 0 0 0 0 0 0 0 0 0 0 0 0 0 0 0 0 0 0 0 0 0 3 1 5 0 3 2 3 9 14 13 60 19 74 50 241 135 138 113 193 127 233 133 168 160 229 274 328 346 352 470 335 437 414 437 376 393 370 419 370 272 259 184 162 89 86 

FirstWin:
0 0 0 0 0 0 0 0 0 0 0 0 0 0 0 0 0 0 0 0 0 0 0 0 0 0 0 0 0 0 0 0 0 0 0 0 0 3 0 5 0 3 0 3 0 14 0 60 0 74 0 241 0 138 0 193 0 233 0 168 0 229 0 328 0 352 0 335 0 414 0 376 0 370 0 370 0 259 0 162 0 86 
SAlphaB:
0 0 0 0 0 0 0 0 0 0 0 0 0 0 0 0 0 0 0 0 0 0 0 0 0 0 0 0 0 0 0 0 0 0 0 0 0 3 0 5 0 3 0 3 0 14 0 60 0 74 0 241 0 138 0 193 0 233 0 168 0 229 0 328 0 352 0 335 0 414 0 376 0 370 0 370 0 259 0 162 0 86 

SecondWin:
0 0 0 0 0 0 0 0 0 0 0 0 0 0 0 0 0 0 0 0 0 0 0 0 0 0 0 0 0 0 0 0 0 0 0 0 0 0 1 0 0 0 2 0 9 0 13 0 19 0 50 0 135 0 113 0 127 0 133 0 160 0 274 0 346 0 470 0 437 0 437 0 393 0 419 0 272 0 184 0 89 0 
SAlphaB:
0 0 0 0 0 0 0 0 0 0 0 0 0 0 0 0 0 0 0 0 0 0 0 0 0 0 0 0 0 0 0 0 0 0 0 0 0 0 1 0 0 0 2 0 9 0 13 0 19 0 50 0 135 0 113 0 127 0 133 0 160 0 274 0 346 0 470 0 437 0 437 0 393 0 419 0 272 0 184 0 89 0 
