0 79 89 92 -12 10 21 22

0 15 43 73 -18 0 3 18

0 35 75 2 -18 1 5 21

0 12 74 71 -6 18 41 5

0 35 38 37 -12 15 36 2

0 69 87 76 -15 1 2 23

0 37 68 76 -2 6 10 26

0 33 80 32 -4 6 31 9

0 20 97 97 -14 0 8 35

0 57 98 46 -6 3 25 45

0 70 85 46 -13 5 16 3

0 17 55 79 -11 1 13 20

0 21 48 81 -7 2 21 12

0 36 54 12 -5 10 21 2

0 36 96 92 -1 4 36 35

0 37 68 36 -1 1 2 24

0 33 35 84 -13 41 48 37

0 21 34 74 -19 0 1 25

0 55 57 92 -13 5 24 11

0 5 53 83 -3 1 2 5

0 47 71 71 -13 1 7 46

0 28 67 96 -6 15 19 40

0 34 79 17 -10 0 18 40

0 43 73 64 -11 5 22 7

0 7 50 66 -9 9 46 3

0 32 67 94 -12 11 28 17

0 14 49 54 -10 7 21 9

0 38 70 42 -16 2 4 40

0 29 47 66 -4 1 6 14

0 41 74 83 -7 0 4 16

0 34 78 57 -16 41 49 43

0 47 96 6 -11 17 31 33

0 15 17 70 -18 3 8 11

0 31 45 0 -8 7 8 31

0 88 93 46 -8 3 14 3

0 49 61 61 -17 2 3 30

0 13 67 26 -13 3 13 35

0 8 35 82 -16 3 9 8

0 43 53 86 -2 19 23 35

0 35 78 26 -3 4 7 2

0 22 49 91 -1 24 30 14

0 5 8 67 -15 0 1 8

0 15 25 87 -16 0 1 42

0 5 86 84 -16 20 49 8

0 28 76 0 -1 25 27 30

0 0 64 34 -6 4 11 23

0 19 70 77 -12 3 35 6

0 53 60 24 -9 16 39 40

0 36 86 69 -7 3 8 34

0 37 43 9 -11 11 43 30

0 11 31 16 -4 9 11 8

0 31 68 96 -11 15 27 19

0 36 53 72 -16 26 36 31

0 54 68 90 -7 0 1 21

0 48 57 37 -6 28 46 6

0 3 5 46 -8 3 20 5

0 11 78 60 -9 15 30 40

0 7 59 6 -1 3 11 4

0 22 34 27 -20 6 37 6

0 12 33 43 -6 7 49 3

0 8 35 47 -14 9 21 8

0 20 38 93 -16 44 48 19

0 12 48 67 -19 15 27 30

0 29 44 13 -6 30 37 43

0 20 71 15 -4 9 42 19

0 25 56 14 -1 12 29 48

0 13 96 17 -16 26 46 24

0 25 43 71 -19 20 23 41

0 22 28 32 -4 13 28 34

0 62 79 14 -3 0 6 42

0 6 32 37 -7 38 41 7

0 24 67 55 -19 18 25 34

0 23 58 38 -17 3 38 7

0 2 9 18 -14 20 29 20

0 1 12 89 -17 1 5 5

0 9 48 29 -5 16 18 45

0 6 98 92 -4 6 37 49

0 5 20 61 -11 17 19 16

0 23 50 52 -2 4 47 32

0 0 3 60 -18 7 12 40

0 10 15 87 -11 0 36 5

0 3 5 98 -11 0 3 32

0 9 61 36 -2 10 14 39

0 7 32 37 -4 19 45 38

0 12 23 89 -8 1 4 42

0 9 19 99 -8 12 15 37

0 0 3 85 -6 11 49 24

0 6 16 10 -19 4 24 13

0 1 3 31 -19 12 32 48

0 14 17 66 -1 24 44 27

0 2 8 38 -11 39 40 11

0 8 9 22 -17 12 36 20

0 4 8 25 -18 11 13 1

0 5 18 72 -3 23 33 1

0 0 8 46 -6 2 47 28

0 5 29 48 -5 22 44 13

0 7 19 17 -6 0 1 44

0 10 12 75 -19 0 2 48

0 3 4 28 -17 44 45 38

0 0 4 9 -1 1 3 26


SAlphaB: 707.0, std-dev 251.29902345993943

Earliest win: 37
Latest win: 81

WinDepth:
0 0 0 0 0 0 0 0 0 0 0 0 0 0 0 0 0 0 0 0 0 0 0 0 0 0 0 0 0 0 0 0 0 0 0 0 0 3 2 1 6 6 7 13 8 13 15 47 14 75 70 190 79 123 101 155 97 236 114 173 141 250 228 332 333 358 371 413 402 445 448 437 454 370 453 365 275 247 193 144 117 93 
SAlphaB:
0 0 0 0 0 0 0 0 0 0 0 0 0 0 0 0 0 0 0 0 0 0 0 0 0 0 0 0 0 0 0 0 0 0 0 0 0 3 2 1 6 6 7 13 8 13 15 47 14 75 70 190 79 123 101 155 97 236 114 173 141 250 228 332 333 358 371 413 402 445 448 437 454 370 453 365 275 247 193 144 117 93 

LossDepth:
SAlphaB:
0 0 0 0 0 0 0 0 0 0 0 0 0 0 0 0 0 0 0 0 0 0 0 0 0 0 0 0 0 0 0 0 0 0 0 0 0 3 2 1 6 6 7 13 8 13 15 47 14 75 70 190 79 123 101 155 97 236 114 173 141 250 228 332 333 358 371 413 402 445 448 437 454 370 453 365 275 247 193 144 117 93 

FirstWin:
0 0 0 0 0 0 0 0 0 0 0 0 0 0 0 0 0 0 0 0 0 0 0 0 0 0 0 0 0 0 0 0 0 0 0 0 0 3 0 1 0 6 0 13 0 13 0 47 0 75 0 190 0 123 0 155 0 236 0 173 0 250 0 332 0 358 0 413 0 445 0 437 0 370 0 365 0 247 0 144 0 93 
SAlphaB:
0 0 0 0 0 0 0 0 0 0 0 0 0 0 0 0 0 0 0 0 0 0 0 0 0 0 0 0 0 0 0 0 0 0 0 0 0 3 0 1 0 6 0 13 0 13 0 47 0 75 0 190 0 123 0 155 0 236 0 173 0 250 0 332 0 358 0 413 0 445 0 437 0 370 0 365 0 247 0 144 0 93 

SecondWin:
0 0 0 0 0 0 0 0 0 0 0 0 0 0 0 0 0 0 0 0 0 0 0 0 0 0 0 0 0 0 0 0 0 0 0 0 0 0 2 0 6 0 7 0 8 0 15 0 14 0 70 0 79 0 101 0 97 0 114 0 141 0 228 0 333 0 371 0 402 0 448 0 454 0 453 0 275 0 193 0 117 0 
SAlphaB:
0 0 0 0 0 0 0 0 0 0 0 0 0 0 0 0 0 0 0 0 0 0 0 0 0 0 0 0 0 0 0 0 0 0 0 0 0 0 2 0 6 0 7 0 8 0 15 0 14 0 70 0 79 0 101 0 97 0 114 0 141 0 228 0 333 0 371 0 402 0 448 0 454 0 453 0 275 0 193 0 117 0 
