0 14 42 94 -8 9 12 9

0 16 88 76 -1 18 25 14

0 38 74 99 -8 4 7 10

0 23 51 83 -11 16 35 8

0 30 80 62 -15 1 4 6

0 51 55 30 -5 10 23 9

0 77 87 79 -16 15 44 33

0 69 89 5 -9 1 2 7

0 40 95 5 -14 1 27 15

0 82 91 40 -18 2 34 18

0 64 77 20 -8 4 15 16

0 5 39 34 -7 2 7 5

0 9 90 78 -4 1 2 18

0 57 92 23 -19 1 3 10

0 80 89 3 -20 1 5 11

0 71 84 94 -19 9 14 25

0 2 70 9 -19 14 34 30

0 25 76 46 -13 3 5 20

0 71 98 50 -20 4 47 4

0 43 81 91 -12 24 26 48

0 60 89 55 -1 4 42 1

0 24 78 50 -16 26 29 11

0 35 54 96 -2 18 39 25

0 48 71 79 -12 0 7 40

0 9 58 77 -9 12 16 35

0 39 90 60 -6 17 42 16

0 64 67 55 -4 1 21 34

0 33 45 14 -17 0 1 25

0 1 44 56 -12 36 38 12

0 52 71 9 -11 17 25 12

0 0 55 71 -1 37 39 10

0 29 39 36 -3 34 48 3

0 44 76 14 -20 13 21 38

0 41 73 67 -14 36 44 35

0 7 97 85 -6 2 5 45

0 29 38 28 -4 8 37 2

0 53 60 50 -3 18 45 40

0 19 34 83 -1 28 29 36

0 40 57 61 -9 0 2 25

0 38 42 72 -10 12 43 15

0 19 79 55 -19 8 20 32

0 40 52 37 -10 14 26 10

0 63 75 51 -16 22 23 37

0 2 53 76 -12 26 35 47

0 69 88 87 -11 27 33 34

0 13 49 35 -4 13 16 28

0 25 33 6 -7 30 48 17

0 64 93 48 -5 0 31 36

0 5 51 59 -19 18 33 6

0 13 27 77 -16 5 7 7

0 0 88 93 -16 16 45 23

0 13 52 64 -6 12 13 42

0 4 44 80 -13 6 23 34

0 9 49 39 -8 6 25 20

0 70 71 50 -12 0 6 40

0 62 67 28 -7 19 25 48

0 41 80 54 -4 0 7 35

0 0 29 63 -9 5 14 25

0 23 26 62 -5 31 35 20

0 13 79 5 -19 15 22 13

0 9 56 14 -3 37 42 25

0 29 67 12 -6 30 36 31

0 31 44 82 -10 8 47 16

0 11 21 51 -4 21 37 34

0 3 61 12 -7 2 3 36

0 1 75 58 -4 36 42 48

0 9 22 99 -19 5 6 28

0 18 74 8 -8 28 29 7

0 4 64 85 -13 11 17 44

0 11 16 31 -18 7 16 11

0 0 79 21 -8 30 43 26

0 3 4 29 -13 7 9 13

0 4 12 98 -13 23 32 46

0 2 34 30 -20 1 27 44

0 77 93 34 -5 43 47 33

0 2 27 94 -18 1 6 46

0 23 32 61 -2 0 2 19

0 7 18 44 -3 11 14 48

0 16 74 11 -16 45 46 39

0 2 11 48 -1 21 23 27

0 8 15 36 -6 10 37 46

0 3 8 82 -18 12 13 33

0 37 44 48 -6 2 4 38

0 18 87 61 -16 34 42 0

0 1 4 90 -19 5 8 9

0 18 36 28 -7 1 27 44

0 2 40 30 -13 6 41 47

0 7 9 11 -13 38 43 35

0 11 26 56 -11 15 27 9

0 1 3 56 -9 3 14 7

0 13 16 8 -2 28 33 11

0 5 8 99 -7 3 33 18

0 10 11 34 -1 21 26 47

0 12 29 9 -10 8 49 39

0 1 17 1 -2 16 40 43

0 0 21 64 -7 10 19 48

0 1 5 0 -17 9 14 27

0 1 2 80 -1 3 5 16

0 1 12 41 -14 43 47 28

0 1 2 96 -13 13 15 0


SAlphaB: 718.0, std-dev 268.26669405912867

Earliest win: 41
Latest win: 81

WinDepth:
0 0 0 0 0 0 0 0 0 0 0 0 0 0 0 0 0 0 0 0 0 0 0 0 0 0 0 0 0 0 0 0 0 0 0 0 0 0 0 0 0 4 2 7 13 20 4 19 35 63 102 261 181 128 91 183 106 186 140 145 147 209 204 283 330 306 450 350 472 435 477 423 445 408 397 332 255 233 189 109 79 81 
SAlphaB:
0 0 0 0 0 0 0 0 0 0 0 0 0 0 0 0 0 0 0 0 0 0 0 0 0 0 0 0 0 0 0 0 0 0 0 0 0 0 0 0 0 4 2 7 13 20 4 19 35 63 102 261 181 128 91 183 106 186 140 145 147 209 204 283 330 306 450 350 472 435 477 423 445 408 397 332 255 233 189 109 79 81 

LossDepth:
SAlphaB:
0 0 0 0 0 0 0 0 0 0 0 0 0 0 0 0 0 0 0 0 0 0 0 0 0 0 0 0 0 0 0 0 0 0 0 0 0 0 0 0 0 4 2 7 13 20 4 19 35 63 102 261 181 128 91 183 106 186 140 145 147 209 204 283 330 306 450 350 472 435 477 423 445 408 397 332 255 233 189 109 79 81 

FirstWin:
0 0 0 0 0 0 0 0 0 0 0 0 0 0 0 0 0 0 0 0 0 0 0 0 0 0 0 0 0 0 0 0 0 0 0 0 0 0 0 0 0 4 0 7 0 20 0 19 0 63 0 261 0 128 0 183 0 186 0 145 0 209 0 283 0 306 0 350 0 435 0 423 0 408 0 332 0 233 0 109 0 81 
SAlphaB:
0 0 0 0 0 0 0 0 0 0 0 0 0 0 0 0 0 0 0 0 0 0 0 0 0 0 0 0 0 0 0 0 0 0 0 0 0 0 0 0 0 4 0 7 0 20 0 19 0 63 0 261 0 128 0 183 0 186 0 145 0 209 0 283 0 306 0 350 0 435 0 423 0 408 0 332 0 233 0 109 0 81 

SecondWin:
0 0 0 0 0 0 0 0 0 0 0 0 0 0 0 0 0 0 0 0 0 0 0 0 0 0 0 0 0 0 0 0 0 0 0 0 0 0 0 0 0 0 2 0 13 0 4 0 35 0 102 0 181 0 91 0 106 0 140 0 147 0 204 0 330 0 450 0 472 0 477 0 445 0 397 0 255 0 189 0 79 0 
SAlphaB:
0 0 0 0 0 0 0 0 0 0 0 0 0 0 0 0 0 0 0 0 0 0 0 0 0 0 0 0 0 0 0 0 0 0 0 0 0 0 0 0 0 0 2 0 13 0 4 0 35 0 102 0 181 0 91 0 106 0 140 0 147 0 204 0 330 0 450 0 472 0 477 0 445 0 397 0 255 0 189 0 79 0 
