0 39 84 35 -5 7 30 12

0 42 98 48 -3 0 14 5

0 39 64 50 -16 0 3 25

0 34 48 52 -9 2 12 4

0 54 87 65 -3 2 19 7

0 69 90 25 -11 3 23 22

0 17 56 8 -11 1 5 14

0 9 62 40 -13 12 17 12

0 84 95 78 -3 19 22 3

0 30 37 88 -1 6 14 14

0 89 98 95 -17 3 7 47

0 10 63 83 -20 4 13 2

0 11 64 51 -16 21 49 30

0 29 66 87 -6 6 7 37

0 5 74 89 -1 23 40 2

0 39 54 49 -18 3 7 35

0 43 86 80 -11 3 21 8

0 71 90 39 -1 31 35 23

0 89 91 3 -1 18 24 1

0 49 69 30 -4 1 3 19

0 38 79 43 -2 2 5 32

0 7 60 71 -20 0 12 9

0 57 98 54 -19 5 17 0

0 30 84 9 -12 10 27 0

0 44 58 53 -13 6 39 3

0 26 67 98 -5 3 12 43

0 2 12 50 -8 2 5 9

0 40 43 51 -14 15 25 17

0 7 49 98 -11 5 15 6

0 75 96 87 -10 27 37 16

0 9 57 12 -13 21 38 17

0 74 75 32 -2 23 42 32

0 44 71 32 -8 16 47 11

0 15 33 69 -3 19 41 35

0 23 31 81 -13 2 3 2

0 18 31 22 -17 0 8 30

0 3 81 90 -10 13 39 47

0 65 94 75 -10 28 34 5

0 23 67 72 -1 11 45 3

0 51 67 85 -4 1 5 19

0 3 42 23 -13 10 23 26

0 80 91 19 -16 35 43 40

0 14 23 34 -1 26 44 12

0 42 56 81 -7 0 7 41

0 14 66 72 -14 32 38 6

0 22 62 75 -20 7 33 42

0 33 79 93 -20 0 41 12

0 14 73 58 -6 41 44 28

0 39 45 87 -10 0 24 38

0 5 73 38 -5 15 23 40

0 19 82 17 -8 0 3 49

0 32 54 85 -1 6 8 46

0 13 72 4 -8 3 20 40

0 34 58 82 -14 18 49 13

0 15 23 11 -16 26 31 28

0 16 31 25 -11 1 13 27

0 35 96 40 -4 28 45 48

0 8 56 73 -1 1 3 28

0 6 70 21 -10 6 48 13

0 6 38 56 -11 7 22 23

0 29 62 86 -8 7 48 6

0 19 28 72 -6 33 43 25

0 39 53 69 -3 19 33 10

0 23 37 32 -10 27 28 1

0 34 57 73 -17 24 28 28

0 48 76 75 -2 44 45 8

0 29 76 61 -14 18 41 26

0 16 21 35 -6 18 38 36

0 70 94 51 -12 37 38 33

0 5 16 89 -19 27 30 41

0 4 35 74 -9 12 34 31

0 27 44 14 -11 5 12 41

0 14 84 15 -11 18 29 1

0 0 28 74 -16 16 28 28

0 4 88 2 -14 3 38 25

0 3 37 19 -19 4 25 7

0 1 9 88 -6 9 29 35

0 5 9 72 -20 5 17 19

0 15 22 32 -1 4 47 12

0 3 10 85 -3 18 43 33

0 33 36 97 -18 10 47 21

0 0 51 70 -4 15 46 14

0 0 1 80 -14 2 28 18

0 12 18 72 -19 7 8 10

0 37 62 1 -8 25 49 21

0 24 42 87 -15 22 24 46

0 2 30 52 -17 0 11 41

0 32 37 87 -7 15 19 34

0 5 16 76 -7 1 42 45

0 14 17 38 -1 12 16 49

0 0 4 74 -3 9 34 21

0 8 10 28 -1 0 1 34

0 7 13 36 -18 27 33 41

0 9 16 93 -20 4 23 42

0 3 16 2 -9 11 14 45

0 6 8 30 -14 20 47 41

0 0 4 77 -2 0 2 0

0 0 14 50 -19 1 19 45

0 15 23 35 -1 6 29 36

0 0 4 37 -7 2 4 30


SAlphaB: 702.0, std-dev 261.8498957977508

Earliest win: 37
Latest win: 81

WinDepth:
0 0 0 0 0 0 0 0 0 0 0 0 0 0 0 0 0 0 0 0 0 0 0 0 0 0 0 0 0 0 0 0 0 0 0 0 0 2 0 1 13 3 4 19 8 7 14 38 26 66 77 195 58 79 97 168 123 183 111 164 163 239 204 364 363 396 436 406 418 408 445 449 468 385 404 357 269 251 204 151 124 70 
SAlphaB:
0 0 0 0 0 0 0 0 0 0 0 0 0 0 0 0 0 0 0 0 0 0 0 0 0 0 0 0 0 0 0 0 0 0 0 0 0 2 0 1 13 3 4 19 8 7 14 38 26 66 77 195 58 79 97 168 123 183 111 164 163 239 204 364 363 396 436 406 418 408 445 449 468 385 404 357 269 251 204 151 124 70 

LossDepth:
SAlphaB:
0 0 0 0 0 0 0 0 0 0 0 0 0 0 0 0 0 0 0 0 0 0 0 0 0 0 0 0 0 0 0 0 0 0 0 0 0 2 0 1 13 3 4 19 8 7 14 38 26 66 77 195 58 79 97 168 123 183 111 164 163 239 204 364 363 396 436 406 418 408 445 449 468 385 404 357 269 251 204 151 124 70 

FirstWin:
0 0 0 0 0 0 0 0 0 0 0 0 0 0 0 0 0 0 0 0 0 0 0 0 0 0 0 0 0 0 0 0 0 0 0 0 0 2 0 1 0 3 0 19 0 7 0 38 0 66 0 195 0 79 0 168 0 183 0 164 0 239 0 364 0 396 0 406 0 408 0 449 0 385 0 357 0 251 0 151 0 70 
SAlphaB:
0 0 0 0 0 0 0 0 0 0 0 0 0 0 0 0 0 0 0 0 0 0 0 0 0 0 0 0 0 0 0 0 0 0 0 0 0 2 0 1 0 3 0 19 0 7 0 38 0 66 0 195 0 79 0 168 0 183 0 164 0 239 0 364 0 396 0 406 0 408 0 449 0 385 0 357 0 251 0 151 0 70 

SecondWin:
0 0 0 0 0 0 0 0 0 0 0 0 0 0 0 0 0 0 0 0 0 0 0 0 0 0 0 0 0 0 0 0 0 0 0 0 0 0 0 0 13 0 4 0 8 0 14 0 26 0 77 0 58 0 97 0 123 0 111 0 163 0 204 0 363 0 436 0 418 0 445 0 468 0 404 0 269 0 204 0 124 0 
SAlphaB:
0 0 0 0 0 0 0 0 0 0 0 0 0 0 0 0 0 0 0 0 0 0 0 0 0 0 0 0 0 0 0 0 0 0 0 0 0 0 0 0 13 0 4 0 8 0 14 0 26 0 77 0 58 0 97 0 123 0 111 0 163 0 204 0 363 0 436 0 418 0 445 0 468 0 404 0 269 0 204 0 124 0 
