0 42 73 6 -6 8 17 21

0 31 98 5 -16 0 1 25

0 25 37 71 -16 13 25 6

0 47 70 29 -15 7 20 39

0 0 72 64 -4 6 15 22

0 42 47 90 -20 6 16 12

0 49 87 8 -12 1 15 27

0 38 74 43 -12 1 19 34

0 44 80 30 -17 6 7 30

0 68 85 6 -10 0 13 44

0 36 99 93 -8 0 35 26

0 66 89 94 -20 13 46 45

0 69 81 17 -10 9 18 25

0 20 35 97 -12 4 10 27

0 77 85 65 -19 4 5 23

0 27 97 34 -2 16 24 25

0 78 94 39 -15 17 40 23

0 7 35 23 -8 3 9 26

0 59 88 79 -13 1 6 15

0 85 99 92 -4 24 30 38

0 2 91 26 -9 6 9 17

0 20 49 32 -3 1 16 23

0 50 55 18 -2 13 38 38

0 3 68 27 -4 16 33 23

0 77 95 38 -5 43 45 47

0 42 43 67 -5 8 9 15

0 29 50 24 -18 3 4 39

0 0 60 63 -14 22 33 18

0 55 79 1 -13 1 30 18

0 30 49 82 -10 35 42 39

0 46 91 8 -12 9 35 31

0 50 64 58 -17 9 37 46

0 27 58 76 -1 41 47 47

0 50 92 25 -8 24 36 36

0 35 56 42 -19 1 15 3

0 35 49 39 -19 30 41 10

0 15 56 85 -9 4 25 38

0 56 91 87 -5 0 1 32

0 5 21 56 -11 15 16 20

0 13 44 10 -7 15 24 10

0 29 89 82 -6 16 18 18

0 28 67 40 -20 6 12 0

0 12 47 62 -1 7 22 27

0 9 24 0 -4 10 28 4

0 10 39 52 -15 1 18 16

0 24 93 62 -16 25 28 47

0 12 64 61 -7 8 36 8

0 9 84 72 -6 1 23 4

0 41 48 63 -8 1 46 9

0 0 35 50 -2 2 3 3

0 92 97 1 -10 8 12 49

0 22 36 27 -11 1 2 43

0 10 99 99 -12 0 31 36

0 3 61 30 -5 9 14 26

0 58 65 11 -2 1 2 13

0 8 76 11 -6 15 45 7

0 18 51 30 -7 0 23 2

0 41 73 64 -8 3 26 49

0 0 17 95 -5 4 31 2

0 30 33 59 -20 0 29 4

0 2 14 37 -19 3 12 39

0 1 28 56 -18 4 10 41

0 39 52 5 -19 24 49 43

0 21 25 73 -11 41 44 34

0 27 77 16 -15 22 40 42

0 8 13 83 -9 8 22 39

0 8 17 50 -6 42 48 38

0 4 16 52 -19 2 4 9

0 26 93 62 -17 29 35 15

0 13 47 82 -16 1 25 20

0 32 37 36 -9 37 40 37

0 4 5 6 -12 26 31 25

0 0 19 97 -3 6 16 25

0 10 11 41 -8 4 18 16

0 18 35 46 -14 8 42 6

0 1 27 67 -8 37 39 17

0 36 54 15 -17 20 24 24

0 4 6 17 -16 7 12 43

0 4 6 17 -9 4 8 11

0 10 15 8 -16 1 3 36

0 3 8 94 -20 25 46 39

0 6 26 13 -13 8 12 42

0 28 81 49 -7 32 33 24

0 2 7 96 -12 33 34 32

0 0 1 94 -20 16 37 35

0 4 6 77 -19 1 14 35

0 7 36 49 -16 4 44 10

0 6 66 54 -18 27 40 49

0 6 14 86 -4 0 44 18

0 4 17 10 -14 11 18 49

0 7 43 67 -6 16 44 0

0 3 7 4 -3 7 36 37

0 0 1 76 -16 3 40 28

0 12 31 82 -10 7 9 40

0 4 7 89 -6 4 41 16

0 4 12 96 -4 7 21 45

0 0 1 43 -2 2 30 29

0 2 8 46 -20 5 42 37

0 1 2 99 -12 0 13 19

0 2 14 19 -9 5 11 43


SAlphaB: 714.0, std-dev 251.28998611407522

Earliest win: 37
Latest win: 81

WinDepth:
0 0 0 0 0 0 0 0 0 0 0 0 0 0 0 0 0 0 0 0 0 0 0 0 0 0 0 0 0 0 0 0 0 0 0 0 0 7 0 3 1 4 0 9 2 27 15 25 45 99 76 192 61 126 120 172 105 199 139 195 172 245 232 362 344 364 417 391 508 406 452 434 394 329 403 366 235 272 190 130 84 82 
SAlphaB:
0 0 0 0 0 0 0 0 0 0 0 0 0 0 0 0 0 0 0 0 0 0 0 0 0 0 0 0 0 0 0 0 0 0 0 0 0 7 0 3 1 4 0 9 2 27 15 25 45 99 76 192 61 126 120 172 105 199 139 195 172 245 232 362 344 364 417 391 508 406 452 434 394 329 403 366 235 272 190 130 84 82 

LossDepth:
SAlphaB:
0 0 0 0 0 0 0 0 0 0 0 0 0 0 0 0 0 0 0 0 0 0 0 0 0 0 0 0 0 0 0 0 0 0 0 0 0 7 0 3 1 4 0 9 2 27 15 25 45 99 76 192 61 126 120 172 105 199 139 195 172 245 232 362 344 364 417 391 508 406 452 434 394 329 403 366 235 272 190 130 84 82 

FirstWin:
0 0 0 0 0 0 0 0 0 0 0 0 0 0 0 0 0 0 0 0 0 0 0 0 0 0 0 0 0 0 0 0 0 0 0 0 0 7 0 3 0 4 0 9 0 27 0 25 0 99 0 192 0 126 0 172 0 199 0 195 0 245 0 362 0 364 0 391 0 406 0 434 0 329 0 366 0 272 0 130 0 82 
SAlphaB:
0 0 0 0 0 0 0 0 0 0 0 0 0 0 0 0 0 0 0 0 0 0 0 0 0 0 0 0 0 0 0 0 0 0 0 0 0 7 0 3 0 4 0 9 0 27 0 25 0 99 0 192 0 126 0 172 0 199 0 195 0 245 0 362 0 364 0 391 0 406 0 434 0 329 0 366 0 272 0 130 0 82 

SecondWin:
0 0 0 0 0 0 0 0 0 0 0 0 0 0 0 0 0 0 0 0 0 0 0 0 0 0 0 0 0 0 0 0 0 0 0 0 0 0 0 0 1 0 0 0 2 0 15 0 45 0 76 0 61 0 120 0 105 0 139 0 172 0 232 0 344 0 417 0 508 0 452 0 394 0 403 0 235 0 190 0 84 0 
SAlphaB:
0 0 0 0 0 0 0 0 0 0 0 0 0 0 0 0 0 0 0 0 0 0 0 0 0 0 0 0 0 0 0 0 0 0 0 0 0 0 0 0 1 0 0 0 2 0 15 0 45 0 76 0 61 0 120 0 105 0 139 0 172 0 232 0 344 0 417 0 508 0 452 0 394 0 403 0 235 0 190 0 84 0 
