0 83 96 14 -11 10 33 47

0 36 74 95 -9 8 18 8

0 87 95 42 -6 7 14 16

0 41 99 26 -20 1 16 0

0 50 61 80 -2 1 17 17

0 52 91 83 -11 1 2 24

0 34 75 85 -19 2 6 20

0 86 88 55 -19 5 23 30

0 11 81 81 -6 15 31 10

0 84 90 52 -14 18 22 16

0 90 96 85 -13 15 21 1

0 19 64 4 -6 0 3 35

0 38 84 65 -19 11 16 25

0 46 91 33 -10 5 36 46

0 45 92 83 -13 13 14 24

0 28 57 69 -18 3 13 35

0 70 77 24 -13 7 19 11

0 6 55 97 -11 0 1 7

0 40 77 72 -5 14 26 3

0 77 99 85 -16 7 28 17

0 31 61 83 -16 16 35 11

0 4 34 76 -6 7 21 0

0 42 47 3 -14 5 13 19

0 16 80 40 -7 0 2 31

0 62 85 43 -20 14 41 27

0 51 69 61 -5 7 47 5

0 32 40 15 -14 10 36 33

0 42 87 24 -17 16 30 9

0 89 92 10 -12 9 21 0

0 34 73 7 -15 14 19 29

0 20 58 43 -11 14 29 4

0 59 84 45 -8 18 28 33

0 45 48 24 -14 12 19 17

0 9 39 66 -15 6 10 4

0 67 97 7 -8 0 23 25

0 40 56 3 -18 43 44 11

0 57 93 73 -20 35 48 34

0 45 53 75 -10 8 38 6

0 63 66 33 -17 17 22 36

0 26 45 20 -11 12 27 29

0 38 48 67 -2 8 32 42

0 24 54 10 -17 4 34 21

0 31 44 87 -19 4 17 37

0 0 42 9 -13 0 23 7

0 26 75 46 -9 18 25 3

0 31 73 62 -10 7 34 28

0 73 84 16 -19 0 8 23

0 58 67 9 -2 10 24 35

0 8 26 22 -12 5 8 7

0 50 61 65 -14 11 41 36

0 14 24 95 -15 12 15 38

0 10 70 73 -14 4 32 30

0 1 57 26 -13 10 23 7

0 11 92 91 -7 17 43 42

0 11 95 43 -5 15 16 48

0 9 13 6 -11 13 32 11

0 22 37 44 -19 15 40 19

0 14 32 74 -20 4 28 35

0 16 73 14 -18 8 48 19

0 0 18 86 -12 5 7 25

0 56 95 2 -10 39 45 45

0 5 30 24 -5 8 17 35

0 0 81 72 -2 2 3 40

0 54 73 19 -6 0 2 28

0 25 30 71 -9 2 10 27

0 33 45 69 -7 26 34 2

0 17 23 89 -9 3 4 22

0 17 25 64 -12 28 33 44

0 16 36 94 -11 36 37 42

0 65 92 41 -11 32 37 5

0 1 8 90 -1 3 5 48

0 4 20 58 -6 7 8 36

0 9 35 2 -5 38 44 26

0 46 56 80 -3 0 4 15

0 33 44 68 -11 31 46 1

0 1 68 90 -13 0 3 43

0 1 13 74 -17 3 43 15

0 2 17 2 -11 2 3 19

0 28 69 27 -16 26 36 3

0 9 21 55 -5 1 4 23

0 2 40 88 -1 10 33 24

0 46 63 25 -3 0 1 39

0 63 69 70 -3 31 45 4

0 4 8 8 -6 33 48 30

0 15 44 0 -2 19 40 22

0 12 51 0 -1 17 18 35

0 2 3 78 -1 22 28 36

0 3 8 22 -8 11 28 46

0 2 7 34 -12 23 44 11

0 0 15 42 -2 23 24 47

0 17 22 64 -6 27 47 14

0 15 16 47 -20 12 43 25

0 5 10 85 -1 8 12 41

0 23 29 49 -17 4 16 36

0 9 21 15 -15 35 47 5

0 1 6 27 -20 11 14 36

0 24 35 13 -20 22 34 31

0 11 24 26 -19 22 29 48

0 2 30 90 -7 1 24 22

0 8 13 39 -7 3 16 36


SAlphaB: 712.0, std-dev 282.25789706320967

Earliest win: 37
Latest win: 81

WinDepth:
0 0 0 0 0 0 0 0 0 0 0 0 0 0 0 0 0 0 0 0 0 0 0 0 0 0 0 0 0 0 0 0 0 0 0 0 0 1 0 8 1 1 1 31 18 25 8 38 23 97 47 166 77 104 108 117 125 202 128 184 154 202 232 294 331 356 405 390 456 452 474 479 414 407 394 365 266 259 186 147 115 90 
SAlphaB:
0 0 0 0 0 0 0 0 0 0 0 0 0 0 0 0 0 0 0 0 0 0 0 0 0 0 0 0 0 0 0 0 0 0 0 0 0 1 0 8 1 1 1 31 18 25 8 38 23 97 47 166 77 104 108 117 125 202 128 184 154 202 232 294 331 356 405 390 456 452 474 479 414 407 394 365 266 259 186 147 115 90 

LossDepth:
SAlphaB:
0 0 0 0 0 0 0 0 0 0 0 0 0 0 0 0 0 0 0 0 0 0 0 0 0 0 0 0 0 0 0 0 0 0 0 0 0 1 0 8 1 1 1 31 18 25 8 38 23 97 47 166 77 104 108 117 125 202 128 184 154 202 232 294 331 356 405 390 456 452 474 479 414 407 394 365 266 259 186 147 115 90 

FirstWin:
0 0 0 0 0 0 0 0 0 0 0 0 0 0 0 0 0 0 0 0 0 0 0 0 0 0 0 0 0 0 0 0 0 0 0 0 0 1 0 8 0 1 0 31 0 25 0 38 0 97 0 166 0 104 0 117 0 202 0 184 0 202 0 294 0 356 0 390 0 452 0 479 0 407 0 365 0 259 0 147 0 90 
SAlphaB:
0 0 0 0 0 0 0 0 0 0 0 0 0 0 0 0 0 0 0 0 0 0 0 0 0 0 0 0 0 0 0 0 0 0 0 0 0 1 0 8 0 1 0 31 0 25 0 38 0 97 0 166 0 104 0 117 0 202 0 184 0 202 0 294 0 356 0 390 0 452 0 479 0 407 0 365 0 259 0 147 0 90 

SecondWin:
0 0 0 0 0 0 0 0 0 0 0 0 0 0 0 0 0 0 0 0 0 0 0 0 0 0 0 0 0 0 0 0 0 0 0 0 0 0 0 0 1 0 1 0 18 0 8 0 23 0 47 0 77 0 108 0 125 0 128 0 154 0 232 0 331 0 405 0 456 0 474 0 414 0 394 0 266 0 186 0 115 0 
SAlphaB:
0 0 0 0 0 0 0 0 0 0 0 0 0 0 0 0 0 0 0 0 0 0 0 0 0 0 0 0 0 0 0 0 0 0 0 0 0 0 0 0 1 0 1 0 18 0 8 0 23 0 47 0 77 0 108 0 125 0 128 0 154 0 232 0 331 0 405 0 456 0 474 0 414 0 394 0 266 0 186 0 115 0 
