0 76 88 1 -14 8 37 29

0 39 95 28 -9 1 5 1

0 17 98 10 -7 1 10 7

0 24 39 25 -16 2 11 19

0 27 95 6 -4 3 12 36

0 59 99 61 -13 16 43 27

0 4 87 21 -7 6 8 8

0 10 25 7 -6 1 3 10

0 45 72 40 -3 3 6 21

0 15 39 16 -17 0 1 17

0 30 88 55 -4 16 37 16

0 13 48 14 -7 0 1 19

0 19 66 67 -14 21 44 26

0 32 77 57 -20 1 6 42

0 36 37 93 -20 2 3 6

0 74 83 58 -14 3 7 13

0 22 99 22 -7 1 4 25

0 20 83 29 -1 7 9 36

0 51 91 26 -10 16 37 23

0 35 52 32 -6 2 14 39

0 33 85 30 -9 15 21 41

0 2 45 27 -14 13 19 14

0 29 97 5 -6 0 12 30

0 54 59 87 -10 9 39 4

0 55 91 59 -7 8 15 42

0 20 54 63 -7 0 2 25

0 74 80 94 -4 0 5 8

0 24 28 82 -2 10 21 13

0 33 39 0 -12 8 14 36

0 75 87 93 -4 9 44 45

0 31 79 66 -7 0 2 21

0 46 61 47 -5 2 29 43

0 58 62 12 -11 2 17 36

0 23 76 97 -16 8 12 38

0 21 41 24 -14 2 18 11

0 8 12 6 -11 3 5 1

0 26 60 94 -10 8 46 2

0 29 57 33 -14 12 35 22

0 70 99 66 -8 14 25 47

0 33 34 65 -2 2 3 17

0 21 31 33 -8 4 12 13

0 54 81 34 -18 4 5 2

0 63 69 22 -12 2 3 41

0 24 41 95 -4 21 48 24

0 81 91 61 -12 4 7 32

0 11 73 13 -15 10 34 31

0 6 46 32 -4 14 41 14

0 9 40 76 -16 6 18 13

0 16 59 18 -11 0 37 2

0 10 19 40 -7 3 5 22

0 3 28 4 -8 8 22 33

0 27 33 67 -16 4 16 45

0 12 67 70 -9 1 22 20

0 43 61 19 -8 40 44 35

0 20 23 95 -2 9 12 20

0 28 84 89 -1 4 42 48

0 0 3 97 -10 34 42 25

0 9 50 14 -18 16 25 38

0 16 85 0 -7 7 36 33

0 3 21 68 -11 19 40 20

0 50 77 53 -7 27 36 47

0 18 95 18 -6 11 36 15

0 57 93 37 -11 41 45 21

0 31 59 6 -13 24 42 20

0 14 22 79 -13 44 46 9

0 18 34 17 -1 2 43 5

0 38 99 22 -10 35 43 35

0 20 41 6 -11 7 11 42

0 29 66 1 -13 41 45 41

0 14 85 78 -14 8 40 42

0 17 61 35 -13 18 19 19

0 4 49 11 -9 0 1 46

0 6 7 64 -8 28 32 29

0 6 55 30 -4 1 38 7

0 22 30 81 -13 7 37 45

0 24 27 74 -7 12 15 17

0 1 41 19 -14 6 33 39

0 3 67 13 -15 35 41 25

0 12 42 7 -8 9 14 42

0 2 82 5 -3 22 37 38

0 16 22 0 -4 13 21 30

0 0 28 97 -6 0 2 19

0 5 28 26 -12 20 48 26

0 3 19 46 -14 29 44 33

0 0 1 12 -2 4 10 9

0 10 37 48 -19 7 35 9

0 13 33 21 -1 1 34 6

0 3 4 12 -14 14 20 2

0 1 11 83 -16 25 38 24

0 4 11 8 -18 13 18 13

0 6 31 25 -10 19 31 40

0 1 14 50 -13 2 7 49

0 15 18 5 -10 31 37 48

0 1 4 51 -11 1 13 23

0 2 3 68 -15 17 42 28

0 14 17 0 -14 6 37 31

0 3 11 56 -12 36 38 30

0 0 2 2 -6 0 1 42

0 3 5 15 -6 2 13 29

0 2 8 7 -8 8 10 46


SAlphaB: 709.0, std-dev 249.79756561639826

Earliest win: 35
Latest win: 81

WinDepth:
0 0 0 0 0 0 0 0 0 0 0 0 0 0 0 0 0 0 0 0 0 0 0 0 0 0 0 0 0 0 0 0 0 0 0 1 0 3 1 8 2 0 4 11 7 18 14 52 25 35 46 162 64 120 59 144 123 197 162 164 145 231 262 337 341 335 378 422 422 390 493 405 411 401 395 383 296 264 207 139 115 78 
SAlphaB:
0 0 0 0 0 0 0 0 0 0 0 0 0 0 0 0 0 0 0 0 0 0 0 0 0 0 0 0 0 0 0 0 0 0 0 1 0 3 1 8 2 0 4 11 7 18 14 52 25 35 46 162 64 120 59 144 123 197 162 164 145 231 262 337 341 335 378 422 422 390 493 405 411 401 395 383 296 264 207 139 115 78 

LossDepth:
SAlphaB:
0 0 0 0 0 0 0 0 0 0 0 0 0 0 0 0 0 0 0 0 0 0 0 0 0 0 0 0 0 0 0 0 0 0 0 1 0 3 1 8 2 0 4 11 7 18 14 52 25 35 46 162 64 120 59 144 123 197 162 164 145 231 262 337 341 335 378 422 422 390 493 405 411 401 395 383 296 264 207 139 115 78 

FirstWin:
0 0 0 0 0 0 0 0 0 0 0 0 0 0 0 0 0 0 0 0 0 0 0 0 0 0 0 0 0 0 0 0 0 0 0 1 0 3 0 8 0 0 0 11 0 18 0 52 0 35 0 162 0 120 0 144 0 197 0 164 0 231 0 337 0 335 0 422 0 390 0 405 0 401 0 383 0 264 0 139 0 78 
SAlphaB:
0 0 0 0 0 0 0 0 0 0 0 0 0 0 0 0 0 0 0 0 0 0 0 0 0 0 0 0 0 0 0 0 0 0 0 1 0 3 0 8 0 0 0 11 0 18 0 52 0 35 0 162 0 120 0 144 0 197 0 164 0 231 0 337 0 335 0 422 0 390 0 405 0 401 0 383 0 264 0 139 0 78 

SecondWin:
0 0 0 0 0 0 0 0 0 0 0 0 0 0 0 0 0 0 0 0 0 0 0 0 0 0 0 0 0 0 0 0 0 0 0 0 0 0 1 0 2 0 4 0 7 0 14 0 25 0 46 0 64 0 59 0 123 0 162 0 145 0 262 0 341 0 378 0 422 0 493 0 411 0 395 0 296 0 207 0 115 0 
SAlphaB:
0 0 0 0 0 0 0 0 0 0 0 0 0 0 0 0 0 0 0 0 0 0 0 0 0 0 0 0 0 0 0 0 0 0 0 0 0 0 1 0 2 0 4 0 7 0 14 0 25 0 46 0 64 0 59 0 123 0 162 0 145 0 262 0 341 0 378 0 422 0 493 0 411 0 395 0 296 0 207 0 115 0 
