0 11 48 52 -7 1 3 3

0 24 62 3 -13 0 1 7

0 28 74 75 -6 2 16 18

0 21 43 3 -6 1 10 12

0 31 66 81 -6 6 12 15

0 49 95 77 -20 2 14 30

0 28 88 19 -9 0 3 18

0 69 87 40 -4 12 46 14

0 21 66 33 -14 0 2 17

0 46 47 96 -19 7 16 4

0 30 48 35 -14 4 10 18

0 37 72 1 -5 8 10 7

0 19 39 17 -6 1 12 1

0 22 36 36 -4 1 3 2

0 39 75 56 -12 2 6 23

0 52 75 9 -4 6 28 7

0 36 83 71 -16 5 8 16

0 48 65 11 -5 2 14 13

0 7 57 5 -3 0 1 4

0 44 93 17 -6 7 38 16

0 66 73 78 -8 10 25 20

0 49 98 91 -9 7 14 19

0 48 65 58 -4 7 22 25

0 61 90 65 -11 10 15 14

0 47 74 76 -19 0 16 36

0 29 80 16 -20 0 4 6

0 36 76 20 -17 0 1 18

0 88 94 6 -16 13 35 16

0 44 63 85 -13 1 9 32

0 24 31 10 -4 6 16 2

0 37 74 72 -14 2 3 5

0 49 93 66 -12 10 34 34

0 15 92 97 -13 0 1 20

0 57 92 11 -14 0 11 28

0 47 55 14 -14 2 13 26

0 73 98 51 -19 4 5 14

0 39 65 97 -15 1 6 36

0 81 98 19 -5 1 29 27

0 66 95 90 -20 0 18 46

0 66 93 83 -11 4 33 3

0 51 66 65 -16 2 7 25

0 65 86 99 -7 17 39 19

0 45 70 25 -8 7 12 32

0 31 74 48 -5 2 6 11

0 21 49 27 -10 2 5 2

0 48 94 13 -11 1 12 7

0 75 92 50 -1 1 27 28

0 23 42 58 -8 4 12 20

0 21 83 10 -2 4 27 15

0 35 94 22 -2 10 21 6

0 71 93 77 -16 11 20 18

0 28 38 93 -4 2 16 4

0 29 51 76 -1 3 19 0

0 20 67 4 -8 0 15 24

0 64 80 16 -2 12 40 49

0 49 61 10 -1 12 24 0

0 47 92 72 -5 12 39 33

0 54 96 79 -7 0 41 36

0 27 96 43 -14 7 9 10

0 15 89 58 -4 5 16 8

0 39 54 93 -3 9 33 26

0 6 34 32 -9 0 1 5

0 61 86 99 -1 8 13 9

0 68 75 41 -4 7 23 25

0 10 85 59 -2 6 14 5

0 24 93 60 -13 9 29 49

0 37 71 60 -15 2 29 4

0 49 79 24 -6 10 41 12

0 83 97 74 -10 15 43 36

0 68 83 78 -2 8 27 42

0 37 97 49 -14 8 26 23

0 47 87 41 -16 10 16 46

0 30 56 51 -11 5 19 3

0 32 85 46 -18 11 33 26

0 27 98 19 -10 12 28 8

0 35 68 84 -20 14 29 14

0 22 32 18 -19 1 9 21

0 65 83 98 -11 4 9 49

0 37 39 32 -4 1 16 21

0 89 98 60 -19 25 27 25

0 17 67 46 -8 10 16 9

0 27 97 69 -7 21 26 21

0 43 96 80 -10 15 35 0

0 18 83 50 -9 0 5 33

0 16 48 64 -11 1 5 34

0 35 59 78 -13 6 31 28

0 22 65 54 -9 2 18 38

0 21 50 4 -19 4 7 26

0 3 9 99 -3 0 2 4

0 27 68 49 -1 10 29 19

0 17 68 60 -2 0 15 24

0 60 74 5 -6 16 25 5

0 11 51 30 -10 0 1 36

0 13 95 69 -5 7 8 11

0 18 20 2 -15 1 2 9

0 61 83 10 -1 23 26 28

0 13 74 78 -9 33 44 17

0 74 90 29 -15 3 4 30

0 54 69 86 -6 5 20 48

0 32 67 80 -10 21 34 11


SAlphaB: 940.0, std-dev 360.7882253980285

Earliest win: 33
Latest win: 81

WinDepth:
0 0 0 0 0 0 0 0 0 0 0 0 0 0 0 0 0 0 0 0 0 0 0 0 0 0 0 0 0 0 0 0 0 1 0 1 1 16 11 16 2 27 20 25 39 57 62 114 74 194 187 429 160 347 205 491 366 564 377 502 468 659 629 840 752 964 852 1109 931 921 949 943 840 854 890 756 577 534 396 284 179 157 
SAlphaB:
0 0 0 0 0 0 0 0 0 0 0 0 0 0 0 0 0 0 0 0 0 0 0 0 0 0 0 0 0 0 0 0 0 1 0 1 1 16 11 16 2 27 20 25 39 57 62 114 74 194 187 429 160 347 205 491 366 564 377 502 468 659 629 840 752 964 852 1109 931 921 949 943 840 854 890 756 577 534 396 284 179 157 

LossDepth:
SAlphaB:
0 0 0 0 0 0 0 0 0 0 0 0 0 0 0 0 0 0 0 0 0 0 0 0 0 0 0 0 0 0 0 0 0 0 0 0 0 13 8 4 1 21 10 17 25 38 35 58 51 103 124 247 83 214 144 295 237 361 249 317 268 481 402 615 489 723 601 801 630 762 687 804 615 692 678 647 468 463 315 246 207 146 

FirstWin:
0 0 0 0 0 0 0 0 0 0 0 0 0 0 0 0 0 0 0 0 0 0 0 0 0 0 0 0 0 0 0 0 0 1 0 1 0 16 0 16 0 27 0 25 0 57 0 114 0 194 0 429 0 347 0 491 0 564 0 502 0 659 0 840 0 964 0 1109 0 921 0 943 0 854 0 756 0 534 0 284 0 157 
SAlphaB:
0 0 0 0 0 0 0 0 0 0 0 0 0 0 0 0 0 0 0 0 0 0 0 0 0 0 0 0 0 0 0 0 0 1 0 1 0 16 0 16 0 27 0 25 0 57 0 114 0 194 0 429 0 347 0 491 0 564 0 502 0 659 0 840 0 964 0 1109 0 921 0 943 0 854 0 756 0 534 0 284 0 157 

SecondWin:
0 0 0 0 0 0 0 0 0 0 0 0 0 0 0 0 0 0 0 0 0 0 0 0 0 0 0 0 0 0 0 0 0 0 0 0 1 0 11 0 2 0 20 0 39 0 62 0 74 0 187 0 160 0 205 0 366 0 377 0 468 0 629 0 752 0 852 0 931 0 949 0 840 0 890 0 577 0 396 0 179 0 
SAlphaB:
0 0 0 0 0 0 0 0 0 0 0 0 0 0 0 0 0 0 0 0 0 0 0 0 0 0 0 0 0 0 0 0 0 0 0 0 1 0 11 0 2 0 20 0 39 0 62 0 74 0 187 0 160 0 205 0 366 0 377 0 468 0 629 0 752 0 852 0 931 0 949 0 840 0 890 0 577 0 396 0 179 0 
