0 27 98 19 -10 12 28 8

0 21 49 27 -10 2 5 2

0 21 66 33 -14 0 2 17

0 60 74 5 -6 16 25 5

0 61 86 99 -1 8 13 9

0 3 9 99 -3 0 2 4

0 75 92 50 -1 1 27 28

0 49 79 24 -6 10 41 12

0 65 83 98 -11 4 9 49

0 18 20 2 -15 1 2 9

0 58 74 6 -10 17 32 21

0 55 69 6 -14 12 21 26

0 80 95 9 -6 5 12 22

0 65 94 94 -2 7 11 33

0 19 47 36 -12 7 20 24

0 32 72 5 -11 8 17 10

0 18 33 86 -7 17 25 12

0 29 65 79 -18 4 30 5

0 17 25 74 -18 0 4 0

0 78 88 7 -18 20 29 25

0 21 28 21 -11 11 23 4

0 24 91 14 -14 29 45 9

0 24 45 79 -5 21 23 10

0 34 92 75 -14 7 31 43

0 85 92 96 -13 2 7 1

0 11 21 80 -14 8 15 10

0 50 69 18 -8 1 9 29

0 2 54 14 -8 11 18 4

0 40 52 69 -4 20 21 0

0 58 62 40 -3 2 4 12

0 28 38 78 -19 8 31 28

0 34 41 78 -14 8 13 5

0 50 57 16 -7 25 34 37

0 74 77 1 -6 40 46 43

0 88 90 11 -16 19 24 3

0 32 56 47 -17 27 47 23

0 2 47 62 -17 5 18 37

0 6 68 46 -3 36 43 28

0 5 42 4 -6 29 31 16

0 12 69 7 -20 3 5 38

0 42 85 89 -6 0 2 41

0 9 24 75 -2 17 28 5

0 34 86 82 -1 27 31 14

0 7 45 15 -14 24 29 23

0 10 89 93 -5 16 17 25

0 61 64 39 -6 30 46 19

0 42 47 59 -2 1 4 21

0 14 54 68 -18 9 39 9

0 63 87 69 -18 28 39 18

0 2 9 63 -3 20 42 24

0 5 30 90 -6 0 10 25

0 7 92 62 -5 3 7 44

0 27 54 99 -15 17 32 30

0 12 26 81 -3 30 37 2

0 2 83 59 -2 29 31 15

0 26 81 49 -2 17 38 21

0 29 96 12 -20 29 42 43

0 0 2 63 -11 7 13 23

0 1 45 88 -16 0 8 36

0 17 36 83 -6 6 22 40

0 3 24 40 -14 7 18 27

0 9 12 49 -13 4 5 8

0 37 71 98 -14 22 23 34

0 57 81 14 -10 32 42 37

0 17 18 8 -1 10 27 14

0 13 21 10 -10 16 48 33

0 21 76 84 -1 21 26 45

0 7 51 30 -10 7 46 18

0 3 5 99 -10 0 1 22

0 67 85 22 -18 29 40 21

0 30 31 33 -17 42 49 49

0 2 26 89 -14 19 30 49

0 7 86 48 -5 6 18 48

0 5 99 87 -2 5 16 45

0 14 37 93 -17 7 35 28

0 10 84 3 -11 7 33 37

0 37 78 21 -9 35 39 7

0 25 37 77 -7 18 22 36

0 0 1 48 -13 22 37 26

0 10 19 8 -8 1 2 40

0 0 9 96 -5 10 41 11

0 14 18 69 -15 20 24 44

0 3 9 47 -9 15 46 22

0 21 65 11 -11 41 49 42

0 18 31 25 -14 3 5 45

0 2 17 7 -14 11 17 24

0 7 15 57 -15 3 34 42

0 6 12 31 -3 23 49 46

0 1 4 93 -4 4 48 19

0 4 8 29 -10 13 15 10

0 4 49 20 -1 1 24 45

0 0 9 45 -13 22 31 44

0 3 9 72 -16 6 31 46

0 6 15 0 -4 7 16 32

0 10 20 49 -6 17 23 5

0 3 12 39 -6 13 15 32

0 33 58 45 -20 26 27 47

0 1 3 30 -16 2 11 42

0 0 2 55 -10 1 5 25

0 1 3 6 -18 6 9 29


SAlphaB: 899.0, std-dev 367.11985760577545

Earliest win: 37
Latest win: 81

WinDepth:
0 0 0 0 0 0 0 0 0 0 0 0 0 0 0 0 0 0 0 0 0 0 0 0 0 0 0 0 0 0 0 0 0 0 0 0 0 4 0 2 1 3 1 7 13 15 24 38 29 62 79 264 134 118 70 162 138 164 167 192 177 201 272 335 315 326 377 381 466 390 450 505 438 405 391 340 251 235 157 133 87 62 
SAlphaB:
0 0 0 0 0 0 0 0 0 0 0 0 0 0 0 0 0 0 0 0 0 0 0 0 0 0 0 0 0 0 0 0 0 0 0 0 0 4 0 2 1 3 1 7 13 15 24 38 29 62 79 264 134 118 70 162 138 164 167 192 177 201 272 335 315 326 377 381 466 390 450 505 438 405 391 340 251 235 157 133 87 62 

LossDepth:
SAlphaB:
0 0 0 0 0 0 0 0 0 0 0 0 0 0 0 0 0 0 0 0 0 0 0 0 0 0 0 0 0 0 0 0 0 0 0 0 0 4 0 2 1 3 1 7 13 15 24 38 29 62 79 264 134 118 70 162 138 164 167 192 177 201 272 335 315 326 377 381 466 390 450 505 438 405 391 340 251 235 157 133 87 62 

FirstWin:
0 0 0 0 0 0 0 0 0 0 0 0 0 0 0 0 0 0 0 0 0 0 0 0 0 0 0 0 0 0 0 0 0 0 0 0 0 4 0 2 0 3 0 7 0 15 0 38 0 62 0 264 0 118 0 162 0 164 0 192 0 201 0 335 0 326 0 381 0 390 0 505 0 405 0 340 0 235 0 133 0 62 
SAlphaB:
0 0 0 0 0 0 0 0 0 0 0 0 0 0 0 0 0 0 0 0 0 0 0 0 0 0 0 0 0 0 0 0 0 0 0 0 0 4 0 2 0 3 0 7 0 15 0 38 0 62 0 264 0 118 0 162 0 164 0 192 0 201 0 335 0 326 0 381 0 390 0 505 0 405 0 340 0 235 0 133 0 62 

SecondWin:
0 0 0 0 0 0 0 0 0 0 0 0 0 0 0 0 0 0 0 0 0 0 0 0 0 0 0 0 0 0 0 0 0 0 0 0 0 0 0 0 1 0 1 0 13 0 24 0 29 0 79 0 134 0 70 0 138 0 167 0 177 0 272 0 315 0 377 0 466 0 450 0 438 0 391 0 251 0 157 0 87 0 
SAlphaB:
0 0 0 0 0 0 0 0 0 0 0 0 0 0 0 0 0 0 0 0 0 0 0 0 0 0 0 0 0 0 0 0 0 0 0 0 0 0 0 0 1 0 1 0 13 0 24 0 29 0 79 0 134 0 70 0 138 0 167 0 177 0 272 0 315 0 377 0 466 0 450 0 438 0 391 0 251 0 157 0 87 0 
