0 24 62 3 -13 0 1 7

0 57 92 11 -14 0 11 28

0 37 72 1 -5 8 10 7

0 68 75 41 -4 7 23 25

0 68 83 78 -2 8 27 42

0 48 94 13 -11 1 12 7

0 46 47 96 -19 7 16 4

0 18 83 50 -9 0 5 33

0 36 83 71 -16 5 8 16

0 66 73 78 -8 10 25 20

0 40 73 59 -2 5 37 14

0 34 62 87 -3 9 17 7

0 95 98 46 -18 9 18 25

0 20 71 62 -2 0 33 28

0 55 73 62 -11 11 29 3

0 39 66 17 -11 0 23 35

0 57 66 49 -11 1 4 17

0 17 37 34 -6 10 18 8

0 51 58 84 -18 7 20 15

0 31 94 43 -6 1 4 5

0 11 52 72 -19 2 14 19

0 61 69 49 -12 11 12 38

0 34 94 77 -11 27 33 24

0 18 23 68 -7 6 15 11

0 10 41 14 -5 28 31 5

0 13 73 55 -13 19 36 20

0 48 81 40 -18 27 39 41

0 42 93 1 -20 15 25 32

0 21 82 78 -4 9 25 29

0 61 67 67 -9 2 8 26

0 25 26 47 -7 8 23 1

0 42 65 43 -1 9 11 8

0 12 23 60 -4 16 34 2

0 14 97 89 -5 23 29 15

0 10 16 20 -3 16 23 13

0 67 79 14 -13 27 49 20

0 14 81 89 -9 6 32 7

0 17 54 66 -6 5 31 7

0 37 50 76 -4 1 28 33

0 23 41 63 -3 13 26 8

0 28 50 58 -10 8 10 3

0 16 30 79 -14 4 11 31

0 29 46 99 -20 13 37 44

0 18 24 60 -12 2 12 7

0 70 87 71 -12 2 3 0

0 3 6 75 -1 12 14 17

0 65 86 83 -7 23 24 37

0 55 67 43 -12 7 43 47

0 22 70 8 -4 1 3 47

0 21 64 6 -6 8 9 16

0 0 63 66 -20 4 33 35

0 3 85 56 -15 8 44 3

0 2 48 80 -11 17 42 2

0 28 43 47 -6 7 34 26

0 52 54 83 -8 25 34 30

0 12 75 23 -12 25 27 38

0 38 82 67 -10 38 39 30

0 29 72 94 -6 24 27 42

0 7 15 19 -5 2 6 26

0 25 55 8 -1 3 40 40

0 40 52 34 -13 11 14 44

0 32 43 79 -4 1 24 46

0 14 15 54 -5 24 34 20

0 24 35 45 -17 10 37 49

0 3 84 43 -18 15 23 43

0 23 31 78 -17 12 24 33

0 44 46 54 -5 10 19 37

0 14 92 59 -11 27 32 47

0 28 30 40 -19 10 24 35

0 16 33 51 -17 2 48 20

0 38 50 63 -17 44 48 23

0 3 9 78 -3 0 1 31

0 16 67 98 -5 11 21 36

0 3 43 37 -10 11 34 39

0 4 28 15 -7 7 32 22

0 6 8 44 -1 12 19 18

0 1 25 64 -4 12 20 35

0 5 11 20 -11 17 18 36

0 15 33 10 -11 2 36 14

0 4 5 75 -3 9 10 3

0 2 9 86 -16 2 4 25

0 1 35 10 -4 21 32 37

0 13 26 56 -5 2 6 43

0 9 10 54 -8 3 24 9

0 8 9 59 -17 1 4 6

0 34 39 98 -1 0 7 12

0 14 30 71 -7 18 22 42

0 14 36 32 -18 4 42 42

0 1 4 60 -13 13 29 42

0 0 1 43 -2 8 18 41

0 13 20 6 -20 10 11 38

0 4 10 3 -6 1 31 48

0 3 16 32 -2 13 31 49

0 12 18 72 -3 16 17 32

0 1 5 49 -4 10 19 9

0 8 17 34 -16 2 29 44

0 9 19 52 -15 4 10 49

0 0 1 65 -3 8 15 1

0 5 23 74 -4 1 39 14

0 0 3 77 -15 2 26 13


SAlphaB: 882.0, std-dev 341.7031506019708

Earliest win: 41
Latest win: 81

WinDepth:
0 0 0 0 0 0 0 0 0 0 0 0 0 0 0 0 0 0 0 0 0 0 0 0 0 0 0 0 0 0 0 0 0 0 0 0 0 0 0 0 0 6 1 18 4 28 9 38 24 80 72 186 62 190 82 232 103 185 139 161 183 233 219 376 313 369 408 419 429 409 410 441 427 414 362 369 267 249 200 109 107 65 
SAlphaB:
0 0 0 0 0 0 0 0 0 0 0 0 0 0 0 0 0 0 0 0 0 0 0 0 0 0 0 0 0 0 0 0 0 0 0 0 0 0 0 0 0 6 1 18 4 28 9 38 24 80 72 186 62 190 82 232 103 185 139 161 183 233 219 376 313 369 408 419 429 409 410 441 427 414 362 369 267 249 200 109 107 65 

LossDepth:
SAlphaB:
0 0 0 0 0 0 0 0 0 0 0 0 0 0 0 0 0 0 0 0 0 0 0 0 0 0 0 0 0 0 0 0 0 0 0 0 0 0 0 0 0 6 1 18 4 28 9 38 24 80 72 186 62 190 82 232 103 185 139 161 183 233 219 376 313 369 408 419 429 409 410 441 427 414 362 369 267 249 200 109 107 65 

FirstWin:
0 0 0 0 0 0 0 0 0 0 0 0 0 0 0 0 0 0 0 0 0 0 0 0 0 0 0 0 0 0 0 0 0 0 0 0 0 0 0 0 0 6 0 18 0 28 0 38 0 80 0 186 0 190 0 232 0 185 0 161 0 233 0 376 0 369 0 419 0 409 0 441 0 414 0 369 0 249 0 109 0 65 
SAlphaB:
0 0 0 0 0 0 0 0 0 0 0 0 0 0 0 0 0 0 0 0 0 0 0 0 0 0 0 0 0 0 0 0 0 0 0 0 0 0 0 0 0 6 0 18 0 28 0 38 0 80 0 186 0 190 0 232 0 185 0 161 0 233 0 376 0 369 0 419 0 409 0 441 0 414 0 369 0 249 0 109 0 65 

SecondWin:
0 0 0 0 0 0 0 0 0 0 0 0 0 0 0 0 0 0 0 0 0 0 0 0 0 0 0 0 0 0 0 0 0 0 0 0 0 0 0 0 0 0 1 0 4 0 9 0 24 0 72 0 62 0 82 0 103 0 139 0 183 0 219 0 313 0 408 0 429 0 410 0 427 0 362 0 267 0 200 0 107 0 
SAlphaB:
0 0 0 0 0 0 0 0 0 0 0 0 0 0 0 0 0 0 0 0 0 0 0 0 0 0 0 0 0 0 0 0 0 0 0 0 0 0 0 0 0 0 1 0 4 0 9 0 24 0 72 0 62 0 82 0 103 0 139 0 183 0 219 0 313 0 408 0 429 0 410 0 427 0 362 0 267 0 200 0 107 0 
