0 7 57 5 -3 0 1 4

0 27 96 43 -14 7 9 10

0 49 61 10 -1 12 24 0

0 51 66 65 -16 2 7 25

0 35 68 84 -20 14 29 14

0 47 92 72 -5 12 39 33

0 32 85 46 -18 11 33 26

0 66 93 83 -11 4 33 3

0 73 98 51 -19 4 5 14

0 45 70 25 -8 7 12 32

0 66 69 62 -7 18 40 1

0 48 87 56 -12 1 25 26

0 36 91 7 -12 5 10 15

0 33 71 7 -19 5 18 36

0 19 50 93 -13 4 5 17

0 50 90 66 -8 7 34 45

0 95 99 10 -9 14 40 34

0 35 94 88 -20 1 8 46

0 23 99 19 -16 0 1 38

0 11 79 11 -12 2 6 21

0 59 89 61 -3 7 12 17

0 20 74 92 -19 11 23 30

0 32 69 0 -8 11 17 13

0 17 74 93 -8 0 9 26

0 54 92 28 -10 8 16 33

0 41 58 87 -10 5 27 41

0 71 99 12 -14 17 26 24

0 10 62 69 -4 25 27 21

0 9 82 33 -19 35 36 15

0 13 62 56 -8 8 13 11

0 21 77 89 -6 14 47 34

0 8 92 62 -9 3 8 39

0 21 77 28 -17 4 26 26

0 17 32 73 -20 2 4 12

0 2 91 41 -16 25 36 9

0 48 54 16 -3 2 4 40

0 38 45 69 -14 5 26 29

0 47 70 93 -15 17 35 36

0 2 78 6 -14 11 45 13

0 1 55 90 -6 12 26 9

0 30 67 17 -9 1 2 22

0 13 16 21 -5 14 29 2

0 11 43 80 -14 16 32 12

0 24 88 89 -17 1 42 36

0 18 81 13 -4 10 43 1

0 13 21 75 -9 6 14 11

0 81 97 0 -2 1 13 34

0 26 92 29 -17 1 2 43

0 25 44 6 -1 23 28 12

0 23 71 93 -10 30 42 38

0 43 80 3 -8 1 3 45

0 0 35 12 -6 14 24 10

0 81 85 4 -4 8 17 43

0 31 78 69 -11 12 48 34

0 7 71 95 -3 12 29 44

0 70 83 76 -1 16 29 44

0 21 25 36 -8 10 23 6

0 55 65 66 -8 34 35 47

0 34 43 57 -7 12 26 41

0 29 39 43 -15 31 38 35

0 4 40 71 -13 34 37 31

0 21 38 41 -1 0 18 14

0 12 29 58 -20 13 33 32

0 0 14 48 -20 24 36 19

0 1 42 79 -14 0 19 22

0 14 39 46 -2 14 25 30

0 13 27 22 -3 7 33 25

0 2 14 83 -6 0 8 15

0 21 37 69 -20 15 49 22

0 7 20 44 -17 0 10 42

0 11 26 74 -19 3 17 41

0 2 6 2 -14 36 39 40

0 26 93 16 -14 18 24 9

0 54 58 29 -11 0 2 26

0 2 11 6 -16 15 42 1

0 18 46 34 -2 5 36 31

0 17 26 54 -4 1 11 42

0 10 24 22 -4 8 14 16

0 37 84 10 -18 25 43 25

0 45 48 20 -5 20 48 35

0 8 87 90 -15 5 13 44

0 7 11 21 -16 4 36 26

0 7 12 64 -13 11 28 44

0 10 26 42 -8 3 49 35

0 30 35 4 -6 0 12 41

0 47 83 55 -20 29 44 42

0 1 2 9 -18 27 31 44

0 4 24 62 -18 6 20 11

0 2 21 20 -10 0 18 38

0 21 28 30 -19 33 49 3

0 0 1 36 -5 8 9 7

0 8 21 45 -3 14 37 3

0 10 22 39 -10 5 8 45

0 1 11 74 -2 16 39 36

0 3 18 74 -11 42 44 26

0 18 31 55 -8 11 49 23

0 8 13 91 -17 7 9 40

0 2 13 94 -3 0 2 40

0 1 10 22 -1 10 18 44

0 0 11 65 -8 1 12 34


SAlphaB: 889.0, std-dev 336.30744884928606

Earliest win: 37
Latest win: 81

WinDepth:
0 0 0 0 0 0 0 0 0 0 0 0 0 0 0 0 0 0 0 0 0 0 0 0 0 0 0 0 0 0 0 0 0 0 0 0 0 5 0 3 1 11 6 13 5 11 11 29 23 45 40 180 57 114 62 187 133 146 146 196 156 238 238 368 335 356 421 349 453 410 470 449 430 449 389 328 298 269 191 130 114 54 
SAlphaB:
0 0 0 0 0 0 0 0 0 0 0 0 0 0 0 0 0 0 0 0 0 0 0 0 0 0 0 0 0 0 0 0 0 0 0 0 0 5 0 3 1 11 6 13 5 11 11 29 23 45 40 180 57 114 62 187 133 146 146 196 156 238 238 368 335 356 421 349 453 410 470 449 430 449 389 328 298 269 191 130 114 54 

LossDepth:
SAlphaB:
0 0 0 0 0 0 0 0 0 0 0 0 0 0 0 0 0 0 0 0 0 0 0 0 0 0 0 0 0 0 0 0 0 0 0 0 0 5 0 3 1 11 6 13 5 11 11 29 23 45 40 180 57 114 62 187 133 146 146 196 156 238 238 368 335 356 421 349 453 410 470 449 430 449 389 328 298 269 191 130 114 54 

FirstWin:
0 0 0 0 0 0 0 0 0 0 0 0 0 0 0 0 0 0 0 0 0 0 0 0 0 0 0 0 0 0 0 0 0 0 0 0 0 5 0 3 0 11 0 13 0 11 0 29 0 45 0 180 0 114 0 187 0 146 0 196 0 238 0 368 0 356 0 349 0 410 0 449 0 449 0 328 0 269 0 130 0 54 
SAlphaB:
0 0 0 0 0 0 0 0 0 0 0 0 0 0 0 0 0 0 0 0 0 0 0 0 0 0 0 0 0 0 0 0 0 0 0 0 0 5 0 3 0 11 0 13 0 11 0 29 0 45 0 180 0 114 0 187 0 146 0 196 0 238 0 368 0 356 0 349 0 410 0 449 0 449 0 328 0 269 0 130 0 54 

SecondWin:
0 0 0 0 0 0 0 0 0 0 0 0 0 0 0 0 0 0 0 0 0 0 0 0 0 0 0 0 0 0 0 0 0 0 0 0 0 0 0 0 1 0 6 0 5 0 11 0 23 0 40 0 57 0 62 0 133 0 146 0 156 0 238 0 335 0 421 0 453 0 470 0 430 0 389 0 298 0 191 0 114 0 
SAlphaB:
0 0 0 0 0 0 0 0 0 0 0 0 0 0 0 0 0 0 0 0 0 0 0 0 0 0 0 0 0 0 0 0 0 0 0 0 0 0 0 0 1 0 6 0 5 0 11 0 23 0 40 0 57 0 62 0 133 0 146 0 156 0 238 0 335 0 421 0 453 0 470 0 430 0 389 0 298 0 191 0 114 0 
