0 21 83 10 -2 4 27 15

0 15 92 97 -13 0 1 20

0 30 48 35 -14 4 10 18

0 74 90 29 -15 3 4 30

0 17 67 46 -8 10 16 9

0 37 97 49 -14 8 26 23

0 13 74 78 -9 33 44 17

0 88 94 6 -16 13 35 16

0 69 87 40 -4 12 46 14

0 54 96 79 -7 0 41 36

0 90 99 90 -1 11 21 36

0 26 42 4 -17 1 10 27

0 64 69 68 -4 11 19 32

0 0 69 62 -16 1 17 19

0 33 76 69 -6 0 6 15

0 48 73 11 -3 2 32 22

0 44 61 73 -1 3 12 14

0 67 85 45 -7 11 12 39

0 56 68 98 -15 4 14 1

0 27 94 7 -3 3 14 11

0 8 21 99 -6 15 20 15

0 20 71 89 -19 29 36 31

0 5 72 76 -3 6 7 25

0 75 86 4 -9 19 47 41

0 8 57 26 -17 5 16 14

0 39 47 21 -9 16 45 3

0 22 26 88 -1 2 8 10

0 56 62 79 -8 9 46 48

0 6 31 65 -17 15 24 23

0 2 67 53 -6 19 20 24

0 36 62 7 -18 7 12 26

0 20 25 51 -8 28 34 27

0 88 90 74 -20 26 34 7

0 8 21 46 -13 12 13 3

0 23 56 73 -16 8 36 7

0 34 40 17 -10 10 36 0

0 48 57 97 -12 14 45 14

0 7 42 53 -18 13 21 17

0 15 16 69 -10 0 1 14

0 14 37 14 -17 2 25 24

0 38 39 53 -13 22 40 15

0 25 31 17 -6 24 42 3

0 6 80 58 -3 6 48 31

0 1 20 60 -2 0 3 2

0 38 42 98 -18 16 37 10

0 42 51 77 -19 46 49 45

0 4 32 66 -15 3 9 49

0 23 45 81 -14 2 38 3

0 0 16 26 -15 2 4 14

0 34 37 20 -16 38 46 9

0 0 53 8 -5 1 6 17

0 9 29 15 -17 6 16 27

0 27 45 26 -8 23 37 31

0 22 81 42 -18 39 46 11

0 7 58 35 -11 31 43 22

0 3 13 11 -12 4 11 6

0 39 50 19 -18 12 43 17

0 24 37 32 -2 15 45 31

0 29 84 99 -10 24 33 47

0 24 47 61 -17 23 24 33

0 33 68 3 -18 17 48 49

0 24 70 98 -4 13 23 43

0 0 13 77 -11 7 8 24

0 74 96 2 -2 10 13 40

0 6 20 90 -16 6 10 7

0 4 61 31 -13 5 6 25

0 9 62 40 -1 10 35 47

0 14 15 7 -2 7 18 13

0 12 25 8 -12 7 23 22

0 47 73 15 -2 7 12 49

0 0 5 12 -7 6 8 4

0 17 19 74 -11 34 36 40

0 0 56 96 -15 11 42 45

0 2 9 21 -16 14 32 7

0 16 64 90 -7 3 18 42

0 10 46 69 -11 2 32 42

0 21 86 18 -13 0 33 1

0 37 85 67 -19 0 48 42

0 2 5 43 -16 23 47 32

0 5 6 42 -18 8 22 21

0 1 10 38 -15 16 47 31

0 18 79 34 -16 26 34 7

0 14 18 74 -7 19 24 48

0 4 14 26 -18 2 3 37

0 1 7 37 -16 11 28 22

0 2 11 17 -9 23 28 22

0 7 24 31 -14 19 28 33

0 0 1 86 -8 14 18 20

0 1 2 21 -1 7 20 8

0 2 3 81 -17 2 38 36

0 2 8 26 -13 3 10 18

0 21 26 83 -12 9 33 7

0 21 22 34 -11 5 41 37

0 0 2 32 -10 42 45 7

0 0 1 22 -19 1 3 29

0 4 5 58 -15 15 34 44

0 0 20 21 -1 38 45 26

0 6 9 31 -17 12 17 46

0 1 26 18 -4 15 18 32

0 11 13 5 -10 18 34 46


SAlphaB: 903.0, std-dev 341.0492745583366

Earliest win: 37
Latest win: 81

WinDepth:
0 0 0 0 0 0 0 0 0 0 0 0 0 0 0 0 0 0 0 0 0 0 0 0 0 0 0 0 0 0 0 0 0 0 0 0 0 2 0 1 0 4 0 12 18 6 21 29 13 104 57 213 110 153 85 159 84 170 153 164 172 280 213 270 297 382 413 458 434 363 535 453 441 350 411 385 285 218 206 105 91 65 
SAlphaB:
0 0 0 0 0 0 0 0 0 0 0 0 0 0 0 0 0 0 0 0 0 0 0 0 0 0 0 0 0 0 0 0 0 0 0 0 0 2 0 1 0 4 0 12 18 6 21 29 13 104 57 213 110 153 85 159 84 170 153 164 172 280 213 270 297 382 413 458 434 363 535 453 441 350 411 385 285 218 206 105 91 65 

LossDepth:
SAlphaB:
0 0 0 0 0 0 0 0 0 0 0 0 0 0 0 0 0 0 0 0 0 0 0 0 0 0 0 0 0 0 0 0 0 0 0 0 0 2 0 1 0 4 0 12 18 6 21 29 13 104 57 213 110 153 85 159 84 170 153 164 172 280 213 270 297 382 413 458 434 363 535 453 441 350 411 385 285 218 206 105 91 65 

FirstWin:
0 0 0 0 0 0 0 0 0 0 0 0 0 0 0 0 0 0 0 0 0 0 0 0 0 0 0 0 0 0 0 0 0 0 0 0 0 2 0 1 0 4 0 12 0 6 0 29 0 104 0 213 0 153 0 159 0 170 0 164 0 280 0 270 0 382 0 458 0 363 0 453 0 350 0 385 0 218 0 105 0 65 
SAlphaB:
0 0 0 0 0 0 0 0 0 0 0 0 0 0 0 0 0 0 0 0 0 0 0 0 0 0 0 0 0 0 0 0 0 0 0 0 0 2 0 1 0 4 0 12 0 6 0 29 0 104 0 213 0 153 0 159 0 170 0 164 0 280 0 270 0 382 0 458 0 363 0 453 0 350 0 385 0 218 0 105 0 65 

SecondWin:
0 0 0 0 0 0 0 0 0 0 0 0 0 0 0 0 0 0 0 0 0 0 0 0 0 0 0 0 0 0 0 0 0 0 0 0 0 0 0 0 0 0 0 0 18 0 21 0 13 0 57 0 110 0 85 0 84 0 153 0 172 0 213 0 297 0 413 0 434 0 535 0 441 0 411 0 285 0 206 0 91 0 
SAlphaB:
0 0 0 0 0 0 0 0 0 0 0 0 0 0 0 0 0 0 0 0 0 0 0 0 0 0 0 0 0 0 0 0 0 0 0 0 0 0 0 0 0 0 0 0 18 0 21 0 13 0 57 0 110 0 85 0 84 0 153 0 172 0 213 0 297 0 413 0 434 0 535 0 441 0 411 0 285 0 206 0 91 0 
