0 49 98 91 -9 7 14 19

0 52 75 9 -4 6 28 7

0 35 94 22 -2 10 21 6

0 39 75 56 -12 2 6 23

0 71 93 77 -16 11 20 18

0 21 43 3 -6 1 10 12

0 19 39 17 -6 1 12 1

0 13 95 69 -5 7 8 11

0 29 51 76 -1 3 19 0

0 43 96 80 -10 15 35 0

0 46 48 73 -3 9 20 30

0 31 40 81 -14 25 30 20

0 53 56 51 -5 18 39 0

0 40 73 94 -14 4 29 4

0 1 63 97 -14 42 43 3

0 29 44 3 -13 0 7 30

0 44 47 30 -9 5 9 22

0 47 67 89 -14 3 6 27

0 18 30 47 -20 5 14 9

0 40 52 3 -5 0 9 2

0 54 94 40 -14 2 11 26

0 52 67 44 -18 1 5 24

0 3 77 64 -8 19 20 21

0 6 95 16 -12 2 6 3

0 22 96 49 -13 8 17 5

0 49 94 42 -4 17 42 27

0 2 63 89 -2 20 30 10

0 23 36 20 -6 0 1 26

0 63 85 62 -20 8 11 47

0 44 52 38 -13 2 27 16

0 4 98 64 -18 0 2 46

0 20 69 60 -5 7 16 36

0 82 99 18 -18 26 30 28

0 26 49 31 -14 8 9 24

0 12 23 72 -1 1 5 3

0 38 67 39 -7 7 9 20

0 78 81 96 -17 41 43 40

0 48 64 17 -10 9 23 5

0 48 50 29 -9 3 16 22

0 15 21 12 -10 28 36 25

0 39 78 56 -10 29 35 29

0 15 91 94 -9 8 14 27

0 18 72 22 -7 18 24 47

0 61 97 3 -8 17 43 41

0 73 86 7 -15 9 13 45

0 50 95 79 -20 2 35 15

0 5 63 89 -1 7 10 9

0 29 58 78 -11 11 27 17

0 20 31 31 -1 32 48 26

0 3 74 13 -13 6 20 36

0 24 36 86 -5 3 26 39

0 72 75 52 -18 1 6 46

0 22 31 44 -16 28 35 30

0 21 54 96 -16 3 22 2

0 0 14 18 -19 0 4 19

0 14 52 49 -20 41 49 24

0 59 69 10 -16 23 40 18

0 61 92 17 -3 0 9 45

0 26 43 0 -8 2 9 38

0 10 28 8 -6 5 42 12

0 3 5 65 -4 8 13 26

0 3 98 96 -15 12 22 27

0 52 66 10 -7 36 39 1

0 37 44 48 -5 3 19 35

0 18 49 81 -17 19 37 20

0 15 41 48 -16 7 12 5

0 42 89 12 -18 23 45 10

0 15 54 39 -17 26 29 34

0 7 16 67 -3 19 31 9

0 18 86 92 -4 21 31 22

0 1 21 63 -2 18 23 12

0 4 6 42 -18 1 8 22

0 16 35 11 -13 21 48 35

0 10 15 74 -16 9 12 1

0 9 40 70 -17 15 42 13

0 22 46 14 -20 4 31 44

0 27 33 71 -3 1 3 44

0 19 29 21 -19 36 43 5

0 16 21 16 -18 13 32 23

0 13 16 93 -7 15 41 6

0 6 16 26 -17 26 45 43

0 0 7 30 -8 38 41 41

0 0 1 49 -6 16 42 7

0 16 18 15 -2 9 22 25

0 13 97 1 -17 2 42 36

0 1 8 35 -9 22 41 27

0 10 15 48 -18 28 39 0

0 6 50 52 -8 23 25 48

0 14 24 53 -15 10 47 36

0 4 6 93 -8 7 10 16

0 1 12 84 -15 4 8 4

0 2 3 50 -4 26 35 26

0 4 7 65 -15 3 14 20

0 0 1 65 -12 9 23 39

0 0 16 40 -13 8 12 36

0 3 6 39 -7 8 35 24

0 0 9 85 -20 11 33 33

0 4 14 11 -6 14 40 25

0 4 5 8 -4 2 19 28

0 3 7 9 -9 10 45 44


SAlphaB: 899.0, std-dev 343.29395596488473

Earliest win: 37
Latest win: 81

WinDepth:
0 0 0 0 0 0 0 0 0 0 0 0 0 0 0 0 0 0 0 0 0 0 0 0 0 0 0 0 0 0 0 0 0 0 0 0 0 4 0 3 1 4 1 6 9 16 17 16 21 40 44 201 73 129 104 229 156 142 122 192 145 234 211 334 293 368 423 403 493 381 456 467 454 385 382 337 272 269 197 122 76 74 
SAlphaB:
0 0 0 0 0 0 0 0 0 0 0 0 0 0 0 0 0 0 0 0 0 0 0 0 0 0 0 0 0 0 0 0 0 0 0 0 0 4 0 3 1 4 1 6 9 16 17 16 21 40 44 201 73 129 104 229 156 142 122 192 145 234 211 334 293 368 423 403 493 381 456 467 454 385 382 337 272 269 197 122 76 74 

LossDepth:
SAlphaB:
0 0 0 0 0 0 0 0 0 0 0 0 0 0 0 0 0 0 0 0 0 0 0 0 0 0 0 0 0 0 0 0 0 0 0 0 0 4 0 3 1 4 1 6 9 16 17 16 21 40 44 201 73 129 104 229 156 142 122 192 145 234 211 334 293 368 423 403 493 381 456 467 454 385 382 337 272 269 197 122 76 74 

FirstWin:
0 0 0 0 0 0 0 0 0 0 0 0 0 0 0 0 0 0 0 0 0 0 0 0 0 0 0 0 0 0 0 0 0 0 0 0 0 4 0 3 0 4 0 6 0 16 0 16 0 40 0 201 0 129 0 229 0 142 0 192 0 234 0 334 0 368 0 403 0 381 0 467 0 385 0 337 0 269 0 122 0 74 
SAlphaB:
0 0 0 0 0 0 0 0 0 0 0 0 0 0 0 0 0 0 0 0 0 0 0 0 0 0 0 0 0 0 0 0 0 0 0 0 0 4 0 3 0 4 0 6 0 16 0 16 0 40 0 201 0 129 0 229 0 142 0 192 0 234 0 334 0 368 0 403 0 381 0 467 0 385 0 337 0 269 0 122 0 74 

SecondWin:
0 0 0 0 0 0 0 0 0 0 0 0 0 0 0 0 0 0 0 0 0 0 0 0 0 0 0 0 0 0 0 0 0 0 0 0 0 0 0 0 1 0 1 0 9 0 17 0 21 0 44 0 73 0 104 0 156 0 122 0 145 0 211 0 293 0 423 0 493 0 456 0 454 0 382 0 272 0 197 0 76 0 
SAlphaB:
0 0 0 0 0 0 0 0 0 0 0 0 0 0 0 0 0 0 0 0 0 0 0 0 0 0 0 0 0 0 0 0 0 0 0 0 0 0 0 0 1 0 1 0 9 0 17 0 21 0 44 0 73 0 104 0 156 0 122 0 145 0 211 0 293 0 423 0 493 0 456 0 454 0 382 0 272 0 197 0 76 0 
