0 22 36 36 -4 1 3 2

0 47 55 14 -14 2 13 26

0 24 31 10 -4 6 16 2

0 83 97 74 -10 15 43 36

0 66 95 90 -20 0 18 46

0 65 86 99 -7 17 39 19

0 37 74 72 -14 2 3 5

0 24 93 60 -13 9 29 49

0 39 54 93 -3 9 33 26

0 44 63 85 -13 1 9 32

0 32 98 95 -8 3 23 23

0 65 89 38 -7 0 1 2

0 16 68 28 -18 0 1 33

0 19 35 40 -1 5 8 8

0 16 56 99 -13 25 34 16

0 4 53 99 -18 4 11 34

0 40 90 53 -19 1 27 20

0 25 47 66 -12 16 25 8

0 58 74 38 -2 4 41 26

0 1 95 79 -20 26 34 47

0 47 48 20 -17 0 1 47

0 13 82 31 -16 9 25 18

0 67 87 56 -9 7 20 28

0 17 46 98 -12 9 13 7

0 31 95 65 -10 1 47 9

0 12 92 42 -9 18 40 25

0 10 41 67 -5 18 29 3

0 39 49 31 -18 1 14 21

0 0 76 27 -17 12 32 30

0 29 83 86 -8 15 22 18

0 39 59 29 -4 9 48 5

0 11 59 99 -3 3 9 6

0 12 33 71 -16 0 2 34

0 16 17 37 -3 9 13 17

0 34 67 74 -1 23 36 29

0 28 54 55 -5 6 8 45

0 30 63 87 -20 15 18 29

0 78 90 5 -12 9 13 11

0 14 59 59 -8 2 10 34

0 34 51 53 -12 9 30 31

0 19 46 91 -16 2 4 45

0 40 75 18 -1 3 23 46

0 17 53 86 -15 2 6 45

0 23 63 59 -2 13 21 40

0 1 28 36 -19 9 37 28

0 42 61 4 -3 3 42 12

0 36 88 75 -5 20 27 10

0 17 29 54 -4 7 27 13

0 17 64 5 -16 3 8 42

0 26 45 97 -16 4 6 21

0 4 17 60 -20 5 15 30

0 56 63 26 -11 43 48 36

0 3 21 11 -14 5 10 13

0 14 36 29 -4 9 11 37

0 46 59 36 -20 11 39 39

0 26 79 59 -7 0 40 39

0 15 76 89 -18 34 41 13

0 8 10 51 -12 12 16 10

0 7 95 54 -1 11 26 21

0 15 17 93 -2 6 8 25

0 2 46 75 -12 0 1 17

0 7 37 24 -11 1 14 22

0 8 29 25 -13 10 29 35

0 9 20 87 -9 3 20 11

0 24 53 97 -5 32 46 36

0 35 45 67 -20 16 19 43

0 13 55 89 -9 6 22 31

0 0 37 38 -8 16 34 1

0 49 70 61 -13 36 39 46

0 2 18 84 -3 21 45 27

0 42 62 24 -15 26 36 46

0 33 60 7 -2 0 12 38

0 24 46 54 -19 33 39 41

0 14 30 64 -14 1 27 33

0 28 51 77 -8 17 41 44

0 34 73 45 -19 21 41 42

0 4 11 35 -17 19 21 15

0 2 3 64 -10 6 10 14

0 55 88 5 -5 39 40 41

0 2 10 18 -10 4 34 37

0 6 30 2 -12 9 12 44

0 5 10 25 -18 1 18 6

0 5 16 5 -10 36 45 9

0 4 14 21 -20 18 21 14

0 0 20 4 -11 29 44 23

0 28 35 79 -18 2 45 31

0 6 9 41 -6 5 25 5

0 9 43 46 -6 3 19 47

0 1 9 63 -1 30 43 31

0 27 33 9 -15 13 38 49

0 4 33 32 -10 2 13 26

0 13 24 24 -3 34 37 42

0 2 5 26 -2 3 49 36

0 0 2 57 -16 31 49 29

0 5 9 17 -14 17 19 14

0 1 16 74 -13 38 49 49

0 1 11 33 -6 10 14 37

0 7 22 39 -16 17 26 46

0 2 12 0 -3 10 11 35

0 5 14 79 -12 2 11 48


SAlphaB: 899.0, std-dev 341.24656449227115

Earliest win: 35
Latest win: 81

WinDepth:
0 0 0 0 0 0 0 0 0 0 0 0 0 0 0 0 0 0 0 0 0 0 0 0 0 0 0 0 0 0 0 0 0 0 0 2 0 8 0 6 1 12 1 10 21 13 9 36 25 38 58 247 68 115 90 185 120 152 164 187 233 237 271 337 324 416 436 453 446 384 424 467 408 374 362 296 261 217 187 154 96 78 
SAlphaB:
0 0 0 0 0 0 0 0 0 0 0 0 0 0 0 0 0 0 0 0 0 0 0 0 0 0 0 0 0 0 0 0 0 0 0 2 0 8 0 6 1 12 1 10 21 13 9 36 25 38 58 247 68 115 90 185 120 152 164 187 233 237 271 337 324 416 436 453 446 384 424 467 408 374 362 296 261 217 187 154 96 78 

LossDepth:
SAlphaB:
0 0 0 0 0 0 0 0 0 0 0 0 0 0 0 0 0 0 0 0 0 0 0 0 0 0 0 0 0 0 0 0 0 0 0 2 0 8 0 6 1 12 1 10 21 13 9 36 25 38 58 247 68 115 90 185 120 152 164 187 233 237 271 337 324 416 436 453 446 384 424 467 408 374 362 296 261 217 187 154 96 78 

FirstWin:
0 0 0 0 0 0 0 0 0 0 0 0 0 0 0 0 0 0 0 0 0 0 0 0 0 0 0 0 0 0 0 0 0 0 0 2 0 8 0 6 0 12 0 10 0 13 0 36 0 38 0 247 0 115 0 185 0 152 0 187 0 237 0 337 0 416 0 453 0 384 0 467 0 374 0 296 0 217 0 154 0 78 
SAlphaB:
0 0 0 0 0 0 0 0 0 0 0 0 0 0 0 0 0 0 0 0 0 0 0 0 0 0 0 0 0 0 0 0 0 0 0 2 0 8 0 6 0 12 0 10 0 13 0 36 0 38 0 247 0 115 0 185 0 152 0 187 0 237 0 337 0 416 0 453 0 384 0 467 0 374 0 296 0 217 0 154 0 78 

SecondWin:
0 0 0 0 0 0 0 0 0 0 0 0 0 0 0 0 0 0 0 0 0 0 0 0 0 0 0 0 0 0 0 0 0 0 0 0 0 0 0 0 1 0 1 0 21 0 9 0 25 0 58 0 68 0 90 0 120 0 164 0 233 0 271 0 324 0 436 0 446 0 424 0 408 0 362 0 261 0 187 0 96 0 
SAlphaB:
0 0 0 0 0 0 0 0 0 0 0 0 0 0 0 0 0 0 0 0 0 0 0 0 0 0 0 0 0 0 0 0 0 0 0 0 0 0 0 0 1 0 1 0 21 0 9 0 25 0 58 0 68 0 90 0 120 0 164 0 233 0 271 0 324 0 436 0 446 0 424 0 408 0 362 0 261 0 187 0 96 0 
