0 29 80 16 -20 0 4 6

0 47 74 76 -19 0 16 36

0 36 76 20 -17 0 1 18

0 27 97 69 -7 21 26 21

0 11 51 30 -10 0 1 36

0 22 32 18 -19 1 9 21

0 30 56 51 -11 5 19 3

0 31 66 81 -6 6 12 15

0 32 67 80 -10 21 34 11

0 15 89 58 -4 5 16 8

0 40 64 46 -11 13 22 46

0 73 85 21 -18 0 5 44

0 22 82 34 -15 46 47 23

0 19 69 97 -11 0 32 7

0 29 49 30 -3 2 3 26

0 63 90 96 -20 13 26 23

0 26 72 22 -5 20 44 35

0 39 65 98 -14 14 29 34

0 26 55 61 -19 14 38 47

0 87 94 43 -15 6 7 16

0 48 50 4 -3 6 19 23

0 64 79 38 -17 4 10 46

0 55 65 57 -12 8 11 40

0 23 39 9 -10 34 36 20

0 35 47 38 -10 32 38 33

0 75 98 15 -17 33 41 18

0 66 87 21 -6 12 17 45

0 19 77 33 -7 10 21 29

0 19 49 92 -8 2 29 14

0 17 21 69 -1 23 29 10

0 17 18 31 -15 4 8 12

0 8 60 38 -7 3 24 14

0 63 81 91 -15 39 49 11

0 52 62 92 -2 6 10 9

0 0 22 23 -3 0 18 1

0 9 16 56 -6 14 22 35

0 48 62 23 -14 4 16 41

0 49 67 82 -8 3 14 31

0 14 98 46 -7 11 22 43

0 29 39 26 -6 4 26 39

0 17 58 78 -4 0 6 19

0 1 69 69 -19 5 22 11

0 35 82 43 -15 21 37 19

0 5 23 21 -20 7 18 22

0 17 81 20 -10 25 35 48

0 23 69 96 -10 13 27 43

0 53 61 11 -1 1 5 26

0 58 71 18 -7 15 19 49

0 1 39 74 -20 37 46 30

0 51 98 67 -9 42 45 47

0 29 47 54 -17 6 34 8

0 11 35 9 -5 23 33 22

0 26 58 67 -18 4 19 34

0 26 47 18 -14 17 40 49

0 20 52 81 -3 16 22 4

0 55 56 75 -14 18 25 43

0 23 58 8 -14 32 38 4

0 54 73 17 -7 0 3 37

0 4 6 92 -10 4 15 20

0 13 26 3 -5 28 41 23

0 25 87 39 -5 7 39 24

0 34 39 11 -12 19 46 37

0 38 69 3 -16 28 49 36

0 33 35 10 -12 21 24 3

0 34 66 54 -19 16 21 8

0 27 41 85 -20 20 42 17

0 45 63 86 -11 25 47 22

0 7 31 72 -14 10 43 35

0 6 18 10 -8 10 29 23

0 2 7 51 -17 14 16 3

0 55 91 1 -3 37 38 5

0 21 60 35 -18 26 27 37

0 0 1 74 -9 21 23 13

0 4 31 84 -2 11 12 34

0 5 18 71 -13 1 4 15

0 15 56 46 -16 31 41 11

0 9 17 1 -8 7 20 10

0 1 6 77 -4 11 26 18

0 3 9 8 -10 2 9 7

0 48 52 66 -1 28 33 12

0 7 9 67 -13 2 4 7

0 0 4 69 -4 9 36 39

0 1 4 15 -2 19 35 0

0 50 52 74 -9 1 6 49

0 18 89 11 -17 15 20 2

0 28 39 12 -12 29 36 45

0 33 82 3 -18 25 36 0

0 1 2 70 -5 1 25 33

0 0 23 72 -2 5 14 32

0 17 27 49 -20 2 46 46

0 7 41 53 -1 5 7 33

0 16 31 59 -12 2 34 24

0 13 27 16 -5 13 41 39

0 5 21 1 -13 24 36 9

0 2 6 89 -1 4 30 27

0 5 14 28 -1 5 10 38

0 7 8 75 -4 6 23 49

0 9 10 88 -3 3 13 34

0 2 17 3 -3 5 23 41

0 10 11 79 -10 3 12 41


SAlphaB: 887.0, std-dev 345.6056833058932

Earliest win: 37
Latest win: 81

WinDepth:
0 0 0 0 0 0 0 0 0 0 0 0 0 0 0 0 0 0 0 0 0 0 0 0 0 0 0 0 0 0 0 0 0 0 0 0 0 3 0 0 1 5 4 26 23 6 21 74 53 70 140 106 145 129 111 163 146 155 150 138 170 239 219 324 305 359 382 387 448 395 484 447 361 381 394 395 284 233 178 144 90 88 
SAlphaB:
0 0 0 0 0 0 0 0 0 0 0 0 0 0 0 0 0 0 0 0 0 0 0 0 0 0 0 0 0 0 0 0 0 0 0 0 0 3 0 0 1 5 4 26 23 6 21 74 53 70 140 106 145 129 111 163 146 155 150 138 170 239 219 324 305 359 382 387 448 395 484 447 361 381 394 395 284 233 178 144 90 88 

LossDepth:
SAlphaB:
0 0 0 0 0 0 0 0 0 0 0 0 0 0 0 0 0 0 0 0 0 0 0 0 0 0 0 0 0 0 0 0 0 0 0 0 0 3 0 0 1 5 4 26 23 6 21 74 53 70 140 106 145 129 111 163 146 155 150 138 170 239 219 324 305 359 382 387 448 395 484 447 361 381 394 395 284 233 178 144 90 88 

FirstWin:
0 0 0 0 0 0 0 0 0 0 0 0 0 0 0 0 0 0 0 0 0 0 0 0 0 0 0 0 0 0 0 0 0 0 0 0 0 3 0 0 0 5 0 26 0 6 0 74 0 70 0 106 0 129 0 163 0 155 0 138 0 239 0 324 0 359 0 387 0 395 0 447 0 381 0 395 0 233 0 144 0 88 
SAlphaB:
0 0 0 0 0 0 0 0 0 0 0 0 0 0 0 0 0 0 0 0 0 0 0 0 0 0 0 0 0 0 0 0 0 0 0 0 0 3 0 0 0 5 0 26 0 6 0 74 0 70 0 106 0 129 0 163 0 155 0 138 0 239 0 324 0 359 0 387 0 395 0 447 0 381 0 395 0 233 0 144 0 88 

SecondWin:
0 0 0 0 0 0 0 0 0 0 0 0 0 0 0 0 0 0 0 0 0 0 0 0 0 0 0 0 0 0 0 0 0 0 0 0 0 0 0 0 1 0 4 0 23 0 21 0 53 0 140 0 145 0 111 0 146 0 150 0 170 0 219 0 305 0 382 0 448 0 484 0 361 0 394 0 284 0 178 0 90 0 
SAlphaB:
0 0 0 0 0 0 0 0 0 0 0 0 0 0 0 0 0 0 0 0 0 0 0 0 0 0 0 0 0 0 0 0 0 0 0 0 0 0 0 0 1 0 4 0 23 0 21 0 53 0 140 0 145 0 111 0 146 0 150 0 170 0 219 0 305 0 382 0 448 0 484 0 361 0 394 0 284 0 178 0 90 0 
