0 48 65 11 -5 2 14 13

0 49 95 77 -20 2 14 30

0 27 68 49 -1 10 29 19

0 54 69 86 -6 5 20 48

0 10 85 59 -2 6 14 5

0 21 50 4 -19 4 7 26

0 31 74 48 -5 2 6 11

0 23 42 58 -8 4 12 20

0 47 87 41 -16 10 16 46

0 61 83 10 -1 23 26 28

0 31 60 40 -11 3 21 44

0 1 89 57 -3 32 46 32

0 78 96 5 -9 1 16 36

0 28 67 41 -7 2 23 30

0 42 49 89 -9 0 5 1

0 12 33 11 -10 1 8 8

0 80 84 61 -7 5 11 48

0 19 23 74 -19 0 5 20

0 35 83 71 -1 19 38 2

0 7 58 53 -8 22 32 6

0 47 50 63 -15 3 7 36

0 29 91 19 -20 8 15 41

0 72 90 13 -5 27 46 19

0 38 90 85 -18 7 34 20

0 15 88 42 -8 1 3 17

0 9 99 77 -6 31 42 21

0 48 68 75 -17 8 12 44

0 29 92 21 -3 2 3 1

0 34 61 5 -17 1 24 4

0 82 84 57 -11 2 9 20

0 33 82 45 -16 4 41 0

0 70 71 22 -13 7 22 4

0 39 50 34 -19 36 45 25

0 9 87 52 -11 1 6 45

0 17 37 55 -19 5 8 6

0 19 24 85 -2 8 18 3

0 15 33 28 -13 9 15 6

0 13 22 41 -13 5 13 12

0 31 63 42 -19 20 31 29

0 71 75 45 -13 32 45 47

0 8 15 2 -14 13 15 11

0 2 69 48 -13 4 17 14

0 26 61 61 -15 5 36 33

0 6 99 59 -3 1 5 36

0 69 90 13 -4 12 27 44

0 24 38 43 -4 5 26 44

0 17 44 5 -17 11 22 6

0 19 23 29 -9 17 38 19

0 36 65 17 -7 28 40 17

0 60 79 56 -13 34 48 29

0 9 85 78 -9 2 14 35

0 26 47 14 -3 5 32 10

0 10 66 21 -12 0 6 31

0 3 73 15 -4 46 47 26

0 26 86 43 -14 26 29 31

0 13 26 84 -11 4 42 19

0 1 58 45 -14 46 47 8

0 5 64 34 -15 23 43 14

0 20 26 40 -8 11 16 10

0 50 55 12 -17 19 28 8

0 4 60 73 -7 1 23 26

0 17 79 57 -20 4 49 15

0 12 52 81 -20 29 48 46

0 6 48 33 -3 4 25 26

0 2 66 27 -14 15 30 32

0 1 4 70 -16 21 24 31

0 28 70 98 -10 8 9 49

0 34 35 24 -5 1 3 33

0 0 38 46 -14 13 38 37

0 40 46 10 -16 13 17 47

0 14 24 1 -15 44 49 48

0 19 35 5 -18 4 17 47

0 7 35 70 -5 34 39 21

0 0 1 90 -18 20 30 30

0 10 22 57 -6 12 35 9

0 0 27 93 -4 5 16 47

0 1 16 76 -15 5 6 33

0 28 75 18 -2 23 37 39

0 17 60 90 -14 0 46 11

0 0 2 95 -1 5 13 0

0 0 4 91 -6 14 25 49

0 8 33 65 -4 1 3 44

0 10 40 5 -16 8 14 26

0 0 16 94 -13 5 18 2

0 1 3 54 -15 30 35 25

0 9 12 73 -19 6 37 34

0 27 42 35 -17 17 23 37

0 6 10 47 -15 2 43 14

0 0 19 19 -10 2 7 39

0 5 10 64 -10 3 5 4

0 0 1 23 -9 0 6 39

0 10 15 14 -7 1 29 0

0 2 8 4 -19 4 32 34

0 27 28 38 -1 7 33 46

0 7 10 40 -5 43 49 0

0 6 34 35 -17 19 26 47

0 3 10 96 -6 1 32 34

0 2 16 13 -16 16 23 1

0 0 6 14 -4 13 16 34

0 2 3 37 -2 3 30 12


SAlphaB: 908.0, std-dev 343.9340412011723

Earliest win: 35
Latest win: 81

WinDepth:
0 0 0 0 0 0 0 0 0 0 0 0 0 0 0 0 0 0 0 0 0 0 0 0 0 0 0 0 0 0 0 0 0 0 0 2 0 3 0 6 2 6 4 12 4 11 15 39 29 78 66 153 84 109 82 182 130 201 144 212 159 211 260 284 366 325 407 364 426 396 457 492 443 404 342 329 265 244 170 132 122 87 
SAlphaB:
0 0 0 0 0 0 0 0 0 0 0 0 0 0 0 0 0 0 0 0 0 0 0 0 0 0 0 0 0 0 0 0 0 0 0 2 0 3 0 6 2 6 4 12 4 11 15 39 29 78 66 153 84 109 82 182 130 201 144 212 159 211 260 284 366 325 407 364 426 396 457 492 443 404 342 329 265 244 170 132 122 87 

LossDepth:
SAlphaB:
0 0 0 0 0 0 0 0 0 0 0 0 0 0 0 0 0 0 0 0 0 0 0 0 0 0 0 0 0 0 0 0 0 0 0 2 0 3 0 6 2 6 4 12 4 11 15 39 29 78 66 153 84 109 82 182 130 201 144 212 159 211 260 284 366 325 407 364 426 396 457 492 443 404 342 329 265 244 170 132 122 87 

FirstWin:
0 0 0 0 0 0 0 0 0 0 0 0 0 0 0 0 0 0 0 0 0 0 0 0 0 0 0 0 0 0 0 0 0 0 0 2 0 3 0 6 0 6 0 12 0 11 0 39 0 78 0 153 0 109 0 182 0 201 0 212 0 211 0 284 0 325 0 364 0 396 0 492 0 404 0 329 0 244 0 132 0 87 
SAlphaB:
0 0 0 0 0 0 0 0 0 0 0 0 0 0 0 0 0 0 0 0 0 0 0 0 0 0 0 0 0 0 0 0 0 0 0 2 0 3 0 6 0 6 0 12 0 11 0 39 0 78 0 153 0 109 0 182 0 201 0 212 0 211 0 284 0 325 0 364 0 396 0 492 0 404 0 329 0 244 0 132 0 87 

SecondWin:
0 0 0 0 0 0 0 0 0 0 0 0 0 0 0 0 0 0 0 0 0 0 0 0 0 0 0 0 0 0 0 0 0 0 0 0 0 0 0 0 2 0 4 0 4 0 15 0 29 0 66 0 84 0 82 0 130 0 144 0 159 0 260 0 366 0 407 0 426 0 457 0 443 0 342 0 265 0 170 0 122 0 
SAlphaB:
0 0 0 0 0 0 0 0 0 0 0 0 0 0 0 0 0 0 0 0 0 0 0 0 0 0 0 0 0 0 0 0 0 0 0 0 0 0 0 0 2 0 4 0 4 0 15 0 29 0 66 0 84 0 82 0 130 0 144 0 159 0 260 0 366 0 407 0 426 0 457 0 443 0 342 0 265 0 170 0 122 0 
