0 30 53 6 -19 3 7 17

0 22 83 41 -2 4 12 3

0 24 48 42 -6 0 4 10

0 63 82 31 -10 13 16 13

0 27 91 50 -8 2 16 17

0 37 93 41 -7 10 20 7

0 68 96 27 -6 7 21 22

0 43 63 34 -1 8 13 1

0 63 84 21 -16 12 38 41

0 40 67 17 -14 1 3 22

0 55 84 34 -1 9 37 36

0 45 81 25 -5 4 20 9

0 87 99 20 -19 18 31 1

0 45 55 42 -9 7 14 5

0 37 93 0 -20 0 11 12

0 50 57 95 -4 4 25 18

0 30 98 15 -9 1 16 26

0 40 60 8 -7 2 13 13

0 48 88 36 -17 5 9 20

0 62 81 48 -2 13 26 18

0 34 91 34 -13 4 7 6

0 37 91 62 -6 4 7 9

0 44 70 41 -9 5 30 4

0 32 94 8 -6 3 10 16

0 68 94 73 -7 16 45 7

0 39 91 81 -8 0 5 2

0 27 65 49 -15 0 1 20

0 57 61 42 -16 8 16 8

0 34 80 24 -19 2 19 15

0 54 73 39 -1 8 43 29

0 26 30 85 -10 6 16 9

0 30 51 74 -3 5 16 15

0 37 96 56 -20 6 20 22

0 54 81 87 -14 3 4 7

0 60 98 87 -14 2 31 23

0 44 56 38 -9 0 1 5

0 16 52 16 -6 7 9 22

0 40 85 31 -13 1 4 3

0 90 92 72 -7 3 44 42

0 69 98 13 -10 3 23 49

0 11 67 61 -13 18 40 22

0 42 57 46 -19 1 10 24

0 78 79 47 -18 1 3 16

0 26 38 41 -18 2 3 11

0 46 95 14 -16 3 4 28

0 47 64 96 -20 5 20 18

0 56 97 15 -6 4 12 27

0 44 88 91 -11 11 24 26

0 37 41 73 -20 3 18 30

0 51 52 85 -16 5 26 15

0 12 27 17 -1 0 8 0

0 27 38 26 -15 1 2 5

0 16 73 7 -10 0 4 15

0 75 83 53 -16 3 15 2

0 67 82 38 -18 1 7 17

0 21 37 63 -1 0 6 3

0 48 91 41 -20 10 19 28

0 76 97 67 -12 5 21 28

0 31 69 34 -16 21 48 8

0 69 98 75 -15 20 25 25

0 26 69 13 -4 13 29 0

0 55 75 6 -17 9 13 0

0 36 63 20 -1 3 7 19

0 76 78 79 -17 1 3 33

0 84 86 54 -3 16 42 19

0 78 80 73 -12 12 32 48

0 36 44 33 -20 4 14 19

0 87 97 37 -5 14 32 19

0 30 42 94 -18 0 10 15

0 57 83 22 -17 12 26 5

0 19 71 96 -18 0 2 24

0 25 29 24 -14 3 12 16

0 29 65 51 -18 0 10 42

0 52 86 45 -10 12 43 44

0 29 87 99 -19 7 23 35

0 67 76 54 -8 1 7 36

0 52 66 38 -8 1 7 11

0 9 44 2 -13 0 3 1

0 60 93 71 -4 3 13 41

0 52 77 88 -5 12 21 43

0 55 69 55 -8 0 2 12

0 91 94 56 -12 8 13 2

0 36 91 17 -5 7 34 31

0 9 98 51 -17 6 8 37

0 2 54 72 -1 10 21 37

0 77 98 56 -13 0 2 29

0 21 82 95 -9 1 21 40

0 33 45 44 -1 1 2 7

0 18 48 41 -10 0 17 25

0 7 63 75 -6 20 37 4

0 46 81 46 -16 18 23 48

0 11 93 35 -2 20 46 20

0 43 89 62 -9 10 12 34

0 29 89 98 -2 8 25 49

0 1 51 60 -2 6 15 7

0 25 82 46 -10 9 23 18

0 14 52 37 -15 0 3 37

0 7 83 92 -9 1 15 22

0 19 51 67 -10 0 1 25

0 27 44 41 -10 17 33 20


SAlphaB: 747.0, std-dev 251.56696680581652

Earliest win: 35
Latest win: 81

WinDepth:
0 0 0 0 0 0 0 0 0 0 0 0 0 0 0 0 0 0 0 0 0 0 0 0 0 0 0 0 0 0 0 0 0 0 0 2 2 13 0 16 1 13 13 27 16 50 50 120 52 167 180 333 138 345 295 425 374 560 382 539 476 697 677 825 786 936 881 961 965 1000 972 1003 881 813 881 768 576 502 431 278 185 164 
SAlphaB:
0 0 0 0 0 0 0 0 0 0 0 0 0 0 0 0 0 0 0 0 0 0 0 0 0 0 0 0 0 0 0 0 0 0 0 2 2 13 0 16 1 13 13 27 16 50 50 120 52 167 180 333 138 345 295 425 374 560 382 539 476 697 677 825 786 936 881 961 965 1000 972 1003 881 813 881 768 576 502 431 278 185 164 

LossDepth:
SAlphaB:
0 0 0 0 0 0 0 0 0 0 0 0 0 0 0 0 0 0 0 0 0 0 0 0 0 0 0 0 0 0 0 0 0 0 0 0 3 9 1 9 0 8 7 16 19 34 33 56 31 95 121 126 81 183 182 251 228 344 235 315 292 412 464 630 534 716 651 747 686 806 742 793 613 707 621 680 505 453 337 269 191 174 

FirstWin:
0 0 0 0 0 0 0 0 0 0 0 0 0 0 0 0 0 0 0 0 0 0 0 0 0 0 0 0 0 0 0 0 0 0 0 2 0 13 0 16 0 13 0 27 0 50 0 120 0 167 0 333 0 345 0 425 0 560 0 539 0 697 0 825 0 936 0 961 0 1000 0 1003 0 813 0 768 0 502 0 278 0 164 
SAlphaB:
0 0 0 0 0 0 0 0 0 0 0 0 0 0 0 0 0 0 0 0 0 0 0 0 0 0 0 0 0 0 0 0 0 0 0 2 0 13 0 16 0 13 0 27 0 50 0 120 0 167 0 333 0 345 0 425 0 560 0 539 0 697 0 825 0 936 0 961 0 1000 0 1003 0 813 0 768 0 502 0 278 0 164 

SecondWin:
0 0 0 0 0 0 0 0 0 0 0 0 0 0 0 0 0 0 0 0 0 0 0 0 0 0 0 0 0 0 0 0 0 0 0 0 2 0 0 0 1 0 13 0 16 0 50 0 52 0 180 0 138 0 295 0 374 0 382 0 476 0 677 0 786 0 881 0 965 0 972 0 881 0 881 0 576 0 431 0 185 0 
SAlphaB:
0 0 0 0 0 0 0 0 0 0 0 0 0 0 0 0 0 0 0 0 0 0 0 0 0 0 0 0 0 0 0 0 0 0 0 0 2 0 0 0 1 0 13 0 16 0 50 0 52 0 180 0 138 0 295 0 374 0 382 0 476 0 677 0 786 0 881 0 965 0 972 0 881 0 881 0 576 0 431 0 185 0 
