0 43 63 34 -1 8 13 1

0 34 91 34 -13 4 7 6

0 68 94 73 -7 16 45 7

0 77 98 56 -13 0 2 29

0 29 87 99 -19 7 23 35

0 21 37 63 -1 0 6 3

0 30 53 6 -19 3 7 17

0 54 81 87 -14 3 4 7

0 76 97 67 -12 5 21 28

0 33 45 44 -1 1 2 7

0 76 84 70 -13 6 32 32

0 26 59 38 -1 6 17 21

0 10 75 62 -15 28 47 25

0 40 88 19 -11 10 26 9

0 15 32 20 -15 7 12 10

0 38 43 80 -16 0 1 12

0 33 51 25 -18 9 24 26

0 36 97 38 -13 12 40 12

0 25 51 59 -18 3 13 35

0 82 90 85 -19 0 12 14

0 12 33 64 -11 16 21 2

0 52 80 30 -5 3 25 40

0 77 89 53 -20 2 5 27

0 70 89 12 -2 14 30 25

0 60 77 92 -18 19 28 47

0 44 58 14 -4 3 4 6

0 4 56 27 -9 18 48 25

0 24 98 33 -19 3 20 21

0 37 90 98 -11 19 25 28

0 38 57 71 -20 18 21 11

0 60 83 14 -16 24 29 24

0 27 99 86 -15 10 19 20

0 25 27 99 -5 1 11 19

0 15 46 47 -13 28 38 5

0 16 51 52 -11 25 33 5

0 21 35 65 -8 11 16 32

0 7 27 33 -13 3 8 8

0 4 17 30 -15 0 1 13

0 4 83 5 -8 2 3 30

0 40 72 51 -10 3 38 38

0 14 16 71 -7 5 12 19

0 23 94 47 -11 15 40 40

0 23 48 41 -17 14 31 25

0 21 98 60 -20 17 45 41

0 71 76 81 -4 43 48 42

0 32 61 71 -10 19 24 31

0 40 71 94 -10 24 27 9

0 33 88 45 -14 22 23 48

0 66 70 3 -14 1 4 34

0 17 30 28 -20 10 13 29

0 16 47 76 -5 5 8 31

0 37 89 58 -10 7 10 43

0 23 37 11 -15 21 41 5

0 19 25 90 -12 0 5 48

0 38 48 75 -15 4 19 47

0 36 45 3 -18 7 8 35

0 21 25 28 -10 42 49 46

0 52 56 81 -7 0 2 42

0 7 57 29 -13 20 23 31

0 27 40 62 -10 26 47 39

0 4 67 30 -6 10 42 23

0 11 25 51 -20 8 29 17

0 9 17 57 -20 3 14 17

0 83 90 29 -15 38 39 37

0 20 43 37 -5 2 14 37

0 75 76 51 -3 1 5 26

0 0 1 83 -20 5 6 45

0 54 81 51 -20 40 41 6

0 32 80 79 -3 34 39 24

0 7 28 58 -14 14 18 36

0 4 14 30 -13 11 32 37

0 59 81 4 -17 0 44 36

0 13 63 59 -16 17 33 49

0 3 6 34 -4 10 11 7

0 6 37 66 -15 4 44 34

0 12 36 72 -8 31 46 0

0 15 24 49 -17 12 18 1

0 15 42 6 -6 34 45 10

0 0 19 72 -19 2 7 6

0 1 4 27 -15 5 19 49

0 8 13 34 -11 31 40 24

0 26 65 20 -15 18 45 35

0 38 41 77 -3 0 2 42

0 0 7 96 -5 14 34 31

0 3 8 25 -3 1 29 8

0 10 17 22 -5 1 20 12

0 11 49 79 -19 22 29 24

0 1 43 23 -13 23 28 44

0 0 2 60 -20 20 24 24

0 20 22 9 -20 12 15 48

0 0 35 57 -8 1 4 35

0 6 7 95 -17 7 23 2

0 2 6 39 -2 24 34 39

0 0 1 65 -17 1 12 23

0 6 15 66 -9 20 26 42

0 13 20 89 -5 40 49 23

0 1 6 55 -3 1 16 12

0 0 3 7 -14 27 28 47

0 2 3 2 -16 2 27 49

0 1 7 15 -19 4 7 36


SAlphaB: 715.0, std-dev 260.91533109420766

Earliest win: 37
Latest win: 81

WinDepth:
0 0 0 0 0 0 0 0 0 0 0 0 0 0 0 0 0 0 0 0 0 0 0 0 0 0 0 0 0 0 0 0 0 0 0 0 0 13 2 2 17 3 0 11 4 10 20 40 43 72 102 154 83 134 103 146 126 173 137 210 169 222 231 313 339 383 397 364 440 372 436 438 441 396 408 334 257 238 185 157 92 86 
SAlphaB:
0 0 0 0 0 0 0 0 0 0 0 0 0 0 0 0 0 0 0 0 0 0 0 0 0 0 0 0 0 0 0 0 0 0 0 0 0 13 2 2 17 3 0 11 4 10 20 40 43 72 102 154 83 134 103 146 126 173 137 210 169 222 231 313 339 383 397 364 440 372 436 438 441 396 408 334 257 238 185 157 92 86 

LossDepth:
SAlphaB:
0 0 0 0 0 0 0 0 0 0 0 0 0 0 0 0 0 0 0 0 0 0 0 0 0 0 0 0 0 0 0 0 0 0 0 0 0 13 2 2 17 3 0 11 4 10 20 40 43 72 102 154 83 134 103 146 126 173 137 210 169 222 231 313 339 383 397 364 440 372 436 438 441 396 408 334 257 238 185 157 92 86 

FirstWin:
0 0 0 0 0 0 0 0 0 0 0 0 0 0 0 0 0 0 0 0 0 0 0 0 0 0 0 0 0 0 0 0 0 0 0 0 0 13 0 2 0 3 0 11 0 10 0 40 0 72 0 154 0 134 0 146 0 173 0 210 0 222 0 313 0 383 0 364 0 372 0 438 0 396 0 334 0 238 0 157 0 86 
SAlphaB:
0 0 0 0 0 0 0 0 0 0 0 0 0 0 0 0 0 0 0 0 0 0 0 0 0 0 0 0 0 0 0 0 0 0 0 0 0 13 0 2 0 3 0 11 0 10 0 40 0 72 0 154 0 134 0 146 0 173 0 210 0 222 0 313 0 383 0 364 0 372 0 438 0 396 0 334 0 238 0 157 0 86 

SecondWin:
0 0 0 0 0 0 0 0 0 0 0 0 0 0 0 0 0 0 0 0 0 0 0 0 0 0 0 0 0 0 0 0 0 0 0 0 0 0 2 0 17 0 0 0 4 0 20 0 43 0 102 0 83 0 103 0 126 0 137 0 169 0 231 0 339 0 397 0 440 0 436 0 441 0 408 0 257 0 185 0 92 0 
SAlphaB:
0 0 0 0 0 0 0 0 0 0 0 0 0 0 0 0 0 0 0 0 0 0 0 0 0 0 0 0 0 0 0 0 0 0 0 0 0 0 2 0 17 0 0 0 4 0 20 0 43 0 102 0 83 0 103 0 126 0 137 0 169 0 231 0 339 0 397 0 440 0 436 0 441 0 408 0 257 0 185 0 92 0 
