0 45 81 25 -5 4 20 9

0 44 88 91 -11 11 24 26

0 63 82 31 -10 13 16 13

0 47 64 96 -20 5 20 18

0 24 48 42 -6 0 4 10

0 30 98 15 -9 1 16 26

0 50 57 95 -4 4 25 18

0 36 44 33 -20 4 14 19

0 36 63 20 -1 3 7 19

0 7 83 92 -9 1 15 22

0 37 58 60 -9 2 29 28

0 49 52 17 -16 5 17 35

0 23 78 34 -9 8 10 32

0 24 29 82 -6 17 23 15

0 29 59 92 -18 9 13 29

0 53 96 60 -10 1 7 6

0 43 45 88 -6 9 31 33

0 20 39 63 -9 0 1 14

0 30 82 90 -5 18 30 11

0 22 81 56 -2 2 3 3

0 36 75 66 -3 11 16 11

0 17 36 91 -2 23 29 2

0 55 75 24 -20 18 32 1

0 27 67 7 -12 2 5 21

0 37 99 73 -12 17 31 36

0 21 66 90 -11 35 41 7

0 50 86 14 -20 11 23 48

0 66 97 33 -7 10 18 20

0 15 29 41 -10 13 14 15

0 17 63 56 -3 1 2 2

0 54 55 1 -18 3 26 20

0 66 88 51 -19 17 43 47

0 29 96 90 -16 7 43 10

0 34 58 70 -9 1 41 3

0 58 79 99 -5 13 18 37

0 15 22 96 -10 5 12 10

0 21 88 37 -11 8 20 24

0 32 72 6 -9 1 7 44

0 45 47 65 -1 6 17 45

0 9 23 98 -18 5 14 7

0 27 77 82 -6 4 47 22

0 34 38 73 -20 27 30 19

0 13 22 54 -5 4 8 18

0 1 28 49 -16 1 3 18

0 7 59 28 -11 3 5 22

0 45 94 26 -20 13 31 25

0 59 63 94 -7 1 2 41

0 21 46 85 -10 20 48 32

0 9 66 83 -9 7 9 16

0 13 87 12 -6 8 11 1

0 4 66 75 -6 2 5 30

0 9 13 6 -3 0 3 10

0 17 35 87 -13 10 34 20

0 53 76 52 -13 4 6 49

0 41 85 74 -11 32 45 38

0 17 18 13 -7 1 8 32

0 19 39 91 -16 2 5 33

0 7 29 83 -15 5 6 4

0 26 31 87 -18 15 40 16

0 14 36 66 -9 29 34 8

0 37 54 17 -15 16 19 28

0 3 53 79 -6 27 29 43

0 22 53 9 -18 1 42 14

0 35 40 61 -10 23 26 0

0 21 25 96 -19 18 25 7

0 37 48 96 -1 3 49 22

0 15 26 16 -1 3 4 23

0 4 93 5 -20 22 30 3

0 63 75 19 -8 17 26 49

0 20 77 60 -14 22 34 40

0 26 29 4 -5 7 38 18

0 12 54 3 -18 0 26 9

0 21 27 42 -17 9 15 46

0 64 73 88 -9 29 39 20

0 28 33 66 -18 27 28 49

0 7 15 61 -15 6 11 27

0 4 40 13 -2 48 49 47

0 52 61 76 -2 0 2 38

0 5 13 61 -16 0 4 15

0 11 17 24 -19 2 23 28

0 10 33 2 -2 25 46 27

0 4 21 64 -11 14 17 28

0 13 32 68 -8 7 12 37

0 3 62 47 -13 13 17 45

0 5 19 53 -11 4 22 2

0 22 23 12 -19 3 6 23

0 69 93 9 -12 38 43 0

0 34 55 54 -19 15 16 20

0 2 28 30 -19 5 48 11

0 1 23 81 -15 10 35 17

0 4 22 67 -5 17 33 35

0 10 20 15 -18 16 22 1

0 1 2 21 -8 2 14 1

0 8 15 56 -7 6 40 24

0 7 27 78 -18 0 45 40

0 0 30 77 -5 3 39 27

0 0 2 76 -10 1 45 28

0 2 3 47 -3 29 46 3

0 10 15 9 -15 16 21 7

0 2 9 16 -15 11 16 43


SAlphaB: 720.0, std-dev 270.9923814576358

Earliest win: 37
Latest win: 81

WinDepth:
0 0 0 0 0 0 0 0 0 0 0 0 0 0 0 0 0 0 0 0 0 0 0 0 0 0 0 0 0 0 0 0 0 0 0 0 0 17 0 27 0 11 3 15 8 16 7 41 38 65 96 150 92 108 105 150 153 200 142 228 182 227 242 318 320 375 407 385 430 396 398 463 397 414 398 321 260 252 206 133 88 73 
SAlphaB:
0 0 0 0 0 0 0 0 0 0 0 0 0 0 0 0 0 0 0 0 0 0 0 0 0 0 0 0 0 0 0 0 0 0 0 0 0 17 0 27 0 11 3 15 8 16 7 41 38 65 96 150 92 108 105 150 153 200 142 228 182 227 242 318 320 375 407 385 430 396 398 463 397 414 398 321 260 252 206 133 88 73 

LossDepth:
SAlphaB:
0 0 0 0 0 0 0 0 0 0 0 0 0 0 0 0 0 0 0 0 0 0 0 0 0 0 0 0 0 0 0 0 0 0 0 0 0 17 0 27 0 11 3 15 8 16 7 41 38 65 96 150 92 108 105 150 153 200 142 228 182 227 242 318 320 375 407 385 430 396 398 463 397 414 398 321 260 252 206 133 88 73 

FirstWin:
0 0 0 0 0 0 0 0 0 0 0 0 0 0 0 0 0 0 0 0 0 0 0 0 0 0 0 0 0 0 0 0 0 0 0 0 0 17 0 27 0 11 0 15 0 16 0 41 0 65 0 150 0 108 0 150 0 200 0 228 0 227 0 318 0 375 0 385 0 396 0 463 0 414 0 321 0 252 0 133 0 73 
SAlphaB:
0 0 0 0 0 0 0 0 0 0 0 0 0 0 0 0 0 0 0 0 0 0 0 0 0 0 0 0 0 0 0 0 0 0 0 0 0 17 0 27 0 11 0 15 0 16 0 41 0 65 0 150 0 108 0 150 0 200 0 228 0 227 0 318 0 375 0 385 0 396 0 463 0 414 0 321 0 252 0 133 0 73 

SecondWin:
0 0 0 0 0 0 0 0 0 0 0 0 0 0 0 0 0 0 0 0 0 0 0 0 0 0 0 0 0 0 0 0 0 0 0 0 0 0 0 0 0 0 3 0 8 0 7 0 38 0 96 0 92 0 105 0 153 0 142 0 182 0 242 0 320 0 407 0 430 0 398 0 397 0 398 0 260 0 206 0 88 0 
SAlphaB:
0 0 0 0 0 0 0 0 0 0 0 0 0 0 0 0 0 0 0 0 0 0 0 0 0 0 0 0 0 0 0 0 0 0 0 0 0 0 0 0 0 0 3 0 8 0 7 0 38 0 96 0 92 0 105 0 153 0 142 0 182 0 242 0 320 0 407 0 430 0 398 0 397 0 398 0 260 0 206 0 88 0 
