0 19 71 96 -18 0 2 24

0 34 80 24 -19 2 19 15

0 69 98 75 -15 20 25 25

0 75 83 53 -16 3 15 2

0 1 51 60 -2 6 15 7

0 29 89 98 -2 8 25 49

0 87 99 20 -19 18 31 1

0 11 67 61 -13 18 40 22

0 9 98 51 -17 6 8 37

0 56 97 15 -6 4 12 27

0 58 95 62 -9 11 14 11

0 7 59 88 -13 0 1 5

0 30 81 53 -20 10 13 48

0 38 82 73 -18 12 28 7

0 13 83 84 -8 7 24 16

0 38 47 18 -15 5 17 46

0 52 63 86 -5 7 22 30

0 82 93 31 -6 0 4 5

0 16 61 63 -13 13 33 18

0 63 75 28 -18 5 18 44

0 69 76 58 -19 14 39 5

0 73 78 44 -15 0 19 37

0 20 38 44 -19 28 32 8

0 4 12 37 -10 0 1 3

0 3 82 76 -10 3 6 28

0 18 58 70 -5 15 23 5

0 34 77 70 -9 5 36 35

0 55 87 64 -1 30 41 14

0 4 33 83 -2 3 7 9

0 21 66 6 -4 8 17 40

0 1 92 76 -10 3 6 30

0 11 60 8 -10 25 26 11

0 53 55 4 -14 6 10 8

0 22 44 23 -1 10 15 48

0 22 59 6 -19 1 14 8

0 9 93 27 -15 21 33 13

0 56 79 66 -12 0 3 37

0 68 84 81 -11 0 39 14

0 13 41 65 -4 9 15 27

0 31 37 10 -3 29 36 20

0 21 62 66 -1 14 49 1

0 43 54 0 -10 0 2 37

0 17 72 40 -20 2 5 44

0 88 92 21 -11 16 20 15

0 52 59 67 -9 1 44 1

0 11 72 95 -13 4 23 14

0 14 55 9 -18 26 35 20

0 1 65 95 -18 3 17 28

0 18 19 73 -10 10 29 26

0 43 90 50 -1 30 37 37

0 24 28 83 -10 39 40 25

0 19 88 32 -19 27 28 43

0 14 92 26 -7 30 32 18

0 6 62 87 -20 0 2 45

0 52 78 89 -5 39 43 3

0 3 10 33 -1 7 11 17

0 12 37 58 -1 0 6 17

0 26 44 45 -11 24 47 24

0 12 30 76 -20 18 19 34

0 72 79 32 -16 32 49 41

0 76 90 0 -1 2 3 19

0 14 58 34 -12 3 39 39

0 1 60 62 -18 19 46 16

0 40 62 58 -2 33 39 48

0 16 62 43 -16 9 40 38

0 42 56 18 -10 1 47 43

0 1 26 34 -11 19 33 17

0 0 1 21 -12 2 34 11

0 13 48 51 -19 16 43 11

0 42 48 35 -4 43 49 1

0 20 25 72 -13 6 49 29

0 0 4 10 -13 22 49 37

0 6 11 49 -3 39 42 48

0 24 32 86 -8 20 49 10

0 5 18 84 -16 1 27 33

0 13 23 41 -17 16 40 35

0 1 17 21 -10 46 48 38

0 13 24 13 -19 14 16 27

0 20 31 8 -3 4 28 44

0 13 24 45 -6 25 35 41

0 13 36 54 -5 3 30 31

0 1 16 61 -4 23 25 34

0 5 6 71 -12 35 42 17

0 1 4 50 -16 6 42 19

0 5 12 61 -13 17 24 43

0 5 8 53 -18 5 37 32

0 0 33 52 -1 11 13 38

0 23 29 65 -7 4 21 45

0 8 25 12 -8 6 16 36

0 11 13 97 -18 36 49 8

0 14 15 5 -5 10 20 10

0 3 7 60 -20 23 32 42

0 16 17 38 -13 2 36 34

0 13 21 64 -5 23 46 38

0 6 58 34 -13 1 39 42

0 5 16 59 -12 27 42 47

0 7 8 9 -6 3 28 47

0 1 48 37 -3 1 11 49

0 4 6 57 -6 11 48 40

0 4 8 26 -14 14 47 5


SAlphaB: 723.0, std-dev 259.5644888826067

Earliest win: 37
Latest win: 81

WinDepth:
0 0 0 0 0 0 0 0 0 0 0 0 0 0 0 0 0 0 0 0 0 0 0 0 0 0 0 0 0 0 0 0 0 0 0 0 0 4 0 2 12 0 4 9 2 19 3 35 46 79 97 254 100 113 110 161 120 175 186 180 205 257 254 309 310 356 404 375 496 387 494 460 389 350 341 349 255 229 175 121 100 72 
SAlphaB:
0 0 0 0 0 0 0 0 0 0 0 0 0 0 0 0 0 0 0 0 0 0 0 0 0 0 0 0 0 0 0 0 0 0 0 0 0 4 0 2 12 0 4 9 2 19 3 35 46 79 97 254 100 113 110 161 120 175 186 180 205 257 254 309 310 356 404 375 496 387 494 460 389 350 341 349 255 229 175 121 100 72 

LossDepth:
SAlphaB:
0 0 0 0 0 0 0 0 0 0 0 0 0 0 0 0 0 0 0 0 0 0 0 0 0 0 0 0 0 0 0 0 0 0 0 0 0 4 0 2 12 0 4 9 2 19 3 35 46 79 97 254 100 113 110 161 120 175 186 180 205 257 254 309 310 356 404 375 496 387 494 460 389 350 341 349 255 229 175 121 100 72 

FirstWin:
0 0 0 0 0 0 0 0 0 0 0 0 0 0 0 0 0 0 0 0 0 0 0 0 0 0 0 0 0 0 0 0 0 0 0 0 0 4 0 2 0 0 0 9 0 19 0 35 0 79 0 254 0 113 0 161 0 175 0 180 0 257 0 309 0 356 0 375 0 387 0 460 0 350 0 349 0 229 0 121 0 72 
SAlphaB:
0 0 0 0 0 0 0 0 0 0 0 0 0 0 0 0 0 0 0 0 0 0 0 0 0 0 0 0 0 0 0 0 0 0 0 0 0 4 0 2 0 0 0 9 0 19 0 35 0 79 0 254 0 113 0 161 0 175 0 180 0 257 0 309 0 356 0 375 0 387 0 460 0 350 0 349 0 229 0 121 0 72 

SecondWin:
0 0 0 0 0 0 0 0 0 0 0 0 0 0 0 0 0 0 0 0 0 0 0 0 0 0 0 0 0 0 0 0 0 0 0 0 0 0 0 0 12 0 4 0 2 0 3 0 46 0 97 0 100 0 110 0 120 0 186 0 205 0 254 0 310 0 404 0 496 0 494 0 389 0 341 0 255 0 175 0 100 0 
SAlphaB:
0 0 0 0 0 0 0 0 0 0 0 0 0 0 0 0 0 0 0 0 0 0 0 0 0 0 0 0 0 0 0 0 0 0 0 0 0 0 0 0 12 0 4 0 2 0 3 0 46 0 97 0 100 0 110 0 120 0 186 0 205 0 254 0 310 0 404 0 496 0 494 0 389 0 341 0 255 0 175 0 100 0 
