0 32 94 8 -6 3 10 16

0 42 57 46 -19 1 10 24

0 54 73 39 -1 8 43 29

0 7 63 75 -6 20 37 4

0 52 66 38 -8 1 7 11

0 46 95 14 -16 3 4 28

0 44 56 38 -9 0 1 5

0 25 29 24 -14 3 12 16

0 31 69 34 -16 21 48 8

0 2 54 72 -1 10 21 37

0 72 74 19 -7 5 45 41

0 15 58 64 -12 8 13 17

0 61 68 7 -9 10 21 5

0 34 45 12 -2 12 27 28

0 44 59 30 -4 0 11 15

0 55 76 40 -1 15 26 3

0 14 28 34 -3 5 17 4

0 24 50 44 -12 0 23 14

0 25 35 57 -4 0 21 5

0 45 91 73 -16 9 13 24

0 20 43 31 -5 6 19 1

0 56 57 39 -6 11 43 6

0 2 58 78 -11 10 19 2

0 54 80 17 -19 14 29 25

0 40 65 33 -2 7 35 19

0 87 94 40 -15 1 4 20

0 43 84 99 -17 14 29 36

0 48 77 29 -19 17 34 45

0 48 65 15 -12 4 16 2

0 50 90 55 -14 17 32 3

0 60 72 13 -14 36 44 13

0 26 65 99 -20 2 8 16

0 51 56 30 -11 2 6 0

0 23 63 48 -7 6 10 18

0 60 98 79 -4 17 26 17

0 61 98 55 -6 19 20 29

0 20 46 75 -3 2 10 40

0 67 92 1 -12 18 31 26

0 17 51 81 -13 20 40 31

0 48 92 43 -16 23 41 49

0 35 65 71 -7 23 36 36

0 28 46 55 -6 5 6 23

0 38 63 52 -8 2 21 40

0 50 58 66 -1 1 3 40

0 18 37 3 -16 16 17 7

0 9 17 46 -1 10 17 8

0 18 38 23 -5 22 35 17

0 1 8 39 -20 4 5 24

0 25 36 86 -11 22 42 34

0 5 10 82 -13 4 5 14

0 12 72 1 -14 5 13 2

0 16 21 34 -18 0 4 32

0 25 27 8 -6 43 45 38

0 10 36 6 -1 3 7 46

0 13 32 16 -19 34 44 43

0 5 50 92 -17 2 8 10

0 15 17 82 -15 19 24 11

0 7 8 43 -6 9 22 10

0 3 20 75 -8 1 14 1

0 57 67 4 -6 42 43 42

0 2 5 12 -17 9 28 47

0 2 74 42 -12 27 30 1

0 12 30 17 -16 7 9 11

0 0 5 44 -13 4 10 20

0 34 52 4 -1 10 49 22

0 2 94 79 -16 6 21 48

0 27 31 90 -19 19 34 17

0 7 9 19 -3 14 22 7

0 4 11 72 -12 7 11 27

0 0 4 88 -10 22 45 32

0 6 8 91 -20 14 40 26

0 23 88 76 -3 20 27 2

0 9 15 47 -17 0 15 25

0 0 54 25 -8 4 21 31

0 0 64 85 -11 2 3 35

0 7 17 37 -11 38 42 14

0 11 22 80 -14 30 41 46

0 13 17 75 -14 4 21 10

0 12 28 96 -19 0 39 9

0 13 59 48 -4 3 38 26

0 7 10 48 -16 4 37 47

0 5 32 32 -7 1 14 23

0 61 91 87 -1 33 34 15

0 4 8 99 -20 6 17 2

0 0 16 47 -10 16 35 44

0 1 29 26 -9 15 24 36

0 14 15 13 -5 11 16 29

0 19 23 68 -19 1 9 45

0 3 17 79 -10 27 37 1

0 1 21 29 -14 12 31 18

0 11 14 14 -7 0 3 46

0 14 21 44 -12 41 44 35

0 1 30 25 -10 28 45 31

0 9 15 48 -18 19 32 31

0 8 10 83 -16 8 44 44

0 2 3 3 -17 14 28 1

0 4 12 32 -15 0 32 1

0 0 7 49 -4 2 19 14

0 4 13 1 -14 28 38 3

0 0 14 81 -1 5 25 26


SAlphaB: 713.0, std-dev 270.1432645539

Earliest win: 37
Latest win: 81

WinDepth:
0 0 0 0 0 0 0 0 0 0 0 0 0 0 0 0 0 0 0 0 0 0 0 0 0 0 0 0 0 0 0 0 0 0 0 0 0 5 3 3 0 5 6 13 9 13 24 16 22 54 84 184 86 123 103 228 129 200 123 189 153 250 242 295 323 369 388 384 427 359 480 470 402 397 396 386 255 250 189 121 83 98 
SAlphaB:
0 0 0 0 0 0 0 0 0 0 0 0 0 0 0 0 0 0 0 0 0 0 0 0 0 0 0 0 0 0 0 0 0 0 0 0 0 5 3 3 0 5 6 13 9 13 24 16 22 54 84 184 86 123 103 228 129 200 123 189 153 250 242 295 323 369 388 384 427 359 480 470 402 397 396 386 255 250 189 121 83 98 

LossDepth:
SAlphaB:
0 0 0 0 0 0 0 0 0 0 0 0 0 0 0 0 0 0 0 0 0 0 0 0 0 0 0 0 0 0 0 0 0 0 0 0 0 5 3 3 0 5 6 13 9 13 24 16 22 54 84 184 86 123 103 228 129 200 123 189 153 250 242 295 323 369 388 384 427 359 480 470 402 397 396 386 255 250 189 121 83 98 

FirstWin:
0 0 0 0 0 0 0 0 0 0 0 0 0 0 0 0 0 0 0 0 0 0 0 0 0 0 0 0 0 0 0 0 0 0 0 0 0 5 0 3 0 5 0 13 0 13 0 16 0 54 0 184 0 123 0 228 0 200 0 189 0 250 0 295 0 369 0 384 0 359 0 470 0 397 0 386 0 250 0 121 0 98 
SAlphaB:
0 0 0 0 0 0 0 0 0 0 0 0 0 0 0 0 0 0 0 0 0 0 0 0 0 0 0 0 0 0 0 0 0 0 0 0 0 5 0 3 0 5 0 13 0 13 0 16 0 54 0 184 0 123 0 228 0 200 0 189 0 250 0 295 0 369 0 384 0 359 0 470 0 397 0 386 0 250 0 121 0 98 

SecondWin:
0 0 0 0 0 0 0 0 0 0 0 0 0 0 0 0 0 0 0 0 0 0 0 0 0 0 0 0 0 0 0 0 0 0 0 0 0 0 3 0 0 0 6 0 9 0 24 0 22 0 84 0 86 0 103 0 129 0 123 0 153 0 242 0 323 0 388 0 427 0 480 0 402 0 396 0 255 0 189 0 83 0 
SAlphaB:
0 0 0 0 0 0 0 0 0 0 0 0 0 0 0 0 0 0 0 0 0 0 0 0 0 0 0 0 0 0 0 0 0 0 0 0 0 0 3 0 0 0 6 0 9 0 24 0 22 0 84 0 86 0 103 0 129 0 123 0 153 0 242 0 323 0 388 0 427 0 480 0 402 0 396 0 255 0 189 0 83 0 
