0 30 51 74 -3 5 16 15

0 40 67 17 -14 1 3 22

0 44 70 41 -9 5 30 4

0 27 38 26 -15 1 2 5

0 90 92 72 -7 3 44 42

0 37 41 73 -20 3 18 30

0 52 86 45 -10 12 43 44

0 60 98 87 -14 2 31 23

0 55 69 55 -8 0 2 12

0 19 51 67 -10 0 1 25

0 79 97 35 -16 1 12 5

0 21 73 98 -8 35 48 16

0 25 38 25 -8 20 28 8

0 59 83 9 -10 1 43 10

0 86 95 38 -15 4 21 6

0 48 80 97 -1 19 32 49

0 23 44 88 -15 0 1 40

0 23 67 66 -4 21 25 18

0 26 52 4 -7 7 15 42

0 32 52 18 -20 2 7 44

0 40 88 37 -4 23 33 46

0 31 35 63 -16 6 11 31

0 26 51 81 -7 15 43 37

0 3 30 81 -1 3 8 2

0 20 88 60 -17 19 37 3

0 64 94 5 -7 18 40 8

0 1 81 50 -9 11 14 7

0 13 26 61 -20 1 8 21

0 67 77 80 -15 1 11 43

0 16 77 12 -20 36 48 41

0 47 63 88 -17 15 24 38

0 20 91 14 -2 10 39 9

0 9 48 48 -8 9 16 19

0 12 71 90 -19 16 28 31

0 16 24 60 -1 6 20 13

0 32 42 25 -9 9 42 13

0 33 60 57 -9 4 6 34

0 9 41 16 -6 3 13 22

0 11 73 6 -10 4 6 47

0 55 76 12 -3 9 19 24

0 43 77 15 -2 22 29 36

0 66 87 21 -11 2 3 39

0 70 98 51 -17 20 25 33

0 81 91 72 -3 36 41 43

0 30 95 78 -20 14 43 1

0 16 60 59 -17 1 18 37

0 9 21 60 -14 12 18 33

0 24 29 5 -19 7 16 19

0 4 54 41 -3 29 35 17

0 12 67 99 -5 12 22 4

0 56 61 99 -9 19 31 43

0 74 92 89 -11 3 5 40

0 6 37 29 -2 14 17 26

0 0 86 46 -5 14 40 43

0 28 33 68 -8 0 37 49

0 7 20 86 -16 2 14 16

0 7 29 97 -16 4 9 41

0 8 38 21 -20 3 20 14

0 47 82 53 -16 27 42 32

0 26 73 60 -2 29 32 2

0 9 12 74 -11 12 22 43

0 20 48 47 -2 3 13 47

0 35 67 2 -16 21 29 40

0 12 45 60 -4 6 9 49

0 27 48 23 -20 20 46 48

0 26 91 4 -16 6 46 38

0 13 20 2 -2 0 2 33

0 1 39 35 -5 15 44 25

0 21 36 84 -7 16 21 49

0 4 75 35 -3 0 39 35

0 2 4 32 -7 6 21 44

0 9 14 62 -13 4 14 31

0 30 32 7 -11 2 5 48

0 17 19 85 -17 0 24 44

0 11 19 77 -5 5 31 13

0 8 22 34 -4 22 37 11

0 18 33 46 -20 3 24 32

0 18 43 54 -3 32 38 44

0 9 17 69 -2 5 40 7

0 0 39 43 -7 0 2 24

0 0 2 99 -12 2 4 3

0 4 27 59 -9 28 44 6

0 8 11 38 -17 3 35 11

0 13 15 11 -20 13 19 5

0 3 21 10 -3 10 41 5

0 0 3 50 -1 16 42 8

0 3 4 35 -15 24 42 18

0 0 16 61 -7 26 31 20

0 12 17 36 -17 1 30 7

0 4 16 99 -3 42 49 29

0 0 7 99 -9 5 17 30

0 28 72 22 -19 15 17 0

0 1 7 27 -5 7 49 43

0 17 20 30 -20 14 33 36

0 3 54 51 -12 31 32 47

0 6 14 13 -14 8 31 28

0 7 10 76 -18 16 42 3

0 2 6 84 -6 3 31 9

0 1 11 18 -10 1 35 0

0 1 5 58 -6 17 20 7


SAlphaB: 749.0, std-dev 275.4278008568643

Earliest win: 37
Latest win: 81

WinDepth:
0 0 0 0 0 0 0 0 0 0 0 0 0 0 0 0 0 0 0 0 0 0 0 0 0 0 0 0 0 0 0 0 0 0 0 0 0 8 0 2 1 2 2 16 11 14 11 33 27 43 63 226 77 109 98 196 143 212 138 194 166 257 239 335 313 343 386 385 395 389 459 493 420 346 446 373 269 235 200 126 91 71 
SAlphaB:
0 0 0 0 0 0 0 0 0 0 0 0 0 0 0 0 0 0 0 0 0 0 0 0 0 0 0 0 0 0 0 0 0 0 0 0 0 8 0 2 1 2 2 16 11 14 11 33 27 43 63 226 77 109 98 196 143 212 138 194 166 257 239 335 313 343 386 385 395 389 459 493 420 346 446 373 269 235 200 126 91 71 

LossDepth:
SAlphaB:
0 0 0 0 0 0 0 0 0 0 0 0 0 0 0 0 0 0 0 0 0 0 0 0 0 0 0 0 0 0 0 0 0 0 0 0 0 8 0 2 1 2 2 16 11 14 11 33 27 43 63 226 77 109 98 196 143 212 138 194 166 257 239 335 313 343 386 385 395 389 459 493 420 346 446 373 269 235 200 126 91 71 

FirstWin:
0 0 0 0 0 0 0 0 0 0 0 0 0 0 0 0 0 0 0 0 0 0 0 0 0 0 0 0 0 0 0 0 0 0 0 0 0 8 0 2 0 2 0 16 0 14 0 33 0 43 0 226 0 109 0 196 0 212 0 194 0 257 0 335 0 343 0 385 0 389 0 493 0 346 0 373 0 235 0 126 0 71 
SAlphaB:
0 0 0 0 0 0 0 0 0 0 0 0 0 0 0 0 0 0 0 0 0 0 0 0 0 0 0 0 0 0 0 0 0 0 0 0 0 8 0 2 0 2 0 16 0 14 0 33 0 43 0 226 0 109 0 196 0 212 0 194 0 257 0 335 0 343 0 385 0 389 0 493 0 346 0 373 0 235 0 126 0 71 

SecondWin:
0 0 0 0 0 0 0 0 0 0 0 0 0 0 0 0 0 0 0 0 0 0 0 0 0 0 0 0 0 0 0 0 0 0 0 0 0 0 0 0 1 0 2 0 11 0 11 0 27 0 63 0 77 0 98 0 143 0 138 0 166 0 239 0 313 0 386 0 395 0 459 0 420 0 446 0 269 0 200 0 91 0 
SAlphaB:
0 0 0 0 0 0 0 0 0 0 0 0 0 0 0 0 0 0 0 0 0 0 0 0 0 0 0 0 0 0 0 0 0 0 0 0 0 0 0 0 1 0 2 0 11 0 11 0 27 0 63 0 77 0 98 0 143 0 138 0 166 0 239 0 313 0 386 0 395 0 459 0 420 0 446 0 269 0 200 0 91 0 
