0 52 77 88 -5 12 21 43

0 40 85 31 -13 1 4 3

0 91 94 56 -12 8 13 2

0 26 38 41 -18 2 3 11

0 63 84 21 -16 12 38 41

0 55 75 6 -17 9 13 0

0 14 52 37 -15 0 3 37

0 29 65 51 -18 0 10 42

0 69 98 13 -10 3 23 49

0 46 81 46 -16 18 23 48

0 50 84 97 -19 5 33 34

0 93 96 68 -12 2 5 40

0 47 58 51 -13 9 21 41

0 45 79 5 -12 1 5 0

0 6 71 55 -16 2 4 11

0 22 66 83 -15 31 43 32

0 0 58 98 -14 13 19 27

0 38 84 66 -13 8 16 43

0 47 69 42 -14 26 42 39

0 54 63 79 -14 2 4 34

0 65 90 93 -19 1 2 30

0 12 86 15 -14 25 36 20

0 23 79 45 -18 9 10 17

0 32 85 3 -5 17 39 9

0 19 96 56 -17 25 46 30

0 72 77 62 -16 6 43 12

0 28 53 82 -8 7 13 38

0 71 92 77 -12 6 11 18

0 17 41 34 -5 23 25 11

0 9 26 58 -9 3 5 21

0 39 75 93 -8 23 37 34

0 23 53 53 -17 5 14 43

0 31 63 42 -14 6 14 46

0 3 82 88 -20 3 6 27

0 14 44 84 -7 1 24 15

0 17 76 84 -9 15 47 0

0 21 98 47 -14 16 17 44

0 61 98 35 -3 27 44 20

0 22 25 41 -1 31 47 33

0 19 23 56 -1 27 48 6

0 54 66 97 -15 16 27 12

0 29 72 36 -3 18 24 22

0 10 54 6 -5 0 18 2

0 47 56 19 -15 1 24 48

0 38 49 21 -20 10 27 39

0 0 39 38 -19 4 7 31

0 85 98 20 -1 4 22 45

0 6 98 74 -16 21 23 11

0 21 83 55 -11 19 47 14

0 48 61 5 -7 24 33 34

0 16 44 88 -20 37 40 9

0 1 65 77 -15 2 15 13

0 77 89 87 -15 26 31 47

0 6 12 78 -7 8 9 11

0 29 43 88 -14 36 45 21

0 17 28 54 -9 3 15 6

0 44 57 33 -17 7 33 33

0 17 56 28 -1 1 41 24

0 2 78 76 -4 4 9 35

0 21 91 97 -18 25 29 0

0 4 6 22 -4 18 21 4

0 18 69 4 -16 8 44 18

0 21 64 5 -2 32 43 13

0 10 19 71 -6 19 36 6

0 33 40 35 -6 3 37 18

0 21 30 35 -16 12 23 29

0 10 11 16 -10 6 10 11

0 42 95 69 -5 34 42 20

0 19 30 28 -2 0 48 16

0 50 99 73 -20 38 49 23

0 15 28 71 -19 15 28 5

0 69 92 12 -8 28 38 38

0 6 16 65 -7 25 44 2

0 25 62 10 -19 4 35 27

0 3 6 35 -11 16 42 17

0 2 3 21 -14 18 41 28

0 11 18 76 -18 23 39 11

0 28 41 64 -8 3 39 18

0 10 54 41 -13 2 9 24

0 3 49 99 -16 18 27 41

0 6 17 82 -6 13 30 16

0 9 14 67 -8 4 36 16

0 7 18 26 -16 0 16 36

0 15 16 91 -19 4 8 45

0 22 56 23 -4 5 39 44

0 11 14 82 -11 2 4 36

0 1 10 99 -20 11 17 4

0 3 10 5 -5 0 15 1

0 13 55 35 -2 13 26 45

0 6 7 38 -16 12 49 41

0 5 11 73 -8 19 28 35

0 0 18 97 -7 1 8 21

0 8 43 2 -12 7 48 38

0 14 17 16 -13 23 25 42

0 1 2 11 -7 5 38 43

0 0 1 57 -4 23 29 12

0 7 8 94 -13 30 37 15

0 3 4 34 -20 0 12 44

0 0 2 23 -10 6 21 45

0 7 9 5 -2 2 14 43


SAlphaB: 708.0, std-dev 263.1400228322587

Earliest win: 35
Latest win: 81

WinDepth:
0 0 0 0 0 0 0 0 0 0 0 0 0 0 0 0 0 0 0 0 0 0 0 0 0 0 0 0 0 0 0 0 0 0 0 2 1 1 1 5 0 7 1 24 16 24 14 26 33 82 60 213 70 126 75 203 139 174 155 202 182 201 253 309 362 328 412 357 413 430 440 438 435 402 383 382 235 234 195 116 103 70 
SAlphaB:
0 0 0 0 0 0 0 0 0 0 0 0 0 0 0 0 0 0 0 0 0 0 0 0 0 0 0 0 0 0 0 0 0 0 0 2 1 1 1 5 0 7 1 24 16 24 14 26 33 82 60 213 70 126 75 203 139 174 155 202 182 201 253 309 362 328 412 357 413 430 440 438 435 402 383 382 235 234 195 116 103 70 

LossDepth:
SAlphaB:
0 0 0 0 0 0 0 0 0 0 0 0 0 0 0 0 0 0 0 0 0 0 0 0 0 0 0 0 0 0 0 0 0 0 0 2 1 1 1 5 0 7 1 24 16 24 14 26 33 82 60 213 70 126 75 203 139 174 155 202 182 201 253 309 362 328 412 357 413 430 440 438 435 402 383 382 235 234 195 116 103 70 

FirstWin:
0 0 0 0 0 0 0 0 0 0 0 0 0 0 0 0 0 0 0 0 0 0 0 0 0 0 0 0 0 0 0 0 0 0 0 2 0 1 0 5 0 7 0 24 0 24 0 26 0 82 0 213 0 126 0 203 0 174 0 202 0 201 0 309 0 328 0 357 0 430 0 438 0 402 0 382 0 234 0 116 0 70 
SAlphaB:
0 0 0 0 0 0 0 0 0 0 0 0 0 0 0 0 0 0 0 0 0 0 0 0 0 0 0 0 0 0 0 0 0 0 0 2 0 1 0 5 0 7 0 24 0 24 0 26 0 82 0 213 0 126 0 203 0 174 0 202 0 201 0 309 0 328 0 357 0 430 0 438 0 402 0 382 0 234 0 116 0 70 

SecondWin:
0 0 0 0 0 0 0 0 0 0 0 0 0 0 0 0 0 0 0 0 0 0 0 0 0 0 0 0 0 0 0 0 0 0 0 0 1 0 1 0 0 0 1 0 16 0 14 0 33 0 60 0 70 0 75 0 139 0 155 0 182 0 253 0 362 0 412 0 413 0 440 0 435 0 383 0 235 0 195 0 103 0 
SAlphaB:
0 0 0 0 0 0 0 0 0 0 0 0 0 0 0 0 0 0 0 0 0 0 0 0 0 0 0 0 0 0 0 0 0 0 0 0 1 0 1 0 0 0 1 0 16 0 14 0 33 0 60 0 70 0 75 0 139 0 155 0 182 0 253 0 362 0 412 0 413 0 440 0 435 0 383 0 235 0 195 0 103 0 
