0 57 61 42 -16 8 16 8

0 30 42 94 -18 0 10 15

0 37 93 41 -7 10 20 7

0 12 27 17 -1 0 8 0

0 18 48 41 -10 0 17 25

0 21 82 95 -9 1 21 40

0 27 44 41 -10 17 33 20

0 37 96 56 -20 6 20 22

0 27 91 50 -8 2 16 17

0 67 76 54 -8 1 7 36

0 70 74 56 -11 10 23 5

0 25 34 19 -1 1 7 7

0 48 79 97 -14 0 38 22

0 48 65 64 -3 8 39 22

0 70 97 24 -5 1 32 6

0 36 47 38 -11 6 31 12

0 49 70 13 -3 8 9 24

0 50 80 20 -12 13 41 0

0 74 93 28 -7 13 27 35

0 12 88 41 -1 14 28 4

0 59 87 22 -4 11 18 7

0 45 55 4 -5 16 27 14

0 33 52 69 -16 4 19 34

0 72 82 20 -18 6 9 37

0 44 57 73 -7 6 7 32

0 9 47 4 -17 21 22 7

0 25 71 90 -5 9 19 34

0 20 55 66 -5 7 17 43

0 23 35 74 -7 16 21 26

0 2 81 85 -9 9 28 44

0 46 86 59 -17 21 36 4

0 62 77 18 -1 11 27 45

0 50 55 10 -2 7 18 43

0 9 80 60 -20 10 45 22

0 4 57 60 -2 0 3 22

0 12 37 13 -3 3 7 12

0 25 78 55 -16 1 49 31

0 28 42 97 -6 16 21 37

0 5 80 32 -9 10 17 45

0 65 74 6 -8 10 11 11

0 13 22 82 -17 14 22 33

0 68 84 11 -13 23 37 32

0 43 44 85 -7 2 5 19

0 32 33 62 -8 14 19 15

0 48 64 37 -6 18 26 16

0 9 35 16 -7 6 15 28

0 10 28 48 -20 3 20 30

0 47 70 89 -7 16 26 21

0 18 30 0 -19 0 10 20

0 8 51 95 -14 40 43 1

0 11 42 38 -2 12 20 45

0 8 33 59 -6 13 14 39

0 89 92 59 -13 0 1 43

0 21 68 24 -9 23 30 44

0 6 39 93 -4 16 49 11

0 60 72 79 -10 24 38 41

0 14 21 25 -6 3 28 14

0 13 32 19 -8 16 29 21

0 5 19 49 -19 3 6 18

0 2 11 84 -9 13 27 13

0 4 85 14 -19 1 4 28

0 4 18 94 -6 4 7 30

0 0 37 43 -14 15 29 38

0 33 43 7 -14 0 30 47

0 27 34 29 -20 19 46 9

0 24 53 50 -16 11 42 2

0 2 14 87 -2 27 48 11

0 13 39 79 -3 15 16 12

0 28 36 20 -11 14 40 11

0 23 32 95 -4 4 49 2

0 13 38 3 -6 17 35 37

0 76 93 17 -11 36 48 29

0 10 16 13 -10 1 20 26

0 21 40 21 -18 27 32 33

0 4 5 32 -12 22 38 15

0 18 25 18 -9 6 28 22

0 13 27 66 -5 0 29 23

0 8 22 60 -20 8 19 1

0 2 10 25 -13 2 7 15

0 0 1 94 -8 12 14 16

0 14 28 92 -4 11 29 49

0 9 13 54 -5 2 6 40

0 7 17 84 -20 21 27 14

0 0 10 62 -13 4 7 6

0 2 3 79 -14 43 48 20

0 5 37 92 -14 13 39 32

0 22 25 46 -10 26 29 33

0 1 26 66 -10 5 21 1

0 6 8 37 -5 15 36 6

0 3 23 9 -16 0 40 25

0 0 1 50 -9 12 26 33

0 10 21 9 -11 4 11 49

0 2 4 71 -4 17 36 0

0 5 24 75 -1 37 42 43

0 8 32 71 -6 9 47 33

0 1 7 7 -7 27 45 7

0 9 13 80 -8 1 15 28

0 2 18 62 -20 4 12 2

0 1 6 61 -10 13 47 42

0 0 1 10 -16 7 47 30


SAlphaB: 703.0, std-dev 263.35416823983047

Earliest win: 37
Latest win: 81

WinDepth:
0 0 0 0 0 0 0 0 0 0 0 0 0 0 0 0 0 0 0 0 0 0 0 0 0 0 0 0 0 0 0 0 0 0 0 0 0 3 0 1 4 2 2 17 10 11 14 47 28 59 37 137 56 111 78 221 111 183 122 226 166 230 242 364 289 370 439 390 430 394 448 452 464 381 411 385 266 238 175 141 92 83 
SAlphaB:
0 0 0 0 0 0 0 0 0 0 0 0 0 0 0 0 0 0 0 0 0 0 0 0 0 0 0 0 0 0 0 0 0 0 0 0 0 3 0 1 4 2 2 17 10 11 14 47 28 59 37 137 56 111 78 221 111 183 122 226 166 230 242 364 289 370 439 390 430 394 448 452 464 381 411 385 266 238 175 141 92 83 

LossDepth:
SAlphaB:
0 0 0 0 0 0 0 0 0 0 0 0 0 0 0 0 0 0 0 0 0 0 0 0 0 0 0 0 0 0 0 0 0 0 0 0 0 3 0 1 4 2 2 17 10 11 14 47 28 59 37 137 56 111 78 221 111 183 122 226 166 230 242 364 289 370 439 390 430 394 448 452 464 381 411 385 266 238 175 141 92 83 

FirstWin:
0 0 0 0 0 0 0 0 0 0 0 0 0 0 0 0 0 0 0 0 0 0 0 0 0 0 0 0 0 0 0 0 0 0 0 0 0 3 0 1 0 2 0 17 0 11 0 47 0 59 0 137 0 111 0 221 0 183 0 226 0 230 0 364 0 370 0 390 0 394 0 452 0 381 0 385 0 238 0 141 0 83 
SAlphaB:
0 0 0 0 0 0 0 0 0 0 0 0 0 0 0 0 0 0 0 0 0 0 0 0 0 0 0 0 0 0 0 0 0 0 0 0 0 3 0 1 0 2 0 17 0 11 0 47 0 59 0 137 0 111 0 221 0 183 0 226 0 230 0 364 0 370 0 390 0 394 0 452 0 381 0 385 0 238 0 141 0 83 

SecondWin:
0 0 0 0 0 0 0 0 0 0 0 0 0 0 0 0 0 0 0 0 0 0 0 0 0 0 0 0 0 0 0 0 0 0 0 0 0 0 0 0 4 0 2 0 10 0 14 0 28 0 37 0 56 0 78 0 111 0 122 0 166 0 242 0 289 0 439 0 430 0 448 0 464 0 411 0 266 0 175 0 92 0 
SAlphaB:
0 0 0 0 0 0 0 0 0 0 0 0 0 0 0 0 0 0 0 0 0 0 0 0 0 0 0 0 0 0 0 0 0 0 0 0 0 0 0 0 4 0 2 0 10 0 14 0 28 0 37 0 56 0 78 0 111 0 122 0 166 0 242 0 289 0 439 0 430 0 448 0 464 0 411 0 266 0 175 0 92 0 
