0 37 93 0 -20 0 11 12

0 22 83 41 -2 4 12 3

0 27 65 49 -15 0 1 20

0 55 84 34 -1 9 37 36

0 78 79 47 -18 1 3 16

0 25 82 46 -10 9 23 18

0 26 69 13 -4 13 29 0

0 67 82 38 -18 1 7 17

0 37 91 62 -6 4 7 9

0 45 55 42 -9 7 14 5

0 68 92 86 -15 9 24 11

0 6 37 81 -11 14 15 24

0 47 84 10 -8 4 8 32

0 35 66 24 -12 2 5 33

0 70 96 24 -12 3 19 1

0 55 72 39 -7 17 30 2

0 26 95 97 -20 9 29 2

0 42 48 56 -17 0 11 6

0 45 70 94 -6 8 26 37

0 91 94 88 -3 3 13 31

0 41 84 96 -7 12 27 20

0 62 79 81 -20 8 9 40

0 38 87 88 -3 5 12 45

0 75 90 93 -4 3 18 42

0 47 98 69 -15 2 21 7

0 67 76 56 -19 8 9 25

0 52 53 40 -10 11 17 24

0 24 98 29 -10 4 18 33

0 7 65 80 -13 24 28 35

0 14 18 80 -16 0 1 11

0 36 58 33 -15 11 13 6

0 70 94 10 -3 1 5 20

0 17 56 56 -17 5 13 29

0 1 88 63 -4 15 20 10

0 57 64 26 -14 19 22 22

0 16 62 89 -1 34 48 12

0 53 80 40 -11 13 42 18

0 13 35 97 -3 0 1 14

0 18 44 45 -14 2 24 5

0 4 73 19 -12 30 42 26

0 70 72 12 -8 1 37 34

0 45 66 13 -16 4 6 5

0 12 39 12 -11 16 40 18

0 18 60 33 -20 35 37 11

0 10 48 88 -9 14 47 35

0 43 81 61 -8 12 16 32

0 89 91 80 -3 1 8 12

0 19 77 40 -6 1 21 32

0 69 86 44 -10 29 41 37

0 10 35 70 -4 22 42 11

0 9 37 79 -8 21 46 5

0 24 32 17 -12 2 18 3

0 30 82 81 -11 6 47 20

0 5 33 52 -9 10 24 8

0 18 72 39 -13 2 38 23

0 17 73 72 -20 1 26 24

0 39 52 97 -8 18 26 19

0 18 29 35 -5 5 13 30

0 18 92 67 -3 44 45 48

0 26 53 21 -18 2 19 2

0 0 2 30 -6 2 3 12

0 3 40 13 -6 7 10 0

0 25 31 13 -13 15 37 4

0 22 72 0 -14 3 25 1

0 0 71 11 -16 16 39 49

0 34 60 92 -10 27 48 20

0 44 95 23 -17 17 36 31

0 15 16 98 -11 4 19 22

0 9 52 4 -8 1 7 33

0 20 41 22 -5 22 40 28

0 37 44 52 -15 7 39 32

0 40 48 53 -1 22 32 22

0 7 78 15 -17 18 36 39

0 20 21 45 -18 31 42 28

0 1 97 13 -1 3 13 42

0 9 28 39 -13 4 10 30

0 0 16 29 -16 0 8 45

0 12 16 80 -5 14 30 3

0 21 31 16 -20 17 48 15

0 24 25 53 -16 7 37 12

0 12 15 66 -1 19 36 11

0 8 73 29 -6 19 32 16

0 13 21 0 -9 4 19 3

0 18 21 53 -20 1 22 24

0 16 47 33 -20 15 23 45

0 16 43 95 -15 8 36 18

0 8 11 14 -9 38 40 48

0 12 20 57 -19 3 5 40

0 24 32 89 -1 3 13 44

0 13 15 83 -18 5 39 32

0 3 10 11 -2 26 28 27

0 3 29 89 -18 21 49 33

0 0 2 41 -19 21 32 9

0 4 8 25 -13 10 39 34

0 8 11 70 -4 1 4 41

0 9 22 39 -3 1 33 25

0 0 2 61 -12 3 4 34

0 0 2 47 -4 8 27 13

0 2 3 18 -7 22 26 4

0 1 2 24 -9 16 26 39


SAlphaB: 728.0, std-dev 260.09607306190196

Earliest win: 37
Latest win: 81

WinDepth:
0 0 0 0 0 0 0 0 0 0 0 0 0 0 0 0 0 0 0 0 0 0 0 0 0 0 0 0 0 0 0 0 0 0 0 0 0 4 0 2 0 4 3 9 15 12 18 21 8 64 36 138 60 104 81 170 128 172 150 150 142 227 255 352 308 384 373 402 393 409 481 487 428 440 412 400 271 292 193 138 78 60 
SAlphaB:
0 0 0 0 0 0 0 0 0 0 0 0 0 0 0 0 0 0 0 0 0 0 0 0 0 0 0 0 0 0 0 0 0 0 0 0 0 4 0 2 0 4 3 9 15 12 18 21 8 64 36 138 60 104 81 170 128 172 150 150 142 227 255 352 308 384 373 402 393 409 481 487 428 440 412 400 271 292 193 138 78 60 

LossDepth:
SAlphaB:
0 0 0 0 0 0 0 0 0 0 0 0 0 0 0 0 0 0 0 0 0 0 0 0 0 0 0 0 0 0 0 0 0 0 0 0 0 4 0 2 0 4 3 9 15 12 18 21 8 64 36 138 60 104 81 170 128 172 150 150 142 227 255 352 308 384 373 402 393 409 481 487 428 440 412 400 271 292 193 138 78 60 

FirstWin:
0 0 0 0 0 0 0 0 0 0 0 0 0 0 0 0 0 0 0 0 0 0 0 0 0 0 0 0 0 0 0 0 0 0 0 0 0 4 0 2 0 4 0 9 0 12 0 21 0 64 0 138 0 104 0 170 0 172 0 150 0 227 0 352 0 384 0 402 0 409 0 487 0 440 0 400 0 292 0 138 0 60 
SAlphaB:
0 0 0 0 0 0 0 0 0 0 0 0 0 0 0 0 0 0 0 0 0 0 0 0 0 0 0 0 0 0 0 0 0 0 0 0 0 4 0 2 0 4 0 9 0 12 0 21 0 64 0 138 0 104 0 170 0 172 0 150 0 227 0 352 0 384 0 402 0 409 0 487 0 440 0 400 0 292 0 138 0 60 

SecondWin:
0 0 0 0 0 0 0 0 0 0 0 0 0 0 0 0 0 0 0 0 0 0 0 0 0 0 0 0 0 0 0 0 0 0 0 0 0 0 0 0 0 0 3 0 15 0 18 0 8 0 36 0 60 0 81 0 128 0 150 0 142 0 255 0 308 0 373 0 393 0 481 0 428 0 412 0 271 0 193 0 78 0 
SAlphaB:
0 0 0 0 0 0 0 0 0 0 0 0 0 0 0 0 0 0 0 0 0 0 0 0 0 0 0 0 0 0 0 0 0 0 0 0 0 0 0 0 0 0 3 0 15 0 18 0 8 0 36 0 60 0 81 0 128 0 150 0 142 0 255 0 308 0 373 0 393 0 481 0 428 0 412 0 271 0 193 0 78 0 
