0 16 73 7 -10 0 4 15

0 62 81 48 -2 13 26 18

0 9 44 2 -13 0 3 1

0 39 91 81 -8 0 5 2

0 40 60 8 -7 2 13 13

0 57 83 22 -17 12 26 5

0 36 91 17 -5 7 34 31

0 43 89 62 -9 10 12 34

0 48 91 41 -20 10 19 28

0 76 78 79 -17 1 3 33

0 7 62 44 -6 12 32 17

0 59 63 81 -12 16 17 27

0 47 63 49 -8 3 18 44

0 84 93 82 -8 8 31 2

0 23 26 52 -15 12 16 7

0 27 77 80 -11 7 11 23

0 73 75 23 -15 3 11 27

0 19 34 43 -11 2 4 45

0 24 85 84 -7 28 47 15

0 82 84 28 -13 2 24 44

0 24 43 28 -6 4 39 13

0 31 94 78 -20 6 40 41

0 13 33 9 -13 2 4 19

0 42 52 97 -20 14 30 43

0 44 57 33 -4 1 19 30

0 24 51 27 -20 8 24 40

0 16 58 72 -6 6 21 25

0 15 75 44 -11 46 49 7

0 9 35 97 -7 15 19 7

0 30 93 30 -2 12 35 23

0 12 16 2 -11 1 5 12

0 31 77 63 -17 8 35 33

0 1 53 61 -19 22 30 33

0 64 68 72 -10 8 15 31

0 52 93 70 -3 23 29 15

0 29 60 81 -19 30 32 18

0 24 37 21 -5 5 6 26

0 19 37 77 -17 15 34 44

0 40 52 14 -2 6 8 25

0 35 36 70 -16 44 48 45

0 24 44 19 -6 9 20 36

0 34 99 76 -2 1 32 48

0 44 73 41 -20 13 16 18

0 19 56 48 -7 27 49 3

0 2 55 76 -18 7 16 29

0 3 54 85 -9 29 40 22

0 0 41 57 -2 2 3 7

0 8 86 94 -5 2 3 44

0 19 59 14 -16 3 9 34

0 47 52 80 -12 21 28 26

0 39 90 16 -6 23 47 13

0 4 28 92 -8 0 5 20

0 31 74 39 -3 4 40 48

0 5 32 64 -19 26 40 24

0 8 50 50 -3 20 30 25

0 23 59 92 -16 18 21 38

0 2 80 32 -4 0 5 39

0 55 75 91 -8 30 37 8

0 28 63 54 -5 22 49 15

0 18 36 74 -2 33 38 0

0 0 34 12 -5 7 41 16

0 5 26 42 -12 40 49 36

0 10 96 13 -14 5 35 46

0 37 40 94 -5 0 4 23

0 62 83 17 -18 25 29 4

0 33 55 68 -11 23 38 44

0 7 46 99 -14 42 44 37

0 16 38 89 -12 2 40 20

0 4 51 12 -13 32 39 27

0 17 43 9 -7 24 30 0

0 35 87 54 -12 42 49 49

0 4 47 44 -4 8 12 39

0 3 31 52 -4 10 12 39

0 17 84 80 -4 9 47 5

0 2 4 15 -19 29 41 30

0 14 65 9 -3 16 35 15

0 6 16 82 -2 30 40 7

0 16 18 78 -3 40 43 36

0 10 16 52 -5 4 16 1

0 11 65 33 -7 0 25 48

0 6 7 96 -19 15 32 49

0 8 15 2 -16 20 25 29

0 4 5 79 -20 37 41 28

0 3 5 61 -11 7 24 31

0 9 13 78 -1 13 43 42

0 18 32 34 -1 1 45 4

0 3 20 92 -15 2 3 40

0 15 17 88 -5 2 34 43

0 4 11 49 -5 10 20 22

0 17 21 5 -14 9 45 47

0 2 7 50 -12 11 43 29

0 24 29 47 -10 17 42 48

0 3 4 78 -3 20 30 45

0 1 8 21 -6 40 45 19

0 3 9 20 -10 24 37 31

0 0 3 65 -11 13 21 38

0 8 12 39 -20 5 9 31

0 12 13 98 -6 2 48 35

0 2 5 34 -16 18 36 49

0 2 6 83 -9 2 37 23


SAlphaB: 700.0, std-dev 266.41288169935314

Earliest win: 37
Latest win: 81

WinDepth:
0 0 0 0 0 0 0 0 0 0 0 0 0 0 0 0 0 0 0 0 0 0 0 0 0 0 0 0 0 0 0 0 0 0 0 0 0 6 0 2 0 8 4 6 7 18 14 33 18 43 63 224 128 102 110 174 119 209 185 139 132 247 263 310 353 358 424 364 499 369 510 427 408 352 352 370 258 228 198 138 99 65 
SAlphaB:
0 0 0 0 0 0 0 0 0 0 0 0 0 0 0 0 0 0 0 0 0 0 0 0 0 0 0 0 0 0 0 0 0 0 0 0 0 6 0 2 0 8 4 6 7 18 14 33 18 43 63 224 128 102 110 174 119 209 185 139 132 247 263 310 353 358 424 364 499 369 510 427 408 352 352 370 258 228 198 138 99 65 

LossDepth:
SAlphaB:
0 0 0 0 0 0 0 0 0 0 0 0 0 0 0 0 0 0 0 0 0 0 0 0 0 0 0 0 0 0 0 0 0 0 0 0 0 6 0 2 0 8 4 6 7 18 14 33 18 43 63 224 128 102 110 174 119 209 185 139 132 247 263 310 353 358 424 364 499 369 510 427 408 352 352 370 258 228 198 138 99 65 

FirstWin:
0 0 0 0 0 0 0 0 0 0 0 0 0 0 0 0 0 0 0 0 0 0 0 0 0 0 0 0 0 0 0 0 0 0 0 0 0 6 0 2 0 8 0 6 0 18 0 33 0 43 0 224 0 102 0 174 0 209 0 139 0 247 0 310 0 358 0 364 0 369 0 427 0 352 0 370 0 228 0 138 0 65 
SAlphaB:
0 0 0 0 0 0 0 0 0 0 0 0 0 0 0 0 0 0 0 0 0 0 0 0 0 0 0 0 0 0 0 0 0 0 0 0 0 6 0 2 0 8 0 6 0 18 0 33 0 43 0 224 0 102 0 174 0 209 0 139 0 247 0 310 0 358 0 364 0 369 0 427 0 352 0 370 0 228 0 138 0 65 

SecondWin:
0 0 0 0 0 0 0 0 0 0 0 0 0 0 0 0 0 0 0 0 0 0 0 0 0 0 0 0 0 0 0 0 0 0 0 0 0 0 0 0 0 0 4 0 7 0 14 0 18 0 63 0 128 0 110 0 119 0 185 0 132 0 263 0 353 0 424 0 499 0 510 0 408 0 352 0 258 0 198 0 99 0 
SAlphaB:
0 0 0 0 0 0 0 0 0 0 0 0 0 0 0 0 0 0 0 0 0 0 0 0 0 0 0 0 0 0 0 0 0 0 0 0 0 0 0 0 0 0 4 0 7 0 14 0 18 0 63 0 128 0 110 0 119 0 185 0 132 0 263 0 353 0 424 0 499 0 510 0 408 0 352 0 258 0 198 0 99 0 
