0 48 88 36 -17 5 9 20

0 51 52 85 -16 5 26 15

0 26 30 85 -10 6 16 9

0 68 96 27 -6 7 21 22

0 16 52 16 -6 7 9 22

0 60 93 71 -4 3 13 41

0 78 80 73 -12 12 32 48

0 11 93 35 -2 20 46 20

0 84 86 54 -3 16 42 19

0 87 97 37 -5 14 32 19

0 17 78 67 -10 1 2 18

0 80 85 32 -14 24 25 35

0 20 61 84 -3 38 40 18

0 45 96 9 -9 8 16 40

0 42 71 72 -5 10 34 24

0 18 69 66 -17 23 30 16

0 8 66 51 -15 2 3 3

0 15 20 47 -1 3 5 17

0 8 52 88 -4 1 10 14

0 39 46 42 -9 0 8 6

0 27 69 83 -12 7 37 16

0 5 70 77 -19 20 41 23

0 23 24 55 -17 1 9 6

0 1 52 73 -10 16 20 8

0 40 58 34 -6 1 18 40

0 8 47 54 -14 3 7 46

0 10 38 27 -14 11 32 35

0 13 81 2 -20 3 9 18

0 24 83 59 -14 10 20 16

0 9 13 42 -8 26 28 12

0 40 90 24 -1 3 23 37

0 32 37 79 -11 2 3 31

0 10 63 7 -19 6 11 16

0 42 93 48 -2 38 41 25

0 39 94 72 -10 0 4 33

0 79 91 89 -1 1 3 12

0 21 48 55 -6 16 26 24

0 28 78 22 -18 8 35 13

0 21 28 23 -4 39 46 18

0 0 85 4 -6 8 20 3

0 14 19 5 -5 4 7 20

0 24 56 18 -9 31 46 19

0 41 77 55 -9 26 45 39

0 10 27 99 -11 4 11 22

0 17 96 49 -6 5 15 32

0 22 65 35 -11 34 47 8

0 2 55 5 -4 33 35 45

0 49 70 49 -5 4 8 30

0 20 43 10 -3 11 39 3

0 35 61 46 -15 19 25 41

0 21 99 57 -8 12 26 36

0 10 47 86 -19 4 21 24

0 30 41 19 -12 3 26 1

0 12 51 96 -13 11 43 35

0 29 78 28 -7 4 22 43

0 2 18 10 -8 40 41 7

0 16 52 33 -18 6 23 42

0 24 37 61 -9 22 34 24

0 24 46 8 -17 31 46 12

0 13 19 84 -14 11 44 26

0 32 87 90 -5 1 4 49

0 26 60 60 -14 4 11 46

0 6 81 42 -10 29 36 33

0 22 57 47 -11 25 43 21

0 7 78 28 -8 5 31 20

0 10 64 55 -10 7 8 44

0 23 60 3 -10 0 35 20

0 42 46 8 -18 21 30 26

0 5 59 56 -17 3 21 11

0 14 86 21 -13 7 13 44

0 32 42 59 -9 19 49 6

0 17 24 85 -20 22 38 11

0 2 34 39 -16 4 37 37

0 0 21 25 -15 11 20 17

0 5 15 75 -2 21 27 11

0 18 80 22 -11 18 20 47

0 11 21 71 -10 15 25 37

0 2 4 2 -14 4 17 18

0 3 47 4 -16 14 22 48

0 10 34 58 -1 1 6 37

0 24 91 44 -15 7 32 48

0 12 13 10 -20 5 9 7

0 2 3 29 -18 24 47 9

0 29 36 68 -15 7 43 38

0 4 7 31 -10 13 22 32

0 2 3 2 -6 46 49 32

0 0 2 40 -9 0 11 45

0 2 14 97 -4 2 21 19

0 19 63 13 -4 4 44 34

0 4 13 31 -14 7 32 3

0 11 20 20 -19 9 14 44

0 25 27 27 -9 23 31 34

0 10 56 6 -7 1 43 43

0 2 9 24 -6 5 32 32

0 0 4 22 -14 27 28 43

0 2 4 56 -8 2 38 29

0 7 13 94 -6 6 40 9

0 1 2 31 -17 0 6 36

0 4 21 44 -5 3 48 19

0 19 23 14 -14 35 45 0


SAlphaB: 748.0, std-dev 256.9112204673439

Earliest win: 37
Latest win: 81

WinDepth:
0 0 0 0 0 0 0 0 0 0 0 0 0 0 0 0 0 0 0 0 0 0 0 0 0 0 0 0 0 0 0 0 0 0 0 0 0 1 0 4 0 2 2 13 10 17 16 17 26 68 82 116 103 98 106 157 111 182 132 198 186 208 297 345 348 359 465 398 442 356 453 451 461 382 405 334 267 224 166 150 97 65 
SAlphaB:
0 0 0 0 0 0 0 0 0 0 0 0 0 0 0 0 0 0 0 0 0 0 0 0 0 0 0 0 0 0 0 0 0 0 0 0 0 1 0 4 0 2 2 13 10 17 16 17 26 68 82 116 103 98 106 157 111 182 132 198 186 208 297 345 348 359 465 398 442 356 453 451 461 382 405 334 267 224 166 150 97 65 

LossDepth:
SAlphaB:
0 0 0 0 0 0 0 0 0 0 0 0 0 0 0 0 0 0 0 0 0 0 0 0 0 0 0 0 0 0 0 0 0 0 0 0 0 1 0 4 0 2 2 13 10 17 16 17 26 68 82 116 103 98 106 157 111 182 132 198 186 208 297 345 348 359 465 398 442 356 453 451 461 382 405 334 267 224 166 150 97 65 

FirstWin:
0 0 0 0 0 0 0 0 0 0 0 0 0 0 0 0 0 0 0 0 0 0 0 0 0 0 0 0 0 0 0 0 0 0 0 0 0 1 0 4 0 2 0 13 0 17 0 17 0 68 0 116 0 98 0 157 0 182 0 198 0 208 0 345 0 359 0 398 0 356 0 451 0 382 0 334 0 224 0 150 0 65 
SAlphaB:
0 0 0 0 0 0 0 0 0 0 0 0 0 0 0 0 0 0 0 0 0 0 0 0 0 0 0 0 0 0 0 0 0 0 0 0 0 1 0 4 0 2 0 13 0 17 0 17 0 68 0 116 0 98 0 157 0 182 0 198 0 208 0 345 0 359 0 398 0 356 0 451 0 382 0 334 0 224 0 150 0 65 

SecondWin:
0 0 0 0 0 0 0 0 0 0 0 0 0 0 0 0 0 0 0 0 0 0 0 0 0 0 0 0 0 0 0 0 0 0 0 0 0 0 0 0 0 0 2 0 10 0 16 0 26 0 82 0 103 0 106 0 111 0 132 0 186 0 297 0 348 0 465 0 442 0 453 0 461 0 405 0 267 0 166 0 97 0 
SAlphaB:
0 0 0 0 0 0 0 0 0 0 0 0 0 0 0 0 0 0 0 0 0 0 0 0 0 0 0 0 0 0 0 0 0 0 0 0 0 0 0 0 0 0 2 0 10 0 16 0 26 0 82 0 103 0 106 0 111 0 132 0 186 0 297 0 348 0 465 0 442 0 453 0 461 0 405 0 267 0 166 0 97 0 
