0 45 58 25 -1 5 17 4

0 46 71 49 -15 5 16 27

0 30 86 0 -10 2 11 14

0 55 58 34 -20 0 12 7

0 32 49 29 -13 4 14 17

0 54 96 84 -14 5 23 28

0 26 68 89 -13 2 15 21

0 82 96 46 -8 18 42 31

0 40 68 48 -13 7 16 20

0 6 17 14 -3 0 1 3

0 60 96 26 -12 6 33 28

0 72 94 41 -16 3 10 28

0 20 55 2 -9 0 1 7

0 21 72 83 -15 0 1 24

0 49 59 81 -1 11 38 21

0 45 70 81 -6 8 15 12

0 56 92 99 -7 16 29 27

0 34 92 56 -3 2 9 29

0 51 92 96 -18 3 24 11

0 64 82 19 -5 0 17 13

0 71 88 58 -5 4 14 26

0 31 70 16 -1 1 14 19

0 54 70 89 -1 8 42 6

0 58 77 21 -6 0 10 20

0 63 66 66 -14 10 13 7

0 41 54 69 -5 1 14 14

0 76 79 79 -3 6 26 7

0 76 95 77 -3 3 37 1

0 60 80 1 -2 9 40 13

0 11 58 20 -19 3 6 5

0 81 99 21 -20 10 26 35

0 65 99 3 -14 9 34 45

0 50 87 78 -16 0 1 15

0 34 68 0 -15 1 5 27

0 8 81 37 -10 3 8 20

0 62 71 74 -12 3 26 6

0 65 91 28 -4 3 16 14

0 42 98 38 -10 7 21 32

0 49 75 40 -14 8 15 13

0 65 82 87 -5 7 26 31

0 57 79 49 -11 2 9 29

0 63 91 76 -14 4 16 19

0 66 99 19 -11 12 27 44

0 39 46 95 -9 7 20 18

0 44 99 54 -7 18 48 33

0 83 87 69 -13 12 38 25

0 66 96 52 -13 11 25 40

0 76 98 6 -18 4 20 19

0 56 84 71 -10 1 3 3

0 37 50 65 -5 4 15 14

0 37 51 52 -15 7 19 17

0 28 84 35 -18 11 28 19

0 43 82 64 -12 9 20 21

0 8 92 20 -3 6 15 17

0 38 73 69 -6 11 16 6

0 43 98 29 -1 12 38 8

0 58 97 13 -10 14 37 43

0 50 51 25 -7 10 27 17

0 18 74 78 -7 0 5 26

0 23 87 93 -11 0 1 19

0 53 99 77 -18 7 45 30

0 22 77 17 -9 3 21 3

0 14 21 99 -6 2 4 5

0 65 86 80 -2 12 22 31

0 42 88 17 -9 3 12 41

0 4 79 30 -7 3 5 7

0 38 85 61 -4 3 8 15

0 95 96 58 -8 9 36 33

0 82 90 80 -19 17 28 30

0 24 87 77 -14 3 5 6

0 26 86 77 -7 10 16 20

0 17 92 72 -20 0 15 13

0 18 54 19 -5 0 6 20

0 58 59 47 -13 11 21 20

0 78 86 21 -16 2 41 26

0 21 56 29 -14 6 11 24

0 43 76 67 -20 8 25 44

0 50 69 73 -5 0 3 10

0 40 93 40 -18 7 18 33

0 67 82 73 -13 10 47 43

0 34 40 42 -8 4 33 18

0 12 48 70 -1 12 32 3

0 26 69 90 -20 20 45 36

0 66 72 87 -12 21 46 21

0 35 40 29 -7 10 36 34

0 4 17 44 -10 1 3 8

0 51 96 66 -3 15 43 27

0 55 95 77 -8 13 16 41

0 89 92 70 -16 2 4 29

0 42 67 45 -20 2 24 37

0 21 31 30 -10 2 11 18

0 24 79 66 -11 0 40 8

0 5 97 96 -6 15 22 14

0 20 81 60 -15 0 9 29

0 6 68 25 -20 0 4 28

0 12 57 60 -8 8 27 14

0 2 34 3 -2 0 1 6

0 14 26 54 -10 0 12 1

0 12 68 87 -9 0 10 17

0 14 84 70 -11 1 2 42


SAlphaB: 773.0, std-dev 258.43014324841045

Earliest win: 35
Latest win: 81

WinDepth:
0 0 0 0 0 0 0 0 0 0 0 0 0 0 0 0 0 0 0 0 0 0 0 0 0 0 0 0 0 0 0 0 0 0 0 2 1 21 0 27 5 29 14 46 16 51 40 132 47 143 150 352 142 344 260 444 393 625 310 578 422 677 669 833 809 992 846 970 914 999 973 964 914 865 968 755 542 451 387 255 169 151 
SAlphaB:
0 0 0 0 0 0 0 0 0 0 0 0 0 0 0 0 0 0 0 0 0 0 0 0 0 0 0 0 0 0 0 0 0 0 0 2 1 21 0 27 5 29 14 46 16 51 40 132 47 143 150 352 142 344 260 444 393 625 310 578 422 677 669 833 809 992 846 970 914 999 973 964 914 865 968 755 542 451 387 255 169 151 

LossDepth:
SAlphaB:
0 0 0 0 0 0 0 0 0 0 0 0 0 0 0 0 0 0 0 0 0 0 0 0 0 0 0 0 0 0 0 0 0 0 0 0 1 19 0 27 0 23 6 28 15 22 20 69 32 80 100 166 106 175 173 266 243 395 195 353 256 395 447 612 558 694 580 744 663 848 759 791 616 718 694 704 453 461 299 241 200 153 

FirstWin:
0 0 0 0 0 0 0 0 0 0 0 0 0 0 0 0 0 0 0 0 0 0 0 0 0 0 0 0 0 0 0 0 0 0 0 2 0 21 0 27 0 29 0 46 0 51 0 132 0 143 0 352 0 344 0 444 0 625 0 578 0 677 0 833 0 992 0 970 0 999 0 964 0 865 0 755 0 451 0 255 0 151 
SAlphaB:
0 0 0 0 0 0 0 0 0 0 0 0 0 0 0 0 0 0 0 0 0 0 0 0 0 0 0 0 0 0 0 0 0 0 0 2 0 21 0 27 0 29 0 46 0 51 0 132 0 143 0 352 0 344 0 444 0 625 0 578 0 677 0 833 0 992 0 970 0 999 0 964 0 865 0 755 0 451 0 255 0 151 

SecondWin:
0 0 0 0 0 0 0 0 0 0 0 0 0 0 0 0 0 0 0 0 0 0 0 0 0 0 0 0 0 0 0 0 0 0 0 0 1 0 0 0 5 0 14 0 16 0 40 0 47 0 150 0 142 0 260 0 393 0 310 0 422 0 669 0 809 0 846 0 914 0 973 0 914 0 968 0 542 0 387 0 169 0 
SAlphaB:
0 0 0 0 0 0 0 0 0 0 0 0 0 0 0 0 0 0 0 0 0 0 0 0 0 0 0 0 0 0 0 0 0 0 0 0 1 0 0 0 5 0 14 0 16 0 40 0 47 0 150 0 142 0 260 0 393 0 310 0 422 0 669 0 809 0 846 0 914 0 973 0 914 0 968 0 542 0 387 0 169 0 
