0 42 98 38 -10 7 21 32

0 56 84 71 -10 1 3 3

0 58 97 13 -10 14 37 43

0 37 50 65 -5 4 15 14

0 11 58 20 -19 3 6 5

0 49 75 40 -14 8 15 13

0 83 87 69 -13 12 38 25

0 40 93 40 -18 7 18 33

0 67 82 73 -13 10 47 43

0 66 96 52 -13 11 25 40

0 55 82 74 -19 9 18 32

0 15 69 8 -1 7 15 12

0 62 63 22 -18 6 10 38

0 7 79 27 -17 41 48 6

0 20 29 82 -17 0 5 6

0 36 66 96 -11 13 34 20

0 35 45 63 -18 17 30 28

0 43 46 98 -2 7 36 40

0 5 27 43 -16 0 4 11

0 2 65 57 -18 23 25 18

0 8 52 44 -16 0 2 7

0 13 77 67 -15 8 15 9

0 2 30 92 -3 14 22 42

0 61 66 34 -3 3 35 18

0 16 20 29 -12 14 17 16

0 73 88 11 -18 15 21 39

0 39 54 87 -3 4 6 21

0 63 94 92 -4 20 34 20

0 80 95 27 -4 16 39 2

0 74 92 63 -8 20 45 22

0 91 97 39 -6 2 22 8

0 6 33 33 -7 3 6 11

0 5 23 73 -7 8 18 18

0 66 70 34 -9 3 38 8

0 44 45 68 -7 1 31 16

0 30 58 59 -6 3 6 26

0 25 38 11 -15 12 28 38

0 25 89 0 -9 1 6 38

0 21 60 38 -18 23 32 35

0 41 89 83 -11 3 39 38

0 10 26 81 -14 5 7 14

0 1 78 38 -9 1 3 0

0 31 49 58 -2 1 14 36

0 92 96 76 -14 17 18 22

0 30 86 86 -20 18 30 32

0 70 85 53 -11 12 22 3

0 34 76 97 -12 39 40 18

0 25 34 93 -10 7 12 23

0 36 75 73 -14 5 40 38

0 9 55 44 -19 9 24 32

0 12 20 74 -3 4 13 27

0 49 78 80 -14 21 24 1

0 21 29 2 -2 2 4 6

0 7 35 45 -16 23 25 29

0 38 67 26 -2 21 35 35

0 10 36 89 -16 18 25 10

0 8 93 95 -6 28 29 44

0 20 28 18 -11 18 28 23

0 0 1 78 -13 2 6 20

0 2 49 86 -16 22 36 11

0 21 64 2 -14 31 36 41

0 2 3 87 -2 5 15 5

0 27 31 2 -3 12 49 39

0 1 14 15 -1 13 31 3

0 55 90 8 -20 2 3 48

0 10 41 39 -5 45 46 35

0 29 46 36 -9 23 36 33

0 1 2 27 -6 16 34 17

0 12 92 76 -18 6 38 45

0 6 8 41 -18 23 37 31

0 9 46 36 -14 9 15 23

0 6 13 30 -8 2 3 27

0 41 45 47 -17 12 31 17

0 14 19 50 -17 0 3 46

0 2 6 65 -14 19 26 14

0 8 25 26 -8 15 35 21

0 17 99 13 -16 10 13 12

0 11 99 37 -13 5 10 31

0 6 21 0 -20 7 10 30

0 11 48 20 -20 29 43 49

0 0 7 0 -7 25 29 20

0 18 22 82 -1 1 23 46

0 29 64 32 -6 11 17 42

0 2 28 92 -4 0 1 36

0 4 11 24 -11 13 48 3

0 3 16 39 -18 9 26 47

0 35 54 46 -1 9 12 47

0 14 21 79 -14 5 45 5

0 5 19 66 -12 11 49 16

0 20 76 9 -7 27 41 31

0 5 34 14 -12 18 44 43

0 7 48 79 -18 1 45 22

0 4 19 1 -9 9 31 20

0 2 18 48 -8 14 26 46

0 5 10 44 -3 40 46 22

0 8 10 24 -8 2 34 27

0 11 12 22 -13 10 20 30

0 2 17 73 -16 2 15 26

0 12 26 93 -1 7 36 49

0 0 1 46 -12 9 10 6


SAlphaB: 711.0, std-dev 258.9345485920051

Earliest win: 37
Latest win: 81

WinDepth:
0 0 0 0 0 0 0 0 0 0 0 0 0 0 0 0 0 0 0 0 0 0 0 0 0 0 0 0 0 0 0 0 0 0 0 0 0 6 0 2 1 2 4 5 7 10 20 33 20 102 49 155 82 174 85 191 107 176 137 169 127 289 221 292 354 371 395 402 469 446 450 421 415 376 373 399 264 272 219 124 96 84 
SAlphaB:
0 0 0 0 0 0 0 0 0 0 0 0 0 0 0 0 0 0 0 0 0 0 0 0 0 0 0 0 0 0 0 0 0 0 0 0 0 6 0 2 1 2 4 5 7 10 20 33 20 102 49 155 82 174 85 191 107 176 137 169 127 289 221 292 354 371 395 402 469 446 450 421 415 376 373 399 264 272 219 124 96 84 

LossDepth:
SAlphaB:
0 0 0 0 0 0 0 0 0 0 0 0 0 0 0 0 0 0 0 0 0 0 0 0 0 0 0 0 0 0 0 0 0 0 0 0 0 6 0 2 1 2 4 5 7 10 20 33 20 102 49 155 82 174 85 191 107 176 137 169 127 289 221 292 354 371 395 402 469 446 450 421 415 376 373 399 264 272 219 124 96 84 

FirstWin:
0 0 0 0 0 0 0 0 0 0 0 0 0 0 0 0 0 0 0 0 0 0 0 0 0 0 0 0 0 0 0 0 0 0 0 0 0 6 0 2 0 2 0 5 0 10 0 33 0 102 0 155 0 174 0 191 0 176 0 169 0 289 0 292 0 371 0 402 0 446 0 421 0 376 0 399 0 272 0 124 0 84 
SAlphaB:
0 0 0 0 0 0 0 0 0 0 0 0 0 0 0 0 0 0 0 0 0 0 0 0 0 0 0 0 0 0 0 0 0 0 0 0 0 6 0 2 0 2 0 5 0 10 0 33 0 102 0 155 0 174 0 191 0 176 0 169 0 289 0 292 0 371 0 402 0 446 0 421 0 376 0 399 0 272 0 124 0 84 

SecondWin:
0 0 0 0 0 0 0 0 0 0 0 0 0 0 0 0 0 0 0 0 0 0 0 0 0 0 0 0 0 0 0 0 0 0 0 0 0 0 0 0 1 0 4 0 7 0 20 0 20 0 49 0 82 0 85 0 107 0 137 0 127 0 221 0 354 0 395 0 469 0 450 0 415 0 373 0 264 0 219 0 96 0 
SAlphaB:
0 0 0 0 0 0 0 0 0 0 0 0 0 0 0 0 0 0 0 0 0 0 0 0 0 0 0 0 0 0 0 0 0 0 0 0 0 0 0 0 1 0 4 0 7 0 20 0 20 0 49 0 82 0 85 0 107 0 137 0 127 0 221 0 354 0 395 0 469 0 450 0 415 0 373 0 264 0 219 0 96 0 
