0 65 82 87 -5 7 26 31

0 40 68 48 -13 7 16 20

0 39 46 95 -9 7 20 18

0 82 96 46 -8 18 42 31

0 54 70 89 -1 8 42 6

0 58 59 47 -13 11 21 20

0 12 57 60 -8 8 27 14

0 42 88 17 -9 3 12 41

0 12 48 70 -1 12 32 3

0 62 71 74 -12 3 26 6

0 35 82 51 -12 0 33 28

0 55 90 95 -7 18 33 29

0 57 74 63 -7 2 49 39

0 38 68 25 -18 3 6 47

0 74 93 52 -10 18 19 7

0 19 50 34 -19 8 13 8

0 45 66 22 -5 0 18 4

0 50 53 3 -15 7 29 23

0 8 53 31 -4 8 18 20

0 60 67 42 -14 9 30 48

0 93 98 26 -12 21 40 2

0 43 54 8 -2 12 40 3

0 52 77 65 -16 14 22 22

0 21 30 49 -19 6 14 15

0 24 37 84 -10 14 45 48

0 21 51 3 -3 10 11 5

0 9 15 91 -2 9 10 23

0 72 90 10 -15 0 3 36

0 62 80 92 -19 19 43 33

0 0 60 65 -16 18 20 10

0 41 53 71 -20 17 34 5

0 42 55 28 -18 6 34 4

0 22 32 85 -4 26 34 4

0 41 76 97 -3 42 48 25

0 27 45 75 -13 12 18 22

0 2 67 20 -12 21 35 25

0 2 28 16 -15 42 47 14

0 50 88 69 -9 0 3 37

0 38 62 49 -6 33 44 29

0 22 37 26 -5 17 23 0

0 36 57 9 -4 16 25 46

0 20 41 91 -11 0 1 38

0 51 99 60 -2 0 2 18

0 5 14 52 -15 12 18 11

0 32 64 44 -10 3 32 7

0 13 20 28 -5 11 13 13

0 7 53 14 -12 37 41 34

0 40 46 97 -11 4 43 17

0 30 47 20 -1 9 11 28

0 30 33 49 -8 3 4 47

0 2 26 68 -15 2 4 20

0 48 52 96 -19 0 31 15

0 24 33 72 -5 0 38 17

0 22 31 33 -6 14 17 19

0 6 16 65 -12 0 2 28

0 6 32 17 -3 12 34 43

0 8 10 56 -3 11 22 9

0 38 39 24 -3 11 42 35

0 31 65 43 -5 3 13 43

0 13 55 72 -12 26 29 0

0 26 30 33 -20 7 21 18

0 17 97 6 -12 3 30 46

0 26 40 35 -3 30 33 46

0 31 54 2 -5 23 46 31

0 1 16 65 -13 19 26 0

0 17 25 29 -3 43 44 24

0 16 67 57 -2 4 27 33

0 74 78 5 -17 38 41 49

0 24 39 21 -9 12 41 36

0 0 8 43 -6 8 9 1

0 5 17 98 -4 20 21 13

0 1 4 85 -6 18 24 20

0 7 14 49 -20 6 27 30

0 49 64 44 -20 36 37 23

0 3 5 61 -9 18 20 8

0 36 46 15 -19 17 31 37

0 17 56 3 -14 12 16 10

0 3 21 71 -17 14 30 3

0 0 4 72 -13 13 20 35

0 5 18 21 -2 26 31 34

0 22 34 33 -12 21 41 44

0 9 12 10 -18 13 22 48

0 4 43 81 -20 9 31 12

0 6 12 50 -20 8 16 47

0 3 31 31 -11 8 36 43

0 0 2 33 -2 13 25 32

0 0 1 91 -4 15 21 24

0 2 3 42 -11 16 36 15

0 26 28 32 -14 17 21 0

0 2 3 53 -14 1 4 9

0 12 35 88 -16 14 46 23

0 0 1 96 -18 16 26 2

0 1 3 36 -18 14 33 30

0 5 11 12 -20 15 47 13

0 1 9 82 -6 38 48 18

0 4 5 15 -4 13 16 17

0 1 3 49 -17 2 3 4

0 3 20 88 -6 34 41 4

0 2 3 20 -10 1 2 32

0 3 4 53 -16 3 6 41


SAlphaB: 688.0, std-dev 260.53823513967575

Earliest win: 37
Latest win: 81

WinDepth:
0 0 0 0 0 0 0 0 0 0 0 0 0 0 0 0 0 0 0 0 0 0 0 0 0 0 0 0 0 0 0 0 0 0 0 0 0 2 0 1 17 2 3 9 16 25 31 30 28 91 97 197 120 117 119 225 86 186 141 170 161 212 223 290 271 379 396 323 477 410 415 443 427 367 420 374 283 234 167 143 94 73 
SAlphaB:
0 0 0 0 0 0 0 0 0 0 0 0 0 0 0 0 0 0 0 0 0 0 0 0 0 0 0 0 0 0 0 0 0 0 0 0 0 2 0 1 17 2 3 9 16 25 31 30 28 91 97 197 120 117 119 225 86 186 141 170 161 212 223 290 271 379 396 323 477 410 415 443 427 367 420 374 283 234 167 143 94 73 

LossDepth:
SAlphaB:
0 0 0 0 0 0 0 0 0 0 0 0 0 0 0 0 0 0 0 0 0 0 0 0 0 0 0 0 0 0 0 0 0 0 0 0 0 2 0 1 17 2 3 9 16 25 31 30 28 91 97 197 120 117 119 225 86 186 141 170 161 212 223 290 271 379 396 323 477 410 415 443 427 367 420 374 283 234 167 143 94 73 

FirstWin:
0 0 0 0 0 0 0 0 0 0 0 0 0 0 0 0 0 0 0 0 0 0 0 0 0 0 0 0 0 0 0 0 0 0 0 0 0 2 0 1 0 2 0 9 0 25 0 30 0 91 0 197 0 117 0 225 0 186 0 170 0 212 0 290 0 379 0 323 0 410 0 443 0 367 0 374 0 234 0 143 0 73 
SAlphaB:
0 0 0 0 0 0 0 0 0 0 0 0 0 0 0 0 0 0 0 0 0 0 0 0 0 0 0 0 0 0 0 0 0 0 0 0 0 2 0 1 0 2 0 9 0 25 0 30 0 91 0 197 0 117 0 225 0 186 0 170 0 212 0 290 0 379 0 323 0 410 0 443 0 367 0 374 0 234 0 143 0 73 

SecondWin:
0 0 0 0 0 0 0 0 0 0 0 0 0 0 0 0 0 0 0 0 0 0 0 0 0 0 0 0 0 0 0 0 0 0 0 0 0 0 0 0 17 0 3 0 16 0 31 0 28 0 97 0 120 0 119 0 86 0 141 0 161 0 223 0 271 0 396 0 477 0 415 0 427 0 420 0 283 0 167 0 94 0 
SAlphaB:
0 0 0 0 0 0 0 0 0 0 0 0 0 0 0 0 0 0 0 0 0 0 0 0 0 0 0 0 0 0 0 0 0 0 0 0 0 0 0 0 17 0 3 0 16 0 31 0 28 0 97 0 120 0 119 0 86 0 141 0 161 0 223 0 271 0 396 0 477 0 415 0 427 0 420 0 283 0 167 0 94 0 
