0 82 90 80 -19 17 28 30

0 56 92 99 -7 16 29 27

0 8 81 37 -10 3 8 20

0 63 66 66 -14 10 13 7

0 26 69 90 -20 20 45 36

0 50 51 25 -7 10 27 17

0 35 40 29 -7 10 36 34

0 17 92 72 -20 0 15 13

0 21 31 30 -10 2 11 18

0 6 68 25 -20 0 4 28

0 64 75 44 -17 6 28 18

0 27 45 42 -12 17 34 4

0 50 97 82 -10 12 19 30

0 39 54 65 -7 13 28 27

0 55 66 64 -18 0 20 13

0 43 64 33 -10 0 13 44

0 31 62 5 -6 16 23 35

0 71 86 96 -1 21 38 14

0 65 71 93 -12 1 15 38

0 36 43 90 -13 34 45 34

0 0 56 27 -14 29 33 26

0 62 71 85 -17 5 22 46

0 22 90 74 -14 15 29 33

0 30 81 57 -2 3 16 15

0 14 30 36 -1 2 17 16

0 11 27 75 -15 2 6 4

0 23 37 97 -11 0 7 27

0 53 66 81 -18 30 41 14

0 33 48 25 -11 13 24 25

0 51 91 22 -12 1 13 47

0 61 73 89 -10 21 34 10

0 18 23 94 -14 1 17 14

0 76 89 11 -19 5 9 26

0 17 20 81 -15 8 24 28

0 2 55 77 -12 4 9 46

0 3 25 60 -10 40 42 3

0 23 32 45 -10 2 3 19

0 51 53 44 -5 12 26 39

0 16 26 69 -6 20 47 4

0 6 51 95 -20 31 44 20

0 23 28 37 -10 10 11 15

0 10 39 16 -17 13 28 13

0 2 50 44 -19 42 43 43

0 13 31 40 -14 5 19 10

0 41 73 55 -10 20 41 10

0 5 55 91 -20 14 19 2

0 38 65 21 -1 14 35 9

0 27 32 84 -1 44 46 44

0 41 50 25 -10 0 2 42

0 9 42 50 -19 0 1 35

0 7 27 24 -10 23 25 6

0 39 88 16 -1 31 36 34

0 25 95 8 -10 2 21 43

0 37 48 57 -8 11 18 45

0 10 77 64 -15 7 32 11

0 18 34 20 -5 17 40 5

0 22 58 30 -7 35 43 29

0 0 68 64 -8 10 40 7

0 29 75 0 -2 1 15 45

0 16 72 73 -7 4 45 8

0 8 14 75 -1 7 10 20

0 24 58 85 -12 16 31 29

0 2 57 27 -2 37 40 21

0 9 47 21 -6 29 38 24

0 6 11 93 -16 1 2 12

0 52 56 82 -9 0 2 37

0 22 74 72 -6 31 38 4

0 51 63 45 -2 26 46 6

0 19 32 98 -9 3 43 31

0 10 23 19 -19 2 26 1

0 0 10 50 -7 8 10 15

0 62 98 90 -20 32 47 42

0 15 87 67 -18 4 29 46

0 5 50 62 -19 9 35 20

0 2 7 63 -20 19 40 45

0 7 98 16 -13 30 32 24

0 11 74 89 -5 16 31 46

0 27 29 82 -10 0 4 46

0 4 95 48 -1 21 36 44

0 24 78 27 -11 25 27 7

0 11 18 4 -9 2 5 41

0 33 36 19 -8 4 33 4

0 1 6 38 -12 2 7 14

0 8 28 37 -10 5 29 22

0 3 26 96 -6 10 38 1

0 22 45 26 -11 19 48 0

0 0 16 86 -18 22 38 5

0 17 19 32 -13 9 11 44

0 4 20 10 -14 13 20 33

0 9 22 2 -15 1 8 31

0 7 8 76 -4 19 35 21

0 0 1 99 -14 10 29 1

0 4 11 81 -17 6 27 38

0 9 10 63 -16 25 49 38

0 13 16 50 -10 7 14 41

0 4 34 16 -10 18 42 46

0 2 80 90 -9 2 8 47

0 21 42 50 -10 23 33 40

0 6 30 3 -11 22 36 2

0 0 15 71 -4 0 21 49


SAlphaB: 707.0, std-dev 252.76527149659518

Earliest win: 36
Latest win: 81

WinDepth:
0 0 0 0 0 0 0 0 0 0 0 0 0 0 0 0 0 0 0 0 0 0 0 0 0 0 0 0 0 0 0 0 0 0 0 0 1 4 0 2 2 4 2 24 13 22 12 15 19 81 56 167 99 129 99 170 122 183 133 179 157 215 208 295 342 354 431 342 482 405 464 441 390 406 430 397 275 260 168 152 101 73 
SAlphaB:
0 0 0 0 0 0 0 0 0 0 0 0 0 0 0 0 0 0 0 0 0 0 0 0 0 0 0 0 0 0 0 0 0 0 0 0 1 4 0 2 2 4 2 24 13 22 12 15 19 81 56 167 99 129 99 170 122 183 133 179 157 215 208 295 342 354 431 342 482 405 464 441 390 406 430 397 275 260 168 152 101 73 

LossDepth:
SAlphaB:
0 0 0 0 0 0 0 0 0 0 0 0 0 0 0 0 0 0 0 0 0 0 0 0 0 0 0 0 0 0 0 0 0 0 0 0 1 4 0 2 2 4 2 24 13 22 12 15 19 81 56 167 99 129 99 170 122 183 133 179 157 215 208 295 342 354 431 342 482 405 464 441 390 406 430 397 275 260 168 152 101 73 

FirstWin:
0 0 0 0 0 0 0 0 0 0 0 0 0 0 0 0 0 0 0 0 0 0 0 0 0 0 0 0 0 0 0 0 0 0 0 0 0 4 0 2 0 4 0 24 0 22 0 15 0 81 0 167 0 129 0 170 0 183 0 179 0 215 0 295 0 354 0 342 0 405 0 441 0 406 0 397 0 260 0 152 0 73 
SAlphaB:
0 0 0 0 0 0 0 0 0 0 0 0 0 0 0 0 0 0 0 0 0 0 0 0 0 0 0 0 0 0 0 0 0 0 0 0 0 4 0 2 0 4 0 24 0 22 0 15 0 81 0 167 0 129 0 170 0 183 0 179 0 215 0 295 0 354 0 342 0 405 0 441 0 406 0 397 0 260 0 152 0 73 

SecondWin:
0 0 0 0 0 0 0 0 0 0 0 0 0 0 0 0 0 0 0 0 0 0 0 0 0 0 0 0 0 0 0 0 0 0 0 0 1 0 0 0 2 0 2 0 13 0 12 0 19 0 56 0 99 0 99 0 122 0 133 0 157 0 208 0 342 0 431 0 482 0 464 0 390 0 430 0 275 0 168 0 101 0 
SAlphaB:
0 0 0 0 0 0 0 0 0 0 0 0 0 0 0 0 0 0 0 0 0 0 0 0 0 0 0 0 0 0 0 0 0 0 0 0 1 0 0 0 2 0 2 0 13 0 12 0 19 0 56 0 99 0 99 0 122 0 133 0 157 0 208 0 342 0 431 0 482 0 464 0 390 0 430 0 275 0 168 0 101 0 
