0 72 94 41 -16 3 10 28

0 71 88 58 -5 4 14 26

0 34 68 0 -15 1 5 27

0 65 99 3 -14 9 34 45

0 51 92 96 -18 3 24 11

0 66 99 19 -11 12 27 44

0 95 96 58 -8 9 36 33

0 2 34 3 -2 0 1 6

0 43 76 67 -20 8 25 44

0 78 86 21 -16 2 41 26

0 9 93 91 -6 17 44 22

0 69 72 7 -14 7 29 16

0 86 97 75 -2 10 12 8

0 76 96 56 -15 10 23 23

0 26 93 46 -7 1 7 36

0 44 93 19 -14 5 9 42

0 84 97 14 -11 20 35 33

0 48 87 48 -12 41 49 34

0 14 59 26 -3 2 4 23

0 23 45 87 -6 4 20 1

0 88 93 77 -6 2 13 29

0 18 39 43 -8 10 14 32

0 61 87 7 -4 0 5 24

0 37 60 43 -20 0 1 2

0 35 82 32 -7 12 24 7

0 22 61 97 -6 7 12 35

0 20 44 69 -20 9 19 33

0 0 68 61 -9 33 38 10

0 15 49 15 -10 0 13 2

0 8 79 87 -20 29 33 33

0 2 89 53 -14 2 3 32

0 24 74 45 -8 41 46 12

0 3 45 82 -5 7 8 6

0 36 53 69 -15 1 2 35

0 33 49 86 -8 0 37 19

0 26 81 26 -2 0 7 32

0 39 86 57 -7 0 1 21

0 25 94 31 -4 21 23 47

0 45 56 24 -7 6 7 25

0 65 77 1 -5 15 21 32

0 24 41 48 -15 19 47 30

0 5 14 54 -6 22 49 4

0 4 14 88 -2 3 6 8

0 28 36 34 -4 11 32 4

0 14 42 63 -19 1 3 26

0 7 35 54 -10 2 4 33

0 41 77 7 -13 8 35 23

0 17 47 68 -2 31 42 10

0 24 82 69 -14 16 48 49

0 31 59 11 -19 6 17 44

0 44 47 10 -17 7 20 30

0 36 71 15 -6 2 44 7

0 25 34 70 -11 4 23 40

0 0 65 22 -2 2 3 15

0 32 59 38 -14 13 20 10

0 12 24 61 -3 2 10 28

0 3 13 23 -2 4 12 37

0 28 31 44 -11 31 41 28

0 10 16 7 -3 4 7 20

0 22 50 32 -3 25 28 28

0 3 8 73 -18 19 24 20

0 2 22 3 -18 26 28 28

0 25 82 43 -2 21 27 14

0 28 39 14 -5 23 29 26

0 23 37 75 -13 18 30 12

0 41 45 47 -5 12 23 21

0 59 70 92 -1 1 2 42

0 24 52 47 -2 42 43 11

0 17 85 16 -11 5 46 45

0 13 52 9 -9 4 18 19

0 18 26 60 -6 1 7 18

0 38 42 35 -12 11 12 40

0 25 50 57 -13 26 38 48

0 3 10 77 -13 28 45 25

0 25 35 23 -18 16 34 32

0 15 25 19 -14 6 22 21

0 0 42 94 -4 2 23 12

0 11 16 76 -3 3 22 20

0 14 65 12 -17 33 39 23

0 20 22 73 -10 0 16 41

0 19 27 45 -18 10 18 36

0 32 74 29 -12 22 29 0

0 12 20 15 -1 17 31 27

0 1 3 79 -20 45 48 21

0 0 1 2 -14 6 41 15

0 22 62 71 -13 5 42 17

0 0 1 90 -17 6 8 9

0 11 36 11 -16 2 44 29

0 7 28 11 -17 1 41 11

0 0 1 86 -8 13 20 31

0 12 16 69 -7 0 20 27

0 10 15 93 -17 0 16 36

0 5 15 11 -12 20 45 31

0 5 52 6 -18 22 35 41

0 2 3 9 -10 0 3 38

0 1 2 27 -20 14 35 48

0 6 50 65 -2 1 22 45

0 1 2 78 -9 3 44 35

0 0 1 13 -11 2 4 49

0 1 13 56 -3 1 38 17


SAlphaB: 722.0, std-dev 257.723706199825

Earliest win: 37
Latest win: 81

WinDepth:
0 0 0 0 0 0 0 0 0 0 0 0 0 0 0 0 0 0 0 0 0 0 0 0 0 0 0 0 0 0 0 0 0 0 0 0 0 1 0 3 1 4 2 14 6 12 10 94 33 55 75 134 86 125 92 156 125 210 129 197 184 251 239 348 353 334 404 366 414 433 462 435 404 365 427 376 267 253 185 132 98 78 
SAlphaB:
0 0 0 0 0 0 0 0 0 0 0 0 0 0 0 0 0 0 0 0 0 0 0 0 0 0 0 0 0 0 0 0 0 0 0 0 0 1 0 3 1 4 2 14 6 12 10 94 33 55 75 134 86 125 92 156 125 210 129 197 184 251 239 348 353 334 404 366 414 433 462 435 404 365 427 376 267 253 185 132 98 78 

LossDepth:
SAlphaB:
0 0 0 0 0 0 0 0 0 0 0 0 0 0 0 0 0 0 0 0 0 0 0 0 0 0 0 0 0 0 0 0 0 0 0 0 0 1 0 3 1 4 2 14 6 12 10 94 33 55 75 134 86 125 92 156 125 210 129 197 184 251 239 348 353 334 404 366 414 433 462 435 404 365 427 376 267 253 185 132 98 78 

FirstWin:
0 0 0 0 0 0 0 0 0 0 0 0 0 0 0 0 0 0 0 0 0 0 0 0 0 0 0 0 0 0 0 0 0 0 0 0 0 1 0 3 0 4 0 14 0 12 0 94 0 55 0 134 0 125 0 156 0 210 0 197 0 251 0 348 0 334 0 366 0 433 0 435 0 365 0 376 0 253 0 132 0 78 
SAlphaB:
0 0 0 0 0 0 0 0 0 0 0 0 0 0 0 0 0 0 0 0 0 0 0 0 0 0 0 0 0 0 0 0 0 0 0 0 0 1 0 3 0 4 0 14 0 12 0 94 0 55 0 134 0 125 0 156 0 210 0 197 0 251 0 348 0 334 0 366 0 433 0 435 0 365 0 376 0 253 0 132 0 78 

SecondWin:
0 0 0 0 0 0 0 0 0 0 0 0 0 0 0 0 0 0 0 0 0 0 0 0 0 0 0 0 0 0 0 0 0 0 0 0 0 0 0 0 1 0 2 0 6 0 10 0 33 0 75 0 86 0 92 0 125 0 129 0 184 0 239 0 353 0 404 0 414 0 462 0 404 0 427 0 267 0 185 0 98 0 
SAlphaB:
0 0 0 0 0 0 0 0 0 0 0 0 0 0 0 0 0 0 0 0 0 0 0 0 0 0 0 0 0 0 0 0 0 0 0 0 0 0 0 0 1 0 2 0 6 0 10 0 33 0 75 0 86 0 92 0 125 0 129 0 184 0 239 0 353 0 404 0 414 0 462 0 404 0 427 0 267 0 185 0 98 0 
