0 22 77 17 -9 3 21 3

0 76 95 77 -3 3 37 1

0 50 69 73 -5 0 3 10

0 43 98 29 -1 12 38 8

0 57 79 49 -11 2 9 29

0 34 40 42 -8 4 33 18

0 18 54 19 -5 0 6 20

0 21 56 29 -14 6 11 24

0 89 92 70 -16 2 4 29

0 34 92 56 -3 2 9 29

0 64 67 31 -12 9 27 22

0 31 53 34 -11 3 15 38

0 49 67 17 -1 17 21 32

0 52 62 57 -2 4 12 7

0 34 72 7 -5 0 6 4

0 30 67 73 -15 0 11 17

0 29 57 8 -7 37 41 19

0 23 26 30 -6 0 8 11

0 31 46 35 -5 19 28 3

0 11 30 55 -9 2 4 0

0 27 72 36 -12 10 27 1

0 34 47 91 -2 11 14 38

0 66 74 8 -5 0 5 11

0 7 22 5 -6 0 2 13

0 17 25 78 -6 1 6 19

0 75 80 0 -10 28 33 43

0 4 12 71 -14 2 5 7

0 13 25 88 -7 21 30 9

0 6 74 68 -19 20 45 0

0 11 40 93 -8 9 15 20

0 73 86 70 -7 24 26 2

0 39 71 15 -13 18 27 33

0 12 28 82 -16 15 30 36

0 14 64 47 -2 10 31 10

0 24 61 87 -9 1 2 48

0 12 67 71 -18 8 21 28

0 12 38 54 -5 37 47 37

0 47 62 29 -13 17 47 10

0 4 74 68 -19 0 1 14

0 22 80 43 -4 13 38 2

0 10 17 31 -8 20 21 14

0 17 97 58 -9 8 12 42

0 27 39 84 -11 12 25 33

0 19 60 45 -3 19 24 2

0 0 26 90 -8 7 17 41

0 21 60 1 -15 2 18 2

0 16 54 1 -2 7 19 44

0 9 20 4 -18 0 7 25

0 24 34 65 -18 3 15 41

0 16 51 29 -11 6 21 47

0 49 56 86 -7 22 30 30

0 10 40 7 -19 6 20 1

0 11 60 47 -6 4 20 31

0 10 85 52 -1 12 48 34

0 7 99 13 -4 2 48 12

0 8 10 44 -5 44 49 49

0 16 71 59 -18 31 39 37

0 23 29 67 -1 31 40 15

0 3 6 11 -18 6 16 8

0 12 14 38 -10 15 41 8

0 13 34 72 -7 3 41 22

0 16 55 2 -19 35 44 1

0 7 51 79 -12 2 8 18

0 11 17 55 -7 7 42 18

0 6 77 97 -1 8 25 46

0 23 71 28 -4 20 48 14

0 10 16 74 -14 25 47 21

0 13 19 28 -10 8 42 14

0 10 61 12 -3 1 4 44

0 3 10 83 -10 1 3 5

0 29 38 10 -2 0 3 21

0 30 73 92 -12 4 43 48

0 24 41 28 -18 11 17 28

0 15 17 0 -1 39 42 37

0 26 34 11 -12 7 18 41

0 25 26 24 -3 1 16 31

0 12 20 71 -7 36 38 41

0 0 17 39 -15 0 2 19

0 6 26 26 -2 35 43 12

0 16 34 1 -11 17 21 10

0 15 29 90 -7 8 11 48

0 3 28 53 -13 3 18 49

0 16 26 58 -5 7 34 22

0 11 31 12 -19 2 48 23

0 4 8 13 -15 22 31 3

0 12 13 95 -11 12 16 38

0 5 13 93 -4 5 44 40

0 10 28 54 -1 0 1 39

0 0 2 75 -1 3 35 44

0 4 9 97 -19 7 29 32

0 6 17 0 -7 36 41 26

0 20 25 65 -19 8 44 12

0 5 7 17 -2 7 39 35

0 0 3 46 -11 6 45 27

0 5 14 28 -17 1 11 46

0 0 4 93 -4 1 2 41

0 13 19 30 -2 11 28 46

0 0 6 40 -20 0 4 18

0 0 1 82 -10 2 16 14

0 6 8 2 -11 20 30 35


SAlphaB: 712.0, std-dev 256.61723254762927

Earliest win: 33
Latest win: 81

WinDepth:
0 0 0 0 0 0 0 0 0 0 0 0 0 0 0 0 0 0 0 0 0 0 0 0 0 0 0 0 0 0 0 0 0 1 0 3 0 1 0 3 1 5 4 27 5 16 25 37 31 37 45 153 95 100 144 162 119 190 151 170 196 218 249 321 338 342 399 409 421 396 417 405 436 417 428 346 252 288 189 142 112 84 
SAlphaB:
0 0 0 0 0 0 0 0 0 0 0 0 0 0 0 0 0 0 0 0 0 0 0 0 0 0 0 0 0 0 0 0 0 1 0 3 0 1 0 3 1 5 4 27 5 16 25 37 31 37 45 153 95 100 144 162 119 190 151 170 196 218 249 321 338 342 399 409 421 396 417 405 436 417 428 346 252 288 189 142 112 84 

LossDepth:
SAlphaB:
0 0 0 0 0 0 0 0 0 0 0 0 0 0 0 0 0 0 0 0 0 0 0 0 0 0 0 0 0 0 0 0 0 1 0 3 0 1 0 3 1 5 4 27 5 16 25 37 31 37 45 153 95 100 144 162 119 190 151 170 196 218 249 321 338 342 399 409 421 396 417 405 436 417 428 346 252 288 189 142 112 84 

FirstWin:
0 0 0 0 0 0 0 0 0 0 0 0 0 0 0 0 0 0 0 0 0 0 0 0 0 0 0 0 0 0 0 0 0 1 0 3 0 1 0 3 0 5 0 27 0 16 0 37 0 37 0 153 0 100 0 162 0 190 0 170 0 218 0 321 0 342 0 409 0 396 0 405 0 417 0 346 0 288 0 142 0 84 
SAlphaB:
0 0 0 0 0 0 0 0 0 0 0 0 0 0 0 0 0 0 0 0 0 0 0 0 0 0 0 0 0 0 0 0 0 1 0 3 0 1 0 3 0 5 0 27 0 16 0 37 0 37 0 153 0 100 0 162 0 190 0 170 0 218 0 321 0 342 0 409 0 396 0 405 0 417 0 346 0 288 0 142 0 84 

SecondWin:
0 0 0 0 0 0 0 0 0 0 0 0 0 0 0 0 0 0 0 0 0 0 0 0 0 0 0 0 0 0 0 0 0 0 0 0 0 0 0 0 1 0 4 0 5 0 25 0 31 0 45 0 95 0 144 0 119 0 151 0 196 0 249 0 338 0 399 0 421 0 417 0 436 0 428 0 252 0 189 0 112 0 
SAlphaB:
0 0 0 0 0 0 0 0 0 0 0 0 0 0 0 0 0 0 0 0 0 0 0 0 0 0 0 0 0 0 0 0 0 0 0 0 0 0 0 0 1 0 4 0 5 0 25 0 31 0 45 0 95 0 144 0 119 0 151 0 196 0 249 0 338 0 399 0 421 0 417 0 436 0 428 0 252 0 189 0 112 0 
