0 44 99 54 -7 18 48 33

0 18 74 78 -7 0 5 26

0 21 72 83 -15 0 1 24

0 8 92 20 -3 6 15 17

0 31 70 16 -1 1 14 19

0 50 87 78 -16 0 1 15

0 37 51 52 -15 7 19 17

0 14 84 70 -11 1 2 42

0 26 86 77 -7 10 16 20

0 38 73 69 -6 11 16 6

0 4 22 12 -7 0 5 14

0 14 84 63 -7 4 6 33

0 62 89 62 -1 2 41 3

0 10 41 81 -10 0 2 12

0 0 97 25 -10 1 17 18

0 54 69 6 -20 6 9 4

0 16 24 64 -9 1 6 11

0 19 95 56 -18 19 39 33

0 11 87 93 -7 16 46 22

0 37 40 89 -8 7 28 37

0 2 38 83 -6 21 29 41

0 61 92 36 -13 23 30 29

0 57 64 87 -10 22 28 6

0 24 52 72 -13 11 18 30

0 31 96 69 -15 27 35 14

0 43 54 79 -18 18 31 24

0 8 52 86 -17 0 2 45

0 60 88 31 -19 6 9 33

0 51 77 2 -6 3 9 17

0 61 66 40 -12 4 5 27

0 20 50 97 -8 20 44 25

0 18 73 61 -17 25 43 22

0 2 76 70 -20 12 43 20

0 22 64 33 -19 3 14 9

0 35 60 73 -4 3 4 36

0 35 60 9 -18 34 41 30

0 57 77 6 -16 27 45 44

0 11 36 64 -20 1 7 5

0 39 57 27 -4 12 43 46

0 18 38 54 -14 35 38 16

0 34 70 39 -7 0 1 24

0 11 27 72 -11 0 3 44

0 56 58 11 -14 15 20 31

0 4 19 70 -3 10 15 19

0 17 79 72 -20 45 49 19

0 21 35 90 -15 26 29 7

0 22 80 98 -3 10 16 10

0 9 20 97 -18 10 43 33

0 17 38 44 -9 3 13 33

0 22 84 71 -4 0 1 46

0 26 27 81 -15 0 9 46

0 5 29 12 -16 0 12 13

0 8 33 52 -10 5 7 21

0 7 30 27 -16 10 21 20

0 9 24 79 -14 9 25 25

0 5 50 13 -16 4 13 37

0 19 35 71 -4 19 36 22

0 36 47 88 -11 2 30 28

0 5 54 69 -20 17 45 41

0 18 22 76 -20 9 13 18

0 3 12 35 -16 22 27 24

0 26 34 28 -16 35 47 37

0 21 24 12 -10 13 21 8

0 22 25 74 -12 1 23 39

0 17 87 87 -20 4 25 32

0 15 23 32 -15 18 45 17

0 13 22 16 -8 0 5 35

0 29 91 71 -4 26 33 29

0 1 17 71 -19 10 23 19

0 36 97 1 -14 10 11 42

0 6 12 37 -7 46 47 47

0 3 4 47 -4 1 2 1

0 11 19 1 -14 20 21 20

0 7 12 3 -15 15 38 30

0 9 17 40 -7 0 29 5

0 12 21 39 -8 29 47 6

0 23 27 3 -3 10 11 35

0 14 28 35 -3 0 1 25

0 0 11 47 -8 10 15 14

0 1 24 9 -1 17 20 12

0 13 26 15 -2 4 28 24

0 4 13 42 -9 25 42 31

0 18 24 19 -18 5 39 2

0 0 30 10 -18 12 13 0

0 14 22 75 -16 16 38 33

0 0 1 64 -6 8 17 8

0 1 9 41 -3 2 41 4

0 1 2 23 -16 17 26 14

0 17 37 66 -14 14 19 41

0 6 19 36 -4 9 10 39

0 16 29 15 -15 14 23 40

0 6 25 83 -9 11 12 37

0 0 1 36 -17 33 42 27

0 0 3 77 -14 32 39 20

0 4 18 98 -19 22 45 45

0 1 2 29 -16 37 46 11

0 0 2 96 -5 0 5 43

0 13 17 49 -8 21 29 48

0 2 7 3 -15 15 27 45

0 5 6 0 -6 2 8 31


SAlphaB: 696.0, std-dev 255.3098634280242

Earliest win: 35
Latest win: 81

WinDepth:
0 0 0 0 0 0 0 0 0 0 0 0 0 0 0 0 0 0 0 0 0 0 0 0 0 0 0 0 0 0 0 0 0 0 0 1 0 1 0 2 0 2 2 17 6 14 11 32 17 48 36 219 79 115 107 215 130 219 166 196 171 216 229 276 331 316 404 342 441 375 507 398 447 412 449 300 267 248 225 161 131 83 
SAlphaB:
0 0 0 0 0 0 0 0 0 0 0 0 0 0 0 0 0 0 0 0 0 0 0 0 0 0 0 0 0 0 0 0 0 0 0 1 0 1 0 2 0 2 2 17 6 14 11 32 17 48 36 219 79 115 107 215 130 219 166 196 171 216 229 276 331 316 404 342 441 375 507 398 447 412 449 300 267 248 225 161 131 83 

LossDepth:
SAlphaB:
0 0 0 0 0 0 0 0 0 0 0 0 0 0 0 0 0 0 0 0 0 0 0 0 0 0 0 0 0 0 0 0 0 0 0 1 0 1 0 2 0 2 2 17 6 14 11 32 17 48 36 219 79 115 107 215 130 219 166 196 171 216 229 276 331 316 404 342 441 375 507 398 447 412 449 300 267 248 225 161 131 83 

FirstWin:
0 0 0 0 0 0 0 0 0 0 0 0 0 0 0 0 0 0 0 0 0 0 0 0 0 0 0 0 0 0 0 0 0 0 0 1 0 1 0 2 0 2 0 17 0 14 0 32 0 48 0 219 0 115 0 215 0 219 0 196 0 216 0 276 0 316 0 342 0 375 0 398 0 412 0 300 0 248 0 161 0 83 
SAlphaB:
0 0 0 0 0 0 0 0 0 0 0 0 0 0 0 0 0 0 0 0 0 0 0 0 0 0 0 0 0 0 0 0 0 0 0 1 0 1 0 2 0 2 0 17 0 14 0 32 0 48 0 219 0 115 0 215 0 219 0 196 0 216 0 276 0 316 0 342 0 375 0 398 0 412 0 300 0 248 0 161 0 83 

SecondWin:
0 0 0 0 0 0 0 0 0 0 0 0 0 0 0 0 0 0 0 0 0 0 0 0 0 0 0 0 0 0 0 0 0 0 0 0 0 0 0 0 0 0 2 0 6 0 11 0 17 0 36 0 79 0 107 0 130 0 166 0 171 0 229 0 331 0 404 0 441 0 507 0 447 0 449 0 267 0 225 0 131 0 
SAlphaB:
0 0 0 0 0 0 0 0 0 0 0 0 0 0 0 0 0 0 0 0 0 0 0 0 0 0 0 0 0 0 0 0 0 0 0 0 0 0 0 0 0 0 2 0 6 0 11 0 17 0 36 0 79 0 107 0 130 0 166 0 171 0 229 0 331 0 404 0 441 0 507 0 447 0 449 0 267 0 225 0 131 0 
