0 24 87 77 -14 3 5 6

0 28 84 35 -18 11 28 19

0 45 70 81 -6 8 15 12

0 76 98 6 -18 4 20 19

0 26 68 89 -13 2 15 21

0 5 97 96 -6 15 22 14

0 65 91 28 -4 3 16 14

0 53 99 77 -18 7 45 30

0 60 80 1 -2 9 40 13

0 55 95 77 -8 13 16 41

0 41 65 65 -19 5 9 5

0 42 76 39 -11 6 30 22

0 43 84 15 -3 17 39 12

0 24 74 80 -16 11 24 17

0 47 78 96 -18 4 36 33

0 10 24 97 -3 11 22 5

0 27 39 60 -15 26 35 28

0 40 46 84 -19 35 47 44

0 16 70 98 -18 8 13 2

0 73 90 3 -11 15 42 49

0 5 38 77 -4 7 10 10

0 0 69 42 -13 18 44 8

0 46 89 21 -1 20 43 20

0 23 29 89 -8 5 15 20

0 33 78 40 -4 17 22 23

0 71 96 32 -12 24 38 22

0 41 88 13 -10 9 46 28

0 51 73 83 -15 18 31 35

0 54 62 22 -15 0 3 10

0 29 73 22 -7 11 31 49

0 3 59 87 -17 1 3 7

0 76 77 67 -13 34 48 49

0 82 96 22 -2 5 11 1

0 45 58 34 -2 6 32 34

0 42 51 83 -3 6 39 24

0 52 61 31 -9 35 42 15

0 37 60 53 -17 0 1 48

0 23 27 43 -8 2 7 24

0 8 43 91 -2 4 21 18

0 19 30 86 -8 24 31 31

0 21 47 74 -8 27 44 8

0 33 34 17 -10 2 6 25

0 0 91 94 -3 32 46 4

0 15 34 15 -12 24 33 23

0 23 99 8 -8 29 46 44

0 5 69 62 -15 7 21 46

0 16 82 68 -10 5 6 41

0 5 61 38 -9 36 40 4

0 43 70 74 -6 18 23 46

0 14 71 69 -11 6 8 42

0 97 98 82 -2 31 48 33

0 9 10 46 -3 5 10 17

0 71 92 70 -4 7 17 47

0 23 57 74 -6 4 17 39

0 37 44 7 -9 10 20 2

0 42 77 36 -7 22 31 9

0 35 55 33 -11 1 8 49

0 21 83 44 -20 14 25 10

0 49 74 59 -15 30 48 11

0 5 13 38 -17 11 23 15

0 19 23 10 -20 0 18 0

0 18 89 74 -14 11 22 24

0 4 31 9 -20 12 38 23

0 28 92 32 -11 18 25 3

0 2 50 78 -20 2 3 16

0 21 38 62 -20 22 28 7

0 19 49 23 -3 19 30 23

0 32 42 84 -20 41 43 12

0 4 45 74 -14 29 37 18

0 1 6 66 -4 2 5 10

0 14 28 58 -20 23 30 15

0 9 61 96 -12 14 35 45

0 11 14 86 -5 25 34 23

0 49 53 41 -4 38 49 5

0 0 32 5 -17 14 30 40

0 2 6 8 -15 13 36 1

0 9 56 8 -18 18 35 5

0 18 32 71 -8 32 34 37

0 13 38 80 -5 6 32 20

0 2 7 64 -11 0 8 27

0 15 88 71 -17 1 29 9

0 3 26 48 -13 0 20 21

0 33 71 5 -19 22 26 48

0 0 27 50 -2 9 16 31

0 34 41 68 -19 8 43 30

0 35 40 27 -18 1 27 44

0 19 22 32 -9 4 10 49

0 14 15 23 -14 32 33 44

0 9 16 75 -1 7 8 30

0 19 51 40 -17 6 39 35

0 3 31 60 -15 13 14 29

0 2 7 73 -20 33 45 24

0 0 24 14 -15 9 46 1

0 5 36 9 -5 19 28 38

0 11 21 15 -1 23 30 4

0 1 12 99 -12 25 33 10

0 6 33 17 -20 4 5 39

0 24 47 13 -4 21 25 49

0 7 8 7 -7 4 30 45

0 2 3 83 -20 30 36 4


SAlphaB: 743.0, std-dev 291.64348254176866

Earliest win: 37
Latest win: 81

WinDepth:
0 0 0 0 0 0 0 0 0 0 0 0 0 0 0 0 0 0 0 0 0 0 0 0 0 0 0 0 0 0 0 0 0 0 0 0 0 3 0 8 6 3 1 10 10 16 17 44 21 67 103 200 94 147 77 194 137 197 151 182 156 273 238 274 354 349 428 372 480 414 474 472 394 392 344 353 260 246 199 127 87 73 
SAlphaB:
0 0 0 0 0 0 0 0 0 0 0 0 0 0 0 0 0 0 0 0 0 0 0 0 0 0 0 0 0 0 0 0 0 0 0 0 0 3 0 8 6 3 1 10 10 16 17 44 21 67 103 200 94 147 77 194 137 197 151 182 156 273 238 274 354 349 428 372 480 414 474 472 394 392 344 353 260 246 199 127 87 73 

LossDepth:
SAlphaB:
0 0 0 0 0 0 0 0 0 0 0 0 0 0 0 0 0 0 0 0 0 0 0 0 0 0 0 0 0 0 0 0 0 0 0 0 0 3 0 8 6 3 1 10 10 16 17 44 21 67 103 200 94 147 77 194 137 197 151 182 156 273 238 274 354 349 428 372 480 414 474 472 394 392 344 353 260 246 199 127 87 73 

FirstWin:
0 0 0 0 0 0 0 0 0 0 0 0 0 0 0 0 0 0 0 0 0 0 0 0 0 0 0 0 0 0 0 0 0 0 0 0 0 3 0 8 0 3 0 10 0 16 0 44 0 67 0 200 0 147 0 194 0 197 0 182 0 273 0 274 0 349 0 372 0 414 0 472 0 392 0 353 0 246 0 127 0 73 
SAlphaB:
0 0 0 0 0 0 0 0 0 0 0 0 0 0 0 0 0 0 0 0 0 0 0 0 0 0 0 0 0 0 0 0 0 0 0 0 0 3 0 8 0 3 0 10 0 16 0 44 0 67 0 200 0 147 0 194 0 197 0 182 0 273 0 274 0 349 0 372 0 414 0 472 0 392 0 353 0 246 0 127 0 73 

SecondWin:
0 0 0 0 0 0 0 0 0 0 0 0 0 0 0 0 0 0 0 0 0 0 0 0 0 0 0 0 0 0 0 0 0 0 0 0 0 0 0 0 6 0 1 0 10 0 17 0 21 0 103 0 94 0 77 0 137 0 151 0 156 0 238 0 354 0 428 0 480 0 474 0 394 0 344 0 260 0 199 0 87 0 
SAlphaB:
0 0 0 0 0 0 0 0 0 0 0 0 0 0 0 0 0 0 0 0 0 0 0 0 0 0 0 0 0 0 0 0 0 0 0 0 0 0 0 0 6 0 1 0 10 0 17 0 21 0 103 0 94 0 77 0 137 0 151 0 156 0 238 0 354 0 428 0 480 0 474 0 394 0 344 0 260 0 199 0 87 0 
