0 20 81 60 -15 0 9 29

0 30 86 0 -10 2 11 14

0 63 91 76 -14 4 16 19

0 65 86 80 -2 12 22 31

0 46 71 49 -15 5 16 27

0 6 17 14 -3 0 1 3

0 14 26 54 -10 0 12 1

0 60 96 26 -12 6 33 28

0 23 87 93 -11 0 1 19

0 58 77 21 -6 0 10 20

0 18 93 67 -20 12 15 17

0 16 38 90 -10 8 23 14

0 43 87 69 -5 8 14 5

0 78 81 79 -8 12 35 43

0 87 93 63 -1 13 15 35

0 1 89 79 -15 8 13 1

0 49 73 65 -10 4 33 2

0 37 63 83 -18 12 15 10

0 37 41 8 -2 15 16 12

0 36 61 34 -16 0 1 11

0 10 33 22 -2 44 45 4

0 91 99 55 -8 2 10 45

0 70 80 90 -19 3 4 11

0 77 78 70 -4 7 8 33

0 4 54 5 -15 15 31 25

0 9 60 81 -9 0 17 28

0 47 79 68 -6 8 10 48

0 37 48 47 -6 6 16 40

0 41 52 93 -6 29 47 25

0 45 48 93 -9 36 43 20

0 26 50 64 -9 11 18 8

0 50 51 59 -1 7 10 31

0 40 43 44 -18 0 23 2

0 15 40 83 -20 8 13 30

0 10 71 90 -9 0 28 49

0 9 62 49 -19 13 18 46

0 34 52 76 -12 6 28 41

0 1 36 44 -9 1 6 10

0 16 74 40 -2 33 34 39

0 49 85 93 -17 15 20 44

0 16 60 25 -6 47 48 27

0 11 52 51 -14 3 19 23

0 36 66 79 -5 16 21 49

0 8 72 10 -7 17 41 31

0 61 76 30 -3 25 32 42

0 15 18 13 -18 0 9 11

0 19 83 60 -17 34 36 13

0 21 50 39 -9 8 9 46

0 51 61 13 -10 0 45 34

0 1 22 79 -3 25 27 29

0 3 92 91 -13 5 25 26

0 27 57 0 -5 1 33 5

0 4 93 85 -13 20 24 43

0 12 61 64 -12 17 47 11

0 13 18 49 -4 21 46 13

0 8 46 22 -3 15 22 14

0 29 58 99 -1 2 26 32

0 33 54 10 -13 2 27 33

0 21 30 54 -2 6 30 18

0 18 31 56 -10 6 44 10

0 0 1 74 -7 11 20 38

0 4 49 15 -5 24 48 16

0 14 18 6 -1 4 18 4

0 19 28 53 -1 5 30 5

0 30 46 33 -10 6 48 27

0 7 42 51 -18 6 28 37

0 26 44 65 -1 3 39 10

0 21 29 74 -5 10 37 21

0 6 48 5 -12 3 5 42

0 2 7 82 -6 11 33 10

0 15 90 63 -9 21 22 45

0 2 20 75 -10 0 1 31

0 1 12 27 -10 12 14 23

0 12 14 53 -4 24 36 10

0 13 25 0 -8 11 14 22

0 5 36 74 -19 25 31 5

0 1 34 63 -16 16 36 45

0 1 2 89 -16 47 49 49

0 9 15 58 -14 6 20 3

0 9 11 22 -9 12 30 6

0 16 90 20 -5 31 36 22

0 16 42 1 -1 32 44 39

0 2 39 11 -4 10 43 9

0 6 12 78 -2 0 5 37

0 38 43 85 -20 8 45 49

0 4 8 68 -18 23 39 23

0 11 13 81 -15 11 31 20

0 5 16 8 -16 9 42 25

0 0 14 2 -16 1 9 30

0 8 24 21 -18 5 10 23

0 8 11 35 -20 7 9 1

0 0 7 4 -14 0 5 29

0 1 5 48 -1 18 35 36

0 2 5 0 -19 13 39 38

0 2 14 68 -7 3 10 45

0 0 2 80 -17 10 38 12

0 3 4 70 -8 19 45 11

0 0 9 80 -14 0 24 43

0 11 14 18 -2 19 31 28

0 2 3 20 -15 3 5 39


SAlphaB: 714.0, std-dev 256.06704436947996

Earliest win: 37
Latest win: 81

WinDepth:
0 0 0 0 0 0 0 0 0 0 0 0 0 0 0 0 0 0 0 0 0 0 0 0 0 0 0 0 0 0 0 0 0 0 0 0 0 2 0 2 9 1 2 12 7 20 16 37 27 63 63 157 89 117 93 190 100 239 155 215 182 240 233 295 327 319 423 384 448 397 445 438 443 390 377 381 266 242 204 146 107 72 
SAlphaB:
0 0 0 0 0 0 0 0 0 0 0 0 0 0 0 0 0 0 0 0 0 0 0 0 0 0 0 0 0 0 0 0 0 0 0 0 0 2 0 2 9 1 2 12 7 20 16 37 27 63 63 157 89 117 93 190 100 239 155 215 182 240 233 295 327 319 423 384 448 397 445 438 443 390 377 381 266 242 204 146 107 72 

LossDepth:
SAlphaB:
0 0 0 0 0 0 0 0 0 0 0 0 0 0 0 0 0 0 0 0 0 0 0 0 0 0 0 0 0 0 0 0 0 0 0 0 0 2 0 2 9 1 2 12 7 20 16 37 27 63 63 157 89 117 93 190 100 239 155 215 182 240 233 295 327 319 423 384 448 397 445 438 443 390 377 381 266 242 204 146 107 72 

FirstWin:
0 0 0 0 0 0 0 0 0 0 0 0 0 0 0 0 0 0 0 0 0 0 0 0 0 0 0 0 0 0 0 0 0 0 0 0 0 2 0 2 0 1 0 12 0 20 0 37 0 63 0 157 0 117 0 190 0 239 0 215 0 240 0 295 0 319 0 384 0 397 0 438 0 390 0 381 0 242 0 146 0 72 
SAlphaB:
0 0 0 0 0 0 0 0 0 0 0 0 0 0 0 0 0 0 0 0 0 0 0 0 0 0 0 0 0 0 0 0 0 0 0 0 0 2 0 2 0 1 0 12 0 20 0 37 0 63 0 157 0 117 0 190 0 239 0 215 0 240 0 295 0 319 0 384 0 397 0 438 0 390 0 381 0 242 0 146 0 72 

SecondWin:
0 0 0 0 0 0 0 0 0 0 0 0 0 0 0 0 0 0 0 0 0 0 0 0 0 0 0 0 0 0 0 0 0 0 0 0 0 0 0 0 9 0 2 0 7 0 16 0 27 0 63 0 89 0 93 0 100 0 155 0 182 0 233 0 327 0 423 0 448 0 445 0 443 0 377 0 266 0 204 0 107 0 
SAlphaB:
0 0 0 0 0 0 0 0 0 0 0 0 0 0 0 0 0 0 0 0 0 0 0 0 0 0 0 0 0 0 0 0 0 0 0 0 0 0 0 0 9 0 2 0 7 0 16 0 27 0 63 0 89 0 93 0 100 0 155 0 182 0 233 0 327 0 423 0 448 0 445 0 443 0 377 0 266 0 204 0 107 0 
