0 12 68 87 -9 0 10 17

0 20 55 2 -9 0 1 7

0 32 49 29 -13 4 14 17

0 4 79 30 -7 3 5 7

0 41 54 69 -5 1 14 14

0 43 82 64 -12 9 20 21

0 64 82 19 -5 0 17 13

0 51 96 66 -3 15 43 27

0 42 67 45 -20 2 24 37

0 24 79 66 -11 0 40 8

0 27 48 93 -12 1 5 12

0 46 66 94 -5 2 28 21

0 88 96 5 -7 1 32 49

0 24 95 98 -7 17 21 12

0 4 29 65 -11 0 9 7

0 64 94 99 -20 2 3 22

0 24 88 7 -19 4 8 12

0 45 74 90 -14 24 47 29

0 78 94 41 -17 0 8 45

0 9 59 92 -3 26 33 25

0 25 73 28 -5 13 14 3

0 23 81 23 -2 7 17 30

0 34 97 27 -18 8 27 31

0 20 52 27 -10 24 33 13

0 45 96 88 -18 3 4 46

0 79 95 87 -12 20 33 12

0 24 52 27 -2 5 14 42

0 52 65 88 -16 21 23 17

0 28 58 24 -17 5 16 30

0 11 97 42 -15 12 33 4

0 6 96 19 -1 0 1 31

0 74 79 1 -13 10 17 24

0 13 88 27 -11 11 13 32

0 9 91 2 -9 8 45 5

0 54 71 53 -2 2 23 22

0 83 84 25 -5 7 36 25

0 24 57 82 -3 18 34 5

0 31 39 63 -16 14 26 6

0 6 85 70 -5 5 27 2

0 31 48 34 -5 25 36 20

0 14 21 76 -1 19 48 21

0 8 51 20 -8 2 4 45

0 8 83 9 -19 21 25 18

0 17 43 65 -5 4 6 14

0 37 86 71 -6 0 1 41

0 30 70 52 -9 7 35 44

0 19 98 82 -19 6 26 4

0 15 64 86 -11 24 37 38

0 1 33 66 -4 22 23 24

0 20 43 69 -7 19 31 34

0 20 43 84 -5 23 45 24

0 4 48 76 -14 7 21 42

0 42 43 13 -15 5 14 38

0 10 29 94 -7 27 30 14

0 6 10 54 -13 4 10 9

0 16 25 78 -10 12 15 28

0 0 8 64 -2 8 31 38

0 28 55 7 -1 3 33 34

0 57 73 99 -12 20 22 35

0 4 28 50 -18 3 21 26

0 37 76 57 -12 25 48 35

0 14 26 12 -10 0 14 30

0 4 30 91 -12 20 44 5

0 17 35 42 -9 10 38 43

0 0 16 89 -18 0 34 13

0 17 29 48 -3 34 47 6

0 26 47 20 -6 30 32 33

0 13 22 99 -9 9 31 19

0 23 26 2 -16 3 5 14

0 3 31 28 -1 8 14 17

0 20 82 29 -15 40 43 30

0 13 21 88 -14 0 20 15

0 8 33 59 -13 4 23 24

0 1 4 22 -2 19 31 9

0 0 2 0 -14 5 7 4

0 16 41 8 -9 15 22 15

0 10 25 27 -1 29 35 31

0 7 33 25 -7 15 29 44

0 3 49 51 -3 18 19 44

0 3 44 37 -6 24 48 0

0 22 52 51 -17 22 34 46

0 0 1 3 -3 3 7 8

0 67 68 49 -6 36 43 16

0 2 15 35 -11 5 21 39

0 6 67 45 -7 18 26 1

0 5 11 3 -2 0 6 33

0 2 5 98 -7 0 6 24

0 0 3 14 -19 40 46 32

0 9 16 1 -12 9 39 6

0 5 11 8 -15 34 36 19

0 13 63 54 -10 2 47 5

0 8 10 11 -18 1 3 25

0 5 6 94 -1 6 7 34

0 10 15 81 -11 5 29 44

0 14 16 93 -15 27 34 6

0 13 62 74 -4 1 36 46

0 4 16 24 -11 3 18 42

0 0 1 14 -17 4 48 35

0 2 11 25 -7 10 13 37

0 0 1 26 -7 2 4 41


SAlphaB: 726.0, std-dev 269.59938713849954

Earliest win: 37
Latest win: 81

WinDepth:
0 0 0 0 0 0 0 0 0 0 0 0 0 0 0 0 0 0 0 0 0 0 0 0 0 0 0 0 0 0 0 0 0 0 0 0 0 12 0 6 0 5 3 20 8 18 20 67 29 60 76 229 79 117 114 182 158 214 134 150 165 221 259 329 353 400 412 378 409 376 457 464 416 392 353 383 249 249 164 136 97 62 
SAlphaB:
0 0 0 0 0 0 0 0 0 0 0 0 0 0 0 0 0 0 0 0 0 0 0 0 0 0 0 0 0 0 0 0 0 0 0 0 0 12 0 6 0 5 3 20 8 18 20 67 29 60 76 229 79 117 114 182 158 214 134 150 165 221 259 329 353 400 412 378 409 376 457 464 416 392 353 383 249 249 164 136 97 62 

LossDepth:
SAlphaB:
0 0 0 0 0 0 0 0 0 0 0 0 0 0 0 0 0 0 0 0 0 0 0 0 0 0 0 0 0 0 0 0 0 0 0 0 0 12 0 6 0 5 3 20 8 18 20 67 29 60 76 229 79 117 114 182 158 214 134 150 165 221 259 329 353 400 412 378 409 376 457 464 416 392 353 383 249 249 164 136 97 62 

FirstWin:
0 0 0 0 0 0 0 0 0 0 0 0 0 0 0 0 0 0 0 0 0 0 0 0 0 0 0 0 0 0 0 0 0 0 0 0 0 12 0 6 0 5 0 20 0 18 0 67 0 60 0 229 0 117 0 182 0 214 0 150 0 221 0 329 0 400 0 378 0 376 0 464 0 392 0 383 0 249 0 136 0 62 
SAlphaB:
0 0 0 0 0 0 0 0 0 0 0 0 0 0 0 0 0 0 0 0 0 0 0 0 0 0 0 0 0 0 0 0 0 0 0 0 0 12 0 6 0 5 0 20 0 18 0 67 0 60 0 229 0 117 0 182 0 214 0 150 0 221 0 329 0 400 0 378 0 376 0 464 0 392 0 383 0 249 0 136 0 62 

SecondWin:
0 0 0 0 0 0 0 0 0 0 0 0 0 0 0 0 0 0 0 0 0 0 0 0 0 0 0 0 0 0 0 0 0 0 0 0 0 0 0 0 0 0 3 0 8 0 20 0 29 0 76 0 79 0 114 0 158 0 134 0 165 0 259 0 353 0 412 0 409 0 457 0 416 0 353 0 249 0 164 0 97 0 
SAlphaB:
0 0 0 0 0 0 0 0 0 0 0 0 0 0 0 0 0 0 0 0 0 0 0 0 0 0 0 0 0 0 0 0 0 0 0 0 0 0 0 0 0 0 3 0 8 0 20 0 29 0 76 0 79 0 114 0 158 0 134 0 165 0 259 0 353 0 412 0 409 0 457 0 416 0 353 0 249 0 164 0 97 0 
