0 16 89 0 -1 1 3 1

0 31 76 61 -11 4 9 43

0 51 66 88 -12 20 48 12

0 17 75 43 -11 2 9 25

0 46 81 25 -6 3 10 6

0 85 93 77 -12 15 31 16

0 65 91 1 -16 4 30 11

0 37 89 93 -7 1 11 41

0 39 59 85 -1 9 25 5

0 75 99 40 -3 4 37 22

0 35 78 12 -9 4 5 37

0 6 87 63 -10 0 13 9

0 4 78 11 -10 3 4 21

0 45 49 71 -18 8 13 9

0 19 94 29 -5 3 7 47

0 0 96 0 -18 0 10 15

0 9 54 77 -18 5 14 15

0 32 77 45 -3 14 28 15

0 19 57 94 -15 33 47 23

0 62 80 23 -3 8 10 7

0 34 72 34 -12 2 43 6

0 48 87 70 -16 20 44 15

0 49 65 68 -8 9 12 38

0 19 53 87 -17 25 26 30

0 72 89 60 -11 24 38 3

0 3 71 10 -18 4 31 1

0 22 64 92 -17 16 45 23

0 48 49 40 -19 20 47 19

0 24 39 25 -3 22 44 13

0 59 73 54 -7 1 4 4

0 41 99 16 -1 6 10 5

0 27 33 56 -3 1 5 15

0 25 65 2 -1 3 33 14

0 12 32 99 -4 16 36 22

0 67 87 57 -19 7 45 40

0 13 55 63 -20 23 46 17

0 14 84 93 -14 19 25 8

0 68 79 69 -11 20 30 48

0 0 62 42 -11 27 39 23

0 1 94 80 -16 47 48 18

0 12 86 78 -11 2 18 28

0 43 71 70 -6 2 4 21

0 30 35 86 -8 0 3 32

0 22 73 77 -10 11 47 5

0 19 51 79 -8 9 16 4

0 45 74 90 -7 16 30 37

0 83 86 57 -5 20 32 24

0 28 32 16 -11 27 30 16

0 13 51 55 -6 42 47 23

0 12 88 33 -17 19 21 20

0 22 64 29 -6 25 38 39

0 23 84 86 -8 23 39 22

0 10 46 19 -15 20 22 31

0 30 33 42 -16 1 2 28

0 4 66 69 -13 40 47 40

0 5 36 20 -15 20 35 14

0 7 12 83 -18 8 24 20

0 29 48 42 -15 14 21 8

0 35 89 36 -3 44 46 8

0 0 13 60 -18 6 8 45

0 31 35 92 -5 4 30 32

0 51 54 7 -8 35 45 23

0 3 23 14 -12 6 26 28

0 15 90 88 -15 40 43 34

0 19 44 88 -20 4 8 41

0 78 96 3 -13 21 24 25

0 51 68 11 -2 34 48 42

0 51 66 47 -20 22 34 19

0 19 70 32 -13 15 37 26

0 18 56 14 -3 20 30 30

0 30 76 28 -14 10 45 39

0 6 38 16 -10 5 6 46

0 28 33 66 -4 8 9 5

0 18 34 73 -12 12 46 25

0 54 67 52 -15 45 46 43

0 5 20 61 -4 2 6 40

0 31 36 49 -20 3 30 48

0 18 25 65 -8 2 39 7

0 7 8 23 -3 3 10 20

0 45 47 90 -15 3 4 4

0 14 31 72 -13 10 25 5

0 28 29 41 -9 7 35 42

0 11 16 25 -13 26 40 6

0 28 31 89 -6 1 2 39

0 5 6 76 -18 11 14 12

0 7 13 93 -20 33 44 20

0 5 14 45 -13 1 10 5

0 21 44 15 -11 10 38 47

0 6 11 63 -6 15 40 24

0 11 17 54 -6 15 40 18

0 2 3 71 -10 3 15 2

0 1 24 15 -14 15 23 44

0 9 10 72 -19 15 38 31

0 0 1 96 -3 7 14 5

0 0 3 92 -17 8 15 2

0 26 28 1 -18 24 32 49

0 2 17 28 -1 26 33 43

0 3 4 80 -15 3 5 9

0 0 3 58 -17 4 33 2

0 1 16 99 -6 1 12 44


SAlphaB: 730.0, std-dev 284.5946952343904

Earliest win: 37
Latest win: 81

WinDepth:
0 0 0 0 0 0 0 0 0 0 0 0 0 0 0 0 0 0 0 0 0 0 0 0 0 0 0 0 0 0 0 0 0 0 0 0 0 2 1 1 0 5 2 15 8 21 15 27 14 52 60 135 92 117 102 208 134 155 149 179 168 241 238 335 343 312 375 385 489 417 450 445 422 421 383 406 269 247 163 157 117 75 
SAlphaB:
0 0 0 0 0 0 0 0 0 0 0 0 0 0 0 0 0 0 0 0 0 0 0 0 0 0 0 0 0 0 0 0 0 0 0 0 0 2 1 1 0 5 2 15 8 21 15 27 14 52 60 135 92 117 102 208 134 155 149 179 168 241 238 335 343 312 375 385 489 417 450 445 422 421 383 406 269 247 163 157 117 75 

LossDepth:
SAlphaB:
0 0 0 0 0 0 0 0 0 0 0 0 0 0 0 0 0 0 0 0 0 0 0 0 0 0 0 0 0 0 0 0 0 0 0 0 0 2 1 1 0 5 2 15 8 21 15 27 14 52 60 135 92 117 102 208 134 155 149 179 168 241 238 335 343 312 375 385 489 417 450 445 422 421 383 406 269 247 163 157 117 75 

FirstWin:
0 0 0 0 0 0 0 0 0 0 0 0 0 0 0 0 0 0 0 0 0 0 0 0 0 0 0 0 0 0 0 0 0 0 0 0 0 2 0 1 0 5 0 15 0 21 0 27 0 52 0 135 0 117 0 208 0 155 0 179 0 241 0 335 0 312 0 385 0 417 0 445 0 421 0 406 0 247 0 157 0 75 
SAlphaB:
0 0 0 0 0 0 0 0 0 0 0 0 0 0 0 0 0 0 0 0 0 0 0 0 0 0 0 0 0 0 0 0 0 0 0 0 0 2 0 1 0 5 0 15 0 21 0 27 0 52 0 135 0 117 0 208 0 155 0 179 0 241 0 335 0 312 0 385 0 417 0 445 0 421 0 406 0 247 0 157 0 75 

SecondWin:
0 0 0 0 0 0 0 0 0 0 0 0 0 0 0 0 0 0 0 0 0 0 0 0 0 0 0 0 0 0 0 0 0 0 0 0 0 0 1 0 0 0 2 0 8 0 15 0 14 0 60 0 92 0 102 0 134 0 149 0 168 0 238 0 343 0 375 0 489 0 450 0 422 0 383 0 269 0 163 0 117 0 
SAlphaB:
0 0 0 0 0 0 0 0 0 0 0 0 0 0 0 0 0 0 0 0 0 0 0 0 0 0 0 0 0 0 0 0 0 0 0 0 0 0 1 0 0 0 2 0 8 0 15 0 14 0 60 0 92 0 102 0 134 0 149 0 168 0 238 0 343 0 375 0 489 0 450 0 422 0 383 0 269 0 163 0 117 0 
