0 28 89 63 -5 3 13 5

0 27 66 5 -4 4 22 26

0 35 62 61 -4 6 12 4

0 72 76 87 -19 4 33 24

0 7 65 65 -2 5 7 17

0 57 62 72 -13 6 15 11

0 79 84 42 -4 0 1 24

0 75 78 78 -16 8 14 24

0 32 58 12 -17 4 16 12

0 69 99 84 -18 6 23 42

0 77 82 41 -2 2 33 37

0 77 81 7 -4 9 28 14

0 70 81 30 -9 5 15 30

0 15 50 76 -19 18 23 9

0 27 39 63 -14 13 29 17

0 36 48 12 -17 22 26 4

0 6 15 76 -19 13 15 20

0 29 64 29 -7 0 28 1

0 38 92 25 -5 0 8 30

0 8 30 93 -11 9 10 14

0 68 92 50 -10 15 23 16

0 26 30 75 -4 3 9 26

0 41 53 6 -2 12 30 46

0 87 89 20 -11 3 30 10

0 66 75 75 -18 23 40 24

0 54 75 94 -6 3 13 34

0 63 78 7 -18 4 14 35

0 62 70 69 -3 3 12 4

0 82 89 32 -13 0 23 30

0 73 82 43 -9 2 3 11

0 57 86 97 -19 7 31 36

0 14 33 67 -1 9 17 16

0 42 81 95 -9 8 31 35

0 52 94 72 -4 3 4 20

0 20 39 10 -13 12 33 32

0 39 49 49 -13 16 21 9

0 32 55 95 -6 6 42 5

0 52 57 93 -18 9 11 34

0 1 19 11 -8 0 5 3

0 17 21 43 -6 13 17 19

0 15 25 2 -11 25 26 9

0 51 92 95 -8 23 26 12

0 28 40 39 -14 1 9 47

0 18 69 26 -13 6 33 3

0 46 71 7 -16 18 33 40

0 22 32 46 -16 5 31 4

0 1 14 66 -18 36 47 3

0 18 45 16 -15 15 28 30

0 6 25 99 -14 7 41 37

0 43 71 0 -13 29 48 27

0 32 94 38 -10 20 27 18

0 0 95 95 -10 2 4 31

0 16 76 20 -11 8 9 8

0 54 85 75 -10 0 9 47

0 3 53 21 -15 1 18 10

0 5 8 79 -3 16 25 5

0 18 42 42 -4 41 42 21

0 11 89 88 -12 4 19 13

0 28 58 82 -1 0 1 16

0 14 45 3 -12 24 45 28

0 20 43 51 -2 39 46 45

0 11 25 64 -13 0 12 18

0 18 30 38 -2 26 37 8

0 17 32 34 -5 20 40 29

0 12 86 51 -3 25 34 42

0 19 42 37 -12 15 26 38

0 20 55 96 -11 1 34 25

0 1 13 37 -10 27 44 21

0 52 61 54 -7 33 44 33

0 19 87 45 -4 26 34 30

0 3 10 60 -5 11 12 23

0 23 35 8 -17 1 5 40

0 29 35 3 -6 16 29 46

0 17 44 18 -20 9 12 21

0 21 35 39 -16 21 30 33

0 5 25 31 -20 1 43 41

0 10 26 7 -19 0 18 16

0 4 22 8 -4 23 31 46

0 3 22 4 -14 28 49 33

0 9 68 0 -9 16 28 16

0 12 21 6 -20 10 37 30

0 31 34 45 -16 14 39 2

0 5 84 6 -4 5 6 46

0 58 67 16 -9 36 41 11

0 12 18 96 -4 6 22 9

0 0 23 60 -14 2 17 5

0 7 10 39 -12 2 23 8

0 9 10 82 -11 9 44 8

0 0 1 98 -1 42 44 0

0 4 10 39 -11 12 14 38

0 1 2 57 -19 3 5 15

0 0 15 43 -2 31 48 42

0 8 17 81 -8 33 38 25

0 45 60 12 -8 22 46 47

0 4 5 13 -8 22 30 46

0 1 2 18 -8 6 18 47

0 10 13 64 -2 2 44 26

0 13 16 8 -9 1 36 26

0 5 14 20 -16 3 5 43

0 3 5 20 -5 14 17 49


SAlphaB: 725.0, std-dev 263.03676453102423

Earliest win: 37
Latest win: 81

WinDepth:
0 0 0 0 0 0 0 0 0 0 0 0 0 0 0 0 0 0 0 0 0 0 0 0 0 0 0 0 0 0 0 0 0 0 0 0 0 6 0 4 0 3 0 11 6 11 20 26 14 83 70 146 47 93 68 164 100 201 187 210 166 242 219 308 313 362 368 377 448 491 460 474 404 413 443 397 287 259 180 129 117 87 
SAlphaB:
0 0 0 0 0 0 0 0 0 0 0 0 0 0 0 0 0 0 0 0 0 0 0 0 0 0 0 0 0 0 0 0 0 0 0 0 0 6 0 4 0 3 0 11 6 11 20 26 14 83 70 146 47 93 68 164 100 201 187 210 166 242 219 308 313 362 368 377 448 491 460 474 404 413 443 397 287 259 180 129 117 87 

LossDepth:
SAlphaB:
0 0 0 0 0 0 0 0 0 0 0 0 0 0 0 0 0 0 0 0 0 0 0 0 0 0 0 0 0 0 0 0 0 0 0 0 0 6 0 4 0 3 0 11 6 11 20 26 14 83 70 146 47 93 68 164 100 201 187 210 166 242 219 308 313 362 368 377 448 491 460 474 404 413 443 397 287 259 180 129 117 87 

FirstWin:
0 0 0 0 0 0 0 0 0 0 0 0 0 0 0 0 0 0 0 0 0 0 0 0 0 0 0 0 0 0 0 0 0 0 0 0 0 6 0 4 0 3 0 11 0 11 0 26 0 83 0 146 0 93 0 164 0 201 0 210 0 242 0 308 0 362 0 377 0 491 0 474 0 413 0 397 0 259 0 129 0 87 
SAlphaB:
0 0 0 0 0 0 0 0 0 0 0 0 0 0 0 0 0 0 0 0 0 0 0 0 0 0 0 0 0 0 0 0 0 0 0 0 0 6 0 4 0 3 0 11 0 11 0 26 0 83 0 146 0 93 0 164 0 201 0 210 0 242 0 308 0 362 0 377 0 491 0 474 0 413 0 397 0 259 0 129 0 87 

SecondWin:
0 0 0 0 0 0 0 0 0 0 0 0 0 0 0 0 0 0 0 0 0 0 0 0 0 0 0 0 0 0 0 0 0 0 0 0 0 0 0 0 0 0 0 0 6 0 20 0 14 0 70 0 47 0 68 0 100 0 187 0 166 0 219 0 313 0 368 0 448 0 460 0 404 0 443 0 287 0 180 0 117 0 
SAlphaB:
0 0 0 0 0 0 0 0 0 0 0 0 0 0 0 0 0 0 0 0 0 0 0 0 0 0 0 0 0 0 0 0 0 0 0 0 0 0 0 0 0 0 0 0 6 0 20 0 14 0 70 0 47 0 68 0 100 0 187 0 166 0 219 0 313 0 368 0 448 0 460 0 404 0 443 0 287 0 180 0 117 0 
