0 32 91 96 -15 3 10 3

0 59 84 42 -14 1 21 24

0 28 48 18 -1 3 12 16

0 24 51 25 -3 2 18 15

0 45 80 61 -11 1 3 12

0 45 76 10 -14 1 21 31

0 79 83 87 -3 8 39 33

0 57 91 42 -13 2 8 30

0 53 92 86 -6 5 27 12

0 19 69 50 -12 19 32 16

0 32 96 90 -2 5 29 31

0 9 62 37 -6 4 7 2

0 4 92 96 -9 7 12 26

0 22 32 16 -7 6 13 0

0 22 29 10 -16 0 1 28

0 0 75 99 -8 0 2 9

0 20 86 8 -13 4 6 37

0 10 82 26 -17 9 20 3

0 66 73 67 -2 15 16 12

0 44 96 82 -9 3 9 42

0 52 54 92 -4 8 48 8

0 15 45 51 -2 8 12 11

0 44 48 86 -19 30 47 14

0 47 84 36 -19 5 35 31

0 46 84 62 -10 0 1 2

0 60 75 59 -5 3 40 45

0 56 97 55 -16 37 46 21

0 32 44 31 -17 0 4 7

0 56 92 69 -15 35 36 26

0 13 72 94 -5 4 16 20

0 32 77 49 -13 11 42 13

0 78 89 99 -14 25 44 19

0 6 41 79 -15 14 16 24

0 51 54 71 -20 10 22 27

0 37 88 57 -17 10 36 7

0 3 24 16 -14 6 20 19

0 9 36 29 -9 17 28 23

0 49 51 9 -4 3 34 23

0 12 44 81 -3 14 28 31

0 1 75 54 -12 14 43 43

0 21 61 11 -11 45 46 35

0 15 83 58 -11 46 49 6

0 29 93 53 -1 18 25 14

0 47 97 35 -18 32 34 36

0 14 52 10 -8 6 8 30

0 30 33 91 -20 6 41 5

0 34 95 21 -19 0 43 2

0 71 80 62 -12 10 27 23

0 87 93 60 -5 0 42 22

0 41 62 75 -6 1 17 48

0 2 66 32 -13 41 44 45

0 36 73 7 -13 28 43 48

0 14 54 99 -19 5 21 40

0 18 90 89 -12 46 47 10

0 7 47 63 -15 0 14 32

0 30 32 73 -18 17 34 29

0 78 99 7 -18 13 39 35

0 36 84 15 -6 22 39 38

0 26 34 10 -11 17 48 30

0 7 34 25 -6 35 39 24

0 49 69 53 -4 19 21 43

0 40 73 85 -7 0 2 25

0 10 37 53 -10 14 34 39

0 3 6 42 -7 32 35 36

0 27 34 5 -11 21 29 21

0 6 46 90 -12 0 10 33

0 51 52 91 -18 23 33 42

0 0 49 68 -9 3 33 19

0 56 63 12 -7 29 35 14

0 1 20 25 -20 13 29 46

0 7 9 88 -20 8 10 23

0 29 34 88 -8 14 17 43

0 17 30 45 -2 11 41 21

0 4 5 98 -15 6 17 27

0 6 8 99 -19 2 11 11

0 7 44 93 -14 28 42 42

0 21 23 42 -10 12 30 43

0 55 86 5 -9 44 45 48

0 33 61 17 -15 17 23 6

0 1 2 47 -3 34 38 4

0 21 40 76 -18 21 31 2

0 0 1 62 -9 9 31 22

0 4 59 39 -13 13 49 41

0 6 16 74 -20 45 47 29

0 0 15 82 -4 13 37 30

0 58 59 37 -16 13 25 43

0 4 15 29 -19 10 36 16

0 2 16 17 -15 29 45 25

0 4 16 7 -15 11 28 39

0 2 11 74 -3 24 29 9

0 16 19 73 -1 1 26 12

0 25 26 24 -2 36 37 29

0 4 53 12 -4 10 19 42

0 12 26 0 -8 11 14 13

0 0 2 83 -5 12 42 35

0 6 7 3 -17 8 16 5

0 11 13 81 -19 1 9 44

0 29 30 14 -10 33 49 0

0 0 6 28 -9 1 5 26

0 3 6 63 -3 10 11 43


SAlphaB: 712.0, std-dev 262.9884590546885

Earliest win: 35
Latest win: 81

WinDepth:
0 0 0 0 0 0 0 0 0 0 0 0 0 0 0 0 0 0 0 0 0 0 0 0 0 0 0 0 0 0 0 0 0 0 0 1 0 1 1 3 16 12 2 14 16 28 27 50 46 78 85 185 86 123 99 158 106 157 150 150 131 241 254 299 337 367 440 441 434 407 447 455 452 377 404 372 284 228 181 127 116 90 
SAlphaB:
0 0 0 0 0 0 0 0 0 0 0 0 0 0 0 0 0 0 0 0 0 0 0 0 0 0 0 0 0 0 0 0 0 0 0 1 0 1 1 3 16 12 2 14 16 28 27 50 46 78 85 185 86 123 99 158 106 157 150 150 131 241 254 299 337 367 440 441 434 407 447 455 452 377 404 372 284 228 181 127 116 90 

LossDepth:
SAlphaB:
0 0 0 0 0 0 0 0 0 0 0 0 0 0 0 0 0 0 0 0 0 0 0 0 0 0 0 0 0 0 0 0 0 0 0 1 0 1 1 3 16 12 2 14 16 28 27 50 46 78 85 185 86 123 99 158 106 157 150 150 131 241 254 299 337 367 440 441 434 407 447 455 452 377 404 372 284 228 181 127 116 90 

FirstWin:
0 0 0 0 0 0 0 0 0 0 0 0 0 0 0 0 0 0 0 0 0 0 0 0 0 0 0 0 0 0 0 0 0 0 0 1 0 1 0 3 0 12 0 14 0 28 0 50 0 78 0 185 0 123 0 158 0 157 0 150 0 241 0 299 0 367 0 441 0 407 0 455 0 377 0 372 0 228 0 127 0 90 
SAlphaB:
0 0 0 0 0 0 0 0 0 0 0 0 0 0 0 0 0 0 0 0 0 0 0 0 0 0 0 0 0 0 0 0 0 0 0 1 0 1 0 3 0 12 0 14 0 28 0 50 0 78 0 185 0 123 0 158 0 157 0 150 0 241 0 299 0 367 0 441 0 407 0 455 0 377 0 372 0 228 0 127 0 90 

SecondWin:
0 0 0 0 0 0 0 0 0 0 0 0 0 0 0 0 0 0 0 0 0 0 0 0 0 0 0 0 0 0 0 0 0 0 0 0 0 0 1 0 16 0 2 0 16 0 27 0 46 0 85 0 86 0 99 0 106 0 150 0 131 0 254 0 337 0 440 0 434 0 447 0 452 0 404 0 284 0 181 0 116 0 
SAlphaB:
0 0 0 0 0 0 0 0 0 0 0 0 0 0 0 0 0 0 0 0 0 0 0 0 0 0 0 0 0 0 0 0 0 0 0 0 0 0 1 0 16 0 2 0 16 0 27 0 46 0 85 0 86 0 99 0 106 0 150 0 131 0 254 0 337 0 440 0 434 0 447 0 452 0 404 0 284 0 181 0 116 0 
