0 70 94 68 -13 2 17 7

0 19 28 76 -19 0 1 18

0 55 60 56 -9 6 20 12

0 46 75 6 -15 6 12 3

0 27 56 69 -11 13 29 0

0 27 82 35 -5 4 10 4

0 25 29 76 -8 1 9 13

0 11 68 66 -10 6 21 20

0 61 69 76 -14 0 9 2

0 61 94 96 -2 12 29 8

0 23 70 94 -8 6 7 24

0 41 42 34 -11 2 17 26

0 35 72 22 -16 8 18 40

0 47 67 18 -10 21 44 26

0 37 72 88 -8 7 42 39

0 17 82 77 -19 18 26 28

0 22 72 90 -4 7 11 39

0 32 52 10 -15 13 31 24

0 35 51 1 -17 47 49 13

0 39 88 48 -11 22 45 44

0 57 62 21 -15 8 46 47

0 79 85 84 -18 16 27 33

0 9 57 64 -5 20 37 2

0 40 96 87 -5 38 41 36

0 25 34 58 -12 34 39 34

0 12 92 49 -2 5 9 37

0 11 36 85 -17 0 1 21

0 28 33 66 -7 7 9 26

0 11 56 67 -20 7 11 3

0 3 27 24 -13 3 12 18

0 59 61 43 -18 0 3 26

0 41 52 1 -3 0 7 39

0 60 77 63 -1 24 42 43

0 63 68 8 -8 23 27 42

0 10 67 97 -6 21 31 44

0 29 95 15 -1 15 44 43

0 24 38 67 -18 0 1 48

0 37 62 38 -8 29 39 13

0 25 31 35 -6 10 11 20

0 6 37 68 -10 43 45 18

0 11 36 56 -11 0 21 3

0 15 94 90 -16 7 29 1

0 14 71 37 -18 3 5 25

0 56 79 94 -12 22 41 8

0 26 27 84 -12 16 21 25

0 19 34 69 -14 18 43 8

0 6 38 78 -11 3 8 38

0 16 52 84 -7 12 15 29

0 14 44 23 -18 4 13 37

0 3 9 37 -16 34 35 34

0 44 85 22 -4 16 21 38

0 24 55 10 -11 20 43 49

0 22 85 34 -5 38 39 11

0 27 37 93 -17 1 4 48

0 23 36 68 -8 23 48 15

0 7 9 52 -12 42 47 45

0 0 99 8 -13 29 43 31

0 11 33 7 -16 0 11 42

0 10 98 42 -19 15 29 47

0 33 46 20 -14 13 18 46

0 5 6 15 -1 5 27 14

0 8 92 69 -17 1 20 25

0 2 73 13 -8 38 48 22

0 9 17 42 -16 9 24 29

0 2 64 24 -3 25 43 49

0 20 24 97 -16 5 20 30

0 9 17 21 -1 25 27 8

0 10 20 21 -9 0 22 16

0 34 63 50 -19 21 25 3

0 11 61 16 -19 35 40 46

0 4 25 85 -5 8 25 43

0 0 11 39 -17 35 36 9

0 9 38 69 -17 5 44 5

0 10 60 70 -20 11 29 3

0 0 40 44 -14 0 23 22

0 7 15 22 -14 12 18 2

0 9 14 63 -18 2 39 6

0 9 36 4 -14 2 17 26

0 3 49 6 -17 14 20 26

0 10 35 99 -19 8 14 43

0 34 54 0 -7 42 49 49

0 8 9 93 -11 35 36 10

0 8 19 50 -20 14 22 1

0 15 16 12 -1 15 31 35

0 14 23 19 -1 21 37 48

0 4 5 37 -10 12 42 16

0 3 25 72 -10 0 42 44

0 0 1 31 -16 0 1 24

0 0 4 1 -9 4 28 22

0 9 19 73 -6 16 32 33

0 1 41 17 -17 14 49 43

0 10 47 11 -1 4 16 43

0 13 18 6 -15 1 13 48

0 3 12 13 -5 8 38 0

0 0 2 40 -8 1 15 7

0 9 16 49 -2 13 49 19

0 12 32 2 -14 11 43 17

0 3 10 45 -12 2 17 47

0 1 3 5 -8 0 27 43

0 0 3 34 -4 0 1 41


SAlphaB: 699.0, std-dev 260.5645942521312

Earliest win: 35
Latest win: 81

WinDepth:
0 0 0 0 0 0 0 0 0 0 0 0 0 0 0 0 0 0 0 0 0 0 0 0 0 0 0 0 0 0 0 0 0 0 0 1 0 5 0 2 1 6 7 21 17 24 17 22 39 68 70 162 114 149 74 148 118 168 135 208 156 278 217 361 298 361 465 389 457 362 439 481 462 402 383 366 264 238 195 139 94 76 
SAlphaB:
0 0 0 0 0 0 0 0 0 0 0 0 0 0 0 0 0 0 0 0 0 0 0 0 0 0 0 0 0 0 0 0 0 0 0 1 0 5 0 2 1 6 7 21 17 24 17 22 39 68 70 162 114 149 74 148 118 168 135 208 156 278 217 361 298 361 465 389 457 362 439 481 462 402 383 366 264 238 195 139 94 76 

LossDepth:
SAlphaB:
0 0 0 0 0 0 0 0 0 0 0 0 0 0 0 0 0 0 0 0 0 0 0 0 0 0 0 0 0 0 0 0 0 0 0 1 0 5 0 2 1 6 7 21 17 24 17 22 39 68 70 162 114 149 74 148 118 168 135 208 156 278 217 361 298 361 465 389 457 362 439 481 462 402 383 366 264 238 195 139 94 76 

FirstWin:
0 0 0 0 0 0 0 0 0 0 0 0 0 0 0 0 0 0 0 0 0 0 0 0 0 0 0 0 0 0 0 0 0 0 0 1 0 5 0 2 0 6 0 21 0 24 0 22 0 68 0 162 0 149 0 148 0 168 0 208 0 278 0 361 0 361 0 389 0 362 0 481 0 402 0 366 0 238 0 139 0 76 
SAlphaB:
0 0 0 0 0 0 0 0 0 0 0 0 0 0 0 0 0 0 0 0 0 0 0 0 0 0 0 0 0 0 0 0 0 0 0 1 0 5 0 2 0 6 0 21 0 24 0 22 0 68 0 162 0 149 0 148 0 168 0 208 0 278 0 361 0 361 0 389 0 362 0 481 0 402 0 366 0 238 0 139 0 76 

SecondWin:
0 0 0 0 0 0 0 0 0 0 0 0 0 0 0 0 0 0 0 0 0 0 0 0 0 0 0 0 0 0 0 0 0 0 0 0 0 0 0 0 1 0 7 0 17 0 17 0 39 0 70 0 114 0 74 0 118 0 135 0 156 0 217 0 298 0 465 0 457 0 439 0 462 0 383 0 264 0 195 0 94 0 
SAlphaB:
0 0 0 0 0 0 0 0 0 0 0 0 0 0 0 0 0 0 0 0 0 0 0 0 0 0 0 0 0 0 0 0 0 0 0 0 0 0 0 0 1 0 7 0 17 0 17 0 39 0 70 0 114 0 74 0 118 0 135 0 156 0 217 0 298 0 465 0 457 0 439 0 462 0 383 0 264 0 195 0 94 0 
