0 35 67 57 -3 3 16 5

0 61 99 10 -20 2 13 16

0 49 69 29 -14 15 42 2

0 17 70 30 -14 3 6 4

0 46 65 16 -6 5 6 10

0 56 95 92 -12 4 9 21

0 49 59 62 -6 19 47 1

0 36 94 37 -1 2 12 18

0 61 70 49 -17 1 21 34

0 16 75 54 -6 8 25 10

0 26 77 63 -10 0 1 39

0 70 94 43 -7 0 19 2

0 14 34 71 -19 0 1 14

0 25 95 90 -2 6 22 41

0 16 73 66 -5 8 18 16

0 21 31 78 -7 14 27 2

0 46 64 54 -14 16 20 7

0 40 80 98 -10 39 47 28

0 26 92 80 -8 14 16 27

0 63 90 70 -3 3 32 25

0 44 82 80 -17 9 15 23

0 9 75 29 -10 15 26 11

0 73 77 7 -20 35 41 28

0 62 72 24 -8 14 36 12

0 63 65 39 -11 15 40 39

0 21 74 24 -1 4 8 34

0 2 29 6 -9 0 1 1

0 91 94 82 -9 9 26 47

0 29 64 57 -13 11 28 15

0 49 67 68 -12 36 49 38

0 4 62 37 -8 10 11 0

0 72 99 85 -10 0 28 14

0 23 71 7 -17 7 18 0

0 11 64 90 -17 2 4 26

0 11 26 72 -10 0 1 11

0 46 47 80 -16 1 4 36

0 24 26 26 -7 6 19 6

0 30 68 42 -13 21 33 21

0 37 73 10 -16 21 25 9

0 23 38 81 -5 6 22 10

0 8 66 51 -18 1 11 14

0 34 44 37 -15 8 18 14

0 21 58 42 -8 9 31 4

0 47 53 53 -13 0 37 9

0 9 34 14 -16 13 16 10

0 43 55 68 -10 32 43 9

0 23 48 5 -11 1 19 40

0 22 80 27 -1 25 34 22

0 27 29 5 -7 33 45 13

0 27 33 88 -4 21 22 17

0 18 26 11 -18 7 8 0

0 62 72 58 -20 33 42 6

0 43 92 36 -20 31 43 38

0 40 42 60 -12 1 7 37

0 25 62 53 -9 5 40 0

0 67 87 55 -12 29 40 32

0 40 46 50 -14 2 12 49

0 25 50 95 -15 4 41 14

0 4 72 82 -10 18 29 40

0 62 68 1 -4 0 4 16

0 4 45 75 -1 11 36 31

0 9 16 72 -6 7 9 18

0 74 91 70 -1 41 42 31

0 10 55 14 -7 37 48 33

0 49 64 21 -4 0 3 40

0 6 56 92 -2 14 26 9

0 22 41 86 -19 21 27 48

0 9 85 61 -12 3 9 40

0 70 79 21 -8 7 13 49

0 33 34 5 -17 0 8 40

0 32 57 70 -15 22 25 6

0 5 29 91 -10 18 30 36

0 9 41 91 -5 21 47 35

0 68 98 14 -4 12 16 40

0 2 3 3 -18 4 23 20

0 16 28 77 -1 0 1 12

0 15 50 90 -8 3 40 25

0 55 99 36 -1 35 40 7

0 25 54 5 -20 38 44 49

0 27 43 74 -4 0 1 24

0 5 9 76 -2 23 47 35

0 25 30 15 -12 6 37 24

0 16 20 97 -6 0 1 39

0 0 35 79 -10 0 1 20

0 11 19 49 -7 2 18 22

0 0 1 88 -5 19 31 1

0 0 3 88 -5 9 28 24

0 1 35 23 -2 8 26 39

0 5 12 60 -13 17 25 12

0 2 9 77 -19 22 37 22

0 6 12 19 -19 21 41 18

0 6 13 64 -12 13 26 9

0 5 25 86 -3 5 7 22

0 1 5 8 -8 0 1 11

0 1 5 38 -11 12 21 28

0 16 19 74 -11 8 36 33

0 8 15 62 -18 5 45 11

0 0 1 8 -1 0 8 20

0 0 9 70 -10 2 3 30

0 1 7 84 -4 0 15 32


SAlphaB: 709.0, std-dev 266.96097660576356

Earliest win: 37
Latest win: 81

WinDepth:
0 0 0 0 0 0 0 0 0 0 0 0 0 0 0 0 0 0 0 0 0 0 0 0 0 0 0 0 0 0 0 0 0 0 0 0 0 2 0 3 0 2 5 15 12 30 21 51 20 83 68 160 70 115 98 171 121 187 154 211 213 262 262 337 320 295 423 428 398 457 469 473 412 405 410 360 269 219 166 125 99 55 
SAlphaB:
0 0 0 0 0 0 0 0 0 0 0 0 0 0 0 0 0 0 0 0 0 0 0 0 0 0 0 0 0 0 0 0 0 0 0 0 0 2 0 3 0 2 5 15 12 30 21 51 20 83 68 160 70 115 98 171 121 187 154 211 213 262 262 337 320 295 423 428 398 457 469 473 412 405 410 360 269 219 166 125 99 55 

LossDepth:
SAlphaB:
0 0 0 0 0 0 0 0 0 0 0 0 0 0 0 0 0 0 0 0 0 0 0 0 0 0 0 0 0 0 0 0 0 0 0 0 0 2 0 3 0 2 5 15 12 30 21 51 20 83 68 160 70 115 98 171 121 187 154 211 213 262 262 337 320 295 423 428 398 457 469 473 412 405 410 360 269 219 166 125 99 55 

FirstWin:
0 0 0 0 0 0 0 0 0 0 0 0 0 0 0 0 0 0 0 0 0 0 0 0 0 0 0 0 0 0 0 0 0 0 0 0 0 2 0 3 0 2 0 15 0 30 0 51 0 83 0 160 0 115 0 171 0 187 0 211 0 262 0 337 0 295 0 428 0 457 0 473 0 405 0 360 0 219 0 125 0 55 
SAlphaB:
0 0 0 0 0 0 0 0 0 0 0 0 0 0 0 0 0 0 0 0 0 0 0 0 0 0 0 0 0 0 0 0 0 0 0 0 0 2 0 3 0 2 0 15 0 30 0 51 0 83 0 160 0 115 0 171 0 187 0 211 0 262 0 337 0 295 0 428 0 457 0 473 0 405 0 360 0 219 0 125 0 55 

SecondWin:
0 0 0 0 0 0 0 0 0 0 0 0 0 0 0 0 0 0 0 0 0 0 0 0 0 0 0 0 0 0 0 0 0 0 0 0 0 0 0 0 0 0 5 0 12 0 21 0 20 0 68 0 70 0 98 0 121 0 154 0 213 0 262 0 320 0 423 0 398 0 469 0 412 0 410 0 269 0 166 0 99 0 
SAlphaB:
0 0 0 0 0 0 0 0 0 0 0 0 0 0 0 0 0 0 0 0 0 0 0 0 0 0 0 0 0 0 0 0 0 0 0 0 0 0 0 0 0 0 5 0 12 0 21 0 20 0 68 0 70 0 98 0 121 0 154 0 213 0 262 0 320 0 423 0 398 0 469 0 412 0 410 0 269 0 166 0 99 0 
