0 41 88 12 -13 1 18 8

0 43 85 46 -2 1 3 0

0 38 96 59 -15 8 17 20

0 61 80 99 -11 2 23 40

0 21 37 27 -13 0 2 12

0 6 24 45 -15 3 8 12

0 0 89 82 -13 29 47 30

0 15 75 43 -11 1 8 4

0 13 92 54 -5 6 13 9

0 1 82 80 -6 5 31 7

0 25 64 39 -10 0 1 25

0 19 27 75 -12 6 19 20

0 60 79 93 -13 9 48 12

0 49 69 12 -9 17 36 29

0 1 34 48 -5 10 16 12

0 22 45 38 -19 2 20 16

0 27 89 42 -20 3 29 24

0 50 74 7 -19 2 32 22

0 57 77 30 -13 2 8 13

0 83 93 9 -19 18 27 24

0 21 72 20 -5 18 35 5

0 82 86 70 -7 8 9 19

0 13 49 92 -18 5 9 19

0 21 59 67 -7 6 29 3

0 24 97 6 -18 18 48 37

0 7 92 79 -13 8 19 40

0 10 57 44 -2 18 38 37

0 41 79 73 -1 3 5 19

0 59 98 5 -10 22 37 37

0 9 67 11 -16 9 20 20

0 20 77 67 -2 11 33 36

0 31 51 65 -19 27 46 3

0 41 54 29 -2 3 28 44

0 28 55 97 -14 20 36 36

0 19 91 12 -15 15 44 36

0 72 74 48 -3 25 45 5

0 32 44 27 -8 3 41 5

0 37 72 71 -4 37 39 49

0 17 21 38 -14 2 10 20

0 6 15 72 -15 0 1 11

0 26 71 83 -15 17 18 20

0 58 80 20 -16 0 10 37

0 52 73 57 -16 23 25 3

0 6 28 23 -9 2 5 38

0 75 85 84 -13 27 29 29

0 30 72 95 -11 10 15 8

0 27 52 69 -15 27 35 11

0 5 71 88 -14 0 34 35

0 8 58 67 -18 4 7 20

0 39 43 72 -15 10 21 22

0 22 41 26 -18 1 49 45

0 22 97 90 -11 18 30 41

0 7 22 66 -2 3 4 20

0 89 90 20 -8 40 45 5

0 21 33 54 -16 14 43 25

0 0 31 84 -13 35 43 18

0 26 52 94 -1 5 45 35

0 5 27 87 -14 23 36 48

0 2 90 20 -4 21 31 26

0 56 74 90 -10 16 19 9

0 13 87 82 -10 7 9 48

0 44 50 58 -10 2 4 41

0 10 11 38 -2 8 20 4

0 24 27 15 -3 18 19 23

0 0 25 34 -4 13 34 37

0 16 26 9 -10 36 42 25

0 57 85 50 -1 0 1 37

0 2 15 55 -9 19 47 6

0 8 16 16 -6 8 26 34

0 25 32 25 -2 30 31 34

0 61 78 2 -18 0 2 27

0 39 93 25 -7 29 34 35

0 9 17 27 -8 5 18 17

0 4 39 78 -17 0 35 2

0 10 17 70 -14 35 38 4

0 1 11 66 -4 8 46 47

0 20 98 26 -12 18 33 20

0 35 58 3 -18 4 44 40

0 7 21 60 -4 26 40 5

0 3 13 29 -19 0 18 19

0 12 14 53 -14 19 38 25

0 22 90 33 -9 21 23 45

0 11 15 69 -18 4 5 41

0 0 5 17 -14 22 35 35

0 3 8 66 -5 27 43 5

0 0 9 42 -17 28 30 7

0 6 22 33 -12 10 15 49

0 4 27 7 -14 18 45 29

0 2 3 5 -20 5 7 30

0 11 24 78 -14 29 48 47

0 21 45 26 -15 26 34 36

0 4 5 84 -8 4 17 35

0 0 1 20 -10 12 21 47

0 19 28 3 -8 1 46 14

0 7 16 16 -2 33 41 0

0 1 10 44 -9 5 17 41

0 2 3 80 -9 6 8 49

0 9 12 18 -8 10 15 47

0 4 19 2 -12 16 18 43

0 0 1 10 -1 3 4 39


SAlphaB: 714.0, std-dev 261.16997870692904

Earliest win: 39
Latest win: 81

WinDepth:
0 0 0 0 0 0 0 0 0 0 0 0 0 0 0 0 0 0 0 0 0 0 0 0 0 0 0 0 0 0 0 0 0 0 0 0 0 0 0 2 0 3 0 16 22 8 20 34 20 68 33 266 66 136 90 148 129 177 148 165 171 245 223 315 377 340 393 382 462 463 482 453 425 407 352 354 265 231 188 126 85 62 
SAlphaB:
0 0 0 0 0 0 0 0 0 0 0 0 0 0 0 0 0 0 0 0 0 0 0 0 0 0 0 0 0 0 0 0 0 0 0 0 0 0 0 2 0 3 0 16 22 8 20 34 20 68 33 266 66 136 90 148 129 177 148 165 171 245 223 315 377 340 393 382 462 463 482 453 425 407 352 354 265 231 188 126 85 62 

LossDepth:
SAlphaB:
0 0 0 0 0 0 0 0 0 0 0 0 0 0 0 0 0 0 0 0 0 0 0 0 0 0 0 0 0 0 0 0 0 0 0 0 0 0 0 2 0 3 0 16 22 8 20 34 20 68 33 266 66 136 90 148 129 177 148 165 171 245 223 315 377 340 393 382 462 463 482 453 425 407 352 354 265 231 188 126 85 62 

FirstWin:
0 0 0 0 0 0 0 0 0 0 0 0 0 0 0 0 0 0 0 0 0 0 0 0 0 0 0 0 0 0 0 0 0 0 0 0 0 0 0 2 0 3 0 16 0 8 0 34 0 68 0 266 0 136 0 148 0 177 0 165 0 245 0 315 0 340 0 382 0 463 0 453 0 407 0 354 0 231 0 126 0 62 
SAlphaB:
0 0 0 0 0 0 0 0 0 0 0 0 0 0 0 0 0 0 0 0 0 0 0 0 0 0 0 0 0 0 0 0 0 0 0 0 0 0 0 2 0 3 0 16 0 8 0 34 0 68 0 266 0 136 0 148 0 177 0 165 0 245 0 315 0 340 0 382 0 463 0 453 0 407 0 354 0 231 0 126 0 62 

SecondWin:
0 0 0 0 0 0 0 0 0 0 0 0 0 0 0 0 0 0 0 0 0 0 0 0 0 0 0 0 0 0 0 0 0 0 0 0 0 0 0 0 0 0 0 0 22 0 20 0 20 0 33 0 66 0 90 0 129 0 148 0 171 0 223 0 377 0 393 0 462 0 482 0 425 0 352 0 265 0 188 0 85 0 
SAlphaB:
0 0 0 0 0 0 0 0 0 0 0 0 0 0 0 0 0 0 0 0 0 0 0 0 0 0 0 0 0 0 0 0 0 0 0 0 0 0 0 0 0 0 0 0 22 0 20 0 20 0 33 0 66 0 90 0 129 0 148 0 171 0 223 0 377 0 393 0 462 0 482 0 425 0 352 0 265 0 188 0 85 0 
