0 59 96 54 -20 28 47 7

0 77 98 24 -19 5 15 29

0 12 67 40 -7 0 2 28

0 2 81 43 -16 0 1 10

0 21 78 3 -16 1 10 22

0 64 90 89 -2 13 36 25

0 71 92 81 -20 6 37 31

0 67 90 17 -1 5 13 34

0 54 73 82 -4 12 17 6

0 46 67 87 -19 32 40 17

0 22 40 83 -20 4 10 15

0 30 75 64 -5 23 29 34

0 65 78 69 -4 8 10 16

0 25 83 22 -16 9 10 14

0 63 92 22 -20 20 36 41

0 82 91 17 -10 10 37 40

0 85 89 89 -13 0 36 5

0 37 98 86 -11 18 19 45

0 43 53 64 -9 6 9 4

0 82 90 12 -16 13 40 22

0 27 36 36 -9 1 9 27

0 17 42 66 -11 7 10 11

0 82 94 55 -7 16 20 47

0 40 48 98 -19 8 18 1

0 83 88 80 -11 1 4 6

0 68 84 81 -19 11 16 32

0 46 67 69 -15 20 38 12

0 19 22 59 -11 1 11 32

0 45 46 40 -14 2 5 47

0 52 68 44 -10 6 9 42

0 6 42 35 -6 16 34 23

0 41 81 61 -12 29 39 26

0 14 39 85 -13 9 16 0

0 79 84 73 -3 11 19 34

0 65 91 91 -2 33 34 33

0 65 76 14 -5 1 2 1

0 22 45 83 -18 1 2 25

0 40 83 3 -9 25 32 46

0 65 87 59 -14 25 43 18

0 17 43 53 -13 18 48 37

0 25 63 96 -20 14 17 39

0 16 35 93 -15 25 27 42

0 7 90 45 -18 3 16 9

0 25 91 81 -19 4 37 22

0 2 51 43 -12 0 8 47

0 42 46 67 -5 18 19 15

0 6 69 30 -8 10 22 42

0 25 64 85 -11 5 33 24

0 56 62 84 -1 7 11 22

0 38 61 41 -5 25 37 20

0 38 89 69 -13 21 38 45

0 33 76 59 -15 9 12 47

0 32 33 80 -1 1 3 19

0 0 8 84 -4 17 18 43

0 10 70 28 -12 4 11 16

0 2 12 91 -8 5 6 16

0 10 34 32 -4 8 15 6

0 11 26 95 -14 28 30 36

0 15 54 31 -8 7 22 48

0 44 66 10 -6 5 44 37

0 22 23 4 -7 8 31 34

0 6 61 44 -7 19 35 45

0 60 71 2 -3 25 37 48

0 14 28 46 -4 28 40 27

0 50 70 12 -18 23 47 33

0 1 20 61 -12 20 42 0

0 1 35 65 -12 5 7 22

0 6 31 19 -19 14 17 10

0 12 18 42 -13 33 44 45

0 35 37 83 -5 10 35 34

0 22 25 35 -3 5 7 25

0 4 22 23 -11 25 27 20

0 1 16 58 -5 24 40 17

0 12 17 60 -10 9 35 30

0 6 9 52 -11 24 34 35

0 5 38 31 -17 28 35 24

0 0 20 24 -12 21 39 35

0 37 50 36 -11 0 36 35

0 21 28 16 -15 12 18 36

0 6 32 64 -14 1 17 22

0 13 31 89 -3 3 11 41

0 20 52 23 -8 12 39 36

0 20 34 39 -12 17 23 43

0 5 11 95 -12 1 4 0

0 2 7 26 -13 1 16 18

0 29 80 8 -14 26 34 45

0 13 22 25 -6 27 47 2

0 3 8 79 -5 6 16 23

0 0 2 85 -19 5 6 46

0 3 11 49 -12 8 31 4

0 25 47 26 -2 1 48 38

0 9 13 37 -18 0 3 37

0 3 18 56 -15 5 40 22

0 3 17 9 -14 7 35 9

0 11 15 66 -19 4 11 37

0 28 44 32 -15 9 46 43

0 0 1 63 -20 5 40 0

0 3 4 51 -7 0 13 44

0 25 26 53 -15 15 40 15

0 1 45 4 -9 6 30 33


SAlphaB: 697.0, std-dev 261.27242062218846

Earliest win: 37
Latest win: 81

WinDepth:
0 0 0 0 0 0 0 0 0 0 0 0 0 0 0 0 0 0 0 0 0 0 0 0 0 0 0 0 0 0 0 0 0 0 0 0 0 5 2 1 0 6 0 7 5 18 9 34 32 93 38 133 70 111 69 216 129 195 143 168 157 258 248 320 300 340 392 377 426 471 432 452 434 431 402 368 269 260 197 153 95 94 
SAlphaB:
0 0 0 0 0 0 0 0 0 0 0 0 0 0 0 0 0 0 0 0 0 0 0 0 0 0 0 0 0 0 0 0 0 0 0 0 0 5 2 1 0 6 0 7 5 18 9 34 32 93 38 133 70 111 69 216 129 195 143 168 157 258 248 320 300 340 392 377 426 471 432 452 434 431 402 368 269 260 197 153 95 94 

LossDepth:
SAlphaB:
0 0 0 0 0 0 0 0 0 0 0 0 0 0 0 0 0 0 0 0 0 0 0 0 0 0 0 0 0 0 0 0 0 0 0 0 0 5 2 1 0 6 0 7 5 18 9 34 32 93 38 133 70 111 69 216 129 195 143 168 157 258 248 320 300 340 392 377 426 471 432 452 434 431 402 368 269 260 197 153 95 94 

FirstWin:
0 0 0 0 0 0 0 0 0 0 0 0 0 0 0 0 0 0 0 0 0 0 0 0 0 0 0 0 0 0 0 0 0 0 0 0 0 5 0 1 0 6 0 7 0 18 0 34 0 93 0 133 0 111 0 216 0 195 0 168 0 258 0 320 0 340 0 377 0 471 0 452 0 431 0 368 0 260 0 153 0 94 
SAlphaB:
0 0 0 0 0 0 0 0 0 0 0 0 0 0 0 0 0 0 0 0 0 0 0 0 0 0 0 0 0 0 0 0 0 0 0 0 0 5 0 1 0 6 0 7 0 18 0 34 0 93 0 133 0 111 0 216 0 195 0 168 0 258 0 320 0 340 0 377 0 471 0 452 0 431 0 368 0 260 0 153 0 94 

SecondWin:
0 0 0 0 0 0 0 0 0 0 0 0 0 0 0 0 0 0 0 0 0 0 0 0 0 0 0 0 0 0 0 0 0 0 0 0 0 0 2 0 0 0 0 0 5 0 9 0 32 0 38 0 70 0 69 0 129 0 143 0 157 0 248 0 300 0 392 0 426 0 432 0 434 0 402 0 269 0 197 0 95 0 
SAlphaB:
0 0 0 0 0 0 0 0 0 0 0 0 0 0 0 0 0 0 0 0 0 0 0 0 0 0 0 0 0 0 0 0 0 0 0 0 0 0 2 0 0 0 0 0 5 0 9 0 32 0 38 0 70 0 69 0 129 0 143 0 157 0 248 0 300 0 392 0 426 0 432 0 434 0 402 0 269 0 197 0 95 0 
