0 64 79 56 -12 6 22 13

0 50 56 39 -1 11 22 21

0 48 89 80 -17 7 37 20

0 81 92 15 -18 6 16 43

0 16 48 5 -12 0 14 37

0 33 73 8 -18 10 25 20

0 40 63 60 -15 6 15 34

0 60 76 34 -1 3 4 5

0 76 77 20 -14 19 47 7

0 43 54 99 -9 7 14 5

0 82 94 33 -16 10 44 25

0 31 80 0 -12 17 28 26

0 27 30 84 -9 7 9 15

0 54 66 75 -1 25 28 17

0 29 96 95 -16 10 32 7

0 79 91 0 -6 9 21 37

0 40 67 2 -1 12 15 3

0 25 91 20 -13 9 25 23

0 7 79 84 -8 24 43 12

0 10 62 23 -14 4 13 43

0 60 71 11 -15 1 23 29

0 50 91 31 -5 2 4 38

0 34 54 89 -20 5 10 29

0 20 86 80 -11 33 46 15

0 1 64 99 -17 27 46 11

0 63 82 70 -6 1 9 45

0 46 69 53 -10 15 38 39

0 32 88 17 -5 10 21 38

0 10 92 20 -18 0 3 42

0 51 79 1 -4 15 18 43

0 44 76 20 -17 18 19 27

0 37 52 78 -4 2 35 26

0 33 51 12 -14 18 28 27

0 11 64 80 -14 34 39 33

0 17 30 89 -20 12 21 7

0 7 76 46 -7 24 36 10

0 48 75 16 -7 16 40 49

0 26 35 16 -14 19 21 22

0 6 83 91 -2 1 38 1

0 26 42 94 -4 7 24 22

0 11 96 95 -18 8 24 46

0 19 26 39 -6 2 11 26

0 9 24 66 -6 15 23 14

0 28 83 55 -13 6 34 35

0 26 39 70 -15 26 43 11

0 51 77 0 -5 14 21 46

0 13 66 25 -5 16 20 5

0 23 64 60 -10 8 12 40

0 16 87 23 -1 8 41 10

0 14 74 62 -11 21 38 17

0 28 35 55 -13 2 33 23

0 27 85 54 -5 7 9 47

0 24 37 72 -2 20 45 11

0 7 20 56 -3 1 2 18

0 0 10 25 -17 6 8 25

0 12 95 76 -9 1 24 41

0 56 89 63 -16 39 43 6

0 61 64 55 -17 14 23 41

0 47 57 33 -17 20 30 28

0 12 88 87 -15 10 22 47

0 5 95 23 -3 37 43 45

0 13 16 81 -16 6 17 21

0 4 22 63 -14 3 5 21

0 21 31 89 -13 15 41 25

0 22 59 5 -11 24 30 6

0 2 8 98 -5 24 28 23

0 28 48 4 -10 8 18 41

0 40 51 65 -8 15 20 26

0 17 29 79 -12 8 13 24

0 4 36 36 -11 19 23 11

0 28 32 22 -7 4 46 18

0 0 6 95 -3 23 47 35

0 5 7 73 -5 3 6 5

0 4 22 62 -14 0 28 25

0 16 35 55 -1 26 28 35

0 2 13 83 -7 0 18 31

0 37 68 32 -6 14 20 43

0 12 17 29 -17 14 21 15

0 7 41 88 -16 3 18 40

0 23 62 76 -8 29 30 47

0 43 47 67 -8 14 25 38

0 7 34 6 -4 16 20 17

0 9 11 93 -8 0 3 31

0 0 56 5 -5 3 6 25

0 7 25 5 -8 9 32 25

0 10 16 78 -2 12 36 46

0 42 51 13 -2 33 35 35

0 13 33 85 -1 4 37 23

0 0 1 57 -14 0 9 26

0 8 32 31 -12 9 41 40

0 1 8 51 -5 0 7 8

0 8 12 11 -3 38 41 13

0 6 34 90 -4 34 43 0

0 3 12 32 -10 10 33 35

0 0 30 26 -15 15 30 44

0 4 52 81 -7 3 48 29

0 0 5 77 -19 4 5 1

0 2 11 0 -4 4 5 41

0 3 11 37 -12 19 38 42

0 6 30 53 -1 2 22 42


SAlphaB: 696.0, std-dev 268.59200096018867

Earliest win: 35
Latest win: 81

WinDepth:
0 0 0 0 0 0 0 0 0 0 0 0 0 0 0 0 0 0 0 0 0 0 0 0 0 0 0 0 0 0 0 0 0 0 0 3 0 5 0 8 15 17 3 5 6 16 13 51 31 52 82 193 75 137 110 188 114 181 143 191 146 237 239 390 328 362 369 358 509 415 449 465 394 395 358 330 233 224 177 146 85 70 
SAlphaB:
0 0 0 0 0 0 0 0 0 0 0 0 0 0 0 0 0 0 0 0 0 0 0 0 0 0 0 0 0 0 0 0 0 0 0 3 0 5 0 8 15 17 3 5 6 16 13 51 31 52 82 193 75 137 110 188 114 181 143 191 146 237 239 390 328 362 369 358 509 415 449 465 394 395 358 330 233 224 177 146 85 70 

LossDepth:
SAlphaB:
0 0 0 0 0 0 0 0 0 0 0 0 0 0 0 0 0 0 0 0 0 0 0 0 0 0 0 0 0 0 0 0 0 0 0 3 0 5 0 8 15 17 3 5 6 16 13 51 31 52 82 193 75 137 110 188 114 181 143 191 146 237 239 390 328 362 369 358 509 415 449 465 394 395 358 330 233 224 177 146 85 70 

FirstWin:
0 0 0 0 0 0 0 0 0 0 0 0 0 0 0 0 0 0 0 0 0 0 0 0 0 0 0 0 0 0 0 0 0 0 0 3 0 5 0 8 0 17 0 5 0 16 0 51 0 52 0 193 0 137 0 188 0 181 0 191 0 237 0 390 0 362 0 358 0 415 0 465 0 395 0 330 0 224 0 146 0 70 
SAlphaB:
0 0 0 0 0 0 0 0 0 0 0 0 0 0 0 0 0 0 0 0 0 0 0 0 0 0 0 0 0 0 0 0 0 0 0 3 0 5 0 8 0 17 0 5 0 16 0 51 0 52 0 193 0 137 0 188 0 181 0 191 0 237 0 390 0 362 0 358 0 415 0 465 0 395 0 330 0 224 0 146 0 70 

SecondWin:
0 0 0 0 0 0 0 0 0 0 0 0 0 0 0 0 0 0 0 0 0 0 0 0 0 0 0 0 0 0 0 0 0 0 0 0 0 0 0 0 15 0 3 0 6 0 13 0 31 0 82 0 75 0 110 0 114 0 143 0 146 0 239 0 328 0 369 0 509 0 449 0 394 0 358 0 233 0 177 0 85 0 
SAlphaB:
0 0 0 0 0 0 0 0 0 0 0 0 0 0 0 0 0 0 0 0 0 0 0 0 0 0 0 0 0 0 0 0 0 0 0 0 0 0 0 0 15 0 3 0 6 0 13 0 31 0 82 0 75 0 110 0 114 0 143 0 146 0 239 0 328 0 369 0 509 0 449 0 394 0 358 0 233 0 177 0 85 0 
