0 20 52 47 -17 0 1 5

0 24 82 24 -7 0 2 11

0 36 58 68 -19 1 4 0

0 38 79 95 -19 1 2 20

0 23 60 61 -9 1 15 20

0 15 73 56 -6 6 12 40

0 28 78 75 -19 0 19 44

0 50 97 89 -14 9 29 32

0 48 93 41 -17 0 3 41

0 26 96 56 -5 16 28 5

0 43 60 47 -12 4 5 14

0 7 72 48 -16 5 10 25

0 12 73 35 -12 5 11 16

0 39 75 63 -19 14 39 27

0 57 91 58 -10 14 36 37

0 67 92 22 -13 6 26 19

0 18 97 35 -16 18 46 19

0 68 70 49 -16 11 32 34

0 29 90 62 -15 21 44 32

0 43 79 27 -6 19 35 30

0 46 55 38 -19 11 14 11

0 59 77 19 -14 21 30 19

0 25 98 84 -5 20 30 28

0 76 77 37 -13 16 34 37

0 9 29 18 -11 24 39 20

0 53 79 57 -10 22 33 45

0 24 43 19 -18 1 14 30

0 61 95 61 -17 10 18 40

0 61 73 9 -14 20 48 33

0 13 56 13 -19 2 6 42

0 15 36 41 -7 12 33 32

0 10 73 38 -3 0 4 16

0 21 27 60 -20 29 44 26

0 15 25 52 -18 17 37 12

0 1 40 33 -9 1 2 21

0 3 15 45 -20 11 23 20

0 16 19 95 -5 12 43 30

0 7 15 93 -13 1 2 4

0 11 20 6 -11 14 37 35

0 24 28 99 -11 11 18 49

0 30 90 62 -9 24 32 4

0 18 64 73 -20 8 22 48

0 1 21 2 -15 0 8 20

0 20 35 78 -5 15 17 9

0 22 58 3 -1 0 2 29

0 23 64 15 -16 34 36 27

0 11 47 26 -17 14 15 22

0 6 70 83 -13 20 25 48

0 26 75 20 -5 44 48 7

0 44 57 42 -10 1 2 48

0 62 68 56 -3 1 7 13

0 49 54 7 -2 26 45 31

0 36 52 69 -20 17 24 39

0 26 44 40 -15 34 48 27

0 9 13 97 -11 1 4 14

0 3 41 70 -10 3 33 23

0 21 30 17 -10 1 6 43

0 15 53 64 -7 26 28 41

0 26 43 63 -10 28 35 42

0 5 20 70 -14 11 19 3

0 30 43 27 -7 5 35 15

0 6 9 14 -7 1 13 6

0 38 57 88 -17 5 46 22

0 60 62 45 -18 31 47 41

0 8 19 92 -6 0 8 17

0 2 55 5 -17 25 40 42

0 23 49 43 -10 5 32 22

0 38 44 27 -10 1 6 44

0 17 30 5 -20 6 42 42

0 9 15 8 -9 2 3 25

0 9 13 73 -1 16 33 5

0 0 5 28 -18 6 16 35

0 5 8 13 -18 18 40 20

0 0 13 4 -10 15 40 23

0 3 22 11 -9 2 4 20

0 9 19 44 -12 22 24 29

0 3 21 69 -15 23 25 45

0 9 63 33 -3 6 9 45

0 42 51 8 -14 1 35 11

0 7 13 16 -6 0 7 14

0 10 22 57 -1 23 44 30

0 5 7 76 -2 21 33 22

0 3 13 18 -7 2 26 11

0 4 9 1 -9 12 16 4

0 2 3 63 -13 5 40 35

0 0 1 3 -7 0 3 25

0 0 2 41 -1 37 43 9

0 1 5 72 -1 39 45 47

0 29 31 90 -13 7 44 48

0 4 6 17 -19 4 11 41

0 1 13 12 -17 0 12 0

0 6 16 91 -13 10 37 8

0 1 15 83 -18 2 34 40

0 3 7 92 -4 5 11 31

0 1 3 64 -4 9 12 37

0 0 1 3 -12 14 15 37

0 8 15 8 -16 4 6 39

0 6 8 3 -19 1 8 42

0 7 10 11 -6 3 27 48

0 1 3 0 -8 5 9 37


SAlphaB: 708.0, std-dev 257.0143260362713

Earliest win: 39
Latest win: 81

WinDepth:
0 0 0 0 0 0 0 0 0 0 0 0 0 0 0 0 0 0 0 0 0 0 0 0 0 0 0 0 0 0 0 0 0 0 0 0 0 0 0 4 0 3 1 12 5 17 12 40 37 66 64 192 70 159 114 166 97 179 153 168 181 233 245 393 334 360 409 350 457 407 430 443 421 414 356 352 257 253 178 144 120 87 
SAlphaB:
0 0 0 0 0 0 0 0 0 0 0 0 0 0 0 0 0 0 0 0 0 0 0 0 0 0 0 0 0 0 0 0 0 0 0 0 0 0 0 4 0 3 1 12 5 17 12 40 37 66 64 192 70 159 114 166 97 179 153 168 181 233 245 393 334 360 409 350 457 407 430 443 421 414 356 352 257 253 178 144 120 87 

LossDepth:
SAlphaB:
0 0 0 0 0 0 0 0 0 0 0 0 0 0 0 0 0 0 0 0 0 0 0 0 0 0 0 0 0 0 0 0 0 0 0 0 0 0 0 4 0 3 1 12 5 17 12 40 37 66 64 192 70 159 114 166 97 179 153 168 181 233 245 393 334 360 409 350 457 407 430 443 421 414 356 352 257 253 178 144 120 87 

FirstWin:
0 0 0 0 0 0 0 0 0 0 0 0 0 0 0 0 0 0 0 0 0 0 0 0 0 0 0 0 0 0 0 0 0 0 0 0 0 0 0 4 0 3 0 12 0 17 0 40 0 66 0 192 0 159 0 166 0 179 0 168 0 233 0 393 0 360 0 350 0 407 0 443 0 414 0 352 0 253 0 144 0 87 
SAlphaB:
0 0 0 0 0 0 0 0 0 0 0 0 0 0 0 0 0 0 0 0 0 0 0 0 0 0 0 0 0 0 0 0 0 0 0 0 0 0 0 4 0 3 0 12 0 17 0 40 0 66 0 192 0 159 0 166 0 179 0 168 0 233 0 393 0 360 0 350 0 407 0 443 0 414 0 352 0 253 0 144 0 87 

SecondWin:
0 0 0 0 0 0 0 0 0 0 0 0 0 0 0 0 0 0 0 0 0 0 0 0 0 0 0 0 0 0 0 0 0 0 0 0 0 0 0 0 0 0 1 0 5 0 12 0 37 0 64 0 70 0 114 0 97 0 153 0 181 0 245 0 334 0 409 0 457 0 430 0 421 0 356 0 257 0 178 0 120 0 
SAlphaB:
0 0 0 0 0 0 0 0 0 0 0 0 0 0 0 0 0 0 0 0 0 0 0 0 0 0 0 0 0 0 0 0 0 0 0 0 0 0 0 0 0 0 1 0 5 0 12 0 37 0 64 0 70 0 114 0 97 0 153 0 181 0 245 0 334 0 409 0 457 0 430 0 421 0 356 0 257 0 178 0 120 0 
