0 30 93 76 -17 2 4 8

0 13 62 65 -8 0 1 8

0 43 62 87 -15 4 20 19

0 47 91 35 -13 0 1 23

0 15 95 57 -17 12 13 45

0 12 87 63 -5 38 44 10

0 32 55 26 -20 3 14 37

0 47 70 21 -6 5 22 23

0 14 52 35 -1 7 16 10

0 59 85 90 -17 21 39 6

0 3 93 35 -11 42 49 12

0 45 68 53 -7 5 33 7

0 34 36 10 -4 1 12 15

0 78 98 81 -5 15 28 40

0 2 51 16 -9 0 5 1

0 31 32 45 -10 1 16 15

0 53 97 94 -4 8 11 14

0 17 84 29 -5 12 13 7

0 32 56 44 -7 6 14 42

0 33 52 71 -9 4 25 26

0 16 58 27 -2 8 10 37

0 14 79 15 -3 2 23 10

0 34 82 67 -15 0 1 45

0 0 88 3 -15 8 20 0

0 0 66 87 -17 5 13 41

0 14 48 42 -1 27 46 13

0 37 70 22 -14 1 28 41

0 68 78 25 -10 12 28 7

0 65 69 82 -15 14 24 31

0 18 27 70 -2 34 41 28

0 43 53 57 -17 0 1 31

0 79 89 56 -10 7 19 16

0 35 56 15 -17 7 26 43

0 11 14 44 -2 16 19 15

0 32 46 97 -12 5 17 35

0 6 29 33 -2 3 11 10

0 20 41 40 -1 22 40 17

0 26 49 80 -2 2 20 6

0 84 97 30 -15 5 20 15

0 13 75 49 -8 15 16 12

0 2 35 41 -7 29 41 18

0 35 50 32 -1 26 43 11

0 76 85 14 -9 26 28 4

0 16 63 46 -15 1 12 34

0 38 96 76 -10 10 43 40

0 38 83 88 -10 13 48 43

0 20 58 71 -18 5 10 46

0 14 96 78 -14 1 33 14

0 48 55 30 -20 40 41 15

0 61 99 85 -14 21 32 23

0 26 71 82 -11 13 38 47

0 41 96 54 -15 27 32 36

0 43 44 18 -1 19 30 46

0 6 57 65 -18 17 25 23

0 12 20 74 -15 1 3 5

0 21 46 47 -15 26 34 32

0 42 87 89 -1 19 20 49

0 4 7 82 -4 4 9 8

0 12 21 40 -17 20 49 16

0 52 68 50 -6 15 17 24

0 24 78 98 -12 2 21 5

0 18 35 56 -15 25 44 19

0 39 96 16 -7 29 43 21

0 20 24 60 -20 5 7 20

0 24 35 72 -7 15 42 49

0 45 47 12 -5 0 1 38

0 7 29 0 -6 6 18 24

0 8 59 99 -3 0 41 34

0 5 53 17 -7 7 40 11

0 6 47 67 -11 3 33 10

0 23 56 5 -1 25 30 24

0 5 40 60 -6 36 48 17

0 8 12 24 -20 13 47 11

0 46 53 80 -7 24 38 31

0 3 27 7 -18 12 28 0

0 13 22 40 -7 0 1 43

0 41 45 3 -1 3 44 42

0 21 44 93 -18 23 25 47

0 18 50 59 -6 1 2 34

0 5 9 72 -1 6 17 2

0 48 61 4 -14 12 14 3

0 13 18 80 -14 8 11 10

0 15 16 56 -16 33 40 14

0 0 5 17 -2 43 49 15

0 6 9 60 -4 17 18 35

0 4 34 30 -14 0 5 49

0 7 12 54 -2 1 25 20

0 18 22 59 -4 3 5 36

0 8 19 15 -10 20 25 4

0 16 19 38 -20 35 43 7

0 11 27 2 -1 11 16 28

0 4 10 64 -19 0 18 21

0 3 9 71 -14 7 35 33

0 6 7 51 -5 0 23 44

0 8 10 71 -6 3 22 36

0 0 14 39 -7 10 40 41

0 8 17 23 -18 29 47 4

0 0 7 56 -11 7 29 35

0 0 1 37 -7 3 30 49

0 1 2 5 -5 2 6 34


SAlphaB: 699.0, std-dev 260.94434195046193

Earliest win: 35
Latest win: 81

WinDepth:
0 0 0 0 0 0 0 0 0 0 0 0 0 0 0 0 0 0 0 0 0 0 0 0 0 0 0 0 0 0 0 0 0 0 0 1 0 2 1 3 16 7 7 13 26 21 18 47 45 53 49 204 123 120 110 180 141 208 146 176 167 235 270 333 322 386 360 411 439 410 441 480 377 343 401 359 225 245 184 127 111 80 
SAlphaB:
0 0 0 0 0 0 0 0 0 0 0 0 0 0 0 0 0 0 0 0 0 0 0 0 0 0 0 0 0 0 0 0 0 0 0 1 0 2 1 3 16 7 7 13 26 21 18 47 45 53 49 204 123 120 110 180 141 208 146 176 167 235 270 333 322 386 360 411 439 410 441 480 377 343 401 359 225 245 184 127 111 80 

LossDepth:
SAlphaB:
0 0 0 0 0 0 0 0 0 0 0 0 0 0 0 0 0 0 0 0 0 0 0 0 0 0 0 0 0 0 0 0 0 0 0 1 0 2 1 3 16 7 7 13 26 21 18 47 45 53 49 204 123 120 110 180 141 208 146 176 167 235 270 333 322 386 360 411 439 410 441 480 377 343 401 359 225 245 184 127 111 80 

FirstWin:
0 0 0 0 0 0 0 0 0 0 0 0 0 0 0 0 0 0 0 0 0 0 0 0 0 0 0 0 0 0 0 0 0 0 0 1 0 2 0 3 0 7 0 13 0 21 0 47 0 53 0 204 0 120 0 180 0 208 0 176 0 235 0 333 0 386 0 411 0 410 0 480 0 343 0 359 0 245 0 127 0 80 
SAlphaB:
0 0 0 0 0 0 0 0 0 0 0 0 0 0 0 0 0 0 0 0 0 0 0 0 0 0 0 0 0 0 0 0 0 0 0 1 0 2 0 3 0 7 0 13 0 21 0 47 0 53 0 204 0 120 0 180 0 208 0 176 0 235 0 333 0 386 0 411 0 410 0 480 0 343 0 359 0 245 0 127 0 80 

SecondWin:
0 0 0 0 0 0 0 0 0 0 0 0 0 0 0 0 0 0 0 0 0 0 0 0 0 0 0 0 0 0 0 0 0 0 0 0 0 0 1 0 16 0 7 0 26 0 18 0 45 0 49 0 123 0 110 0 141 0 146 0 167 0 270 0 322 0 360 0 439 0 441 0 377 0 401 0 225 0 184 0 111 0 
SAlphaB:
0 0 0 0 0 0 0 0 0 0 0 0 0 0 0 0 0 0 0 0 0 0 0 0 0 0 0 0 0 0 0 0 0 0 0 0 0 0 1 0 16 0 7 0 26 0 18 0 45 0 49 0 123 0 110 0 141 0 146 0 167 0 270 0 322 0 360 0 439 0 441 0 377 0 401 0 225 0 184 0 111 0 
