0 45 94 8 -4 9 21 15

0 57 82 24 -13 5 15 9

0 46 88 88 -14 4 15 8

0 46 90 8 -13 2 16 16

0 22 97 10 -5 2 18 25

0 49 68 59 -13 11 17 16

0 43 87 46 -14 6 21 20

0 94 95 93 -19 11 30 33

0 81 92 87 -12 4 29 16

0 42 91 53 -13 4 18 4

0 30 49 73 -4 4 12 8

0 36 51 70 -14 1 3 8

0 21 74 34 -6 0 13 2

0 22 53 80 -1 2 11 4

0 28 98 48 -7 1 2 8

0 16 64 8 -15 0 10 13

0 60 91 86 -16 2 7 26

0 32 58 48 -13 1 7 23

0 56 92 81 -16 5 26 43

0 30 72 22 -10 1 2 12

0 48 87 26 -15 8 21 39

0 44 99 40 -16 5 16 46

0 53 99 51 -13 11 23 19

0 38 84 59 -5 0 9 14

0 46 60 4 -4 15 18 10

0 51 58 80 -3 8 36 13

0 56 82 61 -10 7 27 40

0 48 75 73 -8 1 4 19

0 54 97 36 -10 11 14 9

0 20 61 39 -8 1 5 23

0 71 75 50 -7 10 41 11

0 42 80 48 -8 6 36 44

0 47 92 61 -20 0 1 34

0 82 95 69 -15 7 17 1

0 74 93 67 -6 0 2 10

0 26 43 34 -15 1 3 13

0 90 97 79 -20 2 11 15

0 80 91 45 -11 0 19 16

0 51 93 90 -17 0 44 31

0 50 51 15 -16 3 10 0

0 60 85 5 -6 6 48 6

0 51 73 29 -9 12 27 41

0 8 62 41 -12 2 4 13

0 89 90 87 -5 6 31 49

0 60 62 96 -7 6 19 4

0 19 96 60 -4 8 12 5

0 63 92 59 -19 0 2 23

0 26 40 17 -8 18 38 3

0 32 96 59 -1 11 31 17

0 49 99 81 -11 3 7 18

0 56 85 87 -13 6 29 4

0 31 51 74 -18 0 1 31

0 60 61 77 -1 4 10 15

0 48 51 67 -19 3 18 26

0 23 97 67 -15 18 47 32

0 37 88 73 -12 4 19 44

0 52 67 78 -1 10 21 40

0 26 39 4 -9 2 8 3

0 60 64 14 -2 8 19 19

0 31 75 78 -8 5 6 0

0 63 68 31 -20 14 33 7

0 68 96 51 -3 3 9 13

0 80 85 15 -16 15 18 18

0 38 71 54 -10 0 3 18

0 80 83 69 -2 15 48 20

0 17 49 95 -5 2 13 26

0 16 41 84 -6 0 12 10

0 66 99 85 -1 0 44 20

0 66 76 76 -5 2 12 20

0 13 70 95 -20 15 33 19

0 36 59 52 -5 5 18 36

0 68 87 7 -7 4 24 3

0 18 35 47 -2 4 18 16

0 42 54 9 -18 12 27 8

0 37 74 88 -8 8 16 42

0 67 69 49 -11 0 1 19

0 25 40 22 -20 0 1 1

0 56 93 54 -13 16 20 25

0 35 92 12 -13 9 12 21

0 20 62 67 -12 3 13 8

0 1 87 56 -3 18 48 29

0 45 56 48 -20 9 27 38

0 12 88 90 -13 3 4 21

0 37 42 14 -19 6 21 9

0 32 85 3 -8 3 7 40

0 35 97 3 -8 10 20 35

0 38 71 47 -17 5 7 39

0 15 69 81 -4 5 11 0

0 11 13 85 -5 7 8 8

0 18 58 91 -9 9 23 26

0 31 91 4 -7 9 30 32

0 16 46 8 -20 2 5 16

0 32 64 72 -6 24 35 11

0 35 50 93 -12 20 32 7

0 40 48 67 -3 0 3 7

0 13 64 28 -5 5 30 27

0 86 98 52 -12 24 29 37

0 36 53 66 -14 28 42 10

0 23 45 0 -12 7 19 4

0 8 93 17 -20 12 24 0


SAlphaB: 733.0, std-dev 253.8959782623147

Earliest win: 35
Latest win: 81

WinDepth:
0 0 0 0 0 0 0 0 0 0 0 0 0 0 0 0 0 0 0 0 0 0 0 0 0 0 0 0 0 0 0 0 0 0 0 1 1 12 5 35 4 10 7 24 37 76 28 157 61 172 129 405 168 316 244 450 341 635 428 564 434 579 620 836 745 961 910 1001 956 899 1042 949 860 834 907 748 584 462 407 289 233 128 
SAlphaB:
0 0 0 0 0 0 0 0 0 0 0 0 0 0 0 0 0 0 0 0 0 0 0 0 0 0 0 0 0 0 0 0 0 0 0 1 1 12 5 35 4 10 7 24 37 76 28 157 61 172 129 405 168 316 244 450 341 635 428 564 434 579 620 836 745 961 910 1001 956 899 1042 949 860 834 907 748 584 462 407 289 233 128 

LossDepth:
SAlphaB:
0 0 0 0 0 0 0 0 0 0 0 0 0 0 0 0 0 0 0 0 0 0 0 0 0 0 0 0 0 0 0 0 0 0 0 1 1 13 4 31 3 7 5 13 34 52 14 69 36 87 67 144 116 173 145 297 191 375 304 313 288 381 416 605 482 688 677 788 710 709 732 858 631 696 708 683 495 437 299 261 249 150 

FirstWin:
0 0 0 0 0 0 0 0 0 0 0 0 0 0 0 0 0 0 0 0 0 0 0 0 0 0 0 0 0 0 0 0 0 0 0 1 0 12 0 35 0 10 0 24 0 76 0 157 0 172 0 405 0 316 0 450 0 635 0 564 0 579 0 836 0 961 0 1001 0 899 0 949 0 834 0 748 0 462 0 289 0 128 
SAlphaB:
0 0 0 0 0 0 0 0 0 0 0 0 0 0 0 0 0 0 0 0 0 0 0 0 0 0 0 0 0 0 0 0 0 0 0 1 0 12 0 35 0 10 0 24 0 76 0 157 0 172 0 405 0 316 0 450 0 635 0 564 0 579 0 836 0 961 0 1001 0 899 0 949 0 834 0 748 0 462 0 289 0 128 

SecondWin:
0 0 0 0 0 0 0 0 0 0 0 0 0 0 0 0 0 0 0 0 0 0 0 0 0 0 0 0 0 0 0 0 0 0 0 0 1 0 5 0 4 0 7 0 37 0 28 0 61 0 129 0 168 0 244 0 341 0 428 0 434 0 620 0 745 0 910 0 956 0 1042 0 860 0 907 0 584 0 407 0 233 0 
SAlphaB:
0 0 0 0 0 0 0 0 0 0 0 0 0 0 0 0 0 0 0 0 0 0 0 0 0 0 0 0 0 0 0 0 0 0 0 0 1 0 5 0 4 0 7 0 37 0 28 0 61 0 129 0 168 0 244 0 341 0 428 0 434 0 620 0 745 0 910 0 956 0 1042 0 860 0 907 0 584 0 407 0 233 0 
