0 48 87 26 -15 8 21 39

0 46 90 8 -13 2 16 16

0 21 74 34 -6 0 13 2

0 1 87 56 -3 18 48 29

0 57 82 24 -13 5 15 9

0 51 73 29 -9 12 27 41

0 38 84 59 -5 0 9 14

0 8 93 17 -20 12 24 0

0 66 76 76 -5 2 12 20

0 60 64 14 -2 8 19 19

0 54 55 26 -3 1 21 0

0 11 48 52 -10 2 4 29

0 24 91 32 -8 15 20 42

0 44 86 43 -12 2 6 42

0 63 71 75 -7 6 21 38

0 23 50 44 -10 0 1 22

0 12 69 0 -8 2 6 33

0 47 87 56 -17 21 49 35

0 20 36 14 -6 2 21 8

0 66 69 22 -2 22 37 19

0 12 51 19 -6 4 7 30

0 0 69 58 -7 12 19 21

0 22 29 30 -17 6 19 6

0 2 57 57 -16 4 18 22

0 63 79 43 -10 22 24 34

0 52 88 35 -4 24 30 9

0 73 83 96 -1 11 12 43

0 33 89 69 -1 4 36 11

0 56 63 23 -20 0 6 25

0 31 34 76 -13 7 21 9

0 7 97 75 -13 15 44 39

0 8 61 30 -11 3 16 4

0 14 63 81 -1 1 4 29

0 9 96 62 -14 0 31 0

0 32 67 35 -9 6 9 35

0 23 83 59 -19 20 31 41

0 15 93 99 -18 13 27 27

0 55 93 27 -7 33 35 17

0 3 19 8 -14 0 4 17

0 20 31 65 -4 7 26 13

0 44 78 58 -15 29 42 14

0 27 55 71 -10 5 32 12

0 19 34 16 -11 36 47 46

0 34 46 45 -6 27 32 27

0 34 42 39 -7 0 19 42

0 18 69 97 -18 16 17 17

0 27 36 82 -12 3 28 30

0 1 65 72 -18 0 1 11

0 24 38 20 -20 4 5 49

0 29 45 20 -5 28 45 29

0 88 99 40 -8 36 37 27

0 10 46 85 -20 11 32 4

0 4 52 28 -12 5 9 14

0 23 53 53 -20 3 49 11

0 5 63 22 -9 2 3 40

0 0 91 9 -17 3 7 28

0 40 56 32 -8 8 46 27

0 11 91 85 -1 2 36 34

0 2 78 73 -11 11 44 48

0 1 15 91 -12 17 49 10

0 10 85 54 -10 11 39 47

0 20 28 29 -17 8 11 39

0 29 40 49 -18 0 35 6

0 15 20 89 -17 3 35 45

0 1 25 95 -7 15 22 35

0 12 57 16 -10 1 42 27

0 0 18 79 -1 17 33 26

0 1 11 44 -4 1 10 4

0 26 27 67 -7 34 48 23

0 21 43 88 -16 32 37 17

0 34 47 63 -15 36 37 42

0 15 27 32 -20 26 46 8

0 12 17 70 -14 9 22 2

0 8 22 33 -2 42 46 36

0 11 33 9 -13 25 28 0

0 13 19 99 -10 18 25 10

0 3 9 98 -10 0 2 19

0 37 43 58 -13 30 39 48

0 0 9 26 -19 27 36 23

0 4 27 47 -8 14 17 37

0 5 15 87 -18 17 20 6

0 22 48 43 -15 25 45 0

0 17 24 95 -15 32 49 11

0 13 18 53 -6 0 4 37

0 1 24 91 -19 21 23 8

0 15 35 21 -17 5 42 40

0 0 7 90 -9 1 26 21

0 5 6 47 -11 0 21 16

0 0 10 61 -16 21 45 5

0 6 11 76 -1 4 26 0

0 12 31 55 -15 4 47 31

0 13 24 13 -11 15 21 48

0 0 1 26 -13 0 1 48

0 9 41 76 -20 22 34 47

0 12 23 86 -8 17 23 48

0 3 5 61 -11 31 43 48

0 1 8 25 -11 8 46 43

0 18 25 70 -14 17 31 1

0 3 24 57 -6 1 2 46

0 5 51 97 -2 6 31 37


SAlphaB: 706.0, std-dev 260.84190091457174

Earliest win: 37
Latest win: 81

WinDepth:
0 0 0 0 0 0 0 0 0 0 0 0 0 0 0 0 0 0 0 0 0 0 0 0 0 0 0 0 0 0 0 0 0 0 0 0 0 1 0 4 0 1 1 23 9 12 15 60 19 49 80 161 57 160 96 188 120 195 126 194 175 213 237 339 325 335 398 390 447 370 439 463 448 400 411 389 267 230 195 140 117 87 
SAlphaB:
0 0 0 0 0 0 0 0 0 0 0 0 0 0 0 0 0 0 0 0 0 0 0 0 0 0 0 0 0 0 0 0 0 0 0 0 0 1 0 4 0 1 1 23 9 12 15 60 19 49 80 161 57 160 96 188 120 195 126 194 175 213 237 339 325 335 398 390 447 370 439 463 448 400 411 389 267 230 195 140 117 87 

LossDepth:
SAlphaB:
0 0 0 0 0 0 0 0 0 0 0 0 0 0 0 0 0 0 0 0 0 0 0 0 0 0 0 0 0 0 0 0 0 0 0 0 0 1 0 4 0 1 1 23 9 12 15 60 19 49 80 161 57 160 96 188 120 195 126 194 175 213 237 339 325 335 398 390 447 370 439 463 448 400 411 389 267 230 195 140 117 87 

FirstWin:
0 0 0 0 0 0 0 0 0 0 0 0 0 0 0 0 0 0 0 0 0 0 0 0 0 0 0 0 0 0 0 0 0 0 0 0 0 1 0 4 0 1 0 23 0 12 0 60 0 49 0 161 0 160 0 188 0 195 0 194 0 213 0 339 0 335 0 390 0 370 0 463 0 400 0 389 0 230 0 140 0 87 
SAlphaB:
0 0 0 0 0 0 0 0 0 0 0 0 0 0 0 0 0 0 0 0 0 0 0 0 0 0 0 0 0 0 0 0 0 0 0 0 0 1 0 4 0 1 0 23 0 12 0 60 0 49 0 161 0 160 0 188 0 195 0 194 0 213 0 339 0 335 0 390 0 370 0 463 0 400 0 389 0 230 0 140 0 87 

SecondWin:
0 0 0 0 0 0 0 0 0 0 0 0 0 0 0 0 0 0 0 0 0 0 0 0 0 0 0 0 0 0 0 0 0 0 0 0 0 0 0 0 0 0 1 0 9 0 15 0 19 0 80 0 57 0 96 0 120 0 126 0 175 0 237 0 325 0 398 0 447 0 439 0 448 0 411 0 267 0 195 0 117 0 
SAlphaB:
0 0 0 0 0 0 0 0 0 0 0 0 0 0 0 0 0 0 0 0 0 0 0 0 0 0 0 0 0 0 0 0 0 0 0 0 0 0 0 0 0 0 1 0 9 0 15 0 19 0 80 0 57 0 96 0 120 0 126 0 175 0 237 0 325 0 398 0 447 0 439 0 448 0 411 0 267 0 195 0 117 0 
