0 46 88 88 -14 4 15 8

0 90 97 79 -20 2 11 15

0 18 35 47 -2 4 18 16

0 38 71 54 -10 0 3 18

0 40 48 67 -3 0 3 7

0 63 68 31 -20 14 33 7

0 25 40 22 -20 0 1 1

0 32 85 3 -8 3 7 40

0 37 74 88 -8 8 16 42

0 12 88 90 -13 3 4 21

0 39 75 71 -8 0 14 38

0 28 70 16 -12 2 9 35

0 23 51 20 -10 7 27 24

0 49 78 44 -14 1 32 1

0 63 91 20 -1 8 20 42

0 14 19 89 -14 2 8 15

0 6 52 19 -1 0 20 4

0 70 71 3 -6 1 10 10

0 18 62 74 -4 6 32 3

0 20 73 11 -1 10 20 24

0 82 99 0 -17 17 37 26

0 31 44 17 -11 5 11 27

0 7 20 25 -7 11 12 1

0 29 89 1 -7 13 18 24

0 19 26 18 -20 8 13 0

0 28 60 9 -5 15 25 18

0 1 45 50 -20 18 20 4

0 80 99 99 -2 8 18 44

0 27 49 92 -13 19 46 31

0 34 73 12 -4 16 25 11

0 29 66 97 -7 15 40 8

0 42 98 78 -1 4 16 46

0 22 55 49 -16 7 8 36

0 3 64 67 -6 11 19 7

0 10 13 17 -19 6 7 6

0 7 14 87 -16 3 4 15

0 6 86 84 -6 1 14 13

0 34 70 62 -4 2 6 30

0 5 80 53 -2 5 6 33

0 10 65 22 -7 13 30 4

0 17 41 2 -16 4 8 19

0 30 88 85 -9 41 44 31

0 5 65 64 -20 40 45 39

0 0 2 15 -12 0 1 5

0 32 34 10 -12 31 39 3

0 4 35 92 -12 4 7 28

0 38 54 85 -12 21 39 17

0 7 47 49 -14 3 11 25

0 24 35 72 -19 34 47 38

0 5 17 21 -7 0 6 13

0 5 68 1 -17 10 13 15

0 13 22 83 -6 8 22 36

0 24 35 23 -14 6 15 42

0 3 96 42 -6 17 37 35

0 21 26 1 -6 15 20 12

0 27 28 24 -5 10 13 41

0 4 5 97 -3 0 1 24

0 30 42 49 -17 2 10 46

0 48 53 30 -14 19 38 21

0 31 37 12 -2 1 3 26

0 10 87 96 -14 14 19 8

0 7 89 39 -6 5 9 48

0 37 39 39 -13 2 10 41

0 7 55 29 -15 33 40 39

0 10 25 28 -8 41 48 39

0 39 82 36 -14 33 42 1

0 42 54 41 -3 25 29 21

0 28 36 10 -7 8 31 38

0 1 11 47 -11 22 35 24

0 8 44 20 -12 7 34 21

0 5 11 69 -5 21 48 17

0 28 30 13 -13 7 28 37

0 9 62 56 -20 3 38 27

0 13 33 9 -14 8 30 17

0 1 43 53 -1 8 30 23

0 0 4 59 -17 24 30 6

0 11 22 41 -10 2 32 38

0 2 9 82 -15 28 35 17

0 0 16 71 -3 13 48 47

0 4 38 20 -10 8 34 40

0 1 6 67 -9 21 39 35

0 3 18 17 -14 7 20 43

0 23 28 57 -4 26 27 39

0 27 34 21 -4 3 48 19

0 11 33 68 -7 4 22 43

0 25 26 57 -13 9 41 48

0 26 79 51 -18 19 29 48

0 1 31 59 -4 34 36 47

0 0 8 13 -6 0 3 41

0 0 3 4 -16 1 49 3

0 8 11 38 -1 19 32 24

0 0 1 23 -7 13 32 21

0 2 7 63 -7 0 15 47

0 2 3 55 -3 2 12 27

0 0 2 5 -6 5 17 8

0 4 7 51 -2 3 25 46

0 1 16 96 -9 1 9 31

0 2 3 41 -12 8 9 31

0 0 35 48 -2 2 26 35

0 2 3 58 -13 2 9 40


SAlphaB: 712.0, std-dev 252.73750935775962

Earliest win: 37
Latest win: 81

WinDepth:
0 0 0 0 0 0 0 0 0 0 0 0 0 0 0 0 0 0 0 0 0 0 0 0 0 0 0 0 0 0 0 0 0 0 0 0 0 5 4 2 0 6 3 17 3 12 15 28 54 50 60 219 96 110 99 158 147 232 143 177 142 240 240 355 323 354 358 400 380 391 459 457 459 399 359 364 280 244 164 132 87 65 
SAlphaB:
0 0 0 0 0 0 0 0 0 0 0 0 0 0 0 0 0 0 0 0 0 0 0 0 0 0 0 0 0 0 0 0 0 0 0 0 0 5 4 2 0 6 3 17 3 12 15 28 54 50 60 219 96 110 99 158 147 232 143 177 142 240 240 355 323 354 358 400 380 391 459 457 459 399 359 364 280 244 164 132 87 65 

LossDepth:
SAlphaB:
0 0 0 0 0 0 0 0 0 0 0 0 0 0 0 0 0 0 0 0 0 0 0 0 0 0 0 0 0 0 0 0 0 0 0 0 0 5 4 2 0 6 3 17 3 12 15 28 54 50 60 219 96 110 99 158 147 232 143 177 142 240 240 355 323 354 358 400 380 391 459 457 459 399 359 364 280 244 164 132 87 65 

FirstWin:
0 0 0 0 0 0 0 0 0 0 0 0 0 0 0 0 0 0 0 0 0 0 0 0 0 0 0 0 0 0 0 0 0 0 0 0 0 5 0 2 0 6 0 17 0 12 0 28 0 50 0 219 0 110 0 158 0 232 0 177 0 240 0 355 0 354 0 400 0 391 0 457 0 399 0 364 0 244 0 132 0 65 
SAlphaB:
0 0 0 0 0 0 0 0 0 0 0 0 0 0 0 0 0 0 0 0 0 0 0 0 0 0 0 0 0 0 0 0 0 0 0 0 0 5 0 2 0 6 0 17 0 12 0 28 0 50 0 219 0 110 0 158 0 232 0 177 0 240 0 355 0 354 0 400 0 391 0 457 0 399 0 364 0 244 0 132 0 65 

SecondWin:
0 0 0 0 0 0 0 0 0 0 0 0 0 0 0 0 0 0 0 0 0 0 0 0 0 0 0 0 0 0 0 0 0 0 0 0 0 0 4 0 0 0 3 0 3 0 15 0 54 0 60 0 96 0 99 0 147 0 143 0 142 0 240 0 323 0 358 0 380 0 459 0 459 0 359 0 280 0 164 0 87 0 
SAlphaB:
0 0 0 0 0 0 0 0 0 0 0 0 0 0 0 0 0 0 0 0 0 0 0 0 0 0 0 0 0 0 0 0 0 0 0 0 0 0 4 0 0 0 3 0 3 0 15 0 54 0 60 0 96 0 99 0 147 0 143 0 142 0 240 0 323 0 358 0 380 0 459 0 459 0 359 0 280 0 164 0 87 0 
