0 45 94 8 -4 9 21 15

0 16 64 8 -15 0 10 13

0 15 69 81 -4 5 11 0

0 28 98 48 -7 1 2 8

0 23 45 0 -12 7 19 4

0 60 91 86 -16 2 7 26

0 60 85 5 -6 6 48 6

0 89 90 87 -5 6 31 49

0 86 98 52 -12 24 29 37

0 35 97 3 -8 10 20 35

0 65 83 68 -9 2 20 48

0 80 92 4 -14 18 21 0

0 43 61 4 -15 7 9 19

0 91 96 37 -16 17 26 1

0 35 45 81 -13 1 8 22

0 61 68 44 -5 16 42 8

0 52 68 59 -7 18 39 10

0 38 73 57 -3 36 49 15

0 53 68 69 -10 9 21 45

0 49 91 2 -6 0 2 1

0 56 91 75 -2 19 21 21

0 20 63 85 -6 17 34 9

0 27 95 60 -12 15 21 41

0 18 80 93 -19 33 46 19

0 64 76 85 -17 14 25 17

0 11 44 4 -19 0 1 41

0 54 69 61 -6 21 32 37

0 30 41 29 -12 10 21 1

0 52 56 42 -12 7 20 33

0 23 90 42 -13 12 28 46

0 25 77 31 -12 6 10 36

0 70 96 29 -7 0 1 28

0 21 62 8 -5 8 17 41

0 24 34 64 -10 12 15 43

0 48 69 83 -3 0 44 25

0 25 87 43 -1 3 29 36

0 46 68 33 -6 21 44 25

0 24 68 68 -6 37 48 23

0 25 78 89 -14 14 29 33

0 26 27 55 -1 29 39 30

0 69 82 66 -17 13 26 29

0 7 24 82 -15 17 32 25

0 15 48 65 -17 2 10 37

0 6 58 71 -15 31 42 1

0 39 58 66 -14 13 28 33

0 3 48 94 -17 5 18 21

0 3 30 21 -1 0 1 28

0 25 37 30 -13 20 40 29

0 5 33 6 -6 0 1 36

0 12 30 86 -16 32 43 23

0 16 18 96 -13 20 27 16

0 28 68 78 -9 31 37 43

0 19 34 30 -10 5 14 40

0 33 59 46 -10 5 7 41

0 51 61 88 -2 5 11 49

0 3 30 36 -13 1 5 3

0 1 19 58 -18 10 23 42

0 10 33 85 -18 1 6 13

0 5 22 28 -3 9 32 5

0 14 92 1 -5 18 20 27

0 68 88 61 -17 30 39 41

0 2 26 25 -9 22 44 9

0 6 56 73 -9 10 38 34

0 18 63 75 -16 9 10 36

0 35 97 71 -16 24 38 27

0 17 80 90 -13 3 43 5

0 31 47 32 -15 1 27 45

0 9 11 47 -7 11 13 14

0 39 64 6 -18 29 32 27

0 6 47 99 -10 3 12 45

0 8 22 48 -2 7 9 40

0 59 61 38 -4 27 41 19

0 56 71 27 -15 42 44 13

0 0 20 27 -18 4 11 29

0 5 23 87 -5 5 28 8

0 1 8 94 -1 19 39 5

0 1 31 56 -14 9 38 11

0 2 15 36 -12 27 43 19

0 4 15 65 -10 39 49 45

0 28 33 80 -20 38 49 20

0 0 50 34 -5 16 18 35

0 7 49 25 -4 7 34 23

0 4 33 80 -12 12 45 47

0 2 7 53 -18 1 22 32

0 10 22 74 -16 42 45 18

0 0 1 50 -11 25 38 27

0 13 26 90 -6 31 48 1

0 11 19 52 -19 1 47 36

0 16 63 16 -18 16 29 42

0 5 18 75 -3 8 23 47

0 7 12 90 -15 5 42 43

0 14 21 6 -11 5 46 29

0 1 5 52 -20 15 16 12

0 19 23 56 -18 18 31 38

0 7 25 6 -7 20 33 47

0 15 22 9 -11 2 4 46

0 7 12 4 -4 0 43 31

0 1 32 4 -8 3 21 48

0 19 21 22 -18 16 26 43

0 1 4 35 -16 16 49 5


SAlphaB: 688.0, std-dev 253.43341075491347

Earliest win: 37
Latest win: 81

WinDepth:
0 0 0 0 0 0 0 0 0 0 0 0 0 0 0 0 0 0 0 0 0 0 0 0 0 0 0 0 0 0 0 0 0 0 0 0 0 9 1 5 12 10 4 16 7 20 8 58 21 82 66 176 59 114 80 171 94 193 159 211 178 207 239 353 358 372 427 424 425 391 498 408 430 414 401 316 265 239 129 128 115 61 
SAlphaB:
0 0 0 0 0 0 0 0 0 0 0 0 0 0 0 0 0 0 0 0 0 0 0 0 0 0 0 0 0 0 0 0 0 0 0 0 0 9 1 5 12 10 4 16 7 20 8 58 21 82 66 176 59 114 80 171 94 193 159 211 178 207 239 353 358 372 427 424 425 391 498 408 430 414 401 316 265 239 129 128 115 61 

LossDepth:
SAlphaB:
0 0 0 0 0 0 0 0 0 0 0 0 0 0 0 0 0 0 0 0 0 0 0 0 0 0 0 0 0 0 0 0 0 0 0 0 0 9 1 5 12 10 4 16 7 20 8 58 21 82 66 176 59 114 80 171 94 193 159 211 178 207 239 353 358 372 427 424 425 391 498 408 430 414 401 316 265 239 129 128 115 61 

FirstWin:
0 0 0 0 0 0 0 0 0 0 0 0 0 0 0 0 0 0 0 0 0 0 0 0 0 0 0 0 0 0 0 0 0 0 0 0 0 9 0 5 0 10 0 16 0 20 0 58 0 82 0 176 0 114 0 171 0 193 0 211 0 207 0 353 0 372 0 424 0 391 0 408 0 414 0 316 0 239 0 128 0 61 
SAlphaB:
0 0 0 0 0 0 0 0 0 0 0 0 0 0 0 0 0 0 0 0 0 0 0 0 0 0 0 0 0 0 0 0 0 0 0 0 0 9 0 5 0 10 0 16 0 20 0 58 0 82 0 176 0 114 0 171 0 193 0 211 0 207 0 353 0 372 0 424 0 391 0 408 0 414 0 316 0 239 0 128 0 61 

SecondWin:
0 0 0 0 0 0 0 0 0 0 0 0 0 0 0 0 0 0 0 0 0 0 0 0 0 0 0 0 0 0 0 0 0 0 0 0 0 0 1 0 12 0 4 0 7 0 8 0 21 0 66 0 59 0 80 0 94 0 159 0 178 0 239 0 358 0 427 0 425 0 498 0 430 0 401 0 265 0 129 0 115 0 
SAlphaB:
0 0 0 0 0 0 0 0 0 0 0 0 0 0 0 0 0 0 0 0 0 0 0 0 0 0 0 0 0 0 0 0 0 0 0 0 0 0 1 0 12 0 4 0 7 0 8 0 21 0 66 0 59 0 80 0 94 0 159 0 178 0 239 0 358 0 427 0 425 0 498 0 430 0 401 0 265 0 129 0 115 0 
