0 43 87 46 -14 6 21 20

0 22 97 10 -5 2 18 25

0 68 87 7 -7 4 24 3

0 51 58 80 -3 8 36 13

0 46 60 4 -4 15 18 10

0 8 62 41 -12 2 4 13

0 49 68 59 -13 11 17 16

0 20 62 67 -12 3 13 8

0 36 59 52 -5 5 18 36

0 67 69 49 -11 0 1 19

0 39 52 39 -9 3 20 13

0 57 95 71 -7 3 21 5

0 13 91 89 -8 6 8 8

0 39 54 23 -10 6 27 28

0 52 72 30 -9 0 5 15

0 69 79 48 -3 10 26 3

0 73 84 40 -10 2 13 44

0 28 46 96 -5 3 4 4

0 26 84 95 -5 10 48 13

0 54 70 67 -15 4 22 38

0 10 36 49 -13 0 13 8

0 57 59 53 -9 0 32 27

0 18 56 59 -19 3 20 38

0 42 93 32 -1 18 21 29

0 80 99 90 -18 32 49 32

0 2 58 68 -12 11 32 22

0 29 30 92 -18 6 23 12

0 74 86 64 -20 7 13 39

0 26 56 58 -12 11 16 34

0 34 54 66 -11 4 10 41

0 32 36 86 -18 3 10 44

0 22 30 62 -11 41 42 1

0 43 53 24 -18 1 8 43

0 16 83 11 -17 33 45 20

0 26 65 73 -13 0 15 13

0 7 11 35 -5 1 9 8

0 19 46 83 -17 11 12 10

0 47 52 62 -13 0 3 34

0 32 58 24 -5 13 27 16

0 45 81 17 -18 31 32 21

0 60 69 38 -11 8 14 31

0 39 76 36 -5 18 44 10

0 62 74 56 -5 12 13 43

0 27 64 43 -20 10 24 5

0 12 25 96 -9 3 6 10

0 9 89 36 -7 3 35 23

0 32 48 4 -20 4 30 33

0 20 82 15 -19 4 10 47

0 21 24 15 -14 1 10 29

0 4 18 16 -19 0 3 19

0 13 30 27 -12 13 15 13

0 8 43 49 -2 40 42 1

0 46 64 50 -18 1 37 15

0 35 55 68 -10 7 41 32

0 26 27 66 -11 9 33 49

0 41 53 98 -10 36 37 10

0 52 58 62 -2 25 44 4

0 23 90 26 -6 5 43 26

0 8 55 40 -14 5 9 35

0 6 92 13 -13 3 6 33

0 37 70 22 -4 20 48 30

0 16 47 99 -3 35 46 7

0 24 97 51 -7 27 36 25

0 6 19 79 -12 7 27 19

0 6 51 50 -12 21 38 31

0 59 87 92 -4 1 9 35

0 83 99 97 -5 39 48 3

0 21 43 78 -15 25 35 32

0 15 25 13 -17 12 43 10

0 12 55 73 -4 25 32 22

0 15 28 13 -2 6 8 32

0 8 38 65 -4 6 7 35

0 12 32 3 -8 33 40 18

0 1 19 71 -10 8 43 36

0 6 76 39 -3 2 30 44

0 10 26 95 -11 6 23 35

0 4 57 60 -6 23 35 47

0 67 73 47 -2 39 47 11

0 9 25 23 -13 8 32 19

0 20 25 28 -13 1 13 45

0 0 20 36 -17 23 30 15

0 2 8 33 -6 4 13 16

0 10 15 86 -4 39 48 42

0 2 4 33 -9 35 40 39

0 6 20 68 -19 2 33 23

0 10 12 88 -15 27 47 8

0 7 9 30 -4 13 26 4

0 3 15 44 -8 5 43 21

0 2 16 12 -14 11 19 2

0 4 7 64 -17 8 26 31

0 8 61 58 -2 9 34 49

0 4 14 90 -13 3 39 14

0 10 19 30 -1 16 17 28

0 4 7 0 -3 28 41 14

0 5 12 7 -16 1 38 12

0 14 19 25 -1 1 33 47

0 2 5 3 -3 10 28 16

0 15 20 20 -12 4 19 44

0 4 10 17 -7 28 43 48

0 10 21 26 -9 3 12 43


SAlphaB: 717.0, std-dev 269.802792270895

Earliest win: 37
Latest win: 81

WinDepth:
0 0 0 0 0 0 0 0 0 0 0 0 0 0 0 0 0 0 0 0 0 0 0 0 0 0 0 0 0 0 0 0 0 0 0 0 0 7 0 7 10 3 3 9 12 18 15 39 54 70 49 170 112 95 105 154 105 190 131 185 158 220 258 308 258 392 380 362 413 407 461 441 425 383 409 404 309 238 182 149 105 82 
SAlphaB:
0 0 0 0 0 0 0 0 0 0 0 0 0 0 0 0 0 0 0 0 0 0 0 0 0 0 0 0 0 0 0 0 0 0 0 0 0 7 0 7 10 3 3 9 12 18 15 39 54 70 49 170 112 95 105 154 105 190 131 185 158 220 258 308 258 392 380 362 413 407 461 441 425 383 409 404 309 238 182 149 105 82 

LossDepth:
SAlphaB:
0 0 0 0 0 0 0 0 0 0 0 0 0 0 0 0 0 0 0 0 0 0 0 0 0 0 0 0 0 0 0 0 0 0 0 0 0 7 0 7 10 3 3 9 12 18 15 39 54 70 49 170 112 95 105 154 105 190 131 185 158 220 258 308 258 392 380 362 413 407 461 441 425 383 409 404 309 238 182 149 105 82 

FirstWin:
0 0 0 0 0 0 0 0 0 0 0 0 0 0 0 0 0 0 0 0 0 0 0 0 0 0 0 0 0 0 0 0 0 0 0 0 0 7 0 7 0 3 0 9 0 18 0 39 0 70 0 170 0 95 0 154 0 190 0 185 0 220 0 308 0 392 0 362 0 407 0 441 0 383 0 404 0 238 0 149 0 82 
SAlphaB:
0 0 0 0 0 0 0 0 0 0 0 0 0 0 0 0 0 0 0 0 0 0 0 0 0 0 0 0 0 0 0 0 0 0 0 0 0 7 0 7 0 3 0 9 0 18 0 39 0 70 0 170 0 95 0 154 0 190 0 185 0 220 0 308 0 392 0 362 0 407 0 441 0 383 0 404 0 238 0 149 0 82 

SecondWin:
0 0 0 0 0 0 0 0 0 0 0 0 0 0 0 0 0 0 0 0 0 0 0 0 0 0 0 0 0 0 0 0 0 0 0 0 0 0 0 0 10 0 3 0 12 0 15 0 54 0 49 0 112 0 105 0 105 0 131 0 158 0 258 0 258 0 380 0 413 0 461 0 425 0 409 0 309 0 182 0 105 0 
SAlphaB:
0 0 0 0 0 0 0 0 0 0 0 0 0 0 0 0 0 0 0 0 0 0 0 0 0 0 0 0 0 0 0 0 0 0 0 0 0 0 0 0 10 0 3 0 12 0 15 0 54 0 49 0 112 0 105 0 105 0 131 0 158 0 258 0 258 0 380 0 413 0 461 0 425 0 409 0 309 0 182 0 105 0 
