0 81 92 87 -12 4 29 16

0 50 51 15 -16 3 10 0

0 26 39 4 -9 2 8 3

0 47 92 61 -20 0 1 34

0 36 51 70 -14 1 3 8

0 56 92 81 -16 5 26 43

0 32 96 59 -1 11 31 17

0 80 91 45 -11 0 19 16

0 42 54 9 -18 12 27 8

0 56 85 87 -13 6 29 4

0 80 92 58 -7 6 43 42

0 40 66 25 -7 11 30 34

0 31 54 43 -14 1 2 37

0 96 98 27 -18 3 33 41

0 67 89 44 -11 18 27 37

0 13 91 68 -13 0 21 21

0 21 50 41 -7 3 7 23

0 26 64 45 -10 2 19 34

0 68 80 16 -14 11 28 25

0 59 96 23 -18 3 5 0

0 27 38 72 -18 7 23 17

0 8 89 81 -14 34 45 24

0 7 33 23 -2 0 1 9

0 31 43 94 -15 1 3 45

0 32 38 73 -8 16 41 42

0 27 49 55 -18 7 20 38

0 3 66 75 -9 18 20 16

0 14 59 52 -14 0 3 42

0 11 27 28 -11 2 6 4

0 29 93 21 -4 14 25 47

0 61 87 58 -11 21 42 47

0 32 82 82 -12 7 21 23

0 0 23 63 -12 4 6 1

0 57 80 78 -6 0 1 30

0 16 93 90 -3 13 21 37

0 6 62 61 -8 31 35 18

0 3 31 67 -2 13 26 34

0 43 81 35 -18 11 30 19

0 41 83 80 -9 37 43 38

0 70 78 51 -3 0 33 49

0 38 46 4 -12 15 20 30

0 24 54 61 -3 23 26 25

0 54 76 14 -14 17 45 37

0 9 85 43 -19 3 19 8

0 37 46 73 -13 17 25 13

0 7 12 70 -3 16 21 13

0 57 74 56 -3 22 26 40

0 6 87 3 -12 0 34 2

0 76 98 18 -1 30 36 14

0 2 93 12 -16 5 33 31

0 8 15 96 -16 0 1 15

0 28 60 35 -6 2 42 23

0 22 59 26 -12 14 41 35

0 27 62 7 -2 13 19 38

0 33 47 68 -18 8 39 11

0 14 88 88 -7 45 46 13

0 33 50 2 -16 7 9 31

0 33 53 36 -3 15 24 41

0 18 46 36 -17 10 30 36

0 0 24 87 -17 43 49 46

0 9 34 82 -18 10 13 34

0 10 83 36 -18 4 33 41

0 70 85 30 -7 26 36 42

0 7 33 83 -10 18 24 26

0 14 64 46 -19 0 23 42

0 11 13 27 -8 4 13 8

0 19 30 41 -16 1 2 40

0 8 13 1 -10 0 1 23

0 7 52 15 -9 12 27 22

0 0 65 86 -3 7 13 43

0 30 32 80 -12 5 7 48

0 20 27 49 -15 6 46 18

0 6 10 58 -6 15 40 19

0 68 90 3 -10 36 49 47

0 14 20 59 -6 0 18 11

0 45 49 67 -20 15 34 30

0 12 35 25 -13 34 44 45

0 2 36 27 -1 1 31 6

0 25 44 22 -14 16 48 39

0 0 1 79 -20 5 6 24

0 8 38 65 -15 8 34 32

0 0 32 41 -14 36 39 35

0 0 27 63 -3 14 28 12

0 14 41 19 -5 3 41 40

0 5 11 79 -11 30 40 28

0 6 12 6 -2 3 41 0

0 0 2 84 -14 2 10 25

0 13 23 53 -10 8 41 20

0 3 13 53 -8 14 16 37

0 23 34 38 -18 24 29 39

0 10 36 82 -4 39 41 45

0 2 3 25 -8 1 3 16

0 2 3 99 -2 8 12 29

0 0 13 44 -18 14 21 31

0 8 16 11 -1 15 24 21

0 2 6 48 -19 10 22 29

0 4 6 29 -20 5 48 42

0 0 1 66 -3 2 47 48

0 1 2 0 -2 23 36 2

0 1 3 23 -6 14 30 32


SAlphaB: 723.0, std-dev 273.66014959205785

Earliest win: 37
Latest win: 81

WinDepth:
0 0 0 0 0 0 0 0 0 0 0 0 0 0 0 0 0 0 0 0 0 0 0 0 0 0 0 0 0 0 0 0 0 0 0 0 0 7 0 2 1 12 2 16 10 11 14 30 27 96 58 220 67 178 81 178 108 225 186 168 162 241 254 342 298 342 428 406 413 383 410 427 380 353 394 364 257 226 185 135 104 76 
SAlphaB:
0 0 0 0 0 0 0 0 0 0 0 0 0 0 0 0 0 0 0 0 0 0 0 0 0 0 0 0 0 0 0 0 0 0 0 0 0 7 0 2 1 12 2 16 10 11 14 30 27 96 58 220 67 178 81 178 108 225 186 168 162 241 254 342 298 342 428 406 413 383 410 427 380 353 394 364 257 226 185 135 104 76 

LossDepth:
SAlphaB:
0 0 0 0 0 0 0 0 0 0 0 0 0 0 0 0 0 0 0 0 0 0 0 0 0 0 0 0 0 0 0 0 0 0 0 0 0 7 0 2 1 12 2 16 10 11 14 30 27 96 58 220 67 178 81 178 108 225 186 168 162 241 254 342 298 342 428 406 413 383 410 427 380 353 394 364 257 226 185 135 104 76 

FirstWin:
0 0 0 0 0 0 0 0 0 0 0 0 0 0 0 0 0 0 0 0 0 0 0 0 0 0 0 0 0 0 0 0 0 0 0 0 0 7 0 2 0 12 0 16 0 11 0 30 0 96 0 220 0 178 0 178 0 225 0 168 0 241 0 342 0 342 0 406 0 383 0 427 0 353 0 364 0 226 0 135 0 76 
SAlphaB:
0 0 0 0 0 0 0 0 0 0 0 0 0 0 0 0 0 0 0 0 0 0 0 0 0 0 0 0 0 0 0 0 0 0 0 0 0 7 0 2 0 12 0 16 0 11 0 30 0 96 0 220 0 178 0 178 0 225 0 168 0 241 0 342 0 342 0 406 0 383 0 427 0 353 0 364 0 226 0 135 0 76 

SecondWin:
0 0 0 0 0 0 0 0 0 0 0 0 0 0 0 0 0 0 0 0 0 0 0 0 0 0 0 0 0 0 0 0 0 0 0 0 0 0 0 0 1 0 2 0 10 0 14 0 27 0 58 0 67 0 81 0 108 0 186 0 162 0 254 0 298 0 428 0 413 0 410 0 380 0 394 0 257 0 185 0 104 0 
SAlphaB:
0 0 0 0 0 0 0 0 0 0 0 0 0 0 0 0 0 0 0 0 0 0 0 0 0 0 0 0 0 0 0 0 0 0 0 0 0 0 0 0 1 0 2 0 10 0 14 0 27 0 58 0 67 0 81 0 108 0 186 0 162 0 254 0 298 0 428 0 413 0 410 0 380 0 394 0 257 0 185 0 104 0 
