0 30 49 73 -4 4 12 8

0 66 99 85 -1 0 44 20

0 37 42 14 -19 6 21 9

0 35 92 12 -13 9 12 21

0 32 64 72 -6 24 35 11

0 71 75 50 -7 10 41 11

0 31 91 4 -7 9 30 32

0 31 51 74 -18 0 1 31

0 16 46 8 -20 2 5 16

0 82 95 69 -15 7 17 1

0 67 69 27 -16 0 7 37

0 13 76 75 -7 5 15 12

0 61 82 76 -7 17 29 2

0 50 90 69 -17 9 29 21

0 37 82 18 -2 1 19 34

0 59 76 43 -13 4 5 29

0 55 79 78 -3 1 3 14

0 53 60 94 -13 1 9 30

0 11 66 42 -13 18 27 12

0 28 77 24 -18 31 48 10

0 41 63 59 -9 9 23 35

0 66 73 80 -4 27 30 4

0 59 65 3 -11 7 31 5

0 55 75 30 -13 10 17 47

0 77 83 22 -4 28 32 44

0 22 79 38 -7 31 45 28

0 38 93 64 -13 10 13 37

0 32 98 97 -5 19 20 5

0 10 92 94 -19 20 44 13

0 2 23 83 -13 18 21 18

0 4 53 4 -2 0 1 26

0 3 68 79 -10 6 20 4

0 16 26 3 -18 11 15 9

0 2 81 23 -9 35 48 30

0 24 61 41 -7 3 13 35

0 6 8 15 -1 1 2 4

0 23 36 16 -14 0 15 19

0 29 53 87 -9 1 12 25

0 28 65 36 -19 11 40 15

0 21 34 58 -15 16 18 16

0 14 27 62 -2 1 8 20

0 33 40 32 -12 7 13 12

0 30 63 22 -3 10 47 5

0 45 97 93 -18 13 16 14

0 66 67 51 -15 1 8 41

0 35 84 42 -13 34 35 18

0 37 61 67 -2 9 11 24

0 6 85 72 -2 22 31 18

0 2 29 28 -1 23 30 17

0 40 74 43 -19 12 49 24

0 24 65 80 -12 4 45 43

0 4 44 50 -9 0 12 40

0 23 71 87 -13 13 37 9

0 28 42 85 -2 30 43 32

0 15 22 96 -10 17 18 18

0 7 92 0 -14 38 43 3

0 4 82 26 -5 5 26 42

0 5 34 91 -18 4 16 16

0 8 35 6 -17 0 9 6

0 32 37 85 -9 20 26 21

0 9 82 35 -5 2 23 41

0 31 60 40 -10 18 30 28

0 1 17 93 -12 25 35 21

0 18 98 7 -14 21 47 15

0 34 95 74 -10 36 45 16

0 4 55 14 -8 33 36 48

0 45 59 80 -2 3 6 35

0 11 35 89 -2 2 19 36

0 16 39 71 -1 10 44 35

0 42 43 18 -1 6 48 49

0 12 45 92 -6 12 26 31

0 6 42 15 -10 24 43 31

0 20 29 22 -12 11 12 22

0 36 54 10 -8 8 38 45

0 4 42 21 -1 2 31 12

0 0 16 16 -13 31 45 24

0 41 79 55 -19 34 42 14

0 0 4 14 -2 0 2 2

0 10 94 39 -11 20 28 4

0 8 9 90 -5 9 33 16

0 14 20 97 -15 13 15 40

0 14 20 17 -17 1 12 0

0 11 40 32 -18 33 46 14

0 22 25 48 -7 19 20 34

0 1 23 18 -3 0 35 4

0 8 16 84 -5 1 7 44

0 2 6 52 -4 0 24 33

0 17 35 42 -13 7 37 30

0 0 28 94 -12 12 41 0

0 0 8 51 -9 2 10 42

0 1 12 80 -19 14 16 44

0 10 12 15 -4 8 42 4

0 0 20 31 -7 44 46 31

0 2 26 79 -15 45 48 38

0 3 5 52 -13 28 38 6

0 2 16 52 -5 4 42 6

0 13 25 75 -18 17 28 48

0 7 27 31 -8 26 37 48

0 1 2 45 -13 2 5 33

0 2 5 49 -7 7 36 46


SAlphaB: 696.0, std-dev 262.363617673617

Earliest win: 37
Latest win: 81

WinDepth:
0 0 0 0 0 0 0 0 0 0 0 0 0 0 0 0 0 0 0 0 0 0 0 0 0 0 0 0 0 0 0 0 0 0 0 0 0 4 0 0 1 4 6 23 9 37 10 24 41 76 82 209 108 125 97 153 104 236 134 178 142 263 231 281 323 368 349 420 418 389 449 493 396 400 408 368 247 237 211 150 84 68 
SAlphaB:
0 0 0 0 0 0 0 0 0 0 0 0 0 0 0 0 0 0 0 0 0 0 0 0 0 0 0 0 0 0 0 0 0 0 0 0 0 4 0 0 1 4 6 23 9 37 10 24 41 76 82 209 108 125 97 153 104 236 134 178 142 263 231 281 323 368 349 420 418 389 449 493 396 400 408 368 247 237 211 150 84 68 

LossDepth:
SAlphaB:
0 0 0 0 0 0 0 0 0 0 0 0 0 0 0 0 0 0 0 0 0 0 0 0 0 0 0 0 0 0 0 0 0 0 0 0 0 4 0 0 1 4 6 23 9 37 10 24 41 76 82 209 108 125 97 153 104 236 134 178 142 263 231 281 323 368 349 420 418 389 449 493 396 400 408 368 247 237 211 150 84 68 

FirstWin:
0 0 0 0 0 0 0 0 0 0 0 0 0 0 0 0 0 0 0 0 0 0 0 0 0 0 0 0 0 0 0 0 0 0 0 0 0 4 0 0 0 4 0 23 0 37 0 24 0 76 0 209 0 125 0 153 0 236 0 178 0 263 0 281 0 368 0 420 0 389 0 493 0 400 0 368 0 237 0 150 0 68 
SAlphaB:
0 0 0 0 0 0 0 0 0 0 0 0 0 0 0 0 0 0 0 0 0 0 0 0 0 0 0 0 0 0 0 0 0 0 0 0 0 4 0 0 0 4 0 23 0 37 0 24 0 76 0 209 0 125 0 153 0 236 0 178 0 263 0 281 0 368 0 420 0 389 0 493 0 400 0 368 0 237 0 150 0 68 

SecondWin:
0 0 0 0 0 0 0 0 0 0 0 0 0 0 0 0 0 0 0 0 0 0 0 0 0 0 0 0 0 0 0 0 0 0 0 0 0 0 0 0 1 0 6 0 9 0 10 0 41 0 82 0 108 0 97 0 104 0 134 0 142 0 231 0 323 0 349 0 418 0 449 0 396 0 408 0 247 0 211 0 84 0 
SAlphaB:
0 0 0 0 0 0 0 0 0 0 0 0 0 0 0 0 0 0 0 0 0 0 0 0 0 0 0 0 0 0 0 0 0 0 0 0 0 0 0 0 1 0 6 0 9 0 10 0 41 0 82 0 108 0 97 0 104 0 134 0 142 0 231 0 323 0 349 0 418 0 449 0 396 0 408 0 247 0 211 0 84 0 
