0 30 72 22 -10 1 2 12

0 54 97 36 -10 11 14 9

0 26 43 34 -15 1 3 13

0 60 62 96 -7 6 19 4

0 52 67 78 -1 10 21 40

0 94 95 93 -19 11 30 33

0 11 13 85 -5 7 8 8

0 20 61 39 -8 1 5 23

0 38 71 47 -17 5 7 39

0 51 93 90 -17 0 44 31

0 3 67 48 -15 18 24 20

0 47 88 31 -20 7 17 20

0 15 74 56 -5 8 24 10

0 23 42 72 -13 2 18 11

0 46 49 82 -14 8 18 4

0 67 89 84 -17 6 14 21

0 9 39 72 -10 17 20 13

0 30 51 77 -6 25 39 15

0 96 98 67 -6 1 12 16

0 79 87 21 -19 16 22 8

0 17 58 11 -14 3 9 14

0 78 80 38 -2 3 22 16

0 66 76 69 -19 1 3 19

0 36 48 64 -9 8 21 24

0 26 43 8 -19 2 12 36

0 42 77 67 -10 2 10 33

0 33 44 18 -20 7 17 35

0 24 95 34 -1 16 43 49

0 46 99 75 -16 18 40 24

0 23 84 66 -18 13 47 38

0 1 58 60 -16 8 25 21

0 13 67 83 -3 4 22 7

0 20 51 97 -12 17 20 5

0 67 83 45 -6 2 14 40

0 51 69 45 -15 0 3 25

0 4 53 49 -13 23 26 9

0 9 34 37 -3 19 40 34

0 84 98 95 -14 1 5 7

0 17 64 75 -7 2 17 23

0 38 74 92 -14 1 4 49

0 47 67 76 -19 18 28 8

0 37 57 89 -1 17 25 34

0 35 36 72 -12 7 27 28

0 12 31 22 -2 17 19 3

0 27 89 47 -10 10 49 12

0 34 62 8 -15 22 26 21

0 63 96 14 -6 9 10 36

0 19 36 98 -9 28 43 15

0 10 28 3 -4 3 19 12

0 79 95 62 -10 1 6 38

0 21 23 78 -1 23 29 21

0 38 44 25 -7 15 28 25

0 17 26 67 -6 5 42 2

0 47 67 63 -3 0 15 28

0 12 17 90 -8 2 3 7

0 31 73 25 -1 21 30 45

0 25 89 88 -12 4 30 31

0 13 98 16 -12 10 45 37

0 1 21 95 -11 20 37 31

0 50 75 52 -19 26 37 8

0 7 17 38 -7 21 38 18

0 3 25 60 -3 36 44 17

0 45 95 37 -3 24 29 11

0 21 42 35 -7 8 40 36

0 44 53 74 -4 36 44 44

0 11 12 63 -5 34 44 27

0 17 50 71 -16 19 47 8

0 30 33 66 -11 3 4 45

0 5 27 36 -3 16 48 3

0 7 9 6 -16 0 4 13

0 19 21 4 -9 14 45 13

0 22 24 79 -4 1 11 47

0 15 39 49 -1 8 40 6

0 0 17 49 -18 22 29 41

0 61 63 25 -5 12 18 23

0 3 9 24 -20 8 14 11

0 87 89 19 -18 31 40 3

0 48 59 9 -20 20 26 45

0 12 47 20 -13 8 41 44

0 1 14 12 -18 19 22 44

0 1 4 92 -9 22 49 12

0 15 31 78 -4 29 33 34

0 3 17 87 -2 37 45 40

0 7 13 60 -19 4 12 0

0 3 10 61 -12 11 32 1

0 15 18 52 -19 23 36 20

0 8 12 83 -3 10 19 2

0 7 13 39 -4 7 49 42

0 19 26 11 -11 25 42 19

0 23 39 29 -14 25 33 47

0 0 8 40 -16 16 40 45

0 1 2 72 -4 22 43 0

0 0 1 15 -16 2 3 30

0 6 8 5 -15 18 48 3

0 5 18 3 -2 7 29 36

0 0 1 18 -8 14 42 43

0 8 10 17 -11 5 12 47

0 0 1 11 -9 31 46 6

0 5 16 58 -2 3 23 48

0 1 2 27 -8 1 2 30


SAlphaB: 686.0, std-dev 256.82751502661756

Earliest win: 39
Latest win: 81

WinDepth:
0 0 0 0 0 0 0 0 0 0 0 0 0 0 0 0 0 0 0 0 0 0 0 0 0 0 0 0 0 0 0 0 0 0 0 0 0 0 0 5 0 2 2 12 10 17 11 41 32 54 68 157 60 98 97 195 94 166 165 168 153 235 262 328 300 316 385 399 470 363 426 460 449 401 452 353 306 232 193 134 126 96 
SAlphaB:
0 0 0 0 0 0 0 0 0 0 0 0 0 0 0 0 0 0 0 0 0 0 0 0 0 0 0 0 0 0 0 0 0 0 0 0 0 0 0 5 0 2 2 12 10 17 11 41 32 54 68 157 60 98 97 195 94 166 165 168 153 235 262 328 300 316 385 399 470 363 426 460 449 401 452 353 306 232 193 134 126 96 

LossDepth:
SAlphaB:
0 0 0 0 0 0 0 0 0 0 0 0 0 0 0 0 0 0 0 0 0 0 0 0 0 0 0 0 0 0 0 0 0 0 0 0 0 0 0 5 0 2 2 12 10 17 11 41 32 54 68 157 60 98 97 195 94 166 165 168 153 235 262 328 300 316 385 399 470 363 426 460 449 401 452 353 306 232 193 134 126 96 

FirstWin:
0 0 0 0 0 0 0 0 0 0 0 0 0 0 0 0 0 0 0 0 0 0 0 0 0 0 0 0 0 0 0 0 0 0 0 0 0 0 0 5 0 2 0 12 0 17 0 41 0 54 0 157 0 98 0 195 0 166 0 168 0 235 0 328 0 316 0 399 0 363 0 460 0 401 0 353 0 232 0 134 0 96 
SAlphaB:
0 0 0 0 0 0 0 0 0 0 0 0 0 0 0 0 0 0 0 0 0 0 0 0 0 0 0 0 0 0 0 0 0 0 0 0 0 0 0 5 0 2 0 12 0 17 0 41 0 54 0 157 0 98 0 195 0 166 0 168 0 235 0 328 0 316 0 399 0 363 0 460 0 401 0 353 0 232 0 134 0 96 

SecondWin:
0 0 0 0 0 0 0 0 0 0 0 0 0 0 0 0 0 0 0 0 0 0 0 0 0 0 0 0 0 0 0 0 0 0 0 0 0 0 0 0 0 0 2 0 10 0 11 0 32 0 68 0 60 0 97 0 94 0 165 0 153 0 262 0 300 0 385 0 470 0 426 0 449 0 452 0 306 0 193 0 126 0 
SAlphaB:
0 0 0 0 0 0 0 0 0 0 0 0 0 0 0 0 0 0 0 0 0 0 0 0 0 0 0 0 0 0 0 0 0 0 0 0 0 0 0 0 0 0 2 0 10 0 11 0 32 0 68 0 60 0 97 0 94 0 165 0 153 0 262 0 300 0 385 0 470 0 426 0 449 0 452 0 306 0 193 0 126 0 
