0 42 91 53 -13 4 18 4

0 22 53 80 -1 2 11 4

0 31 75 78 -8 5 6 0

0 44 99 40 -16 5 16 46

0 16 41 84 -6 0 12 10

0 53 99 51 -13 11 23 19

0 37 88 73 -12 4 19 44

0 36 53 66 -14 28 42 10

0 56 93 54 -13 16 20 25

0 32 58 48 -13 1 7 23

0 22 89 88 -18 3 14 13

0 30 39 79 -19 2 14 33

0 37 77 35 -9 5 29 37

0 21 97 12 -17 5 20 4

0 38 90 56 -5 8 11 10

0 85 90 44 -19 15 47 35

0 78 81 73 -13 18 24 26

0 51 84 33 -2 3 17 43

0 73 96 58 -2 13 17 32

0 23 59 66 -2 14 44 45

0 40 68 69 -9 0 34 42

0 17 54 97 -9 4 16 27

0 43 66 51 -2 25 46 4

0 23 74 42 -18 0 23 40

0 77 97 19 -2 12 23 13

0 27 54 62 -18 4 15 0

0 32 33 83 -18 15 22 37

0 20 65 27 -1 0 19 34

0 30 58 96 -3 18 19 2

0 22 58 20 -1 15 39 15

0 18 62 32 -9 0 15 45

0 62 88 60 -9 12 18 44

0 47 98 60 -11 29 32 12

0 12 22 34 -1 17 20 4

0 13 38 96 -17 11 14 37

0 24 36 82 -20 4 13 11

0 29 57 77 -18 40 42 25

0 52 78 74 -13 12 38 8

0 46 69 88 -18 7 40 6

0 20 95 68 -20 7 25 36

0 15 30 58 -2 16 40 34

0 38 51 84 -13 3 31 26

0 27 37 92 -4 9 14 48

0 21 75 81 -8 32 33 21

0 5 14 30 -4 17 30 3

0 20 30 74 -16 15 39 3

0 19 70 55 -12 13 32 37

0 6 81 67 -6 0 8 32

0 11 37 99 -2 7 18 24

0 35 38 63 -16 8 19 33

0 5 10 28 -4 6 24 34

0 47 57 41 -15 7 15 49

0 7 51 80 -13 9 31 3

0 18 20 77 -7 1 14 40

0 4 7 39 -19 6 15 31

0 0 15 69 -10 6 11 26

0 6 52 62 -9 7 19 47

0 1 28 54 -8 0 10 14

0 0 43 52 -13 5 7 37

0 6 7 55 -14 11 19 35

0 20 36 85 -10 27 30 1

0 58 73 79 -16 28 45 23

0 1 10 3 -9 20 33 17

0 32 49 43 -16 19 25 2

0 7 80 11 -5 9 12 30

0 4 6 8 -6 25 31 20

0 10 37 46 -11 2 39 8

0 12 40 50 -2 2 9 42

0 5 88 6 -15 22 25 18

0 0 9 87 -16 14 24 22

0 4 6 12 -6 14 26 43

0 24 35 51 -3 20 30 47

0 23 36 43 -5 18 34 36

0 21 44 0 -18 18 35 25

0 22 50 74 -15 2 41 29

0 5 36 5 -17 10 11 40

0 7 8 4 -15 8 25 15

0 12 14 50 -3 4 14 20

0 19 65 80 -14 26 32 1

0 26 43 52 -8 1 47 28

0 26 28 35 -3 25 37 39

0 2 35 1 -7 8 39 11

0 10 19 1 -10 0 28 7

0 0 3 8 -5 7 14 4

0 29 31 82 -18 23 28 39

0 0 1 96 -20 13 20 13

0 9 33 34 -1 37 38 39

0 8 9 26 -9 1 2 28

0 7 8 69 -14 2 7 36

0 6 8 84 -5 10 49 25

0 12 56 97 -4 1 24 38

0 1 2 24 -13 4 20 32

0 20 38 90 -7 6 40 42

0 0 1 2 -15 0 4 16

0 0 1 92 -13 8 15 24

0 14 75 3 -11 2 45 46

0 11 19 69 -1 23 27 27

0 5 11 87 -7 10 15 48

0 2 4 67 -6 20 24 48

0 1 4 29 -10 14 43 29


SAlphaB: 681.0, std-dev 259.17154492144715

Earliest win: 37
Latest win: 81

WinDepth:
0 0 0 0 0 0 0 0 0 0 0 0 0 0 0 0 0 0 0 0 0 0 0 0 0 0 0 0 0 0 0 0 0 0 0 0 0 4 0 6 4 4 5 7 15 18 26 33 28 57 62 143 126 113 103 185 150 142 182 177 191 188 270 333 320 352 376 379 409 443 445 458 424 423 409 379 281 251 176 127 95 74 
SAlphaB:
0 0 0 0 0 0 0 0 0 0 0 0 0 0 0 0 0 0 0 0 0 0 0 0 0 0 0 0 0 0 0 0 0 0 0 0 0 4 0 6 4 4 5 7 15 18 26 33 28 57 62 143 126 113 103 185 150 142 182 177 191 188 270 333 320 352 376 379 409 443 445 458 424 423 409 379 281 251 176 127 95 74 

LossDepth:
SAlphaB:
0 0 0 0 0 0 0 0 0 0 0 0 0 0 0 0 0 0 0 0 0 0 0 0 0 0 0 0 0 0 0 0 0 0 0 0 0 4 0 6 4 4 5 7 15 18 26 33 28 57 62 143 126 113 103 185 150 142 182 177 191 188 270 333 320 352 376 379 409 443 445 458 424 423 409 379 281 251 176 127 95 74 

FirstWin:
0 0 0 0 0 0 0 0 0 0 0 0 0 0 0 0 0 0 0 0 0 0 0 0 0 0 0 0 0 0 0 0 0 0 0 0 0 4 0 6 0 4 0 7 0 18 0 33 0 57 0 143 0 113 0 185 0 142 0 177 0 188 0 333 0 352 0 379 0 443 0 458 0 423 0 379 0 251 0 127 0 74 
SAlphaB:
0 0 0 0 0 0 0 0 0 0 0 0 0 0 0 0 0 0 0 0 0 0 0 0 0 0 0 0 0 0 0 0 0 0 0 0 0 4 0 6 0 4 0 7 0 18 0 33 0 57 0 143 0 113 0 185 0 142 0 177 0 188 0 333 0 352 0 379 0 443 0 458 0 423 0 379 0 251 0 127 0 74 

SecondWin:
0 0 0 0 0 0 0 0 0 0 0 0 0 0 0 0 0 0 0 0 0 0 0 0 0 0 0 0 0 0 0 0 0 0 0 0 0 0 0 0 4 0 5 0 15 0 26 0 28 0 62 0 126 0 103 0 150 0 182 0 191 0 270 0 320 0 376 0 409 0 445 0 424 0 409 0 281 0 176 0 95 0 
SAlphaB:
0 0 0 0 0 0 0 0 0 0 0 0 0 0 0 0 0 0 0 0 0 0 0 0 0 0 0 0 0 0 0 0 0 0 0 0 0 0 0 0 4 0 5 0 15 0 26 0 28 0 62 0 126 0 103 0 150 0 182 0 191 0 270 0 320 0 376 0 409 0 445 0 424 0 409 0 281 0 176 0 95 0 
