0 49 99 81 -11 3 7 18

0 13 70 95 -20 15 33 19

0 23 97 67 -15 18 47 32

0 35 50 93 -12 20 32 7

0 42 80 48 -8 6 36 44

0 63 92 59 -19 0 2 23

0 80 85 15 -16 15 18 18

0 56 82 61 -10 7 27 40

0 45 56 48 -20 9 27 38

0 60 61 77 -1 4 10 15

0 31 64 70 -16 43 48 12

0 0 36 74 -8 2 4 9

0 17 48 97 -14 20 43 29

0 3 47 64 -8 0 6 13

0 44 45 84 -9 0 21 31

0 26 69 86 -18 9 13 15

0 19 25 16 -6 2 7 1

0 7 57 83 -9 26 29 2

0 16 39 23 -18 3 7 38

0 6 21 59 -2 3 6 23

0 30 81 60 -7 1 12 36

0 31 67 64 -15 8 14 33

0 38 71 20 -12 16 31 33

0 7 78 32 -11 11 13 43

0 23 74 67 -15 27 34 7

0 6 74 97 -6 1 2 4

0 29 32 24 -14 1 18 3

0 12 54 13 -8 7 21 1

0 46 90 59 -4 4 40 19

0 52 88 62 -20 17 44 29

0 37 88 79 -3 0 26 41

0 5 23 69 -10 7 20 31

0 73 94 39 -19 12 34 45

0 81 93 24 -13 2 14 0

0 44 49 67 -9 0 12 30

0 50 57 36 -3 40 42 22

0 36 68 73 -12 8 37 43

0 21 42 37 -5 16 27 13

0 72 91 17 -6 7 23 46

0 2 73 70 -5 33 44 27

0 9 13 45 -19 3 7 19

0 1 98 61 -9 2 3 0

0 36 88 30 -19 4 34 41

0 10 49 43 -10 15 39 18

0 57 62 53 -5 0 33 14

0 28 53 40 -18 10 39 38

0 17 30 79 -6 29 40 24

0 25 70 35 -16 6 37 39

0 39 53 54 -3 23 24 44

0 30 67 55 -4 2 35 0

0 53 76 93 -4 14 16 39

0 12 81 6 -15 6 36 41

0 43 44 8 -15 40 48 26

0 12 36 48 -9 19 40 19

0 68 72 48 -1 32 35 3

0 9 50 6 -2 8 12 18

0 1 15 4 -4 3 9 4

0 21 63 2 -8 10 24 42

0 8 26 67 -11 21 27 28

0 56 65 72 -8 27 31 30

0 32 33 90 -2 0 11 29

0 36 44 4 -1 20 48 4

0 42 80 31 -7 31 35 21

0 1 7 43 -15 7 17 6

0 11 30 8 -6 0 6 40

0 5 19 62 -8 0 2 23

0 19 22 55 -4 12 30 20

0 0 63 91 -14 5 24 11

0 14 23 67 -19 17 31 9

0 7 15 7 -20 24 25 8

0 4 6 76 -19 3 8 32

0 8 15 74 -4 0 6 27

0 5 49 47 -8 8 45 14

0 2 44 25 -10 11 43 49

0 79 87 12 -3 38 40 10

0 17 25 48 -20 32 39 17

0 10 22 53 -15 3 43 23

0 3 7 84 -19 1 5 3

0 2 67 75 -3 3 43 41

0 20 22 30 -3 7 17 46

0 3 4 70 -15 3 5 32

0 3 45 48 -15 5 20 48

0 9 24 49 -12 16 36 43

0 3 10 50 -18 7 47 41

0 18 48 73 -16 5 33 47

0 6 16 23 -11 20 35 11

0 0 19 84 -20 4 5 6

0 10 30 0 -20 11 49 36

0 8 15 4 -4 16 47 34

0 18 24 65 -20 2 15 39

0 2 6 10 -19 15 19 4

0 4 5 76 -13 38 43 8

0 1 14 33 -20 23 35 30

0 18 30 29 -17 16 20 35

0 8 9 91 -4 32 36 21

0 2 20 19 -18 25 30 38

0 4 12 87 -16 1 34 41

0 11 12 62 -3 22 36 44

0 1 3 13 -8 6 10 17

0 3 18 47 -9 35 45 5


SAlphaB: 688.0, std-dev 253.27369284007466

Earliest win: 36
Latest win: 81

WinDepth:
0 0 0 0 0 0 0 0 0 0 0 0 0 0 0 0 0 0 0 0 0 0 0 0 0 0 0 0 0 0 0 0 0 0 0 0 1 5 2 7 17 5 7 9 19 22 14 24 26 82 81 230 155 132 119 197 117 183 137 171 139 201 218 307 304 328 391 361 444 384 446 444 448 394 421 353 255 256 193 155 81 71 
SAlphaB:
0 0 0 0 0 0 0 0 0 0 0 0 0 0 0 0 0 0 0 0 0 0 0 0 0 0 0 0 0 0 0 0 0 0 0 0 1 5 2 7 17 5 7 9 19 22 14 24 26 82 81 230 155 132 119 197 117 183 137 171 139 201 218 307 304 328 391 361 444 384 446 444 448 394 421 353 255 256 193 155 81 71 

LossDepth:
SAlphaB:
0 0 0 0 0 0 0 0 0 0 0 0 0 0 0 0 0 0 0 0 0 0 0 0 0 0 0 0 0 0 0 0 0 0 0 0 1 5 2 7 17 5 7 9 19 22 14 24 26 82 81 230 155 132 119 197 117 183 137 171 139 201 218 307 304 328 391 361 444 384 446 444 448 394 421 353 255 256 193 155 81 71 

FirstWin:
0 0 0 0 0 0 0 0 0 0 0 0 0 0 0 0 0 0 0 0 0 0 0 0 0 0 0 0 0 0 0 0 0 0 0 0 0 5 0 7 0 5 0 9 0 22 0 24 0 82 0 230 0 132 0 197 0 183 0 171 0 201 0 307 0 328 0 361 0 384 0 444 0 394 0 353 0 256 0 155 0 71 
SAlphaB:
0 0 0 0 0 0 0 0 0 0 0 0 0 0 0 0 0 0 0 0 0 0 0 0 0 0 0 0 0 0 0 0 0 0 0 0 0 5 0 7 0 5 0 9 0 22 0 24 0 82 0 230 0 132 0 197 0 183 0 171 0 201 0 307 0 328 0 361 0 384 0 444 0 394 0 353 0 256 0 155 0 71 

SecondWin:
0 0 0 0 0 0 0 0 0 0 0 0 0 0 0 0 0 0 0 0 0 0 0 0 0 0 0 0 0 0 0 0 0 0 0 0 1 0 2 0 17 0 7 0 19 0 14 0 26 0 81 0 155 0 119 0 117 0 137 0 139 0 218 0 304 0 391 0 444 0 446 0 448 0 421 0 255 0 193 0 81 0 
SAlphaB:
0 0 0 0 0 0 0 0 0 0 0 0 0 0 0 0 0 0 0 0 0 0 0 0 0 0 0 0 0 0 0 0 0 0 0 0 1 0 2 0 17 0 7 0 19 0 14 0 26 0 81 0 155 0 119 0 117 0 137 0 139 0 218 0 304 0 391 0 444 0 446 0 448 0 421 0 255 0 193 0 81 0 
