0 74 93 67 -6 0 2 10

0 18 58 91 -9 9 23 26

0 19 96 60 -4 8 12 5

0 68 96 51 -3 3 9 13

0 26 40 17 -8 18 38 3

0 80 83 69 -2 15 48 20

0 48 75 73 -8 1 4 19

0 13 64 28 -5 5 30 27

0 48 51 67 -19 3 18 26

0 17 49 95 -5 2 13 26

0 87 98 1 -13 13 47 41

0 88 97 83 -1 2 4 2

0 14 76 69 -20 21 41 48

0 46 86 82 -14 22 29 42

0 10 41 9 -3 1 2 22

0 48 65 56 -7 1 21 27

0 49 51 44 -10 1 8 18

0 59 86 18 -14 18 35 41

0 54 72 77 -10 4 12 48

0 7 35 55 -6 11 22 11

0 12 80 79 -10 15 30 36

0 60 91 88 -18 20 30 36

0 58 80 71 -6 14 18 36

0 37 47 62 -4 3 4 20

0 2 63 59 -6 16 29 10

0 60 75 47 -1 7 10 33

0 26 84 37 -12 9 18 13

0 21 28 54 -9 2 7 31

0 12 45 88 -19 10 15 14

0 26 63 80 -11 34 44 15

0 28 46 62 -20 21 39 13

0 27 72 24 -20 4 42 0

0 9 41 54 -20 0 6 43

0 22 40 71 -12 15 21 23

0 38 42 94 -5 1 31 5

0 0 75 94 -2 17 37 36

0 27 33 75 -1 12 17 21

0 13 78 2 -7 28 33 16

0 22 43 70 -19 9 12 29

0 13 39 37 -5 12 41 21

0 1 82 64 -18 17 44 37

0 40 42 99 -11 13 44 38

0 42 49 40 -1 5 30 39

0 3 66 79 -2 5 16 42

0 4 20 57 -20 4 11 12

0 2 60 14 -18 3 33 33

0 35 74 71 -17 44 45 48

0 6 84 31 -8 10 23 26

0 37 49 56 -8 1 5 39

0 22 96 46 -20 41 42 30

0 3 90 25 -3 17 33 24

0 51 62 86 -12 24 32 12

0 39 60 79 -18 16 30 18

0 24 38 49 -7 2 24 37

0 35 48 0 -14 18 22 9

0 15 23 48 -19 7 11 0

0 2 47 22 -6 46 49 16

0 36 58 40 -2 32 43 33

0 43 45 5 -2 29 42 23

0 17 47 58 -20 2 10 47

0 4 6 48 -9 17 21 18

0 26 38 30 -17 11 14 37

0 5 44 98 -10 2 4 46

0 4 31 87 -12 17 47 31

0 31 74 13 -14 2 33 35

0 32 73 51 -10 23 45 32

0 16 88 64 -3 2 36 24

0 35 55 18 -14 23 39 30

0 20 38 1 -20 7 25 40

0 6 18 49 -11 28 33 32

0 1 7 72 -14 17 22 25

0 14 24 54 -20 32 37 48

0 16 24 68 -15 12 31 49

0 11 21 7 -1 25 28 20

0 36 51 28 -6 20 31 46

0 12 31 75 -3 1 17 39

0 4 29 0 -19 21 39 27

0 15 25 31 -15 4 22 7

0 0 1 69 -19 15 16 10

0 16 23 5 -17 22 30 7

0 9 50 21 -13 13 21 48

0 3 36 64 -9 2 8 24

0 13 27 6 -1 19 34 28

0 4 5 45 -14 29 48 18

0 0 2 66 -16 9 13 11

0 2 9 54 -6 20 25 26

0 11 42 7 -20 38 49 17

0 4 40 87 -17 9 29 0

0 1 15 48 -16 10 17 31

0 7 15 78 -7 39 40 24

0 3 7 78 -18 8 11 46

0 1 15 69 -14 19 25 40

0 15 20 29 -20 2 11 46

0 15 17 91 -4 34 37 43

0 27 28 76 -1 3 48 9

0 12 14 24 -11 1 28 49

0 0 4 23 -1 1 48 22

0 3 15 16 -10 4 5 40

0 2 4 14 -2 17 25 44

0 0 2 40 -9 0 4 16


SAlphaB: 714.0, std-dev 254.78544618140688

Earliest win: 37
Latest win: 81

WinDepth:
0 0 0 0 0 0 0 0 0 0 0 0 0 0 0 0 0 0 0 0 0 0 0 0 0 0 0 0 0 0 0 0 0 0 0 0 0 1 2 3 1 5 2 17 4 8 14 20 32 56 51 263 57 112 93 144 96 158 167 182 162 181 241 324 333 364 368 398 465 404 485 463 419 409 400 421 300 232 145 143 107 81 
SAlphaB:
0 0 0 0 0 0 0 0 0 0 0 0 0 0 0 0 0 0 0 0 0 0 0 0 0 0 0 0 0 0 0 0 0 0 0 0 0 1 2 3 1 5 2 17 4 8 14 20 32 56 51 263 57 112 93 144 96 158 167 182 162 181 241 324 333 364 368 398 465 404 485 463 419 409 400 421 300 232 145 143 107 81 

LossDepth:
SAlphaB:
0 0 0 0 0 0 0 0 0 0 0 0 0 0 0 0 0 0 0 0 0 0 0 0 0 0 0 0 0 0 0 0 0 0 0 0 0 1 2 3 1 5 2 17 4 8 14 20 32 56 51 263 57 112 93 144 96 158 167 182 162 181 241 324 333 364 368 398 465 404 485 463 419 409 400 421 300 232 145 143 107 81 

FirstWin:
0 0 0 0 0 0 0 0 0 0 0 0 0 0 0 0 0 0 0 0 0 0 0 0 0 0 0 0 0 0 0 0 0 0 0 0 0 1 0 3 0 5 0 17 0 8 0 20 0 56 0 263 0 112 0 144 0 158 0 182 0 181 0 324 0 364 0 398 0 404 0 463 0 409 0 421 0 232 0 143 0 81 
SAlphaB:
0 0 0 0 0 0 0 0 0 0 0 0 0 0 0 0 0 0 0 0 0 0 0 0 0 0 0 0 0 0 0 0 0 0 0 0 0 1 0 3 0 5 0 17 0 8 0 20 0 56 0 263 0 112 0 144 0 158 0 182 0 181 0 324 0 364 0 398 0 404 0 463 0 409 0 421 0 232 0 143 0 81 

SecondWin:
0 0 0 0 0 0 0 0 0 0 0 0 0 0 0 0 0 0 0 0 0 0 0 0 0 0 0 0 0 0 0 0 0 0 0 0 0 0 2 0 1 0 2 0 4 0 14 0 32 0 51 0 57 0 93 0 96 0 167 0 162 0 241 0 333 0 368 0 465 0 485 0 419 0 400 0 300 0 145 0 107 0 
SAlphaB:
0 0 0 0 0 0 0 0 0 0 0 0 0 0 0 0 0 0 0 0 0 0 0 0 0 0 0 0 0 0 0 0 0 0 0 0 0 0 2 0 1 0 2 0 4 0 14 0 32 0 51 0 57 0 93 0 96 0 167 0 162 0 241 0 333 0 368 0 465 0 485 0 419 0 400 0 300 0 145 0 107 0 
