0 19 29 15 -2 3 9 6

0 15 73 54 -4 2 7 2

0 31 84 37 -10 4 13 5

0 23 77 41 -15 2 5 16

0 55 98 32 -1 2 29 12

0 35 66 89 -6 6 16 8

0 47 70 16 -1 4 22 6

0 49 93 80 -15 10 34 28

0 68 99 79 -13 9 30 44

0 13 84 43 -9 1 10 15

0 87 93 22 -20 12 36 1

0 50 89 39 -8 8 18 33

0 38 83 34 -20 2 3 7

0 23 37 16 -20 0 4 13

0 63 88 50 -10 0 3 0

0 23 88 74 -2 2 13 9

0 63 93 71 -3 14 16 7

0 36 60 68 -4 3 19 13

0 50 94 47 -12 9 20 20

0 60 70 84 -18 10 37 21

0 15 59 37 -8 1 13 18

0 22 28 86 -16 3 9 5

0 13 32 47 -6 5 11 11

0 49 81 62 -17 4 7 24

0 47 63 20 -19 1 7 39

0 54 87 78 -10 9 21 33

0 97 99 75 -4 26 27 46

0 33 64 31 -7 1 2 4

0 65 82 0 -16 1 19 18

0 37 56 14 -3 8 18 17

0 32 88 48 -8 1 2 12

0 42 52 79 -5 2 4 4

0 53 74 76 -8 1 3 10

0 41 82 32 -12 4 12 37

0 39 77 79 -19 7 17 18

0 50 61 36 -7 1 14 7

0 79 81 28 -13 11 25 10

0 64 88 76 -14 17 35 8

0 87 95 18 -4 10 49 31

0 63 94 10 -20 4 24 42

0 72 82 27 -16 16 33 1

0 59 82 63 -8 5 16 19

0 70 77 69 -13 4 48 24

0 40 51 81 -18 0 1 27

0 69 83 38 -20 0 13 29

0 62 91 25 -16 0 11 22

0 34 64 57 -5 5 25 6

0 51 97 3 -17 5 7 39

0 70 83 59 -1 7 34 21

0 29 60 62 -15 0 5 22

0 30 33 78 -11 2 14 17

0 53 70 76 -10 4 9 19

0 39 57 67 -18 5 24 37

0 15 80 51 -5 6 13 12

0 17 26 66 -3 4 8 1

0 47 51 68 -3 2 25 26

0 42 48 99 -7 9 12 3

0 49 61 48 -5 21 23 9

0 60 86 86 -19 0 33 44

0 82 89 73 -16 1 19 12

0 35 90 18 -17 20 24 31

0 35 59 62 -11 8 20 1

0 52 82 80 -18 2 31 25

0 31 56 84 -4 10 33 21

0 5 31 65 -4 4 8 3

0 46 96 40 -13 12 29 7

0 47 98 29 -20 17 43 9

0 28 37 41 -10 2 7 0

0 39 46 28 -18 3 13 10

0 60 75 8 -5 24 26 25

0 14 76 92 -5 10 20 25

0 43 83 87 -6 5 37 8

0 11 21 33 -6 11 25 2

0 52 99 27 -5 8 40 27

0 10 65 77 -10 6 9 17

0 66 78 3 -1 5 38 10

0 29 94 58 -14 5 13 1

0 19 99 93 -19 1 11 11

0 3 37 35 -17 2 6 18

0 40 63 35 -19 3 17 48

0 58 91 57 -8 22 30 40

0 25 79 89 -8 0 6 39

0 2 27 39 -7 4 8 5

0 45 54 44 -8 0 4 15

0 25 73 0 -12 13 17 42

0 44 57 93 -4 0 19 26

0 49 54 56 -2 2 22 21

0 29 75 80 -2 7 19 35

0 41 91 17 -6 14 32 5

0 5 39 55 -2 18 30 6

0 42 96 87 -14 10 38 30

0 16 43 58 -7 3 14 2

0 23 82 1 -2 14 32 18

0 10 48 65 -3 11 25 6

0 53 97 3 -13 15 36 35

0 31 53 78 -17 30 45 28

0 1 58 61 -8 19 30 4

0 17 60 52 -11 38 44 14

0 11 73 70 -7 34 45 20

0 38 62 86 -14 21 30 13


SAlphaB: 751.0, std-dev 278.2968837501608

Earliest win: 36
Latest win: 81

WinDepth:
0 0 0 0 0 0 0 0 0 0 0 0 0 0 0 0 0 0 0 0 0 0 0 0 0 0 0 0 0 0 0 0 0 0 0 0 2 18 9 34 10 13 8 30 27 49 52 95 74 194 188 309 160 321 251 448 336 593 362 539 414 631 660 850 787 914 939 926 1037 992 942 935 882 839 893 765 571 471 442 256 197 128 
SAlphaB:
0 0 0 0 0 0 0 0 0 0 0 0 0 0 0 0 0 0 0 0 0 0 0 0 0 0 0 0 0 0 0 0 0 0 0 0 2 18 9 34 10 13 8 30 27 49 52 95 74 194 188 309 160 321 251 448 336 593 362 539 414 631 660 850 787 914 939 926 1037 992 942 935 882 839 893 765 571 471 442 256 197 128 

LossDepth:
SAlphaB:
0 0 0 0 0 0 0 0 0 0 0 0 0 0 0 0 0 0 0 0 0 0 0 0 0 0 0 0 0 0 0 0 0 0 0 0 1 16 7 23 6 10 4 18 9 30 41 66 49 106 128 118 131 206 151 257 220 391 200 350 288 420 387 652 565 702 648 694 722 776 722 724 696 691 709 678 454 432 328 231 223 129 

FirstWin:
0 0 0 0 0 0 0 0 0 0 0 0 0 0 0 0 0 0 0 0 0 0 0 0 0 0 0 0 0 0 0 0 0 0 0 0 0 18 0 34 0 13 0 30 0 49 0 95 0 194 0 309 0 321 0 448 0 593 0 539 0 631 0 850 0 914 0 926 0 992 0 935 0 839 0 765 0 471 0 256 0 128 
SAlphaB:
0 0 0 0 0 0 0 0 0 0 0 0 0 0 0 0 0 0 0 0 0 0 0 0 0 0 0 0 0 0 0 0 0 0 0 0 0 18 0 34 0 13 0 30 0 49 0 95 0 194 0 309 0 321 0 448 0 593 0 539 0 631 0 850 0 914 0 926 0 992 0 935 0 839 0 765 0 471 0 256 0 128 

SecondWin:
0 0 0 0 0 0 0 0 0 0 0 0 0 0 0 0 0 0 0 0 0 0 0 0 0 0 0 0 0 0 0 0 0 0 0 0 2 0 9 0 10 0 8 0 27 0 52 0 74 0 188 0 160 0 251 0 336 0 362 0 414 0 660 0 787 0 939 0 1037 0 942 0 882 0 893 0 571 0 442 0 197 0 
SAlphaB:
0 0 0 0 0 0 0 0 0 0 0 0 0 0 0 0 0 0 0 0 0 0 0 0 0 0 0 0 0 0 0 0 0 0 0 0 2 0 9 0 10 0 8 0 27 0 52 0 74 0 188 0 160 0 251 0 336 0 362 0 414 0 660 0 787 0 939 0 1037 0 942 0 882 0 893 0 571 0 442 0 197 0 
