0 15 73 54 -4 2 7 2

0 29 60 62 -15 0 5 22

0 50 94 47 -12 9 20 20

0 65 82 0 -16 1 19 18

0 32 88 48 -8 1 2 12

0 59 82 63 -8 5 16 19

0 23 37 16 -20 0 4 13

0 54 87 78 -10 9 21 33

0 44 57 93 -4 0 19 26

0 53 70 76 -10 4 9 19

0 52 88 74 -11 16 48 19

0 51 81 15 -7 3 10 4

0 36 61 76 -14 10 30 33

0 64 89 49 -17 9 15 16

0 85 99 63 -10 1 2 9

0 54 88 3 -15 10 46 46

0 24 49 20 -1 4 6 5

0 16 42 99 -1 20 29 15

0 57 74 34 -6 9 21 12

0 9 61 60 -18 9 10 28

0 17 82 28 -14 7 9 18

0 25 69 22 -15 8 23 29

0 60 62 55 -2 6 7 37

0 39 41 35 -10 1 9 35

0 3 80 93 -20 3 10 33

0 13 22 24 -18 0 2 11

0 83 86 37 -18 1 48 7

0 49 61 67 -17 0 1 1

0 11 28 34 -13 0 1 31

0 45 62 84 -13 0 19 44

0 18 22 73 -16 2 4 19

0 28 69 68 -13 16 24 26

0 13 33 78 -8 3 9 21

0 52 53 55 -10 2 8 21

0 40 97 27 -13 3 42 33

0 25 26 42 -1 8 11 43

0 23 49 28 -5 26 31 13

0 42 56 47 -3 3 4 36

0 30 40 25 -8 5 9 3

0 35 58 94 -6 27 45 44

0 13 73 28 -11 40 45 36

0 68 95 4 -15 1 8 47

0 22 31 2 -6 2 10 42

0 53 59 28 -11 21 31 9

0 25 32 4 -10 7 21 8

0 31 33 56 -20 15 20 20

0 23 79 8 -6 17 46 11

0 10 20 74 -9 9 28 15

0 28 63 40 -12 5 30 28

0 7 64 20 -20 9 14 39

0 2 65 5 -5 14 44 39

0 2 55 97 -3 14 43 47

0 2 63 98 -4 16 31 49

0 17 87 36 -6 19 26 43

0 60 81 20 -4 3 7 36

0 72 82 57 -3 15 44 46

0 15 85 88 -18 3 17 42

0 18 23 57 -11 2 25 20

0 7 92 64 -9 3 30 15

0 20 70 79 -10 0 46 41

0 46 50 27 -4 11 17 38

0 10 17 55 -12 0 1 36

0 54 57 66 -16 29 33 24

0 8 14 29 -2 2 7 18

0 1 25 55 -4 9 11 24

0 11 43 73 -5 7 31 28

0 28 63 53 -2 0 1 38

0 16 19 96 -4 0 3 22

0 1 17 38 -5 3 14 7

0 8 10 76 -4 21 44 39

0 6 19 89 -14 6 16 1

0 9 15 53 -14 15 18 21

0 58 62 50 -3 32 33 1

0 8 40 16 -18 8 14 23

0 9 12 14 -10 7 45 27

0 0 16 89 -16 26 28 39

0 20 21 52 -19 26 43 31

0 2 31 72 -5 41 42 40

0 0 11 4 -13 17 42 25

0 18 50 81 -9 3 47 38

0 60 77 3 -16 32 34 45

0 8 26 3 -17 19 21 15

0 4 17 44 -20 21 37 13

0 21 78 8 -15 1 47 46

0 5 49 14 -1 4 8 35

0 10 12 44 -7 40 47 36

0 17 22 69 -10 7 9 23

0 1 25 72 -6 32 38 26

0 16 18 93 -18 17 36 38

0 2 21 94 -17 29 30 20

0 0 38 27 -1 3 20 45

0 12 13 20 -9 8 13 24

0 4 5 29 -4 1 26 26

0 0 23 37 -20 11 39 29

0 7 11 89 -20 7 37 47

0 7 17 32 -1 3 32 41

0 3 7 68 -1 40 49 21

0 1 10 86 -8 13 36 42

0 1 2 99 -4 11 30 17

0 0 4 32 -2 8 17 49


SAlphaB: 700.0, std-dev 260.19785352650007

Earliest win: 37
Latest win: 81

WinDepth:
0 0 0 0 0 0 0 0 0 0 0 0 0 0 0 0 0 0 0 0 0 0 0 0 0 0 0 0 0 0 0 0 0 0 0 0 0 10 0 1 2 1 8 10 18 18 18 21 29 86 62 166 64 158 107 162 134 180 123 164 149 284 232 324 360 367 386 402 411 409 407 433 414 412 438 353 290 241 203 128 94 77 
SAlphaB:
0 0 0 0 0 0 0 0 0 0 0 0 0 0 0 0 0 0 0 0 0 0 0 0 0 0 0 0 0 0 0 0 0 0 0 0 0 10 0 1 2 1 8 10 18 18 18 21 29 86 62 166 64 158 107 162 134 180 123 164 149 284 232 324 360 367 386 402 411 409 407 433 414 412 438 353 290 241 203 128 94 77 

LossDepth:
SAlphaB:
0 0 0 0 0 0 0 0 0 0 0 0 0 0 0 0 0 0 0 0 0 0 0 0 0 0 0 0 0 0 0 0 0 0 0 0 0 10 0 1 2 1 8 10 18 18 18 21 29 86 62 166 64 158 107 162 134 180 123 164 149 284 232 324 360 367 386 402 411 409 407 433 414 412 438 353 290 241 203 128 94 77 

FirstWin:
0 0 0 0 0 0 0 0 0 0 0 0 0 0 0 0 0 0 0 0 0 0 0 0 0 0 0 0 0 0 0 0 0 0 0 0 0 10 0 1 0 1 0 10 0 18 0 21 0 86 0 166 0 158 0 162 0 180 0 164 0 284 0 324 0 367 0 402 0 409 0 433 0 412 0 353 0 241 0 128 0 77 
SAlphaB:
0 0 0 0 0 0 0 0 0 0 0 0 0 0 0 0 0 0 0 0 0 0 0 0 0 0 0 0 0 0 0 0 0 0 0 0 0 10 0 1 0 1 0 10 0 18 0 21 0 86 0 166 0 158 0 162 0 180 0 164 0 284 0 324 0 367 0 402 0 409 0 433 0 412 0 353 0 241 0 128 0 77 

SecondWin:
0 0 0 0 0 0 0 0 0 0 0 0 0 0 0 0 0 0 0 0 0 0 0 0 0 0 0 0 0 0 0 0 0 0 0 0 0 0 0 0 2 0 8 0 18 0 18 0 29 0 62 0 64 0 107 0 134 0 123 0 149 0 232 0 360 0 386 0 411 0 407 0 414 0 438 0 290 0 203 0 94 0 
SAlphaB:
0 0 0 0 0 0 0 0 0 0 0 0 0 0 0 0 0 0 0 0 0 0 0 0 0 0 0 0 0 0 0 0 0 0 0 0 0 0 0 0 2 0 8 0 18 0 18 0 29 0 62 0 64 0 107 0 134 0 123 0 149 0 232 0 360 0 386 0 411 0 407 0 414 0 438 0 290 0 203 0 94 0 
