0 39 77 79 -19 7 17 18

0 79 81 28 -13 11 25 10

0 55 98 32 -1 2 29 12

0 17 26 66 -3 4 8 1

0 60 86 86 -19 0 33 44

0 13 84 43 -9 1 10 15

0 66 78 3 -1 5 38 10

0 36 60 68 -4 3 19 13

0 68 99 79 -13 9 30 44

0 16 43 58 -7 3 14 2

0 41 58 10 -20 7 18 4

0 29 83 13 -9 6 18 25

0 47 53 85 -17 4 12 20

0 59 69 17 -10 4 22 27

0 17 96 12 -1 0 12 27

0 72 88 22 -7 10 19 12

0 57 80 82 -14 11 30 2

0 37 75 17 -8 8 21 14

0 37 82 81 -11 4 9 34

0 6 51 52 -4 5 19 13

0 34 94 4 -1 3 4 34

0 17 81 96 -11 4 10 33

0 76 78 56 -2 6 20 41

0 36 43 5 -13 12 39 20

0 33 98 42 -4 1 6 48

0 49 63 51 -8 0 15 25

0 65 99 60 -3 11 16 30

0 43 61 74 -14 4 47 23

0 27 96 27 -16 9 24 10

0 71 95 60 -20 1 20 46

0 75 82 35 -20 2 19 27

0 58 66 54 -6 5 16 26

0 30 62 94 -16 1 20 18

0 23 40 54 -17 6 18 25

0 24 61 70 -5 7 10 31

0 46 60 99 -1 18 23 17

0 2 13 29 -13 1 3 12

0 55 79 64 -14 42 49 38

0 24 44 83 -9 8 9 6

0 23 74 48 -14 4 15 47

0 39 83 8 -9 1 48 25

0 27 32 53 -15 14 29 2

0 35 81 8 -2 3 38 7

0 11 24 55 -6 0 2 11

0 70 78 76 -5 2 3 48

0 2 16 91 -5 6 18 5

0 50 99 20 -17 33 34 48

0 12 61 4 -9 21 44 31

0 33 58 42 -9 42 46 29

0 13 32 69 -19 16 43 39

0 37 83 2 -2 7 13 47

0 6 91 87 -20 17 18 12

0 8 61 16 -4 12 31 9

0 19 84 2 -19 9 10 39

0 24 42 27 -3 19 29 3

0 23 34 8 -12 6 7 14

0 0 73 78 -10 15 32 35

0 2 33 98 -12 0 1 33

0 1 43 67 -14 13 35 22

0 37 55 90 -17 12 41 8

0 2 40 87 -4 8 22 17

0 17 47 75 -14 30 46 32

0 46 83 74 -4 0 4 41

0 14 40 37 -12 1 2 47

0 5 19 36 -7 14 22 19

0 3 79 52 -2 2 3 39

0 21 33 84 -20 4 29 11

0 32 72 74 -18 26 28 21

0 40 46 2 -11 30 42 0

0 54 61 80 -8 18 47 29

0 0 9 46 -5 6 24 7

0 11 18 83 -6 14 18 14

0 0 35 50 -11 4 15 38

0 0 8 75 -8 22 40 1

0 16 31 92 -19 1 10 49

0 12 40 62 -4 11 49 2

0 17 18 99 -13 19 24 33

0 14 40 92 -17 30 43 46

0 1 14 5 -13 5 30 11

0 18 22 84 -16 30 42 42

0 25 75 7 -17 35 37 41

0 10 30 80 -8 5 7 37

0 36 43 4 -10 12 15 2

0 1 7 98 -3 8 45 46

0 10 22 20 -17 23 24 25

0 25 28 85 -15 5 40 46

0 24 49 68 -5 19 36 48

0 11 15 73 -7 0 11 39

0 1 8 56 -16 15 16 41

0 6 32 19 -17 32 46 9

0 35 46 86 -16 14 44 4

0 0 5 87 -16 2 10 17

0 1 24 65 -11 12 32 1

0 4 5 16 -17 6 8 38

0 10 30 92 -4 14 31 47

0 3 8 24 -18 5 32 25

0 5 9 6 -13 9 35 2

0 3 14 26 -17 24 43 46

0 3 8 50 -19 15 18 2

0 1 23 8 -18 5 37 44


SAlphaB: 728.0, std-dev 274.3830503754438

Earliest win: 36
Latest win: 81

WinDepth:
0 0 0 0 0 0 0 0 0 0 0 0 0 0 0 0 0 0 0 0 0 0 0 0 0 0 0 0 0 0 0 0 0 0 0 0 1 9 2 2 1 8 2 17 9 17 17 35 17 70 54 158 72 102 123 171 140 179 173 168 199 210 254 363 337 369 388 399 417 396 410 455 414 426 393 346 286 263 202 130 121 83 
SAlphaB:
0 0 0 0 0 0 0 0 0 0 0 0 0 0 0 0 0 0 0 0 0 0 0 0 0 0 0 0 0 0 0 0 0 0 0 0 1 9 2 2 1 8 2 17 9 17 17 35 17 70 54 158 72 102 123 171 140 179 173 168 199 210 254 363 337 369 388 399 417 396 410 455 414 426 393 346 286 263 202 130 121 83 

LossDepth:
SAlphaB:
0 0 0 0 0 0 0 0 0 0 0 0 0 0 0 0 0 0 0 0 0 0 0 0 0 0 0 0 0 0 0 0 0 0 0 0 1 9 2 2 1 8 2 17 9 17 17 35 17 70 54 158 72 102 123 171 140 179 173 168 199 210 254 363 337 369 388 399 417 396 410 455 414 426 393 346 286 263 202 130 121 83 

FirstWin:
0 0 0 0 0 0 0 0 0 0 0 0 0 0 0 0 0 0 0 0 0 0 0 0 0 0 0 0 0 0 0 0 0 0 0 0 0 9 0 2 0 8 0 17 0 17 0 35 0 70 0 158 0 102 0 171 0 179 0 168 0 210 0 363 0 369 0 399 0 396 0 455 0 426 0 346 0 263 0 130 0 83 
SAlphaB:
0 0 0 0 0 0 0 0 0 0 0 0 0 0 0 0 0 0 0 0 0 0 0 0 0 0 0 0 0 0 0 0 0 0 0 0 0 9 0 2 0 8 0 17 0 17 0 35 0 70 0 158 0 102 0 171 0 179 0 168 0 210 0 363 0 369 0 399 0 396 0 455 0 426 0 346 0 263 0 130 0 83 

SecondWin:
0 0 0 0 0 0 0 0 0 0 0 0 0 0 0 0 0 0 0 0 0 0 0 0 0 0 0 0 0 0 0 0 0 0 0 0 1 0 2 0 1 0 2 0 9 0 17 0 17 0 54 0 72 0 123 0 140 0 173 0 199 0 254 0 337 0 388 0 417 0 410 0 414 0 393 0 286 0 202 0 121 0 
SAlphaB:
0 0 0 0 0 0 0 0 0 0 0 0 0 0 0 0 0 0 0 0 0 0 0 0 0 0 0 0 0 0 0 0 0 0 0 0 1 0 2 0 1 0 2 0 9 0 17 0 17 0 54 0 72 0 123 0 140 0 173 0 199 0 254 0 337 0 388 0 417 0 410 0 414 0 393 0 286 0 202 0 121 0 
