0 63 94 10 -20 4 24 42

0 19 99 93 -19 1 11 11

0 45 54 44 -8 0 4 15

0 29 94 58 -14 5 13 1

0 30 33 78 -11 2 14 17

0 69 83 38 -20 0 13 29

0 46 96 40 -13 12 29 7

0 87 93 22 -20 12 36 1

0 13 32 47 -6 5 11 11

0 42 96 87 -14 10 38 30

0 17 58 53 -7 5 6 25

0 66 92 24 -9 0 10 26

0 3 55 79 -17 6 16 15

0 30 64 5 -7 8 30 10

0 21 55 67 -13 0 1 35

0 45 62 48 -12 1 22 33

0 35 44 54 -8 2 6 34

0 49 85 83 -6 20 44 44

0 32 42 93 -10 28 40 19

0 10 96 75 -19 23 43 17

0 10 94 85 -3 31 47 29

0 14 90 99 -17 13 17 11

0 60 64 60 -19 14 16 17

0 36 78 35 -16 4 47 41

0 23 38 56 -9 25 40 14

0 37 50 27 -14 2 15 1

0 40 56 38 -18 3 4 28

0 25 52 33 -16 13 20 31

0 26 56 93 -14 10 39 4

0 28 34 44 -8 21 24 18

0 64 77 73 -10 20 36 3

0 37 56 7 -12 9 15 25

0 8 24 24 -5 3 7 17

0 0 53 99 -19 9 13 14

0 24 56 74 -7 0 14 2

0 15 88 62 -17 9 17 5

0 26 93 28 -5 1 41 6

0 9 48 35 -3 10 17 4

0 16 72 95 -8 5 6 10

0 69 89 97 -7 4 6 26

0 7 63 48 -16 33 48 18

0 65 72 4 -8 8 17 30

0 35 67 76 -11 15 17 26

0 17 35 79 -7 10 11 33

0 14 34 19 -7 30 40 31

0 46 64 27 -1 29 43 0

0 31 37 37 -6 12 36 8

0 18 34 87 -1 10 13 5

0 8 68 84 -19 11 31 45

0 19 52 5 -20 14 40 24

0 54 59 97 -7 22 28 29

0 29 58 14 -3 28 43 27

0 6 81 57 -13 18 19 4

0 9 34 23 -10 3 27 27

0 12 22 20 -2 6 29 19

0 41 69 5 -17 22 26 7

0 2 16 87 -7 3 12 2

0 51 57 60 -9 1 14 49

0 24 27 5 -2 44 47 26

0 13 57 0 -4 0 29 33

0 40 73 42 -4 30 35 25

0 18 22 59 -15 2 6 40

0 36 83 44 -9 27 46 38

0 22 26 53 -14 22 27 8

0 2 70 4 -16 3 42 47

0 24 35 9 -4 1 6 37

0 12 42 61 -4 7 46 20

0 48 55 29 -16 32 35 19

0 42 55 24 -8 11 18 40

0 1 90 15 -19 2 42 16

0 28 56 49 -6 12 15 9

0 14 17 52 -20 21 45 13

0 10 20 91 -4 2 15 32

0 7 8 39 -15 18 29 6

0 11 38 42 -14 5 8 44

0 0 3 67 -9 19 35 21

0 0 55 16 -17 15 17 8

0 65 71 43 -6 41 44 47

0 4 13 43 -19 22 30 42

0 14 21 97 -13 23 43 1

0 4 6 4 -20 34 46 22

0 6 21 89 -10 1 18 16

0 22 23 48 -9 14 18 39

0 7 20 53 -20 9 38 42

0 18 21 87 -16 3 6 38

0 16 26 93 -6 12 43 46

0 28 35 35 -2 0 4 47

0 3 15 93 -18 36 38 16

0 10 21 96 -10 25 47 37

0 3 46 14 -13 1 22 1

0 31 75 66 -5 24 27 39

0 5 7 88 -17 0 8 43

0 2 3 90 -14 7 33 5

0 13 36 9 -2 3 38 31

0 8 10 42 -1 5 10 45

0 9 54 32 -18 30 49 4

0 7 9 16 -18 9 42 4

0 4 19 50 -15 27 37 0

0 6 22 14 -3 20 41 44

0 1 11 54 -11 2 4 41


SAlphaB: 711.0, std-dev 271.9132758729511

Earliest win: 37
Latest win: 81

WinDepth:
0 0 0 0 0 0 0 0 0 0 0 0 0 0 0 0 0 0 0 0 0 0 0 0 0 0 0 0 0 0 0 0 0 0 0 0 0 9 2 5 15 14 2 18 10 25 14 73 39 79 72 239 109 98 112 168 121 171 158 157 188 224 206 319 332 375 348 401 446 423 444 489 397 372 355 437 248 218 143 131 90 77 
SAlphaB:
0 0 0 0 0 0 0 0 0 0 0 0 0 0 0 0 0 0 0 0 0 0 0 0 0 0 0 0 0 0 0 0 0 0 0 0 0 9 2 5 15 14 2 18 10 25 14 73 39 79 72 239 109 98 112 168 121 171 158 157 188 224 206 319 332 375 348 401 446 423 444 489 397 372 355 437 248 218 143 131 90 77 

LossDepth:
SAlphaB:
0 0 0 0 0 0 0 0 0 0 0 0 0 0 0 0 0 0 0 0 0 0 0 0 0 0 0 0 0 0 0 0 0 0 0 0 0 9 2 5 15 14 2 18 10 25 14 73 39 79 72 239 109 98 112 168 121 171 158 157 188 224 206 319 332 375 348 401 446 423 444 489 397 372 355 437 248 218 143 131 90 77 

FirstWin:
0 0 0 0 0 0 0 0 0 0 0 0 0 0 0 0 0 0 0 0 0 0 0 0 0 0 0 0 0 0 0 0 0 0 0 0 0 9 0 5 0 14 0 18 0 25 0 73 0 79 0 239 0 98 0 168 0 171 0 157 0 224 0 319 0 375 0 401 0 423 0 489 0 372 0 437 0 218 0 131 0 77 
SAlphaB:
0 0 0 0 0 0 0 0 0 0 0 0 0 0 0 0 0 0 0 0 0 0 0 0 0 0 0 0 0 0 0 0 0 0 0 0 0 9 0 5 0 14 0 18 0 25 0 73 0 79 0 239 0 98 0 168 0 171 0 157 0 224 0 319 0 375 0 401 0 423 0 489 0 372 0 437 0 218 0 131 0 77 

SecondWin:
0 0 0 0 0 0 0 0 0 0 0 0 0 0 0 0 0 0 0 0 0 0 0 0 0 0 0 0 0 0 0 0 0 0 0 0 0 0 2 0 15 0 2 0 10 0 14 0 39 0 72 0 109 0 112 0 121 0 158 0 188 0 206 0 332 0 348 0 446 0 444 0 397 0 355 0 248 0 143 0 90 0 
SAlphaB:
0 0 0 0 0 0 0 0 0 0 0 0 0 0 0 0 0 0 0 0 0 0 0 0 0 0 0 0 0 0 0 0 0 0 0 0 0 0 2 0 15 0 2 0 10 0 14 0 39 0 72 0 109 0 112 0 121 0 158 0 188 0 206 0 332 0 348 0 446 0 444 0 397 0 355 0 248 0 143 0 90 0 
