0 60 70 84 -18 10 37 21

0 87 95 18 -4 10 49 31

0 2 27 39 -7 4 8 5

0 33 64 31 -7 1 2 4

0 23 77 41 -15 2 5 16

0 62 91 25 -16 0 11 22

0 42 52 79 -5 2 4 4

0 5 39 55 -2 18 30 6

0 1 58 61 -8 19 30 4

0 3 37 35 -17 2 6 18

0 2 64 24 -1 6 21 3

0 37 63 51 -5 2 6 24

0 46 82 99 -15 4 15 22

0 45 52 10 -6 4 18 27

0 29 66 57 -19 14 23 17

0 34 44 95 -12 3 4 28

0 35 96 40 -6 16 33 19

0 1 98 69 -18 24 33 19

0 66 89 18 -4 18 44 40

0 42 48 99 -13 20 36 9

0 8 77 41 -5 11 15 12

0 16 39 90 -20 24 35 22

0 38 94 34 -16 1 2 40

0 66 77 22 -10 19 46 11

0 18 20 46 -8 1 6 10

0 72 73 91 -16 4 5 35

0 8 68 30 -18 14 31 11

0 58 97 12 -8 27 36 49

0 27 76 22 -8 1 22 22

0 61 67 62 -12 2 41 0

0 52 67 69 -12 14 15 44

0 25 76 77 -7 20 26 19

0 42 72 62 -11 8 37 27

0 34 37 20 -19 18 23 21

0 12 68 80 -11 0 10 23

0 36 62 12 -18 5 21 26

0 21 23 21 -18 0 1 32

0 42 53 25 -7 11 34 25

0 8 42 61 -4 1 3 28

0 31 58 73 -3 14 16 41

0 43 60 64 -10 22 38 30

0 29 40 54 -10 2 11 26

0 9 90 12 -2 5 41 10

0 47 79 90 -3 45 47 14

0 59 73 48 -17 30 47 7

0 15 28 69 -8 13 17 21

0 30 91 46 -19 31 42 27

0 2 75 26 -7 3 7 35

0 29 73 53 -9 42 49 21

0 6 83 54 -6 0 29 3

0 47 83 25 -10 28 45 28

0 9 36 79 -15 5 46 26

0 39 40 17 -14 3 5 3

0 16 37 90 -6 10 27 22

0 12 22 84 -15 6 13 45

0 16 64 2 -9 1 25 16

0 15 55 8 -5 30 36 0

0 4 32 83 -14 40 47 48

0 10 83 91 -1 13 29 38

0 9 22 69 -3 0 20 22

0 2 49 54 -19 24 28 26

0 0 34 41 -11 9 44 40

0 21 60 65 -20 12 45 7

0 14 92 93 -15 3 23 33

0 7 75 87 -5 29 32 16

0 2 69 30 -10 8 10 16

0 6 71 81 -11 8 38 35

0 9 49 76 -15 2 18 34

0 4 65 12 -19 15 20 24

0 47 71 63 -2 3 8 49

0 2 8 90 -10 0 1 23

0 0 70 55 -7 0 5 42

0 13 34 38 -15 8 36 4

0 29 32 52 -12 5 38 23

0 7 18 11 -14 14 31 34

0 25 30 80 -16 28 30 31

0 17 48 19 -11 17 41 10

0 22 49 45 -7 14 21 43

0 16 17 61 -12 1 13 31

0 13 38 49 -13 44 48 44

0 20 21 84 -7 8 15 35

0 25 33 46 -5 19 45 9

0 5 17 65 -15 15 27 31

0 1 26 71 -13 41 49 27

0 20 26 67 -7 13 18 44

0 9 17 18 -3 1 2 48

0 59 62 9 -19 12 15 41

0 17 21 51 -1 22 49 35

0 0 3 9 -13 5 12 31

0 10 18 80 -8 0 38 49

0 12 66 25 -3 39 41 45

0 6 17 70 -15 18 31 39

0 40 46 25 -7 26 46 45

0 5 38 33 -7 2 16 30

0 6 10 0 -18 6 7 35

0 12 34 34 -13 19 31 43

0 0 3 0 -20 2 5 31

0 9 45 23 -12 6 36 47

0 0 10 5 -7 3 4 48

0 1 2 50 -3 43 47 2


SAlphaB: 708.0, std-dev 248.63416037839752

Earliest win: 37
Latest win: 81

WinDepth:
0 0 0 0 0 0 0 0 0 0 0 0 0 0 0 0 0 0 0 0 0 0 0 0 0 0 0 0 0 0 0 0 0 0 0 0 0 1 0 5 16 2 0 15 15 19 11 70 21 71 69 239 53 125 79 164 112 210 138 225 149 236 248 336 301 400 385 392 414 424 418 489 383 378 401 367 269 250 186 130 92 78 
SAlphaB:
0 0 0 0 0 0 0 0 0 0 0 0 0 0 0 0 0 0 0 0 0 0 0 0 0 0 0 0 0 0 0 0 0 0 0 0 0 1 0 5 16 2 0 15 15 19 11 70 21 71 69 239 53 125 79 164 112 210 138 225 149 236 248 336 301 400 385 392 414 424 418 489 383 378 401 367 269 250 186 130 92 78 

LossDepth:
SAlphaB:
0 0 0 0 0 0 0 0 0 0 0 0 0 0 0 0 0 0 0 0 0 0 0 0 0 0 0 0 0 0 0 0 0 0 0 0 0 1 0 5 16 2 0 15 15 19 11 70 21 71 69 239 53 125 79 164 112 210 138 225 149 236 248 336 301 400 385 392 414 424 418 489 383 378 401 367 269 250 186 130 92 78 

FirstWin:
0 0 0 0 0 0 0 0 0 0 0 0 0 0 0 0 0 0 0 0 0 0 0 0 0 0 0 0 0 0 0 0 0 0 0 0 0 1 0 5 0 2 0 15 0 19 0 70 0 71 0 239 0 125 0 164 0 210 0 225 0 236 0 336 0 400 0 392 0 424 0 489 0 378 0 367 0 250 0 130 0 78 
SAlphaB:
0 0 0 0 0 0 0 0 0 0 0 0 0 0 0 0 0 0 0 0 0 0 0 0 0 0 0 0 0 0 0 0 0 0 0 0 0 1 0 5 0 2 0 15 0 19 0 70 0 71 0 239 0 125 0 164 0 210 0 225 0 236 0 336 0 400 0 392 0 424 0 489 0 378 0 367 0 250 0 130 0 78 

SecondWin:
0 0 0 0 0 0 0 0 0 0 0 0 0 0 0 0 0 0 0 0 0 0 0 0 0 0 0 0 0 0 0 0 0 0 0 0 0 0 0 0 16 0 0 0 15 0 11 0 21 0 69 0 53 0 79 0 112 0 138 0 149 0 248 0 301 0 385 0 414 0 418 0 383 0 401 0 269 0 186 0 92 0 
SAlphaB:
0 0 0 0 0 0 0 0 0 0 0 0 0 0 0 0 0 0 0 0 0 0 0 0 0 0 0 0 0 0 0 0 0 0 0 0 0 0 0 0 16 0 0 0 15 0 11 0 21 0 69 0 53 0 79 0 112 0 138 0 149 0 248 0 301 0 385 0 414 0 418 0 383 0 401 0 269 0 186 0 92 0 
