0 39 57 67 -18 5 24 37

0 47 63 20 -19 1 7 39

0 50 61 36 -7 1 14 7

0 49 61 48 -5 21 23 9

0 70 77 69 -13 4 48 24

0 47 70 16 -1 4 22 6

0 53 97 3 -13 15 36 35

0 50 89 39 -8 8 18 33

0 58 91 57 -8 22 30 40

0 23 82 1 -2 14 32 18

0 27 48 91 -12 8 21 2

0 4 82 28 -4 35 44 24

0 37 50 54 -15 31 40 27

0 28 88 87 -10 15 40 3

0 1 48 29 -14 2 12 20

0 54 88 81 -11 1 2 46

0 46 54 53 -10 46 48 2

0 49 91 58 -4 16 43 11

0 62 94 6 -7 3 6 28

0 45 92 94 -20 12 13 24

0 63 84 0 -11 17 27 34

0 25 26 9 -20 2 8 20

0 4 33 52 -9 39 41 6

0 10 20 69 -20 4 18 4

0 23 48 97 -6 14 26 41

0 8 21 23 -18 8 13 4

0 1 55 77 -10 14 25 15

0 25 30 38 -13 3 4 46

0 4 73 62 -4 0 2 33

0 27 45 37 -12 37 38 23

0 30 71 30 -8 28 47 16

0 51 58 84 -5 15 16 41

0 41 45 39 -15 2 34 30

0 35 45 15 -19 0 5 2

0 4 54 73 -4 19 49 24

0 14 29 72 -3 0 8 1

0 4 37 58 -12 1 2 34

0 13 30 17 -17 6 24 20

0 46 73 69 -11 3 4 39

0 46 56 85 -18 15 48 22

0 76 90 23 -1 1 2 36

0 57 68 21 -12 13 43 18

0 27 98 12 -15 7 37 25

0 19 32 55 -8 0 10 46

0 21 58 28 -9 12 25 11

0 21 50 27 -6 11 38 37

0 25 46 60 -1 12 46 0

0 7 13 93 -12 10 12 30

0 40 45 85 -7 7 49 44

0 29 35 23 -13 35 40 22

0 16 57 41 -14 2 17 42

0 32 38 59 -18 8 12 13

0 51 52 70 -8 27 30 1

0 4 20 58 -9 14 25 12

0 35 47 2 -6 36 38 15

0 32 72 45 -10 0 42 30

0 14 34 75 -11 35 44 18

0 19 22 5 -10 27 47 7

0 16 86 74 -19 14 16 0

0 3 40 18 -2 34 40 30

0 23 43 33 -13 16 22 45

0 0 18 12 -14 6 14 30

0 4 19 55 -11 3 10 28

0 8 13 84 -14 14 31 15

0 2 38 15 -13 34 38 34

0 0 1 7 -6 8 27 40

0 8 34 89 -11 8 43 32

0 14 24 21 -19 3 42 0

0 3 11 3 -6 14 24 18

0 17 21 84 -8 0 32 38

0 9 69 39 -2 6 14 34

0 0 5 65 -20 25 28 28

0 30 32 22 -1 29 47 36

0 12 19 77 -1 0 1 9

0 1 64 83 -6 3 17 33

0 11 16 26 -14 12 33 42

0 3 20 10 -17 4 35 3

0 16 30 29 -11 10 32 11

0 4 6 78 -6 31 36 9

0 0 4 95 -1 34 36 38

0 10 45 38 -20 4 7 33

0 6 55 39 -20 7 31 2

0 5 10 3 -6 42 43 7

0 7 22 57 -3 30 35 23

0 4 19 75 -16 18 24 6

0 9 19 83 -2 5 34 15

0 3 9 20 -18 9 15 12

0 0 7 73 -12 6 15 17

0 2 30 0 -6 6 29 40

0 6 8 55 -11 17 24 4

0 3 11 63 -3 0 3 42

0 4 6 11 -7 27 35 33

0 0 2 16 -20 13 28 42

0 1 17 86 -12 25 32 3

0 5 31 44 -20 2 30 13

0 1 16 96 -20 8 34 2

0 2 26 11 -2 8 13 34

0 1 2 20 -4 19 22 14

0 3 4 39 -13 15 24 35

0 0 1 42 -6 6 7 34


SAlphaB: 691.0, std-dev 260.41337205188665

Earliest win: 37
Latest win: 81

WinDepth:
0 0 0 0 0 0 0 0 0 0 0 0 0 0 0 0 0 0 0 0 0 0 0 0 0 0 0 0 0 0 0 0 0 0 0 0 0 7 0 3 37 3 4 26 11 11 14 35 25 70 81 208 123 120 90 169 132 174 126 143 132 230 211 272 297 341 427 318 478 376 448 441 489 384 425 361 261 286 179 147 97 87 
SAlphaB:
0 0 0 0 0 0 0 0 0 0 0 0 0 0 0 0 0 0 0 0 0 0 0 0 0 0 0 0 0 0 0 0 0 0 0 0 0 7 0 3 37 3 4 26 11 11 14 35 25 70 81 208 123 120 90 169 132 174 126 143 132 230 211 272 297 341 427 318 478 376 448 441 489 384 425 361 261 286 179 147 97 87 

LossDepth:
SAlphaB:
0 0 0 0 0 0 0 0 0 0 0 0 0 0 0 0 0 0 0 0 0 0 0 0 0 0 0 0 0 0 0 0 0 0 0 0 0 7 0 3 37 3 4 26 11 11 14 35 25 70 81 208 123 120 90 169 132 174 126 143 132 230 211 272 297 341 427 318 478 376 448 441 489 384 425 361 261 286 179 147 97 87 

FirstWin:
0 0 0 0 0 0 0 0 0 0 0 0 0 0 0 0 0 0 0 0 0 0 0 0 0 0 0 0 0 0 0 0 0 0 0 0 0 7 0 3 0 3 0 26 0 11 0 35 0 70 0 208 0 120 0 169 0 174 0 143 0 230 0 272 0 341 0 318 0 376 0 441 0 384 0 361 0 286 0 147 0 87 
SAlphaB:
0 0 0 0 0 0 0 0 0 0 0 0 0 0 0 0 0 0 0 0 0 0 0 0 0 0 0 0 0 0 0 0 0 0 0 0 0 7 0 3 0 3 0 26 0 11 0 35 0 70 0 208 0 120 0 169 0 174 0 143 0 230 0 272 0 341 0 318 0 376 0 441 0 384 0 361 0 286 0 147 0 87 

SecondWin:
0 0 0 0 0 0 0 0 0 0 0 0 0 0 0 0 0 0 0 0 0 0 0 0 0 0 0 0 0 0 0 0 0 0 0 0 0 0 0 0 37 0 4 0 11 0 14 0 25 0 81 0 123 0 90 0 132 0 126 0 132 0 211 0 297 0 427 0 478 0 448 0 489 0 425 0 261 0 179 0 97 0 
SAlphaB:
0 0 0 0 0 0 0 0 0 0 0 0 0 0 0 0 0 0 0 0 0 0 0 0 0 0 0 0 0 0 0 0 0 0 0 0 0 0 0 0 37 0 4 0 11 0 14 0 25 0 81 0 123 0 90 0 132 0 126 0 132 0 211 0 297 0 427 0 478 0 448 0 489 0 425 0 261 0 179 0 97 0 
