0 41 91 17 -6 14 32 5

0 35 66 89 -6 6 16 8

0 39 46 28 -18 3 13 10

0 42 48 99 -7 9 12 3

0 15 59 37 -8 1 13 18

0 37 56 14 -3 8 18 17

0 10 48 65 -3 11 25 6

0 97 99 75 -4 26 27 46

0 64 88 76 -14 17 35 8

0 25 79 89 -8 0 6 39

0 9 54 68 -16 2 5 12

0 50 55 33 -3 10 48 8

0 6 90 58 -1 19 48 11

0 35 36 44 -8 10 16 17

0 3 59 41 -2 12 25 8

0 25 37 47 -20 1 3 34

0 7 65 39 -15 9 29 18

0 16 29 63 -15 1 3 7

0 69 96 47 -15 28 30 46

0 10 62 83 -19 2 5 27

0 44 86 68 -8 0 45 14

0 54 99 30 -8 10 11 21

0 26 29 68 -9 41 45 44

0 48 55 61 -8 34 41 26

0 51 66 95 -17 9 15 29

0 4 54 23 -20 0 3 13

0 13 53 64 -19 24 44 37

0 32 60 31 -6 0 1 23

0 44 67 45 -2 15 43 47

0 31 92 43 -3 8 36 25

0 39 92 86 -7 2 35 38

0 13 56 74 -17 15 39 2

0 1 90 41 -3 38 42 0

0 42 82 33 -4 4 6 17

0 16 41 57 -4 6 11 32

0 15 50 73 -17 4 12 44

0 61 64 96 -10 6 34 12

0 9 16 52 -8 12 31 11

0 6 39 36 -2 10 18 7

0 22 89 90 -15 14 27 42

0 50 69 73 -17 41 48 26

0 21 61 19 -3 29 39 9

0 28 49 46 -12 12 19 0

0 6 33 2 -10 6 13 41

0 18 58 61 -20 29 46 30

0 27 39 80 -9 21 47 18

0 6 96 48 -10 40 49 6

0 15 93 3 -19 22 23 8

0 46 51 44 -20 3 5 48

0 37 39 34 -4 5 30 8

0 39 95 4 -6 16 29 37

0 37 47 5 -18 33 43 16

0 6 78 28 -8 8 30 38

0 14 89 61 -8 23 37 25

0 22 68 52 -3 3 38 23

0 28 63 85 -6 6 40 22

0 4 23 88 -16 5 16 20

0 0 19 78 -4 12 18 18

0 13 27 93 -9 4 6 28

0 11 26 28 -8 7 8 44

0 23 37 0 -16 2 16 46

0 10 61 86 -3 4 27 2

0 34 38 50 -13 2 31 38

0 66 98 50 -3 19 45 34

0 36 58 27 -20 15 19 5

0 5 6 40 -9 0 1 16

0 59 98 14 -13 18 27 38

0 10 27 21 -13 28 40 13

0 5 11 12 -17 5 35 8

0 4 47 24 -18 4 5 43

0 2 5 80 -8 1 2 4

0 11 14 78 -3 31 39 39

0 4 31 15 -18 16 22 33

0 19 39 0 -18 42 44 1

0 3 14 44 -19 1 31 4

0 2 13 26 -18 12 23 12

0 53 85 40 -11 41 45 15

0 7 26 37 -3 7 20 40

0 12 32 72 -12 2 42 35

0 4 5 24 -3 27 36 24

0 10 14 83 -6 17 28 15

0 11 31 85 -3 18 25 42

0 7 13 29 -2 6 7 26

0 1 2 13 -3 15 43 37

0 0 7 55 -6 17 21 34

0 6 16 66 -2 0 37 15

0 3 9 60 -17 30 43 43

0 7 8 73 -16 0 22 26

0 4 10 21 -15 23 36 42

0 17 25 22 -14 11 16 44

0 2 4 65 -1 30 37 42

0 5 23 51 -11 43 46 32

0 0 2 41 -4 17 37 32

0 0 2 28 -14 8 20 46

0 2 3 54 -13 25 38 1

0 0 2 35 -18 12 14 5

0 2 3 23 -10 16 44 38

0 5 7 32 -15 20 34 35

0 0 23 16 -7 2 34 27

0 4 18 21 -8 2 24 38


SAlphaB: 703.0, std-dev 260.73130553669364

Earliest win: 37
Latest win: 81

WinDepth:
0 0 0 0 0 0 0 0 0 0 0 0 0 0 0 0 0 0 0 0 0 0 0 0 0 0 0 0 0 0 0 0 0 0 0 0 0 5 0 3 20 1 3 25 7 20 14 23 34 76 89 220 81 116 93 185 116 182 188 188 184 266 235 301 301 340 486 366 483 362 481 399 401 360 376 404 241 277 178 123 92 75 
SAlphaB:
0 0 0 0 0 0 0 0 0 0 0 0 0 0 0 0 0 0 0 0 0 0 0 0 0 0 0 0 0 0 0 0 0 0 0 0 0 5 0 3 20 1 3 25 7 20 14 23 34 76 89 220 81 116 93 185 116 182 188 188 184 266 235 301 301 340 486 366 483 362 481 399 401 360 376 404 241 277 178 123 92 75 

LossDepth:
SAlphaB:
0 0 0 0 0 0 0 0 0 0 0 0 0 0 0 0 0 0 0 0 0 0 0 0 0 0 0 0 0 0 0 0 0 0 0 0 0 5 0 3 20 1 3 25 7 20 14 23 34 76 89 220 81 116 93 185 116 182 188 188 184 266 235 301 301 340 486 366 483 362 481 399 401 360 376 404 241 277 178 123 92 75 

FirstWin:
0 0 0 0 0 0 0 0 0 0 0 0 0 0 0 0 0 0 0 0 0 0 0 0 0 0 0 0 0 0 0 0 0 0 0 0 0 5 0 3 0 1 0 25 0 20 0 23 0 76 0 220 0 116 0 185 0 182 0 188 0 266 0 301 0 340 0 366 0 362 0 399 0 360 0 404 0 277 0 123 0 75 
SAlphaB:
0 0 0 0 0 0 0 0 0 0 0 0 0 0 0 0 0 0 0 0 0 0 0 0 0 0 0 0 0 0 0 0 0 0 0 0 0 5 0 3 0 1 0 25 0 20 0 23 0 76 0 220 0 116 0 185 0 182 0 188 0 266 0 301 0 340 0 366 0 362 0 399 0 360 0 404 0 277 0 123 0 75 

SecondWin:
0 0 0 0 0 0 0 0 0 0 0 0 0 0 0 0 0 0 0 0 0 0 0 0 0 0 0 0 0 0 0 0 0 0 0 0 0 0 0 0 20 0 3 0 7 0 14 0 34 0 89 0 81 0 93 0 116 0 188 0 184 0 235 0 301 0 486 0 483 0 481 0 401 0 376 0 241 0 178 0 92 0 
SAlphaB:
0 0 0 0 0 0 0 0 0 0 0 0 0 0 0 0 0 0 0 0 0 0 0 0 0 0 0 0 0 0 0 0 0 0 0 0 0 0 0 0 20 0 3 0 7 0 14 0 34 0 89 0 81 0 93 0 116 0 188 0 184 0 235 0 301 0 486 0 483 0 481 0 401 0 376 0 241 0 178 0 92 0 
