0 34 64 57 -5 5 25 6

0 19 29 15 -2 3 9 6

0 29 75 80 -2 7 19 35

0 47 98 29 -20 17 43 9

0 51 97 3 -17 5 7 39

0 17 60 52 -11 38 44 14

0 41 82 32 -12 4 12 37

0 15 80 51 -5 6 13 12

0 38 62 86 -14 21 30 13

0 31 53 78 -17 30 45 28

0 23 60 47 -20 1 3 5

0 39 64 96 -18 5 10 13

0 28 76 66 -5 17 22 11

0 41 62 2 -18 8 40 11

0 76 81 14 -5 10 32 9

0 28 58 95 -15 7 13 12

0 47 53 73 -15 1 18 31

0 79 96 39 -4 3 14 8

0 20 43 50 -12 2 7 36

0 37 65 61 -14 3 8 1

0 64 72 71 -2 20 44 10

0 24 57 28 -16 4 9 2

0 85 87 61 -1 36 41 12

0 70 94 54 -11 24 36 47

0 7 90 94 -6 5 49 14

0 38 71 0 -3 4 35 1

0 20 26 99 -12 23 27 5

0 33 76 88 -5 3 5 5

0 9 33 84 -18 14 17 13

0 47 54 47 -20 1 14 31

0 71 82 63 -12 5 16 3

0 63 75 33 -12 23 31 41

0 18 79 96 -4 14 26 39

0 39 65 21 -12 21 43 17

0 4 60 96 -15 10 14 29

0 48 52 12 -3 8 15 6

0 16 24 20 -10 15 20 0

0 34 36 23 -9 9 40 11

0 10 61 94 -2 3 6 34

0 7 56 2 -20 5 11 42

0 86 98 91 -17 2 7 10

0 30 71 89 -16 11 39 4

0 27 46 83 -20 8 14 23

0 14 31 38 -4 15 22 15

0 30 98 78 -13 10 17 6

0 85 90 65 -13 3 46 0

0 21 23 80 -15 1 17 20

0 72 78 87 -11 1 5 49

0 16 65 27 -9 18 24 47

0 20 41 23 -3 12 18 46

0 33 71 1 -13 25 45 19

0 17 20 12 -7 9 29 9

0 35 39 11 -5 5 9 29

0 58 61 52 -4 28 35 7

0 24 59 41 -7 6 36 31

0 8 22 94 -16 31 35 30

0 3 23 5 -13 8 30 8

0 17 50 97 -13 24 31 33

0 16 45 86 -6 20 27 23

0 17 19 48 -11 26 36 2

0 10 40 35 -16 0 1 43

0 4 12 80 -12 13 46 9

0 43 55 21 -10 22 43 30

0 76 97 10 -2 31 36 34

0 8 19 35 -5 16 49 14

0 10 45 10 -18 29 39 15

0 3 86 26 -20 33 43 44

0 31 72 13 -13 23 48 39

0 12 15 12 -5 34 41 7

0 13 63 71 -8 30 38 49

0 14 64 98 -10 1 26 16

0 15 74 49 -8 18 22 46

0 21 93 21 -5 28 29 25

0 46 52 1 -18 16 44 29

0 9 31 39 -14 9 12 23

0 29 32 38 -11 29 45 4

0 21 36 8 -17 15 31 44

0 39 46 31 -5 16 24 34

0 9 46 59 -13 3 33 19

0 23 74 14 -14 17 25 48

0 1 2 81 -2 7 37 22

0 3 29 78 -12 6 30 9

0 11 15 92 -9 7 41 14

0 45 81 91 -10 23 42 46

0 7 16 23 -11 4 15 27

0 17 26 97 -9 5 49 34

0 0 6 92 -20 16 48 34

0 5 11 98 -16 24 25 21

0 7 20 56 -3 4 28 36

0 3 11 49 -10 14 49 4

0 11 12 13 -4 12 26 36

0 1 7 43 -12 11 19 17

0 11 15 0 -8 7 40 40

0 1 12 25 -10 21 27 47

0 4 6 4 -5 21 28 3

0 2 3 62 -15 7 9 45

0 7 12 61 -7 1 31 43

0 6 7 5 -15 22 43 47

0 15 23 50 -11 2 15 47

0 9 11 10 -14 1 40 37


SAlphaB: 697.0, std-dev 262.8169400740732

Earliest win: 37
Latest win: 81

WinDepth:
0 0 0 0 0 0 0 0 0 0 0 0 0 0 0 0 0 0 0 0 0 0 0 0 0 0 0 0 0 0 0 0 0 0 0 0 0 4 0 3 0 5 1 19 17 9 17 28 30 62 94 184 78 109 95 143 115 170 136 179 209 226 198 350 318 348 399 372 489 377 458 420 445 402 408 383 264 258 202 145 111 79 
SAlphaB:
0 0 0 0 0 0 0 0 0 0 0 0 0 0 0 0 0 0 0 0 0 0 0 0 0 0 0 0 0 0 0 0 0 0 0 0 0 4 0 3 0 5 1 19 17 9 17 28 30 62 94 184 78 109 95 143 115 170 136 179 209 226 198 350 318 348 399 372 489 377 458 420 445 402 408 383 264 258 202 145 111 79 

LossDepth:
SAlphaB:
0 0 0 0 0 0 0 0 0 0 0 0 0 0 0 0 0 0 0 0 0 0 0 0 0 0 0 0 0 0 0 0 0 0 0 0 0 4 0 3 0 5 1 19 17 9 17 28 30 62 94 184 78 109 95 143 115 170 136 179 209 226 198 350 318 348 399 372 489 377 458 420 445 402 408 383 264 258 202 145 111 79 

FirstWin:
0 0 0 0 0 0 0 0 0 0 0 0 0 0 0 0 0 0 0 0 0 0 0 0 0 0 0 0 0 0 0 0 0 0 0 0 0 4 0 3 0 5 0 19 0 9 0 28 0 62 0 184 0 109 0 143 0 170 0 179 0 226 0 350 0 348 0 372 0 377 0 420 0 402 0 383 0 258 0 145 0 79 
SAlphaB:
0 0 0 0 0 0 0 0 0 0 0 0 0 0 0 0 0 0 0 0 0 0 0 0 0 0 0 0 0 0 0 0 0 0 0 0 0 4 0 3 0 5 0 19 0 9 0 28 0 62 0 184 0 109 0 143 0 170 0 179 0 226 0 350 0 348 0 372 0 377 0 420 0 402 0 383 0 258 0 145 0 79 

SecondWin:
0 0 0 0 0 0 0 0 0 0 0 0 0 0 0 0 0 0 0 0 0 0 0 0 0 0 0 0 0 0 0 0 0 0 0 0 0 0 0 0 0 0 1 0 17 0 17 0 30 0 94 0 78 0 95 0 115 0 136 0 209 0 198 0 318 0 399 0 489 0 458 0 445 0 408 0 264 0 202 0 111 0 
SAlphaB:
0 0 0 0 0 0 0 0 0 0 0 0 0 0 0 0 0 0 0 0 0 0 0 0 0 0 0 0 0 0 0 0 0 0 0 0 0 0 0 0 0 0 1 0 17 0 17 0 30 0 94 0 78 0 95 0 115 0 136 0 209 0 198 0 318 0 399 0 489 0 458 0 445 0 408 0 264 0 202 0 111 0 
