0 63 93 71 -3 14 16 7

0 23 88 74 -2 2 13 9

0 47 51 68 -3 2 25 26

0 63 88 50 -10 0 3 0

0 11 73 70 -7 34 45 20

0 60 75 8 -5 24 26 25

0 82 89 73 -16 1 19 12

0 10 65 77 -10 6 9 17

0 25 73 0 -12 13 17 42

0 28 37 41 -10 2 7 0

0 46 61 45 -14 4 6 2

0 16 41 45 -7 9 25 0

0 19 90 52 -2 15 47 30

0 29 80 11 -18 4 9 22

0 14 83 50 -7 3 4 25

0 64 77 36 -1 0 31 25

0 4 42 60 -16 20 34 11

0 30 36 93 -16 4 8 8

0 5 41 10 -15 2 7 20

0 39 86 72 -15 5 38 8

0 69 70 34 -19 6 13 16

0 44 56 79 -18 13 42 31

0 60 70 46 -9 21 46 35

0 45 91 15 -11 8 40 12

0 64 94 48 -10 1 47 29

0 0 66 95 -9 22 25 11

0 57 69 49 -11 13 47 33

0 46 93 72 -17 24 42 30

0 18 60 54 -11 10 29 29

0 3 20 76 -13 7 8 14

0 51 55 37 -17 0 15 10

0 3 43 77 -5 17 22 27

0 29 64 93 -7 10 14 21

0 10 61 62 -11 7 15 48

0 61 63 26 -4 1 19 12

0 11 34 16 -13 31 36 5

0 1 38 88 -14 11 14 26

0 13 59 72 -14 0 8 37

0 12 35 41 -9 6 14 1

0 2 43 68 -14 13 29 30

0 48 70 64 -8 25 26 0

0 7 43 67 -14 5 9 27

0 12 51 44 -17 2 12 25

0 35 70 2 -14 41 43 40

0 77 97 71 -6 0 9 31

0 32 37 87 -2 3 23 7

0 14 43 78 -12 0 1 42

0 14 18 69 -19 2 7 28

0 27 61 71 -2 10 11 47

0 30 34 96 -9 2 4 43

0 40 45 39 -7 1 7 39

0 25 67 17 -19 25 33 14

0 3 52 98 -2 14 25 2

0 11 22 87 -12 1 24 22

0 55 64 25 -5 26 29 44

0 7 85 25 -8 4 20 39

0 5 34 67 -7 37 46 46

0 39 45 93 -5 25 36 25

0 18 19 85 -16 7 20 15

0 13 38 71 -7 27 29 31

0 41 74 18 -8 30 47 27

0 24 53 82 -12 4 48 18

0 79 84 17 -19 28 30 42

0 24 76 56 -19 12 13 9

0 19 37 1 -6 0 4 28

0 7 25 68 -10 4 18 25

0 44 51 81 -9 1 3 38

0 3 37 59 -1 24 32 31

0 1 36 1 -12 40 45 40

0 8 46 80 -11 9 44 3

0 33 47 77 -6 25 44 14

0 4 20 4 -10 25 45 10

0 14 38 41 -18 15 29 30

0 1 49 31 -19 5 44 31

0 12 16 19 -14 1 11 2

0 24 29 3 -19 9 31 41

0 4 14 91 -10 0 1 24

0 5 70 1 -8 5 26 44

0 7 57 1 -17 31 43 47

0 1 41 33 -18 36 43 16

0 9 14 69 -11 16 34 45

0 18 30 37 -15 18 27 0

0 19 22 22 -9 5 49 36

0 0 6 44 -8 5 33 4

0 7 8 19 -5 17 33 9

0 9 10 43 -4 16 21 29

0 3 6 94 -18 6 8 21

0 11 70 74 -10 8 47 41

0 33 48 60 -10 23 35 34

0 13 16 11 -13 30 33 44

0 1 2 82 -15 0 2 2

0 58 65 68 -6 34 41 16

0 2 12 22 -12 20 21 1

0 6 15 15 -9 27 39 36

0 1 3 58 -5 1 15 37

0 14 26 23 -10 7 9 45

0 9 20 7 -14 21 24 42

0 3 29 29 -14 22 38 3

0 0 2 49 -11 31 43 3

0 1 3 45 -9 23 27 37


SAlphaB: 721.0, std-dev 267.7873743827141

Earliest win: 37
Latest win: 81

WinDepth:
0 0 0 0 0 0 0 0 0 0 0 0 0 0 0 0 0 0 0 0 0 0 0 0 0 0 0 0 0 0 0 0 0 0 0 0 0 5 4 5 0 4 2 20 16 17 9 24 30 75 89 243 103 110 75 130 124 183 136 199 142 215 239 315 357 394 348 343 397 432 429 485 401 377 387 395 271 266 198 127 111 98 
SAlphaB:
0 0 0 0 0 0 0 0 0 0 0 0 0 0 0 0 0 0 0 0 0 0 0 0 0 0 0 0 0 0 0 0 0 0 0 0 0 5 4 5 0 4 2 20 16 17 9 24 30 75 89 243 103 110 75 130 124 183 136 199 142 215 239 315 357 394 348 343 397 432 429 485 401 377 387 395 271 266 198 127 111 98 

LossDepth:
SAlphaB:
0 0 0 0 0 0 0 0 0 0 0 0 0 0 0 0 0 0 0 0 0 0 0 0 0 0 0 0 0 0 0 0 0 0 0 0 0 5 4 5 0 4 2 20 16 17 9 24 30 75 89 243 103 110 75 130 124 183 136 199 142 215 239 315 357 394 348 343 397 432 429 485 401 377 387 395 271 266 198 127 111 98 

FirstWin:
0 0 0 0 0 0 0 0 0 0 0 0 0 0 0 0 0 0 0 0 0 0 0 0 0 0 0 0 0 0 0 0 0 0 0 0 0 5 0 5 0 4 0 20 0 17 0 24 0 75 0 243 0 110 0 130 0 183 0 199 0 215 0 315 0 394 0 343 0 432 0 485 0 377 0 395 0 266 0 127 0 98 
SAlphaB:
0 0 0 0 0 0 0 0 0 0 0 0 0 0 0 0 0 0 0 0 0 0 0 0 0 0 0 0 0 0 0 0 0 0 0 0 0 5 0 5 0 4 0 20 0 17 0 24 0 75 0 243 0 110 0 130 0 183 0 199 0 215 0 315 0 394 0 343 0 432 0 485 0 377 0 395 0 266 0 127 0 98 

SecondWin:
0 0 0 0 0 0 0 0 0 0 0 0 0 0 0 0 0 0 0 0 0 0 0 0 0 0 0 0 0 0 0 0 0 0 0 0 0 0 4 0 0 0 2 0 16 0 9 0 30 0 89 0 103 0 75 0 124 0 136 0 142 0 239 0 357 0 348 0 397 0 429 0 401 0 387 0 271 0 198 0 111 0 
SAlphaB:
0 0 0 0 0 0 0 0 0 0 0 0 0 0 0 0 0 0 0 0 0 0 0 0 0 0 0 0 0 0 0 0 0 0 0 0 0 0 4 0 0 0 2 0 16 0 9 0 30 0 89 0 103 0 75 0 124 0 136 0 142 0 239 0 357 0 348 0 397 0 429 0 401 0 387 0 271 0 198 0 111 0 
