0 49 81 62 -17 4 7 24

0 38 83 34 -20 2 3 7

0 70 83 59 -1 7 34 21

0 53 74 76 -8 1 3 10

0 35 59 62 -11 8 20 1

0 43 83 87 -6 5 37 8

0 14 76 92 -5 10 20 25

0 35 90 18 -17 20 24 31

0 52 99 27 -5 8 40 27

0 11 21 33 -6 11 25 2

0 85 96 50 -4 7 13 18

0 19 96 2 -12 8 16 7

0 12 14 33 -4 2 4 7

0 55 71 19 -7 5 25 27

0 33 85 64 -8 6 17 48

0 37 71 75 -12 0 7 13

0 22 49 76 -4 1 4 34

0 55 83 88 -4 6 12 27

0 19 53 54 -8 1 14 38

0 39 60 49 -9 6 14 48

0 47 97 45 -18 15 37 29

0 68 83 82 -4 5 19 47

0 58 98 7 -19 23 30 18

0 63 79 66 -7 7 40 37

0 7 22 68 -5 5 10 1

0 26 66 75 -8 3 39 0

0 21 35 45 -16 1 5 1

0 13 90 15 -12 1 2 46

0 33 72 25 -16 20 43 43

0 13 45 76 -8 23 33 24

0 20 98 41 -15 45 47 25

0 75 80 65 -11 0 15 24

0 10 78 79 -13 5 35 33

0 0 41 54 -8 2 8 10

0 16 37 46 -7 23 25 33

0 48 56 22 -4 1 39 28

0 10 85 49 -15 4 37 8

0 15 21 39 -20 1 4 6

0 17 65 19 -3 11 20 41

0 76 96 58 -15 18 37 48

0 42 70 10 -7 5 40 41

0 43 75 13 -4 34 36 49

0 28 91 44 -5 16 29 7

0 38 46 50 -12 13 40 1

0 76 81 81 -16 21 41 15

0 14 60 68 -15 18 28 20

0 37 55 17 -6 0 3 23

0 60 79 99 -11 32 47 16

0 35 53 25 -2 35 46 23

0 15 17 17 -20 3 7 24

0 20 26 63 -8 14 29 28

0 67 82 62 -17 24 28 9

0 21 52 7 -12 1 16 11

0 88 91 11 -1 5 9 47

0 5 23 67 -6 4 29 6

0 13 38 13 -15 2 3 9

0 17 22 94 -7 37 46 38

0 8 39 4 -7 1 4 26

0 16 42 4 -7 2 28 16

0 5 39 13 -11 6 27 7

0 28 37 40 -18 5 43 10

0 2 23 30 -8 21 41 9

0 37 46 91 -13 1 40 16

0 17 22 10 -20 7 35 31

0 16 96 75 -10 16 35 49

0 33 62 33 -12 30 48 46

0 2 38 33 -7 46 48 29

0 10 58 80 -19 29 43 39

0 14 20 34 -11 33 38 28

0 28 56 20 -14 10 14 5

0 10 22 58 -7 0 1 48

0 62 81 24 -6 6 28 44

0 26 45 25 -17 4 8 40

0 9 98 92 -11 2 43 7

0 13 55 9 -1 13 19 2

0 15 45 71 -8 13 38 12

0 2 12 5 -5 10 20 14

0 14 31 10 -14 18 30 36

0 8 58 0 -10 14 16 17

0 7 9 88 -15 7 28 40

0 9 11 28 -11 15 29 0

0 0 28 72 -11 12 14 32

0 11 34 73 -11 1 15 43

0 12 17 92 -14 17 43 3

0 9 32 45 -11 0 42 6

0 4 6 3 -17 1 20 40

0 2 7 90 -19 1 26 16

0 6 16 28 -2 9 42 7

0 6 16 86 -2 17 31 16

0 4 9 83 -10 5 15 49

0 5 9 3 -14 5 10 17

0 2 23 39 -3 11 13 30

0 0 33 37 -2 20 21 46

0 3 18 78 -4 8 17 47

0 2 9 81 -3 4 25 41

0 4 8 49 -2 10 25 22

0 1 12 26 -10 2 4 21

0 0 2 9 -15 42 44 37

0 0 21 55 -15 20 29 28

0 3 4 48 -15 36 41 4


SAlphaB: 706.0, std-dev 260.27994748079624

Earliest win: 37
Latest win: 81

WinDepth:
0 0 0 0 0 0 0 0 0 0 0 0 0 0 0 0 0 0 0 0 0 0 0 0 0 0 0 0 0 0 0 0 0 0 0 0 0 5 0 5 0 0 1 9 6 34 20 30 23 79 50 166 71 142 97 208 101 170 128 167 153 202 247 377 328 373 397 402 446 412 443 433 446 391 429 406 286 235 175 158 86 78 
SAlphaB:
0 0 0 0 0 0 0 0 0 0 0 0 0 0 0 0 0 0 0 0 0 0 0 0 0 0 0 0 0 0 0 0 0 0 0 0 0 5 0 5 0 0 1 9 6 34 20 30 23 79 50 166 71 142 97 208 101 170 128 167 153 202 247 377 328 373 397 402 446 412 443 433 446 391 429 406 286 235 175 158 86 78 

LossDepth:
SAlphaB:
0 0 0 0 0 0 0 0 0 0 0 0 0 0 0 0 0 0 0 0 0 0 0 0 0 0 0 0 0 0 0 0 0 0 0 0 0 5 0 5 0 0 1 9 6 34 20 30 23 79 50 166 71 142 97 208 101 170 128 167 153 202 247 377 328 373 397 402 446 412 443 433 446 391 429 406 286 235 175 158 86 78 

FirstWin:
0 0 0 0 0 0 0 0 0 0 0 0 0 0 0 0 0 0 0 0 0 0 0 0 0 0 0 0 0 0 0 0 0 0 0 0 0 5 0 5 0 0 0 9 0 34 0 30 0 79 0 166 0 142 0 208 0 170 0 167 0 202 0 377 0 373 0 402 0 412 0 433 0 391 0 406 0 235 0 158 0 78 
SAlphaB:
0 0 0 0 0 0 0 0 0 0 0 0 0 0 0 0 0 0 0 0 0 0 0 0 0 0 0 0 0 0 0 0 0 0 0 0 0 5 0 5 0 0 0 9 0 34 0 30 0 79 0 166 0 142 0 208 0 170 0 167 0 202 0 377 0 373 0 402 0 412 0 433 0 391 0 406 0 235 0 158 0 78 

SecondWin:
0 0 0 0 0 0 0 0 0 0 0 0 0 0 0 0 0 0 0 0 0 0 0 0 0 0 0 0 0 0 0 0 0 0 0 0 0 0 0 0 0 0 1 0 6 0 20 0 23 0 50 0 71 0 97 0 101 0 128 0 153 0 247 0 328 0 397 0 446 0 443 0 446 0 429 0 286 0 175 0 86 0 
SAlphaB:
0 0 0 0 0 0 0 0 0 0 0 0 0 0 0 0 0 0 0 0 0 0 0 0 0 0 0 0 0 0 0 0 0 0 0 0 0 0 0 0 0 0 1 0 6 0 20 0 23 0 50 0 71 0 97 0 101 0 128 0 153 0 247 0 328 0 397 0 446 0 443 0 446 0 429 0 286 0 175 0 86 0 
