0 28 79 11 -4 5 16 6

0 36 92 9 -18 2 4 18

0 20 40 20 -10 0 1 9

0 53 95 59 -15 5 15 33

0 21 93 42 -4 2 15 13

0 83 92 62 -3 8 28 4

0 27 76 23 -14 1 9 15

0 49 85 64 -19 7 25 17

0 26 61 56 -15 0 5 24

0 43 80 11 -12 3 18 31

0 44 55 14 -8 3 11 9

0 75 83 82 -13 13 30 30

0 42 93 57 -13 3 9 1

0 31 96 91 -9 4 18 20

0 42 89 91 -2 5 26 4

0 61 79 23 -4 10 35 13

0 14 89 47 -19 0 1 11

0 32 74 96 -15 3 12 5

0 10 43 9 -6 1 4 9

0 53 95 80 -9 16 17 32

0 39 67 22 -11 5 6 14

0 45 86 49 -16 0 5 15

0 19 93 59 -10 2 8 11

0 53 61 35 -9 4 16 25

0 38 66 68 -17 3 8 13

0 35 88 85 -15 1 3 26

0 51 76 87 -7 5 13 20

0 58 81 70 -2 13 30 24

0 40 48 32 -5 3 19 15

0 7 63 7 -3 1 4 4

0 50 90 35 -3 8 26 19

0 55 98 13 -19 7 20 7

0 37 73 10 -14 7 10 5

0 48 73 25 -1 11 32 14

0 37 94 22 -18 3 6 19

0 40 67 67 -2 1 10 5

0 35 37 64 -11 3 5 7

0 56 99 42 -4 9 46 32

0 46 49 70 -8 6 30 14

0 76 86 83 -16 7 26 33

0 81 91 38 -16 4 19 0

0 62 67 47 -13 11 22 19

0 61 96 22 -16 1 12 43

0 67 98 94 -5 0 20 21

0 32 90 58 -5 2 6 12

0 30 59 54 -10 5 15 23

0 82 83 96 -3 4 42 6

0 34 62 16 -1 10 27 22

0 32 52 15 -3 5 27 20

0 27 86 78 -16 4 11 12

0 90 92 64 -6 10 26 18

0 59 88 14 -18 11 13 35

0 14 95 51 -18 0 2 5

0 24 58 95 -15 7 23 25

0 74 92 60 -18 0 3 35

0 33 61 4 -16 0 9 38

0 64 72 93 -20 1 3 24

0 78 81 78 -7 15 30 4

0 74 81 97 -5 17 28 12

0 59 82 62 -14 5 7 1

0 61 80 62 -10 0 10 5

0 39 78 70 -13 9 24 24

0 57 99 65 -7 7 19 36

0 13 67 25 -15 0 3 0

0 56 80 86 -18 6 13 47

0 73 83 43 -16 18 45 18

0 47 65 34 -1 6 36 33

0 52 74 56 -11 14 48 33

0 44 74 73 -9 7 25 6

0 23 43 6 -4 4 5 14

0 14 71 33 -16 1 6 22

0 39 98 96 -15 0 49 25

0 69 97 95 -19 7 10 26

0 31 46 70 -20 3 8 18

0 39 87 37 -3 15 41 9

0 17 42 61 -9 1 11 0

0 40 62 31 -20 4 11 1

0 9 63 10 -9 0 4 11

0 70 92 97 -16 2 11 4

0 23 48 20 -5 5 18 13

0 23 29 12 -12 0 4 0

0 52 92 31 -7 13 38 34

0 22 59 64 -6 36 46 33

0 41 51 26 -7 0 21 11

0 17 31 17 -12 0 1 21

0 50 67 91 -8 16 37 26

0 25 87 48 -15 0 4 43

0 43 59 49 -17 7 19 37

0 16 41 90 -17 0 2 27

0 74 83 4 -20 4 10 5

0 60 75 24 -18 9 15 29

0 23 66 38 -8 14 15 26

0 14 34 45 -13 18 20 5

0 81 96 80 -5 9 10 26

0 53 86 67 -11 12 32 21

0 40 53 55 -11 2 4 2

0 19 88 1 -9 5 8 21

0 64 85 22 -7 29 41 34

0 12 95 81 -2 13 21 6

0 13 72 97 -14 1 11 23


SAlphaB: 733.0, std-dev 253.55081972223672

Earliest win: 35
Latest win: 81

WinDepth:
0 0 0 0 0 0 0 0 0 0 0 0 0 0 0 0 0 0 0 0 0 0 0 0 0 0 0 0 0 0 0 0 0 0 0 4 2 24 3 26 3 42 17 43 31 75 53 168 41 155 152 305 155 335 233 495 396 602 410 561 499 675 691 844 838 951 826 964 993 950 896 903 889 831 902 727 547 506 401 290 193 161 
SAlphaB:
0 0 0 0 0 0 0 0 0 0 0 0 0 0 0 0 0 0 0 0 0 0 0 0 0 0 0 0 0 0 0 0 0 0 0 4 2 24 3 26 3 42 17 43 31 75 53 168 41 155 152 305 155 335 233 495 396 602 410 561 499 675 691 844 838 951 826 964 993 950 896 903 889 831 902 727 547 506 401 290 193 161 

LossDepth:
SAlphaB:
0 0 0 0 0 0 0 0 0 0 0 0 0 0 0 0 0 0 0 0 0 0 0 0 0 0 0 0 0 0 0 0 0 0 0 1 2 29 0 21 2 33 11 34 20 51 31 81 29 89 115 146 102 187 144 285 266 408 276 345 310 450 411 589 563 661 619 737 652 781 672 785 590 686 647 648 442 442 310 243 228 140 

FirstWin:
0 0 0 0 0 0 0 0 0 0 0 0 0 0 0 0 0 0 0 0 0 0 0 0 0 0 0 0 0 0 0 0 0 0 0 4 0 24 0 26 0 42 0 43 0 75 0 168 0 155 0 305 0 335 0 495 0 602 0 561 0 675 0 844 0 951 0 964 0 950 0 903 0 831 0 727 0 506 0 290 0 161 
SAlphaB:
0 0 0 0 0 0 0 0 0 0 0 0 0 0 0 0 0 0 0 0 0 0 0 0 0 0 0 0 0 0 0 0 0 0 0 4 0 24 0 26 0 42 0 43 0 75 0 168 0 155 0 305 0 335 0 495 0 602 0 561 0 675 0 844 0 951 0 964 0 950 0 903 0 831 0 727 0 506 0 290 0 161 

SecondWin:
0 0 0 0 0 0 0 0 0 0 0 0 0 0 0 0 0 0 0 0 0 0 0 0 0 0 0 0 0 0 0 0 0 0 0 0 2 0 3 0 3 0 17 0 31 0 53 0 41 0 152 0 155 0 233 0 396 0 410 0 499 0 691 0 838 0 826 0 993 0 896 0 889 0 902 0 547 0 401 0 193 0 
SAlphaB:
0 0 0 0 0 0 0 0 0 0 0 0 0 0 0 0 0 0 0 0 0 0 0 0 0 0 0 0 0 0 0 0 0 0 0 0 2 0 3 0 3 0 17 0 31 0 53 0 41 0 152 0 155 0 233 0 396 0 410 0 499 0 691 0 838 0 826 0 993 0 896 0 889 0 902 0 547 0 401 0 193 0 
