0 31 96 91 -9 4 18 20

0 20 40 20 -10 0 1 9

0 40 48 32 -5 3 19 15

0 48 73 25 -1 11 32 14

0 14 95 51 -18 0 2 5

0 78 81 78 -7 15 30 4

0 75 83 82 -13 13 30 30

0 90 92 64 -6 10 26 18

0 39 67 22 -11 5 6 14

0 74 81 97 -5 17 28 12

0 23 70 53 -11 7 21 2

0 11 85 47 -19 0 2 36

0 87 93 93 -12 1 19 10

0 55 72 77 -4 3 11 3

0 19 85 5 -17 5 6 7

0 45 72 50 -13 5 35 17

0 12 34 80 -5 6 17 1

0 44 74 30 -11 5 6 49

0 48 62 96 -14 12 18 0

0 51 70 1 -16 7 42 11

0 14 31 49 -14 2 10 3

0 19 27 83 -5 0 1 3

0 67 70 6 -17 0 5 14

0 17 51 80 -11 7 10 15

0 48 85 80 -3 13 47 41

0 24 52 83 -7 2 5 31

0 18 29 82 -6 11 12 22

0 35 65 85 -14 23 26 9

0 33 39 95 -3 16 32 21

0 8 99 2 -16 19 38 2

0 57 60 60 -9 21 30 5

0 17 24 13 -6 4 9 24

0 23 52 69 -19 8 25 1

0 10 73 69 -11 0 7 46

0 8 65 97 -8 16 45 10

0 27 75 88 -20 8 43 12

0 15 30 68 -3 9 49 7

0 66 69 0 -10 4 5 21

0 2 63 61 -20 7 18 36

0 19 56 54 -3 12 45 30

0 35 62 39 -10 23 24 48

0 47 98 24 -7 19 37 18

0 34 80 78 -6 0 9 36

0 14 35 99 -19 7 37 21

0 2 81 81 -18 14 28 32

0 20 35 37 -17 2 15 13

0 28 29 12 -15 1 22 21

0 8 54 85 -12 17 46 14

0 67 72 78 -18 33 35 41

0 1 9 43 -19 2 25 10

0 69 75 45 -13 31 32 25

0 39 88 46 -19 21 26 2

0 73 88 65 -13 30 44 29

0 15 85 95 -15 19 32 7

0 33 43 8 -20 0 6 47

0 65 67 3 -20 14 17 8

0 31 83 72 -13 10 43 2

0 21 59 77 -17 19 32 1

0 0 11 71 -19 4 30 12

0 0 87 87 -10 2 21 32

0 30 33 3 -7 8 44 2

0 23 24 8 -7 16 22 1

0 16 27 87 -9 1 6 33

0 31 65 33 -15 2 41 44

0 8 13 41 -16 0 1 32

0 22 30 19 -1 25 48 7

0 5 57 14 -15 27 44 33

0 1 25 96 -18 30 39 37

0 19 28 59 -17 2 12 46

0 33 57 42 -10 38 44 22

0 49 56 74 -3 38 41 17

0 0 1 39 -17 9 42 18

0 15 74 95 -17 42 45 36

0 9 26 91 -12 21 26 2

0 22 53 28 -16 13 25 35

0 20 53 15 -12 23 30 21

0 0 15 89 -17 6 10 25

0 4 24 63 -12 8 36 44

0 9 29 96 -13 35 48 19

0 11 14 55 -3 32 48 12

0 2 11 37 -16 24 42 25

0 5 7 44 -20 3 13 6

0 5 29 23 -19 22 24 45

0 16 22 49 -7 17 23 37

0 1 26 1 -10 15 28 29

0 14 20 20 -20 7 49 36

0 1 44 46 -12 3 13 48

0 18 25 66 -7 3 4 48

0 12 24 49 -2 4 28 43

0 2 13 91 -8 5 15 43

0 27 40 61 -4 19 40 48

0 44 57 54 -1 28 34 46

0 4 5 61 -3 24 44 4

0 4 9 56 -14 4 8 48

0 18 24 93 -16 19 37 35

0 10 14 2 -16 4 8 44

0 0 12 46 -15 26 29 41

0 0 4 79 -3 0 34 37

0 8 13 27 -10 0 29 23

0 9 23 9 -5 2 41 36


SAlphaB: 712.0, std-dev 274.75733232557536

Earliest win: 37
Latest win: 81

WinDepth:
0 0 0 0 0 0 0 0 0 0 0 0 0 0 0 0 0 0 0 0 0 0 0 0 0 0 0 0 0 0 0 0 0 0 0 0 0 10 0 3 9 10 1 14 8 39 13 47 51 68 58 183 56 122 115 179 123 168 126 205 152 208 216 388 315 321 404 374 391 448 410 458 456 394 384 316 283 259 191 136 103 63 
SAlphaB:
0 0 0 0 0 0 0 0 0 0 0 0 0 0 0 0 0 0 0 0 0 0 0 0 0 0 0 0 0 0 0 0 0 0 0 0 0 10 0 3 9 10 1 14 8 39 13 47 51 68 58 183 56 122 115 179 123 168 126 205 152 208 216 388 315 321 404 374 391 448 410 458 456 394 384 316 283 259 191 136 103 63 

LossDepth:
SAlphaB:
0 0 0 0 0 0 0 0 0 0 0 0 0 0 0 0 0 0 0 0 0 0 0 0 0 0 0 0 0 0 0 0 0 0 0 0 0 10 0 3 9 10 1 14 8 39 13 47 51 68 58 183 56 122 115 179 123 168 126 205 152 208 216 388 315 321 404 374 391 448 410 458 456 394 384 316 283 259 191 136 103 63 

FirstWin:
0 0 0 0 0 0 0 0 0 0 0 0 0 0 0 0 0 0 0 0 0 0 0 0 0 0 0 0 0 0 0 0 0 0 0 0 0 10 0 3 0 10 0 14 0 39 0 47 0 68 0 183 0 122 0 179 0 168 0 205 0 208 0 388 0 321 0 374 0 448 0 458 0 394 0 316 0 259 0 136 0 63 
SAlphaB:
0 0 0 0 0 0 0 0 0 0 0 0 0 0 0 0 0 0 0 0 0 0 0 0 0 0 0 0 0 0 0 0 0 0 0 0 0 10 0 3 0 10 0 14 0 39 0 47 0 68 0 183 0 122 0 179 0 168 0 205 0 208 0 388 0 321 0 374 0 448 0 458 0 394 0 316 0 259 0 136 0 63 

SecondWin:
0 0 0 0 0 0 0 0 0 0 0 0 0 0 0 0 0 0 0 0 0 0 0 0 0 0 0 0 0 0 0 0 0 0 0 0 0 0 0 0 9 0 1 0 8 0 13 0 51 0 58 0 56 0 115 0 123 0 126 0 152 0 216 0 315 0 404 0 391 0 410 0 456 0 384 0 283 0 191 0 103 0 
SAlphaB:
0 0 0 0 0 0 0 0 0 0 0 0 0 0 0 0 0 0 0 0 0 0 0 0 0 0 0 0 0 0 0 0 0 0 0 0 0 0 0 0 9 0 1 0 8 0 13 0 51 0 58 0 56 0 115 0 123 0 126 0 152 0 216 0 315 0 404 0 391 0 410 0 456 0 384 0 283 0 191 0 103 0 
