0 26 61 56 -15 0 5 24

0 81 91 38 -16 4 19 0

0 42 93 57 -13 3 9 1

0 22 59 64 -6 36 46 33

0 28 79 11 -4 5 16 6

0 30 59 54 -10 5 15 23

0 25 87 48 -15 0 4 43

0 52 74 56 -11 14 48 33

0 21 93 42 -4 2 15 13

0 12 95 81 -2 13 21 6

0 30 99 71 -18 0 40 29

0 71 84 68 -11 0 1 30

0 30 74 0 -5 11 30 3

0 28 87 38 -14 1 4 22

0 26 68 30 -10 15 23 21

0 22 44 93 -9 22 37 9

0 31 99 93 -6 12 46 23

0 30 75 49 -13 22 33 32

0 30 78 59 -2 3 16 27

0 61 70 78 -4 11 29 39

0 1 85 42 -13 1 3 2

0 74 82 3 -17 13 29 5

0 19 27 40 -4 4 9 8

0 63 79 87 -10 15 21 1

0 49 80 77 -7 1 7 45

0 4 81 58 -1 27 47 17

0 3 62 30 -19 12 30 39

0 42 57 54 -15 1 38 20

0 50 67 73 -12 17 23 7

0 12 35 87 -8 6 21 32

0 22 81 58 -18 16 21 31

0 29 36 91 -17 1 17 8

0 79 88 92 -15 2 31 22

0 4 77 47 -13 2 6 9

0 65 77 62 -14 42 44 39

0 6 91 49 -19 5 32 34

0 22 28 38 -14 9 11 20

0 13 33 41 -10 7 27 25

0 3 52 86 -7 40 41 4

0 49 59 29 -14 2 13 2

0 42 72 79 -15 23 35 31

0 42 61 85 -13 10 12 16

0 44 71 47 -4 6 36 39

0 55 76 42 -6 13 32 0

0 29 84 76 -13 45 49 27

0 7 52 65 -19 23 24 11

0 37 52 32 -1 18 34 9

0 39 62 71 -12 15 25 23

0 3 67 57 -1 13 30 3

0 34 79 13 -16 15 27 12

0 8 62 33 -14 25 32 21

0 10 94 70 -7 1 23 37

0 23 29 11 -14 12 32 34

0 16 25 77 -3 34 38 13

0 3 51 85 -8 0 1 16

0 23 51 44 -10 25 28 18

0 57 62 40 -8 0 2 34

0 55 66 47 -8 12 19 19

0 40 55 66 -17 21 46 14

0 35 58 88 -6 11 16 13

0 3 65 9 -5 5 8 42

0 4 31 72 -4 0 24 27

0 5 10 91 -17 9 11 9

0 21 34 99 -5 3 4 33

0 5 93 99 -7 23 31 48

0 33 67 76 -11 13 14 6

0 3 4 46 -13 7 24 20

0 7 23 82 -6 0 1 36

0 0 16 98 -14 6 9 1

0 65 66 91 -12 19 24 27

0 12 42 10 -10 7 11 48

0 74 93 39 -16 15 23 40

0 57 63 35 -3 0 17 43

0 14 38 46 -4 18 31 32

0 16 35 0 -11 4 20 32

0 13 45 25 -10 24 49 32

0 15 21 99 -14 0 23 9

0 15 56 80 -5 8 9 40

0 17 23 8 -5 19 36 0

0 1 5 13 -15 21 30 26

0 5 54 97 -14 4 42 25

0 23 84 42 -9 29 40 10

0 11 34 28 -5 12 14 21

0 0 3 7 -4 28 30 32

0 4 8 29 -9 31 43 40

0 1 9 61 -14 0 1 43

0 15 22 3 -11 12 19 34

0 40 76 30 -8 0 47 45

0 2 12 5 -18 11 12 31

0 24 29 70 -11 19 23 46

0 4 6 87 -3 6 13 27

0 11 25 38 -10 44 47 14

0 17 35 31 -13 17 26 40

0 2 15 95 -15 0 2 42

0 3 4 16 -1 1 14 7

0 7 8 70 -9 15 23 49

0 3 10 82 -10 0 24 39

0 7 14 79 -1 2 38 40

0 3 18 96 -18 1 40 25

0 1 7 14 -1 10 11 33


SAlphaB: 728.0, std-dev 268.68518029677614

Earliest win: 37
Latest win: 81

WinDepth:
0 0 0 0 0 0 0 0 0 0 0 0 0 0 0 0 0 0 0 0 0 0 0 0 0 0 0 0 0 0 0 0 0 0 0 0 0 5 0 1 2 4 1 23 13 31 13 39 28 96 64 202 100 160 90 206 119 161 140 156 165 227 253 314 321 356 461 396 449 424 422 480 384 394 391 385 245 246 186 154 98 72 
SAlphaB:
0 0 0 0 0 0 0 0 0 0 0 0 0 0 0 0 0 0 0 0 0 0 0 0 0 0 0 0 0 0 0 0 0 0 0 0 0 5 0 1 2 4 1 23 13 31 13 39 28 96 64 202 100 160 90 206 119 161 140 156 165 227 253 314 321 356 461 396 449 424 422 480 384 394 391 385 245 246 186 154 98 72 

LossDepth:
SAlphaB:
0 0 0 0 0 0 0 0 0 0 0 0 0 0 0 0 0 0 0 0 0 0 0 0 0 0 0 0 0 0 0 0 0 0 0 0 0 5 0 1 2 4 1 23 13 31 13 39 28 96 64 202 100 160 90 206 119 161 140 156 165 227 253 314 321 356 461 396 449 424 422 480 384 394 391 385 245 246 186 154 98 72 

FirstWin:
0 0 0 0 0 0 0 0 0 0 0 0 0 0 0 0 0 0 0 0 0 0 0 0 0 0 0 0 0 0 0 0 0 0 0 0 0 5 0 1 0 4 0 23 0 31 0 39 0 96 0 202 0 160 0 206 0 161 0 156 0 227 0 314 0 356 0 396 0 424 0 480 0 394 0 385 0 246 0 154 0 72 
SAlphaB:
0 0 0 0 0 0 0 0 0 0 0 0 0 0 0 0 0 0 0 0 0 0 0 0 0 0 0 0 0 0 0 0 0 0 0 0 0 5 0 1 0 4 0 23 0 31 0 39 0 96 0 202 0 160 0 206 0 161 0 156 0 227 0 314 0 356 0 396 0 424 0 480 0 394 0 385 0 246 0 154 0 72 

SecondWin:
0 0 0 0 0 0 0 0 0 0 0 0 0 0 0 0 0 0 0 0 0 0 0 0 0 0 0 0 0 0 0 0 0 0 0 0 0 0 0 0 2 0 1 0 13 0 13 0 28 0 64 0 100 0 90 0 119 0 140 0 165 0 253 0 321 0 461 0 449 0 422 0 384 0 391 0 245 0 186 0 98 0 
SAlphaB:
0 0 0 0 0 0 0 0 0 0 0 0 0 0 0 0 0 0 0 0 0 0 0 0 0 0 0 0 0 0 0 0 0 0 0 0 0 0 0 0 2 0 1 0 13 0 13 0 28 0 64 0 100 0 90 0 119 0 140 0 165 0 253 0 321 0 461 0 449 0 422 0 384 0 391 0 245 0 186 0 98 0 
