0 61 79 23 -4 10 35 13

0 19 88 1 -9 5 8 21

0 40 67 67 -2 1 10 5

0 39 78 70 -13 9 24 24

0 60 75 24 -18 9 15 29

0 23 48 20 -5 5 18 13

0 27 86 78 -16 4 11 12

0 64 72 93 -20 1 3 24

0 40 62 31 -20 4 11 1

0 24 58 95 -15 7 23 25

0 48 70 59 -1 12 48 21

0 24 65 73 -20 3 9 22

0 10 24 46 -5 2 3 17

0 6 71 37 -6 2 3 30

0 79 80 53 -19 1 3 33

0 41 89 91 -10 34 47 47

0 37 92 30 -4 3 29 38

0 56 83 4 -16 1 7 44

0 40 70 47 -5 4 10 18

0 30 48 33 -8 0 4 31

0 64 72 20 -16 7 29 8

0 22 93 78 -7 5 7 14

0 71 97 65 -9 24 37 32

0 66 77 57 -1 17 20 30

0 10 18 83 -18 1 9 13

0 19 79 62 -3 8 30 17

0 20 58 80 -17 13 35 20

0 64 78 18 -14 11 18 13

0 27 71 95 -9 22 34 4

0 9 59 67 -1 16 19 23

0 80 89 86 -10 20 27 44

0 64 86 11 -9 27 48 39

0 10 68 35 -1 11 30 2

0 53 67 19 -6 0 3 27

0 64 78 5 -4 3 8 18

0 6 36 16 -13 45 48 13

0 31 40 60 -2 14 31 25

0 5 70 4 -3 11 30 5

0 8 17 84 -5 8 14 20

0 3 86 36 -12 21 27 35

0 18 72 52 -2 2 5 30

0 29 91 93 -16 33 45 18

0 19 27 82 -8 6 16 31

0 40 41 48 -7 14 41 5

0 15 44 42 -18 17 25 22

0 46 58 27 -4 27 40 22

0 45 90 40 -17 13 49 42

0 54 68 98 -10 0 2 40

0 9 42 79 -7 11 17 11

0 4 63 91 -2 12 19 19

0 26 39 29 -5 22 30 2

0 7 30 71 -1 23 39 18

0 25 31 67 -13 0 3 33

0 27 66 74 -16 16 27 25

0 23 60 56 -17 5 41 36

0 16 28 27 -1 11 25 16

0 43 47 41 -8 3 17 49

0 93 98 19 -16 11 12 13

0 5 33 31 -7 6 14 32

0 1 82 59 -14 32 44 39

0 22 24 29 -2 27 37 26

0 12 20 80 -6 28 40 29

0 11 25 28 -15 21 30 29

0 11 40 66 -19 17 48 19

0 36 69 51 -2 1 2 33

0 35 53 92 -5 3 6 35

0 58 97 28 -19 34 37 27

0 55 93 57 -2 27 30 9

0 10 28 78 -1 19 27 21

0 12 63 54 -8 5 46 16

0 4 9 92 -13 3 4 22

0 8 9 59 -15 2 5 26

0 20 25 50 -14 0 28 5

0 8 11 23 -15 1 10 20

0 9 23 53 -15 1 26 14

0 6 58 9 -14 3 17 34

0 7 11 37 -5 16 34 15

0 18 77 90 -10 31 36 0

0 14 37 99 -3 29 38 41

0 5 74 81 -4 18 19 5

0 35 50 8 -20 25 28 48

0 25 43 81 -16 4 46 27

0 9 13 8 -4 29 37 26

0 15 22 3 -20 12 28 8

0 2 59 14 -10 1 3 29

0 6 28 25 -20 11 38 2

0 4 31 78 -8 4 28 40

0 9 15 14 -18 7 20 47

0 0 2 53 -13 1 4 24

0 24 29 50 -13 3 43 49

0 13 32 76 -16 13 49 32

0 0 8 9 -11 5 47 35

0 23 26 70 -9 0 1 49

0 2 6 63 -17 36 48 32

0 1 15 27 -3 12 22 43

0 1 24 16 -2 19 21 48

0 0 3 43 -1 3 44 29

0 1 22 77 -18 4 38 10

0 1 2 76 -3 0 16 46

0 6 14 74 -13 20 38 43


SAlphaB: 707.0, std-dev 258.4010214352642

Earliest win: 39
Latest win: 81

WinDepth:
0 0 0 0 0 0 0 0 0 0 0 0 0 0 0 0 0 0 0 0 0 0 0 0 0 0 0 0 0 0 0 0 0 0 0 0 0 0 0 1 1 5 0 3 9 8 17 38 21 85 52 176 77 118 80 180 135 179 161 184 151 250 241 340 311 358 369 459 394 460 428 416 442 411 425 413 280 260 167 136 104 89 
SAlphaB:
0 0 0 0 0 0 0 0 0 0 0 0 0 0 0 0 0 0 0 0 0 0 0 0 0 0 0 0 0 0 0 0 0 0 0 0 0 0 0 1 1 5 0 3 9 8 17 38 21 85 52 176 77 118 80 180 135 179 161 184 151 250 241 340 311 358 369 459 394 460 428 416 442 411 425 413 280 260 167 136 104 89 

LossDepth:
SAlphaB:
0 0 0 0 0 0 0 0 0 0 0 0 0 0 0 0 0 0 0 0 0 0 0 0 0 0 0 0 0 0 0 0 0 0 0 0 0 0 0 1 1 5 0 3 9 8 17 38 21 85 52 176 77 118 80 180 135 179 161 184 151 250 241 340 311 358 369 459 394 460 428 416 442 411 425 413 280 260 167 136 104 89 

FirstWin:
0 0 0 0 0 0 0 0 0 0 0 0 0 0 0 0 0 0 0 0 0 0 0 0 0 0 0 0 0 0 0 0 0 0 0 0 0 0 0 1 0 5 0 3 0 8 0 38 0 85 0 176 0 118 0 180 0 179 0 184 0 250 0 340 0 358 0 459 0 460 0 416 0 411 0 413 0 260 0 136 0 89 
SAlphaB:
0 0 0 0 0 0 0 0 0 0 0 0 0 0 0 0 0 0 0 0 0 0 0 0 0 0 0 0 0 0 0 0 0 0 0 0 0 0 0 1 0 5 0 3 0 8 0 38 0 85 0 176 0 118 0 180 0 179 0 184 0 250 0 340 0 358 0 459 0 460 0 416 0 411 0 413 0 260 0 136 0 89 

SecondWin:
0 0 0 0 0 0 0 0 0 0 0 0 0 0 0 0 0 0 0 0 0 0 0 0 0 0 0 0 0 0 0 0 0 0 0 0 0 0 0 0 1 0 0 0 9 0 17 0 21 0 52 0 77 0 80 0 135 0 161 0 151 0 241 0 311 0 369 0 394 0 428 0 442 0 425 0 280 0 167 0 104 0 
SAlphaB:
0 0 0 0 0 0 0 0 0 0 0 0 0 0 0 0 0 0 0 0 0 0 0 0 0 0 0 0 0 0 0 0 0 0 0 0 0 0 0 0 1 0 0 0 9 0 17 0 21 0 52 0 77 0 80 0 135 0 161 0 151 0 241 0 311 0 369 0 394 0 428 0 442 0 425 0 280 0 167 0 104 0 
