0 14 89 47 -19 0 1 11

0 49 85 64 -19 7 25 17

0 83 92 62 -3 8 28 4

0 73 83 43 -16 18 45 18

0 53 95 59 -15 5 15 33

0 58 81 70 -2 13 30 24

0 31 46 70 -20 3 8 18

0 43 59 49 -17 7 19 37

0 14 71 33 -16 1 6 22

0 44 55 14 -8 3 11 9

0 26 91 4 -14 4 5 43

0 58 92 48 -3 8 24 43

0 51 77 17 -8 5 26 41

0 18 48 7 -9 1 6 30

0 72 89 79 -18 19 34 38

0 32 91 21 -11 29 31 41

0 72 79 64 -6 3 44 5

0 25 71 29 -5 15 30 27

0 58 60 75 -7 2 5 32

0 48 67 64 -17 14 24 45

0 66 69 45 -19 1 7 21

0 34 54 71 -8 27 41 6

0 83 90 70 -18 1 11 26

0 55 84 41 -15 15 24 18

0 3 90 39 -4 21 38 8

0 38 40 81 -16 8 21 11

0 21 97 51 -7 30 39 24

0 46 87 32 -2 16 39 8

0 33 69 48 -15 6 16 33

0 10 57 34 -3 12 28 2

0 21 26 62 -10 7 9 16

0 73 83 7 -4 29 34 49

0 35 38 94 -8 1 15 28

0 18 81 14 -3 16 21 27

0 64 97 29 -13 3 6 4

0 45 46 83 -19 7 12 14

0 28 53 68 -18 34 44 10

0 40 41 4 -9 0 1 21

0 13 92 29 -17 5 13 22

0 34 58 32 -11 7 35 16

0 54 85 10 -6 21 32 25

0 13 39 76 -4 17 36 7

0 17 77 50 -16 42 43 6

0 79 92 98 -4 2 12 37

0 13 49 96 -3 27 42 0

0 4 59 11 -19 13 33 32

0 15 49 95 -18 33 45 17

0 29 34 60 -19 43 48 32

0 4 37 74 -9 13 49 45

0 9 72 56 -13 29 33 35

0 12 32 15 -9 11 13 3

0 4 38 38 -16 9 21 49

0 28 57 61 -17 4 43 0

0 25 31 89 -19 17 18 2

0 12 43 7 -7 12 33 8

0 2 85 53 -2 5 16 38

0 27 65 5 -18 17 46 39

0 3 39 26 -3 41 44 13

0 22 90 32 -19 15 22 8

0 37 76 90 -5 10 14 36

0 36 73 14 -4 2 3 42

0 28 47 14 -13 5 47 7

0 30 41 77 -2 24 36 35

0 2 90 89 -5 0 34 29

0 5 39 55 -15 1 4 18

0 5 16 85 -5 13 30 27

0 9 10 58 -16 1 8 11

0 22 87 21 -10 3 47 16

0 3 4 84 -15 43 44 14

0 17 83 86 -5 2 42 48

0 5 39 45 -1 10 47 5

0 9 46 47 -4 2 6 24

0 34 89 4 -17 15 17 14

0 6 78 3 -4 30 31 33

0 6 35 62 -1 1 3 34

0 2 30 43 -7 25 33 8

0 13 15 14 -13 8 23 8

0 1 2 52 -9 0 1 10

0 4 23 26 -15 4 28 16

0 33 44 8 -5 19 29 47

0 31 74 89 -14 4 35 33

0 50 60 21 -1 0 1 42

0 10 18 80 -20 17 36 48

0 0 6 41 -18 0 10 14

0 4 6 62 -3 11 18 6

0 13 61 5 -8 35 40 27

0 2 14 2 -15 0 1 47

0 17 23 41 -4 11 20 43

0 1 11 75 -5 16 19 3

0 27 36 4 -1 36 38 32

0 4 24 55 -12 1 34 4

0 0 1 53 -7 1 4 14

0 0 3 71 -18 11 44 30

0 1 22 30 -11 8 28 6

0 11 16 78 -20 29 47 43

0 2 38 76 -7 1 24 19

0 21 24 10 -4 5 28 44

0 8 10 60 -6 23 37 45

0 2 6 94 -8 4 32 47

0 1 5 24 -5 13 24 33


SAlphaB: 724.0, std-dev 261.4707947652118

Earliest win: 35
Latest win: 81

WinDepth:
0 0 0 0 0 0 0 0 0 0 0 0 0 0 0 0 0 0 0 0 0 0 0 0 0 0 0 0 0 0 0 0 0 0 0 4 0 11 3 5 18 7 0 34 13 8 16 36 21 64 65 145 172 113 88 156 150 190 162 153 152 206 244 308 336 344 411 368 478 444 479 414 429 395 394 314 273 227 192 125 95 85 
SAlphaB:
0 0 0 0 0 0 0 0 0 0 0 0 0 0 0 0 0 0 0 0 0 0 0 0 0 0 0 0 0 0 0 0 0 0 0 4 0 11 3 5 18 7 0 34 13 8 16 36 21 64 65 145 172 113 88 156 150 190 162 153 152 206 244 308 336 344 411 368 478 444 479 414 429 395 394 314 273 227 192 125 95 85 

LossDepth:
SAlphaB:
0 0 0 0 0 0 0 0 0 0 0 0 0 0 0 0 0 0 0 0 0 0 0 0 0 0 0 0 0 0 0 0 0 0 0 4 0 11 3 5 18 7 0 34 13 8 16 36 21 64 65 145 172 113 88 156 150 190 162 153 152 206 244 308 336 344 411 368 478 444 479 414 429 395 394 314 273 227 192 125 95 85 

FirstWin:
0 0 0 0 0 0 0 0 0 0 0 0 0 0 0 0 0 0 0 0 0 0 0 0 0 0 0 0 0 0 0 0 0 0 0 4 0 11 0 5 0 7 0 34 0 8 0 36 0 64 0 145 0 113 0 156 0 190 0 153 0 206 0 308 0 344 0 368 0 444 0 414 0 395 0 314 0 227 0 125 0 85 
SAlphaB:
0 0 0 0 0 0 0 0 0 0 0 0 0 0 0 0 0 0 0 0 0 0 0 0 0 0 0 0 0 0 0 0 0 0 0 4 0 11 0 5 0 7 0 34 0 8 0 36 0 64 0 145 0 113 0 156 0 190 0 153 0 206 0 308 0 344 0 368 0 444 0 414 0 395 0 314 0 227 0 125 0 85 

SecondWin:
0 0 0 0 0 0 0 0 0 0 0 0 0 0 0 0 0 0 0 0 0 0 0 0 0 0 0 0 0 0 0 0 0 0 0 0 0 0 3 0 18 0 0 0 13 0 16 0 21 0 65 0 172 0 88 0 150 0 162 0 152 0 244 0 336 0 411 0 478 0 479 0 429 0 394 0 273 0 192 0 95 0 
SAlphaB:
0 0 0 0 0 0 0 0 0 0 0 0 0 0 0 0 0 0 0 0 0 0 0 0 0 0 0 0 0 0 0 0 0 0 0 0 0 0 3 0 18 0 0 0 13 0 16 0 21 0 65 0 172 0 88 0 150 0 162 0 152 0 244 0 336 0 411 0 478 0 479 0 429 0 394 0 273 0 192 0 95 0 
