0 32 52 15 -3 5 27 20

0 32 74 96 -15 3 12 5

0 32 90 58 -5 2 6 12

0 19 93 59 -10 2 8 11

0 27 76 23 -14 1 9 15

0 56 80 86 -18 6 13 47

0 69 97 95 -19 7 10 26

0 59 88 14 -18 11 13 35

0 40 53 55 -11 2 4 2

0 50 67 91 -8 16 37 26

0 41 66 91 -12 3 15 27

0 67 71 77 -18 7 39 17

0 70 75 92 -8 4 9 45

0 36 64 81 -18 13 32 22

0 15 48 85 -6 21 45 5

0 3 71 87 -6 14 29 1

0 29 85 56 -2 17 26 39

0 65 76 96 -15 16 46 26

0 33 36 96 -14 12 20 27

0 24 92 55 -19 24 33 14

0 37 85 71 -19 17 27 34

0 27 41 52 -20 8 9 33

0 24 43 99 -15 16 20 18

0 22 48 98 -1 38 42 8

0 25 38 8 -20 31 38 29

0 38 67 94 -16 6 32 3

0 29 38 25 -4 32 46 31

0 37 42 52 -7 4 24 10

0 54 92 94 -7 1 2 30

0 42 76 90 -12 25 31 33

0 43 93 68 -12 28 32 20

0 47 57 40 -2 19 27 9

0 79 88 22 -15 2 11 11

0 14 40 60 -9 19 49 45

0 12 80 84 -5 0 1 30

0 31 38 43 -4 10 13 5

0 40 41 39 -6 19 45 44

0 3 36 12 -1 5 48 15

0 5 38 7 -10 2 14 22

0 2 20 93 -14 5 10 6

0 19 99 35 -3 0 1 38

0 28 48 22 -11 5 45 28

0 5 10 81 -14 8 27 30

0 1 70 52 -8 3 17 19

0 27 85 4 -20 13 16 17

0 53 93 23 -20 34 38 25

0 22 64 9 -19 18 20 1

0 32 56 82 -11 10 26 9

0 39 47 62 -15 2 34 40

0 0 27 69 -18 1 2 14

0 13 20 20 -7 2 3 27

0 2 57 23 -2 0 5 14

0 17 20 28 -7 1 19 31

0 21 87 44 -9 6 29 30

0 9 36 41 -11 28 39 12

0 2 74 11 -12 3 43 14

0 51 53 45 -15 12 17 32

0 23 29 49 -15 2 30 47

0 33 42 25 -19 2 25 35

0 15 27 15 -15 7 10 9

0 0 50 43 -18 1 40 1

0 3 22 12 -9 10 33 33

0 6 20 81 -9 26 34 39

0 26 67 96 -9 12 14 14

0 36 60 51 -14 7 37 48

0 20 28 69 -9 44 49 31

0 10 23 37 -15 36 39 12

0 27 29 97 -20 35 41 21

0 6 55 0 -18 11 16 37

0 7 12 44 -17 1 10 26

0 5 39 92 -10 1 41 3

0 29 49 87 -7 10 26 8

0 26 61 40 -9 22 26 40

0 16 22 18 -1 13 23 29

0 1 2 44 -17 33 42 33

0 8 45 59 -19 16 49 13

0 12 65 96 -1 19 20 0

0 34 58 46 -14 22 33 42

0 0 1 69 -17 5 7 3

0 0 10 26 -14 0 2 29

0 12 26 81 -17 2 39 30

0 3 4 38 -12 15 42 29

0 0 62 95 -1 1 5 6

0 11 15 16 -13 38 47 14

0 19 21 23 -12 7 11 2

0 0 1 40 -1 33 44 42

0 15 78 13 -19 5 11 33

0 0 1 88 -18 0 1 34

0 4 33 30 -20 4 8 49

0 5 10 15 -11 4 5 24

0 2 23 75 -4 11 16 37

0 6 9 20 -13 12 16 42

0 3 21 68 -7 3 26 41

0 6 8 18 -9 5 31 43

0 6 20 27 -2 7 38 40

0 1 3 79 -9 38 47 19

0 1 5 76 -3 31 32 21

0 0 21 51 -6 2 27 37

0 1 2 78 -19 2 11 48

0 0 10 44 -10 3 14 45


SAlphaB: 705.0, std-dev 260.81551008908633

Earliest win: 35
Latest win: 81

WinDepth:
0 0 0 0 0 0 0 0 0 0 0 0 0 0 0 0 0 0 0 0 0 0 0 0 0 0 0 0 0 0 0 0 0 0 0 1 0 0 0 5 2 9 5 23 21 24 13 34 44 45 85 139 156 124 94 179 113 227 146 207 187 234 260 319 338 358 372 335 458 392 448 414 427 413 393 333 272 241 172 140 107 56 
SAlphaB:
0 0 0 0 0 0 0 0 0 0 0 0 0 0 0 0 0 0 0 0 0 0 0 0 0 0 0 0 0 0 0 0 0 0 0 1 0 0 0 5 2 9 5 23 21 24 13 34 44 45 85 139 156 124 94 179 113 227 146 207 187 234 260 319 338 358 372 335 458 392 448 414 427 413 393 333 272 241 172 140 107 56 

LossDepth:
SAlphaB:
0 0 0 0 0 0 0 0 0 0 0 0 0 0 0 0 0 0 0 0 0 0 0 0 0 0 0 0 0 0 0 0 0 0 0 1 0 0 0 5 2 9 5 23 21 24 13 34 44 45 85 139 156 124 94 179 113 227 146 207 187 234 260 319 338 358 372 335 458 392 448 414 427 413 393 333 272 241 172 140 107 56 

FirstWin:
0 0 0 0 0 0 0 0 0 0 0 0 0 0 0 0 0 0 0 0 0 0 0 0 0 0 0 0 0 0 0 0 0 0 0 1 0 0 0 5 0 9 0 23 0 24 0 34 0 45 0 139 0 124 0 179 0 227 0 207 0 234 0 319 0 358 0 335 0 392 0 414 0 413 0 333 0 241 0 140 0 56 
SAlphaB:
0 0 0 0 0 0 0 0 0 0 0 0 0 0 0 0 0 0 0 0 0 0 0 0 0 0 0 0 0 0 0 0 0 0 0 1 0 0 0 5 0 9 0 23 0 24 0 34 0 45 0 139 0 124 0 179 0 227 0 207 0 234 0 319 0 358 0 335 0 392 0 414 0 413 0 333 0 241 0 140 0 56 

SecondWin:
0 0 0 0 0 0 0 0 0 0 0 0 0 0 0 0 0 0 0 0 0 0 0 0 0 0 0 0 0 0 0 0 0 0 0 0 0 0 0 0 2 0 5 0 21 0 13 0 44 0 85 0 156 0 94 0 113 0 146 0 187 0 260 0 338 0 372 0 458 0 448 0 427 0 393 0 272 0 172 0 107 0 
SAlphaB:
0 0 0 0 0 0 0 0 0 0 0 0 0 0 0 0 0 0 0 0 0 0 0 0 0 0 0 0 0 0 0 0 0 0 0 0 0 0 0 0 2 0 5 0 21 0 13 0 44 0 85 0 156 0 94 0 113 0 146 0 187 0 260 0 338 0 372 0 458 0 448 0 427 0 393 0 272 0 172 0 107 0 
