0 42 89 91 -2 5 26 4

0 7 63 7 -3 1 4 4

0 70 92 97 -16 2 11 4

0 23 43 6 -4 4 5 14

0 53 61 35 -9 4 16 25

0 74 92 60 -18 0 3 35

0 39 87 37 -3 15 41 9

0 53 86 67 -11 12 32 21

0 38 66 68 -17 3 8 13

0 14 34 45 -13 18 20 5

0 58 87 85 -8 0 1 0

0 17 70 39 -17 0 4 35

0 27 91 37 -16 5 10 0

0 3 23 10 -10 3 4 2

0 14 68 24 -20 8 14 3

0 38 66 69 -8 34 49 19

0 10 72 92 -17 13 40 39

0 2 44 34 -7 5 15 25

0 60 62 57 -1 0 9 17

0 20 63 84 -10 7 28 23

0 27 42 78 -8 1 33 43

0 88 90 24 -5 0 3 29

0 52 96 59 -8 8 11 36

0 14 73 90 -17 2 4 45

0 54 84 13 -6 2 18 47

0 42 68 57 -15 4 5 45

0 46 74 6 -2 19 21 39

0 27 90 52 -19 14 31 33

0 26 52 8 -8 8 10 42

0 16 75 98 -6 25 34 10

0 16 35 49 -9 6 9 9

0 27 76 45 -19 8 34 11

0 6 56 87 -11 13 30 35

0 74 94 84 -20 18 31 37

0 46 57 43 -3 0 6 22

0 37 63 22 -11 13 40 42

0 32 91 35 -2 2 40 47

0 9 15 23 -5 0 2 27

0 60 80 22 -19 19 26 27

0 0 63 93 -10 26 47 32

0 3 35 87 -7 15 31 32

0 43 96 69 -20 11 45 49

0 21 27 51 -4 20 31 0

0 29 45 21 -8 8 13 43

0 27 58 38 -5 3 31 42

0 55 60 11 -19 1 31 14

0 18 36 0 -2 6 7 30

0 25 32 37 -9 9 25 29

0 38 48 78 -2 30 39 45

0 18 95 83 -1 25 27 16

0 54 74 74 -7 5 12 48

0 39 66 46 -1 2 28 41

0 32 68 83 -19 7 32 27

0 11 12 0 -10 0 4 14

0 10 36 94 -5 4 7 13

0 31 36 93 -10 6 9 39

0 2 15 52 -15 2 6 36

0 5 43 39 -5 13 22 42

0 7 74 83 -13 14 19 0

0 5 37 97 -19 3 5 49

0 10 17 5 -10 6 7 38

0 24 86 49 -16 6 44 34

0 12 65 37 -9 12 29 46

0 16 94 70 -15 44 46 36

0 38 54 18 -17 17 18 35

0 23 40 40 -9 25 41 28

0 14 16 77 -7 0 24 20

0 0 11 63 -12 0 5 24

0 4 19 86 -8 1 4 14

0 33 50 62 -1 5 11 38

0 23 49 21 -1 29 36 17

0 4 33 96 -20 2 34 22

0 10 31 71 -16 18 32 45

0 23 34 30 -11 8 32 20

0 21 37 25 -12 16 31 48

0 5 27 65 -6 23 32 46

0 0 28 43 -4 13 41 41

0 2 42 38 -19 25 44 15

0 0 3 24 -13 7 19 4

0 1 4 32 -17 23 41 25

0 0 3 75 -13 7 22 46

0 9 35 81 -7 3 18 34

0 11 17 71 -16 31 32 9

0 12 62 49 -1 9 14 44

0 5 6 34 -16 18 25 17

0 12 13 94 -11 7 45 21

0 0 17 99 -7 11 26 18

0 13 27 80 -18 2 40 48

0 8 17 99 -16 0 35 44

0 4 25 92 -18 16 30 15

0 0 7 42 -10 1 38 26

0 12 18 43 -11 0 16 27

0 13 64 5 -14 11 14 39

0 1 7 47 -10 0 6 30

0 6 31 57 -12 5 46 39

0 0 14 23 -19 17 22 41

0 5 16 89 -4 1 2 28

0 2 16 69 -14 2 25 47

0 2 8 51 -1 0 12 30

0 0 1 98 -3 1 40 27


SAlphaB: 710.0, std-dev 255.75377965551323

Earliest win: 35
Latest win: 81

WinDepth:
0 0 0 0 0 0 0 0 0 0 0 0 0 0 0 0 0 0 0 0 0 0 0 0 0 0 0 0 0 0 0 0 0 0 0 2 0 1 1 9 1 5 3 15 16 18 24 41 33 70 106 217 89 141 95 216 120 167 175 194 221 256 224 306 307 365 407 406 409 399 434 414 416 378 399 387 285 228 196 122 107 70 
SAlphaB:
0 0 0 0 0 0 0 0 0 0 0 0 0 0 0 0 0 0 0 0 0 0 0 0 0 0 0 0 0 0 0 0 0 0 0 2 0 1 1 9 1 5 3 15 16 18 24 41 33 70 106 217 89 141 95 216 120 167 175 194 221 256 224 306 307 365 407 406 409 399 434 414 416 378 399 387 285 228 196 122 107 70 

LossDepth:
SAlphaB:
0 0 0 0 0 0 0 0 0 0 0 0 0 0 0 0 0 0 0 0 0 0 0 0 0 0 0 0 0 0 0 0 0 0 0 2 0 1 1 9 1 5 3 15 16 18 24 41 33 70 106 217 89 141 95 216 120 167 175 194 221 256 224 306 307 365 407 406 409 399 434 414 416 378 399 387 285 228 196 122 107 70 

FirstWin:
0 0 0 0 0 0 0 0 0 0 0 0 0 0 0 0 0 0 0 0 0 0 0 0 0 0 0 0 0 0 0 0 0 0 0 2 0 1 0 9 0 5 0 15 0 18 0 41 0 70 0 217 0 141 0 216 0 167 0 194 0 256 0 306 0 365 0 406 0 399 0 414 0 378 0 387 0 228 0 122 0 70 
SAlphaB:
0 0 0 0 0 0 0 0 0 0 0 0 0 0 0 0 0 0 0 0 0 0 0 0 0 0 0 0 0 0 0 0 0 0 0 2 0 1 0 9 0 5 0 15 0 18 0 41 0 70 0 217 0 141 0 216 0 167 0 194 0 256 0 306 0 365 0 406 0 399 0 414 0 378 0 387 0 228 0 122 0 70 

SecondWin:
0 0 0 0 0 0 0 0 0 0 0 0 0 0 0 0 0 0 0 0 0 0 0 0 0 0 0 0 0 0 0 0 0 0 0 0 0 0 1 0 1 0 3 0 16 0 24 0 33 0 106 0 89 0 95 0 120 0 175 0 221 0 224 0 307 0 407 0 409 0 434 0 416 0 399 0 285 0 196 0 107 0 
SAlphaB:
0 0 0 0 0 0 0 0 0 0 0 0 0 0 0 0 0 0 0 0 0 0 0 0 0 0 0 0 0 0 0 0 0 0 0 0 0 0 1 0 1 0 3 0 16 0 24 0 33 0 106 0 89 0 95 0 120 0 175 0 221 0 224 0 307 0 407 0 409 0 434 0 416 0 399 0 285 0 196 0 107 0 
