0 35 88 85 -15 1 3 26

0 35 37 64 -11 3 5 7

0 56 99 42 -4 9 46 32

0 17 31 17 -12 0 1 21

0 61 80 62 -10 0 10 5

0 53 95 80 -9 16 17 32

0 76 86 83 -16 7 26 33

0 64 85 22 -7 29 41 34

0 52 92 31 -7 13 38 34

0 13 72 97 -14 1 11 23

0 64 73 11 -17 5 35 33

0 22 86 78 -13 5 17 32

0 42 95 2 -15 4 14 49

0 43 71 24 -5 5 17 30

0 71 83 22 -10 8 24 8

0 86 98 79 -20 18 33 38

0 52 75 10 -3 2 15 10

0 17 37 90 -14 9 29 25

0 48 59 56 -6 1 25 22

0 20 92 49 -12 2 11 33

0 81 88 61 -5 13 21 39

0 16 73 86 -3 1 4 3

0 48 95 37 -20 7 18 28

0 56 72 83 -6 12 27 38

0 58 65 26 -8 29 32 28

0 27 76 28 -7 8 17 36

0 24 36 6 -13 8 10 15

0 6 68 82 -19 5 26 25

0 51 61 56 -9 15 25 17

0 79 85 18 -1 10 20 33

0 74 86 17 -15 21 24 15

0 9 81 19 -6 4 22 1

0 16 28 28 -16 0 7 34

0 14 92 57 -17 8 22 30

0 26 63 10 -9 9 14 39

0 37 44 23 -20 6 18 24

0 22 82 68 -20 10 19 35

0 7 65 24 -17 3 13 1

0 25 51 85 -13 1 13 45

0 36 41 56 -12 7 38 24

0 13 94 86 -5 6 29 12

0 51 65 18 -18 13 47 6

0 60 62 8 -4 2 7 26

0 6 12 88 -17 1 3 2

0 23 68 4 -7 39 42 4

0 9 24 67 -13 1 7 33

0 14 21 18 -13 7 16 8

0 22 81 98 -9 13 23 40

0 2 42 32 -14 26 46 19

0 0 1 68 -12 10 11 26

0 14 16 67 -2 28 31 12

0 7 54 80 -3 1 16 41

0 57 67 51 -14 19 47 29

0 19 97 43 -18 7 36 23

0 72 92 97 -2 23 36 45

0 11 57 19 -12 14 20 36

0 0 14 63 -6 1 2 4

0 9 13 94 -13 10 37 44

0 24 28 44 -16 15 42 27

0 18 28 15 -16 6 37 16

0 10 28 43 -15 5 23 33

0 0 9 65 -3 15 20 16

0 70 85 73 -16 40 41 31

0 20 66 56 -20 33 44 1

0 20 22 40 -12 13 33 35

0 42 44 37 -4 6 7 34

0 9 20 28 -14 25 29 5

0 6 22 62 -6 13 25 41

0 5 9 93 -13 8 11 12

0 4 25 88 -20 14 20 44

0 27 42 62 -17 12 48 2

0 13 37 51 -13 0 24 49

0 16 41 38 -12 13 18 45

0 67 75 15 -19 32 39 1

0 34 64 3 -16 18 44 42

0 4 10 88 -4 37 38 0

0 1 6 88 -19 1 14 22

0 11 33 99 -20 2 14 20

0 1 8 57 -19 0 6 15

0 5 25 83 -13 25 36 45

0 59 62 66 -18 30 31 34

0 0 3 8 -3 6 11 28

0 4 6 0 -18 18 22 18

0 33 55 41 -1 28 35 6

0 18 26 62 -13 10 45 25

0 3 40 40 -8 33 41 5

0 36 74 48 -3 0 1 29

0 3 15 71 -11 1 9 17

0 3 9 99 -16 6 30 40

0 0 6 27 -17 35 45 19

0 7 9 6 -17 25 47 20

0 3 19 66 -13 2 49 2

0 24 25 86 -17 12 44 16

0 4 31 30 -15 30 47 5

0 2 6 62 -5 15 24 30

0 0 1 27 -4 30 48 44

0 3 14 16 -5 5 27 31

0 1 5 10 -14 9 15 49

0 1 6 9 -1 7 14 19

0 0 3 2 -1 1 15 43


SAlphaB: 701.0, std-dev 262.62792919245885

Earliest win: 37
Latest win: 81

WinDepth:
0 0 0 0 0 0 0 0 0 0 0 0 0 0 0 0 0 0 0 0 0 0 0 0 0 0 0 0 0 0 0 0 0 0 0 0 0 12 1 4 10 13 5 12 17 21 14 28 27 49 78 161 115 137 78 182 131 155 149 175 154 223 263 348 352 389 375 388 445 415 427 445 426 355 373 348 255 231 200 132 100 97 
SAlphaB:
0 0 0 0 0 0 0 0 0 0 0 0 0 0 0 0 0 0 0 0 0 0 0 0 0 0 0 0 0 0 0 0 0 0 0 0 0 12 1 4 10 13 5 12 17 21 14 28 27 49 78 161 115 137 78 182 131 155 149 175 154 223 263 348 352 389 375 388 445 415 427 445 426 355 373 348 255 231 200 132 100 97 

LossDepth:
SAlphaB:
0 0 0 0 0 0 0 0 0 0 0 0 0 0 0 0 0 0 0 0 0 0 0 0 0 0 0 0 0 0 0 0 0 0 0 0 0 12 1 4 10 13 5 12 17 21 14 28 27 49 78 161 115 137 78 182 131 155 149 175 154 223 263 348 352 389 375 388 445 415 427 445 426 355 373 348 255 231 200 132 100 97 

FirstWin:
0 0 0 0 0 0 0 0 0 0 0 0 0 0 0 0 0 0 0 0 0 0 0 0 0 0 0 0 0 0 0 0 0 0 0 0 0 12 0 4 0 13 0 12 0 21 0 28 0 49 0 161 0 137 0 182 0 155 0 175 0 223 0 348 0 389 0 388 0 415 0 445 0 355 0 348 0 231 0 132 0 97 
SAlphaB:
0 0 0 0 0 0 0 0 0 0 0 0 0 0 0 0 0 0 0 0 0 0 0 0 0 0 0 0 0 0 0 0 0 0 0 0 0 12 0 4 0 13 0 12 0 21 0 28 0 49 0 161 0 137 0 182 0 155 0 175 0 223 0 348 0 389 0 388 0 415 0 445 0 355 0 348 0 231 0 132 0 97 

SecondWin:
0 0 0 0 0 0 0 0 0 0 0 0 0 0 0 0 0 0 0 0 0 0 0 0 0 0 0 0 0 0 0 0 0 0 0 0 0 0 1 0 10 0 5 0 17 0 14 0 27 0 78 0 115 0 78 0 131 0 149 0 154 0 263 0 352 0 375 0 445 0 427 0 426 0 373 0 255 0 200 0 100 0 
SAlphaB:
0 0 0 0 0 0 0 0 0 0 0 0 0 0 0 0 0 0 0 0 0 0 0 0 0 0 0 0 0 0 0 0 0 0 0 0 0 0 1 0 10 0 5 0 17 0 14 0 27 0 78 0 115 0 78 0 131 0 149 0 154 0 263 0 352 0 375 0 445 0 427 0 426 0 373 0 255 0 200 0 100 0 
