0 45 95 72 -1 7 24 10

0 27 67 58 -14 0 2 11

0 56 77 13 -17 7 22 25

0 70 82 68 -10 3 25 34

0 59 68 60 -7 2 22 25

0 67 94 66 -20 2 23 40

0 84 99 25 -17 11 36 10

0 46 87 16 -16 3 16 2

0 27 77 19 -12 2 4 7

0 76 93 79 -17 3 34 32

0 40 76 94 -11 4 9 36

0 28 39 45 -12 1 6 13

0 28 55 54 -19 0 1 11

0 79 98 37 -3 11 37 38

0 19 32 62 -9 2 7 1

0 39 65 0 -7 6 13 7

0 76 83 70 -15 13 42 41

0 22 45 79 -18 1 2 1

0 54 78 44 -14 4 24 24

0 28 51 87 -17 1 3 21

0 53 96 94 -6 1 20 12

0 43 78 47 -18 0 1 6

0 45 74 80 -19 5 11 14

0 32 84 0 -10 2 10 25

0 55 74 6 -2 0 7 5

0 13 85 25 -3 3 4 8

0 35 64 58 -18 0 2 38

0 27 40 53 -1 3 13 0

0 64 90 48 -9 7 10 1

0 12 65 84 -13 7 18 11

0 20 28 12 -7 2 5 25

0 53 76 0 -6 1 14 8

0 64 80 86 -9 1 36 34

0 52 58 49 -1 4 35 8

0 63 77 93 -2 18 31 11

0 85 91 13 -16 10 19 26

0 43 85 50 -18 4 13 26

0 75 95 25 -7 2 35 22

0 23 96 81 -14 3 11 0

0 69 90 84 -3 8 38 28

0 9 58 79 -2 1 8 3

0 34 77 7 -9 0 2 9

0 62 89 70 -19 0 2 33

0 18 54 4 -3 5 10 10

0 32 82 28 -4 8 10 5

0 30 76 61 -20 0 11 9

0 48 55 78 -6 6 28 23

0 35 77 34 -3 4 5 1

0 77 94 87 -5 3 47 0

0 26 29 13 -8 3 7 4

0 18 65 36 -3 3 4 8

0 78 95 68 -8 12 13 29

0 16 85 16 -12 5 16 25

0 82 95 24 -8 5 47 23

0 48 57 50 -13 4 10 0

0 50 97 83 -11 2 48 26

0 9 62 88 -5 0 4 1

0 80 96 10 -12 16 20 15

0 40 97 54 -19 17 30 2

0 60 82 7 -8 3 7 40

0 34 48 20 -20 1 12 28

0 72 84 25 -19 0 2 31

0 6 75 39 -3 11 29 11

0 64 96 67 -9 8 15 30

0 90 95 51 -19 2 30 49

0 39 50 18 -14 0 5 30

0 57 94 85 -16 10 11 43

0 24 98 91 -15 20 41 27

0 11 26 50 -2 0 1 0

0 60 76 60 -4 16 40 48

0 36 95 66 -9 4 24 27

0 17 89 23 -6 7 13 31

0 44 98 50 -8 2 4 41

0 77 98 65 -11 3 10 25

0 50 87 43 -7 6 7 22

0 34 38 63 -18 6 23 31

0 12 56 65 -6 9 24 15

0 32 46 84 -1 20 43 4

0 44 78 86 -16 0 7 41

0 27 79 73 -9 12 25 14

0 42 60 9 -17 5 32 11

0 52 71 91 -2 19 25 17

0 13 63 54 -13 0 1 21

0 29 36 46 -4 9 29 30

0 55 60 0 -18 26 44 2

0 22 37 22 -8 24 43 4

0 5 76 39 -11 5 6 14

0 36 45 22 -20 4 7 13

0 36 63 9 -15 12 29 17

0 25 49 94 -17 1 2 3

0 53 56 10 -9 26 49 2

0 8 71 28 -9 1 3 23

0 23 49 69 -17 0 3 31

0 86 95 73 -7 36 46 21

0 17 46 67 -15 0 1 45

0 34 61 90 -17 15 25 14

0 10 56 90 -1 27 38 26

0 58 87 52 -14 32 49 25

0 12 34 50 -20 30 32 14

0 31 50 66 -16 22 27 14


SAlphaB: 758.0, std-dev 269.5410794013567

Earliest win: 35
Latest win: 81

WinDepth:
0 0 0 0 0 0 0 0 0 0 0 0 0 0 0 0 0 0 0 0 0 0 0 0 0 0 0 0 0 0 0 0 0 0 0 1 0 2 1 20 1 37 9 35 26 44 35 185 42 150 149 362 183 373 217 436 337 497 320 499 407 666 645 747 827 946 894 969 977 1018 1006 974 866 825 866 818 664 505 393 255 194 180 
SAlphaB:
0 0 0 0 0 0 0 0 0 0 0 0 0 0 0 0 0 0 0 0 0 0 0 0 0 0 0 0 0 0 0 0 0 0 0 1 0 2 1 20 1 37 9 35 26 44 35 185 42 150 149 362 183 373 217 436 337 497 320 499 407 666 645 747 827 946 894 969 977 1018 1006 974 866 825 866 818 664 505 393 255 194 180 

LossDepth:
SAlphaB:
0 0 0 0 0 0 0 0 0 0 0 0 0 0 0 0 0 0 0 0 0 0 0 0 0 0 0 0 0 0 0 0 0 0 0 0 0 2 0 12 0 30 3 38 20 33 25 83 24 88 99 148 133 234 153 249 207 301 186 317 267 434 421 601 583 752 617 730 719 852 706 777 618 719 684 717 534 450 295 232 204 174 

FirstWin:
0 0 0 0 0 0 0 0 0 0 0 0 0 0 0 0 0 0 0 0 0 0 0 0 0 0 0 0 0 0 0 0 0 0 0 1 0 2 0 20 0 37 0 35 0 44 0 185 0 150 0 362 0 373 0 436 0 497 0 499 0 666 0 747 0 946 0 969 0 1018 0 974 0 825 0 818 0 505 0 255 0 180 
SAlphaB:
0 0 0 0 0 0 0 0 0 0 0 0 0 0 0 0 0 0 0 0 0 0 0 0 0 0 0 0 0 0 0 0 0 0 0 1 0 2 0 20 0 37 0 35 0 44 0 185 0 150 0 362 0 373 0 436 0 497 0 499 0 666 0 747 0 946 0 969 0 1018 0 974 0 825 0 818 0 505 0 255 0 180 

SecondWin:
0 0 0 0 0 0 0 0 0 0 0 0 0 0 0 0 0 0 0 0 0 0 0 0 0 0 0 0 0 0 0 0 0 0 0 0 0 0 1 0 1 0 9 0 26 0 35 0 42 0 149 0 183 0 217 0 337 0 320 0 407 0 645 0 827 0 894 0 977 0 1006 0 866 0 866 0 664 0 393 0 194 0 
SAlphaB:
0 0 0 0 0 0 0 0 0 0 0 0 0 0 0 0 0 0 0 0 0 0 0 0 0 0 0 0 0 0 0 0 0 0 0 0 0 0 1 0 1 0 9 0 26 0 35 0 42 0 149 0 183 0 217 0 337 0 320 0 407 0 645 0 827 0 894 0 977 0 1006 0 866 0 866 0 664 0 393 0 194 0 
