0 34 77 7 -9 0 2 9

0 28 51 87 -17 1 3 21

0 39 65 0 -7 6 13 7

0 13 85 25 -3 3 4 8

0 17 46 67 -15 0 1 45

0 80 96 10 -12 16 20 15

0 44 78 86 -16 0 7 41

0 48 55 78 -6 6 28 23

0 12 56 65 -6 9 24 15

0 85 91 13 -16 10 19 26

0 17 21 57 -12 4 9 16

0 34 37 40 -8 16 35 1

0 33 63 66 -9 0 5 20

0 49 86 76 -9 3 9 21

0 78 82 8 -12 13 25 18

0 28 62 93 -1 12 25 41

0 38 53 76 -17 23 36 26

0 55 88 44 -3 21 43 1

0 36 90 80 -7 25 40 20

0 7 26 69 -18 15 20 16

0 29 35 98 -2 4 14 21

0 32 60 62 -13 12 34 11

0 1 93 31 -15 4 38 8

0 27 64 64 -15 4 11 44

0 37 93 21 -20 8 27 10

0 27 93 67 -10 12 42 0

0 9 68 62 -9 9 13 16

0 48 53 91 -3 13 49 40

0 7 65 97 -11 23 48 1

0 64 99 93 -8 0 3 20

0 50 55 96 -7 16 31 44

0 17 48 37 -1 14 44 17

0 22 67 28 -4 39 44 22

0 20 26 55 -9 1 2 30

0 75 77 66 -13 27 32 46

0 12 59 31 -10 19 25 21

0 9 35 67 -12 0 9 32

0 41 95 94 -3 2 22 47

0 22 65 4 -10 5 39 22

0 5 9 71 -9 0 1 5

0 45 55 51 -16 10 40 36

0 83 84 0 -10 0 28 17

0 76 94 85 -19 5 6 42

0 33 40 65 -13 4 7 33

0 31 42 49 -13 17 37 46

0 43 60 36 -6 22 32 23

0 6 74 58 -16 17 22 8

0 5 67 99 -14 13 22 39

0 63 65 50 -11 10 12 22

0 17 77 29 -18 4 22 1

0 31 77 55 -10 21 31 23

0 57 60 11 -10 23 40 43

0 64 92 10 -6 8 14 18

0 12 24 11 -13 9 24 14

0 16 18 85 -9 6 18 12

0 45 58 92 -4 3 27 41

0 17 36 47 -14 13 17 25

0 15 41 78 -16 18 45 49

0 9 83 9 -8 14 37 45

0 25 87 62 -5 23 32 1

0 2 10 17 -2 35 41 32

0 14 17 95 -11 13 28 23

0 56 96 34 -12 25 31 2

0 3 8 70 -13 11 12 23

0 46 52 71 -11 24 25 34

0 40 47 69 -3 37 42 7

0 22 81 29 -1 0 2 46

0 5 56 45 -11 29 34 40

0 1 34 29 -7 10 35 4

0 6 41 71 -12 2 25 19

0 21 28 76 -13 13 46 38

0 2 37 79 -6 19 43 10

0 3 27 48 -7 22 31 6

0 5 7 53 -9 23 25 11

0 19 22 23 -12 15 46 8

0 18 85 6 -14 36 40 49

0 1 15 89 -12 3 10 39

0 22 75 53 -11 22 41 40

0 2 11 32 -8 4 13 7

0 18 19 95 -17 2 10 44

0 5 23 26 -20 15 24 42

0 5 6 8 -9 27 37 35

0 7 16 96 -1 6 9 30

0 4 10 92 -2 35 46 20

0 1 3 82 -18 20 35 33

0 2 13 84 -3 6 19 19

0 5 22 54 -13 24 32 39

0 0 4 32 -12 0 1 39

0 3 6 38 -10 18 22 8

0 3 99 25 -2 6 16 42

0 9 10 75 -8 28 35 44

0 18 23 32 -17 28 34 0

0 2 14 15 -13 5 10 28

0 0 1 67 -14 3 4 21

0 12 15 69 -3 13 25 49

0 1 7 23 -17 1 32 26

0 5 27 3 -11 1 15 36

0 2 14 40 -20 27 31 1

0 0 4 51 -4 2 26 3

0 1 3 77 -10 4 8 49


SAlphaB: 710.0, std-dev 264.71888062164317

Earliest win: 37
Latest win: 81

WinDepth:
0 0 0 0 0 0 0 0 0 0 0 0 0 0 0 0 0 0 0 0 0 0 0 0 0 0 0 0 0 0 0 0 0 0 0 0 0 1 0 4 12 13 2 8 14 17 9 41 17 80 47 240 78 113 67 143 94 142 144 168 166 217 216 342 309 366 408 363 408 396 481 466 431 371 405 382 321 259 204 130 103 83 
SAlphaB:
0 0 0 0 0 0 0 0 0 0 0 0 0 0 0 0 0 0 0 0 0 0 0 0 0 0 0 0 0 0 0 0 0 0 0 0 0 1 0 4 12 13 2 8 14 17 9 41 17 80 47 240 78 113 67 143 94 142 144 168 166 217 216 342 309 366 408 363 408 396 481 466 431 371 405 382 321 259 204 130 103 83 

LossDepth:
SAlphaB:
0 0 0 0 0 0 0 0 0 0 0 0 0 0 0 0 0 0 0 0 0 0 0 0 0 0 0 0 0 0 0 0 0 0 0 0 0 1 0 4 12 13 2 8 14 17 9 41 17 80 47 240 78 113 67 143 94 142 144 168 166 217 216 342 309 366 408 363 408 396 481 466 431 371 405 382 321 259 204 130 103 83 

FirstWin:
0 0 0 0 0 0 0 0 0 0 0 0 0 0 0 0 0 0 0 0 0 0 0 0 0 0 0 0 0 0 0 0 0 0 0 0 0 1 0 4 0 13 0 8 0 17 0 41 0 80 0 240 0 113 0 143 0 142 0 168 0 217 0 342 0 366 0 363 0 396 0 466 0 371 0 382 0 259 0 130 0 83 
SAlphaB:
0 0 0 0 0 0 0 0 0 0 0 0 0 0 0 0 0 0 0 0 0 0 0 0 0 0 0 0 0 0 0 0 0 0 0 0 0 1 0 4 0 13 0 8 0 17 0 41 0 80 0 240 0 113 0 143 0 142 0 168 0 217 0 342 0 366 0 363 0 396 0 466 0 371 0 382 0 259 0 130 0 83 

SecondWin:
0 0 0 0 0 0 0 0 0 0 0 0 0 0 0 0 0 0 0 0 0 0 0 0 0 0 0 0 0 0 0 0 0 0 0 0 0 0 0 0 12 0 2 0 14 0 9 0 17 0 47 0 78 0 67 0 94 0 144 0 166 0 216 0 309 0 408 0 408 0 481 0 431 0 405 0 321 0 204 0 103 0 
SAlphaB:
0 0 0 0 0 0 0 0 0 0 0 0 0 0 0 0 0 0 0 0 0 0 0 0 0 0 0 0 0 0 0 0 0 0 0 0 0 0 0 0 12 0 2 0 14 0 9 0 17 0 47 0 78 0 67 0 94 0 144 0 166 0 216 0 309 0 408 0 408 0 481 0 431 0 405 0 321 0 204 0 103 0 
