0 18 54 4 -3 5 10 10

0 12 65 84 -13 7 18 11

0 28 39 45 -12 1 6 13

0 64 90 48 -9 7 10 1

0 31 50 66 -16 22 27 14

0 36 63 9 -15 12 29 17

0 76 83 70 -15 13 42 41

0 34 48 20 -20 1 12 28

0 86 95 73 -7 36 46 21

0 58 87 52 -14 32 49 25

0 75 88 50 -18 5 6 30

0 33 35 71 -6 5 12 13

0 61 93 96 -5 17 25 6

0 16 85 31 -3 7 10 15

0 63 75 67 -14 7 19 23

0 25 85 22 -4 34 35 44

0 21 32 39 -7 1 9 10

0 63 74 24 -4 21 22 27

0 21 58 57 -6 42 45 4

0 47 91 61 -19 19 33 19

0 36 59 61 -1 1 6 12

0 22 48 69 -19 8 11 43

0 52 89 55 -4 14 46 37

0 13 95 77 -15 1 12 28

0 26 85 88 -16 35 38 11

0 15 25 55 -14 3 9 6

0 7 27 85 -12 1 3 13

0 66 74 50 -20 23 38 41

0 49 96 84 -20 39 47 8

0 13 75 57 -16 16 33 24

0 28 86 51 -1 0 37 8

0 12 35 99 -18 7 21 21

0 15 24 61 -12 5 16 11

0 59 79 94 -19 1 42 21

0 28 75 10 -16 6 8 6

0 1 27 93 -11 2 4 11

0 40 77 62 -13 9 48 25

0 19 44 24 -11 16 22 10

0 1 41 76 -18 41 45 18

0 7 17 43 -4 1 3 27

0 57 80 84 -5 18 49 41

0 12 29 85 -16 1 3 1

0 18 39 93 -19 1 22 35

0 43 51 69 -8 0 27 15

0 19 75 39 -20 14 20 20

0 31 95 99 -13 19 26 11

0 61 63 63 -16 18 25 39

0 17 46 1 -1 2 3 39

0 0 47 15 -9 7 17 3

0 12 26 7 -19 8 17 13

0 55 58 94 -20 22 29 47

0 8 67 48 -6 29 43 36

0 46 56 30 -11 25 40 38

0 21 75 89 -17 11 17 40

0 9 49 31 -2 3 12 32

0 28 33 73 -17 11 21 36

0 39 78 95 -15 1 45 21

0 8 92 15 -3 34 42 39

0 0 18 60 -13 0 11 7

0 14 91 13 -8 5 32 24

0 42 56 3 -2 6 40 28

0 21 43 23 -13 2 39 31

0 27 50 31 -5 17 45 21

0 7 97 48 -18 4 21 39

0 6 79 19 -14 11 44 38

0 15 23 27 -18 0 1 44

0 17 26 10 -13 1 7 35

0 19 55 28 -16 1 28 45

0 9 10 35 -2 5 13 29

0 10 12 91 -2 14 32 15

0 5 31 10 -17 0 1 46

0 11 35 54 -3 6 22 44

0 11 14 65 -7 40 42 2

0 4 6 30 -16 6 25 20

0 6 8 55 -2 1 12 16

0 7 41 51 -3 19 38 31

0 2 31 89 -2 4 6 35

0 4 70 42 -20 12 23 26

0 1 53 13 -1 27 40 40

0 4 21 50 -4 7 19 41

0 8 10 43 -16 34 46 25

0 2 4 46 -9 32 34 7

0 2 10 20 -14 18 31 44

0 0 2 93 -5 12 34 40

0 8 15 62 -17 14 34 29

0 4 46 19 -5 0 6 39

0 5 13 79 -5 0 3 45

0 2 4 4 -12 16 21 13

0 4 48 54 -4 24 31 47

0 3 23 1 -10 38 44 8

0 1 2 37 -2 15 29 28

0 6 14 8 -20 3 4 16

0 3 23 67 -4 3 31 41

0 5 14 90 -5 4 5 46

0 11 19 81 -5 0 31 45

0 5 15 11 -10 41 48 30

0 5 8 5 -10 12 18 40

0 2 12 0 -14 17 46 46

0 2 13 26 -5 0 1 33

0 4 7 29 -5 19 25 0


SAlphaB: 700.0, std-dev 269.7633669374219

Earliest win: 37
Latest win: 81

WinDepth:
0 0 0 0 0 0 0 0 0 0 0 0 0 0 0 0 0 0 0 0 0 0 0 0 0 0 0 0 0 0 0 0 0 0 0 0 0 4 0 5 0 5 3 18 14 12 12 40 15 97 77 235 103 143 99 200 130 203 178 201 149 240 211 319 308 365 368 398 419 435 426 386 401 365 329 355 274 255 179 144 110 83 
SAlphaB:
0 0 0 0 0 0 0 0 0 0 0 0 0 0 0 0 0 0 0 0 0 0 0 0 0 0 0 0 0 0 0 0 0 0 0 0 0 4 0 5 0 5 3 18 14 12 12 40 15 97 77 235 103 143 99 200 130 203 178 201 149 240 211 319 308 365 368 398 419 435 426 386 401 365 329 355 274 255 179 144 110 83 

LossDepth:
SAlphaB:
0 0 0 0 0 0 0 0 0 0 0 0 0 0 0 0 0 0 0 0 0 0 0 0 0 0 0 0 0 0 0 0 0 0 0 0 0 4 0 5 0 5 3 18 14 12 12 40 15 97 77 235 103 143 99 200 130 203 178 201 149 240 211 319 308 365 368 398 419 435 426 386 401 365 329 355 274 255 179 144 110 83 

FirstWin:
0 0 0 0 0 0 0 0 0 0 0 0 0 0 0 0 0 0 0 0 0 0 0 0 0 0 0 0 0 0 0 0 0 0 0 0 0 4 0 5 0 5 0 18 0 12 0 40 0 97 0 235 0 143 0 200 0 203 0 201 0 240 0 319 0 365 0 398 0 435 0 386 0 365 0 355 0 255 0 144 0 83 
SAlphaB:
0 0 0 0 0 0 0 0 0 0 0 0 0 0 0 0 0 0 0 0 0 0 0 0 0 0 0 0 0 0 0 0 0 0 0 0 0 4 0 5 0 5 0 18 0 12 0 40 0 97 0 235 0 143 0 200 0 203 0 201 0 240 0 319 0 365 0 398 0 435 0 386 0 365 0 355 0 255 0 144 0 83 

SecondWin:
0 0 0 0 0 0 0 0 0 0 0 0 0 0 0 0 0 0 0 0 0 0 0 0 0 0 0 0 0 0 0 0 0 0 0 0 0 0 0 0 0 0 3 0 14 0 12 0 15 0 77 0 103 0 99 0 130 0 178 0 149 0 211 0 308 0 368 0 419 0 426 0 401 0 329 0 274 0 179 0 110 0 
SAlphaB:
0 0 0 0 0 0 0 0 0 0 0 0 0 0 0 0 0 0 0 0 0 0 0 0 0 0 0 0 0 0 0 0 0 0 0 0 0 0 0 0 0 0 3 0 14 0 12 0 15 0 77 0 103 0 99 0 130 0 178 0 149 0 211 0 308 0 368 0 419 0 426 0 401 0 329 0 274 0 179 0 110 0 
