0 72 84 25 -19 0 2 31

0 34 61 90 -17 15 25 14

0 17 89 23 -6 7 13 31

0 77 94 87 -5 3 47 0

0 6 75 39 -3 11 29 11

0 90 95 51 -19 2 30 49

0 18 65 36 -3 3 4 8

0 50 87 43 -7 6 7 22

0 69 90 84 -3 8 38 28

0 35 64 58 -18 0 2 38

0 15 84 58 -17 7 19 4

0 30 89 86 -12 10 19 30

0 71 84 30 -14 15 45 16

0 73 80 9 -9 2 48 27

0 40 69 54 -16 9 16 23

0 3 50 73 -16 1 2 17

0 36 80 48 -11 23 24 6

0 20 82 28 -3 13 16 38

0 9 70 8 -12 4 7 3

0 93 94 81 -9 4 15 18

0 36 96 26 -12 10 30 43

0 10 83 16 -17 7 11 12

0 45 77 25 -10 1 3 41

0 14 97 84 -20 40 43 13

0 21 30 92 -7 12 29 15

0 81 82 11 -7 20 29 14

0 31 32 28 -4 2 9 17

0 20 59 22 -15 4 14 42

0 40 64 84 -4 40 48 28

0 28 52 77 -20 9 18 43

0 40 57 13 -13 7 15 16

0 87 97 18 -8 1 20 2

0 20 51 82 -12 3 27 4

0 54 63 41 -6 12 49 32

0 6 32 97 -16 6 10 5

0 44 71 48 -11 22 41 28

0 27 71 69 -7 1 4 26

0 44 74 79 -1 13 33 18

0 9 49 88 -19 0 4 25

0 15 75 65 -3 14 19 18

0 8 18 59 -13 1 3 26

0 41 72 61 -1 19 33 25

0 13 31 68 -19 6 24 14

0 62 70 74 -9 28 29 39

0 15 19 29 -12 15 17 6

0 38 48 97 -3 30 31 38

0 22 32 81 -19 1 8 5

0 40 48 24 -8 5 18 34

0 34 59 59 -6 16 17 22

0 27 32 17 -7 26 28 5

0 7 46 67 -12 11 26 34

0 49 58 81 -16 6 8 44

0 10 94 55 -18 7 16 35

0 43 58 26 -7 34 35 25

0 13 34 49 -11 36 49 33

0 25 47 5 -2 36 37 3

0 17 66 65 -5 7 32 28

0 7 31 50 -11 8 13 37

0 38 40 35 -15 17 40 46

0 25 38 67 -14 40 46 24

0 19 86 35 -5 37 39 29

0 38 64 47 -15 27 28 15

0 55 65 35 -17 6 38 7

0 1 7 45 -16 13 38 36

0 35 38 73 -20 24 43 39

0 3 14 91 -3 11 39 45

0 2 9 91 -19 16 20 42

0 14 27 70 -5 38 39 27

0 26 37 0 -9 12 39 5

0 8 45 1 -12 14 20 24

0 0 11 54 -18 15 36 42

0 17 23 64 -5 3 14 23

0 18 20 91 -7 8 33 3

0 46 59 45 -10 45 48 4

0 44 58 80 -11 6 44 9

0 3 14 50 -15 30 47 27

0 76 81 19 -16 40 46 25

0 7 62 85 -7 0 7 48

0 5 71 78 -12 6 26 45

0 14 20 9 -16 19 30 4

0 3 8 83 -14 9 13 17

0 8 58 85 -10 1 25 40

0 2 17 4 -14 20 41 10

0 6 50 6 -8 8 15 45

0 8 9 9 -15 1 3 24

0 35 80 12 -12 36 38 32

0 0 12 92 -11 16 20 49

0 15 23 28 -8 5 24 34

0 0 68 74 -5 7 39 35

0 5 9 8 -2 16 34 12

0 6 22 4 -17 41 49 22

0 1 71 38 -19 20 37 47

0 13 24 95 -3 3 12 34

0 0 4 32 -4 7 20 39

0 7 14 22 -4 1 6 35

0 3 14 21 -7 0 1 48

0 0 5 45 -7 2 23 36

0 1 8 7 -13 7 10 2

0 0 55 71 -3 2 42 44

0 16 22 17 -3 5 30 48


SAlphaB: 731.0, std-dev 275.6801806808063

Earliest win: 37
Latest win: 81

WinDepth:
0 0 0 0 0 0 0 0 0 0 0 0 0 0 0 0 0 0 0 0 0 0 0 0 0 0 0 0 0 0 0 0 0 0 0 0 0 5 0 5 32 7 1 37 26 18 13 30 49 57 81 169 131 146 100 159 127 179 126 195 152 250 254 320 361 325 401 438 425 398 415 422 414 350 319 371 256 232 154 164 111 81 
SAlphaB:
0 0 0 0 0 0 0 0 0 0 0 0 0 0 0 0 0 0 0 0 0 0 0 0 0 0 0 0 0 0 0 0 0 0 0 0 0 5 0 5 32 7 1 37 26 18 13 30 49 57 81 169 131 146 100 159 127 179 126 195 152 250 254 320 361 325 401 438 425 398 415 422 414 350 319 371 256 232 154 164 111 81 

LossDepth:
SAlphaB:
0 0 0 0 0 0 0 0 0 0 0 0 0 0 0 0 0 0 0 0 0 0 0 0 0 0 0 0 0 0 0 0 0 0 0 0 0 5 0 5 32 7 1 37 26 18 13 30 49 57 81 169 131 146 100 159 127 179 126 195 152 250 254 320 361 325 401 438 425 398 415 422 414 350 319 371 256 232 154 164 111 81 

FirstWin:
0 0 0 0 0 0 0 0 0 0 0 0 0 0 0 0 0 0 0 0 0 0 0 0 0 0 0 0 0 0 0 0 0 0 0 0 0 5 0 5 0 7 0 37 0 18 0 30 0 57 0 169 0 146 0 159 0 179 0 195 0 250 0 320 0 325 0 438 0 398 0 422 0 350 0 371 0 232 0 164 0 81 
SAlphaB:
0 0 0 0 0 0 0 0 0 0 0 0 0 0 0 0 0 0 0 0 0 0 0 0 0 0 0 0 0 0 0 0 0 0 0 0 0 5 0 5 0 7 0 37 0 18 0 30 0 57 0 169 0 146 0 159 0 179 0 195 0 250 0 320 0 325 0 438 0 398 0 422 0 350 0 371 0 232 0 164 0 81 

SecondWin:
0 0 0 0 0 0 0 0 0 0 0 0 0 0 0 0 0 0 0 0 0 0 0 0 0 0 0 0 0 0 0 0 0 0 0 0 0 0 0 0 32 0 1 0 26 0 13 0 49 0 81 0 131 0 100 0 127 0 126 0 152 0 254 0 361 0 401 0 425 0 415 0 414 0 319 0 256 0 154 0 111 0 
SAlphaB:
0 0 0 0 0 0 0 0 0 0 0 0 0 0 0 0 0 0 0 0 0 0 0 0 0 0 0 0 0 0 0 0 0 0 0 0 0 0 0 0 32 0 1 0 26 0 13 0 49 0 81 0 131 0 100 0 127 0 126 0 152 0 254 0 361 0 401 0 425 0 415 0 414 0 319 0 256 0 154 0 111 0 
