0 28 55 54 -19 0 1 11

0 64 96 67 -9 8 15 30

0 46 87 16 -16 3 16 2

0 39 50 18 -14 0 5 30

0 36 45 22 -20 4 7 13

0 79 98 37 -3 11 37 38

0 35 77 34 -3 4 5 1

0 34 38 63 -18 6 23 31

0 29 36 46 -4 9 29 30

0 55 60 0 -18 26 44 2

0 26 71 59 -8 9 21 41

0 25 48 56 -10 6 13 8

0 33 67 97 -11 8 28 36

0 2 31 66 -13 2 4 11

0 42 46 43 -10 3 14 20

0 74 95 47 -10 0 2 19

0 35 74 91 -14 18 24 24

0 27 55 2 -2 4 7 4

0 55 87 34 -14 20 23 49

0 64 70 7 -1 15 49 44

0 91 93 75 -10 4 5 15

0 69 89 7 -7 21 33 32

0 41 77 13 -3 12 39 36

0 73 75 27 -5 8 25 17

0 48 70 67 -1 19 43 29

0 42 64 15 -17 1 2 29

0 10 12 83 -10 4 7 7

0 11 22 33 -11 6 17 18

0 33 40 65 -12 27 48 13

0 27 98 16 -2 14 20 16

0 19 92 54 -16 14 33 22

0 29 49 97 -9 22 30 27

0 15 17 3 -18 16 17 4

0 7 23 77 -1 28 44 17

0 10 33 20 -8 21 33 25

0 44 48 37 -20 5 10 23

0 8 45 0 -17 3 12 4

0 13 48 58 -5 6 27 22

0 92 97 58 -14 0 3 7

0 6 48 82 -11 7 24 31

0 17 39 37 -5 10 22 5

0 77 84 27 -19 0 36 25

0 62 67 25 -14 0 6 35

0 39 58 84 -2 19 24 9

0 42 56 69 -2 3 14 45

0 21 81 55 -10 12 15 21

0 25 48 95 -15 30 43 25

0 24 29 55 -14 16 39 23

0 8 85 40 -17 5 16 34

0 40 41 23 -13 0 30 19

0 31 65 0 -15 25 26 20

0 50 72 66 -13 26 45 11

0 24 46 12 -8 12 24 44

0 19 82 41 -17 12 23 49

0 13 44 24 -16 7 10 37

0 40 99 1 -17 20 32 11

0 11 13 71 -15 29 39 7

0 5 39 16 -6 6 15 27

0 36 58 11 -7 27 37 23

0 9 33 3 -10 20 35 22

0 2 7 25 -9 0 3 3

0 12 14 10 -4 25 32 6

0 12 73 42 -2 13 16 25

0 6 37 40 -16 43 47 45

0 29 33 23 -20 8 10 21

0 19 43 3 -10 7 44 9

0 3 32 57 -17 12 25 0

0 13 34 66 -9 12 34 47

0 22 72 18 -1 5 39 45

0 4 8 90 -2 23 32 19

0 8 36 60 -15 46 48 43

0 8 46 43 -19 1 10 38

0 20 34 19 -11 10 27 4

0 10 21 57 -19 8 34 16

0 22 95 50 -3 5 44 32

0 6 36 43 -4 21 35 11

0 10 63 85 -1 2 33 38

0 3 70 25 -19 36 46 21

0 1 16 38 -19 26 34 37

0 54 66 84 -14 37 42 49

0 8 77 26 -19 13 26 36

0 1 4 45 -13 9 35 47

0 1 10 22 -15 14 26 2

0 9 35 5 -5 12 26 44

0 41 73 26 -10 41 46 24

0 1 3 69 -19 6 12 41

0 0 2 45 -12 7 28 17

0 9 18 63 -17 30 39 43

0 7 13 36 -2 9 15 28

0 4 12 30 -6 9 21 24

0 7 41 13 -2 17 24 48

0 2 11 74 -9 23 35 42

0 2 10 10 -3 13 22 26

0 1 8 39 -20 4 43 16

0 4 18 49 -17 2 8 32

0 5 20 41 -4 11 22 37

0 8 10 98 -7 2 8 27

0 7 35 7 -15 1 47 47

0 7 8 7 -6 5 18 23

0 1 8 7 -5 13 47 9


SAlphaB: 720.0, std-dev 272.91032400679705

Earliest win: 37
Latest win: 81

WinDepth:
0 0 0 0 0 0 0 0 0 0 0 0 0 0 0 0 0 0 0 0 0 0 0 0 0 0 0 0 0 0 0 0 0 0 0 0 0 2 0 1 2 3 3 20 4 12 10 34 39 54 24 202 55 121 83 131 119 214 168 152 150 244 234 314 371 331 429 392 463 438 452 446 429 413 383 379 254 235 176 148 101 70 
SAlphaB:
0 0 0 0 0 0 0 0 0 0 0 0 0 0 0 0 0 0 0 0 0 0 0 0 0 0 0 0 0 0 0 0 0 0 0 0 0 2 0 1 2 3 3 20 4 12 10 34 39 54 24 202 55 121 83 131 119 214 168 152 150 244 234 314 371 331 429 392 463 438 452 446 429 413 383 379 254 235 176 148 101 70 

LossDepth:
SAlphaB:
0 0 0 0 0 0 0 0 0 0 0 0 0 0 0 0 0 0 0 0 0 0 0 0 0 0 0 0 0 0 0 0 0 0 0 0 0 2 0 1 2 3 3 20 4 12 10 34 39 54 24 202 55 121 83 131 119 214 168 152 150 244 234 314 371 331 429 392 463 438 452 446 429 413 383 379 254 235 176 148 101 70 

FirstWin:
0 0 0 0 0 0 0 0 0 0 0 0 0 0 0 0 0 0 0 0 0 0 0 0 0 0 0 0 0 0 0 0 0 0 0 0 0 2 0 1 0 3 0 20 0 12 0 34 0 54 0 202 0 121 0 131 0 214 0 152 0 244 0 314 0 331 0 392 0 438 0 446 0 413 0 379 0 235 0 148 0 70 
SAlphaB:
0 0 0 0 0 0 0 0 0 0 0 0 0 0 0 0 0 0 0 0 0 0 0 0 0 0 0 0 0 0 0 0 0 0 0 0 0 2 0 1 0 3 0 20 0 12 0 34 0 54 0 202 0 121 0 131 0 214 0 152 0 244 0 314 0 331 0 392 0 438 0 446 0 413 0 379 0 235 0 148 0 70 

SecondWin:
0 0 0 0 0 0 0 0 0 0 0 0 0 0 0 0 0 0 0 0 0 0 0 0 0 0 0 0 0 0 0 0 0 0 0 0 0 0 0 0 2 0 3 0 4 0 10 0 39 0 24 0 55 0 83 0 119 0 168 0 150 0 234 0 371 0 429 0 463 0 452 0 429 0 383 0 254 0 176 0 101 0 
SAlphaB:
0 0 0 0 0 0 0 0 0 0 0 0 0 0 0 0 0 0 0 0 0 0 0 0 0 0 0 0 0 0 0 0 0 0 0 0 0 0 0 0 2 0 3 0 4 0 10 0 39 0 24 0 55 0 83 0 119 0 168 0 150 0 234 0 371 0 429 0 463 0 452 0 429 0 383 0 254 0 176 0 101 0 
