0 27 67 58 -14 0 2 11

0 75 95 25 -7 2 35 22

0 25 49 94 -17 1 2 3

0 11 26 50 -2 0 1 0

0 16 85 16 -12 5 16 25

0 27 40 53 -1 3 13 0

0 32 46 84 -1 20 43 4

0 26 29 13 -8 3 7 4

0 64 80 86 -9 1 36 34

0 12 34 50 -20 30 32 14

0 23 41 82 -10 19 20 23

0 42 71 22 -18 24 33 48

0 32 88 73 -17 2 5 25

0 45 79 61 -14 7 31 38

0 40 79 48 -3 3 5 35

0 27 97 43 -7 18 36 8

0 58 75 94 -1 5 8 11

0 39 48 8 -15 0 12 44

0 72 78 17 -9 10 16 42

0 14 71 87 -17 26 38 5

0 32 65 27 -11 29 43 7

0 4 29 97 -1 7 13 12

0 20 31 36 -17 29 35 4

0 22 41 57 -19 8 15 5

0 10 25 83 -9 14 23 9

0 84 92 30 -19 3 35 46

0 15 94 77 -19 34 35 16

0 4 55 95 -20 6 7 23

0 31 47 76 -18 15 48 7

0 34 74 55 -10 1 5 44

0 13 90 99 -13 46 48 5

0 1 65 58 -8 21 45 43

0 4 16 31 -3 13 31 20

0 33 36 89 -14 22 27 4

0 4 30 71 -18 11 12 15

0 57 74 74 -11 0 4 9

0 15 95 4 -6 15 36 40

0 44 61 85 -8 21 24 13

0 39 51 67 -3 1 6 16

0 88 93 88 -7 28 31 10

0 15 50 71 -4 13 24 43

0 29 32 29 -7 18 37 31

0 58 59 10 -1 5 34 1

0 2 25 85 -12 9 24 22

0 39 50 64 -17 7 33 15

0 59 64 52 -17 11 33 32

0 48 83 61 -9 34 38 31

0 39 40 96 -8 0 2 0

0 3 22 47 -20 1 5 11

0 18 29 60 -10 35 46 2

0 53 82 4 -18 34 35 12

0 45 55 81 -2 1 36 22

0 64 67 29 -20 18 25 44

0 4 15 67 -14 19 20 26

0 11 18 92 -5 6 10 38

0 10 36 51 -19 8 24 43

0 20 52 40 -6 4 23 13

0 2 6 58 -19 24 30 23

0 10 26 51 -13 9 37 2

0 5 11 33 -20 1 16 7

0 21 34 63 -14 42 48 0

0 43 51 63 -11 0 1 42

0 5 12 67 -12 23 38 12

0 2 30 60 -10 5 11 22

0 24 26 19 -6 33 34 38

0 2 88 75 -9 36 49 36

0 40 50 43 -13 21 24 22

0 5 78 19 -3 28 42 36

0 15 19 30 -1 23 31 21

0 5 24 90 -2 1 2 46

0 0 44 63 -14 2 14 20

0 2 23 35 -10 32 36 27

0 2 55 39 -1 13 22 40

0 29 83 93 -1 19 21 7

0 56 58 58 -15 21 27 41

0 18 44 54 -8 11 38 6

0 7 16 58 -4 17 19 23

0 1 18 42 -5 5 15 11

0 21 83 32 -1 0 3 15

0 0 51 99 -15 22 40 2

0 2 64 23 -11 20 21 47

0 1 9 28 -8 22 48 10

0 24 69 27 -16 3 47 16

0 42 91 7 -15 0 48 45

0 9 25 59 -10 5 7 43

0 7 34 88 -7 5 9 37

0 5 7 4 -9 22 47 18

0 5 11 2 -17 26 29 28

0 3 4 79 -7 10 27 41

0 5 22 67 -15 2 6 41

0 3 22 90 -4 0 15 12

0 9 16 14 -9 34 45 1

0 31 35 58 -7 2 33 37

0 6 7 50 -3 0 4 25

0 3 14 3 -15 9 14 45

0 23 33 61 -3 27 36 39

0 12 21 38 -9 18 31 43

0 1 19 84 -15 4 45 29

0 0 1 57 -2 21 25 41

0 2 7 38 -16 33 37 2


SAlphaB: 756.0, std-dev 286.12041118551764

Earliest win: 36
Latest win: 81

WinDepth:
0 0 0 0 0 0 0 0 0 0 0 0 0 0 0 0 0 0 0 0 0 0 0 0 0 0 0 0 0 0 0 0 0 0 0 0 1 6 0 0 0 1 3 13 12 12 21 45 47 52 62 178 106 95 73 220 108 195 141 162 159 217 218 319 349 366 420 412 530 377 503 447 415 382 367 437 259 251 179 149 110 84 
SAlphaB:
0 0 0 0 0 0 0 0 0 0 0 0 0 0 0 0 0 0 0 0 0 0 0 0 0 0 0 0 0 0 0 0 0 0 0 0 1 6 0 0 0 1 3 13 12 12 21 45 47 52 62 178 106 95 73 220 108 195 141 162 159 217 218 319 349 366 420 412 530 377 503 447 415 382 367 437 259 251 179 149 110 84 

LossDepth:
SAlphaB:
0 0 0 0 0 0 0 0 0 0 0 0 0 0 0 0 0 0 0 0 0 0 0 0 0 0 0 0 0 0 0 0 0 0 0 0 1 6 0 0 0 1 3 13 12 12 21 45 47 52 62 178 106 95 73 220 108 195 141 162 159 217 218 319 349 366 420 412 530 377 503 447 415 382 367 437 259 251 179 149 110 84 

FirstWin:
0 0 0 0 0 0 0 0 0 0 0 0 0 0 0 0 0 0 0 0 0 0 0 0 0 0 0 0 0 0 0 0 0 0 0 0 0 6 0 0 0 1 0 13 0 12 0 45 0 52 0 178 0 95 0 220 0 195 0 162 0 217 0 319 0 366 0 412 0 377 0 447 0 382 0 437 0 251 0 149 0 84 
SAlphaB:
0 0 0 0 0 0 0 0 0 0 0 0 0 0 0 0 0 0 0 0 0 0 0 0 0 0 0 0 0 0 0 0 0 0 0 0 0 6 0 0 0 1 0 13 0 12 0 45 0 52 0 178 0 95 0 220 0 195 0 162 0 217 0 319 0 366 0 412 0 377 0 447 0 382 0 437 0 251 0 149 0 84 

SecondWin:
0 0 0 0 0 0 0 0 0 0 0 0 0 0 0 0 0 0 0 0 0 0 0 0 0 0 0 0 0 0 0 0 0 0 0 0 1 0 0 0 0 0 3 0 12 0 21 0 47 0 62 0 106 0 73 0 108 0 141 0 159 0 218 0 349 0 420 0 530 0 503 0 415 0 367 0 259 0 179 0 110 0 
SAlphaB:
0 0 0 0 0 0 0 0 0 0 0 0 0 0 0 0 0 0 0 0 0 0 0 0 0 0 0 0 0 0 0 0 0 0 0 0 1 0 0 0 0 0 3 0 12 0 21 0 47 0 62 0 106 0 73 0 108 0 141 0 159 0 218 0 349 0 420 0 530 0 503 0 415 0 367 0 259 0 179 0 110 0 
