0 45 95 72 -1 7 24 10

0 43 85 50 -18 4 13 26

0 9 62 88 -5 0 4 1

0 32 84 0 -10 2 10 25

0 13 63 54 -13 0 1 21

0 43 78 47 -18 0 1 6

0 67 94 66 -20 2 23 40

0 60 82 7 -8 3 7 40

0 45 74 80 -19 5 11 14

0 63 77 93 -2 18 31 11

0 55 87 54 -17 11 31 34

0 72 92 31 -13 9 37 7

0 89 91 36 -17 17 36 25

0 35 72 24 -2 12 38 8

0 55 67 33 -17 1 5 24

0 19 88 44 -2 2 3 21

0 21 57 0 -4 4 12 34

0 41 85 13 -5 5 6 10

0 37 45 47 -11 2 7 24

0 27 92 19 -16 6 13 7

0 14 95 3 -8 7 19 3

0 60 93 34 -11 21 26 6

0 5 34 30 -1 3 8 12

0 42 59 86 -15 14 19 4

0 53 84 92 -20 0 43 13

0 16 95 61 -20 4 19 6

0 61 70 1 -19 10 15 48

0 24 89 70 -5 5 23 33

0 32 65 78 -5 17 41 49

0 48 65 16 -15 9 28 46

0 55 60 60 -19 13 29 42

0 56 57 18 -19 6 8 42

0 20 26 76 -6 6 15 2

0 40 59 6 -5 20 24 35

0 58 68 87 -12 0 14 25

0 76 80 78 -2 27 34 30

0 24 34 48 -8 6 11 45

0 71 76 11 -17 25 26 35

0 65 89 34 -13 7 29 13

0 13 16 47 -14 4 10 15

0 12 69 51 -17 8 48 42

0 15 46 8 -7 14 29 8

0 23 43 91 -16 1 2 48

0 49 64 69 -17 16 18 41

0 5 18 48 -18 39 44 46

0 18 33 46 -2 4 43 1

0 11 31 97 -12 1 9 2

0 17 64 53 -12 13 19 45

0 1 24 76 -18 3 7 37

0 3 6 61 -4 2 4 1

0 6 76 88 -12 0 2 29

0 2 9 94 -10 16 20 24

0 40 64 73 -15 7 9 42

0 1 16 90 -6 6 10 17

0 38 43 76 -20 7 10 10

0 1 19 78 -9 0 5 1

0 13 40 38 -2 22 30 31

0 16 40 64 -12 25 39 3

0 49 97 30 -8 23 43 30

0 15 73 41 -15 6 31 14

0 24 36 45 -15 18 31 33

0 2 42 22 -12 1 28 23

0 7 36 45 -10 3 22 7

0 42 51 4 -5 2 4 29

0 18 23 25 -16 15 34 3

0 12 18 36 -15 4 33 45

0 9 32 40 -11 9 44 45

0 59 62 11 -20 15 16 6

0 2 33 1 -11 0 14 30

0 14 20 7 -10 6 8 44

0 38 53 7 -5 19 22 15

0 19 34 11 -1 11 38 29

0 9 67 37 -16 0 28 32

0 51 53 95 -9 28 31 46

0 10 32 42 -11 2 7 45

0 10 14 82 -2 10 15 48

0 6 45 76 -3 0 1 43

0 16 58 2 -11 1 43 7

0 12 35 23 -17 22 46 48

0 20 30 2 -3 37 42 39

0 60 96 21 -1 36 46 11

0 3 9 56 -2 0 3 26

0 0 4 79 -18 15 38 49

0 35 43 0 -6 1 13 48

0 2 55 94 -13 29 46 0

0 13 34 7 -18 19 33 21

0 1 2 75 -13 7 34 20

0 1 3 29 -13 7 24 23

0 2 4 51 -19 18 33 17

0 0 11 72 -6 1 20 6

0 7 9 39 -10 1 5 34

0 0 7 7 -6 6 21 47

0 0 6 80 -8 2 12 43

0 19 27 48 -16 18 27 40

0 1 6 3 -5 10 23 6

0 1 10 43 -5 8 20 13

0 1 5 0 -20 1 13 44

0 2 4 42 -5 21 48 37

0 1 8 96 -1 0 3 44

0 1 3 1 -10 12 23 13


SAlphaB: 718.0, std-dev 288.2723453628705

Earliest win: 35
Latest win: 81

WinDepth:
0 0 0 0 0 0 0 0 0 0 0 0 0 0 0 0 0 0 0 0 0 0 0 0 0 0 0 0 0 0 0 0 0 0 0 1 0 7 1 10 1 10 2 17 8 35 23 56 22 86 52 120 58 135 79 233 161 196 156 184 212 228 258 318 290 360 388 357 430 380 427 441 437 435 429 352 248 230 192 142 109 89 
SAlphaB:
0 0 0 0 0 0 0 0 0 0 0 0 0 0 0 0 0 0 0 0 0 0 0 0 0 0 0 0 0 0 0 0 0 0 0 1 0 7 1 10 1 10 2 17 8 35 23 56 22 86 52 120 58 135 79 233 161 196 156 184 212 228 258 318 290 360 388 357 430 380 427 441 437 435 429 352 248 230 192 142 109 89 

LossDepth:
SAlphaB:
0 0 0 0 0 0 0 0 0 0 0 0 0 0 0 0 0 0 0 0 0 0 0 0 0 0 0 0 0 0 0 0 0 0 0 1 0 7 1 10 1 10 2 17 8 35 23 56 22 86 52 120 58 135 79 233 161 196 156 184 212 228 258 318 290 360 388 357 430 380 427 441 437 435 429 352 248 230 192 142 109 89 

FirstWin:
0 0 0 0 0 0 0 0 0 0 0 0 0 0 0 0 0 0 0 0 0 0 0 0 0 0 0 0 0 0 0 0 0 0 0 1 0 7 0 10 0 10 0 17 0 35 0 56 0 86 0 120 0 135 0 233 0 196 0 184 0 228 0 318 0 360 0 357 0 380 0 441 0 435 0 352 0 230 0 142 0 89 
SAlphaB:
0 0 0 0 0 0 0 0 0 0 0 0 0 0 0 0 0 0 0 0 0 0 0 0 0 0 0 0 0 0 0 0 0 0 0 1 0 7 0 10 0 10 0 17 0 35 0 56 0 86 0 120 0 135 0 233 0 196 0 184 0 228 0 318 0 360 0 357 0 380 0 441 0 435 0 352 0 230 0 142 0 89 

SecondWin:
0 0 0 0 0 0 0 0 0 0 0 0 0 0 0 0 0 0 0 0 0 0 0 0 0 0 0 0 0 0 0 0 0 0 0 0 0 0 1 0 1 0 2 0 8 0 23 0 22 0 52 0 58 0 79 0 161 0 156 0 212 0 258 0 290 0 388 0 430 0 427 0 437 0 429 0 248 0 192 0 109 0 
SAlphaB:
0 0 0 0 0 0 0 0 0 0 0 0 0 0 0 0 0 0 0 0 0 0 0 0 0 0 0 0 0 0 0 0 0 0 0 0 0 0 1 0 1 0 2 0 8 0 23 0 22 0 52 0 58 0 79 0 161 0 156 0 212 0 258 0 290 0 388 0 430 0 427 0 437 0 429 0 248 0 192 0 109 0 
