0 27 77 19 -12 2 4 7

0 19 32 62 -9 2 7 1

0 76 93 79 -17 3 34 32

0 62 89 70 -19 0 2 33

0 84 99 25 -17 11 36 10

0 53 76 0 -6 1 14 8

0 57 94 85 -16 10 11 43

0 54 78 44 -14 4 24 24

0 48 57 50 -13 4 10 0

0 42 60 9 -17 5 32 11

0 68 88 19 -7 9 21 20

0 52 92 87 -10 13 40 18

0 45 75 90 -6 7 22 47

0 39 75 59 -10 11 17 14

0 77 91 85 -10 3 11 12

0 7 12 82 -2 2 4 6

0 27 76 84 -20 2 16 4

0 7 74 76 -16 0 1 2

0 59 96 92 -17 6 49 41

0 2 33 59 -8 12 17 7

0 62 64 25 -14 5 41 39

0 75 90 84 -6 24 26 47

0 25 81 27 -10 3 6 19

0 72 89 99 -20 2 23 15

0 23 44 36 -13 0 3 0

0 39 95 62 -17 11 15 1

0 10 92 46 -1 5 31 47

0 31 35 39 -2 8 19 13

0 40 47 96 -10 0 1 17

0 11 35 46 -8 7 12 14

0 9 75 56 -7 40 41 9

0 87 99 13 -11 22 24 9

0 22 63 8 -20 17 18 35

0 34 53 63 -2 10 13 3

0 19 22 82 -14 1 11 30

0 46 70 55 -18 2 3 24

0 17 40 80 -16 39 45 8

0 36 46 76 -8 19 39 13

0 18 86 68 -3 12 45 9

0 81 83 40 -7 21 33 35

0 55 61 6 -8 0 15 19

0 26 99 51 -6 0 1 33

0 12 44 33 -19 36 43 31

0 14 82 87 -17 10 29 44

0 24 30 89 -15 9 11 24

0 0 95 49 -11 16 19 40

0 33 82 11 -13 17 18 22

0 5 79 13 -4 3 11 8

0 66 85 40 -13 19 20 2

0 18 86 39 -2 29 33 40

0 10 81 49 -8 5 31 1

0 0 71 19 -9 0 3 3

0 9 43 89 -20 16 19 11

0 25 40 65 -1 13 14 33

0 59 64 92 -17 30 47 45

0 9 19 31 -13 20 32 12

0 12 28 9 -4 40 42 0

0 67 97 66 -12 29 32 24

0 18 29 15 -10 10 11 44

0 4 59 94 -14 1 37 17

0 90 93 26 -20 0 28 1

0 19 97 19 -7 27 42 0

0 8 16 51 -8 8 21 4

0 84 87 93 -15 37 49 14

0 12 51 81 -20 22 33 49

0 13 43 22 -16 6 23 29

0 20 58 39 -7 6 35 27

0 56 80 89 -4 0 1 26

0 42 64 26 -20 28 46 25

0 12 21 26 -5 29 30 0

0 16 17 75 -3 18 20 25

0 13 40 67 -11 9 12 43

0 5 27 43 -9 2 14 27

0 11 46 57 -19 16 40 47

0 16 29 68 -5 22 35 37

0 11 16 57 -3 13 33 14

0 24 25 40 -11 35 45 45

0 28 62 6 -1 4 12 42

0 16 29 33 -9 17 46 0

0 10 11 43 -11 18 25 29

0 52 82 12 -6 36 39 19

0 8 16 65 -15 26 31 12

0 9 34 47 -13 5 27 31

0 16 84 6 -7 17 24 9

0 4 65 26 -11 13 32 43

0 9 54 23 -14 15 24 45

0 2 45 62 -4 6 26 15

0 5 13 44 -11 7 20 33

0 2 41 50 -9 1 16 41

0 1 5 83 -5 2 44 3

0 2 6 69 -16 0 1 44

0 6 31 96 -4 41 45 33

0 5 22 10 -16 40 46 30

0 28 37 17 -3 12 49 47

0 0 12 93 -19 6 18 6

0 5 13 85 -1 0 21 16

0 8 53 64 -6 7 48 49

0 10 76 36 -1 7 11 46

0 11 13 5 -7 4 35 34

0 7 10 81 -13 8 45 19


SAlphaB: 737.0, std-dev 291.09314061851666

Earliest win: 37
Latest win: 81

WinDepth:
0 0 0 0 0 0 0 0 0 0 0 0 0 0 0 0 0 0 0 0 0 0 0 0 0 0 0 0 0 0 0 0 0 0 0 0 0 6 0 3 0 10 6 30 13 11 13 32 26 48 67 172 102 130 98 196 117 195 120 206 220 236 210 342 372 355 417 400 423 390 507 437 378 386 398 380 253 242 181 128 105 78 
SAlphaB:
0 0 0 0 0 0 0 0 0 0 0 0 0 0 0 0 0 0 0 0 0 0 0 0 0 0 0 0 0 0 0 0 0 0 0 0 0 6 0 3 0 10 6 30 13 11 13 32 26 48 67 172 102 130 98 196 117 195 120 206 220 236 210 342 372 355 417 400 423 390 507 437 378 386 398 380 253 242 181 128 105 78 

LossDepth:
SAlphaB:
0 0 0 0 0 0 0 0 0 0 0 0 0 0 0 0 0 0 0 0 0 0 0 0 0 0 0 0 0 0 0 0 0 0 0 0 0 6 0 3 0 10 6 30 13 11 13 32 26 48 67 172 102 130 98 196 117 195 120 206 220 236 210 342 372 355 417 400 423 390 507 437 378 386 398 380 253 242 181 128 105 78 

FirstWin:
0 0 0 0 0 0 0 0 0 0 0 0 0 0 0 0 0 0 0 0 0 0 0 0 0 0 0 0 0 0 0 0 0 0 0 0 0 6 0 3 0 10 0 30 0 11 0 32 0 48 0 172 0 130 0 196 0 195 0 206 0 236 0 342 0 355 0 400 0 390 0 437 0 386 0 380 0 242 0 128 0 78 
SAlphaB:
0 0 0 0 0 0 0 0 0 0 0 0 0 0 0 0 0 0 0 0 0 0 0 0 0 0 0 0 0 0 0 0 0 0 0 0 0 6 0 3 0 10 0 30 0 11 0 32 0 48 0 172 0 130 0 196 0 195 0 206 0 236 0 342 0 355 0 400 0 390 0 437 0 386 0 380 0 242 0 128 0 78 

SecondWin:
0 0 0 0 0 0 0 0 0 0 0 0 0 0 0 0 0 0 0 0 0 0 0 0 0 0 0 0 0 0 0 0 0 0 0 0 0 0 0 0 0 0 6 0 13 0 13 0 26 0 67 0 102 0 98 0 117 0 120 0 220 0 210 0 372 0 417 0 423 0 507 0 378 0 398 0 253 0 181 0 105 0 
SAlphaB:
0 0 0 0 0 0 0 0 0 0 0 0 0 0 0 0 0 0 0 0 0 0 0 0 0 0 0 0 0 0 0 0 0 0 0 0 0 0 0 0 0 0 6 0 13 0 13 0 26 0 67 0 102 0 98 0 117 0 120 0 220 0 210 0 372 0 417 0 423 0 507 0 378 0 398 0 253 0 181 0 105 0 
