0 77 98 65 -11 3 10 25

0 23 49 69 -17 0 3 31

0 24 98 91 -15 20 41 27

0 56 77 13 -17 7 22 25

0 22 37 22 -8 24 43 4

0 5 76 39 -11 5 6 14

0 27 79 73 -9 12 25 14

0 60 76 60 -4 16 40 48

0 44 98 50 -8 2 4 41

0 40 97 54 -19 17 30 2

0 13 44 57 -2 0 8 13

0 91 97 1 -11 22 29 19

0 6 65 75 -10 27 34 25

0 41 74 55 -10 24 31 41

0 52 83 99 -4 10 28 42

0 31 80 90 -14 0 24 41

0 29 67 71 -4 10 18 13

0 34 44 24 -4 2 5 24

0 19 35 52 -9 3 5 22

0 11 75 20 -15 11 27 2

0 48 56 47 -5 9 18 29

0 65 67 0 -11 5 6 23

0 51 74 12 -10 7 10 37

0 10 66 72 -8 28 36 17

0 18 64 14 -9 6 13 43

0 8 60 61 -3 0 1 45

0 27 29 88 -17 0 3 26

0 28 88 50 -2 2 6 45

0 53 60 24 -3 3 16 21

0 26 28 94 -18 4 25 27

0 18 54 71 -11 10 37 40

0 14 76 87 -8 9 13 19

0 25 35 74 -9 39 40 35

0 83 84 36 -13 0 1 47

0 23 42 43 -6 36 49 16

0 19 43 84 -4 0 2 16

0 18 75 79 -13 8 27 40

0 6 94 89 -18 11 13 42

0 39 45 48 -10 13 36 15

0 5 45 14 -17 14 15 7

0 16 91 33 -14 7 46 42

0 16 17 45 -5 13 16 6

0 34 72 89 -4 0 7 44

0 21 74 20 -15 35 48 21

0 10 75 59 -15 19 47 36

0 55 70 5 -6 22 36 10

0 50 86 54 -15 0 47 42

0 52 89 92 -16 19 26 14

0 36 40 2 -11 27 39 2

0 19 35 12 -7 15 34 28

0 33 39 79 -2 17 25 46

0 12 36 82 -10 19 30 31

0 10 64 96 -3 1 6 48

0 20 51 45 -18 9 18 23

0 11 61 1 -7 23 41 28

0 20 36 92 -3 11 46 29

0 12 98 81 -3 24 35 21

0 72 86 59 -19 32 36 20

0 47 51 63 -9 32 35 37

0 29 38 7 -4 7 12 39

0 1 5 35 -9 0 3 22

0 27 52 33 -18 18 21 11

0 1 57 12 -14 8 13 25

0 36 40 81 -11 7 38 23

0 13 25 20 -1 9 10 11

0 11 35 32 -17 37 49 32

0 18 32 27 -3 17 22 0

0 1 57 38 -3 2 8 19

0 9 20 6 -10 36 48 38

0 18 21 58 -11 4 38 18

0 35 37 7 -2 1 47 20

0 15 28 80 -2 19 48 46

0 17 21 69 -4 13 15 21

0 12 20 90 -2 6 22 6

0 12 44 40 -14 27 47 46

0 1 17 99 -4 2 7 20

0 4 35 95 -16 6 25 35

0 10 20 14 -5 2 48 7

0 41 42 14 -12 24 46 24

0 12 21 71 -8 0 32 10

0 10 51 67 -12 15 17 37

0 12 13 0 -19 0 25 23

0 7 8 49 -14 7 8 30

0 1 16 46 -7 5 8 22

0 23 24 86 -16 4 16 38

0 5 6 59 -10 7 18 43

0 2 3 75 -3 20 32 11

0 9 14 97 -9 10 34 10

0 1 27 96 -12 1 17 48

0 2 25 70 -11 3 4 1

0 13 22 47 -3 14 34 30

0 2 11 65 -4 4 13 40

0 1 2 54 -2 0 11 20

0 27 33 75 -9 26 41 45

0 7 11 9 -2 33 38 17

0 0 3 33 -15 7 24 36

0 2 16 31 -4 0 43 46

0 1 11 99 -10 9 21 27

0 1 4 16 -12 3 11 39

0 5 8 22 -13 19 35 42


SAlphaB: 757.0, std-dev 286.3742057292708

Earliest win: 37
Latest win: 81

WinDepth:
0 0 0 0 0 0 0 0 0 0 0 0 0 0 0 0 0 0 0 0 0 0 0 0 0 0 0 0 0 0 0 0 0 0 0 0 0 3 1 4 1 8 1 22 8 20 6 57 31 100 45 216 112 149 89 204 95 163 130 166 119 218 191 310 332 361 388 345 472 397 475 501 398 412 393 399 263 247 167 142 89 87 
SAlphaB:
0 0 0 0 0 0 0 0 0 0 0 0 0 0 0 0 0 0 0 0 0 0 0 0 0 0 0 0 0 0 0 0 0 0 0 0 0 3 1 4 1 8 1 22 8 20 6 57 31 100 45 216 112 149 89 204 95 163 130 166 119 218 191 310 332 361 388 345 472 397 475 501 398 412 393 399 263 247 167 142 89 87 

LossDepth:
SAlphaB:
0 0 0 0 0 0 0 0 0 0 0 0 0 0 0 0 0 0 0 0 0 0 0 0 0 0 0 0 0 0 0 0 0 0 0 0 0 3 1 4 1 8 1 22 8 20 6 57 31 100 45 216 112 149 89 204 95 163 130 166 119 218 191 310 332 361 388 345 472 397 475 501 398 412 393 399 263 247 167 142 89 87 

FirstWin:
0 0 0 0 0 0 0 0 0 0 0 0 0 0 0 0 0 0 0 0 0 0 0 0 0 0 0 0 0 0 0 0 0 0 0 0 0 3 0 4 0 8 0 22 0 20 0 57 0 100 0 216 0 149 0 204 0 163 0 166 0 218 0 310 0 361 0 345 0 397 0 501 0 412 0 399 0 247 0 142 0 87 
SAlphaB:
0 0 0 0 0 0 0 0 0 0 0 0 0 0 0 0 0 0 0 0 0 0 0 0 0 0 0 0 0 0 0 0 0 0 0 0 0 3 0 4 0 8 0 22 0 20 0 57 0 100 0 216 0 149 0 204 0 163 0 166 0 218 0 310 0 361 0 345 0 397 0 501 0 412 0 399 0 247 0 142 0 87 

SecondWin:
0 0 0 0 0 0 0 0 0 0 0 0 0 0 0 0 0 0 0 0 0 0 0 0 0 0 0 0 0 0 0 0 0 0 0 0 0 0 1 0 1 0 1 0 8 0 6 0 31 0 45 0 112 0 89 0 95 0 130 0 119 0 191 0 332 0 388 0 472 0 475 0 398 0 393 0 263 0 167 0 89 0 
SAlphaB:
0 0 0 0 0 0 0 0 0 0 0 0 0 0 0 0 0 0 0 0 0 0 0 0 0 0 0 0 0 0 0 0 0 0 0 0 0 0 1 0 1 0 1 0 8 0 6 0 31 0 45 0 112 0 89 0 95 0 130 0 119 0 191 0 332 0 388 0 472 0 475 0 398 0 393 0 263 0 167 0 89 0 
