0 70 82 68 -10 3 25 34

0 55 74 6 -2 0 7 5

0 32 82 28 -4 8 10 5

0 53 56 10 -9 26 49 2

0 9 58 79 -2 1 8 3

0 52 58 49 -1 4 35 8

0 23 96 81 -14 3 11 0

0 78 95 68 -8 12 13 29

0 20 28 12 -7 2 5 25

0 82 95 24 -8 5 47 23

0 48 56 23 -5 17 32 14

0 17 39 56 -8 6 15 19

0 30 51 89 -11 2 5 48

0 84 88 32 -12 12 24 34

0 55 58 85 -20 4 10 38

0 84 97 57 -11 5 14 8

0 89 97 60 -7 20 24 20

0 63 86 35 -19 2 14 25

0 17 32 5 -7 0 3 1

0 8 45 55 -3 22 28 2

0 20 84 88 -2 31 49 37

0 7 50 74 -10 28 32 3

0 87 89 40 -12 0 12 21

0 51 63 82 -3 18 43 48

0 24 53 35 -7 29 43 6

0 53 54 66 -1 10 19 6

0 36 55 52 -18 15 37 6

0 41 71 66 -7 12 27 17

0 54 83 85 -11 19 38 26

0 70 88 72 -6 32 38 12

0 77 99 41 -14 17 46 32

0 4 95 7 -15 12 27 24

0 28 34 90 -20 38 45 10

0 20 50 76 -1 10 13 37

0 53 59 2 -8 1 10 27

0 1 48 84 -2 2 3 5

0 45 60 15 -9 0 1 42

0 47 56 76 -3 10 28 41

0 13 45 4 -14 8 26 36

0 14 26 93 -4 22 30 11

0 3 72 6 -9 19 32 27

0 40 49 77 -14 15 41 23

0 8 35 34 -16 8 10 16

0 30 99 24 -18 31 46 13

0 33 43 59 -1 0 8 13

0 40 79 18 -2 9 21 33

0 52 58 56 -11 19 22 43

0 0 81 76 -4 11 19 39

0 65 69 10 -2 25 31 3

0 34 54 37 -9 20 32 16

0 7 78 22 -16 7 10 11

0 48 52 35 -13 6 8 5

0 31 63 90 -17 3 29 49

0 20 33 52 -12 3 27 4

0 43 55 81 -4 2 4 36

0 67 68 92 -1 37 41 31

0 30 67 81 -3 14 42 22

0 5 47 17 -19 12 29 5

0 39 53 8 -6 29 42 3

0 10 53 12 -3 39 43 42

0 5 32 77 -8 11 44 17

0 2 28 68 -11 4 9 39

0 2 37 78 -17 0 1 38

0 17 27 34 -19 21 28 32

0 7 53 4 -19 41 46 29

0 17 37 92 -11 4 37 5

0 7 55 40 -4 20 23 27

0 13 32 24 -18 3 9 20

0 36 48 85 -6 1 19 40

0 10 34 49 -14 3 6 17

0 4 43 64 -8 4 17 26

0 15 25 19 -7 9 10 33

0 7 25 1 -1 12 17 13

0 5 32 87 -9 27 49 26

0 6 22 39 -6 33 40 19

0 2 11 38 -5 2 5 46

0 5 22 3 -17 11 31 22

0 24 62 77 -5 0 39 25

0 20 62 77 -17 18 27 43

0 11 20 68 -4 13 15 41

0 6 7 83 -20 23 34 42

0 16 17 12 -1 7 45 1

0 62 64 99 -18 25 41 43

0 50 55 10 -13 17 45 18

0 7 12 36 -1 27 40 26

0 20 21 23 -14 1 12 49

0 0 1 74 -17 3 6 17

0 0 22 33 -12 11 38 4

0 21 83 8 -3 29 43 30

0 5 6 95 -20 9 33 49

0 67 76 16 -11 17 25 41

0 12 18 23 -11 3 31 30

0 5 9 40 -18 5 6 31

0 9 16 49 -1 2 9 28

0 1 9 10 -5 5 14 36

0 0 5 5 -15 13 43 1

0 2 3 21 -11 9 37 14

0 1 2 13 -3 11 26 46

0 20 23 66 -2 3 18 41

0 11 13 10 -16 1 2 46


SAlphaB: 698.0, std-dev 263.4033438771356

Earliest win: 37
Latest win: 81

WinDepth:
0 0 0 0 0 0 0 0 0 0 0 0 0 0 0 0 0 0 0 0 0 0 0 0 0 0 0 0 0 0 0 0 0 0 0 0 0 4 1 4 2 7 3 31 5 27 5 67 13 80 63 156 92 140 77 174 125 183 115 190 135 227 238 284 352 325 370 372 468 468 473 470 419 392 397 356 277 248 212 125 111 73 
SAlphaB:
0 0 0 0 0 0 0 0 0 0 0 0 0 0 0 0 0 0 0 0 0 0 0 0 0 0 0 0 0 0 0 0 0 0 0 0 0 4 1 4 2 7 3 31 5 27 5 67 13 80 63 156 92 140 77 174 125 183 115 190 135 227 238 284 352 325 370 372 468 468 473 470 419 392 397 356 277 248 212 125 111 73 

LossDepth:
SAlphaB:
0 0 0 0 0 0 0 0 0 0 0 0 0 0 0 0 0 0 0 0 0 0 0 0 0 0 0 0 0 0 0 0 0 0 0 0 0 4 1 4 2 7 3 31 5 27 5 67 13 80 63 156 92 140 77 174 125 183 115 190 135 227 238 284 352 325 370 372 468 468 473 470 419 392 397 356 277 248 212 125 111 73 

FirstWin:
0 0 0 0 0 0 0 0 0 0 0 0 0 0 0 0 0 0 0 0 0 0 0 0 0 0 0 0 0 0 0 0 0 0 0 0 0 4 0 4 0 7 0 31 0 27 0 67 0 80 0 156 0 140 0 174 0 183 0 190 0 227 0 284 0 325 0 372 0 468 0 470 0 392 0 356 0 248 0 125 0 73 
SAlphaB:
0 0 0 0 0 0 0 0 0 0 0 0 0 0 0 0 0 0 0 0 0 0 0 0 0 0 0 0 0 0 0 0 0 0 0 0 0 4 0 4 0 7 0 31 0 27 0 67 0 80 0 156 0 140 0 174 0 183 0 190 0 227 0 284 0 325 0 372 0 468 0 470 0 392 0 356 0 248 0 125 0 73 

SecondWin:
0 0 0 0 0 0 0 0 0 0 0 0 0 0 0 0 0 0 0 0 0 0 0 0 0 0 0 0 0 0 0 0 0 0 0 0 0 0 1 0 2 0 3 0 5 0 5 0 13 0 63 0 92 0 77 0 125 0 115 0 135 0 238 0 352 0 370 0 468 0 473 0 419 0 397 0 277 0 212 0 111 0 
SAlphaB:
0 0 0 0 0 0 0 0 0 0 0 0 0 0 0 0 0 0 0 0 0 0 0 0 0 0 0 0 0 0 0 0 0 0 0 0 0 0 1 0 2 0 3 0 5 0 5 0 13 0 63 0 92 0 77 0 125 0 115 0 135 0 238 0 352 0 370 0 468 0 473 0 419 0 397 0 277 0 212 0 111 0 
