0 28 86 51 -13 5 10 20

0 16 36 62 -6 1 7 4

0 62 76 90 -10 14 16 10

0 38 92 47 -16 2 14 24

0 34 96 22 -10 5 12 12

0 16 61 34 -9 0 3 18

0 8 44 68 -6 4 11 2

0 63 97 46 -3 9 33 16

0 32 63 15 -10 1 2 18

0 38 89 28 -11 8 34 22

0 57 90 95 -19 1 11 36

0 54 83 63 -16 3 15 16

0 31 64 63 -12 1 2 11

0 74 88 36 -16 3 21 40

0 25 58 33 -4 6 9 14

0 25 71 1 -1 0 26 2

0 72 86 55 -13 4 28 35

0 32 75 16 -3 6 16 13

0 49 94 6 -1 14 17 3

0 65 91 6 -6 1 37 3

0 71 86 80 -12 3 34 34

0 65 89 1 -6 3 21 3

0 16 92 1 -10 0 16 13

0 58 98 71 -14 6 11 25

0 66 90 33 -11 15 35 22

0 56 88 74 -19 2 12 37

0 58 95 77 -11 10 45 21

0 56 61 96 -11 2 14 0

0 80 90 51 -16 19 27 11

0 60 72 70 -14 7 19 12

0 73 91 32 -2 20 22 17

0 65 85 96 -19 9 38 26

0 67 93 36 -12 4 10 17

0 35 80 0 -12 5 23 43

0 49 82 10 -18 4 20 8

0 59 99 57 -2 19 41 27

0 16 72 40 -11 1 2 10

0 64 99 90 -15 10 14 24

0 54 97 7 -4 6 10 21

0 33 89 53 -4 12 30 9

0 65 93 37 -5 12 19 8

0 26 72 43 -7 6 16 22

0 44 70 56 -10 8 20 17

0 31 87 43 -7 7 10 22

0 49 53 6 -10 7 27 5

0 75 86 26 -3 12 46 2

0 48 97 93 -10 10 34 45

0 72 79 69 -20 3 5 17

0 26 68 21 -12 12 28 0

0 74 79 94 -15 12 29 27

0 75 84 25 -9 19 39 22

0 43 71 64 -5 10 27 35

0 62 75 87 -2 11 20 28

0 59 94 70 -5 6 22 5

0 24 73 14 -7 2 6 39

0 43 47 9 -11 3 10 18

0 81 96 93 -7 0 1 1

0 48 88 70 -20 0 21 46

0 41 72 40 -1 11 29 25

0 44 73 69 -20 9 18 9

0 45 52 54 -19 3 7 4

0 34 62 8 -9 13 35 5

0 47 50 24 -16 2 7 22

0 14 85 88 -20 4 5 15

0 43 66 45 -2 16 38 32

0 31 93 77 -20 0 2 49

0 39 63 58 -8 6 26 38

0 44 89 24 -16 0 31 35

0 21 50 4 -14 1 7 27

0 47 98 57 -18 2 5 34

0 25 80 12 -5 9 11 7

0 47 51 66 -15 0 6 14

0 54 90 28 -10 12 18 2

0 45 70 14 -20 11 34 12

0 38 62 98 -18 3 29 30

0 67 78 55 -5 14 47 43

0 67 87 87 -18 2 10 38

0 2 74 19 -14 15 32 19

0 64 87 96 -17 7 36 20

0 14 77 81 -7 2 6 20

0 11 65 71 -17 27 47 29

0 19 23 97 -5 15 16 20

0 33 65 34 -4 13 44 35

0 36 76 37 -2 3 41 21

0 86 89 98 -18 5 11 38

0 24 39 41 -9 10 14 8

0 10 70 64 -20 0 4 16

0 70 86 96 -18 19 41 42

0 31 82 29 -16 7 9 12

0 41 82 85 -3 10 15 33

0 29 32 44 -7 2 5 8

0 45 76 16 -2 15 36 30

0 18 58 79 -10 4 17 15

0 43 83 70 -16 14 42 20

0 16 65 37 -19 2 4 8

0 62 73 78 -9 14 46 40

0 62 86 0 -19 16 43 2

0 38 50 43 -20 6 17 34

0 41 89 98 -7 38 47 33

0 19 25 88 -8 16 25 8


SAlphaB: 747.0, std-dev 281.7650499686545

Earliest win: 35
Latest win: 81

WinDepth:
0 0 0 0 0 0 0 0 0 0 0 0 0 0 0 0 0 0 0 0 0 0 0 0 0 0 0 0 0 0 0 0 0 0 0 1 2 22 3 15 5 37 16 42 33 63 40 123 51 187 136 364 126 328 202 521 350 524 390 478 430 640 642 754 822 1016 831 1020 930 994 969 987 854 848 907 724 624 506 403 326 169 147 
SAlphaB:
0 0 0 0 0 0 0 0 0 0 0 0 0 0 0 0 0 0 0 0 0 0 0 0 0 0 0 0 0 0 0 0 0 0 0 1 2 22 3 15 5 37 16 42 33 63 40 123 51 187 136 364 126 328 202 521 350 524 390 478 430 640 642 754 822 1016 831 1020 930 994 969 987 854 848 907 724 624 506 403 326 169 147 

LossDepth:
SAlphaB:
0 0 0 0 0 0 0 0 0 0 0 0 0 0 0 0 0 0 0 0 0 0 0 0 0 0 0 0 0 0 0 0 0 0 0 1 2 23 0 12 5 22 8 24 18 46 26 72 42 112 84 183 81 185 120 305 214 368 277 324 281 456 433 573 533 730 601 761 633 816 638 824 655 716 726 679 519 472 331 260 230 146 

FirstWin:
0 0 0 0 0 0 0 0 0 0 0 0 0 0 0 0 0 0 0 0 0 0 0 0 0 0 0 0 0 0 0 0 0 0 0 1 0 22 0 15 0 37 0 42 0 63 0 123 0 187 0 364 0 328 0 521 0 524 0 478 0 640 0 754 0 1016 0 1020 0 994 0 987 0 848 0 724 0 506 0 326 0 147 
SAlphaB:
0 0 0 0 0 0 0 0 0 0 0 0 0 0 0 0 0 0 0 0 0 0 0 0 0 0 0 0 0 0 0 0 0 0 0 1 0 22 0 15 0 37 0 42 0 63 0 123 0 187 0 364 0 328 0 521 0 524 0 478 0 640 0 754 0 1016 0 1020 0 994 0 987 0 848 0 724 0 506 0 326 0 147 

SecondWin:
0 0 0 0 0 0 0 0 0 0 0 0 0 0 0 0 0 0 0 0 0 0 0 0 0 0 0 0 0 0 0 0 0 0 0 0 2 0 3 0 5 0 16 0 33 0 40 0 51 0 136 0 126 0 202 0 350 0 390 0 430 0 642 0 822 0 831 0 930 0 969 0 854 0 907 0 624 0 403 0 169 0 
SAlphaB:
0 0 0 0 0 0 0 0 0 0 0 0 0 0 0 0 0 0 0 0 0 0 0 0 0 0 0 0 0 0 0 0 0 0 0 0 2 0 3 0 5 0 16 0 33 0 40 0 51 0 136 0 126 0 202 0 350 0 390 0 430 0 642 0 822 0 831 0 930 0 969 0 854 0 907 0 624 0 403 0 169 0 
