0 38 92 47 -16 2 14 24

0 56 88 74 -19 2 12 37

0 75 84 25 -9 19 39 22

0 43 66 45 -2 16 38 32

0 49 53 6 -10 7 27 5

0 47 51 66 -15 0 6 14

0 25 71 1 -1 0 26 2

0 72 86 55 -13 4 28 35

0 39 63 58 -8 6 26 38

0 33 65 34 -4 13 44 35

0 52 66 64 -14 3 9 7

0 23 92 26 -3 2 14 30

0 85 91 65 -16 11 20 1

0 61 87 77 -19 0 1 19

0 20 39 49 -2 18 25 7

0 22 85 15 -8 7 22 41

0 13 81 77 -6 2 7 48

0 2 50 86 -1 21 32 31

0 27 64 18 -5 4 27 16

0 48 90 46 -12 2 7 42

0 50 66 60 -2 4 5 14

0 45 61 88 -6 14 36 22

0 16 67 37 -2 6 42 15

0 30 77 91 -1 1 26 32

0 46 56 95 -2 1 5 27

0 47 66 22 -15 9 48 18

0 5 35 61 -14 5 12 30

0 22 61 27 -19 8 30 4

0 60 89 24 -17 7 8 9

0 17 69 98 -8 16 38 39

0 90 91 55 -15 6 10 15

0 70 91 14 -18 12 18 38

0 1 37 83 -14 5 8 2

0 31 61 81 -4 6 32 20

0 38 60 17 -15 20 37 28

0 13 44 54 -12 3 12 18

0 5 33 44 -3 6 9 2

0 8 99 73 -1 18 30 1

0 11 34 46 -12 9 32 22

0 4 97 43 -5 6 40 17

0 8 30 78 -20 9 18 39

0 7 75 68 -9 23 24 12

0 49 93 3 -1 10 14 38

0 43 53 8 -17 0 24 20

0 56 62 39 -6 14 49 19

0 3 89 26 -15 8 25 2

0 12 35 91 -7 31 36 31

0 16 47 22 -20 33 41 32

0 54 89 61 -3 17 30 46

0 84 91 73 -17 0 1 42

0 72 79 34 -1 4 7 28

0 3 82 79 -4 9 42 34

0 28 46 59 -13 3 27 35

0 29 42 51 -2 25 49 22

0 42 46 65 -18 16 25 40

0 15 23 76 -8 7 18 26

0 49 72 41 -2 22 41 34

0 93 98 11 -4 13 14 32

0 18 57 80 -7 10 29 38

0 13 28 60 -17 2 15 6

0 9 26 57 -18 15 31 35

0 11 24 96 -4 10 20 24

0 22 63 57 -12 8 34 11

0 11 32 69 -1 13 25 41

0 53 63 57 -1 25 27 0

0 76 94 34 -6 1 7 42

0 31 59 64 -5 22 24 32

0 60 75 8 -7 0 40 47

0 18 20 96 -15 3 17 7

0 32 47 28 -16 11 43 6

0 17 54 6 -2 1 10 49

0 10 18 90 -16 3 4 35

0 35 39 49 -19 10 19 38

0 9 48 84 -6 4 16 36

0 19 21 5 -8 10 36 32

0 13 16 52 -8 38 45 41

0 44 92 70 -11 33 42 41

0 7 64 29 -15 6 7 3

0 29 45 8 -15 9 32 47

0 7 66 2 -10 7 28 45

0 7 52 75 -11 5 22 46

0 9 35 53 -4 1 36 8

0 6 47 42 -9 0 39 24

0 1 13 84 -15 33 36 45

0 24 25 21 -3 13 18 42

0 1 2 62 -18 12 27 47

0 11 15 62 -9 1 4 35

0 13 63 17 -20 43 46 48

0 1 14 27 -12 19 37 29

0 7 11 40 -16 25 48 37

0 3 4 0 -5 3 35 18

0 2 18 58 -5 30 35 12

0 0 1 23 -17 21 28 47

0 6 28 0 -7 13 46 23

0 18 19 71 -5 37 42 4

0 10 16 48 -20 43 46 33

0 10 22 6 -10 3 9 47

0 0 5 51 -19 9 49 43

0 4 5 36 -12 11 33 21

0 3 8 72 -12 2 13 33


SAlphaB: 709.0, std-dev 258.8255591136723

Earliest win: 36
Latest win: 81

WinDepth:
0 0 0 0 0 0 0 0 0 0 0 0 0 0 0 0 0 0 0 0 0 0 0 0 0 0 0 0 0 0 0 0 0 0 0 0 2 0 1 3 1 11 4 10 8 36 27 35 37 66 50 216 86 110 69 170 121 189 119 182 147 267 266 321 309 368 344 383 418 425 401 451 432 366 406 377 276 236 190 138 99 79 
SAlphaB:
0 0 0 0 0 0 0 0 0 0 0 0 0 0 0 0 0 0 0 0 0 0 0 0 0 0 0 0 0 0 0 0 0 0 0 0 2 0 1 3 1 11 4 10 8 36 27 35 37 66 50 216 86 110 69 170 121 189 119 182 147 267 266 321 309 368 344 383 418 425 401 451 432 366 406 377 276 236 190 138 99 79 

LossDepth:
SAlphaB:
0 0 0 0 0 0 0 0 0 0 0 0 0 0 0 0 0 0 0 0 0 0 0 0 0 0 0 0 0 0 0 0 0 0 0 0 2 0 1 3 1 11 4 10 8 36 27 35 37 66 50 216 86 110 69 170 121 189 119 182 147 267 266 321 309 368 344 383 418 425 401 451 432 366 406 377 276 236 190 138 99 79 

FirstWin:
0 0 0 0 0 0 0 0 0 0 0 0 0 0 0 0 0 0 0 0 0 0 0 0 0 0 0 0 0 0 0 0 0 0 0 0 0 0 0 3 0 11 0 10 0 36 0 35 0 66 0 216 0 110 0 170 0 189 0 182 0 267 0 321 0 368 0 383 0 425 0 451 0 366 0 377 0 236 0 138 0 79 
SAlphaB:
0 0 0 0 0 0 0 0 0 0 0 0 0 0 0 0 0 0 0 0 0 0 0 0 0 0 0 0 0 0 0 0 0 0 0 0 0 0 0 3 0 11 0 10 0 36 0 35 0 66 0 216 0 110 0 170 0 189 0 182 0 267 0 321 0 368 0 383 0 425 0 451 0 366 0 377 0 236 0 138 0 79 

SecondWin:
0 0 0 0 0 0 0 0 0 0 0 0 0 0 0 0 0 0 0 0 0 0 0 0 0 0 0 0 0 0 0 0 0 0 0 0 2 0 1 0 1 0 4 0 8 0 27 0 37 0 50 0 86 0 69 0 121 0 119 0 147 0 266 0 309 0 344 0 418 0 401 0 432 0 406 0 276 0 190 0 99 0 
SAlphaB:
0 0 0 0 0 0 0 0 0 0 0 0 0 0 0 0 0 0 0 0 0 0 0 0 0 0 0 0 0 0 0 0 0 0 0 0 2 0 1 0 1 0 4 0 8 0 27 0 37 0 50 0 86 0 69 0 121 0 119 0 147 0 266 0 309 0 344 0 418 0 401 0 432 0 406 0 276 0 190 0 99 0 
