0 86 89 98 -18 5 11 38

0 65 93 37 -5 12 19 8

0 31 87 43 -7 7 10 22

0 67 87 87 -18 2 10 38

0 35 80 0 -12 5 23 43

0 43 47 9 -11 3 10 18

0 45 70 14 -20 11 34 12

0 62 76 90 -10 14 16 10

0 18 58 79 -10 4 17 15

0 41 82 85 -3 10 15 33

0 15 48 96 -13 13 17 11

0 28 93 86 -18 4 8 42

0 78 86 42 -8 13 29 31

0 63 76 59 -19 8 27 49

0 43 51 54 -13 36 46 18

0 50 66 49 -15 15 20 3

0 2 99 54 -3 6 10 6

0 16 30 61 -11 2 4 8

0 31 36 55 -16 0 8 1

0 65 87 17 -3 11 23 43

0 3 37 9 -15 0 1 18

0 62 71 59 -18 6 13 23

0 52 56 40 -14 1 10 15

0 9 50 23 -17 0 2 1

0 17 50 24 -6 4 6 21

0 21 77 18 -10 1 10 30

0 18 66 34 -2 3 21 42

0 11 42 70 -10 28 49 11

0 62 99 90 -10 1 24 41

0 82 89 94 -8 1 47 4

0 36 84 79 -5 1 11 37

0 63 65 3 -5 18 45 34

0 77 92 98 -15 34 35 11

0 56 61 59 -15 3 15 28

0 27 43 14 -7 20 48 43

0 8 45 66 -2 14 20 23

0 23 81 10 -5 38 40 19

0 47 82 59 -18 38 45 38

0 15 40 58 -19 6 9 49

0 31 41 64 -14 0 4 2

0 22 40 18 -14 8 31 40

0 16 23 82 -12 7 16 14

0 11 78 11 -19 32 47 6

0 83 93 15 -6 0 1 9

0 13 44 72 -16 0 5 24

0 34 75 1 -7 10 16 48

0 33 62 58 -1 16 19 49

0 26 63 40 -7 22 35 0

0 20 74 62 -17 18 25 14

0 15 54 58 -10 19 20 16

0 48 68 16 -20 38 40 20

0 10 28 26 -11 30 32 15

0 14 58 60 -3 3 40 2

0 50 88 78 -16 21 26 21

0 93 99 65 -9 0 25 0

0 58 62 24 -19 19 35 22

0 10 14 36 -3 3 5 10

0 4 37 50 -3 13 14 31

0 54 79 6 -1 0 3 15

0 15 86 19 -6 6 39 26

0 47 64 96 -16 19 22 48

0 36 51 71 -11 12 40 35

0 93 97 37 -16 8 11 24

0 67 96 32 -18 17 21 34

0 36 63 62 -15 17 47 18

0 12 98 80 -7 17 45 6

0 23 64 27 -14 6 10 26

0 39 85 67 -14 21 24 15

0 29 79 23 -10 21 23 49

0 30 41 7 -16 9 25 40

0 22 83 60 -12 20 28 49

0 3 42 31 -13 18 42 18

0 37 39 61 -11 0 1 49

0 1 59 40 -13 16 20 28

0 39 46 17 -14 4 46 36

0 20 33 17 -6 12 38 27

0 47 51 55 -20 29 45 46

0 4 61 0 -11 19 20 40

0 21 33 10 -13 7 14 39

0 12 40 42 -1 4 34 1

0 13 19 73 -13 12 13 28

0 5 48 29 -6 46 49 43

0 15 26 88 -12 5 22 3

0 20 54 93 -3 10 19 48

0 1 9 62 -18 2 23 36

0 25 32 74 -6 21 22 45

0 1 2 80 -3 12 33 29

0 8 35 35 -18 23 35 0

0 0 11 17 -1 36 48 29

0 4 7 65 -15 4 28 31

0 2 15 28 -11 4 21 4

0 5 8 86 -9 3 20 42

0 5 15 28 -17 5 32 12

0 5 32 57 -20 8 38 3

0 1 2 35 -20 20 45 24

0 2 10 91 -7 11 19 17

0 13 47 11 -10 6 43 48

0 1 3 59 -2 5 40 42

0 0 2 32 -17 3 31 18

0 7 12 40 -6 14 15 35


SAlphaB: 724.0, std-dev 280.4372169965457

Earliest win: 37
Latest win: 81

WinDepth:
0 0 0 0 0 0 0 0 0 0 0 0 0 0 0 0 0 0 0 0 0 0 0 0 0 0 0 0 0 0 0 0 0 0 0 0 0 15 3 1 10 10 2 31 12 18 8 30 35 66 68 208 44 108 105 187 146 185 130 163 130 261 229 367 368 327 409 426 433 384 473 430 395 419 434 325 259 216 186 140 107 75 
SAlphaB:
0 0 0 0 0 0 0 0 0 0 0 0 0 0 0 0 0 0 0 0 0 0 0 0 0 0 0 0 0 0 0 0 0 0 0 0 0 15 3 1 10 10 2 31 12 18 8 30 35 66 68 208 44 108 105 187 146 185 130 163 130 261 229 367 368 327 409 426 433 384 473 430 395 419 434 325 259 216 186 140 107 75 

LossDepth:
SAlphaB:
0 0 0 0 0 0 0 0 0 0 0 0 0 0 0 0 0 0 0 0 0 0 0 0 0 0 0 0 0 0 0 0 0 0 0 0 0 15 3 1 10 10 2 31 12 18 8 30 35 66 68 208 44 108 105 187 146 185 130 163 130 261 229 367 368 327 409 426 433 384 473 430 395 419 434 325 259 216 186 140 107 75 

FirstWin:
0 0 0 0 0 0 0 0 0 0 0 0 0 0 0 0 0 0 0 0 0 0 0 0 0 0 0 0 0 0 0 0 0 0 0 0 0 15 0 1 0 10 0 31 0 18 0 30 0 66 0 208 0 108 0 187 0 185 0 163 0 261 0 367 0 327 0 426 0 384 0 430 0 419 0 325 0 216 0 140 0 75 
SAlphaB:
0 0 0 0 0 0 0 0 0 0 0 0 0 0 0 0 0 0 0 0 0 0 0 0 0 0 0 0 0 0 0 0 0 0 0 0 0 15 0 1 0 10 0 31 0 18 0 30 0 66 0 208 0 108 0 187 0 185 0 163 0 261 0 367 0 327 0 426 0 384 0 430 0 419 0 325 0 216 0 140 0 75 

SecondWin:
0 0 0 0 0 0 0 0 0 0 0 0 0 0 0 0 0 0 0 0 0 0 0 0 0 0 0 0 0 0 0 0 0 0 0 0 0 0 3 0 10 0 2 0 12 0 8 0 35 0 68 0 44 0 105 0 146 0 130 0 130 0 229 0 368 0 409 0 433 0 473 0 395 0 434 0 259 0 186 0 107 0 
SAlphaB:
0 0 0 0 0 0 0 0 0 0 0 0 0 0 0 0 0 0 0 0 0 0 0 0 0 0 0 0 0 0 0 0 0 0 0 0 0 0 3 0 10 0 2 0 12 0 8 0 35 0 68 0 44 0 105 0 146 0 130 0 130 0 229 0 368 0 409 0 433 0 473 0 395 0 434 0 259 0 186 0 107 0 
