0 32 63 15 -10 1 2 18

0 33 89 53 -4 12 30 9

0 54 97 7 -4 6 10 21

0 63 97 46 -3 9 33 16

0 26 68 21 -12 12 28 0

0 48 97 93 -10 10 34 45

0 16 92 1 -10 0 16 13

0 54 90 28 -10 12 18 2

0 43 83 70 -16 14 42 20

0 19 23 97 -5 15 16 20

0 69 83 53 -3 5 17 0

0 58 96 2 -6 17 40 37

0 35 92 60 -18 13 32 15

0 34 97 23 -1 0 38 32

0 25 49 57 -20 28 43 30

0 48 73 97 -9 16 38 3

0 30 36 63 -16 6 17 5

0 13 60 40 -12 0 20 5

0 10 69 88 -9 15 29 5

0 38 71 22 -12 8 9 48

0 14 59 34 -14 7 17 8

0 87 93 99 -9 11 26 13

0 60 78 83 -17 13 49 2

0 43 69 57 -10 5 13 27

0 28 33 27 -13 5 20 13

0 64 73 73 -7 28 43 4

0 21 24 41 -14 12 13 11

0 44 55 2 -3 1 14 12

0 26 48 62 -1 29 49 27

0 2 79 75 -17 33 47 1

0 86 91 25 -7 4 12 22

0 36 61 38 -18 8 11 42

0 70 75 14 -17 3 41 34

0 9 92 6 -17 12 44 40

0 23 61 79 -20 8 16 29

0 15 24 95 -12 7 22 31

0 17 22 87 -6 14 21 18

0 6 67 52 -17 9 15 11

0 8 67 76 -3 0 1 34

0 22 81 88 -15 4 25 23

0 18 71 32 -8 28 33 17

0 27 53 47 -7 2 35 37

0 25 56 9 -2 17 24 30

0 13 39 52 -13 4 16 29

0 34 51 21 -13 12 15 47

0 31 67 63 -13 35 44 12

0 75 92 24 -1 0 13 19

0 36 73 74 -10 7 9 45

0 11 30 55 -19 5 9 26

0 31 38 1 -1 6 21 41

0 22 51 92 -6 16 24 32

0 48 96 60 -8 27 44 39

0 49 61 16 -9 30 37 26

0 13 16 54 -15 0 17 18

0 26 52 17 -3 19 38 13

0 69 70 73 -4 16 23 42

0 3 12 88 -11 3 18 5

0 5 43 5 -4 2 20 11

0 40 96 94 -15 36 42 0

0 3 47 65 -5 13 37 1

0 4 5 65 -15 4 9 26

0 31 58 70 -14 18 29 26

0 46 89 54 -5 42 46 44

0 3 41 85 -4 12 29 42

0 1 2 99 -15 24 43 5

0 15 22 16 -5 18 37 22

0 26 63 40 -19 24 30 35

0 18 62 40 -10 10 13 15

0 23 37 87 -17 9 48 2

0 2 13 62 -13 20 46 22

0 5 9 52 -5 10 31 25

0 9 11 79 -16 10 17 23

0 20 75 24 -19 13 25 35

0 14 15 99 -11 7 21 0

0 2 62 22 -16 3 4 49

0 59 73 0 -3 28 30 15

0 0 3 45 -20 0 4 4

0 18 22 17 -10 6 11 14

0 1 20 98 -2 0 1 15

0 3 18 82 -4 20 44 42

0 23 30 92 -10 29 38 11

0 4 5 43 -11 31 33 41

0 1 34 15 -5 2 3 20

0 21 23 56 -11 11 40 12

0 5 18 78 -9 9 22 46

0 4 15 57 -1 4 8 36

0 4 32 25 -14 31 34 25

0 8 97 13 -19 15 23 22

0 66 97 68 -4 38 40 30

0 10 28 23 -13 3 14 48

0 11 24 18 -5 36 48 10

0 7 12 48 -7 0 24 30

0 1 5 57 -11 27 39 0

0 1 9 73 -18 33 46 14

0 2 11 50 -2 3 20 47

0 2 4 44 -13 1 47 42

0 1 2 93 -14 10 44 36

0 6 7 10 -13 40 44 21

0 0 16 43 -5 0 28 40

0 0 2 60 -14 1 9 41


SAlphaB: 697.0, std-dev 262.5591441788291

Earliest win: 37
Latest win: 81

WinDepth:
0 0 0 0 0 0 0 0 0 0 0 0 0 0 0 0 0 0 0 0 0 0 0 0 0 0 0 0 0 0 0 0 0 0 0 0 0 8 0 3 1 6 2 17 18 12 21 47 47 68 58 235 82 163 134 144 125 190 107 148 173 222 205 318 306 393 398 371 448 444 469 473 406 416 374 335 231 231 194 147 96 66 
SAlphaB:
0 0 0 0 0 0 0 0 0 0 0 0 0 0 0 0 0 0 0 0 0 0 0 0 0 0 0 0 0 0 0 0 0 0 0 0 0 8 0 3 1 6 2 17 18 12 21 47 47 68 58 235 82 163 134 144 125 190 107 148 173 222 205 318 306 393 398 371 448 444 469 473 406 416 374 335 231 231 194 147 96 66 

LossDepth:
SAlphaB:
0 0 0 0 0 0 0 0 0 0 0 0 0 0 0 0 0 0 0 0 0 0 0 0 0 0 0 0 0 0 0 0 0 0 0 0 0 8 0 3 1 6 2 17 18 12 21 47 47 68 58 235 82 163 134 144 125 190 107 148 173 222 205 318 306 393 398 371 448 444 469 473 406 416 374 335 231 231 194 147 96 66 

FirstWin:
0 0 0 0 0 0 0 0 0 0 0 0 0 0 0 0 0 0 0 0 0 0 0 0 0 0 0 0 0 0 0 0 0 0 0 0 0 8 0 3 0 6 0 17 0 12 0 47 0 68 0 235 0 163 0 144 0 190 0 148 0 222 0 318 0 393 0 371 0 444 0 473 0 416 0 335 0 231 0 147 0 66 
SAlphaB:
0 0 0 0 0 0 0 0 0 0 0 0 0 0 0 0 0 0 0 0 0 0 0 0 0 0 0 0 0 0 0 0 0 0 0 0 0 8 0 3 0 6 0 17 0 12 0 47 0 68 0 235 0 163 0 144 0 190 0 148 0 222 0 318 0 393 0 371 0 444 0 473 0 416 0 335 0 231 0 147 0 66 

SecondWin:
0 0 0 0 0 0 0 0 0 0 0 0 0 0 0 0 0 0 0 0 0 0 0 0 0 0 0 0 0 0 0 0 0 0 0 0 0 0 0 0 1 0 2 0 18 0 21 0 47 0 58 0 82 0 134 0 125 0 107 0 173 0 205 0 306 0 398 0 448 0 469 0 406 0 374 0 231 0 194 0 96 0 
SAlphaB:
0 0 0 0 0 0 0 0 0 0 0 0 0 0 0 0 0 0 0 0 0 0 0 0 0 0 0 0 0 0 0 0 0 0 0 0 0 0 0 0 1 0 2 0 18 0 21 0 47 0 58 0 82 0 134 0 125 0 107 0 173 0 205 0 306 0 398 0 448 0 469 0 406 0 374 0 231 0 194 0 96 0 
