0 48 88 70 -20 0 21 46

0 60 72 70 -14 7 19 12

0 44 70 56 -10 8 20 17

0 14 77 81 -7 2 6 20

0 57 90 95 -19 1 11 36

0 19 25 88 -8 16 25 8

0 31 82 29 -16 7 9 12

0 24 39 41 -9 10 14 8

0 65 89 1 -6 3 21 3

0 64 99 90 -15 10 14 24

0 29 77 7 -4 13 45 11

0 49 50 93 -3 10 46 13

0 25 48 66 -5 3 17 4

0 50 53 3 -17 21 46 0

0 37 48 90 -1 4 31 19

0 25 78 68 -9 12 20 9

0 54 62 17 -17 16 19 1

0 23 66 94 -20 21 40 9

0 43 72 73 -2 10 15 18

0 76 94 44 -11 1 10 7

0 54 65 74 -10 6 24 37

0 8 42 78 -13 10 27 34

0 70 83 17 -11 23 34 24

0 96 97 63 -19 16 40 27

0 39 69 81 -4 14 15 8

0 11 93 68 -9 20 26 37

0 16 80 60 -18 1 3 12

0 21 33 42 -11 0 4 26

0 7 45 66 -8 1 3 27

0 10 30 57 -18 25 30 19

0 41 70 16 -15 27 43 14

0 13 39 34 -13 19 36 1

0 39 50 7 -20 10 12 8

0 30 40 47 -12 9 15 22

0 23 71 20 -1 17 22 34

0 8 74 25 -7 0 1 49

0 63 72 54 -15 19 30 37

0 34 48 6 -17 11 27 12

0 20 83 77 -12 14 25 49

0 56 74 0 -11 18 31 42

0 5 26 56 -15 13 16 27

0 6 27 42 -4 24 49 19

0 20 60 30 -13 24 47 17

0 0 62 80 -11 35 39 23

0 45 88 48 -15 28 49 46

0 28 79 82 -17 6 10 16

0 96 98 49 -17 18 35 31

0 20 60 48 -12 44 49 41

0 11 55 68 -4 12 37 17

0 19 20 95 -18 27 38 33

0 13 27 21 -12 4 5 21

0 2 41 51 -8 35 40 43

0 6 38 9 -12 6 11 40

0 28 42 14 -18 7 8 49

0 6 32 32 -15 0 5 16

0 0 2 64 -11 11 25 18

0 31 68 7 -13 2 30 43

0 26 55 79 -14 21 47 21

0 25 57 20 -6 17 21 1

0 51 57 97 -11 37 39 20

0 20 34 9 -17 2 3 20

0 15 52 76 -12 42 45 26

0 12 22 79 -10 0 11 33

0 4 7 28 -5 34 41 27

0 2 14 86 -12 22 42 34

0 19 59 77 -4 4 41 30

0 0 22 30 -11 20 34 31

0 69 70 36 -13 27 34 14

0 2 3 52 -7 17 47 6

0 37 81 40 -7 26 35 13

0 20 66 30 -6 38 44 2

0 15 40 28 -2 5 39 6

0 17 23 97 -12 34 39 23

0 2 17 62 -12 23 26 14

0 5 19 69 -18 32 46 45

0 0 44 99 -6 41 45 32

0 9 49 53 -2 0 1 27

0 5 16 49 -1 40 46 13

0 1 5 98 -8 2 3 8

0 19 30 18 -10 0 23 49

0 14 24 25 -3 28 41 44

0 0 14 72 -15 22 36 38

0 34 63 58 -6 2 18 49

0 1 32 26 -1 33 46 33

0 13 15 87 -12 6 21 8

0 2 8 63 -7 28 39 21

0 15 20 89 -16 4 42 36

0 2 9 57 -3 7 45 30

0 4 25 93 -5 39 49 25

0 24 96 11 -14 23 40 47

0 9 57 40 -12 4 32 47

0 20 29 13 -13 14 35 2

0 11 13 0 -3 9 16 16

0 10 59 60 -10 12 18 44

0 5 6 5 -19 2 5 36

0 12 21 5 -16 5 13 40

0 57 84 18 -1 33 34 21

0 5 33 42 -6 2 21 34

0 1 6 54 -18 20 33 46

0 0 9 69 -5 11 23 0


SAlphaB: 689.0, std-dev 279.6184789814128

Earliest win: 36
Latest win: 81

WinDepth:
0 0 0 0 0 0 0 0 0 0 0 0 0 0 0 0 0 0 0 0 0 0 0 0 0 0 0 0 0 0 0 0 0 0 0 0 1 1 1 5 13 2 1 22 7 25 17 22 29 70 75 189 90 109 93 205 104 181 167 155 126 215 255 298 319 335 399 417 510 429 517 468 389 410 384 354 241 275 169 160 90 89 
SAlphaB:
0 0 0 0 0 0 0 0 0 0 0 0 0 0 0 0 0 0 0 0 0 0 0 0 0 0 0 0 0 0 0 0 0 0 0 0 1 1 1 5 13 2 1 22 7 25 17 22 29 70 75 189 90 109 93 205 104 181 167 155 126 215 255 298 319 335 399 417 510 429 517 468 389 410 384 354 241 275 169 160 90 89 

LossDepth:
SAlphaB:
0 0 0 0 0 0 0 0 0 0 0 0 0 0 0 0 0 0 0 0 0 0 0 0 0 0 0 0 0 0 0 0 0 0 0 0 1 1 1 5 13 2 1 22 7 25 17 22 29 70 75 189 90 109 93 205 104 181 167 155 126 215 255 298 319 335 399 417 510 429 517 468 389 410 384 354 241 275 169 160 90 89 

FirstWin:
0 0 0 0 0 0 0 0 0 0 0 0 0 0 0 0 0 0 0 0 0 0 0 0 0 0 0 0 0 0 0 0 0 0 0 0 0 1 0 5 0 2 0 22 0 25 0 22 0 70 0 189 0 109 0 205 0 181 0 155 0 215 0 298 0 335 0 417 0 429 0 468 0 410 0 354 0 275 0 160 0 89 
SAlphaB:
0 0 0 0 0 0 0 0 0 0 0 0 0 0 0 0 0 0 0 0 0 0 0 0 0 0 0 0 0 0 0 0 0 0 0 0 0 1 0 5 0 2 0 22 0 25 0 22 0 70 0 189 0 109 0 205 0 181 0 155 0 215 0 298 0 335 0 417 0 429 0 468 0 410 0 354 0 275 0 160 0 89 

SecondWin:
0 0 0 0 0 0 0 0 0 0 0 0 0 0 0 0 0 0 0 0 0 0 0 0 0 0 0 0 0 0 0 0 0 0 0 0 1 0 1 0 13 0 1 0 7 0 17 0 29 0 75 0 90 0 93 0 104 0 167 0 126 0 255 0 319 0 399 0 510 0 517 0 389 0 384 0 241 0 169 0 90 0 
SAlphaB:
0 0 0 0 0 0 0 0 0 0 0 0 0 0 0 0 0 0 0 0 0 0 0 0 0 0 0 0 0 0 0 0 0 0 0 0 1 0 1 0 13 0 1 0 7 0 17 0 29 0 75 0 90 0 93 0 104 0 167 0 126 0 255 0 319 0 399 0 510 0 517 0 389 0 384 0 241 0 169 0 90 0 
