0 45 76 16 -2 15 36 30

0 73 91 32 -2 20 22 17

0 59 94 70 -5 6 22 5

0 58 98 71 -14 6 11 25

0 54 83 63 -16 3 15 16

0 81 96 93 -7 0 1 1

0 58 95 77 -11 10 45 21

0 38 89 28 -11 8 34 22

0 62 75 87 -2 11 20 28

0 29 32 44 -7 2 5 8

0 3 89 81 -13 16 45 7

0 43 86 11 -2 22 34 26

0 53 62 47 -1 9 44 20

0 16 31 61 -19 8 18 15

0 94 99 3 -11 14 34 15

0 32 70 33 -10 7 24 23

0 3 98 35 -15 2 5 28

0 40 96 5 -16 10 15 4

0 9 79 94 -17 9 19 22

0 35 71 57 -15 23 36 10

0 67 77 59 -7 5 39 36

0 62 91 61 -10 0 24 11

0 2 42 41 -19 17 19 6

0 61 90 17 -18 11 43 31

0 0 82 47 -10 10 11 14

0 1 74 35 -1 10 31 21

0 8 44 14 -11 18 24 23

0 33 48 81 -5 41 47 37

0 15 48 77 -15 26 34 27

0 13 17 88 -7 29 44 23

0 14 34 40 -6 1 2 30

0 40 62 6 -19 14 20 37

0 39 42 93 -11 14 47 29

0 9 72 5 -4 3 4 40

0 65 85 74 -14 10 16 16

0 64 85 11 -4 6 8 17

0 54 74 63 -18 9 11 34

0 7 63 76 -18 6 10 37

0 75 87 25 -16 31 47 2

0 6 25 73 -6 6 17 21

0 60 85 35 -5 5 10 43

0 4 34 17 -8 3 8 24

0 19 28 17 -8 4 21 6

0 1 41 28 -9 10 36 6

0 14 59 52 -17 5 6 39

0 37 61 41 -6 31 32 1

0 8 21 25 -18 29 36 34

0 18 24 7 -6 6 14 38

0 20 41 90 -19 3 19 6

0 9 19 98 -18 0 1 18

0 49 73 66 -7 27 42 14

0 24 31 9 -3 15 25 28

0 29 61 93 -12 16 43 43

0 9 74 76 -7 0 12 44

0 24 70 35 -13 8 38 37

0 62 87 8 -4 11 22 44

0 56 71 35 -2 17 21 31

0 16 35 42 -14 31 35 46

0 22 39 17 -3 10 11 47

0 1 77 3 -6 2 12 19

0 15 18 68 -20 1 2 22

0 10 14 43 -10 6 8 18

0 13 28 90 -14 2 41 7

0 30 66 24 -14 6 47 9

0 4 92 75 -10 6 10 33

0 19 32 52 -7 6 11 48

0 0 67 1 -18 28 37 4

0 28 33 78 -19 16 46 6

0 19 96 34 -17 28 32 7

0 30 64 31 -4 21 30 41

0 81 90 16 -2 29 31 43

0 14 89 76 -6 6 26 28

0 25 92 22 -14 25 46 25

0 38 56 92 -3 17 22 16

0 1 82 10 -9 12 19 8

0 14 15 38 -12 1 26 9

0 0 1 62 -17 32 43 39

0 24 49 22 -17 32 45 49

0 6 59 80 -10 3 26 37

0 4 26 4 -13 3 21 27

0 4 14 78 -5 35 42 45

0 5 32 8 -2 1 7 33

0 6 14 33 -9 37 38 42

0 2 19 43 -8 8 30 38

0 6 62 75 -3 2 46 11

0 10 13 32 -4 6 12 33

0 12 25 57 -5 17 33 41

0 12 18 0 -16 17 26 43

0 0 9 33 -1 24 38 15

0 7 26 6 -19 24 25 46

0 11 12 85 -3 35 45 19

0 2 5 38 -17 20 40 48

0 0 7 91 -1 3 8 35

0 2 3 13 -14 13 42 1

0 0 3 53 -6 33 35 3

0 4 15 67 -15 1 12 35

0 15 46 58 -13 14 20 2

0 2 5 2 -5 18 20 22

0 15 28 24 -12 25 46 47

0 1 3 21 -17 21 33 3


SAlphaB: 703.0, std-dev 269.681769719779

Earliest win: 37
Latest win: 81

WinDepth:
0 0 0 0 0 0 0 0 0 0 0 0 0 0 0 0 0 0 0 0 0 0 0 0 0 0 0 0 0 0 0 0 0 0 0 0 0 2 1 2 14 12 1 8 8 12 8 37 23 71 64 192 73 114 73 154 114 179 137 175 140 235 240 319 354 398 409 349 495 389 471 479 367 392 391 358 337 223 191 150 108 66 
SAlphaB:
0 0 0 0 0 0 0 0 0 0 0 0 0 0 0 0 0 0 0 0 0 0 0 0 0 0 0 0 0 0 0 0 0 0 0 0 0 2 1 2 14 12 1 8 8 12 8 37 23 71 64 192 73 114 73 154 114 179 137 175 140 235 240 319 354 398 409 349 495 389 471 479 367 392 391 358 337 223 191 150 108 66 

LossDepth:
SAlphaB:
0 0 0 0 0 0 0 0 0 0 0 0 0 0 0 0 0 0 0 0 0 0 0 0 0 0 0 0 0 0 0 0 0 0 0 0 0 2 1 2 14 12 1 8 8 12 8 37 23 71 64 192 73 114 73 154 114 179 137 175 140 235 240 319 354 398 409 349 495 389 471 479 367 392 391 358 337 223 191 150 108 66 

FirstWin:
0 0 0 0 0 0 0 0 0 0 0 0 0 0 0 0 0 0 0 0 0 0 0 0 0 0 0 0 0 0 0 0 0 0 0 0 0 2 0 2 0 12 0 8 0 12 0 37 0 71 0 192 0 114 0 154 0 179 0 175 0 235 0 319 0 398 0 349 0 389 0 479 0 392 0 358 0 223 0 150 0 66 
SAlphaB:
0 0 0 0 0 0 0 0 0 0 0 0 0 0 0 0 0 0 0 0 0 0 0 0 0 0 0 0 0 0 0 0 0 0 0 0 0 2 0 2 0 12 0 8 0 12 0 37 0 71 0 192 0 114 0 154 0 179 0 175 0 235 0 319 0 398 0 349 0 389 0 479 0 392 0 358 0 223 0 150 0 66 

SecondWin:
0 0 0 0 0 0 0 0 0 0 0 0 0 0 0 0 0 0 0 0 0 0 0 0 0 0 0 0 0 0 0 0 0 0 0 0 0 0 1 0 14 0 1 0 8 0 8 0 23 0 64 0 73 0 73 0 114 0 137 0 140 0 240 0 354 0 409 0 495 0 471 0 367 0 391 0 337 0 191 0 108 0 
SAlphaB:
0 0 0 0 0 0 0 0 0 0 0 0 0 0 0 0 0 0 0 0 0 0 0 0 0 0 0 0 0 0 0 0 0 0 0 0 0 0 1 0 14 0 1 0 8 0 8 0 23 0 64 0 73 0 73 0 114 0 137 0 140 0 240 0 354 0 409 0 495 0 471 0 367 0 391 0 337 0 191 0 108 0 
