0 44 73 69 -20 9 18 9

0 38 50 43 -20 6 17 34

0 34 62 8 -9 13 35 5

0 70 86 96 -18 19 41 42

0 62 73 78 -9 14 46 40

0 67 78 55 -5 14 47 43

0 41 89 98 -7 38 47 33

0 31 64 63 -12 1 2 11

0 56 61 96 -11 2 14 0

0 80 90 51 -16 19 27 11

0 35 51 28 -9 4 8 7

0 14 54 83 -1 0 5 4

0 42 53 79 -5 10 30 47

0 60 95 3 -9 47 48 28

0 59 78 66 -13 1 2 25

0 6 78 24 -9 11 32 0

0 27 57 33 -15 4 12 7

0 17 87 26 -2 11 35 7

0 50 81 92 -14 8 10 46

0 34 49 61 -7 9 31 41

0 74 88 3 -1 10 35 39

0 76 87 8 -8 12 35 44

0 17 67 50 -8 14 36 1

0 54 72 44 -4 1 3 26

0 68 99 11 -17 4 12 45

0 29 57 12 -9 21 22 31

0 20 63 40 -17 17 34 30

0 65 79 62 -7 4 45 0

0 35 51 51 -17 27 41 11

0 35 39 6 -20 0 24 21

0 70 81 71 -13 24 26 18

0 11 26 19 -3 8 17 13

0 19 74 82 -11 27 34 4

0 26 43 66 -5 3 4 41

0 37 68 34 -7 0 38 23

0 12 84 91 -14 15 45 29

0 1 32 67 -9 4 5 10

0 41 76 16 -1 23 30 0

0 73 74 10 -5 2 34 39

0 45 56 97 -2 4 7 30

0 25 91 23 -19 5 33 41

0 9 41 19 -13 9 24 9

0 36 37 29 -13 6 25 30

0 9 80 52 -10 28 42 34

0 6 29 33 -3 7 10 35

0 9 79 15 -10 2 29 17

0 26 39 24 -9 5 7 25

0 13 59 42 -13 6 15 47

0 7 45 47 -9 0 2 40

0 19 37 30 -13 14 24 13

0 5 34 24 -6 26 34 21

0 18 38 88 -8 9 26 30

0 35 88 50 -19 16 20 49

0 57 89 64 -9 35 40 1

0 13 90 2 -20 13 31 15

0 12 98 96 -19 2 41 23

0 49 65 2 -12 0 28 3

0 12 42 99 -4 12 39 10

0 55 70 87 -8 0 19 48

0 2 76 38 -8 3 30 0

0 8 22 22 -14 5 8 15

0 44 54 15 -3 2 4 45

0 9 17 82 -1 29 33 3

0 1 76 42 -17 0 4 44

0 13 92 48 -8 18 20 28

0 6 29 10 -8 18 39 10

0 0 97 29 -7 3 10 28

0 7 38 17 -8 24 25 41

0 18 21 98 -1 3 14 38

0 15 80 83 -16 14 20 45

0 16 55 43 -16 21 33 41

0 17 34 64 -9 3 39 41

0 4 35 49 -18 40 43 22

0 25 32 83 -9 29 43 1

0 3 49 67 -17 2 33 4

0 2 8 72 -3 0 3 8

0 10 27 8 -19 0 17 38

0 5 7 5 -8 26 42 7

0 11 34 26 -10 14 18 37

0 49 57 73 -7 0 37 6

0 0 1 85 -16 10 42 23

0 43 70 24 -6 25 49 5

0 16 46 32 -11 8 42 42

0 6 7 45 -6 27 45 4

0 2 4 84 -10 3 34 13

0 24 40 69 -15 17 31 49

0 1 2 92 -16 3 36 48

0 2 14 74 -9 9 29 42

0 7 15 0 -3 4 22 32

0 11 14 69 -2 5 10 30

0 1 6 93 -16 9 11 2

0 2 3 68 -6 15 21 0

0 2 11 64 -20 12 34 21

0 2 4 86 -14 6 9 28

0 19 20 95 -4 28 48 3

0 8 15 48 -2 30 47 5

0 0 1 63 -10 19 26 25

0 0 2 86 -6 13 25 10

0 2 3 59 -15 1 11 29

0 3 7 69 -9 0 4 49


SAlphaB: 714.0, std-dev 262.17491125374505

Earliest win: 37
Latest win: 81

WinDepth:
0 0 0 0 0 0 0 0 0 0 0 0 0 0 0 0 0 0 0 0 0 0 0 0 0 0 0 0 0 0 0 0 0 0 0 0 0 1 1 2 0 9 7 3 21 21 16 33 42 81 68 182 78 119 69 212 87 204 145 161 166 185 205 334 323 335 377 400 446 447 441 463 422 398 389 360 303 254 202 144 105 79 
SAlphaB:
0 0 0 0 0 0 0 0 0 0 0 0 0 0 0 0 0 0 0 0 0 0 0 0 0 0 0 0 0 0 0 0 0 0 0 0 0 1 1 2 0 9 7 3 21 21 16 33 42 81 68 182 78 119 69 212 87 204 145 161 166 185 205 334 323 335 377 400 446 447 441 463 422 398 389 360 303 254 202 144 105 79 

LossDepth:
SAlphaB:
0 0 0 0 0 0 0 0 0 0 0 0 0 0 0 0 0 0 0 0 0 0 0 0 0 0 0 0 0 0 0 0 0 0 0 0 0 1 1 2 0 9 7 3 21 21 16 33 42 81 68 182 78 119 69 212 87 204 145 161 166 185 205 334 323 335 377 400 446 447 441 463 422 398 389 360 303 254 202 144 105 79 

FirstWin:
0 0 0 0 0 0 0 0 0 0 0 0 0 0 0 0 0 0 0 0 0 0 0 0 0 0 0 0 0 0 0 0 0 0 0 0 0 1 0 2 0 9 0 3 0 21 0 33 0 81 0 182 0 119 0 212 0 204 0 161 0 185 0 334 0 335 0 400 0 447 0 463 0 398 0 360 0 254 0 144 0 79 
SAlphaB:
0 0 0 0 0 0 0 0 0 0 0 0 0 0 0 0 0 0 0 0 0 0 0 0 0 0 0 0 0 0 0 0 0 0 0 0 0 1 0 2 0 9 0 3 0 21 0 33 0 81 0 182 0 119 0 212 0 204 0 161 0 185 0 334 0 335 0 400 0 447 0 463 0 398 0 360 0 254 0 144 0 79 

SecondWin:
0 0 0 0 0 0 0 0 0 0 0 0 0 0 0 0 0 0 0 0 0 0 0 0 0 0 0 0 0 0 0 0 0 0 0 0 0 0 1 0 0 0 7 0 21 0 16 0 42 0 68 0 78 0 69 0 87 0 145 0 166 0 205 0 323 0 377 0 446 0 441 0 422 0 389 0 303 0 202 0 105 0 
SAlphaB:
0 0 0 0 0 0 0 0 0 0 0 0 0 0 0 0 0 0 0 0 0 0 0 0 0 0 0 0 0 0 0 0 0 0 0 0 0 0 1 0 0 0 7 0 21 0 16 0 42 0 68 0 78 0 69 0 87 0 145 0 166 0 205 0 323 0 377 0 446 0 441 0 422 0 389 0 303 0 202 0 105 0 
