0 32 75 16 -3 6 16 13

0 65 91 6 -6 1 37 3

0 16 36 62 -6 1 7 4

0 8 44 68 -6 4 11 2

0 25 80 12 -5 9 11 7

0 25 58 33 -4 6 9 14

0 16 72 40 -11 1 2 10

0 67 93 36 -12 4 10 17

0 11 65 71 -17 27 47 29

0 49 94 6 -1 14 17 3

0 61 71 67 -18 3 12 13

0 43 79 97 -8 5 10 4

0 91 94 60 -16 1 10 32

0 80 97 92 -14 7 39 48

0 8 38 83 -14 6 15 31

0 93 94 72 -6 8 12 22

0 29 31 41 -20 16 34 24

0 94 97 1 -7 19 39 30

0 4 53 19 -11 22 36 9

0 77 85 20 -9 5 11 5

0 27 64 50 -9 18 40 27

0 43 67 31 -18 15 22 43

0 17 96 96 -5 4 20 26

0 0 81 36 -20 14 36 33

0 42 56 25 -9 10 37 25

0 11 53 6 -5 0 5 20

0 6 93 34 -6 26 45 15

0 66 85 90 -18 20 21 3

0 12 31 25 -4 12 29 25

0 47 50 92 -6 24 43 5

0 32 84 54 -1 6 13 48

0 4 39 30 -3 16 23 21

0 27 31 24 -13 43 44 38

0 59 83 41 -6 1 10 16

0 8 21 44 -13 0 3 32

0 58 64 45 -12 0 2 16

0 13 54 6 -13 33 45 22

0 11 20 74 -19 5 15 37

0 49 95 88 -5 19 48 17

0 45 48 31 -12 12 42 30

0 25 52 50 -12 11 15 16

0 35 41 85 -3 4 17 34

0 0 62 65 -9 1 2 3

0 10 11 30 -3 4 20 14

0 8 45 55 -5 1 25 7

0 28 46 52 -20 9 38 27

0 4 46 52 -6 8 12 10

0 15 17 41 -9 2 3 1

0 22 70 30 -16 8 15 17

0 6 21 89 -12 20 34 18

0 53 55 46 -9 13 22 45

0 7 12 21 -19 30 44 30

0 11 77 75 -6 8 33 26

0 48 77 52 -16 21 31 28

0 29 36 18 -16 7 18 19

0 76 93 43 -20 27 49 7

0 2 29 16 -9 27 32 17

0 17 49 82 -19 18 30 32

0 25 76 14 -5 44 45 9

0 23 41 30 -11 27 36 36

0 9 10 59 -17 19 41 23

0 7 58 33 -20 10 17 26

0 13 31 89 -9 8 15 34

0 50 51 27 -3 21 23 47

0 8 15 71 -14 6 39 14

0 12 25 17 -6 35 40 28

0 8 26 64 -19 5 18 16

0 4 71 90 -12 6 7 0

0 13 59 26 -9 6 21 44

0 9 92 1 -18 16 48 43

0 26 42 66 -8 19 24 44

0 74 80 43 -6 23 28 49

0 16 97 6 -20 14 22 2

0 16 53 11 -15 32 46 49

0 3 75 9 -18 8 12 43

0 5 62 49 -7 5 6 33

0 33 53 23 -17 7 41 46

0 11 36 22 -15 2 48 31

0 9 13 27 -11 9 30 29

0 1 6 81 -10 27 28 44

0 39 86 10 -12 21 24 16

0 3 8 82 -2 28 30 5

0 2 11 92 -3 14 26 17

0 20 26 21 -7 14 49 32

0 16 22 49 -5 31 45 49

0 8 45 64 -16 1 42 48

0 0 22 58 -3 9 41 22

0 0 2 20 -16 5 12 38

0 20 99 50 -16 36 38 0

0 3 4 76 -13 4 6 27

0 1 8 50 -9 7 10 8

0 0 6 99 -2 18 40 36

0 2 3 3 -5 12 21 42

0 3 14 65 -18 5 42 24

0 5 6 48 -19 24 36 5

0 15 16 94 -16 6 11 49

0 4 7 83 -10 0 30 38

0 0 1 83 -3 2 4 24

0 2 5 71 -8 0 36 38

0 0 5 33 -7 20 29 47


SAlphaB: 742.0, std-dev 288.3903387333693

Earliest win: 35
Latest win: 81

WinDepth:
0 0 0 0 0 0 0 0 0 0 0 0 0 0 0 0 0 0 0 0 0 0 0 0 0 0 0 0 0 0 0 0 0 0 0 1 1 2 0 0 1 7 1 39 4 23 17 37 14 85 67 180 79 92 61 128 110 143 139 181 166 214 289 306 345 377 442 417 456 425 440 495 382 453 405 328 292 274 134 137 110 73 
SAlphaB:
0 0 0 0 0 0 0 0 0 0 0 0 0 0 0 0 0 0 0 0 0 0 0 0 0 0 0 0 0 0 0 0 0 0 0 1 1 2 0 0 1 7 1 39 4 23 17 37 14 85 67 180 79 92 61 128 110 143 139 181 166 214 289 306 345 377 442 417 456 425 440 495 382 453 405 328 292 274 134 137 110 73 

LossDepth:
SAlphaB:
0 0 0 0 0 0 0 0 0 0 0 0 0 0 0 0 0 0 0 0 0 0 0 0 0 0 0 0 0 0 0 0 0 0 0 1 1 2 0 0 1 7 1 39 4 23 17 37 14 85 67 180 79 92 61 128 110 143 139 181 166 214 289 306 345 377 442 417 456 425 440 495 382 453 405 328 292 274 134 137 110 73 

FirstWin:
0 0 0 0 0 0 0 0 0 0 0 0 0 0 0 0 0 0 0 0 0 0 0 0 0 0 0 0 0 0 0 0 0 0 0 1 0 2 0 0 0 7 0 39 0 23 0 37 0 85 0 180 0 92 0 128 0 143 0 181 0 214 0 306 0 377 0 417 0 425 0 495 0 453 0 328 0 274 0 137 0 73 
SAlphaB:
0 0 0 0 0 0 0 0 0 0 0 0 0 0 0 0 0 0 0 0 0 0 0 0 0 0 0 0 0 0 0 0 0 0 0 1 0 2 0 0 0 7 0 39 0 23 0 37 0 85 0 180 0 92 0 128 0 143 0 181 0 214 0 306 0 377 0 417 0 425 0 495 0 453 0 328 0 274 0 137 0 73 

SecondWin:
0 0 0 0 0 0 0 0 0 0 0 0 0 0 0 0 0 0 0 0 0 0 0 0 0 0 0 0 0 0 0 0 0 0 0 0 1 0 0 0 1 0 1 0 4 0 17 0 14 0 67 0 79 0 61 0 110 0 139 0 166 0 289 0 345 0 442 0 456 0 440 0 382 0 405 0 292 0 134 0 110 0 
SAlphaB:
0 0 0 0 0 0 0 0 0 0 0 0 0 0 0 0 0 0 0 0 0 0 0 0 0 0 0 0 0 0 0 0 0 0 0 0 1 0 0 0 1 0 1 0 4 0 17 0 14 0 67 0 79 0 61 0 110 0 139 0 166 0 289 0 345 0 442 0 456 0 440 0 382 0 405 0 292 0 134 0 110 0 
