0 65 85 96 -19 9 38 26

0 45 52 54 -19 3 7 4

0 24 73 14 -7 2 6 39

0 64 87 96 -17 7 36 20

0 38 62 98 -18 3 29 30

0 62 86 0 -19 16 43 2

0 71 86 80 -12 3 34 34

0 66 90 33 -11 15 35 22

0 10 70 64 -20 0 4 16

0 43 71 64 -5 10 27 35

0 0 39 64 -12 7 16 23

0 23 30 57 -7 23 26 10

0 27 81 98 -19 21 27 16

0 58 96 29 -13 6 8 40

0 79 96 85 -2 14 39 36

0 30 43 81 -11 5 14 13

0 34 76 0 -11 2 4 19

0 10 35 40 -17 4 7 3

0 52 66 83 -3 7 23 44

0 79 86 1 -3 21 26 31

0 26 70 43 -20 8 21 35

0 12 90 88 -19 5 9 24

0 15 49 75 -6 22 23 43

0 23 26 62 -19 3 9 1

0 2 14 29 -14 19 44 1

0 10 24 42 -15 5 19 21

0 12 16 46 -10 3 4 6

0 33 36 55 -2 19 46 7

0 2 90 64 -15 1 6 7

0 32 42 6 -19 9 15 6

0 18 79 69 -18 2 25 1

0 76 80 1 -18 15 19 48

0 1 54 40 -11 27 28 1

0 27 61 17 -9 1 27 10

0 8 17 86 -4 8 21 12

0 30 39 7 -6 19 24 9

0 57 61 66 -13 21 40 21

0 18 21 84 -1 11 13 18

0 55 83 77 -18 20 30 26

0 25 36 46 -2 15 32 35

0 20 70 4 -20 11 14 28

0 56 57 71 -8 21 40 11

0 16 20 16 -2 4 14 11

0 16 43 1 -6 1 21 18

0 18 88 57 -9 13 15 19

0 20 58 82 -10 17 43 48

0 1 28 55 -11 26 36 27

0 8 10 69 -2 0 1 1

0 15 95 0 -13 3 28 22

0 34 59 71 -3 0 1 15

0 24 36 92 -6 14 15 4

0 46 58 91 -2 0 20 40

0 10 16 39 -11 10 42 11

0 17 73 26 -13 17 42 10

0 15 74 60 -16 0 9 43

0 23 44 72 -14 10 45 32

0 13 16 22 -10 8 19 8

0 0 47 79 -6 31 35 29

0 4 34 69 -9 23 39 28

0 21 27 62 -2 12 18 24

0 6 97 23 -17 13 19 0

0 15 55 8 -1 0 10 41

0 22 69 78 -11 32 40 6

0 1 2 34 -10 29 31 38

0 20 77 68 -4 24 27 8

0 8 13 45 -9 3 17 13

0 3 63 29 -18 29 37 21

0 5 18 50 -17 13 37 23

0 2 20 30 -4 4 14 28

0 85 95 19 -5 24 30 33

0 32 47 76 -15 21 44 12

0 0 1 29 -7 22 26 26

0 39 49 29 -2 40 47 40

0 1 4 70 -20 12 15 13

0 14 19 97 -11 0 9 46

0 5 15 87 -3 16 24 47

0 60 77 31 -18 28 33 6

0 6 44 10 -15 13 49 34

0 8 15 35 -2 14 32 21

0 1 2 17 -11 36 41 30

0 3 5 48 -15 16 20 18

0 25 85 7 -18 42 44 6

0 1 20 87 -6 1 3 19

0 10 28 44 -4 32 40 5

0 16 19 79 -1 4 9 42

0 13 16 54 -18 6 27 19

0 6 16 65 -6 0 9 32

0 9 11 93 -2 13 17 36

0 1 25 43 -10 1 2 37

0 2 5 47 -4 7 27 0

0 8 18 86 -19 18 23 41

0 7 23 84 -2 11 21 41

0 1 3 73 -20 20 36 3

0 8 27 50 -19 2 36 24

0 3 31 1 -14 44 47 36

0 1 3 49 -5 10 15 34

0 0 1 92 -8 8 45 45

0 2 3 68 -8 22 29 45

0 0 14 35 -13 2 28 49

0 6 10 95 -7 12 25 37


SAlphaB: 702.0, std-dev 263.0283002210441

Earliest win: 37
Latest win: 81

WinDepth:
0 0 0 0 0 0 0 0 0 0 0 0 0 0 0 0 0 0 0 0 0 0 0 0 0 0 0 0 0 0 0 0 0 0 0 0 0 3 0 3 2 8 3 12 8 23 14 21 38 51 88 216 148 128 84 181 100 200 172 166 145 232 222 330 300 372 393 378 420 449 484 447 385 395 396 356 265 255 171 131 89 86 
SAlphaB:
0 0 0 0 0 0 0 0 0 0 0 0 0 0 0 0 0 0 0 0 0 0 0 0 0 0 0 0 0 0 0 0 0 0 0 0 0 3 0 3 2 8 3 12 8 23 14 21 38 51 88 216 148 128 84 181 100 200 172 166 145 232 222 330 300 372 393 378 420 449 484 447 385 395 396 356 265 255 171 131 89 86 

LossDepth:
SAlphaB:
0 0 0 0 0 0 0 0 0 0 0 0 0 0 0 0 0 0 0 0 0 0 0 0 0 0 0 0 0 0 0 0 0 0 0 0 0 3 0 3 2 8 3 12 8 23 14 21 38 51 88 216 148 128 84 181 100 200 172 166 145 232 222 330 300 372 393 378 420 449 484 447 385 395 396 356 265 255 171 131 89 86 

FirstWin:
0 0 0 0 0 0 0 0 0 0 0 0 0 0 0 0 0 0 0 0 0 0 0 0 0 0 0 0 0 0 0 0 0 0 0 0 0 3 0 3 0 8 0 12 0 23 0 21 0 51 0 216 0 128 0 181 0 200 0 166 0 232 0 330 0 372 0 378 0 449 0 447 0 395 0 356 0 255 0 131 0 86 
SAlphaB:
0 0 0 0 0 0 0 0 0 0 0 0 0 0 0 0 0 0 0 0 0 0 0 0 0 0 0 0 0 0 0 0 0 0 0 0 0 3 0 3 0 8 0 12 0 23 0 21 0 51 0 216 0 128 0 181 0 200 0 166 0 232 0 330 0 372 0 378 0 449 0 447 0 395 0 356 0 255 0 131 0 86 

SecondWin:
0 0 0 0 0 0 0 0 0 0 0 0 0 0 0 0 0 0 0 0 0 0 0 0 0 0 0 0 0 0 0 0 0 0 0 0 0 0 0 0 2 0 3 0 8 0 14 0 38 0 88 0 148 0 84 0 100 0 172 0 145 0 222 0 300 0 393 0 420 0 484 0 385 0 396 0 265 0 171 0 89 0 
SAlphaB:
0 0 0 0 0 0 0 0 0 0 0 0 0 0 0 0 0 0 0 0 0 0 0 0 0 0 0 0 0 0 0 0 0 0 0 0 0 0 0 0 2 0 3 0 8 0 14 0 38 0 88 0 148 0 84 0 100 0 172 0 145 0 222 0 300 0 393 0 420 0 484 0 385 0 396 0 265 0 171 0 89 0 
