0 36 76 37 -2 3 41 21

0 74 79 94 -15 12 29 27

0 41 72 40 -1 11 29 25

0 47 50 24 -16 2 7 22

0 72 79 69 -20 3 5 17

0 75 86 26 -3 12 46 2

0 16 65 37 -19 2 4 8

0 16 61 34 -9 0 3 18

0 59 99 57 -2 19 41 27

0 44 89 24 -16 0 31 35

0 9 53 67 -18 4 11 10

0 41 67 86 -5 9 14 23

0 23 85 97 -3 11 14 11

0 78 91 45 -18 2 8 44

0 49 69 83 -18 34 48 14

0 25 44 88 -3 4 33 14

0 67 97 2 -17 5 8 22

0 65 77 15 -5 5 10 26

0 79 88 68 -6 10 22 34

0 21 65 19 -7 0 3 43

0 58 65 23 -10 3 5 28

0 73 98 6 -10 19 34 0

0 82 85 33 -18 3 9 15

0 12 82 95 -16 19 21 22

0 66 70 0 -17 13 15 37

0 8 81 52 -11 1 7 24

0 64 89 71 -5 19 45 0

0 26 55 68 -3 6 33 18

0 49 83 45 -2 20 45 15

0 11 33 13 -14 8 22 15

0 35 76 69 -9 13 41 45

0 30 36 18 -9 30 36 8

0 36 42 22 -6 23 49 8

0 26 50 89 -18 9 37 35

0 60 84 55 -1 12 13 34

0 42 85 25 -8 26 46 3

0 79 94 28 -10 6 16 29

0 16 37 70 -15 2 4 12

0 8 45 99 -5 22 38 0

0 34 59 43 -15 13 46 9

0 29 81 35 -20 12 14 14

0 49 53 7 -1 5 12 34

0 1 56 46 -10 14 22 17

0 87 89 51 -10 0 3 45

0 4 84 68 -4 26 44 3

0 83 90 7 -1 18 23 44

0 31 46 18 -1 36 47 28

0 85 91 10 -14 34 38 34

0 29 42 62 -7 0 9 39

0 15 20 25 -15 7 8 8

0 8 30 49 -3 8 14 21

0 35 45 28 -3 11 41 43

0 37 53 71 -3 4 17 43

0 3 74 18 -11 24 31 48

0 0 3 20 -18 29 34 33

0 47 75 37 -17 28 44 46

0 35 43 52 -15 1 36 21

0 13 46 41 -13 0 18 15

0 12 19 39 -3 30 42 30

0 14 95 64 -4 11 35 46

0 1 19 49 -3 12 15 2

0 29 59 21 -12 5 37 36

0 7 19 53 -1 15 29 19

0 15 67 69 -17 5 43 46

0 5 14 60 -17 0 13 15

0 11 12 39 -8 9 27 33

0 15 47 17 -6 9 40 7

0 15 16 36 -17 0 19 36

0 7 35 30 -19 3 18 37

0 2 42 60 -13 1 27 28

0 6 36 76 -20 11 12 42

0 9 31 2 -10 5 16 8

0 8 55 45 -12 19 23 37

0 3 25 60 -9 2 7 40

0 27 74 9 -18 15 28 38

0 30 57 11 -8 23 25 26

0 16 38 85 -10 12 47 33

0 8 31 59 -18 3 29 10

0 4 16 67 -1 22 27 29

0 21 28 95 -15 0 18 33

0 38 86 66 -4 34 40 18

0 55 65 64 -7 31 36 19

0 1 52 73 -4 2 18 48

0 24 31 51 -16 1 25 6

0 6 28 40 -15 11 26 29

0 0 8 14 -10 5 15 17

0 2 17 10 -12 4 8 39

0 3 23 28 -11 6 11 20

0 22 36 37 -2 6 28 35

0 8 12 58 -17 10 14 48

0 7 32 25 -1 14 25 44

0 1 21 35 -18 3 5 46

0 4 18 2 -10 45 48 2

0 9 11 4 -3 16 22 2

0 8 15 68 -2 48 49 23

0 1 59 1 -9 15 39 46

0 1 2 86 -12 13 14 40

0 4 6 2 -12 0 43 41

0 0 1 29 -3 0 4 31

0 0 2 44 -4 6 37 4


SAlphaB: 719.0, std-dev 264.84907861732205

Earliest win: 35
Latest win: 81

WinDepth:
0 0 0 0 0 0 0 0 0 0 0 0 0 0 0 0 0 0 0 0 0 0 0 0 0 0 0 0 0 0 0 0 0 0 0 1 0 2 1 5 3 1 3 22 11 17 17 21 23 77 61 232 76 135 89 143 111 187 127 159 177 241 220 345 305 403 394 406 451 448 484 469 395 410 338 351 272 301 199 129 112 87 
SAlphaB:
0 0 0 0 0 0 0 0 0 0 0 0 0 0 0 0 0 0 0 0 0 0 0 0 0 0 0 0 0 0 0 0 0 0 0 1 0 2 1 5 3 1 3 22 11 17 17 21 23 77 61 232 76 135 89 143 111 187 127 159 177 241 220 345 305 403 394 406 451 448 484 469 395 410 338 351 272 301 199 129 112 87 

LossDepth:
SAlphaB:
0 0 0 0 0 0 0 0 0 0 0 0 0 0 0 0 0 0 0 0 0 0 0 0 0 0 0 0 0 0 0 0 0 0 0 1 0 2 1 5 3 1 3 22 11 17 17 21 23 77 61 232 76 135 89 143 111 187 127 159 177 241 220 345 305 403 394 406 451 448 484 469 395 410 338 351 272 301 199 129 112 87 

FirstWin:
0 0 0 0 0 0 0 0 0 0 0 0 0 0 0 0 0 0 0 0 0 0 0 0 0 0 0 0 0 0 0 0 0 0 0 1 0 2 0 5 0 1 0 22 0 17 0 21 0 77 0 232 0 135 0 143 0 187 0 159 0 241 0 345 0 403 0 406 0 448 0 469 0 410 0 351 0 301 0 129 0 87 
SAlphaB:
0 0 0 0 0 0 0 0 0 0 0 0 0 0 0 0 0 0 0 0 0 0 0 0 0 0 0 0 0 0 0 0 0 0 0 1 0 2 0 5 0 1 0 22 0 17 0 21 0 77 0 232 0 135 0 143 0 187 0 159 0 241 0 345 0 403 0 406 0 448 0 469 0 410 0 351 0 301 0 129 0 87 

SecondWin:
0 0 0 0 0 0 0 0 0 0 0 0 0 0 0 0 0 0 0 0 0 0 0 0 0 0 0 0 0 0 0 0 0 0 0 0 0 0 1 0 3 0 3 0 11 0 17 0 23 0 61 0 76 0 89 0 111 0 127 0 177 0 220 0 305 0 394 0 451 0 484 0 395 0 338 0 272 0 199 0 112 0 
SAlphaB:
0 0 0 0 0 0 0 0 0 0 0 0 0 0 0 0 0 0 0 0 0 0 0 0 0 0 0 0 0 0 0 0 0 0 0 0 0 0 1 0 3 0 3 0 11 0 17 0 23 0 61 0 76 0 89 0 111 0 127 0 177 0 220 0 305 0 394 0 451 0 484 0 395 0 338 0 272 0 199 0 112 0 
