0 29 92 82 -10 6 10 1

0 32 72 87 -11 0 7 11

0 54 98 49 -15 1 13 25

0 63 87 17 -10 4 12 17

0 24 85 24 -12 4 7 6

0 28 66 50 -13 3 12 5

0 53 80 55 -8 5 23 22

0 63 81 46 -3 12 41 27

0 28 40 60 -13 0 2 12

0 74 85 93 -14 5 44 31

0 36 39 51 -9 0 10 16

0 52 86 0 -7 8 26 5

0 23 51 28 -19 0 1 15

0 30 76 63 -11 1 8 12

0 37 82 59 -11 4 17 34

0 85 93 37 -13 9 29 13

0 32 95 73 -3 3 13 2

0 70 79 82 -5 7 15 7

0 53 94 47 -9 4 26 16

0 40 78 57 -18 4 11 12

0 28 37 87 -14 0 12 10

0 60 86 92 -13 10 40 17

0 33 80 90 -11 4 15 38

0 59 72 32 -8 6 21 35

0 70 83 20 -15 3 9 25

0 21 92 90 -1 4 11 30

0 52 88 44 -19 1 16 12

0 30 85 25 -9 3 30 32

0 75 84 99 -12 4 22 18

0 28 63 50 -19 1 10 23

0 68 79 67 -13 1 10 10

0 26 93 79 -15 1 2 8

0 31 82 0 -12 0 1 4

0 42 98 36 -18 5 25 27

0 61 94 96 -4 3 7 1

0 65 99 92 -3 1 33 8

0 64 74 6 -19 9 26 13

0 19 23 17 -6 1 10 10

0 20 47 33 -10 1 4 15

0 67 90 99 -11 7 23 18

0 43 68 42 -3 9 24 23

0 54 75 23 -8 6 33 7

0 29 68 38 -16 2 8 29

0 25 47 97 -6 4 18 10

0 68 78 99 -10 15 44 36

0 47 87 18 -16 0 5 36

0 14 92 93 -9 0 7 4

0 41 91 10 -2 7 22 31

0 44 58 31 -17 9 18 6

0 54 90 38 -1 5 44 24

0 19 57 80 -6 0 1 3

0 41 51 19 -19 2 5 34

0 26 95 20 -13 4 16 42

0 24 46 27 -6 3 13 7

0 51 87 44 -3 15 44 8

0 36 45 43 -11 4 34 19

0 64 84 84 -12 2 3 6

0 44 89 61 -17 1 3 27

0 81 90 70 -12 5 23 19

0 28 82 41 -3 13 34 2

0 23 88 40 -10 0 16 0

0 49 50 57 -7 6 25 14

0 24 63 50 -8 5 13 20

0 50 65 50 -13 6 14 24

0 48 95 45 -7 3 4 10

0 60 66 95 -16 1 14 14

0 27 40 89 -3 7 15 6

0 77 83 26 -1 5 6 18

0 15 49 63 -15 0 1 14

0 6 96 93 -12 10 27 19

0 90 91 93 -19 7 31 9

0 20 47 61 -19 0 1 33

0 32 70 50 -16 0 25 36

0 26 52 79 -5 7 18 5

0 3 90 26 -8 2 3 9

0 24 99 68 -16 0 5 33

0 47 73 64 -7 10 20 11

0 70 73 61 -11 1 32 42

0 34 56 81 -3 12 24 3

0 41 80 60 -17 9 15 7

0 52 65 43 -18 4 11 37

0 39 46 43 -2 4 25 24

0 12 97 48 -16 6 14 13

0 43 52 22 -4 9 36 21

0 31 70 97 -3 33 47 31

0 12 38 19 -5 19 36 2

0 19 92 52 -2 12 17 14

0 10 36 75 -13 11 23 22

0 37 76 40 -4 11 21 17

0 3 81 47 -17 22 36 24

0 12 42 89 -18 0 4 12

0 6 49 77 -7 5 17 39

0 87 97 72 -20 15 21 34

0 15 75 46 -17 31 38 32

0 20 26 75 -10 16 26 10

0 10 48 99 -18 13 18 8

0 37 91 88 -8 1 36 28

0 48 65 17 -4 5 9 8

0 14 54 96 -8 27 38 15

0 2 72 58 -18 11 24 2


SAlphaB: 1099.0, std-dev 396.7316470839953

Earliest win: 35
Latest win: 81

WinDepth:
0 0 0 0 0 0 0 0 0 0 0 0 0 0 0 0 0 0 0 0 0 0 0 0 0 0 0 0 0 0 0 0 0 0 0 4 2 7 3 22 3 20 29 23 21 48 61 191 72 217 206 389 161 297 235 389 335 588 401 636 475 641 641 816 728 952 851 954 895 997 985 982 867 854 908 742 638 486 390 307 196 152 
SAlphaB:
0 0 0 0 0 0 0 0 0 0 0 0 0 0 0 0 0 0 0 0 0 0 0 0 0 0 0 0 0 0 0 0 0 0 0 4 2 7 3 22 3 20 29 23 21 48 61 191 72 217 206 389 161 297 235 389 335 588 401 636 475 641 641 816 728 952 851 954 895 997 985 982 867 854 908 742 638 486 390 307 196 152 

LossDepth:
SAlphaB:
0 0 0 0 0 0 0 0 0 0 0 0 0 0 0 0 0 0 0 0 0 0 0 0 0 0 0 0 0 0 0 0 0 0 0 1 0 2 3 12 0 15 10 13 11 37 39 106 38 110 146 172 88 155 126 235 199 357 226 398 278 433 399 645 562 701 655 773 632 817 745 799 616 703 700 623 480 444 304 292 223 150 

FirstWin:
0 0 0 0 0 0 0 0 0 0 0 0 0 0 0 0 0 0 0 0 0 0 0 0 0 0 0 0 0 0 0 0 0 0 0 4 0 7 0 22 0 20 0 23 0 48 0 191 0 217 0 389 0 297 0 389 0 588 0 636 0 641 0 816 0 952 0 954 0 997 0 982 0 854 0 742 0 486 0 307 0 152 
SAlphaB:
0 0 0 0 0 0 0 0 0 0 0 0 0 0 0 0 0 0 0 0 0 0 0 0 0 0 0 0 0 0 0 0 0 0 0 4 0 7 0 22 0 20 0 23 0 48 0 191 0 217 0 389 0 297 0 389 0 588 0 636 0 641 0 816 0 952 0 954 0 997 0 982 0 854 0 742 0 486 0 307 0 152 

SecondWin:
0 0 0 0 0 0 0 0 0 0 0 0 0 0 0 0 0 0 0 0 0 0 0 0 0 0 0 0 0 0 0 0 0 0 0 0 2 0 3 0 3 0 29 0 21 0 61 0 72 0 206 0 161 0 235 0 335 0 401 0 475 0 641 0 728 0 851 0 895 0 985 0 867 0 908 0 638 0 390 0 196 0 
SAlphaB:
0 0 0 0 0 0 0 0 0 0 0 0 0 0 0 0 0 0 0 0 0 0 0 0 0 0 0 0 0 0 0 0 0 0 0 0 2 0 3 0 3 0 29 0 21 0 61 0 72 0 206 0 161 0 235 0 335 0 401 0 475 0 641 0 728 0 851 0 895 0 985 0 867 0 908 0 638 0 390 0 196 0 
