0 28 66 50 -13 3 12 5

0 70 79 82 -5 7 15 7

0 52 88 44 -19 1 16 12

0 87 97 72 -20 15 21 34

0 19 92 52 -2 12 17 14

0 75 84 99 -12 4 22 18

0 54 75 23 -8 6 33 7

0 50 65 50 -13 6 14 24

0 2 72 58 -18 11 24 2

0 28 37 87 -14 0 12 10

0 11 97 54 -7 5 13 25

0 32 64 38 -17 11 25 46

0 40 61 45 -19 1 2 35

0 13 61 72 -16 31 35 22

0 7 79 87 -11 0 1 7

0 37 52 92 -8 3 15 12

0 31 51 21 -19 1 5 22

0 33 53 37 -20 13 14 36

0 30 86 5 -18 1 9 4

0 72 74 68 -19 11 43 18

0 62 98 3 -9 3 8 37

0 71 86 3 -6 3 10 30

0 67 73 28 -8 5 34 46

0 51 81 53 -4 19 22 6

0 50 69 2 -14 5 9 34

0 36 63 54 -19 2 22 28

0 30 91 69 -19 6 9 37

0 21 57 27 -9 7 11 10

0 14 57 7 -12 6 7 31

0 21 27 52 -2 4 10 9

0 54 86 76 -12 22 41 43

0 18 61 78 -18 0 12 31

0 23 28 76 -10 22 35 4

0 18 31 89 -9 12 14 13

0 82 90 93 -2 29 43 16

0 25 81 16 -16 2 3 22

0 8 71 58 -4 5 12 16

0 38 49 8 -7 0 7 47

0 74 81 92 -5 4 18 45

0 32 73 58 -6 37 41 39

0 14 27 87 -14 1 2 20

0 65 82 31 -18 3 4 35

0 9 22 77 -5 2 25 1

0 67 87 68 -2 7 13 49

0 4 70 18 -4 0 7 16

0 4 63 50 -2 0 2 38

0 74 79 93 -13 38 41 38

0 1 25 28 -13 20 21 7

0 12 61 99 -19 26 41 0

0 8 68 69 -2 13 22 12

0 4 25 66 -7 11 15 5

0 38 65 24 -3 20 47 45

0 42 87 40 -13 21 38 18

0 18 25 22 -14 24 32 10

0 0 44 17 -10 0 14 18

0 2 32 63 -20 19 27 19

0 39 53 77 -8 11 29 41

0 41 93 68 -13 23 44 19

0 22 95 46 -6 19 35 35

0 52 64 50 -17 16 28 37

0 24 59 87 -17 11 45 34

0 39 69 32 -3 28 40 21

0 20 51 22 -5 34 39 41

0 19 51 57 -6 23 35 40

0 31 57 73 -12 26 27 16

0 20 22 32 -9 2 5 39

0 12 21 49 -6 18 28 9

0 16 31 64 -13 2 16 21

0 17 98 50 -15 19 34 2

0 11 12 82 -17 6 16 36

0 21 54 18 -9 18 26 15

0 7 26 12 -9 37 38 20

0 44 49 57 -6 20 33 41

0 3 31 49 -7 33 44 27

0 25 29 91 -5 0 12 44

0 4 77 58 -19 12 37 17

0 6 24 56 -13 28 35 33

0 32 48 50 -2 19 22 26

0 4 50 10 -11 17 33 23

0 39 64 1 -13 12 49 39

0 7 9 65 -1 8 11 11

0 3 10 52 -14 6 21 20

0 13 26 93 -10 0 1 44

0 24 26 2 -19 41 42 13

0 5 31 21 -6 35 40 28

0 59 97 62 -1 40 44 20

0 8 33 52 -10 15 49 44

0 2 32 45 -8 3 40 16

0 8 34 40 -8 2 37 17

0 1 7 27 -17 11 28 18

0 3 5 92 -16 4 17 15

0 11 25 6 -16 24 43 36

0 13 27 59 -16 24 35 6

0 2 5 93 -16 3 30 36

0 0 2 17 -5 1 2 12

0 3 5 69 -20 25 29 42

0 4 6 91 -9 8 17 20

0 5 62 86 -1 5 42 31

0 2 4 47 -14 7 22 33

0 0 3 97 -1 4 12 34


SAlphaB: 1023.0, std-dev 402.98074464613757

Earliest win: 39
Latest win: 81

WinDepth:
0 0 0 0 0 0 0 0 0 0 0 0 0 0 0 0 0 0 0 0 0 0 0 0 0 0 0 0 0 0 0 0 0 0 0 0 0 0 0 7 0 2 3 20 11 25 28 35 24 104 94 189 59 111 87 167 136 235 151 172 172 238 231 374 319 369 375 343 499 387 419 476 408 377 384 352 293 209 186 117 72 68 
SAlphaB:
0 0 0 0 0 0 0 0 0 0 0 0 0 0 0 0 0 0 0 0 0 0 0 0 0 0 0 0 0 0 0 0 0 0 0 0 0 0 0 7 0 2 3 20 11 25 28 35 24 104 94 189 59 111 87 167 136 235 151 172 172 238 231 374 319 369 375 343 499 387 419 476 408 377 384 352 293 209 186 117 72 68 

LossDepth:
SAlphaB:
0 0 0 0 0 0 0 0 0 0 0 0 0 0 0 0 0 0 0 0 0 0 0 0 0 0 0 0 0 0 0 0 0 0 0 0 0 0 0 7 0 2 3 20 11 25 28 35 24 104 94 189 59 111 87 167 136 235 151 172 172 238 231 374 319 369 375 343 499 387 419 476 408 377 384 352 293 209 186 117 72 68 

FirstWin:
0 0 0 0 0 0 0 0 0 0 0 0 0 0 0 0 0 0 0 0 0 0 0 0 0 0 0 0 0 0 0 0 0 0 0 0 0 0 0 7 0 2 0 20 0 25 0 35 0 104 0 189 0 111 0 167 0 235 0 172 0 238 0 374 0 369 0 343 0 387 0 476 0 377 0 352 0 209 0 117 0 68 
SAlphaB:
0 0 0 0 0 0 0 0 0 0 0 0 0 0 0 0 0 0 0 0 0 0 0 0 0 0 0 0 0 0 0 0 0 0 0 0 0 0 0 7 0 2 0 20 0 25 0 35 0 104 0 189 0 111 0 167 0 235 0 172 0 238 0 374 0 369 0 343 0 387 0 476 0 377 0 352 0 209 0 117 0 68 

SecondWin:
0 0 0 0 0 0 0 0 0 0 0 0 0 0 0 0 0 0 0 0 0 0 0 0 0 0 0 0 0 0 0 0 0 0 0 0 0 0 0 0 0 0 3 0 11 0 28 0 24 0 94 0 59 0 87 0 136 0 151 0 172 0 231 0 319 0 375 0 499 0 419 0 408 0 384 0 293 0 186 0 72 0 
SAlphaB:
0 0 0 0 0 0 0 0 0 0 0 0 0 0 0 0 0 0 0 0 0 0 0 0 0 0 0 0 0 0 0 0 0 0 0 0 0 0 0 0 0 0 3 0 11 0 28 0 24 0 94 0 59 0 87 0 136 0 151 0 172 0 231 0 319 0 375 0 499 0 419 0 408 0 384 0 293 0 186 0 72 0 
