0 23 51 28 -19 0 1 15

0 26 93 79 -15 1 2 8

0 54 90 38 -1 5 44 24

0 12 42 89 -18 0 4 12

0 70 73 61 -11 1 32 42

0 61 94 96 -4 3 7 1

0 36 45 43 -11 4 34 19

0 48 95 45 -7 3 4 10

0 51 87 44 -3 15 44 8

0 36 39 51 -9 0 10 16

0 1 52 28 -15 42 49 49

0 19 75 66 -9 3 13 45

0 61 83 88 -11 15 16 19

0 26 87 91 -20 5 6 48

0 8 73 99 -7 11 26 25

0 15 43 66 -17 0 16 12

0 49 57 30 -4 30 46 5

0 18 64 89 -18 37 44 31

0 33 37 82 -1 9 21 25

0 78 87 90 -12 20 24 11

0 65 95 87 -10 15 47 5

0 25 90 43 -3 0 3 44

0 24 42 22 -7 10 19 30

0 13 77 42 -9 0 12 49

0 50 74 68 -10 0 4 45

0 18 28 22 -10 23 34 20

0 72 73 82 -13 3 4 0

0 19 63 67 -7 11 15 26

0 9 94 58 -6 42 47 16

0 31 36 32 -5 4 9 6

0 30 76 50 -10 25 38 20

0 2 54 50 -19 34 45 40

0 38 50 34 -12 24 25 26

0 10 98 88 -6 7 43 38

0 25 73 22 -2 10 12 10

0 31 40 24 -13 14 15 26

0 40 48 99 -1 13 46 28

0 16 85 29 -7 10 43 11

0 21 31 12 -18 19 20 3

0 8 88 68 -1 6 8 11

0 13 25 60 -2 0 1 39

0 0 53 26 -15 35 44 38

0 15 61 62 -17 9 33 16

0 30 44 37 -6 6 49 0

0 61 67 64 -3 27 29 37

0 29 76 49 -17 30 43 16

0 45 52 55 -7 0 21 35

0 7 68 73 -13 46 47 6

0 6 28 47 -6 44 47 5

0 26 32 19 -7 40 44 38

0 14 57 45 -18 20 35 19

0 40 85 27 -6 35 37 49

0 38 80 53 -15 27 28 45

0 63 90 8 -19 33 43 49

0 14 30 69 -17 15 26 2

0 7 54 73 -6 32 40 25

0 23 51 14 -16 9 34 14

0 10 43 99 -19 6 13 36

0 0 53 52 -4 1 4 5

0 22 73 21 -10 4 43 31

0 7 10 89 -13 6 18 32

0 29 31 75 -1 2 37 25

0 22 95 43 -10 46 49 2

0 15 33 62 -17 13 35 41

0 4 45 80 -9 6 23 43

0 31 32 79 -12 11 46 24

0 18 41 70 -5 32 42 44

0 50 61 34 -18 26 45 47

0 15 77 87 -13 5 24 34

0 4 69 30 -14 15 21 32

0 15 16 99 -14 27 38 21

0 30 40 28 -19 21 26 26

0 51 63 14 -11 1 44 35

0 21 22 86 -11 22 37 30

0 19 20 6 -15 8 9 40

0 2 14 68 -2 37 41 32

0 19 23 8 -17 23 40 8

0 31 33 69 -6 7 13 44

0 1 11 57 -7 8 38 8

0 8 12 68 -4 19 46 30

0 0 1 45 -15 4 31 34

0 6 7 74 -1 8 35 18

0 0 54 51 -8 35 37 47

0 4 13 22 -13 7 35 22

0 7 50 95 -11 37 42 29

0 4 5 39 -20 1 23 21

0 16 19 26 -14 7 32 46

0 2 26 96 -5 6 8 47

0 2 5 83 -2 1 3 37

0 13 18 48 -19 2 19 47

0 5 27 15 -4 11 17 39

0 11 12 55 -15 11 47 9

0 0 5 56 -19 2 8 44

0 7 12 60 -16 3 13 49

0 2 4 67 -5 0 3 38

0 3 17 32 -1 5 12 35

0 10 33 50 -15 30 41 13

0 9 14 96 -9 21 35 48

0 7 20 37 -6 7 36 44

0 1 5 3 -20 13 14 38


SAlphaB: 1030.0, std-dev 385.4513326588518

Earliest win: 37
Latest win: 81

WinDepth:
0 0 0 0 0 0 0 0 0 0 0 0 0 0 0 0 0 0 0 0 0 0 0 0 0 0 0 0 0 0 0 0 0 0 0 0 0 6 0 0 0 7 4 15 9 26 8 52 41 67 102 162 120 127 80 169 116 214 142 200 158 219 244 354 335 349 372 408 454 386 537 422 431 442 354 370 227 272 171 140 76 69 
SAlphaB:
0 0 0 0 0 0 0 0 0 0 0 0 0 0 0 0 0 0 0 0 0 0 0 0 0 0 0 0 0 0 0 0 0 0 0 0 0 6 0 0 0 7 4 15 9 26 8 52 41 67 102 162 120 127 80 169 116 214 142 200 158 219 244 354 335 349 372 408 454 386 537 422 431 442 354 370 227 272 171 140 76 69 

LossDepth:
SAlphaB:
0 0 0 0 0 0 0 0 0 0 0 0 0 0 0 0 0 0 0 0 0 0 0 0 0 0 0 0 0 0 0 0 0 0 0 0 0 6 0 0 0 7 4 15 9 26 8 52 41 67 102 162 120 127 80 169 116 214 142 200 158 219 244 354 335 349 372 408 454 386 537 422 431 442 354 370 227 272 171 140 76 69 

FirstWin:
0 0 0 0 0 0 0 0 0 0 0 0 0 0 0 0 0 0 0 0 0 0 0 0 0 0 0 0 0 0 0 0 0 0 0 0 0 6 0 0 0 7 0 15 0 26 0 52 0 67 0 162 0 127 0 169 0 214 0 200 0 219 0 354 0 349 0 408 0 386 0 422 0 442 0 370 0 272 0 140 0 69 
SAlphaB:
0 0 0 0 0 0 0 0 0 0 0 0 0 0 0 0 0 0 0 0 0 0 0 0 0 0 0 0 0 0 0 0 0 0 0 0 0 6 0 0 0 7 0 15 0 26 0 52 0 67 0 162 0 127 0 169 0 214 0 200 0 219 0 354 0 349 0 408 0 386 0 422 0 442 0 370 0 272 0 140 0 69 

SecondWin:
0 0 0 0 0 0 0 0 0 0 0 0 0 0 0 0 0 0 0 0 0 0 0 0 0 0 0 0 0 0 0 0 0 0 0 0 0 0 0 0 0 0 4 0 9 0 8 0 41 0 102 0 120 0 80 0 116 0 142 0 158 0 244 0 335 0 372 0 454 0 537 0 431 0 354 0 227 0 171 0 76 0 
SAlphaB:
0 0 0 0 0 0 0 0 0 0 0 0 0 0 0 0 0 0 0 0 0 0 0 0 0 0 0 0 0 0 0 0 0 0 0 0 0 0 0 0 0 0 4 0 9 0 8 0 41 0 102 0 120 0 80 0 116 0 142 0 158 0 244 0 335 0 372 0 454 0 537 0 431 0 354 0 227 0 171 0 76 0 
