0 29 92 82 -10 6 10 1

0 23 88 40 -10 0 16 0

0 19 57 80 -6 0 1 3

0 19 23 17 -6 1 10 10

0 53 80 55 -8 5 23 22

0 37 76 40 -4 11 21 17

0 67 90 99 -11 7 23 18

0 41 80 60 -17 9 15 7

0 68 79 67 -13 1 10 10

0 49 50 57 -7 6 25 14

0 54 66 48 -2 11 46 19

0 63 91 72 -7 0 5 18

0 14 98 0 -2 1 2 9

0 62 68 31 -16 6 17 6

0 92 93 41 -1 3 8 21

0 16 77 39 -14 3 10 20

0 72 99 18 -7 0 39 32

0 59 82 78 -17 21 34 27

0 45 90 1 -7 0 48 7

0 55 94 23 -14 11 32 22

0 44 89 97 -16 4 10 3

0 5 49 97 -18 0 1 7

0 2 48 72 -4 20 24 34

0 34 68 10 -11 2 3 43

0 29 84 68 -9 27 45 18

0 46 54 68 -16 4 44 34

0 26 90 82 -9 9 10 19

0 66 95 79 -15 10 49 44

0 38 45 97 -19 0 6 30

0 21 84 23 -8 13 16 48

0 88 96 21 -5 6 7 30

0 39 70 54 -12 8 22 47

0 6 24 26 -6 1 2 16

0 23 96 87 -15 4 35 38

0 15 53 97 -18 2 24 26

0 67 87 17 -7 12 38 43

0 71 88 54 -4 7 46 6

0 37 54 6 -9 0 21 35

0 26 87 68 -14 17 25 37

0 27 61 73 -14 9 34 6

0 47 78 41 -1 16 42 44

0 37 47 43 -2 1 37 13

0 91 95 39 -15 0 31 19

0 13 20 40 -14 10 12 11

0 42 85 37 -4 9 46 0

0 38 52 79 -11 0 36 18

0 44 79 58 -15 14 29 12

0 17 97 93 -8 17 27 29

0 12 51 65 -15 16 17 38

0 8 50 9 -13 13 41 18

0 34 64 47 -20 2 5 30

0 21 94 82 -12 5 22 26

0 3 12 73 -17 4 12 43

0 33 70 19 -9 18 22 34

0 18 83 99 -12 26 30 29

0 22 76 36 -10 10 34 34

0 26 69 4 -20 26 41 0

0 2 17 68 -17 5 8 36

0 34 53 13 -18 3 19 11

0 1 25 80 -9 6 18 25

0 4 53 58 -20 1 9 17

0 45 50 28 -11 28 29 34

0 3 10 91 -10 1 2 4

0 12 94 72 -13 7 11 4

0 15 19 90 -19 1 5 7

0 10 33 47 -12 32 40 41

0 12 51 52 -6 25 44 1

0 5 24 60 -1 5 21 9

0 28 99 37 -8 6 38 43

0 18 23 99 -13 27 32 37

0 10 19 66 -16 7 13 40

0 16 20 90 -6 10 34 47

0 8 28 32 -16 38 44 37

0 1 80 13 -6 18 28 40

0 22 24 67 -15 9 43 15

0 7 38 32 -4 30 39 0

0 6 26 71 -11 16 47 23

0 6 26 62 -4 0 8 5

0 22 43 40 -18 22 27 0

0 26 52 13 -19 4 48 10

0 12 35 4 -2 0 13 42

0 16 34 28 -12 30 41 43

0 26 52 4 -17 11 46 34

0 5 12 8 -7 24 43 29

0 4 14 98 -6 13 31 34

0 4 14 4 -12 4 19 20

0 2 12 66 -11 4 20 6

0 0 2 69 -2 15 17 10

0 2 5 1 -7 28 43 23

0 8 17 3 -18 12 19 6

0 2 22 87 -12 5 22 48

0 0 1 80 -7 0 22 3

0 6 17 97 -12 1 45 11

0 5 25 42 -11 19 25 0

0 0 4 72 -1 1 27 33

0 1 3 23 -6 2 29 41

0 8 14 10 -9 1 5 32

0 11 25 58 -7 2 13 46

0 7 24 8 -18 28 34 0

0 6 9 80 -2 2 26 32


SAlphaB: 1058.0, std-dev 400.72567640129165

Earliest win: 36
Latest win: 81

WinDepth:
0 0 0 0 0 0 0 0 0 0 0 0 0 0 0 0 0 0 0 0 0 0 0 0 0 0 0 0 0 0 0 0 0 0 0 0 1 8 1 6 0 4 16 7 16 21 19 52 48 63 60 169 100 117 148 160 164 220 170 202 180 278 255 369 334 394 388 348 432 397 427 428 360 409 390 359 254 203 159 128 94 66 
SAlphaB:
0 0 0 0 0 0 0 0 0 0 0 0 0 0 0 0 0 0 0 0 0 0 0 0 0 0 0 0 0 0 0 0 0 0 0 0 1 8 1 6 0 4 16 7 16 21 19 52 48 63 60 169 100 117 148 160 164 220 170 202 180 278 255 369 334 394 388 348 432 397 427 428 360 409 390 359 254 203 159 128 94 66 

LossDepth:
SAlphaB:
0 0 0 0 0 0 0 0 0 0 0 0 0 0 0 0 0 0 0 0 0 0 0 0 0 0 0 0 0 0 0 0 0 0 0 0 1 8 1 6 0 4 16 7 16 21 19 52 48 63 60 169 100 117 148 160 164 220 170 202 180 278 255 369 334 394 388 348 432 397 427 428 360 409 390 359 254 203 159 128 94 66 

FirstWin:
0 0 0 0 0 0 0 0 0 0 0 0 0 0 0 0 0 0 0 0 0 0 0 0 0 0 0 0 0 0 0 0 0 0 0 0 0 8 0 6 0 4 0 7 0 21 0 52 0 63 0 169 0 117 0 160 0 220 0 202 0 278 0 369 0 394 0 348 0 397 0 428 0 409 0 359 0 203 0 128 0 66 
SAlphaB:
0 0 0 0 0 0 0 0 0 0 0 0 0 0 0 0 0 0 0 0 0 0 0 0 0 0 0 0 0 0 0 0 0 0 0 0 0 8 0 6 0 4 0 7 0 21 0 52 0 63 0 169 0 117 0 160 0 220 0 202 0 278 0 369 0 394 0 348 0 397 0 428 0 409 0 359 0 203 0 128 0 66 

SecondWin:
0 0 0 0 0 0 0 0 0 0 0 0 0 0 0 0 0 0 0 0 0 0 0 0 0 0 0 0 0 0 0 0 0 0 0 0 1 0 1 0 0 0 16 0 16 0 19 0 48 0 60 0 100 0 148 0 164 0 170 0 180 0 255 0 334 0 388 0 432 0 427 0 360 0 390 0 254 0 159 0 94 0 
SAlphaB:
0 0 0 0 0 0 0 0 0 0 0 0 0 0 0 0 0 0 0 0 0 0 0 0 0 0 0 0 0 0 0 0 0 0 0 0 1 0 1 0 0 0 16 0 16 0 19 0 48 0 60 0 100 0 148 0 164 0 170 0 180 0 255 0 334 0 388 0 432 0 427 0 360 0 390 0 254 0 159 0 94 0 
