0 20 47 61 -19 0 1 33

0 30 76 63 -11 1 8 12

0 43 52 22 -4 9 36 21

0 24 63 50 -8 5 13 20

0 64 74 6 -19 9 26 13

0 77 83 26 -1 5 6 18

0 44 58 31 -17 9 18 6

0 44 89 61 -17 1 3 27

0 63 87 17 -10 4 12 17

0 37 91 88 -8 1 36 28

0 59 68 66 -10 1 6 16

0 21 56 80 -19 1 3 23

0 49 53 56 -6 8 17 22

0 34 78 15 -16 9 13 18

0 59 86 7 -2 11 15 41

0 36 52 53 -2 14 31 43

0 27 79 70 -2 17 42 25

0 29 71 17 -16 5 21 9

0 80 84 74 -14 2 39 16

0 36 56 21 -13 3 27 23

0 10 24 80 -6 4 13 8

0 31 35 69 -18 2 14 16

0 6 65 36 -15 3 26 19

0 55 83 24 -12 18 44 6

0 80 95 77 -14 18 25 36

0 40 47 10 -6 0 14 11

0 28 84 77 -18 29 37 19

0 40 96 60 -13 9 11 48

0 5 81 85 -10 0 2 1

0 44 68 17 -15 21 38 11

0 1 46 81 -19 20 23 18

0 19 67 34 -6 9 11 42

0 16 34 25 -6 22 46 18

0 41 45 40 -19 3 22 42

0 41 56 89 -12 4 30 45

0 30 99 7 -2 42 44 10

0 13 99 43 -7 16 19 44

0 41 52 9 -18 8 47 32

0 28 45 76 -9 18 22 23

0 2 13 60 -4 8 10 18

0 47 81 97 -14 22 33 37

0 28 43 18 -17 10 14 43

0 30 33 41 -2 31 39 21

0 26 45 57 -16 23 49 46

0 28 31 54 -17 0 1 15

0 68 90 15 -15 27 34 15

0 17 94 28 -8 0 11 47

0 28 34 94 -14 27 31 41

0 26 28 25 -5 5 6 40

0 62 96 4 -10 17 18 4

0 11 12 40 -9 3 9 5

0 9 21 88 -15 10 20 29

0 25 30 43 -1 27 41 22

0 6 41 24 -6 32 41 40

0 12 27 12 -5 9 11 10

0 7 60 19 -12 22 23 5

0 16 59 30 -16 1 38 36

0 24 28 59 -13 22 24 1

0 2 95 37 -17 6 27 32

0 6 53 30 -12 9 46 36

0 36 83 19 -11 27 35 31

0 48 64 68 -20 16 32 45

0 90 99 28 -2 0 1 11

0 5 28 69 -6 14 36 2

0 14 45 18 -20 12 17 19

0 0 40 5 -11 4 5 4

0 19 23 80 -18 23 33 33

0 1 4 93 -12 11 38 31

0 13 34 62 -15 5 33 24

0 16 32 20 -19 8 13 42

0 1 5 48 -18 16 43 36

0 44 51 38 -10 17 49 49

0 18 29 5 -9 1 23 39

0 0 9 90 -18 27 28 7

0 26 38 19 -19 8 42 35

0 1 2 95 -11 0 2 5

0 5 14 73 -19 13 47 25

0 2 11 43 -13 8 15 39

0 1 42 13 -16 17 25 49

0 6 35 94 -3 3 45 8

0 5 10 89 -3 16 40 11

0 15 51 42 -9 4 40 9

0 23 38 25 -17 18 36 43

0 17 20 55 -8 0 1 36

0 2 17 25 -20 1 10 20

0 7 18 31 -20 0 32 48

0 1 9 93 -7 8 11 46

0 13 24 11 -2 0 41 45

0 31 37 1 -4 3 12 48

0 11 15 89 -18 3 48 7

0 1 3 3 -2 11 32 22

0 3 7 32 -1 34 36 21

0 2 6 35 -3 33 37 2

0 3 6 5 -3 16 27 16

0 1 4 97 -2 1 4 35

0 4 7 25 -3 0 49 17

0 1 33 55 -9 5 20 45

0 0 7 35 -7 1 2 23

0 3 4 4 -1 1 34 31

0 1 13 10 -3 1 4 46


SAlphaB: 1014.0, std-dev 395.7470303365548

Earliest win: 38
Latest win: 81

WinDepth:
0 0 0 0 0 0 0 0 0 0 0 0 0 0 0 0 0 0 0 0 0 0 0 0 0 0 0 0 0 0 0 0 0 0 0 0 0 0 2 2 5 7 8 17 22 19 21 47 41 68 80 148 85 126 79 222 132 214 141 219 177 240 239 315 344 345 414 378 423 392 480 476 411 416 353 356 278 205 181 114 113 84 
SAlphaB:
0 0 0 0 0 0 0 0 0 0 0 0 0 0 0 0 0 0 0 0 0 0 0 0 0 0 0 0 0 0 0 0 0 0 0 0 0 0 2 2 5 7 8 17 22 19 21 47 41 68 80 148 85 126 79 222 132 214 141 219 177 240 239 315 344 345 414 378 423 392 480 476 411 416 353 356 278 205 181 114 113 84 

LossDepth:
SAlphaB:
0 0 0 0 0 0 0 0 0 0 0 0 0 0 0 0 0 0 0 0 0 0 0 0 0 0 0 0 0 0 0 0 0 0 0 0 0 0 2 2 5 7 8 17 22 19 21 47 41 68 80 148 85 126 79 222 132 214 141 219 177 240 239 315 344 345 414 378 423 392 480 476 411 416 353 356 278 205 181 114 113 84 

FirstWin:
0 0 0 0 0 0 0 0 0 0 0 0 0 0 0 0 0 0 0 0 0 0 0 0 0 0 0 0 0 0 0 0 0 0 0 0 0 0 0 2 0 7 0 17 0 19 0 47 0 68 0 148 0 126 0 222 0 214 0 219 0 240 0 315 0 345 0 378 0 392 0 476 0 416 0 356 0 205 0 114 0 84 
SAlphaB:
0 0 0 0 0 0 0 0 0 0 0 0 0 0 0 0 0 0 0 0 0 0 0 0 0 0 0 0 0 0 0 0 0 0 0 0 0 0 0 2 0 7 0 17 0 19 0 47 0 68 0 148 0 126 0 222 0 214 0 219 0 240 0 315 0 345 0 378 0 392 0 476 0 416 0 356 0 205 0 114 0 84 

SecondWin:
0 0 0 0 0 0 0 0 0 0 0 0 0 0 0 0 0 0 0 0 0 0 0 0 0 0 0 0 0 0 0 0 0 0 0 0 0 0 2 0 5 0 8 0 22 0 21 0 41 0 80 0 85 0 79 0 132 0 141 0 177 0 239 0 344 0 414 0 423 0 480 0 411 0 353 0 278 0 181 0 113 0 
SAlphaB:
0 0 0 0 0 0 0 0 0 0 0 0 0 0 0 0 0 0 0 0 0 0 0 0 0 0 0 0 0 0 0 0 0 0 0 0 0 0 2 0 5 0 8 0 22 0 21 0 41 0 80 0 85 0 79 0 132 0 141 0 177 0 239 0 344 0 414 0 423 0 480 0 411 0 353 0 278 0 181 0 113 0 
