0 28 63 50 -19 1 10 23

0 14 92 93 -9 0 7 4

0 43 68 42 -3 9 24 23

0 59 72 32 -8 6 21 35

0 28 82 41 -3 13 34 2

0 90 91 93 -19 7 31 9

0 26 95 20 -13 4 16 42

0 6 49 77 -7 5 17 39

0 33 80 90 -11 4 15 38

0 3 90 26 -8 2 3 9

0 57 64 31 -12 7 11 14

0 49 61 85 -17 1 29 22

0 55 75 24 -5 20 33 43

0 21 66 87 -10 3 4 20

0 41 61 16 -6 2 11 35

0 52 54 47 -16 5 7 7

0 4 78 21 -4 20 42 27

0 79 99 78 -12 4 8 23

0 13 67 90 -7 14 31 27

0 4 91 71 -8 13 22 17

0 8 42 41 -17 0 2 24

0 24 75 19 -3 1 39 18

0 40 58 36 -5 9 19 47

0 10 36 3 -18 15 17 2

0 21 62 18 -2 0 15 43

0 13 50 68 -2 2 19 9

0 68 95 93 -20 11 14 32

0 48 82 45 -16 17 45 41

0 22 52 9 -11 16 39 19

0 23 52 73 -6 17 30 26

0 41 89 85 -14 28 37 9

0 31 63 7 -13 14 26 39

0 4 18 84 -4 23 24 8

0 35 87 24 -12 13 22 20

0 58 75 5 -4 7 8 17

0 5 34 57 -12 8 15 40

0 1 48 87 -20 2 6 2

0 23 34 34 -16 19 25 21

0 2 43 93 -6 24 33 5

0 34 66 94 -11 7 11 25

0 47 61 40 -4 2 6 39

0 56 59 78 -8 0 5 31

0 25 50 13 -5 18 35 29

0 20 91 72 -8 6 38 27

0 29 43 12 -6 21 37 16

0 46 72 36 -16 28 43 42

0 66 74 52 -6 9 42 34

0 7 65 38 -18 26 48 41

0 24 46 11 -10 24 40 34

0 21 24 90 -17 1 5 21

0 28 94 16 -7 8 34 39

0 67 90 45 -19 1 5 48

0 15 53 51 -13 4 9 34

0 16 19 66 -3 9 17 27

0 44 61 18 -11 24 35 28

0 49 87 80 -3 20 32 49

0 20 59 74 -11 13 26 49

0 53 56 70 -18 16 20 33

0 25 31 45 -15 12 43 43

0 52 91 88 -2 41 49 47

0 0 90 37 -5 2 3 20

0 51 52 63 -20 5 43 5

0 2 19 77 -4 18 20 20

0 6 33 27 -5 2 11 21

0 32 92 30 -16 17 18 16

0 15 41 29 -18 1 9 1

0 0 1 76 -17 16 20 35

0 4 13 82 -12 14 20 22

0 8 20 75 -8 19 23 38

0 5 19 76 -13 31 36 30

0 4 10 70 -9 25 46 11

0 20 24 53 -2 19 24 34

0 6 8 63 -20 1 15 7

0 36 89 1 -3 31 41 17

0 4 35 63 -16 9 40 5

0 19 30 85 -5 2 6 49

0 3 6 19 -19 16 23 34

0 60 61 63 -1 0 2 32

0 19 33 1 -17 27 46 18

0 0 8 19 -19 0 1 4

0 1 17 22 -17 7 17 18

0 1 79 5 -6 9 45 44

0 7 68 10 -3 27 36 41

0 25 38 10 -16 35 36 42

0 9 22 15 -12 4 40 28

0 7 17 86 -5 0 37 40

0 5 6 87 -20 2 15 12

0 5 9 61 -12 20 35 5

0 18 23 95 -20 27 38 48

0 37 53 38 -20 4 42 28

0 1 5 91 -20 3 6 27

0 2 6 78 -18 12 44 37

0 2 29 58 -8 0 46 46

0 1 2 31 -9 1 30 16

0 7 9 44 -13 7 48 31

0 8 27 76 -11 29 32 48

0 0 1 26 -12 34 46 5

0 0 17 25 -2 3 33 47

0 2 7 31 -4 2 40 31

0 0 4 94 -14 1 33 26


SAlphaB: 1053.0, std-dev 398.24685000054114

Earliest win: 37
Latest win: 81

WinDepth:
0 0 0 0 0 0 0 0 0 0 0 0 0 0 0 0 0 0 0 0 0 0 0 0 0 0 0 0 0 0 0 0 0 0 0 0 0 4 1 1 3 10 4 23 5 17 27 36 37 101 83 129 72 96 81 156 137 180 136 204 162 226 238 305 297 337 443 411 422 387 442 411 459 392 419 394 252 253 180 142 94 88 
SAlphaB:
0 0 0 0 0 0 0 0 0 0 0 0 0 0 0 0 0 0 0 0 0 0 0 0 0 0 0 0 0 0 0 0 0 0 0 0 0 4 1 1 3 10 4 23 5 17 27 36 37 101 83 129 72 96 81 156 137 180 136 204 162 226 238 305 297 337 443 411 422 387 442 411 459 392 419 394 252 253 180 142 94 88 

LossDepth:
SAlphaB:
0 0 0 0 0 0 0 0 0 0 0 0 0 0 0 0 0 0 0 0 0 0 0 0 0 0 0 0 0 0 0 0 0 0 0 0 0 4 1 1 3 10 4 23 5 17 27 36 37 101 83 129 72 96 81 156 137 180 136 204 162 226 238 305 297 337 443 411 422 387 442 411 459 392 419 394 252 253 180 142 94 88 

FirstWin:
0 0 0 0 0 0 0 0 0 0 0 0 0 0 0 0 0 0 0 0 0 0 0 0 0 0 0 0 0 0 0 0 0 0 0 0 0 4 0 1 0 10 0 23 0 17 0 36 0 101 0 129 0 96 0 156 0 180 0 204 0 226 0 305 0 337 0 411 0 387 0 411 0 392 0 394 0 253 0 142 0 88 
SAlphaB:
0 0 0 0 0 0 0 0 0 0 0 0 0 0 0 0 0 0 0 0 0 0 0 0 0 0 0 0 0 0 0 0 0 0 0 0 0 4 0 1 0 10 0 23 0 17 0 36 0 101 0 129 0 96 0 156 0 180 0 204 0 226 0 305 0 337 0 411 0 387 0 411 0 392 0 394 0 253 0 142 0 88 

SecondWin:
0 0 0 0 0 0 0 0 0 0 0 0 0 0 0 0 0 0 0 0 0 0 0 0 0 0 0 0 0 0 0 0 0 0 0 0 0 0 1 0 3 0 4 0 5 0 27 0 37 0 83 0 72 0 81 0 137 0 136 0 162 0 238 0 297 0 443 0 422 0 442 0 459 0 419 0 252 0 180 0 94 0 
SAlphaB:
0 0 0 0 0 0 0 0 0 0 0 0 0 0 0 0 0 0 0 0 0 0 0 0 0 0 0 0 0 0 0 0 0 0 0 0 0 0 1 0 3 0 4 0 5 0 27 0 37 0 83 0 72 0 81 0 137 0 136 0 162 0 238 0 297 0 443 0 422 0 442 0 459 0 419 0 252 0 180 0 94 0 
