0 42 98 36 -18 5 25 27

0 60 66 95 -16 1 14 14

0 15 49 63 -15 0 1 14

0 40 78 57 -18 4 11 12

0 32 70 50 -16 0 25 36

0 60 86 92 -13 10 40 17

0 28 40 60 -13 0 2 12

0 65 99 92 -3 1 33 8

0 30 85 25 -9 3 30 32

0 20 26 75 -10 16 26 10

0 34 40 21 -12 3 14 20

0 19 29 97 -13 7 12 21

0 20 47 91 -14 1 3 15

0 34 44 97 -10 4 9 46

0 57 58 22 -1 11 19 19

0 59 63 37 -2 5 11 20

0 11 39 9 -14 1 2 0

0 65 81 67 -18 23 28 8

0 76 86 25 -12 9 25 18

0 62 67 33 -1 13 34 23

0 31 36 67 -1 13 16 15

0 21 33 89 -18 0 7 41

0 25 76 68 -6 36 39 34

0 62 95 70 -4 11 18 10

0 34 54 27 -17 1 2 17

0 2 67 47 -17 18 39 6

0 53 69 25 -18 5 6 31

0 59 73 2 -4 7 34 37

0 34 71 91 -19 13 23 17

0 75 97 63 -4 6 28 39

0 51 72 23 -12 1 7 0

0 22 27 16 -12 0 5 42

0 49 61 38 -3 16 41 38

0 63 89 17 -11 3 4 46

0 34 80 94 -17 8 9 37

0 65 76 17 -7 29 44 40

0 59 62 3 -4 7 35 21

0 11 63 17 -8 6 8 22

0 0 12 65 -7 12 15 11

0 24 51 70 -8 12 35 38

0 11 41 37 -5 4 7 28

0 12 76 22 -11 16 42 0

0 40 55 96 -10 0 1 41

0 32 46 56 -11 1 23 48

0 15 74 63 -4 13 21 15

0 60 63 74 -10 19 23 36

0 7 41 90 -8 16 42 48

0 16 59 84 -18 12 35 34

0 15 83 45 -1 2 3 41

0 17 71 43 -17 8 13 35

0 48 61 19 -12 34 37 47

0 5 55 24 -4 4 6 2

0 16 42 74 -8 12 19 30

0 69 90 90 -7 1 3 0

0 28 36 45 -17 4 7 49

0 11 45 93 -6 26 33 26

0 57 61 94 -14 43 45 11

0 0 26 2 -4 14 17 3

0 16 48 14 -3 40 45 35

0 13 84 57 -4 33 45 0

0 9 35 88 -20 0 16 24

0 29 95 82 -20 17 33 45

0 1 7 93 -7 36 39 36

0 13 68 43 -16 4 21 39

0 2 33 87 -17 12 28 6

0 2 23 46 -16 23 44 17

0 0 2 90 -5 16 32 11

0 49 51 11 -3 6 7 29

0 0 36 67 -1 11 31 35

0 23 55 57 -14 5 31 16

0 25 39 70 -10 24 45 30

0 26 41 93 -13 31 37 0

0 20 84 73 -19 13 22 0

0 0 18 99 -19 1 3 42

0 37 50 95 -20 5 36 45

0 5 54 81 -16 4 14 49

0 4 10 30 -8 34 48 44

0 5 17 92 -3 3 8 40

0 2 4 92 -1 18 28 11

0 27 32 88 -15 5 15 47

0 20 41 4 -4 4 9 39

0 9 18 38 -19 2 5 41

0 4 6 8 -14 2 8 0

0 12 36 2 -7 9 27 37

0 5 26 91 -15 19 44 1

0 13 16 31 -16 16 23 7

0 1 38 26 -14 9 37 43

0 9 20 38 -10 39 47 14

0 0 3 36 -15 10 13 8

0 20 26 91 -14 24 41 1

0 1 5 64 -7 3 5 35

0 22 24 18 -5 8 15 44

0 0 10 12 -6 10 14 28

0 2 6 14 -11 5 19 6

0 0 1 58 -9 4 14 28

0 6 19 28 -14 2 19 37

0 9 10 51 -4 38 45 47

0 0 15 4 -18 44 48 30

0 3 43 8 -14 33 47 13

0 1 28 22 -11 1 5 34


SAlphaB: 1011.0, std-dev 385.70029468906597

Earliest win: 35
Latest win: 81

WinDepth:
0 0 0 0 0 0 0 0 0 0 0 0 0 0 0 0 0 0 0 0 0 0 0 0 0 0 0 0 0 0 0 0 0 0 0 6 0 3 0 11 15 4 0 13 10 17 15 32 16 113 36 175 68 106 99 186 90 202 120 198 130 228 231 323 306 320 371 386 450 420 481 457 468 420 411 380 265 223 196 149 104 89 
SAlphaB:
0 0 0 0 0 0 0 0 0 0 0 0 0 0 0 0 0 0 0 0 0 0 0 0 0 0 0 0 0 0 0 0 0 0 0 6 0 3 0 11 15 4 0 13 10 17 15 32 16 113 36 175 68 106 99 186 90 202 120 198 130 228 231 323 306 320 371 386 450 420 481 457 468 420 411 380 265 223 196 149 104 89 

LossDepth:
SAlphaB:
0 0 0 0 0 0 0 0 0 0 0 0 0 0 0 0 0 0 0 0 0 0 0 0 0 0 0 0 0 0 0 0 0 0 0 6 0 3 0 11 15 4 0 13 10 17 15 32 16 113 36 175 68 106 99 186 90 202 120 198 130 228 231 323 306 320 371 386 450 420 481 457 468 420 411 380 265 223 196 149 104 89 

FirstWin:
0 0 0 0 0 0 0 0 0 0 0 0 0 0 0 0 0 0 0 0 0 0 0 0 0 0 0 0 0 0 0 0 0 0 0 6 0 3 0 11 0 4 0 13 0 17 0 32 0 113 0 175 0 106 0 186 0 202 0 198 0 228 0 323 0 320 0 386 0 420 0 457 0 420 0 380 0 223 0 149 0 89 
SAlphaB:
0 0 0 0 0 0 0 0 0 0 0 0 0 0 0 0 0 0 0 0 0 0 0 0 0 0 0 0 0 0 0 0 0 0 0 6 0 3 0 11 0 4 0 13 0 17 0 32 0 113 0 175 0 106 0 186 0 202 0 198 0 228 0 323 0 320 0 386 0 420 0 457 0 420 0 380 0 223 0 149 0 89 

SecondWin:
0 0 0 0 0 0 0 0 0 0 0 0 0 0 0 0 0 0 0 0 0 0 0 0 0 0 0 0 0 0 0 0 0 0 0 0 0 0 0 0 15 0 0 0 10 0 15 0 16 0 36 0 68 0 99 0 90 0 120 0 130 0 231 0 306 0 371 0 450 0 481 0 468 0 411 0 265 0 196 0 104 0 
SAlphaB:
0 0 0 0 0 0 0 0 0 0 0 0 0 0 0 0 0 0 0 0 0 0 0 0 0 0 0 0 0 0 0 0 0 0 0 0 0 0 0 0 15 0 0 0 10 0 15 0 16 0 36 0 68 0 99 0 90 0 120 0 130 0 231 0 306 0 371 0 450 0 481 0 468 0 411 0 265 0 196 0 104 0 
