0 52 65 43 -18 4 11 37

0 24 46 27 -6 3 13 7

0 14 54 96 -8 27 38 15

0 31 82 0 -12 0 1 4

0 48 65 17 -4 5 9 8

0 41 91 10 -2 7 22 31

0 54 98 49 -15 1 13 25

0 31 70 97 -3 33 47 31

0 21 92 90 -1 4 11 30

0 52 86 0 -7 8 26 5

0 12 49 8 -10 3 7 10

0 62 99 32 -19 2 10 28

0 25 67 6 -3 3 6 22

0 41 79 70 -4 3 10 28

0 89 91 36 -2 13 39 20

0 50 98 87 -5 21 22 17

0 27 31 11 -11 7 13 7

0 81 82 14 -10 13 40 32

0 73 91 38 -4 23 33 35

0 55 90 51 -10 15 43 27

0 30 69 36 -18 17 40 21

0 47 86 95 -17 1 2 24

0 15 79 42 -18 19 26 13

0 38 44 80 -3 23 45 8

0 5 44 81 -11 11 30 28

0 26 81 95 -1 3 5 28

0 42 92 57 -6 3 9 34

0 25 27 58 -19 0 1 7

0 20 40 47 -5 14 20 14

0 60 64 35 -15 0 1 9

0 42 47 40 -18 16 35 45

0 20 80 37 -4 1 2 32

0 71 81 66 -1 6 26 37

0 19 47 60 -12 1 12 49

0 10 62 80 -7 3 5 32

0 16 26 89 -16 11 15 3

0 72 91 26 -14 9 17 43

0 5 49 95 -20 7 14 12

0 19 85 87 -6 3 26 40

0 19 29 75 -15 34 38 49

0 12 82 93 -4 2 39 13

0 19 31 47 -17 11 15 12

0 10 20 8 -20 23 32 26

0 37 70 50 -19 0 2 49

0 27 60 2 -17 5 7 47

0 12 27 86 -6 20 34 22

0 39 57 45 -5 1 21 26

0 26 46 24 -5 5 20 41

0 15 35 79 -6 11 16 35

0 40 69 79 -13 27 35 25

0 18 62 5 -5 37 38 24

0 60 65 30 -14 40 48 8

0 27 30 90 -10 25 27 39

0 2 72 77 -18 11 16 29

0 27 32 33 -6 7 21 18

0 0 53 51 -1 6 29 3

0 12 64 26 -12 7 15 37

0 2 23 12 -14 21 23 14

0 38 50 76 -18 14 46 14

0 0 1 39 -19 36 48 30

0 6 27 55 -9 1 5 14

0 12 19 56 -11 15 32 20

0 44 80 90 -16 8 11 45

0 1 5 32 -19 13 28 0

0 6 22 10 -14 4 6 30

0 13 22 69 -19 18 31 16

0 1 25 26 -19 5 6 38

0 29 78 64 -8 27 32 3

0 28 49 57 -19 37 42 43

0 3 4 26 -4 30 45 22

0 4 42 88 -16 0 26 6

0 3 5 85 -20 15 25 10

0 39 78 86 -20 28 31 40

0 1 5 45 -17 16 18 8

0 13 32 79 -17 4 5 49

0 8 9 65 -6 8 28 11

0 6 9 31 -5 31 45 2

0 5 67 51 -2 8 17 37

0 0 8 96 -5 0 2 27

0 19 92 10 -16 36 48 48

0 2 8 99 -15 4 10 14

0 1 18 94 -3 5 17 35

0 24 46 17 -1 23 35 47

0 21 27 11 -11 15 41 22

0 11 23 1 -17 10 11 15

0 5 12 12 -19 5 6 18

0 4 8 82 -10 5 42 14

0 23 37 15 -16 5 20 47

0 14 15 42 -1 4 6 42

0 15 22 46 -7 3 47 42

0 9 11 84 -13 29 48 3

0 17 18 41 -11 1 9 48

0 2 48 71 -3 0 6 39

0 0 2 34 -11 13 21 29

0 6 21 16 -16 9 21 32

0 0 17 61 -12 11 13 35

0 4 6 95 -7 0 6 37

0 0 2 68 -3 5 40 16

0 9 10 93 -7 4 18 40

0 1 2 94 -6 23 26 0


SAlphaB: 1043.0, std-dev 395.5376445837087

Earliest win: 33
Latest win: 81

WinDepth:
0 0 0 0 0 0 0 0 0 0 0 0 0 0 0 0 0 0 0 0 0 0 0 0 0 0 0 0 0 0 0 0 0 1 0 1 0 5 0 13 2 1 1 4 9 12 8 37 17 46 46 255 45 107 101 211 105 175 136 156 145 211 237 296 263 352 402 422 436 412 468 461 433 395 388 387 294 261 181 149 112 81 
SAlphaB:
0 0 0 0 0 0 0 0 0 0 0 0 0 0 0 0 0 0 0 0 0 0 0 0 0 0 0 0 0 0 0 0 0 1 0 1 0 5 0 13 2 1 1 4 9 12 8 37 17 46 46 255 45 107 101 211 105 175 136 156 145 211 237 296 263 352 402 422 436 412 468 461 433 395 388 387 294 261 181 149 112 81 

LossDepth:
SAlphaB:
0 0 0 0 0 0 0 0 0 0 0 0 0 0 0 0 0 0 0 0 0 0 0 0 0 0 0 0 0 0 0 0 0 1 0 1 0 5 0 13 2 1 1 4 9 12 8 37 17 46 46 255 45 107 101 211 105 175 136 156 145 211 237 296 263 352 402 422 436 412 468 461 433 395 388 387 294 261 181 149 112 81 

FirstWin:
0 0 0 0 0 0 0 0 0 0 0 0 0 0 0 0 0 0 0 0 0 0 0 0 0 0 0 0 0 0 0 0 0 1 0 1 0 5 0 13 0 1 0 4 0 12 0 37 0 46 0 255 0 107 0 211 0 175 0 156 0 211 0 296 0 352 0 422 0 412 0 461 0 395 0 387 0 261 0 149 0 81 
SAlphaB:
0 0 0 0 0 0 0 0 0 0 0 0 0 0 0 0 0 0 0 0 0 0 0 0 0 0 0 0 0 0 0 0 0 1 0 1 0 5 0 13 0 1 0 4 0 12 0 37 0 46 0 255 0 107 0 211 0 175 0 156 0 211 0 296 0 352 0 422 0 412 0 461 0 395 0 387 0 261 0 149 0 81 

SecondWin:
0 0 0 0 0 0 0 0 0 0 0 0 0 0 0 0 0 0 0 0 0 0 0 0 0 0 0 0 0 0 0 0 0 0 0 0 0 0 0 0 2 0 1 0 9 0 8 0 17 0 46 0 45 0 101 0 105 0 136 0 145 0 237 0 263 0 402 0 436 0 468 0 433 0 388 0 294 0 181 0 112 0 
SAlphaB:
0 0 0 0 0 0 0 0 0 0 0 0 0 0 0 0 0 0 0 0 0 0 0 0 0 0 0 0 0 0 0 0 0 0 0 0 0 0 0 0 2 0 1 0 9 0 8 0 17 0 46 0 45 0 101 0 105 0 136 0 145 0 237 0 263 0 402 0 436 0 468 0 433 0 388 0 294 0 181 0 112 0 
