0 24 85 24 -12 4 7 6

0 29 68 38 -16 2 8 29

0 10 36 75 -13 11 23 22

0 63 81 46 -3 12 41 27

0 6 96 93 -12 10 27 19

0 37 82 59 -11 4 17 34

0 20 47 33 -10 1 4 15

0 85 93 37 -13 9 29 13

0 3 81 47 -17 22 36 24

0 24 99 68 -16 0 5 33

0 61 79 78 -20 5 24 22

0 87 95 58 -11 26 40 34

0 19 85 55 -16 5 6 39

0 63 88 7 -3 13 14 36

0 12 77 0 -1 7 14 21

0 0 65 45 -19 10 11 9

0 20 93 70 -13 22 31 27

0 26 94 17 -5 5 9 45

0 23 84 26 -11 4 6 37

0 44 58 65 -14 0 3 12

0 31 84 78 -11 0 4 41

0 17 23 44 -16 8 23 31

0 19 58 46 -13 0 39 18

0 35 57 96 -17 10 16 39

0 62 64 66 -11 2 8 27

0 11 41 67 -12 2 4 30

0 52 64 61 -17 6 28 7

0 60 69 15 -1 12 17 9

0 1 54 33 -18 0 4 7

0 49 61 30 -8 15 39 3

0 39 45 19 -8 4 18 3

0 35 49 37 -20 22 46 19

0 9 35 96 -20 20 31 27

0 25 78 61 -15 0 1 44

0 19 45 88 -1 11 14 27

0 38 39 98 -10 6 10 11

0 17 51 14 -17 1 9 31

0 19 32 50 -7 37 39 12

0 22 75 44 -10 6 11 28

0 40 42 66 -1 6 17 28

0 32 93 52 -9 35 44 32

0 18 71 74 -11 3 23 19

0 78 86 92 -20 22 32 49

0 10 74 33 -17 8 10 37

0 49 53 84 -3 13 42 31

0 19 45 4 -13 14 34 26

0 34 45 33 -2 13 28 48

0 26 38 10 -12 37 42 36

0 46 99 23 -8 30 35 7

0 20 40 71 -5 20 40 40

0 34 43 92 -19 11 30 27

0 21 47 81 -5 24 29 6

0 11 14 42 -7 15 22 30

0 21 22 9 -17 1 13 6

0 9 14 89 -5 0 7 14

0 35 53 64 -20 0 47 34

0 2 16 6 -14 9 14 19

0 23 45 17 -5 17 18 10

0 47 63 53 -4 34 41 39

0 6 79 72 -16 3 35 49

0 7 8 50 -15 3 12 15

0 76 82 34 -10 3 15 48

0 41 71 51 -19 26 46 43

0 62 69 18 -17 2 46 23

0 0 10 84 -19 16 31 44

0 1 3 92 -17 15 31 36

0 3 23 68 -18 35 44 30

0 35 81 71 -11 32 33 47

0 7 11 65 -10 21 23 16

0 15 56 2 -4 5 27 18

0 4 76 79 -17 6 43 47

0 2 6 10 -10 12 15 25

0 9 46 27 -11 4 30 21

0 16 26 12 -4 13 21 48

0 18 34 14 -18 14 49 25

0 31 36 68 -17 5 7 28

0 18 99 9 -3 39 41 13

0 13 42 40 -3 3 36 11

0 0 1 2 -6 33 34 17

0 5 6 85 -8 17 25 35

0 0 10 72 -18 3 41 3

0 4 71 24 -19 6 30 36

0 1 8 55 -13 30 38 22

0 10 12 39 -4 11 19 30

0 59 68 0 -4 31 36 0

0 1 52 30 -3 3 23 36

0 0 3 49 -15 5 6 32

0 0 3 16 -13 6 15 48

0 8 12 74 -19 34 39 7

0 0 3 55 -13 38 40 35

0 1 5 1 -15 4 11 35

0 4 8 46 -12 0 37 4

0 0 29 66 -18 8 26 12

0 5 13 49 -6 7 42 35

0 22 58 46 -13 22 23 0

0 3 11 56 -7 15 29 27

0 5 18 30 -5 34 38 42

0 1 5 56 -11 2 3 35

0 0 2 33 -6 1 3 28

0 6 13 97 -16 13 15 0


SAlphaB: 1024.0, std-dev 401.0424920810081

Earliest win: 38
Latest win: 81

WinDepth:
0 0 0 0 0 0 0 0 0 0 0 0 0 0 0 0 0 0 0 0 0 0 0 0 0 0 0 0 0 0 0 0 0 0 0 0 0 0 1 1 0 4 6 10 11 31 8 62 22 61 66 188 126 116 122 235 132 187 138 177 195 219 249 298 272 345 391 412 437 408 422 426 450 378 397 369 281 232 166 146 97 71 
SAlphaB:
0 0 0 0 0 0 0 0 0 0 0 0 0 0 0 0 0 0 0 0 0 0 0 0 0 0 0 0 0 0 0 0 0 0 0 0 0 0 1 1 0 4 6 10 11 31 8 62 22 61 66 188 126 116 122 235 132 187 138 177 195 219 249 298 272 345 391 412 437 408 422 426 450 378 397 369 281 232 166 146 97 71 

LossDepth:
SAlphaB:
0 0 0 0 0 0 0 0 0 0 0 0 0 0 0 0 0 0 0 0 0 0 0 0 0 0 0 0 0 0 0 0 0 0 0 0 0 0 1 1 0 4 6 10 11 31 8 62 22 61 66 188 126 116 122 235 132 187 138 177 195 219 249 298 272 345 391 412 437 408 422 426 450 378 397 369 281 232 166 146 97 71 

FirstWin:
0 0 0 0 0 0 0 0 0 0 0 0 0 0 0 0 0 0 0 0 0 0 0 0 0 0 0 0 0 0 0 0 0 0 0 0 0 0 0 1 0 4 0 10 0 31 0 62 0 61 0 188 0 116 0 235 0 187 0 177 0 219 0 298 0 345 0 412 0 408 0 426 0 378 0 369 0 232 0 146 0 71 
SAlphaB:
0 0 0 0 0 0 0 0 0 0 0 0 0 0 0 0 0 0 0 0 0 0 0 0 0 0 0 0 0 0 0 0 0 0 0 0 0 0 0 1 0 4 0 10 0 31 0 62 0 61 0 188 0 116 0 235 0 187 0 177 0 219 0 298 0 345 0 412 0 408 0 426 0 378 0 369 0 232 0 146 0 71 

SecondWin:
0 0 0 0 0 0 0 0 0 0 0 0 0 0 0 0 0 0 0 0 0 0 0 0 0 0 0 0 0 0 0 0 0 0 0 0 0 0 1 0 0 0 6 0 11 0 8 0 22 0 66 0 126 0 122 0 132 0 138 0 195 0 249 0 272 0 391 0 437 0 422 0 450 0 397 0 281 0 166 0 97 0 
SAlphaB:
0 0 0 0 0 0 0 0 0 0 0 0 0 0 0 0 0 0 0 0 0 0 0 0 0 0 0 0 0 0 0 0 0 0 0 0 0 0 1 0 0 0 6 0 11 0 8 0 22 0 66 0 126 0 122 0 132 0 138 0 195 0 249 0 272 0 391 0 437 0 422 0 450 0 397 0 281 0 166 0 97 0 
