0 53 94 47 -9 4 26 16

0 81 90 70 -12 5 23 19

0 32 95 73 -3 3 13 2

0 26 52 79 -5 7 18 5

0 47 73 64 -7 10 20 11

0 39 46 43 -2 4 25 24

0 68 78 99 -10 15 44 36

0 12 97 48 -16 6 14 13

0 64 84 84 -12 2 3 6

0 12 38 19 -5 19 36 2

0 53 85 66 -1 12 34 11

0 40 51 85 -6 4 7 6

0 40 87 0 -3 5 31 33

0 22 54 85 -19 17 21 21

0 72 77 21 -15 15 36 34

0 58 81 76 -5 0 6 7

0 3 86 89 -7 15 34 12

0 68 97 94 -13 13 14 33

0 77 84 68 -11 0 1 30

0 6 56 48 -15 13 35 23

0 8 59 36 -8 7 21 27

0 33 45 49 -9 11 38 23

0 28 85 19 -7 2 11 15

0 17 81 31 -8 1 3 30

0 53 70 2 -9 7 35 23

0 22 95 94 -17 8 9 11

0 36 99 42 -15 7 12 0

0 23 93 96 -2 1 33 11

0 57 61 88 -10 0 2 7

0 51 54 47 -17 41 47 7

0 16 18 33 -8 1 7 1

0 5 60 47 -16 18 40 33

0 0 78 38 -2 20 39 40

0 80 81 86 -16 21 29 6

0 48 83 51 -20 14 16 17

0 31 40 88 -12 8 26 30

0 29 33 82 -2 0 1 2

0 68 82 32 -9 5 22 32

0 16 23 57 -3 6 17 4

0 48 62 39 -7 3 44 38

0 12 71 70 -5 0 7 45

0 11 59 44 -16 9 28 7

0 3 55 76 -16 14 48 36

0 20 65 24 -2 18 45 32

0 27 56 95 -9 18 19 38

0 53 70 22 -14 23 45 24

0 41 54 93 -11 28 35 12

0 2 26 81 -16 7 23 26

0 42 99 6 -16 20 21 48

0 38 74 91 -2 21 40 38

0 3 90 4 -9 19 33 47

0 62 76 92 -20 17 42 45

0 39 41 42 -13 4 11 39

0 18 40 89 -19 37 38 17

0 23 80 26 -11 4 23 8

0 31 35 20 -3 30 44 19

0 20 48 33 -5 3 29 33

0 66 70 16 -7 4 8 47

0 16 47 98 -16 25 39 37

0 9 55 1 -19 23 24 41

0 7 65 51 -2 10 13 39

0 15 54 49 -11 7 40 30

0 5 63 11 -16 1 7 11

0 5 27 98 -4 15 23 13

0 30 69 65 -4 24 31 48

0 6 20 16 -4 12 15 6

0 2 96 37 -13 27 32 15

0 4 5 52 -20 0 3 2

0 4 15 95 -13 6 36 5

0 64 71 37 -19 26 45 9

0 2 10 90 -2 4 5 14

0 66 70 61 -18 34 49 38

0 41 47 48 -15 26 33 41

0 10 30 21 -10 3 44 39

0 9 23 43 -6 10 28 1

0 10 12 73 -20 7 21 15

0 2 14 94 -16 7 20 33

0 18 27 30 -6 0 24 19

0 50 52 85 -18 34 43 4

0 27 39 71 -18 27 39 37

0 20 27 85 -10 7 10 40

0 8 55 61 -12 1 27 37

0 2 56 78 -1 24 44 45

0 27 56 81 -10 7 35 23

0 14 19 75 -5 3 41 31

0 7 18 31 -18 25 46 25

0 1 39 85 -7 28 33 49

0 2 11 77 -3 25 29 45

0 0 66 69 -8 1 7 26

0 9 23 11 -20 13 14 37

0 0 13 88 -18 6 14 16

0 2 6 92 -18 0 25 42

0 2 6 33 -7 2 6 23

0 13 22 1 -7 5 48 9

0 26 39 22 -12 1 4 47

0 6 14 15 -9 41 44 26

0 0 25 38 -17 0 1 46

0 4 9 70 -18 5 6 16

0 2 11 89 -3 11 42 42

0 1 2 20 -10 0 3 41


SAlphaB: 1042.0, std-dev 405.2914549239145

Earliest win: 35
Latest win: 81

WinDepth:
0 0 0 0 0 0 0 0 0 0 0 0 0 0 0 0 0 0 0 0 0 0 0 0 0 0 0 0 0 0 0 0 0 0 0 1 0 3 0 8 12 11 6 14 17 20 13 39 25 87 66 120 72 110 88 182 110 167 124 206 174 217 232 382 339 375 432 425 449 398 439 448 382 404 400 401 293 219 215 131 93 80 
SAlphaB:
0 0 0 0 0 0 0 0 0 0 0 0 0 0 0 0 0 0 0 0 0 0 0 0 0 0 0 0 0 0 0 0 0 0 0 1 0 3 0 8 12 11 6 14 17 20 13 39 25 87 66 120 72 110 88 182 110 167 124 206 174 217 232 382 339 375 432 425 449 398 439 448 382 404 400 401 293 219 215 131 93 80 

LossDepth:
SAlphaB:
0 0 0 0 0 0 0 0 0 0 0 0 0 0 0 0 0 0 0 0 0 0 0 0 0 0 0 0 0 0 0 0 0 0 0 1 0 3 0 8 12 11 6 14 17 20 13 39 25 87 66 120 72 110 88 182 110 167 124 206 174 217 232 382 339 375 432 425 449 398 439 448 382 404 400 401 293 219 215 131 93 80 

FirstWin:
0 0 0 0 0 0 0 0 0 0 0 0 0 0 0 0 0 0 0 0 0 0 0 0 0 0 0 0 0 0 0 0 0 0 0 1 0 3 0 8 0 11 0 14 0 20 0 39 0 87 0 120 0 110 0 182 0 167 0 206 0 217 0 382 0 375 0 425 0 398 0 448 0 404 0 401 0 219 0 131 0 80 
SAlphaB:
0 0 0 0 0 0 0 0 0 0 0 0 0 0 0 0 0 0 0 0 0 0 0 0 0 0 0 0 0 0 0 0 0 0 0 1 0 3 0 8 0 11 0 14 0 20 0 39 0 87 0 120 0 110 0 182 0 167 0 206 0 217 0 382 0 375 0 425 0 398 0 448 0 404 0 401 0 219 0 131 0 80 

SecondWin:
0 0 0 0 0 0 0 0 0 0 0 0 0 0 0 0 0 0 0 0 0 0 0 0 0 0 0 0 0 0 0 0 0 0 0 0 0 0 0 0 12 0 6 0 17 0 13 0 25 0 66 0 72 0 88 0 110 0 124 0 174 0 232 0 339 0 432 0 449 0 439 0 382 0 400 0 293 0 215 0 93 0 
SAlphaB:
0 0 0 0 0 0 0 0 0 0 0 0 0 0 0 0 0 0 0 0 0 0 0 0 0 0 0 0 0 0 0 0 0 0 0 0 0 0 0 0 12 0 6 0 17 0 13 0 25 0 66 0 72 0 88 0 110 0 124 0 174 0 232 0 339 0 432 0 449 0 439 0 382 0 400 0 293 0 215 0 93 0 
