0 19 29 15 -2 3 9 6

0 14 62 54 -5 2 7 4

0 18 50 29 -3 3 8 5

0 35 73 36 -17 4 12 18

0 33 43 82 -7 5 15 6

0 78 96 16 -5 10 30 23

0 40 89 69 -14 6 16 6

0 42 91 39 -9 7 23 15

0 68 98 95 -13 13 35 5

0 22 40 66 -14 2 5 17

0 17 60 48 -10 3 4 5

0 25 44 66 -5 4 15 5

0 49 93 80 -15 10 34 28

0 46 92 57 -4 2 14 2

0 30 74 34 -10 4 12 17

0 55 97 72 -3 6 17 11

0 72 87 52 -11 4 12 5

0 30 96 45 -9 4 18 17

0 31 84 37 -10 4 13 5

0 30 65 70 -5 6 12 2

0 35 66 89 -6 6 16 8

0 51 86 70 -7 9 25 3

0 52 96 16 -7 9 35 24

0 36 89 31 -10 2 8 10

0 51 88 95 -16 6 22 1

0 41 58 65 -7 8 20 14

0 58 63 36 -13 3 9 14

0 15 73 54 -4 2 7 2

0 37 85 11 -6 2 12 9

0 18 61 17 -8 1 7 13

0 39 86 22 -2 3 16 7

0 31 99 29 -17 1 10 33

0 37 69 8 -11 5 18 33

0 22 72 53 -11 0 9 12

0 70 78 9 -9 11 34 13

0 31 53 10 -1 6 22 22

0 63 85 66 -5 6 33 27

0 42 87 49 -1 5 17 29

0 50 51 21 -11 4 12 22

0 60 85 8 -3 7 25 4

0 37 83 89 -20 1 7 24

0 18 55 14 -6 2 3 5

0 79 95 65 -11 19 28 8

0 24 43 30 -6 0 9 5

0 33 35 43 -13 2 4 8

0 36 92 45 -7 7 11 20

0 46 84 33 -16 0 8 4

0 85 99 75 -15 6 31 39

0 23 77 41 -15 2 5 16

0 35 54 44 -10 5 17 14

0 51 97 99 -7 10 36 17

0 21 86 23 -9 3 5 5

0 34 57 69 -15 3 6 7

0 24 34 76 -6 3 11 3

0 62 94 28 -10 0 22 7

0 65 70 27 -11 5 21 18

0 58 96 63 -4 9 18 5

0 56 95 7 -16 2 4 21

0 27 70 35 -13 1 5 7

0 36 74 75 -6 3 22 18

0 59 76 88 -16 4 11 27

0 55 98 32 -1 2 29 12

0 74 89 66 -20 4 10 17

0 28 92 65 -2 0 21 2

0 37 77 7 -16 4 19 22

0 38 87 99 -4 8 25 13

0 26 77 28 -10 1 6 6

0 28 87 16 -3 4 30 17

0 21 83 79 -5 2 12 0

0 45 84 16 -5 7 15 5

0 48 90 13 -10 0 3 7

0 56 93 91 -7 15 39 12

0 42 93 72 -16 5 18 23

0 38 78 18 -8 2 23 21

0 30 55 25 -2 2 14 21

0 63 89 31 -7 8 18 19

0 60 90 23 -5 13 32 24

0 47 96 49 -11 3 24 9

0 43 94 58 -17 3 22 34

0 41 85 66 -18 2 14 7

0 52 83 91 -19 7 19 41

0 31 61 77 -13 3 5 15

0 26 88 92 -17 1 6 4

0 13 84 43 -9 1 10 15

0 76 98 19 -11 14 48 28

0 23 49 62 -13 0 1 3

0 44 78 65 -18 3 29 29

0 54 93 30 -14 10 24 28

0 50 96 18 -1 11 15 0

0 21 80 83 -14 1 5 15

0 65 89 38 -20 8 29 30

0 68 99 79 -13 9 30 44

0 46 71 66 -6 2 21 26

0 53 70 17 -19 3 16 39

0 46 71 49 -8 10 27 0

0 39 90 9 -1 1 41 6

0 31 56 23 -7 4 16 3

0 47 70 16 -1 4 22 6

0 27 70 48 -6 0 14 15

0 43 54 45 -1 6 31 14


SAlphaB: 1300.0, std-dev 425.4312690634878

Earliest win: 35
Latest win: 81

WinDepth:
0 0 0 0 0 0 0 0 0 0 0 0 0 0 0 0 0 0 0 0 0 0 0 0 0 0 0 0 0 0 0 0 0 0 0 1 0 13 1 36 0 14 1 16 34 34 28 57 36 85 101 146 68 186 117 239 186 286 159 246 210 337 292 401 375 456 355 382 365 437 393 426 369 346 318 298 238 199 152 109 77 59 
SAlphaB:
0 0 0 0 0 0 0 0 0 0 0 0 0 0 0 0 0 0 0 0 0 0 0 0 0 0 0 0 0 0 0 0 0 0 0 1 0 13 1 36 0 14 1 16 34 34 28 57 36 85 101 146 68 186 117 239 186 286 159 246 210 337 292 401 375 456 355 382 365 437 393 426 369 346 318 298 238 199 152 109 77 59 

LossDepth:
SAlphaB:
0 0 0 0 0 0 0 0 0 0 0 0 0 0 0 0 0 0 0 0 0 0 0 0 0 0 0 0 0 0 0 0 0 0 0 1 0 13 1 36 0 14 1 16 34 34 28 57 36 85 101 146 68 186 117 239 186 286 159 246 210 337 292 401 375 456 355 382 365 437 393 426 369 346 318 298 238 199 152 109 77 59 

FirstWin:
0 0 0 0 0 0 0 0 0 0 0 0 0 0 0 0 0 0 0 0 0 0 0 0 0 0 0 0 0 0 0 0 0 0 0 1 0 13 0 36 0 14 0 16 0 34 0 57 0 85 0 146 0 186 0 239 0 286 0 246 0 337 0 401 0 456 0 382 0 437 0 426 0 346 0 298 0 199 0 109 0 59 
SAlphaB:
0 0 0 0 0 0 0 0 0 0 0 0 0 0 0 0 0 0 0 0 0 0 0 0 0 0 0 0 0 0 0 0 0 0 0 1 0 13 0 36 0 14 0 16 0 34 0 57 0 85 0 146 0 186 0 239 0 286 0 246 0 337 0 401 0 456 0 382 0 437 0 426 0 346 0 298 0 199 0 109 0 59 

SecondWin:
0 0 0 0 0 0 0 0 0 0 0 0 0 0 0 0 0 0 0 0 0 0 0 0 0 0 0 0 0 0 0 0 0 0 0 0 0 0 1 0 0 0 1 0 34 0 28 0 36 0 101 0 68 0 117 0 186 0 159 0 210 0 292 0 375 0 355 0 365 0 393 0 369 0 318 0 238 0 152 0 77 0 
SAlphaB:
0 0 0 0 0 0 0 0 0 0 0 0 0 0 0 0 0 0 0 0 0 0 0 0 0 0 0 0 0 0 0 0 0 0 0 0 0 0 1 0 0 0 1 0 34 0 28 0 36 0 101 0 68 0 117 0 186 0 159 0 210 0 292 0 375 0 355 0 365 0 393 0 369 0 318 0 238 0 152 0 77 0 
