0 32 60 94 -16 2 15 22

0 56 71 46 -16 10 38 29

0 40 83 45 -3 4 21 5

0 25 79 99 -5 6 10 2

0 87 98 74 -2 7 45 24

0 48 79 82 -16 8 18 22

0 71 90 97 -13 13 27 7

0 49 84 35 -13 6 19 7

0 48 70 13 -4 4 24 17

0 43 91 42 -17 0 2 16

0 60 87 34 -3 3 27 14

0 44 90 7 -10 4 9 18

0 48 65 60 -1 5 24 3

0 32 96 26 -16 1 4 11

0 29 39 7 -17 3 4 9

0 49 90 78 -2 1 12 15

0 53 96 80 -11 1 3 6

0 48 87 91 -2 13 17 23

0 24 35 8 -1 2 14 6

0 75 82 64 -17 11 25 13

0 42 89 80 -17 3 7 7

0 6 59 40 -8 16 33 7

0 7 23 4 -2 0 1 3

0 26 90 26 -11 1 2 14

0 64 77 81 -5 11 34 20

0 67 91 93 -16 7 26 2

0 47 55 13 -13 6 22 22

0 31 76 51 -7 3 10 19

0 17 97 61 -19 1 2 4

0 72 97 43 -16 6 37 11

0 65 90 80 -4 18 40 14

0 42 60 30 -10 7 19 23

0 22 89 14 -16 1 13 40

0 77 98 49 -7 9 30 26

0 38 59 48 -19 6 11 5

0 10 36 14 -7 1 3 2

0 28 68 1 -1 11 37 28

0 30 79 31 -14 2 6 31

0 40 95 23 -17 0 23 17

0 77 95 20 -2 11 39 16

0 71 79 79 -12 13 37 14

0 29 61 92 -9 1 8 24

0 46 56 91 -10 2 8 9

0 70 95 34 -7 2 22 11

0 70 94 24 -17 5 22 27

0 28 88 3 -16 3 4 7

0 41 42 54 -17 2 10 17

0 22 78 15 -3 7 12 18

0 54 93 40 -15 5 14 4

0 33 47 86 -19 4 11 31

0 22 74 17 -20 4 14 9

0 18 87 51 -3 8 13 14

0 35 59 94 -7 4 20 20

0 80 98 93 -9 10 18 31

0 43 90 40 -6 18 40 14

0 21 72 85 -4 27 46 6

0 28 96 24 -1 2 30 14

0 29 52 84 -15 0 1 28

0 31 98 3 -13 0 16 29

0 68 98 86 -16 5 36 23

0 41 62 68 -11 0 1 23

0 49 97 65 -18 10 35 37

0 33 42 47 -15 2 11 5

0 54 82 70 -13 1 25 48

0 35 87 93 -13 13 27 10

0 72 99 94 -17 9 11 0

0 61 99 72 -9 8 17 49

0 21 39 40 -10 6 9 11

0 60 72 19 -1 2 10 1

0 64 66 24 -13 5 15 13

0 35 54 0 -3 8 24 27

0 11 74 94 -18 7 18 23

0 36 90 3 -12 0 5 47

0 12 94 51 -3 17 46 18

0 17 90 70 -19 9 34 2

0 68 92 80 -14 21 49 47

0 13 56 29 -11 0 6 13

0 32 99 71 -11 8 11 36

0 16 65 78 -1 23 42 7

0 14 59 75 -6 8 13 11

0 15 85 15 -18 3 4 10

0 45 96 66 -20 4 37 26

0 75 82 0 -7 6 16 44

0 59 99 88 -16 6 43 46

0 29 33 90 -6 7 17 10

0 11 63 88 -9 2 8 2

0 10 73 87 -5 10 20 15

0 17 73 98 -17 14 33 23

0 19 62 16 -8 4 5 17

0 62 71 71 -5 0 4 25

0 8 21 78 -5 5 17 17

0 2 56 94 -3 24 35 4

0 8 15 83 -3 0 2 9

0 32 87 72 -14 20 44 6

0 80 96 4 -7 2 7 1

0 8 57 77 -14 17 32 27

0 17 70 88 -4 31 47 19

0 7 56 32 -20 11 19 17

0 23 33 22 -18 26 27 10

0 1 77 83 -3 11 19 4


SAlphaB: 762.0, std-dev 257.4442191225042

Earliest win: 37
Latest win: 81

WinDepth:
0 0 0 0 0 0 0 0 0 0 0 0 0 0 0 0 0 0 0 0 0 0 0 0 0 0 0 0 0 0 0 0 0 0 0 0 0 8 0 22 6 23 20 21 34 46 33 151 55 183 135 511 138 291 237 443 342 562 363 512 455 637 692 772 793 977 826 977 921 1017 962 1024 897 899 860 730 618 505 406 275 204 151 
SAlphaB:
0 0 0 0 0 0 0 0 0 0 0 0 0 0 0 0 0 0 0 0 0 0 0 0 0 0 0 0 0 0 0 0 0 0 0 0 0 8 0 22 6 23 20 21 34 46 33 151 55 183 135 511 138 291 237 443 342 562 363 512 455 637 692 772 793 977 826 977 921 1017 962 1024 897 899 860 730 618 505 406 275 204 151 

LossDepth:
SAlphaB:
0 0 0 0 0 0 0 0 0 0 0 0 0 0 0 0 0 0 0 0 0 0 0 0 0 0 0 0 0 0 0 0 0 0 0 0 0 1 0 16 4 13 7 13 18 29 19 91 40 88 83 134 97 153 127 255 192 354 182 326 261 479 412 592 570 730 592 770 662 819 737 837 680 780 708 641 500 481 334 273 218 151 

FirstWin:
0 0 0 0 0 0 0 0 0 0 0 0 0 0 0 0 0 0 0 0 0 0 0 0 0 0 0 0 0 0 0 0 0 0 0 0 0 8 0 22 0 23 0 21 0 46 0 151 0 183 0 511 0 291 0 443 0 562 0 512 0 637 0 772 0 977 0 977 0 1017 0 1024 0 899 0 730 0 505 0 275 0 151 
SAlphaB:
0 0 0 0 0 0 0 0 0 0 0 0 0 0 0 0 0 0 0 0 0 0 0 0 0 0 0 0 0 0 0 0 0 0 0 0 0 8 0 22 0 23 0 21 0 46 0 151 0 183 0 511 0 291 0 443 0 562 0 512 0 637 0 772 0 977 0 977 0 1017 0 1024 0 899 0 730 0 505 0 275 0 151 

SecondWin:
0 0 0 0 0 0 0 0 0 0 0 0 0 0 0 0 0 0 0 0 0 0 0 0 0 0 0 0 0 0 0 0 0 0 0 0 0 0 0 0 6 0 20 0 34 0 33 0 55 0 135 0 138 0 237 0 342 0 363 0 455 0 692 0 793 0 826 0 921 0 962 0 897 0 860 0 618 0 406 0 204 0 
SAlphaB:
0 0 0 0 0 0 0 0 0 0 0 0 0 0 0 0 0 0 0 0 0 0 0 0 0 0 0 0 0 0 0 0 0 0 0 0 0 0 0 0 6 0 20 0 34 0 33 0 55 0 135 0 138 0 237 0 342 0 363 0 455 0 692 0 793 0 826 0 921 0 962 0 897 0 860 0 618 0 406 0 204 0 
