0 10 36 14 -7 1 3 2

0 22 78 15 -3 7 12 18

0 31 98 3 -13 0 16 29

0 68 98 86 -16 5 36 23

0 80 96 4 -7 2 7 1

0 38 59 48 -19 6 11 5

0 11 63 88 -9 2 8 2

0 61 99 72 -9 8 17 49

0 75 82 0 -7 6 16 44

0 65 90 80 -4 18 40 14

0 36 49 78 -10 3 7 40

0 47 69 43 -3 7 19 40

0 28 46 45 -10 17 18 12

0 12 41 25 -12 0 6 12

0 53 72 50 -16 2 4 9

0 16 67 88 -18 1 4 25

0 28 61 42 -18 5 11 40

0 35 77 96 -6 18 47 47

0 19 62 35 -16 0 6 0

0 73 83 39 -5 3 12 3

0 45 69 54 -11 13 27 41

0 8 36 81 -20 22 30 25

0 46 94 42 -8 7 24 17

0 87 94 29 -10 16 32 44

0 53 73 69 -12 4 13 33

0 61 66 11 -9 1 2 8

0 44 71 87 -4 1 38 30

0 7 58 28 -5 16 23 11

0 59 77 66 -16 18 26 18

0 8 45 4 -14 13 29 18

0 50 86 96 -1 2 3 16

0 28 36 57 -4 13 30 12

0 24 74 34 -12 3 12 45

0 74 95 84 -4 8 49 23

0 20 53 19 -10 9 21 1

0 21 31 1 -3 4 23 7

0 43 62 7 -11 5 45 27

0 30 43 71 -4 5 19 20

0 62 70 61 -14 3 29 11

0 38 51 16 -8 22 45 10

0 73 89 25 -17 23 35 38

0 29 67 13 -17 5 32 3

0 12 33 9 -15 6 23 18

0 15 58 19 -1 12 36 33

0 38 55 20 -8 12 28 40

0 7 56 12 -17 26 41 12

0 29 31 35 -2 25 31 33

0 32 75 31 -14 23 31 21

0 49 71 32 -2 9 40 10

0 38 53 35 -8 2 31 38

0 36 95 54 -1 9 13 49

0 10 21 58 -7 5 14 36

0 29 79 96 -1 5 36 44

0 27 81 28 -20 12 21 44

0 56 81 61 -3 19 34 25

0 9 38 84 -20 19 29 20

0 32 63 21 -10 35 39 24

0 22 30 58 -4 3 8 33

0 0 74 54 -6 38 40 31

0 43 56 83 -6 35 49 4

0 3 47 63 -20 33 34 24

0 11 74 36 -7 24 44 32

0 23 32 89 -12 3 20 36

0 4 21 1 -12 20 25 14

0 24 34 55 -7 30 36 21

0 13 38 77 -4 18 46 46

0 1 58 92 -15 5 21 15

0 17 93 38 -20 11 14 19

0 4 10 84 -14 0 3 9

0 2 55 21 -3 6 15 13

0 17 50 61 -11 15 27 16

0 9 15 0 -18 3 30 13

0 17 26 85 -12 1 42 6

0 12 30 91 -18 15 17 19

0 12 40 79 -16 4 16 33

0 15 16 75 -5 46 49 13

0 2 35 5 -20 11 24 23

0 4 21 8 -2 26 38 8

0 19 73 78 -1 6 24 22

0 28 72 78 -15 20 26 48

0 8 19 23 -18 17 35 35

0 17 24 95 -3 9 44 34

0 0 4 35 -2 1 3 21

0 21 32 4 -15 37 48 3

0 5 6 94 -4 32 43 17

0 28 32 71 -14 30 47 2

0 14 29 59 -14 1 25 44

0 11 28 91 -8 4 26 41

0 0 1 16 -16 7 9 15

0 3 4 77 -7 10 24 47

0 0 11 6 -2 30 36 48

0 11 27 52 -13 39 47 6

0 19 22 78 -5 0 5 43

0 3 23 27 -9 11 23 47

0 9 28 85 -14 31 49 2

0 1 17 42 -6 2 4 49

0 0 11 86 -5 4 5 35

0 15 40 15 -19 0 39 27

0 0 6 45 -1 3 13 21

0 6 10 9 -20 3 25 44


SAlphaB: 704.0, std-dev 256.5244206383446

Earliest win: 37
Latest win: 81

WinDepth:
0 0 0 0 0 0 0 0 0 0 0 0 0 0 0 0 0 0 0 0 0 0 0 0 0 0 0 0 0 0 0 0 0 0 0 0 0 2 0 1 3 13 2 31 15 29 15 64 34 77 67 182 66 122 113 176 146 208 149 186 172 273 237 317 373 400 393 401 410 403 482 461 375 419 385 314 246 261 154 134 85 80 
SAlphaB:
0 0 0 0 0 0 0 0 0 0 0 0 0 0 0 0 0 0 0 0 0 0 0 0 0 0 0 0 0 0 0 0 0 0 0 0 0 2 0 1 3 13 2 31 15 29 15 64 34 77 67 182 66 122 113 176 146 208 149 186 172 273 237 317 373 400 393 401 410 403 482 461 375 419 385 314 246 261 154 134 85 80 

LossDepth:
SAlphaB:
0 0 0 0 0 0 0 0 0 0 0 0 0 0 0 0 0 0 0 0 0 0 0 0 0 0 0 0 0 0 0 0 0 0 0 0 0 2 0 1 3 13 2 31 15 29 15 64 34 77 67 182 66 122 113 176 146 208 149 186 172 273 237 317 373 400 393 401 410 403 482 461 375 419 385 314 246 261 154 134 85 80 

FirstWin:
0 0 0 0 0 0 0 0 0 0 0 0 0 0 0 0 0 0 0 0 0 0 0 0 0 0 0 0 0 0 0 0 0 0 0 0 0 2 0 1 0 13 0 31 0 29 0 64 0 77 0 182 0 122 0 176 0 208 0 186 0 273 0 317 0 400 0 401 0 403 0 461 0 419 0 314 0 261 0 134 0 80 
SAlphaB:
0 0 0 0 0 0 0 0 0 0 0 0 0 0 0 0 0 0 0 0 0 0 0 0 0 0 0 0 0 0 0 0 0 0 0 0 0 2 0 1 0 13 0 31 0 29 0 64 0 77 0 182 0 122 0 176 0 208 0 186 0 273 0 317 0 400 0 401 0 403 0 461 0 419 0 314 0 261 0 134 0 80 

SecondWin:
0 0 0 0 0 0 0 0 0 0 0 0 0 0 0 0 0 0 0 0 0 0 0 0 0 0 0 0 0 0 0 0 0 0 0 0 0 0 0 0 3 0 2 0 15 0 15 0 34 0 67 0 66 0 113 0 146 0 149 0 172 0 237 0 373 0 393 0 410 0 482 0 375 0 385 0 246 0 154 0 85 0 
SAlphaB:
0 0 0 0 0 0 0 0 0 0 0 0 0 0 0 0 0 0 0 0 0 0 0 0 0 0 0 0 0 0 0 0 0 0 0 0 0 0 0 0 3 0 2 0 15 0 15 0 34 0 67 0 66 0 113 0 146 0 149 0 172 0 237 0 373 0 393 0 410 0 482 0 375 0 385 0 246 0 154 0 85 0 
