0 77 95 20 -2 11 39 16

0 48 79 82 -16 8 18 22

0 17 97 61 -19 1 2 4

0 33 47 86 -19 4 11 31

0 28 88 3 -16 3 4 7

0 32 99 71 -11 8 11 36

0 17 70 88 -4 31 47 19

0 64 77 81 -5 11 34 20

0 21 72 85 -4 27 46 6

0 8 57 77 -14 17 32 27

0 68 70 38 -9 7 9 25

0 58 98 0 -20 3 48 20

0 65 95 11 -13 2 13 9

0 15 42 88 -2 8 16 32

0 20 30 68 -16 2 9 18

0 37 54 41 -12 2 3 29

0 30 32 91 -8 1 6 13

0 70 72 60 -4 7 41 27

0 23 54 50 -19 1 10 40

0 31 85 8 -6 13 22 11

0 25 30 24 -11 0 1 2

0 11 86 38 -16 28 42 33

0 0 91 75 -14 4 11 34

0 24 80 99 -14 22 42 13

0 16 93 52 -3 19 44 31

0 27 77 97 -15 5 9 2

0 32 63 99 -3 16 20 39

0 27 34 29 -14 2 21 16

0 11 36 71 -16 5 10 10

0 44 60 76 -5 5 18 35

0 26 40 61 -1 16 49 39

0 39 45 69 -10 8 12 11

0 59 74 81 -16 0 10 18

0 29 84 79 -5 7 10 10

0 21 46 37 -17 2 17 18

0 3 65 16 -11 19 46 4

0 14 31 94 -15 4 7 41

0 7 48 94 -6 25 46 29

0 23 26 76 -14 6 11 14

0 0 98 12 -16 11 41 39

0 0 27 61 -20 10 33 32

0 24 31 9 -2 0 8 0

0 3 97 71 -2 6 24 32

0 71 99 83 -5 21 35 6

0 56 79 42 -19 30 34 34

0 28 64 71 -9 27 32 44

0 16 22 25 -13 9 14 0

0 37 92 7 -4 0 3 33

0 9 15 26 -14 0 6 4

0 5 7 2 -12 1 7 8

0 23 92 43 -13 4 31 19

0 15 59 33 -6 27 42 37

0 7 27 82 -8 2 5 45

0 54 68 56 -17 27 34 38

0 50 57 61 -1 20 22 42

0 5 40 69 -5 0 1 29

0 68 75 51 -1 1 2 11

0 6 56 93 -11 3 24 30

0 22 27 17 -15 20 44 24

0 24 55 4 -20 40 46 26

0 8 12 59 -14 13 27 3

0 2 5 74 -5 12 22 38

0 4 5 77 -3 8 30 46

0 8 22 90 -18 9 38 33

0 11 20 43 -14 8 9 32

0 5 44 82 -6 8 36 7

0 2 3 26 -7 22 49 8

0 26 36 20 -9 9 46 32

0 5 8 33 -9 8 23 19

0 5 14 84 -11 17 37 0

0 0 23 62 -19 4 9 2

0 12 31 63 -8 14 27 26

0 1 6 15 -16 0 8 34

0 2 40 53 -18 7 9 46

0 1 19 18 -8 12 34 11

0 39 45 24 -3 6 48 29

0 19 55 36 -15 13 24 40

0 32 98 62 -5 37 48 9

0 24 41 0 -6 1 6 46

0 73 89 6 -17 20 23 41

0 4 13 94 -1 22 47 25

0 27 35 45 -17 23 42 23

0 19 20 43 -16 0 31 47

0 2 44 98 -3 6 32 37

0 17 24 3 -11 16 23 23

0 36 88 13 -15 23 31 2

0 18 39 59 -2 2 34 45

0 6 10 96 -9 22 40 31

0 3 39 31 -12 1 6 26

0 5 13 61 -2 29 46 6

0 1 2 36 -4 30 45 25

0 8 16 62 -15 14 38 46

0 3 7 10 -8 5 49 2

0 8 22 72 -17 11 21 29

0 6 11 48 -3 17 25 3

0 1 23 25 -5 28 36 46

0 14 44 26 -12 26 31 45

0 0 1 35 -9 24 32 32

0 0 8 4 -18 38 40 23

0 12 15 28 -4 2 16 36


SAlphaB: 710.0, std-dev 266.48387560900557

Earliest win: 37
Latest win: 81

WinDepth:
0 0 0 0 0 0 0 0 0 0 0 0 0 0 0 0 0 0 0 0 0 0 0 0 0 0 0 0 0 0 0 0 0 0 0 0 0 3 0 0 1 3 6 14 5 16 16 13 33 47 43 217 51 88 100 210 151 163 183 173 192 226 230 314 352 344 371 379 421 419 452 453 432 388 385 384 262 284 197 146 78 81 
SAlphaB:
0 0 0 0 0 0 0 0 0 0 0 0 0 0 0 0 0 0 0 0 0 0 0 0 0 0 0 0 0 0 0 0 0 0 0 0 0 3 0 0 1 3 6 14 5 16 16 13 33 47 43 217 51 88 100 210 151 163 183 173 192 226 230 314 352 344 371 379 421 419 452 453 432 388 385 384 262 284 197 146 78 81 

LossDepth:
SAlphaB:
0 0 0 0 0 0 0 0 0 0 0 0 0 0 0 0 0 0 0 0 0 0 0 0 0 0 0 0 0 0 0 0 0 0 0 0 0 3 0 0 1 3 6 14 5 16 16 13 33 47 43 217 51 88 100 210 151 163 183 173 192 226 230 314 352 344 371 379 421 419 452 453 432 388 385 384 262 284 197 146 78 81 

FirstWin:
0 0 0 0 0 0 0 0 0 0 0 0 0 0 0 0 0 0 0 0 0 0 0 0 0 0 0 0 0 0 0 0 0 0 0 0 0 3 0 0 0 3 0 14 0 16 0 13 0 47 0 217 0 88 0 210 0 163 0 173 0 226 0 314 0 344 0 379 0 419 0 453 0 388 0 384 0 284 0 146 0 81 
SAlphaB:
0 0 0 0 0 0 0 0 0 0 0 0 0 0 0 0 0 0 0 0 0 0 0 0 0 0 0 0 0 0 0 0 0 0 0 0 0 3 0 0 0 3 0 14 0 16 0 13 0 47 0 217 0 88 0 210 0 163 0 173 0 226 0 314 0 344 0 379 0 419 0 453 0 388 0 384 0 284 0 146 0 81 

SecondWin:
0 0 0 0 0 0 0 0 0 0 0 0 0 0 0 0 0 0 0 0 0 0 0 0 0 0 0 0 0 0 0 0 0 0 0 0 0 0 0 0 1 0 6 0 5 0 16 0 33 0 43 0 51 0 100 0 151 0 183 0 192 0 230 0 352 0 371 0 421 0 452 0 432 0 385 0 262 0 197 0 78 0 
SAlphaB:
0 0 0 0 0 0 0 0 0 0 0 0 0 0 0 0 0 0 0 0 0 0 0 0 0 0 0 0 0 0 0 0 0 0 0 0 0 0 0 0 1 0 6 0 5 0 16 0 33 0 43 0 51 0 100 0 151 0 183 0 192 0 230 0 352 0 371 0 421 0 452 0 432 0 385 0 262 0 197 0 78 0 
