0 42 60 30 -10 7 19 23

0 60 87 34 -3 3 27 14

0 41 42 54 -17 2 10 17

0 30 79 31 -14 2 6 31

0 13 56 29 -11 0 6 13

0 26 90 26 -11 1 2 14

0 10 73 87 -5 10 20 15

0 72 99 94 -17 9 11 0

0 29 61 92 -9 1 8 24

0 7 23 4 -2 0 1 3

0 9 39 35 -1 3 8 17

0 95 98 64 -20 8 45 28

0 54 75 47 -9 18 45 0

0 14 27 23 -8 3 5 2

0 71 85 49 -2 20 41 18

0 53 63 11 -3 28 29 29

0 52 71 51 -13 2 13 21

0 54 96 14 -15 0 46 18

0 9 34 20 -10 2 4 16

0 44 70 17 -1 12 13 39

0 6 80 56 -3 9 32 24

0 7 80 18 -20 0 13 4

0 56 94 86 -13 0 2 17

0 41 73 15 -18 5 23 6

0 13 68 15 -10 1 2 38

0 61 79 33 -6 0 10 25

0 24 85 60 -18 2 22 24

0 7 57 69 -18 3 21 27

0 5 94 12 -16 19 44 23

0 57 89 1 -10 1 31 38

0 24 83 23 -6 3 29 42

0 16 48 46 -6 2 4 35

0 17 82 32 -16 6 11 28

0 17 32 15 -4 14 17 12

0 58 64 12 -2 18 29 22

0 1 36 29 -9 8 20 28

0 57 65 64 -1 7 24 39

0 15 66 40 -2 11 30 24

0 77 79 61 -4 4 27 46

0 8 35 74 -4 17 24 27

0 26 47 76 -19 2 11 44

0 26 36 39 -18 13 22 0

0 1 30 12 -16 1 3 23

0 14 29 90 -11 47 48 22

0 14 32 78 -18 11 17 24

0 16 96 49 -17 38 46 16

0 16 58 88 -11 20 33 33

0 1 88 73 -11 7 31 16

0 26 44 74 -20 9 14 25

0 56 64 82 -4 1 4 18

0 3 19 38 -6 1 2 13

0 26 67 48 -14 16 36 48

0 23 24 2 -1 20 26 1

0 8 71 71 -15 17 44 42

0 2 57 61 -9 33 44 31

0 25 29 53 -5 6 17 37

0 23 24 24 -15 6 8 1

0 30 32 75 -8 10 21 38

0 4 62 36 -11 15 17 41

0 0 8 22 -19 2 13 0

0 27 40 46 -11 9 20 8

0 16 30 92 -10 8 31 18

0 37 76 77 -15 10 45 35

0 10 20 46 -7 44 46 10

0 47 94 2 -4 28 44 7

0 5 14 26 -5 4 7 10

0 21 39 77 -17 20 45 31

0 2 11 83 -17 16 22 18

0 8 30 70 -3 6 17 33

0 6 64 46 -20 15 16 32

0 17 27 83 -9 24 26 0

0 7 87 33 -4 19 35 37

0 18 39 30 -15 10 11 41

0 24 50 12 -18 4 42 43

0 0 49 5 -19 39 42 22

0 2 11 95 -17 18 23 33

0 10 21 60 -20 3 12 39

0 34 37 40 -5 1 2 37

0 5 16 33 -16 35 37 5

0 8 14 70 -2 25 27 16

0 27 32 92 -12 8 35 45

0 0 19 21 -17 6 19 38

0 9 46 14 -20 16 42 12

0 0 94 87 -4 5 29 44

0 11 12 86 -6 4 5 40

0 17 35 85 -6 23 33 36

0 5 19 42 -13 14 20 2

0 2 27 24 -5 11 15 31

0 2 10 91 -17 27 42 37

0 15 22 25 -16 23 31 7

0 10 11 67 -5 0 33 26

0 4 53 35 -3 1 29 35

0 3 12 22 -4 2 23 32

0 2 3 82 -4 21 27 9

0 0 7 42 -4 1 6 37

0 3 34 99 -9 1 13 40

0 14 18 19 -6 19 27 32

0 1 3 65 -1 1 4 17

0 0 9 57 -1 2 32 27

0 3 21 57 -17 14 22 0


SAlphaB: 707.0, std-dev 253.13380070746393

Earliest win: 39
Latest win: 81

WinDepth:
0 0 0 0 0 0 0 0 0 0 0 0 0 0 0 0 0 0 0 0 0 0 0 0 0 0 0 0 0 0 0 0 0 0 0 0 0 0 0 3 2 2 3 29 10 24 21 44 31 78 57 210 126 108 117 159 111 206 148 168 154 261 246 326 346 373 429 369 456 399 429 435 405 388 387 339 233 231 175 136 112 73 
SAlphaB:
0 0 0 0 0 0 0 0 0 0 0 0 0 0 0 0 0 0 0 0 0 0 0 0 0 0 0 0 0 0 0 0 0 0 0 0 0 0 0 3 2 2 3 29 10 24 21 44 31 78 57 210 126 108 117 159 111 206 148 168 154 261 246 326 346 373 429 369 456 399 429 435 405 388 387 339 233 231 175 136 112 73 

LossDepth:
SAlphaB:
0 0 0 0 0 0 0 0 0 0 0 0 0 0 0 0 0 0 0 0 0 0 0 0 0 0 0 0 0 0 0 0 0 0 0 0 0 0 0 3 2 2 3 29 10 24 21 44 31 78 57 210 126 108 117 159 111 206 148 168 154 261 246 326 346 373 429 369 456 399 429 435 405 388 387 339 233 231 175 136 112 73 

FirstWin:
0 0 0 0 0 0 0 0 0 0 0 0 0 0 0 0 0 0 0 0 0 0 0 0 0 0 0 0 0 0 0 0 0 0 0 0 0 0 0 3 0 2 0 29 0 24 0 44 0 78 0 210 0 108 0 159 0 206 0 168 0 261 0 326 0 373 0 369 0 399 0 435 0 388 0 339 0 231 0 136 0 73 
SAlphaB:
0 0 0 0 0 0 0 0 0 0 0 0 0 0 0 0 0 0 0 0 0 0 0 0 0 0 0 0 0 0 0 0 0 0 0 0 0 0 0 3 0 2 0 29 0 24 0 44 0 78 0 210 0 108 0 159 0 206 0 168 0 261 0 326 0 373 0 369 0 399 0 435 0 388 0 339 0 231 0 136 0 73 

SecondWin:
0 0 0 0 0 0 0 0 0 0 0 0 0 0 0 0 0 0 0 0 0 0 0 0 0 0 0 0 0 0 0 0 0 0 0 0 0 0 0 0 2 0 3 0 10 0 21 0 31 0 57 0 126 0 117 0 111 0 148 0 154 0 246 0 346 0 429 0 456 0 429 0 405 0 387 0 233 0 175 0 112 0 
SAlphaB:
0 0 0 0 0 0 0 0 0 0 0 0 0 0 0 0 0 0 0 0 0 0 0 0 0 0 0 0 0 0 0 0 0 0 0 0 0 0 0 0 2 0 3 0 10 0 21 0 31 0 57 0 126 0 117 0 111 0 148 0 154 0 246 0 346 0 429 0 456 0 429 0 405 0 387 0 233 0 175 0 112 0 
