0 45 96 66 -20 4 37 26

0 49 97 65 -18 10 35 37

0 72 97 43 -16 6 37 11

0 19 62 16 -8 4 5 17

0 60 72 19 -1 2 10 1

0 71 79 79 -12 13 37 14

0 35 59 94 -7 4 20 20

0 28 68 1 -1 11 37 28

0 7 56 32 -20 11 19 17

0 43 90 40 -6 18 40 14

0 38 68 88 -19 7 11 19

0 25 81 37 -19 0 15 13

0 28 81 8 -17 1 16 43

0 82 86 92 -19 1 21 32

0 6 52 84 -18 8 15 16

0 1 60 35 -20 10 18 4

0 16 86 89 -2 4 10 19

0 57 95 93 -8 2 12 26

0 39 57 38 -11 4 36 26

0 43 68 70 -9 2 28 28

0 46 66 51 -3 3 25 24

0 50 56 30 -19 16 22 40

0 13 79 51 -16 1 21 1

0 28 35 35 -4 4 10 0

0 48 59 63 -2 41 45 48

0 90 92 5 -12 3 5 19

0 50 89 58 -1 20 25 2

0 0 72 95 -10 7 18 26

0 30 33 73 -8 12 16 31

0 17 45 93 -12 17 25 16

0 43 55 30 -1 10 26 36

0 28 84 83 -10 32 33 37

0 16 18 67 -12 15 49 13

0 39 90 89 -5 38 43 49

0 37 44 89 -19 23 42 6

0 35 55 65 -13 24 32 30

0 13 64 33 -19 6 19 12

0 56 61 69 -5 28 34 13

0 32 75 3 -19 26 43 10

0 8 92 96 -11 16 31 15

0 21 63 85 -3 5 23 41

0 34 86 78 -6 6 42 37

0 67 84 62 -11 24 43 0

0 13 27 77 -16 9 22 41

0 15 30 20 -4 31 37 11

0 4 29 85 -20 21 36 9

0 35 44 23 -6 44 46 24

0 46 85 11 -20 31 34 21

0 60 99 56 -3 1 2 21

0 28 42 58 -20 31 45 37

0 4 64 74 -5 36 38 42

0 62 67 56 -11 20 27 47

0 25 80 36 -15 11 49 44

0 42 44 40 -20 0 37 46

0 5 47 3 -12 18 41 10

0 29 88 60 -11 14 22 11

0 11 18 68 -13 0 8 19

0 8 41 3 -19 27 29 37

0 34 52 83 -18 1 33 7

0 11 18 78 -7 27 29 2

0 11 17 3 -10 20 32 20

0 25 40 48 -9 10 18 48

0 24 55 95 -13 7 43 37

0 68 80 47 -14 38 41 7

0 4 92 38 -3 3 4 47

0 24 73 34 -18 7 44 48

0 33 49 64 -6 24 25 40

0 2 67 0 -11 17 23 10

0 30 38 27 -12 5 41 15

0 3 50 13 -4 4 18 20

0 2 8 73 -15 8 20 29

0 18 33 63 -6 1 4 46

0 25 95 82 -19 9 44 18

0 6 23 15 -7 6 34 19

0 3 92 64 -2 3 8 38

0 33 39 33 -14 0 36 28

0 3 30 16 -16 34 37 33

0 12 23 26 -11 2 27 8

0 73 89 4 -18 31 37 15

0 12 15 19 -10 40 42 48

0 10 29 25 -2 9 43 19

0 1 4 17 -18 2 3 11

0 12 18 65 -2 1 7 38

0 0 1 0 -16 14 21 23

0 1 3 2 -19 0 21 23

0 24 31 75 -1 12 19 9

0 18 19 57 -17 0 31 18

0 3 7 21 -7 34 39 46

0 10 21 29 -6 32 43 39

0 39 51 24 -13 15 27 3

0 4 18 82 -15 7 44 28

0 2 18 28 -3 38 41 26

0 0 31 0 -15 4 17 46

0 3 5 27 -4 16 47 18

0 23 25 3 -1 6 11 45

0 1 4 39 -13 6 10 10

0 5 6 27 -9 4 30 14

0 16 20 16 -15 26 35 1

0 0 1 76 -2 2 8 18

0 0 5 66 -4 32 40 15


SAlphaB: 703.0, std-dev 266.5992780382292

Earliest win: 37
Latest win: 81

WinDepth:
0 0 0 0 0 0 0 0 0 0 0 0 0 0 0 0 0 0 0 0 0 0 0 0 0 0 0 0 0 0 0 0 0 0 0 0 0 15 0 22 15 4 0 4 22 15 26 17 44 52 86 191 101 112 75 165 106 166 155 179 159 226 222 343 305 392 377 391 456 412 429 488 391 441 389 406 271 233 198 155 100 82 
SAlphaB:
0 0 0 0 0 0 0 0 0 0 0 0 0 0 0 0 0 0 0 0 0 0 0 0 0 0 0 0 0 0 0 0 0 0 0 0 0 15 0 22 15 4 0 4 22 15 26 17 44 52 86 191 101 112 75 165 106 166 155 179 159 226 222 343 305 392 377 391 456 412 429 488 391 441 389 406 271 233 198 155 100 82 

LossDepth:
SAlphaB:
0 0 0 0 0 0 0 0 0 0 0 0 0 0 0 0 0 0 0 0 0 0 0 0 0 0 0 0 0 0 0 0 0 0 0 0 0 15 0 22 15 4 0 4 22 15 26 17 44 52 86 191 101 112 75 165 106 166 155 179 159 226 222 343 305 392 377 391 456 412 429 488 391 441 389 406 271 233 198 155 100 82 

FirstWin:
0 0 0 0 0 0 0 0 0 0 0 0 0 0 0 0 0 0 0 0 0 0 0 0 0 0 0 0 0 0 0 0 0 0 0 0 0 15 0 22 0 4 0 4 0 15 0 17 0 52 0 191 0 112 0 165 0 166 0 179 0 226 0 343 0 392 0 391 0 412 0 488 0 441 0 406 0 233 0 155 0 82 
SAlphaB:
0 0 0 0 0 0 0 0 0 0 0 0 0 0 0 0 0 0 0 0 0 0 0 0 0 0 0 0 0 0 0 0 0 0 0 0 0 15 0 22 0 4 0 4 0 15 0 17 0 52 0 191 0 112 0 165 0 166 0 179 0 226 0 343 0 392 0 391 0 412 0 488 0 441 0 406 0 233 0 155 0 82 

SecondWin:
0 0 0 0 0 0 0 0 0 0 0 0 0 0 0 0 0 0 0 0 0 0 0 0 0 0 0 0 0 0 0 0 0 0 0 0 0 0 0 0 15 0 0 0 22 0 26 0 44 0 86 0 101 0 75 0 106 0 155 0 159 0 222 0 305 0 377 0 456 0 429 0 391 0 389 0 271 0 198 0 100 0 
SAlphaB:
0 0 0 0 0 0 0 0 0 0 0 0 0 0 0 0 0 0 0 0 0 0 0 0 0 0 0 0 0 0 0 0 0 0 0 0 0 0 0 0 15 0 0 0 22 0 26 0 44 0 86 0 101 0 75 0 106 0 155 0 159 0 222 0 305 0 377 0 456 0 429 0 391 0 389 0 271 0 198 0 100 0 
