0 40 83 45 -3 4 21 5

0 18 87 51 -3 8 13 14

0 49 84 35 -13 6 19 7

0 15 85 15 -18 3 4 10

0 29 33 90 -6 7 17 10

0 31 76 51 -7 3 10 19

0 67 91 93 -16 7 26 2

0 11 74 94 -18 7 18 23

0 17 73 98 -17 14 33 23

0 54 93 40 -15 5 14 4

0 13 45 71 -10 18 24 7

0 76 95 21 -20 15 47 19

0 51 56 66 -7 2 9 16

0 26 97 30 -1 10 23 37

0 41 69 38 -17 7 41 15

0 36 37 65 -14 13 34 8

0 32 60 80 -4 25 33 36

0 66 96 73 -7 4 11 29

0 58 97 55 -2 6 7 17

0 51 88 72 -1 22 37 13

0 20 28 63 -16 11 19 13

0 52 53 3 -13 4 13 24

0 3 71 58 -11 27 31 27

0 7 17 32 -13 1 3 3

0 59 61 72 -7 0 37 44

0 47 73 97 -4 11 23 26

0 0 93 55 -14 15 47 14

0 2 54 68 -11 3 8 34

0 67 76 7 -15 3 36 42

0 31 38 31 -13 4 19 26

0 53 55 22 -13 8 48 26

0 71 90 59 -17 0 1 13

0 43 48 66 -15 3 47 9

0 28 41 63 -3 19 27 42

0 29 70 89 -1 34 45 37

0 78 80 99 -20 11 16 40

0 16 39 58 -17 33 39 1

0 49 98 83 -7 18 25 29

0 9 63 0 -16 10 21 6

0 62 67 46 -4 3 35 34

0 20 41 87 -15 15 23 26

0 9 54 67 -13 14 21 32

0 11 17 14 -14 0 11 12

0 44 52 31 -9 18 23 41

0 27 90 13 -3 3 13 48

0 46 53 48 -16 7 44 32

0 53 71 92 -4 43 46 22

0 55 65 47 -2 10 44 46

0 32 68 61 -12 19 25 39

0 30 33 81 -19 0 1 46

0 16 23 85 -20 1 5 1

0 33 35 56 -4 1 7 27

0 2 20 85 -12 0 1 15

0 21 39 4 -6 17 33 25

0 25 34 81 -6 2 3 42

0 19 64 38 -18 9 47 38

0 51 70 44 -20 17 23 17

0 2 27 24 -11 4 5 32

0 1 59 7 -6 17 26 48

0 32 51 1 -4 20 40 17

0 10 35 53 -1 20 48 35

0 18 58 61 -6 12 14 28

0 22 37 28 -10 15 22 32

0 30 36 93 -11 0 6 25

0 6 29 16 -6 7 12 43

0 8 38 32 -4 1 4 29

0 40 84 73 -2 39 48 13

0 31 41 51 -18 1 30 9

0 13 20 56 -5 0 7 41

0 38 99 36 -11 34 49 32

0 54 78 51 -13 26 27 12

0 4 21 1 -5 11 26 22

0 38 51 83 -2 5 6 45

0 12 37 19 -12 20 27 32

0 8 24 82 -4 25 46 1

0 11 20 34 -17 11 34 48

0 8 14 59 -8 12 22 38

0 1 10 18 -18 14 34 42

0 6 11 5 -2 0 2 32

0 5 16 63 -19 9 34 8

0 0 4 75 -13 31 37 31

0 0 3 10 -6 37 44 29

0 3 10 40 -13 4 12 30

0 9 26 75 -4 32 45 22

0 0 6 65 -6 23 24 7

0 5 16 54 -17 30 47 44

0 6 72 45 -8 3 47 43

0 7 13 76 -13 21 41 41

0 3 10 20 -19 5 15 27

0 0 1 73 -20 14 44 9

0 3 5 81 -19 5 12 25

0 4 10 78 -18 37 38 28

0 8 36 2 -2 18 20 23

0 3 25 30 -20 19 27 43

0 4 14 42 -11 3 47 16

0 27 37 96 -5 1 38 33

0 2 19 2 -12 18 19 37

0 5 14 45 -13 33 35 0

0 18 19 4 -15 15 24 48

0 0 3 8 -4 1 2 20


SAlphaB: 708.0, std-dev 252.723745151967

Earliest win: 36
Latest win: 81

WinDepth:
0 0 0 0 0 0 0 0 0 0 0 0 0 0 0 0 0 0 0 0 0 0 0 0 0 0 0 0 0 0 0 0 0 0 0 0 1 2 0 0 0 4 2 2 5 10 11 54 24 85 42 233 82 148 103 180 147 135 154 198 162 199 262 308 342 350 381 392 425 447 418 465 452 328 405 352 246 269 185 167 99 103 
SAlphaB:
0 0 0 0 0 0 0 0 0 0 0 0 0 0 0 0 0 0 0 0 0 0 0 0 0 0 0 0 0 0 0 0 0 0 0 0 1 2 0 0 0 4 2 2 5 10 11 54 24 85 42 233 82 148 103 180 147 135 154 198 162 199 262 308 342 350 381 392 425 447 418 465 452 328 405 352 246 269 185 167 99 103 

LossDepth:
SAlphaB:
0 0 0 0 0 0 0 0 0 0 0 0 0 0 0 0 0 0 0 0 0 0 0 0 0 0 0 0 0 0 0 0 0 0 0 0 1 2 0 0 0 4 2 2 5 10 11 54 24 85 42 233 82 148 103 180 147 135 154 198 162 199 262 308 342 350 381 392 425 447 418 465 452 328 405 352 246 269 185 167 99 103 

FirstWin:
0 0 0 0 0 0 0 0 0 0 0 0 0 0 0 0 0 0 0 0 0 0 0 0 0 0 0 0 0 0 0 0 0 0 0 0 0 2 0 0 0 4 0 2 0 10 0 54 0 85 0 233 0 148 0 180 0 135 0 198 0 199 0 308 0 350 0 392 0 447 0 465 0 328 0 352 0 269 0 167 0 103 
SAlphaB:
0 0 0 0 0 0 0 0 0 0 0 0 0 0 0 0 0 0 0 0 0 0 0 0 0 0 0 0 0 0 0 0 0 0 0 0 0 2 0 0 0 4 0 2 0 10 0 54 0 85 0 233 0 148 0 180 0 135 0 198 0 199 0 308 0 350 0 392 0 447 0 465 0 328 0 352 0 269 0 167 0 103 

SecondWin:
0 0 0 0 0 0 0 0 0 0 0 0 0 0 0 0 0 0 0 0 0 0 0 0 0 0 0 0 0 0 0 0 0 0 0 0 1 0 0 0 0 0 2 0 5 0 11 0 24 0 42 0 82 0 103 0 147 0 154 0 162 0 262 0 342 0 381 0 425 0 418 0 452 0 405 0 246 0 185 0 99 0 
SAlphaB:
0 0 0 0 0 0 0 0 0 0 0 0 0 0 0 0 0 0 0 0 0 0 0 0 0 0 0 0 0 0 0 0 0 0 0 0 1 0 0 0 0 0 2 0 5 0 11 0 24 0 42 0 82 0 103 0 147 0 154 0 162 0 262 0 342 0 381 0 425 0 418 0 452 0 405 0 246 0 185 0 99 0 
