0 70 95 34 -7 2 22 11

0 24 35 8 -1 2 14 6

0 46 56 91 -10 2 8 9

0 36 90 3 -12 0 5 47

0 29 39 7 -17 3 4 9

0 47 55 13 -13 6 22 22

0 64 66 24 -13 5 15 13

0 23 33 22 -18 26 27 10

0 62 71 71 -5 0 4 25

0 8 15 83 -3 0 2 9

0 36 81 48 -6 1 3 20

0 7 60 39 -15 4 6 8

0 5 39 45 -15 5 7 12

0 12 42 7 -18 1 8 22

0 32 55 89 -9 13 36 42

0 68 84 82 -16 0 1 49

0 74 86 96 -18 0 3 26

0 1 90 52 -6 39 43 14

0 29 81 93 -3 2 17 15

0 10 95 5 -9 25 41 10

0 54 66 7 -3 16 21 8

0 9 30 1 -17 0 3 13

0 29 43 15 -12 4 7 3

0 16 21 86 -3 6 15 13

0 0 48 35 -8 0 20 29

0 26 31 93 -3 0 5 5

0 22 54 0 -14 17 41 42

0 41 49 40 -20 0 8 2

0 45 92 99 -6 0 4 45

0 17 41 18 -11 1 4 41

0 24 49 21 -5 3 11 45

0 23 99 85 -15 40 44 18

0 57 95 29 -8 16 25 35

0 51 59 97 -10 3 43 24

0 13 84 39 -6 33 45 7

0 71 74 1 -11 16 29 38

0 3 73 41 -8 0 2 42

0 41 51 0 -9 11 13 29

0 14 48 46 -1 6 18 21

0 10 22 54 -13 2 5 34

0 6 45 30 -4 1 10 13

0 45 68 22 -17 44 45 22

0 35 45 1 -5 2 23 46

0 7 76 76 -13 14 39 46

0 7 10 88 -9 0 1 40

0 12 47 82 -14 1 4 44

0 47 55 68 -9 1 47 4

0 10 45 97 -18 29 40 34

0 12 13 30 -17 15 49 37

0 13 96 77 -16 19 21 6

0 0 68 85 -20 0 28 16

0 11 55 68 -18 13 14 20

0 15 65 45 -16 4 47 39

0 47 48 11 -11 24 31 39

0 15 50 17 -10 5 8 40

0 20 25 42 -12 22 31 25

0 14 34 19 -20 7 10 14

0 22 27 70 -5 39 44 25

0 1 40 95 -11 14 32 33

0 9 39 0 -15 11 30 10

0 29 48 85 -14 7 47 45

0 25 89 11 -15 31 32 42

0 3 87 4 -9 12 13 9

0 24 25 55 -6 6 38 14

0 39 47 60 -15 10 28 46

0 16 99 34 -3 39 49 29

0 39 86 24 -5 2 7 40

0 20 42 89 -3 8 43 4

0 7 96 52 -18 1 11 45

0 7 55 85 -18 8 37 15

0 49 99 23 -12 36 49 14

0 39 51 14 -11 46 47 41

0 2 29 72 -2 8 19 33

0 0 7 44 -4 10 31 26

0 17 62 8 -15 4 27 41

0 9 39 43 -9 2 8 37

0 16 25 88 -3 3 12 49

0 4 34 52 -15 3 28 35

0 6 33 78 -11 17 45 46

0 7 23 70 -18 8 14 1

0 3 27 13 -13 10 44 36

0 17 21 37 -7 4 5 48

0 0 1 54 -11 23 38 32

0 41 45 4 -16 32 38 34

0 1 4 81 -11 15 18 23

0 10 27 21 -11 39 46 31

0 10 26 64 -2 19 20 49

0 16 18 43 -8 4 29 18

0 5 7 3 -8 24 46 37

0 7 23 22 -14 11 40 46

0 8 16 41 -6 19 21 15

0 1 5 92 -15 30 44 2

0 0 1 60 -8 48 49 41

0 1 13 92 -8 3 13 45

0 7 13 22 -4 20 24 25

0 3 6 97 -11 31 49 7

0 0 2 29 -16 10 41 41

0 12 21 9 -5 19 26 46

0 1 31 41 -5 1 26 34

0 10 11 3 -10 5 30 43


SAlphaB: 719.0, std-dev 252.5341439060941

Earliest win: 37
Latest win: 81

WinDepth:
0 0 0 0 0 0 0 0 0 0 0 0 0 0 0 0 0 0 0 0 0 0 0 0 0 0 0 0 0 0 0 0 0 0 0 0 0 1 0 7 37 14 4 11 7 22 33 44 33 68 111 190 102 113 87 201 103 159 139 165 170 219 246 330 312 373 401 390 435 423 404 444 378 366 397 376 273 232 180 143 105 73 
SAlphaB:
0 0 0 0 0 0 0 0 0 0 0 0 0 0 0 0 0 0 0 0 0 0 0 0 0 0 0 0 0 0 0 0 0 0 0 0 0 1 0 7 37 14 4 11 7 22 33 44 33 68 111 190 102 113 87 201 103 159 139 165 170 219 246 330 312 373 401 390 435 423 404 444 378 366 397 376 273 232 180 143 105 73 

LossDepth:
SAlphaB:
0 0 0 0 0 0 0 0 0 0 0 0 0 0 0 0 0 0 0 0 0 0 0 0 0 0 0 0 0 0 0 0 0 0 0 0 0 1 0 7 37 14 4 11 7 22 33 44 33 68 111 190 102 113 87 201 103 159 139 165 170 219 246 330 312 373 401 390 435 423 404 444 378 366 397 376 273 232 180 143 105 73 

FirstWin:
0 0 0 0 0 0 0 0 0 0 0 0 0 0 0 0 0 0 0 0 0 0 0 0 0 0 0 0 0 0 0 0 0 0 0 0 0 1 0 7 0 14 0 11 0 22 0 44 0 68 0 190 0 113 0 201 0 159 0 165 0 219 0 330 0 373 0 390 0 423 0 444 0 366 0 376 0 232 0 143 0 73 
SAlphaB:
0 0 0 0 0 0 0 0 0 0 0 0 0 0 0 0 0 0 0 0 0 0 0 0 0 0 0 0 0 0 0 0 0 0 0 0 0 1 0 7 0 14 0 11 0 22 0 44 0 68 0 190 0 113 0 201 0 159 0 165 0 219 0 330 0 373 0 390 0 423 0 444 0 366 0 376 0 232 0 143 0 73 

SecondWin:
0 0 0 0 0 0 0 0 0 0 0 0 0 0 0 0 0 0 0 0 0 0 0 0 0 0 0 0 0 0 0 0 0 0 0 0 0 0 0 0 37 0 4 0 7 0 33 0 33 0 111 0 102 0 87 0 103 0 139 0 170 0 246 0 312 0 401 0 435 0 404 0 378 0 397 0 273 0 180 0 105 0 
SAlphaB:
0 0 0 0 0 0 0 0 0 0 0 0 0 0 0 0 0 0 0 0 0 0 0 0 0 0 0 0 0 0 0 0 0 0 0 0 0 0 0 0 37 0 4 0 7 0 33 0 33 0 111 0 102 0 87 0 103 0 139 0 170 0 246 0 312 0 401 0 435 0 404 0 378 0 397 0 273 0 180 0 105 0 
