0 16 65 78 -1 23 42 7

0 42 89 80 -17 3 7 7

0 33 42 47 -15 2 11 5

0 77 98 49 -7 9 30 26

0 48 70 13 -4 4 24 17

0 28 96 24 -1 2 30 14

0 12 94 51 -3 17 46 18

0 40 95 23 -17 0 23 17

0 68 92 80 -14 21 49 47

0 25 79 99 -5 6 10 2

0 10 96 59 -4 3 5 41

0 65 86 14 -8 3 46 28

0 2 20 63 -16 4 10 7

0 4 10 8 -1 0 6 2

0 54 64 46 -15 11 45 4

0 11 62 86 -19 22 38 2

0 20 84 85 -13 0 48 4

0 34 38 92 -13 45 46 32

0 35 56 76 -9 21 49 32

0 30 58 9 -7 0 19 41

0 46 59 66 -2 2 4 0

0 53 62 22 -5 1 19 10

0 10 52 11 -16 15 29 3

0 32 76 24 -3 4 37 29

0 59 96 48 -15 8 42 13

0 22 47 67 -5 11 26 7

0 51 80 14 -3 38 45 32

0 56 82 53 -20 15 23 28

0 9 42 86 -19 0 1 3

0 57 92 73 -12 19 32 29

0 80 98 27 -14 7 11 10

0 53 97 82 -1 29 30 46

0 21 65 74 -13 4 19 29

0 17 85 13 -6 3 32 6

0 3 72 74 -3 1 6 30

0 50 59 74 -12 1 45 38

0 23 24 37 -6 0 2 24

0 15 28 97 -12 31 42 39

0 9 38 85 -4 29 31 5

0 23 65 77 -2 36 37 46

0 31 56 60 -5 36 42 3

0 81 86 44 -10 36 45 7

0 65 90 81 -19 9 25 45

0 34 44 10 -15 4 25 38

0 12 25 58 -18 31 32 19

0 2 24 21 -3 3 5 9

0 14 19 61 -11 8 24 23

0 8 99 3 -6 2 9 2

0 25 72 55 -19 12 47 38

0 32 33 47 -8 10 13 19

0 29 45 45 -17 25 29 4

0 3 30 46 -16 6 7 30

0 11 23 82 -13 23 40 9

0 30 62 93 -4 27 28 1

0 11 57 42 -6 21 27 29

0 6 19 63 -9 28 39 28

0 8 43 77 -19 1 20 1

0 8 16 60 -8 0 2 38

0 1 12 68 -5 21 22 1

0 38 83 48 -18 11 36 8

0 89 97 3 -10 0 1 44

0 20 22 63 -10 30 34 41

0 35 51 80 -15 23 29 37

0 80 89 76 -19 40 42 42

0 15 34 72 -11 2 24 38

0 47 65 44 -17 26 41 23

0 38 64 25 -8 21 23 15

0 3 18 97 -6 14 34 44

0 9 16 25 -8 15 29 13

0 5 45 22 -14 1 4 3

0 9 12 28 -19 44 49 13

0 11 12 78 -8 26 33 9

0 14 20 7 -4 28 49 32

0 12 19 42 -8 20 41 22

0 12 16 80 -9 3 11 33

0 30 31 53 -4 18 32 37

0 7 9 86 -18 14 30 46

0 12 35 81 -7 1 45 4

0 1 24 15 -20 27 37 25

0 7 17 68 -17 32 46 49

0 24 26 38 -19 27 47 0

0 19 23 1 -7 12 33 23

0 10 26 4 -20 31 38 11

0 1 18 68 -8 6 21 8

0 0 6 41 -11 18 44 47

0 0 20 43 -13 1 7 22

0 4 8 20 -17 21 30 35

0 27 35 31 -3 18 35 42

0 0 19 42 -14 16 22 38

0 0 16 33 -15 32 47 11

0 3 6 10 -3 22 28 30

0 5 7 80 -2 10 18 22

0 5 11 91 -13 12 36 21

0 0 2 15 -18 23 27 46

0 9 23 33 -16 12 19 49

0 2 9 59 -12 12 20 9

0 2 11 14 -19 16 31 48

0 4 12 7 -4 5 20 46

0 4 13 37 -8 4 16 36

0 1 2 10 -18 9 18 32


SAlphaB: 690.0, std-dev 265.93423780774043

Earliest win: 37
Latest win: 81

WinDepth:
0 0 0 0 0 0 0 0 0 0 0 0 0 0 0 0 0 0 0 0 0 0 0 0 0 0 0 0 0 0 0 0 0 0 0 0 0 7 0 3 1 1 5 9 19 14 23 39 53 60 52 238 124 139 95 169 99 137 145 185 145 202 246 264 273 386 393 358 506 384 452 432 450 367 402 345 266 269 158 148 100 85 
SAlphaB:
0 0 0 0 0 0 0 0 0 0 0 0 0 0 0 0 0 0 0 0 0 0 0 0 0 0 0 0 0 0 0 0 0 0 0 0 0 7 0 3 1 1 5 9 19 14 23 39 53 60 52 238 124 139 95 169 99 137 145 185 145 202 246 264 273 386 393 358 506 384 452 432 450 367 402 345 266 269 158 148 100 85 

LossDepth:
SAlphaB:
0 0 0 0 0 0 0 0 0 0 0 0 0 0 0 0 0 0 0 0 0 0 0 0 0 0 0 0 0 0 0 0 0 0 0 0 0 7 0 3 1 1 5 9 19 14 23 39 53 60 52 238 124 139 95 169 99 137 145 185 145 202 246 264 273 386 393 358 506 384 452 432 450 367 402 345 266 269 158 148 100 85 

FirstWin:
0 0 0 0 0 0 0 0 0 0 0 0 0 0 0 0 0 0 0 0 0 0 0 0 0 0 0 0 0 0 0 0 0 0 0 0 0 7 0 3 0 1 0 9 0 14 0 39 0 60 0 238 0 139 0 169 0 137 0 185 0 202 0 264 0 386 0 358 0 384 0 432 0 367 0 345 0 269 0 148 0 85 
SAlphaB:
0 0 0 0 0 0 0 0 0 0 0 0 0 0 0 0 0 0 0 0 0 0 0 0 0 0 0 0 0 0 0 0 0 0 0 0 0 7 0 3 0 1 0 9 0 14 0 39 0 60 0 238 0 139 0 169 0 137 0 185 0 202 0 264 0 386 0 358 0 384 0 432 0 367 0 345 0 269 0 148 0 85 

SecondWin:
0 0 0 0 0 0 0 0 0 0 0 0 0 0 0 0 0 0 0 0 0 0 0 0 0 0 0 0 0 0 0 0 0 0 0 0 0 0 0 0 1 0 5 0 19 0 23 0 53 0 52 0 124 0 95 0 99 0 145 0 145 0 246 0 273 0 393 0 506 0 452 0 450 0 402 0 266 0 158 0 100 0 
SAlphaB:
0 0 0 0 0 0 0 0 0 0 0 0 0 0 0 0 0 0 0 0 0 0 0 0 0 0 0 0 0 0 0 0 0 0 0 0 0 0 0 0 1 0 5 0 19 0 23 0 53 0 52 0 124 0 95 0 99 0 145 0 145 0 246 0 273 0 393 0 506 0 452 0 450 0 402 0 266 0 158 0 100 0 
