0 6 59 40 -8 16 33 7

0 2 56 94 -3 24 35 4

0 71 90 97 -13 13 27 7

0 53 96 80 -11 1 3 6

0 70 94 24 -17 5 22 27

0 8 21 78 -5 5 17 17

0 1 77 83 -3 11 19 4

0 49 90 78 -2 1 12 15

0 41 62 68 -11 0 1 23

0 21 39 40 -10 6 9 11

0 50 80 40 -5 16 41 10

0 56 79 27 -19 10 30 8

0 8 40 77 -12 12 15 22

0 60 79 33 -18 0 4 32

0 0 93 90 -20 34 44 9

0 22 38 96 -11 14 21 22

0 77 78 74 -2 9 18 14

0 41 45 64 -7 1 26 25

0 48 79 34 -12 19 29 20

0 10 46 34 -2 1 14 22

0 67 84 46 -11 7 15 44

0 15 75 53 -1 29 48 23

0 27 75 20 -10 4 39 26

0 15 34 10 -7 2 17 9

0 17 46 27 -8 0 2 29

0 41 80 98 -16 25 34 35

0 53 57 35 -1 0 33 21

0 6 83 76 -9 20 22 39

0 17 20 25 -6 1 4 19

0 37 94 12 -18 20 29 48

0 40 56 90 -20 0 8 21

0 30 78 45 -6 18 33 32

0 12 31 58 -13 1 10 20

0 34 42 60 -14 16 29 38

0 7 22 88 -18 4 7 3

0 58 64 70 -10 8 11 42

0 66 83 4 -10 23 24 9

0 3 43 37 -1 6 7 7

0 23 38 74 -2 23 41 24

0 23 52 77 -15 21 24 1

0 31 32 66 -17 12 36 0

0 3 7 99 -16 36 39 38

0 37 84 37 -14 3 39 40

0 2 8 27 -2 20 21 3

0 3 5 97 -16 12 16 49

0 9 18 55 -4 19 27 16

0 41 54 75 -11 24 26 47

0 58 64 55 -12 24 31 40

0 8 11 69 -14 5 23 29

0 17 53 25 -2 21 31 18

0 58 64 7 -19 1 3 43

0 45 51 23 -5 12 13 37

0 26 57 2 -15 33 38 46

0 7 92 73 -18 3 49 35

0 15 65 12 -14 12 34 47

0 1 7 3 -15 2 27 26

0 60 67 7 -5 20 27 35

0 15 39 89 -20 23 29 49

0 4 66 26 -19 5 17 49

0 11 16 39 -9 0 2 43

0 29 41 76 -1 0 8 25

0 5 26 6 -17 18 39 11

0 15 90 33 -8 31 44 42

0 46 77 41 -12 20 25 1

0 0 14 17 -14 4 5 36

0 59 78 85 -15 39 41 42

0 7 30 31 -1 34 46 1

0 44 48 13 -20 7 10 41

0 3 26 38 -16 20 44 29

0 15 35 88 -15 7 33 44

0 2 9 56 -2 0 16 3

0 2 4 89 -12 7 12 34

0 0 13 2 -9 10 14 13

0 13 30 64 -10 16 43 10

0 8 15 74 -3 21 37 27

0 11 53 58 -2 5 48 7

0 1 4 90 -4 19 23 30

0 0 1 92 -1 2 6 5

0 7 9 91 -17 16 36 33

0 4 29 42 -20 11 27 32

0 30 88 9 -2 45 48 35

0 21 93 27 -2 35 44 2

0 4 16 75 -14 21 40 2

0 5 37 87 -11 13 47 12

0 18 22 26 -6 19 37 37

0 44 79 31 -18 8 46 45

0 13 28 62 -7 13 45 17

0 0 36 85 -16 28 40 2

0 7 19 53 -1 9 19 47

0 1 28 72 -9 4 8 46

0 3 9 42 -17 17 43 39

0 0 2 46 -16 1 3 34

0 0 1 62 -3 10 11 14

0 0 1 22 -3 2 47 30

0 1 2 93 -15 7 9 29

0 0 1 31 -19 22 48 44

0 5 8 22 -12 20 44 44

0 8 11 44 -10 7 24 47

0 0 20 82 -3 7 29 43

0 0 1 24 -12 2 5 48


SAlphaB: 735.0, std-dev 271.2151845179973

Earliest win: 37
Latest win: 81

WinDepth:
0 0 0 0 0 0 0 0 0 0 0 0 0 0 0 0 0 0 0 0 0 0 0 0 0 0 0 0 0 0 0 0 0 0 0 0 0 9 0 0 2 4 4 7 18 21 3 36 15 131 91 311 71 111 115 238 104 204 158 163 133 174 227 287 286 369 464 318 451 389 387 412 447 387 406 363 274 258 160 119 85 76 
SAlphaB:
0 0 0 0 0 0 0 0 0 0 0 0 0 0 0 0 0 0 0 0 0 0 0 0 0 0 0 0 0 0 0 0 0 0 0 0 0 9 0 0 2 4 4 7 18 21 3 36 15 131 91 311 71 111 115 238 104 204 158 163 133 174 227 287 286 369 464 318 451 389 387 412 447 387 406 363 274 258 160 119 85 76 

LossDepth:
SAlphaB:
0 0 0 0 0 0 0 0 0 0 0 0 0 0 0 0 0 0 0 0 0 0 0 0 0 0 0 0 0 0 0 0 0 0 0 0 0 9 0 0 2 4 4 7 18 21 3 36 15 131 91 311 71 111 115 238 104 204 158 163 133 174 227 287 286 369 464 318 451 389 387 412 447 387 406 363 274 258 160 119 85 76 

FirstWin:
0 0 0 0 0 0 0 0 0 0 0 0 0 0 0 0 0 0 0 0 0 0 0 0 0 0 0 0 0 0 0 0 0 0 0 0 0 9 0 0 0 4 0 7 0 21 0 36 0 131 0 311 0 111 0 238 0 204 0 163 0 174 0 287 0 369 0 318 0 389 0 412 0 387 0 363 0 258 0 119 0 76 
SAlphaB:
0 0 0 0 0 0 0 0 0 0 0 0 0 0 0 0 0 0 0 0 0 0 0 0 0 0 0 0 0 0 0 0 0 0 0 0 0 9 0 0 0 4 0 7 0 21 0 36 0 131 0 311 0 111 0 238 0 204 0 163 0 174 0 287 0 369 0 318 0 389 0 412 0 387 0 363 0 258 0 119 0 76 

SecondWin:
0 0 0 0 0 0 0 0 0 0 0 0 0 0 0 0 0 0 0 0 0 0 0 0 0 0 0 0 0 0 0 0 0 0 0 0 0 0 0 0 2 0 4 0 18 0 3 0 15 0 91 0 71 0 115 0 104 0 158 0 133 0 227 0 286 0 464 0 451 0 387 0 447 0 406 0 274 0 160 0 85 0 
SAlphaB:
0 0 0 0 0 0 0 0 0 0 0 0 0 0 0 0 0 0 0 0 0 0 0 0 0 0 0 0 0 0 0 0 0 0 0 0 0 0 0 0 2 0 4 0 18 0 3 0 15 0 91 0 71 0 115 0 104 0 158 0 133 0 227 0 286 0 464 0 451 0 387 0 447 0 406 0 274 0 160 0 85 0 
