4 0 7 98 48 -8 15 17 3
4 0 47 83 25 -3 11 19 7
4 0 29 84 75 -18 0 6 0
4 0 44 85 45 -11 0 17 9
4 0 27 69 22 -14 2 8 14
4 0 4 24 50 -2 19 22 11
4 0 30 80 23 -16 0 6 17
4 0 73 98 68 -3 6 37 9
4 0 9 51 32 -15 42 44 27
4 0 1 79 44 -12 40 45 26
4 0 8 93 45 -13 17 21 2
4 0 1 33 92 -3 27 30 12
4 0 29 61 74 -5 3 11 8
4 0 26 71 67 -5 2 14 9
4 0 34 69 70 -9 24 25 9
4 0 13 36 36 -10 26 27 17
4 0 4 41 43 -2 20 23 10
4 0 8 98 6 -2 9 16 0
4 0 22 91 21 -17 0 6 3
4 0 7 48 52 -6 0 3 2
4 0 40 62 71 -19 0 4 18
4 0 30 91 87 -10 0 5 15
4 0 45 59 73 -12 0 7 21
4 0 61 85 89 -12 19 45 7
4 0 18 87 99 -20 44 45 36
4 0 37 92 94 -1 2 12 24
4 0 34 62 44 -6 10 11 2
4 0 47 64 10 -11 1 26 21
4 0 34 86 55 -18 3 8 12
4 0 70 92 98 -4 31 45 7
4 0 45 91 72 -9 15 18 14
4 0 68 80 56 -17 1 10 8
4 0 53 84 99 -3 2 19 14
4 0 34 71 67 -2 14 18 36
4 0 43 93 78 -3 0 5 6
4 0 16 76 59 -2 0 5 9
4 0 53 92 13 -12 6 25 16
4 0 42 96 67 -3 20 21 13
4 0 43 87 7 -2 2 18 15
4 0 65 68 56 -7 28 29 4
4 0 41 65 98 -6 7 15 20
4 0 47 69 17 -9 7 11 34
4 0 24 88 28 -10 2 9 17
4 0 24 81 66 -6 24 27 26
4 0 53 88 11 -4 0 2 12
4 0 60 72 26 -7 22 31 31
4 0 66 91 33 -16 25 32 11
4 0 72 91 43 -8 43 45 16
4 0 80 93 10 -14 2 17 39
4 0 12 29 85 -8 4 11 6
4 0 13 54 17 -9 12 13 2
4 0 34 78 0 -12 4 29 10
4 0 65 97 77 -16 12 38 49
4 0 65 79 85 -13 2 40 20
4 0 26 99 65 -5 5 11 27
4 0 49 97 44 -20 12 36 23
4 0 76 87 39 -3 5 25 40
4 0 8 97 64 -7 13 30 34
4 0 30 70 73 -11 23 24 10
4 0 74 83 19 -11 0 4 26
4 0 16 37 27 -17 1 4 17
4 0 36 77 22 -9 9 30 25
4 0 70 92 15 -18 1 5 49
4 0 53 86 40 -18 14 17 14
4 0 30 37 16 -1 12 28 9
4 0 58 83 46 -9 36 40 5
4 0 28 97 29 -6 6 27 33
4 0 81 96 79 -4 0 1 23
4 0 57 71 78 -2 26 36 17
4 0 31 37 80 -14 8 13 1
4 0 70 99 4 -19 21 40 1
4 0 52 73 34 -7 24 37 7
4 0 18 48 4 -8 7 14 13
4 0 62 87 54 -11 15 32 40
4 0 61 92 67 -17 24 30 15
4 0 18 62 79 -4 18 41 4
4 0 39 95 11 -13 4 23 43
4 0 46 67 53 -18 3 11 1
4 0 82 94 9 -6 38 43 8
4 0 35 94 51 -13 31 47 38
4 0 65 90 53 -11 30 41 19
4 0 7 68 36 -9 16 33 10
4 0 16 75 83 -3 33 34 23
4 0 33 46 66 -5 26 32 3
4 0 29 73 2 -20 6 12 1
4 0 52 88 91 -3 23 27 43
4 0 38 50 92 -18 13 23 2
4 0 54 84 81 -7 28 38 12
4 0 7 55 38 -3 0 6 28
4 0 12 82 66 -1 30 46 12
4 0 6 24 91 -2 7 9 2
4 0 6 65 0 -7 12 18 6
4 0 18 81 47 -9 28 29 18
4 0 41 51 92 -12 36 42 30
4 0 55 74 16 -14 27 45 8
4 0 37 42 46 -14 14 29 11
4 0 29 64 68 -5 28 30 13
4 0 27 79 28 -5 38 49 14
4 0 33 73 26 -8 38 46 11
4 0 41 62 71 -9 24 40 2
4 0 27 94 56 -14 0 11 4
4 0 34 76 61 -10 3 16 15
4 0 36 72 53 -14 0 1 31
4 0 40 93 32 -15 0 3 18
4 0 45 97 60 -16 1 20 27
4 0 53 93 53 -10 10 29 13
4 0 27 49 36 -7 0 4 15
4 0 59 80 63 -15 5 15 27
4 0 30 66 17 -12 4 7 0
4 0 0 83 14 -10 23 24 7
4 0 10 33 26 -9 0 1 9
4 0 36 82 37 -18 0 2 33
4 0 21 62 7 -17 9 25 17
4 0 47 89 99 -11 12 14 10
4 0 33 95 87 -13 1 9 31
4 0 33 71 65 -7 0 10 17
4 0 9 20 85 -9 22 26 11
4 0 47 73 12 -4 3 13 9
4 0 69 73 70 -16 5 23 19
4 0 82 90 25 -17 4 31 32
4 0 55 73 85 -18 2 19 35
4 0 52 98 74 -14 0 11 18
4 0 42 83 81 -17 0 3 21
4 0 56 94 64 -13 5 14 21
4 0 27 94 14 -1 3 17 30
4 0 26 96 38 -5 1 15 49
4 0 36 47 55 -4 4 16 13
4 0 64 70 54 -15 1 9 31
4 0 57 92 25 -20 1 19 47
4 0 4 99 79 -1 4 14 1
4 0 31 90 21 -16 1 7 25
4 0 39 68 62 -3 10 16 33
4 0 40 46 22 -11 2 9 15
4 0 28 42 52 -4 43 49 26
4 0 43 70 85 -4 20 22 11
4 0 25 99 45 -16 1 6 22
4 0 37 90 73 -3 1 18 33
4 0 24 53 57 -17 11 13 6
4 0 51 66 56 -10 1 7 7
4 0 33 91 5 -15 2 19 19
4 0 19 65 6 -2 12 14 1
4 0 25 64 24 -13 9 26 15
4 0 15 34 71 -1 2 9 2
4 0 57 81 35 -18 0 1 40
4 0 26 91 35 -16 1 16 6
4 0 35 38 74 -10 1 14 13
4 0 27 40 3 -10 29 33 11
4 0 28 81 95 -2 7 11 6
4 0 10 59 10 -5 7 10 13
4 0 71 84 78 -3 0 1 32
4 0 48 80 72 -12 6 19 5
4 0 46 86 63 -3 20 42 4
4 0 28 33 29 -3 26 33 7
4 0 23 93 85 -19 0 2 48
4 0 48 71 52 -6 18 40 3
4 0 75 92 81 -3 0 2 5
4 0 1 67 48 -5 12 27 2
4 0 10 92 32 -10 7 8 4
4 0 78 93 96 -11 1 14 34
4 0 22 38 40 -3 6 10 14
4 0 26 42 31 -6 5 8 11
4 0 13 96 32 -13 0 10 25
4 0 59 82 79 -14 0 34 1
4 0 74 93 62 -16 23 29 15
4 0 12 98 12 -4 32 37 25
4 0 58 70 29 -6 25 38 8
4 0 38 68 87 -11 3 18 12
4 0 18 86 22 -4 8 27 29
4 0 43 82 74 -2 28 39 8
4 0 1 55 1 -1 20 24 6
4 0 13 26 96 -8 4 10 0
4 0 35 62 18 -4 0 27 2
4 0 28 52 43 -6 1 15 2
4 0 18 34 6 -2 4 7 5
4 0 9 90 42 -14 5 6 31
4 0 28 49 73 -20 0 2 5
4 0 11 98 42 -8 27 35 6
4 0 7 82 26 -14 31 37 20
4 0 65 67 84 -8 25 41 4
4 0 12 93 1 -20 0 7 39
4 0 61 89 51 -14 7 28 32
4 0 9 74 24 -8 4 6 35
4 0 60 86 57 -10 36 45 27
4 0 22 42 82 -18 12 23 0
4 0 55 60 6 -9 18 30 11
4 0 46 71 68 -4 39 47 9
4 0 1 95 46 -12 15 30 3
4 0 4 41 75 -3 11 13 16
4 0 42 67 69 -11 15 18 18
4 0 12 88 18 -7 9 10 17
4 0 56 99 54 -5 10 42 47
4 0 18 57 65 -5 22 32 6
4 0 60 89 30 -4 20 37 40
4 0 26 57 12 -1 8 15 22
4 0 42 80 49 -2 31 44 6
4 0 63 71 67 -12 22 34 15
4 0 39 60 5 -17 23 26 12
4 0 27 60 70 -4 28 35 7
4 0 68 77 46 -7 32 38 28
4 0 5 30 10 -1 0 6 22
4 0 31 97 87 -18 3 14 16
4 0 34 91 56 -20 0 3 0
4 0 20 95 79 -6 0 11 28
4 0 39 76 6 -7 0 16 20
4 0 6 14 58 -3 27 28 21
4 0 42 90 55 -11 2 13 28
4 0 12 30 2 -2 0 5 0
4 0 40 85 72 -12 1 18 16
4 0 11 25 77 -6 35 38 23
4 0 26 35 69 -8 37 42 22
4 0 66 88 61 -8 0 8 24
4 0 45 81 67 -20 0 1 19
4 0 51 87 90 -2 26 32 14
4 0 33 66 88 -9 21 23 15
4 0 24 96 9 -8 0 1 12
4 0 9 84 49 -9 4 15 29
4 0 37 95 6 -8 1 5 4
4 0 24 64 9 -18 0 1 3
4 0 50 57 9 -10 14 41 17
4 0 53 91 98 -10 2 21 4
4 0 23 64 66 -16 11 15 3
4 0 51 71 1 -19 3 15 26
4 0 56 99 1 -7 0 1 2
4 0 37 97 43 -19 13 15 27
4 0 83 89 81 -17 7 22 14
4 0 71 78 98 -20 3 28 31
4 0 50 84 16 -16 0 17 49
4 0 36 96 39 -16 2 18 34
4 0 9 84 14 -9 2 3 37
4 0 33 53 32 -17 2 7 4
4 0 20 65 37 -11 2 4 15
4 0 25 98 5 -11 2 12 35
4 0 47 65 3 -8 0 1 3
4 0 55 69 84 -8 17 41 11
4 0 53 67 26 -3 22 31 29
4 0 41 99 90 -1 15 21 7
4 0 22 56 17 -11 5 14 0
4 0 22 34 54 -6 27 29 22
4 0 25 39 62 -16 3 9 5
4 0 19 25 36 -4 31 35 12
4 0 45 88 53 -1 3 8 1
4 0 13 56 13 -1 7 11 12
4 0 35 98 65 -5 2 28 7
4 0 44 55 73 -16 3 11 8
4 0 75 99 15 -9 28 46 3
4 0 36 82 48 -14 8 9 2
4 0 33 84 97 -14 7 10 10
4 0 19 64 7 -9 2 8 24
4 0 66 87 92 -4 13 21 17
4 0 55 83 59 -11 8 24 0
4 0 34 46 30 -3 13 21 9
4 0 38 64 80 -6 8 24 18
4 0 3 73 60 -16 20 30 1
4 0 54 91 38 -1 0 10 12
4 0 44 89 66 -10 0 25 31
4 0 51 98 50 -20 6 23 31
4 0 17 84 26 -3 16 33 4
4 0 22 64 95 -18 0 4 29
4 0 70 96 59 -15 10 23 27
4 0 54 59 6 -12 13 18 18
4 0 32 94 44 -19 10 15 29
4 0 55 90 11 -3 28 47 7
4 0 15 62 18 -5 3 8 39
4 0 51 92 51 -18 17 39 1
4 0 22 55 25 -11 13 18 6
4 0 2 75 2 -3 9 14 7
4 0 27 69 51 -17 11 12 29
4 0 27 88 44 -1 1 34 7
4 0 41 87 16 -17 12 26 11
4 0 13 97 96 -4 2 11 43
4 0 40 79 10 -6 18 21 9
4 0 24 34 52 -1 17 22 1
4 0 14 93 47 -9 6 12 36
4 0 28 53 95 -4 7 16 49
4 0 84 97 83 -18 17 30 41
4 0 62 74 71 -9 3 4 14
4 0 4 80 30 -6 15 30 46
4 0 36 78 0 -9 16 32 8
4 0 51 73 76 -16 27 34 7
4 0 31 62 49 -19 12 33 6
4 0 60 90 52 -5 45 47 33
4 0 15 86 56 -11 1 3 32
4 0 38 87 96 -15 39 48 10
4 0 22 96 15 -2 31 40 15
4 0 21 87 25 -15 21 42 5
4 0 23 36 81 -19 11 23 1
4 0 33 81 9 -15 10 19 21
4 0 79 81 92 -20 2 26 37
4 0 38 47 30 -6 9 16 38
4 0 20 71 70 -10 10 25 43
4 0 37 69 53 -11 32 41 14
4 0 14 34 9 -10 8 9 2
4 0 0 80 37 -10 5 7 41
4 0 51 84 6 -4 34 46 35
4 0 45 79 11 -17 29 32 0
4 0 37 43 6 -11 14 18 10
4 0 47 51 68 -2 19 35 9
4 0 26 75 1 -8 17 32 15
4 0 68 99 85 -12 29 48 22
4 0 31 39 59 -11 19 24 22
