0 38 84 41 -14 5 19 28

0 40 67 36 -5 2 6 4

0 58 89 35 -8 5 34 29

0 57 97 59 -4 2 30 22

0 26 60 7 -11 3 16 5

0 59 84 61 -10 10 38 28

0 48 97 52 -12 2 33 22

0 50 99 82 -20 2 22 39

0 25 62 5 -11 2 5 8

0 62 72 19 -5 9 35 16

0 70 86 57 -11 9 32 15

0 81 84 89 -4 8 30 6

0 26 57 93 -16 2 9 18

0 39 52 35 -7 4 24 14

0 29 44 69 -6 2 6 6

0 32 95 19 -19 1 2 5

0 81 99 95 -9 8 31 4

0 29 44 48 -20 3 15 24

0 50 89 92 -3 10 22 17

0 25 90 45 -3 5 6 6

0 39 68 66 -9 7 13 20

0 59 95 66 -10 8 28 26

0 57 73 71 -16 10 20 20

0 31 87 72 -9 2 7 14

0 39 85 50 -8 3 10 10

0 52 94 95 -7 14 33 47

0 64 74 55 -18 10 36 19

0 40 42 75 -3 2 10 2

0 42 72 39 -18 0 1 28

0 63 79 35 -11 1 26 20

0 36 55 50 -1 10 14 3

0 25 87 94 -19 1 12 31

0 59 67 89 -4 15 39 15

0 27 60 5 -14 1 5 3

0 61 75 23 -18 4 18 24

0 28 29 53 -4 1 7 10

0 47 97 24 -8 14 32 22

0 51 88 62 -6 6 12 3

0 21 61 62 -11 1 9 38

0 31 92 46 -11 0 18 18

0 36 66 10 -2 4 33 0

0 59 66 54 -16 6 26 32

0 47 54 56 -20 0 7 25

0 24 69 69 -4 17 32 1

0 82 98 79 -14 8 31 3

0 1 90 98 -4 8 9 11

0 57 61 83 -7 0 26 5

0 57 87 74 -15 12 42 25

0 60 75 9 -12 41 46 27

0 22 49 62 -16 0 1 21

0 20 92 63 -12 1 2 0

0 81 91 29 -18 2 19 16

0 69 96 79 -7 7 31 45

0 70 82 67 -15 1 30 12

0 49 69 52 -20 4 9 33

0 36 74 97 -15 1 17 38

0 77 95 5 -5 7 37 38

0 57 73 62 -18 4 16 9

0 34 88 20 -15 1 5 33

0 76 86 96 -6 16 21 2

0 29 55 6 -19 12 28 3

0 17 43 76 -4 1 11 3

0 57 76 36 -18 11 12 36

0 30 94 30 -6 4 6 18

0 30 86 56 -19 5 25 6

0 52 58 74 -9 9 13 6

0 67 77 56 -17 9 24 41

0 18 66 70 -11 8 19 7

0 35 49 65 -6 1 27 15

0 87 98 79 -16 3 34 22

0 41 79 56 -1 6 9 16

0 14 37 41 -6 14 21 6

0 41 48 97 -4 10 11 5

0 51 61 48 -14 4 11 15

0 50 62 1 -20 0 2 41

0 49 80 66 -4 9 37 40

0 53 84 23 -6 21 47 3

0 38 61 63 -3 4 22 2

0 34 79 34 -13 13 27 1

0 17 35 18 -20 4 9 0

0 21 29 62 -8 4 14 11

0 41 44 18 -11 4 23 15

0 30 66 40 -18 5 8 0

0 74 98 75 -10 4 6 12

0 42 53 29 -20 2 18 7

0 54 86 9 -19 9 38 11

0 37 83 7 -11 9 32 16

0 17 69 33 -1 0 20 8

0 15 79 27 -3 9 15 5

0 14 70 17 -19 0 12 31

0 1 86 91 -20 12 25 25

0 56 86 16 -14 19 38 7

0 39 93 69 -17 12 21 30

0 27 39 32 -17 23 27 5

0 18 98 42 -11 3 5 32

0 46 62 91 -11 7 9 30

0 19 81 49 -7 4 6 29

0 25 55 93 -1 26 36 19

0 19 51 59 -19 0 7 49

0 42 54 41 -12 14 48 14


SAlphaB: 771.0, std-dev 275.0542283538894

Earliest win: 37
Latest win: 81

WinDepth:
0 0 0 0 0 0 0 0 0 0 0 0 0 0 0 0 0 0 0 0 0 0 0 0 0 0 0 0 0 0 0 0 0 0 0 0 0 12 0 41 1 32 20 33 6 51 28 126 54 151 163 350 187 314 231 456 362 529 276 534 396 671 625 792 827 891 826 962 967 1034 1017 995 896 1024 941 736 596 478 400 275 214 169 
SAlphaB:
0 0 0 0 0 0 0 0 0 0 0 0 0 0 0 0 0 0 0 0 0 0 0 0 0 0 0 0 0 0 0 0 0 0 0 0 0 12 0 41 1 32 20 33 6 51 28 126 54 151 163 350 187 314 231 456 362 529 276 534 396 671 625 792 827 891 826 962 967 1034 1017 995 896 1024 941 736 596 478 400 275 214 169 

LossDepth:
SAlphaB:
0 0 0 0 0 0 0 0 0 0 0 0 0 0 0 0 0 0 0 0 0 0 0 0 0 0 0 0 0 0 0 0 0 0 0 0 0 12 0 30 0 20 6 21 6 33 25 73 35 82 116 172 124 168 133 278 193 362 173 335 254 454 412 595 532 684 623 741 675 869 712 828 659 781 709 636 499 445 320 249 219 163 

FirstWin:
0 0 0 0 0 0 0 0 0 0 0 0 0 0 0 0 0 0 0 0 0 0 0 0 0 0 0 0 0 0 0 0 0 0 0 0 0 12 0 41 0 32 0 33 0 51 0 126 0 151 0 350 0 314 0 456 0 529 0 534 0 671 0 792 0 891 0 962 0 1034 0 995 0 1024 0 736 0 478 0 275 0 169 
SAlphaB:
0 0 0 0 0 0 0 0 0 0 0 0 0 0 0 0 0 0 0 0 0 0 0 0 0 0 0 0 0 0 0 0 0 0 0 0 0 12 0 41 0 32 0 33 0 51 0 126 0 151 0 350 0 314 0 456 0 529 0 534 0 671 0 792 0 891 0 962 0 1034 0 995 0 1024 0 736 0 478 0 275 0 169 

SecondWin:
0 0 0 0 0 0 0 0 0 0 0 0 0 0 0 0 0 0 0 0 0 0 0 0 0 0 0 0 0 0 0 0 0 0 0 0 0 0 0 0 1 0 20 0 6 0 28 0 54 0 163 0 187 0 231 0 362 0 276 0 396 0 625 0 827 0 826 0 967 0 1017 0 896 0 941 0 596 0 400 0 214 0 
SAlphaB:
0 0 0 0 0 0 0 0 0 0 0 0 0 0 0 0 0 0 0 0 0 0 0 0 0 0 0 0 0 0 0 0 0 0 0 0 0 0 0 0 1 0 20 0 6 0 28 0 54 0 163 0 187 0 231 0 362 0 276 0 396 0 625 0 827 0 826 0 967 0 1017 0 896 0 941 0 596 0 400 0 214 0 
