0 58 89 35 -8 5 34 29

0 34 88 20 -15 1 5 33

0 38 61 63 -3 4 22 2

0 50 89 92 -3 10 22 17

0 30 94 30 -6 4 6 18

0 17 43 76 -4 1 11 3

0 81 91 29 -18 2 19 16

0 70 82 67 -15 1 30 12

0 19 51 59 -19 0 7 49

0 56 86 16 -14 19 38 7

0 78 97 89 -8 0 2 26

0 16 90 9 -2 6 11 43

0 66 98 79 -7 11 12 14

0 2 94 19 -13 6 8 33

0 54 75 91 -4 2 3 4

0 25 72 89 -2 3 47 29

0 24 72 21 -16 2 7 41

0 48 60 95 -16 8 46 48

0 27 73 43 -18 18 23 12

0 90 93 50 -4 3 36 34

0 88 91 44 -6 0 41 15

0 45 90 67 -11 22 32 16

0 55 78 39 -13 1 13 45

0 20 49 9 -12 7 26 6

0 49 87 47 -19 23 28 11

0 38 81 9 -13 10 40 34

0 16 71 34 -1 1 3 33

0 9 55 58 -6 0 4 38

0 5 95 81 -5 6 7 18

0 30 83 25 -6 0 2 46

0 17 72 65 -15 2 5 33

0 47 63 57 -16 12 30 7

0 27 28 21 -12 2 6 28

0 51 66 53 -20 14 48 10

0 13 28 67 -4 2 11 35

0 22 50 93 -10 11 28 6

0 58 75 42 -1 19 36 23

0 21 33 52 -16 16 26 1

0 62 83 59 -12 22 48 41

0 3 31 93 -19 1 3 34

0 4 16 72 -5 8 9 20

0 83 94 50 -9 1 7 48

0 41 64 53 -19 0 4 47

0 40 91 19 -16 31 43 25

0 9 28 68 -15 9 10 47

0 41 46 54 -16 10 12 30

0 37 59 85 -20 8 9 34

0 16 80 80 -11 0 47 22

0 43 66 15 -8 3 4 40

0 12 88 0 -1 0 4 32

0 9 60 46 -17 0 23 38

0 18 26 30 -15 6 13 23

0 24 40 31 -13 12 21 0

0 27 70 0 -19 3 11 48

0 20 42 51 -12 16 23 21

0 3 22 56 -19 12 22 14

0 33 75 29 -14 13 49 1

0 22 84 76 -18 29 32 8

0 5 17 82 -19 4 7 38

0 34 38 73 -7 16 49 41

0 3 16 56 -3 2 3 27

0 27 65 26 -11 8 35 5

0 19 42 89 -10 22 26 47

0 7 22 92 -10 9 10 49

0 17 23 10 -19 28 29 11

0 15 35 90 -14 27 39 25

0 26 31 32 -20 28 38 27

0 39 41 38 -9 17 19 40

0 10 56 21 -20 6 21 38

0 25 66 6 -15 21 46 26

0 34 90 57 -16 27 32 44

0 6 20 80 -18 10 41 19

0 18 28 60 -18 2 16 2

0 15 38 29 -6 36 41 44

0 12 55 49 -18 22 31 39

0 5 27 10 -17 32 33 7

0 3 27 10 -1 23 25 1

0 0 2 40 -9 37 46 30

0 11 37 91 -1 12 27 47

0 42 46 46 -7 24 28 34

0 2 7 32 -10 1 5 11

0 36 75 36 -19 35 40 18

0 31 39 66 -17 15 48 48

0 33 34 15 -15 16 44 47

0 12 20 0 -6 0 39 45

0 35 77 19 -14 37 41 20

0 2 42 34 -3 14 43 32

0 0 2 25 -19 10 19 32

0 4 15 19 -16 4 34 48

0 0 6 25 -8 31 34 45

0 7 14 34 -5 2 42 39

0 6 9 20 -11 5 22 2

0 7 17 6 -7 1 41 39

0 6 9 11 -12 16 22 8

0 1 4 49 -20 1 11 24

0 0 2 34 -17 3 14 31

0 5 10 36 -10 3 18 37

0 0 2 11 -12 20 46 15

0 0 4 79 -6 1 37 44

0 1 5 96 -2 24 34 0


SAlphaB: 715.0, std-dev 257.09957617761074

Earliest win: 37
Latest win: 81

WinDepth:
0 0 0 0 0 0 0 0 0 0 0 0 0 0 0 0 0 0 0 0 0 0 0 0 0 0 0 0 0 0 0 0 0 0 0 0 0 2 0 0 0 8 6 23 14 24 13 30 39 66 57 152 107 89 93 194 97 215 137 180 172 250 229 340 305 370 369 371 460 415 487 448 450 444 387 357 246 257 144 153 80 67 
SAlphaB:
0 0 0 0 0 0 0 0 0 0 0 0 0 0 0 0 0 0 0 0 0 0 0 0 0 0 0 0 0 0 0 0 0 0 0 0 0 2 0 0 0 8 6 23 14 24 13 30 39 66 57 152 107 89 93 194 97 215 137 180 172 250 229 340 305 370 369 371 460 415 487 448 450 444 387 357 246 257 144 153 80 67 

LossDepth:
SAlphaB:
0 0 0 0 0 0 0 0 0 0 0 0 0 0 0 0 0 0 0 0 0 0 0 0 0 0 0 0 0 0 0 0 0 0 0 0 0 2 0 0 0 8 6 23 14 24 13 30 39 66 57 152 107 89 93 194 97 215 137 180 172 250 229 340 305 370 369 371 460 415 487 448 450 444 387 357 246 257 144 153 80 67 

FirstWin:
0 0 0 0 0 0 0 0 0 0 0 0 0 0 0 0 0 0 0 0 0 0 0 0 0 0 0 0 0 0 0 0 0 0 0 0 0 2 0 0 0 8 0 23 0 24 0 30 0 66 0 152 0 89 0 194 0 215 0 180 0 250 0 340 0 370 0 371 0 415 0 448 0 444 0 357 0 257 0 153 0 67 
SAlphaB:
0 0 0 0 0 0 0 0 0 0 0 0 0 0 0 0 0 0 0 0 0 0 0 0 0 0 0 0 0 0 0 0 0 0 0 0 0 2 0 0 0 8 0 23 0 24 0 30 0 66 0 152 0 89 0 194 0 215 0 180 0 250 0 340 0 370 0 371 0 415 0 448 0 444 0 357 0 257 0 153 0 67 

SecondWin:
0 0 0 0 0 0 0 0 0 0 0 0 0 0 0 0 0 0 0 0 0 0 0 0 0 0 0 0 0 0 0 0 0 0 0 0 0 0 0 0 0 0 6 0 14 0 13 0 39 0 57 0 107 0 93 0 97 0 137 0 172 0 229 0 305 0 369 0 460 0 487 0 450 0 387 0 246 0 144 0 80 0 
SAlphaB:
0 0 0 0 0 0 0 0 0 0 0 0 0 0 0 0 0 0 0 0 0 0 0 0 0 0 0 0 0 0 0 0 0 0 0 0 0 0 0 0 0 0 6 0 14 0 13 0 39 0 57 0 107 0 93 0 97 0 137 0 172 0 229 0 305 0 369 0 460 0 487 0 450 0 387 0 246 0 144 0 80 0 
