0 25 90 45 -3 5 6 6

0 35 49 65 -6 1 27 15

0 42 53 29 -20 2 18 7

0 25 62 5 -11 2 5 8

0 59 95 66 -10 8 28 26

0 57 61 83 -7 0 26 5

0 25 55 93 -1 26 36 19

0 41 48 97 -4 10 11 5

0 14 37 41 -6 14 21 6

0 36 74 97 -15 1 17 38

0 45 83 49 -10 0 6 17

0 20 35 28 -9 5 10 8

0 26 55 80 -2 6 13 20

0 68 82 30 -17 6 14 49

0 40 66 74 -11 5 33 8

0 0 41 32 -17 1 2 17

0 39 46 44 -14 30 47 16

0 49 84 31 -10 30 49 6

0 12 63 57 -14 3 18 2

0 31 71 93 -20 9 15 28

0 42 69 61 -18 0 33 34

0 25 65 82 -6 19 45 33

0 58 62 83 -20 2 23 7

0 42 85 51 -15 27 33 13

0 40 49 7 -8 12 39 3

0 39 55 71 -14 35 42 23

0 36 51 39 -2 15 47 45

0 29 84 22 -1 14 46 48

0 47 57 9 -7 0 2 19

0 26 39 58 -2 5 18 30

0 46 54 42 -3 28 38 19

0 11 23 84 -16 3 10 20

0 11 49 85 -7 5 7 37

0 23 47 60 -7 8 16 39

0 79 83 12 -20 10 35 19

0 16 92 86 -2 15 37 42

0 14 34 67 -6 19 33 9

0 81 95 18 -18 0 34 25

0 57 60 22 -4 14 40 47

0 13 71 55 -6 45 49 42

0 24 35 81 -4 4 20 18

0 51 57 61 -8 11 13 46

0 33 49 81 -20 7 15 20

0 19 24 42 -8 6 19 26

0 8 96 11 -18 13 33 19

0 31 47 96 -3 6 31 46

0 25 75 3 -2 28 40 13

0 17 40 73 -18 18 23 32

0 5 27 0 -16 1 6 18

0 26 39 63 -14 9 30 22

0 26 78 64 -5 1 2 26

0 14 26 46 -14 5 27 26

0 8 41 16 -20 31 43 17

0 8 28 30 -10 0 4 37

0 53 68 7 -11 25 40 42

0 11 20 76 -15 38 41 37

0 3 64 92 -11 2 17 19

0 3 17 81 -9 27 48 18

0 16 39 1 -18 2 6 0

0 46 55 36 -16 9 32 47

0 34 72 10 -2 0 1 7

0 36 67 81 -16 34 46 1

0 5 12 62 -15 35 49 34

0 8 12 29 -15 8 20 40

0 22 36 48 -8 1 30 19

0 30 45 42 -8 2 8 44

0 34 61 99 -16 21 24 4

0 3 13 71 -7 13 14 39

0 21 25 33 -12 22 27 4

0 0 72 3 -15 13 14 40

0 51 54 4 -14 38 47 5

0 7 11 5 -5 16 17 12

0 0 14 41 -8 6 17 5

0 7 28 31 -16 18 38 1

0 16 46 34 -3 22 24 29

0 37 39 2 -2 25 34 43

0 34 45 11 -15 22 27 42

0 1 27 24 -14 13 29 4

0 13 33 28 -5 2 4 38

0 6 9 41 -14 3 13 26

0 3 25 0 -6 5 27 2

0 4 6 17 -19 28 30 30

0 0 36 18 -12 27 49 43

0 6 21 71 -18 8 40 35

0 5 7 25 -19 14 48 13

0 2 8 99 -10 7 10 6

0 62 82 74 -9 31 47 20

0 14 41 2 -18 29 41 14

0 0 19 2 -19 31 41 30

0 0 11 90 -13 22 36 30

0 14 74 3 -4 10 48 43

0 6 27 51 -10 13 45 22

0 9 89 12 -2 15 16 3

0 0 5 23 -10 11 39 27

0 0 12 79 -20 18 20 10

0 3 5 41 -8 16 47 23

0 5 7 0 -11 7 27 1

0 0 8 41 -8 42 48 27

0 1 7 59 -14 5 9 40

0 3 11 87 -1 1 9 28


SAlphaB: 711.0, std-dev 266.4589695895927

Earliest win: 37
Latest win: 81

WinDepth:
0 0 0 0 0 0 0 0 0 0 0 0 0 0 0 0 0 0 0 0 0 0 0 0 0 0 0 0 0 0 0 0 0 0 0 0 0 5 0 1 0 9 3 18 15 11 34 31 30 41 51 197 121 166 80 188 138 182 125 143 157 228 233 339 286 334 431 382 398 407 448 456 465 383 397 401 248 252 207 137 98 73 
SAlphaB:
0 0 0 0 0 0 0 0 0 0 0 0 0 0 0 0 0 0 0 0 0 0 0 0 0 0 0 0 0 0 0 0 0 0 0 0 0 5 0 1 0 9 3 18 15 11 34 31 30 41 51 197 121 166 80 188 138 182 125 143 157 228 233 339 286 334 431 382 398 407 448 456 465 383 397 401 248 252 207 137 98 73 

LossDepth:
SAlphaB:
0 0 0 0 0 0 0 0 0 0 0 0 0 0 0 0 0 0 0 0 0 0 0 0 0 0 0 0 0 0 0 0 0 0 0 0 0 5 0 1 0 9 3 18 15 11 34 31 30 41 51 197 121 166 80 188 138 182 125 143 157 228 233 339 286 334 431 382 398 407 448 456 465 383 397 401 248 252 207 137 98 73 

FirstWin:
0 0 0 0 0 0 0 0 0 0 0 0 0 0 0 0 0 0 0 0 0 0 0 0 0 0 0 0 0 0 0 0 0 0 0 0 0 5 0 1 0 9 0 18 0 11 0 31 0 41 0 197 0 166 0 188 0 182 0 143 0 228 0 339 0 334 0 382 0 407 0 456 0 383 0 401 0 252 0 137 0 73 
SAlphaB:
0 0 0 0 0 0 0 0 0 0 0 0 0 0 0 0 0 0 0 0 0 0 0 0 0 0 0 0 0 0 0 0 0 0 0 0 0 5 0 1 0 9 0 18 0 11 0 31 0 41 0 197 0 166 0 188 0 182 0 143 0 228 0 339 0 334 0 382 0 407 0 456 0 383 0 401 0 252 0 137 0 73 

SecondWin:
0 0 0 0 0 0 0 0 0 0 0 0 0 0 0 0 0 0 0 0 0 0 0 0 0 0 0 0 0 0 0 0 0 0 0 0 0 0 0 0 0 0 3 0 15 0 34 0 30 0 51 0 121 0 80 0 138 0 125 0 157 0 233 0 286 0 431 0 398 0 448 0 465 0 397 0 248 0 207 0 98 0 
SAlphaB:
0 0 0 0 0 0 0 0 0 0 0 0 0 0 0 0 0 0 0 0 0 0 0 0 0 0 0 0 0 0 0 0 0 0 0 0 0 0 0 0 0 0 3 0 15 0 34 0 30 0 51 0 121 0 80 0 138 0 125 0 157 0 233 0 286 0 431 0 398 0 448 0 465 0 397 0 248 0 207 0 98 0 
