0 54 86 9 -19 9 38 11

0 32 95 19 -19 1 2 5

0 69 96 79 -7 7 31 45

0 77 95 5 -5 7 37 38

0 81 84 89 -4 8 30 6

0 31 87 72 -9 2 7 14

0 17 35 18 -20 4 9 0

0 29 55 6 -19 12 28 3

0 74 98 75 -10 4 6 12

0 47 97 24 -8 14 32 22

0 91 96 26 -6 6 23 37

0 34 99 19 -6 35 45 26

0 10 64 55 -8 31 49 15

0 36 73 14 -9 9 30 11

0 29 93 25 -2 17 43 22

0 50 54 5 -12 1 3 21

0 21 55 94 -2 19 30 13

0 27 41 59 -3 14 21 19

0 64 73 89 -17 7 11 10

0 39 42 95 -11 6 30 28

0 18 35 41 -7 11 14 12

0 53 75 39 -9 4 5 9

0 79 81 7 -18 5 18 40

0 68 75 39 -20 11 39 47

0 40 79 48 -4 34 38 45

0 13 44 65 -15 1 3 22

0 0 33 62 -8 7 8 15

0 2 65 78 -6 23 40 9

0 82 97 15 -14 41 48 48

0 60 95 46 -15 6 13 44

0 32 90 30 -19 4 28 21

0 2 95 98 -11 33 43 14

0 4 25 66 -20 20 28 27

0 58 79 24 -5 4 7 22

0 12 13 62 -13 11 17 10

0 23 33 30 -13 0 1 38

0 22 51 69 -19 14 28 23

0 6 68 86 -19 21 33 45

0 8 39 11 -10 21 44 9

0 22 40 59 -20 31 43 31

0 13 41 83 -19 14 39 23

0 26 64 47 -1 3 45 29

0 58 59 99 -17 0 35 11

0 55 65 46 -2 3 37 45

0 0 82 77 -7 1 2 20

0 8 24 80 -18 24 31 26

0 30 51 4 -15 45 47 24

0 53 85 95 -18 1 49 47

0 71 93 70 -6 39 40 19

0 7 29 37 -17 15 43 13

0 34 90 76 -5 13 19 37

0 22 39 32 -4 4 25 44

0 7 49 16 -19 2 29 22

0 31 83 3 -2 1 2 32

0 23 63 17 -18 5 7 40

0 79 82 49 -6 0 1 15

0 51 54 16 -15 28 48 14

0 12 72 74 -20 4 17 16

0 25 26 50 -19 39 40 18

0 14 41 95 -17 20 35 47

0 17 54 24 -17 8 10 3

0 55 93 92 -12 17 22 41

0 50 78 36 -13 21 35 17

0 17 49 14 -2 11 23 24

0 25 57 4 -19 1 31 48

0 6 83 0 -8 17 23 34

0 14 30 70 -18 40 43 45

0 3 88 43 -20 10 20 11

0 12 90 12 -9 26 28 48

0 0 92 1 -9 14 20 10

0 19 20 79 -15 1 7 0

0 20 48 40 -17 16 21 4

0 0 83 14 -13 35 37 36

0 65 99 87 -17 42 43 17

0 11 34 7 -7 11 17 38

0 38 53 80 -2 5 46 47

0 69 88 33 -1 37 43 8

0 49 62 69 -1 33 34 5

0 12 46 94 -16 3 11 48

0 24 38 43 -1 17 39 42

0 1 6 52 -9 8 9 26

0 18 20 64 -19 44 47 41

0 74 82 22 -10 44 46 1

0 4 5 28 -19 27 34 46

0 5 57 73 -11 12 13 46

0 19 26 77 -19 2 4 42

0 0 9 76 -15 4 19 26

0 4 69 21 -11 0 45 24

0 2 17 17 -7 0 3 38

0 13 14 47 -20 0 21 35

0 10 11 76 -20 4 26 42

0 0 26 13 -11 8 23 47

0 17 24 46 -8 0 10 42

0 9 22 83 -3 5 34 35

0 5 31 45 -1 41 42 46

0 18 23 6 -12 22 39 39

0 9 22 7 -4 17 35 33

0 4 29 41 -8 3 20 44

0 0 2 23 -7 1 3 27

0 4 8 98 -18 21 27 5


SAlphaB: 709.0, std-dev 276.6017805437991

Earliest win: 37
Latest win: 81

WinDepth:
0 0 0 0 0 0 0 0 0 0 0 0 0 0 0 0 0 0 0 0 0 0 0 0 0 0 0 0 0 0 0 0 0 0 0 0 0 13 0 2 0 1 2 9 10 6 12 36 33 65 79 170 78 103 80 153 129 157 130 204 150 251 281 281 336 353 441 433 491 462 418 458 394 427 394 346 245 230 183 153 106 92 
SAlphaB:
0 0 0 0 0 0 0 0 0 0 0 0 0 0 0 0 0 0 0 0 0 0 0 0 0 0 0 0 0 0 0 0 0 0 0 0 0 13 0 2 0 1 2 9 10 6 12 36 33 65 79 170 78 103 80 153 129 157 130 204 150 251 281 281 336 353 441 433 491 462 418 458 394 427 394 346 245 230 183 153 106 92 

LossDepth:
SAlphaB:
0 0 0 0 0 0 0 0 0 0 0 0 0 0 0 0 0 0 0 0 0 0 0 0 0 0 0 0 0 0 0 0 0 0 0 0 0 13 0 2 0 1 2 9 10 6 12 36 33 65 79 170 78 103 80 153 129 157 130 204 150 251 281 281 336 353 441 433 491 462 418 458 394 427 394 346 245 230 183 153 106 92 

FirstWin:
0 0 0 0 0 0 0 0 0 0 0 0 0 0 0 0 0 0 0 0 0 0 0 0 0 0 0 0 0 0 0 0 0 0 0 0 0 13 0 2 0 1 0 9 0 6 0 36 0 65 0 170 0 103 0 153 0 157 0 204 0 251 0 281 0 353 0 433 0 462 0 458 0 427 0 346 0 230 0 153 0 92 
SAlphaB:
0 0 0 0 0 0 0 0 0 0 0 0 0 0 0 0 0 0 0 0 0 0 0 0 0 0 0 0 0 0 0 0 0 0 0 0 0 13 0 2 0 1 0 9 0 6 0 36 0 65 0 170 0 103 0 153 0 157 0 204 0 251 0 281 0 353 0 433 0 462 0 458 0 427 0 346 0 230 0 153 0 92 

SecondWin:
0 0 0 0 0 0 0 0 0 0 0 0 0 0 0 0 0 0 0 0 0 0 0 0 0 0 0 0 0 0 0 0 0 0 0 0 0 0 0 0 0 0 2 0 10 0 12 0 33 0 79 0 78 0 80 0 129 0 130 0 150 0 281 0 336 0 441 0 491 0 418 0 394 0 394 0 245 0 183 0 106 0 
SAlphaB:
0 0 0 0 0 0 0 0 0 0 0 0 0 0 0 0 0 0 0 0 0 0 0 0 0 0 0 0 0 0 0 0 0 0 0 0 0 0 0 0 0 0 2 0 10 0 12 0 33 0 79 0 78 0 80 0 129 0 130 0 150 0 281 0 336 0 441 0 491 0 418 0 394 0 394 0 245 0 183 0 106 0 
