0 17 69 33 -1 0 20 8

0 18 98 42 -11 3 5 32

0 51 61 48 -14 4 11 15

0 21 61 62 -11 1 9 38

0 18 66 70 -11 8 19 7

0 64 74 55 -18 10 36 19

0 59 67 89 -4 15 39 15

0 48 97 52 -12 2 33 22

0 57 76 36 -18 11 12 36

0 57 87 74 -15 12 42 25

0 29 76 35 -1 7 22 46

0 65 67 61 -11 3 9 15

0 56 66 59 -11 11 30 19

0 47 86 55 -18 19 45 15

0 52 75 14 -9 7 36 14

0 8 93 80 -5 1 3 12

0 19 78 68 -10 5 10 28

0 58 93 38 -13 7 22 13

0 28 37 7 -10 6 9 7

0 22 78 46 -8 5 12 29

0 5 74 96 -2 11 31 30

0 4 29 57 -7 7 16 18

0 75 96 60 -16 6 32 2

0 7 79 1 -9 0 5 26

0 22 49 97 -18 2 6 27

0 67 85 45 -6 5 42 42

0 23 66 89 -18 14 27 15

0 37 47 15 -7 10 38 6

0 41 63 55 -16 5 39 33

0 46 59 73 -1 14 40 32

0 32 56 57 -4 0 21 32

0 14 17 84 -12 11 16 12

0 18 38 51 -8 0 23 34

0 39 60 46 -20 27 46 16

0 28 39 62 -6 6 18 0

0 7 23 55 -10 5 17 16

0 14 67 99 -20 44 48 12

0 23 36 97 -15 18 30 45

0 62 65 7 -2 10 34 32

0 19 50 88 -10 0 3 40

0 7 25 84 -2 10 14 20

0 7 70 59 -2 14 20 5

0 9 21 69 -17 4 6 1

0 12 69 16 -3 10 18 29

0 46 89 74 -13 21 35 33

0 27 62 75 -8 9 49 23

0 27 33 82 -5 1 14 43

0 15 27 97 -11 21 26 42

0 50 88 6 -5 17 18 3

0 3 36 83 -8 4 13 29

0 3 49 17 -6 0 3 26

0 11 83 87 -11 2 43 41

0 18 41 46 -4 1 28 8

0 15 34 66 -15 23 26 13

0 17 46 64 -20 13 39 10

0 53 54 5 -6 35 41 22

0 8 54 41 -5 1 4 46

0 13 16 55 -1 1 13 12

0 18 45 84 -5 35 40 39

0 26 38 34 -20 11 25 33

0 72 78 4 -3 29 46 36

0 6 21 81 -18 3 10 4

0 16 23 74 -12 14 16 8

0 2 73 10 -14 14 15 20

0 3 35 69 -20 7 12 39

0 7 15 65 -7 1 6 16

0 3 16 27 -11 17 24 10

0 29 31 19 -19 7 18 40

0 14 20 20 -5 7 16 40

0 7 29 7 -7 17 36 2

0 1 9 87 -14 14 17 26

0 6 36 26 -5 2 19 9

0 1 10 98 -19 0 1 5

0 25 35 44 -16 11 49 6

0 3 5 88 -9 5 19 20

0 42 74 24 -15 30 43 1

0 16 24 77 -10 16 48 37

0 4 70 47 -11 15 36 48

0 6 45 62 -20 11 41 33

0 21 49 8 -14 23 46 32

0 3 25 32 -8 0 19 42

0 4 13 32 -2 26 37 39

0 1 13 47 -19 8 10 4

0 4 13 97 -15 7 12 45

0 6 36 14 -13 1 5 40

0 2 8 79 -12 9 37 41

0 1 18 61 -15 0 32 38

0 10 26 27 -7 30 32 36

0 15 25 75 -8 1 21 48

0 5 7 52 -3 0 5 41

0 3 18 30 -2 37 49 26

0 1 4 94 -15 19 32 31

0 12 13 45 -7 7 40 44

0 8 21 56 -19 34 46 14

0 1 4 68 -8 7 8 40

0 11 28 88 -7 1 23 29

0 2 14 2 -7 18 30 1

0 2 5 56 -17 7 32 28

0 0 37 30 -1 1 8 44

0 1 9 32 -7 3 14 41


SAlphaB: 709.0, std-dev 254.84666017434915

Earliest win: 35
Latest win: 81

WinDepth:
0 0 0 0 0 0 0 0 0 0 0 0 0 0 0 0 0 0 0 0 0 0 0 0 0 0 0 0 0 0 0 0 0 0 0 1 3 6 1 7 0 17 6 7 17 24 19 45 48 89 65 235 84 107 91 241 137 172 153 216 173 203 210 334 331 356 383 359 404 381 432 456 398 419 390 391 256 223 174 135 94 80 
SAlphaB:
0 0 0 0 0 0 0 0 0 0 0 0 0 0 0 0 0 0 0 0 0 0 0 0 0 0 0 0 0 0 0 0 0 0 0 1 3 6 1 7 0 17 6 7 17 24 19 45 48 89 65 235 84 107 91 241 137 172 153 216 173 203 210 334 331 356 383 359 404 381 432 456 398 419 390 391 256 223 174 135 94 80 

LossDepth:
SAlphaB:
0 0 0 0 0 0 0 0 0 0 0 0 0 0 0 0 0 0 0 0 0 0 0 0 0 0 0 0 0 0 0 0 0 0 0 1 3 6 1 7 0 17 6 7 17 24 19 45 48 89 65 235 84 107 91 241 137 172 153 216 173 203 210 334 331 356 383 359 404 381 432 456 398 419 390 391 256 223 174 135 94 80 

FirstWin:
0 0 0 0 0 0 0 0 0 0 0 0 0 0 0 0 0 0 0 0 0 0 0 0 0 0 0 0 0 0 0 0 0 0 0 1 0 6 0 7 0 17 0 7 0 24 0 45 0 89 0 235 0 107 0 241 0 172 0 216 0 203 0 334 0 356 0 359 0 381 0 456 0 419 0 391 0 223 0 135 0 80 
SAlphaB:
0 0 0 0 0 0 0 0 0 0 0 0 0 0 0 0 0 0 0 0 0 0 0 0 0 0 0 0 0 0 0 0 0 0 0 1 0 6 0 7 0 17 0 7 0 24 0 45 0 89 0 235 0 107 0 241 0 172 0 216 0 203 0 334 0 356 0 359 0 381 0 456 0 419 0 391 0 223 0 135 0 80 

SecondWin:
0 0 0 0 0 0 0 0 0 0 0 0 0 0 0 0 0 0 0 0 0 0 0 0 0 0 0 0 0 0 0 0 0 0 0 0 3 0 1 0 0 0 6 0 17 0 19 0 48 0 65 0 84 0 91 0 137 0 153 0 173 0 210 0 331 0 383 0 404 0 432 0 398 0 390 0 256 0 174 0 94 0 
SAlphaB:
0 0 0 0 0 0 0 0 0 0 0 0 0 0 0 0 0 0 0 0 0 0 0 0 0 0 0 0 0 0 0 0 0 0 0 0 3 0 1 0 0 0 6 0 17 0 19 0 48 0 65 0 84 0 91 0 137 0 153 0 173 0 210 0 331 0 383 0 404 0 432 0 398 0 390 0 256 0 174 0 94 0 
