0 19 81 49 -7 4 6 29

0 26 57 93 -16 2 9 18

0 25 87 94 -19 1 12 31

0 57 97 59 -4 2 30 22

0 57 73 71 -16 10 20 20

0 67 77 56 -17 9 24 41

0 39 93 69 -17 12 21 30

0 36 66 10 -2 4 33 0

0 42 72 39 -18 0 1 28

0 37 83 7 -11 9 32 16

0 20 71 68 -19 0 8 10

0 37 64 39 -14 12 29 30

0 86 92 63 -12 2 8 31

0 25 32 96 -9 0 10 16

0 41 81 41 -2 13 20 36

0 41 56 46 -7 7 27 12

0 28 90 1 -4 8 14 5

0 24 47 3 -6 2 18 27

0 53 89 78 -19 10 24 9

0 34 61 21 -6 1 4 32

0 10 49 64 -11 0 1 30

0 33 39 88 -12 2 3 0

0 61 62 32 -11 4 10 46

0 88 91 34 -19 0 1 45

0 33 55 91 -5 3 4 0

0 42 67 48 -10 15 25 6

0 13 34 36 -13 24 36 27

0 36 38 54 -13 8 9 44

0 2 68 63 -20 0 1 35

0 18 85 55 -2 12 21 29

0 9 64 86 -2 14 37 7

0 70 72 15 -18 0 4 10

0 23 34 76 -18 4 7 0

0 46 91 88 -2 5 10 33

0 50 54 48 -9 0 1 35

0 41 61 79 -13 9 12 30

0 29 87 87 -12 32 33 40

0 30 32 72 -19 9 20 31

0 16 51 61 -7 12 37 34

0 1 37 99 -10 22 32 19

0 17 93 92 -15 2 4 34

0 20 26 84 -12 14 17 5

0 3 56 12 -1 29 40 30

0 20 32 94 -1 8 23 36

0 88 98 74 -16 35 49 4

0 1 26 58 -20 1 2 24

0 30 65 17 -2 19 31 28

0 0 10 79 -20 18 19 38

0 0 28 34 -16 9 11 1

0 9 43 73 -17 1 3 29

0 13 43 14 -13 32 38 1

0 35 54 64 -16 37 42 37

0 19 60 17 -16 3 32 12

0 18 35 34 -7 9 18 9

0 36 52 30 -5 26 31 31

0 23 26 62 -11 4 7 44

0 29 95 75 -3 24 29 41

0 14 32 29 -3 4 27 34

0 20 62 3 -20 2 16 36

0 1 14 31 -8 13 26 1

0 6 41 31 -18 0 11 37

0 4 12 85 -20 22 43 28

0 0 11 44 -6 14 19 12

0 14 15 84 -18 3 4 9

0 0 2 74 -14 8 24 2

0 5 56 7 -10 17 30 47

0 26 80 62 -14 32 40 21

0 3 14 9 -20 15 32 17

0 17 75 47 -16 16 23 29

0 0 2 49 -2 21 38 29

0 5 27 95 -11 5 9 33

0 19 21 73 -20 8 27 16

0 1 7 47 -11 19 27 37

0 6 43 1 -1 21 28 33

0 8 10 96 -8 2 3 25

0 14 16 96 -10 1 22 23

0 2 9 33 -8 24 29 31

0 7 19 61 -14 0 9 19

0 9 12 0 -2 8 15 19

0 12 16 85 -19 46 49 17

0 10 13 85 -7 11 23 47

0 4 40 64 -7 14 47 44

0 2 4 67 -11 18 38 39

0 6 13 9 -11 39 41 15

0 6 44 8 -10 3 16 31

0 46 81 72 -16 30 45 49

0 1 13 0 -13 15 28 13

0 0 10 36 -20 17 29 27

0 2 5 19 -12 7 29 10

0 6 53 24 -4 25 29 39

0 14 19 14 -17 9 27 44

0 5 24 14 -1 6 49 45

0 4 5 23 -16 13 24 42

0 0 8 50 -2 8 19 24

0 0 1 35 -6 1 10 32

0 0 2 89 -18 2 38 17

0 0 9 18 -1 11 35 13

0 4 10 11 -17 7 17 48

0 0 1 7 -4 0 5 15

0 0 8 71 -20 27 38 7


SAlphaB: 703.0, std-dev 261.0429555580166

Earliest win: 35
Latest win: 81

WinDepth:
0 0 0 0 0 0 0 0 0 0 0 0 0 0 0 0 0 0 0 0 0 0 0 0 0 0 0 0 0 0 0 0 0 0 0 1 0 2 0 2 0 8 2 12 16 30 20 24 33 66 34 212 49 105 70 164 130 153 134 232 148 252 217 323 304 323 394 378 450 413 508 450 446 412 385 368 281 272 174 153 99 72 
SAlphaB:
0 0 0 0 0 0 0 0 0 0 0 0 0 0 0 0 0 0 0 0 0 0 0 0 0 0 0 0 0 0 0 0 0 0 0 1 0 2 0 2 0 8 2 12 16 30 20 24 33 66 34 212 49 105 70 164 130 153 134 232 148 252 217 323 304 323 394 378 450 413 508 450 446 412 385 368 281 272 174 153 99 72 

LossDepth:
SAlphaB:
0 0 0 0 0 0 0 0 0 0 0 0 0 0 0 0 0 0 0 0 0 0 0 0 0 0 0 0 0 0 0 0 0 0 0 1 0 2 0 2 0 8 2 12 16 30 20 24 33 66 34 212 49 105 70 164 130 153 134 232 148 252 217 323 304 323 394 378 450 413 508 450 446 412 385 368 281 272 174 153 99 72 

FirstWin:
0 0 0 0 0 0 0 0 0 0 0 0 0 0 0 0 0 0 0 0 0 0 0 0 0 0 0 0 0 0 0 0 0 0 0 1 0 2 0 2 0 8 0 12 0 30 0 24 0 66 0 212 0 105 0 164 0 153 0 232 0 252 0 323 0 323 0 378 0 413 0 450 0 412 0 368 0 272 0 153 0 72 
SAlphaB:
0 0 0 0 0 0 0 0 0 0 0 0 0 0 0 0 0 0 0 0 0 0 0 0 0 0 0 0 0 0 0 0 0 0 0 1 0 2 0 2 0 8 0 12 0 30 0 24 0 66 0 212 0 105 0 164 0 153 0 232 0 252 0 323 0 323 0 378 0 413 0 450 0 412 0 368 0 272 0 153 0 72 

SecondWin:
0 0 0 0 0 0 0 0 0 0 0 0 0 0 0 0 0 0 0 0 0 0 0 0 0 0 0 0 0 0 0 0 0 0 0 0 0 0 0 0 0 0 2 0 16 0 20 0 33 0 34 0 49 0 70 0 130 0 134 0 148 0 217 0 304 0 394 0 450 0 508 0 446 0 385 0 281 0 174 0 99 0 
SAlphaB:
0 0 0 0 0 0 0 0 0 0 0 0 0 0 0 0 0 0 0 0 0 0 0 0 0 0 0 0 0 0 0 0 0 0 0 0 0 0 0 0 0 0 2 0 16 0 20 0 33 0 34 0 49 0 70 0 130 0 134 0 148 0 217 0 304 0 394 0 450 0 508 0 446 0 385 0 281 0 174 0 99 0 
