0 39 85 50 -8 3 10 10

0 62 72 19 -5 9 35 16

0 20 92 63 -12 1 2 0

0 36 55 50 -1 10 14 3

0 1 86 91 -20 12 25 25

0 29 44 69 -6 2 6 6

0 34 79 34 -13 13 27 1

0 41 44 18 -11 4 23 15

0 50 62 1 -20 0 2 41

0 81 99 95 -9 8 31 4

0 55 85 73 -5 21 47 37

0 48 95 28 -6 9 29 18

0 50 78 75 -2 4 39 45

0 30 99 94 -9 1 7 29

0 61 91 73 -6 19 38 27

0 14 97 16 -13 0 21 26

0 69 83 45 -19 8 11 14

0 18 36 55 -3 11 14 7

0 43 86 98 -15 6 16 41

0 45 78 88 -18 10 14 21

0 10 93 82 -7 17 40 22

0 25 56 18 -17 43 45 12

0 71 80 21 -12 15 29 10

0 0 44 31 -18 4 10 12

0 19 48 61 -3 17 45 27

0 40 70 25 -5 1 45 7

0 20 36 47 -18 0 2 29

0 60 92 70 -7 7 13 43

0 37 75 70 -11 15 27 6

0 36 93 17 -2 17 28 40

0 28 67 35 -2 0 26 20

0 54 56 93 -16 0 4 45

0 22 39 29 -8 13 27 19

0 40 66 68 -20 8 31 31

0 11 63 76 -9 4 7 31

0 21 23 48 -8 18 24 16

0 22 37 82 -19 40 42 13

0 75 93 32 -7 19 40 49

0 49 64 15 -8 13 17 25

0 12 29 81 -10 17 26 23

0 4 70 94 -20 20 47 7

0 8 29 65 -13 17 31 30

0 17 91 77 -8 34 39 43

0 19 37 92 -9 5 7 15

0 57 63 16 -3 5 11 44

0 22 43 92 -19 15 16 19

0 37 89 35 -14 8 44 28

0 11 17 71 -11 14 22 13

0 45 79 45 -8 1 3 49

0 50 55 37 -7 19 26 36

0 59 79 10 -16 0 1 12

0 2 24 66 -16 12 41 36

0 13 35 30 -7 2 5 42

0 12 19 37 -6 5 10 9

0 28 47 99 -8 0 31 47

0 6 34 69 -7 4 11 43

0 27 39 54 -8 25 37 3

0 45 68 10 -8 13 28 43

0 10 16 28 -20 2 6 11

0 13 47 73 -13 38 43 24

0 5 34 35 -17 9 28 43

0 56 62 64 -7 26 35 39

0 17 89 26 -10 5 28 23

0 20 32 65 -7 8 21 46

0 10 38 67 -14 30 33 1

0 34 76 6 -17 25 27 47

0 4 11 56 -13 16 21 12

0 10 23 47 -8 18 46 43

0 3 11 25 -7 15 33 0

0 8 89 50 -14 23 40 22

0 0 12 83 -18 3 7 27

0 7 24 90 -12 30 33 0

0 3 7 35 -16 2 16 5

0 24 34 10 -19 8 9 45

0 12 18 81 -18 4 6 38

0 18 28 17 -13 7 19 13

0 6 50 40 -1 45 46 45

0 21 59 71 -6 3 14 48

0 8 85 32 -20 23 34 35

0 26 27 36 -1 17 18 27

0 14 28 84 -9 27 47 22

0 51 62 36 -14 40 46 47

0 12 43 47 -20 12 27 6

0 41 80 8 -4 41 45 35

0 0 4 39 -10 11 16 11

0 11 22 12 -4 6 14 36

0 8 38 59 -10 18 19 48

0 1 6 39 -1 15 23 3

0 19 23 30 -3 37 39 34

0 63 74 96 -1 0 7 24

0 10 12 73 -19 9 12 45

0 5 17 85 -15 3 28 15

0 16 21 26 -13 21 24 38

0 14 29 78 -3 9 45 42

0 17 19 26 -12 15 40 49

0 4 11 89 -14 3 10 44

0 22 27 9 -4 18 22 22

0 0 4 46 -20 0 6 21

0 0 1 36 -2 10 34 22

0 0 10 75 -15 2 7 46


SAlphaB: 714.0, std-dev 265.52972945081353

Earliest win: 35
Latest win: 81

WinDepth:
0 0 0 0 0 0 0 0 0 0 0 0 0 0 0 0 0 0 0 0 0 0 0 0 0 0 0 0 0 0 0 0 0 0 0 2 0 4 0 5 0 3 0 25 5 29 7 29 25 77 44 249 54 113 88 147 109 180 114 193 158 243 225 364 335 394 394 404 469 433 527 399 397 418 382 325 264 248 168 140 102 67 
SAlphaB:
0 0 0 0 0 0 0 0 0 0 0 0 0 0 0 0 0 0 0 0 0 0 0 0 0 0 0 0 0 0 0 0 0 0 0 2 0 4 0 5 0 3 0 25 5 29 7 29 25 77 44 249 54 113 88 147 109 180 114 193 158 243 225 364 335 394 394 404 469 433 527 399 397 418 382 325 264 248 168 140 102 67 

LossDepth:
SAlphaB:
0 0 0 0 0 0 0 0 0 0 0 0 0 0 0 0 0 0 0 0 0 0 0 0 0 0 0 0 0 0 0 0 0 0 0 2 0 4 0 5 0 3 0 25 5 29 7 29 25 77 44 249 54 113 88 147 109 180 114 193 158 243 225 364 335 394 394 404 469 433 527 399 397 418 382 325 264 248 168 140 102 67 

FirstWin:
0 0 0 0 0 0 0 0 0 0 0 0 0 0 0 0 0 0 0 0 0 0 0 0 0 0 0 0 0 0 0 0 0 0 0 2 0 4 0 5 0 3 0 25 0 29 0 29 0 77 0 249 0 113 0 147 0 180 0 193 0 243 0 364 0 394 0 404 0 433 0 399 0 418 0 325 0 248 0 140 0 67 
SAlphaB:
0 0 0 0 0 0 0 0 0 0 0 0 0 0 0 0 0 0 0 0 0 0 0 0 0 0 0 0 0 0 0 0 0 0 0 2 0 4 0 5 0 3 0 25 0 29 0 29 0 77 0 249 0 113 0 147 0 180 0 193 0 243 0 364 0 394 0 404 0 433 0 399 0 418 0 325 0 248 0 140 0 67 

SecondWin:
0 0 0 0 0 0 0 0 0 0 0 0 0 0 0 0 0 0 0 0 0 0 0 0 0 0 0 0 0 0 0 0 0 0 0 0 0 0 0 0 0 0 0 0 5 0 7 0 25 0 44 0 54 0 88 0 109 0 114 0 158 0 225 0 335 0 394 0 469 0 527 0 397 0 382 0 264 0 168 0 102 0 
SAlphaB:
0 0 0 0 0 0 0 0 0 0 0 0 0 0 0 0 0 0 0 0 0 0 0 0 0 0 0 0 0 0 0 0 0 0 0 0 0 0 0 0 0 0 0 0 5 0 7 0 25 0 44 0 54 0 88 0 109 0 114 0 158 0 225 0 335 0 394 0 469 0 527 0 397 0 382 0 264 0 168 0 102 0 
