0 22 49 62 -16 0 1 21

0 26 60 7 -11 3 16 5

0 28 29 53 -4 1 7 10

0 49 69 52 -20 4 9 33

0 1 90 98 -4 8 9 11

0 52 94 95 -7 14 33 47

0 14 70 17 -19 0 12 31

0 87 98 79 -16 3 34 22

0 59 84 61 -10 10 38 28

0 60 75 9 -12 41 46 27

0 49 58 39 -18 3 27 2

0 68 96 46 -19 2 5 10

0 36 57 35 -13 9 14 6

0 28 50 37 -9 5 8 10

0 46 66 73 -5 11 27 21

0 17 76 85 -6 24 32 16

0 15 61 80 -11 2 16 10

0 14 76 57 -7 4 5 40

0 68 78 61 -8 9 12 27

0 80 87 83 -1 4 7 14

0 45 75 17 -9 13 27 21

0 13 68 41 -6 12 13 28

0 40 71 1 -15 0 31 21

0 12 47 55 -9 16 43 39

0 77 91 81 -15 0 1 26

0 83 90 34 -11 15 24 37

0 7 65 50 -6 29 37 6

0 44 87 6 -13 3 29 49

0 47 83 28 -19 5 9 29

0 0 96 80 -18 0 1 13

0 12 39 95 -12 11 22 21

0 6 54 0 -16 0 3 9

0 57 81 77 -16 13 14 40

0 48 78 3 -6 15 40 26

0 2 27 52 -11 0 1 7

0 18 50 12 -8 4 5 29

0 47 77 52 -17 22 28 39

0 49 57 1 -18 6 18 33

0 60 93 7 -5 23 30 37

0 7 37 58 -17 2 22 20

0 72 94 19 -10 30 45 8

0 48 71 7 -16 7 13 5

0 19 36 43 -18 12 29 10

0 13 22 16 -6 6 16 10

0 11 68 97 -18 4 7 47

0 7 14 28 -16 1 4 12

0 14 17 97 -3 11 24 24

0 45 66 38 -16 12 31 38

0 19 25 82 -14 10 22 9

0 73 82 22 -8 21 33 5

0 23 33 25 -16 3 6 5

0 32 63 93 -6 15 17 42

0 13 46 93 -11 9 11 47

0 74 83 67 -4 1 31 40

0 28 47 47 -16 11 35 3

0 14 59 65 -13 2 34 34

0 2 25 81 -16 2 7 13

0 25 42 81 -16 27 34 23

0 0 13 59 -12 4 11 19

0 17 36 56 -4 5 45 16

0 19 53 19 -11 15 45 30

0 45 63 10 -11 32 46 35

0 6 15 6 -7 4 8 28

0 51 84 62 -12 13 42 44

0 52 83 71 -17 36 43 21

0 41 66 77 -20 23 24 41

0 7 10 54 -7 20 37 19

0 5 27 45 -2 8 21 36

0 0 1 79 -16 2 13 14

0 7 81 58 -10 41 47 28

0 1 49 88 -12 0 31 14

0 1 16 41 -7 4 32 10

0 5 29 34 -12 14 25 34

0 4 34 6 -15 6 45 0

0 0 11 94 -11 4 12 5

0 41 62 86 -5 30 35 43

0 12 17 30 -7 1 5 39

0 3 4 31 -18 3 21 23

0 55 98 6 -15 37 46 4

0 0 2 93 -10 11 41 40

0 0 12 25 -19 22 30 24

0 26 29 33 -5 0 2 49

0 1 9 95 -2 4 22 1

0 10 23 66 -8 30 46 31

0 7 15 93 -8 2 21 14

0 2 17 57 -4 3 29 46

0 3 42 19 -11 2 4 21

0 10 23 2 -9 1 2 36

0 10 61 95 -16 3 18 38

0 14 24 53 -11 13 26 8

0 1 5 31 -1 1 32 27

0 7 10 63 -16 19 45 12

0 26 45 43 -2 16 38 43

0 11 12 18 -18 1 10 25

0 2 3 93 -16 20 36 43

0 2 4 22 -1 13 15 24

0 23 27 9 -17 12 43 8

0 1 4 27 -10 5 7 34

0 1 2 31 -6 20 34 40

0 6 8 34 -3 29 40 2


SAlphaB: 744.0, std-dev 289.22162790929906

Earliest win: 37
Latest win: 81

WinDepth:
0 0 0 0 0 0 0 0 0 0 0 0 0 0 0 0 0 0 0 0 0 0 0 0 0 0 0 0 0 0 0 0 0 0 0 0 0 9 0 8 3 10 2 11 8 24 15 34 27 52 66 181 89 144 99 168 113 232 160 180 188 217 305 378 330 345 396 395 446 402 420 447 450 388 382 356 258 263 186 131 62 81 
SAlphaB:
0 0 0 0 0 0 0 0 0 0 0 0 0 0 0 0 0 0 0 0 0 0 0 0 0 0 0 0 0 0 0 0 0 0 0 0 0 9 0 8 3 10 2 11 8 24 15 34 27 52 66 181 89 144 99 168 113 232 160 180 188 217 305 378 330 345 396 395 446 402 420 447 450 388 382 356 258 263 186 131 62 81 

LossDepth:
SAlphaB:
0 0 0 0 0 0 0 0 0 0 0 0 0 0 0 0 0 0 0 0 0 0 0 0 0 0 0 0 0 0 0 0 0 0 0 0 0 9 0 8 3 10 2 11 8 24 15 34 27 52 66 181 89 144 99 168 113 232 160 180 188 217 305 378 330 345 396 395 446 402 420 447 450 388 382 356 258 263 186 131 62 81 

FirstWin:
0 0 0 0 0 0 0 0 0 0 0 0 0 0 0 0 0 0 0 0 0 0 0 0 0 0 0 0 0 0 0 0 0 0 0 0 0 9 0 8 0 10 0 11 0 24 0 34 0 52 0 181 0 144 0 168 0 232 0 180 0 217 0 378 0 345 0 395 0 402 0 447 0 388 0 356 0 263 0 131 0 81 
SAlphaB:
0 0 0 0 0 0 0 0 0 0 0 0 0 0 0 0 0 0 0 0 0 0 0 0 0 0 0 0 0 0 0 0 0 0 0 0 0 9 0 8 0 10 0 11 0 24 0 34 0 52 0 181 0 144 0 168 0 232 0 180 0 217 0 378 0 345 0 395 0 402 0 447 0 388 0 356 0 263 0 131 0 81 

SecondWin:
0 0 0 0 0 0 0 0 0 0 0 0 0 0 0 0 0 0 0 0 0 0 0 0 0 0 0 0 0 0 0 0 0 0 0 0 0 0 0 0 3 0 2 0 8 0 15 0 27 0 66 0 89 0 99 0 113 0 160 0 188 0 305 0 330 0 396 0 446 0 420 0 450 0 382 0 258 0 186 0 62 0 
SAlphaB:
0 0 0 0 0 0 0 0 0 0 0 0 0 0 0 0 0 0 0 0 0 0 0 0 0 0 0 0 0 0 0 0 0 0 0 0 0 0 0 0 3 0 2 0 8 0 15 0 27 0 66 0 89 0 99 0 113 0 160 0 188 0 305 0 330 0 396 0 446 0 420 0 450 0 382 0 258 0 186 0 62 0 
