0 39 68 66 -9 7 13 20

0 30 66 40 -18 5 8 0

0 49 80 66 -4 9 37 40

0 30 86 56 -19 5 25 6

0 82 98 79 -14 8 31 3

0 76 86 96 -6 16 21 2

0 47 54 56 -20 0 7 25

0 21 29 62 -8 4 14 11

0 41 79 56 -1 6 9 16

0 29 44 48 -20 3 15 24

0 25 36 90 -7 4 12 10

0 29 62 66 -1 15 44 32

0 50 65 11 -18 3 27 47

0 27 72 87 -17 1 4 26

0 25 66 88 -6 29 44 3

0 14 42 26 -4 8 15 0

0 77 98 16 -15 18 45 12

0 37 63 6 -2 13 27 11

0 50 80 50 -7 11 17 17

0 5 79 30 -1 15 44 24

0 5 60 46 -9 18 37 19

0 19 33 94 -11 6 13 6

0 58 92 90 -2 4 6 15

0 14 53 49 -20 5 15 20

0 21 94 61 -5 26 41 20

0 61 96 62 -17 30 36 29

0 62 97 95 -2 25 27 45

0 47 50 10 -19 4 5 35

0 38 51 53 -7 21 36 4

0 49 97 16 -7 14 32 7

0 79 87 27 -16 6 7 24

0 56 78 78 -9 0 32 7

0 35 55 38 -20 4 21 16

0 61 69 74 -4 15 24 20

0 29 43 51 -11 1 4 38

0 37 69 66 -14 10 18 15

0 84 85 73 -14 32 35 13

0 26 95 77 -18 2 23 49

0 32 64 64 -19 1 2 29

0 58 75 1 -9 13 20 14

0 34 35 16 -3 1 14 39

0 10 48 66 -18 10 15 8

0 52 68 6 -5 2 36 18

0 8 90 60 -8 2 40 33

0 32 52 44 -8 21 42 19

0 0 23 95 -10 8 10 26

0 6 96 6 -14 1 5 5

0 49 63 3 -5 15 47 46

0 46 74 16 -18 24 43 31

0 0 9 85 -5 27 44 15

0 23 39 40 -9 1 28 20

0 22 24 9 -8 17 33 7

0 25 79 3 -19 11 14 0

0 41 50 48 -13 16 30 42

0 1 6 93 -10 4 14 13

0 28 33 80 -9 23 27 14

0 9 19 42 -6 16 44 9

0 0 37 35 -17 0 6 23

0 5 20 51 -5 19 44 3

0 2 16 74 -15 33 36 41

0 3 66 93 -10 4 21 33

0 32 82 47 -15 29 39 35

0 14 23 39 -2 11 36 28

0 8 15 24 -12 1 2 20

0 2 4 82 -5 33 40 32

0 36 88 38 -17 20 31 33

0 10 37 53 -1 46 48 2

0 15 18 53 -14 0 13 2

0 2 24 87 -3 22 36 12

0 20 22 29 -5 13 14 30

0 17 72 15 -12 5 39 28

0 47 70 14 -19 25 33 0

0 0 50 32 -7 7 47 3

0 28 46 31 -14 18 23 4

0 2 33 39 -19 3 21 8

0 16 71 51 -5 32 42 35

0 19 47 69 -19 3 46 1

0 4 22 19 -14 3 10 8

0 21 30 90 -1 13 17 35

0 4 23 78 -9 15 46 48

0 1 5 3 -16 11 27 45

0 3 19 74 -14 0 1 20

0 57 60 4 -17 34 38 13

0 6 35 74 -1 1 24 14

0 11 79 49 -13 14 18 49

0 10 45 1 -2 12 25 40

0 4 5 37 -15 7 24 34

0 12 22 41 -13 17 24 30

0 0 1 28 -14 7 11 30

0 11 13 33 -11 41 46 47

0 2 3 51 -10 3 32 5

0 8 24 56 -16 24 49 14

0 21 24 13 -13 16 43 19

0 9 12 39 -11 3 7 41

0 5 34 98 -3 2 24 25

0 29 34 0 -19 23 28 29

0 0 1 59 -18 11 45 36

0 16 20 3 -1 18 45 37

0 1 7 14 -8 30 34 4

0 8 10 35 -15 0 26 39


SAlphaB: 687.0, std-dev 269.5197702686327

Earliest win: 37
Latest win: 81

WinDepth:
0 0 0 0 0 0 0 0 0 0 0 0 0 0 0 0 0 0 0 0 0 0 0 0 0 0 0 0 0 0 0 0 0 0 0 0 0 4 0 7 17 12 10 5 21 22 14 27 11 76 78 132 109 101 109 183 103 221 140 174 166 219 248 339 369 353 371 376 407 377 409 464 411 471 395 372 307 253 182 147 111 86 
SAlphaB:
0 0 0 0 0 0 0 0 0 0 0 0 0 0 0 0 0 0 0 0 0 0 0 0 0 0 0 0 0 0 0 0 0 0 0 0 0 4 0 7 17 12 10 5 21 22 14 27 11 76 78 132 109 101 109 183 103 221 140 174 166 219 248 339 369 353 371 376 407 377 409 464 411 471 395 372 307 253 182 147 111 86 

LossDepth:
SAlphaB:
0 0 0 0 0 0 0 0 0 0 0 0 0 0 0 0 0 0 0 0 0 0 0 0 0 0 0 0 0 0 0 0 0 0 0 0 0 4 0 7 17 12 10 5 21 22 14 27 11 76 78 132 109 101 109 183 103 221 140 174 166 219 248 339 369 353 371 376 407 377 409 464 411 471 395 372 307 253 182 147 111 86 

FirstWin:
0 0 0 0 0 0 0 0 0 0 0 0 0 0 0 0 0 0 0 0 0 0 0 0 0 0 0 0 0 0 0 0 0 0 0 0 0 4 0 7 0 12 0 5 0 22 0 27 0 76 0 132 0 101 0 183 0 221 0 174 0 219 0 339 0 353 0 376 0 377 0 464 0 471 0 372 0 253 0 147 0 86 
SAlphaB:
0 0 0 0 0 0 0 0 0 0 0 0 0 0 0 0 0 0 0 0 0 0 0 0 0 0 0 0 0 0 0 0 0 0 0 0 0 4 0 7 0 12 0 5 0 22 0 27 0 76 0 132 0 101 0 183 0 221 0 174 0 219 0 339 0 353 0 376 0 377 0 464 0 471 0 372 0 253 0 147 0 86 

SecondWin:
0 0 0 0 0 0 0 0 0 0 0 0 0 0 0 0 0 0 0 0 0 0 0 0 0 0 0 0 0 0 0 0 0 0 0 0 0 0 0 0 17 0 10 0 21 0 14 0 11 0 78 0 109 0 109 0 103 0 140 0 166 0 248 0 369 0 371 0 407 0 409 0 411 0 395 0 307 0 182 0 111 0 
SAlphaB:
0 0 0 0 0 0 0 0 0 0 0 0 0 0 0 0 0 0 0 0 0 0 0 0 0 0 0 0 0 0 0 0 0 0 0 0 0 0 0 0 17 0 10 0 21 0 14 0 11 0 78 0 109 0 109 0 103 0 140 0 166 0 248 0 369 0 371 0 407 0 409 0 411 0 395 0 307 0 182 0 111 0 
