0 40 67 36 -5 2 6 4

0 24 69 69 -4 17 32 1

0 39 52 35 -7 4 24 14

0 31 92 46 -11 0 18 18

0 53 84 23 -6 21 47 3

0 40 42 75 -3 2 10 2

0 59 66 54 -16 6 26 32

0 70 86 57 -11 9 32 15

0 27 39 32 -17 23 27 5

0 52 58 74 -9 9 13 6

0 20 92 16 -16 5 9 27

0 15 49 32 -14 18 28 11

0 32 40 74 -19 7 15 5

0 69 94 48 -14 11 24 23

0 55 77 69 -11 18 22 28

0 16 49 61 -11 1 3 28

0 33 51 6 -5 1 23 24

0 22 25 15 -19 15 19 18

0 35 52 76 -7 11 35 26

0 52 63 17 -10 36 44 25

0 7 56 71 -11 29 35 24

0 65 87 71 -10 14 19 21

0 50 98 13 -20 33 35 44

0 35 68 76 -17 1 15 18

0 15 60 61 -1 4 11 14

0 6 46 32 -17 15 40 48

0 10 26 40 -14 30 31 11

0 3 89 86 -18 32 34 49

0 11 90 22 -9 0 2 30

0 30 32 93 -17 2 12 1

0 27 92 15 -11 0 1 46

0 42 52 6 -6 0 4 21

0 7 83 52 -12 17 19 15

0 24 53 82 -11 10 37 2

0 35 76 32 -20 7 13 11

0 19 32 93 -2 5 11 25

0 13 18 79 -1 2 4 19

0 12 15 83 -13 14 20 13

0 93 96 58 -2 11 12 5

0 66 81 40 -1 23 49 39

0 66 74 92 -3 14 49 35

0 38 40 41 -5 36 48 36

0 45 69 53 -14 3 41 2

0 49 53 85 -1 16 42 12

0 10 43 79 -3 8 29 30

0 7 64 0 -3 4 10 16

0 73 95 56 -20 22 24 43

0 12 22 76 -2 11 14 1

0 22 23 87 -6 15 19 40

0 0 70 38 -18 9 11 21

0 18 37 96 -6 4 5 19

0 3 76 1 -8 0 3 18

0 4 38 81 -19 9 35 23

0 56 82 78 -19 20 34 42

0 13 70 90 -4 2 11 28

0 0 57 64 -11 34 47 41

0 10 18 0 -20 27 31 17

0 26 32 92 -20 9 13 39

0 9 69 94 -20 9 36 33

0 2 35 32 -13 8 25 0

0 20 68 9 -11 19 46 33

0 6 29 71 -20 9 20 41

0 22 56 23 -10 8 32 15

0 6 9 17 -16 8 15 6

0 10 32 38 -18 9 35 21

0 16 63 1 -5 12 29 35

0 3 7 50 -2 38 39 21

0 70 91 23 -12 33 34 20

0 8 77 43 -7 23 35 42

0 9 79 4 -13 14 19 22

0 18 30 88 -11 1 30 43

0 13 25 86 -10 14 41 35

0 14 60 28 -16 5 7 33

0 8 40 86 -20 13 49 11

0 9 11 37 -6 3 33 2

0 1 36 57 -15 1 30 39

0 12 78 22 -3 1 35 39

0 4 13 40 -12 20 26 28

0 4 12 74 -17 8 15 24

0 7 13 17 -13 7 14 25

0 11 57 61 -4 7 10 39

0 1 3 37 -7 5 8 22

0 24 49 15 -6 5 37 27

0 7 8 86 -15 38 43 19

0 0 23 27 -9 17 42 6

0 4 9 81 -11 36 38 31

0 3 38 2 -17 17 19 39

0 4 6 45 -18 13 29 24

0 0 3 9 -5 10 22 37

0 2 3 0 -10 6 31 6

0 1 8 96 -14 31 40 23

0 0 1 89 -8 1 6 5

0 7 17 47 -8 35 40 0

0 5 7 2 -1 4 17 16

0 16 22 18 -16 16 24 48

0 1 35 35 -2 30 31 49

0 1 2 38 -6 1 30 35

0 0 1 81 -3 20 22 6

0 3 7 8 -3 3 47 39

0 3 4 72 -9 16 20 0


SAlphaB: 701.0, std-dev 259.0895128262926

Earliest win: 37
Latest win: 81

WinDepth:
0 0 0 0 0 0 0 0 0 0 0 0 0 0 0 0 0 0 0 0 0 0 0 0 0 0 0 0 0 0 0 0 0 0 0 0 0 3 1 2 0 5 3 13 18 21 11 35 35 48 87 166 101 153 117 180 93 198 145 194 168 239 253 350 375 338 425 350 416 385 455 468 444 401 387 338 247 274 167 157 90 86 
SAlphaB:
0 0 0 0 0 0 0 0 0 0 0 0 0 0 0 0 0 0 0 0 0 0 0 0 0 0 0 0 0 0 0 0 0 0 0 0 0 3 1 2 0 5 3 13 18 21 11 35 35 48 87 166 101 153 117 180 93 198 145 194 168 239 253 350 375 338 425 350 416 385 455 468 444 401 387 338 247 274 167 157 90 86 

LossDepth:
SAlphaB:
0 0 0 0 0 0 0 0 0 0 0 0 0 0 0 0 0 0 0 0 0 0 0 0 0 0 0 0 0 0 0 0 0 0 0 0 0 3 1 2 0 5 3 13 18 21 11 35 35 48 87 166 101 153 117 180 93 198 145 194 168 239 253 350 375 338 425 350 416 385 455 468 444 401 387 338 247 274 167 157 90 86 

FirstWin:
0 0 0 0 0 0 0 0 0 0 0 0 0 0 0 0 0 0 0 0 0 0 0 0 0 0 0 0 0 0 0 0 0 0 0 0 0 3 0 2 0 5 0 13 0 21 0 35 0 48 0 166 0 153 0 180 0 198 0 194 0 239 0 350 0 338 0 350 0 385 0 468 0 401 0 338 0 274 0 157 0 86 
SAlphaB:
0 0 0 0 0 0 0 0 0 0 0 0 0 0 0 0 0 0 0 0 0 0 0 0 0 0 0 0 0 0 0 0 0 0 0 0 0 3 0 2 0 5 0 13 0 21 0 35 0 48 0 166 0 153 0 180 0 198 0 194 0 239 0 350 0 338 0 350 0 385 0 468 0 401 0 338 0 274 0 157 0 86 

SecondWin:
0 0 0 0 0 0 0 0 0 0 0 0 0 0 0 0 0 0 0 0 0 0 0 0 0 0 0 0 0 0 0 0 0 0 0 0 0 0 1 0 0 0 3 0 18 0 11 0 35 0 87 0 101 0 117 0 93 0 145 0 168 0 253 0 375 0 425 0 416 0 455 0 444 0 387 0 247 0 167 0 90 0 
SAlphaB:
0 0 0 0 0 0 0 0 0 0 0 0 0 0 0 0 0 0 0 0 0 0 0 0 0 0 0 0 0 0 0 0 0 0 0 0 0 0 1 0 0 0 3 0 18 0 11 0 35 0 87 0 101 0 117 0 93 0 145 0 168 0 253 0 375 0 425 0 416 0 455 0 444 0 387 0 247 0 167 0 90 0 
