0 38 84 41 -14 5 19 28

0 57 73 62 -18 4 16 9

0 50 99 82 -20 2 22 39

0 51 88 62 -6 6 12 3

0 61 75 23 -18 4 18 24

0 27 60 5 -14 1 5 3

0 63 79 35 -11 1 26 20

0 15 79 27 -3 9 15 5

0 42 54 41 -12 14 48 14

0 46 62 91 -11 7 9 30

0 43 87 7 -10 2 35 41

0 36 61 4 -20 8 25 30

0 52 68 57 -3 11 23 34

0 67 68 80 -9 0 1 29

0 61 90 41 -8 11 24 46

0 7 42 74 -4 10 21 26

0 76 79 89 -6 12 13 6

0 53 79 14 -7 3 10 18

0 29 36 32 -15 0 6 19

0 18 50 35 -8 17 31 14

0 59 64 87 -10 17 35 39

0 70 98 6 -8 2 22 29

0 32 83 92 -3 6 12 26

0 95 97 66 -5 2 40 17

0 27 64 76 -12 6 9 16

0 21 84 74 -5 16 26 2

0 25 96 5 -6 0 38 16

0 16 86 33 -10 37 44 14

0 29 50 27 -3 1 31 5

0 25 38 47 -13 17 20 7

0 1 31 14 -20 0 4 12

0 16 51 17 -3 4 10 25

0 15 35 78 -2 3 7 24

0 47 64 58 -2 22 27 37

0 25 61 66 -12 36 44 4

0 14 33 50 -17 4 5 19

0 33 48 47 -11 14 35 15

0 27 31 13 -4 6 7 12

0 80 99 51 -11 11 29 49

0 36 68 82 -20 17 25 10

0 51 85 71 -16 29 32 24

0 80 89 97 -16 23 31 35

0 20 52 39 -7 24 38 13

0 20 63 18 -19 6 42 10

0 46 60 10 -11 27 32 24

0 55 82 39 -5 42 45 21

0 25 48 31 -2 3 6 41

0 14 34 55 -8 10 20 17

0 2 35 95 -15 0 1 15

0 1 75 42 -3 5 16 43

0 46 82 8 -12 23 28 49

0 28 34 86 -7 10 38 19

0 24 25 14 -10 39 43 38

0 14 61 77 -9 35 37 32

0 15 56 45 -20 2 14 21

0 3 45 30 -7 1 9 13

0 5 43 65 -18 2 6 24

0 74 79 33 -2 29 46 9

0 77 98 73 -16 31 45 43

0 46 98 26 -7 23 42 28

0 67 94 56 -4 39 46 26

0 4 42 86 -10 24 38 18

0 48 73 74 -19 18 45 17

0 17 40 36 -16 4 10 47

0 34 61 97 -19 3 39 40

0 8 57 20 -14 9 10 10

0 0 12 35 -10 28 32 27

0 8 81 80 -17 2 33 16

0 0 20 78 -12 1 3 36

0 0 11 63 -20 3 42 8

0 5 29 96 -8 8 28 12

0 49 72 44 -2 28 30 38

0 12 26 98 -15 7 29 5

0 4 13 95 -13 6 17 5

0 40 66 33 -17 22 29 27

0 10 14 20 -5 7 9 18

0 0 4 74 -12 4 26 7

0 4 6 1 -2 3 11 28

0 2 27 28 -13 2 37 42

0 0 3 10 -19 33 38 38

0 5 9 37 -15 19 48 34

0 73 99 28 -13 48 49 19

0 2 13 34 -3 18 23 3

0 15 21 48 -1 24 33 32

0 3 6 44 -1 22 32 7

0 1 2 90 -10 42 43 18

0 2 5 15 -4 44 47 3

0 3 30 58 -13 21 37 0

0 5 22 92 -20 35 49 46

0 6 8 86 -11 12 19 13

0 12 88 19 -16 22 34 23

0 0 10 23 -12 6 30 10

0 6 17 30 -4 37 39 48

0 0 21 71 -15 23 30 34

0 2 18 50 -4 7 37 45

0 0 2 40 -13 15 23 2

0 19 27 1 -18 22 34 0

0 6 11 47 -3 2 4 47

0 1 26 63 -6 2 9 35

0 7 9 46 -16 27 30 1


SAlphaB: 690.0, std-dev 271.0768218297782

Earliest win: 37
Latest win: 81

WinDepth:
0 0 0 0 0 0 0 0 0 0 0 0 0 0 0 0 0 0 0 0 0 0 0 0 0 0 0 0 0 0 0 0 0 0 0 0 0 11 0 6 1 8 2 30 13 25 15 29 31 101 51 187 126 135 102 184 115 240 131 192 152 274 220 308 359 329 372 408 407 391 364 443 418 398 407 345 294 208 186 143 104 88 
SAlphaB:
0 0 0 0 0 0 0 0 0 0 0 0 0 0 0 0 0 0 0 0 0 0 0 0 0 0 0 0 0 0 0 0 0 0 0 0 0 11 0 6 1 8 2 30 13 25 15 29 31 101 51 187 126 135 102 184 115 240 131 192 152 274 220 308 359 329 372 408 407 391 364 443 418 398 407 345 294 208 186 143 104 88 

LossDepth:
SAlphaB:
0 0 0 0 0 0 0 0 0 0 0 0 0 0 0 0 0 0 0 0 0 0 0 0 0 0 0 0 0 0 0 0 0 0 0 0 0 11 0 6 1 8 2 30 13 25 15 29 31 101 51 187 126 135 102 184 115 240 131 192 152 274 220 308 359 329 372 408 407 391 364 443 418 398 407 345 294 208 186 143 104 88 

FirstWin:
0 0 0 0 0 0 0 0 0 0 0 0 0 0 0 0 0 0 0 0 0 0 0 0 0 0 0 0 0 0 0 0 0 0 0 0 0 11 0 6 0 8 0 30 0 25 0 29 0 101 0 187 0 135 0 184 0 240 0 192 0 274 0 308 0 329 0 408 0 391 0 443 0 398 0 345 0 208 0 143 0 88 
SAlphaB:
0 0 0 0 0 0 0 0 0 0 0 0 0 0 0 0 0 0 0 0 0 0 0 0 0 0 0 0 0 0 0 0 0 0 0 0 0 11 0 6 0 8 0 30 0 25 0 29 0 101 0 187 0 135 0 184 0 240 0 192 0 274 0 308 0 329 0 408 0 391 0 443 0 398 0 345 0 208 0 143 0 88 

SecondWin:
0 0 0 0 0 0 0 0 0 0 0 0 0 0 0 0 0 0 0 0 0 0 0 0 0 0 0 0 0 0 0 0 0 0 0 0 0 0 0 0 1 0 2 0 13 0 15 0 31 0 51 0 126 0 102 0 115 0 131 0 152 0 220 0 359 0 372 0 407 0 364 0 418 0 407 0 294 0 186 0 104 0 
SAlphaB:
0 0 0 0 0 0 0 0 0 0 0 0 0 0 0 0 0 0 0 0 0 0 0 0 0 0 0 0 0 0 0 0 0 0 0 0 0 0 0 0 1 0 2 0 13 0 15 0 31 0 51 0 126 0 102 0 115 0 131 0 152 0 220 0 359 0 372 0 407 0 364 0 418 0 407 0 294 0 186 0 104 0 
