0 33 91 41 -15 0 5 8

0 32 61 22 -9 1 3 6

0 37 74 38 -12 2 3 5

0 48 69 39 -10 0 19 3

0 70 77 55 -5 14 47 13

0 74 95 13 -20 17 29 26

0 28 55 60 -8 0 7 2

0 28 53 43 -18 1 8 22

0 48 54 64 -18 1 2 18

0 15 52 0 -3 0 6 2

0 38 85 60 -8 0 2 7

0 41 61 29 -4 9 19 12

0 42 86 91 -3 1 16 6

0 67 68 53 -9 2 7 20

0 43 69 64 -14 4 18 13

0 58 81 84 -8 17 44 41

0 26 97 49 -19 4 6 15

0 79 96 54 -18 1 2 5

0 50 98 19 -1 14 30 18

0 84 88 84 -1 15 28 13

0 47 82 71 -7 3 24 3

0 20 74 59 -1 3 4 4

0 32 69 75 -18 3 16 6

0 27 53 14 -13 0 3 22

0 14 64 10 -17 0 2 5

0 52 79 21 -18 0 40 5

0 76 97 64 -7 13 44 29

0 27 52 49 -15 0 5 20

0 74 94 55 -2 4 12 40

0 69 95 87 -9 5 24 15

0 36 89 93 -10 9 19 3

0 64 73 36 -1 7 20 11

0 34 82 39 -14 2 3 8

0 20 59 35 -3 1 17 26

0 43 58 65 -18 1 17 13

0 38 94 91 -16 4 19 48

0 29 69 86 -18 1 2 5

0 15 43 73 -3 2 12 3

0 60 97 75 -12 12 36 34

0 33 61 36 -4 4 7 15

0 27 48 47 -15 0 2 29

0 46 95 93 -2 5 12 13

0 21 84 79 -7 1 3 10

0 27 48 94 -17 2 9 35

0 60 64 71 -19 8 15 12

0 58 95 51 -5 9 17 35

0 19 41 33 -17 1 8 26

0 23 28 96 -9 2 8 7

0 23 32 6 -15 1 4 4

0 89 92 99 -15 1 10 22

0 49 70 94 -9 0 10 20

0 92 95 85 -19 17 49 16

0 45 51 46 -6 0 11 8

0 29 99 71 -11 2 7 24

0 21 29 16 -10 1 5 20

0 66 77 48 -16 1 3 29

0 79 97 29 -12 2 21 6

0 44 93 19 -2 2 25 10

0 30 52 92 -1 1 2 3

0 64 69 76 -9 8 10 6

0 50 74 58 -1 0 7 7

0 76 89 63 -16 7 40 46

0 41 75 84 -3 4 12 12

0 16 93 59 -20 8 10 35

0 40 66 17 -17 7 16 9

0 68 94 48 -7 23 30 24

0 47 99 40 -3 12 47 3

0 41 53 98 -5 1 3 10

0 17 73 94 -10 0 1 16

0 49 65 15 -12 1 2 15

0 33 93 24 -9 7 9 45

0 10 99 53 -14 0 2 8

0 35 69 98 -19 9 16 46

0 45 50 64 -1 6 27 12

0 17 56 1 -3 5 6 10

0 19 28 47 -20 1 3 19

0 25 75 60 -6 6 19 15

0 23 57 73 -16 1 3 36

0 28 88 84 -9 0 13 29

0 10 91 25 -1 16 36 31

0 67 96 82 -6 1 5 19

0 53 74 47 -1 9 16 20

0 28 30 55 -14 3 20 7

0 31 92 58 -11 11 39 38

0 42 77 84 -11 12 27 28

0 8 91 16 -6 3 9 13

0 53 83 38 -2 18 37 44

0 40 82 44 -16 13 36 17

0 33 77 44 -5 10 35 31

0 12 55 97 -2 1 5 14

0 34 90 49 -5 19 32 0

0 5 91 72 -4 30 44 25

0 12 61 57 -2 0 3 16

0 9 79 49 -19 26 38 28

0 30 89 14 -14 13 15 16

0 7 84 51 -10 10 33 8

0 29 94 14 -9 6 14 41

0 12 66 37 -16 0 14 29

0 27 83 79 -9 12 38 20

0 35 48 24 -8 25 42 4


SAlphaB: 726.0, std-dev 260.7333854396638

Earliest win: 37
Latest win: 81

WinDepth:
0 0 0 0 0 0 0 0 0 0 0 0 0 0 0 0 0 0 0 0 0 0 0 0 0 0 0 0 0 0 0 0 0 0 0 0 0 14 2 11 3 14 19 23 19 66 33 162 56 159 165 379 165 295 243 491 401 625 372 538 452 602 684 816 764 960 842 967 935 989 931 907 868 907 944 756 648 500 423 307 199 147 
SAlphaB:
0 0 0 0 0 0 0 0 0 0 0 0 0 0 0 0 0 0 0 0 0 0 0 0 0 0 0 0 0 0 0 0 0 0 0 0 0 14 2 11 3 14 19 23 19 66 33 162 56 159 165 379 165 295 243 491 401 625 372 538 452 602 684 816 764 960 842 967 935 989 931 907 868 907 944 756 648 500 423 307 199 147 

LossDepth:
SAlphaB:
0 0 0 0 0 0 0 0 0 0 0 0 0 0 0 0 0 0 0 0 0 0 0 0 0 0 0 0 0 0 0 0 0 0 0 0 0 14 0 12 0 14 10 27 6 33 23 55 40 99 105 153 102 158 152 274 225 377 255 334 312 424 438 631 551 728 681 750 647 807 688 791 651 711 704 692 516 464 324 246 222 162 

FirstWin:
0 0 0 0 0 0 0 0 0 0 0 0 0 0 0 0 0 0 0 0 0 0 0 0 0 0 0 0 0 0 0 0 0 0 0 0 0 14 0 11 0 14 0 23 0 66 0 162 0 159 0 379 0 295 0 491 0 625 0 538 0 602 0 816 0 960 0 967 0 989 0 907 0 907 0 756 0 500 0 307 0 147 
SAlphaB:
0 0 0 0 0 0 0 0 0 0 0 0 0 0 0 0 0 0 0 0 0 0 0 0 0 0 0 0 0 0 0 0 0 0 0 0 0 14 0 11 0 14 0 23 0 66 0 162 0 159 0 379 0 295 0 491 0 625 0 538 0 602 0 816 0 960 0 967 0 989 0 907 0 907 0 756 0 500 0 307 0 147 

SecondWin:
0 0 0 0 0 0 0 0 0 0 0 0 0 0 0 0 0 0 0 0 0 0 0 0 0 0 0 0 0 0 0 0 0 0 0 0 0 0 2 0 3 0 19 0 19 0 33 0 56 0 165 0 165 0 243 0 401 0 372 0 452 0 684 0 764 0 842 0 935 0 931 0 868 0 944 0 648 0 423 0 199 0 
SAlphaB:
0 0 0 0 0 0 0 0 0 0 0 0 0 0 0 0 0 0 0 0 0 0 0 0 0 0 0 0 0 0 0 0 0 0 0 0 0 0 2 0 3 0 19 0 19 0 33 0 56 0 165 0 165 0 243 0 401 0 372 0 452 0 684 0 764 0 842 0 935 0 931 0 868 0 944 0 648 0 423 0 199 0 
