0 29 99 71 -11 2 7 24

0 53 74 47 -1 9 16 20

0 60 64 71 -19 8 15 12

0 42 86 91 -3 1 16 6

0 34 82 39 -14 2 3 8

0 58 95 51 -5 9 17 35

0 27 48 47 -15 0 2 29

0 45 50 64 -1 6 27 12

0 43 58 65 -18 1 17 13

0 19 28 47 -20 1 3 19

0 21 66 39 -8 14 28 9

0 25 89 58 -20 2 13 44

0 60 65 97 -6 11 27 30

0 57 90 80 -3 3 47 7

0 75 92 47 -16 11 24 29

0 50 87 48 -5 13 27 39

0 51 58 40 -15 0 2 18

0 48 96 57 -6 2 3 24

0 6 70 94 -17 1 2 7

0 19 46 21 -14 6 18 4

0 25 42 80 -20 9 11 44

0 50 89 45 -1 16 17 38

0 24 35 97 -1 0 6 5

0 42 65 53 -9 5 8 0

0 70 77 53 -2 14 46 42

0 14 78 43 -8 0 15 33

0 43 73 34 -2 3 33 32

0 32 62 41 -20 4 15 6

0 69 79 74 -6 12 35 41

0 45 63 95 -3 9 16 29

0 75 77 8 -3 0 13 23

0 63 70 50 -9 13 43 46

0 86 87 79 -5 3 15 11

0 27 49 49 -1 26 45 3

0 34 74 78 -8 4 25 49

0 37 97 93 -13 10 17 0

0 69 73 74 -3 35 38 26

0 55 94 94 -16 25 42 25

0 12 58 27 -17 1 2 42

0 20 88 25 -8 2 25 0

0 35 68 37 -13 3 45 41

0 1 50 55 -6 24 28 14

0 9 61 68 -15 17 24 27

0 14 40 77 -8 22 42 21

0 5 46 10 -8 18 27 16

0 72 79 1 -20 17 46 18

0 4 64 14 -12 0 39 13

0 9 44 78 -11 5 6 42

0 41 48 55 -13 2 36 35

0 30 74 62 -1 20 26 49

0 7 71 1 -13 22 37 11

0 70 72 88 -3 11 26 37

0 52 55 65 -12 14 21 15

0 41 85 79 -13 13 24 9

0 75 87 41 -15 25 43 48

0 27 42 92 -4 12 38 41

0 18 19 21 -6 0 4 28

0 41 44 44 -8 16 19 24

0 28 83 78 -16 46 47 14

0 19 59 10 -16 22 49 39

0 3 8 93 -10 6 14 8

0 1 27 18 -20 1 2 20

0 55 80 86 -14 37 42 38

0 12 63 10 -5 0 9 40

0 0 53 21 -8 3 7 19

0 4 17 90 -12 1 3 34

0 33 59 0 -16 8 43 3

0 4 32 61 -1 1 13 1

0 0 42 12 -9 45 48 13

0 16 18 0 -1 1 5 22

0 88 89 1 -10 40 45 0

0 48 72 88 -8 40 47 19

0 3 5 97 -9 16 21 11

0 34 51 21 -20 3 38 43

0 28 64 45 -12 24 27 43

0 8 11 73 -18 10 43 26

0 18 21 93 -10 4 19 33

0 2 15 19 -11 9 44 31

0 7 12 64 -15 9 20 14

0 3 4 64 -18 19 36 12

0 1 16 1 -12 33 39 42

0 9 18 29 -19 19 30 26

0 24 32 10 -7 16 20 22

0 34 36 27 -12 14 36 34

0 3 43 37 -10 0 1 35

0 16 28 45 -9 9 38 48

0 16 25 47 -10 38 43 18

0 5 20 22 -9 21 25 29

0 9 10 96 -6 8 25 42

0 9 28 66 -19 0 32 20

0 10 69 85 -19 17 49 24

0 8 23 4 -16 28 30 20

0 2 6 32 -1 13 36 25

0 12 20 22 -16 33 41 22

0 1 2 48 -11 2 33 40

0 27 29 64 -7 18 30 48

0 4 5 38 -1 8 34 18

0 4 6 68 -9 0 1 23

0 2 4 3 -20 45 49 7

0 2 5 26 -5 15 20 49


SAlphaB: 698.0, std-dev 265.0637961135036

Earliest win: 37
Latest win: 81

WinDepth:
0 0 0 0 0 0 0 0 0 0 0 0 0 0 0 0 0 0 0 0 0 0 0 0 0 0 0 0 0 0 0 0 0 0 0 0 0 5 0 5 14 0 5 16 12 26 14 30 25 53 72 131 99 144 101 168 136 180 156 182 168 221 231 376 281 378 403 379 430 418 387 439 367 400 439 385 261 268 197 147 112 81 
SAlphaB:
0 0 0 0 0 0 0 0 0 0 0 0 0 0 0 0 0 0 0 0 0 0 0 0 0 0 0 0 0 0 0 0 0 0 0 0 0 5 0 5 14 0 5 16 12 26 14 30 25 53 72 131 99 144 101 168 136 180 156 182 168 221 231 376 281 378 403 379 430 418 387 439 367 400 439 385 261 268 197 147 112 81 

LossDepth:
SAlphaB:
0 0 0 0 0 0 0 0 0 0 0 0 0 0 0 0 0 0 0 0 0 0 0 0 0 0 0 0 0 0 0 0 0 0 0 0 0 5 0 5 14 0 5 16 12 26 14 30 25 53 72 131 99 144 101 168 136 180 156 182 168 221 231 376 281 378 403 379 430 418 387 439 367 400 439 385 261 268 197 147 112 81 

FirstWin:
0 0 0 0 0 0 0 0 0 0 0 0 0 0 0 0 0 0 0 0 0 0 0 0 0 0 0 0 0 0 0 0 0 0 0 0 0 5 0 5 0 0 0 16 0 26 0 30 0 53 0 131 0 144 0 168 0 180 0 182 0 221 0 376 0 378 0 379 0 418 0 439 0 400 0 385 0 268 0 147 0 81 
SAlphaB:
0 0 0 0 0 0 0 0 0 0 0 0 0 0 0 0 0 0 0 0 0 0 0 0 0 0 0 0 0 0 0 0 0 0 0 0 0 5 0 5 0 0 0 16 0 26 0 30 0 53 0 131 0 144 0 168 0 180 0 182 0 221 0 376 0 378 0 379 0 418 0 439 0 400 0 385 0 268 0 147 0 81 

SecondWin:
0 0 0 0 0 0 0 0 0 0 0 0 0 0 0 0 0 0 0 0 0 0 0 0 0 0 0 0 0 0 0 0 0 0 0 0 0 0 0 0 14 0 5 0 12 0 14 0 25 0 72 0 99 0 101 0 136 0 156 0 168 0 231 0 281 0 403 0 430 0 387 0 367 0 439 0 261 0 197 0 112 0 
SAlphaB:
0 0 0 0 0 0 0 0 0 0 0 0 0 0 0 0 0 0 0 0 0 0 0 0 0 0 0 0 0 0 0 0 0 0 0 0 0 0 0 0 14 0 5 0 12 0 14 0 25 0 72 0 99 0 101 0 136 0 156 0 168 0 231 0 281 0 403 0 430 0 387 0 367 0 439 0 261 0 197 0 112 0 
