0 47 82 71 -7 3 24 3

0 41 61 29 -4 9 19 12

0 47 99 40 -3 12 47 3

0 64 73 36 -1 7 20 11

0 41 53 98 -5 1 3 10

0 84 88 84 -1 15 28 13

0 31 92 58 -11 11 39 38

0 30 89 14 -14 13 15 16

0 12 66 37 -16 0 14 29

0 8 91 16 -6 3 9 13

0 54 96 57 -17 2 38 43

0 55 76 21 -18 2 31 3

0 28 38 35 -10 1 18 1

0 8 75 25 -16 0 30 21

0 1 69 67 -6 29 33 34

0 20 41 26 -12 8 17 21

0 16 91 69 -5 20 39 2

0 41 60 81 -1 6 40 11

0 10 50 85 -6 20 40 7

0 25 32 35 -18 6 19 40

0 53 61 94 -20 20 27 25

0 28 83 66 -20 13 27 2

0 17 81 22 -17 27 43 23

0 35 77 63 -12 1 14 44

0 35 99 69 -15 19 34 40

0 50 79 56 -15 18 22 41

0 13 66 63 -5 5 19 7

0 29 85 12 -8 10 16 34

0 20 36 61 -9 15 41 6

0 33 36 13 -8 26 43 8

0 41 49 79 -9 9 39 14

0 11 40 82 -20 22 34 8

0 81 90 11 -15 33 41 32

0 59 64 23 -20 12 31 46

0 64 91 57 -12 24 43 31

0 36 48 90 -19 13 23 11

0 23 78 72 -5 20 42 35

0 43 57 54 -20 15 20 9

0 7 13 45 -17 13 20 11

0 26 59 33 -3 2 3 48

0 21 55 12 -13 0 27 20

0 7 71 20 -14 3 10 20

0 7 26 77 -3 19 20 9

0 40 76 15 -11 26 27 37

0 38 55 82 -14 12 22 28

0 6 35 58 -3 0 2 29

0 1 97 3 -10 13 44 49

0 10 30 55 -14 9 20 36

0 36 42 94 -18 13 19 34

0 70 74 25 -15 22 25 18

0 30 55 15 -19 18 23 20

0 2 78 3 -14 9 42 12

0 23 61 18 -10 4 42 35

0 47 54 94 -12 20 30 33

0 7 52 90 -11 26 40 40

0 1 11 45 -15 18 43 20

0 23 70 96 -1 21 34 41

0 11 38 47 -18 7 37 43

0 6 99 41 -19 3 25 42

0 13 55 89 -15 27 39 45

0 8 21 76 -18 18 23 40

0 26 43 89 -2 29 47 38

0 12 65 3 -11 13 19 42

0 20 25 94 -8 17 22 42

0 45 88 61 -6 3 5 43

0 3 32 24 -10 1 2 23

0 10 79 36 -13 14 37 44

0 0 3 57 -3 0 1 8

0 9 32 66 -5 2 10 32

0 37 63 72 -3 22 34 25

0 8 21 25 -5 8 42 22

0 4 61 17 -2 4 49 42

0 16 32 59 -14 2 46 13

0 6 34 55 -8 8 27 40

0 8 23 32 -15 31 32 19

0 53 63 32 -2 43 45 8

0 10 17 33 -13 8 25 23

0 5 15 86 -7 18 19 44

0 40 50 72 -18 13 14 32

0 17 43 58 -5 11 44 24

0 25 28 97 -20 10 31 4

0 21 54 41 -2 18 44 34

0 3 6 86 -1 24 34 40

0 0 25 36 -14 5 44 6

0 5 6 50 -8 0 4 49

0 1 2 81 -9 28 37 36

0 8 36 83 -1 4 18 39

0 4 5 37 -20 20 32 17

0 14 98 27 -15 26 32 5

0 3 28 59 -17 19 44 40

0 0 3 19 -17 7 8 19

0 1 3 34 -6 8 9 5

0 6 8 9 -19 26 39 42

0 5 19 6 -11 9 40 43

0 10 13 91 -16 23 28 12

0 8 35 59 -6 1 34 27

0 11 14 94 -18 26 30 20

0 3 12 88 -15 8 42 45

0 5 15 36 -3 35 42 47

0 2 6 0 -12 1 12 34


SAlphaB: 693.0, std-dev 269.17659283695735

Earliest win: 37
Latest win: 81

WinDepth:
0 0 0 0 0 0 0 0 0 0 0 0 0 0 0 0 0 0 0 0 0 0 0 0 0 0 0 0 0 0 0 0 0 0 0 0 0 2 0 2 14 8 2 4 14 15 30 28 39 47 69 225 61 114 101 190 139 217 134 237 154 228 227 339 344 345 367 383 406 406 440 479 458 384 392 326 269 256 174 126 110 61 
SAlphaB:
0 0 0 0 0 0 0 0 0 0 0 0 0 0 0 0 0 0 0 0 0 0 0 0 0 0 0 0 0 0 0 0 0 0 0 0 0 2 0 2 14 8 2 4 14 15 30 28 39 47 69 225 61 114 101 190 139 217 134 237 154 228 227 339 344 345 367 383 406 406 440 479 458 384 392 326 269 256 174 126 110 61 

LossDepth:
SAlphaB:
0 0 0 0 0 0 0 0 0 0 0 0 0 0 0 0 0 0 0 0 0 0 0 0 0 0 0 0 0 0 0 0 0 0 0 0 0 2 0 2 14 8 2 4 14 15 30 28 39 47 69 225 61 114 101 190 139 217 134 237 154 228 227 339 344 345 367 383 406 406 440 479 458 384 392 326 269 256 174 126 110 61 

FirstWin:
0 0 0 0 0 0 0 0 0 0 0 0 0 0 0 0 0 0 0 0 0 0 0 0 0 0 0 0 0 0 0 0 0 0 0 0 0 2 0 2 0 8 0 4 0 15 0 28 0 47 0 225 0 114 0 190 0 217 0 237 0 228 0 339 0 345 0 383 0 406 0 479 0 384 0 326 0 256 0 126 0 61 
SAlphaB:
0 0 0 0 0 0 0 0 0 0 0 0 0 0 0 0 0 0 0 0 0 0 0 0 0 0 0 0 0 0 0 0 0 0 0 0 0 2 0 2 0 8 0 4 0 15 0 28 0 47 0 225 0 114 0 190 0 217 0 237 0 228 0 339 0 345 0 383 0 406 0 479 0 384 0 326 0 256 0 126 0 61 

SecondWin:
0 0 0 0 0 0 0 0 0 0 0 0 0 0 0 0 0 0 0 0 0 0 0 0 0 0 0 0 0 0 0 0 0 0 0 0 0 0 0 0 14 0 2 0 14 0 30 0 39 0 69 0 61 0 101 0 139 0 134 0 154 0 227 0 344 0 367 0 406 0 440 0 458 0 392 0 269 0 174 0 110 0 
SAlphaB:
0 0 0 0 0 0 0 0 0 0 0 0 0 0 0 0 0 0 0 0 0 0 0 0 0 0 0 0 0 0 0 0 0 0 0 0 0 0 0 0 14 0 2 0 14 0 30 0 39 0 69 0 61 0 101 0 139 0 134 0 154 0 227 0 344 0 367 0 406 0 440 0 458 0 392 0 269 0 174 0 110 0 
