0 21 29 16 -10 1 5 20

0 7 84 51 -10 10 33 8

0 32 69 75 -18 3 16 6

0 46 95 93 -2 5 12 13

0 28 55 60 -8 0 7 2

0 40 82 44 -16 13 36 17

0 76 97 64 -7 13 44 29

0 23 32 6 -15 1 4 4

0 16 93 59 -20 8 10 35

0 66 77 48 -16 1 3 29

0 66 71 73 -7 5 28 31

0 43 86 36 -9 2 10 39

0 32 44 52 -10 2 16 18

0 7 81 20 -11 6 35 35

0 68 82 60 -20 10 30 36

0 13 64 73 -19 4 14 24

0 61 96 30 -1 4 13 30

0 11 95 47 -12 3 40 25

0 88 91 11 -19 12 14 16

0 25 65 32 -5 4 6 27

0 25 36 5 -16 23 24 4

0 91 96 83 -9 14 20 17

0 23 95 80 -17 6 8 12

0 13 65 88 -12 11 46 11

0 11 46 61 -3 12 15 13

0 61 74 62 -18 14 21 0

0 40 72 75 -14 5 10 37

0 73 88 96 -7 25 36 42

0 12 66 56 -2 2 7 35

0 34 37 81 -3 11 16 21

0 26 59 62 -5 14 35 43

0 1 68 42 -1 22 34 25

0 39 50 84 -12 14 45 21

0 36 53 38 -2 29 39 22

0 59 63 17 -16 4 29 1

0 22 44 4 -17 26 28 3

0 8 65 74 -15 16 39 13

0 20 36 19 -20 3 12 29

0 7 48 14 -13 20 39 28

0 1 88 35 -1 20 31 17

0 47 69 78 -12 3 5 17

0 52 75 32 -1 1 2 39

0 39 54 61 -7 4 7 33

0 12 32 41 -15 11 30 37

0 1 59 20 -1 27 47 22

0 32 42 54 -7 2 7 31

0 28 73 82 -2 18 25 34

0 28 47 92 -1 18 41 1

0 29 59 0 -20 5 47 42

0 52 71 13 -20 5 45 15

0 19 26 81 -19 22 34 16

0 27 48 30 -16 12 35 32

0 30 54 21 -5 12 45 0

0 9 78 4 -18 10 39 41

0 17 18 8 -6 4 13 8

0 16 35 89 -2 13 34 33

0 22 25 23 -8 19 20 14

0 2 6 78 -11 10 18 46

0 9 36 13 -10 4 8 30

0 48 55 77 -2 1 19 40

0 59 61 21 -5 1 9 41

0 11 52 93 -14 3 4 41

0 35 58 17 -8 2 31 32

0 16 91 6 -1 4 48 1

0 49 89 24 -14 11 47 6

0 8 11 51 -1 10 15 17

0 85 99 0 -11 43 45 26

0 17 64 49 -9 10 44 18

0 4 46 59 -15 25 29 14

0 7 32 90 -9 5 15 14

0 6 12 42 -12 5 15 23

0 14 76 90 -1 2 39 42

0 6 78 13 -18 47 49 22

0 14 40 4 -17 43 49 44

0 16 18 27 -10 35 41 17

0 0 21 81 -1 15 18 40

0 8 17 47 -18 40 43 5

0 3 4 40 -17 0 1 32

0 60 70 34 -12 36 37 22

0 14 44 85 -20 7 9 48

0 7 26 52 -14 0 1 32

0 0 1 74 -5 14 18 12

0 12 34 80 -5 26 36 5

0 5 9 0 -12 4 26 14

0 1 2 71 -14 33 37 36

0 15 19 73 -15 23 40 3

0 20 46 74 -7 14 45 15

0 3 9 32 -16 14 31 40

0 19 38 56 -11 22 29 8

0 0 82 18 -9 1 42 39

0 10 22 57 -3 12 23 40

0 13 85 89 -5 39 42 0

0 0 22 31 -11 5 41 36

0 6 8 18 -19 38 41 13

0 12 17 33 -10 6 21 35

0 1 2 51 -7 24 49 31

0 3 20 73 -1 8 35 24

0 19 24 25 -13 2 25 38

0 3 6 3 -4 8 46 8

0 0 1 40 -15 0 15 39


SAlphaB: 687.0, std-dev 260.34571140013895

Earliest win: 37
Latest win: 81

WinDepth:
0 0 0 0 0 0 0 0 0 0 0 0 0 0 0 0 0 0 0 0 0 0 0 0 0 0 0 0 0 0 0 0 0 0 0 0 0 2 0 10 19 9 1 20 9 11 11 17 31 62 92 212 141 111 118 148 125 192 129 164 155 247 261 285 312 347 404 381 452 434 445 422 396 395 406 395 268 252 185 159 109 78 
SAlphaB:
0 0 0 0 0 0 0 0 0 0 0 0 0 0 0 0 0 0 0 0 0 0 0 0 0 0 0 0 0 0 0 0 0 0 0 0 0 2 0 10 19 9 1 20 9 11 11 17 31 62 92 212 141 111 118 148 125 192 129 164 155 247 261 285 312 347 404 381 452 434 445 422 396 395 406 395 268 252 185 159 109 78 

LossDepth:
SAlphaB:
0 0 0 0 0 0 0 0 0 0 0 0 0 0 0 0 0 0 0 0 0 0 0 0 0 0 0 0 0 0 0 0 0 0 0 0 0 2 0 10 19 9 1 20 9 11 11 17 31 62 92 212 141 111 118 148 125 192 129 164 155 247 261 285 312 347 404 381 452 434 445 422 396 395 406 395 268 252 185 159 109 78 

FirstWin:
0 0 0 0 0 0 0 0 0 0 0 0 0 0 0 0 0 0 0 0 0 0 0 0 0 0 0 0 0 0 0 0 0 0 0 0 0 2 0 10 0 9 0 20 0 11 0 17 0 62 0 212 0 111 0 148 0 192 0 164 0 247 0 285 0 347 0 381 0 434 0 422 0 395 0 395 0 252 0 159 0 78 
SAlphaB:
0 0 0 0 0 0 0 0 0 0 0 0 0 0 0 0 0 0 0 0 0 0 0 0 0 0 0 0 0 0 0 0 0 0 0 0 0 2 0 10 0 9 0 20 0 11 0 17 0 62 0 212 0 111 0 148 0 192 0 164 0 247 0 285 0 347 0 381 0 434 0 422 0 395 0 395 0 252 0 159 0 78 

SecondWin:
0 0 0 0 0 0 0 0 0 0 0 0 0 0 0 0 0 0 0 0 0 0 0 0 0 0 0 0 0 0 0 0 0 0 0 0 0 0 0 0 19 0 1 0 9 0 11 0 31 0 92 0 141 0 118 0 125 0 129 0 155 0 261 0 312 0 404 0 452 0 445 0 396 0 406 0 268 0 185 0 109 0 
SAlphaB:
0 0 0 0 0 0 0 0 0 0 0 0 0 0 0 0 0 0 0 0 0 0 0 0 0 0 0 0 0 0 0 0 0 0 0 0 0 0 0 0 19 0 1 0 9 0 11 0 31 0 92 0 141 0 118 0 125 0 129 0 155 0 261 0 312 0 404 0 452 0 445 0 396 0 406 0 268 0 185 0 109 0 
