0 28 88 84 -9 0 13 29

0 44 93 19 -2 2 25 10

0 43 69 64 -14 4 18 13

0 70 77 55 -5 14 47 13

0 79 97 29 -12 2 21 6

0 33 91 41 -15 0 5 8

0 48 69 39 -10 0 19 3

0 15 43 73 -3 2 12 3

0 89 92 99 -15 1 10 22

0 28 53 43 -18 1 8 22

0 5 85 24 -10 7 26 2

0 32 61 90 -14 6 19 18

0 33 57 48 -5 6 7 10

0 91 92 65 -20 11 24 25

0 18 84 85 -20 29 47 7

0 20 29 55 -13 2 3 5

0 92 96 56 -2 19 27 8

0 66 73 33 -8 26 27 0

0 19 46 21 -1 1 8 25

0 3 88 96 -6 31 36 34

0 1 81 81 -7 18 24 30

0 3 41 20 -12 0 1 7

0 43 90 66 -14 1 30 16

0 3 80 55 -9 12 43 6

0 67 68 2 -14 29 31 30

0 14 90 7 -20 10 47 37

0 8 48 70 -14 6 11 3

0 21 80 21 -5 26 32 40

0 41 74 32 -9 15 45 21

0 37 86 80 -5 0 3 39

0 10 80 92 -16 28 33 38

0 55 79 58 -11 16 22 11

0 30 93 15 -10 8 25 38

0 7 62 45 -16 10 15 16

0 34 92 42 -16 8 12 2

0 7 35 63 -5 4 5 4

0 61 86 52 -2 21 27 34

0 23 52 57 -1 32 48 17

0 23 39 6 -1 37 42 8

0 54 77 97 -1 5 17 36

0 6 68 45 -7 3 41 20

0 82 87 84 -3 8 15 21

0 81 83 97 -2 5 11 23

0 19 74 77 -11 26 35 41

0 28 88 61 -8 19 22 11

0 40 61 0 -15 3 7 40

0 31 66 13 -17 20 29 19

0 73 94 47 -3 4 30 48

0 37 64 6 -10 35 41 34

0 9 13 44 -13 8 22 14

0 32 36 58 -19 5 21 27

0 20 34 89 -2 25 44 13

0 0 78 22 -18 3 20 2

0 15 99 36 -1 31 47 25

0 20 75 6 -10 14 36 2

0 29 40 44 -17 6 10 36

0 35 39 99 -16 11 15 41

0 53 81 93 -4 28 38 0

0 51 66 84 -7 22 42 46

0 12 46 8 -18 1 2 29

0 33 86 40 -6 19 27 41

0 6 20 46 -7 9 13 22

0 23 71 56 -16 14 38 49

0 11 34 11 -20 9 10 39

0 15 19 18 -11 3 33 11

0 29 46 14 -10 0 33 14

0 0 13 92 -17 9 39 35

0 19 28 34 -10 13 18 19

0 21 23 63 -17 12 32 25

0 11 59 30 -20 11 48 7

0 5 75 2 -6 16 24 45

0 10 25 52 -4 10 11 26

0 15 18 56 -16 2 12 41

0 1 35 9 -19 11 20 45

0 11 24 51 -12 3 43 15

0 21 44 8 -2 18 20 39

0 17 32 35 -12 8 40 21

0 4 11 82 -6 29 30 13

0 33 50 21 -8 7 45 42

0 7 9 4 -9 8 27 33

0 0 3 50 -18 22 27 46

0 11 39 14 -2 17 19 44

0 11 17 37 -6 3 5 27

0 13 14 68 -19 9 13 2

0 2 6 33 -12 14 17 27

0 1 50 16 -2 3 22 31

0 1 7 93 -18 4 20 39

0 5 50 38 -14 1 33 11

0 2 3 94 -6 13 24 28

0 4 5 92 -1 20 44 14

0 6 43 7 -5 13 44 36

0 7 19 4 -19 2 6 41

0 9 12 19 -11 1 24 15

0 1 4 70 -9 10 39 18

0 9 11 66 -12 1 5 33

0 2 3 24 -4 3 5 37

0 0 3 23 -3 0 18 46

0 18 37 18 -19 6 25 44

0 0 25 87 -7 3 44 10

0 1 3 84 -3 1 4 40


SAlphaB: 714.0, std-dev 261.2062388074205

Earliest win: 37
Latest win: 81

WinDepth:
0 0 0 0 0 0 0 0 0 0 0 0 0 0 0 0 0 0 0 0 0 0 0 0 0 0 0 0 0 0 0 0 0 0 0 0 0 6 0 6 3 8 4 10 4 17 12 59 48 68 50 167 98 135 73 214 159 187 151 195 146 227 242 331 343 392 379 382 444 483 454 432 386 395 408 332 279 227 203 125 105 65 
SAlphaB:
0 0 0 0 0 0 0 0 0 0 0 0 0 0 0 0 0 0 0 0 0 0 0 0 0 0 0 0 0 0 0 0 0 0 0 0 0 6 0 6 3 8 4 10 4 17 12 59 48 68 50 167 98 135 73 214 159 187 151 195 146 227 242 331 343 392 379 382 444 483 454 432 386 395 408 332 279 227 203 125 105 65 

LossDepth:
SAlphaB:
0 0 0 0 0 0 0 0 0 0 0 0 0 0 0 0 0 0 0 0 0 0 0 0 0 0 0 0 0 0 0 0 0 0 0 0 0 6 0 6 3 8 4 10 4 17 12 59 48 68 50 167 98 135 73 214 159 187 151 195 146 227 242 331 343 392 379 382 444 483 454 432 386 395 408 332 279 227 203 125 105 65 

FirstWin:
0 0 0 0 0 0 0 0 0 0 0 0 0 0 0 0 0 0 0 0 0 0 0 0 0 0 0 0 0 0 0 0 0 0 0 0 0 6 0 6 0 8 0 10 0 17 0 59 0 68 0 167 0 135 0 214 0 187 0 195 0 227 0 331 0 392 0 382 0 483 0 432 0 395 0 332 0 227 0 125 0 65 
SAlphaB:
0 0 0 0 0 0 0 0 0 0 0 0 0 0 0 0 0 0 0 0 0 0 0 0 0 0 0 0 0 0 0 0 0 0 0 0 0 6 0 6 0 8 0 10 0 17 0 59 0 68 0 167 0 135 0 214 0 187 0 195 0 227 0 331 0 392 0 382 0 483 0 432 0 395 0 332 0 227 0 125 0 65 

SecondWin:
0 0 0 0 0 0 0 0 0 0 0 0 0 0 0 0 0 0 0 0 0 0 0 0 0 0 0 0 0 0 0 0 0 0 0 0 0 0 0 0 3 0 4 0 4 0 12 0 48 0 50 0 98 0 73 0 159 0 151 0 146 0 242 0 343 0 379 0 444 0 454 0 386 0 408 0 279 0 203 0 105 0 
SAlphaB:
0 0 0 0 0 0 0 0 0 0 0 0 0 0 0 0 0 0 0 0 0 0 0 0 0 0 0 0 0 0 0 0 0 0 0 0 0 0 0 0 3 0 4 0 4 0 12 0 48 0 50 0 98 0 73 0 159 0 151 0 146 0 242 0 343 0 379 0 444 0 454 0 386 0 408 0 279 0 203 0 105 0 
