0 33 61 36 -4 4 7 15

0 64 69 76 -9 8 10 6

0 19 41 33 -17 1 8 26

0 79 96 54 -18 1 2 5

0 25 75 60 -6 6 19 15

0 67 96 82 -6 1 5 19

0 17 56 1 -3 5 6 10

0 12 61 57 -2 0 3 16

0 35 48 24 -8 25 42 4

0 20 59 35 -3 1 17 26

0 47 54 15 -12 1 7 3

0 25 57 5 -16 2 7 6

0 15 43 56 -2 14 32 14

0 13 75 74 -2 12 18 14

0 46 64 35 -20 4 12 33

0 27 63 75 -7 10 25 15

0 40 90 96 -2 0 36 28

0 36 40 74 -16 0 9 5

0 42 55 46 -15 5 19 41

0 53 81 71 -7 37 44 22

0 22 87 70 -14 14 49 13

0 37 38 66 -11 7 10 0

0 54 77 78 -3 21 44 39

0 19 77 53 -14 2 21 24

0 22 80 73 -2 19 26 23

0 11 48 14 -19 20 44 44

0 44 55 75 -4 6 25 40

0 26 34 70 -14 6 25 9

0 41 97 97 -5 17 24 46

0 22 60 24 -4 2 15 39

0 1 14 82 -2 2 5 0

0 17 20 47 -20 0 6 12

0 57 62 49 -11 2 6 26

0 2 61 20 -17 0 7 37

0 0 58 93 -12 1 4 9

0 24 44 68 -5 7 21 14

0 5 51 53 -17 5 7 1

0 25 46 27 -7 12 27 25

0 12 33 50 -5 30 47 29

0 35 40 94 -14 18 20 9

0 18 33 87 -9 4 5 31

0 1 25 68 -7 14 15 10

0 3 40 65 -17 9 31 48

0 21 90 45 -13 44 46 39

0 37 55 52 -1 35 44 18

0 12 52 63 -13 2 9 15

0 69 71 7 -17 11 43 46

0 41 95 49 -5 0 3 19

0 7 42 91 -1 36 37 30

0 0 35 97 -19 5 7 7

0 16 37 81 -20 5 26 2

0 34 40 65 -18 11 38 23

0 8 24 17 -4 3 8 30

0 87 99 44 -7 10 19 47

0 3 54 66 -8 11 24 28

0 92 98 65 -17 0 9 31

0 38 40 78 -20 12 25 18

0 11 44 69 -3 21 22 16

0 19 32 81 -11 38 45 49

0 36 39 31 -1 34 40 15

0 4 67 40 -20 7 32 49

0 10 29 40 -20 32 36 40

0 18 89 40 -12 8 33 27

0 17 44 72 -2 25 36 33

0 8 19 23 -1 16 34 7

0 31 36 67 -1 3 5 46

0 75 92 63 -2 0 7 27

0 38 46 8 -3 28 48 20

0 45 66 64 -1 36 49 40

0 9 74 52 -12 33 37 46

0 18 95 23 -9 5 23 48

0 3 17 20 -11 20 43 0

0 6 12 44 -9 11 25 19

0 19 52 89 -1 1 29 35

0 5 33 22 -17 22 49 19

0 8 47 97 -7 0 7 37

0 13 34 57 -18 16 30 30

0 21 25 36 -5 25 49 31

0 76 88 12 -18 30 42 5

0 16 36 14 -17 25 27 44

0 10 56 14 -13 12 14 16

0 1 24 36 -20 7 27 27

0 5 14 2 -17 45 49 18

0 4 10 11 -20 9 17 41

0 15 18 27 -1 2 35 42

0 18 32 55 -5 34 36 48

0 8 9 52 -12 26 38 6

0 0 1 25 -13 9 10 15

0 1 5 53 -17 2 41 34

0 12 23 4 -19 8 48 35

0 7 61 27 -9 2 4 47

0 0 9 90 -11 1 7 18

0 7 33 93 -13 23 30 43

0 2 3 2 -17 41 49 38

0 16 17 57 -5 8 46 26

0 6 14 99 -7 5 11 43

0 14 35 61 -12 21 40 0

0 0 1 30 -4 8 25 16

0 2 5 22 -4 9 17 16

0 0 8 87 -13 1 17 49


SAlphaB: 733.0, std-dev 274.2455774806164

Earliest win: 37
Latest win: 81

WinDepth:
0 0 0 0 0 0 0 0 0 0 0 0 0 0 0 0 0 0 0 0 0 0 0 0 0 0 0 0 0 0 0 0 0 0 0 0 0 3 0 3 13 5 3 14 8 15 11 47 36 75 76 184 68 115 91 136 119 146 193 189 162 190 227 327 288 367 393 413 455 395 469 425 436 427 410 363 258 250 188 170 110 73 
SAlphaB:
0 0 0 0 0 0 0 0 0 0 0 0 0 0 0 0 0 0 0 0 0 0 0 0 0 0 0 0 0 0 0 0 0 0 0 0 0 3 0 3 13 5 3 14 8 15 11 47 36 75 76 184 68 115 91 136 119 146 193 189 162 190 227 327 288 367 393 413 455 395 469 425 436 427 410 363 258 250 188 170 110 73 

LossDepth:
SAlphaB:
0 0 0 0 0 0 0 0 0 0 0 0 0 0 0 0 0 0 0 0 0 0 0 0 0 0 0 0 0 0 0 0 0 0 0 0 0 3 0 3 13 5 3 14 8 15 11 47 36 75 76 184 68 115 91 136 119 146 193 189 162 190 227 327 288 367 393 413 455 395 469 425 436 427 410 363 258 250 188 170 110 73 

FirstWin:
0 0 0 0 0 0 0 0 0 0 0 0 0 0 0 0 0 0 0 0 0 0 0 0 0 0 0 0 0 0 0 0 0 0 0 0 0 3 0 3 0 5 0 14 0 15 0 47 0 75 0 184 0 115 0 136 0 146 0 189 0 190 0 327 0 367 0 413 0 395 0 425 0 427 0 363 0 250 0 170 0 73 
SAlphaB:
0 0 0 0 0 0 0 0 0 0 0 0 0 0 0 0 0 0 0 0 0 0 0 0 0 0 0 0 0 0 0 0 0 0 0 0 0 3 0 3 0 5 0 14 0 15 0 47 0 75 0 184 0 115 0 136 0 146 0 189 0 190 0 327 0 367 0 413 0 395 0 425 0 427 0 363 0 250 0 170 0 73 

SecondWin:
0 0 0 0 0 0 0 0 0 0 0 0 0 0 0 0 0 0 0 0 0 0 0 0 0 0 0 0 0 0 0 0 0 0 0 0 0 0 0 0 13 0 3 0 8 0 11 0 36 0 76 0 68 0 91 0 119 0 193 0 162 0 227 0 288 0 393 0 455 0 469 0 436 0 410 0 258 0 188 0 110 0 
SAlphaB:
0 0 0 0 0 0 0 0 0 0 0 0 0 0 0 0 0 0 0 0 0 0 0 0 0 0 0 0 0 0 0 0 0 0 0 0 0 0 0 0 13 0 3 0 8 0 11 0 36 0 76 0 68 0 91 0 119 0 193 0 162 0 227 0 288 0 393 0 455 0 469 0 436 0 410 0 258 0 188 0 110 0 
