0 36 89 93 -10 9 19 3

0 48 54 64 -18 1 2 18

0 26 97 49 -19 4 6 15

0 38 94 91 -16 4 19 48

0 69 95 87 -9 5 24 15

0 92 95 85 -19 17 49 16

0 42 77 84 -11 12 27 28

0 20 74 59 -1 3 4 4

0 28 30 55 -14 3 20 7

0 23 28 96 -9 2 8 7

0 59 90 84 -2 1 15 14

0 25 34 28 -20 32 36 12

0 28 53 39 -8 2 13 8

0 76 91 91 -11 2 15 24

0 65 81 12 -16 12 33 1

0 21 54 99 -11 23 31 40

0 53 80 20 -1 25 40 23

0 0 76 70 -6 20 37 21

0 79 83 42 -10 6 12 47

0 45 47 19 -12 46 49 17

0 25 55 49 -18 0 3 15

0 45 47 27 -4 2 13 2

0 45 47 92 -13 41 48 40

0 4 85 56 -20 19 22 33

0 67 68 52 -16 3 12 44

0 47 61 6 -6 13 24 44

0 44 58 98 -7 3 25 19

0 2 50 46 -10 19 29 0

0 13 96 22 -3 15 34 25

0 42 76 22 -11 15 24 47

0 35 95 12 -11 41 44 42

0 68 85 13 -20 33 43 26

0 1 83 39 -11 13 42 23

0 21 78 83 -15 22 33 3

0 0 63 9 -12 18 20 43

0 60 71 17 -12 3 5 15

0 9 20 26 -15 1 6 4

0 82 87 13 -18 3 6 35

0 35 57 82 -9 25 49 41

0 55 62 61 -2 14 18 30

0 20 79 28 -5 1 36 22

0 56 62 46 -5 4 7 24

0 4 12 9 -10 0 2 17

0 15 54 37 -1 25 48 31

0 18 93 26 -19 13 26 29

0 8 47 40 -17 21 41 18

0 64 82 21 -17 32 44 13

0 19 73 42 -7 19 43 28

0 11 54 49 -20 25 42 5

0 9 68 42 -1 13 38 47

0 6 9 41 -3 9 10 12

0 17 19 83 -14 28 33 36

0 74 86 44 -4 0 1 21

0 52 62 8 -19 0 47 28

0 13 15 83 -8 5 29 7

0 43 78 39 -14 38 47 45

0 5 41 4 -1 9 10 7

0 17 35 23 -11 6 34 27

0 16 70 40 -3 20 24 19

0 14 24 13 -4 3 10 33

0 4 10 49 -15 22 46 32

0 3 56 42 -18 12 17 0

0 30 54 71 -3 5 36 41

0 42 52 50 -11 27 42 34

0 13 20 72 -11 1 21 36

0 58 64 49 -1 25 40 0

0 0 12 27 -15 0 1 37

0 8 10 99 -16 0 1 26

0 8 80 4 -16 7 13 6

0 3 8 65 -3 9 24 19

0 5 62 70 -9 1 44 37

0 2 11 43 -4 0 37 17

0 0 22 41 -9 48 49 22

0 1 18 21 -6 11 16 25

0 2 7 52 -20 7 18 46

0 12 17 28 -20 11 45 26

0 81 93 42 -3 26 28 0

0 0 36 83 -11 2 3 41

0 1 2 64 -4 9 16 6

0 3 26 8 -5 1 4 10

0 11 13 4 -8 11 49 49

0 8 14 68 -13 19 45 13

0 0 27 31 -14 9 33 7

0 8 16 94 -20 1 18 41

0 29 31 59 -6 0 31 48

0 0 15 54 -18 23 24 22

0 5 6 77 -10 34 40 15

0 2 5 30 -17 17 38 3

0 0 26 35 -20 4 17 22

0 12 17 48 -3 38 48 23

0 2 16 78 -12 44 46 30

0 3 8 37 -11 25 46 24

0 9 16 10 -3 0 39 27

0 1 30 31 -8 14 38 4

0 6 7 44 -3 2 22 3

0 6 8 50 -2 4 8 39

0 15 16 0 -12 2 14 43

0 0 8 11 -6 5 45 21

0 0 4 63 -4 4 45 12

0 0 2 93 -11 11 40 42


SAlphaB: 707.0, std-dev 257.17389677379424

Earliest win: 37
Latest win: 81

WinDepth:
0 0 0 0 0 0 0 0 0 0 0 0 0 0 0 0 0 0 0 0 0 0 0 0 0 0 0 0 0 0 0 0 0 0 0 0 0 2 1 0 12 6 3 16 13 15 25 35 38 64 40 190 93 111 86 211 130 155 126 174 172 222 283 318 331 328 410 433 414 387 455 406 452 384 401 357 282 207 201 147 118 75 
SAlphaB:
0 0 0 0 0 0 0 0 0 0 0 0 0 0 0 0 0 0 0 0 0 0 0 0 0 0 0 0 0 0 0 0 0 0 0 0 0 2 1 0 12 6 3 16 13 15 25 35 38 64 40 190 93 111 86 211 130 155 126 174 172 222 283 318 331 328 410 433 414 387 455 406 452 384 401 357 282 207 201 147 118 75 

LossDepth:
SAlphaB:
0 0 0 0 0 0 0 0 0 0 0 0 0 0 0 0 0 0 0 0 0 0 0 0 0 0 0 0 0 0 0 0 0 0 0 0 0 2 1 0 12 6 3 16 13 15 25 35 38 64 40 190 93 111 86 211 130 155 126 174 172 222 283 318 331 328 410 433 414 387 455 406 452 384 401 357 282 207 201 147 118 75 

FirstWin:
0 0 0 0 0 0 0 0 0 0 0 0 0 0 0 0 0 0 0 0 0 0 0 0 0 0 0 0 0 0 0 0 0 0 0 0 0 2 0 0 0 6 0 16 0 15 0 35 0 64 0 190 0 111 0 211 0 155 0 174 0 222 0 318 0 328 0 433 0 387 0 406 0 384 0 357 0 207 0 147 0 75 
SAlphaB:
0 0 0 0 0 0 0 0 0 0 0 0 0 0 0 0 0 0 0 0 0 0 0 0 0 0 0 0 0 0 0 0 0 0 0 0 0 2 0 0 0 6 0 16 0 15 0 35 0 64 0 190 0 111 0 211 0 155 0 174 0 222 0 318 0 328 0 433 0 387 0 406 0 384 0 357 0 207 0 147 0 75 

SecondWin:
0 0 0 0 0 0 0 0 0 0 0 0 0 0 0 0 0 0 0 0 0 0 0 0 0 0 0 0 0 0 0 0 0 0 0 0 0 0 1 0 12 0 3 0 13 0 25 0 38 0 40 0 93 0 86 0 130 0 126 0 172 0 283 0 331 0 410 0 414 0 455 0 452 0 401 0 282 0 201 0 118 0 
SAlphaB:
0 0 0 0 0 0 0 0 0 0 0 0 0 0 0 0 0 0 0 0 0 0 0 0 0 0 0 0 0 0 0 0 0 0 0 0 0 0 1 0 12 0 3 0 13 0 25 0 38 0 40 0 93 0 86 0 130 0 126 0 172 0 283 0 331 0 410 0 414 0 455 0 452 0 401 0 282 0 201 0 118 0 
