0 68 94 48 -7 23 30 24

0 74 95 13 -20 17 29 26

0 38 85 60 -8 0 2 7

0 49 70 94 -9 0 10 20

0 27 83 79 -9 12 38 20

0 60 97 75 -12 12 36 34

0 10 91 25 -1 16 36 31

0 21 84 79 -7 1 3 10

0 58 81 84 -8 17 44 41

0 41 75 84 -3 4 12 12

0 30 88 1 -7 2 12 25

0 69 73 74 -3 18 35 22

0 25 64 28 -12 8 18 18

0 66 99 2 -2 2 7 0

0 15 79 42 -2 1 12 35

0 11 81 34 -10 6 7 14

0 60 96 7 -12 15 30 13

0 28 88 59 -3 5 18 36

0 63 81 3 -3 4 28 14

0 45 98 70 -1 6 9 4

0 33 88 50 -1 13 45 20

0 71 81 45 -17 11 20 37

0 37 80 35 -16 1 17 12

0 47 51 83 -10 11 29 38

0 29 48 36 -4 0 4 21

0 59 75 70 -19 37 40 27

0 53 66 90 -8 0 1 29

0 69 70 61 -3 16 25 21

0 7 45 98 -13 0 2 8

0 31 81 15 -20 11 23 42

0 3 31 30 -13 0 1 6

0 25 82 52 -20 6 25 21

0 6 78 31 -6 24 37 16

0 64 75 8 -19 19 29 31

0 51 90 10 -18 5 6 41

0 7 44 53 -4 31 38 29

0 39 55 41 -15 11 12 13

0 36 65 11 -6 3 37 19

0 17 72 45 -11 3 8 30

0 54 92 29 -11 5 28 45

0 15 42 56 -4 26 31 32

0 62 76 3 -18 2 39 13

0 42 89 66 -15 20 24 23

0 0 38 84 -8 2 3 3

0 25 43 11 -9 9 11 12

0 25 49 92 -9 25 28 34

0 16 37 51 -15 0 2 49

0 0 65 84 -14 14 26 7

0 32 75 95 -10 31 32 12

0 43 65 13 -15 38 39 3

0 18 50 47 -15 11 28 39

0 32 49 55 -3 4 39 23

0 14 15 76 -10 8 13 26

0 10 45 75 -12 3 11 38

0 37 40 67 -4 1 6 23

0 24 55 92 -15 22 33 3

0 12 38 19 -8 7 9 46

0 32 93 86 -4 30 32 2

0 17 39 95 -18 14 34 15

0 28 52 43 -8 25 32 0

0 46 60 43 -19 9 28 22

0 21 22 30 -3 17 25 3

0 4 65 98 -12 0 1 35

0 38 70 4 -11 20 24 42

0 8 14 19 -19 8 18 26

0 40 74 29 -12 47 49 31

0 23 45 9 -8 4 10 40

0 12 64 28 -15 6 32 17

0 25 28 62 -4 38 42 28

0 0 89 95 -10 0 1 41

0 10 31 37 -10 5 42 19

0 49 61 18 -19 12 32 20

0 13 74 10 -14 17 30 28

0 7 88 31 -12 9 39 34

0 19 36 80 -19 40 48 15

0 14 23 3 -4 18 37 33

0 23 33 76 -12 7 37 23

0 8 46 45 -13 10 11 31

0 8 21 66 -13 39 44 16

0 5 66 48 -3 2 12 43

0 27 70 45 -1 6 34 49

0 31 41 69 -19 33 38 43

0 3 57 0 -10 1 26 39

0 18 19 97 -5 45 49 19

0 21 87 90 -1 1 2 25

0 0 45 54 -5 5 23 33

0 17 18 1 -17 3 7 29

0 65 71 75 -20 31 44 8

0 3 50 62 -15 9 12 39

0 4 30 92 -3 7 9 36

0 9 22 17 -9 38 42 29

0 8 13 81 -18 27 38 4

0 8 11 65 -4 2 16 19

0 2 5 15 -17 5 37 47

0 3 6 95 -12 1 2 42

0 10 11 6 -6 6 10 45

0 2 8 88 -15 7 9 1

0 5 26 29 -11 23 28 39

0 0 4 35 -1 8 10 39

0 0 4 49 -3 10 26 49


SAlphaB: 699.0, std-dev 269.0915521422838

Earliest win: 35
Latest win: 81

WinDepth:
0 0 0 0 0 0 0 0 0 0 0 0 0 0 0 0 0 0 0 0 0 0 0 0 0 0 0 0 0 0 0 0 0 0 0 2 0 4 2 8 34 6 5 40 8 31 18 55 23 68 113 197 137 153 105 155 135 191 117 169 195 237 236 341 333 354 458 392 456 391 450 410 426 358 383 333 255 236 130 138 86 58 
SAlphaB:
0 0 0 0 0 0 0 0 0 0 0 0 0 0 0 0 0 0 0 0 0 0 0 0 0 0 0 0 0 0 0 0 0 0 0 2 0 4 2 8 34 6 5 40 8 31 18 55 23 68 113 197 137 153 105 155 135 191 117 169 195 237 236 341 333 354 458 392 456 391 450 410 426 358 383 333 255 236 130 138 86 58 

LossDepth:
SAlphaB:
0 0 0 0 0 0 0 0 0 0 0 0 0 0 0 0 0 0 0 0 0 0 0 0 0 0 0 0 0 0 0 0 0 0 0 2 0 4 2 8 34 6 5 40 8 31 18 55 23 68 113 197 137 153 105 155 135 191 117 169 195 237 236 341 333 354 458 392 456 391 450 410 426 358 383 333 255 236 130 138 86 58 

FirstWin:
0 0 0 0 0 0 0 0 0 0 0 0 0 0 0 0 0 0 0 0 0 0 0 0 0 0 0 0 0 0 0 0 0 0 0 2 0 4 0 8 0 6 0 40 0 31 0 55 0 68 0 197 0 153 0 155 0 191 0 169 0 237 0 341 0 354 0 392 0 391 0 410 0 358 0 333 0 236 0 138 0 58 
SAlphaB:
0 0 0 0 0 0 0 0 0 0 0 0 0 0 0 0 0 0 0 0 0 0 0 0 0 0 0 0 0 0 0 0 0 0 0 2 0 4 0 8 0 6 0 40 0 31 0 55 0 68 0 197 0 153 0 155 0 191 0 169 0 237 0 341 0 354 0 392 0 391 0 410 0 358 0 333 0 236 0 138 0 58 

SecondWin:
0 0 0 0 0 0 0 0 0 0 0 0 0 0 0 0 0 0 0 0 0 0 0 0 0 0 0 0 0 0 0 0 0 0 0 0 0 0 2 0 34 0 5 0 8 0 18 0 23 0 113 0 137 0 105 0 135 0 117 0 195 0 236 0 333 0 458 0 456 0 450 0 426 0 383 0 255 0 130 0 86 0 
SAlphaB:
0 0 0 0 0 0 0 0 0 0 0 0 0 0 0 0 0 0 0 0 0 0 0 0 0 0 0 0 0 0 0 0 0 0 0 0 0 0 2 0 34 0 5 0 8 0 18 0 23 0 113 0 137 0 105 0 135 0 117 0 195 0 236 0 333 0 458 0 456 0 450 0 426 0 383 0 255 0 130 0 86 0 
