0 27 52 49 -15 0 5 20

0 67 68 53 -9 2 7 20

0 15 52 0 -3 0 6 2

0 32 61 22 -9 1 3 6

0 33 77 44 -5 10 35 31

0 49 65 15 -12 1 2 15

0 33 93 24 -9 7 9 45

0 50 98 19 -1 14 30 18

0 27 48 94 -17 2 9 35

0 30 52 92 -1 1 2 3

0 68 98 66 -13 13 38 13

0 86 95 27 -12 10 22 19

0 4 89 45 -17 17 23 17

0 7 24 88 -5 0 1 13

0 49 59 2 -20 1 3 1

0 37 84 77 -9 2 12 39

0 5 22 77 -2 14 18 13

0 57 71 95 -5 15 16 17

0 90 93 63 -12 13 18 5

0 42 61 7 -2 0 21 27

0 11 41 3 -14 1 3 26

0 37 47 50 -12 8 30 25

0 55 99 42 -20 0 6 47

0 89 99 91 -11 12 18 15

0 33 78 98 -16 9 13 30

0 88 97 73 -8 2 8 9

0 19 66 26 -13 14 44 38

0 51 91 42 -15 11 38 23

0 7 68 21 -19 17 36 25

0 53 56 44 -11 16 27 1

0 13 48 20 -19 18 35 1

0 20 51 70 -17 1 10 28

0 2 27 89 -2 37 49 41

0 70 77 63 -14 4 7 34

0 10 58 52 -7 28 40 25

0 4 21 93 -8 9 13 21

0 7 61 18 -1 8 11 17

0 6 39 67 -18 31 38 23

0 41 61 93 -10 19 29 25

0 48 56 55 -6 0 45 17

0 0 13 70 -17 37 46 38

0 0 19 13 -14 4 9 19

0 51 85 8 -11 5 11 30

0 0 50 73 -16 13 29 23

0 9 49 30 -5 9 10 28

0 1 75 74 -18 12 14 41

0 46 64 86 -2 0 2 15

0 37 51 49 -14 14 23 10

0 18 41 48 -6 6 19 44

0 23 32 79 -18 34 48 48

0 24 60 27 -14 21 38 38

0 25 26 73 -15 30 44 40

0 36 61 50 -9 15 20 5

0 80 86 90 -8 30 38 46

0 15 46 89 -2 1 19 26

0 4 11 11 -6 24 49 24

0 76 82 98 -14 35 39 28

0 14 61 74 -16 1 8 1

0 17 35 50 -11 0 1 46

0 9 12 95 -4 24 38 12

0 3 58 2 -7 3 22 30

0 42 46 7 -10 5 7 41

0 27 31 12 -11 15 34 28

0 0 76 24 -14 1 12 37

0 7 12 44 -18 23 42 21

0 28 54 75 -8 1 12 49

0 5 49 5 -17 12 17 13

0 49 74 48 -19 9 43 9

0 20 81 16 -20 21 33 48

0 4 25 33 -4 25 31 14

0 16 20 23 -4 0 1 36

0 5 47 44 -16 10 35 13

0 0 1 80 -17 14 18 19

0 47 52 12 -8 31 49 19

0 0 13 98 -13 16 27 34

0 2 7 63 -13 16 30 47

0 6 14 62 -1 12 23 47

0 11 26 13 -15 0 19 49

0 44 55 47 -3 35 45 45

0 13 35 19 -5 1 9 49

0 2 70 3 -9 18 25 3

0 17 51 9 -1 34 46 41

0 20 38 15 -19 2 40 34

0 8 31 12 -2 11 29 43

0 16 34 82 -12 41 43 37

0 12 65 2 -15 14 17 12

0 9 20 72 -5 17 41 39

0 5 82 69 -15 6 25 48

0 8 35 42 -3 24 29 46

0 0 2 37 -10 3 13 8

0 6 7 28 -5 9 13 29

0 7 18 89 -12 0 3 40

0 1 2 87 -20 31 48 7

0 1 7 95 -6 4 11 38

0 0 2 42 -10 1 17 47

0 5 16 29 -5 15 48 17

0 13 17 15 -19 11 16 32

0 21 22 12 -11 10 40 7

0 4 10 59 -3 1 24 44

0 7 8 24 -4 7 10 39


SAlphaB: 705.0, std-dev 263.13814265744924

Earliest win: 42
Latest win: 81

WinDepth:
0 0 0 0 0 0 0 0 0 0 0 0 0 0 0 0 0 0 0 0 0 0 0 0 0 0 0 0 0 0 0 0 0 0 0 0 0 0 0 0 0 0 7 8 2 10 8 52 27 101 36 148 48 112 68 144 82 188 126 160 176 237 227 311 335 439 386 405 458 434 481 444 451 414 397 363 288 270 175 135 117 109 
SAlphaB:
0 0 0 0 0 0 0 0 0 0 0 0 0 0 0 0 0 0 0 0 0 0 0 0 0 0 0 0 0 0 0 0 0 0 0 0 0 0 0 0 0 0 7 8 2 10 8 52 27 101 36 148 48 112 68 144 82 188 126 160 176 237 227 311 335 439 386 405 458 434 481 444 451 414 397 363 288 270 175 135 117 109 

LossDepth:
SAlphaB:
0 0 0 0 0 0 0 0 0 0 0 0 0 0 0 0 0 0 0 0 0 0 0 0 0 0 0 0 0 0 0 0 0 0 0 0 0 0 0 0 0 0 7 8 2 10 8 52 27 101 36 148 48 112 68 144 82 188 126 160 176 237 227 311 335 439 386 405 458 434 481 444 451 414 397 363 288 270 175 135 117 109 

FirstWin:
0 0 0 0 0 0 0 0 0 0 0 0 0 0 0 0 0 0 0 0 0 0 0 0 0 0 0 0 0 0 0 0 0 0 0 0 0 0 0 0 0 0 0 8 0 10 0 52 0 101 0 148 0 112 0 144 0 188 0 160 0 237 0 311 0 439 0 405 0 434 0 444 0 414 0 363 0 270 0 135 0 109 
SAlphaB:
0 0 0 0 0 0 0 0 0 0 0 0 0 0 0 0 0 0 0 0 0 0 0 0 0 0 0 0 0 0 0 0 0 0 0 0 0 0 0 0 0 0 0 8 0 10 0 52 0 101 0 148 0 112 0 144 0 188 0 160 0 237 0 311 0 439 0 405 0 434 0 444 0 414 0 363 0 270 0 135 0 109 

SecondWin:
0 0 0 0 0 0 0 0 0 0 0 0 0 0 0 0 0 0 0 0 0 0 0 0 0 0 0 0 0 0 0 0 0 0 0 0 0 0 0 0 0 0 7 0 2 0 8 0 27 0 36 0 48 0 68 0 82 0 126 0 176 0 227 0 335 0 386 0 458 0 481 0 451 0 397 0 288 0 175 0 117 0 
SAlphaB:
0 0 0 0 0 0 0 0 0 0 0 0 0 0 0 0 0 0 0 0 0 0 0 0 0 0 0 0 0 0 0 0 0 0 0 0 0 0 0 0 0 0 7 0 2 0 8 0 27 0 36 0 48 0 68 0 82 0 126 0 176 0 227 0 335 0 386 0 458 0 481 0 451 0 397 0 288 0 175 0 117 0 
