0 50 74 58 -1 0 7 7

0 14 64 10 -17 0 2 5

0 17 73 94 -10 0 1 16

0 45 51 46 -6 0 11 8

0 10 99 53 -14 0 2 8

0 29 94 14 -9 6 14 41

0 53 83 38 -2 18 37 44

0 9 79 49 -19 26 38 28

0 37 74 38 -12 2 3 5

0 52 79 21 -18 0 40 5

0 37 44 70 -7 20 36 10

0 17 38 35 -1 1 5 11

0 47 48 29 -7 16 43 15

0 9 85 30 -11 9 30 1

0 34 68 69 -6 18 42 31

0 41 64 82 -7 11 20 3

0 44 55 33 -14 13 43 24

0 8 62 17 -5 8 27 14

0 16 59 23 -20 7 25 7

0 31 60 73 -14 4 6 17

0 28 43 1 -14 12 14 36

0 38 84 36 -12 20 30 45

0 39 49 98 -7 6 32 24

0 40 72 88 -5 1 18 24

0 26 82 65 -7 0 3 34

0 58 77 39 -15 17 28 8

0 48 52 63 -12 11 13 7

0 42 90 80 -8 15 30 22

0 6 22 60 -17 8 10 19

0 21 76 60 -10 13 47 21

0 65 69 75 -10 13 31 45

0 57 84 98 -17 2 41 39

0 31 91 41 -12 7 15 47

0 16 72 41 -19 33 40 33

0 17 68 72 -3 30 32 4

0 80 83 92 -4 3 9 2

0 27 40 85 -11 5 10 36

0 5 95 68 -17 16 29 12

0 2 38 99 -10 0 1 9

0 5 31 47 -11 7 23 34

0 39 42 39 -1 28 40 12

0 61 68 49 -16 7 8 7

0 75 92 2 -9 2 23 44

0 6 14 41 -7 7 9 4

0 75 92 13 -10 23 32 26

0 32 51 95 -2 10 25 40

0 4 92 6 -1 3 14 36

0 24 75 77 -13 10 11 15

0 42 49 47 -17 7 46 19

0 24 39 64 -20 17 33 40

0 37 63 83 -11 17 29 42

0 26 56 29 -10 25 31 47

0 37 44 18 -10 12 34 42

0 20 62 81 -12 2 41 38

0 10 89 44 -13 23 42 47

0 7 64 64 -19 10 48 8

0 7 10 41 -2 1 7 3

0 18 27 90 -14 38 47 34

0 15 55 54 -12 2 10 42

0 7 35 34 -6 23 29 20

0 4 36 54 -15 10 30 25

0 11 20 39 -19 5 6 30

0 42 54 58 -9 17 18 39

0 23 48 24 -20 3 5 41

0 30 41 8 -9 1 10 39

0 2 62 18 -20 45 49 47

0 6 71 87 -4 21 25 9

0 9 20 56 -5 37 38 37

0 46 96 80 -8 21 35 8

0 4 95 19 -8 16 45 47

0 0 23 45 -14 5 24 44

0 1 69 39 -8 4 12 44

0 29 47 4 -7 7 13 45

0 26 78 9 -8 6 44 49

0 2 8 87 -2 7 17 26

0 68 74 39 -14 29 36 44

0 9 11 38 -12 28 31 36

0 2 23 39 -18 2 9 1

0 22 23 85 -18 16 19 40

0 20 23 21 -3 10 30 33

0 2 42 59 -10 13 47 34

0 8 39 87 -1 1 23 20

0 9 57 15 -10 5 22 39

0 4 14 33 -12 22 32 24

0 9 50 43 -2 14 36 48

0 11 14 62 -3 3 37 41

0 8 80 60 -12 5 22 44

0 6 18 63 -20 3 4 41

0 4 20 3 -20 4 21 30

0 2 3 60 -8 18 25 4

0 7 14 6 -2 34 49 6

0 2 18 64 -12 13 25 31

0 8 11 27 -1 6 47 21

0 1 2 65 -13 1 2 44

0 5 18 57 -9 11 12 45

0 1 4 68 -10 6 28 32

0 0 1 15 -3 11 30 40

0 0 18 10 -2 7 11 42

0 5 10 6 -14 23 43 46

0 2 8 94 -8 2 45 9


SAlphaB: 691.0, std-dev 263.8572480977875

Earliest win: 37
Latest win: 81

WinDepth:
0 0 0 0 0 0 0 0 0 0 0 0 0 0 0 0 0 0 0 0 0 0 0 0 0 0 0 0 0 0 0 0 0 0 0 0 0 8 0 1 1 13 1 17 8 46 13 81 44 93 59 248 64 113 90 210 138 206 167 183 142 214 237 333 310 368 444 408 451 373 435 433 436 401 379 341 278 203 161 114 92 79 
SAlphaB:
0 0 0 0 0 0 0 0 0 0 0 0 0 0 0 0 0 0 0 0 0 0 0 0 0 0 0 0 0 0 0 0 0 0 0 0 0 8 0 1 1 13 1 17 8 46 13 81 44 93 59 248 64 113 90 210 138 206 167 183 142 214 237 333 310 368 444 408 451 373 435 433 436 401 379 341 278 203 161 114 92 79 

LossDepth:
SAlphaB:
0 0 0 0 0 0 0 0 0 0 0 0 0 0 0 0 0 0 0 0 0 0 0 0 0 0 0 0 0 0 0 0 0 0 0 0 0 8 0 1 1 13 1 17 8 46 13 81 44 93 59 248 64 113 90 210 138 206 167 183 142 214 237 333 310 368 444 408 451 373 435 433 436 401 379 341 278 203 161 114 92 79 

FirstWin:
0 0 0 0 0 0 0 0 0 0 0 0 0 0 0 0 0 0 0 0 0 0 0 0 0 0 0 0 0 0 0 0 0 0 0 0 0 8 0 1 0 13 0 17 0 46 0 81 0 93 0 248 0 113 0 210 0 206 0 183 0 214 0 333 0 368 0 408 0 373 0 433 0 401 0 341 0 203 0 114 0 79 
SAlphaB:
0 0 0 0 0 0 0 0 0 0 0 0 0 0 0 0 0 0 0 0 0 0 0 0 0 0 0 0 0 0 0 0 0 0 0 0 0 8 0 1 0 13 0 17 0 46 0 81 0 93 0 248 0 113 0 210 0 206 0 183 0 214 0 333 0 368 0 408 0 373 0 433 0 401 0 341 0 203 0 114 0 79 

SecondWin:
0 0 0 0 0 0 0 0 0 0 0 0 0 0 0 0 0 0 0 0 0 0 0 0 0 0 0 0 0 0 0 0 0 0 0 0 0 0 0 0 1 0 1 0 8 0 13 0 44 0 59 0 64 0 90 0 138 0 167 0 142 0 237 0 310 0 444 0 451 0 435 0 436 0 379 0 278 0 161 0 92 0 
SAlphaB:
0 0 0 0 0 0 0 0 0 0 0 0 0 0 0 0 0 0 0 0 0 0 0 0 0 0 0 0 0 0 0 0 0 0 0 0 0 0 0 0 1 0 1 0 8 0 13 0 44 0 59 0 64 0 90 0 138 0 167 0 142 0 237 0 310 0 444 0 451 0 435 0 436 0 379 0 278 0 161 0 92 0 
