0 52 57 81 -17 1 8 24

0 66 91 57 -9 11 40 27

0 79 95 85 -17 5 14 19

0 81 89 70 -4 5 26 17

0 33 95 97 -20 2 11 9

0 30 87 55 -7 6 20 26

0 49 99 44 -11 8 16 25

0 52 65 84 -7 16 19 21

0 43 83 79 -16 2 6 4

0 38 92 2 -15 4 14 28

0 83 87 94 -14 14 36 9

0 31 84 98 -15 3 16 14

0 56 97 77 -1 1 28 17

0 43 80 16 -17 11 28 11

0 24 63 14 -10 1 2 2

0 29 44 61 -16 2 3 16

0 38 56 17 -4 6 15 15

0 27 91 97 -3 4 14 34

0 51 98 30 -1 7 36 11

0 49 87 87 -18 8 19 19

0 48 82 23 -10 2 5 31

0 21 41 57 -18 1 7 25

0 21 74 12 -14 3 4 3

0 74 99 41 -14 14 48 39

0 33 89 95 -14 0 6 33

0 20 53 86 -9 0 1 6

0 36 84 34 -15 1 2 7

0 61 72 29 -9 3 9 20

0 22 60 49 -19 0 6 22

0 46 75 42 -17 6 23 37

0 68 77 20 -11 7 31 24

0 31 72 82 -16 0 6 35

0 22 55 51 -9 0 1 14

0 75 85 29 -13 6 37 36

0 39 82 86 -18 3 23 37

0 56 80 90 -18 3 5 15

0 52 55 61 -7 5 37 4

0 39 88 87 -4 3 10 19

0 80 88 86 -10 12 28 17

0 57 64 58 -4 3 24 39

0 47 59 54 -15 2 17 21

0 43 58 77 -20 9 33 7

0 26 39 60 -9 5 7 12

0 52 91 14 -7 9 25 46

0 46 78 84 -18 4 19 15

0 96 99 13 -11 23 40 10

0 26 74 80 -9 7 20 16

0 77 90 96 -5 2 10 0

0 13 30 46 -7 2 4 5

0 28 69 51 -11 12 20 35

0 45 96 31 -8 12 40 18

0 42 69 83 -3 11 30 9

0 55 73 24 -20 10 41 19

0 57 69 49 -15 1 20 12

0 42 66 28 -10 2 17 10

0 80 98 58 -15 8 19 30

0 48 74 0 -17 7 15 3

0 52 80 90 -12 9 25 34

0 41 99 68 -12 4 6 20

0 34 43 86 -10 2 10 2

0 66 73 59 -11 14 17 21

0 69 99 17 -20 8 35 37

0 64 92 79 -13 3 6 35

0 33 99 30 -13 9 11 45

0 39 99 81 -15 3 35 47

0 6 36 91 -8 0 2 5

0 73 76 67 -18 26 38 4

0 2 25 42 -17 2 5 9

0 17 90 69 -2 1 2 4

0 46 60 68 -3 0 22 25

0 72 97 41 -5 9 21 33

0 68 79 49 -18 12 39 5

0 52 70 5 -15 1 3 29

0 70 97 37 -15 5 11 35

0 25 82 77 -5 7 22 15

0 59 78 54 -14 3 6 21

0 2 54 54 -19 3 8 9

0 27 29 46 -14 17 21 12

0 17 96 86 -5 12 29 19

0 51 58 29 -4 4 8 0

0 18 32 92 -8 1 2 16

0 37 74 92 -20 1 2 30

0 64 86 79 -2 20 41 28

0 86 94 11 -2 0 1 0

0 11 34 26 -7 5 15 5

0 55 70 38 -5 4 6 20

0 14 30 76 -3 13 31 26

0 23 80 87 -11 7 23 13

0 5 86 50 -7 5 18 16

0 15 57 33 -4 16 37 20

0 20 63 59 -6 0 2 14

0 29 74 53 -8 14 16 36

0 30 68 92 -4 12 31 41

0 0 30 68 -8 9 19 1

0 39 76 99 -20 8 26 4

0 9 73 81 -8 7 14 2

0 10 71 80 -13 14 34 6

0 11 42 89 -4 7 20 14

0 11 27 42 -11 1 9 19

0 7 16 98 -9 0 1 13


SAlphaB: 738.0, std-dev 258.23928806242844

Earliest win: 35
Latest win: 81

WinDepth:
0 0 0 0 0 0 0 0 0 0 0 0 0 0 0 0 0 0 0 0 0 0 0 0 0 0 0 0 0 0 0 0 0 0 0 2 0 5 6 18 5 31 15 23 26 69 60 142 73 192 148 386 139 381 246 464 348 576 372 504 456 621 699 816 830 950 815 951 946 1048 982 968 815 828 855 735 671 530 381 272 192 157 
SAlphaB:
0 0 0 0 0 0 0 0 0 0 0 0 0 0 0 0 0 0 0 0 0 0 0 0 0 0 0 0 0 0 0 0 0 0 0 2 0 5 6 18 5 31 15 23 26 69 60 142 73 192 148 386 139 381 246 464 348 576 372 504 456 621 699 816 830 950 815 951 946 1048 982 968 815 828 855 735 671 530 381 272 192 157 

LossDepth:
SAlphaB:
0 0 0 0 0 0 0 0 0 0 0 0 0 0 0 0 0 0 0 0 0 0 0 0 0 0 0 0 0 0 0 0 0 0 0 0 0 1 4 9 2 20 4 19 20 52 47 82 51 113 107 143 78 222 160 289 232 352 237 353 275 437 451 655 562 667 567 700 666 771 707 781 668 690 671 683 497 483 344 257 209 167 

FirstWin:
0 0 0 0 0 0 0 0 0 0 0 0 0 0 0 0 0 0 0 0 0 0 0 0 0 0 0 0 0 0 0 0 0 0 0 2 0 5 0 18 0 31 0 23 0 69 0 142 0 192 0 386 0 381 0 464 0 576 0 504 0 621 0 816 0 950 0 951 0 1048 0 968 0 828 0 735 0 530 0 272 0 157 
SAlphaB:
0 0 0 0 0 0 0 0 0 0 0 0 0 0 0 0 0 0 0 0 0 0 0 0 0 0 0 0 0 0 0 0 0 0 0 2 0 5 0 18 0 31 0 23 0 69 0 142 0 192 0 386 0 381 0 464 0 576 0 504 0 621 0 816 0 950 0 951 0 1048 0 968 0 828 0 735 0 530 0 272 0 157 

SecondWin:
0 0 0 0 0 0 0 0 0 0 0 0 0 0 0 0 0 0 0 0 0 0 0 0 0 0 0 0 0 0 0 0 0 0 0 0 0 0 6 0 5 0 15 0 26 0 60 0 73 0 148 0 139 0 246 0 348 0 372 0 456 0 699 0 830 0 815 0 946 0 982 0 815 0 855 0 671 0 381 0 192 0 
SAlphaB:
0 0 0 0 0 0 0 0 0 0 0 0 0 0 0 0 0 0 0 0 0 0 0 0 0 0 0 0 0 0 0 0 0 0 0 0 0 0 6 0 5 0 15 0 26 0 60 0 73 0 148 0 139 0 246 0 348 0 372 0 456 0 699 0 830 0 815 0 946 0 982 0 815 0 855 0 671 0 381 0 192 0 
