0 42 69 83 -3 11 30 9

0 39 76 99 -20 8 26 4

0 80 88 86 -10 12 28 17

0 52 70 5 -15 1 3 29

0 43 80 16 -17 11 28 11

0 29 74 53 -8 14 16 36

0 33 99 30 -13 9 11 45

0 7 16 98 -9 0 1 13

0 41 99 68 -12 4 6 20

0 83 87 94 -14 14 36 9

0 32 62 82 -1 9 16 6

0 15 17 50 -2 1 2 6

0 21 30 45 -7 17 29 7

0 7 75 72 -5 18 22 33

0 13 17 69 -12 2 6 11

0 49 86 69 -9 16 44 21

0 63 88 98 -10 9 15 7

0 82 92 20 -7 1 23 24

0 37 78 36 -4 9 35 15

0 50 75 73 -18 17 23 3

0 56 66 72 -12 13 26 26

0 19 80 20 -7 11 12 39

0 56 70 84 -10 36 44 20

0 10 97 79 -11 21 42 10

0 55 92 24 -2 6 47 43

0 73 88 28 -11 0 12 19

0 65 88 34 -18 28 31 39

0 54 60 80 -5 0 1 12

0 64 78 98 -9 0 28 21

0 75 84 32 -4 22 26 28

0 15 28 39 -19 0 1 27

0 12 51 89 -9 4 14 42

0 47 57 39 -2 15 30 19

0 25 94 24 -12 34 41 31

0 53 69 61 -16 2 27 2

0 19 84 76 -5 19 21 7

0 3 65 37 -1 27 38 15

0 72 79 0 -2 22 46 2

0 33 44 57 -12 13 22 23

0 36 55 58 -11 30 48 15

0 3 48 47 -2 18 19 20

0 37 94 53 -19 15 46 11

0 17 58 85 -5 24 29 12

0 21 44 87 -5 33 38 22

0 2 63 63 -19 0 5 29

0 14 54 78 -15 22 25 13

0 2 84 37 -1 15 35 45

0 14 23 91 -5 19 28 34

0 42 77 13 -4 0 1 11

0 9 26 23 -16 7 21 17

0 79 82 80 -18 17 24 20

0 40 60 14 -7 5 25 45

0 16 40 64 -9 19 40 15

0 19 30 54 -3 37 47 42

0 28 52 82 -3 2 11 34

0 10 93 7 -20 2 28 49

0 23 48 97 -3 2 4 35

0 38 60 24 -10 19 29 31

0 10 21 71 -5 4 5 15

0 65 75 89 -17 24 34 33

0 20 84 87 -17 17 32 0

0 4 26 6 -15 6 18 6

0 8 36 4 -9 4 33 14

0 27 42 10 -16 7 31 3

0 26 37 43 -6 1 30 34

0 12 16 79 -1 1 23 14

0 45 66 17 -19 33 43 7

0 2 10 74 -3 9 24 13

0 60 62 46 -6 27 32 38

0 24 67 93 -3 0 8 46

0 10 19 46 -19 34 47 36

0 8 13 26 -20 1 9 24

0 3 18 6 -16 18 39 17

0 26 36 83 -6 13 48 25

0 10 20 49 -19 10 11 0

0 16 58 27 -18 14 15 48

0 25 27 5 -20 18 26 26

0 7 20 41 -17 12 47 6

0 1 5 8 -13 15 35 34

0 3 71 70 -1 7 8 43

0 8 11 38 -15 11 29 32

0 36 91 79 -19 22 39 41

0 9 11 84 -1 41 49 20

0 3 7 90 -3 2 7 7

0 8 40 5 -11 6 15 12

0 12 15 74 -9 2 13 21

0 24 65 37 -4 22 32 36

0 9 10 23 -8 43 48 14

0 17 31 36 -13 20 30 5

0 39 56 66 -13 25 34 49

0 14 22 76 -18 12 13 47

0 1 12 5 -16 2 3 14

0 22 24 7 -4 2 26 46

0 6 45 43 -5 6 43 41

0 8 9 81 -7 6 32 45

0 0 1 71 -16 0 41 46

0 1 28 38 -14 4 32 34

0 16 22 4 -15 12 34 48

0 0 2 47 -9 3 14 10

0 0 13 4 -17 4 20 43


SAlphaB: 697.0, std-dev 264.6730639063518

Earliest win: 37
Latest win: 81

WinDepth:
0 0 0 0 0 0 0 0 0 0 0 0 0 0 0 0 0 0 0 0 0 0 0 0 0 0 0 0 0 0 0 0 0 0 0 0 0 1 0 3 0 6 9 18 7 19 20 27 33 65 77 149 127 150 113 131 118 185 133 185 200 220 254 309 358 400 416 378 442 405 438 457 425 402 377 313 285 267 181 148 95 67 
SAlphaB:
0 0 0 0 0 0 0 0 0 0 0 0 0 0 0 0 0 0 0 0 0 0 0 0 0 0 0 0 0 0 0 0 0 0 0 0 0 1 0 3 0 6 9 18 7 19 20 27 33 65 77 149 127 150 113 131 118 185 133 185 200 220 254 309 358 400 416 378 442 405 438 457 425 402 377 313 285 267 181 148 95 67 

LossDepth:
SAlphaB:
0 0 0 0 0 0 0 0 0 0 0 0 0 0 0 0 0 0 0 0 0 0 0 0 0 0 0 0 0 0 0 0 0 0 0 0 0 1 0 3 0 6 9 18 7 19 20 27 33 65 77 149 127 150 113 131 118 185 133 185 200 220 254 309 358 400 416 378 442 405 438 457 425 402 377 313 285 267 181 148 95 67 

FirstWin:
0 0 0 0 0 0 0 0 0 0 0 0 0 0 0 0 0 0 0 0 0 0 0 0 0 0 0 0 0 0 0 0 0 0 0 0 0 1 0 3 0 6 0 18 0 19 0 27 0 65 0 149 0 150 0 131 0 185 0 185 0 220 0 309 0 400 0 378 0 405 0 457 0 402 0 313 0 267 0 148 0 67 
SAlphaB:
0 0 0 0 0 0 0 0 0 0 0 0 0 0 0 0 0 0 0 0 0 0 0 0 0 0 0 0 0 0 0 0 0 0 0 0 0 1 0 3 0 6 0 18 0 19 0 27 0 65 0 149 0 150 0 131 0 185 0 185 0 220 0 309 0 400 0 378 0 405 0 457 0 402 0 313 0 267 0 148 0 67 

SecondWin:
0 0 0 0 0 0 0 0 0 0 0 0 0 0 0 0 0 0 0 0 0 0 0 0 0 0 0 0 0 0 0 0 0 0 0 0 0 0 0 0 0 0 9 0 7 0 20 0 33 0 77 0 127 0 113 0 118 0 133 0 200 0 254 0 358 0 416 0 442 0 438 0 425 0 377 0 285 0 181 0 95 0 
SAlphaB:
0 0 0 0 0 0 0 0 0 0 0 0 0 0 0 0 0 0 0 0 0 0 0 0 0 0 0 0 0 0 0 0 0 0 0 0 0 0 0 0 0 0 9 0 7 0 20 0 33 0 77 0 127 0 113 0 118 0 133 0 200 0 254 0 358 0 416 0 442 0 438 0 425 0 377 0 285 0 181 0 95 0 
