0 68 77 20 -11 7 31 24

0 0 30 68 -8 9 19 1

0 25 82 77 -5 7 22 15

0 20 63 59 -6 0 2 14

0 10 71 80 -13 14 34 6

0 28 69 51 -11 12 20 35

0 27 91 97 -3 4 14 34

0 15 57 33 -4 16 37 20

0 17 90 69 -2 1 2 4

0 55 73 24 -20 10 41 19

0 61 95 64 -15 3 6 1

0 22 40 23 -12 1 12 12

0 9 87 51 -19 26 32 23

0 34 95 70 -7 12 19 13

0 48 76 64 -7 7 25 46

0 82 98 38 -8 6 17 41

0 36 87 67 -14 20 28 39

0 18 88 53 -13 12 26 23

0 60 76 63 -2 2 22 38

0 9 71 28 -12 12 21 0

0 6 46 83 -8 2 5 22

0 32 90 70 -20 5 7 47

0 68 97 86 -8 12 21 17

0 37 89 3 -18 2 29 15

0 29 59 34 -3 16 23 36

0 53 59 45 -16 5 36 30

0 61 86 40 -16 11 45 37

0 15 83 22 -19 0 32 39

0 9 43 25 -3 17 34 27

0 4 94 66 -17 4 17 21

0 43 54 92 -11 18 27 28

0 56 62 95 -9 6 13 42

0 87 92 50 -16 1 10 24

0 25 30 29 -2 13 32 29

0 94 96 87 -8 9 12 32

0 47 60 72 -11 11 19 5

0 43 50 71 -15 4 22 8

0 50 56 37 -4 0 8 40

0 12 72 46 -1 16 40 19

0 12 54 92 -7 25 31 33

0 15 37 91 -20 8 11 34

0 31 53 37 -11 17 23 12

0 23 56 26 -20 0 39 46

0 13 71 6 -2 8 45 12

0 14 63 34 -11 40 42 21

0 8 9 72 -8 14 18 23

0 1 6 43 -9 1 8 2

0 29 38 1 -7 15 19 19

0 74 75 58 -16 0 4 26

0 18 23 84 -17 8 14 42

0 20 91 7 -20 30 44 29

0 13 22 82 -1 2 10 20

0 27 28 20 -11 11 21 3

0 37 58 2 -16 10 12 5

0 16 70 54 -5 11 44 21

0 16 18 76 -19 11 28 47

0 1 43 94 -11 8 13 49

0 19 36 54 -12 21 49 21

0 8 37 0 -15 15 48 27

0 50 58 47 -9 20 32 11

0 35 66 42 -7 22 30 30

0 68 70 30 -20 30 43 45

0 31 67 74 -13 3 6 27

0 70 88 82 -12 22 27 22

0 5 16 26 -10 8 48 47

0 3 11 82 -16 27 36 20

0 14 55 21 -10 22 25 39

0 63 74 34 -9 34 36 20

0 4 79 45 -12 5 26 38

0 5 12 28 -14 6 9 19

0 15 46 99 -17 9 45 24

0 5 6 91 -4 12 35 2

0 22 49 22 -10 8 41 11

0 7 11 87 -9 24 35 21

0 3 36 85 -18 4 29 41

0 11 18 45 -15 17 20 4

0 17 51 40 -16 25 27 48

0 9 29 89 -9 21 39 24

0 2 18 3 -2 28 46 14

0 4 25 96 -9 0 1 46

0 4 10 1 -19 15 42 40

0 1 5 78 -6 6 33 33

0 6 31 57 -17 5 11 41

0 31 36 68 -5 18 19 24

0 14 22 78 -3 7 32 46

0 18 26 38 -8 5 27 26

0 0 22 5 -10 9 10 30

0 8 17 86 -20 8 17 16

0 3 6 11 -4 10 12 2

0 6 9 80 -1 13 35 11

0 2 3 55 -3 6 42 41

0 1 2 16 -20 11 23 39

0 4 8 40 -8 18 39 36

0 3 6 71 -17 5 10 43

0 5 7 11 -2 3 5 42

0 15 21 40 -19 34 46 24

0 0 2 84 -15 33 42 12

0 7 9 93 -14 20 33 22

0 6 10 60 -3 1 9 31

0 1 22 19 -5 4 18 26


SAlphaB: 686.0, std-dev 254.42370629175323

Earliest win: 37
Latest win: 81

WinDepth:
0 0 0 0 0 0 0 0 0 0 0 0 0 0 0 0 0 0 0 0 0 0 0 0 0 0 0 0 0 0 0 0 0 0 0 0 0 3 2 3 2 0 5 9 12 22 18 35 21 71 83 287 84 125 106 234 99 200 110 157 153 183 244 338 346 333 435 370 474 386 431 420 460 385 395 385 244 247 157 141 90 60 
SAlphaB:
0 0 0 0 0 0 0 0 0 0 0 0 0 0 0 0 0 0 0 0 0 0 0 0 0 0 0 0 0 0 0 0 0 0 0 0 0 3 2 3 2 0 5 9 12 22 18 35 21 71 83 287 84 125 106 234 99 200 110 157 153 183 244 338 346 333 435 370 474 386 431 420 460 385 395 385 244 247 157 141 90 60 

LossDepth:
SAlphaB:
0 0 0 0 0 0 0 0 0 0 0 0 0 0 0 0 0 0 0 0 0 0 0 0 0 0 0 0 0 0 0 0 0 0 0 0 0 3 2 3 2 0 5 9 12 22 18 35 21 71 83 287 84 125 106 234 99 200 110 157 153 183 244 338 346 333 435 370 474 386 431 420 460 385 395 385 244 247 157 141 90 60 

FirstWin:
0 0 0 0 0 0 0 0 0 0 0 0 0 0 0 0 0 0 0 0 0 0 0 0 0 0 0 0 0 0 0 0 0 0 0 0 0 3 0 3 0 0 0 9 0 22 0 35 0 71 0 287 0 125 0 234 0 200 0 157 0 183 0 338 0 333 0 370 0 386 0 420 0 385 0 385 0 247 0 141 0 60 
SAlphaB:
0 0 0 0 0 0 0 0 0 0 0 0 0 0 0 0 0 0 0 0 0 0 0 0 0 0 0 0 0 0 0 0 0 0 0 0 0 3 0 3 0 0 0 9 0 22 0 35 0 71 0 287 0 125 0 234 0 200 0 157 0 183 0 338 0 333 0 370 0 386 0 420 0 385 0 385 0 247 0 141 0 60 

SecondWin:
0 0 0 0 0 0 0 0 0 0 0 0 0 0 0 0 0 0 0 0 0 0 0 0 0 0 0 0 0 0 0 0 0 0 0 0 0 0 2 0 2 0 5 0 12 0 18 0 21 0 83 0 84 0 106 0 99 0 110 0 153 0 244 0 346 0 435 0 474 0 431 0 460 0 395 0 244 0 157 0 90 0 
SAlphaB:
0 0 0 0 0 0 0 0 0 0 0 0 0 0 0 0 0 0 0 0 0 0 0 0 0 0 0 0 0 0 0 0 0 0 0 0 0 0 2 0 2 0 5 0 12 0 18 0 21 0 83 0 84 0 106 0 99 0 110 0 153 0 244 0 346 0 435 0 474 0 431 0 460 0 395 0 244 0 157 0 90 0 
