0 38 92 2 -15 4 14 28

0 59 78 54 -14 3 6 21

0 27 29 46 -14 17 21 12

0 74 99 41 -14 14 48 39

0 56 80 90 -18 3 5 15

0 47 59 54 -15 2 17 21

0 33 89 95 -14 0 6 33

0 21 41 57 -18 1 7 25

0 69 99 17 -20 8 35 37

0 5 86 50 -7 5 18 16

0 30 93 92 -19 14 19 33

0 32 69 87 -16 10 27 25

0 28 79 39 -20 6 12 26

0 73 93 71 -11 10 28 28

0 13 71 57 -20 0 13 32

0 40 91 49 -2 17 28 48

0 72 83 56 -17 15 43 34

0 13 70 82 -8 32 42 35

0 28 84 5 -4 27 48 3

0 10 82 62 -19 6 18 14

0 93 99 24 -2 25 33 48

0 58 92 57 -4 5 7 27

0 9 79 85 -18 2 24 38

0 20 49 83 -8 3 4 36

0 29 60 69 -14 6 25 43

0 57 95 14 -5 11 16 44

0 13 16 58 -5 13 15 0

0 65 98 43 -15 1 4 19

0 35 37 52 -8 12 22 29

0 23 53 2 -10 48 49 40

0 13 85 30 -11 9 31 46

0 3 82 13 -8 10 18 16

0 53 57 48 -4 1 7 12

0 50 98 86 -16 24 43 43

0 7 45 37 -10 26 35 13

0 58 64 11 -7 1 2 1

0 56 72 42 -14 3 35 35

0 17 90 80 -4 17 38 38

0 6 28 68 -8 20 32 14

0 3 78 65 -13 4 26 30

0 7 83 84 -9 1 21 14

0 25 99 75 -19 11 49 35

0 1 24 92 -2 11 23 38

0 7 23 67 -19 2 5 1

0 13 80 16 -12 6 38 13

0 0 1 99 -15 18 22 30

0 8 72 81 -17 15 21 4

0 12 22 83 -18 7 11 30

0 48 95 40 -2 0 1 30

0 12 13 3 -18 0 1 2

0 11 77 82 -12 2 22 38

0 17 67 11 -9 9 21 2

0 21 39 0 -3 1 15 32

0 12 36 98 -19 11 25 43

0 6 56 53 -20 7 10 44

0 77 89 23 -5 24 34 8

0 34 41 80 -20 2 21 3

0 26 74 49 -12 13 44 33

0 62 69 34 -14 27 41 11

0 8 32 0 -14 8 17 8

0 8 15 31 -11 34 35 37

0 6 52 41 -20 13 36 22

0 15 73 54 -1 8 36 18

0 10 64 20 -2 2 16 41

0 31 39 93 -8 1 2 48

0 8 64 59 -17 4 37 36

0 0 19 57 -12 5 12 33

0 18 25 85 -11 5 25 31

0 14 31 19 -1 36 46 0

0 6 14 52 -20 9 24 7

0 6 18 41 -20 15 26 7

0 9 16 95 -15 11 23 19

0 16 20 99 -6 43 46 31

0 3 33 61 -14 0 9 47

0 7 21 82 -3 37 41 24

0 12 26 95 -5 6 37 39

0 5 74 10 -15 0 39 33

0 14 37 21 -14 6 12 43

0 45 87 14 -4 28 36 7

0 10 19 72 -16 0 2 49

0 6 46 4 -8 19 31 41

0 2 4 12 -19 6 24 18

0 0 1 89 -13 4 19 4

0 16 23 62 -3 6 49 34

0 3 4 75 -15 7 39 44

0 3 10 76 -5 1 29 14

0 30 34 48 -9 21 37 47

0 24 28 17 -2 10 48 43

0 1 16 23 -11 44 47 28

0 11 20 28 -3 22 29 32

0 2 14 20 -12 3 36 32

0 7 13 63 -11 4 26 46

0 1 8 14 -2 4 11 37

0 16 17 31 -7 3 30 27

0 9 11 12 -15 39 40 33

0 2 9 43 -9 10 26 36

0 3 24 90 -3 10 44 43

0 3 15 0 -12 29 47 0

0 25 29 21 -18 13 37 47

0 0 2 52 -5 6 7 18


SAlphaB: 705.0, std-dev 252.70435344988667

Earliest win: 37
Latest win: 81

WinDepth:
0 0 0 0 0 0 0 0 0 0 0 0 0 0 0 0 0 0 0 0 0 0 0 0 0 0 0 0 0 0 0 0 0 0 0 0 0 3 1 1 1 4 5 11 4 6 16 39 18 76 129 188 109 140 97 212 112 184 129 176 171 225 295 336 329 323 404 392 456 409 468 372 398 386 425 332 306 243 171 135 108 71 
SAlphaB:
0 0 0 0 0 0 0 0 0 0 0 0 0 0 0 0 0 0 0 0 0 0 0 0 0 0 0 0 0 0 0 0 0 0 0 0 0 3 1 1 1 4 5 11 4 6 16 39 18 76 129 188 109 140 97 212 112 184 129 176 171 225 295 336 329 323 404 392 456 409 468 372 398 386 425 332 306 243 171 135 108 71 

LossDepth:
SAlphaB:
0 0 0 0 0 0 0 0 0 0 0 0 0 0 0 0 0 0 0 0 0 0 0 0 0 0 0 0 0 0 0 0 0 0 0 0 0 3 1 1 1 4 5 11 4 6 16 39 18 76 129 188 109 140 97 212 112 184 129 176 171 225 295 336 329 323 404 392 456 409 468 372 398 386 425 332 306 243 171 135 108 71 

FirstWin:
0 0 0 0 0 0 0 0 0 0 0 0 0 0 0 0 0 0 0 0 0 0 0 0 0 0 0 0 0 0 0 0 0 0 0 0 0 3 0 1 0 4 0 11 0 6 0 39 0 76 0 188 0 140 0 212 0 184 0 176 0 225 0 336 0 323 0 392 0 409 0 372 0 386 0 332 0 243 0 135 0 71 
SAlphaB:
0 0 0 0 0 0 0 0 0 0 0 0 0 0 0 0 0 0 0 0 0 0 0 0 0 0 0 0 0 0 0 0 0 0 0 0 0 3 0 1 0 4 0 11 0 6 0 39 0 76 0 188 0 140 0 212 0 184 0 176 0 225 0 336 0 323 0 392 0 409 0 372 0 386 0 332 0 243 0 135 0 71 

SecondWin:
0 0 0 0 0 0 0 0 0 0 0 0 0 0 0 0 0 0 0 0 0 0 0 0 0 0 0 0 0 0 0 0 0 0 0 0 0 0 1 0 1 0 5 0 4 0 16 0 18 0 129 0 109 0 97 0 112 0 129 0 171 0 295 0 329 0 404 0 456 0 468 0 398 0 425 0 306 0 171 0 108 0 
SAlphaB:
0 0 0 0 0 0 0 0 0 0 0 0 0 0 0 0 0 0 0 0 0 0 0 0 0 0 0 0 0 0 0 0 0 0 0 0 0 0 1 0 1 0 5 0 4 0 16 0 18 0 129 0 109 0 97 0 112 0 129 0 171 0 295 0 329 0 404 0 456 0 468 0 398 0 425 0 306 0 171 0 108 0 
