0 33 95 97 -20 2 11 9

0 66 91 57 -9 11 40 27

0 56 97 77 -1 1 28 17

0 55 70 38 -5 4 6 20

0 64 86 79 -2 20 41 28

0 48 82 23 -10 2 5 31

0 2 25 42 -17 2 5 9

0 96 99 13 -11 23 40 10

0 73 76 67 -18 26 38 4

0 21 74 12 -14 3 4 3

0 8 27 46 -9 0 1 3

0 51 67 4 -19 4 5 28

0 6 84 61 -20 21 39 18

0 29 40 78 -18 0 22 46

0 26 60 52 -18 2 13 36

0 4 41 80 -15 4 9 26

0 26 27 59 -14 17 24 9

0 24 73 84 -6 4 9 45

0 45 73 74 -2 8 15 4

0 33 60 51 -15 18 22 13

0 64 65 78 -9 8 49 8

0 39 63 80 -13 23 28 8

0 72 98 83 -11 25 47 9

0 58 67 83 -2 24 42 35

0 36 59 69 -3 1 2 5

0 15 87 82 -13 11 12 12

0 42 43 78 -16 3 7 21

0 27 72 31 -7 3 8 48

0 19 89 50 -7 9 21 48

0 68 69 53 -16 12 17 0

0 62 91 5 -11 24 49 45

0 11 61 8 -20 20 47 27

0 21 22 23 -17 4 10 5

0 14 85 44 -19 15 16 4

0 18 58 81 -20 2 8 34

0 43 61 87 -17 2 31 27

0 30 74 23 -16 19 46 26

0 8 80 7 -19 9 33 44

0 33 51 93 -17 5 27 44

0 2 64 35 -6 10 11 4

0 54 78 57 -15 14 40 22

0 33 49 14 -5 13 20 27

0 29 58 34 -9 2 41 26

0 16 22 37 -7 4 7 19

0 49 60 14 -11 2 41 14

0 88 94 73 -13 31 32 29

0 15 39 18 -17 12 19 16

0 46 85 19 -5 23 30 11

0 5 39 84 -3 4 7 30

0 11 21 78 -2 23 28 9

0 2 62 87 -14 12 13 8

0 16 27 6 -14 7 11 17

0 19 26 24 -9 19 22 12

0 9 59 31 -4 24 41 25

0 48 49 6 -5 2 8 25

0 54 65 77 -6 22 26 21

0 9 48 3 -6 15 31 16

0 11 41 57 -18 38 40 45

0 12 30 77 -7 15 45 45

0 13 30 43 -9 6 27 22

0 3 35 57 -7 7 42 5

0 3 9 27 -9 24 31 17

0 32 35 96 -1 10 36 46

0 11 40 34 -7 17 19 46

0 12 36 58 -15 10 25 9

0 15 46 21 -7 10 37 9

0 11 17 88 -15 2 9 8

0 16 35 63 -13 16 17 33

0 63 66 8 -12 36 41 42

0 8 10 57 -14 3 4 14

0 12 66 11 -2 11 20 18

0 22 35 86 -3 26 38 37

0 12 35 13 -19 19 27 31

0 0 19 13 -5 19 47 25

0 7 8 18 -17 0 34 7

0 24 28 56 -18 43 49 25

0 3 15 19 -16 4 7 38

0 5 22 70 -3 7 42 16

0 3 4 95 -10 2 7 44

0 6 18 93 -18 0 1 39

0 14 23 28 -7 10 47 3

0 3 6 63 -15 8 26 48

0 1 6 27 -9 2 25 24

0 3 22 32 -8 8 17 29

0 2 6 40 -13 14 23 3

0 1 10 0 -8 4 48 0

0 3 7 72 -16 10 20 0

0 2 3 48 -18 8 18 7

0 0 1 76 -10 7 11 48

0 0 3 91 -16 9 32 1

0 2 4 61 -10 6 34 35

0 0 1 40 -16 4 19 31

0 10 12 59 -19 6 14 39

0 0 1 81 -20 40 42 4

0 10 11 20 -18 2 49 35

0 0 1 1 -19 8 43 0

0 0 3 44 -10 7 10 38

0 0 3 55 -2 2 40 31

0 3 12 41 -9 9 48 47

0 6 15 41 -2 3 12 33


SAlphaB: 694.0, std-dev 275.0469192297521

Earliest win: 35
Latest win: 81

WinDepth:
0 0 0 0 0 0 0 0 0 0 0 0 0 0 0 0 0 0 0 0 0 0 0 0 0 0 0 0 0 0 0 0 0 0 0 1 0 9 0 17 1 3 1 28 12 25 30 30 32 100 94 181 76 137 102 194 116 191 151 171 157 233 271 289 335 379 421 364 463 430 386 412 506 396 368 375 260 214 175 125 107 84 
SAlphaB:
0 0 0 0 0 0 0 0 0 0 0 0 0 0 0 0 0 0 0 0 0 0 0 0 0 0 0 0 0 0 0 0 0 0 0 1 0 9 0 17 1 3 1 28 12 25 30 30 32 100 94 181 76 137 102 194 116 191 151 171 157 233 271 289 335 379 421 364 463 430 386 412 506 396 368 375 260 214 175 125 107 84 

LossDepth:
SAlphaB:
0 0 0 0 0 0 0 0 0 0 0 0 0 0 0 0 0 0 0 0 0 0 0 0 0 0 0 0 0 0 0 0 0 0 0 1 0 9 0 17 1 3 1 28 12 25 30 30 32 100 94 181 76 137 102 194 116 191 151 171 157 233 271 289 335 379 421 364 463 430 386 412 506 396 368 375 260 214 175 125 107 84 

FirstWin:
0 0 0 0 0 0 0 0 0 0 0 0 0 0 0 0 0 0 0 0 0 0 0 0 0 0 0 0 0 0 0 0 0 0 0 1 0 9 0 17 0 3 0 28 0 25 0 30 0 100 0 181 0 137 0 194 0 191 0 171 0 233 0 289 0 379 0 364 0 430 0 412 0 396 0 375 0 214 0 125 0 84 
SAlphaB:
0 0 0 0 0 0 0 0 0 0 0 0 0 0 0 0 0 0 0 0 0 0 0 0 0 0 0 0 0 0 0 0 0 0 0 1 0 9 0 17 0 3 0 28 0 25 0 30 0 100 0 181 0 137 0 194 0 191 0 171 0 233 0 289 0 379 0 364 0 430 0 412 0 396 0 375 0 214 0 125 0 84 

SecondWin:
0 0 0 0 0 0 0 0 0 0 0 0 0 0 0 0 0 0 0 0 0 0 0 0 0 0 0 0 0 0 0 0 0 0 0 0 0 0 0 0 1 0 1 0 12 0 30 0 32 0 94 0 76 0 102 0 116 0 151 0 157 0 271 0 335 0 421 0 463 0 386 0 506 0 368 0 260 0 175 0 107 0 
SAlphaB:
0 0 0 0 0 0 0 0 0 0 0 0 0 0 0 0 0 0 0 0 0 0 0 0 0 0 0 0 0 0 0 0 0 0 0 0 0 0 0 0 1 0 1 0 12 0 30 0 32 0 94 0 76 0 102 0 116 0 151 0 157 0 271 0 335 0 421 0 463 0 386 0 506 0 368 0 260 0 175 0 107 0 
