0 43 83 79 -16 2 6 4

0 2 54 54 -19 3 8 9

0 49 99 44 -11 8 16 25

0 26 39 60 -9 5 7 12

0 52 57 81 -17 1 8 24

0 66 73 59 -11 14 17 21

0 9 73 81 -8 7 14 2

0 11 27 42 -11 1 9 19

0 37 74 92 -20 1 2 30

0 11 42 89 -4 7 20 14

0 15 45 57 -17 0 18 10

0 74 82 13 -7 27 37 25

0 42 72 15 -14 1 2 13

0 32 81 61 -5 9 18 23

0 26 34 12 -9 11 37 14

0 77 78 58 -9 0 1 14

0 17 92 89 -9 15 33 19

0 16 97 6 -6 1 2 14

0 8 74 16 -14 1 6 13

0 63 68 71 -4 14 43 31

0 30 43 4 -1 8 15 9

0 83 87 62 -6 2 6 1

0 17 58 56 -7 0 16 46

0 11 46 38 -7 14 35 16

0 70 73 10 -20 20 27 22

0 18 35 1 -14 31 44 31

0 28 97 99 -14 13 43 35

0 16 35 49 -18 30 32 11

0 24 42 69 -8 20 27 25

0 10 81 46 -18 17 21 39

0 30 48 75 -17 12 18 9

0 24 90 24 -9 36 42 13

0 8 41 71 -15 12 16 30

0 29 43 56 -6 2 23 33

0 8 67 26 -7 9 14 15

0 21 89 46 -12 32 37 15

0 22 81 90 -2 32 33 29

0 8 13 82 -3 0 2 13

0 1 32 96 -16 13 15 21

0 41 71 60 -13 12 30 9

0 48 67 0 -7 10 19 5

0 8 18 71 -17 11 30 24

0 38 62 53 -11 37 43 37

0 24 97 28 -17 37 47 31

0 18 96 33 -18 10 26 24

0 3 7 15 -11 8 24 20

0 53 88 74 -5 33 37 15

0 0 72 82 -3 19 38 39

0 25 48 63 -2 29 31 47

0 34 36 9 -5 41 46 29

0 18 42 8 -1 1 3 26

0 0 84 47 -6 3 10 23

0 35 43 53 -3 27 32 33

0 27 86 50 -19 3 19 29

0 10 35 57 -17 0 5 38

0 32 81 99 -17 37 38 30

0 58 87 57 -20 1 4 0

0 14 90 21 -3 15 23 35

0 10 89 20 -5 15 19 5

0 65 85 76 -16 16 19 37

0 11 35 65 -18 25 33 29

0 51 90 31 -6 30 43 48

0 16 57 62 -20 31 39 23

0 0 40 79 -3 1 15 22

0 28 52 0 -17 7 27 6

0 28 70 30 -10 13 17 15

0 4 16 72 -17 1 3 3

0 6 76 40 -4 9 26 31

0 9 16 53 -8 9 35 25

0 60 79 42 -13 35 48 11

0 3 48 14 -18 6 13 49

0 23 55 43 -1 9 42 22

0 8 24 64 -9 26 44 5

0 12 16 47 -11 11 12 24

0 30 44 87 -5 10 44 35

0 8 48 83 -4 0 46 31

0 28 45 77 -20 21 35 39

0 22 36 17 -4 10 45 4

0 4 54 46 -11 0 33 46

0 3 17 89 -1 15 33 19

0 12 35 97 -1 37 47 49

0 8 21 66 -9 5 42 2

0 3 8 47 -5 19 39 32

0 1 6 52 -18 33 37 17

0 20 21 7 -10 14 18 1

0 19 27 36 -17 22 23 35

0 1 27 84 -8 0 1 38

0 24 25 27 -6 18 22 45

0 2 5 76 -7 9 17 18

0 28 30 53 -1 3 28 40

0 2 3 26 -2 30 48 49

0 0 2 10 -7 10 14 38

0 0 1 24 -13 3 15 29

0 0 1 71 -9 7 9 22

0 1 14 85 -16 6 22 49

0 5 18 88 -7 2 3 44

0 2 3 63 -8 4 10 35

0 5 9 16 -5 5 15 35

0 0 2 24 -6 0 9 21

0 9 13 6 -2 11 15 30


SAlphaB: 697.0, std-dev 267.9725197919301

Earliest win: 39
Latest win: 81

WinDepth:
0 0 0 0 0 0 0 0 0 0 0 0 0 0 0 0 0 0 0 0 0 0 0 0 0 0 0 0 0 0 0 0 0 0 0 0 0 0 0 1 18 6 2 13 17 15 22 33 15 114 75 244 82 127 63 167 103 174 124 191 133 191 273 362 336 392 423 377 538 445 480 438 416 330 396 375 256 226 196 145 90 80 
SAlphaB:
0 0 0 0 0 0 0 0 0 0 0 0 0 0 0 0 0 0 0 0 0 0 0 0 0 0 0 0 0 0 0 0 0 0 0 0 0 0 0 1 18 6 2 13 17 15 22 33 15 114 75 244 82 127 63 167 103 174 124 191 133 191 273 362 336 392 423 377 538 445 480 438 416 330 396 375 256 226 196 145 90 80 

LossDepth:
SAlphaB:
0 0 0 0 0 0 0 0 0 0 0 0 0 0 0 0 0 0 0 0 0 0 0 0 0 0 0 0 0 0 0 0 0 0 0 0 0 0 0 1 18 6 2 13 17 15 22 33 15 114 75 244 82 127 63 167 103 174 124 191 133 191 273 362 336 392 423 377 538 445 480 438 416 330 396 375 256 226 196 145 90 80 

FirstWin:
0 0 0 0 0 0 0 0 0 0 0 0 0 0 0 0 0 0 0 0 0 0 0 0 0 0 0 0 0 0 0 0 0 0 0 0 0 0 0 1 0 6 0 13 0 15 0 33 0 114 0 244 0 127 0 167 0 174 0 191 0 191 0 362 0 392 0 377 0 445 0 438 0 330 0 375 0 226 0 145 0 80 
SAlphaB:
0 0 0 0 0 0 0 0 0 0 0 0 0 0 0 0 0 0 0 0 0 0 0 0 0 0 0 0 0 0 0 0 0 0 0 0 0 0 0 1 0 6 0 13 0 15 0 33 0 114 0 244 0 127 0 167 0 174 0 191 0 191 0 362 0 392 0 377 0 445 0 438 0 330 0 375 0 226 0 145 0 80 

SecondWin:
0 0 0 0 0 0 0 0 0 0 0 0 0 0 0 0 0 0 0 0 0 0 0 0 0 0 0 0 0 0 0 0 0 0 0 0 0 0 0 0 18 0 2 0 17 0 22 0 15 0 75 0 82 0 63 0 103 0 124 0 133 0 273 0 336 0 423 0 538 0 480 0 416 0 396 0 256 0 196 0 90 0 
SAlphaB:
0 0 0 0 0 0 0 0 0 0 0 0 0 0 0 0 0 0 0 0 0 0 0 0 0 0 0 0 0 0 0 0 0 0 0 0 0 0 0 0 18 0 2 0 17 0 22 0 15 0 75 0 82 0 63 0 103 0 124 0 133 0 273 0 336 0 423 0 538 0 480 0 416 0 396 0 256 0 196 0 90 0 
