0 22 55 51 -9 0 1 14

0 30 87 55 -7 6 20 26

0 46 78 84 -18 4 19 15

0 48 74 0 -17 7 15 3

0 80 98 58 -15 8 19 30

0 29 44 61 -16 2 3 16

0 57 69 49 -15 1 20 12

0 49 87 87 -18 8 19 19

0 14 30 76 -3 13 31 26

0 17 96 86 -5 12 29 19

0 31 47 17 -7 1 3 1

0 28 45 35 -7 0 1 19

0 44 82 19 -13 0 1 32

0 29 71 87 -8 34 36 8

0 66 75 10 -15 11 13 36

0 74 81 82 -5 12 22 28

0 41 55 83 -2 7 10 30

0 8 70 98 -18 25 30 35

0 19 82 50 -16 33 40 11

0 70 92 39 -20 4 30 37

0 16 70 96 -8 24 30 43

0 30 84 32 -19 0 13 5

0 31 85 71 -7 19 43 35

0 14 51 98 -9 14 15 13

0 59 73 61 -2 16 21 40

0 48 60 66 -19 13 25 41

0 43 52 94 -18 4 9 26

0 64 95 27 -11 0 1 26

0 46 82 24 -13 4 34 11

0 36 66 32 -16 13 34 33

0 23 27 89 -13 15 36 42

0 37 40 36 -19 39 42 32

0 53 69 60 -17 22 40 22

0 38 49 30 -2 3 10 22

0 42 57 92 -14 7 29 35

0 18 58 0 -15 5 13 40

0 12 50 61 -3 4 34 18

0 72 80 97 -17 20 25 11

0 5 10 90 -7 4 9 5

0 53 60 21 -6 12 14 32

0 20 41 34 -14 33 41 28

0 7 72 18 -18 9 22 35

0 10 76 92 -17 6 13 44

0 79 96 39 -11 19 29 26

0 20 75 62 -3 5 40 18

0 24 92 99 -6 2 39 48

0 11 61 98 -16 40 44 36

0 51 96 65 -14 12 48 18

0 66 86 99 -8 1 2 49

0 15 39 64 -8 30 42 30

0 0 1 46 -8 19 34 12

0 6 19 99 -18 14 33 43

0 13 34 83 -13 9 37 19

0 9 44 96 -1 30 32 24

0 4 49 26 -6 19 43 46

0 65 79 5 -14 21 26 41

0 3 80 19 -13 1 30 9

0 0 6 76 -9 1 5 0

0 20 55 49 -16 7 8 0

0 15 39 7 -9 29 36 30

0 28 75 16 -13 17 25 25

0 1 3 4 -3 13 28 19

0 46 65 42 -1 5 13 34

0 11 79 2 -14 32 33 19

0 61 65 71 -18 2 4 43

0 0 24 8 -17 16 36 27

0 26 27 25 -11 15 25 11

0 5 9 21 -7 5 15 18

0 10 26 5 -18 4 19 26

0 25 67 79 -13 29 37 2

0 1 13 95 -7 14 20 17

0 29 32 71 -11 5 25 38

0 1 6 4 -18 25 45 34

0 2 8 70 -20 20 22 20

0 7 72 46 -20 15 29 44

0 0 14 78 -10 6 8 37

0 9 10 14 -12 11 25 15

0 17 81 31 -15 8 39 30

0 21 61 45 -6 19 23 0

0 22 30 15 -1 4 25 35

0 7 19 82 -15 7 44 14

0 0 4 87 -2 12 34 29

0 2 83 33 -12 33 49 48

0 8 15 87 -1 12 38 30

0 1 67 19 -9 7 11 33

0 12 13 69 -8 0 24 6

0 17 26 94 -9 7 42 17

0 11 13 85 -13 32 37 21

0 82 98 98 -18 41 44 5

0 47 49 2 -6 22 49 20

0 30 46 6 -5 19 45 7

0 6 12 8 -1 27 42 27

0 12 20 24 -9 5 11 34

0 2 33 80 -17 2 9 33

0 15 19 78 -11 5 34 48

0 2 8 15 -3 15 19 25

0 1 2 79 -11 4 22 36

0 5 10 10 -10 2 18 26

0 6 8 13 -15 21 26 36

0 3 4 15 -2 25 32 43


SAlphaB: 704.0, std-dev 244.3024878210526

Earliest win: 37
Latest win: 81

WinDepth:
0 0 0 0 0 0 0 0 0 0 0 0 0 0 0 0 0 0 0 0 0 0 0 0 0 0 0 0 0 0 0 0 0 0 0 0 0 4 0 1 0 2 4 13 8 21 10 33 24 53 78 191 110 127 111 146 138 171 144 175 190 239 267 318 342 385 452 341 435 386 426 416 457 340 432 350 281 263 169 156 106 88 
SAlphaB:
0 0 0 0 0 0 0 0 0 0 0 0 0 0 0 0 0 0 0 0 0 0 0 0 0 0 0 0 0 0 0 0 0 0 0 0 0 4 0 1 0 2 4 13 8 21 10 33 24 53 78 191 110 127 111 146 138 171 144 175 190 239 267 318 342 385 452 341 435 386 426 416 457 340 432 350 281 263 169 156 106 88 

LossDepth:
SAlphaB:
0 0 0 0 0 0 0 0 0 0 0 0 0 0 0 0 0 0 0 0 0 0 0 0 0 0 0 0 0 0 0 0 0 0 0 0 0 4 0 1 0 2 4 13 8 21 10 33 24 53 78 191 110 127 111 146 138 171 144 175 190 239 267 318 342 385 452 341 435 386 426 416 457 340 432 350 281 263 169 156 106 88 

FirstWin:
0 0 0 0 0 0 0 0 0 0 0 0 0 0 0 0 0 0 0 0 0 0 0 0 0 0 0 0 0 0 0 0 0 0 0 0 0 4 0 1 0 2 0 13 0 21 0 33 0 53 0 191 0 127 0 146 0 171 0 175 0 239 0 318 0 385 0 341 0 386 0 416 0 340 0 350 0 263 0 156 0 88 
SAlphaB:
0 0 0 0 0 0 0 0 0 0 0 0 0 0 0 0 0 0 0 0 0 0 0 0 0 0 0 0 0 0 0 0 0 0 0 0 0 4 0 1 0 2 0 13 0 21 0 33 0 53 0 191 0 127 0 146 0 171 0 175 0 239 0 318 0 385 0 341 0 386 0 416 0 340 0 350 0 263 0 156 0 88 

SecondWin:
0 0 0 0 0 0 0 0 0 0 0 0 0 0 0 0 0 0 0 0 0 0 0 0 0 0 0 0 0 0 0 0 0 0 0 0 0 0 0 0 0 0 4 0 8 0 10 0 24 0 78 0 110 0 111 0 138 0 144 0 190 0 267 0 342 0 452 0 435 0 426 0 457 0 432 0 281 0 169 0 106 0 
SAlphaB:
0 0 0 0 0 0 0 0 0 0 0 0 0 0 0 0 0 0 0 0 0 0 0 0 0 0 0 0 0 0 0 0 0 0 0 0 0 0 0 0 0 0 4 0 8 0 10 0 24 0 78 0 110 0 111 0 138 0 144 0 190 0 267 0 342 0 452 0 435 0 426 0 457 0 432 0 281 0 169 0 106 0 
