0 38 56 17 -4 6 15 15

0 61 72 29 -9 3 9 20

0 70 97 37 -15 5 11 35

0 57 64 58 -4 3 24 39

0 52 80 90 -12 9 25 34

0 72 97 41 -5 9 21 33

0 30 68 92 -4 12 31 41

0 64 92 79 -13 3 6 35

0 77 90 96 -5 2 10 0

0 81 89 70 -4 5 26 17

0 54 61 60 -14 9 33 31

0 51 53 41 -14 3 4 21

0 22 38 48 -3 4 5 22

0 63 72 65 -7 8 46 17

0 39 57 81 -5 12 23 1

0 44 79 96 -8 3 4 9

0 3 24 36 -11 0 7 2

0 22 55 47 -8 0 26 29

0 79 88 4 -1 2 18 0

0 13 77 23 -18 19 44 0

0 1 95 54 -18 26 47 19

0 21 58 68 -20 5 13 41

0 75 96 99 -18 38 46 34

0 8 64 67 -19 1 6 1

0 76 87 89 -16 12 18 40

0 48 51 26 -9 3 14 29

0 0 46 20 -2 37 39 5

0 27 42 84 -8 0 4 30

0 10 19 37 -9 11 13 5

0 11 69 75 -20 0 1 26

0 87 93 79 -15 30 35 47

0 63 89 42 -2 7 13 33

0 21 65 37 -5 8 38 35

0 38 99 66 -15 7 8 37

0 2 84 26 -5 8 23 17

0 43 59 40 -10 39 45 29

0 1 66 9 -16 10 32 25

0 10 39 38 -8 6 26 21

0 23 54 2 -14 5 20 29

0 56 66 54 -14 18 37 47

0 39 82 94 -9 12 13 47

0 12 15 47 -1 6 14 26

0 28 37 20 -4 16 30 8

0 34 69 9 -11 8 10 18

0 1 94 53 -17 2 19 45

0 4 21 52 -3 3 7 24

0 60 90 3 -4 0 48 31

0 39 44 41 -13 5 49 18

0 8 57 19 -18 2 29 29

0 39 41 1 -18 28 46 23

0 1 92 86 -15 4 34 24

0 12 14 61 -3 0 1 1

0 83 84 26 -6 30 40 48

0 26 99 80 -14 35 43 44

0 17 54 99 -4 24 47 47

0 22 88 50 -13 34 35 23

0 0 57 99 -2 28 45 17

0 10 16 34 -14 2 3 23

0 17 77 61 -20 21 23 2

0 17 31 29 -16 11 36 30

0 5 19 63 -19 1 15 13

0 44 50 12 -4 21 42 37

0 63 75 53 -20 34 42 11

0 16 18 8 -4 8 47 5

0 5 51 20 -18 1 13 29

0 22 24 50 -3 7 44 18

0 5 22 74 -2 3 31 14

0 6 7 95 -16 12 19 9

0 48 69 32 -2 0 1 33

0 1 16 93 -16 13 33 3

0 10 23 28 -5 11 35 1

0 1 9 89 -16 8 10 45

0 14 16 84 -20 35 49 6

0 0 3 35 -14 19 24 15

0 0 2 92 -12 19 39 2

0 3 16 62 -15 30 43 45

0 12 23 30 -7 19 33 27

0 41 50 79 -5 36 48 41

0 39 43 32 -20 20 38 36

0 20 28 52 -6 2 47 45

0 17 27 6 -19 39 48 46

0 0 2 79 -13 13 37 36

0 15 16 31 -13 37 45 15

0 3 11 96 -18 23 46 4

0 3 9 28 -15 25 29 7

0 8 15 7 -18 6 8 27

0 1 4 30 -17 0 14 8

0 0 1 28 -6 8 11 19

0 6 18 35 -12 34 36 45

0 10 20 8 -1 1 4 40

0 0 1 99 -11 9 35 23

0 0 1 75 -4 6 22 36

0 8 25 2 -20 3 7 49

0 0 6 38 -15 19 21 12

0 0 9 79 -20 3 6 47

0 3 4 62 -11 3 22 32

0 3 26 34 -6 2 20 37

0 8 13 9 -1 34 42 43

0 5 6 12 -13 6 32 49

0 8 14 0 -2 33 40 48


SAlphaB: 701.0, std-dev 260.6186568397

Earliest win: 37
Latest win: 81

WinDepth:
0 0 0 0 0 0 0 0 0 0 0 0 0 0 0 0 0 0 0 0 0 0 0 0 0 0 0 0 0 0 0 0 0 0 0 0 0 5 0 3 0 4 0 14 19 17 13 25 34 58 53 107 135 113 79 168 110 172 156 155 167 220 267 349 334 380 397 359 436 417 478 444 459 391 385 385 258 259 207 144 85 90 
SAlphaB:
0 0 0 0 0 0 0 0 0 0 0 0 0 0 0 0 0 0 0 0 0 0 0 0 0 0 0 0 0 0 0 0 0 0 0 0 0 5 0 3 0 4 0 14 19 17 13 25 34 58 53 107 135 113 79 168 110 172 156 155 167 220 267 349 334 380 397 359 436 417 478 444 459 391 385 385 258 259 207 144 85 90 

LossDepth:
SAlphaB:
0 0 0 0 0 0 0 0 0 0 0 0 0 0 0 0 0 0 0 0 0 0 0 0 0 0 0 0 0 0 0 0 0 0 0 0 0 5 0 3 0 4 0 14 19 17 13 25 34 58 53 107 135 113 79 168 110 172 156 155 167 220 267 349 334 380 397 359 436 417 478 444 459 391 385 385 258 259 207 144 85 90 

FirstWin:
0 0 0 0 0 0 0 0 0 0 0 0 0 0 0 0 0 0 0 0 0 0 0 0 0 0 0 0 0 0 0 0 0 0 0 0 0 5 0 3 0 4 0 14 0 17 0 25 0 58 0 107 0 113 0 168 0 172 0 155 0 220 0 349 0 380 0 359 0 417 0 444 0 391 0 385 0 259 0 144 0 90 
SAlphaB:
0 0 0 0 0 0 0 0 0 0 0 0 0 0 0 0 0 0 0 0 0 0 0 0 0 0 0 0 0 0 0 0 0 0 0 0 0 5 0 3 0 4 0 14 0 17 0 25 0 58 0 107 0 113 0 168 0 172 0 155 0 220 0 349 0 380 0 359 0 417 0 444 0 391 0 385 0 259 0 144 0 90 

SecondWin:
0 0 0 0 0 0 0 0 0 0 0 0 0 0 0 0 0 0 0 0 0 0 0 0 0 0 0 0 0 0 0 0 0 0 0 0 0 0 0 0 0 0 0 0 19 0 13 0 34 0 53 0 135 0 79 0 110 0 156 0 167 0 267 0 334 0 397 0 436 0 478 0 459 0 385 0 258 0 207 0 85 0 
SAlphaB:
0 0 0 0 0 0 0 0 0 0 0 0 0 0 0 0 0 0 0 0 0 0 0 0 0 0 0 0 0 0 0 0 0 0 0 0 0 0 0 0 0 0 0 0 19 0 13 0 34 0 53 0 135 0 79 0 110 0 156 0 167 0 267 0 334 0 397 0 436 0 478 0 459 0 385 0 258 0 207 0 85 0 
