0 31 84 98 -15 3 16 14

0 51 98 30 -1 7 36 11

0 42 66 28 -10 2 17 10

0 24 63 14 -10 1 2 2

0 51 58 29 -4 4 8 0

0 52 65 84 -7 16 19 21

0 79 95 85 -17 5 14 19

0 39 99 81 -15 3 35 47

0 46 75 42 -17 6 23 37

0 52 55 61 -7 5 37 4

0 16 91 31 -10 1 2 36

0 39 68 87 -1 14 29 14

0 10 94 78 -6 0 4 35

0 17 35 6 -20 0 1 1

0 23 46 60 -3 5 21 22

0 57 87 63 -5 6 8 14

0 65 67 63 -6 9 13 27

0 34 98 78 -1 7 19 21

0 38 76 56 -17 10 30 30

0 4 93 8 -6 7 18 7

0 77 88 65 -5 5 11 7

0 78 86 16 -12 10 37 16

0 29 33 46 -19 0 4 31

0 41 77 42 -18 9 16 30

0 37 79 40 -10 4 11 25

0 10 33 57 -19 2 8 5

0 19 42 81 -18 19 41 33

0 42 89 94 -18 2 3 37

0 27 98 57 -19 38 47 38

0 55 92 24 -3 21 44 0

0 45 80 27 -16 22 45 48

0 78 80 25 -4 27 45 14

0 48 55 58 -12 1 2 16

0 42 46 83 -7 2 3 13

0 5 29 49 -6 0 1 19

0 18 25 58 -1 10 23 1

0 28 32 94 -15 17 29 11

0 56 88 25 -6 11 18 49

0 11 49 74 -3 26 48 39

0 27 39 99 -7 18 44 2

0 16 88 9 -7 1 9 44

0 37 79 48 -16 5 38 34

0 33 35 20 -10 1 18 33

0 19 55 90 -7 36 38 23

0 76 94 41 -9 15 33 43

0 11 45 79 -18 1 10 11

0 48 53 86 -19 36 37 13

0 38 48 32 -7 6 8 42

0 34 49 17 -14 1 2 38

0 0 52 8 -8 17 41 0

0 79 80 48 -12 7 8 49

0 21 63 36 -2 6 39 16

0 10 25 57 -11 1 2 49

0 63 75 22 -15 46 48 31

0 12 16 94 -16 13 17 9

0 14 26 82 -9 23 39 39

0 53 62 97 -19 10 44 49

0 11 15 57 -7 2 13 1

0 5 86 9 -11 1 3 39

0 48 60 12 -8 18 40 29

0 11 65 8 -6 30 39 23

0 13 54 69 -18 21 48 7

0 11 31 38 -9 0 9 45

0 15 27 97 -20 25 29 35

0 14 44 60 -16 43 49 38

0 2 29 97 -20 31 48 16

0 2 9 70 -19 12 13 23

0 66 70 11 -6 0 2 49

0 6 35 44 -20 10 44 17

0 11 47 52 -15 3 38 38

0 1 89 4 -10 6 48 6

0 31 69 36 -9 21 23 18

0 10 18 66 -5 19 36 4

0 47 68 80 -6 34 35 21

0 3 33 41 -14 1 10 33

0 4 17 56 -6 14 25 10

0 3 10 67 -14 20 22 43

0 1 39 31 -5 0 1 48

0 39 54 48 -2 36 40 38

0 0 12 81 -9 11 22 11

0 48 60 77 -19 23 28 18

0 10 14 34 -18 9 44 16

0 4 13 59 -9 33 47 18

0 0 1 75 -7 9 10 22

0 3 4 78 -16 0 5 39

0 2 17 5 -16 28 44 36

0 2 9 82 -2 14 30 39

0 0 73 90 -18 11 12 43

0 6 33 90 -20 32 49 10

0 10 23 73 -12 7 29 43

0 11 12 70 -16 6 36 49

0 0 2 59 -7 37 47 30

0 9 16 33 -13 34 47 12

0 19 21 30 -20 8 42 33

0 10 16 72 -17 0 40 24

0 17 21 14 -19 17 18 39

0 0 9 9 -20 24 41 43

0 0 1 65 -19 42 49 19

0 3 36 78 -8 2 42 32

0 4 11 49 -14 1 48 28


SAlphaB: 696.0, std-dev 258.5653870763436

Earliest win: 37
Latest win: 81

WinDepth:
0 0 0 0 0 0 0 0 0 0 0 0 0 0 0 0 0 0 0 0 0 0 0 0 0 0 0 0 0 0 0 0 0 0 0 0 0 2 0 2 22 7 4 8 6 22 20 30 30 59 83 109 55 102 85 176 187 191 155 200 181 226 237 299 333 365 363 398 430 441 440 388 462 324 445 421 288 261 181 140 109 86 
SAlphaB:
0 0 0 0 0 0 0 0 0 0 0 0 0 0 0 0 0 0 0 0 0 0 0 0 0 0 0 0 0 0 0 0 0 0 0 0 0 2 0 2 22 7 4 8 6 22 20 30 30 59 83 109 55 102 85 176 187 191 155 200 181 226 237 299 333 365 363 398 430 441 440 388 462 324 445 421 288 261 181 140 109 86 

LossDepth:
SAlphaB:
0 0 0 0 0 0 0 0 0 0 0 0 0 0 0 0 0 0 0 0 0 0 0 0 0 0 0 0 0 0 0 0 0 0 0 0 0 2 0 2 22 7 4 8 6 22 20 30 30 59 83 109 55 102 85 176 187 191 155 200 181 226 237 299 333 365 363 398 430 441 440 388 462 324 445 421 288 261 181 140 109 86 

FirstWin:
0 0 0 0 0 0 0 0 0 0 0 0 0 0 0 0 0 0 0 0 0 0 0 0 0 0 0 0 0 0 0 0 0 0 0 0 0 2 0 2 0 7 0 8 0 22 0 30 0 59 0 109 0 102 0 176 0 191 0 200 0 226 0 299 0 365 0 398 0 441 0 388 0 324 0 421 0 261 0 140 0 86 
SAlphaB:
0 0 0 0 0 0 0 0 0 0 0 0 0 0 0 0 0 0 0 0 0 0 0 0 0 0 0 0 0 0 0 0 0 0 0 0 0 2 0 2 0 7 0 8 0 22 0 30 0 59 0 109 0 102 0 176 0 191 0 200 0 226 0 299 0 365 0 398 0 441 0 388 0 324 0 421 0 261 0 140 0 86 

SecondWin:
0 0 0 0 0 0 0 0 0 0 0 0 0 0 0 0 0 0 0 0 0 0 0 0 0 0 0 0 0 0 0 0 0 0 0 0 0 0 0 0 22 0 4 0 6 0 20 0 30 0 83 0 55 0 85 0 187 0 155 0 181 0 237 0 333 0 363 0 430 0 440 0 462 0 445 0 288 0 181 0 109 0 
SAlphaB:
0 0 0 0 0 0 0 0 0 0 0 0 0 0 0 0 0 0 0 0 0 0 0 0 0 0 0 0 0 0 0 0 0 0 0 0 0 0 0 0 22 0 4 0 6 0 20 0 30 0 83 0 55 0 85 0 187 0 155 0 181 0 237 0 333 0 363 0 430 0 440 0 462 0 445 0 288 0 181 0 109 0 
