0 46 72 37 -9 9 31 16

0 70 83 74 -5 8 37 19

0 48 96 23 -16 0 5 8

0 51 87 41 -19 1 19 37

0 63 94 55 -14 1 17 18

0 69 86 21 -5 3 6 13

0 70 75 86 -6 11 46 19

0 28 41 18 -3 1 6 4

0 65 82 70 -5 10 45 20

0 71 81 91 -17 4 14 18

0 58 90 14 -10 9 16 14

0 68 80 96 -16 3 22 28

0 73 90 61 -8 12 47 1

0 30 63 13 -16 0 3 8

0 62 99 40 -1 11 12 8

0 59 94 59 -16 1 19 21

0 46 71 32 -19 1 20 31

0 69 78 73 -18 15 27 41

0 67 74 44 -19 10 12 27

0 9 80 47 -2 0 7 5

0 19 44 5 -6 5 16 8

0 41 71 7 -4 4 28 1

0 67 95 27 -20 1 13 24

0 56 87 64 -19 4 21 17

0 52 97 67 -17 0 1 0

0 65 86 11 -3 5 19 0

0 54 79 4 -15 9 35 0

0 44 95 25 -16 1 25 5

0 24 60 21 -17 0 8 37

0 48 67 66 -11 0 3 0

0 46 73 74 -18 1 7 1

0 26 88 73 -18 16 33 20

0 62 96 19 -9 5 16 42

0 50 57 48 -11 2 7 10

0 86 93 26 -4 21 22 4

0 48 74 76 -19 1 10 6

0 85 89 53 -6 9 21 6

0 73 98 47 -16 1 42 11

0 34 51 19 -16 2 7 4

0 92 99 79 -8 13 27 5

0 29 85 53 -11 0 1 20

0 24 57 3 -18 0 2 7

0 9 83 76 -6 8 9 14

0 33 59 86 -2 1 3 1

0 25 76 47 -6 0 17 20

0 37 39 79 -13 0 1 7

0 81 90 27 -19 9 19 38

0 64 90 79 -4 0 36 10

0 77 80 80 -19 10 48 27

0 30 86 67 -11 13 18 31

0 16 35 75 -4 2 8 5

0 84 97 28 -12 3 17 31

0 64 84 47 -16 1 9 4

0 55 68 20 -20 11 22 3

0 0 88 67 -11 6 9 11

0 54 77 58 -10 9 24 34

0 50 62 17 -7 4 31 24

0 44 74 85 -11 3 10 31

0 2 99 87 -18 15 31 29

0 29 36 45 -4 5 26 7

0 57 85 43 -17 1 4 17

0 62 95 14 -2 14 48 5

0 61 70 84 -13 10 22 22

0 13 76 52 -8 18 29 6

0 65 90 65 -5 7 28 36

0 60 72 13 -1 12 29 30

0 17 60 80 -5 0 4 6

0 7 94 58 -8 9 18 8

0 36 84 88 -19 2 16 35

0 23 85 61 -18 9 23 0

0 12 54 85 -14 0 1 12

0 29 76 10 -13 4 5 25

0 91 94 84 -8 18 26 18

0 35 72 8 -10 3 10 31

0 25 56 41 -6 4 9 34

0 43 51 83 -10 14 37 36

0 10 56 18 -15 0 2 3

0 18 84 83 -10 5 7 4

0 17 18 38 -14 0 1 10

0 53 63 87 -5 1 2 3

0 48 76 17 -19 8 12 6

0 11 78 41 -20 4 8 1

0 43 53 15 -11 11 12 16

0 36 39 60 -13 5 20 12

0 11 31 45 -3 18 26 13

0 86 88 9 -7 4 27 3

0 9 89 94 -14 3 4 12

0 9 94 48 -9 5 9 4

0 15 82 57 -14 7 12 24

0 32 65 35 -13 15 35 27

0 6 98 79 -13 0 5 3

0 8 46 7 -20 0 1 0

0 61 70 77 -12 17 24 3

0 11 91 37 -11 0 1 40

0 29 57 86 -5 8 25 34

0 26 52 88 -9 21 26 21

0 23 77 31 -14 7 42 4

0 26 48 69 -12 31 33 30

0 19 82 30 -7 1 21 34

0 37 56 17 -18 31 47 5


SAlphaB: 756.0, std-dev 256.33488414237115

Earliest win: 35
Latest win: 81

WinDepth:
0 0 0 0 0 0 0 0 0 0 0 0 0 0 0 0 0 0 0 0 0 0 0 0 0 0 0 0 0 0 0 0 0 0 0 1 0 6 1 11 4 14 5 43 34 58 49 138 67 141 191 401 172 297 246 408 295 618 374 521 441 717 648 729 749 964 875 971 953 1029 960 1067 861 807 896 713 628 536 393 285 187 156 
SAlphaB:
0 0 0 0 0 0 0 0 0 0 0 0 0 0 0 0 0 0 0 0 0 0 0 0 0 0 0 0 0 0 0 0 0 0 0 1 0 6 1 11 4 14 5 43 34 58 49 138 67 141 191 401 172 297 246 408 295 618 374 521 441 717 648 729 749 964 875 971 953 1029 960 1067 861 807 896 713 628 536 393 285 187 156 

LossDepth:
SAlphaB:
0 0 0 0 0 0 0 0 0 0 0 0 0 0 0 0 0 0 0 0 0 0 0 0 0 0 0 0 0 0 0 0 0 0 0 1 0 3 0 5 1 7 2 34 20 47 28 71 37 82 117 162 113 159 162 265 189 383 257 312 283 477 412 551 523 708 654 772 697 903 742 887 642 653 674 656 485 473 316 266 206 139 

FirstWin:
0 0 0 0 0 0 0 0 0 0 0 0 0 0 0 0 0 0 0 0 0 0 0 0 0 0 0 0 0 0 0 0 0 0 0 1 0 6 0 11 0 14 0 43 0 58 0 138 0 141 0 401 0 297 0 408 0 618 0 521 0 717 0 729 0 964 0 971 0 1029 0 1067 0 807 0 713 0 536 0 285 0 156 
SAlphaB:
0 0 0 0 0 0 0 0 0 0 0 0 0 0 0 0 0 0 0 0 0 0 0 0 0 0 0 0 0 0 0 0 0 0 0 1 0 6 0 11 0 14 0 43 0 58 0 138 0 141 0 401 0 297 0 408 0 618 0 521 0 717 0 729 0 964 0 971 0 1029 0 1067 0 807 0 713 0 536 0 285 0 156 

SecondWin:
0 0 0 0 0 0 0 0 0 0 0 0 0 0 0 0 0 0 0 0 0 0 0 0 0 0 0 0 0 0 0 0 0 0 0 0 0 0 1 0 4 0 5 0 34 0 49 0 67 0 191 0 172 0 246 0 295 0 374 0 441 0 648 0 749 0 875 0 953 0 960 0 861 0 896 0 628 0 393 0 187 0 
SAlphaB:
0 0 0 0 0 0 0 0 0 0 0 0 0 0 0 0 0 0 0 0 0 0 0 0 0 0 0 0 0 0 0 0 0 0 0 0 0 0 1 0 4 0 5 0 34 0 49 0 67 0 191 0 172 0 246 0 295 0 374 0 441 0 648 0 749 0 875 0 953 0 960 0 861 0 896 0 628 0 393 0 187 0 
