0 0 88 67 -11 6 9 11

0 67 95 27 -20 1 13 24

0 24 57 3 -18 0 2 7

0 54 77 58 -10 9 24 34

0 43 53 15 -11 11 12 16

0 24 60 21 -17 0 8 37

0 9 83 76 -6 8 9 14

0 8 46 7 -20 0 1 0

0 61 70 77 -12 17 24 3

0 11 91 37 -11 0 1 40

0 88 92 76 -2 13 39 23

0 61 84 26 -5 26 39 27

0 34 78 67 -14 1 4 46

0 10 71 35 -4 2 8 12

0 16 66 63 -8 3 16 29

0 25 39 48 -12 6 16 23

0 26 31 93 -2 7 8 4

0 45 77 86 -3 0 30 41

0 34 42 59 -8 37 46 37

0 45 89 16 -19 3 4 44

0 58 77 25 -19 7 8 25

0 3 78 92 -4 0 24 13

0 59 93 30 -8 4 16 0

0 48 61 25 -11 5 23 0

0 4 68 89 -14 18 44 21

0 64 71 3 -1 34 36 39

0 56 79 14 -12 20 47 25

0 21 67 88 -11 23 26 19

0 17 43 99 -13 13 37 4

0 27 40 55 -2 2 3 20

0 12 68 78 -3 4 8 31

0 51 62 1 -11 12 40 13

0 6 14 56 -14 0 3 7

0 51 79 18 -6 2 10 46

0 6 65 93 -8 29 47 38

0 44 61 20 -18 6 9 38

0 68 75 71 -14 36 42 40

0 70 72 84 -7 0 1 40

0 32 44 31 -20 23 24 13

0 5 58 6 -8 46 48 8

0 7 61 31 -19 0 5 46

0 15 65 36 -11 1 15 34

0 33 65 70 -15 31 49 29

0 5 57 59 -9 1 3 36

0 9 58 99 -13 7 10 16

0 2 66 97 -19 44 47 11

0 21 50 52 -1 4 36 5

0 47 71 56 -10 28 41 10

0 51 71 19 -17 5 39 43

0 19 43 90 -10 1 4 37

0 20 22 64 -1 6 13 2

0 4 58 0 -2 14 35 44

0 22 26 26 -7 35 42 37

0 24 79 77 -14 12 23 8

0 15 50 58 -10 35 49 19

0 14 25 4 -20 0 19 20

0 1 22 92 -13 2 3 18

0 6 68 39 -13 0 1 47

0 16 40 50 -7 36 41 6

0 19 55 78 -10 2 32 8

0 41 45 92 -5 19 30 18

0 23 54 4 -5 21 24 24

0 2 40 91 -3 12 23 41

0 0 25 91 -7 36 43 35

0 3 43 18 -9 13 46 33

0 23 50 16 -14 11 16 8

0 17 53 19 -16 10 17 29

0 21 23 19 -13 5 16 40

0 2 24 14 -13 17 19 13

0 5 13 86 -8 4 13 1

0 2 65 58 -2 7 12 41

0 13 18 69 -20 7 12 5

0 6 20 18 -13 26 34 5

0 9 29 48 -15 11 42 0

0 72 75 36 -15 19 24 7

0 19 66 96 -4 13 14 2

0 10 18 83 -4 35 36 28

0 13 39 19 -3 10 35 7

0 16 32 43 -2 18 27 42

0 3 4 96 -11 17 26 8

0 2 3 48 -2 33 36 6

0 1 2 89 -8 5 25 16

0 14 16 35 -19 1 8 42

0 0 25 58 -20 23 34 25

0 15 17 94 -7 33 37 15

0 1 3 34 -18 4 14 31

0 16 24 5 -20 5 6 46

0 1 6 18 -7 0 32 48

0 9 39 55 -6 18 41 8

0 0 4 98 -6 0 7 44

0 2 4 72 -12 9 12 4

0 7 9 15 -20 6 38 10

0 14 24 1 -16 20 28 41

0 0 11 18 -15 29 37 42

0 1 8 36 -20 3 4 45

0 11 14 59 -9 1 3 44

0 0 9 31 -19 16 22 1

0 0 2 45 -6 22 26 3

0 8 16 80 -8 4 28 40

0 1 12 0 -11 20 24 43


SAlphaB: 718.0, std-dev 277.60802183632734

Earliest win: 35
Latest win: 81

WinDepth:
0 0 0 0 0 0 0 0 0 0 0 0 0 0 0 0 0 0 0 0 0 0 0 0 0 0 0 0 0 0 0 0 0 0 0 3 0 2 1 7 5 8 2 30 8 25 6 66 36 46 65 193 99 133 77 154 93 175 120 151 157 257 229 307 299 349 432 385 425 406 451 490 414 378 384 345 299 248 167 179 101 91 
SAlphaB:
0 0 0 0 0 0 0 0 0 0 0 0 0 0 0 0 0 0 0 0 0 0 0 0 0 0 0 0 0 0 0 0 0 0 0 3 0 2 1 7 5 8 2 30 8 25 6 66 36 46 65 193 99 133 77 154 93 175 120 151 157 257 229 307 299 349 432 385 425 406 451 490 414 378 384 345 299 248 167 179 101 91 

LossDepth:
SAlphaB:
0 0 0 0 0 0 0 0 0 0 0 0 0 0 0 0 0 0 0 0 0 0 0 0 0 0 0 0 0 0 0 0 0 0 0 3 0 2 1 7 5 8 2 30 8 25 6 66 36 46 65 193 99 133 77 154 93 175 120 151 157 257 229 307 299 349 432 385 425 406 451 490 414 378 384 345 299 248 167 179 101 91 

FirstWin:
0 0 0 0 0 0 0 0 0 0 0 0 0 0 0 0 0 0 0 0 0 0 0 0 0 0 0 0 0 0 0 0 0 0 0 3 0 2 0 7 0 8 0 30 0 25 0 66 0 46 0 193 0 133 0 154 0 175 0 151 0 257 0 307 0 349 0 385 0 406 0 490 0 378 0 345 0 248 0 179 0 91 
SAlphaB:
0 0 0 0 0 0 0 0 0 0 0 0 0 0 0 0 0 0 0 0 0 0 0 0 0 0 0 0 0 0 0 0 0 0 0 3 0 2 0 7 0 8 0 30 0 25 0 66 0 46 0 193 0 133 0 154 0 175 0 151 0 257 0 307 0 349 0 385 0 406 0 490 0 378 0 345 0 248 0 179 0 91 

SecondWin:
0 0 0 0 0 0 0 0 0 0 0 0 0 0 0 0 0 0 0 0 0 0 0 0 0 0 0 0 0 0 0 0 0 0 0 0 0 0 1 0 5 0 2 0 8 0 6 0 36 0 65 0 99 0 77 0 93 0 120 0 157 0 229 0 299 0 432 0 425 0 451 0 414 0 384 0 299 0 167 0 101 0 
SAlphaB:
0 0 0 0 0 0 0 0 0 0 0 0 0 0 0 0 0 0 0 0 0 0 0 0 0 0 0 0 0 0 0 0 0 0 0 0 0 0 1 0 5 0 2 0 8 0 6 0 36 0 65 0 99 0 77 0 93 0 120 0 157 0 229 0 299 0 432 0 425 0 451 0 414 0 384 0 299 0 167 0 101 0 
