0 62 96 19 -9 5 16 42

0 10 56 18 -15 0 2 3

0 46 73 74 -18 1 7 1

0 77 80 80 -19 10 48 27

0 23 85 61 -18 9 23 0

0 30 86 67 -11 13 18 31

0 9 89 94 -14 3 4 12

0 32 65 35 -13 15 35 27

0 11 31 45 -3 18 26 13

0 35 72 8 -10 3 10 31

0 27 53 56 -13 9 21 2

0 26 33 78 -2 2 5 0

0 6 54 98 -5 10 21 41

0 62 64 16 -20 18 25 26

0 13 30 36 -1 4 11 23

0 59 79 7 -17 1 3 45

0 39 58 57 -7 36 44 24

0 42 62 97 -1 4 17 25

0 20 27 65 -11 18 38 23

0 55 68 21 -19 0 4 41

0 15 46 20 -12 5 21 12

0 39 72 3 -14 12 22 20

0 62 90 85 -16 10 18 10

0 34 91 24 -9 16 26 5

0 34 98 4 -5 15 26 7

0 35 42 29 -10 8 19 8

0 14 65 10 -9 9 39 14

0 40 66 18 -4 18 36 24

0 19 28 26 -9 27 32 13

0 19 83 85 -15 24 49 20

0 39 59 7 -15 17 39 35

0 33 54 80 -10 9 12 4

0 4 17 92 -4 0 1 25

0 29 80 75 -10 7 10 1

0 25 53 59 -17 6 34 6

0 5 67 21 -2 33 40 17

0 19 23 21 -16 24 29 33

0 5 45 89 -7 0 1 17

0 68 71 89 -12 27 28 32

0 20 29 80 -4 15 49 21

0 2 29 87 -20 0 1 42

0 20 32 93 -20 8 19 36

0 14 56 98 -8 11 29 40

0 19 45 30 -12 0 33 25

0 43 46 13 -12 1 22 11

0 18 52 12 -13 32 33 8

0 22 55 90 -18 9 43 41

0 49 63 85 -7 0 25 6

0 18 62 42 -18 23 40 17

0 15 34 65 -16 9 11 13

0 26 86 48 -2 24 49 42

0 28 52 93 -5 9 42 3

0 17 33 81 -13 2 10 13

0 1 2 88 -19 5 9 41

0 20 43 20 -18 35 44 42

0 22 98 9 -2 16 33 12

0 4 10 56 -15 35 36 36

0 22 33 5 -10 20 24 19

0 2 5 75 -15 3 24 10

0 36 79 79 -14 21 25 39

0 0 25 32 -8 7 30 16

0 15 82 42 -2 34 35 45

0 24 45 98 -15 43 49 24

0 38 43 10 -4 40 45 1

0 41 46 93 -3 0 1 28

0 4 57 70 -9 2 41 17

0 23 25 99 -4 7 19 45

0 12 33 56 -17 31 49 12

0 11 26 8 -11 17 42 11

0 30 46 9 -2 24 27 25

0 7 39 91 -7 21 24 40

0 21 77 10 -15 11 26 20

0 9 15 98 -20 6 13 28

0 0 41 65 -19 6 49 27

0 9 33 24 -2 0 1 25

0 18 27 38 -18 11 15 31

0 8 26 13 -18 0 41 30

0 0 6 31 -5 11 21 3

0 9 12 81 -1 13 27 24

0 10 32 99 -6 10 11 46

0 10 27 56 -6 26 47 30

0 6 10 89 -18 10 27 31

0 8 23 75 -16 0 30 42

0 40 52 95 -3 0 7 31

0 14 20 43 -19 20 35 18

0 12 16 53 -2 6 9 23

0 3 20 17 -13 11 17 37

0 4 6 53 -17 5 21 22

0 3 38 73 -6 1 2 29

0 5 11 1 -3 2 45 6

0 11 28 55 -7 5 20 31

0 8 9 8 -15 2 31 40

0 15 18 21 -14 6 12 31

0 2 34 94 -6 5 46 18

0 0 8 37 -2 8 26 2

0 4 35 14 -7 4 39 44

0 0 2 71 -19 9 46 5

0 6 25 20 -3 5 41 47

0 0 3 0 -18 23 27 49

0 3 5 20 -4 23 30 44


SAlphaB: 708.0, std-dev 253.02002196496528

Earliest win: 37
Latest win: 81

WinDepth:
0 0 0 0 0 0 0 0 0 0 0 0 0 0 0 0 0 0 0 0 0 0 0 0 0 0 0 0 0 0 0 0 0 0 0 0 0 1 1 0 2 5 1 9 14 18 11 32 33 60 44 172 113 127 86 175 107 165 162 181 209 240 238 325 360 376 434 357 427 447 455 435 402 411 361 341 284 237 187 149 101 61 
SAlphaB:
0 0 0 0 0 0 0 0 0 0 0 0 0 0 0 0 0 0 0 0 0 0 0 0 0 0 0 0 0 0 0 0 0 0 0 0 0 1 1 0 2 5 1 9 14 18 11 32 33 60 44 172 113 127 86 175 107 165 162 181 209 240 238 325 360 376 434 357 427 447 455 435 402 411 361 341 284 237 187 149 101 61 

LossDepth:
SAlphaB:
0 0 0 0 0 0 0 0 0 0 0 0 0 0 0 0 0 0 0 0 0 0 0 0 0 0 0 0 0 0 0 0 0 0 0 0 0 1 1 0 2 5 1 9 14 18 11 32 33 60 44 172 113 127 86 175 107 165 162 181 209 240 238 325 360 376 434 357 427 447 455 435 402 411 361 341 284 237 187 149 101 61 

FirstWin:
0 0 0 0 0 0 0 0 0 0 0 0 0 0 0 0 0 0 0 0 0 0 0 0 0 0 0 0 0 0 0 0 0 0 0 0 0 1 0 0 0 5 0 9 0 18 0 32 0 60 0 172 0 127 0 175 0 165 0 181 0 240 0 325 0 376 0 357 0 447 0 435 0 411 0 341 0 237 0 149 0 61 
SAlphaB:
0 0 0 0 0 0 0 0 0 0 0 0 0 0 0 0 0 0 0 0 0 0 0 0 0 0 0 0 0 0 0 0 0 0 0 0 0 1 0 0 0 5 0 9 0 18 0 32 0 60 0 172 0 127 0 175 0 165 0 181 0 240 0 325 0 376 0 357 0 447 0 435 0 411 0 341 0 237 0 149 0 61 

SecondWin:
0 0 0 0 0 0 0 0 0 0 0 0 0 0 0 0 0 0 0 0 0 0 0 0 0 0 0 0 0 0 0 0 0 0 0 0 0 0 1 0 2 0 1 0 14 0 11 0 33 0 44 0 113 0 86 0 107 0 162 0 209 0 238 0 360 0 434 0 427 0 455 0 402 0 361 0 284 0 187 0 101 0 
SAlphaB:
0 0 0 0 0 0 0 0 0 0 0 0 0 0 0 0 0 0 0 0 0 0 0 0 0 0 0 0 0 0 0 0 0 0 0 0 0 0 1 0 2 0 1 0 14 0 11 0 33 0 44 0 113 0 86 0 107 0 162 0 209 0 238 0 360 0 434 0 427 0 455 0 402 0 361 0 284 0 187 0 101 0 
