0 51 87 41 -19 1 19 37

0 9 94 48 -9 5 9 4

0 17 18 38 -14 0 1 10

0 56 87 64 -19 4 21 17

0 92 99 79 -8 13 27 5

0 36 39 60 -13 5 20 12

0 46 72 37 -9 9 31 16

0 48 76 17 -19 8 12 6

0 73 98 47 -16 1 42 11

0 16 35 75 -4 2 8 5

0 73 85 77 -15 3 45 10

0 70 85 58 -11 3 21 38

0 53 55 55 -16 4 12 21

0 60 67 97 -1 8 31 8

0 67 90 57 -4 8 18 12

0 35 40 87 -5 6 33 15

0 30 41 83 -7 1 11 12

0 67 89 25 -15 11 22 40

0 38 73 74 -1 13 42 22

0 41 82 21 -15 8 15 2

0 14 69 95 -17 29 48 32

0 9 78 7 -18 44 49 14

0 82 96 84 -20 9 16 14

0 53 94 76 -11 10 47 46

0 43 97 88 -15 10 15 23

0 0 27 78 -12 5 8 8

0 82 96 28 -5 4 15 28

0 9 54 78 -17 16 43 22

0 52 74 44 -1 6 7 12

0 66 91 46 -20 6 8 26

0 37 67 9 -17 2 21 49

0 11 61 22 -14 19 35 5

0 33 52 33 -15 13 21 41

0 16 49 21 -9 18 21 33

0 29 35 50 -1 4 9 25

0 23 39 43 -8 33 35 11

0 69 75 29 -10 0 4 5

0 69 70 12 -3 18 25 21

0 37 83 16 -8 4 46 22

0 84 92 20 -7 23 33 31

0 0 52 51 -5 4 21 18

0 14 63 8 -2 5 7 40

0 14 48 84 -12 10 23 28

0 17 28 81 -11 1 2 40

0 31 49 82 -11 8 26 43

0 44 89 32 -15 17 46 43

0 20 90 1 -12 9 31 19

0 25 37 38 -20 7 23 37

0 29 73 87 -12 4 7 40

0 17 70 18 -19 5 26 13

0 39 49 85 -8 35 43 14

0 2 30 79 -10 25 30 35

0 3 41 80 -13 13 32 43

0 34 78 91 -8 28 33 35

0 53 71 41 -18 37 47 36

0 42 47 88 -5 0 1 12

0 39 41 11 -16 40 49 38

0 58 74 42 -16 2 4 41

0 50 56 63 -9 14 16 24

0 22 67 88 -18 3 4 41

0 11 60 14 -11 1 31 5

0 19 24 52 -6 0 22 6

0 52 57 8 -3 13 23 35

0 11 13 77 -17 5 22 14

0 72 84 21 -4 31 35 39

0 14 82 15 -8 44 49 49

0 46 54 86 -8 11 21 31

0 21 23 34 -15 9 10 41

0 59 72 92 -10 35 47 42

0 6 41 77 -13 16 43 40

0 9 94 5 -16 13 42 48

0 9 25 20 -17 5 10 47

0 1 15 60 -17 9 15 35

0 6 31 8 -5 1 2 27

0 10 45 23 -15 3 42 43

0 4 29 61 -9 20 35 49

0 4 31 12 -19 3 35 13

0 14 50 69 -17 33 45 48

0 8 49 78 -18 8 49 14

0 5 14 69 -8 8 25 12

0 54 58 45 -7 29 34 1

0 3 5 15 -7 18 21 4

0 16 29 69 -9 9 39 23

0 0 4 56 -14 14 39 10

0 1 2 31 -18 14 18 35

0 4 7 22 -14 7 9 42

0 1 84 19 -6 6 48 41

0 17 24 24 -5 18 29 49

0 4 7 74 -4 13 46 7

0 1 25 83 -2 1 22 7

0 1 11 67 -13 34 43 11

0 9 11 18 -5 5 46 44

0 1 10 13 -5 4 11 42

0 0 13 81 -5 22 49 9

0 10 11 16 -6 20 35 49

0 11 32 15 -15 6 37 47

0 1 4 79 -11 0 17 14

0 1 12 83 -7 1 9 24

0 2 10 58 -15 28 29 0

0 1 5 11 -2 3 13 39


SAlphaB: 688.0, std-dev 260.9703042435474

Earliest win: 37
Latest win: 81

WinDepth:
0 0 0 0 0 0 0 0 0 0 0 0 0 0 0 0 0 0 0 0 0 0 0 0 0 0 0 0 0 0 0 0 0 0 0 0 0 6 0 4 3 8 2 4 10 23 10 33 24 62 83 157 119 119 106 208 149 210 128 195 188 241 266 315 353 362 351 422 414 411 424 506 419 396 389 347 279 220 148 146 100 67 
SAlphaB:
0 0 0 0 0 0 0 0 0 0 0 0 0 0 0 0 0 0 0 0 0 0 0 0 0 0 0 0 0 0 0 0 0 0 0 0 0 6 0 4 3 8 2 4 10 23 10 33 24 62 83 157 119 119 106 208 149 210 128 195 188 241 266 315 353 362 351 422 414 411 424 506 419 396 389 347 279 220 148 146 100 67 

LossDepth:
SAlphaB:
0 0 0 0 0 0 0 0 0 0 0 0 0 0 0 0 0 0 0 0 0 0 0 0 0 0 0 0 0 0 0 0 0 0 0 0 0 6 0 4 3 8 2 4 10 23 10 33 24 62 83 157 119 119 106 208 149 210 128 195 188 241 266 315 353 362 351 422 414 411 424 506 419 396 389 347 279 220 148 146 100 67 

FirstWin:
0 0 0 0 0 0 0 0 0 0 0 0 0 0 0 0 0 0 0 0 0 0 0 0 0 0 0 0 0 0 0 0 0 0 0 0 0 6 0 4 0 8 0 4 0 23 0 33 0 62 0 157 0 119 0 208 0 210 0 195 0 241 0 315 0 362 0 422 0 411 0 506 0 396 0 347 0 220 0 146 0 67 
SAlphaB:
0 0 0 0 0 0 0 0 0 0 0 0 0 0 0 0 0 0 0 0 0 0 0 0 0 0 0 0 0 0 0 0 0 0 0 0 0 6 0 4 0 8 0 4 0 23 0 33 0 62 0 157 0 119 0 208 0 210 0 195 0 241 0 315 0 362 0 422 0 411 0 506 0 396 0 347 0 220 0 146 0 67 

SecondWin:
0 0 0 0 0 0 0 0 0 0 0 0 0 0 0 0 0 0 0 0 0 0 0 0 0 0 0 0 0 0 0 0 0 0 0 0 0 0 0 0 3 0 2 0 10 0 10 0 24 0 83 0 119 0 106 0 149 0 128 0 188 0 266 0 353 0 351 0 414 0 424 0 419 0 389 0 279 0 148 0 100 0 
SAlphaB:
0 0 0 0 0 0 0 0 0 0 0 0 0 0 0 0 0 0 0 0 0 0 0 0 0 0 0 0 0 0 0 0 0 0 0 0 0 0 0 0 3 0 2 0 10 0 10 0 24 0 83 0 119 0 106 0 149 0 128 0 188 0 266 0 353 0 351 0 414 0 424 0 419 0 389 0 279 0 148 0 100 0 
