0 29 57 86 -5 8 25 34

0 85 89 53 -6 9 21 6

0 69 86 21 -5 3 6 13

0 30 63 13 -16 0 3 8

0 43 51 83 -10 14 37 36

0 28 41 18 -3 1 6 4

0 64 84 47 -16 1 9 4

0 64 90 79 -4 0 36 10

0 26 88 73 -18 16 33 20

0 53 63 87 -5 1 2 3

0 90 98 3 -2 17 38 33

0 40 70 39 -10 5 35 28

0 19 71 77 -14 2 14 25

0 24 64 26 -11 42 48 12

0 31 64 63 -8 0 37 14

0 24 58 37 -8 2 23 16

0 33 89 30 -9 15 41 42

0 77 92 72 -1 5 17 30

0 32 55 50 -15 3 4 22

0 26 36 81 -5 2 5 16

0 12 17 44 -6 1 2 12

0 52 69 97 -18 0 4 25

0 43 58 24 -13 0 1 29

0 31 59 1 -3 11 19 39

0 34 42 37 -2 17 22 12

0 17 76 35 -14 0 21 26

0 40 53 67 -20 15 38 35

0 57 59 72 -8 4 8 31

0 6 58 22 -10 9 28 10

0 36 66 93 -2 26 32 0

0 11 87 68 -8 13 49 9

0 40 58 51 -18 16 18 7

0 37 56 28 -13 7 12 35

0 35 62 76 -7 14 34 4

0 21 54 34 -8 7 18 28

0 13 51 14 -14 35 36 4

0 7 88 57 -13 0 1 22

0 10 84 97 -8 34 36 40

0 3 70 80 -14 0 27 19

0 71 73 48 -1 17 41 46

0 84 92 55 -8 9 43 45

0 21 28 29 -15 4 9 33

0 32 38 14 -7 30 36 24

0 27 51 65 -14 24 36 3

0 48 92 44 -14 20 36 24

0 33 34 43 -20 10 17 32

0 27 60 26 -20 3 12 48

0 32 37 91 -18 3 21 27

0 29 36 9 -15 26 36 25

0 45 52 1 -3 31 46 16

0 27 29 28 -6 4 48 2

0 10 69 56 -6 0 19 14

0 36 94 0 -19 3 34 29

0 45 47 87 -4 20 37 7

0 39 59 68 -17 5 39 4

0 58 83 74 -7 3 5 49

0 18 37 58 -5 4 22 27

0 27 77 24 -1 23 37 37

0 20 42 80 -15 4 6 29

0 2 62 62 -17 36 45 31

0 24 64 18 -3 1 6 46

0 20 55 71 -10 23 35 27

0 40 45 39 -1 0 6 39

0 13 29 11 -16 45 47 24

0 26 70 45 -14 19 25 46

0 7 27 67 -1 41 42 22

0 15 33 27 -17 21 26 29

0 12 59 62 -15 14 20 46

0 15 46 35 -10 28 44 5

0 1 14 38 -7 15 41 19

0 2 61 80 -12 1 2 26

0 2 26 52 -11 26 40 15

0 3 35 73 -6 8 17 39

0 1 9 6 -12 9 23 0

0 7 46 22 -13 3 5 44

0 3 32 27 -11 17 30 22

0 2 13 44 -5 11 15 7

0 0 2 61 -4 7 43 39

0 22 49 16 -5 17 22 27

0 14 96 90 -19 44 46 0

0 20 25 62 -20 15 25 19

0 10 42 77 -9 30 42 2

0 0 1 50 -8 0 11 18

0 0 3 6 -15 9 36 49

0 24 73 79 -2 0 2 49

0 1 17 46 -9 22 45 0

0 17 20 46 -1 10 14 49

0 1 17 90 -5 1 20 15

0 10 20 67 -9 12 33 4

0 4 5 64 -3 5 25 4

0 11 18 95 -19 6 32 19

0 2 10 70 -20 2 20 0

0 1 34 77 -2 2 26 21

0 0 2 6 -8 12 47 34

0 2 13 55 -9 8 19 46

0 0 45 22 -8 5 38 49

0 7 10 98 -14 43 49 5

0 0 1 1 -4 3 33 20

0 2 4 6 -13 19 40 44

0 0 5 41 -7 3 35 11


SAlphaB: 707.0, std-dev 256.2201374568046

Earliest win: 37
Latest win: 81

WinDepth:
0 0 0 0 0 0 0 0 0 0 0 0 0 0 0 0 0 0 0 0 0 0 0 0 0 0 0 0 0 0 0 0 0 0 0 0 0 1 0 1 0 8 0 28 13 18 17 23 36 51 81 156 97 83 80 152 115 160 112 182 158 260 247 399 318 342 416 395 489 378 514 497 392 417 347 344 242 249 164 152 112 75 
SAlphaB:
0 0 0 0 0 0 0 0 0 0 0 0 0 0 0 0 0 0 0 0 0 0 0 0 0 0 0 0 0 0 0 0 0 0 0 0 0 1 0 1 0 8 0 28 13 18 17 23 36 51 81 156 97 83 80 152 115 160 112 182 158 260 247 399 318 342 416 395 489 378 514 497 392 417 347 344 242 249 164 152 112 75 

LossDepth:
SAlphaB:
0 0 0 0 0 0 0 0 0 0 0 0 0 0 0 0 0 0 0 0 0 0 0 0 0 0 0 0 0 0 0 0 0 0 0 0 0 1 0 1 0 8 0 28 13 18 17 23 36 51 81 156 97 83 80 152 115 160 112 182 158 260 247 399 318 342 416 395 489 378 514 497 392 417 347 344 242 249 164 152 112 75 

FirstWin:
0 0 0 0 0 0 0 0 0 0 0 0 0 0 0 0 0 0 0 0 0 0 0 0 0 0 0 0 0 0 0 0 0 0 0 0 0 1 0 1 0 8 0 28 0 18 0 23 0 51 0 156 0 83 0 152 0 160 0 182 0 260 0 399 0 342 0 395 0 378 0 497 0 417 0 344 0 249 0 152 0 75 
SAlphaB:
0 0 0 0 0 0 0 0 0 0 0 0 0 0 0 0 0 0 0 0 0 0 0 0 0 0 0 0 0 0 0 0 0 0 0 0 0 1 0 1 0 8 0 28 0 18 0 23 0 51 0 156 0 83 0 152 0 160 0 182 0 260 0 399 0 342 0 395 0 378 0 497 0 417 0 344 0 249 0 152 0 75 

SecondWin:
0 0 0 0 0 0 0 0 0 0 0 0 0 0 0 0 0 0 0 0 0 0 0 0 0 0 0 0 0 0 0 0 0 0 0 0 0 0 0 0 0 0 0 0 13 0 17 0 36 0 81 0 97 0 80 0 115 0 112 0 158 0 247 0 318 0 416 0 489 0 514 0 392 0 347 0 242 0 164 0 112 0 
SAlphaB:
0 0 0 0 0 0 0 0 0 0 0 0 0 0 0 0 0 0 0 0 0 0 0 0 0 0 0 0 0 0 0 0 0 0 0 0 0 0 0 0 0 0 0 0 13 0 17 0 36 0 81 0 97 0 80 0 115 0 112 0 158 0 247 0 318 0 416 0 489 0 514 0 392 0 347 0 242 0 164 0 112 0 
