0 61 70 84 -13 10 22 22

0 70 75 86 -6 11 46 19

0 48 74 76 -19 1 10 6

0 86 88 9 -7 4 27 3

0 37 56 17 -18 31 47 5

0 58 90 14 -10 9 16 14

0 25 56 41 -6 4 9 34

0 6 98 79 -13 0 5 3

0 29 36 45 -4 5 26 7

0 48 67 66 -11 0 3 0

0 61 80 47 -20 3 7 33

0 57 58 78 -8 10 21 23

0 27 90 36 -14 45 48 23

0 23 79 30 -7 2 28 20

0 36 59 64 -2 9 36 24

0 43 44 50 -11 8 9 7

0 27 68 32 -10 13 17 35

0 73 77 8 -6 4 44 4

0 21 83 52 -9 16 38 7

0 33 86 67 -13 17 38 32

0 47 59 9 -2 0 26 12

0 3 43 26 -18 0 4 8

0 41 45 89 -9 12 23 31

0 75 78 43 -2 17 46 47

0 52 72 81 -11 1 5 43

0 20 25 93 -14 6 17 43

0 68 88 25 -12 1 3 28

0 48 81 46 -12 12 33 48

0 43 47 32 -18 22 32 38

0 27 58 91 -2 15 24 31

0 33 36 68 -6 3 25 0

0 1 54 50 -10 12 32 32

0 9 57 68 -16 3 9 30

0 51 56 15 -6 32 40 49

0 24 29 82 -3 4 15 43

0 21 59 43 -10 4 5 20

0 11 44 45 -15 2 8 8

0 32 46 80 -13 18 21 9

0 25 39 74 -18 8 17 49

0 24 91 63 -20 10 32 18

0 5 67 88 -4 3 4 22

0 69 90 40 -4 24 27 43

0 33 52 49 -6 38 42 46

0 38 73 96 -8 1 4 27

0 6 77 11 -17 11 14 11

0 27 58 75 -20 6 27 43

0 51 94 16 -17 24 40 34

0 8 22 56 -3 15 26 20

0 13 91 17 -14 9 24 14

0 1 21 53 -8 15 32 12

0 22 28 25 -14 17 30 26

0 19 25 12 -16 3 8 11

0 12 16 42 -12 16 33 2

0 25 44 9 -15 3 40 10

0 44 55 24 -3 11 19 40

0 12 22 36 -16 45 48 9

0 29 33 34 -9 5 46 18

0 41 47 58 -4 42 43 41

0 40 82 88 -3 1 7 30

0 49 88 2 -15 29 38 39

0 2 63 74 -13 3 48 46

0 10 51 76 -18 1 21 38

0 18 24 98 -16 19 39 34

0 2 8 4 -6 19 41 3

0 24 59 8 -3 2 39 7

0 13 39 79 -8 27 38 4

0 61 72 68 -10 25 32 23

0 61 78 93 -8 32 46 28

0 23 42 52 -7 21 49 24

0 47 48 62 -4 1 3 41

0 14 15 10 -13 1 32 40

0 43 78 7 -2 22 40 33

0 1 7 98 -8 8 9 20

0 36 45 46 -6 9 47 37

0 24 52 99 -12 37 42 17

0 0 11 80 -18 1 19 7

0 25 82 12 -5 17 49 43

0 5 6 44 -7 19 35 13

0 4 78 18 -14 1 25 38

0 1 37 51 -8 40 42 45

0 3 23 48 -2 24 28 42

0 0 1 12 -8 25 42 2

0 0 2 67 -11 18 31 29

0 80 87 5 -1 0 5 45

0 5 16 16 -1 9 12 18

0 11 22 49 -2 29 45 46

0 14 22 75 -5 24 32 33

0 0 32 38 -17 11 14 37

0 4 8 58 -12 31 46 37

0 4 17 74 -17 1 8 12

0 0 2 88 -7 11 14 7

0 4 65 84 -9 9 47 42

0 0 24 56 -8 6 22 42

0 7 50 2 -6 6 38 45

0 5 6 58 -20 0 4 5

0 6 7 14 -1 3 44 10

0 0 1 80 -5 8 46 1

0 2 6 67 -7 1 7 22

0 4 9 30 -6 16 22 46

0 2 3 11 -6 6 38 49


SAlphaB: 712.0, std-dev 252.32301247857404

Earliest win: 37
Latest win: 81

WinDepth:
0 0 0 0 0 0 0 0 0 0 0 0 0 0 0 0 0 0 0 0 0 0 0 0 0 0 0 0 0 0 0 0 0 0 0 0 0 6 0 3 1 7 0 19 5 16 18 23 40 59 67 179 75 133 99 167 126 151 149 176 160 242 242 314 363 394 419 398 404 465 403 451 432 373 387 335 296 268 183 135 106 77 
SAlphaB:
0 0 0 0 0 0 0 0 0 0 0 0 0 0 0 0 0 0 0 0 0 0 0 0 0 0 0 0 0 0 0 0 0 0 0 0 0 6 0 3 1 7 0 19 5 16 18 23 40 59 67 179 75 133 99 167 126 151 149 176 160 242 242 314 363 394 419 398 404 465 403 451 432 373 387 335 296 268 183 135 106 77 

LossDepth:
SAlphaB:
0 0 0 0 0 0 0 0 0 0 0 0 0 0 0 0 0 0 0 0 0 0 0 0 0 0 0 0 0 0 0 0 0 0 0 0 0 6 0 3 1 7 0 19 5 16 18 23 40 59 67 179 75 133 99 167 126 151 149 176 160 242 242 314 363 394 419 398 404 465 403 451 432 373 387 335 296 268 183 135 106 77 

FirstWin:
0 0 0 0 0 0 0 0 0 0 0 0 0 0 0 0 0 0 0 0 0 0 0 0 0 0 0 0 0 0 0 0 0 0 0 0 0 6 0 3 0 7 0 19 0 16 0 23 0 59 0 179 0 133 0 167 0 151 0 176 0 242 0 314 0 394 0 398 0 465 0 451 0 373 0 335 0 268 0 135 0 77 
SAlphaB:
0 0 0 0 0 0 0 0 0 0 0 0 0 0 0 0 0 0 0 0 0 0 0 0 0 0 0 0 0 0 0 0 0 0 0 0 0 6 0 3 0 7 0 19 0 16 0 23 0 59 0 179 0 133 0 167 0 151 0 176 0 242 0 314 0 394 0 398 0 465 0 451 0 373 0 335 0 268 0 135 0 77 

SecondWin:
0 0 0 0 0 0 0 0 0 0 0 0 0 0 0 0 0 0 0 0 0 0 0 0 0 0 0 0 0 0 0 0 0 0 0 0 0 0 0 0 1 0 0 0 5 0 18 0 40 0 67 0 75 0 99 0 126 0 149 0 160 0 242 0 363 0 419 0 404 0 403 0 432 0 387 0 296 0 183 0 106 0 
SAlphaB:
0 0 0 0 0 0 0 0 0 0 0 0 0 0 0 0 0 0 0 0 0 0 0 0 0 0 0 0 0 0 0 0 0 0 0 0 0 0 0 0 1 0 0 0 5 0 18 0 40 0 67 0 75 0 99 0 126 0 149 0 160 0 242 0 363 0 419 0 404 0 403 0 432 0 387 0 296 0 183 0 106 0 
