0 36 84 88 -19 2 16 35

0 63 94 55 -14 1 17 18

0 18 84 83 -10 5 7 4

0 67 74 44 -19 10 12 27

0 46 71 32 -19 1 20 31

0 81 90 27 -19 9 19 38

0 37 39 79 -13 0 1 7

0 26 48 69 -12 31 33 30

0 19 82 30 -7 1 21 34

0 15 82 57 -14 7 12 24

0 47 48 80 -11 29 39 16

0 50 74 63 -15 0 1 20

0 53 91 77 -17 10 12 32

0 49 54 30 -20 2 8 33

0 51 74 10 -19 3 18 36

0 78 90 21 -10 9 22 13

0 33 56 96 -8 11 32 12

0 42 76 32 -13 0 1 30

0 64 66 56 -12 6 11 24

0 71 88 90 -18 21 49 3

0 59 77 72 -10 28 33 40

0 35 66 15 -16 1 34 12

0 59 70 15 -18 18 39 2

0 50 69 90 -7 19 39 33

0 4 71 63 -13 7 10 7

0 35 63 84 -12 9 48 0

0 0 62 36 -14 9 25 2

0 12 42 74 -17 4 12 3

0 17 70 74 -12 10 17 44

0 26 65 88 -20 15 26 13

0 19 24 10 -18 32 45 21

0 66 68 53 -15 2 12 9

0 16 38 21 -18 4 9 21

0 29 58 69 -13 29 45 36

0 85 90 27 -10 6 9 14

0 31 69 56 -6 16 21 30

0 82 88 96 -1 1 36 48

0 45 49 63 -8 17 30 18

0 42 89 6 -14 1 4 18

0 23 97 47 -1 42 44 42

0 36 78 8 -2 15 17 36

0 8 87 1 -20 9 23 37

0 29 36 91 -10 12 23 28

0 17 84 80 -18 9 10 49

0 23 68 3 -1 27 36 19

0 42 71 20 -6 14 32 8

0 24 29 27 -2 12 21 10

0 27 96 30 -16 13 42 43

0 17 61 2 -10 4 9 37

0 48 69 18 -11 8 14 49

0 21 22 55 -13 34 35 33

0 10 41 89 -7 5 8 34

0 42 44 24 -18 12 13 29

0 15 57 9 -2 17 43 34

0 9 53 21 -2 33 47 40

0 25 36 79 -13 4 11 31

0 14 71 41 -3 24 45 34

0 40 98 80 -11 7 42 32

0 13 29 15 -17 3 6 47

0 31 50 12 -18 29 37 11

0 22 73 37 -11 25 29 10

0 17 70 72 -13 24 30 35

0 47 54 33 -16 25 29 36

0 68 87 70 -8 0 1 35

0 21 78 30 -3 16 25 17

0 58 82 1 -12 2 10 33

0 24 26 97 -10 3 29 16

0 11 61 69 -4 8 20 28

0 42 54 65 -3 2 9 46

0 5 71 23 -10 12 15 33

0 12 20 31 -18 8 33 23

0 11 39 6 -11 11 24 20

0 7 85 37 -12 10 41 3

0 24 25 32 -8 5 28 20

0 11 23 5 -12 3 7 40

0 1 2 85 -11 0 2 24

0 31 37 0 -15 22 30 23

0 3 30 91 -16 3 6 21

0 22 27 70 -3 3 19 49

0 28 32 98 -5 2 41 36

0 4 19 49 -3 5 6 42

0 7 43 30 -20 37 41 16

0 7 19 84 -5 22 30 41

0 23 28 18 -11 0 46 14

0 17 58 94 -15 6 48 47

0 19 27 9 -18 24 48 1

0 10 12 34 -2 14 29 26

0 3 38 12 -19 32 35 12

0 4 20 76 -19 1 45 46

0 9 49 16 -8 12 26 48

0 8 37 66 -14 39 48 6

0 4 52 48 -9 12 18 49

0 0 2 58 -20 0 1 36

0 3 33 36 -5 0 8 40

0 2 9 14 -17 34 38 4

0 3 4 39 -18 30 39 4

0 15 29 41 -16 17 21 44

0 6 15 24 -19 27 32 2

0 4 8 74 -1 3 22 21

0 4 7 25 -11 0 9 41


SAlphaB: 701.0, std-dev 255.21401377722742

Earliest win: 39
Latest win: 81

WinDepth:
0 0 0 0 0 0 0 0 0 0 0 0 0 0 0 0 0 0 0 0 0 0 0 0 0 0 0 0 0 0 0 0 0 0 0 0 0 0 0 1 2 7 0 16 14 18 15 32 25 85 99 213 105 116 85 142 102 194 91 139 182 243 213 385 358 342 403 411 465 366 467 503 416 395 372 364 247 249 154 141 102 69 
SAlphaB:
0 0 0 0 0 0 0 0 0 0 0 0 0 0 0 0 0 0 0 0 0 0 0 0 0 0 0 0 0 0 0 0 0 0 0 0 0 0 0 1 2 7 0 16 14 18 15 32 25 85 99 213 105 116 85 142 102 194 91 139 182 243 213 385 358 342 403 411 465 366 467 503 416 395 372 364 247 249 154 141 102 69 

LossDepth:
SAlphaB:
0 0 0 0 0 0 0 0 0 0 0 0 0 0 0 0 0 0 0 0 0 0 0 0 0 0 0 0 0 0 0 0 0 0 0 0 0 0 0 1 2 7 0 16 14 18 15 32 25 85 99 213 105 116 85 142 102 194 91 139 182 243 213 385 358 342 403 411 465 366 467 503 416 395 372 364 247 249 154 141 102 69 

FirstWin:
0 0 0 0 0 0 0 0 0 0 0 0 0 0 0 0 0 0 0 0 0 0 0 0 0 0 0 0 0 0 0 0 0 0 0 0 0 0 0 1 0 7 0 16 0 18 0 32 0 85 0 213 0 116 0 142 0 194 0 139 0 243 0 385 0 342 0 411 0 366 0 503 0 395 0 364 0 249 0 141 0 69 
SAlphaB:
0 0 0 0 0 0 0 0 0 0 0 0 0 0 0 0 0 0 0 0 0 0 0 0 0 0 0 0 0 0 0 0 0 0 0 0 0 0 0 1 0 7 0 16 0 18 0 32 0 85 0 213 0 116 0 142 0 194 0 139 0 243 0 385 0 342 0 411 0 366 0 503 0 395 0 364 0 249 0 141 0 69 

SecondWin:
0 0 0 0 0 0 0 0 0 0 0 0 0 0 0 0 0 0 0 0 0 0 0 0 0 0 0 0 0 0 0 0 0 0 0 0 0 0 0 0 2 0 0 0 14 0 15 0 25 0 99 0 105 0 85 0 102 0 91 0 182 0 213 0 358 0 403 0 465 0 467 0 416 0 372 0 247 0 154 0 102 0 
SAlphaB:
0 0 0 0 0 0 0 0 0 0 0 0 0 0 0 0 0 0 0 0 0 0 0 0 0 0 0 0 0 0 0 0 0 0 0 0 0 0 0 0 2 0 0 0 14 0 15 0 25 0 99 0 105 0 85 0 102 0 91 0 182 0 213 0 358 0 403 0 465 0 467 0 416 0 372 0 247 0 154 0 102 0 
