0 17 60 80 -5 0 4 6

0 55 68 20 -20 11 22 3

0 12 54 85 -14 0 1 12

0 29 85 53 -11 0 1 20

0 68 80 96 -16 3 22 28

0 54 79 4 -15 9 35 0

0 34 51 19 -16 2 7 4

0 29 76 10 -13 4 5 25

0 71 81 91 -17 4 14 18

0 2 99 87 -18 15 31 29

0 4 55 97 -8 7 17 27

0 18 33 38 -13 12 21 5

0 64 87 70 -6 8 18 25

0 49 58 63 -4 11 26 15

0 8 13 40 -8 15 16 7

0 58 88 87 -1 7 12 35

0 41 48 5 -16 7 11 26

0 53 89 32 -14 10 16 12

0 61 94 50 -12 3 15 33

0 39 55 56 -1 2 6 24

0 35 71 37 -2 9 14 16

0 46 55 19 -19 4 5 24

0 15 59 43 -9 1 4 27

0 9 46 60 -15 31 35 6

0 2 41 78 -12 21 24 40

0 93 99 45 -6 15 23 48

0 39 94 87 -15 11 12 44

0 32 52 93 -11 24 39 2

0 48 55 42 -10 8 16 29

0 3 25 97 -13 6 17 2

0 6 82 77 -16 1 8 1

0 3 92 83 -15 16 45 16

0 40 65 8 -13 7 28 42

0 23 74 60 -8 15 17 46

0 2 36 42 -7 12 14 3

0 30 45 22 -19 19 42 22

0 25 31 50 -15 14 24 2

0 67 71 99 -9 1 9 36

0 2 41 74 -14 14 23 37

0 16 18 10 -14 6 11 14

0 24 28 47 -19 6 16 20

0 37 42 11 -12 0 1 10

0 27 38 15 -12 4 17 47

0 0 77 50 -1 0 1 46

0 0 93 61 -17 10 42 14

0 24 56 22 -2 16 48 38

0 32 76 51 -12 26 48 25

0 14 29 66 -19 11 26 23

0 2 45 7 -17 14 20 18

0 6 54 97 -5 9 23 47

0 31 46 36 -16 27 43 14

0 25 94 29 -18 6 30 20

0 40 50 40 -9 31 41 39

0 79 80 65 -17 10 15 48

0 69 78 39 -2 30 35 40

0 57 83 97 -11 18 25 35

0 8 92 94 -16 0 3 22

0 40 88 36 -3 21 34 49

0 4 60 86 -18 38 47 10

0 35 70 8 -12 3 47 43

0 41 76 92 -19 23 43 40

0 26 82 27 -5 37 46 47

0 20 38 56 -1 13 36 44

0 10 50 9 -5 6 21 43

0 8 85 47 -14 5 33 45

0 12 15 29 -2 2 12 5

0 3 45 1 -5 1 10 24

0 4 77 33 -11 7 28 25

0 2 41 87 -18 11 29 7

0 17 34 81 -20 18 34 28

0 6 42 45 -1 5 17 32

0 12 70 32 -3 7 27 39

0 39 46 99 -16 7 45 49

0 13 14 94 -15 2 3 26

0 5 6 99 -4 4 20 15

0 0 35 9 -16 11 21 9

0 2 3 99 -1 18 43 17

0 8 71 6 -13 32 41 45

0 15 17 19 -15 4 25 34

0 0 26 74 -6 6 18 9

0 0 60 51 -11 1 16 3

0 12 41 57 -12 16 48 7

0 8 18 98 -1 17 29 2

0 6 8 73 -15 0 2 35

0 5 17 39 -11 9 21 20

0 3 4 40 -19 14 30 15

0 3 12 88 -6 18 46 6

0 7 16 72 -8 1 25 28

0 6 7 43 -16 6 35 31

0 3 53 53 -16 5 44 16

0 2 3 39 -1 14 40 10

0 21 43 58 -14 11 36 15

0 0 11 10 -15 7 8 22

0 16 17 77 -2 0 4 39

0 2 11 23 -12 26 49 24

0 0 3 82 -17 28 46 32

0 4 15 58 -4 20 23 38

0 17 26 92 -1 2 45 39

0 1 6 27 -17 15 19 39

0 0 1 91 -1 1 37 3


SAlphaB: 705.0, std-dev 251.60743874600217

Earliest win: 35
Latest win: 81

WinDepth:
0 0 0 0 0 0 0 0 0 0 0 0 0 0 0 0 0 0 0 0 0 0 0 0 0 0 0 0 0 0 0 0 0 0 0 1 0 1 1 2 0 5 1 6 8 25 15 29 15 54 64 171 68 97 84 201 113 181 150 181 107 241 268 294 313 373 414 386 458 403 468 419 419 401 393 388 288 272 169 152 101 67 
SAlphaB:
0 0 0 0 0 0 0 0 0 0 0 0 0 0 0 0 0 0 0 0 0 0 0 0 0 0 0 0 0 0 0 0 0 0 0 1 0 1 1 2 0 5 1 6 8 25 15 29 15 54 64 171 68 97 84 201 113 181 150 181 107 241 268 294 313 373 414 386 458 403 468 419 419 401 393 388 288 272 169 152 101 67 

LossDepth:
SAlphaB:
0 0 0 0 0 0 0 0 0 0 0 0 0 0 0 0 0 0 0 0 0 0 0 0 0 0 0 0 0 0 0 0 0 0 0 1 0 1 1 2 0 5 1 6 8 25 15 29 15 54 64 171 68 97 84 201 113 181 150 181 107 241 268 294 313 373 414 386 458 403 468 419 419 401 393 388 288 272 169 152 101 67 

FirstWin:
0 0 0 0 0 0 0 0 0 0 0 0 0 0 0 0 0 0 0 0 0 0 0 0 0 0 0 0 0 0 0 0 0 0 0 1 0 1 0 2 0 5 0 6 0 25 0 29 0 54 0 171 0 97 0 201 0 181 0 181 0 241 0 294 0 373 0 386 0 403 0 419 0 401 0 388 0 272 0 152 0 67 
SAlphaB:
0 0 0 0 0 0 0 0 0 0 0 0 0 0 0 0 0 0 0 0 0 0 0 0 0 0 0 0 0 0 0 0 0 0 0 1 0 1 0 2 0 5 0 6 0 25 0 29 0 54 0 171 0 97 0 201 0 181 0 181 0 241 0 294 0 373 0 386 0 403 0 419 0 401 0 388 0 272 0 152 0 67 

SecondWin:
0 0 0 0 0 0 0 0 0 0 0 0 0 0 0 0 0 0 0 0 0 0 0 0 0 0 0 0 0 0 0 0 0 0 0 0 0 0 1 0 0 0 1 0 8 0 15 0 15 0 64 0 68 0 84 0 113 0 150 0 107 0 268 0 313 0 414 0 458 0 468 0 419 0 393 0 288 0 169 0 101 0 
SAlphaB:
0 0 0 0 0 0 0 0 0 0 0 0 0 0 0 0 0 0 0 0 0 0 0 0 0 0 0 0 0 0 0 0 0 0 0 0 0 0 1 0 0 0 1 0 8 0 15 0 15 0 64 0 68 0 84 0 113 0 150 0 107 0 268 0 313 0 414 0 458 0 468 0 419 0 393 0 288 0 169 0 101 0 
