0 70 83 74 -5 8 37 19

0 52 97 67 -17 0 1 0

0 84 97 28 -12 3 17 31

0 48 96 23 -16 0 5 8

0 73 90 61 -8 12 47 1

0 50 62 17 -7 4 31 24

0 57 85 43 -17 1 4 17

0 19 44 5 -6 5 16 8

0 13 76 52 -8 18 29 6

0 91 94 84 -8 18 26 18

0 48 62 8 -19 13 26 0

0 93 98 34 -12 8 26 13

0 36 76 9 -16 9 22 15

0 10 35 75 -9 0 2 21

0 12 69 51 -5 35 46 39

0 10 69 54 -15 25 34 33

0 62 99 98 -2 17 42 44

0 81 90 88 -11 41 49 29

0 9 41 85 -17 28 29 36

0 39 90 16 -2 4 7 22

0 6 28 71 -3 5 10 9

0 18 83 38 -10 4 7 35

0 40 67 92 -16 4 28 45

0 26 41 31 -6 40 42 41

0 21 27 63 -7 43 49 13

0 52 74 26 -12 0 14 18

0 30 65 66 -11 44 47 46

0 33 44 15 -1 12 37 12

0 78 96 91 -8 20 23 42

0 72 85 61 -8 0 2 9

0 87 94 11 -1 8 11 13

0 37 71 84 -16 9 12 47

0 0 35 18 -20 8 12 8

0 50 54 13 -2 3 13 13

0 4 19 80 -20 41 45 44

0 21 62 30 -17 1 19 31

0 2 48 39 -13 13 15 18

0 43 58 46 -8 2 35 49

0 17 68 97 -6 2 3 8

0 43 70 27 -7 13 35 5

0 20 88 88 -4 27 36 1

0 23 59 68 -3 4 10 49

0 1 51 57 -1 3 25 3

0 26 43 3 -9 24 25 36

0 1 26 93 -14 0 6 37

0 24 42 94 -17 14 21 31

0 10 99 17 -19 14 17 23

0 33 90 77 -7 26 29 44

0 18 37 43 -12 2 10 38

0 6 24 52 -17 0 3 13

0 57 97 22 -2 31 42 21

0 60 64 87 -5 41 49 36

0 61 66 29 -15 0 11 29

0 15 21 68 -6 14 35 24

0 5 19 90 -15 0 3 10

0 32 47 10 -4 1 12 43

0 13 93 7 -15 37 46 1

0 26 38 9 -8 17 26 19

0 11 25 75 -4 5 15 44

0 13 60 69 -11 8 43 5

0 4 31 91 -3 17 22 34

0 6 13 98 -5 0 2 24

0 7 98 91 -14 5 27 35

0 84 85 36 -14 0 9 47

0 55 66 10 -8 26 45 45

0 37 78 99 -1 1 5 41

0 37 50 4 -13 41 49 40

0 67 98 74 -4 27 30 30

0 18 54 35 -8 4 38 39

0 18 96 30 -18 12 14 46

0 7 13 60 -6 3 5 28

0 29 37 90 -16 24 48 44

0 9 24 29 -2 5 23 16

0 28 40 6 -13 9 23 10

0 25 53 63 -2 0 1 9

0 0 28 66 -7 7 11 48

0 2 57 73 -17 7 16 49

0 28 37 23 -18 6 29 25

0 2 42 51 -1 7 18 32

0 22 48 23 -9 4 20 43

0 4 15 52 -12 9 22 3

0 13 22 41 -6 12 42 14

0 13 18 41 -10 27 34 7

0 19 45 18 -15 2 49 45

0 0 26 99 -10 0 5 17

0 6 10 49 -12 8 14 42

0 1 36 32 -19 16 40 4

0 18 71 67 -10 19 47 8

0 13 66 29 -1 3 28 47

0 10 15 28 -17 5 45 46

0 2 19 79 -8 1 16 27

0 9 21 31 -16 1 40 12

0 5 11 76 -16 4 6 48

0 0 1 49 -8 6 10 48

0 0 2 56 -6 2 3 27

0 14 19 60 -19 6 25 7

0 0 1 76 -5 18 41 8

0 1 2 21 -19 0 33 26

0 5 7 45 -19 18 26 40

0 0 11 59 -1 5 12 43


SAlphaB: 703.0, std-dev 253.5293757011884

Earliest win: 37
Latest win: 81

WinDepth:
0 0 0 0 0 0 0 0 0 0 0 0 0 0 0 0 0 0 0 0 0 0 0 0 0 0 0 0 0 0 0 0 0 0 0 0 0 6 0 3 3 3 2 8 9 10 15 99 31 120 55 192 87 95 72 155 111 214 124 154 189 225 254 306 359 367 408 385 468 401 440 450 421 365 406 335 292 231 174 151 108 73 
SAlphaB:
0 0 0 0 0 0 0 0 0 0 0 0 0 0 0 0 0 0 0 0 0 0 0 0 0 0 0 0 0 0 0 0 0 0 0 0 0 6 0 3 3 3 2 8 9 10 15 99 31 120 55 192 87 95 72 155 111 214 124 154 189 225 254 306 359 367 408 385 468 401 440 450 421 365 406 335 292 231 174 151 108 73 

LossDepth:
SAlphaB:
0 0 0 0 0 0 0 0 0 0 0 0 0 0 0 0 0 0 0 0 0 0 0 0 0 0 0 0 0 0 0 0 0 0 0 0 0 6 0 3 3 3 2 8 9 10 15 99 31 120 55 192 87 95 72 155 111 214 124 154 189 225 254 306 359 367 408 385 468 401 440 450 421 365 406 335 292 231 174 151 108 73 

FirstWin:
0 0 0 0 0 0 0 0 0 0 0 0 0 0 0 0 0 0 0 0 0 0 0 0 0 0 0 0 0 0 0 0 0 0 0 0 0 6 0 3 0 3 0 8 0 10 0 99 0 120 0 192 0 95 0 155 0 214 0 154 0 225 0 306 0 367 0 385 0 401 0 450 0 365 0 335 0 231 0 151 0 73 
SAlphaB:
0 0 0 0 0 0 0 0 0 0 0 0 0 0 0 0 0 0 0 0 0 0 0 0 0 0 0 0 0 0 0 0 0 0 0 0 0 6 0 3 0 3 0 8 0 10 0 99 0 120 0 192 0 95 0 155 0 214 0 154 0 225 0 306 0 367 0 385 0 401 0 450 0 365 0 335 0 231 0 151 0 73 

SecondWin:
0 0 0 0 0 0 0 0 0 0 0 0 0 0 0 0 0 0 0 0 0 0 0 0 0 0 0 0 0 0 0 0 0 0 0 0 0 0 0 0 3 0 2 0 9 0 15 0 31 0 55 0 87 0 72 0 111 0 124 0 189 0 254 0 359 0 408 0 468 0 440 0 421 0 406 0 292 0 174 0 108 0 
SAlphaB:
0 0 0 0 0 0 0 0 0 0 0 0 0 0 0 0 0 0 0 0 0 0 0 0 0 0 0 0 0 0 0 0 0 0 0 0 0 0 0 0 3 0 2 0 9 0 15 0 31 0 55 0 87 0 72 0 111 0 124 0 189 0 254 0 359 0 408 0 468 0 440 0 421 0 406 0 292 0 174 0 108 0 
