0 45 96 27 -16 10 11 42

0 43 87 87 -2 10 12 15

0 49 79 90 -6 9 34 9

0 47 98 82 -19 8 22 33

0 40 98 67 -5 7 11 26

0 48 96 49 -20 1 9 36

0 23 81 23 -6 3 7 8

0 32 59 11 -10 2 13 23

0 38 67 46 -19 2 9 20

0 27 68 46 -5 1 7 1

0 48 96 6 -16 4 6 22

0 48 81 16 -3 4 14 1

0 18 97 20 -14 1 5 28

0 23 55 40 -16 4 6 10

0 51 95 24 -4 1 20 23

0 40 76 7 -19 10 33 5

0 86 99 41 -10 1 25 6

0 52 77 54 -16 4 8 16

0 25 54 8 -8 1 8 5

0 30 84 75 -11 3 10 20

0 20 80 80 -20 8 17 22

0 13 80 82 -2 1 6 0

0 53 97 91 -11 7 22 23

0 43 97 32 -12 1 22 37

0 51 93 75 -13 4 17 41

0 77 95 31 -4 18 42 14

0 28 48 50 -7 4 7 11

0 46 95 8 -18 3 7 23

0 79 82 63 -7 19 41 3

0 77 96 37 -11 3 13 25

0 11 34 21 -6 1 4 6

0 90 99 16 -16 5 40 35

0 29 87 51 -15 8 16 8

0 78 96 86 -12 0 11 29

0 45 58 72 -13 5 10 2

0 49 91 63 -15 4 11 28

0 10 71 62 -5 0 3 3

0 18 96 1 -1 2 4 16

0 43 74 90 -20 2 8 28

0 28 67 11 -18 0 8 28

0 15 70 70 -4 2 13 4

0 30 90 23 -11 4 12 28

0 64 99 36 -4 16 25 33

0 69 86 29 -13 19 20 23

0 30 71 53 -19 2 11 4

0 44 73 11 -1 13 20 2

0 63 78 46 -15 0 16 20

0 59 91 89 -14 1 33 32

0 19 27 31 -18 0 2 13

0 49 87 39 -1 11 19 24

0 63 82 95 -12 6 27 39

0 52 84 18 -1 14 39 33

0 60 76 90 -16 9 15 16

0 44 89 44 -10 3 27 27

0 84 95 25 -1 12 21 2

0 50 87 18 -4 13 14 3

0 56 93 24 -8 17 48 1

0 32 69 81 -20 6 18 26

0 62 90 75 -19 5 11 5

0 48 67 49 -18 0 4 17

0 30 38 38 -1 2 15 15

0 12 63 93 -2 1 5 1

0 58 81 99 -16 1 15 18

0 17 41 52 -18 1 2 19

0 26 52 1 -7 5 9 21

0 79 97 97 -10 1 44 23

0 13 57 14 -19 0 1 39

0 64 84 97 -18 3 9 36

0 0 93 83 -2 23 47 36

0 58 63 24 -13 0 18 33

0 24 43 1 -19 5 13 14

0 18 98 67 -18 1 4 41

0 31 76 44 -7 9 17 0

0 11 58 45 -15 27 32 18

0 44 56 8 -1 12 37 0

0 41 95 70 -20 13 46 11

0 39 57 94 -16 11 31 11

0 86 87 91 -20 16 49 29

0 24 98 82 -9 3 4 33

0 41 52 60 -14 20 45 4

0 32 71 69 -6 14 36 45

0 3 42 58 -5 19 25 16

0 41 57 62 -6 4 8 16

0 35 57 27 -1 0 1 0

0 22 47 78 -14 16 27 6

0 9 15 38 -19 1 2 7

0 13 43 53 -7 1 7 27

0 2 77 64 -9 9 22 42

0 67 94 19 -7 6 18 44

0 21 35 41 -16 4 8 5

0 42 89 87 -8 11 38 34

0 28 33 92 -4 24 36 15

0 53 68 96 -18 7 33 37

0 13 65 58 -13 0 9 24

0 20 47 79 -5 0 2 24

0 1 84 77 -12 40 44 4

0 5 51 73 -10 6 12 30

0 15 31 81 -12 13 17 14

0 27 41 13 -5 26 39 18

0 0 14 31 -11 4 9 16


SAlphaB: 734.0, std-dev 273.1616208604553

Earliest win: 35
Latest win: 81

WinDepth:
0 0 0 0 0 0 0 0 0 0 0 0 0 0 0 0 0 0 0 0 0 0 0 0 0 0 0 0 0 0 0 0 0 0 0 1 2 4 7 19 6 18 17 41 26 64 31 151 50 193 94 336 164 331 226 440 351 540 388 486 499 626 660 816 798 921 900 969 1038 933 941 988 868 917 964 724 579 512 400 324 168 173 
SAlphaB:
0 0 0 0 0 0 0 0 0 0 0 0 0 0 0 0 0 0 0 0 0 0 0 0 0 0 0 0 0 0 0 0 0 0 0 1 2 4 7 19 6 18 17 41 26 64 31 151 50 193 94 336 164 331 226 440 351 540 388 486 499 626 660 816 798 921 900 969 1038 933 941 988 868 917 964 724 579 512 400 324 168 173 

LossDepth:
SAlphaB:
0 0 0 0 0 0 0 0 0 0 0 0 0 0 0 0 0 0 0 0 0 0 0 0 0 0 0 0 0 0 0 0 0 0 0 1 2 0 5 9 2 16 10 27 19 35 25 85 35 114 59 157 109 175 149 219 228 341 230 332 316 440 420 618 512 692 629 724 754 800 722 817 681 694 712 678 482 435 292 304 225 187 

FirstWin:
0 0 0 0 0 0 0 0 0 0 0 0 0 0 0 0 0 0 0 0 0 0 0 0 0 0 0 0 0 0 0 0 0 0 0 1 0 4 0 19 0 18 0 41 0 64 0 151 0 193 0 336 0 331 0 440 0 540 0 486 0 626 0 816 0 921 0 969 0 933 0 988 0 917 0 724 0 512 0 324 0 173 
SAlphaB:
0 0 0 0 0 0 0 0 0 0 0 0 0 0 0 0 0 0 0 0 0 0 0 0 0 0 0 0 0 0 0 0 0 0 0 1 0 4 0 19 0 18 0 41 0 64 0 151 0 193 0 336 0 331 0 440 0 540 0 486 0 626 0 816 0 921 0 969 0 933 0 988 0 917 0 724 0 512 0 324 0 173 

SecondWin:
0 0 0 0 0 0 0 0 0 0 0 0 0 0 0 0 0 0 0 0 0 0 0 0 0 0 0 0 0 0 0 0 0 0 0 0 2 0 7 0 6 0 17 0 26 0 31 0 50 0 94 0 164 0 226 0 351 0 388 0 499 0 660 0 798 0 900 0 1038 0 941 0 868 0 964 0 579 0 400 0 168 0 
SAlphaB:
0 0 0 0 0 0 0 0 0 0 0 0 0 0 0 0 0 0 0 0 0 0 0 0 0 0 0 0 0 0 0 0 0 0 0 0 2 0 7 0 6 0 17 0 26 0 31 0 50 0 94 0 164 0 226 0 351 0 388 0 499 0 660 0 798 0 900 0 1038 0 941 0 868 0 964 0 579 0 400 0 168 0 
