0 13 80 82 -2 1 6 0

0 79 82 63 -7 19 41 3

0 48 81 16 -3 4 14 1

0 63 82 95 -12 6 27 39

0 20 80 80 -20 8 17 22

0 18 96 1 -1 2 4 16

0 21 35 41 -16 4 8 5

0 39 57 94 -16 11 31 11

0 51 95 24 -4 1 20 23

0 40 98 67 -5 7 11 26

0 17 50 74 -11 4 6 7

0 7 65 58 -8 7 18 30

0 84 85 11 -8 3 25 16

0 20 98 86 -1 7 8 17

0 50 69 95 -14 4 6 36

0 70 93 56 -4 1 3 39

0 56 97 84 -1 8 13 7

0 30 51 92 -12 40 41 4

0 22 44 76 -13 10 11 27

0 3 57 91 -12 18 26 36

0 27 88 14 -4 15 45 23

0 12 97 20 -1 0 7 23

0 46 76 1 -10 21 32 36

0 36 48 80 -17 7 14 8

0 19 23 45 -8 15 35 2

0 7 36 80 -9 14 17 13

0 53 65 10 -6 4 48 18

0 51 80 95 -3 31 43 15

0 52 55 81 -12 18 30 37

0 42 50 42 -6 10 44 36

0 4 45 14 -1 19 40 33

0 11 66 44 -3 6 11 35

0 30 61 65 -9 19 22 15

0 23 38 73 -1 18 43 30

0 12 95 71 -7 1 4 21

0 20 58 98 -17 8 30 1

0 19 57 0 -19 20 43 18

0 72 80 98 -17 26 30 22

0 1 17 23 -13 38 43 38

0 33 34 14 -16 1 2 27

0 50 65 40 -15 20 24 41

0 4 28 77 -15 23 49 34

0 26 33 96 -9 0 2 28

0 3 43 91 -10 13 38 49

0 25 61 70 -16 21 26 46

0 32 39 57 -6 3 40 43

0 11 28 77 -14 0 1 43

0 37 42 53 -19 11 13 21

0 9 94 69 -17 11 18 42

0 9 30 91 -1 2 5 21

0 39 41 96 -11 14 30 46

0 6 32 23 -12 6 17 8

0 67 70 90 -5 38 39 24

0 56 60 81 -2 27 48 6

0 42 68 15 -2 24 42 34

0 2 21 38 -12 0 13 20

0 28 50 82 -10 7 48 20

0 18 34 31 -16 1 43 46

0 4 35 31 -3 9 38 32

0 65 68 9 -11 0 1 45

0 29 38 99 -7 5 8 40

0 48 64 4 -18 36 37 36

0 50 55 4 -13 30 36 1

0 5 48 11 -17 0 41 3

0 15 16 48 -5 12 40 35

0 17 33 26 -3 29 33 29

0 20 72 74 -3 29 46 49

0 8 20 92 -13 9 44 10

0 63 64 68 -4 1 15 48

0 6 26 5 -20 1 19 20

0 0 27 58 -18 17 45 30

0 4 21 69 -5 26 33 19

0 10 15 35 -20 26 36 13

0 0 2 70 -8 4 6 14

0 3 24 86 -13 14 25 20

0 31 84 0 -8 8 42 49

0 10 31 90 -14 3 32 19

0 12 23 16 -19 0 11 35

0 0 10 83 -15 0 1 35

0 31 34 75 -11 0 31 38

0 4 14 88 -1 11 12 37

0 2 6 82 -16 12 20 29

0 18 38 71 -14 10 11 42

0 11 12 72 -4 18 39 35

0 8 11 50 -2 24 45 5

0 5 7 68 -20 1 5 34

0 3 18 44 -11 13 42 26

0 40 59 4 -17 34 36 25

0 83 94 63 -1 0 2 23

0 55 77 54 -10 39 49 0

0 4 12 40 -18 15 21 38

0 16 81 6 -7 15 17 5

0 6 8 43 -11 9 16 37

0 11 14 93 -4 0 2 23

0 8 15 84 -9 36 48 47

0 16 21 20 -2 22 33 46

0 3 20 64 -11 37 49 14

0 0 5 47 -13 15 41 19

0 0 12 87 -12 47 49 29

0 0 1 94 -20 22 43 4


SAlphaB: 686.0, std-dev 262.42613284888415

Earliest win: 37
Latest win: 81

WinDepth:
0 0 0 0 0 0 0 0 0 0 0 0 0 0 0 0 0 0 0 0 0 0 0 0 0 0 0 0 0 0 0 0 0 0 0 0 0 3 0 0 15 4 1 12 8 8 28 17 29 38 49 214 69 144 75 251 121 160 137 193 166 216 211 330 297 344 404 370 441 410 448 450 444 457 393 393 308 241 177 128 116 85 
SAlphaB:
0 0 0 0 0 0 0 0 0 0 0 0 0 0 0 0 0 0 0 0 0 0 0 0 0 0 0 0 0 0 0 0 0 0 0 0 0 3 0 0 15 4 1 12 8 8 28 17 29 38 49 214 69 144 75 251 121 160 137 193 166 216 211 330 297 344 404 370 441 410 448 450 444 457 393 393 308 241 177 128 116 85 

LossDepth:
SAlphaB:
0 0 0 0 0 0 0 0 0 0 0 0 0 0 0 0 0 0 0 0 0 0 0 0 0 0 0 0 0 0 0 0 0 0 0 0 0 3 0 0 15 4 1 12 8 8 28 17 29 38 49 214 69 144 75 251 121 160 137 193 166 216 211 330 297 344 404 370 441 410 448 450 444 457 393 393 308 241 177 128 116 85 

FirstWin:
0 0 0 0 0 0 0 0 0 0 0 0 0 0 0 0 0 0 0 0 0 0 0 0 0 0 0 0 0 0 0 0 0 0 0 0 0 3 0 0 0 4 0 12 0 8 0 17 0 38 0 214 0 144 0 251 0 160 0 193 0 216 0 330 0 344 0 370 0 410 0 450 0 457 0 393 0 241 0 128 0 85 
SAlphaB:
0 0 0 0 0 0 0 0 0 0 0 0 0 0 0 0 0 0 0 0 0 0 0 0 0 0 0 0 0 0 0 0 0 0 0 0 0 3 0 0 0 4 0 12 0 8 0 17 0 38 0 214 0 144 0 251 0 160 0 193 0 216 0 330 0 344 0 370 0 410 0 450 0 457 0 393 0 241 0 128 0 85 

SecondWin:
0 0 0 0 0 0 0 0 0 0 0 0 0 0 0 0 0 0 0 0 0 0 0 0 0 0 0 0 0 0 0 0 0 0 0 0 0 0 0 0 15 0 1 0 8 0 28 0 29 0 49 0 69 0 75 0 121 0 137 0 166 0 211 0 297 0 404 0 441 0 448 0 444 0 393 0 308 0 177 0 116 0 
SAlphaB:
0 0 0 0 0 0 0 0 0 0 0 0 0 0 0 0 0 0 0 0 0 0 0 0 0 0 0 0 0 0 0 0 0 0 0 0 0 0 0 0 15 0 1 0 8 0 28 0 29 0 49 0 69 0 75 0 121 0 137 0 166 0 211 0 297 0 404 0 441 0 448 0 444 0 393 0 308 0 177 0 116 0 
