0 30 84 75 -11 3 10 20

0 35 57 27 -1 0 1 0

0 17 41 52 -18 1 2 19

0 60 76 90 -16 9 15 16

0 24 98 82 -9 3 4 33

0 13 57 14 -19 0 1 39

0 64 84 97 -18 3 9 36

0 30 38 38 -1 2 15 15

0 45 96 27 -16 10 11 42

0 12 63 93 -2 1 5 1

0 83 84 76 -1 5 33 38

0 70 86 10 -17 19 41 45

0 28 95 44 -7 0 8 37

0 24 35 68 -11 2 7 27

0 39 59 17 -16 1 3 1

0 8 76 58 -3 3 13 21

0 39 69 95 -9 22 24 39

0 4 86 55 -13 0 2 17

0 16 54 72 -4 2 5 22

0 57 81 6 -7 3 11 40

0 69 77 9 -1 5 41 23

0 35 97 80 -11 19 30 35

0 21 31 35 -14 1 5 33

0 11 35 44 -13 7 20 4

0 22 33 11 -20 10 24 38

0 47 72 53 -18 6 11 36

0 54 59 99 -16 4 22 44

0 57 71 33 -3 11 26 5

0 35 82 39 -16 1 14 46

0 57 92 54 -16 20 30 46

0 4 71 53 -5 10 13 29

0 82 88 95 -2 2 24 35

0 81 94 41 -2 3 4 20

0 8 80 98 -7 30 35 38

0 9 28 39 -1 25 26 6

0 42 58 22 -15 26 29 36

0 61 62 68 -20 31 36 0

0 7 43 76 -10 6 17 37

0 47 69 99 -12 11 12 25

0 31 43 93 -5 9 40 44

0 6 65 70 -5 4 7 10

0 53 93 73 -10 26 45 43

0 55 68 6 -1 5 12 26

0 0 25 19 -18 5 12 40

0 29 54 75 -6 5 10 41

0 23 62 4 -15 18 38 30

0 18 20 99 -3 8 15 24

0 3 51 74 -6 29 47 48

0 87 93 86 -16 8 10 34

0 15 53 55 -8 2 41 4

0 16 19 84 -12 1 9 14

0 26 68 30 -6 5 43 36

0 21 96 98 -10 1 33 32

0 24 27 70 -1 1 10 18

0 45 85 56 -2 26 37 43

0 0 68 7 -15 2 6 48

0 4 20 31 -1 0 8 10

0 59 60 27 -1 37 42 42

0 51 62 0 -17 28 33 48

0 8 37 71 -13 11 14 33

0 53 93 13 -16 39 44 28

0 35 50 2 -9 16 48 23

0 4 16 81 -8 15 43 8

0 26 94 87 -12 19 24 0

0 2 61 31 -15 31 35 32

0 11 14 20 -17 9 36 15

0 7 41 90 -11 0 30 1

0 0 73 25 -5 9 43 49

0 5 8 83 -19 26 27 48

0 14 28 5 -11 1 2 45

0 23 30 45 -18 37 46 17

0 14 37 75 -12 18 21 49

0 26 28 59 -4 3 4 48

0 9 24 59 -1 1 2 41

0 4 6 54 -13 10 21 24

0 9 15 55 -7 13 14 44

0 3 21 22 -12 19 27 20

0 35 36 17 -5 34 35 40

0 55 58 11 -18 23 31 15

0 40 47 47 -16 27 33 1

0 3 10 35 -14 16 41 24

0 1 12 30 -20 13 31 21

0 11 20 38 -11 20 32 13

0 2 14 53 -3 22 35 24

0 7 38 60 -18 3 5 45

0 7 11 33 -19 0 2 35

0 7 33 5 -17 6 22 9

0 0 8 69 -19 4 43 41

0 17 23 29 -8 2 16 25

0 19 20 26 -16 1 3 34

0 8 29 10 -6 19 36 45

0 19 41 49 -16 2 49 30

0 11 69 77 -14 2 38 40

0 6 26 95 -7 1 6 15

0 25 33 6 -19 22 27 44

0 0 25 33 -12 31 46 45

0 7 13 81 -11 16 28 36

0 5 7 59 -17 8 25 5

0 8 9 88 -19 12 44 27

0 5 14 6 -13 12 44 46


SAlphaB: 708.0, std-dev 265.8810993468678

Earliest win: 37
Latest win: 81

WinDepth:
0 0 0 0 0 0 0 0 0 0 0 0 0 0 0 0 0 0 0 0 0 0 0 0 0 0 0 0 0 0 0 0 0 0 0 0 0 7 1 3 0 7 3 14 7 20 10 36 18 65 63 143 89 132 99 181 116 209 152 186 212 247 247 319 306 349 349 356 397 465 418 441 417 402 387 375 277 296 195 152 112 81 
SAlphaB:
0 0 0 0 0 0 0 0 0 0 0 0 0 0 0 0 0 0 0 0 0 0 0 0 0 0 0 0 0 0 0 0 0 0 0 0 0 7 1 3 0 7 3 14 7 20 10 36 18 65 63 143 89 132 99 181 116 209 152 186 212 247 247 319 306 349 349 356 397 465 418 441 417 402 387 375 277 296 195 152 112 81 

LossDepth:
SAlphaB:
0 0 0 0 0 0 0 0 0 0 0 0 0 0 0 0 0 0 0 0 0 0 0 0 0 0 0 0 0 0 0 0 0 0 0 0 0 7 1 3 0 7 3 14 7 20 10 36 18 65 63 143 89 132 99 181 116 209 152 186 212 247 247 319 306 349 349 356 397 465 418 441 417 402 387 375 277 296 195 152 112 81 

FirstWin:
0 0 0 0 0 0 0 0 0 0 0 0 0 0 0 0 0 0 0 0 0 0 0 0 0 0 0 0 0 0 0 0 0 0 0 0 0 7 0 3 0 7 0 14 0 20 0 36 0 65 0 143 0 132 0 181 0 209 0 186 0 247 0 319 0 349 0 356 0 465 0 441 0 402 0 375 0 296 0 152 0 81 
SAlphaB:
0 0 0 0 0 0 0 0 0 0 0 0 0 0 0 0 0 0 0 0 0 0 0 0 0 0 0 0 0 0 0 0 0 0 0 0 0 7 0 3 0 7 0 14 0 20 0 36 0 65 0 143 0 132 0 181 0 209 0 186 0 247 0 319 0 349 0 356 0 465 0 441 0 402 0 375 0 296 0 152 0 81 

SecondWin:
0 0 0 0 0 0 0 0 0 0 0 0 0 0 0 0 0 0 0 0 0 0 0 0 0 0 0 0 0 0 0 0 0 0 0 0 0 0 1 0 0 0 3 0 7 0 10 0 18 0 63 0 89 0 99 0 116 0 152 0 212 0 247 0 306 0 349 0 397 0 418 0 417 0 387 0 277 0 195 0 112 0 
SAlphaB:
0 0 0 0 0 0 0 0 0 0 0 0 0 0 0 0 0 0 0 0 0 0 0 0 0 0 0 0 0 0 0 0 0 0 0 0 0 0 1 0 0 0 3 0 7 0 10 0 18 0 63 0 89 0 99 0 116 0 152 0 212 0 247 0 306 0 349 0 397 0 418 0 417 0 387 0 277 0 195 0 112 0 
