0 64 99 36 -4 16 25 33

0 43 97 32 -12 1 22 37

0 44 56 8 -1 12 37 0

0 29 87 51 -15 8 16 8

0 67 94 19 -7 6 18 44

0 58 81 99 -16 1 15 18

0 41 57 62 -6 4 8 16

0 13 43 53 -7 1 7 27

0 1 84 77 -12 40 44 4

0 78 96 86 -12 0 11 29

0 53 98 40 -9 3 13 46

0 42 81 96 -5 0 19 19

0 33 69 60 -17 1 3 42

0 48 83 67 -14 14 45 25

0 52 60 42 -12 5 34 15

0 26 52 51 -3 2 8 31

0 53 55 50 -4 8 12 21

0 4 78 70 -13 20 33 14

0 70 90 63 -3 2 4 6

0 57 68 25 -13 5 6 22

0 13 75 73 -6 21 36 34

0 31 36 99 -15 9 21 47

0 30 73 26 -7 17 32 13

0 36 38 71 -17 9 18 29

0 9 97 18 -7 13 40 27

0 18 87 84 -5 34 42 32

0 3 75 85 -2 10 37 37

0 36 82 25 -19 5 7 40

0 78 80 38 -13 11 15 21

0 18 74 59 -10 10 15 3

0 44 74 0 -8 0 3 41

0 9 22 90 -8 29 32 1

0 34 50 39 -10 16 31 8

0 8 76 81 -14 5 9 33

0 11 49 97 -1 28 43 31

0 13 32 19 -1 4 18 14

0 18 32 82 -2 11 25 33

0 73 74 70 -12 27 38 34

0 53 73 22 -8 4 6 46

0 11 20 55 -5 22 28 26

0 22 33 77 -8 0 1 32

0 81 82 56 -2 4 17 46

0 8 84 50 -9 3 31 38

0 19 23 25 -15 30 42 33

0 0 51 61 -3 2 3 7

0 31 37 26 -1 15 20 35

0 21 37 88 -7 12 43 43

0 3 90 13 -8 10 15 27

0 1 19 85 -14 6 10 14

0 4 42 37 -14 15 41 22

0 52 86 85 -5 25 41 24

0 6 7 7 -11 20 41 25

0 6 39 35 -9 39 47 30

0 6 9 79 -9 13 25 18

0 13 20 97 -10 20 40 27

0 3 8 1 -12 16 36 4

0 32 87 1 -10 26 27 41

0 75 86 76 -19 33 38 16

0 25 49 21 -7 29 40 31

0 13 37 48 -6 12 17 28

0 1 20 26 -5 9 18 24

0 23 35 98 -20 35 43 22

0 4 81 9 -20 34 39 28

0 19 25 7 -19 19 26 32

0 10 17 54 -2 27 49 4

0 12 31 16 -9 26 40 41

0 7 13 61 -11 32 33 25

0 12 14 53 -20 25 44 3

0 0 1 28 -13 4 11 15

0 27 30 53 -8 5 26 46

0 0 86 47 -5 31 38 0

0 20 37 44 -14 12 14 26

0 7 15 51 -10 25 29 17

0 12 13 45 -20 0 34 18

0 6 34 25 -7 9 13 46

0 5 14 99 -10 11 30 1

0 4 8 80 -13 47 49 19

0 3 4 99 -14 10 12 8

0 17 28 9 -9 2 48 39

0 10 30 62 -8 1 40 30

0 3 42 26 -6 3 5 30

0 23 40 48 -19 4 33 1

0 0 1 17 -4 34 36 2

0 3 17 32 -7 0 12 34

0 1 2 69 -19 13 25 1

0 3 34 4 -2 5 18 43

0 1 7 10 -1 9 20 34

0 2 3 92 -18 7 22 8

0 7 10 44 -5 14 16 29

0 0 1 73 -18 38 45 20

0 4 5 3 -3 4 16 29

0 2 9 53 -10 22 34 47

0 0 14 43 -5 1 19 8

0 6 18 61 -4 4 24 28

0 4 8 48 -14 10 46 44

0 0 1 27 -11 1 2 34

0 1 2 3 -9 4 26 30

0 1 2 91 -4 7 8 48

0 0 18 8 -1 3 21 24

0 0 1 15 -10 1 16 42


SAlphaB: 703.0, std-dev 260.2066850397851

Earliest win: 39
Latest win: 81

WinDepth:
0 0 0 0 0 0 0 0 0 0 0 0 0 0 0 0 0 0 0 0 0 0 0 0 0 0 0 0 0 0 0 0 0 0 0 0 0 0 0 1 1 3 1 7 11 12 7 46 38 88 58 240 79 107 85 152 112 182 117 185 166 235 219 315 318 367 435 395 465 344 441 441 477 370 373 416 245 264 179 147 91 78 
SAlphaB:
0 0 0 0 0 0 0 0 0 0 0 0 0 0 0 0 0 0 0 0 0 0 0 0 0 0 0 0 0 0 0 0 0 0 0 0 0 0 0 1 1 3 1 7 11 12 7 46 38 88 58 240 79 107 85 152 112 182 117 185 166 235 219 315 318 367 435 395 465 344 441 441 477 370 373 416 245 264 179 147 91 78 

LossDepth:
SAlphaB:
0 0 0 0 0 0 0 0 0 0 0 0 0 0 0 0 0 0 0 0 0 0 0 0 0 0 0 0 0 0 0 0 0 0 0 0 0 0 0 1 1 3 1 7 11 12 7 46 38 88 58 240 79 107 85 152 112 182 117 185 166 235 219 315 318 367 435 395 465 344 441 441 477 370 373 416 245 264 179 147 91 78 

FirstWin:
0 0 0 0 0 0 0 0 0 0 0 0 0 0 0 0 0 0 0 0 0 0 0 0 0 0 0 0 0 0 0 0 0 0 0 0 0 0 0 1 0 3 0 7 0 12 0 46 0 88 0 240 0 107 0 152 0 182 0 185 0 235 0 315 0 367 0 395 0 344 0 441 0 370 0 416 0 264 0 147 0 78 
SAlphaB:
0 0 0 0 0 0 0 0 0 0 0 0 0 0 0 0 0 0 0 0 0 0 0 0 0 0 0 0 0 0 0 0 0 0 0 0 0 0 0 1 0 3 0 7 0 12 0 46 0 88 0 240 0 107 0 152 0 182 0 185 0 235 0 315 0 367 0 395 0 344 0 441 0 370 0 416 0 264 0 147 0 78 

SecondWin:
0 0 0 0 0 0 0 0 0 0 0 0 0 0 0 0 0 0 0 0 0 0 0 0 0 0 0 0 0 0 0 0 0 0 0 0 0 0 0 0 1 0 1 0 11 0 7 0 38 0 58 0 79 0 85 0 112 0 117 0 166 0 219 0 318 0 435 0 465 0 441 0 477 0 373 0 245 0 179 0 91 0 
SAlphaB:
0 0 0 0 0 0 0 0 0 0 0 0 0 0 0 0 0 0 0 0 0 0 0 0 0 0 0 0 0 0 0 0 0 0 0 0 0 0 0 0 1 0 1 0 11 0 7 0 38 0 58 0 79 0 85 0 112 0 117 0 166 0 219 0 318 0 435 0 465 0 441 0 477 0 373 0 245 0 179 0 91 0 
