0 15 70 70 -4 2 13 4

0 62 90 75 -19 5 11 5

0 30 90 23 -11 4 12 28

0 19 27 31 -18 0 2 13

0 26 52 1 -7 5 9 21

0 41 52 60 -14 20 45 4

0 28 33 92 -4 24 36 15

0 13 65 58 -13 0 9 24

0 30 71 53 -19 2 11 4

0 27 41 13 -5 26 39 18

0 42 56 76 -9 1 30 18

0 81 85 40 -7 4 8 11

0 38 83 78 -11 8 9 45

0 59 97 81 -10 1 4 41

0 66 67 47 -6 17 26 34

0 72 82 16 -20 17 25 34

0 18 77 49 -16 23 48 18

0 14 42 99 -5 3 4 44

0 53 72 73 -18 15 41 42

0 38 75 60 -19 5 38 11

0 63 84 33 -12 16 44 6

0 28 46 86 -4 6 7 17

0 21 65 12 -7 28 45 16

0 11 90 75 -8 18 36 37

0 32 53 61 -15 0 6 18

0 37 50 9 -17 10 25 10

0 45 56 52 -14 13 37 20

0 5 81 44 -13 16 38 39

0 21 91 67 -15 14 26 31

0 11 86 86 -12 26 32 17

0 71 86 78 -14 25 45 9

0 14 65 8 -17 4 14 13

0 30 61 66 -13 13 45 22

0 24 84 27 -20 2 44 8

0 13 18 20 -9 4 14 6

0 7 57 46 -12 8 21 20

0 31 77 5 -12 28 41 29

0 42 63 84 -10 0 1 22

0 49 68 4 -14 11 40 41

0 73 74 9 -13 22 26 22

0 40 45 34 -20 10 11 3

0 44 92 93 -17 34 42 35

0 9 28 76 -14 11 41 35

0 3 24 41 -15 10 24 15

0 27 46 4 -7 6 37 6

0 2 16 64 -19 0 5 8

0 18 28 99 -13 39 46 2

0 14 97 63 -17 12 33 46

0 21 24 56 -12 12 47 16

0 18 19 55 -2 8 16 16

0 18 19 10 -3 3 16 9

0 19 26 43 -7 16 37 28

0 7 30 83 -3 32 37 31

0 28 51 34 -17 12 13 10

0 5 50 16 -4 1 25 10

0 29 43 57 -19 2 33 47

0 3 69 12 -10 5 32 2

0 18 75 27 -2 28 33 37

0 52 99 45 -20 22 25 27

0 19 45 95 -8 9 16 1

0 8 25 14 -7 22 47 24

0 12 72 89 -20 6 42 10

0 18 44 33 -6 7 45 41

0 0 7 61 -6 19 33 10

0 14 99 34 -14 8 34 19

0 1 44 52 -8 2 4 32

0 28 48 98 -1 3 29 46

0 25 67 7 -2 16 36 35

0 7 13 13 -14 12 19 31

0 12 18 55 -1 7 45 15

0 3 5 55 -12 34 41 46

0 1 28 19 -6 4 7 46

0 4 13 32 -3 12 15 20

0 23 37 75 -9 3 23 48

0 3 4 48 -16 29 34 49

0 75 78 59 -17 39 40 1

0 1 22 15 -11 10 25 23

0 3 60 75 -7 0 7 33

0 12 33 36 -1 6 8 45

0 4 21 85 -2 13 32 46

0 6 8 44 -16 1 9 7

0 49 57 6 -13 26 41 43

0 12 35 31 -9 10 31 42

0 3 10 31 -17 17 37 44

0 24 59 15 -5 25 30 49

0 2 10 0 -7 2 18 22

0 2 23 79 -13 16 32 14

0 6 12 70 -10 0 2 33

0 9 44 7 -3 27 34 44

0 22 30 39 -4 9 44 24

0 2 22 12 -11 9 11 42

0 9 14 59 -4 9 16 34

0 1 2 24 -12 3 8 11

0 13 17 18 -19 0 31 39

0 6 16 21 -4 11 17 44

0 15 18 74 -1 4 9 46

0 10 16 80 -9 3 42 34

0 4 17 33 -20 0 6 36

0 1 2 15 -7 13 19 40

0 5 14 2 -5 13 15 38


SAlphaB: 703.0, std-dev 262.1689255137811

Earliest win: 37
Latest win: 81

WinDepth:
0 0 0 0 0 0 0 0 0 0 0 0 0 0 0 0 0 0 0 0 0 0 0 0 0 0 0 0 0 0 0 0 0 0 0 0 0 1 3 14 3 4 3 5 7 24 11 35 11 77 62 205 49 101 81 210 107 212 132 179 143 247 229 326 292 350 390 402 489 435 496 460 439 400 391 333 260 225 182 127 107 76 
SAlphaB:
0 0 0 0 0 0 0 0 0 0 0 0 0 0 0 0 0 0 0 0 0 0 0 0 0 0 0 0 0 0 0 0 0 0 0 0 0 1 3 14 3 4 3 5 7 24 11 35 11 77 62 205 49 101 81 210 107 212 132 179 143 247 229 326 292 350 390 402 489 435 496 460 439 400 391 333 260 225 182 127 107 76 

LossDepth:
SAlphaB:
0 0 0 0 0 0 0 0 0 0 0 0 0 0 0 0 0 0 0 0 0 0 0 0 0 0 0 0 0 0 0 0 0 0 0 0 0 1 3 14 3 4 3 5 7 24 11 35 11 77 62 205 49 101 81 210 107 212 132 179 143 247 229 326 292 350 390 402 489 435 496 460 439 400 391 333 260 225 182 127 107 76 

FirstWin:
0 0 0 0 0 0 0 0 0 0 0 0 0 0 0 0 0 0 0 0 0 0 0 0 0 0 0 0 0 0 0 0 0 0 0 0 0 1 0 14 0 4 0 5 0 24 0 35 0 77 0 205 0 101 0 210 0 212 0 179 0 247 0 326 0 350 0 402 0 435 0 460 0 400 0 333 0 225 0 127 0 76 
SAlphaB:
0 0 0 0 0 0 0 0 0 0 0 0 0 0 0 0 0 0 0 0 0 0 0 0 0 0 0 0 0 0 0 0 0 0 0 0 0 1 0 14 0 4 0 5 0 24 0 35 0 77 0 205 0 101 0 210 0 212 0 179 0 247 0 326 0 350 0 402 0 435 0 460 0 400 0 333 0 225 0 127 0 76 

SecondWin:
0 0 0 0 0 0 0 0 0 0 0 0 0 0 0 0 0 0 0 0 0 0 0 0 0 0 0 0 0 0 0 0 0 0 0 0 0 0 3 0 3 0 3 0 7 0 11 0 11 0 62 0 49 0 81 0 107 0 132 0 143 0 229 0 292 0 390 0 489 0 496 0 439 0 391 0 260 0 182 0 107 0 
SAlphaB:
0 0 0 0 0 0 0 0 0 0 0 0 0 0 0 0 0 0 0 0 0 0 0 0 0 0 0 0 0 0 0 0 0 0 0 0 0 0 3 0 3 0 3 0 7 0 11 0 11 0 62 0 49 0 81 0 107 0 132 0 143 0 229 0 292 0 390 0 489 0 496 0 439 0 391 0 260 0 182 0 107 0 
