0 0 93 83 -2 23 47 36

0 49 79 90 -6 9 34 9

0 86 87 91 -20 16 49 29

0 86 99 41 -10 1 25 6

0 32 69 81 -20 6 18 26

0 45 58 72 -13 5 10 2

0 56 93 24 -8 17 48 1

0 41 95 70 -20 13 46 11

0 90 99 16 -16 5 40 35

0 43 74 90 -20 2 8 28

0 78 97 81 -1 4 28 2

0 53 92 86 -7 14 21 29

0 40 91 68 -3 1 3 18

0 18 33 63 -1 2 7 12

0 5 82 48 -2 0 2 11

0 49 77 29 -1 6 7 22

0 52 54 13 -12 7 19 17

0 29 41 55 -3 7 23 30

0 36 74 89 -14 6 18 32

0 9 47 80 -10 4 11 22

0 3 27 86 -19 5 9 30

0 44 52 11 -20 2 5 17

0 48 52 50 -20 3 5 16

0 25 32 75 -19 10 19 48

0 36 46 36 -20 8 25 8

0 32 90 54 -5 15 24 9

0 48 57 97 -19 6 33 4

0 45 87 38 -6 1 23 40

0 45 82 67 -9 12 18 3

0 67 93 28 -6 3 45 39

0 24 33 27 -3 4 25 10

0 0 42 58 -3 8 18 3

0 25 31 98 -14 27 34 14

0 17 50 66 -10 15 16 10

0 9 55 94 -17 3 15 5

0 11 79 66 -5 19 26 25

0 51 65 14 -10 4 7 38

0 72 91 32 -6 7 15 46

0 36 78 54 -7 0 1 21

0 10 56 60 -2 10 39 30

0 38 84 73 -6 18 24 10

0 0 94 85 -17 2 20 25

0 41 99 29 -15 18 19 31

0 28 37 53 -18 37 45 29

0 4 81 14 -15 25 30 27

0 25 79 72 -20 16 19 33

0 44 52 93 -8 19 30 48

0 74 93 48 -18 28 35 45

0 13 29 63 -19 3 5 2

0 10 50 32 -16 19 36 36

0 10 14 31 -5 12 20 15

0 78 87 36 -1 13 19 13

0 23 78 57 -17 19 37 31

0 75 95 9 -20 28 33 16

0 2 11 80 -11 2 3 22

0 21 23 58 -2 10 38 12

0 56 67 98 -2 6 9 47

0 82 98 56 -12 35 45 25

0 44 99 70 -18 44 46 2

0 59 65 92 -8 27 36 42

0 44 69 57 -10 4 40 44

0 10 23 59 -5 27 37 7

0 35 41 16 -13 19 20 39

0 2 13 69 -3 0 4 14

0 12 18 20 -13 10 32 14

0 78 93 11 -13 38 44 22

0 13 18 52 -10 9 16 34

0 8 19 47 -18 13 45 27

0 53 71 35 -18 26 28 24

0 12 17 3 -19 3 6 16

0 51 75 79 -2 0 7 38

0 24 92 24 -6 21 39 5

0 0 93 20 -17 27 30 40

0 65 81 31 -5 0 7 45

0 21 27 98 -10 16 40 36

0 59 64 64 -14 29 36 7

0 2 11 15 -4 16 28 21

0 11 30 71 -19 19 40 48

0 2 3 54 -4 27 37 29

0 11 41 27 -4 8 10 1

0 13 18 49 -14 9 17 33

0 3 61 59 -15 29 47 7

0 20 74 7 -13 27 42 19

0 19 22 28 -12 5 20 46

0 8 20 42 -8 7 17 38

0 5 12 90 -6 12 14 21

0 17 83 5 -14 2 35 42

0 15 56 11 -13 16 42 13

0 0 1 9 -15 9 21 10

0 34 99 22 -3 28 36 12

0 1 20 34 -5 3 13 39

0 0 12 71 -17 1 46 2

0 0 3 94 -17 2 23 25

0 6 31 5 -20 4 6 31

0 4 6 31 -7 13 20 11

0 2 8 26 -3 1 2 37

0 7 11 35 -1 6 48 0

0 1 2 43 -4 1 3 37

0 2 6 19 -6 2 29 25

0 20 21 80 -8 9 44 45


SAlphaB: 698.0, std-dev 271.5740105980748

Earliest win: 37
Latest win: 81

WinDepth:
0 0 0 0 0 0 0 0 0 0 0 0 0 0 0 0 0 0 0 0 0 0 0 0 0 0 0 0 0 0 0 0 0 0 0 0 0 10 0 1 1 4 5 13 3 18 12 65 33 70 76 214 64 132 86 166 115 206 126 181 182 216 217 306 348 340 385 404 417 503 438 475 410 382 393 388 254 258 177 167 99 88 
SAlphaB:
0 0 0 0 0 0 0 0 0 0 0 0 0 0 0 0 0 0 0 0 0 0 0 0 0 0 0 0 0 0 0 0 0 0 0 0 0 10 0 1 1 4 5 13 3 18 12 65 33 70 76 214 64 132 86 166 115 206 126 181 182 216 217 306 348 340 385 404 417 503 438 475 410 382 393 388 254 258 177 167 99 88 

LossDepth:
SAlphaB:
0 0 0 0 0 0 0 0 0 0 0 0 0 0 0 0 0 0 0 0 0 0 0 0 0 0 0 0 0 0 0 0 0 0 0 0 0 10 0 1 1 4 5 13 3 18 12 65 33 70 76 214 64 132 86 166 115 206 126 181 182 216 217 306 348 340 385 404 417 503 438 475 410 382 393 388 254 258 177 167 99 88 

FirstWin:
0 0 0 0 0 0 0 0 0 0 0 0 0 0 0 0 0 0 0 0 0 0 0 0 0 0 0 0 0 0 0 0 0 0 0 0 0 10 0 1 0 4 0 13 0 18 0 65 0 70 0 214 0 132 0 166 0 206 0 181 0 216 0 306 0 340 0 404 0 503 0 475 0 382 0 388 0 258 0 167 0 88 
SAlphaB:
0 0 0 0 0 0 0 0 0 0 0 0 0 0 0 0 0 0 0 0 0 0 0 0 0 0 0 0 0 0 0 0 0 0 0 0 0 10 0 1 0 4 0 13 0 18 0 65 0 70 0 214 0 132 0 166 0 206 0 181 0 216 0 306 0 340 0 404 0 503 0 475 0 382 0 388 0 258 0 167 0 88 

SecondWin:
0 0 0 0 0 0 0 0 0 0 0 0 0 0 0 0 0 0 0 0 0 0 0 0 0 0 0 0 0 0 0 0 0 0 0 0 0 0 0 0 1 0 5 0 3 0 12 0 33 0 76 0 64 0 86 0 115 0 126 0 182 0 217 0 348 0 385 0 417 0 438 0 410 0 393 0 254 0 177 0 99 0 
SAlphaB:
0 0 0 0 0 0 0 0 0 0 0 0 0 0 0 0 0 0 0 0 0 0 0 0 0 0 0 0 0 0 0 0 0 0 0 0 0 0 0 0 1 0 5 0 3 0 12 0 33 0 76 0 64 0 86 0 115 0 126 0 182 0 217 0 348 0 385 0 417 0 438 0 410 0 393 0 254 0 177 0 99 0 
