0 28 67 11 -18 0 8 28

0 23 81 23 -6 3 7 8

0 52 77 54 -16 4 8 16

0 43 87 87 -2 10 12 15

0 20 47 79 -5 0 2 24

0 42 89 87 -8 11 38 34

0 15 31 81 -12 13 17 14

0 49 91 63 -15 4 11 28

0 5 51 73 -10 6 12 30

0 0 14 31 -11 4 9 16

0 67 72 60 -11 14 15 22

0 47 53 3 -4 11 34 4

0 38 94 95 -18 5 28 18

0 4 76 14 -16 6 26 38

0 27 93 42 -14 1 13 40

0 75 97 63 -9 29 48 47

0 70 73 49 -14 4 12 6

0 92 93 86 -17 0 7 35

0 50 64 85 -3 14 44 6

0 31 40 46 -12 7 16 22

0 21 32 82 -11 2 7 12

0 2 65 2 -6 23 49 35

0 20 39 71 -11 14 22 26

0 31 44 42 -1 1 4 14

0 20 60 93 -2 11 19 16

0 10 20 11 -12 14 20 13

0 33 64 47 -5 20 43 22

0 9 51 89 -20 5 18 23

0 77 79 84 -8 24 26 19

0 12 66 66 -11 10 15 25

0 39 86 35 -2 2 6 42

0 70 85 41 -13 31 38 44

0 92 98 55 -15 8 11 8

0 64 75 30 -8 6 12 5

0 79 85 59 -2 9 25 48

0 28 60 97 -11 8 31 23

0 13 58 21 -8 4 7 22

0 36 47 13 -7 11 45 17

0 92 96 9 -4 15 17 39

0 3 51 72 -8 14 27 41

0 21 39 11 -8 16 28 14

0 51 84 85 -16 17 32 12

0 17 22 19 -6 3 10 41

0 16 23 64 -17 15 33 5

0 12 15 28 -17 5 7 15

0 17 75 15 -17 12 14 2

0 66 87 19 -16 26 30 3

0 9 26 30 -19 0 5 37

0 20 40 30 -4 35 41 24

0 1 98 8 -1 2 38 26

0 23 31 49 -7 42 49 41

0 0 1 13 -11 6 13 3

0 20 50 15 -7 19 26 17

0 1 76 52 -5 37 39 30

0 41 44 10 -12 2 4 34

0 49 67 48 -15 14 36 19

0 23 33 76 -2 0 40 44

0 1 9 86 -1 6 8 17

0 8 36 19 -4 5 6 19

0 17 62 34 -14 38 49 34

0 5 34 18 -5 10 37 29

0 31 58 60 -20 29 35 41

0 4 28 92 -12 30 31 42

0 1 66 84 -4 5 10 40

0 43 46 71 -7 7 13 49

0 4 43 98 -5 8 21 38

0 8 12 97 -1 30 46 33

0 31 33 75 -11 5 22 45

0 0 83 28 -6 36 45 40

0 42 59 17 -5 29 42 49

0 28 31 71 -1 1 33 39

0 13 89 46 -20 23 31 41

0 5 10 86 -7 4 6 29

0 6 23 3 -7 23 29 17

0 3 36 82 -10 14 47 13

0 4 21 53 -1 13 46 33

0 13 20 76 -1 0 7 37

0 9 22 13 -1 6 12 10

0 4 44 81 -1 0 23 43

0 2 3 44 -4 3 5 3

0 15 20 29 -3 23 43 3

0 1 2 55 -7 9 21 8

0 8 31 61 -20 1 36 3

0 4 5 39 -17 0 18 17

0 3 55 15 -15 24 26 20

0 3 16 67 -15 27 29 46

0 8 36 20 -20 7 43 29

0 8 20 11 -13 14 34 12

0 5 6 53 -7 27 42 43

0 2 26 75 -17 1 5 39

0 19 20 38 -19 12 44 4

0 0 4 51 -1 1 7 29

0 4 10 76 -11 3 14 31

0 14 15 98 -7 8 45 46

0 0 1 48 -3 17 23 0

0 0 1 87 -6 7 20 8

0 0 1 24 -14 0 1 44

0 1 6 39 -6 8 22 27

0 4 28 8 -20 2 8 34

0 0 1 38 -16 11 46 43


SAlphaB: 691.0, std-dev 254.91924072719442

Earliest win: 37
Latest win: 81

WinDepth:
0 0 0 0 0 0 0 0 0 0 0 0 0 0 0 0 0 0 0 0 0 0 0 0 0 0 0 0 0 0 0 0 0 0 0 0 0 1 0 6 1 1 3 10 8 12 11 28 15 91 42 187 58 131 83 242 90 182 136 164 152 216 217 302 314 391 418 389 454 435 436 463 445 429 420 346 273 241 201 133 104 85 
SAlphaB:
0 0 0 0 0 0 0 0 0 0 0 0 0 0 0 0 0 0 0 0 0 0 0 0 0 0 0 0 0 0 0 0 0 0 0 0 0 1 0 6 1 1 3 10 8 12 11 28 15 91 42 187 58 131 83 242 90 182 136 164 152 216 217 302 314 391 418 389 454 435 436 463 445 429 420 346 273 241 201 133 104 85 

LossDepth:
SAlphaB:
0 0 0 0 0 0 0 0 0 0 0 0 0 0 0 0 0 0 0 0 0 0 0 0 0 0 0 0 0 0 0 0 0 0 0 0 0 1 0 6 1 1 3 10 8 12 11 28 15 91 42 187 58 131 83 242 90 182 136 164 152 216 217 302 314 391 418 389 454 435 436 463 445 429 420 346 273 241 201 133 104 85 

FirstWin:
0 0 0 0 0 0 0 0 0 0 0 0 0 0 0 0 0 0 0 0 0 0 0 0 0 0 0 0 0 0 0 0 0 0 0 0 0 1 0 6 0 1 0 10 0 12 0 28 0 91 0 187 0 131 0 242 0 182 0 164 0 216 0 302 0 391 0 389 0 435 0 463 0 429 0 346 0 241 0 133 0 85 
SAlphaB:
0 0 0 0 0 0 0 0 0 0 0 0 0 0 0 0 0 0 0 0 0 0 0 0 0 0 0 0 0 0 0 0 0 0 0 0 0 1 0 6 0 1 0 10 0 12 0 28 0 91 0 187 0 131 0 242 0 182 0 164 0 216 0 302 0 391 0 389 0 435 0 463 0 429 0 346 0 241 0 133 0 85 

SecondWin:
0 0 0 0 0 0 0 0 0 0 0 0 0 0 0 0 0 0 0 0 0 0 0 0 0 0 0 0 0 0 0 0 0 0 0 0 0 0 0 0 1 0 3 0 8 0 11 0 15 0 42 0 58 0 83 0 90 0 136 0 152 0 217 0 314 0 418 0 454 0 436 0 445 0 420 0 273 0 201 0 104 0 
SAlphaB:
0 0 0 0 0 0 0 0 0 0 0 0 0 0 0 0 0 0 0 0 0 0 0 0 0 0 0 0 0 0 0 0 0 0 0 0 0 0 0 0 1 0 3 0 8 0 11 0 15 0 42 0 58 0 83 0 90 0 136 0 152 0 217 0 314 0 418 0 454 0 436 0 445 0 420 0 273 0 201 0 104 0 
