0 59 91 89 -14 1 33 32

0 53 97 91 -11 7 22 23

0 3 42 58 -5 19 25 16

0 77 96 37 -11 3 13 25

0 48 67 49 -18 0 4 17

0 46 95 8 -18 3 7 23

0 69 86 29 -13 19 20 23

0 23 55 40 -16 4 6 10

0 63 78 46 -15 0 16 20

0 40 76 7 -19 10 33 5

0 10 95 48 -7 8 16 2

0 57 62 15 -6 10 34 17

0 48 65 30 -20 8 24 40

0 11 43 12 -13 1 6 18

0 58 69 79 -8 11 26 43

0 39 70 67 -9 6 36 40

0 59 70 17 -6 0 1 0

0 23 49 17 -13 0 4 36

0 24 39 47 -20 30 31 23

0 12 25 8 -4 15 19 4

0 2 12 83 -7 5 7 4

0 20 51 39 -19 0 1 0

0 31 87 32 -13 17 28 41

0 23 45 53 -17 19 25 27

0 62 94 88 -2 8 21 21

0 18 41 32 -20 5 6 18

0 21 25 49 -19 3 12 30

0 3 46 79 -6 17 43 8

0 48 95 13 -12 1 21 38

0 66 97 43 -15 7 10 29

0 29 30 47 -15 34 43 35

0 38 41 49 -9 2 3 19

0 68 73 11 -8 16 37 8

0 9 10 87 -9 5 8 5

0 34 46 61 -10 23 36 25

0 47 71 12 -8 0 5 23

0 89 91 42 -8 6 24 37

0 17 42 10 -4 4 9 33

0 63 91 35 -5 12 13 34

0 26 30 43 -17 19 21 28

0 6 75 23 -5 15 21 20

0 39 54 1 -3 13 46 37

0 41 43 76 -5 11 31 31

0 15 97 86 -5 11 32 26

0 23 35 84 -13 14 28 42

0 12 59 6 -13 10 14 5

0 47 58 45 -15 15 36 16

0 18 42 15 -17 24 31 8

0 16 77 82 -8 5 28 7

0 2 70 89 -5 16 19 27

0 17 28 94 -2 13 14 7

0 6 98 28 -19 31 33 32

0 12 55 1 -8 0 22 39

0 34 44 74 -9 16 19 24

0 9 73 73 -10 5 10 34

0 59 65 80 -12 22 30 39

0 24 33 2 -3 3 8 39

0 9 14 18 -11 13 14 1

0 50 95 89 -15 32 47 34

0 11 38 24 -19 2 14 45

0 12 21 32 -7 41 44 20

0 81 84 27 -20 34 43 38

0 18 80 47 -1 7 37 44

0 5 41 11 -2 0 5 48

0 56 57 62 -18 18 33 13

0 0 7 52 -9 10 12 14

0 47 55 19 -6 20 24 3

0 17 50 29 -5 12 28 34

0 8 56 32 -20 6 49 7

0 18 75 99 -2 18 24 47

0 26 84 2 -10 29 35 16

0 9 75 14 -10 11 33 49

0 52 56 42 -3 0 42 8

0 22 53 12 -11 27 30 4

0 0 27 88 -3 21 31 6

0 0 23 19 -4 7 37 13

0 6 9 19 -15 5 18 35

0 8 21 14 -16 0 20 31

0 31 36 90 -12 9 36 46

0 6 32 61 -8 2 13 35

0 5 22 52 -15 2 42 13

0 19 48 34 -16 30 36 0

0 38 51 69 -13 25 32 49

0 4 7 52 -14 6 10 47

0 4 13 59 -16 26 43 31

0 7 9 42 -19 3 12 45

0 3 17 22 -10 23 31 22

0 8 13 47 -16 13 28 41

0 0 1 68 -4 26 37 27

0 0 29 45 -15 9 43 39

0 37 81 57 -13 28 33 42

0 5 26 43 -9 10 22 27

0 11 23 70 -17 7 27 1

0 0 13 53 -3 25 31 14

0 2 4 55 -13 6 44 8

0 7 14 4 -2 7 48 26

0 19 21 51 -11 5 25 43

0 6 7 27 -6 8 21 33

0 2 9 71 -18 1 29 26

0 9 26 17 -15 2 34 42


SAlphaB: 710.0, std-dev 259.6274089241089

Earliest win: 37
Latest win: 81

WinDepth:
0 0 0 0 0 0 0 0 0 0 0 0 0 0 0 0 0 0 0 0 0 0 0 0 0 0 0 0 0 0 0 0 0 0 0 0 0 3 3 9 0 7 3 5 12 10 26 31 37 62 48 184 124 113 105 137 109 160 135 175 179 227 249 342 299 319 422 400 475 380 501 413 438 370 398 348 270 267 175 119 111 77 
SAlphaB:
0 0 0 0 0 0 0 0 0 0 0 0 0 0 0 0 0 0 0 0 0 0 0 0 0 0 0 0 0 0 0 0 0 0 0 0 0 3 3 9 0 7 3 5 12 10 26 31 37 62 48 184 124 113 105 137 109 160 135 175 179 227 249 342 299 319 422 400 475 380 501 413 438 370 398 348 270 267 175 119 111 77 

LossDepth:
SAlphaB:
0 0 0 0 0 0 0 0 0 0 0 0 0 0 0 0 0 0 0 0 0 0 0 0 0 0 0 0 0 0 0 0 0 0 0 0 0 3 3 9 0 7 3 5 12 10 26 31 37 62 48 184 124 113 105 137 109 160 135 175 179 227 249 342 299 319 422 400 475 380 501 413 438 370 398 348 270 267 175 119 111 77 

FirstWin:
0 0 0 0 0 0 0 0 0 0 0 0 0 0 0 0 0 0 0 0 0 0 0 0 0 0 0 0 0 0 0 0 0 0 0 0 0 3 0 9 0 7 0 5 0 10 0 31 0 62 0 184 0 113 0 137 0 160 0 175 0 227 0 342 0 319 0 400 0 380 0 413 0 370 0 348 0 267 0 119 0 77 
SAlphaB:
0 0 0 0 0 0 0 0 0 0 0 0 0 0 0 0 0 0 0 0 0 0 0 0 0 0 0 0 0 0 0 0 0 0 0 0 0 3 0 9 0 7 0 5 0 10 0 31 0 62 0 184 0 113 0 137 0 160 0 175 0 227 0 342 0 319 0 400 0 380 0 413 0 370 0 348 0 267 0 119 0 77 

SecondWin:
0 0 0 0 0 0 0 0 0 0 0 0 0 0 0 0 0 0 0 0 0 0 0 0 0 0 0 0 0 0 0 0 0 0 0 0 0 0 3 0 0 0 3 0 12 0 26 0 37 0 48 0 124 0 105 0 109 0 135 0 179 0 249 0 299 0 422 0 475 0 501 0 438 0 398 0 270 0 175 0 111 0 
SAlphaB:
0 0 0 0 0 0 0 0 0 0 0 0 0 0 0 0 0 0 0 0 0 0 0 0 0 0 0 0 0 0 0 0 0 0 0 0 0 0 3 0 0 0 3 0 12 0 26 0 37 0 48 0 124 0 105 0 109 0 135 0 179 0 249 0 299 0 422 0 475 0 501 0 438 0 398 0 270 0 175 0 111 0 
