0 48 96 49 -20 1 9 36

0 25 54 8 -8 1 8 5

0 32 71 69 -6 14 36 45

0 48 96 6 -16 4 6 22

0 24 43 1 -19 5 13 14

0 31 76 44 -7 9 17 0

0 22 47 78 -14 16 27 6

0 79 97 97 -10 1 44 23

0 11 58 45 -15 27 32 18

0 44 73 11 -1 13 20 2

0 17 81 19 -11 15 30 1

0 14 54 32 -2 10 35 12

0 4 29 84 -14 5 11 16

0 88 90 24 -15 16 18 6

0 8 91 35 -13 10 35 0

0 33 59 63 -12 2 19 35

0 56 95 47 -19 15 25 20

0 19 74 84 -19 14 24 8

0 18 52 49 -8 23 30 16

0 45 48 27 -4 18 33 32

0 71 77 68 -1 5 7 31

0 4 94 75 -3 34 49 25

0 5 38 10 -8 0 3 17

0 8 52 74 -11 13 25 38

0 1 69 68 -10 20 23 40

0 30 96 12 -6 3 6 8

0 25 42 49 -6 25 37 25

0 16 49 91 -2 40 49 32

0 26 42 75 -8 25 41 29

0 2 31 62 -4 0 3 6

0 81 88 55 -14 5 48 31

0 10 14 86 -3 0 5 0

0 58 92 71 -7 24 26 25

0 57 84 47 -20 8 37 48

0 87 99 81 -20 1 6 6

0 5 29 97 -2 8 15 43

0 38 44 48 -13 15 26 16

0 68 75 3 -11 0 23 35

0 1 58 71 -20 13 19 18

0 5 97 8 -19 1 29 25

0 11 64 24 -10 1 17 42

0 38 49 26 -17 22 25 20

0 56 60 78 -10 1 40 33

0 21 43 5 -13 9 14 3

0 8 91 70 -14 27 29 37

0 5 8 80 -7 13 17 8

0 43 49 86 -1 27 47 47

0 9 47 22 -10 19 42 40

0 52 58 40 -20 13 16 8

0 9 38 32 -19 18 31 30

0 17 35 38 -14 18 22 27

0 30 68 16 -16 29 33 10

0 55 61 71 -14 27 46 16

0 39 55 18 -20 19 32 23

0 7 44 95 -15 18 40 39

0 33 42 44 -11 2 40 28

0 14 20 23 -2 19 26 24

0 3 15 63 -16 16 40 6

0 6 59 27 -8 3 10 31

0 2 30 1 -16 27 44 37

0 34 49 64 -18 17 45 1

0 11 18 5 -13 7 12 46

0 40 52 55 -2 19 29 18

0 26 33 85 -3 2 27 47

0 10 86 40 -13 26 35 27

0 57 58 61 -14 27 33 48

0 24 41 32 -16 13 39 30

0 10 61 21 -20 18 20 33

0 45 47 1 -5 18 41 37

0 3 77 70 -1 10 14 32

0 0 13 49 -16 8 24 15

0 15 46 40 -10 0 41 23

0 37 48 79 -1 3 4 25

0 24 66 2 -5 33 44 37

0 49 58 64 -13 13 21 20

0 11 16 68 -14 15 38 16

0 7 83 5 -16 10 12 48

0 15 25 59 -19 1 11 38

0 24 34 72 -1 38 44 47

0 11 18 72 -13 32 48 0

0 11 13 75 -15 2 21 35

0 12 24 52 -8 35 44 23

0 23 34 21 -9 18 42 40

0 1 62 89 -1 2 45 10

0 6 9 65 -20 25 41 43

0 1 7 79 -13 34 48 9

0 2 25 25 -15 20 39 45

0 14 22 97 -11 23 24 45

0 12 18 37 -4 16 42 39

0 1 7 4 -20 0 6 28

0 0 3 73 -9 8 47 44

0 0 4 20 -3 5 22 33

0 1 3 30 -11 5 11 35

0 3 4 20 -15 3 11 25

0 10 11 10 -3 8 13 15

0 13 22 70 -17 37 49 18

0 1 7 55 -5 3 4 35

0 1 2 42 -8 1 43 34

0 2 3 36 -5 17 25 31

0 1 2 64 -5 3 4 38


SAlphaB: 725.0, std-dev 263.8365920853897

Earliest win: 37
Latest win: 81

WinDepth:
0 0 0 0 0 0 0 0 0 0 0 0 0 0 0 0 0 0 0 0 0 0 0 0 0 0 0 0 0 0 0 0 0 0 0 0 0 1 0 3 0 1 0 6 3 7 16 89 25 56 55 230 45 109 91 211 146 153 164 184 199 208 286 311 305 329 385 355 492 376 433 487 480 344 411 378 292 252 178 129 88 75 
SAlphaB:
0 0 0 0 0 0 0 0 0 0 0 0 0 0 0 0 0 0 0 0 0 0 0 0 0 0 0 0 0 0 0 0 0 0 0 0 0 1 0 3 0 1 0 6 3 7 16 89 25 56 55 230 45 109 91 211 146 153 164 184 199 208 286 311 305 329 385 355 492 376 433 487 480 344 411 378 292 252 178 129 88 75 

LossDepth:
SAlphaB:
0 0 0 0 0 0 0 0 0 0 0 0 0 0 0 0 0 0 0 0 0 0 0 0 0 0 0 0 0 0 0 0 0 0 0 0 0 1 0 3 0 1 0 6 3 7 16 89 25 56 55 230 45 109 91 211 146 153 164 184 199 208 286 311 305 329 385 355 492 376 433 487 480 344 411 378 292 252 178 129 88 75 

FirstWin:
0 0 0 0 0 0 0 0 0 0 0 0 0 0 0 0 0 0 0 0 0 0 0 0 0 0 0 0 0 0 0 0 0 0 0 0 0 1 0 3 0 1 0 6 0 7 0 89 0 56 0 230 0 109 0 211 0 153 0 184 0 208 0 311 0 329 0 355 0 376 0 487 0 344 0 378 0 252 0 129 0 75 
SAlphaB:
0 0 0 0 0 0 0 0 0 0 0 0 0 0 0 0 0 0 0 0 0 0 0 0 0 0 0 0 0 0 0 0 0 0 0 0 0 1 0 3 0 1 0 6 0 7 0 89 0 56 0 230 0 109 0 211 0 153 0 184 0 208 0 311 0 329 0 355 0 376 0 487 0 344 0 378 0 252 0 129 0 75 

SecondWin:
0 0 0 0 0 0 0 0 0 0 0 0 0 0 0 0 0 0 0 0 0 0 0 0 0 0 0 0 0 0 0 0 0 0 0 0 0 0 0 0 0 0 0 0 3 0 16 0 25 0 55 0 45 0 91 0 146 0 164 0 199 0 286 0 305 0 385 0 492 0 433 0 480 0 411 0 292 0 178 0 88 0 
SAlphaB:
0 0 0 0 0 0 0 0 0 0 0 0 0 0 0 0 0 0 0 0 0 0 0 0 0 0 0 0 0 0 0 0 0 0 0 0 0 0 0 0 0 0 0 0 3 0 16 0 25 0 55 0 45 0 91 0 146 0 164 0 199 0 286 0 305 0 385 0 492 0 433 0 480 0 411 0 292 0 178 0 88 0 
