0 2 77 64 -9 9 22 42

0 50 87 18 -4 13 14 3

0 77 95 31 -4 18 42 14

0 27 68 46 -5 1 7 1

0 32 59 11 -10 2 13 23

0 28 48 50 -7 4 7 11

0 47 98 82 -19 8 22 33

0 18 97 20 -14 1 5 28

0 18 98 67 -18 1 4 41

0 58 63 24 -13 0 18 33

0 13 33 95 -2 9 19 20

0 54 88 17 -13 2 20 0

0 8 78 67 -1 10 39 9

0 23 60 33 -20 26 36 16

0 67 68 72 -7 1 11 25

0 46 92 4 -7 0 11 17

0 69 72 21 -13 3 20 2

0 28 59 66 -14 12 18 45

0 92 98 3 -10 6 44 48

0 18 23 75 -10 14 38 26

0 45 56 36 -5 5 11 11

0 50 97 57 -6 8 33 2

0 52 79 40 -1 21 46 30

0 20 81 18 -5 2 33 49

0 6 77 87 -5 13 19 43

0 4 80 47 -18 2 9 19

0 9 33 21 -2 0 9 15

0 1 61 70 -5 2 14 16

0 64 78 31 -20 4 10 40

0 19 48 26 -13 30 36 31

0 44 97 90 -8 18 46 13

0 5 80 58 -16 16 40 41

0 21 43 46 -15 14 16 30

0 33 34 87 -19 15 44 23

0 15 42 70 -6 6 30 6

0 46 52 40 -14 29 32 19

0 8 32 69 -13 8 12 33

0 5 79 31 -12 29 43 48

0 18 21 38 -13 10 13 17

0 54 67 28 -9 1 22 7

0 87 99 18 -17 31 38 40

0 23 29 71 -14 6 15 3

0 78 98 58 -15 9 44 0

0 5 93 43 -11 12 19 19

0 3 33 99 -10 1 25 6

0 73 92 22 -14 34 37 26

0 8 39 26 -11 17 30 1

0 0 21 78 -13 7 9 30

0 27 36 15 -13 25 32 30

0 41 42 50 -5 12 32 26

0 51 56 24 -19 22 30 44

0 5 30 26 -16 32 35 33

0 51 65 98 -1 0 13 15

0 65 90 66 -5 1 12 45

0 15 26 57 -7 9 24 37

0 8 72 3 -16 1 32 16

0 5 67 19 -6 8 27 49

0 10 35 91 -10 3 6 32

0 3 13 93 -17 0 5 29

0 11 98 49 -16 42 44 25

0 14 52 6 -12 31 46 8

0 8 14 75 -1 22 26 36

0 19 63 0 -10 41 46 39

0 1 14 56 -1 0 1 34

0 17 19 51 -19 15 35 9

0 16 24 7 -16 12 28 36

0 15 26 2 -13 2 24 32

0 34 44 17 -6 25 45 10

0 3 6 39 -12 15 28 7

0 17 23 34 -8 29 43 44

0 15 30 89 -9 24 30 29

0 0 3 98 -10 20 46 3

0 49 81 32 -15 40 43 48

0 7 18 23 -18 2 4 45

0 17 63 36 -9 6 24 38

0 1 11 97 -2 16 45 44

0 4 19 27 -9 2 38 26

0 10 19 37 -15 10 36 31

0 22 75 8 -4 40 42 37

0 2 58 9 -17 4 14 45

0 1 2 67 -4 6 9 0

0 13 15 0 -14 8 45 48

0 10 14 6 -9 25 29 36

0 1 14 73 -16 22 33 30

0 6 13 98 -6 1 25 37

0 9 16 3 -20 5 7 27

0 3 9 37 -13 5 44 0

0 6 37 15 -2 4 22 38

0 0 1 45 -1 6 26 1

0 9 11 72 -7 40 46 30

0 9 38 38 -16 18 21 46

0 6 20 35 -3 17 19 43

0 8 29 71 -19 9 31 32

0 5 7 17 -19 11 23 45

0 0 2 7 -19 23 37 32

0 0 3 6 -7 4 21 2

0 3 10 74 -14 21 36 38

0 0 1 76 -14 28 42 7

0 5 8 3 -16 4 11 28

0 6 10 21 -3 7 14 40


SAlphaB: 722.0, std-dev 247.54537274135538

Earliest win: 37
Latest win: 81

WinDepth:
0 0 0 0 0 0 0 0 0 0 0 0 0 0 0 0 0 0 0 0 0 0 0 0 0 0 0 0 0 0 0 0 0 0 0 0 0 1 0 2 1 2 3 5 7 16 7 57 11 67 39 174 35 136 91 148 94 136 203 156 215 194 302 380 254 386 450 377 538 364 472 412 389 376 385 414 244 243 173 145 79 89 
SAlphaB:
0 0 0 0 0 0 0 0 0 0 0 0 0 0 0 0 0 0 0 0 0 0 0 0 0 0 0 0 0 0 0 0 0 0 0 0 0 1 0 2 1 2 3 5 7 16 7 57 11 67 39 174 35 136 91 148 94 136 203 156 215 194 302 380 254 386 450 377 538 364 472 412 389 376 385 414 244 243 173 145 79 89 

LossDepth:
SAlphaB:
0 0 0 0 0 0 0 0 0 0 0 0 0 0 0 0 0 0 0 0 0 0 0 0 0 0 0 0 0 0 0 0 0 0 0 0 0 1 0 2 1 2 3 5 7 16 7 57 11 67 39 174 35 136 91 148 94 136 203 156 215 194 302 380 254 386 450 377 538 364 472 412 389 376 385 414 244 243 173 145 79 89 

FirstWin:
0 0 0 0 0 0 0 0 0 0 0 0 0 0 0 0 0 0 0 0 0 0 0 0 0 0 0 0 0 0 0 0 0 0 0 0 0 1 0 2 0 2 0 5 0 16 0 57 0 67 0 174 0 136 0 148 0 136 0 156 0 194 0 380 0 386 0 377 0 364 0 412 0 376 0 414 0 243 0 145 0 89 
SAlphaB:
0 0 0 0 0 0 0 0 0 0 0 0 0 0 0 0 0 0 0 0 0 0 0 0 0 0 0 0 0 0 0 0 0 0 0 0 0 1 0 2 0 2 0 5 0 16 0 57 0 67 0 174 0 136 0 148 0 136 0 156 0 194 0 380 0 386 0 377 0 364 0 412 0 376 0 414 0 243 0 145 0 89 

SecondWin:
0 0 0 0 0 0 0 0 0 0 0 0 0 0 0 0 0 0 0 0 0 0 0 0 0 0 0 0 0 0 0 0 0 0 0 0 0 0 0 0 1 0 3 0 7 0 7 0 11 0 39 0 35 0 91 0 94 0 203 0 215 0 302 0 254 0 450 0 538 0 472 0 389 0 385 0 244 0 173 0 79 0 
SAlphaB:
0 0 0 0 0 0 0 0 0 0 0 0 0 0 0 0 0 0 0 0 0 0 0 0 0 0 0 0 0 0 0 0 0 0 0 0 0 0 0 0 1 0 3 0 7 0 7 0 11 0 39 0 35 0 91 0 94 0 203 0 215 0 302 0 254 0 450 0 538 0 472 0 389 0 385 0 244 0 173 0 79 0 
