0 10 71 62 -5 0 3 3

0 52 84 18 -1 14 39 33

0 11 34 21 -6 1 4 6

0 51 93 75 -13 4 17 41

0 9 15 38 -19 1 2 7

0 84 95 25 -1 12 21 2

0 38 67 46 -19 2 9 20

0 53 68 96 -18 7 33 37

0 44 89 44 -10 3 27 27

0 49 87 39 -1 11 19 24

0 8 98 88 -18 25 28 37

0 38 87 43 -10 0 2 29

0 28 42 53 -9 6 19 14

0 69 78 82 -8 0 15 18

0 24 49 91 -6 12 14 27

0 7 13 62 -6 3 6 11

0 22 42 12 -1 24 46 13

0 7 23 39 -19 1 4 16

0 18 34 93 -10 1 15 3

0 32 55 29 -2 8 31 13

0 51 57 37 -15 6 11 16

0 53 74 39 -10 19 30 36

0 24 45 69 -3 37 41 32

0 70 85 2 -10 1 12 16

0 54 57 99 -19 0 12 19

0 25 85 84 -13 10 28 49

0 31 72 47 -11 1 16 48

0 1 38 91 -8 41 44 14

0 9 53 10 -13 15 34 36

0 17 68 54 -6 34 41 29

0 8 23 44 -3 13 20 20

0 7 58 48 -4 11 18 5

0 35 46 91 -3 15 29 39

0 47 63 68 -1 2 12 17

0 7 61 24 -8 11 30 26

0 1 38 84 -8 11 14 33

0 10 82 16 -2 9 34 9

0 20 28 29 -5 31 45 23

0 27 58 29 -6 14 16 25

0 59 60 80 -3 3 11 38

0 42 55 29 -4 6 39 9

0 5 35 41 -20 23 49 0

0 9 86 47 -20 3 25 22

0 55 82 82 -18 9 17 3

0 27 78 82 -4 33 45 35

0 58 63 48 -13 0 3 23

0 25 53 41 -9 37 40 40

0 37 43 4 -19 30 47 43

0 12 24 71 -8 7 10 29

0 64 67 26 -8 14 17 20

0 6 63 0 -5 12 13 3

0 40 97 62 -16 15 18 6

0 35 90 5 -18 25 37 15

0 9 69 79 -12 24 28 5

0 34 41 93 -19 4 24 45

0 31 47 54 -12 1 9 46

0 37 48 29 -2 2 43 22

0 0 29 40 -3 9 23 16

0 73 92 10 -3 14 21 39

0 60 72 19 -15 2 17 49

0 38 78 33 -20 7 36 27

0 33 91 45 -19 31 48 48

0 8 79 12 -12 5 14 47

0 2 16 76 -12 14 25 46

0 25 71 91 -12 39 40 10

0 8 10 71 -9 33 43 24

0 1 2 64 -9 7 16 22

0 91 92 46 -10 3 19 44

0 7 11 5 -15 10 18 31

0 8 59 58 -9 21 23 48

0 15 63 71 -7 12 16 36

0 65 83 70 -15 28 47 38

0 8 77 64 -9 5 45 4

0 49 60 6 -5 14 49 47

0 1 3 37 -4 18 28 22

0 4 96 89 -15 2 4 38

0 1 24 8 -12 3 9 36

0 2 4 6 -8 12 13 13

0 4 8 64 -3 25 49 41

0 1 42 76 -17 2 3 39

0 13 24 74 -19 21 37 33

0 16 18 32 -18 10 40 31

0 0 8 89 -7 5 8 42

0 17 64 49 -19 10 49 17

0 29 33 55 -11 5 44 19

0 63 66 51 -12 35 42 16

0 12 46 85 -9 5 47 38

0 1 9 95 -8 0 19 13

0 18 20 23 -13 1 2 45

0 13 16 84 -16 1 14 48

0 9 23 29 -9 3 43 42

0 10 40 32 -13 19 31 0

0 0 1 34 -10 4 15 12

0 2 8 94 -17 8 47 39

0 6 8 44 -10 0 44 1

0 1 6 5 -16 4 12 3

0 2 17 65 -6 44 46 31

0 6 21 42 -15 3 12 43

0 1 11 73 -3 1 2 45

0 5 12 25 -7 2 19 45


SAlphaB: 708.0, std-dev 258.9173566521904

Earliest win: 33
Latest win: 81

WinDepth:
0 0 0 0 0 0 0 0 0 0 0 0 0 0 0 0 0 0 0 0 0 0 0 0 0 0 0 0 0 0 0 0 0 1 0 0 0 4 2 1 0 2 1 15 5 16 12 27 56 84 67 214 83 132 66 157 134 190 125 182 180 226 246 291 323 363 407 394 445 410 449 447 413 414 398 368 276 233 181 146 110 84 
SAlphaB:
0 0 0 0 0 0 0 0 0 0 0 0 0 0 0 0 0 0 0 0 0 0 0 0 0 0 0 0 0 0 0 0 0 1 0 0 0 4 2 1 0 2 1 15 5 16 12 27 56 84 67 214 83 132 66 157 134 190 125 182 180 226 246 291 323 363 407 394 445 410 449 447 413 414 398 368 276 233 181 146 110 84 

LossDepth:
SAlphaB:
0 0 0 0 0 0 0 0 0 0 0 0 0 0 0 0 0 0 0 0 0 0 0 0 0 0 0 0 0 0 0 0 0 1 0 0 0 4 2 1 0 2 1 15 5 16 12 27 56 84 67 214 83 132 66 157 134 190 125 182 180 226 246 291 323 363 407 394 445 410 449 447 413 414 398 368 276 233 181 146 110 84 

FirstWin:
0 0 0 0 0 0 0 0 0 0 0 0 0 0 0 0 0 0 0 0 0 0 0 0 0 0 0 0 0 0 0 0 0 1 0 0 0 4 0 1 0 2 0 15 0 16 0 27 0 84 0 214 0 132 0 157 0 190 0 182 0 226 0 291 0 363 0 394 0 410 0 447 0 414 0 368 0 233 0 146 0 84 
SAlphaB:
0 0 0 0 0 0 0 0 0 0 0 0 0 0 0 0 0 0 0 0 0 0 0 0 0 0 0 0 0 0 0 0 0 1 0 0 0 4 0 1 0 2 0 15 0 16 0 27 0 84 0 214 0 132 0 157 0 190 0 182 0 226 0 291 0 363 0 394 0 410 0 447 0 414 0 368 0 233 0 146 0 84 

SecondWin:
0 0 0 0 0 0 0 0 0 0 0 0 0 0 0 0 0 0 0 0 0 0 0 0 0 0 0 0 0 0 0 0 0 0 0 0 0 0 2 0 0 0 1 0 5 0 12 0 56 0 67 0 83 0 66 0 134 0 125 0 180 0 246 0 323 0 407 0 445 0 449 0 413 0 398 0 276 0 181 0 110 0 
SAlphaB:
0 0 0 0 0 0 0 0 0 0 0 0 0 0 0 0 0 0 0 0 0 0 0 0 0 0 0 0 0 0 0 0 0 0 0 0 0 0 2 0 0 0 1 0 5 0 12 0 56 0 67 0 83 0 66 0 134 0 125 0 180 0 246 0 323 0 407 0 445 0 449 0 413 0 398 0 276 0 181 0 110 0 
