0 43 98 88 -2 9 31 8

0 32 71 36 -1 2 14 11

0 17 98 10 -7 1 10 7

0 36 90 41 -15 4 9 16

0 46 75 6 -15 6 12 3

0 47 88 90 -6 9 28 22

0 18 55 33 -12 1 3 8

0 40 71 6 -17 6 19 28

0 68 96 27 -6 7 21 22

0 24 82 24 -7 0 2 11

0 40 67 17 -14 1 3 22

0 49 81 73 -8 9 11 9

0 19 90 29 -13 1 7 16

0 21 99 44 -6 1 2 7

0 53 92 72 -17 1 3 4

0 34 76 43 -3 6 15 23

0 34 75 85 -19 2 6 20

0 42 99 94 -7 7 23 29

0 77 98 24 -19 5 15 29

0 42 95 79 -6 11 15 7

0 32 63 15 -10 1 2 18

0 49 95 82 -12 8 27 31

0 60 90 19 -8 13 29 25

0 64 79 56 -12 6 22 13

0 59 98 54 -1 13 28 37

0 38 99 62 -12 2 6 0

0 43 60 12 -4 5 15 18

0 30 80 62 -15 1 4 6

0 41 76 59 -19 6 21 18

0 69 87 58 -1 16 34 2

0 63 84 21 -16 12 38 41

0 28 53 55 -14 2 7 6

0 36 46 65 -11 2 4 9

0 21 63 22 -4 1 9 19

0 42 98 48 -3 0 14 5

0 46 81 7 -7 5 27 33

0 33 80 98 -15 1 3 0

0 69 93 8 -2 0 6 3

0 32 46 4 -8 1 3 9

0 49 87 8 -12 1 15 27

0 39 82 12 -17 1 11 26

0 32 73 29 -8 1 4 18

0 22 83 41 -2 4 12 3

0 69 99 84 -18 6 23 42

0 22 67 46 -13 0 1 16

0 16 61 34 -9 0 3 18

0 15 60 1 -10 0 1 2

0 57 88 0 -5 3 26 18

0 38 92 47 -16 2 14 24

0 42 76 27 -20 0 3 22

0 34 96 22 -10 5 12 12

0 22 87 51 -14 0 9 9

0 39 43 59 -14 2 7 11

0 57 89 84 -7 4 19 12

0 42 56 19 -13 4 9 15

0 8 44 68 -6 4 11 2

0 23 51 23 -4 2 9 0

0 34 92 18 -20 4 12 24

0 38 79 95 -19 1 2 20

0 61 80 99 -11 2 23 40

0 81 95 61 -19 13 22 21

0 27 52 37 -2 8 16 1

0 32 91 96 -15 3 10 3

0 36 94 36 -4 7 14 21

0 37 60 38 -15 2 11 18

0 27 91 50 -8 2 16 17

0 63 82 31 -10 13 16 13

0 59 84 42 -14 1 21 24

0 69 78 93 -14 4 14 30

0 47 89 19 -17 2 22 41

0 22 75 63 -6 4 11 14

0 43 95 51 -9 0 1 0

0 38 98 11 -5 2 14 1

0 67 94 52 -15 4 15 17

0 36 67 52 -17 2 7 11

0 29 47 31 -9 0 5 17

0 63 97 46 -3 9 33 16

0 51 55 30 -5 10 23 9

0 30 62 97 -6 5 19 33

0 24 48 42 -6 0 4 10

0 35 75 2 -18 1 5 21

0 30 53 6 -19 3 7 17

0 40 74 83 -17 0 1 20

0 19 52 5 -9 0 4 11

0 62 76 90 -10 14 16 10

0 38 89 28 -11 8 34 22

0 42 92 22 -8 4 26 27

0 28 86 51 -13 5 10 20

0 63 71 36 -12 8 27 34

0 66 97 20 -14 0 1 15

0 45 80 61 -11 1 3 12

0 61 94 31 -10 4 28 22

0 62 88 29 -10 9 42 35

0 37 93 41 -7 10 20 7

0 48 95 39 -12 3 31 14

0 54 87 65 -3 2 19 7

0 43 63 34 -1 8 13 1

0 55 97 30 -20 2 25 32

0 82 91 40 -18 2 34 18

0 16 36 62 -6 1 7 4


SAlphaB: 1259.0, std-dev 439.3282741006347

Earliest win: 35
Latest win: 81

WinDepth:
0 0 0 0 0 0 0 0 0 0 0 0 0 0 0 0 0 0 0 0 0 0 0 0 0 0 0 0 0 0 0 0 0 0 0 4 0 8 0 8 0 10 1 20 24 44 23 54 28 81 102 102 82 140 104 179 183 308 156 296 224 345 287 413 350 436 423 445 417 447 405 381 372 343 347 269 216 203 151 104 76 62 
SAlphaB:
0 0 0 0 0 0 0 0 0 0 0 0 0 0 0 0 0 0 0 0 0 0 0 0 0 0 0 0 0 0 0 0 0 0 0 4 0 8 0 8 0 10 1 20 24 44 23 54 28 81 102 102 82 140 104 179 183 308 156 296 224 345 287 413 350 436 423 445 417 447 405 381 372 343 347 269 216 203 151 104 76 62 

LossDepth:
SAlphaB:
0 0 0 0 0 0 0 0 0 0 0 0 0 0 0 0 0 0 0 0 0 0 0 0 0 0 0 0 0 0 0 0 0 0 0 4 0 8 0 8 0 10 1 20 24 44 23 54 28 81 102 102 82 140 104 179 183 308 156 296 224 345 287 413 350 436 423 445 417 447 405 381 372 343 347 269 216 203 151 104 76 62 

FirstWin:
0 0 0 0 0 0 0 0 0 0 0 0 0 0 0 0 0 0 0 0 0 0 0 0 0 0 0 0 0 0 0 0 0 0 0 4 0 8 0 8 0 10 0 20 0 44 0 54 0 81 0 102 0 140 0 179 0 308 0 296 0 345 0 413 0 436 0 445 0 447 0 381 0 343 0 269 0 203 0 104 0 62 
SAlphaB:
0 0 0 0 0 0 0 0 0 0 0 0 0 0 0 0 0 0 0 0 0 0 0 0 0 0 0 0 0 0 0 0 0 0 0 4 0 8 0 8 0 10 0 20 0 44 0 54 0 81 0 102 0 140 0 179 0 308 0 296 0 345 0 413 0 436 0 445 0 447 0 381 0 343 0 269 0 203 0 104 0 62 

SecondWin:
0 0 0 0 0 0 0 0 0 0 0 0 0 0 0 0 0 0 0 0 0 0 0 0 0 0 0 0 0 0 0 0 0 0 0 0 0 0 0 0 0 0 1 0 24 0 23 0 28 0 102 0 82 0 104 0 183 0 156 0 224 0 287 0 350 0 423 0 417 0 405 0 372 0 347 0 216 0 151 0 76 0 
SAlphaB:
0 0 0 0 0 0 0 0 0 0 0 0 0 0 0 0 0 0 0 0 0 0 0 0 0 0 0 0 0 0 0 0 0 0 0 0 0 0 0 0 0 0 1 0 24 0 23 0 28 0 102 0 82 0 104 0 183 0 156 0 224 0 287 0 350 0 423 0 417 0 405 0 372 0 347 0 216 0 151 0 76 0 
