0 28 79 11 -4 5 16 6

0 40 97 76 -6 7 21 10

0 31 87 93 -15 3 9 1

0 42 96 41 -16 3 9 12

0 18 87 94 -11 2 10 18

0 29 83 46 -2 2 19 21

0 28 74 75 -6 2 16 18

0 60 91 60 -14 2 20 27

0 53 95 59 -15 5 15 33

0 31 86 22 -9 0 15 7

0 20 40 20 -10 0 1 9

0 29 83 42 -9 1 7 3

0 40 97 46 -7 5 18 20

0 49 85 64 -19 7 25 17

0 31 77 14 -14 3 7 17

0 21 43 3 -6 1 10 12

0 73 98 26 -19 11 41 21

0 44 88 49 -7 7 21 25

0 25 76 36 -4 2 14 10

0 53 87 6 -9 2 14 20

0 11 52 18 -7 0 3 3

0 34 90 14 -17 0 13 13

0 36 61 68 -8 4 12 19

0 35 58 10 -2 3 19 9

0 46 89 39 -16 6 17 9

0 29 96 41 -9 2 13 7

0 40 69 66 -18 1 9 20

0 11 48 52 -7 1 3 3

0 76 88 31 -16 12 39 27

0 50 96 55 -4 9 33 5

0 34 64 52 -17 3 11 16

0 64 74 61 -1 12 36 10

0 54 86 72 -14 8 9 7

0 53 95 82 -14 0 17 13

0 26 61 56 -15 0 5 24

0 41 75 50 -5 9 22 5

0 21 93 42 -4 2 15 13

0 45 58 42 -9 7 24 14

0 65 89 86 -16 2 10 2

0 36 92 9 -18 2 4 18

0 23 45 67 -8 1 3 2

0 21 69 2 -13 0 4 11

0 84 99 29 -6 6 36 14

0 40 98 65 -6 7 28 11

0 44 96 87 -10 6 16 7

0 15 41 12 -9 1 6 13

0 41 84 55 -19 3 20 25

0 26 37 70 -14 2 5 14

0 42 74 73 -9 8 19 28

0 78 81 75 -10 18 23 17

0 27 65 72 -15 0 1 16

0 56 98 20 -2 12 34 10

0 35 93 14 -4 5 25 25

0 42 78 41 -1 8 23 18

0 30 64 0 -10 2 11 0

0 49 95 77 -20 2 14 30

0 47 87 5 -8 3 11 11

0 36 69 31 -2 2 16 27

0 50 87 18 -16 6 15 6

0 42 73 71 -1 9 12 4

0 18 95 11 -2 0 10 0

0 19 71 17 -11 1 2 3

0 44 98 85 -6 3 16 20

0 65 92 95 -16 9 31 5

0 45 71 42 -13 10 17 12

0 56 99 22 -9 2 22 36

0 54 77 19 -2 6 17 7

0 68 93 24 -1 13 41 34

0 21 66 33 -14 0 2 17

0 28 88 19 -9 0 3 18

0 32 88 80 -16 1 2 23

0 43 80 11 -12 3 18 31

0 69 75 76 -5 9 18 12

0 15 34 47 -7 0 2 5

0 35 67 25 -12 0 1 10

0 24 62 3 -13 0 1 7

0 26 74 41 -13 4 16 14

0 27 76 23 -14 1 9 15

0 31 66 81 -6 6 12 15

0 69 87 40 -4 12 46 14

0 31 45 45 -7 2 5 5

0 63 97 53 -20 4 18 26

0 49 85 24 -4 5 12 15

0 53 88 68 -5 10 29 12

0 59 73 56 -15 10 13 16

0 83 92 62 -3 8 28 4

0 27 83 41 -16 0 2 22

0 26 93 96 -13 2 20 12

0 88 97 58 -17 1 7 27

0 39 94 73 -19 0 4 0

0 49 96 58 -6 4 18 5

0 60 95 9 -3 8 36 4

0 34 41 9 -18 0 1 2

0 34 85 60 -5 5 13 14

0 16 63 1 -12 2 12 17

0 35 44 28 -11 1 7 8

0 33 63 6 -15 1 10 12

0 46 47 96 -19 7 16 4

0 29 83 52 -12 0 1 15

0 71 86 41 -15 6 35 38


SAlphaB: 1261.0, std-dev 425.82966730320186

Earliest win: 35
Latest win: 81

WinDepth:
0 0 0 0 0 0 0 0 0 0 0 0 0 0 0 0 0 0 0 0 0 0 0 0 0 0 0 0 0 0 0 0 0 0 0 7 0 5 0 9 0 7 2 21 10 36 28 43 42 82 179 108 94 117 130 254 160 285 151 263 213 362 291 396 331 399 360 466 411 503 439 369 360 335 391 293 212 173 147 113 76 64 
SAlphaB:
0 0 0 0 0 0 0 0 0 0 0 0 0 0 0 0 0 0 0 0 0 0 0 0 0 0 0 0 0 0 0 0 0 0 0 7 0 5 0 9 0 7 2 21 10 36 28 43 42 82 179 108 94 117 130 254 160 285 151 263 213 362 291 396 331 399 360 466 411 503 439 369 360 335 391 293 212 173 147 113 76 64 

LossDepth:
SAlphaB:
0 0 0 0 0 0 0 0 0 0 0 0 0 0 0 0 0 0 0 0 0 0 0 0 0 0 0 0 0 0 0 0 0 0 0 7 0 5 0 9 0 7 2 21 10 36 28 43 42 82 179 108 94 117 130 254 160 285 151 263 213 362 291 396 331 399 360 466 411 503 439 369 360 335 391 293 212 173 147 113 76 64 

FirstWin:
0 0 0 0 0 0 0 0 0 0 0 0 0 0 0 0 0 0 0 0 0 0 0 0 0 0 0 0 0 0 0 0 0 0 0 7 0 5 0 9 0 7 0 21 0 36 0 43 0 82 0 108 0 117 0 254 0 285 0 263 0 362 0 396 0 399 0 466 0 503 0 369 0 335 0 293 0 173 0 113 0 64 
SAlphaB:
0 0 0 0 0 0 0 0 0 0 0 0 0 0 0 0 0 0 0 0 0 0 0 0 0 0 0 0 0 0 0 0 0 0 0 7 0 5 0 9 0 7 0 21 0 36 0 43 0 82 0 108 0 117 0 254 0 285 0 263 0 362 0 396 0 399 0 466 0 503 0 369 0 335 0 293 0 173 0 113 0 64 

SecondWin:
0 0 0 0 0 0 0 0 0 0 0 0 0 0 0 0 0 0 0 0 0 0 0 0 0 0 0 0 0 0 0 0 0 0 0 0 0 0 0 0 0 0 2 0 10 0 28 0 42 0 179 0 94 0 130 0 160 0 151 0 213 0 291 0 331 0 360 0 411 0 439 0 360 0 391 0 212 0 147 0 76 0 
SAlphaB:
0 0 0 0 0 0 0 0 0 0 0 0 0 0 0 0 0 0 0 0 0 0 0 0 0 0 0 0 0 0 0 0 0 0 0 0 0 0 0 0 0 0 2 0 10 0 28 0 42 0 179 0 94 0 130 0 160 0 151 0 213 0 291 0 331 0 360 0 411 0 439 0 360 0 391 0 212 0 147 0 76 0 
