0 44 99 70 -4 7 23 35

0 20 56 93 -8 1 6 6

0 25 99 55 -7 6 14 21

0 37 95 59 -14 2 4 15

0 56 97 42 -4 14 24 6

0 40 66 97 -1 8 26 35

0 48 67 13 -20 7 25 7

0 24 67 3 -12 5 11 0

0 44 76 76 -9 1 23 17

0 46 90 32 -1 14 20 10

0 12 70 18 -11 0 2 27

0 45 76 10 -11 0 3 4

0 62 74 12 -6 8 28 11

0 36 45 39 -14 6 15 10

0 72 98 27 -6 1 25 21

0 31 85 75 -12 1 5 3

0 43 60 47 -19 5 16 6

0 59 93 24 -3 12 39 41

0 52 70 49 -5 2 28 19

0 37 79 70 -9 4 11 14

0 10 39 44 -9 0 4 10

0 68 92 39 -19 3 10 17

0 41 78 40 -7 0 7 8

0 28 80 91 -7 9 29 22

0 71 91 0 -13 10 20 37

0 70 85 88 -6 1 12 12

0 45 76 82 -3 10 19 2

0 85 98 63 -5 12 48 38

0 49 95 12 -10 6 20 27

0 57 68 30 -11 4 18 6

0 40 95 7 -6 10 32 14

0 48 76 7 -2 2 35 3

0 37 93 55 -1 1 15 17

0 34 83 56 -4 5 15 21

0 46 94 64 -9 4 21 1

0 23 99 65 -12 5 12 13

0 51 88 0 -10 6 8 7

0 58 82 28 -13 0 5 10

0 57 99 72 -17 2 9 49

0 71 85 82 -15 15 43 4

0 29 61 61 -3 1 16 4

0 53 56 41 -6 2 20 10

0 27 92 49 -15 0 1 38

0 0 42 81 -2 6 13 7

0 31 62 93 -8 0 16 25

0 37 55 68 -12 2 9 17

0 61 90 82 -17 8 14 14

0 44 90 63 -8 8 32 43

0 17 87 77 -5 4 10 15

0 20 94 45 -13 1 19 17

0 23 60 49 -8 21 45 25

0 55 69 67 -1 10 23 30

0 26 54 14 -1 5 16 29

0 42 71 34 -1 16 46 22

0 33 84 84 -8 5 7 15

0 23 76 5 -14 1 7 42

0 9 76 50 -4 0 8 4

0 76 88 98 -18 10 21 44

0 68 91 37 -12 3 5 21

0 65 99 83 -13 2 34 15

0 0 90 93 -20 16 43 33

0 64 86 57 -6 0 42 17

0 30 36 58 -14 1 11 1

0 59 87 48 -17 3 14 9

0 8 45 94 -1 2 6 0

0 19 93 45 -19 0 5 41

0 9 35 92 -14 7 15 2

0 40 69 16 -10 0 2 24

0 25 77 88 -3 2 3 7

0 35 65 56 -1 1 17 24

0 33 83 18 -7 15 35 37

0 31 76 55 -8 8 21 9

0 27 78 69 -8 11 22 0

0 29 53 20 -14 15 23 1

0 22 71 69 -5 12 38 19

0 16 55 55 -11 0 8 24

0 21 82 33 -19 2 5 5

0 16 42 79 -5 13 28 9

0 12 63 50 -8 21 33 8

0 31 97 24 -11 6 13 13

0 44 55 45 -5 15 36 1

0 23 71 55 -11 1 10 44

0 56 63 31 -15 1 4 1

0 44 85 1 -2 8 32 45

0 25 64 10 -12 1 4 38

0 34 41 46 -15 29 42 24

0 31 40 92 -12 29 38 18

0 19 70 35 -12 32 47 13

0 4 60 47 -13 14 34 19

0 7 47 62 -14 1 2 1

0 35 64 68 -5 24 40 7

0 30 55 52 -6 29 36 10

0 61 63 64 -17 13 14 26

0 30 83 80 -6 29 35 14

0 42 61 43 -16 29 43 8

0 17 44 80 -14 15 37 40

0 75 76 90 -19 0 2 5

0 48 76 24 -8 20 43 31

0 16 91 4 -19 23 42 7

0 27 83 92 -8 6 11 48


SAlphaB: 741.0, std-dev 263.4793083129886

Earliest win: 35
Latest win: 81

WinDepth:
0 0 0 0 0 0 0 0 0 0 0 0 0 0 0 0 0 0 0 0 0 0 0 0 0 0 0 0 0 0 0 0 0 0 0 4 0 11 0 19 12 20 12 49 18 73 38 176 64 140 105 455 156 342 206 423 347 544 404 548 415 623 643 792 762 916 915 933 1019 984 998 916 936 905 872 757 606 484 403 289 201 177 
SAlphaB:
0 0 0 0 0 0 0 0 0 0 0 0 0 0 0 0 0 0 0 0 0 0 0 0 0 0 0 0 0 0 0 0 0 0 0 4 0 11 0 19 12 20 12 49 18 73 38 176 64 140 105 455 156 342 206 423 347 544 404 548 415 623 643 792 762 916 915 933 1019 984 998 916 936 905 872 757 606 484 403 289 201 177 

LossDepth:
SAlphaB:
0 0 0 0 0 0 0 0 0 0 0 0 0 0 0 0 0 0 0 0 0 0 0 0 0 0 0 0 0 0 0 0 0 0 0 1 0 7 1 11 6 17 7 35 5 56 26 89 26 73 64 190 94 168 143 205 207 359 228 344 250 398 417 613 532 707 645 674 690 813 726 817 735 711 717 700 467 441 332 270 240 158 

FirstWin:
0 0 0 0 0 0 0 0 0 0 0 0 0 0 0 0 0 0 0 0 0 0 0 0 0 0 0 0 0 0 0 0 0 0 0 4 0 11 0 19 0 20 0 49 0 73 0 176 0 140 0 455 0 342 0 423 0 544 0 548 0 623 0 792 0 916 0 933 0 984 0 916 0 905 0 757 0 484 0 289 0 177 
SAlphaB:
0 0 0 0 0 0 0 0 0 0 0 0 0 0 0 0 0 0 0 0 0 0 0 0 0 0 0 0 0 0 0 0 0 0 0 4 0 11 0 19 0 20 0 49 0 73 0 176 0 140 0 455 0 342 0 423 0 544 0 548 0 623 0 792 0 916 0 933 0 984 0 916 0 905 0 757 0 484 0 289 0 177 

SecondWin:
0 0 0 0 0 0 0 0 0 0 0 0 0 0 0 0 0 0 0 0 0 0 0 0 0 0 0 0 0 0 0 0 0 0 0 0 0 0 0 0 12 0 12 0 18 0 38 0 64 0 105 0 156 0 206 0 347 0 404 0 415 0 643 0 762 0 915 0 1019 0 998 0 936 0 872 0 606 0 403 0 201 0 
SAlphaB:
0 0 0 0 0 0 0 0 0 0 0 0 0 0 0 0 0 0 0 0 0 0 0 0 0 0 0 0 0 0 0 0 0 0 0 0 0 0 0 0 12 0 12 0 18 0 38 0 64 0 105 0 156 0 206 0 347 0 404 0 415 0 643 0 762 0 915 0 1019 0 998 0 936 0 872 0 606 0 403 0 201 0 
