0 10 39 44 -9 0 4 10

0 61 90 82 -17 8 14 14

0 46 90 32 -1 14 20 10

0 72 98 27 -6 1 25 21

0 28 80 91 -7 9 29 22

0 9 76 50 -4 0 8 4

0 85 98 63 -5 12 48 38

0 71 85 82 -15 15 43 4

0 27 92 49 -15 0 1 38

0 68 92 39 -19 3 10 17

0 40 59 9 -20 12 38 38

0 15 54 28 -10 9 24 10

0 40 71 33 -6 17 30 32

0 23 54 92 -15 3 14 38

0 34 87 83 -17 13 15 38

0 6 42 95 -10 13 30 36

0 76 89 65 -5 5 14 11

0 59 91 14 -16 14 32 21

0 41 42 76 -11 7 25 49

0 39 88 66 -5 0 5 1

0 38 88 59 -15 18 19 33

0 23 30 70 -13 7 8 8

0 18 58 0 -19 1 7 20

0 49 62 78 -13 32 49 23

0 18 20 45 -15 3 6 9

0 59 72 91 -1 0 10 6

0 13 58 14 -12 9 34 3

0 28 49 0 -9 1 19 30

0 10 51 17 -19 7 24 36

0 79 84 70 -20 14 18 3

0 57 61 58 -10 22 48 46

0 47 50 78 -20 15 30 10

0 31 69 65 -9 23 35 34

0 55 87 99 -1 11 14 44

0 20 42 88 -13 18 32 11

0 0 71 37 -4 11 43 15

0 12 67 26 -16 2 5 37

0 35 94 62 -13 8 44 21

0 85 93 5 -8 27 39 5

0 43 97 61 -9 28 43 4

0 79 89 54 -3 3 14 33

0 22 45 33 -9 4 36 25

0 5 57 33 -5 0 1 31

0 43 46 20 -5 18 36 35

0 34 59 61 -3 1 8 42

0 9 59 41 -19 32 33 18

0 28 31 28 -20 29 33 41

0 4 15 92 -8 0 1 10

0 54 82 59 -12 0 1 46

0 24 30 75 -3 21 35 15

0 26 33 85 -6 28 45 9

0 31 33 64 -18 30 36 14

0 21 28 86 -14 6 23 10

0 0 4 30 -7 5 11 2

0 78 87 26 -2 1 7 43

0 20 28 73 -2 20 28 28

0 26 33 48 -12 1 5 44

0 14 63 90 -2 2 44 41

0 19 33 49 -18 15 40 32

0 20 78 3 -19 14 31 35

0 6 8 64 -16 11 28 17

0 11 26 19 -4 39 46 12

0 14 45 89 -9 2 48 45

0 3 49 20 -1 3 5 26

0 5 14 29 -16 8 15 19

0 1 95 89 -15 1 4 30

0 8 50 35 -17 6 10 20

0 24 75 70 -9 19 31 37

0 21 40 51 -9 25 43 43

0 11 17 1 -10 16 24 22

0 10 21 94 -19 19 23 39

0 68 90 65 -15 37 45 26

0 3 23 37 -8 5 25 15

0 1 2 12 -8 4 5 9

0 8 14 85 -15 2 21 27

0 15 34 4 -10 31 39 21

0 35 49 33 -16 10 38 11

0 14 23 9 -11 6 31 23

0 5 13 40 -11 14 34 34

0 0 5 62 -17 17 28 16

0 15 23 11 -6 7 39 42

0 0 36 43 -12 12 25 46

0 5 47 0 -19 25 43 42

0 9 19 47 -17 2 4 31

0 6 31 4 -3 0 8 43

0 0 4 88 -8 12 22 6

0 1 10 63 -14 27 38 49

0 10 17 25 -5 17 33 30

0 6 12 7 -10 14 26 34

0 16 58 5 -13 6 26 42

0 15 24 18 -9 16 31 49

0 8 14 70 -9 4 6 32

0 4 20 34 -17 37 49 7

0 0 1 3 -20 33 37 25

0 2 8 82 -10 4 15 37

0 8 10 91 -1 4 8 48

0 0 29 44 -1 11 45 32

0 1 2 61 -3 29 40 36

0 0 3 67 -15 28 32 24

0 7 9 29 -4 12 31 43


SAlphaB: 697.0, std-dev 256.0517994271843

Earliest win: 35
Latest win: 81

WinDepth:
0 0 0 0 0 0 0 0 0 0 0 0 0 0 0 0 0 0 0 0 0 0 0 0 0 0 0 0 0 0 0 0 0 0 0 4 0 3 0 4 4 4 1 14 19 28 14 70 20 70 43 213 47 114 73 249 100 183 155 207 179 230 198 277 252 352 480 380 440 388 504 433 464 375 398 373 249 245 210 108 91 70 
SAlphaB:
0 0 0 0 0 0 0 0 0 0 0 0 0 0 0 0 0 0 0 0 0 0 0 0 0 0 0 0 0 0 0 0 0 0 0 4 0 3 0 4 4 4 1 14 19 28 14 70 20 70 43 213 47 114 73 249 100 183 155 207 179 230 198 277 252 352 480 380 440 388 504 433 464 375 398 373 249 245 210 108 91 70 

LossDepth:
SAlphaB:
0 0 0 0 0 0 0 0 0 0 0 0 0 0 0 0 0 0 0 0 0 0 0 0 0 0 0 0 0 0 0 0 0 0 0 4 0 3 0 4 4 4 1 14 19 28 14 70 20 70 43 213 47 114 73 249 100 183 155 207 179 230 198 277 252 352 480 380 440 388 504 433 464 375 398 373 249 245 210 108 91 70 

FirstWin:
0 0 0 0 0 0 0 0 0 0 0 0 0 0 0 0 0 0 0 0 0 0 0 0 0 0 0 0 0 0 0 0 0 0 0 4 0 3 0 4 0 4 0 14 0 28 0 70 0 70 0 213 0 114 0 249 0 183 0 207 0 230 0 277 0 352 0 380 0 388 0 433 0 375 0 373 0 245 0 108 0 70 
SAlphaB:
0 0 0 0 0 0 0 0 0 0 0 0 0 0 0 0 0 0 0 0 0 0 0 0 0 0 0 0 0 0 0 0 0 0 0 4 0 3 0 4 0 4 0 14 0 28 0 70 0 70 0 213 0 114 0 249 0 183 0 207 0 230 0 277 0 352 0 380 0 388 0 433 0 375 0 373 0 245 0 108 0 70 

SecondWin:
0 0 0 0 0 0 0 0 0 0 0 0 0 0 0 0 0 0 0 0 0 0 0 0 0 0 0 0 0 0 0 0 0 0 0 0 0 0 0 0 4 0 1 0 19 0 14 0 20 0 43 0 47 0 73 0 100 0 155 0 179 0 198 0 252 0 480 0 440 0 504 0 464 0 398 0 249 0 210 0 91 0 
SAlphaB:
0 0 0 0 0 0 0 0 0 0 0 0 0 0 0 0 0 0 0 0 0 0 0 0 0 0 0 0 0 0 0 0 0 0 0 0 0 0 0 0 4 0 1 0 19 0 14 0 20 0 43 0 47 0 73 0 100 0 155 0 179 0 198 0 252 0 480 0 440 0 504 0 464 0 398 0 249 0 210 0 91 0 
