0 9 35 92 -14 7 15 2

0 17 87 77 -5 4 10 15

0 29 61 61 -3 1 16 4

0 49 95 12 -10 6 20 27

0 24 67 3 -12 5 11 0

0 45 76 10 -11 0 3 4

0 23 60 49 -8 21 45 25

0 44 85 1 -2 8 32 45

0 4 60 47 -13 14 34 19

0 27 83 92 -8 6 11 48

0 7 20 58 -2 0 5 9

0 36 55 42 -16 15 39 24

0 22 32 11 -14 2 9 12

0 44 45 14 -4 13 15 32

0 66 80 89 -19 5 6 42

0 7 16 98 -11 3 4 10

0 51 83 17 -7 20 22 15

0 82 84 33 -10 8 35 2

0 19 71 13 -7 0 7 36

0 33 61 70 -8 25 43 34

0 15 84 53 -13 37 45 13

0 2 89 39 -20 1 41 38

0 19 73 81 -14 21 42 48

0 21 80 34 -11 26 49 22

0 20 92 32 -19 0 44 25

0 18 86 40 -5 2 8 25

0 12 54 33 -6 27 44 0

0 60 61 85 -1 14 17 28

0 5 60 33 -19 9 19 25

0 22 33 42 -1 9 27 6

0 28 40 15 -8 0 18 34

0 20 24 89 -9 8 26 10

0 31 87 51 -1 2 3 15

0 58 97 54 -2 32 39 33

0 18 42 20 -12 26 36 2

0 13 30 27 -16 22 23 7

0 28 56 21 -10 23 33 17

0 18 47 99 -19 9 39 16

0 11 74 14 -8 17 41 31

0 12 17 80 -14 16 17 13

0 29 70 59 -16 23 47 31

0 72 74 96 -1 0 14 40

0 20 63 67 -14 14 37 48

0 10 17 75 -14 5 12 27

0 24 91 26 -13 23 29 39

0 10 49 67 -10 22 30 30

0 26 48 78 -5 10 12 16

0 25 58 1 -16 14 40 45

0 40 48 47 -10 34 35 37

0 1 87 11 -11 31 49 37

0 3 70 16 -16 2 29 36

0 26 84 16 -18 32 44 26

0 24 36 84 -5 22 49 13

0 21 52 26 -20 11 34 16

0 26 68 69 -12 14 26 28

0 15 34 70 -15 15 46 30

0 11 33 84 -17 15 40 34

0 7 17 30 -8 9 29 36

0 9 54 23 -10 1 19 44

0 66 67 20 -18 17 34 13

0 0 27 49 -11 4 27 8

0 25 39 25 -10 27 29 35

0 25 27 85 -2 13 33 4

0 30 52 8 -14 13 19 17

0 8 16 45 -19 40 44 18

0 8 47 95 -3 2 9 44

0 28 31 19 -5 12 19 46

0 43 52 1 -4 17 21 45

0 0 58 98 -17 0 26 20

0 1 2 39 -14 11 12 20

0 4 11 25 -19 10 22 40

0 6 53 20 -11 0 37 20

0 19 65 13 -2 20 24 14

0 0 99 61 -10 2 11 41

0 5 15 76 -8 13 22 36

0 43 70 40 -11 14 18 39

0 28 31 48 -1 13 49 5

0 0 30 11 -12 2 34 19

0 17 96 52 -5 34 46 4

0 3 8 93 -5 0 2 37

0 4 5 48 -2 1 2 35

0 19 53 76 -13 21 32 48

0 10 14 38 -6 0 1 32

0 5 24 86 -5 6 49 29

0 16 37 1 -1 15 37 38

0 3 15 91 -16 4 20 39

0 16 28 72 -4 21 29 38

0 19 35 98 -20 13 16 49

0 8 26 33 -5 13 41 39

0 1 3 39 -20 8 34 31

0 4 7 16 -19 6 17 5

0 15 18 96 -2 36 39 32

0 0 2 87 -4 12 31 15

0 0 5 68 -5 37 39 34

0 5 7 69 -9 3 11 29

0 4 22 59 -17 11 12 46

0 55 63 14 -3 36 42 8

0 9 11 1 -17 27 42 10

0 12 39 81 -8 5 24 39

0 14 19 46 -8 25 30 49


SAlphaB: 688.0, std-dev 258.94775339805324

Earliest win: 35
Latest win: 81

WinDepth:
0 0 0 0 0 0 0 0 0 0 0 0 0 0 0 0 0 0 0 0 0 0 0 0 0 0 0 0 0 0 0 0 0 0 0 1 0 7 0 2 0 4 1 23 21 11 16 47 17 50 69 229 85 115 115 164 102 223 183 178 167 209 210 332 313 333 379 364 512 411 506 397 387 377 411 368 256 213 189 133 104 88 
SAlphaB:
0 0 0 0 0 0 0 0 0 0 0 0 0 0 0 0 0 0 0 0 0 0 0 0 0 0 0 0 0 0 0 0 0 0 0 1 0 7 0 2 0 4 1 23 21 11 16 47 17 50 69 229 85 115 115 164 102 223 183 178 167 209 210 332 313 333 379 364 512 411 506 397 387 377 411 368 256 213 189 133 104 88 

LossDepth:
SAlphaB:
0 0 0 0 0 0 0 0 0 0 0 0 0 0 0 0 0 0 0 0 0 0 0 0 0 0 0 0 0 0 0 0 0 0 0 1 0 7 0 2 0 4 1 23 21 11 16 47 17 50 69 229 85 115 115 164 102 223 183 178 167 209 210 332 313 333 379 364 512 411 506 397 387 377 411 368 256 213 189 133 104 88 

FirstWin:
0 0 0 0 0 0 0 0 0 0 0 0 0 0 0 0 0 0 0 0 0 0 0 0 0 0 0 0 0 0 0 0 0 0 0 1 0 7 0 2 0 4 0 23 0 11 0 47 0 50 0 229 0 115 0 164 0 223 0 178 0 209 0 332 0 333 0 364 0 411 0 397 0 377 0 368 0 213 0 133 0 88 
SAlphaB:
0 0 0 0 0 0 0 0 0 0 0 0 0 0 0 0 0 0 0 0 0 0 0 0 0 0 0 0 0 0 0 0 0 0 0 1 0 7 0 2 0 4 0 23 0 11 0 47 0 50 0 229 0 115 0 164 0 223 0 178 0 209 0 332 0 333 0 364 0 411 0 397 0 377 0 368 0 213 0 133 0 88 

SecondWin:
0 0 0 0 0 0 0 0 0 0 0 0 0 0 0 0 0 0 0 0 0 0 0 0 0 0 0 0 0 0 0 0 0 0 0 0 0 0 0 0 0 0 1 0 21 0 16 0 17 0 69 0 85 0 115 0 102 0 183 0 167 0 210 0 313 0 379 0 512 0 506 0 387 0 411 0 256 0 189 0 104 0 
SAlphaB:
0 0 0 0 0 0 0 0 0 0 0 0 0 0 0 0 0 0 0 0 0 0 0 0 0 0 0 0 0 0 0 0 0 0 0 0 0 0 0 0 0 0 1 0 21 0 16 0 17 0 69 0 85 0 115 0 102 0 183 0 167 0 210 0 313 0 379 0 512 0 506 0 387 0 411 0 256 0 189 0 104 0 
