0 37 79 70 -9 4 11 14

0 46 94 64 -9 4 21 1

0 48 67 13 -20 7 25 7

0 31 97 24 -11 6 13 13

0 58 82 28 -13 0 5 10

0 42 71 34 -1 16 46 22

0 30 83 80 -6 29 35 14

0 30 36 58 -14 1 11 1

0 31 62 93 -8 0 16 25

0 30 55 52 -6 29 36 10

0 34 41 79 -14 29 34 17

0 53 64 91 -13 4 25 24

0 59 72 49 -9 4 29 3

0 10 64 57 -15 0 2 13

0 67 85 6 -13 11 46 22

0 8 93 95 -13 23 44 14

0 47 66 11 -19 11 27 23

0 6 77 59 -1 13 28 26

0 35 85 40 -12 0 41 28

0 31 34 91 -20 3 5 34

0 50 61 51 -4 7 14 0

0 22 97 14 -7 8 39 25

0 34 89 11 -16 38 45 16

0 14 97 69 -12 36 48 28

0 56 74 57 -20 0 14 30

0 23 93 6 -15 4 6 48

0 60 87 22 -5 26 35 11

0 30 38 11 -17 30 40 22

0 62 82 8 -16 4 20 45

0 69 98 1 -15 3 8 0

0 50 85 19 -8 0 32 22

0 86 88 69 -8 7 20 47

0 21 99 89 -8 2 5 43

0 10 52 55 -5 2 3 30

0 19 27 88 -2 3 6 20

0 26 65 0 -8 14 47 11

0 39 65 34 -9 21 37 10

0 27 67 48 -7 14 47 34

0 58 79 3 -1 17 30 25

0 36 95 17 -16 14 30 11

0 15 91 62 -3 3 31 31

0 53 54 7 -14 3 14 40

0 18 56 13 -8 18 25 11

0 1 40 90 -7 34 46 34

0 23 44 93 -10 14 30 39

0 31 41 96 -13 23 27 15

0 39 53 21 -6 7 34 38

0 18 52 73 -10 8 14 28

0 25 59 63 -13 4 30 18

0 35 64 37 -14 11 24 9

0 0 7 32 -10 0 1 6

0 35 93 57 -13 7 38 40

0 40 92 93 -7 1 3 45

0 82 99 98 -7 8 15 37

0 57 92 16 -15 27 38 49

0 42 84 90 -17 25 34 23

0 50 93 16 -10 33 37 5

0 37 39 20 -18 21 24 27

0 22 65 23 -20 16 17 46

0 16 76 48 -5 2 29 21

0 21 69 29 -14 15 29 36

0 2 36 54 -15 20 31 28

0 27 33 46 -4 8 10 12

0 3 19 97 -4 5 6 31

0 24 35 78 -8 19 43 47

0 5 27 85 -10 7 17 45

0 23 28 40 -20 22 32 14

0 22 28 94 -18 12 21 39

0 33 96 9 -3 29 41 38

0 11 14 79 -3 12 25 23

0 8 36 6 -1 20 48 44

0 4 20 51 -15 10 48 32

0 5 46 45 -5 0 3 47

0 8 26 96 -6 10 40 16

0 2 20 84 -12 14 47 43

0 6 10 33 -5 35 47 2

0 14 38 61 -10 2 4 34

0 13 29 38 -17 8 31 10

0 2 30 67 -4 20 32 4

0 16 19 77 -7 14 35 28

0 20 22 60 -17 35 36 40

0 8 23 23 -3 5 30 40

0 9 42 3 -10 3 49 29

0 20 69 16 -8 10 28 48

0 3 4 99 -15 1 24 27

0 5 31 91 -5 18 19 44

0 2 3 23 -15 29 40 7

0 0 14 34 -2 28 30 23

0 2 52 32 -2 0 39 36

0 2 18 73 -18 4 5 34

0 0 67 5 -1 1 49 46

0 1 52 39 -5 2 4 49

0 2 52 59 -14 2 11 45

0 2 24 36 -1 21 48 47

0 2 50 51 -19 17 25 38

0 4 18 92 -3 1 43 6

0 6 10 46 -5 20 40 42

0 0 1 79 -9 29 39 6

0 1 15 92 -11 3 14 47

0 7 21 93 -12 33 45 14


SAlphaB: 706.0, std-dev 261.45739450513565

Earliest win: 37
Latest win: 81

WinDepth:
0 0 0 0 0 0 0 0 0 0 0 0 0 0 0 0 0 0 0 0 0 0 0 0 0 0 0 0 0 0 0 0 0 0 0 0 0 4 2 6 2 9 3 19 11 38 21 42 32 62 74 192 143 136 113 152 132 191 174 157 150 267 201 319 339 387 420 417 492 412 485 427 417 371 357 337 281 240 175 144 75 61 
SAlphaB:
0 0 0 0 0 0 0 0 0 0 0 0 0 0 0 0 0 0 0 0 0 0 0 0 0 0 0 0 0 0 0 0 0 0 0 0 0 4 2 6 2 9 3 19 11 38 21 42 32 62 74 192 143 136 113 152 132 191 174 157 150 267 201 319 339 387 420 417 492 412 485 427 417 371 357 337 281 240 175 144 75 61 

LossDepth:
SAlphaB:
0 0 0 0 0 0 0 0 0 0 0 0 0 0 0 0 0 0 0 0 0 0 0 0 0 0 0 0 0 0 0 0 0 0 0 0 0 4 2 6 2 9 3 19 11 38 21 42 32 62 74 192 143 136 113 152 132 191 174 157 150 267 201 319 339 387 420 417 492 412 485 427 417 371 357 337 281 240 175 144 75 61 

FirstWin:
0 0 0 0 0 0 0 0 0 0 0 0 0 0 0 0 0 0 0 0 0 0 0 0 0 0 0 0 0 0 0 0 0 0 0 0 0 4 0 6 0 9 0 19 0 38 0 42 0 62 0 192 0 136 0 152 0 191 0 157 0 267 0 319 0 387 0 417 0 412 0 427 0 371 0 337 0 240 0 144 0 61 
SAlphaB:
0 0 0 0 0 0 0 0 0 0 0 0 0 0 0 0 0 0 0 0 0 0 0 0 0 0 0 0 0 0 0 0 0 0 0 0 0 4 0 6 0 9 0 19 0 38 0 42 0 62 0 192 0 136 0 152 0 191 0 157 0 267 0 319 0 387 0 417 0 412 0 427 0 371 0 337 0 240 0 144 0 61 

SecondWin:
0 0 0 0 0 0 0 0 0 0 0 0 0 0 0 0 0 0 0 0 0 0 0 0 0 0 0 0 0 0 0 0 0 0 0 0 0 0 2 0 2 0 3 0 11 0 21 0 32 0 74 0 143 0 113 0 132 0 174 0 150 0 201 0 339 0 420 0 492 0 485 0 417 0 357 0 281 0 175 0 75 0 
SAlphaB:
0 0 0 0 0 0 0 0 0 0 0 0 0 0 0 0 0 0 0 0 0 0 0 0 0 0 0 0 0 0 0 0 0 0 0 0 0 0 2 0 2 0 3 0 11 0 21 0 32 0 74 0 143 0 113 0 132 0 174 0 150 0 201 0 339 0 420 0 492 0 485 0 417 0 357 0 281 0 175 0 75 0 
