0 21 82 33 -19 2 5 5

0 25 99 55 -7 6 14 21

0 61 63 64 -17 13 14 26

0 36 45 39 -14 6 15 10

0 44 55 45 -5 15 36 1

0 62 74 12 -6 8 28 11

0 8 45 94 -1 2 6 0

0 35 64 68 -5 24 40 7

0 71 91 0 -13 10 20 37

0 16 55 55 -11 0 8 24

0 68 86 70 -16 18 19 9

0 41 95 20 -10 2 9 15

0 17 45 84 -7 1 3 18

0 10 96 19 -10 2 12 26

0 8 25 12 -3 2 8 1

0 19 84 7 -19 9 26 47

0 81 98 36 -14 16 19 47

0 29 49 96 -6 35 37 36

0 28 36 81 -10 16 24 17

0 40 45 82 -6 8 14 19

0 29 73 78 -17 14 15 10

0 38 80 33 -20 17 21 35

0 66 69 35 -20 2 4 14

0 34 62 44 -5 8 15 47

0 1 24 29 -1 27 31 6

0 6 65 74 -9 26 45 4

0 17 31 86 -8 0 8 4

0 15 42 25 -12 4 7 19

0 35 70 36 -11 1 4 45

0 14 72 8 -1 2 3 7

0 24 81 15 -4 10 19 48

0 7 73 44 -12 7 28 23

0 2 77 54 -10 4 15 18

0 61 68 24 -8 3 19 0

0 24 50 17 -16 4 12 38

0 41 94 33 -9 4 39 18

0 16 25 13 -17 18 19 2

0 23 50 74 -4 24 42 36

0 22 73 18 -3 5 6 46

0 35 85 14 -4 13 46 6

0 11 15 74 -7 12 34 21

0 79 99 81 -9 0 1 25

0 12 91 10 -11 4 35 12

0 38 88 31 -12 29 49 22

0 15 60 87 -3 1 11 33

0 9 24 57 -12 4 17 15

0 14 65 66 -6 20 40 0

0 24 46 35 -3 9 13 29

0 4 84 63 -2 16 18 34

0 7 95 47 -19 29 30 32

0 0 13 95 -6 10 13 12

0 73 88 10 -12 1 2 43

0 8 27 77 -4 26 29 5

0 12 23 61 -13 8 18 33

0 8 17 89 -4 25 28 26

0 4 39 59 -10 1 3 22

0 6 13 99 -2 7 10 22

0 11 76 93 -8 26 31 3

0 12 50 63 -17 2 8 28

0 14 52 3 -3 4 20 28

0 58 60 9 -20 25 40 44

0 27 31 38 -20 9 11 45

0 42 56 71 -19 22 37 26

0 3 9 80 -8 3 15 6

0 6 62 6 -4 6 25 21

0 4 28 97 -11 1 3 43

0 12 51 19 -11 34 41 35

0 2 85 64 -12 0 12 48

0 56 73 31 -12 31 42 43

0 23 61 28 -12 31 42 47

0 7 8 13 -5 33 34 36

0 9 19 67 -4 10 30 17

0 23 34 35 -19 10 45 24

0 6 27 6 -3 11 30 22

0 3 14 89 -3 4 15 17

0 1 28 64 -14 8 9 27

0 44 93 1 -4 44 48 24

0 13 33 98 -2 4 39 17

0 10 18 24 -17 28 41 23

0 0 16 85 -17 2 6 49

0 19 30 62 -19 9 11 3

0 0 8 93 -20 11 34 46

0 2 5 47 -20 1 7 36

0 10 32 58 -10 10 45 18

0 20 89 47 -19 27 33 14

0 10 34 29 -1 17 22 26

0 28 30 63 -3 2 27 45

0 22 30 15 -4 26 49 41

0 3 6 98 -8 9 29 8

0 17 44 45 -9 25 28 48

0 4 7 43 -4 18 26 19

0 0 1 43 -14 18 49 40

0 2 8 15 -5 29 40 9

0 7 19 59 -2 2 12 40

0 0 13 49 -3 1 11 39

0 9 14 0 -12 0 2 39

0 5 11 44 -7 23 35 33

0 3 4 9 -9 9 12 37

0 4 15 53 -4 4 21 40

0 1 11 21 -5 7 11 49


SAlphaB: 691.0, std-dev 259.2060123110223

Earliest win: 37
Latest win: 81

WinDepth:
0 0 0 0 0 0 0 0 0 0 0 0 0 0 0 0 0 0 0 0 0 0 0 0 0 0 0 0 0 0 0 0 0 0 0 0 0 4 4 3 2 6 3 23 17 23 20 37 62 106 41 201 102 132 119 139 124 200 143 167 154 266 210 358 313 389 376 387 475 450 466 445 425 382 397 395 270 191 146 119 83 72 
SAlphaB:
0 0 0 0 0 0 0 0 0 0 0 0 0 0 0 0 0 0 0 0 0 0 0 0 0 0 0 0 0 0 0 0 0 0 0 0 0 4 4 3 2 6 3 23 17 23 20 37 62 106 41 201 102 132 119 139 124 200 143 167 154 266 210 358 313 389 376 387 475 450 466 445 425 382 397 395 270 191 146 119 83 72 

LossDepth:
SAlphaB:
0 0 0 0 0 0 0 0 0 0 0 0 0 0 0 0 0 0 0 0 0 0 0 0 0 0 0 0 0 0 0 0 0 0 0 0 0 4 4 3 2 6 3 23 17 23 20 37 62 106 41 201 102 132 119 139 124 200 143 167 154 266 210 358 313 389 376 387 475 450 466 445 425 382 397 395 270 191 146 119 83 72 

FirstWin:
0 0 0 0 0 0 0 0 0 0 0 0 0 0 0 0 0 0 0 0 0 0 0 0 0 0 0 0 0 0 0 0 0 0 0 0 0 4 0 3 0 6 0 23 0 23 0 37 0 106 0 201 0 132 0 139 0 200 0 167 0 266 0 358 0 389 0 387 0 450 0 445 0 382 0 395 0 191 0 119 0 72 
SAlphaB:
0 0 0 0 0 0 0 0 0 0 0 0 0 0 0 0 0 0 0 0 0 0 0 0 0 0 0 0 0 0 0 0 0 0 0 0 0 4 0 3 0 6 0 23 0 23 0 37 0 106 0 201 0 132 0 139 0 200 0 167 0 266 0 358 0 389 0 387 0 450 0 445 0 382 0 395 0 191 0 119 0 72 

SecondWin:
0 0 0 0 0 0 0 0 0 0 0 0 0 0 0 0 0 0 0 0 0 0 0 0 0 0 0 0 0 0 0 0 0 0 0 0 0 0 4 0 2 0 3 0 17 0 20 0 62 0 41 0 102 0 119 0 124 0 143 0 154 0 210 0 313 0 376 0 475 0 466 0 425 0 397 0 270 0 146 0 83 0 
SAlphaB:
0 0 0 0 0 0 0 0 0 0 0 0 0 0 0 0 0 0 0 0 0 0 0 0 0 0 0 0 0 0 0 0 0 0 0 0 0 0 4 0 2 0 3 0 17 0 20 0 62 0 41 0 102 0 119 0 124 0 143 0 154 0 210 0 313 0 376 0 475 0 466 0 425 0 397 0 270 0 146 0 83 0 
