0 40 66 97 -1 8 26 35

0 23 76 5 -14 1 7 42

0 45 76 82 -3 10 19 2

0 65 99 83 -13 2 34 15

0 23 99 65 -12 5 12 13

0 64 86 57 -6 0 42 17

0 40 69 16 -10 0 2 24

0 33 84 84 -8 5 7 15

0 52 70 49 -5 2 28 19

0 0 42 81 -2 6 13 7

0 14 80 71 -17 25 35 20

0 16 44 23 -5 4 11 12

0 45 98 23 -4 11 21 47

0 31 84 79 -7 9 10 27

0 17 51 55 -17 2 5 7

0 3 70 84 -14 2 5 16

0 5 45 31 -7 15 31 19

0 26 59 0 -10 7 21 9

0 20 35 58 -11 34 44 30

0 19 96 58 -7 11 39 29

0 11 71 16 -10 13 26 7

0 10 86 82 -6 1 11 2

0 56 80 62 -4 0 1 21

0 38 77 38 -17 5 28 13

0 30 92 45 -3 41 47 28

0 23 32 56 -1 35 43 31

0 3 51 44 -4 32 44 21

0 22 38 83 -1 11 12 25

0 46 63 15 -5 0 12 4

0 62 85 28 -6 0 5 40

0 49 56 7 -7 0 35 18

0 82 96 36 -1 5 6 18

0 8 95 54 -18 15 34 49

0 49 95 32 -6 1 4 37

0 63 86 2 -17 6 18 45

0 12 42 51 -2 0 1 9

0 46 53 94 -8 22 45 43

0 33 50 28 -18 12 30 38

0 63 74 43 -1 9 49 15

0 39 62 89 -2 2 30 14

0 22 25 46 -2 6 20 14

0 8 31 44 -13 10 26 26

0 10 81 68 -10 1 26 22

0 2 49 62 -6 8 10 48

0 43 96 90 -14 1 41 7

0 73 99 35 -2 1 6 13

0 74 97 64 -5 10 12 42

0 42 56 84 -11 21 36 29

0 2 44 1 -14 7 19 6

0 8 46 21 -7 4 7 18

0 28 46 6 -5 24 32 39

0 10 91 33 -6 12 15 5

0 23 38 4 -9 17 18 7

0 37 65 76 -8 17 21 9

0 63 66 76 -17 23 40 35

0 48 83 89 -5 33 35 35

0 3 24 23 -7 0 9 11

0 24 49 28 -18 40 44 48

0 2 21 37 -7 6 38 42

0 8 65 18 -11 25 39 15

0 17 31 14 -20 17 22 21

0 5 7 6 -9 0 1 12

0 22 33 66 -3 7 36 27

0 55 75 81 -2 33 49 47

0 3 39 35 -7 11 36 31

0 55 79 82 -2 4 8 48

0 0 7 34 -3 6 12 5

0 16 51 62 -9 9 12 49

0 6 18 49 -19 4 14 43

0 12 18 9 -15 17 28 17

0 12 17 88 -8 9 44 2

0 50 52 22 -5 17 45 43

0 17 45 26 -10 11 17 36

0 10 47 0 -5 19 28 39

0 35 64 19 -18 16 49 11

0 21 27 58 -3 0 1 44

0 5 19 65 -11 23 27 7

0 0 2 4 -9 19 48 6

0 25 33 92 -12 1 22 48

0 5 15 57 -20 6 42 36

0 5 30 6 -1 11 46 1

0 2 4 43 -9 6 11 11

0 10 13 78 -8 21 49 17

0 2 19 10 -2 0 1 48

0 15 25 20 -7 37 41 1

0 21 23 92 -20 18 21 12

0 0 4 74 -14 13 17 38

0 15 21 31 -1 30 46 2

0 8 9 54 -15 1 23 41

0 12 58 11 -1 27 30 48

0 5 14 27 -14 0 7 41

0 0 2 11 -3 35 38 44

0 0 1 19 -3 4 29 34

0 4 22 37 -8 3 31 47

0 7 23 4 -9 2 10 25

0 0 1 78 -18 11 24 30

0 3 5 35 -8 13 21 19

0 9 35 20 -12 34 46 49

0 25 30 16 -5 32 44 49

0 0 14 63 -9 2 3 37


SAlphaB: 706.0, std-dev 259.6701758038843

Earliest win: 37
Latest win: 81

WinDepth:
0 0 0 0 0 0 0 0 0 0 0 0 0 0 0 0 0 0 0 0 0 0 0 0 0 0 0 0 0 0 0 0 0 0 0 0 0 8 0 1 0 2 3 19 8 8 35 53 41 86 49 110 69 123 91 164 90 167 167 198 182 228 288 312 348 392 400 400 400 412 442 463 412 394 386 372 291 254 210 119 106 87 
SAlphaB:
0 0 0 0 0 0 0 0 0 0 0 0 0 0 0 0 0 0 0 0 0 0 0 0 0 0 0 0 0 0 0 0 0 0 0 0 0 8 0 1 0 2 3 19 8 8 35 53 41 86 49 110 69 123 91 164 90 167 167 198 182 228 288 312 348 392 400 400 400 412 442 463 412 394 386 372 291 254 210 119 106 87 

LossDepth:
SAlphaB:
0 0 0 0 0 0 0 0 0 0 0 0 0 0 0 0 0 0 0 0 0 0 0 0 0 0 0 0 0 0 0 0 0 0 0 0 0 8 0 1 0 2 3 19 8 8 35 53 41 86 49 110 69 123 91 164 90 167 167 198 182 228 288 312 348 392 400 400 400 412 442 463 412 394 386 372 291 254 210 119 106 87 

FirstWin:
0 0 0 0 0 0 0 0 0 0 0 0 0 0 0 0 0 0 0 0 0 0 0 0 0 0 0 0 0 0 0 0 0 0 0 0 0 8 0 1 0 2 0 19 0 8 0 53 0 86 0 110 0 123 0 164 0 167 0 198 0 228 0 312 0 392 0 400 0 412 0 463 0 394 0 372 0 254 0 119 0 87 
SAlphaB:
0 0 0 0 0 0 0 0 0 0 0 0 0 0 0 0 0 0 0 0 0 0 0 0 0 0 0 0 0 0 0 0 0 0 0 0 0 8 0 1 0 2 0 19 0 8 0 53 0 86 0 110 0 123 0 164 0 167 0 198 0 228 0 312 0 392 0 400 0 412 0 463 0 394 0 372 0 254 0 119 0 87 

SecondWin:
0 0 0 0 0 0 0 0 0 0 0 0 0 0 0 0 0 0 0 0 0 0 0 0 0 0 0 0 0 0 0 0 0 0 0 0 0 0 0 0 0 0 3 0 8 0 35 0 41 0 49 0 69 0 91 0 90 0 167 0 182 0 288 0 348 0 400 0 400 0 442 0 412 0 386 0 291 0 210 0 106 0 
SAlphaB:
0 0 0 0 0 0 0 0 0 0 0 0 0 0 0 0 0 0 0 0 0 0 0 0 0 0 0 0 0 0 0 0 0 0 0 0 0 0 0 0 0 0 3 0 8 0 35 0 41 0 49 0 69 0 91 0 90 0 167 0 182 0 288 0 348 0 400 0 400 0 442 0 412 0 386 0 291 0 210 0 106 0 
