0 31 76 55 -8 8 21 9

0 20 56 93 -8 1 6 6

0 25 77 88 -3 2 3 7

0 48 76 7 -2 2 35 3

0 37 55 68 -12 2 9 17

0 22 71 69 -5 12 38 19

0 40 95 7 -6 10 32 14

0 12 70 18 -11 0 2 27

0 20 94 45 -13 1 19 17

0 34 41 46 -15 29 42 24

0 8 36 69 -1 1 9 1

0 7 37 57 -1 10 26 13

0 40 59 90 -5 22 49 1

0 58 82 42 -4 7 41 28

0 8 93 55 -11 1 7 10

0 10 79 93 -13 1 2 36

0 6 69 98 -6 18 29 22

0 9 82 62 -13 1 3 42

0 39 69 33 -4 11 16 2

0 52 65 3 -7 8 13 33

0 57 80 12 -17 0 4 30

0 9 67 97 -10 26 28 8

0 46 77 86 -4 26 29 46

0 2 99 91 -1 40 45 18

0 55 74 18 -20 4 25 0

0 94 97 60 -8 21 26 32

0 50 60 98 -12 11 21 40

0 5 37 53 -17 12 22 16

0 56 79 80 -13 0 35 33

0 30 36 57 -15 8 20 45

0 71 83 95 -20 25 39 27

0 4 13 77 -11 16 20 17

0 13 91 66 -2 15 37 27

0 8 87 97 -9 20 37 30

0 26 81 63 -19 0 40 13

0 20 67 20 -8 3 20 33

0 63 96 94 -1 13 22 44

0 34 39 54 -13 10 12 11

0 8 29 37 -14 27 34 32

0 58 59 35 -5 6 10 23

0 53 87 7 -6 4 8 37

0 38 82 92 -17 14 16 15

0 45 87 88 -8 25 30 32

0 10 58 36 -11 6 11 11

0 42 46 4 -9 0 28 8

0 51 54 44 -1 30 45 24

0 22 55 74 -5 14 37 29

0 52 64 30 -7 19 24 19

0 18 47 96 -1 25 41 45

0 61 87 44 -14 43 45 4

0 12 57 75 -8 3 16 8

0 43 56 77 -10 13 36 5

0 56 84 58 -1 0 2 27

0 16 57 16 -15 30 31 34

0 41 42 63 -10 12 38 12

0 38 67 44 -4 20 31 21

0 42 62 38 -7 0 40 21

0 48 59 42 -8 20 31 22

0 16 50 80 -17 26 39 31

0 20 51 41 -19 33 48 44

0 14 66 85 -2 5 32 4

0 23 40 8 -12 32 37 41

0 7 99 27 -17 9 15 19

0 29 36 99 -13 26 47 31

0 10 83 48 -19 2 23 9

0 8 12 52 -1 3 5 10

0 32 35 87 -4 1 2 27

0 3 7 59 -7 0 1 13

0 4 82 42 -6 0 1 37

0 10 42 27 -1 16 40 5

0 8 14 48 -7 18 34 4

0 20 52 99 -7 1 22 47

0 15 16 84 -12 21 24 34

0 18 45 84 -4 14 20 47

0 10 32 83 -10 14 40 38

0 29 32 85 -2 17 19 37

0 35 78 16 -7 12 16 34

0 17 19 20 -3 0 5 18

0 3 5 70 -8 41 47 42

0 10 69 44 -12 32 43 49

0 0 22 67 -17 13 14 3

0 2 27 31 -5 2 29 34

0 58 63 3 -3 21 22 6

0 11 14 17 -2 35 39 11

0 2 24 39 -5 20 26 9

0 1 8 89 -20 26 38 24

0 8 9 46 -11 12 33 42

0 9 14 94 -10 12 17 38

0 24 53 83 -2 4 6 47

0 17 43 47 -18 9 41 29

0 0 34 86 -14 30 44 0

0 15 27 45 -3 3 36 9

0 6 8 75 -3 4 8 41

0 25 29 2 -6 19 34 29

0 2 22 37 -1 31 45 47

0 1 2 97 -15 39 42 23

0 2 7 14 -16 6 7 38

0 7 15 21 -3 18 48 47

0 9 28 88 -2 2 10 33

0 5 7 28 -7 15 19 49


SAlphaB: 728.0, std-dev 289.9987825644944

Earliest win: 36
Latest win: 81

WinDepth:
0 0 0 0 0 0 0 0 0 0 0 0 0 0 0 0 0 0 0 0 0 0 0 0 0 0 0 0 0 0 0 0 0 0 0 0 2 1 0 4 12 7 3 14 3 23 18 50 40 100 48 228 77 140 78 154 104 228 157 237 158 285 242 304 317 369 386 388 430 415 396 455 383 396 403 370 269 242 178 114 112 89 
SAlphaB:
0 0 0 0 0 0 0 0 0 0 0 0 0 0 0 0 0 0 0 0 0 0 0 0 0 0 0 0 0 0 0 0 0 0 0 0 2 1 0 4 12 7 3 14 3 23 18 50 40 100 48 228 77 140 78 154 104 228 157 237 158 285 242 304 317 369 386 388 430 415 396 455 383 396 403 370 269 242 178 114 112 89 

LossDepth:
SAlphaB:
0 0 0 0 0 0 0 0 0 0 0 0 0 0 0 0 0 0 0 0 0 0 0 0 0 0 0 0 0 0 0 0 0 0 0 0 2 1 0 4 12 7 3 14 3 23 18 50 40 100 48 228 77 140 78 154 104 228 157 237 158 285 242 304 317 369 386 388 430 415 396 455 383 396 403 370 269 242 178 114 112 89 

FirstWin:
0 0 0 0 0 0 0 0 0 0 0 0 0 0 0 0 0 0 0 0 0 0 0 0 0 0 0 0 0 0 0 0 0 0 0 0 0 1 0 4 0 7 0 14 0 23 0 50 0 100 0 228 0 140 0 154 0 228 0 237 0 285 0 304 0 369 0 388 0 415 0 455 0 396 0 370 0 242 0 114 0 89 
SAlphaB:
0 0 0 0 0 0 0 0 0 0 0 0 0 0 0 0 0 0 0 0 0 0 0 0 0 0 0 0 0 0 0 0 0 0 0 0 0 1 0 4 0 7 0 14 0 23 0 50 0 100 0 228 0 140 0 154 0 228 0 237 0 285 0 304 0 369 0 388 0 415 0 455 0 396 0 370 0 242 0 114 0 89 

SecondWin:
0 0 0 0 0 0 0 0 0 0 0 0 0 0 0 0 0 0 0 0 0 0 0 0 0 0 0 0 0 0 0 0 0 0 0 0 2 0 0 0 12 0 3 0 3 0 18 0 40 0 48 0 77 0 78 0 104 0 157 0 158 0 242 0 317 0 386 0 430 0 396 0 383 0 403 0 269 0 178 0 112 0 
SAlphaB:
0 0 0 0 0 0 0 0 0 0 0 0 0 0 0 0 0 0 0 0 0 0 0 0 0 0 0 0 0 0 0 0 0 0 0 0 2 0 0 0 12 0 3 0 3 0 18 0 40 0 48 0 77 0 78 0 104 0 157 0 158 0 242 0 317 0 386 0 430 0 396 0 383 0 403 0 269 0 178 0 112 0 
