0 44 90 63 -8 8 32 43

0 59 87 48 -17 3 14 9

0 25 64 10 -12 1 4 38

0 0 90 93 -20 16 43 33

0 51 88 0 -10 6 8 7

0 35 65 56 -1 1 17 24

0 29 53 20 -14 15 23 1

0 75 76 90 -19 0 2 5

0 76 88 98 -18 10 21 44

0 33 83 18 -7 15 35 37

0 49 73 89 -18 17 33 15

0 0 44 30 -3 10 12 11

0 16 60 44 -17 27 46 24

0 47 80 50 -3 16 17 36

0 39 98 11 -6 17 48 34

0 52 64 5 -19 9 12 26

0 14 38 79 -1 14 30 42

0 11 43 59 -19 0 8 17

0 67 70 18 -10 34 43 28

0 20 56 95 -18 15 26 14

0 33 71 59 -4 13 19 10

0 7 68 90 -6 14 37 7

0 38 52 29 -18 13 15 8

0 37 79 53 -16 20 46 11

0 33 42 53 -18 11 37 3

0 88 97 24 -3 12 14 31

0 9 41 75 -13 0 4 33

0 39 60 61 -6 17 35 45

0 40 73 53 -1 7 38 16

0 65 84 36 -16 0 1 16

0 26 67 51 -14 1 6 33

0 83 93 25 -13 4 6 31

0 40 62 66 -9 3 4 47

0 12 42 71 -20 1 46 46

0 24 30 40 -13 6 27 5

0 19 75 5 -16 7 9 28

0 30 31 84 -13 2 10 16

0 16 33 19 -5 16 44 27

0 36 40 86 -1 2 3 9

0 52 77 77 -5 25 41 17

0 11 16 4 -10 1 4 5

0 11 21 1 -19 0 2 25

0 10 31 97 -1 19 20 8

0 1 64 63 -14 24 38 43

0 27 32 60 -14 14 22 20

0 69 75 54 -11 21 25 18

0 39 40 73 -19 41 45 37

0 34 39 7 -16 9 14 21

0 26 47 88 -13 5 9 29

0 8 40 51 -8 11 21 44

0 5 43 41 -10 22 30 37

0 7 32 45 -14 2 18 5

0 27 49 41 -19 9 16 46

0 33 71 28 -14 14 32 45

0 37 39 80 -13 3 31 10

0 23 58 25 -6 2 16 40

0 53 99 14 -17 25 37 36

0 1 55 24 -6 8 12 0

0 24 36 84 -3 30 31 44

0 3 49 40 -4 5 41 20

0 32 58 78 -20 20 48 2

0 16 41 5 -14 8 29 31

0 21 45 63 -18 28 41 11

0 12 33 29 -1 13 16 22

0 27 93 74 -15 28 29 47

0 13 25 25 -6 16 35 16

0 8 21 51 -17 18 41 15

0 13 38 1 -14 4 30 0

0 49 58 77 -12 0 5 18

0 0 23 82 -1 6 9 48

0 4 29 71 -11 4 49 38

0 0 17 60 -9 0 2 23

0 2 16 77 -19 5 12 23

0 2 25 5 -14 5 26 31

0 25 30 95 -9 18 43 35

0 16 25 14 -2 0 26 17

0 6 41 53 -3 16 24 49

0 12 56 31 -11 29 35 48

0 15 24 81 -6 18 40 13

0 42 82 47 -6 0 1 48

0 14 35 15 -18 14 16 21

0 24 32 4 -4 13 39 31

0 45 50 24 -10 22 41 42

0 17 23 67 -17 35 40 19

0 5 9 50 -18 1 7 44

0 0 16 23 -7 8 20 21

0 0 24 88 -1 8 45 32

0 1 3 2 -14 1 17 40

0 9 35 70 -5 1 7 44

0 6 18 55 -14 30 36 12

0 19 36 95 -2 13 31 46

0 4 5 19 -8 24 25 33

0 30 31 45 -19 29 39 5

0 7 19 1 -4 16 33 30

0 13 14 27 -16 14 32 42

0 6 8 11 -11 17 38 13

0 11 30 38 -16 23 25 47

0 5 10 41 -3 20 25 15

0 5 18 19 -1 9 17 22

0 3 53 21 -9 5 24 37


SAlphaB: 697.0, std-dev 262.21251819272413

Earliest win: 37
Latest win: 81

WinDepth:
0 0 0 0 0 0 0 0 0 0 0 0 0 0 0 0 0 0 0 0 0 0 0 0 0 0 0 0 0 0 0 0 0 0 0 0 0 4 0 6 0 4 1 4 6 15 8 27 27 61 54 244 54 144 79 200 77 235 179 166 170 203 228 354 309 371 407 365 442 360 455 438 431 399 384 385 250 257 188 169 104 71 
SAlphaB:
0 0 0 0 0 0 0 0 0 0 0 0 0 0 0 0 0 0 0 0 0 0 0 0 0 0 0 0 0 0 0 0 0 0 0 0 0 4 0 6 0 4 1 4 6 15 8 27 27 61 54 244 54 144 79 200 77 235 179 166 170 203 228 354 309 371 407 365 442 360 455 438 431 399 384 385 250 257 188 169 104 71 

LossDepth:
SAlphaB:
0 0 0 0 0 0 0 0 0 0 0 0 0 0 0 0 0 0 0 0 0 0 0 0 0 0 0 0 0 0 0 0 0 0 0 0 0 4 0 6 0 4 1 4 6 15 8 27 27 61 54 244 54 144 79 200 77 235 179 166 170 203 228 354 309 371 407 365 442 360 455 438 431 399 384 385 250 257 188 169 104 71 

FirstWin:
0 0 0 0 0 0 0 0 0 0 0 0 0 0 0 0 0 0 0 0 0 0 0 0 0 0 0 0 0 0 0 0 0 0 0 0 0 4 0 6 0 4 0 4 0 15 0 27 0 61 0 244 0 144 0 200 0 235 0 166 0 203 0 354 0 371 0 365 0 360 0 438 0 399 0 385 0 257 0 169 0 71 
SAlphaB:
0 0 0 0 0 0 0 0 0 0 0 0 0 0 0 0 0 0 0 0 0 0 0 0 0 0 0 0 0 0 0 0 0 0 0 0 0 4 0 6 0 4 0 4 0 15 0 27 0 61 0 244 0 144 0 200 0 235 0 166 0 203 0 354 0 371 0 365 0 360 0 438 0 399 0 385 0 257 0 169 0 71 

SecondWin:
0 0 0 0 0 0 0 0 0 0 0 0 0 0 0 0 0 0 0 0 0 0 0 0 0 0 0 0 0 0 0 0 0 0 0 0 0 0 0 0 0 0 1 0 6 0 8 0 27 0 54 0 54 0 79 0 77 0 179 0 170 0 228 0 309 0 407 0 442 0 455 0 431 0 384 0 250 0 188 0 104 0 
SAlphaB:
0 0 0 0 0 0 0 0 0 0 0 0 0 0 0 0 0 0 0 0 0 0 0 0 0 0 0 0 0 0 0 0 0 0 0 0 0 0 0 0 0 0 1 0 6 0 8 0 27 0 54 0 54 0 79 0 77 0 179 0 170 0 228 0 309 0 407 0 442 0 455 0 431 0 384 0 250 0 188 0 104 0 
