0 44 76 76 -9 1 23 17

0 41 78 40 -7 0 7 8

0 57 99 72 -17 2 9 49

0 56 97 42 -4 14 24 6

0 48 76 24 -8 20 43 31

0 56 63 31 -15 1 4 1

0 16 91 4 -19 23 42 7

0 23 71 55 -11 1 10 44

0 31 40 92 -12 29 38 18

0 42 61 43 -16 29 43 8

0 38 43 57 -13 8 14 0

0 22 99 56 -11 1 5 48

0 26 27 71 -8 6 11 1

0 27 49 87 -9 5 12 9

0 10 47 39 -15 13 19 4

0 69 88 19 -12 2 17 38

0 1 67 24 -2 6 7 13

0 19 25 88 -15 21 26 8

0 24 75 91 -1 12 42 38

0 60 76 34 -14 0 8 28

0 20 25 27 -12 21 37 6

0 63 79 67 -12 12 20 5

0 34 36 56 -5 25 26 21

0 45 47 23 -15 3 9 39

0 14 64 80 -19 11 22 3

0 11 38 38 -1 3 14 0

0 66 88 19 -16 20 28 27

0 8 27 13 -5 4 11 5

0 42 70 6 -5 27 42 7

0 52 55 87 -12 4 5 24

0 29 53 37 -1 8 30 34

0 51 62 28 -7 4 41 4

0 15 58 24 -8 0 32 10

0 36 54 56 -12 4 44 37

0 58 62 0 -9 18 23 32

0 2 44 68 -12 0 2 10

0 72 73 47 -14 35 37 40

0 65 83 76 -5 34 45 34

0 13 61 44 -10 0 20 41

0 26 76 12 -13 28 47 1

0 4 27 60 -13 7 15 28

0 20 88 29 -10 13 35 36

0 17 97 56 -16 1 37 31

0 28 49 4 -2 14 33 28

0 31 36 19 -4 3 11 45

0 2 30 94 -20 5 6 34

0 45 49 61 -3 4 8 33

0 37 79 56 -7 33 38 37

0 11 18 33 -9 43 48 11

0 4 7 12 -18 26 47 7

0 7 47 95 -12 0 2 48

0 12 21 29 -10 12 46 7

0 48 72 33 -12 1 2 41

0 1 25 84 -5 3 11 19

0 32 39 22 -11 11 47 15

0 5 49 48 -1 4 47 16

0 21 32 7 -11 7 42 27

0 32 43 7 -9 38 39 30

0 67 93 14 -16 36 47 48

0 18 47 18 -4 0 1 46

0 6 13 29 -6 9 23 21

0 16 20 7 -9 2 6 45

0 4 18 22 -20 11 44 40

0 39 62 58 -20 18 30 46

0 2 6 42 -13 33 40 44

0 4 33 32 -7 1 16 4

0 25 51 81 -12 14 34 39

0 16 44 50 -18 29 35 20

0 3 37 42 -9 13 44 7

0 1 27 48 -1 6 41 24

0 15 34 2 -5 2 20 21

0 17 89 82 -7 3 43 44

0 14 18 99 -10 3 37 34

0 3 12 51 -10 8 14 26

0 20 24 66 -11 0 35 43

0 8 11 98 -4 34 41 42

0 16 19 60 -17 13 29 1

0 13 55 98 -1 18 30 37

0 21 25 31 -19 39 42 0

0 9 14 87 -14 11 32 16

0 5 33 99 -1 8 23 38

0 5 19 25 -6 12 24 14

0 10 40 22 -14 7 14 18

0 4 7 62 -19 11 12 33

0 14 19 40 -18 19 35 8

0 17 55 4 -8 23 43 49

0 3 4 17 -18 19 37 12

0 3 4 97 -4 22 46 9

0 3 37 46 -6 0 1 32

0 0 47 20 -1 18 26 45

0 9 42 88 -7 2 33 46

0 4 11 36 -6 0 2 49

0 0 29 12 -9 6 16 47

0 7 21 90 -2 2 47 19

0 2 3 44 -20 12 13 46

0 0 5 17 -1 9 14 44

0 10 22 90 -4 7 44 49

0 0 1 67 -9 15 16 42

0 5 25 12 -8 8 10 38

0 1 17 97 -10 1 6 42


SAlphaB: 707.0, std-dev 252.94336342551094

Earliest win: 35
Latest win: 81

WinDepth:
0 0 0 0 0 0 0 0 0 0 0 0 0 0 0 0 0 0 0 0 0 0 0 0 0 0 0 0 0 0 0 0 0 0 0 2 0 1 0 2 10 10 4 25 10 24 9 45 8 81 65 221 47 104 85 167 119 177 146 149 152 226 238 287 288 370 423 325 501 423 496 440 405 360 392 372 266 260 191 121 109 94 
SAlphaB:
0 0 0 0 0 0 0 0 0 0 0 0 0 0 0 0 0 0 0 0 0 0 0 0 0 0 0 0 0 0 0 0 0 0 0 2 0 1 0 2 10 10 4 25 10 24 9 45 8 81 65 221 47 104 85 167 119 177 146 149 152 226 238 287 288 370 423 325 501 423 496 440 405 360 392 372 266 260 191 121 109 94 

LossDepth:
SAlphaB:
0 0 0 0 0 0 0 0 0 0 0 0 0 0 0 0 0 0 0 0 0 0 0 0 0 0 0 0 0 0 0 0 0 0 0 2 0 1 0 2 10 10 4 25 10 24 9 45 8 81 65 221 47 104 85 167 119 177 146 149 152 226 238 287 288 370 423 325 501 423 496 440 405 360 392 372 266 260 191 121 109 94 

FirstWin:
0 0 0 0 0 0 0 0 0 0 0 0 0 0 0 0 0 0 0 0 0 0 0 0 0 0 0 0 0 0 0 0 0 0 0 2 0 1 0 2 0 10 0 25 0 24 0 45 0 81 0 221 0 104 0 167 0 177 0 149 0 226 0 287 0 370 0 325 0 423 0 440 0 360 0 372 0 260 0 121 0 94 
SAlphaB:
0 0 0 0 0 0 0 0 0 0 0 0 0 0 0 0 0 0 0 0 0 0 0 0 0 0 0 0 0 0 0 0 0 0 0 2 0 1 0 2 0 10 0 25 0 24 0 45 0 81 0 221 0 104 0 167 0 177 0 149 0 226 0 287 0 370 0 325 0 423 0 440 0 360 0 372 0 260 0 121 0 94 

SecondWin:
0 0 0 0 0 0 0 0 0 0 0 0 0 0 0 0 0 0 0 0 0 0 0 0 0 0 0 0 0 0 0 0 0 0 0 0 0 0 0 0 10 0 4 0 10 0 9 0 8 0 65 0 47 0 85 0 119 0 146 0 152 0 238 0 288 0 423 0 501 0 496 0 405 0 392 0 266 0 191 0 109 0 
SAlphaB:
0 0 0 0 0 0 0 0 0 0 0 0 0 0 0 0 0 0 0 0 0 0 0 0 0 0 0 0 0 0 0 0 0 0 0 0 0 0 0 0 10 0 4 0 10 0 9 0 8 0 65 0 47 0 85 0 119 0 146 0 152 0 238 0 288 0 423 0 501 0 496 0 405 0 392 0 266 0 191 0 109 0 
