0 53 56 41 -6 2 20 10

0 59 93 24 -3 12 39 41

0 43 60 47 -19 5 16 6

0 31 85 75 -12 1 5 3

0 19 70 35 -12 32 47 13

0 70 85 88 -6 1 12 12

0 37 93 55 -1 1 15 17

0 68 91 37 -12 3 5 21

0 17 44 80 -14 15 37 40

0 7 47 62 -14 1 2 1

0 54 91 58 -13 11 22 48

0 53 99 23 -12 20 37 6

0 38 42 81 -19 0 1 22

0 47 69 54 -4 13 25 16

0 18 69 54 -11 5 17 6

0 61 70 76 -4 4 37 32

0 24 75 1 -6 1 5 5

0 57 58 70 -6 27 33 23

0 49 73 15 -9 2 4 19

0 28 82 10 -17 5 10 41

0 18 56 26 -18 9 26 12

0 35 98 32 -1 8 9 45

0 2 23 88 -17 16 20 27

0 79 88 30 -5 21 46 9

0 65 95 90 -18 7 18 24

0 30 65 73 -20 16 42 0

0 27 59 46 -3 1 30 1

0 62 92 53 -8 2 4 5

0 37 83 55 -3 0 1 14

0 1 50 20 -13 5 14 42

0 17 87 31 -12 11 26 40

0 2 56 47 -17 24 26 10

0 16 38 15 -6 4 7 23

0 5 99 69 -17 13 14 29

0 38 48 74 -18 13 15 0

0 31 44 98 -10 0 10 9

0 8 87 18 -12 13 32 33

0 76 85 12 -5 22 25 24

0 9 39 26 -2 6 18 4

0 40 61 69 -13 26 49 31

0 14 45 57 -14 19 21 20

0 35 47 93 -2 3 29 11

0 57 96 76 -15 33 48 24

0 42 49 80 -4 45 49 36

0 51 64 24 -16 2 8 0

0 6 34 66 -7 8 9 14

0 4 28 82 -18 10 12 26

0 14 48 17 -17 6 24 2

0 69 85 34 -4 7 27 46

0 21 43 85 -2 4 32 25

0 64 75 17 -7 21 49 11

0 10 29 89 -16 3 6 17

0 9 47 43 -10 35 44 48

0 32 46 15 -5 14 16 34

0 41 47 20 -9 3 4 45

0 22 31 79 -3 14 29 13

0 9 35 64 -17 9 14 26

0 5 21 7 -15 0 4 3

0 8 54 45 -4 9 31 6

0 0 58 2 -5 20 21 3

0 44 66 68 -5 5 6 29

0 5 51 10 -5 16 22 24

0 12 35 48 -13 5 6 37

0 13 29 44 -14 22 26 11

0 1 51 53 -8 27 30 31

0 0 48 65 -16 24 27 49

0 9 22 92 -19 2 15 22

0 1 5 15 -11 16 34 25

0 2 32 59 -4 9 41 42

0 10 17 78 -11 7 19 12

0 17 94 35 -18 22 35 48

0 25 42 64 -9 7 32 17

0 27 54 14 -17 15 42 0

0 0 31 46 -19 29 35 21

0 16 37 79 -17 7 16 41

0 16 25 40 -12 11 12 38

0 1 20 22 -5 0 1 24

0 1 3 98 -3 36 47 31

0 4 7 22 -13 2 4 14

0 0 20 79 -14 8 35 8

0 26 30 45 -18 1 44 21

0 0 1 54 -15 0 3 7

0 18 34 5 -9 7 31 26

0 4 7 5 -6 17 32 22

0 5 20 76 -14 0 22 14

0 10 40 83 -3 4 42 47

0 2 5 84 -16 5 7 42

0 29 91 75 -1 28 31 2

0 0 1 98 -5 0 39 2

0 34 42 31 -8 1 4 48

0 0 2 90 -15 15 34 9

0 2 6 14 -9 1 12 17

0 5 8 19 -7 1 3 45

0 2 4 75 -10 20 45 45

0 5 15 42 -3 0 28 26

0 6 18 6 -16 18 47 11

0 8 11 27 -3 5 7 39

0 1 5 64 -19 1 45 21

0 0 6 32 -15 26 30 0

0 4 5 46 -19 0 44 47


SAlphaB: 716.0, std-dev 255.61832649163446

Earliest win: 37
Latest win: 81

WinDepth:
0 0 0 0 0 0 0 0 0 0 0 0 0 0 0 0 0 0 0 0 0 0 0 0 0 0 0 0 0 0 0 0 0 0 0 0 0 3 2 6 15 3 2 6 6 22 6 51 23 50 49 244 65 112 82 195 102 146 135 200 159 250 246 354 297 388 429 424 494 415 435 475 425 396 400 352 246 249 174 132 111 84 
SAlphaB:
0 0 0 0 0 0 0 0 0 0 0 0 0 0 0 0 0 0 0 0 0 0 0 0 0 0 0 0 0 0 0 0 0 0 0 0 0 3 2 6 15 3 2 6 6 22 6 51 23 50 49 244 65 112 82 195 102 146 135 200 159 250 246 354 297 388 429 424 494 415 435 475 425 396 400 352 246 249 174 132 111 84 

LossDepth:
SAlphaB:
0 0 0 0 0 0 0 0 0 0 0 0 0 0 0 0 0 0 0 0 0 0 0 0 0 0 0 0 0 0 0 0 0 0 0 0 0 3 2 6 15 3 2 6 6 22 6 51 23 50 49 244 65 112 82 195 102 146 135 200 159 250 246 354 297 388 429 424 494 415 435 475 425 396 400 352 246 249 174 132 111 84 

FirstWin:
0 0 0 0 0 0 0 0 0 0 0 0 0 0 0 0 0 0 0 0 0 0 0 0 0 0 0 0 0 0 0 0 0 0 0 0 0 3 0 6 0 3 0 6 0 22 0 51 0 50 0 244 0 112 0 195 0 146 0 200 0 250 0 354 0 388 0 424 0 415 0 475 0 396 0 352 0 249 0 132 0 84 
SAlphaB:
0 0 0 0 0 0 0 0 0 0 0 0 0 0 0 0 0 0 0 0 0 0 0 0 0 0 0 0 0 0 0 0 0 0 0 0 0 3 0 6 0 3 0 6 0 22 0 51 0 50 0 244 0 112 0 195 0 146 0 200 0 250 0 354 0 388 0 424 0 415 0 475 0 396 0 352 0 249 0 132 0 84 

SecondWin:
0 0 0 0 0 0 0 0 0 0 0 0 0 0 0 0 0 0 0 0 0 0 0 0 0 0 0 0 0 0 0 0 0 0 0 0 0 0 2 0 15 0 2 0 6 0 6 0 23 0 49 0 65 0 82 0 102 0 135 0 159 0 246 0 297 0 429 0 494 0 435 0 425 0 400 0 246 0 174 0 111 0 
SAlphaB:
0 0 0 0 0 0 0 0 0 0 0 0 0 0 0 0 0 0 0 0 0 0 0 0 0 0 0 0 0 0 0 0 0 0 0 0 0 0 2 0 15 0 2 0 6 0 6 0 23 0 49 0 65 0 82 0 102 0 135 0 159 0 246 0 297 0 429 0 494 0 435 0 425 0 400 0 246 0 174 0 111 0 
