0 44 99 70 -4 7 23 35

0 37 95 59 -14 2 4 15

0 12 63 50 -8 21 33 8

0 19 93 45 -19 0 5 41

0 26 54 14 -1 5 16 29

0 16 42 79 -5 13 28 9

0 55 69 67 -1 10 23 30

0 57 68 30 -11 4 18 6

0 34 83 56 -4 5 15 21

0 27 78 69 -8 11 22 0

0 42 84 69 -10 14 35 2

0 63 77 93 -15 4 33 4

0 12 76 83 -7 27 40 15

0 6 56 51 -17 2 5 14

0 3 62 64 -9 5 11 9

0 46 85 29 -11 10 30 37

0 10 71 17 -2 11 29 5

0 7 43 16 -5 10 20 11

0 34 51 62 -17 3 18 31

0 7 72 19 -10 4 6 14

0 45 55 15 -8 2 6 23

0 20 42 55 -2 0 1 6

0 27 36 72 -15 38 44 41

0 55 70 98 -13 27 33 38

0 21 61 71 -12 36 42 17

0 15 68 65 -11 19 35 40

0 9 54 38 -6 0 9 0

0 12 90 44 -12 32 47 35

0 21 66 88 -13 0 2 48

0 12 89 70 -15 24 32 12

0 5 77 64 -9 18 29 10

0 39 98 86 -18 26 29 18

0 39 49 87 -11 4 7 36

0 52 88 58 -5 2 15 43

0 17 34 57 -11 5 9 36

0 26 94 14 -15 39 44 38

0 61 62 60 -4 20 42 34

0 14 53 99 -5 14 32 23

0 24 48 30 -5 5 6 29

0 22 69 0 -18 7 18 41

0 7 37 98 -6 23 36 16

0 15 28 99 -7 8 18 14

0 35 56 67 -11 24 48 35

0 68 88 55 -20 31 32 43

0 37 77 6 -10 5 7 45

0 9 69 44 -12 36 49 26

0 52 55 96 -16 0 1 46

0 16 89 32 -15 14 46 41

0 68 82 9 -3 0 36 3

0 64 76 35 -16 17 32 3

0 7 56 5 -14 13 14 5

0 20 38 2 -16 21 24 13

0 44 71 78 -2 24 25 28

0 14 51 6 -6 10 12 10

0 7 45 50 -20 25 40 35

0 72 98 99 -3 32 39 41

0 20 51 33 -17 4 37 17

0 8 23 81 -12 4 9 41

0 24 27 35 -19 8 15 27

0 2 4 81 -13 32 37 29

0 9 12 76 -2 40 48 16

0 22 30 92 -15 1 14 39

0 15 25 24 -14 9 21 38

0 26 44 41 -13 9 17 39

0 19 23 40 -7 29 37 7

0 16 24 22 -1 6 36 16

0 13 46 95 -15 12 21 48

0 0 38 6 -5 18 23 24

0 2 49 46 -8 19 26 42

0 6 11 43 -3 10 27 9

0 72 74 8 -19 32 49 45

0 10 57 55 -17 0 39 10

0 1 18 61 -14 10 24 11

0 22 25 30 -6 9 10 45

0 15 19 6 -5 2 19 19

0 3 39 20 -8 37 49 40

0 41 65 44 -4 22 36 49

0 5 11 99 -6 8 31 28

0 11 13 97 -20 0 1 39

0 20 54 7 -4 24 34 30

0 10 15 33 -17 1 11 36

0 5 7 29 -12 1 36 34

0 9 11 86 -2 23 43 0

0 9 18 87 -12 3 24 31

0 6 17 5 -9 18 19 17

0 3 14 17 -6 0 1 34

0 3 61 11 -11 4 40 47

0 12 30 8 -20 19 34 40

0 1 9 41 -17 4 14 6

0 2 35 96 -3 2 26 40

0 2 7 74 -13 24 42 37

0 0 5 58 -7 21 31 26

0 0 3 36 -17 11 27 19

0 4 29 16 -10 28 42 39

0 0 21 31 -3 1 8 29

0 10 14 51 -10 2 42 37

0 9 16 71 -5 1 26 22

0 2 3 8 -2 3 7 35

0 14 18 18 -12 3 18 39

0 7 10 31 -2 17 31 39


SAlphaB: 713.0, std-dev 251.5767857760611

Earliest win: 35
Latest win: 81

WinDepth:
0 0 0 0 0 0 0 0 0 0 0 0 0 0 0 0 0 0 0 0 0 0 0 0 0 0 0 0 0 0 0 0 0 0 0 1 0 2 0 2 1 0 2 8 13 8 6 57 39 47 76 230 96 126 85 203 100 194 144 167 202 216 264 346 305 380 407 359 439 382 436 478 417 397 365 356 276 232 168 143 93 80 
SAlphaB:
0 0 0 0 0 0 0 0 0 0 0 0 0 0 0 0 0 0 0 0 0 0 0 0 0 0 0 0 0 0 0 0 0 0 0 1 0 2 0 2 1 0 2 8 13 8 6 57 39 47 76 230 96 126 85 203 100 194 144 167 202 216 264 346 305 380 407 359 439 382 436 478 417 397 365 356 276 232 168 143 93 80 

LossDepth:
SAlphaB:
0 0 0 0 0 0 0 0 0 0 0 0 0 0 0 0 0 0 0 0 0 0 0 0 0 0 0 0 0 0 0 0 0 0 0 1 0 2 0 2 1 0 2 8 13 8 6 57 39 47 76 230 96 126 85 203 100 194 144 167 202 216 264 346 305 380 407 359 439 382 436 478 417 397 365 356 276 232 168 143 93 80 

FirstWin:
0 0 0 0 0 0 0 0 0 0 0 0 0 0 0 0 0 0 0 0 0 0 0 0 0 0 0 0 0 0 0 0 0 0 0 1 0 2 0 2 0 0 0 8 0 8 0 57 0 47 0 230 0 126 0 203 0 194 0 167 0 216 0 346 0 380 0 359 0 382 0 478 0 397 0 356 0 232 0 143 0 80 
SAlphaB:
0 0 0 0 0 0 0 0 0 0 0 0 0 0 0 0 0 0 0 0 0 0 0 0 0 0 0 0 0 0 0 0 0 0 0 1 0 2 0 2 0 0 0 8 0 8 0 57 0 47 0 230 0 126 0 203 0 194 0 167 0 216 0 346 0 380 0 359 0 382 0 478 0 397 0 356 0 232 0 143 0 80 

SecondWin:
0 0 0 0 0 0 0 0 0 0 0 0 0 0 0 0 0 0 0 0 0 0 0 0 0 0 0 0 0 0 0 0 0 0 0 0 0 0 0 0 1 0 2 0 13 0 6 0 39 0 76 0 96 0 85 0 100 0 144 0 202 0 264 0 305 0 407 0 439 0 436 0 417 0 365 0 276 0 168 0 93 0 
SAlphaB:
0 0 0 0 0 0 0 0 0 0 0 0 0 0 0 0 0 0 0 0 0 0 0 0 0 0 0 0 0 0 0 0 0 0 0 0 0 0 0 0 1 0 2 0 13 0 6 0 39 0 76 0 96 0 85 0 100 0 144 0 202 0 264 0 305 0 407 0 439 0 436 0 417 0 365 0 276 0 168 0 93 0 
