0 31 45 45 -7 2 5 5

0 0 43 77 -1 22 34 5

0 73 96 58 -3 30 34 31

0 12 92 1 -2 0 6 0

0 51 99 91 -9 0 46 20

0 28 91 55 -14 0 1 41

0 25 50 45 -20 0 2 21

0 68 84 11 -3 14 30 6

0 52 79 54 -6 15 25 20

0 12 47 93 -4 1 8 0

0 24 74 19 -2 13 14 28

0 59 70 26 -11 4 13 8

0 48 51 73 -2 3 9 8

0 28 33 18 -11 4 17 13

0 84 85 94 -9 7 44 17

0 8 89 77 -20 16 21 40

0 50 55 77 -13 9 34 25

0 1 59 15 -16 0 2 24

0 38 70 61 -4 10 14 45

0 84 97 35 -20 25 32 40

0 10 64 96 -9 1 34 15

0 47 54 23 -13 3 13 18

0 14 65 58 -4 7 9 12

0 40 68 40 -8 6 9 11

0 12 67 28 -13 24 34 15

0 3 53 45 -6 4 23 3

0 48 86 0 -12 0 22 26

0 74 98 19 -3 5 13 42

0 52 98 25 -1 23 29 9

0 43 49 54 -18 3 4 45

0 89 92 94 -3 1 7 29

0 43 60 57 -17 1 2 44

0 30 41 42 -10 11 16 29

0 22 74 19 -2 15 19 29

0 40 79 62 -2 24 47 48

0 21 23 70 -12 12 15 13

0 44 84 40 -6 29 35 6

0 6 76 52 -13 20 21 45

0 19 57 62 -1 1 34 21

0 35 36 44 -19 10 30 37

0 44 91 41 -8 33 45 44

0 7 26 94 -13 19 25 18

0 73 92 0 -13 41 44 37

0 11 46 50 -8 7 8 6

0 42 66 83 -18 23 26 25

0 19 38 64 -12 36 41 43

0 9 22 60 -13 3 7 23

0 5 43 27 -13 10 22 8

0 19 36 33 -10 35 42 7

0 10 32 85 -7 22 30 45

0 15 17 98 -12 4 7 3

0 17 47 19 -6 5 35 2

0 39 41 1 -14 16 22 28

0 16 43 63 -20 39 44 41

0 47 48 22 -7 16 22 31

0 16 25 75 -16 8 13 6

0 20 95 87 -4 41 46 49

0 46 48 63 -12 31 46 41

0 9 44 74 -10 30 38 3

0 25 40 0 -8 41 48 19

0 0 73 6 -10 2 4 24

0 12 26 23 -15 23 48 27

0 15 60 88 -6 3 17 41

0 1 19 91 -18 6 15 19

0 22 78 6 -5 5 40 27

0 36 40 24 -6 30 31 33

0 17 66 13 -11 21 23 45

0 2 19 85 -11 0 2 25

0 5 41 15 -12 28 45 35

0 8 21 6 -1 16 36 22

0 2 72 15 -11 1 10 49

0 6 61 68 -17 2 26 31

0 55 64 72 -3 0 1 10

0 9 51 27 -17 16 17 32

0 56 71 36 -15 29 43 47

0 23 86 16 -11 40 44 3

0 38 44 38 -18 26 36 37

0 30 79 17 -1 0 10 47

0 1 42 62 -17 0 21 34

0 59 60 82 -16 31 40 2

0 0 6 98 -4 8 33 6

0 2 12 78 -15 12 15 31

0 1 7 96 -4 0 1 42

0 0 3 73 -14 22 24 15

0 2 56 21 -13 10 19 36

0 0 1 20 -3 4 15 5

0 1 37 10 -2 10 40 42

0 0 2 63 -13 34 45 22

0 5 7 27 -8 3 10 39

0 2 7 28 -12 15 30 24

0 8 10 91 -10 4 9 47

0 1 3 46 -20 2 19 0

0 3 8 67 -19 21 47 15

0 1 10 6 -12 10 22 40

0 0 1 21 -2 6 15 3

0 4 12 82 -3 19 37 15

0 1 3 69 -4 9 41 14

0 8 19 40 -7 3 48 38

0 0 1 62 -11 8 16 44

0 0 5 6 -5 6 46 47


SAlphaB: 709.0, std-dev 269.3559065510526

Earliest win: 36
Latest win: 81

WinDepth:
0 0 0 0 0 0 0 0 0 0 0 0 0 0 0 0 0 0 0 0 0 0 0 0 0 0 0 0 0 0 0 0 0 0 0 0 1 6 0 1 1 9 2 4 14 27 10 37 31 87 64 191 98 95 102 186 130 195 151 140 185 245 235 276 320 342 422 380 450 397 428 448 379 409 391 375 277 269 164 135 99 77 
SAlphaB:
0 0 0 0 0 0 0 0 0 0 0 0 0 0 0 0 0 0 0 0 0 0 0 0 0 0 0 0 0 0 0 0 0 0 0 0 1 6 0 1 1 9 2 4 14 27 10 37 31 87 64 191 98 95 102 186 130 195 151 140 185 245 235 276 320 342 422 380 450 397 428 448 379 409 391 375 277 269 164 135 99 77 

LossDepth:
SAlphaB:
0 0 0 0 0 0 0 0 0 0 0 0 0 0 0 0 0 0 0 0 0 0 0 0 0 0 0 0 0 0 0 0 0 0 0 0 1 6 0 1 1 9 2 4 14 27 10 37 31 87 64 191 98 95 102 186 130 195 151 140 185 245 235 276 320 342 422 380 450 397 428 448 379 409 391 375 277 269 164 135 99 77 

FirstWin:
0 0 0 0 0 0 0 0 0 0 0 0 0 0 0 0 0 0 0 0 0 0 0 0 0 0 0 0 0 0 0 0 0 0 0 0 0 6 0 1 0 9 0 4 0 27 0 37 0 87 0 191 0 95 0 186 0 195 0 140 0 245 0 276 0 342 0 380 0 397 0 448 0 409 0 375 0 269 0 135 0 77 
SAlphaB:
0 0 0 0 0 0 0 0 0 0 0 0 0 0 0 0 0 0 0 0 0 0 0 0 0 0 0 0 0 0 0 0 0 0 0 0 0 6 0 1 0 9 0 4 0 27 0 37 0 87 0 191 0 95 0 186 0 195 0 140 0 245 0 276 0 342 0 380 0 397 0 448 0 409 0 375 0 269 0 135 0 77 

SecondWin:
0 0 0 0 0 0 0 0 0 0 0 0 0 0 0 0 0 0 0 0 0 0 0 0 0 0 0 0 0 0 0 0 0 0 0 0 1 0 0 0 1 0 2 0 14 0 10 0 31 0 64 0 98 0 102 0 130 0 151 0 185 0 235 0 320 0 422 0 450 0 428 0 379 0 391 0 277 0 164 0 99 0 
SAlphaB:
0 0 0 0 0 0 0 0 0 0 0 0 0 0 0 0 0 0 0 0 0 0 0 0 0 0 0 0 0 0 0 0 0 0 0 0 1 0 0 0 1 0 2 0 14 0 10 0 31 0 64 0 98 0 102 0 130 0 151 0 185 0 235 0 320 0 422 0 450 0 428 0 379 0 391 0 277 0 164 0 99 0 
