0 53 95 82 -14 0 17 13

0 57 70 45 -16 4 29 18

0 18 72 54 -4 23 41 5

0 28 54 59 -4 10 33 11

0 32 57 44 -17 1 15 32

0 30 54 44 -11 0 1 23

0 85 91 79 -11 15 42 25

0 24 28 43 -18 0 2 14

0 10 57 9 -8 12 28 3

0 49 90 68 -18 0 1 44

0 35 71 66 -1 5 38 17

0 38 41 42 -6 19 42 21

0 6 70 3 -4 20 45 38

0 72 89 85 -1 3 49 3

0 69 93 54 -17 0 2 29

0 2 85 23 -3 15 42 4

0 18 72 13 -2 20 49 24

0 37 61 0 -5 8 15 15

0 37 48 81 -2 12 40 48

0 74 99 1 -20 34 39 48

0 57 80 16 -20 0 23 46

0 10 55 60 -3 3 5 29

0 62 67 4 -2 14 15 48

0 26 45 13 -13 5 14 10

0 5 58 75 -5 5 10 27

0 27 42 69 -15 16 41 14

0 38 64 79 -16 1 2 36

0 1 48 55 -10 14 23 21

0 25 46 42 -11 10 23 39

0 28 64 14 -3 10 34 49

0 19 35 80 -3 30 35 9

0 16 24 30 -5 3 7 13

0 39 70 51 -7 16 17 5

0 12 21 29 -19 0 1 2

0 61 97 26 -12 21 32 44

0 62 96 96 -15 2 33 45

0 63 79 9 -7 3 20 5

0 1 51 57 -18 0 2 14

0 73 83 64 -10 1 7 22

0 52 68 6 -2 4 6 43

0 38 53 22 -14 6 49 13

0 23 43 18 -18 2 6 32

0 24 61 35 -9 8 12 8

0 20 47 6 -16 5 15 35

0 60 70 43 -4 26 35 35

0 11 27 54 -15 5 15 24

0 12 69 39 -7 15 44 6

0 73 75 84 -10 26 43 26

0 15 66 19 -6 19 26 35

0 65 87 30 -15 22 34 4

0 7 85 82 -15 5 9 27

0 55 68 99 -15 16 25 21

0 0 42 61 -9 20 37 10

0 3 71 72 -5 25 27 46

0 8 17 30 -9 23 30 19

0 6 59 73 -20 10 11 43

0 22 73 27 -7 0 1 42

0 38 99 27 -8 3 47 25

0 26 49 6 -5 2 10 38

0 79 87 99 -8 37 47 41

0 44 50 44 -16 17 45 48

0 12 85 71 -18 24 25 49

0 9 58 32 -10 16 27 41

0 32 40 46 -8 20 31 45

0 26 68 21 -10 8 45 31

0 13 48 79 -8 43 48 16

0 89 95 49 -20 0 2 32

0 2 4 88 -13 35 48 23

0 8 23 42 -5 7 19 31

0 11 20 89 -5 25 28 2

0 29 43 25 -14 12 14 5

0 1 26 84 -17 16 30 46

0 8 66 39 -17 33 35 45

0 1 27 66 -15 4 9 34

0 15 31 78 -11 24 30 49

0 20 39 72 -14 4 42 13

0 4 38 57 -14 23 36 37

0 0 94 96 -4 4 5 39

0 30 32 3 -15 9 44 40

0 5 36 17 -6 32 40 19

0 13 22 71 -1 31 33 2

0 64 77 61 -17 27 45 38

0 9 23 30 -12 3 9 29

0 1 45 32 -20 22 37 45

0 4 57 55 -15 13 18 2

0 53 66 40 -3 30 37 11

0 1 31 1 -11 14 49 29

0 6 7 79 -2 17 45 14

0 3 33 52 -4 10 13 40

0 12 17 78 -17 11 17 2

0 8 12 19 -3 41 45 1

0 8 66 9 -9 6 31 43

0 16 55 64 -13 5 32 34

0 0 4 16 -9 15 17 27

0 1 2 4 -9 16 27 35

0 16 20 55 -20 13 23 47

0 7 11 4 -2 0 9 42

0 8 25 41 -19 10 13 36

0 3 16 6 -13 1 2 31

0 3 5 40 -1 1 10 44


SAlphaB: 714.0, std-dev 272.004232457415

Earliest win: 36
Latest win: 81

WinDepth:
0 0 0 0 0 0 0 0 0 0 0 0 0 0 0 0 0 0 0 0 0 0 0 0 0 0 0 0 0 0 0 0 0 0 0 0 3 5 0 7 0 10 5 17 2 17 12 15 23 83 45 235 74 120 61 197 103 200 165 216 113 254 223 313 276 364 453 351 525 372 496 433 398 361 358 339 267 257 178 153 102 63 
SAlphaB:
0 0 0 0 0 0 0 0 0 0 0 0 0 0 0 0 0 0 0 0 0 0 0 0 0 0 0 0 0 0 0 0 0 0 0 0 3 5 0 7 0 10 5 17 2 17 12 15 23 83 45 235 74 120 61 197 103 200 165 216 113 254 223 313 276 364 453 351 525 372 496 433 398 361 358 339 267 257 178 153 102 63 

LossDepth:
SAlphaB:
0 0 0 0 0 0 0 0 0 0 0 0 0 0 0 0 0 0 0 0 0 0 0 0 0 0 0 0 0 0 0 0 0 0 0 0 3 5 0 7 0 10 5 17 2 17 12 15 23 83 45 235 74 120 61 197 103 200 165 216 113 254 223 313 276 364 453 351 525 372 496 433 398 361 358 339 267 257 178 153 102 63 

FirstWin:
0 0 0 0 0 0 0 0 0 0 0 0 0 0 0 0 0 0 0 0 0 0 0 0 0 0 0 0 0 0 0 0 0 0 0 0 0 5 0 7 0 10 0 17 0 17 0 15 0 83 0 235 0 120 0 197 0 200 0 216 0 254 0 313 0 364 0 351 0 372 0 433 0 361 0 339 0 257 0 153 0 63 
SAlphaB:
0 0 0 0 0 0 0 0 0 0 0 0 0 0 0 0 0 0 0 0 0 0 0 0 0 0 0 0 0 0 0 0 0 0 0 0 0 5 0 7 0 10 0 17 0 17 0 15 0 83 0 235 0 120 0 197 0 200 0 216 0 254 0 313 0 364 0 351 0 372 0 433 0 361 0 339 0 257 0 153 0 63 

SecondWin:
0 0 0 0 0 0 0 0 0 0 0 0 0 0 0 0 0 0 0 0 0 0 0 0 0 0 0 0 0 0 0 0 0 0 0 0 3 0 0 0 0 0 5 0 2 0 12 0 23 0 45 0 74 0 61 0 103 0 165 0 113 0 223 0 276 0 453 0 525 0 496 0 398 0 358 0 267 0 178 0 102 0 
SAlphaB:
0 0 0 0 0 0 0 0 0 0 0 0 0 0 0 0 0 0 0 0 0 0 0 0 0 0 0 0 0 0 0 0 0 0 0 0 3 0 0 0 0 0 5 0 2 0 12 0 23 0 45 0 74 0 61 0 103 0 165 0 113 0 223 0 276 0 453 0 525 0 496 0 398 0 358 0 267 0 178 0 102 0 
