0 63 97 53 -20 4 18 26

0 47 81 15 -14 9 18 13

0 53 87 6 -9 2 14 20

0 34 79 60 -13 7 17 34

0 58 99 30 -16 1 2 42

0 55 99 45 -18 1 4 17

0 66 93 35 -11 20 31 10

0 69 93 52 -14 0 3 6

0 29 80 95 -12 6 13 34

0 55 75 48 -13 6 20 5

0 17 32 0 -4 3 5 6

0 37 64 92 -16 4 5 4

0 53 55 47 -4 2 10 2

0 44 50 78 -13 5 30 35

0 35 93 82 -5 10 26 21

0 46 95 22 -17 17 38 22

0 52 99 99 -19 7 38 44

0 53 70 57 -11 6 13 35

0 3 78 70 -13 14 17 15

0 27 65 64 -10 2 20 32

0 89 90 39 -7 30 32 3

0 2 76 61 -6 3 17 31

0 24 70 64 -3 1 2 13

0 65 72 74 -8 2 5 8

0 22 34 45 -16 2 9 30

0 1 56 68 -16 16 29 0

0 32 50 3 -16 1 2 30

0 72 84 34 -11 8 20 40

0 7 66 8 -9 8 19 30

0 27 42 84 -20 7 19 17

0 18 67 0 -2 25 38 10

0 3 64 71 -14 4 15 5

0 66 70 21 -16 18 25 45

0 22 68 89 -3 14 18 23

0 47 50 67 -13 2 5 9

0 27 35 70 -5 0 8 48

0 21 81 24 -20 18 30 10

0 41 56 33 -10 24 38 42

0 3 5 63 -17 0 3 10

0 4 46 46 -8 2 14 0

0 19 66 94 -3 13 44 34

0 74 88 11 -12 1 34 37

0 10 72 53 -16 35 37 32

0 29 44 79 -4 4 36 34

0 37 56 34 -17 20 41 23

0 13 32 93 -13 1 2 35

0 73 86 30 -18 31 35 35

0 35 78 43 -11 7 36 49

0 25 49 11 -19 17 22 31

0 20 39 40 -3 13 17 12

0 2 69 46 -7 0 6 44

0 4 51 11 -5 10 22 23

0 9 23 90 -20 5 13 35

0 21 93 88 -10 10 17 19

0 64 72 70 -9 10 19 8

0 20 61 16 -9 20 21 10

0 15 19 42 -19 1 6 5

0 47 83 51 -15 39 44 47

0 3 53 93 -8 8 9 32

0 14 81 31 -19 25 49 48

0 15 55 88 -17 3 34 41

0 4 37 27 -3 8 10 2

0 13 28 22 -15 5 16 12

0 12 23 60 -12 3 8 29

0 23 63 41 -6 1 47 31

0 9 12 36 -15 1 3 20

0 63 67 18 -18 13 25 47

0 21 42 33 -15 14 22 16

0 15 23 96 -13 11 20 27

0 23 28 89 -12 7 45 6

0 17 36 0 -10 20 35 40

0 0 3 47 -4 35 38 37

0 15 31 25 -7 18 49 23

0 40 55 3 -10 4 26 48

0 8 95 47 -13 25 28 16

0 12 23 41 -17 2 24 15

0 8 14 31 -2 2 4 46

0 55 70 16 -10 30 40 10

0 11 36 18 -15 5 24 4

0 1 27 79 -14 14 23 21

0 10 14 46 -2 0 6 29

0 47 66 30 -8 32 36 7

0 4 44 18 -14 22 36 33

0 32 61 20 -9 9 48 11

0 7 11 54 -6 25 29 9

0 4 16 93 -2 20 35 2

0 0 24 30 -18 2 39 6

0 7 16 15 -8 38 48 36

0 8 17 39 -20 27 41 33

0 20 32 57 -4 18 49 22

0 21 40 26 -17 1 26 39

0 12 24 6 -9 26 49 40

0 0 2 56 -10 21 28 36

0 0 32 28 -19 15 18 43

0 5 22 68 -12 0 41 26

0 13 19 24 -12 1 16 44

0 1 21 88 -19 14 37 29

0 4 5 20 -6 30 34 46

0 1 5 24 -4 6 44 41

0 0 4 9 -17 13 49 33


SAlphaB: 738.0, std-dev 288.24519847595803

Earliest win: 37
Latest win: 81

WinDepth:
0 0 0 0 0 0 0 0 0 0 0 0 0 0 0 0 0 0 0 0 0 0 0 0 0 0 0 0 0 0 0 0 0 0 0 0 0 1 0 1 3 5 3 13 4 27 10 57 44 59 71 194 69 117 90 183 101 194 158 153 135 254 270 326 352 386 354 388 411 471 385 451 401 379 424 393 281 264 170 134 104 96 
SAlphaB:
0 0 0 0 0 0 0 0 0 0 0 0 0 0 0 0 0 0 0 0 0 0 0 0 0 0 0 0 0 0 0 0 0 0 0 0 0 1 0 1 3 5 3 13 4 27 10 57 44 59 71 194 69 117 90 183 101 194 158 153 135 254 270 326 352 386 354 388 411 471 385 451 401 379 424 393 281 264 170 134 104 96 

LossDepth:
SAlphaB:
0 0 0 0 0 0 0 0 0 0 0 0 0 0 0 0 0 0 0 0 0 0 0 0 0 0 0 0 0 0 0 0 0 0 0 0 0 1 0 1 3 5 3 13 4 27 10 57 44 59 71 194 69 117 90 183 101 194 158 153 135 254 270 326 352 386 354 388 411 471 385 451 401 379 424 393 281 264 170 134 104 96 

FirstWin:
0 0 0 0 0 0 0 0 0 0 0 0 0 0 0 0 0 0 0 0 0 0 0 0 0 0 0 0 0 0 0 0 0 0 0 0 0 1 0 1 0 5 0 13 0 27 0 57 0 59 0 194 0 117 0 183 0 194 0 153 0 254 0 326 0 386 0 388 0 471 0 451 0 379 0 393 0 264 0 134 0 96 
SAlphaB:
0 0 0 0 0 0 0 0 0 0 0 0 0 0 0 0 0 0 0 0 0 0 0 0 0 0 0 0 0 0 0 0 0 0 0 0 0 1 0 1 0 5 0 13 0 27 0 57 0 59 0 194 0 117 0 183 0 194 0 153 0 254 0 326 0 386 0 388 0 471 0 451 0 379 0 393 0 264 0 134 0 96 

SecondWin:
0 0 0 0 0 0 0 0 0 0 0 0 0 0 0 0 0 0 0 0 0 0 0 0 0 0 0 0 0 0 0 0 0 0 0 0 0 0 0 0 3 0 3 0 4 0 10 0 44 0 71 0 69 0 90 0 101 0 158 0 135 0 270 0 352 0 354 0 411 0 385 0 401 0 424 0 281 0 170 0 104 0 
SAlphaB:
0 0 0 0 0 0 0 0 0 0 0 0 0 0 0 0 0 0 0 0 0 0 0 0 0 0 0 0 0 0 0 0 0 0 0 0 0 0 0 0 3 0 3 0 4 0 10 0 44 0 71 0 69 0 90 0 101 0 158 0 135 0 270 0 352 0 354 0 411 0 385 0 401 0 424 0 281 0 170 0 104 0 
