0 42 46 89 -9 22 38 14

0 31 69 76 -14 5 8 15

0 34 36 15 -1 23 41 2

0 0 69 78 -13 20 42 23

0 8 28 72 -4 12 16 5

0 33 63 6 -15 1 10 12

0 36 95 40 -18 4 6 17

0 64 88 94 -9 0 1 3

0 50 60 83 -11 5 25 23

0 55 99 70 -14 18 19 14

0 67 88 22 -4 1 31 17

0 68 95 8 -16 0 11 40

0 31 51 67 -6 11 22 8

0 12 72 72 -14 20 37 16

0 3 77 43 -14 5 11 3

0 48 69 64 -5 0 12 2

0 37 71 40 -1 0 34 13

0 26 30 38 -18 19 33 5

0 55 97 59 -9 8 15 26

0 42 61 42 -8 14 42 9

0 47 98 69 -1 1 16 30

0 43 58 86 -13 14 19 6

0 25 73 51 -8 19 38 2

0 21 79 88 -16 2 5 22

0 48 63 31 -13 0 1 23

0 30 54 11 -5 12 20 21

0 49 60 64 -3 41 45 36

0 21 35 81 -20 29 33 7

0 16 61 58 -8 6 11 19

0 70 76 62 -6 0 1 13

0 52 86 81 -16 2 3 39

0 38 75 18 -2 2 24 23

0 6 35 36 -14 2 5 12

0 17 96 26 -15 13 14 36

0 14 59 59 -17 5 11 45

0 71 91 12 -17 30 48 37

0 47 80 91 -4 2 6 26

0 71 96 69 -6 29 44 14

0 10 75 42 -2 1 15 29

0 5 61 93 -6 2 5 18

0 58 79 58 -10 1 8 17

0 0 60 86 -6 14 34 29

0 18 80 93 -7 40 42 20

0 52 66 64 -7 22 41 0

0 58 85 85 -16 1 11 47

0 9 23 92 -11 7 10 7

0 10 63 81 -9 15 29 17

0 39 55 78 -14 34 40 17

0 59 61 5 -6 26 29 9

0 64 74 69 -3 8 28 45

0 43 79 92 -18 4 38 39

0 63 90 17 -18 36 47 42

0 2 59 71 -18 0 2 20

0 3 64 10 -2 17 44 27

0 27 34 99 -2 9 10 16

0 25 96 64 -9 0 1 39

0 37 53 71 -8 10 13 21

0 40 68 73 -8 0 38 11

0 18 29 88 -18 12 26 6

0 11 48 57 -12 0 9 47

0 28 78 68 -5 7 32 23

0 25 46 80 -14 2 27 46

0 2 54 42 -19 1 19 25

0 20 78 2 -1 23 42 20

0 26 55 15 -10 34 35 49

0 12 24 96 -15 14 26 32

0 15 43 72 -15 16 21 24

0 13 16 71 -7 10 26 43

0 25 54 15 -12 19 40 32

0 17 33 64 -5 12 22 45

0 7 18 79 -8 17 47 5

0 0 41 21 -15 42 44 9

0 11 24 30 -13 22 32 29

0 37 66 86 -14 15 22 6

0 15 75 68 -2 28 33 17

0 12 24 99 -11 18 46 19

0 7 51 49 -9 29 41 37

0 6 70 78 -20 7 32 24

0 9 60 5 -17 19 20 32

0 12 30 70 -17 3 23 6

0 1 27 21 -7 5 21 10

0 25 76 11 -15 9 46 46

0 22 51 27 -11 5 36 29

0 0 3 34 -13 18 22 27

0 30 70 10 -19 24 29 4

0 10 17 4 -1 36 40 34

0 6 13 95 -2 0 24 1

0 2 3 23 -18 13 38 44

0 5 10 6 -19 40 44 20

0 8 59 15 -11 22 26 37

0 7 18 74 -15 2 5 41

0 0 20 73 -10 24 46 47

0 8 37 16 -9 23 43 46

0 14 15 17 -13 7 45 31

0 3 6 18 -4 34 45 47

0 3 25 97 -1 0 8 26

0 2 12 79 -16 14 15 42

0 2 8 96 -19 14 24 12

0 0 34 31 -17 17 24 48

0 6 10 66 -5 7 18 43


SAlphaB: 740.0, std-dev 269.6471512210284

Earliest win: 35
Latest win: 81

WinDepth:
0 0 0 0 0 0 0 0 0 0 0 0 0 0 0 0 0 0 0 0 0 0 0 0 0 0 0 0 0 0 0 0 0 0 0 2 0 1 0 7 0 10 0 16 7 28 10 33 27 101 37 203 97 118 80 180 110 160 186 203 164 198 201 279 337 343 442 388 485 401 493 454 409 441 367 385 278 260 166 130 104 101 
SAlphaB:
0 0 0 0 0 0 0 0 0 0 0 0 0 0 0 0 0 0 0 0 0 0 0 0 0 0 0 0 0 0 0 0 0 0 0 2 0 1 0 7 0 10 0 16 7 28 10 33 27 101 37 203 97 118 80 180 110 160 186 203 164 198 201 279 337 343 442 388 485 401 493 454 409 441 367 385 278 260 166 130 104 101 

LossDepth:
SAlphaB:
0 0 0 0 0 0 0 0 0 0 0 0 0 0 0 0 0 0 0 0 0 0 0 0 0 0 0 0 0 0 0 0 0 0 0 2 0 1 0 7 0 10 0 16 7 28 10 33 27 101 37 203 97 118 80 180 110 160 186 203 164 198 201 279 337 343 442 388 485 401 493 454 409 441 367 385 278 260 166 130 104 101 

FirstWin:
0 0 0 0 0 0 0 0 0 0 0 0 0 0 0 0 0 0 0 0 0 0 0 0 0 0 0 0 0 0 0 0 0 0 0 2 0 1 0 7 0 10 0 16 0 28 0 33 0 101 0 203 0 118 0 180 0 160 0 203 0 198 0 279 0 343 0 388 0 401 0 454 0 441 0 385 0 260 0 130 0 101 
SAlphaB:
0 0 0 0 0 0 0 0 0 0 0 0 0 0 0 0 0 0 0 0 0 0 0 0 0 0 0 0 0 0 0 0 0 0 0 2 0 1 0 7 0 10 0 16 0 28 0 33 0 101 0 203 0 118 0 180 0 160 0 203 0 198 0 279 0 343 0 388 0 401 0 454 0 441 0 385 0 260 0 130 0 101 

SecondWin:
0 0 0 0 0 0 0 0 0 0 0 0 0 0 0 0 0 0 0 0 0 0 0 0 0 0 0 0 0 0 0 0 0 0 0 0 0 0 0 0 0 0 0 0 7 0 10 0 27 0 37 0 97 0 80 0 110 0 186 0 164 0 201 0 337 0 442 0 485 0 493 0 409 0 367 0 278 0 166 0 104 0 
SAlphaB:
0 0 0 0 0 0 0 0 0 0 0 0 0 0 0 0 0 0 0 0 0 0 0 0 0 0 0 0 0 0 0 0 0 0 0 0 0 0 0 0 0 0 0 0 7 0 10 0 27 0 37 0 97 0 80 0 110 0 186 0 164 0 201 0 337 0 442 0 485 0 493 0 409 0 367 0 278 0 166 0 104 0 
