0 39 96 73 -4 6 7 16

0 34 73 85 -2 3 6 0

0 46 84 58 -18 1 11 35

0 69 75 82 -14 8 12 7

0 45 80 48 -15 5 8 41

0 60 83 49 -16 3 7 18

0 40 68 83 -13 1 9 29

0 9 95 47 -5 10 31 22

0 58 59 78 -20 4 7 5

0 24 81 68 -14 6 8 9

0 42 51 82 -13 3 27 26

0 40 43 96 -17 3 4 9

0 74 97 67 -6 11 22 44

0 37 81 57 -19 18 42 12

0 80 84 55 -20 2 7 13

0 12 90 53 -13 8 18 13

0 75 92 3 -11 1 7 22

0 33 54 78 -20 7 42 33

0 48 50 24 -13 7 33 5

0 48 57 26 -8 9 13 23

0 23 41 50 -9 28 31 13

0 7 77 57 -6 30 32 30

0 65 72 52 -4 18 30 21

0 9 21 28 -16 7 17 20

0 14 21 94 -11 9 18 31

0 44 60 47 -8 1 3 12

0 49 56 42 -6 16 40 10

0 8 9 74 -3 4 6 7

0 4 39 34 -7 1 12 11

0 62 79 81 -20 12 39 36

0 14 34 45 -3 21 36 10

0 59 81 78 -4 14 15 21

0 68 94 86 -17 20 26 16

0 44 49 84 -16 30 31 27

0 16 60 77 -17 3 4 15

0 88 91 29 -11 8 19 48

0 12 56 62 -7 33 39 12

0 22 84 33 -2 7 36 13

0 80 83 28 -15 0 1 43

0 48 72 91 -17 35 49 27

0 1 35 42 -13 0 8 7

0 28 32 15 -11 25 48 9

0 88 95 19 -6 0 6 36

0 31 61 38 -13 44 49 3

0 10 39 51 -1 6 10 45

0 50 63 60 -15 14 38 25

0 17 68 84 -7 33 37 42

0 10 60 58 -19 6 23 15

0 7 41 96 -14 10 26 2

0 18 94 15 -19 12 14 11

0 38 61 70 -8 11 18 37

0 2 25 72 -17 11 12 3

0 13 43 21 -20 4 5 31

0 23 66 13 -4 1 4 41

0 68 89 46 -1 39 44 22

0 37 60 32 -2 30 39 13

0 0 40 91 -2 0 1 17

0 6 36 86 -5 21 27 39

0 24 32 32 -7 43 48 13

0 21 40 70 -2 23 42 30

0 9 34 78 -16 0 3 19

0 18 82 43 -16 8 20 47

0 75 94 41 -2 0 2 23

0 0 44 27 -8 15 21 47

0 30 35 10 -8 0 21 18

0 33 37 88 -5 17 31 40

0 19 31 42 -4 11 21 45

0 2 85 94 -8 1 26 35

0 3 14 38 -16 4 23 26

0 15 98 26 -3 8 49 38

0 8 38 63 -15 29 35 41

0 12 71 77 -15 4 46 21

0 3 47 23 -2 11 27 27

0 5 15 24 -15 3 13 19

0 4 26 67 -1 0 1 20

0 6 8 83 -1 20 39 41

0 24 31 90 -14 6 35 15

0 2 27 24 -3 11 26 32

0 25 38 67 -12 32 37 37

0 12 20 42 -18 8 21 12

0 16 32 79 -2 7 18 40

0 10 66 14 -8 13 18 29

0 3 23 66 -10 0 3 39

0 1 14 63 -11 6 9 31

0 21 24 29 -5 10 31 1

0 1 20 8 -15 0 5 32

0 20 37 49 -4 23 24 43

0 2 11 82 -7 12 45 24

0 7 19 37 -3 9 17 38

0 8 14 51 -12 21 38 26

0 4 6 64 -6 2 31 21

0 4 7 18 -1 7 17 34

0 22 36 71 -6 6 36 9

0 4 5 37 -6 37 47 31

0 0 56 71 -11 6 28 35

0 18 20 5 -12 11 14 39

0 3 9 88 -5 1 19 16

0 0 6 75 -17 8 45 15

0 11 23 22 -11 12 16 42

0 1 20 63 -4 3 4 49


SAlphaB: 703.0, std-dev 258.4327448996424

Earliest win: 35
Latest win: 81

WinDepth:
0 0 0 0 0 0 0 0 0 0 0 0 0 0 0 0 0 0 0 0 0 0 0 0 0 0 0 0 0 0 0 0 0 0 0 1 0 0 0 1 19 5 2 10 8 17 10 36 36 54 73 202 86 117 87 143 128 178 122 189 164 242 253 369 333 318 428 411 485 420 481 446 415 375 391 350 283 239 181 110 117 75 
SAlphaB:
0 0 0 0 0 0 0 0 0 0 0 0 0 0 0 0 0 0 0 0 0 0 0 0 0 0 0 0 0 0 0 0 0 0 0 1 0 0 0 1 19 5 2 10 8 17 10 36 36 54 73 202 86 117 87 143 128 178 122 189 164 242 253 369 333 318 428 411 485 420 481 446 415 375 391 350 283 239 181 110 117 75 

LossDepth:
SAlphaB:
0 0 0 0 0 0 0 0 0 0 0 0 0 0 0 0 0 0 0 0 0 0 0 0 0 0 0 0 0 0 0 0 0 0 0 1 0 0 0 1 19 5 2 10 8 17 10 36 36 54 73 202 86 117 87 143 128 178 122 189 164 242 253 369 333 318 428 411 485 420 481 446 415 375 391 350 283 239 181 110 117 75 

FirstWin:
0 0 0 0 0 0 0 0 0 0 0 0 0 0 0 0 0 0 0 0 0 0 0 0 0 0 0 0 0 0 0 0 0 0 0 1 0 0 0 1 0 5 0 10 0 17 0 36 0 54 0 202 0 117 0 143 0 178 0 189 0 242 0 369 0 318 0 411 0 420 0 446 0 375 0 350 0 239 0 110 0 75 
SAlphaB:
0 0 0 0 0 0 0 0 0 0 0 0 0 0 0 0 0 0 0 0 0 0 0 0 0 0 0 0 0 0 0 0 0 0 0 1 0 0 0 1 0 5 0 10 0 17 0 36 0 54 0 202 0 117 0 143 0 178 0 189 0 242 0 369 0 318 0 411 0 420 0 446 0 375 0 350 0 239 0 110 0 75 

SecondWin:
0 0 0 0 0 0 0 0 0 0 0 0 0 0 0 0 0 0 0 0 0 0 0 0 0 0 0 0 0 0 0 0 0 0 0 0 0 0 0 0 19 0 2 0 8 0 10 0 36 0 73 0 86 0 87 0 128 0 122 0 164 0 253 0 333 0 428 0 485 0 481 0 415 0 391 0 283 0 181 0 117 0 
SAlphaB:
0 0 0 0 0 0 0 0 0 0 0 0 0 0 0 0 0 0 0 0 0 0 0 0 0 0 0 0 0 0 0 0 0 0 0 0 0 0 0 0 19 0 2 0 8 0 10 0 36 0 73 0 86 0 87 0 128 0 122 0 164 0 253 0 333 0 428 0 485 0 481 0 415 0 391 0 283 0 181 0 117 0 
