0 44 98 85 -6 3 16 20

0 80 99 89 -11 7 27 46

0 7 38 49 -1 1 4 0

0 46 96 1 -15 6 11 21

0 57 97 82 -12 7 13 39

0 16 47 69 -13 13 29 19

0 76 86 3 -9 2 15 15

0 55 73 73 -2 0 32 28

0 59 95 73 -19 0 28 1

0 51 91 96 -19 31 33 23

0 45 62 48 -14 7 16 49

0 82 93 21 -3 7 32 6

0 30 93 82 -20 21 28 33

0 75 91 56 -3 1 9 19

0 37 87 95 -10 22 26 16

0 33 91 30 -18 7 30 0

0 17 64 63 -14 2 12 6

0 84 88 21 -4 5 23 1

0 33 81 18 -8 13 33 8

0 49 91 67 -2 0 29 41

0 28 48 44 -3 4 20 41

0 48 54 71 -5 4 29 10

0 55 92 76 -12 10 15 35

0 7 60 86 -19 1 8 19

0 35 86 79 -11 31 46 28

0 32 73 6 -9 8 10 31

0 63 94 64 -10 4 48 12

0 84 88 2 -18 13 19 12

0 39 99 90 -13 0 38 26

0 34 60 52 -3 11 28 29

0 25 38 53 -16 2 5 47

0 31 64 26 -4 3 4 36

0 55 56 55 -18 8 36 19

0 55 78 94 -8 27 39 14

0 37 41 16 -9 31 34 31

0 26 32 26 -6 43 48 7

0 71 95 34 -15 19 28 37

0 32 78 4 -3 13 15 17

0 45 52 13 -10 5 26 39

0 26 92 71 -8 7 43 11

0 40 81 70 -16 21 38 9

0 3 31 75 -17 8 25 22

0 15 27 91 -14 9 21 16

0 45 56 75 -18 9 36 48

0 36 89 23 -1 13 39 43

0 32 72 99 -18 25 30 30

0 7 42 82 -2 21 26 45

0 69 81 87 -7 1 5 42

0 54 80 39 -8 28 34 25

0 50 58 27 -3 23 25 16

0 7 27 72 -13 4 16 17

0 22 81 16 -11 44 46 22

0 31 32 36 -8 8 11 14

0 15 41 27 -15 29 45 28

0 55 81 60 -18 20 25 3

0 10 95 92 -11 12 28 44

0 6 62 90 -12 1 7 47

0 22 43 12 -13 20 44 39

0 6 36 99 -6 22 24 31

0 5 6 3 -16 0 2 15

0 11 74 61 -9 20 23 14

0 76 77 69 -8 0 10 40

0 23 54 36 -19 5 6 47

0 32 49 75 -7 43 48 0

0 3 32 29 -16 23 40 12

0 12 90 17 -5 5 44 15

0 11 45 28 -16 4 17 12

0 33 40 98 -19 5 6 35

0 15 22 60 -16 2 17 28

0 21 33 80 -5 18 40 27

0 26 34 30 -16 3 32 48

0 34 55 1 -6 22 31 18

0 10 49 5 -13 3 49 0

0 13 14 25 -17 9 12 49

0 1 26 92 -11 12 22 12

0 7 13 90 -2 11 44 2

0 46 56 94 -17 11 18 0

0 0 63 52 -4 9 13 25

0 4 27 0 -15 6 7 35

0 4 11 26 -5 10 13 16

0 6 32 44 -18 43 44 29

0 5 9 62 -3 13 48 41

0 21 50 39 -16 3 37 49

0 0 8 9 -16 0 7 34

0 1 5 19 -20 3 23 44

0 2 12 69 -19 22 33 3

0 16 17 40 -9 0 11 17

0 5 20 15 -17 4 19 20

0 3 31 91 -14 4 23 48

0 5 6 55 -19 1 3 35

0 3 12 69 -15 10 15 46

0 6 40 41 -1 6 43 46

0 9 10 78 -18 10 46 46

0 17 27 18 -17 16 20 37

0 12 16 38 -14 5 48 14

0 7 11 81 -10 41 47 20

0 2 28 73 -8 4 44 46

0 11 13 11 -13 3 23 47

0 1 9 15 -13 0 2 42

0 1 2 99 -6 3 12 5


SAlphaB: 710.0, std-dev 263.8061664069728

Earliest win: 37
Latest win: 81

WinDepth:
0 0 0 0 0 0 0 0 0 0 0 0 0 0 0 0 0 0 0 0 0 0 0 0 0 0 0 0 0 0 0 0 0 0 0 0 0 7 0 9 3 7 7 6 14 34 20 42 41 61 77 132 118 119 98 194 147 180 140 189 175 231 297 360 316 396 363 387 386 398 445 460 375 403 367 359 284 240 184 157 97 75 
SAlphaB:
0 0 0 0 0 0 0 0 0 0 0 0 0 0 0 0 0 0 0 0 0 0 0 0 0 0 0 0 0 0 0 0 0 0 0 0 0 7 0 9 3 7 7 6 14 34 20 42 41 61 77 132 118 119 98 194 147 180 140 189 175 231 297 360 316 396 363 387 386 398 445 460 375 403 367 359 284 240 184 157 97 75 

LossDepth:
SAlphaB:
0 0 0 0 0 0 0 0 0 0 0 0 0 0 0 0 0 0 0 0 0 0 0 0 0 0 0 0 0 0 0 0 0 0 0 0 0 7 0 9 3 7 7 6 14 34 20 42 41 61 77 132 118 119 98 194 147 180 140 189 175 231 297 360 316 396 363 387 386 398 445 460 375 403 367 359 284 240 184 157 97 75 

FirstWin:
0 0 0 0 0 0 0 0 0 0 0 0 0 0 0 0 0 0 0 0 0 0 0 0 0 0 0 0 0 0 0 0 0 0 0 0 0 7 0 9 0 7 0 6 0 34 0 42 0 61 0 132 0 119 0 194 0 180 0 189 0 231 0 360 0 396 0 387 0 398 0 460 0 403 0 359 0 240 0 157 0 75 
SAlphaB:
0 0 0 0 0 0 0 0 0 0 0 0 0 0 0 0 0 0 0 0 0 0 0 0 0 0 0 0 0 0 0 0 0 0 0 0 0 7 0 9 0 7 0 6 0 34 0 42 0 61 0 132 0 119 0 194 0 180 0 189 0 231 0 360 0 396 0 387 0 398 0 460 0 403 0 359 0 240 0 157 0 75 

SecondWin:
0 0 0 0 0 0 0 0 0 0 0 0 0 0 0 0 0 0 0 0 0 0 0 0 0 0 0 0 0 0 0 0 0 0 0 0 0 0 0 0 3 0 7 0 14 0 20 0 41 0 77 0 118 0 98 0 147 0 140 0 175 0 297 0 316 0 363 0 386 0 445 0 375 0 367 0 284 0 184 0 97 0 
SAlphaB:
0 0 0 0 0 0 0 0 0 0 0 0 0 0 0 0 0 0 0 0 0 0 0 0 0 0 0 0 0 0 0 0 0 0 0 0 0 0 0 0 3 0 7 0 14 0 20 0 41 0 77 0 118 0 98 0 147 0 140 0 175 0 297 0 316 0 363 0 386 0 445 0 375 0 367 0 284 0 184 0 97 0 
