0 50 87 18 -16 6 15 6

0 68 93 24 -1 13 41 34

0 61 75 60 -14 5 12 26

0 17 76 86 -13 2 4 15

0 35 95 51 -5 11 27 22

0 22 47 79 -13 2 9 7

0 57 69 43 -9 1 33 17

0 22 77 58 -16 0 16 47

0 41 78 91 -3 10 33 14

0 6 65 88 -20 16 34 41

0 24 97 74 -13 4 41 15

0 12 82 97 -9 1 3 27

0 0 73 11 -17 15 40 24

0 43 76 65 -9 0 11 29

0 0 32 82 -6 19 22 1

0 33 95 35 -20 6 8 39

0 3 76 47 -17 11 22 16

0 20 54 79 -2 33 42 1

0 46 73 31 -5 15 46 48

0 23 40 43 -3 5 26 16

0 30 85 32 -5 4 8 25

0 20 46 52 -5 2 3 45

0 20 67 26 -8 12 41 19

0 55 75 31 -17 17 48 2

0 32 89 6 -7 1 4 28

0 36 62 17 -6 9 40 31

0 8 46 89 -1 14 15 22

0 6 78 84 -3 3 33 11

0 18 25 4 -18 28 31 11

0 30 42 53 -3 16 25 21

0 74 77 90 -13 0 1 10

0 32 38 22 -15 1 5 30

0 32 42 33 -2 4 15 46

0 55 99 30 -8 0 1 20

0 35 65 78 -8 29 37 33

0 43 99 39 -18 4 32 1

0 27 34 23 -3 42 45 23

0 6 75 31 -14 5 28 27

0 61 94 14 -4 17 25 44

0 9 38 70 -7 3 27 21

0 82 98 93 -20 34 47 47

0 8 51 60 -4 44 48 2

0 43 50 62 -16 23 46 31

0 13 59 84 -15 5 8 31

0 28 29 53 -11 9 32 47

0 62 83 10 -10 10 12 0

0 47 87 98 -6 23 35 30

0 56 86 68 -14 24 25 25

0 27 45 9 -5 7 18 37

0 18 99 17 -19 11 13 49

0 14 53 18 -8 7 8 35

0 8 65 0 -20 11 18 13

0 20 92 45 -2 18 23 13

0 55 91 7 -15 24 47 18

0 33 41 75 -11 6 10 38

0 39 83 38 -16 26 32 13

0 26 57 0 -12 7 29 17

0 45 49 87 -17 19 23 36

0 19 36 42 -4 1 15 47

0 6 25 38 -11 26 37 23

0 9 14 37 -17 41 46 16

0 5 51 19 -12 29 32 24

0 15 76 92 -9 6 33 11

0 24 35 97 -18 9 24 19

0 2 18 54 -11 9 46 25

0 1 89 0 -20 23 33 1

0 1 20 66 -14 4 5 19

0 13 26 20 -2 2 3 33

0 15 46 13 -13 7 44 31

0 3 51 18 -14 10 38 43

0 5 41 46 -13 43 49 20

0 11 83 18 -1 0 13 49

0 1 5 41 -19 47 49 47

0 72 90 19 -10 13 19 22

0 9 19 11 -6 17 44 25

0 38 46 77 -17 28 40 33

0 67 76 0 -19 37 44 12

0 8 22 80 -15 20 26 36

0 4 49 36 -9 2 4 29

0 0 25 38 -8 32 49 19

0 10 27 11 -11 12 18 34

0 8 28 28 -3 35 39 17

0 1 45 28 -9 14 19 25

0 6 58 99 -2 6 29 47

0 37 66 51 -9 29 32 2

0 7 56 0 -14 2 25 15

0 5 15 75 -17 25 29 21

0 27 40 37 -15 25 30 43

0 2 4 94 -17 34 38 9

0 6 8 60 -19 2 3 9

0 20 35 74 -5 24 29 41

0 3 6 77 -3 0 28 3

0 5 29 28 -16 20 22 49

0 1 5 51 -15 4 11 44

0 4 21 93 -20 10 41 15

0 2 6 27 -13 1 4 5

0 5 11 7 -2 20 29 8

0 9 13 2 -10 24 27 47

0 3 7 13 -20 39 45 3

0 10 21 3 -19 14 19 33


SAlphaB: 708.0, std-dev 262.43495586641285

Earliest win: 37
Latest win: 81

WinDepth:
0 0 0 0 0 0 0 0 0 0 0 0 0 0 0 0 0 0 0 0 0 0 0 0 0 0 0 0 0 0 0 0 0 0 0 0 0 6 2 3 14 5 2 32 8 18 11 24 25 72 83 216 146 107 92 199 117 212 130 180 159 250 180 305 319 337 393 344 471 411 429 398 389 413 418 396 270 213 179 148 84 72 
SAlphaB:
0 0 0 0 0 0 0 0 0 0 0 0 0 0 0 0 0 0 0 0 0 0 0 0 0 0 0 0 0 0 0 0 0 0 0 0 0 6 2 3 14 5 2 32 8 18 11 24 25 72 83 216 146 107 92 199 117 212 130 180 159 250 180 305 319 337 393 344 471 411 429 398 389 413 418 396 270 213 179 148 84 72 

LossDepth:
SAlphaB:
0 0 0 0 0 0 0 0 0 0 0 0 0 0 0 0 0 0 0 0 0 0 0 0 0 0 0 0 0 0 0 0 0 0 0 0 0 6 2 3 14 5 2 32 8 18 11 24 25 72 83 216 146 107 92 199 117 212 130 180 159 250 180 305 319 337 393 344 471 411 429 398 389 413 418 396 270 213 179 148 84 72 

FirstWin:
0 0 0 0 0 0 0 0 0 0 0 0 0 0 0 0 0 0 0 0 0 0 0 0 0 0 0 0 0 0 0 0 0 0 0 0 0 6 0 3 0 5 0 32 0 18 0 24 0 72 0 216 0 107 0 199 0 212 0 180 0 250 0 305 0 337 0 344 0 411 0 398 0 413 0 396 0 213 0 148 0 72 
SAlphaB:
0 0 0 0 0 0 0 0 0 0 0 0 0 0 0 0 0 0 0 0 0 0 0 0 0 0 0 0 0 0 0 0 0 0 0 0 0 6 0 3 0 5 0 32 0 18 0 24 0 72 0 216 0 107 0 199 0 212 0 180 0 250 0 305 0 337 0 344 0 411 0 398 0 413 0 396 0 213 0 148 0 72 

SecondWin:
0 0 0 0 0 0 0 0 0 0 0 0 0 0 0 0 0 0 0 0 0 0 0 0 0 0 0 0 0 0 0 0 0 0 0 0 0 0 2 0 14 0 2 0 8 0 11 0 25 0 83 0 146 0 92 0 117 0 130 0 159 0 180 0 319 0 393 0 471 0 429 0 389 0 418 0 270 0 179 0 84 0 
SAlphaB:
0 0 0 0 0 0 0 0 0 0 0 0 0 0 0 0 0 0 0 0 0 0 0 0 0 0 0 0 0 0 0 0 0 0 0 0 0 0 2 0 14 0 2 0 8 0 11 0 25 0 83 0 146 0 92 0 117 0 130 0 159 0 180 0 319 0 393 0 471 0 429 0 389 0 418 0 270 0 179 0 84 0 
