0 47 87 5 -8 3 11 11

0 60 76 65 -9 3 14 3

0 24 87 45 -17 0 25 2

0 19 93 20 -9 1 20 36

0 75 76 20 -10 3 6 12

0 58 96 3 -17 3 6 49

0 42 67 96 -9 0 28 15

0 83 89 37 -15 13 44 34

0 48 77 49 -8 18 23 43

0 28 33 18 -1 8 9 12

0 22 28 97 -7 3 11 24

0 78 91 69 -12 3 6 29

0 62 68 67 -9 0 12 17

0 22 60 67 -9 15 23 13

0 5 36 74 -18 4 6 25

0 57 86 48 -13 18 36 7

0 27 31 84 -3 19 43 2

0 9 25 26 -7 1 5 17

0 16 30 33 -5 10 20 3

0 87 88 88 -3 11 25 44

0 19 46 20 -17 8 9 12

0 88 99 61 -15 1 28 41

0 4 47 94 -14 6 9 5

0 27 56 77 -10 5 8 25

0 21 24 6 -5 20 33 8

0 12 24 11 -19 6 10 29

0 11 74 7 -2 2 5 29

0 17 61 84 -13 0 6 38

0 15 62 91 -3 1 27 6

0 32 89 9 -17 6 46 26

0 22 75 51 -11 5 15 31

0 42 83 43 -4 14 28 38

0 66 80 69 -16 5 9 38

0 59 76 0 -7 0 1 5

0 35 44 0 -15 7 27 32

0 64 77 36 -13 0 3 42

0 9 27 23 -20 31 39 39

0 59 78 36 -19 14 22 39

0 24 46 64 -9 23 43 13

0 29 34 66 -17 20 37 21

0 13 90 14 -7 9 14 20

0 57 80 4 -2 27 49 35

0 15 17 25 -4 6 17 19

0 10 44 81 -11 0 21 17

0 58 59 58 -8 0 3 39

0 20 27 13 -13 27 31 25

0 30 31 44 -9 6 25 27

0 17 55 57 -13 25 33 27

0 19 88 18 -4 0 25 45

0 43 74 47 -4 29 32 24

0 27 35 74 -9 3 33 42

0 26 90 8 -19 14 15 18

0 3 24 66 -14 10 24 28

0 9 31 67 -19 1 19 15

0 35 46 52 -18 18 49 10

0 14 23 44 -18 36 44 27

0 18 48 61 -7 12 41 17

0 22 25 8 -9 8 24 17

0 15 64 94 -13 5 28 11

0 21 28 16 -19 4 16 22

0 30 66 29 -4 38 47 41

0 26 28 64 -15 3 4 28

0 22 35 46 -7 4 7 29

0 3 4 32 -2 11 24 12

0 21 42 22 -19 7 10 3

0 17 51 95 -17 33 47 31

0 6 33 15 -16 22 28 39

0 29 46 29 -18 36 46 8

0 36 40 57 -8 11 19 27

0 29 32 42 -6 12 47 1

0 1 52 89 -10 11 14 45

0 5 8 14 -16 0 2 3

0 47 56 64 -11 19 44 17

0 4 16 4 -12 15 24 6

0 0 10 70 -14 25 27 42

0 1 93 66 -15 5 25 39

0 18 27 92 -15 1 27 45

0 19 20 79 -1 1 11 48

0 2 4 90 -8 19 23 32

0 6 14 82 -14 13 28 43

0 26 42 98 -19 3 27 8

0 2 42 42 -1 10 24 37

0 13 93 50 -4 31 41 38

0 13 23 20 -15 5 42 21

0 4 5 51 -15 18 22 44

0 9 18 38 -18 5 7 28

0 14 17 39 -7 18 26 31

0 5 7 97 -2 43 49 11

0 6 20 21 -6 9 36 44

0 14 16 37 -1 0 45 24

0 1 16 61 -13 24 26 19

0 5 8 21 -16 37 39 29

0 3 12 98 -18 4 38 32

0 1 8 70 -13 9 20 24

0 17 22 18 -19 10 44 40

0 0 27 67 -14 10 44 0

0 10 12 19 -6 26 47 39

0 3 4 47 -1 25 33 34

0 7 15 10 -2 1 7 47

0 8 9 14 -17 16 32 23


SAlphaB: 718.0, std-dev 263.57481122275533

Earliest win: 37
Latest win: 81

WinDepth:
0 0 0 0 0 0 0 0 0 0 0 0 0 0 0 0 0 0 0 0 0 0 0 0 0 0 0 0 0 0 0 0 0 0 0 0 0 4 0 3 2 5 0 9 4 18 14 46 26 73 61 187 60 105 73 168 126 180 174 171 135 212 229 351 333 343 416 397 397 403 454 416 458 417 437 374 259 247 194 137 102 95 
SAlphaB:
0 0 0 0 0 0 0 0 0 0 0 0 0 0 0 0 0 0 0 0 0 0 0 0 0 0 0 0 0 0 0 0 0 0 0 0 0 4 0 3 2 5 0 9 4 18 14 46 26 73 61 187 60 105 73 168 126 180 174 171 135 212 229 351 333 343 416 397 397 403 454 416 458 417 437 374 259 247 194 137 102 95 

LossDepth:
SAlphaB:
0 0 0 0 0 0 0 0 0 0 0 0 0 0 0 0 0 0 0 0 0 0 0 0 0 0 0 0 0 0 0 0 0 0 0 0 0 4 0 3 2 5 0 9 4 18 14 46 26 73 61 187 60 105 73 168 126 180 174 171 135 212 229 351 333 343 416 397 397 403 454 416 458 417 437 374 259 247 194 137 102 95 

FirstWin:
0 0 0 0 0 0 0 0 0 0 0 0 0 0 0 0 0 0 0 0 0 0 0 0 0 0 0 0 0 0 0 0 0 0 0 0 0 4 0 3 0 5 0 9 0 18 0 46 0 73 0 187 0 105 0 168 0 180 0 171 0 212 0 351 0 343 0 397 0 403 0 416 0 417 0 374 0 247 0 137 0 95 
SAlphaB:
0 0 0 0 0 0 0 0 0 0 0 0 0 0 0 0 0 0 0 0 0 0 0 0 0 0 0 0 0 0 0 0 0 0 0 0 0 4 0 3 0 5 0 9 0 18 0 46 0 73 0 187 0 105 0 168 0 180 0 171 0 212 0 351 0 343 0 397 0 403 0 416 0 417 0 374 0 247 0 137 0 95 

SecondWin:
0 0 0 0 0 0 0 0 0 0 0 0 0 0 0 0 0 0 0 0 0 0 0 0 0 0 0 0 0 0 0 0 0 0 0 0 0 0 0 0 2 0 0 0 4 0 14 0 26 0 61 0 60 0 73 0 126 0 174 0 135 0 229 0 333 0 416 0 397 0 454 0 458 0 437 0 259 0 194 0 102 0 
SAlphaB:
0 0 0 0 0 0 0 0 0 0 0 0 0 0 0 0 0 0 0 0 0 0 0 0 0 0 0 0 0 0 0 0 0 0 0 0 0 0 0 0 2 0 0 0 4 0 14 0 26 0 61 0 60 0 73 0 126 0 174 0 135 0 229 0 333 0 416 0 397 0 454 0 458 0 437 0 259 0 194 0 102 0 
