0 44 88 49 -7 7 21 25

0 24 39 68 -10 3 14 24

0 57 82 86 -5 17 30 4

0 50 77 31 -5 14 32 13

0 72 92 49 -14 5 9 15

0 63 68 11 -17 0 3 5

0 32 70 1 -3 0 5 14

0 36 83 78 -7 1 10 7

0 52 61 39 -2 7 16 7

0 7 70 62 -9 0 1 38

0 16 65 10 -18 1 3 3

0 68 81 69 -18 11 15 29

0 74 77 52 -18 5 21 23

0 55 61 59 -18 0 1 44

0 33 37 96 -6 27 36 18

0 24 67 30 -15 20 48 1

0 62 95 54 -13 1 34 38

0 33 85 51 -8 32 47 32

0 55 94 11 -10 7 40 37

0 30 38 77 -8 4 5 23

0 32 75 45 -14 30 47 13

0 60 89 91 -3 1 10 5

0 70 99 17 -4 14 16 26

0 21 72 50 -5 43 45 48

0 43 71 94 -15 13 20 24

0 41 93 98 -6 0 19 45

0 32 40 64 -6 12 16 6

0 12 77 22 -5 31 35 40

0 41 52 3 -9 7 12 22

0 30 42 23 -4 5 7 15

0 17 49 28 -3 8 24 38

0 36 85 45 -2 3 6 45

0 8 85 25 -14 0 6 29

0 14 90 78 -3 26 30 41

0 8 65 86 -12 35 49 21

0 47 68 50 -4 26 45 46

0 3 54 36 -6 23 29 16

0 75 98 97 -8 13 17 49

0 48 55 17 -12 12 20 20

0 18 25 94 -7 0 1 22

0 27 94 98 -5 23 24 5

0 15 21 11 -4 6 23 9

0 20 60 86 -18 8 13 26

0 19 22 10 -5 32 35 10

0 34 60 85 -12 33 39 30

0 23 39 89 -7 4 5 27

0 20 78 94 -10 13 36 5

0 44 47 99 -15 4 45 3

0 79 91 72 -13 26 44 19

0 35 61 83 -20 10 47 13

0 28 34 97 -11 6 15 41

0 26 47 86 -16 10 25 8

0 13 31 87 -12 0 3 42

0 2 35 32 -1 17 35 18

0 91 99 2 -16 27 47 49

0 10 33 1 -14 13 22 3

0 38 52 78 -14 0 45 1

0 13 37 53 -11 8 14 42

0 18 54 21 -8 7 21 47

0 22 80 93 -20 3 25 20

0 23 28 92 -6 8 26 2

0 28 40 11 -18 12 18 14

0 3 14 14 -7 6 21 29

0 10 44 61 -15 34 37 41

0 21 33 71 -6 0 32 18

0 7 66 14 -13 7 20 6

0 2 13 53 -5 8 18 10

0 57 63 19 -8 22 45 8

0 4 46 4 -17 2 37 27

0 27 93 23 -1 23 39 46

0 22 42 5 -13 4 38 30

0 48 52 87 -17 24 28 20

0 13 48 8 -16 12 47 14

0 66 74 48 -8 45 46 2

0 3 49 51 -11 0 2 26

0 3 44 86 -17 33 40 12

0 4 21 31 -19 1 3 41

0 28 29 4 -18 19 32 43

0 15 20 16 -1 33 47 27

0 7 19 10 -8 13 30 22

0 3 10 71 -9 8 15 25

0 12 20 93 -2 11 24 39

0 0 7 9 -7 32 36 44

0 5 16 65 -13 0 11 41

0 3 10 78 -1 5 18 0

0 2 16 44 -18 2 11 0

0 1 5 82 -7 5 27 22

0 5 10 5 -10 0 11 37

0 3 27 0 -19 30 36 24

0 17 37 4 -15 0 40 38

0 9 30 10 -5 28 35 48

0 13 36 25 -9 9 49 39

0 0 2 46 -6 5 14 20

0 3 15 13 -5 0 16 12

0 31 38 28 -11 10 22 48

0 1 9 23 -8 8 48 48

0 0 3 34 -14 0 16 39

0 0 6 36 -2 31 42 29

0 2 3 40 -2 10 47 39

0 0 4 2 -1 1 49 20


SAlphaB: 707.0, std-dev 263.0387891470754

Earliest win: 37
Latest win: 81

WinDepth:
0 0 0 0 0 0 0 0 0 0 0 0 0 0 0 0 0 0 0 0 0 0 0 0 0 0 0 0 0 0 0 0 0 0 0 0 0 4 0 0 1 6 3 7 16 26 10 31 18 54 106 167 69 112 101 177 141 176 138 189 167 240 236 311 340 349 378 386 478 403 491 477 408 402 386 348 277 233 209 131 118 74 
SAlphaB:
0 0 0 0 0 0 0 0 0 0 0 0 0 0 0 0 0 0 0 0 0 0 0 0 0 0 0 0 0 0 0 0 0 0 0 0 0 4 0 0 1 6 3 7 16 26 10 31 18 54 106 167 69 112 101 177 141 176 138 189 167 240 236 311 340 349 378 386 478 403 491 477 408 402 386 348 277 233 209 131 118 74 

LossDepth:
SAlphaB:
0 0 0 0 0 0 0 0 0 0 0 0 0 0 0 0 0 0 0 0 0 0 0 0 0 0 0 0 0 0 0 0 0 0 0 0 0 4 0 0 1 6 3 7 16 26 10 31 18 54 106 167 69 112 101 177 141 176 138 189 167 240 236 311 340 349 378 386 478 403 491 477 408 402 386 348 277 233 209 131 118 74 

FirstWin:
0 0 0 0 0 0 0 0 0 0 0 0 0 0 0 0 0 0 0 0 0 0 0 0 0 0 0 0 0 0 0 0 0 0 0 0 0 4 0 0 0 6 0 7 0 26 0 31 0 54 0 167 0 112 0 177 0 176 0 189 0 240 0 311 0 349 0 386 0 403 0 477 0 402 0 348 0 233 0 131 0 74 
SAlphaB:
0 0 0 0 0 0 0 0 0 0 0 0 0 0 0 0 0 0 0 0 0 0 0 0 0 0 0 0 0 0 0 0 0 0 0 0 0 4 0 0 0 6 0 7 0 26 0 31 0 54 0 167 0 112 0 177 0 176 0 189 0 240 0 311 0 349 0 386 0 403 0 477 0 402 0 348 0 233 0 131 0 74 

SecondWin:
0 0 0 0 0 0 0 0 0 0 0 0 0 0 0 0 0 0 0 0 0 0 0 0 0 0 0 0 0 0 0 0 0 0 0 0 0 0 0 0 1 0 3 0 16 0 10 0 18 0 106 0 69 0 101 0 141 0 138 0 167 0 236 0 340 0 378 0 478 0 491 0 408 0 386 0 277 0 209 0 118 0 
SAlphaB:
0 0 0 0 0 0 0 0 0 0 0 0 0 0 0 0 0 0 0 0 0 0 0 0 0 0 0 0 0 0 0 0 0 0 0 0 0 0 0 0 1 0 3 0 16 0 10 0 18 0 106 0 69 0 101 0 141 0 138 0 167 0 236 0 340 0 378 0 478 0 491 0 408 0 386 0 277 0 209 0 118 0 
