0 42 48 19 -20 4 13 22

0 51 88 27 -19 8 21 30

0 41 60 84 -20 1 24 49

0 65 97 73 -1 10 31 16

0 49 85 64 -10 7 31 21

0 42 61 48 -13 4 24 9

0 72 88 18 -18 0 25 39

0 44 58 56 -19 8 10 17

0 31 33 29 -15 0 1 14

0 11 47 49 -12 2 5 19

0 35 79 25 -19 0 14 4

0 66 86 11 -10 9 13 6

0 23 53 60 -16 0 1 43

0 24 90 23 -11 1 2 43

0 90 91 51 -12 5 14 9

0 35 63 61 -10 8 15 48

0 65 68 88 -16 5 7 40

0 14 39 99 -8 0 1 26

0 35 48 19 -15 1 2 19

0 18 54 32 -10 8 18 13

0 66 98 89 -19 30 40 29

0 78 87 58 -2 0 36 34

0 17 86 94 -15 11 31 20

0 30 44 69 -3 9 27 36

0 36 50 39 -16 20 33 10

0 27 40 62 -20 18 26 7

0 1 59 41 -7 23 39 33

0 25 39 96 -1 7 14 3

0 31 65 59 -8 5 7 24

0 33 46 22 -14 10 33 42

0 4 34 15 -3 2 12 14

0 9 96 52 -12 44 45 10

0 6 44 66 -17 15 29 23

0 6 57 80 -20 35 40 10

0 4 75 67 -16 37 46 29

0 30 35 51 -10 3 19 13

0 39 44 74 -15 14 43 6

0 15 31 20 -12 10 19 19

0 4 49 14 -16 12 20 11

0 4 51 30 -12 10 31 12

0 24 32 49 -9 9 11 7

0 63 79 97 -12 6 8 41

0 10 66 3 -9 44 46 26

0 9 45 41 -19 0 12 44

0 10 94 72 -9 11 16 40

0 39 41 31 -17 12 35 45

0 53 56 23 -9 4 7 1

0 37 54 61 -5 22 30 15

0 18 35 84 -9 18 20 9

0 36 83 82 -18 2 46 20

0 16 38 3 -8 20 35 12

0 10 72 59 -13 18 48 44

0 3 50 59 -18 4 15 18

0 42 57 11 -14 0 3 3

0 8 50 31 -3 23 37 23

0 56 57 93 -14 10 13 28

0 15 21 98 -1 17 35 12

0 27 40 44 -7 16 21 24

0 32 71 15 -13 4 48 27

0 10 67 15 -15 0 27 10

0 31 44 13 -16 7 49 32

0 67 87 4 -9 6 9 23

0 7 64 14 -14 18 45 10

0 47 61 1 -4 33 47 23

0 5 97 55 -8 4 7 31

0 40 64 90 -14 4 36 4

0 4 83 22 -9 37 41 44

0 50 58 88 -20 38 49 48

0 0 7 96 -11 6 10 5

0 15 27 78 -13 5 10 44

0 49 61 3 -8 32 48 45

0 65 68 67 -6 0 3 31

0 10 18 12 -14 3 16 7

0 28 38 97 -1 4 46 41

0 11 24 87 -19 4 19 7

0 59 83 74 -11 37 47 44

0 8 15 93 -17 6 15 48

0 29 40 60 -3 8 38 30

0 9 12 21 -8 15 39 10

0 14 15 61 -8 17 29 10

0 3 68 50 -20 6 47 5

0 1 3 55 -16 4 19 4

0 10 48 86 -12 3 45 28

0 1 22 52 -6 8 25 46

0 8 41 32 -19 23 46 35

0 18 77 1 -10 4 33 41

0 4 24 22 -15 2 7 35

0 1 3 23 -17 23 39 2

0 6 16 56 -6 11 12 27

0 18 26 3 -3 0 8 36

0 0 25 38 -4 26 27 43

0 8 17 27 -16 24 39 26

0 2 3 57 -19 8 21 46

0 2 5 35 -19 36 47 12

0 0 8 79 -18 1 19 42

0 1 11 93 -10 3 7 35

0 6 12 49 -3 0 18 18

0 1 50 29 -17 18 29 11

0 5 14 27 -11 16 27 42

0 0 9 62 -20 40 41 32


SAlphaB: 719.0, std-dev 262.3346797354844

Earliest win: 37
Latest win: 81

WinDepth:
0 0 0 0 0 0 0 0 0 0 0 0 0 0 0 0 0 0 0 0 0 0 0 0 0 0 0 0 0 0 0 0 0 0 0 0 0 2 0 5 1 3 3 10 3 22 5 25 20 76 63 173 97 121 113 168 133 164 151 176 179 215 207 353 307 371 384 424 468 414 436 439 432 381 440 354 294 243 202 132 103 84 
SAlphaB:
0 0 0 0 0 0 0 0 0 0 0 0 0 0 0 0 0 0 0 0 0 0 0 0 0 0 0 0 0 0 0 0 0 0 0 0 0 2 0 5 1 3 3 10 3 22 5 25 20 76 63 173 97 121 113 168 133 164 151 176 179 215 207 353 307 371 384 424 468 414 436 439 432 381 440 354 294 243 202 132 103 84 

LossDepth:
SAlphaB:
0 0 0 0 0 0 0 0 0 0 0 0 0 0 0 0 0 0 0 0 0 0 0 0 0 0 0 0 0 0 0 0 0 0 0 0 0 2 0 5 1 3 3 10 3 22 5 25 20 76 63 173 97 121 113 168 133 164 151 176 179 215 207 353 307 371 384 424 468 414 436 439 432 381 440 354 294 243 202 132 103 84 

FirstWin:
0 0 0 0 0 0 0 0 0 0 0 0 0 0 0 0 0 0 0 0 0 0 0 0 0 0 0 0 0 0 0 0 0 0 0 0 0 2 0 5 0 3 0 10 0 22 0 25 0 76 0 173 0 121 0 168 0 164 0 176 0 215 0 353 0 371 0 424 0 414 0 439 0 381 0 354 0 243 0 132 0 84 
SAlphaB:
0 0 0 0 0 0 0 0 0 0 0 0 0 0 0 0 0 0 0 0 0 0 0 0 0 0 0 0 0 0 0 0 0 0 0 0 0 2 0 5 0 3 0 10 0 22 0 25 0 76 0 173 0 121 0 168 0 164 0 176 0 215 0 353 0 371 0 424 0 414 0 439 0 381 0 354 0 243 0 132 0 84 

SecondWin:
0 0 0 0 0 0 0 0 0 0 0 0 0 0 0 0 0 0 0 0 0 0 0 0 0 0 0 0 0 0 0 0 0 0 0 0 0 0 0 0 1 0 3 0 3 0 5 0 20 0 63 0 97 0 113 0 133 0 151 0 179 0 207 0 307 0 384 0 468 0 436 0 432 0 440 0 294 0 202 0 103 0 
SAlphaB:
0 0 0 0 0 0 0 0 0 0 0 0 0 0 0 0 0 0 0 0 0 0 0 0 0 0 0 0 0 0 0 0 0 0 0 0 0 0 0 0 1 0 3 0 3 0 5 0 20 0 63 0 97 0 113 0 133 0 151 0 179 0 207 0 307 0 384 0 468 0 436 0 432 0 440 0 294 0 202 0 103 0 
