0 29 75 49 -8 3 9 5

0 61 89 25 -15 3 10 23

0 20 72 30 -12 2 5 4

0 61 90 96 -18 2 16 26

0 25 45 38 -16 0 1 16

0 45 96 13 -14 1 25 22

0 77 99 52 -6 7 27 13

0 43 87 45 -10 0 2 4

0 50 91 31 -12 11 26 22

0 29 96 21 -19 0 1 29

0 41 83 94 -8 4 19 25

0 12 69 72 -4 0 5 9

0 39 42 88 -18 6 11 0

0 55 87 6 -17 9 19 23

0 86 97 90 -2 13 34 7

0 51 75 72 -5 5 21 8

0 44 80 36 -6 2 8 6

0 30 88 88 -1 7 26 16

0 19 94 2 -9 1 10 37

0 47 87 13 -14 5 24 0

0 41 92 25 -17 6 25 9

0 26 61 64 -14 0 4 24

0 51 75 66 -13 11 31 28

0 57 73 28 -7 10 23 12

0 82 87 47 -12 13 39 31

0 43 80 27 -2 3 29 12

0 88 90 81 -3 17 25 1

0 10 77 45 -3 7 9 20

0 30 96 99 -8 2 6 11

0 57 96 99 -7 7 27 22

0 26 42 54 -1 4 13 5

0 47 95 23 -20 7 16 11

0 21 54 27 -14 0 1 30

0 33 61 52 -15 0 5 22

0 19 22 5 -13 0 1 6

0 21 76 68 -16 1 8 21

0 41 82 61 -1 0 10 12

0 35 90 9 -2 6 8 21

0 79 92 22 -20 5 33 2

0 70 80 90 -7 6 20 10

0 42 51 82 -13 5 19 29

0 46 54 72 -8 11 29 19

0 48 97 4 -12 1 2 27

0 40 44 98 -19 7 13 7

0 28 66 99 -15 12 27 27

0 54 88 26 -16 5 37 42

0 91 96 19 -20 1 10 19

0 1 52 57 -1 20 33 12

0 42 50 43 -14 3 7 9

0 33 53 66 -6 2 12 10

0 6 42 81 -5 14 24 6

0 33 39 94 -18 6 9 11

0 51 89 81 -11 10 16 21

0 47 52 89 -7 2 12 8

0 43 75 87 -14 8 30 44

0 24 45 1 -4 0 1 7

0 16 44 21 -19 0 1 20

0 30 34 25 -2 6 8 7

0 32 74 63 -6 5 31 9

0 21 40 67 -10 1 2 7

0 71 97 13 -11 1 19 28

0 30 59 83 -1 9 14 15

0 47 74 39 -19 3 5 28

0 56 59 40 -3 4 33 33

0 84 85 89 -13 4 48 5

0 62 92 92 -16 6 14 33

0 70 83 92 -10 3 13 29

0 95 99 92 -8 7 45 31

0 52 54 83 -18 5 12 12

0 3 78 46 -19 17 37 32

0 59 63 85 -15 11 23 35

0 38 62 65 -11 1 2 2

0 70 99 78 -3 3 38 1

0 18 85 65 -20 1 2 17

0 29 36 27 -6 1 5 13

0 43 99 90 -5 12 47 34

0 24 90 13 -8 0 15 27

0 66 78 58 -11 2 38 11

0 39 52 50 -12 1 5 15

0 38 78 78 -3 18 19 13

0 17 70 75 -14 20 45 23

0 39 75 53 -15 13 42 43

0 7 74 24 -4 9 31 6

0 22 46 62 -4 11 31 14

0 5 30 15 -1 2 3 6

0 37 54 95 -6 7 18 11

0 17 38 55 -8 8 18 13

0 8 99 45 -17 12 47 13

0 42 74 1 -15 15 30 20

0 38 43 82 -7 7 20 15

0 36 70 35 -17 4 21 12

0 25 40 18 -7 3 13 7

0 46 78 90 -19 16 23 48

0 17 90 49 -13 24 36 16

0 8 51 97 -20 12 20 20

0 23 90 38 -1 10 23 39

0 1 56 45 -18 11 12 13

0 6 20 80 -6 7 13 10

0 5 49 95 -15 20 29 3

0 9 97 73 -10 0 2 27


SAlphaB: 763.0, std-dev 267.08343331913227

Earliest win: 35
Latest win: 81

WinDepth:
0 0 0 0 0 0 0 0 0 0 0 0 0 0 0 0 0 0 0 0 0 0 0 0 0 0 0 0 0 0 0 0 0 0 0 3 0 10 1 24 6 37 14 33 16 45 48 145 67 184 168 448 163 329 204 465 371 523 375 499 427 663 617 784 780 882 874 971 1010 963 942 988 899 880 919 741 612 499 374 271 208 142 
SAlphaB:
0 0 0 0 0 0 0 0 0 0 0 0 0 0 0 0 0 0 0 0 0 0 0 0 0 0 0 0 0 0 0 0 0 0 0 3 0 10 1 24 6 37 14 33 16 45 48 145 67 184 168 448 163 329 204 465 371 523 375 499 427 663 617 784 780 882 874 971 1010 963 942 988 899 880 919 741 612 499 374 271 208 142 

LossDepth:
SAlphaB:
0 0 0 0 0 0 0 0 0 0 0 0 0 0 0 0 0 0 0 0 0 0 0 0 0 0 0 0 0 0 0 0 0 0 0 1 0 6 0 15 0 25 9 15 8 23 34 81 37 98 134 192 89 204 144 245 210 331 220 341 293 430 398 601 493 627 660 792 727 793 659 861 677 722 713 689 500 436 321 253 209 148 

FirstWin:
0 0 0 0 0 0 0 0 0 0 0 0 0 0 0 0 0 0 0 0 0 0 0 0 0 0 0 0 0 0 0 0 0 0 0 3 0 10 0 24 0 37 0 33 0 45 0 145 0 184 0 448 0 329 0 465 0 523 0 499 0 663 0 784 0 882 0 971 0 963 0 988 0 880 0 741 0 499 0 271 0 142 
SAlphaB:
0 0 0 0 0 0 0 0 0 0 0 0 0 0 0 0 0 0 0 0 0 0 0 0 0 0 0 0 0 0 0 0 0 0 0 3 0 10 0 24 0 37 0 33 0 45 0 145 0 184 0 448 0 329 0 465 0 523 0 499 0 663 0 784 0 882 0 971 0 963 0 988 0 880 0 741 0 499 0 271 0 142 

SecondWin:
0 0 0 0 0 0 0 0 0 0 0 0 0 0 0 0 0 0 0 0 0 0 0 0 0 0 0 0 0 0 0 0 0 0 0 0 0 0 1 0 6 0 14 0 16 0 48 0 67 0 168 0 163 0 204 0 371 0 375 0 427 0 617 0 780 0 874 0 1010 0 942 0 899 0 919 0 612 0 374 0 208 0 
SAlphaB:
0 0 0 0 0 0 0 0 0 0 0 0 0 0 0 0 0 0 0 0 0 0 0 0 0 0 0 0 0 0 0 0 0 0 0 0 0 0 1 0 6 0 14 0 16 0 48 0 67 0 168 0 163 0 204 0 371 0 375 0 427 0 617 0 780 0 874 0 1010 0 942 0 899 0 919 0 612 0 374 0 208 0 
