0 61 89 25 -15 3 10 23

0 29 75 49 -8 3 9 5

0 19 22 5 -13 0 1 6

0 48 97 4 -12 1 2 27

0 38 62 65 -11 1 2 2

0 26 61 64 -14 0 4 24

0 17 70 75 -14 20 45 23

0 10 77 45 -3 7 9 20

0 25 45 38 -16 0 1 16

0 57 96 99 -7 7 27 22

0 14 65 44 -4 2 11 14

0 12 16 93 -12 0 2 14

0 33 66 70 -2 25 31 23

0 35 97 93 -11 1 4 33

0 75 84 81 -14 15 20 10

0 81 91 45 -10 5 7 30

0 27 99 68 -1 0 11 10

0 48 82 35 -8 4 7 0

0 38 63 63 -20 20 40 16

0 30 33 93 -19 1 14 24

0 57 85 56 -5 3 15 37

0 34 89 14 -18 13 42 37

0 16 53 63 -9 2 4 17

0 27 95 4 -5 4 14 40

0 24 48 95 -19 1 13 34

0 17 30 97 -5 8 15 7

0 20 41 53 -7 0 2 27

0 38 63 32 -1 18 19 20

0 45 57 37 -2 3 7 37

0 29 58 0 -14 4 5 41

0 70 97 60 -10 28 37 26

0 43 65 75 -11 9 22 46

0 26 29 34 -1 6 21 3

0 45 91 36 -16 12 13 9

0 36 70 5 -8 11 27 46

0 43 60 44 -4 1 38 25

0 17 41 98 -19 1 2 48

0 14 68 23 -12 20 49 7

0 2 73 71 -10 5 11 28

0 72 81 34 -1 6 36 24

0 57 65 23 -2 2 4 36

0 14 91 58 -3 25 37 45

0 39 63 92 -8 15 33 45

0 13 96 84 -6 21 27 31

0 3 63 39 -8 27 35 4

0 51 53 0 -11 10 11 26

0 66 72 6 -10 11 14 31

0 45 65 90 -2 26 29 32

0 30 34 71 -9 0 4 30

0 40 41 78 -16 16 39 47

0 16 67 24 -5 42 48 14

0 25 74 66 -19 13 27 36

0 5 68 89 -18 1 2 28

0 40 48 97 -14 14 24 36

0 31 60 9 -6 27 32 29

0 38 83 68 -16 17 26 45

0 77 87 94 -11 37 45 25

0 3 17 63 -14 16 18 14

0 56 77 7 -6 0 4 41

0 22 44 53 -8 33 44 30

0 14 31 45 -12 36 44 37

0 15 95 33 -9 14 24 22

0 49 57 27 -4 19 26 49

0 48 56 93 -13 11 45 35

0 52 92 24 -19 4 42 45

0 3 51 37 -1 4 33 22

0 4 49 87 -18 6 20 47

0 23 28 25 -16 16 42 3

0 14 17 90 -4 15 34 21

0 51 62 5 -15 0 42 46

0 19 26 81 -6 29 44 7

0 36 43 18 -6 25 29 5

0 19 93 44 -4 28 38 38

0 8 28 51 -17 0 5 47

0 8 51 52 -7 16 22 38

0 26 28 16 -11 0 1 42

0 6 39 37 -13 22 45 36

0 2 22 92 -20 7 43 10

0 11 81 34 -17 8 14 36

0 67 83 86 -18 32 42 47

0 19 22 67 -18 17 35 35

0 29 36 87 -10 12 13 33

0 8 19 6 -19 5 17 8

0 2 53 73 -15 0 3 44

0 4 16 45 -18 30 32 18

0 1 40 84 -12 26 36 36

0 14 75 58 -7 15 21 0

0 1 3 21 -8 6 28 1

0 6 20 2 -15 5 43 7

0 10 17 25 -6 3 14 26

0 0 8 67 -4 30 39 31

0 4 13 85 -19 20 33 22

0 8 17 49 -7 8 27 39

0 0 8 33 -5 8 27 25

0 3 9 22 -18 2 17 29

0 12 13 13 -5 12 18 22

0 5 15 65 -11 16 21 1

0 2 11 3 -3 5 13 34

0 1 13 19 -6 8 9 39

0 6 8 39 -2 30 35 48


SAlphaB: 693.0, std-dev 265.7961599353227

Earliest win: 35
Latest win: 81

WinDepth:
0 0 0 0 0 0 0 0 0 0 0 0 0 0 0 0 0 0 0 0 0 0 0 0 0 0 0 0 0 0 0 0 0 0 0 1 0 5 3 0 2 10 6 17 11 25 17 47 36 99 56 172 72 176 91 158 128 194 165 197 174 265 207 302 315 336 399 401 440 443 426 427 417 422 408 397 287 235 185 152 106 86 
SAlphaB:
0 0 0 0 0 0 0 0 0 0 0 0 0 0 0 0 0 0 0 0 0 0 0 0 0 0 0 0 0 0 0 0 0 0 0 1 0 5 3 0 2 10 6 17 11 25 17 47 36 99 56 172 72 176 91 158 128 194 165 197 174 265 207 302 315 336 399 401 440 443 426 427 417 422 408 397 287 235 185 152 106 86 

LossDepth:
SAlphaB:
0 0 0 0 0 0 0 0 0 0 0 0 0 0 0 0 0 0 0 0 0 0 0 0 0 0 0 0 0 0 0 0 0 0 0 1 0 5 3 0 2 10 6 17 11 25 17 47 36 99 56 172 72 176 91 158 128 194 165 197 174 265 207 302 315 336 399 401 440 443 426 427 417 422 408 397 287 235 185 152 106 86 

FirstWin:
0 0 0 0 0 0 0 0 0 0 0 0 0 0 0 0 0 0 0 0 0 0 0 0 0 0 0 0 0 0 0 0 0 0 0 1 0 5 0 0 0 10 0 17 0 25 0 47 0 99 0 172 0 176 0 158 0 194 0 197 0 265 0 302 0 336 0 401 0 443 0 427 0 422 0 397 0 235 0 152 0 86 
SAlphaB:
0 0 0 0 0 0 0 0 0 0 0 0 0 0 0 0 0 0 0 0 0 0 0 0 0 0 0 0 0 0 0 0 0 0 0 1 0 5 0 0 0 10 0 17 0 25 0 47 0 99 0 172 0 176 0 158 0 194 0 197 0 265 0 302 0 336 0 401 0 443 0 427 0 422 0 397 0 235 0 152 0 86 

SecondWin:
0 0 0 0 0 0 0 0 0 0 0 0 0 0 0 0 0 0 0 0 0 0 0 0 0 0 0 0 0 0 0 0 0 0 0 0 0 0 3 0 2 0 6 0 11 0 17 0 36 0 56 0 72 0 91 0 128 0 165 0 174 0 207 0 315 0 399 0 440 0 426 0 417 0 408 0 287 0 185 0 106 0 
SAlphaB:
0 0 0 0 0 0 0 0 0 0 0 0 0 0 0 0 0 0 0 0 0 0 0 0 0 0 0 0 0 0 0 0 0 0 0 0 0 0 3 0 2 0 6 0 11 0 17 0 36 0 56 0 72 0 91 0 128 0 165 0 174 0 207 0 315 0 399 0 440 0 426 0 417 0 408 0 287 0 185 0 106 0 
