0 61 90 96 -18 2 16 26

0 59 63 85 -15 11 23 35

0 62 92 92 -16 6 14 33

0 39 75 53 -15 13 42 43

0 1 52 57 -1 20 33 12

0 39 52 50 -12 1 5 15

0 79 92 22 -20 5 33 2

0 19 94 2 -9 1 10 37

0 91 96 19 -20 1 10 19

0 23 90 38 -1 10 23 39

0 63 94 65 -9 3 13 28

0 53 60 69 -4 18 23 3

0 28 95 1 -1 8 28 10

0 44 72 52 -1 7 20 34

0 32 66 55 -8 37 48 19

0 22 86 31 -11 8 15 26

0 71 73 81 -7 9 10 15

0 43 62 57 -16 9 11 36

0 37 64 49 -12 21 40 49

0 20 40 62 -12 1 3 31

0 65 66 40 -10 2 27 22

0 30 62 80 -15 27 46 16

0 50 77 67 -11 1 24 46

0 42 50 90 -8 10 13 13

0 17 94 36 -2 10 23 35

0 41 86 30 -3 14 16 17

0 36 81 2 -3 16 33 24

0 22 41 20 -7 4 5 46

0 39 50 27 -1 22 35 15

0 29 71 4 -8 3 5 26

0 51 52 14 -3 8 15 8

0 41 50 30 -12 0 6 7

0 25 49 78 -7 13 45 28

0 60 92 41 -18 18 29 13

0 68 96 96 -19 10 13 45

0 7 62 87 -3 0 9 35

0 27 44 64 -10 18 24 7

0 28 44 22 -14 4 5 16

0 29 49 97 -4 0 24 38

0 16 67 61 -9 12 18 37

0 13 27 0 -7 4 6 5

0 9 66 53 -6 4 9 16

0 27 48 6 -14 20 28 10

0 7 55 54 -18 0 11 29

0 43 87 50 -18 16 41 4

0 18 38 98 -13 13 16 22

0 4 45 54 -4 0 16 24

0 8 31 54 -13 7 23 44

0 7 62 9 -8 22 36 31

0 9 43 72 -7 9 11 49

0 8 14 72 -15 0 1 9

0 3 80 50 -7 30 44 34

0 21 33 74 -14 5 30 16

0 24 36 68 -10 2 28 29

0 48 84 9 -4 12 18 47

0 1 5 63 -4 27 42 20

0 29 41 8 -3 10 24 27

0 32 86 90 -8 30 43 44

0 9 52 41 -15 13 22 35

0 7 20 51 -15 19 44 29

0 42 44 16 -9 10 32 0

0 3 31 89 -17 8 12 17

0 19 26 18 -5 1 7 35

0 13 67 41 -19 8 32 5

0 9 72 72 -16 3 8 39

0 77 80 83 -8 37 49 35

0 18 30 92 -3 19 45 21

0 75 93 16 -19 30 46 13

0 2 19 27 -14 5 6 20

0 26 57 53 -17 17 24 22

0 22 93 6 -15 13 16 7

0 1 32 48 -13 1 13 8

0 16 34 77 -15 1 12 46

0 11 23 29 -18 0 19 15

0 19 43 71 -9 5 32 43

0 3 11 65 -17 2 25 5

0 70 81 76 -16 42 47 25

0 4 94 90 -8 6 33 45

0 22 52 29 -4 5 22 48

0 4 77 34 -8 1 25 27

0 11 14 74 -1 8 12 37

0 11 30 91 -2 5 25 37

0 5 10 52 -16 8 46 20

0 0 8 51 -20 2 4 39

0 2 13 50 -9 15 36 34

0 0 3 90 -6 17 33 27

0 9 20 89 -9 2 19 47

0 2 19 26 -12 37 41 46

0 2 5 95 -3 17 25 23

0 18 22 10 -2 7 41 21

0 15 38 33 -1 20 26 49

0 3 8 50 -10 29 45 11

0 4 16 17 -6 9 42 36

0 28 43 49 -9 23 25 1

0 9 16 63 -19 14 27 24

0 10 21 66 -2 2 18 34

0 5 21 93 -17 15 18 3

0 5 8 12 -19 4 28 33

0 5 6 26 -12 1 11 43

0 5 11 80 -2 2 13 47


SAlphaB: 721.0, std-dev 272.30875181148934

Earliest win: 37
Latest win: 81

WinDepth:
0 0 0 0 0 0 0 0 0 0 0 0 0 0 0 0 0 0 0 0 0 0 0 0 0 0 0 0 0 0 0 0 0 0 0 0 0 1 0 5 0 12 0 17 7 27 11 43 53 59 56 193 64 89 104 205 124 208 123 177 201 226 247 343 325 355 361 445 432 458 453 454 421 403 404 377 268 248 163 146 109 76 
SAlphaB:
0 0 0 0 0 0 0 0 0 0 0 0 0 0 0 0 0 0 0 0 0 0 0 0 0 0 0 0 0 0 0 0 0 0 0 0 0 1 0 5 0 12 0 17 7 27 11 43 53 59 56 193 64 89 104 205 124 208 123 177 201 226 247 343 325 355 361 445 432 458 453 454 421 403 404 377 268 248 163 146 109 76 

LossDepth:
SAlphaB:
0 0 0 0 0 0 0 0 0 0 0 0 0 0 0 0 0 0 0 0 0 0 0 0 0 0 0 0 0 0 0 0 0 0 0 0 0 1 0 5 0 12 0 17 7 27 11 43 53 59 56 193 64 89 104 205 124 208 123 177 201 226 247 343 325 355 361 445 432 458 453 454 421 403 404 377 268 248 163 146 109 76 

FirstWin:
0 0 0 0 0 0 0 0 0 0 0 0 0 0 0 0 0 0 0 0 0 0 0 0 0 0 0 0 0 0 0 0 0 0 0 0 0 1 0 5 0 12 0 17 0 27 0 43 0 59 0 193 0 89 0 205 0 208 0 177 0 226 0 343 0 355 0 445 0 458 0 454 0 403 0 377 0 248 0 146 0 76 
SAlphaB:
0 0 0 0 0 0 0 0 0 0 0 0 0 0 0 0 0 0 0 0 0 0 0 0 0 0 0 0 0 0 0 0 0 0 0 0 0 1 0 5 0 12 0 17 0 27 0 43 0 59 0 193 0 89 0 205 0 208 0 177 0 226 0 343 0 355 0 445 0 458 0 454 0 403 0 377 0 248 0 146 0 76 

SecondWin:
0 0 0 0 0 0 0 0 0 0 0 0 0 0 0 0 0 0 0 0 0 0 0 0 0 0 0 0 0 0 0 0 0 0 0 0 0 0 0 0 0 0 0 0 7 0 11 0 53 0 56 0 64 0 104 0 124 0 123 0 201 0 247 0 325 0 361 0 432 0 453 0 421 0 404 0 268 0 163 0 109 0 
SAlphaB:
0 0 0 0 0 0 0 0 0 0 0 0 0 0 0 0 0 0 0 0 0 0 0 0 0 0 0 0 0 0 0 0 0 0 0 0 0 0 0 0 0 0 0 0 7 0 11 0 53 0 56 0 64 0 104 0 124 0 123 0 201 0 247 0 325 0 361 0 432 0 453 0 421 0 404 0 268 0 163 0 109 0 
