0 50 91 31 -12 11 26 22

0 6 42 81 -5 14 24 6

0 88 90 81 -3 17 25 1

0 42 74 1 -15 15 30 20

0 41 82 61 -1 0 10 12

0 47 95 23 -20 7 16 11

0 86 97 90 -2 13 34 7

0 42 50 43 -14 3 7 9

0 16 44 21 -19 0 1 20

0 38 78 78 -3 18 19 13

0 52 66 37 -18 4 21 9

0 79 95 67 -6 19 26 28

0 54 67 3 -19 10 20 7

0 37 89 65 -5 2 7 20

0 36 69 47 -11 3 25 35

0 7 52 72 -2 4 8 31

0 52 74 20 -5 9 17 2

0 74 78 64 -11 1 30 49

0 46 92 28 -1 0 2 4

0 48 69 92 -14 8 30 5

0 30 33 28 -10 0 6 33

0 58 76 66 -19 5 7 7

0 54 87 61 -3 4 7 24

0 17 71 54 -6 0 18 8

0 48 81 38 -16 11 47 22

0 6 83 31 -5 0 25 9

0 70 99 37 -9 4 5 19

0 22 50 7 -7 43 45 21

0 29 42 79 -2 4 8 32

0 62 88 36 -17 0 2 13

0 14 69 35 -13 0 3 48

0 61 83 64 -11 1 40 35

0 3 64 56 -13 4 7 32

0 41 68 13 -2 13 14 39

0 56 57 0 -14 8 38 31

0 50 74 64 -8 9 11 9

0 22 63 96 -5 26 44 6

0 9 50 15 -9 10 20 21

0 53 89 30 -17 1 5 47

0 2 98 33 -16 9 35 18

0 20 80 97 -17 1 5 45

0 25 98 89 -4 17 19 30

0 13 56 61 -17 24 41 7

0 27 35 24 -15 8 18 29

0 11 32 38 -3 9 25 18

0 12 47 77 -14 1 16 16

0 32 41 4 -10 43 47 18

0 2 32 97 -17 0 1 4

0 7 59 45 -10 17 32 33

0 78 89 79 -11 33 46 2

0 47 80 65 -7 21 39 25

0 31 34 28 -11 21 45 16

0 44 62 2 -14 45 47 17

0 23 58 10 -15 22 49 18

0 2 32 20 -19 0 3 35

0 1 33 78 -6 18 30 20

0 8 11 84 -14 9 39 29

0 1 47 15 -12 28 36 37

0 18 35 69 -6 9 11 34

0 15 22 17 -17 4 25 4

0 23 44 95 -20 6 9 11

0 29 42 9 -18 1 38 44

0 11 52 64 -7 1 3 46

0 18 62 93 -11 32 43 41

0 17 86 69 -13 15 34 47

0 13 24 4 -14 22 26 32

0 25 34 17 -6 2 22 42

0 36 51 37 -6 19 25 8

0 16 31 8 -1 4 9 35

0 47 49 14 -4 29 38 25

0 8 18 97 -5 15 27 7

0 23 24 82 -7 20 41 18

0 30 63 29 -2 40 48 49

0 6 19 28 -15 18 33 16

0 15 16 23 -13 10 24 38

0 16 30 32 -9 6 37 6

0 6 10 95 -18 7 18 34

0 2 14 11 -16 0 5 3

0 9 48 23 -11 37 43 4

0 37 56 74 -3 0 3 41

0 3 14 96 -9 14 26 27

0 13 15 88 -9 45 48 44

0 22 53 1 -16 15 25 15

0 1 14 75 -9 1 2 25

0 11 13 98 -5 12 27 6

0 3 23 6 -5 6 39 21

0 1 7 12 -20 0 1 4

0 0 1 97 -2 0 3 6

0 8 32 11 -20 16 36 48

0 0 1 0 -10 2 3 18

0 1 2 48 -19 6 35 18

0 2 3 47 -5 1 14 22

0 1 14 4 -9 23 45 18

0 21 53 16 -3 7 38 41

0 1 8 28 -11 2 4 29

0 22 35 28 -13 2 42 48

0 2 11 83 -13 7 28 45

0 7 15 82 -3 29 38 48

0 11 22 33 -3 28 48 40

0 3 4 7 -20 13 23 40


SAlphaB: 691.0, std-dev 261.6750503385773

Earliest win: 35
Latest win: 81

WinDepth:
0 0 0 0 0 0 0 0 0 0 0 0 0 0 0 0 0 0 0 0 0 0 0 0 0 0 0 0 0 0 0 0 0 0 0 3 0 0 0 3 11 9 1 14 3 28 13 35 18 45 27 150 53 133 68 169 122 197 153 179 169 268 233 326 316 378 379 380 437 409 462 449 400 426 391 417 261 283 179 150 100 83 
SAlphaB:
0 0 0 0 0 0 0 0 0 0 0 0 0 0 0 0 0 0 0 0 0 0 0 0 0 0 0 0 0 0 0 0 0 0 0 3 0 0 0 3 11 9 1 14 3 28 13 35 18 45 27 150 53 133 68 169 122 197 153 179 169 268 233 326 316 378 379 380 437 409 462 449 400 426 391 417 261 283 179 150 100 83 

LossDepth:
SAlphaB:
0 0 0 0 0 0 0 0 0 0 0 0 0 0 0 0 0 0 0 0 0 0 0 0 0 0 0 0 0 0 0 0 0 0 0 3 0 0 0 3 11 9 1 14 3 28 13 35 18 45 27 150 53 133 68 169 122 197 153 179 169 268 233 326 316 378 379 380 437 409 462 449 400 426 391 417 261 283 179 150 100 83 

FirstWin:
0 0 0 0 0 0 0 0 0 0 0 0 0 0 0 0 0 0 0 0 0 0 0 0 0 0 0 0 0 0 0 0 0 0 0 3 0 0 0 3 0 9 0 14 0 28 0 35 0 45 0 150 0 133 0 169 0 197 0 179 0 268 0 326 0 378 0 380 0 409 0 449 0 426 0 417 0 283 0 150 0 83 
SAlphaB:
0 0 0 0 0 0 0 0 0 0 0 0 0 0 0 0 0 0 0 0 0 0 0 0 0 0 0 0 0 0 0 0 0 0 0 3 0 0 0 3 0 9 0 14 0 28 0 35 0 45 0 150 0 133 0 169 0 197 0 179 0 268 0 326 0 378 0 380 0 409 0 449 0 426 0 417 0 283 0 150 0 83 

SecondWin:
0 0 0 0 0 0 0 0 0 0 0 0 0 0 0 0 0 0 0 0 0 0 0 0 0 0 0 0 0 0 0 0 0 0 0 0 0 0 0 0 11 0 1 0 3 0 13 0 18 0 27 0 53 0 68 0 122 0 153 0 169 0 233 0 316 0 379 0 437 0 462 0 400 0 391 0 261 0 179 0 100 0 
SAlphaB:
0 0 0 0 0 0 0 0 0 0 0 0 0 0 0 0 0 0 0 0 0 0 0 0 0 0 0 0 0 0 0 0 0 0 0 0 0 0 0 0 11 0 1 0 3 0 13 0 18 0 27 0 53 0 68 0 122 0 153 0 169 0 233 0 316 0 379 0 437 0 462 0 400 0 391 0 261 0 179 0 100 0 
