0 57 73 28 -7 10 23 12

0 51 75 66 -13 11 31 28

0 43 80 27 -2 3 29 12

0 38 43 82 -7 7 20 15

0 25 40 18 -7 3 13 7

0 41 92 25 -17 6 25 9

0 71 97 13 -11 1 19 28

0 42 51 82 -13 5 19 29

0 84 85 89 -13 4 48 5

0 54 88 26 -16 5 37 42

0 29 58 4 -19 1 20 39

0 90 95 83 -13 24 44 28

0 22 27 58 -15 2 5 12

0 13 48 92 -8 26 37 20

0 14 75 46 -15 37 40 18

0 39 79 77 -14 14 45 16

0 17 26 24 -2 14 27 2

0 14 68 24 -6 7 15 4

0 20 25 58 -10 23 31 27

0 22 47 39 -18 12 17 5

0 53 68 72 -17 29 46 7

0 79 99 38 -15 14 18 2

0 28 49 98 -19 0 12 41

0 48 72 94 -4 28 46 1

0 15 51 60 -16 18 29 5

0 36 81 96 -11 1 4 32

0 53 59 51 -18 1 3 43

0 13 28 46 -15 9 12 7

0 52 89 42 -13 2 26 47

0 68 97 14 -2 37 38 37

0 90 96 44 -10 2 23 25

0 44 80 67 -16 1 3 36

0 19 43 68 -17 35 36 19

0 0 79 60 -13 36 40 39

0 14 76 91 -4 18 43 31

0 81 97 55 -14 32 33 7

0 31 68 32 -7 1 29 5

0 56 58 82 -5 1 3 17

0 7 61 40 -14 0 10 17

0 34 96 39 -1 0 5 9

0 33 44 54 -17 3 4 41

0 64 89 41 -4 0 3 24

0 52 54 73 -20 22 25 47

0 49 63 7 -19 42 44 23

0 20 89 46 -20 6 19 42

0 32 80 50 -5 3 4 36

0 36 69 92 -6 4 47 21

0 43 48 23 -12 27 36 14

0 41 57 4 -19 26 29 9

0 12 51 52 -5 42 49 45

0 8 13 93 -16 7 8 1

0 20 43 59 -8 4 18 19

0 4 11 14 -15 1 7 4

0 74 98 29 -1 40 42 47

0 45 49 17 -12 33 44 6

0 5 17 78 -16 4 34 24

0 7 48 5 -6 0 12 19

0 11 85 47 -13 1 26 9

0 9 40 58 -3 6 35 4

0 28 67 34 -16 28 40 36

0 50 73 27 -3 0 1 24

0 31 38 23 -15 24 38 26

0 14 72 90 -10 16 19 44

0 8 39 29 -17 13 39 21

0 7 12 84 -6 0 25 2

0 21 67 40 -5 0 3 38

0 27 58 38 -11 20 29 32

0 24 43 91 -12 11 38 24

0 10 33 35 -9 0 8 36

0 23 87 62 -9 1 43 18

0 9 18 95 -19 8 48 14

0 12 75 32 -2 12 26 34

0 23 35 79 -17 8 38 17

0 6 20 93 -19 14 16 49

0 14 78 28 -19 18 47 38

0 5 47 84 -8 1 46 34

0 0 21 46 -19 5 38 37

0 19 20 81 -5 4 14 20

0 5 34 83 -16 1 2 27

0 0 12 54 -6 27 42 25

0 5 14 38 -1 7 27 13

0 2 16 58 -5 1 31 35

0 32 40 78 -12 13 46 4

0 2 22 20 -2 23 25 15

0 2 25 93 -18 0 30 14

0 7 27 11 -20 32 48 35

0 0 6 44 -12 3 5 24

0 0 23 64 -4 13 27 45

0 7 23 0 -12 7 13 16

0 0 1 89 -5 41 48 40

0 4 9 95 -19 2 15 33

0 14 18 81 -15 9 34 13

0 7 10 47 -11 8 13 23

0 3 13 88 -13 6 30 31

0 0 1 81 -8 13 37 44

0 2 12 2 -7 1 49 42

0 5 32 43 -14 28 40 9

0 6 8 77 -3 6 27 41

0 5 28 6 -20 11 19 34

0 4 5 28 -6 25 31 44


SAlphaB: 723.0, std-dev 255.6570681893061

Earliest win: 37
Latest win: 81

WinDepth:
0 0 0 0 0 0 0 0 0 0 0 0 0 0 0 0 0 0 0 0 0 0 0 0 0 0 0 0 0 0 0 0 0 0 0 0 0 3 0 3 27 5 2 33 0 14 18 48 30 56 96 160 104 105 84 135 128 160 162 229 166 249 229 341 328 347 452 363 450 360 520 431 396 422 387 368 248 251 169 135 107 82 
SAlphaB:
0 0 0 0 0 0 0 0 0 0 0 0 0 0 0 0 0 0 0 0 0 0 0 0 0 0 0 0 0 0 0 0 0 0 0 0 0 3 0 3 27 5 2 33 0 14 18 48 30 56 96 160 104 105 84 135 128 160 162 229 166 249 229 341 328 347 452 363 450 360 520 431 396 422 387 368 248 251 169 135 107 82 

LossDepth:
SAlphaB:
0 0 0 0 0 0 0 0 0 0 0 0 0 0 0 0 0 0 0 0 0 0 0 0 0 0 0 0 0 0 0 0 0 0 0 0 0 3 0 3 27 5 2 33 0 14 18 48 30 56 96 160 104 105 84 135 128 160 162 229 166 249 229 341 328 347 452 363 450 360 520 431 396 422 387 368 248 251 169 135 107 82 

FirstWin:
0 0 0 0 0 0 0 0 0 0 0 0 0 0 0 0 0 0 0 0 0 0 0 0 0 0 0 0 0 0 0 0 0 0 0 0 0 3 0 3 0 5 0 33 0 14 0 48 0 56 0 160 0 105 0 135 0 160 0 229 0 249 0 341 0 347 0 363 0 360 0 431 0 422 0 368 0 251 0 135 0 82 
SAlphaB:
0 0 0 0 0 0 0 0 0 0 0 0 0 0 0 0 0 0 0 0 0 0 0 0 0 0 0 0 0 0 0 0 0 0 0 0 0 3 0 3 0 5 0 33 0 14 0 48 0 56 0 160 0 105 0 135 0 160 0 229 0 249 0 341 0 347 0 363 0 360 0 431 0 422 0 368 0 251 0 135 0 82 

SecondWin:
0 0 0 0 0 0 0 0 0 0 0 0 0 0 0 0 0 0 0 0 0 0 0 0 0 0 0 0 0 0 0 0 0 0 0 0 0 0 0 0 27 0 2 0 0 0 18 0 30 0 96 0 104 0 84 0 128 0 162 0 166 0 229 0 328 0 452 0 450 0 520 0 396 0 387 0 248 0 169 0 107 0 
SAlphaB:
0 0 0 0 0 0 0 0 0 0 0 0 0 0 0 0 0 0 0 0 0 0 0 0 0 0 0 0 0 0 0 0 0 0 0 0 0 0 0 0 27 0 2 0 0 0 18 0 30 0 96 0 104 0 84 0 128 0 162 0 166 0 229 0 328 0 452 0 450 0 520 0 396 0 387 0 248 0 169 0 107 0 
