0 70 99 78 -3 3 38 1

0 33 53 66 -6 2 12 10

0 70 80 90 -7 6 20 10

0 47 74 39 -19 3 5 28

0 21 40 67 -10 1 2 7

0 39 42 88 -18 6 11 0

0 7 74 24 -4 9 31 6

0 30 59 83 -1 9 14 15

0 1 56 45 -18 11 12 13

0 9 97 73 -10 0 2 27

0 11 53 11 -7 1 5 22

0 36 74 44 -13 0 1 6

0 0 67 45 -11 8 23 10

0 19 58 14 -15 6 13 24

0 62 63 71 -6 2 5 8

0 23 79 74 -5 5 12 22

0 81 87 7 -5 19 49 24

0 71 94 12 -10 3 7 40

0 25 90 57 -14 7 14 10

0 42 83 20 -4 7 46 38

0 21 79 41 -10 7 17 29

0 93 94 84 -18 13 41 3

0 80 81 18 -18 0 23 7

0 33 62 15 -4 17 43 20

0 47 73 12 -20 9 11 5

0 15 71 51 -4 19 44 37

0 51 65 70 -16 19 25 32

0 7 40 62 -7 27 41 43

0 13 73 21 -18 1 8 25

0 17 54 52 -20 9 23 30

0 82 88 4 -15 25 32 36

0 7 60 77 -9 21 41 30

0 4 37 51 -4 0 3 36

0 9 50 73 -10 20 27 45

0 17 20 59 -17 11 22 5

0 82 84 64 -2 0 1 27

0 64 95 56 -16 19 34 6

0 48 93 1 -14 20 38 22

0 2 71 6 -7 6 45 5

0 43 63 75 -17 41 48 11

0 70 87 45 -3 21 23 45

0 25 57 98 -15 9 10 1

0 14 39 29 -1 18 22 4

0 39 46 76 -8 4 5 11

0 65 68 47 -12 25 45 2

0 23 26 62 -8 23 29 28

0 42 55 59 -4 43 49 12

0 37 50 87 -7 13 49 34

0 74 83 28 -20 6 49 7

0 16 77 5 -20 1 6 44

0 49 53 31 -8 15 41 33

0 46 75 34 -4 25 33 47

0 18 28 37 -7 2 4 20

0 56 61 21 -5 10 14 26

0 48 70 61 -2 0 2 46

0 37 45 97 -2 5 7 49

0 14 28 1 -11 0 13 18

0 4 13 11 -10 8 35 8

0 13 28 77 -7 16 24 11

0 4 51 1 -20 28 30 13

0 4 33 67 -14 0 2 0

0 12 31 30 -17 16 35 37

0 6 89 9 -17 1 2 42

0 1 9 81 -7 8 27 49

0 4 78 45 -7 27 39 37

0 19 39 54 -19 11 32 11

0 41 46 87 -3 15 25 44

0 12 22 51 -7 4 14 48

0 26 35 67 -9 9 32 0

0 5 58 43 -6 44 46 11

0 8 67 25 -4 41 46 35

0 4 6 71 -15 5 10 15

0 1 41 17 -9 3 13 47

0 1 8 62 -1 29 31 14

0 6 16 84 -18 10 38 33

0 19 73 93 -14 9 14 47

0 0 26 85 -3 17 42 28

0 12 13 14 -1 11 12 21

0 9 23 48 -1 1 24 32

0 2 8 78 -3 0 4 46

0 8 11 77 -3 18 19 17

0 12 16 57 -14 9 15 15

0 1 20 10 -4 8 24 27

0 1 5 38 -2 35 48 23

0 7 26 55 -6 12 16 38

0 12 23 65 -19 9 11 5

0 13 26 67 -4 16 48 42

0 0 28 24 -14 17 45 33

0 7 14 57 -9 28 35 5

0 7 17 0 -3 4 14 34

0 9 31 98 -18 30 42 21

0 19 23 47 -11 1 19 33

0 4 8 34 -5 36 38 41

0 1 25 50 -13 28 32 19

0 5 11 59 -11 12 16 45

0 5 7 77 -10 21 27 3

0 7 11 31 -17 3 8 31

0 6 64 75 -5 7 41 43

0 4 6 50 -9 2 4 30

0 6 13 33 -8 13 18 48


SAlphaB: 683.0, std-dev 273.7928559692491

Earliest win: 37
Latest win: 81

WinDepth:
0 0 0 0 0 0 0 0 0 0 0 0 0 0 0 0 0 0 0 0 0 0 0 0 0 0 0 0 0 0 0 0 0 0 0 0 0 4 1 4 18 27 13 9 10 17 15 39 19 85 57 152 120 104 82 198 99 176 132 185 156 232 215 337 283 330 415 380 526 409 472 458 376 382 389 326 235 283 195 141 101 61 
SAlphaB:
0 0 0 0 0 0 0 0 0 0 0 0 0 0 0 0 0 0 0 0 0 0 0 0 0 0 0 0 0 0 0 0 0 0 0 0 0 4 1 4 18 27 13 9 10 17 15 39 19 85 57 152 120 104 82 198 99 176 132 185 156 232 215 337 283 330 415 380 526 409 472 458 376 382 389 326 235 283 195 141 101 61 

LossDepth:
SAlphaB:
0 0 0 0 0 0 0 0 0 0 0 0 0 0 0 0 0 0 0 0 0 0 0 0 0 0 0 0 0 0 0 0 0 0 0 0 0 4 1 4 18 27 13 9 10 17 15 39 19 85 57 152 120 104 82 198 99 176 132 185 156 232 215 337 283 330 415 380 526 409 472 458 376 382 389 326 235 283 195 141 101 61 

FirstWin:
0 0 0 0 0 0 0 0 0 0 0 0 0 0 0 0 0 0 0 0 0 0 0 0 0 0 0 0 0 0 0 0 0 0 0 0 0 4 0 4 0 27 0 9 0 17 0 39 0 85 0 152 0 104 0 198 0 176 0 185 0 232 0 337 0 330 0 380 0 409 0 458 0 382 0 326 0 283 0 141 0 61 
SAlphaB:
0 0 0 0 0 0 0 0 0 0 0 0 0 0 0 0 0 0 0 0 0 0 0 0 0 0 0 0 0 0 0 0 0 0 0 0 0 4 0 4 0 27 0 9 0 17 0 39 0 85 0 152 0 104 0 198 0 176 0 185 0 232 0 337 0 330 0 380 0 409 0 458 0 382 0 326 0 283 0 141 0 61 

SecondWin:
0 0 0 0 0 0 0 0 0 0 0 0 0 0 0 0 0 0 0 0 0 0 0 0 0 0 0 0 0 0 0 0 0 0 0 0 0 0 1 0 18 0 13 0 10 0 15 0 19 0 57 0 120 0 82 0 99 0 132 0 156 0 215 0 283 0 415 0 526 0 472 0 376 0 389 0 235 0 195 0 101 0 
SAlphaB:
0 0 0 0 0 0 0 0 0 0 0 0 0 0 0 0 0 0 0 0 0 0 0 0 0 0 0 0 0 0 0 0 0 0 0 0 0 0 1 0 18 0 13 0 10 0 15 0 19 0 57 0 120 0 82 0 99 0 132 0 156 0 215 0 283 0 415 0 526 0 472 0 376 0 389 0 235 0 195 0 101 0 
