0 36 70 35 -17 4 21 12

0 20 72 30 -12 2 5 4

0 30 88 88 -1 7 26 16

0 21 76 68 -16 1 8 21

0 21 54 27 -14 0 1 30

0 77 99 52 -6 7 27 13

0 51 75 72 -5 5 21 8

0 45 96 13 -14 1 25 22

0 3 78 46 -19 17 37 32

0 52 54 83 -18 5 12 12

0 8 68 52 -3 18 38 16

0 40 96 59 -20 0 17 46

0 11 70 43 -12 12 33 18

0 81 85 73 -2 6 15 22

0 53 60 46 -1 4 9 24

0 29 41 96 -19 5 19 18

0 15 16 45 -20 1 3 10

0 6 82 42 -2 8 33 38

0 47 85 8 -10 14 38 21

0 57 99 0 -11 14 47 38

0 65 95 74 -9 10 37 41

0 50 60 23 -3 1 2 11

0 26 66 71 -13 12 17 24

0 42 61 82 -14 10 22 41

0 52 56 9 -18 0 1 19

0 32 88 36 -11 5 6 14

0 7 43 69 -10 11 18 13

0 28 68 25 -2 0 25 36

0 18 54 86 -4 42 46 3

0 50 78 68 -15 4 6 39

0 27 38 83 -16 2 18 4

0 22 65 6 -10 11 15 16

0 17 51 21 -9 9 13 0

0 18 50 75 -19 7 17 19

0 10 21 80 -19 18 21 29

0 42 45 8 -4 1 30 0

0 49 56 94 -16 6 47 45

0 39 51 70 -15 0 4 34

0 16 78 29 -3 14 17 25

0 11 68 64 -17 10 12 27

0 6 34 23 -2 6 20 31

0 64 73 11 -14 6 8 48

0 17 19 53 -11 32 37 37

0 60 78 68 -5 19 41 47

0 11 45 19 -1 24 34 16

0 5 99 78 -1 0 7 31

0 31 92 52 -18 6 41 35

0 21 34 45 -1 1 3 31

0 6 25 98 -11 27 28 1

0 11 61 38 -10 8 11 4

0 16 21 20 -12 15 22 24

0 41 59 0 -4 19 27 27

0 52 56 99 -13 3 9 46

0 28 36 51 -17 1 16 37

0 56 95 59 -5 19 21 48

0 12 69 91 -18 36 40 21

0 3 60 42 -20 4 17 20

0 30 39 82 -16 5 8 26

0 25 51 50 -1 23 25 20

0 22 34 33 -15 25 30 14

0 24 44 10 -16 5 40 15

0 2 37 31 -3 1 2 11

0 16 31 88 -8 19 41 49

0 44 51 12 -20 17 22 23

0 13 77 32 -6 7 34 10

0 42 46 6 -1 2 21 45

0 6 15 96 -4 7 8 0

0 59 84 89 -5 23 27 48

0 40 86 5 -14 31 41 11

0 28 31 80 -1 4 10 33

0 14 16 80 -18 33 40 25

0 10 18 79 -16 1 2 32

0 51 52 87 -17 19 32 20

0 28 37 17 -12 13 15 24

0 3 6 97 -12 0 1 0

0 14 15 85 -7 11 15 40

0 15 35 18 -17 7 39 12

0 41 43 27 -15 18 26 21

0 65 66 41 -11 30 36 11

0 0 2 25 -6 6 8 13

0 18 27 84 -2 10 30 8

0 3 11 67 -14 1 20 29

0 5 22 49 -1 2 36 47

0 7 23 20 -17 2 37 5

0 49 65 21 -10 23 42 7

0 19 38 0 -3 31 47 42

0 11 27 47 -9 43 45 37

0 1 8 36 -7 9 40 40

0 7 38 81 -20 30 46 13

0 37 56 16 -17 17 25 11

0 10 14 69 -4 31 37 23

0 10 15 70 -3 19 21 38

0 0 7 76 -4 6 12 34

0 14 17 20 -1 1 43 39

0 0 22 13 -19 29 34 46

0 3 12 54 -19 35 42 7

0 4 13 62 -7 15 16 43

0 1 16 53 -20 18 43 48

0 6 9 41 -2 4 9 34

0 3 9 28 -18 4 6 44


SAlphaB: 690.0, std-dev 258.7988724156973

Earliest win: 35
Latest win: 81

WinDepth:
0 0 0 0 0 0 0 0 0 0 0 0 0 0 0 0 0 0 0 0 0 0 0 0 0 0 0 0 0 0 0 0 0 0 0 2 0 9 0 3 1 5 2 20 4 25 17 47 40 80 70 193 88 141 128 116 121 186 128 172 145 267 228 316 363 330 428 383 439 470 427 500 394 355 364 342 238 249 179 130 99 79 
SAlphaB:
0 0 0 0 0 0 0 0 0 0 0 0 0 0 0 0 0 0 0 0 0 0 0 0 0 0 0 0 0 0 0 0 0 0 0 2 0 9 0 3 1 5 2 20 4 25 17 47 40 80 70 193 88 141 128 116 121 186 128 172 145 267 228 316 363 330 428 383 439 470 427 500 394 355 364 342 238 249 179 130 99 79 

LossDepth:
SAlphaB:
0 0 0 0 0 0 0 0 0 0 0 0 0 0 0 0 0 0 0 0 0 0 0 0 0 0 0 0 0 0 0 0 0 0 0 2 0 9 0 3 1 5 2 20 4 25 17 47 40 80 70 193 88 141 128 116 121 186 128 172 145 267 228 316 363 330 428 383 439 470 427 500 394 355 364 342 238 249 179 130 99 79 

FirstWin:
0 0 0 0 0 0 0 0 0 0 0 0 0 0 0 0 0 0 0 0 0 0 0 0 0 0 0 0 0 0 0 0 0 0 0 2 0 9 0 3 0 5 0 20 0 25 0 47 0 80 0 193 0 141 0 116 0 186 0 172 0 267 0 316 0 330 0 383 0 470 0 500 0 355 0 342 0 249 0 130 0 79 
SAlphaB:
0 0 0 0 0 0 0 0 0 0 0 0 0 0 0 0 0 0 0 0 0 0 0 0 0 0 0 0 0 0 0 0 0 0 0 2 0 9 0 3 0 5 0 20 0 25 0 47 0 80 0 193 0 141 0 116 0 186 0 172 0 267 0 316 0 330 0 383 0 470 0 500 0 355 0 342 0 249 0 130 0 79 

SecondWin:
0 0 0 0 0 0 0 0 0 0 0 0 0 0 0 0 0 0 0 0 0 0 0 0 0 0 0 0 0 0 0 0 0 0 0 0 0 0 0 0 1 0 2 0 4 0 17 0 40 0 70 0 88 0 128 0 121 0 128 0 145 0 228 0 363 0 428 0 439 0 427 0 394 0 364 0 238 0 179 0 99 0 
SAlphaB:
0 0 0 0 0 0 0 0 0 0 0 0 0 0 0 0 0 0 0 0 0 0 0 0 0 0 0 0 0 0 0 0 0 0 0 0 0 0 0 0 1 0 2 0 4 0 17 0 40 0 70 0 88 0 128 0 121 0 128 0 145 0 228 0 363 0 428 0 439 0 427 0 394 0 364 0 238 0 179 0 99 0 
