0 82 87 47 -12 13 39 31

0 40 44 98 -19 7 13 7

0 29 96 21 -19 0 1 29

0 47 52 89 -7 2 12 8

0 26 42 54 -1 4 13 5

0 30 96 99 -8 2 6 11

0 56 59 40 -3 4 33 33

0 8 51 97 -20 12 20 20

0 5 49 95 -15 20 29 3

0 8 99 45 -17 12 47 13

0 48 54 37 -19 1 2 17

0 46 51 3 -10 10 25 0

0 18 69 11 -8 0 4 33

0 23 88 20 -6 7 18 31

0 69 74 61 -8 0 1 6

0 44 89 93 -8 5 14 40

0 1 86 47 -12 7 22 18

0 19 29 34 -20 4 9 25

0 24 53 56 -1 21 38 25

0 39 88 86 -18 18 35 34

0 9 39 23 -6 0 11 2

0 27 97 98 -20 42 49 37

0 31 83 9 -10 0 3 48

0 47 76 69 -7 3 23 11

0 43 77 29 -11 9 13 42

0 83 97 12 -11 1 25 6

0 20 49 29 -1 11 14 21

0 21 89 93 -12 24 33 44

0 8 55 24 -11 15 35 12

0 67 74 48 -12 0 15 31

0 40 96 90 -2 17 31 6

0 20 54 12 -11 24 36 9

0 2 67 34 -4 0 1 6

0 29 37 29 -12 4 8 21

0 3 62 29 -10 25 42 6

0 24 62 68 -12 5 6 33

0 27 39 52 -18 6 8 38

0 2 26 24 -7 13 17 19

0 72 81 3 -8 28 44 2

0 7 94 16 -18 4 20 10

0 1 78 21 -2 42 45 24

0 15 74 2 -15 0 9 45

0 13 35 58 -17 15 23 20

0 38 62 19 -15 8 24 34

0 33 82 38 -9 0 5 49

0 28 52 35 -9 1 2 34

0 37 69 10 -8 4 41 27

0 21 87 37 -9 1 44 28

0 53 57 46 -11 7 36 44

0 20 43 98 -14 4 12 47

0 23 28 36 -6 20 25 3

0 41 48 97 -19 23 36 33

0 26 59 31 -17 3 20 27

0 26 27 81 -13 39 41 18

0 17 37 24 -14 28 33 24

0 68 95 28 -14 0 4 45

0 23 50 27 -8 22 44 9

0 4 24 88 -1 25 36 32

0 15 24 71 -7 17 43 23

0 9 23 90 -15 0 33 48

0 4 14 2 -1 12 31 13

0 50 71 35 -13 14 40 47

0 89 95 73 -1 5 6 15

0 31 96 59 -18 36 48 31

0 9 37 15 -14 8 10 16

0 25 26 63 -4 5 42 19

0 13 20 23 -10 33 41 26

0 17 30 11 -3 1 9 25

0 1 44 44 -4 2 3 12

0 8 14 56 -10 0 8 42

0 8 21 83 -4 12 45 30

0 7 19 71 -9 2 25 16

0 3 34 69 -3 7 28 12

0 24 45 74 -13 3 4 36

0 11 50 40 -13 10 23 47

0 14 19 12 -20 15 27 11

0 26 89 51 -14 7 35 27

0 4 26 90 -6 37 42 1

0 10 11 43 -16 38 49 36

0 19 97 15 -5 27 33 10

0 52 76 31 -17 30 44 40

0 17 41 2 -2 26 28 34

0 10 17 45 -2 7 21 24

0 2 6 12 -19 0 6 34

0 2 42 65 -5 1 9 18

0 13 75 60 -12 9 47 46

0 40 53 7 -17 25 34 16

0 10 20 17 -13 4 6 4

0 6 10 34 -13 7 11 21

0 7 9 31 -15 0 15 0

0 2 9 44 -2 6 31 7

0 4 33 93 -13 0 44 16

0 6 12 30 -12 5 6 38

0 3 18 33 -20 4 11 39

0 0 9 46 -12 8 24 48

0 5 12 4 -14 24 42 34

0 0 5 93 -2 22 31 37

0 0 13 84 -12 12 20 49

0 0 19 46 -16 2 4 38

0 1 12 22 -6 10 16 40


SAlphaB: 711.0, std-dev 256.61723441733216

Earliest win: 35
Latest win: 81

WinDepth:
0 0 0 0 0 0 0 0 0 0 0 0 0 0 0 0 0 0 0 0 0 0 0 0 0 0 0 0 0 0 0 0 0 0 0 1 0 3 2 4 0 7 4 17 14 17 12 31 14 71 48 213 74 121 83 161 113 168 145 173 158 236 272 282 347 375 381 450 436 423 527 430 396 395 441 387 252 251 176 152 100 55 
SAlphaB:
0 0 0 0 0 0 0 0 0 0 0 0 0 0 0 0 0 0 0 0 0 0 0 0 0 0 0 0 0 0 0 0 0 0 0 1 0 3 2 4 0 7 4 17 14 17 12 31 14 71 48 213 74 121 83 161 113 168 145 173 158 236 272 282 347 375 381 450 436 423 527 430 396 395 441 387 252 251 176 152 100 55 

LossDepth:
SAlphaB:
0 0 0 0 0 0 0 0 0 0 0 0 0 0 0 0 0 0 0 0 0 0 0 0 0 0 0 0 0 0 0 0 0 0 0 1 0 3 2 4 0 7 4 17 14 17 12 31 14 71 48 213 74 121 83 161 113 168 145 173 158 236 272 282 347 375 381 450 436 423 527 430 396 395 441 387 252 251 176 152 100 55 

FirstWin:
0 0 0 0 0 0 0 0 0 0 0 0 0 0 0 0 0 0 0 0 0 0 0 0 0 0 0 0 0 0 0 0 0 0 0 1 0 3 0 4 0 7 0 17 0 17 0 31 0 71 0 213 0 121 0 161 0 168 0 173 0 236 0 282 0 375 0 450 0 423 0 430 0 395 0 387 0 251 0 152 0 55 
SAlphaB:
0 0 0 0 0 0 0 0 0 0 0 0 0 0 0 0 0 0 0 0 0 0 0 0 0 0 0 0 0 0 0 0 0 0 0 1 0 3 0 4 0 7 0 17 0 17 0 31 0 71 0 213 0 121 0 161 0 168 0 173 0 236 0 282 0 375 0 450 0 423 0 430 0 395 0 387 0 251 0 152 0 55 

SecondWin:
0 0 0 0 0 0 0 0 0 0 0 0 0 0 0 0 0 0 0 0 0 0 0 0 0 0 0 0 0 0 0 0 0 0 0 0 0 0 2 0 0 0 4 0 14 0 12 0 14 0 48 0 74 0 83 0 113 0 145 0 158 0 272 0 347 0 381 0 436 0 527 0 396 0 441 0 252 0 176 0 100 0 
SAlphaB:
0 0 0 0 0 0 0 0 0 0 0 0 0 0 0 0 0 0 0 0 0 0 0 0 0 0 0 0 0 0 0 0 0 0 0 0 0 0 2 0 0 0 4 0 14 0 12 0 14 0 48 0 74 0 83 0 113 0 145 0 158 0 272 0 347 0 381 0 436 0 527 0 396 0 441 0 252 0 176 0 100 0 
