0 12 69 72 -4 0 5 9

0 43 87 45 -10 0 2 4

0 66 78 58 -11 2 38 11

0 32 74 63 -6 5 31 9

0 41 83 94 -8 4 19 25

0 43 75 87 -14 8 30 44

0 46 54 72 -8 11 29 19

0 33 61 52 -15 0 5 22

0 35 90 9 -2 6 8 21

0 37 54 95 -6 7 18 11

0 20 95 62 -5 3 19 29

0 53 68 42 -11 4 19 13

0 68 69 1 -10 11 24 12

0 47 76 62 -14 0 11 6

0 24 41 96 -20 7 17 28

0 50 70 70 -18 0 2 36

0 68 99 58 -1 21 23 42

0 24 89 9 -3 10 11 37

0 40 45 59 -1 16 17 0

0 29 51 44 -9 3 4 0

0 52 70 86 -4 12 13 8

0 93 96 28 -13 0 7 18

0 2 53 13 -14 9 12 16

0 60 68 77 -14 0 22 41

0 27 48 86 -19 29 30 21

0 11 19 36 -20 0 2 7

0 15 99 2 -2 7 18 27

0 32 95 59 -3 6 12 47

0 62 69 24 -18 11 26 48

0 43 64 54 -10 0 2 34

0 94 99 17 -11 18 19 44

0 53 82 8 -7 33 42 19

0 14 97 26 -6 5 7 6

0 12 48 9 -8 5 26 24

0 76 96 46 -12 7 8 34

0 12 51 31 -13 0 2 42

0 5 79 7 -15 11 14 10

0 88 95 40 -9 20 32 29

0 69 96 27 -9 15 22 30

0 1 72 91 -8 14 21 19

0 8 92 74 -9 1 8 10

0 39 42 76 -1 16 23 9

0 97 98 6 -8 0 12 31

0 33 81 3 -17 15 27 2

0 2 56 23 -12 42 47 11

0 23 59 82 -4 29 35 48

0 18 27 86 -15 8 13 10

0 34 37 43 -2 16 19 45

0 53 93 97 -4 0 2 26

0 13 44 25 -16 13 33 29

0 73 99 34 -1 4 5 49

0 7 8 12 -6 9 25 24

0 43 65 72 -6 1 2 49

0 7 54 95 -9 23 45 8

0 15 59 74 -12 19 44 48

0 31 49 32 -10 26 27 8

0 66 91 89 -1 0 2 20

0 22 84 59 -18 7 30 17

0 6 11 41 -19 8 34 29

0 4 9 62 -7 38 45 33

0 14 23 84 -11 0 25 30

0 0 1 64 -5 15 27 41

0 31 39 28 -7 7 8 24

0 29 73 48 -1 9 46 23

0 12 32 81 -16 8 13 34

0 20 80 33 -17 25 30 25

0 22 62 94 -4 17 25 39

0 4 5 18 -17 6 17 46

0 0 9 46 -14 35 44 24

0 26 29 18 -14 21 47 13

0 77 86 4 -17 15 18 46

0 10 25 62 -11 9 10 22

0 14 34 83 -13 32 34 1

0 23 29 58 -15 20 44 43

0 2 51 43 -3 7 15 30

0 11 22 17 -17 26 46 11

0 8 12 69 -15 6 7 33

0 2 17 11 -8 28 33 46

0 1 65 3 -2 6 12 43

0 0 13 41 -1 29 49 27

0 21 22 88 -11 4 20 47

0 30 78 0 -15 24 39 47

0 4 6 82 -15 1 9 7

0 15 29 9 -6 11 13 47

0 1 5 74 -1 9 11 12

0 4 41 7 -7 4 5 32

0 37 41 22 -11 14 34 45

0 4 91 71 -14 3 5 36

0 17 47 13 -4 7 43 36

0 0 22 38 -20 9 10 6

0 11 19 7 -3 6 48 19

0 2 5 5 -13 32 34 38

0 0 17 95 -2 8 28 34

0 3 8 7 -15 4 29 22

0 2 3 38 -3 7 47 32

0 1 19 47 -2 1 16 48

0 1 2 56 -14 0 9 41

0 12 20 18 -18 2 12 46

0 3 16 32 -7 10 17 47

0 6 10 94 -3 4 24 43


SAlphaB: 740.0, std-dev 276.7680209566171

Earliest win: 37
Latest win: 81

WinDepth:
0 0 0 0 0 0 0 0 0 0 0 0 0 0 0 0 0 0 0 0 0 0 0 0 0 0 0 0 0 0 0 0 0 0 0 0 0 1 1 0 16 12 1 24 4 12 17 50 31 62 49 175 81 120 73 169 118 233 121 200 150 230 224 352 328 364 403 384 455 418 426 457 431 393 377 368 276 260 186 131 103 67 
SAlphaB:
0 0 0 0 0 0 0 0 0 0 0 0 0 0 0 0 0 0 0 0 0 0 0 0 0 0 0 0 0 0 0 0 0 0 0 0 0 1 1 0 16 12 1 24 4 12 17 50 31 62 49 175 81 120 73 169 118 233 121 200 150 230 224 352 328 364 403 384 455 418 426 457 431 393 377 368 276 260 186 131 103 67 

LossDepth:
SAlphaB:
0 0 0 0 0 0 0 0 0 0 0 0 0 0 0 0 0 0 0 0 0 0 0 0 0 0 0 0 0 0 0 0 0 0 0 0 0 1 1 0 16 12 1 24 4 12 17 50 31 62 49 175 81 120 73 169 118 233 121 200 150 230 224 352 328 364 403 384 455 418 426 457 431 393 377 368 276 260 186 131 103 67 

FirstWin:
0 0 0 0 0 0 0 0 0 0 0 0 0 0 0 0 0 0 0 0 0 0 0 0 0 0 0 0 0 0 0 0 0 0 0 0 0 1 0 0 0 12 0 24 0 12 0 50 0 62 0 175 0 120 0 169 0 233 0 200 0 230 0 352 0 364 0 384 0 418 0 457 0 393 0 368 0 260 0 131 0 67 
SAlphaB:
0 0 0 0 0 0 0 0 0 0 0 0 0 0 0 0 0 0 0 0 0 0 0 0 0 0 0 0 0 0 0 0 0 0 0 0 0 1 0 0 0 12 0 24 0 12 0 50 0 62 0 175 0 120 0 169 0 233 0 200 0 230 0 352 0 364 0 384 0 418 0 457 0 393 0 368 0 260 0 131 0 67 

SecondWin:
0 0 0 0 0 0 0 0 0 0 0 0 0 0 0 0 0 0 0 0 0 0 0 0 0 0 0 0 0 0 0 0 0 0 0 0 0 0 1 0 16 0 1 0 4 0 17 0 31 0 49 0 81 0 73 0 118 0 121 0 150 0 224 0 328 0 403 0 455 0 426 0 431 0 377 0 276 0 186 0 103 0 
SAlphaB:
0 0 0 0 0 0 0 0 0 0 0 0 0 0 0 0 0 0 0 0 0 0 0 0 0 0 0 0 0 0 0 0 0 0 0 0 0 0 1 0 16 0 1 0 4 0 17 0 31 0 49 0 81 0 73 0 118 0 121 0 150 0 224 0 328 0 403 0 455 0 426 0 431 0 377 0 276 0 186 0 103 0 
