0 5 30 15 -1 2 3 6

0 22 46 62 -4 11 31 14

0 43 99 90 -5 12 47 34

0 47 87 13 -14 5 24 0

0 33 39 94 -18 6 9 11

0 70 83 92 -10 3 13 29

0 6 20 80 -6 7 13 10

0 30 34 25 -2 6 8 7

0 44 80 36 -6 2 8 6

0 17 90 49 -13 24 36 16

0 3 81 58 -3 42 47 9

0 61 79 10 -6 16 37 10

0 20 95 53 -9 5 10 23

0 58 98 47 -2 16 24 17

0 64 73 7 -3 14 22 33

0 54 97 90 -5 1 13 30

0 18 79 75 -8 15 43 19

0 39 63 63 -4 27 40 2

0 22 48 30 -17 10 14 45

0 12 71 67 -8 27 43 16

0 42 66 66 -9 14 35 36

0 16 90 75 -3 3 42 9

0 73 77 66 -20 18 28 40

0 70 77 74 -20 15 42 33

0 43 71 65 -15 24 31 16

0 24 40 95 -12 2 3 17

0 1 93 65 -12 6 12 26

0 11 77 62 -18 3 5 19

0 98 99 29 -7 26 29 15

0 34 76 62 -1 3 22 38

0 28 99 95 -7 1 2 45

0 19 64 76 -8 1 3 27

0 24 57 1 -2 8 38 6

0 35 40 80 -1 4 5 15

0 47 85 44 -13 20 24 2

0 17 26 88 -5 6 17 9

0 48 71 91 -13 27 40 0

0 48 83 36 -3 26 42 27

0 29 87 52 -13 5 45 48

0 30 94 3 -12 11 20 5

0 17 25 89 -1 9 22 45

0 35 81 79 -17 39 48 7

0 47 63 75 -12 17 23 6

0 56 82 52 -14 26 29 26

0 6 28 51 -14 0 6 20

0 42 57 12 -13 3 6 49

0 42 46 17 -17 10 48 25

0 21 23 57 -9 13 31 24

0 10 40 13 -4 9 14 12

0 4 78 21 -7 28 30 30

0 32 54 70 -5 9 13 2

0 46 60 72 -14 2 7 42

0 43 58 63 -8 24 44 34

0 49 50 0 -2 25 48 13

0 43 78 61 -2 18 22 38

0 2 3 22 -1 13 24 4

0 10 91 79 -8 22 36 0

0 50 60 93 -19 21 38 1

0 16 25 62 -19 20 33 20

0 4 5 23 -11 27 28 14

0 59 62 10 -10 17 21 24

0 61 72 6 -9 31 35 17

0 15 78 40 -13 8 14 27

0 10 14 9 -15 10 28 23

0 6 7 10 -20 11 27 1

0 5 11 64 -17 13 32 6

0 4 38 54 -14 19 45 47

0 14 25 16 -17 7 9 29

0 37 53 36 -18 30 32 31

0 40 52 33 -1 5 6 38

0 62 77 3 -3 40 42 45

0 19 28 48 -4 4 17 33

0 1 54 30 -7 21 23 30

0 9 39 86 -7 6 26 5

0 0 3 94 -5 18 25 10

0 0 1 74 -7 31 42 40

0 5 45 19 -1 28 35 0

0 21 51 40 -16 11 14 1

0 1 6 52 -15 1 3 12

0 3 10 5 -8 19 41 16

0 58 90 2 -12 34 39 9

0 23 76 0 -20 12 45 23

0 7 21 94 -14 22 36 32

0 11 48 22 -19 27 47 39

0 9 28 25 -19 5 31 14

0 3 4 12 -5 10 19 2

0 7 35 56 -20 6 28 33

0 3 55 93 -17 7 39 42

0 4 19 36 -4 27 37 15

0 13 29 19 -17 3 11 42

0 12 24 46 -5 0 25 27

0 6 10 33 -14 16 22 4

0 2 3 84 -11 13 43 17

0 10 22 68 -15 15 27 1

0 3 7 16 -16 5 44 5

0 0 4 83 -20 3 16 20

0 8 33 53 -19 8 31 10

0 0 1 44 -10 3 11 13

0 2 3 7 -10 4 6 41

0 2 6 31 -4 3 17 44


SAlphaB: 714.0, std-dev 297.6162872633896

Earliest win: 37
Latest win: 81

WinDepth:
0 0 0 0 0 0 0 0 0 0 0 0 0 0 0 0 0 0 0 0 0 0 0 0 0 0 0 0 0 0 0 0 0 0 0 0 0 11 0 5 5 6 3 24 2 22 20 23 28 68 58 190 110 97 89 263 141 172 141 173 191 231 251 321 330 319 401 349 439 419 450 432 441 395 422 377 277 286 167 119 83 66 
SAlphaB:
0 0 0 0 0 0 0 0 0 0 0 0 0 0 0 0 0 0 0 0 0 0 0 0 0 0 0 0 0 0 0 0 0 0 0 0 0 11 0 5 5 6 3 24 2 22 20 23 28 68 58 190 110 97 89 263 141 172 141 173 191 231 251 321 330 319 401 349 439 419 450 432 441 395 422 377 277 286 167 119 83 66 

LossDepth:
SAlphaB:
0 0 0 0 0 0 0 0 0 0 0 0 0 0 0 0 0 0 0 0 0 0 0 0 0 0 0 0 0 0 0 0 0 0 0 0 0 11 0 5 5 6 3 24 2 22 20 23 28 68 58 190 110 97 89 263 141 172 141 173 191 231 251 321 330 319 401 349 439 419 450 432 441 395 422 377 277 286 167 119 83 66 

FirstWin:
0 0 0 0 0 0 0 0 0 0 0 0 0 0 0 0 0 0 0 0 0 0 0 0 0 0 0 0 0 0 0 0 0 0 0 0 0 11 0 5 0 6 0 24 0 22 0 23 0 68 0 190 0 97 0 263 0 172 0 173 0 231 0 321 0 319 0 349 0 419 0 432 0 395 0 377 0 286 0 119 0 66 
SAlphaB:
0 0 0 0 0 0 0 0 0 0 0 0 0 0 0 0 0 0 0 0 0 0 0 0 0 0 0 0 0 0 0 0 0 0 0 0 0 11 0 5 0 6 0 24 0 22 0 23 0 68 0 190 0 97 0 263 0 172 0 173 0 231 0 321 0 319 0 349 0 419 0 432 0 395 0 377 0 286 0 119 0 66 

SecondWin:
0 0 0 0 0 0 0 0 0 0 0 0 0 0 0 0 0 0 0 0 0 0 0 0 0 0 0 0 0 0 0 0 0 0 0 0 0 0 0 0 5 0 3 0 2 0 20 0 28 0 58 0 110 0 89 0 141 0 141 0 191 0 251 0 330 0 401 0 439 0 450 0 441 0 422 0 277 0 167 0 83 0 
SAlphaB:
0 0 0 0 0 0 0 0 0 0 0 0 0 0 0 0 0 0 0 0 0 0 0 0 0 0 0 0 0 0 0 0 0 0 0 0 0 0 0 0 5 0 3 0 2 0 20 0 28 0 58 0 110 0 89 0 141 0 141 0 191 0 251 0 330 0 401 0 439 0 450 0 441 0 422 0 277 0 167 0 83 0 
