0 51 89 81 -11 10 16 21

0 18 85 65 -20 1 2 17

0 28 66 99 -15 12 27 27

0 17 38 55 -8 8 18 13

0 24 90 13 -8 0 15 27

0 24 45 1 -4 0 1 7

0 29 36 27 -6 1 5 13

0 55 87 6 -17 9 19 23

0 95 99 92 -8 7 45 31

0 46 78 90 -19 16 23 48

0 21 74 32 -6 17 42 25

0 23 65 98 -7 19 28 3

0 37 85 40 -2 14 22 35

0 63 77 36 -10 2 3 26

0 33 56 28 -15 34 38 17

0 23 72 84 -1 12 40 14

0 34 56 31 -17 0 1 29

0 17 39 41 -19 5 6 24

0 45 57 18 -7 5 6 19

0 52 81 26 -13 5 7 8

0 22 47 56 -9 1 14 29

0 14 79 49 -16 0 1 47

0 53 73 99 -13 23 25 47

0 59 67 39 -20 5 31 26

0 1 44 56 -1 6 17 14

0 34 94 92 -12 11 13 39

0 64 67 34 -3 5 22 10

0 75 78 99 -13 8 47 10

0 11 69 91 -6 12 23 13

0 62 73 94 -15 16 31 35

0 35 61 67 -7 22 42 9

0 18 74 9 -12 17 18 29

0 6 82 45 -18 40 49 14

0 66 79 64 -16 0 6 46

0 24 58 22 -15 14 44 47

0 83 93 72 -5 6 29 42

0 17 24 9 -14 13 20 9

0 55 88 39 -19 4 5 37

0 37 43 71 -18 17 49 12

0 54 68 62 -9 0 3 49

0 0 45 68 -3 25 35 6

0 2 19 99 -18 0 2 23

0 32 69 81 -14 0 7 35

0 18 46 86 -12 10 14 15

0 38 92 64 -14 40 44 18

0 57 74 98 -14 7 10 47

0 21 48 17 -16 2 4 35

0 10 89 3 -20 0 2 15

0 19 68 94 -13 47 49 3

0 32 93 3 -14 11 42 2

0 4 67 17 -19 13 23 14

0 9 57 15 -6 13 27 28

0 5 55 33 -7 11 12 32

0 38 49 89 -7 3 8 33

0 69 89 60 -2 1 27 49

0 19 58 81 -17 5 24 42

0 7 27 8 -16 10 12 13

0 4 7 41 -6 0 1 7

0 1 33 91 -5 19 35 45

0 9 92 14 -20 1 18 8

0 16 47 5 -15 25 27 32

0 18 46 96 -16 35 39 26

0 19 49 87 -7 13 14 23

0 51 74 47 -8 10 19 44

0 79 86 60 -17 15 20 20

0 1 3 99 -19 13 28 43

0 25 34 35 -16 13 22 35

0 14 29 63 -4 15 43 28

0 0 1 74 -11 11 16 42

0 0 4 0 -7 0 2 23

0 1 11 60 -2 13 34 17

0 14 22 41 -15 27 49 12

0 2 47 72 -6 19 38 20

0 19 41 3 -13 27 30 33

0 14 61 31 -7 20 32 37

0 30 43 91 -2 26 35 43

0 5 17 58 -14 16 40 8

0 9 34 85 -13 37 40 25

0 0 2 51 -6 25 45 25

0 4 8 8 -19 15 32 0

0 9 66 70 -16 1 8 39

0 22 33 83 -13 40 48 25

0 11 16 33 -5 7 15 39

0 18 23 47 -8 4 7 42

0 28 58 83 -16 17 20 0

0 4 68 90 -8 5 24 30

0 0 13 93 -1 18 24 21

0 9 31 60 -3 2 37 19

0 1 4 84 -18 17 26 29

0 5 10 67 -1 8 10 12

0 7 17 90 -2 31 46 39

0 65 73 17 -7 36 44 11

0 50 59 12 -14 29 42 0

0 20 70 78 -20 13 18 44

0 1 14 5 -14 36 45 45

0 4 31 28 -7 4 18 29

0 2 4 69 -3 35 41 21

0 0 1 93 -7 8 12 22

0 7 17 15 -3 5 13 35

0 11 17 11 -20 6 14 45


SAlphaB: 698.0, std-dev 255.33112685968067

Earliest win: 39
Latest win: 81

WinDepth:
0 0 0 0 0 0 0 0 0 0 0 0 0 0 0 0 0 0 0 0 0 0 0 0 0 0 0 0 0 0 0 0 0 0 0 0 0 0 0 10 0 7 1 10 2 14 8 28 15 59 63 247 113 148 86 208 113 201 160 151 155 222 204 328 342 376 394 360 536 408 399 460 427 400 412 365 276 237 194 134 122 93 
SAlphaB:
0 0 0 0 0 0 0 0 0 0 0 0 0 0 0 0 0 0 0 0 0 0 0 0 0 0 0 0 0 0 0 0 0 0 0 0 0 0 0 10 0 7 1 10 2 14 8 28 15 59 63 247 113 148 86 208 113 201 160 151 155 222 204 328 342 376 394 360 536 408 399 460 427 400 412 365 276 237 194 134 122 93 

LossDepth:
SAlphaB:
0 0 0 0 0 0 0 0 0 0 0 0 0 0 0 0 0 0 0 0 0 0 0 0 0 0 0 0 0 0 0 0 0 0 0 0 0 0 0 10 0 7 1 10 2 14 8 28 15 59 63 247 113 148 86 208 113 201 160 151 155 222 204 328 342 376 394 360 536 408 399 460 427 400 412 365 276 237 194 134 122 93 

FirstWin:
0 0 0 0 0 0 0 0 0 0 0 0 0 0 0 0 0 0 0 0 0 0 0 0 0 0 0 0 0 0 0 0 0 0 0 0 0 0 0 10 0 7 0 10 0 14 0 28 0 59 0 247 0 148 0 208 0 201 0 151 0 222 0 328 0 376 0 360 0 408 0 460 0 400 0 365 0 237 0 134 0 93 
SAlphaB:
0 0 0 0 0 0 0 0 0 0 0 0 0 0 0 0 0 0 0 0 0 0 0 0 0 0 0 0 0 0 0 0 0 0 0 0 0 0 0 10 0 7 0 10 0 14 0 28 0 59 0 247 0 148 0 208 0 201 0 151 0 222 0 328 0 376 0 360 0 408 0 460 0 400 0 365 0 237 0 134 0 93 

SecondWin:
0 0 0 0 0 0 0 0 0 0 0 0 0 0 0 0 0 0 0 0 0 0 0 0 0 0 0 0 0 0 0 0 0 0 0 0 0 0 0 0 0 0 1 0 2 0 8 0 15 0 63 0 113 0 86 0 113 0 160 0 155 0 204 0 342 0 394 0 536 0 399 0 427 0 412 0 276 0 194 0 122 0 
SAlphaB:
0 0 0 0 0 0 0 0 0 0 0 0 0 0 0 0 0 0 0 0 0 0 0 0 0 0 0 0 0 0 0 0 0 0 0 0 0 0 0 0 0 0 1 0 2 0 8 0 15 0 63 0 113 0 86 0 113 0 160 0 155 0 204 0 342 0 394 0 536 0 399 0 427 0 412 0 276 0 194 0 122 0 
