0 54 97 58 -8 9 27 22

0 50 88 56 -7 5 15 15

0 47 73 31 -18 6 20 32

0 45 90 77 -12 9 29 11

0 28 84 31 -6 1 4 13

0 40 55 69 -18 2 6 31

0 20 78 52 -1 5 19 9

0 35 94 52 -19 4 19 15

0 41 95 21 -5 6 17 33

0 70 79 20 -13 10 35 9

0 29 39 14 -1 8 22 23

0 36 47 24 -1 9 32 6

0 57 84 37 -11 6 29 2

0 68 87 33 -18 5 11 20

0 33 91 58 -7 5 25 2

0 53 99 6 -10 1 38 18

0 42 83 37 -17 1 18 34

0 38 71 16 -19 6 18 27

0 9 18 33 -5 0 3 4

0 54 86 44 -7 5 17 5

0 44 93 27 -1 4 30 42

0 40 90 38 -16 1 5 1

0 77 91 18 -4 20 26 21

0 38 95 69 -10 4 5 12

0 36 97 86 -2 0 29 1

0 26 36 95 -13 1 4 12

0 22 89 50 -9 2 9 19

0 41 63 18 -10 10 17 24

0 61 74 23 -13 13 14 45

0 30 97 52 -4 8 17 40

0 84 87 82 -9 17 38 37

0 64 89 76 -13 3 11 7

0 45 82 85 -7 1 9 25

0 53 88 35 -15 10 13 25

0 69 92 38 -4 8 28 48

0 39 59 88 -1 10 25 16

0 75 95 14 -18 1 27 5

0 70 73 59 -18 6 13 19

0 65 89 38 -12 9 16 9

0 18 66 77 -3 2 16 6

0 53 82 92 -12 4 33 45

0 84 88 6 -15 14 47 3

0 45 91 6 -18 1 9 37

0 60 84 5 -4 6 39 11

0 72 75 71 -6 11 46 10

0 32 75 43 -9 8 12 37

0 60 62 63 -9 4 15 10

0 33 48 75 -12 4 9 4

0 28 69 0 -17 2 14 0

0 11 13 9 -2 0 1 2

0 32 63 50 -20 2 7 1

0 79 87 74 -15 8 27 45

0 67 92 78 -6 0 5 15

0 35 43 16 -19 0 3 14

0 47 99 72 -15 9 15 24

0 83 88 55 -19 9 36 27

0 34 46 76 -7 8 17 2

0 17 73 51 -16 7 20 6

0 39 96 88 -18 2 13 31

0 0 84 77 -13 5 6 15

0 42 47 95 -19 1 8 34

0 29 98 69 -7 9 16 23

0 44 76 62 -8 5 7 0

0 50 65 63 -18 0 26 39

0 23 60 84 -8 0 5 28

0 2 78 71 -19 40 43 5

0 7 36 16 -6 3 4 12

0 12 77 59 -18 5 13 22

0 64 77 19 -15 4 7 22

0 35 76 87 -15 4 7 27

0 40 52 92 -9 8 26 33

0 6 54 54 -11 1 2 14

0 18 48 95 -8 4 5 2

0 28 89 68 -20 8 18 23

0 32 59 84 -7 31 42 18

0 31 73 34 -15 8 26 4

0 43 45 80 -20 0 1 28

0 1 80 34 -4 8 21 14

0 67 69 78 -19 2 10 30

0 44 77 86 -19 11 32 38

0 33 81 87 -17 17 20 37

0 64 77 98 -7 4 20 18

0 35 88 83 -19 19 41 39

0 35 96 40 -2 8 15 31

0 26 71 69 -11 0 7 34

0 28 47 63 -19 4 8 11

0 3 39 34 -15 2 5 15

0 15 74 63 -5 6 10 18

0 69 76 92 -11 2 9 37

0 6 52 80 -3 26 45 5

0 8 59 37 -8 3 23 28

0 17 63 35 -2 7 46 5

0 13 33 23 -14 4 5 4

0 17 31 51 -2 3 12 13

0 39 47 94 -19 9 33 27

0 10 41 27 -12 12 21 13

0 17 44 77 -10 31 33 13

0 36 67 62 -16 13 47 39

0 10 75 71 -8 0 12 22

0 1 18 88 -13 17 19 24


SAlphaB: 724.0, std-dev 253.86366409845846

Earliest win: 35
Latest win: 81

WinDepth:
0 0 0 0 0 0 0 0 0 0 0 0 0 0 0 0 0 0 0 0 0 0 0 0 0 0 0 0 0 0 0 0 0 0 0 2 5 13 0 17 6 50 7 34 15 55 38 116 58 202 161 335 173 341 227 434 325 580 327 485 453 661 600 805 819 895 940 1033 981 992 994 882 880 905 920 747 605 484 389 285 178 152 
SAlphaB:
0 0 0 0 0 0 0 0 0 0 0 0 0 0 0 0 0 0 0 0 0 0 0 0 0 0 0 0 0 0 0 0 0 0 0 2 5 13 0 17 6 50 7 34 15 55 38 116 58 202 161 335 173 341 227 434 325 580 327 485 453 661 600 805 819 895 940 1033 981 992 994 882 880 905 920 747 605 484 389 285 178 152 

LossDepth:
SAlphaB:
0 0 0 0 0 0 0 0 0 0 0 0 0 0 0 0 0 0 0 0 0 0 0 0 0 0 0 0 0 0 0 0 0 0 0 1 5 13 0 18 2 43 4 25 14 42 22 86 39 92 77 153 106 166 144 267 196 392 187 327 263 419 424 618 601 656 657 841 702 823 741 731 705 719 703 655 511 435 321 236 187 136 

FirstWin:
0 0 0 0 0 0 0 0 0 0 0 0 0 0 0 0 0 0 0 0 0 0 0 0 0 0 0 0 0 0 0 0 0 0 0 2 0 13 0 17 0 50 0 34 0 55 0 116 0 202 0 335 0 341 0 434 0 580 0 485 0 661 0 805 0 895 0 1033 0 992 0 882 0 905 0 747 0 484 0 285 0 152 
SAlphaB:
0 0 0 0 0 0 0 0 0 0 0 0 0 0 0 0 0 0 0 0 0 0 0 0 0 0 0 0 0 0 0 0 0 0 0 2 0 13 0 17 0 50 0 34 0 55 0 116 0 202 0 335 0 341 0 434 0 580 0 485 0 661 0 805 0 895 0 1033 0 992 0 882 0 905 0 747 0 484 0 285 0 152 

SecondWin:
0 0 0 0 0 0 0 0 0 0 0 0 0 0 0 0 0 0 0 0 0 0 0 0 0 0 0 0 0 0 0 0 0 0 0 0 5 0 0 0 6 0 7 0 15 0 38 0 58 0 161 0 173 0 227 0 325 0 327 0 453 0 600 0 819 0 940 0 981 0 994 0 880 0 920 0 605 0 389 0 178 0 
SAlphaB:
0 0 0 0 0 0 0 0 0 0 0 0 0 0 0 0 0 0 0 0 0 0 0 0 0 0 0 0 0 0 0 0 0 0 0 0 5 0 0 0 6 0 7 0 15 0 38 0 58 0 161 0 173 0 227 0 325 0 327 0 453 0 600 0 819 0 940 0 981 0 994 0 880 0 920 0 605 0 389 0 178 0 
