0 54 97 58 -8 9 27 22

0 3 39 34 -15 2 5 15

0 33 91 58 -7 5 25 2

0 35 43 16 -19 0 3 14

0 64 89 76 -13 3 11 7

0 10 75 71 -8 0 12 22

0 36 47 24 -1 9 32 6

0 64 77 98 -7 4 20 18

0 70 79 20 -13 10 35 9

0 17 63 35 -2 7 46 5

0 34 66 85 -13 3 9 33

0 39 72 99 -18 2 33 31

0 14 80 39 -4 0 2 14

0 32 84 38 -3 10 22 49

0 17 19 72 -17 0 2 0

0 27 29 2 -4 11 16 8

0 30 43 6 -14 3 12 10

0 30 92 86 -3 27 28 35

0 64 73 96 -15 9 14 16

0 43 75 92 -2 2 3 14

0 72 77 20 -20 16 29 4

0 56 79 93 -13 10 16 29

0 20 75 7 -11 26 42 9

0 46 51 96 -19 20 39 23

0 46 84 15 -20 5 44 7

0 20 37 40 -14 17 20 15

0 4 29 79 -12 2 3 11

0 42 43 91 -11 29 33 32

0 17 30 98 -13 8 16 3

0 59 60 18 -12 7 48 8

0 0 70 14 -19 32 33 19

0 25 73 81 -4 10 16 25

0 47 50 96 -15 17 38 49

0 22 28 96 -7 0 1 13

0 26 30 61 -15 31 35 29

0 64 74 23 -9 11 40 37

0 16 24 67 -12 13 29 33

0 40 68 70 -4 4 48 19

0 49 73 1 -16 22 27 10

0 44 58 53 -5 16 39 13

0 29 43 55 -5 9 31 41

0 19 64 4 -19 35 39 16

0 18 72 87 -6 10 12 40

0 3 47 95 -14 23 44 9

0 25 37 3 -16 26 43 24

0 20 52 40 -6 24 36 27

0 5 39 81 -20 15 26 39

0 21 22 29 -20 21 22 27

0 23 30 92 -12 35 37 48

0 29 61 53 -15 14 28 26

0 6 25 26 -11 6 36 11

0 58 78 36 -17 26 32 44

0 8 42 11 -16 15 37 27

0 20 46 92 -9 30 31 23

0 38 63 4 -1 8 43 3

0 20 28 31 -4 35 37 30

0 24 36 92 -14 11 49 12

0 32 38 59 -1 24 36 31

0 41 46 1 -8 40 41 1

0 10 33 70 -4 10 22 36

0 4 71 85 -12 0 1 46

0 25 33 92 -10 32 42 2

0 42 45 19 -4 23 33 10

0 61 63 89 -9 30 45 49

0 35 40 36 -20 11 20 22

0 1 85 96 -14 8 40 15

0 20 38 16 -16 17 46 40

0 32 62 33 -2 28 30 39

0 29 47 47 -14 37 48 44

0 0 21 61 -14 20 41 33

0 19 43 24 -17 9 26 29

0 16 58 9 -15 37 38 8

0 32 46 32 -2 42 49 46

0 10 39 38 -17 25 37 10

0 5 48 9 -9 10 13 18

0 22 31 82 -3 20 40 32

0 11 31 79 -19 10 35 4

0 38 44 19 -14 8 28 42

0 2 6 39 -10 5 6 14

0 5 6 64 -4 6 13 17

0 1 2 94 -3 7 18 25

0 0 1 96 -4 7 11 41

0 32 93 55 -11 29 34 20

0 16 45 85 -10 0 45 10

0 22 50 27 -15 19 23 8

0 2 6 88 -7 15 17 46

0 3 6 27 -14 8 17 45

0 0 1 21 -1 6 9 7

0 9 15 90 -9 27 45 4

0 4 15 19 -20 14 24 43

0 11 18 34 -5 35 39 17

0 3 15 51 -2 33 35 12

0 4 10 11 -4 25 31 14

0 20 24 46 -8 1 6 42

0 3 6 67 -18 5 22 5

0 0 1 51 -1 26 28 38

0 1 14 54 -14 4 18 44

0 1 7 19 -4 1 42 41

0 4 9 7 -11 3 10 42

0 0 1 12 -14 3 5 46


SAlphaB: 670.0, std-dev 250.84615974454513

Earliest win: 36
Latest win: 81

WinDepth:
0 0 0 0 0 0 0 0 0 0 0 0 0 0 0 0 0 0 0 0 0 0 0 0 0 0 0 0 0 0 0 0 0 0 0 0 1 11 0 8 26 2 0 23 4 18 2 31 45 102 74 259 174 145 105 171 113 174 132 197 178 255 242 304 282 343 400 376 473 356 473 445 419 369 374 338 233 207 165 125 101 73 
SAlphaB:
0 0 0 0 0 0 0 0 0 0 0 0 0 0 0 0 0 0 0 0 0 0 0 0 0 0 0 0 0 0 0 0 0 0 0 0 1 11 0 8 26 2 0 23 4 18 2 31 45 102 74 259 174 145 105 171 113 174 132 197 178 255 242 304 282 343 400 376 473 356 473 445 419 369 374 338 233 207 165 125 101 73 

LossDepth:
SAlphaB:
0 0 0 0 0 0 0 0 0 0 0 0 0 0 0 0 0 0 0 0 0 0 0 0 0 0 0 0 0 0 0 0 0 0 0 0 1 11 0 8 26 2 0 23 4 18 2 31 45 102 74 259 174 145 105 171 113 174 132 197 178 255 242 304 282 343 400 376 473 356 473 445 419 369 374 338 233 207 165 125 101 73 

FirstWin:
0 0 0 0 0 0 0 0 0 0 0 0 0 0 0 0 0 0 0 0 0 0 0 0 0 0 0 0 0 0 0 0 0 0 0 0 0 11 0 8 0 2 0 23 0 18 0 31 0 102 0 259 0 145 0 171 0 174 0 197 0 255 0 304 0 343 0 376 0 356 0 445 0 369 0 338 0 207 0 125 0 73 
SAlphaB:
0 0 0 0 0 0 0 0 0 0 0 0 0 0 0 0 0 0 0 0 0 0 0 0 0 0 0 0 0 0 0 0 0 0 0 0 0 11 0 8 0 2 0 23 0 18 0 31 0 102 0 259 0 145 0 171 0 174 0 197 0 255 0 304 0 343 0 376 0 356 0 445 0 369 0 338 0 207 0 125 0 73 

SecondWin:
0 0 0 0 0 0 0 0 0 0 0 0 0 0 0 0 0 0 0 0 0 0 0 0 0 0 0 0 0 0 0 0 0 0 0 0 1 0 0 0 26 0 0 0 4 0 2 0 45 0 74 0 174 0 105 0 113 0 132 0 178 0 242 0 282 0 400 0 473 0 473 0 419 0 374 0 233 0 165 0 101 0 
SAlphaB:
0 0 0 0 0 0 0 0 0 0 0 0 0 0 0 0 0 0 0 0 0 0 0 0 0 0 0 0 0 0 0 0 0 0 0 0 1 0 0 0 26 0 0 0 4 0 2 0 45 0 74 0 174 0 105 0 113 0 132 0 178 0 242 0 282 0 400 0 473 0 473 0 419 0 374 0 233 0 165 0 101 0 
