0 15 74 63 -5 6 10 18

0 29 39 14 -1 8 22 23

0 23 60 84 -8 0 5 28

0 64 77 19 -15 4 7 22

0 67 92 78 -6 0 5 15

0 11 13 9 -2 0 1 2

0 1 80 34 -4 8 21 14

0 39 47 94 -19 9 33 27

0 36 67 62 -16 13 47 39

0 45 82 85 -7 1 9 25

0 33 88 56 -13 2 24 38

0 61 75 25 -13 18 35 17

0 21 26 90 -12 18 24 18

0 64 98 69 -20 1 2 45

0 21 51 62 -11 6 17 6

0 19 50 99 -4 8 12 20

0 60 89 73 -18 8 15 43

0 37 43 15 -17 1 5 10

0 15 81 67 -13 11 21 11

0 48 85 28 -14 6 10 39

0 24 49 53 -3 16 30 5

0 28 48 75 -3 2 19 22

0 7 87 57 -18 0 9 19

0 24 78 22 -12 10 12 39

0 1 24 64 -4 10 18 20

0 42 56 72 -7 13 21 5

0 68 97 6 -15 17 34 3

0 19 67 48 -12 5 13 48

0 31 73 64 -5 16 29 6

0 42 46 12 -9 13 35 7

0 46 84 3 -17 21 25 49

0 49 77 79 -6 37 45 37

0 44 83 66 -19 12 48 24

0 31 58 8 -10 9 23 17

0 29 42 68 -7 4 10 29

0 16 24 44 -15 11 31 23

0 15 44 75 -15 1 11 12

0 8 41 17 -2 30 32 13

0 34 70 9 -12 1 39 37

0 43 64 92 -19 19 37 9

0 61 91 14 -8 4 47 29

0 16 82 36 -19 11 20 46

0 12 98 4 -6 11 36 46

0 1 52 62 -20 0 8 32

0 22 58 13 -4 10 43 11

0 20 43 48 -7 28 43 22

0 4 27 88 -9 7 10 28

0 26 59 39 -13 33 49 28

0 6 46 16 -19 1 2 16

0 35 42 68 -13 9 17 4

0 6 28 75 -11 6 21 46

0 0 25 79 -1 11 27 24

0 22 24 22 -13 7 36 13

0 40 73 85 -17 31 33 48

0 2 27 13 -9 6 27 28

0 1 9 66 -19 38 46 35

0 9 32 2 -11 35 45 43

0 8 21 4 -17 0 8 35

0 72 74 28 -6 2 12 45

0 5 89 29 -19 9 12 28

0 5 57 38 -17 8 13 47

0 27 76 4 -4 20 27 26

0 10 39 79 -13 8 35 12

0 88 95 97 -11 46 47 6

0 19 35 51 -10 6 12 39

0 2 15 24 -14 18 39 20

0 27 28 74 -18 17 32 24

0 80 89 21 -1 0 5 47

0 2 30 21 -9 39 47 13

0 14 61 68 -20 2 49 28

0 21 33 40 -6 11 23 48

0 21 66 34 -10 23 30 46

0 6 51 5 -11 3 5 49

0 0 37 0 -1 40 46 22

0 8 61 38 -15 9 26 48

0 17 20 95 -6 19 39 37

0 13 19 67 -3 14 21 44

0 30 45 51 -2 9 45 35

0 4 8 24 -9 38 40 37

0 6 7 88 -19 3 13 37

0 3 18 8 -16 0 25 0

0 27 51 24 -10 10 49 37

0 0 11 33 -19 6 28 21

0 12 13 67 -5 16 38 42

0 18 49 23 -13 12 27 48

0 19 35 83 -6 5 32 41

0 19 27 63 -13 10 30 47

0 1 5 73 -2 0 36 27

0 0 9 4 -11 16 23 31

0 9 16 75 -4 5 47 19

0 0 1 48 -5 3 10 49

0 1 9 98 -13 33 41 15

0 6 11 84 -8 15 43 41

0 1 4 48 -10 37 39 9

0 3 6 6 -9 11 20 34

0 3 4 40 -11 7 44 40

0 7 15 68 -13 14 43 23

0 1 25 80 -2 3 44 27

0 6 9 0 -5 17 18 43

0 2 3 96 -11 24 31 9


SAlphaB: 690.0, std-dev 258.47570798077254

Earliest win: 35
Latest win: 81

WinDepth:
0 0 0 0 0 0 0 0 0 0 0 0 0 0 0 0 0 0 0 0 0 0 0 0 0 0 0 0 0 0 0 0 0 0 0 2 0 4 0 3 3 4 5 12 22 17 21 32 27 68 75 200 76 123 72 167 98 201 118 206 165 243 234 310 292 357 444 371 493 441 426 469 448 384 380 352 282 262 213 117 91 53 
SAlphaB:
0 0 0 0 0 0 0 0 0 0 0 0 0 0 0 0 0 0 0 0 0 0 0 0 0 0 0 0 0 0 0 0 0 0 0 2 0 4 0 3 3 4 5 12 22 17 21 32 27 68 75 200 76 123 72 167 98 201 118 206 165 243 234 310 292 357 444 371 493 441 426 469 448 384 380 352 282 262 213 117 91 53 

LossDepth:
SAlphaB:
0 0 0 0 0 0 0 0 0 0 0 0 0 0 0 0 0 0 0 0 0 0 0 0 0 0 0 0 0 0 0 0 0 0 0 2 0 4 0 3 3 4 5 12 22 17 21 32 27 68 75 200 76 123 72 167 98 201 118 206 165 243 234 310 292 357 444 371 493 441 426 469 448 384 380 352 282 262 213 117 91 53 

FirstWin:
0 0 0 0 0 0 0 0 0 0 0 0 0 0 0 0 0 0 0 0 0 0 0 0 0 0 0 0 0 0 0 0 0 0 0 2 0 4 0 3 0 4 0 12 0 17 0 32 0 68 0 200 0 123 0 167 0 201 0 206 0 243 0 310 0 357 0 371 0 441 0 469 0 384 0 352 0 262 0 117 0 53 
SAlphaB:
0 0 0 0 0 0 0 0 0 0 0 0 0 0 0 0 0 0 0 0 0 0 0 0 0 0 0 0 0 0 0 0 0 0 0 2 0 4 0 3 0 4 0 12 0 17 0 32 0 68 0 200 0 123 0 167 0 201 0 206 0 243 0 310 0 357 0 371 0 441 0 469 0 384 0 352 0 262 0 117 0 53 

SecondWin:
0 0 0 0 0 0 0 0 0 0 0 0 0 0 0 0 0 0 0 0 0 0 0 0 0 0 0 0 0 0 0 0 0 0 0 0 0 0 0 0 3 0 5 0 22 0 21 0 27 0 75 0 76 0 72 0 98 0 118 0 165 0 234 0 292 0 444 0 493 0 426 0 448 0 380 0 282 0 213 0 91 0 
SAlphaB:
0 0 0 0 0 0 0 0 0 0 0 0 0 0 0 0 0 0 0 0 0 0 0 0 0 0 0 0 0 0 0 0 0 0 0 0 0 0 0 0 3 0 5 0 22 0 21 0 27 0 75 0 76 0 72 0 98 0 118 0 165 0 234 0 292 0 444 0 493 0 426 0 448 0 380 0 282 0 213 0 91 0 
