0 35 94 52 -19 4 19 15

0 69 92 38 -4 8 28 48

0 77 91 18 -4 20 26 21

0 10 41 27 -12 12 21 13

0 70 73 59 -18 6 13 19

0 28 47 63 -19 4 8 11

0 40 90 38 -16 1 5 1

0 1 18 88 -13 17 19 24

0 13 33 23 -14 4 5 4

0 75 95 14 -18 1 27 5

0 74 99 18 -20 3 6 30

0 48 92 9 -20 0 1 19

0 73 79 76 -15 0 8 12

0 76 89 74 -13 0 4 29

0 16 67 1 -12 1 2 29

0 7 64 53 -2 10 31 12

0 56 65 72 -20 37 49 18

0 81 84 9 -13 11 46 36

0 27 89 93 -11 10 11 15

0 18 78 41 -16 0 4 42

0 48 76 59 -10 9 13 12

0 33 62 3 -4 4 15 40

0 34 96 26 -13 26 43 43

0 36 72 37 -5 6 25 42

0 18 20 70 -11 2 5 0

0 9 61 61 -5 14 43 19

0 32 54 22 -3 5 6 27

0 93 98 3 -3 1 11 28

0 56 82 58 -7 21 31 7

0 72 84 30 -13 0 18 42

0 21 38 15 -7 2 21 47

0 38 69 88 -10 16 17 17

0 32 41 66 -8 2 4 24

0 19 84 43 -12 16 47 24

0 1 85 84 -12 34 43 41

0 43 46 96 -16 14 15 38

0 13 41 79 -9 0 1 34

0 30 65 75 -4 5 40 42

0 22 54 37 -9 3 27 6

0 95 96 45 -20 27 32 11

0 4 12 18 -7 6 10 3

0 39 77 76 -6 0 1 38

0 0 78 63 -20 20 31 49

0 71 80 0 -20 16 31 28

0 34 37 23 -2 19 49 3

0 44 66 50 -10 21 35 2

0 28 94 21 -6 0 3 48

0 20 74 13 -18 30 47 20

0 25 28 41 -3 3 7 33

0 33 40 37 -4 3 4 31

0 74 78 38 -1 3 4 13

0 9 83 55 -15 5 36 7

0 24 31 67 -6 9 26 29

0 28 35 25 -13 2 14 4

0 25 30 49 -10 4 31 22

0 8 25 32 -9 36 42 18

0 20 98 6 -18 14 42 12

0 15 47 33 -20 11 47 3

0 4 27 96 -14 10 23 20

0 14 41 4 -2 5 12 25

0 0 86 7 -15 35 38 48

0 23 36 79 -18 1 32 33

0 14 41 63 -11 22 39 40

0 12 75 38 -8 14 16 7

0 50 93 21 -16 12 15 1

0 15 25 0 -9 18 37 7

0 49 56 60 -17 25 42 44

0 6 16 89 -4 7 25 16

0 32 47 7 -17 6 47 31

0 1 45 75 -4 0 4 11

0 4 27 14 -11 19 47 46

0 11 93 91 -15 2 41 13

0 31 52 8 -15 3 38 20

0 0 2 30 -13 22 25 35

0 1 16 30 -4 9 32 11

0 29 50 31 -5 26 35 36

0 0 24 62 -3 3 8 33

0 4 81 91 -4 19 48 47

0 0 1 7 -13 18 32 13

0 6 11 19 -15 11 38 49

0 7 8 48 -8 11 15 29

0 12 16 41 -1 39 44 18

0 8 10 5 -16 3 6 8

0 10 11 10 -19 23 45 1

0 11 29 49 -6 11 22 29

0 18 20 78 -1 8 38 21

0 44 75 28 -13 24 41 15

0 1 5 10 -4 3 12 16

0 2 14 5 -16 4 22 18

0 6 7 53 -19 2 39 47

0 5 24 93 -19 5 39 33

0 6 16 38 -7 0 2 27

0 1 2 5 -5 14 45 27

0 4 13 91 -11 9 34 45

0 9 19 19 -12 5 49 43

0 6 13 58 -14 4 35 24

0 0 4 62 -17 1 18 7

0 1 3 62 -4 4 26 20

0 0 6 46 -8 0 9 49

0 0 8 0 -4 21 25 45


SAlphaB: 681.0, std-dev 252.89744158372966

Earliest win: 37
Latest win: 81

WinDepth:
0 0 0 0 0 0 0 0 0 0 0 0 0 0 0 0 0 0 0 0 0 0 0 0 0 0 0 0 0 0 0 0 0 0 0 0 0 3 3 1 2 8 5 13 5 21 16 34 18 46 59 198 71 95 77 197 117 198 160 189 143 266 218 285 272 398 389 403 430 391 450 473 440 417 422 350 311 272 227 118 99 67 
SAlphaB:
0 0 0 0 0 0 0 0 0 0 0 0 0 0 0 0 0 0 0 0 0 0 0 0 0 0 0 0 0 0 0 0 0 0 0 0 0 3 3 1 2 8 5 13 5 21 16 34 18 46 59 198 71 95 77 197 117 198 160 189 143 266 218 285 272 398 389 403 430 391 450 473 440 417 422 350 311 272 227 118 99 67 

LossDepth:
SAlphaB:
0 0 0 0 0 0 0 0 0 0 0 0 0 0 0 0 0 0 0 0 0 0 0 0 0 0 0 0 0 0 0 0 0 0 0 0 0 3 3 1 2 8 5 13 5 21 16 34 18 46 59 198 71 95 77 197 117 198 160 189 143 266 218 285 272 398 389 403 430 391 450 473 440 417 422 350 311 272 227 118 99 67 

FirstWin:
0 0 0 0 0 0 0 0 0 0 0 0 0 0 0 0 0 0 0 0 0 0 0 0 0 0 0 0 0 0 0 0 0 0 0 0 0 3 0 1 0 8 0 13 0 21 0 34 0 46 0 198 0 95 0 197 0 198 0 189 0 266 0 285 0 398 0 403 0 391 0 473 0 417 0 350 0 272 0 118 0 67 
SAlphaB:
0 0 0 0 0 0 0 0 0 0 0 0 0 0 0 0 0 0 0 0 0 0 0 0 0 0 0 0 0 0 0 0 0 0 0 0 0 3 0 1 0 8 0 13 0 21 0 34 0 46 0 198 0 95 0 197 0 198 0 189 0 266 0 285 0 398 0 403 0 391 0 473 0 417 0 350 0 272 0 118 0 67 

SecondWin:
0 0 0 0 0 0 0 0 0 0 0 0 0 0 0 0 0 0 0 0 0 0 0 0 0 0 0 0 0 0 0 0 0 0 0 0 0 0 3 0 2 0 5 0 5 0 16 0 18 0 59 0 71 0 77 0 117 0 160 0 143 0 218 0 272 0 389 0 430 0 450 0 440 0 422 0 311 0 227 0 99 0 
SAlphaB:
0 0 0 0 0 0 0 0 0 0 0 0 0 0 0 0 0 0 0 0 0 0 0 0 0 0 0 0 0 0 0 0 0 0 0 0 0 0 3 0 2 0 5 0 5 0 16 0 18 0 59 0 71 0 77 0 117 0 160 0 143 0 218 0 272 0 389 0 430 0 450 0 440 0 422 0 311 0 227 0 99 0 
