0 28 84 31 -6 1 4 13

0 65 89 38 -12 9 16 9

0 44 76 62 -8 5 7 0

0 38 71 16 -19 6 18 27

0 35 96 40 -2 8 15 31

0 47 99 72 -15 9 15 24

0 43 45 80 -20 0 1 28

0 36 97 86 -2 0 29 1

0 12 77 59 -18 5 13 22

0 0 84 77 -13 5 6 15

0 22 57 82 -4 2 14 1

0 69 70 70 -8 10 34 37

0 37 44 1 -20 2 5 43

0 88 98 33 -14 4 23 7

0 30 56 22 -8 0 22 5

0 8 66 47 -16 0 1 25

0 14 63 24 -11 4 6 36

0 37 68 94 -13 0 6 14

0 68 79 99 -6 0 24 0

0 26 37 60 -6 7 17 13

0 72 85 46 -18 6 8 41

0 45 65 52 -17 14 47 34

0 47 92 8 -14 27 43 2

0 27 39 69 -11 3 4 26

0 11 42 62 -16 3 5 21

0 54 91 37 -5 21 46 38

0 56 91 9 -1 6 7 10

0 83 97 97 -20 10 22 29

0 52 66 56 -16 0 4 32

0 34 84 68 -17 3 21 48

0 23 82 81 -10 10 42 22

0 15 76 23 -5 7 23 19

0 44 55 40 -19 6 11 23

0 37 53 78 -10 7 18 30

0 16 88 70 -16 8 33 28

0 21 39 29 -15 1 4 41

0 27 36 76 -9 13 19 39

0 11 15 38 -6 39 47 9

0 8 30 18 -9 3 9 19

0 35 55 92 -9 39 48 39

0 37 53 31 -5 10 12 40

0 9 45 98 -20 0 3 49

0 57 84 22 -14 18 40 14

0 24 38 8 -2 24 29 9

0 14 41 92 -8 1 17 9

0 30 35 94 -11 2 4 35

0 23 31 72 -7 15 33 32

0 0 18 62 -6 10 24 15

0 57 67 41 -7 9 45 35

0 4 22 82 -14 4 6 10

0 9 18 59 -17 9 11 6

0 33 43 23 -9 3 12 38

0 10 14 69 -13 4 5 15

0 2 15 83 -20 1 4 11

0 11 64 42 -15 0 15 46

0 55 70 98 -10 4 7 45

0 36 47 46 -5 3 12 48

0 21 30 1 -17 8 10 15

0 36 44 67 -1 0 33 35

0 15 19 70 -17 4 42 4

0 7 38 36 -12 4 10 43

0 38 44 72 -4 22 25 30

0 14 19 95 -5 33 35 16

0 9 13 54 -18 7 11 36

0 12 38 58 -5 18 36 11

0 26 93 12 -8 25 35 13

0 5 35 21 -8 1 5 13

0 20 27 85 -20 34 38 28

0 54 65 76 -10 30 37 40

0 24 38 57 -16 25 29 17

0 11 22 23 -10 1 23 8

0 7 14 97 -7 19 42 20

0 11 23 71 -5 10 21 39

0 22 27 90 -8 17 41 27

0 1 4 13 -7 2 30 6

0 5 9 40 -20 8 14 45

0 5 11 58 -9 3 10 3

0 0 2 51 -7 29 30 35

0 15 29 29 -15 9 14 31

0 24 25 8 -3 10 49 19

0 9 17 89 -16 9 31 3

0 25 37 2 -16 32 46 44

0 2 44 18 -5 24 44 37

0 44 53 20 -17 23 30 49

0 1 2 49 -6 15 35 26

0 9 19 0 -19 34 44 36

0 4 7 80 -6 13 40 17

0 0 1 40 -12 7 36 34

0 24 42 28 -4 23 26 47

0 1 10 83 -19 4 5 17

0 7 20 90 -18 17 34 6

0 2 5 40 -15 1 6 33

0 12 33 12 -5 36 41 37

0 14 19 7 -2 24 48 33

0 9 15 91 -7 33 34 23

0 15 20 8 -3 6 20 49

0 1 9 4 -7 2 5 32

0 4 16 4 -4 4 13 42

0 2 33 84 -20 2 47 48

0 0 8 89 -1 25 48 11


SAlphaB: 659.0, std-dev 240.8048927319301

Earliest win: 37
Latest win: 81

WinDepth:
0 0 0 0 0 0 0 0 0 0 0 0 0 0 0 0 0 0 0 0 0 0 0 0 0 0 0 0 0 0 0 0 0 0 0 0 0 5 0 2 0 4 1 17 16 21 18 55 19 53 59 151 68 138 98 181 97 197 108 186 169 245 240 339 333 329 443 411 461 407 452 399 415 395 432 345 315 260 174 137 99 66 
SAlphaB:
0 0 0 0 0 0 0 0 0 0 0 0 0 0 0 0 0 0 0 0 0 0 0 0 0 0 0 0 0 0 0 0 0 0 0 0 0 5 0 2 0 4 1 17 16 21 18 55 19 53 59 151 68 138 98 181 97 197 108 186 169 245 240 339 333 329 443 411 461 407 452 399 415 395 432 345 315 260 174 137 99 66 

LossDepth:
SAlphaB:
0 0 0 0 0 0 0 0 0 0 0 0 0 0 0 0 0 0 0 0 0 0 0 0 0 0 0 0 0 0 0 0 0 0 0 0 0 5 0 2 0 4 1 17 16 21 18 55 19 53 59 151 68 138 98 181 97 197 108 186 169 245 240 339 333 329 443 411 461 407 452 399 415 395 432 345 315 260 174 137 99 66 

FirstWin:
0 0 0 0 0 0 0 0 0 0 0 0 0 0 0 0 0 0 0 0 0 0 0 0 0 0 0 0 0 0 0 0 0 0 0 0 0 5 0 2 0 4 0 17 0 21 0 55 0 53 0 151 0 138 0 181 0 197 0 186 0 245 0 339 0 329 0 411 0 407 0 399 0 395 0 345 0 260 0 137 0 66 
SAlphaB:
0 0 0 0 0 0 0 0 0 0 0 0 0 0 0 0 0 0 0 0 0 0 0 0 0 0 0 0 0 0 0 0 0 0 0 0 0 5 0 2 0 4 0 17 0 21 0 55 0 53 0 151 0 138 0 181 0 197 0 186 0 245 0 339 0 329 0 411 0 407 0 399 0 395 0 345 0 260 0 137 0 66 

SecondWin:
0 0 0 0 0 0 0 0 0 0 0 0 0 0 0 0 0 0 0 0 0 0 0 0 0 0 0 0 0 0 0 0 0 0 0 0 0 0 0 0 0 0 1 0 16 0 18 0 19 0 59 0 68 0 98 0 97 0 108 0 169 0 240 0 333 0 443 0 461 0 452 0 415 0 432 0 315 0 174 0 99 0 
SAlphaB:
0 0 0 0 0 0 0 0 0 0 0 0 0 0 0 0 0 0 0 0 0 0 0 0 0 0 0 0 0 0 0 0 0 0 0 0 0 0 0 0 0 0 1 0 16 0 18 0 19 0 59 0 68 0 98 0 97 0 108 0 169 0 240 0 333 0 443 0 461 0 452 0 415 0 432 0 315 0 174 0 99 0 
