0 45 90 77 -12 9 29 11

0 20 78 52 -1 5 19 9

0 72 75 71 -6 11 46 10

0 28 89 68 -20 8 18 23

0 39 59 88 -1 10 25 16

0 54 86 44 -7 5 17 5

0 29 98 69 -7 9 16 23

0 6 52 80 -3 26 45 5

0 61 74 23 -13 13 14 45

0 41 63 18 -10 10 17 24

0 4 39 10 -5 2 3 7

0 31 44 37 -20 9 17 6

0 79 80 74 -11 8 45 47

0 34 80 93 -11 1 34 33

0 13 86 95 -4 3 10 39

0 53 59 36 -2 3 5 9

0 38 90 97 -12 38 45 25

0 29 79 21 -5 10 19 7

0 62 73 3 -11 0 1 34

0 1 74 36 -19 0 8 9

0 15 24 87 -12 12 15 17

0 14 27 48 -5 7 10 4

0 35 47 7 -7 2 7 36

0 47 71 19 -14 9 10 22

0 20 36 16 -1 8 12 5

0 76 81 89 -13 1 10 8

0 28 50 6 -18 11 15 40

0 24 45 58 -12 7 8 10

0 8 43 87 -7 17 31 35

0 66 92 25 -10 24 42 16

0 85 91 4 -7 7 9 7

0 6 67 72 -8 0 3 37

0 41 59 32 -2 10 40 17

0 50 64 0 -1 13 46 1

0 8 99 72 -9 0 5 30

0 49 79 73 -2 18 24 12

0 48 64 0 -6 5 45 39

0 21 73 87 -3 19 23 13

0 79 89 11 -14 38 47 15

0 16 61 80 -10 27 29 20

0 1 86 57 -10 9 40 16

0 8 82 78 -9 17 46 38

0 21 25 80 -13 25 32 29

0 9 19 38 -1 9 13 27

0 22 50 61 -10 2 48 5

0 5 11 23 -5 15 43 15

0 5 83 49 -16 26 32 48

0 31 57 40 -14 8 16 11

0 13 63 69 -1 9 12 33

0 20 48 57 -12 4 5 44

0 7 34 38 -14 17 33 14

0 14 36 59 -4 9 10 2

0 44 64 16 -14 14 17 42

0 5 37 41 -9 1 2 26

0 20 51 31 -9 0 41 49

0 9 16 91 -1 12 14 36

0 17 22 86 -13 1 13 27

0 54 66 72 -3 38 48 7

0 18 38 38 -9 35 45 15

0 16 95 25 -4 23 36 47

0 0 27 2 -4 38 40 4

0 32 33 5 -10 34 36 24

0 2 5 76 -18 4 10 8

0 7 41 21 -10 22 45 25

0 14 18 30 -11 4 8 48

0 27 29 4 -1 8 11 49

0 2 25 99 -17 7 30 26

0 13 17 1 -19 43 45 9

0 11 31 27 -2 5 18 43

0 0 13 36 -8 25 26 4

0 9 28 68 -2 8 10 36

0 4 71 24 -14 4 44 22

0 13 30 23 -18 4 27 7

0 5 19 42 -3 30 49 6

0 4 20 0 -19 18 25 16

0 3 5 40 -13 29 40 42

0 9 12 29 -15 0 12 41

0 11 21 25 -7 33 43 44

0 12 35 50 -12 1 39 43

0 17 27 62 -18 5 37 21

0 4 5 68 -12 12 41 0

0 2 16 55 -3 9 27 16

0 0 1 64 -5 2 6 8

0 65 72 26 -20 36 38 6

0 10 12 29 -3 0 4 22

0 31 33 11 -9 1 40 41

0 5 45 36 -2 37 49 49

0 2 3 24 -7 14 17 24

0 6 16 66 -3 21 38 25

0 1 5 73 -15 19 45 11

0 10 30 2 -13 8 42 33

0 3 43 75 -15 25 31 46

0 6 24 86 -10 25 40 16

0 3 4 59 -7 20 23 33

0 0 17 69 -6 33 43 11

0 5 29 8 -13 14 45 22

0 0 32 10 -17 14 16 47

0 0 7 80 -19 17 21 10

0 22 40 10 -1 9 47 37

0 4 37 7 -16 33 44 6


SAlphaB: 646.0, std-dev 262.21702698799754

Earliest win: 37
Latest win: 81

WinDepth:
0 0 0 0 0 0 0 0 0 0 0 0 0 0 0 0 0 0 0 0 0 0 0 0 0 0 0 0 0 0 0 0 0 0 0 0 0 3 0 5 9 19 2 21 17 32 7 41 33 69 70 178 132 108 95 192 146 157 136 195 157 248 194 265 302 344 426 367 452 370 459 424 453 432 404 345 254 249 188 164 104 56 
SAlphaB:
0 0 0 0 0 0 0 0 0 0 0 0 0 0 0 0 0 0 0 0 0 0 0 0 0 0 0 0 0 0 0 0 0 0 0 0 0 3 0 5 9 19 2 21 17 32 7 41 33 69 70 178 132 108 95 192 146 157 136 195 157 248 194 265 302 344 426 367 452 370 459 424 453 432 404 345 254 249 188 164 104 56 

LossDepth:
SAlphaB:
0 0 0 0 0 0 0 0 0 0 0 0 0 0 0 0 0 0 0 0 0 0 0 0 0 0 0 0 0 0 0 0 0 0 0 0 0 3 0 5 9 19 2 21 17 32 7 41 33 69 70 178 132 108 95 192 146 157 136 195 157 248 194 265 302 344 426 367 452 370 459 424 453 432 404 345 254 249 188 164 104 56 

FirstWin:
0 0 0 0 0 0 0 0 0 0 0 0 0 0 0 0 0 0 0 0 0 0 0 0 0 0 0 0 0 0 0 0 0 0 0 0 0 3 0 5 0 19 0 21 0 32 0 41 0 69 0 178 0 108 0 192 0 157 0 195 0 248 0 265 0 344 0 367 0 370 0 424 0 432 0 345 0 249 0 164 0 56 
SAlphaB:
0 0 0 0 0 0 0 0 0 0 0 0 0 0 0 0 0 0 0 0 0 0 0 0 0 0 0 0 0 0 0 0 0 0 0 0 0 3 0 5 0 19 0 21 0 32 0 41 0 69 0 178 0 108 0 192 0 157 0 195 0 248 0 265 0 344 0 367 0 370 0 424 0 432 0 345 0 249 0 164 0 56 

SecondWin:
0 0 0 0 0 0 0 0 0 0 0 0 0 0 0 0 0 0 0 0 0 0 0 0 0 0 0 0 0 0 0 0 0 0 0 0 0 0 0 0 9 0 2 0 17 0 7 0 33 0 70 0 132 0 95 0 146 0 136 0 157 0 194 0 302 0 426 0 452 0 459 0 453 0 404 0 254 0 188 0 104 0 
SAlphaB:
0 0 0 0 0 0 0 0 0 0 0 0 0 0 0 0 0 0 0 0 0 0 0 0 0 0 0 0 0 0 0 0 0 0 0 0 0 0 0 0 9 0 2 0 17 0 7 0 33 0 70 0 132 0 95 0 146 0 136 0 157 0 194 0 302 0 426 0 452 0 459 0 453 0 404 0 254 0 188 0 104 0 
