0 53 88 35 -15 10 13 25

0 30 97 52 -4 8 17 40

0 39 96 88 -18 2 13 31

0 47 73 31 -18 6 20 32

0 33 81 87 -17 17 20 37

0 2 78 71 -19 40 43 5

0 40 52 92 -9 8 26 33

0 45 91 6 -18 1 9 37

0 35 88 83 -19 19 41 39

0 8 59 37 -8 3 23 28

0 65 90 86 -16 2 9 39

0 43 94 39 -14 3 49 2

0 9 28 40 -17 5 12 12

0 38 49 82 -16 39 45 44

0 36 54 72 -1 4 32 15

0 26 34 79 -2 41 49 15

0 40 67 72 -1 3 14 37

0 15 81 57 -9 7 26 2

0 36 87 77 -10 14 20 8

0 85 90 74 -18 2 7 10

0 3 67 75 -10 33 37 13

0 9 78 28 -20 12 26 41

0 22 38 98 -3 13 22 2

0 32 53 38 -6 33 38 18

0 32 33 75 -18 5 7 39

0 2 48 44 -12 10 19 22

0 42 48 96 -20 5 10 25

0 17 65 1 -20 5 18 26

0 13 22 34 -5 2 5 28

0 73 78 42 -19 4 41 13

0 84 86 68 -4 2 8 44

0 49 64 71 -6 7 27 42

0 40 48 74 -9 1 3 12

0 40 67 47 -19 19 39 48

0 7 86 28 -8 3 11 34

0 5 33 41 -19 5 6 9

0 16 58 73 -8 4 5 28

0 41 60 63 -9 0 5 39

0 22 39 21 -5 0 12 34

0 20 24 92 -14 41 44 15

0 18 19 32 -20 0 1 6

0 23 55 70 -4 0 3 46

0 23 66 11 -12 17 35 19

0 33 84 86 -2 43 47 36

0 5 43 45 -20 2 26 24

0 29 93 5 -3 43 46 46

0 45 46 11 -5 33 34 1

0 35 66 72 -6 2 3 39

0 47 53 59 -16 5 40 33

0 16 41 32 -18 8 12 41

0 18 26 85 -12 15 24 1

0 27 28 85 -6 18 22 43

0 14 65 23 -11 7 16 42

0 6 66 36 -19 3 13 0

0 26 66 27 -13 18 49 26

0 14 35 64 -4 2 25 37

0 29 32 91 -7 13 18 18

0 16 17 93 -7 11 41 19

0 34 36 43 -5 0 2 18

0 4 68 24 -10 3 5 28

0 0 79 92 -11 2 4 44

0 24 40 74 -18 8 41 2

0 2 94 89 -8 0 2 12

0 13 67 98 -11 35 49 39

0 27 97 13 -14 19 26 2

0 53 68 79 -11 18 20 45

0 38 41 4 -2 11 14 15

0 45 61 40 -10 42 45 45

0 48 62 18 -3 0 35 23

0 33 41 28 -15 34 46 1

0 3 34 76 -2 3 6 45

0 9 19 59 -2 12 39 37

0 2 13 21 -19 44 45 23

0 69 82 38 -19 32 42 10

0 10 19 80 -16 0 18 32

0 1 16 22 -17 4 12 9

0 27 57 17 -16 14 26 25

0 25 35 68 -12 15 27 41

0 12 22 56 -15 21 24 39

0 11 25 4 -17 8 36 2

0 8 49 8 -9 3 44 2

0 19 36 66 -9 13 23 46

0 3 76 29 -1 26 39 32

0 8 11 63 -16 13 39 4

0 4 49 10 -12 23 44 0

0 5 40 74 -12 19 39 1

0 5 7 26 -17 9 28 27

0 4 25 88 -18 8 38 30

0 14 21 96 -15 20 25 9

0 1 3 99 -12 5 20 1

0 5 8 59 -12 42 47 18

0 10 12 83 -19 4 42 33

0 1 2 54 -4 23 28 41

0 2 9 92 -3 1 11 16

0 0 2 45 -17 16 25 4

0 2 93 16 -16 7 29 47

0 4 6 83 -20 17 28 0

0 10 13 98 -19 5 9 2

0 1 22 69 -2 1 4 20

0 1 4 50 -19 12 14 6


SAlphaB: 686.0, std-dev 246.76031330467674

Earliest win: 35
Latest win: 81

WinDepth:
0 0 0 0 0 0 0 0 0 0 0 0 0 0 0 0 0 0 0 0 0 0 0 0 0 0 0 0 0 0 0 0 0 0 0 1 0 2 0 2 0 10 8 21 21 29 18 24 32 77 114 138 148 135 108 216 120 180 148 163 162 190 253 358 336 323 412 381 493 388 503 467 396 385 412 325 256 234 177 131 93 84 
SAlphaB:
0 0 0 0 0 0 0 0 0 0 0 0 0 0 0 0 0 0 0 0 0 0 0 0 0 0 0 0 0 0 0 0 0 0 0 1 0 2 0 2 0 10 8 21 21 29 18 24 32 77 114 138 148 135 108 216 120 180 148 163 162 190 253 358 336 323 412 381 493 388 503 467 396 385 412 325 256 234 177 131 93 84 

LossDepth:
SAlphaB:
0 0 0 0 0 0 0 0 0 0 0 0 0 0 0 0 0 0 0 0 0 0 0 0 0 0 0 0 0 0 0 0 0 0 0 1 0 2 0 2 0 10 8 21 21 29 18 24 32 77 114 138 148 135 108 216 120 180 148 163 162 190 253 358 336 323 412 381 493 388 503 467 396 385 412 325 256 234 177 131 93 84 

FirstWin:
0 0 0 0 0 0 0 0 0 0 0 0 0 0 0 0 0 0 0 0 0 0 0 0 0 0 0 0 0 0 0 0 0 0 0 1 0 2 0 2 0 10 0 21 0 29 0 24 0 77 0 138 0 135 0 216 0 180 0 163 0 190 0 358 0 323 0 381 0 388 0 467 0 385 0 325 0 234 0 131 0 84 
SAlphaB:
0 0 0 0 0 0 0 0 0 0 0 0 0 0 0 0 0 0 0 0 0 0 0 0 0 0 0 0 0 0 0 0 0 0 0 1 0 2 0 2 0 10 0 21 0 29 0 24 0 77 0 138 0 135 0 216 0 180 0 163 0 190 0 358 0 323 0 381 0 388 0 467 0 385 0 325 0 234 0 131 0 84 

SecondWin:
0 0 0 0 0 0 0 0 0 0 0 0 0 0 0 0 0 0 0 0 0 0 0 0 0 0 0 0 0 0 0 0 0 0 0 0 0 0 0 0 0 0 8 0 21 0 18 0 32 0 114 0 148 0 108 0 120 0 148 0 162 0 253 0 336 0 412 0 493 0 503 0 396 0 412 0 256 0 177 0 93 0 
SAlphaB:
0 0 0 0 0 0 0 0 0 0 0 0 0 0 0 0 0 0 0 0 0 0 0 0 0 0 0 0 0 0 0 0 0 0 0 0 0 0 0 0 0 0 8 0 21 0 18 0 32 0 114 0 148 0 108 0 120 0 148 0 162 0 253 0 336 0 412 0 493 0 503 0 396 0 412 0 256 0 177 0 93 0 
