0 42 83 37 -17 1 18 34

0 53 82 92 -12 4 33 45

0 84 88 6 -15 14 47 3

0 32 63 50 -20 2 7 1

0 79 87 74 -15 8 27 45

0 44 93 27 -1 4 30 42

0 34 46 76 -7 8 17 2

0 60 84 5 -4 6 39 11

0 31 73 34 -15 8 26 4

0 38 95 69 -10 4 5 12

0 41 88 45 -19 4 27 22

0 48 94 94 -11 22 23 45

0 0 78 73 -2 18 28 44

0 21 27 52 -18 14 17 9

0 33 66 50 -2 3 10 25

0 5 19 20 -15 6 7 1

0 64 83 20 -9 15 28 35

0 64 91 78 -9 3 47 11

0 46 82 83 -9 41 48 32

0 30 46 4 -15 33 39 12

0 34 57 77 -4 18 20 20

0 11 96 52 -6 2 10 15

0 42 52 76 -19 1 10 34

0 26 41 2 -3 3 8 20

0 20 95 10 -20 17 28 40

0 12 45 75 -3 10 26 28

0 78 79 8 -2 4 42 18

0 17 43 85 -5 3 5 34

0 49 91 77 -10 35 36 12

0 49 63 3 -19 1 5 40

0 5 43 57 -7 29 31 13

0 4 95 42 -18 0 4 30

0 45 50 90 -3 41 43 21

0 36 66 73 -3 7 9 36

0 19 24 50 -9 11 22 1

0 28 68 74 -7 9 42 6

0 10 50 7 -6 25 44 38

0 59 64 17 -4 17 34 33

0 20 61 37 -17 1 14 19

0 50 84 27 -7 15 44 48

0 4 54 45 -14 0 3 43

0 33 68 81 -11 15 48 4

0 2 31 80 -2 9 11 0

0 19 35 55 -6 10 12 5

0 55 56 23 -8 2 42 32

0 3 23 83 -17 12 28 45

0 7 65 77 -16 23 45 4

0 20 88 7 -5 20 31 23

0 56 84 47 -4 28 37 30

0 6 8 81 -17 19 46 28

0 8 40 21 -7 23 30 16

0 28 30 89 -16 13 21 29

0 49 66 70 -15 0 2 9

0 8 80 65 -14 4 17 44

0 2 6 63 -8 4 7 19

0 35 71 91 -6 0 9 38

0 70 78 29 -12 1 3 27

0 1 31 73 -15 12 13 28

0 37 38 99 -16 4 33 7

0 5 75 23 -15 9 38 28

0 23 56 66 -20 19 44 40

0 19 63 7 -8 11 32 26

0 6 20 87 -2 14 24 37

0 9 31 42 -7 12 16 30

0 18 43 49 -8 1 25 46

0 4 32 66 -6 3 10 49

0 7 14 99 -3 12 35 40

0 36 44 54 -1 15 24 48

0 9 64 28 -8 2 18 22

0 9 22 85 -14 16 18 12

0 13 31 85 -20 24 34 47

0 12 15 85 -12 3 17 17

0 1 8 6 -8 26 28 13

0 17 24 28 -18 25 41 17

0 13 33 51 -17 9 15 49

0 11 56 5 -16 8 46 46

0 7 24 82 -6 11 38 35

0 77 80 41 -17 28 31 46

0 47 69 55 -4 0 12 33

0 11 29 49 -12 13 24 39

0 1 11 88 -15 4 15 3

0 27 54 31 -10 17 32 30

0 14 15 62 -17 38 41 25

0 13 35 15 -2 24 38 38

0 5 11 0 -19 2 3 8

0 8 50 14 -3 23 26 49

0 0 1 68 -13 8 12 13

0 14 49 59 -2 3 43 48

0 2 34 64 -6 4 25 23

0 4 20 99 -16 0 3 49

0 1 2 85 -16 5 45 3

0 10 19 15 -1 4 33 33

0 0 10 74 -2 13 34 1

0 1 6 29 -4 12 49 34

0 14 26 71 -14 3 29 48

0 1 3 69 -20 40 41 27

0 0 1 75 -8 9 12 45

0 1 3 67 -12 29 45 8

0 10 18 61 -17 19 24 0

0 4 10 44 -4 10 13 44


SAlphaB: 678.0, std-dev 246.22329840363946

Earliest win: 37
Latest win: 81

WinDepth:
0 0 0 0 0 0 0 0 0 0 0 0 0 0 0 0 0 0 0 0 0 0 0 0 0 0 0 0 0 0 0 0 0 0 0 0 0 5 0 1 13 3 2 12 11 11 25 46 48 48 61 175 93 101 99 173 102 233 121 183 150 242 245 326 327 344 415 308 464 421 454 462 423 413 404 355 246 219 175 162 114 74 
SAlphaB:
0 0 0 0 0 0 0 0 0 0 0 0 0 0 0 0 0 0 0 0 0 0 0 0 0 0 0 0 0 0 0 0 0 0 0 0 0 5 0 1 13 3 2 12 11 11 25 46 48 48 61 175 93 101 99 173 102 233 121 183 150 242 245 326 327 344 415 308 464 421 454 462 423 413 404 355 246 219 175 162 114 74 

LossDepth:
SAlphaB:
0 0 0 0 0 0 0 0 0 0 0 0 0 0 0 0 0 0 0 0 0 0 0 0 0 0 0 0 0 0 0 0 0 0 0 0 0 5 0 1 13 3 2 12 11 11 25 46 48 48 61 175 93 101 99 173 102 233 121 183 150 242 245 326 327 344 415 308 464 421 454 462 423 413 404 355 246 219 175 162 114 74 

FirstWin:
0 0 0 0 0 0 0 0 0 0 0 0 0 0 0 0 0 0 0 0 0 0 0 0 0 0 0 0 0 0 0 0 0 0 0 0 0 5 0 1 0 3 0 12 0 11 0 46 0 48 0 175 0 101 0 173 0 233 0 183 0 242 0 326 0 344 0 308 0 421 0 462 0 413 0 355 0 219 0 162 0 74 
SAlphaB:
0 0 0 0 0 0 0 0 0 0 0 0 0 0 0 0 0 0 0 0 0 0 0 0 0 0 0 0 0 0 0 0 0 0 0 0 0 5 0 1 0 3 0 12 0 11 0 46 0 48 0 175 0 101 0 173 0 233 0 183 0 242 0 326 0 344 0 308 0 421 0 462 0 413 0 355 0 219 0 162 0 74 

SecondWin:
0 0 0 0 0 0 0 0 0 0 0 0 0 0 0 0 0 0 0 0 0 0 0 0 0 0 0 0 0 0 0 0 0 0 0 0 0 0 0 0 13 0 2 0 11 0 25 0 48 0 61 0 93 0 99 0 102 0 121 0 150 0 245 0 327 0 415 0 464 0 454 0 423 0 404 0 246 0 175 0 114 0 
SAlphaB:
0 0 0 0 0 0 0 0 0 0 0 0 0 0 0 0 0 0 0 0 0 0 0 0 0 0 0 0 0 0 0 0 0 0 0 0 0 0 0 0 13 0 2 0 11 0 25 0 48 0 61 0 93 0 99 0 102 0 121 0 150 0 245 0 327 0 415 0 464 0 454 0 423 0 404 0 246 0 175 0 114 0 
