0 28 69 0 -17 2 14 0

0 22 89 50 -9 2 9 19

0 9 18 33 -5 0 3 4

0 42 47 95 -19 1 8 34

0 17 44 77 -10 31 33 13

0 53 99 6 -10 1 38 18

0 57 84 37 -11 6 29 2

0 83 88 55 -19 9 36 27

0 69 76 92 -11 2 9 37

0 50 65 63 -18 0 26 39

0 79 94 13 -9 13 19 24

0 25 43 57 -14 23 39 12

0 32 77 84 -2 3 7 21

0 26 70 31 -12 6 14 33

0 33 38 3 -4 4 8 15

0 46 68 44 -10 0 10 13

0 69 85 67 -9 7 14 26

0 16 45 96 -15 21 32 6

0 48 75 80 -19 4 28 19

0 23 53 51 -5 3 15 1

0 7 81 14 -9 11 24 25

0 1 46 16 -2 43 47 11

0 23 61 41 -20 17 45 28

0 15 37 16 -10 5 19 19

0 45 84 10 -4 1 3 16

0 28 45 68 -17 6 13 3

0 64 79 36 -19 6 10 22

0 13 51 96 -4 27 45 39

0 86 97 22 -17 10 24 46

0 26 39 75 -14 0 20 24

0 22 95 39 -15 40 45 5

0 54 68 0 -15 20 48 6

0 53 63 39 -12 8 43 18

0 52 58 56 -1 7 36 44

0 2 78 23 -2 0 11 9

0 33 66 85 -20 7 11 7

0 50 81 46 -7 17 24 31

0 6 27 22 -15 3 7 11

0 44 87 66 -15 36 47 40

0 41 44 9 -11 34 36 19

0 31 54 20 -11 0 1 36

0 20 84 34 -11 16 30 34

0 9 94 91 -2 10 39 10

0 34 38 65 -10 4 24 26

0 30 90 90 -15 9 11 13

0 26 37 71 -1 21 35 19

0 16 27 99 -18 24 32 1

0 15 20 77 -2 3 12 10

0 60 65 75 -2 8 11 42

0 32 70 28 -20 7 29 17

0 48 72 93 -12 16 25 43

0 56 66 85 -5 5 8 24

0 33 49 30 -11 5 27 20

0 26 62 12 -6 27 41 14

0 0 56 90 -20 24 39 46

0 7 72 38 -19 34 36 44

0 19 54 10 -13 31 34 41

0 46 79 90 -12 0 8 47

0 68 86 45 -15 22 25 33

0 4 45 67 -3 9 33 24

0 13 94 74 -8 2 11 44

0 21 22 88 -3 7 22 40

0 22 55 55 -14 9 39 18

0 3 14 55 -12 18 20 22

0 10 51 26 -2 19 30 37

0 8 75 0 -2 6 20 25

0 10 14 74 -7 25 32 38

0 60 61 42 -8 33 42 7

0 43 95 69 -18 12 48 11

0 3 16 69 -6 0 32 12

0 3 71 37 -5 16 38 24

0 45 56 93 -9 14 37 13

0 24 42 64 -17 11 20 28

0 9 18 55 -9 5 18 11

0 24 26 96 -12 8 19 40

0 9 11 60 -3 9 23 5

0 5 45 31 -4 17 22 12

0 4 22 26 -11 32 37 49

0 1 2 36 -6 7 8 10

0 2 30 70 -4 4 46 45

0 12 23 83 -5 24 46 0

0 54 71 65 -1 0 4 29

0 10 21 16 -9 1 16 9

0 4 36 25 -11 1 2 49

0 1 3 92 -2 24 29 30

0 17 35 70 -18 11 14 30

0 15 18 67 -3 14 25 27

0 10 69 22 -17 21 23 35

0 2 34 59 -15 19 23 40

0 4 9 86 -13 11 25 34

0 10 15 80 -13 24 30 19

0 11 14 51 -7 12 40 1

0 8 19 98 -12 12 15 48

0 4 36 64 -11 8 39 19

0 18 37 41 -13 1 31 47

0 5 25 25 -7 3 28 37

0 5 20 71 -9 4 37 42

0 6 7 95 -13 25 29 11

0 8 35 13 -18 2 12 48

0 8 15 36 -4 2 46 24


SAlphaB: 670.0, std-dev 242.20992314248164

Earliest win: 39
Latest win: 81

WinDepth:
0 0 0 0 0 0 0 0 0 0 0 0 0 0 0 0 0 0 0 0 0 0 0 0 0 0 0 0 0 0 0 0 0 0 0 0 0 0 0 4 14 3 2 8 24 15 17 14 47 66 96 200 55 112 74 181 115 161 164 167 189 211 236 339 339 354 370 400 461 444 448 461 412 401 443 340 266 223 205 154 109 72 
SAlphaB:
0 0 0 0 0 0 0 0 0 0 0 0 0 0 0 0 0 0 0 0 0 0 0 0 0 0 0 0 0 0 0 0 0 0 0 0 0 0 0 4 14 3 2 8 24 15 17 14 47 66 96 200 55 112 74 181 115 161 164 167 189 211 236 339 339 354 370 400 461 444 448 461 412 401 443 340 266 223 205 154 109 72 

LossDepth:
SAlphaB:
0 0 0 0 0 0 0 0 0 0 0 0 0 0 0 0 0 0 0 0 0 0 0 0 0 0 0 0 0 0 0 0 0 0 0 0 0 0 0 4 14 3 2 8 24 15 17 14 47 66 96 200 55 112 74 181 115 161 164 167 189 211 236 339 339 354 370 400 461 444 448 461 412 401 443 340 266 223 205 154 109 72 

FirstWin:
0 0 0 0 0 0 0 0 0 0 0 0 0 0 0 0 0 0 0 0 0 0 0 0 0 0 0 0 0 0 0 0 0 0 0 0 0 0 0 4 0 3 0 8 0 15 0 14 0 66 0 200 0 112 0 181 0 161 0 167 0 211 0 339 0 354 0 400 0 444 0 461 0 401 0 340 0 223 0 154 0 72 
SAlphaB:
0 0 0 0 0 0 0 0 0 0 0 0 0 0 0 0 0 0 0 0 0 0 0 0 0 0 0 0 0 0 0 0 0 0 0 0 0 0 0 4 0 3 0 8 0 15 0 14 0 66 0 200 0 112 0 181 0 161 0 167 0 211 0 339 0 354 0 400 0 444 0 461 0 401 0 340 0 223 0 154 0 72 

SecondWin:
0 0 0 0 0 0 0 0 0 0 0 0 0 0 0 0 0 0 0 0 0 0 0 0 0 0 0 0 0 0 0 0 0 0 0 0 0 0 0 0 14 0 2 0 24 0 17 0 47 0 96 0 55 0 74 0 115 0 164 0 189 0 236 0 339 0 370 0 461 0 448 0 412 0 443 0 266 0 205 0 109 0 
SAlphaB:
0 0 0 0 0 0 0 0 0 0 0 0 0 0 0 0 0 0 0 0 0 0 0 0 0 0 0 0 0 0 0 0 0 0 0 0 0 0 0 0 14 0 2 0 24 0 17 0 47 0 96 0 55 0 74 0 115 0 164 0 189 0 236 0 339 0 370 0 461 0 448 0 412 0 443 0 266 0 205 0 109 0 
