0 33 48 75 -12 4 9 4

0 26 36 95 -13 1 4 12

0 44 77 86 -19 11 32 38

0 41 95 21 -5 6 17 33

0 50 88 56 -7 5 15 15

0 6 54 54 -11 1 2 14

0 35 76 87 -15 4 7 27

0 7 36 16 -6 3 4 12

0 18 66 77 -3 2 16 6

0 18 48 95 -8 4 5 2

0 55 90 56 -2 16 23 0

0 15 70 6 -8 1 10 12

0 1 89 25 -6 12 34 31

0 67 81 86 -8 10 12 44

0 52 93 23 -9 4 11 33

0 9 86 92 -19 15 47 14

0 12 41 81 -15 21 22 14

0 26 60 66 -8 10 33 49

0 42 45 23 -15 11 19 29

0 45 65 4 -7 11 12 29

0 37 67 8 -15 0 1 48

0 8 21 83 -8 7 12 12

0 8 45 6 -8 6 14 5

0 40 49 74 -10 26 49 9

0 46 50 46 -1 3 8 6

0 30 45 81 -18 8 10 2

0 60 88 8 -7 15 23 18

0 17 21 47 -18 4 15 18

0 13 59 47 -5 18 20 3

0 15 67 66 -6 4 10 39

0 0 89 52 -4 1 4 8

0 36 96 25 -17 3 47 43

0 24 39 41 -2 35 36 17

0 33 52 5 -12 9 25 30

0 40 71 25 -18 10 17 44

0 15 73 48 -11 25 34 33

0 76 85 91 -7 22 38 48

0 43 99 88 -5 6 19 42

0 37 83 73 -1 37 41 18

0 20 84 39 -9 6 15 30

0 33 49 97 -8 32 49 5

0 29 75 20 -14 29 34 31

0 14 43 46 -5 17 40 36

0 6 37 43 -3 11 36 11

0 22 32 79 -3 32 49 13

0 16 20 27 -10 33 46 27

0 29 77 65 -20 17 48 8

0 1 82 10 -20 5 27 42

0 1 70 94 -19 24 38 2

0 32 33 93 -14 0 3 44

0 29 70 4 -18 16 18 17

0 36 37 83 -20 5 8 27

0 41 83 61 -1 10 21 49

0 10 92 59 -14 43 48 43

0 21 57 92 -18 1 3 34

0 61 81 68 -20 25 37 20

0 40 92 46 -19 11 47 6

0 22 76 48 -20 8 39 14

0 0 8 49 -13 18 39 27

0 10 29 20 -9 10 32 36

0 7 12 16 -5 7 37 15

0 65 66 26 -2 0 3 42

0 2 50 81 -2 37 40 28

0 26 27 63 -17 9 46 8

0 20 38 89 -4 7 28 16

0 15 20 4 -16 5 45 16

0 13 21 50 -17 29 34 25

0 9 42 41 -10 14 24 25

0 34 40 19 -10 20 23 23

0 5 12 14 -8 9 49 26

0 11 93 37 -15 13 15 48

0 18 48 6 -13 37 48 21

0 33 35 1 -5 8 48 27

0 11 74 50 -12 11 17 41

0 37 50 77 -4 29 38 41

0 20 31 56 -8 15 37 22

0 7 96 17 -6 11 20 47

0 6 20 3 -9 3 20 12

0 2 6 4 -3 31 47 22

0 27 28 62 -20 18 24 24

0 26 38 22 -15 9 11 43

0 13 44 40 -14 7 42 24

0 2 68 83 -14 15 17 44

0 3 14 58 -11 9 12 14

0 6 50 35 -8 2 13 49

0 8 18 51 -13 3 38 21

0 0 9 95 -10 6 9 11

0 35 51 92 -1 1 2 39

0 10 48 98 -9 7 41 23

0 26 31 99 -17 10 49 19

0 11 31 90 -7 30 42 41

0 7 30 27 -8 9 11 33

0 0 58 0 -6 0 33 0

0 10 44 6 -20 12 31 1

0 1 12 14 -20 5 25 35

0 0 1 50 -1 19 29 16

0 0 18 85 -6 9 12 41

0 5 10 5 -16 5 6 44

0 3 13 97 -2 7 25 42

0 12 16 60 -3 1 6 48


SAlphaB: 678.0, std-dev 253.5400762256832

Earliest win: 37
Latest win: 81

WinDepth:
0 0 0 0 0 0 0 0 0 0 0 0 0 0 0 0 0 0 0 0 0 0 0 0 0 0 0 0 0 0 0 0 0 0 0 0 0 4 0 1 13 4 0 19 4 29 16 30 27 74 63 171 59 120 84 192 128 194 143 173 157 245 264 290 364 358 391 377 486 402 483 403 443 406 410 371 276 239 178 115 103 72 
SAlphaB:
0 0 0 0 0 0 0 0 0 0 0 0 0 0 0 0 0 0 0 0 0 0 0 0 0 0 0 0 0 0 0 0 0 0 0 0 0 4 0 1 13 4 0 19 4 29 16 30 27 74 63 171 59 120 84 192 128 194 143 173 157 245 264 290 364 358 391 377 486 402 483 403 443 406 410 371 276 239 178 115 103 72 

LossDepth:
SAlphaB:
0 0 0 0 0 0 0 0 0 0 0 0 0 0 0 0 0 0 0 0 0 0 0 0 0 0 0 0 0 0 0 0 0 0 0 0 0 4 0 1 13 4 0 19 4 29 16 30 27 74 63 171 59 120 84 192 128 194 143 173 157 245 264 290 364 358 391 377 486 402 483 403 443 406 410 371 276 239 178 115 103 72 

FirstWin:
0 0 0 0 0 0 0 0 0 0 0 0 0 0 0 0 0 0 0 0 0 0 0 0 0 0 0 0 0 0 0 0 0 0 0 0 0 4 0 1 0 4 0 19 0 29 0 30 0 74 0 171 0 120 0 192 0 194 0 173 0 245 0 290 0 358 0 377 0 402 0 403 0 406 0 371 0 239 0 115 0 72 
SAlphaB:
0 0 0 0 0 0 0 0 0 0 0 0 0 0 0 0 0 0 0 0 0 0 0 0 0 0 0 0 0 0 0 0 0 0 0 0 0 4 0 1 0 4 0 19 0 29 0 30 0 74 0 171 0 120 0 192 0 194 0 173 0 245 0 290 0 358 0 377 0 402 0 403 0 406 0 371 0 239 0 115 0 72 

SecondWin:
0 0 0 0 0 0 0 0 0 0 0 0 0 0 0 0 0 0 0 0 0 0 0 0 0 0 0 0 0 0 0 0 0 0 0 0 0 0 0 0 13 0 0 0 4 0 16 0 27 0 63 0 59 0 84 0 128 0 143 0 157 0 264 0 364 0 391 0 486 0 483 0 443 0 410 0 276 0 178 0 103 0 
SAlphaB:
0 0 0 0 0 0 0 0 0 0 0 0 0 0 0 0 0 0 0 0 0 0 0 0 0 0 0 0 0 0 0 0 0 0 0 0 0 0 0 0 13 0 0 0 4 0 16 0 27 0 63 0 59 0 84 0 128 0 143 0 157 0 264 0 364 0 391 0 486 0 483 0 443 0 410 0 276 0 178 0 103 0 
