0 26 95 37 -10 2 15 32

0 37 71 87 -11 2 6 3

0 53 73 42 -2 3 19 14

0 51 81 70 -7 3 9 36

0 42 74 21 -6 3 9 4

0 75 83 16 -13 12 30 11

0 24 91 42 -10 3 8 19

0 81 97 61 -20 2 7 41

0 46 72 96 -10 1 19 12

0 66 95 26 -7 3 11 30

0 37 93 77 -2 2 15 22

0 32 94 40 -11 2 10 8

0 43 87 21 -10 6 29 29

0 29 71 31 -11 5 25 28

0 69 77 62 -18 12 44 31

0 62 91 66 -12 7 31 17

0 25 73 50 -10 0 5 22

0 67 97 85 -17 3 21 30

0 82 90 45 -7 26 32 22

0 21 71 14 -8 1 11 0

0 37 56 67 -4 2 13 16

0 56 92 90 -18 10 19 27

0 21 28 84 -2 2 11 13

0 62 67 72 -19 2 7 4

0 51 74 29 -6 8 20 8

0 57 99 26 -10 6 38 43

0 24 34 39 -19 0 1 18

0 67 81 78 -14 10 22 32

0 31 40 69 -7 6 29 3

0 62 92 41 -20 10 15 18

0 50 67 59 -5 3 7 5

0 51 96 28 -17 6 25 28

0 43 88 45 -9 5 14 9

0 4 17 7 -5 0 2 2

0 28 67 5 -14 1 8 8

0 37 70 90 -11 8 13 3

0 39 75 26 -16 0 3 37

0 46 96 18 -18 4 29 9

0 54 98 46 -15 4 29 33

0 62 69 4 -5 7 20 37

0 51 58 35 -16 5 18 19

0 88 90 9 -18 4 15 26

0 42 60 9 -15 1 10 21

0 38 48 95 -19 3 9 27

0 36 64 5 -12 6 23 40

0 20 66 72 -1 8 21 9

0 32 70 10 -2 19 39 17

0 14 93 79 -6 6 16 7

0 22 57 92 -5 4 12 4

0 10 92 3 -13 4 6 24

0 56 92 44 -13 5 31 33

0 69 88 58 -9 3 9 4

0 16 68 55 -13 1 4 14

0 39 52 27 -2 3 7 14

0 65 78 72 -20 2 5 11

0 72 91 63 -6 14 15 15

0 38 99 42 -20 0 6 32

0 54 59 98 -2 2 26 0

0 54 96 8 -9 12 49 24

0 64 96 98 -13 1 42 7

0 35 53 63 -18 5 10 9

0 35 95 24 -7 7 14 25

0 55 86 50 -2 2 9 7

0 65 76 60 -12 4 27 17

0 79 93 44 -10 4 11 42

0 0 35 77 -8 10 18 3

0 15 81 63 -10 8 9 12

0 55 99 51 -15 23 33 36

0 25 68 47 -16 0 2 35

0 58 97 35 -6 4 45 22

0 15 98 59 -18 0 2 31

0 9 96 95 -11 2 4 8

0 74 92 65 -10 3 13 42

0 0 67 75 -6 17 35 29

0 22 56 13 -18 1 5 2

0 37 61 28 -4 1 3 28

0 15 95 63 -11 4 8 10

0 58 84 1 -10 4 49 47

0 37 53 4 -18 0 8 45

0 83 84 70 -6 11 32 48

0 60 97 46 -11 20 35 45

0 48 61 45 -9 0 11 23

0 40 57 91 -8 30 45 8

0 68 70 91 -15 5 18 3

0 19 58 66 -8 3 7 24

0 21 62 68 -17 28 35 21

0 40 51 89 -16 17 24 11

0 36 45 39 -10 4 25 17

0 38 87 85 -17 20 23 39

0 11 85 92 -12 12 19 12

0 7 96 15 -12 5 9 5

0 52 85 29 -19 0 1 39

0 12 44 88 -6 12 23 1

0 28 44 7 -14 13 27 0

0 20 35 61 -8 7 19 21

0 15 62 65 -16 32 36 12

0 16 96 42 -7 0 7 48

0 20 79 75 -4 27 46 21

0 92 97 34 -5 18 27 2

0 6 53 50 -18 0 3 28


SAlphaB: 762.0, std-dev 254.1893583511904

Earliest win: 35
Latest win: 81

WinDepth:
0 0 0 0 0 0 0 0 0 0 0 0 0 0 0 0 0 0 0 0 0 0 0 0 0 0 0 0 0 0 0 0 0 0 0 1 1 2 4 13 5 38 7 41 5 89 24 118 46 167 181 378 195 282 265 455 390 582 359 580 463 694 587 781 777 905 873 985 969 988 960 912 879 851 863 769 666 472 420 271 175 148 
SAlphaB:
0 0 0 0 0 0 0 0 0 0 0 0 0 0 0 0 0 0 0 0 0 0 0 0 0 0 0 0 0 0 0 0 0 0 0 1 1 2 4 13 5 38 7 41 5 89 24 118 46 167 181 378 195 282 265 455 390 582 359 580 463 694 587 781 777 905 873 985 969 988 960 912 879 851 863 769 666 472 420 271 175 148 

LossDepth:
SAlphaB:
0 0 0 0 0 0 0 0 0 0 0 0 0 0 0 0 0 0 0 0 0 0 0 0 0 0 0 0 0 0 0 0 0 0 0 0 0 3 0 3 4 32 3 27 5 42 17 70 31 108 109 150 132 158 204 296 244 378 216 355 295 476 423 542 530 669 585 750 672 812 703 792 686 736 687 690 506 442 351 261 194 143 

FirstWin:
0 0 0 0 0 0 0 0 0 0 0 0 0 0 0 0 0 0 0 0 0 0 0 0 0 0 0 0 0 0 0 0 0 0 0 1 0 2 0 13 0 38 0 41 0 89 0 118 0 167 0 378 0 282 0 455 0 582 0 580 0 694 0 781 0 905 0 985 0 988 0 912 0 851 0 769 0 472 0 271 0 148 
SAlphaB:
0 0 0 0 0 0 0 0 0 0 0 0 0 0 0 0 0 0 0 0 0 0 0 0 0 0 0 0 0 0 0 0 0 0 0 1 0 2 0 13 0 38 0 41 0 89 0 118 0 167 0 378 0 282 0 455 0 582 0 580 0 694 0 781 0 905 0 985 0 988 0 912 0 851 0 769 0 472 0 271 0 148 

SecondWin:
0 0 0 0 0 0 0 0 0 0 0 0 0 0 0 0 0 0 0 0 0 0 0 0 0 0 0 0 0 0 0 0 0 0 0 0 1 0 4 0 5 0 7 0 5 0 24 0 46 0 181 0 195 0 265 0 390 0 359 0 463 0 587 0 777 0 873 0 969 0 960 0 879 0 863 0 666 0 420 0 175 0 
SAlphaB:
0 0 0 0 0 0 0 0 0 0 0 0 0 0 0 0 0 0 0 0 0 0 0 0 0 0 0 0 0 0 0 0 0 0 0 0 1 0 4 0 5 0 7 0 5 0 24 0 46 0 181 0 195 0 265 0 390 0 359 0 463 0 587 0 777 0 873 0 969 0 960 0 879 0 863 0 666 0 420 0 175 0 
