0 15 98 59 -18 0 2 31

0 36 45 39 -10 4 25 17

0 9 96 95 -11 2 4 8

0 67 97 85 -17 3 21 30

0 24 91 42 -10 3 8 19

0 38 48 95 -19 3 9 27

0 55 99 51 -15 23 33 36

0 48 61 45 -9 0 11 23

0 29 71 31 -11 5 25 28

0 67 81 78 -14 10 22 32

0 49 98 77 -8 1 17 39

0 4 81 74 -4 12 42 0

0 4 49 83 -19 5 7 8

0 70 93 58 -14 0 4 1

0 79 86 29 -15 7 18 45

0 51 70 39 -7 13 42 49

0 58 78 29 -15 4 25 1

0 24 31 96 -3 44 49 16

0 28 59 17 -9 3 24 31

0 86 93 45 -19 29 38 46

0 53 89 75 -4 20 29 41

0 2 76 34 -15 39 44 12

0 67 74 98 -9 16 31 21

0 17 82 72 -12 7 12 15

0 8 32 48 -6 11 13 11

0 35 53 31 -14 16 29 17

0 51 68 18 -9 1 4 37

0 3 99 78 -4 0 23 2

0 52 74 99 -19 12 23 47

0 10 64 97 -10 32 47 13

0 11 38 67 -14 33 36 5

0 13 81 68 -13 1 21 1

0 67 85 11 -4 19 24 0

0 36 50 99 -9 13 24 32

0 28 53 40 -7 22 48 21

0 20 81 46 -20 2 3 38

0 42 70 10 -1 21 44 9

0 48 69 11 -3 14 18 3

0 5 50 84 -16 0 13 34

0 85 97 76 -11 7 10 43

0 42 51 74 -4 41 49 26

0 27 41 3 -14 29 34 17

0 52 99 2 -8 6 9 44

0 23 80 48 -12 6 45 12

0 26 56 61 -19 20 22 25

0 21 39 40 -6 0 26 16

0 25 49 25 -8 7 40 21

0 28 31 74 -10 21 24 3

0 8 33 6 -10 13 32 27

0 30 62 38 -5 20 33 27

0 19 23 36 -15 5 7 1

0 19 64 48 -2 9 18 49

0 7 89 6 -15 22 29 22

0 32 94 92 -8 23 31 0

0 27 71 4 -16 12 47 46

0 0 98 25 -20 7 8 40

0 30 39 47 -14 6 25 38

0 5 41 54 -4 6 10 32

0 30 35 97 -14 36 48 31

0 8 17 29 -1 37 39 14

0 11 50 63 -12 9 10 34

0 0 72 3 -18 15 17 34

0 14 70 69 -2 33 41 0

0 51 63 16 -11 26 33 5

0 24 89 44 -1 21 24 40

0 24 29 58 -7 24 30 0

0 43 88 63 -15 34 41 17

0 1 5 88 -12 1 2 0

0 32 45 97 -7 34 39 44

0 4 17 51 -2 17 28 32

0 36 75 99 -13 9 13 26

0 55 59 95 -7 1 7 45

0 3 19 95 -18 19 25 45

0 8 26 88 -8 30 39 8

0 0 1 2 -8 6 14 3

0 38 90 22 -12 37 39 16

0 30 39 15 -18 2 4 47

0 24 25 53 -6 7 34 16

0 18 28 87 -4 28 41 36

0 18 30 24 -9 11 14 8

0 16 70 25 -19 13 23 41

0 26 40 68 -12 9 12 49

0 24 48 69 -2 25 48 45

0 1 12 51 -7 3 19 21

0 14 15 15 -12 24 44 6

0 50 87 52 -4 29 34 2

0 18 20 51 -2 14 27 37

0 2 5 55 -20 9 44 33

0 11 25 85 -14 0 2 44

0 2 6 16 -17 7 25 20

0 2 11 81 -14 10 42 31

0 0 15 78 -9 1 7 8

0 2 4 16 -15 48 49 19

0 0 12 32 -4 13 19 23

0 31 33 23 -17 4 38 31

0 25 31 13 -11 11 15 3

0 1 5 26 -11 0 1 18

0 6 45 15 -5 6 26 28

0 3 5 50 -8 9 24 30

0 10 15 52 -2 22 27 46


SAlphaB: 699.0, std-dev 277.66157440126625

Earliest win: 38
Latest win: 81

WinDepth:
0 0 0 0 0 0 0 0 0 0 0 0 0 0 0 0 0 0 0 0 0 0 0 0 0 0 0 0 0 0 0 0 0 0 0 0 0 0 1 5 2 3 2 47 1 23 9 41 30 46 148 179 175 137 124 162 122 173 160 143 156 198 220 320 289 368 440 359 406 430 488 467 408 416 362 347 275 235 179 145 108 68 
SAlphaB:
0 0 0 0 0 0 0 0 0 0 0 0 0 0 0 0 0 0 0 0 0 0 0 0 0 0 0 0 0 0 0 0 0 0 0 0 0 0 1 5 2 3 2 47 1 23 9 41 30 46 148 179 175 137 124 162 122 173 160 143 156 198 220 320 289 368 440 359 406 430 488 467 408 416 362 347 275 235 179 145 108 68 

LossDepth:
SAlphaB:
0 0 0 0 0 0 0 0 0 0 0 0 0 0 0 0 0 0 0 0 0 0 0 0 0 0 0 0 0 0 0 0 0 0 0 0 0 0 1 5 2 3 2 47 1 23 9 41 30 46 148 179 175 137 124 162 122 173 160 143 156 198 220 320 289 368 440 359 406 430 488 467 408 416 362 347 275 235 179 145 108 68 

FirstWin:
0 0 0 0 0 0 0 0 0 0 0 0 0 0 0 0 0 0 0 0 0 0 0 0 0 0 0 0 0 0 0 0 0 0 0 0 0 0 0 5 0 3 0 47 0 23 0 41 0 46 0 179 0 137 0 162 0 173 0 143 0 198 0 320 0 368 0 359 0 430 0 467 0 416 0 347 0 235 0 145 0 68 
SAlphaB:
0 0 0 0 0 0 0 0 0 0 0 0 0 0 0 0 0 0 0 0 0 0 0 0 0 0 0 0 0 0 0 0 0 0 0 0 0 0 0 5 0 3 0 47 0 23 0 41 0 46 0 179 0 137 0 162 0 173 0 143 0 198 0 320 0 368 0 359 0 430 0 467 0 416 0 347 0 235 0 145 0 68 

SecondWin:
0 0 0 0 0 0 0 0 0 0 0 0 0 0 0 0 0 0 0 0 0 0 0 0 0 0 0 0 0 0 0 0 0 0 0 0 0 0 1 0 2 0 2 0 1 0 9 0 30 0 148 0 175 0 124 0 122 0 160 0 156 0 220 0 289 0 440 0 406 0 488 0 408 0 362 0 275 0 179 0 108 0 
SAlphaB:
0 0 0 0 0 0 0 0 0 0 0 0 0 0 0 0 0 0 0 0 0 0 0 0 0 0 0 0 0 0 0 0 0 0 0 0 0 0 1 0 2 0 2 0 1 0 9 0 30 0 148 0 175 0 124 0 122 0 160 0 156 0 220 0 289 0 440 0 406 0 488 0 408 0 362 0 275 0 179 0 108 0 
