0 35 53 63 -18 5 10 9

0 42 74 21 -6 3 9 4

0 15 62 65 -16 32 36 12

0 16 68 55 -13 1 4 14

0 75 83 16 -13 12 30 11

0 92 97 34 -5 18 27 2

0 62 92 41 -20 10 15 18

0 35 95 24 -7 7 14 25

0 74 92 65 -10 3 13 42

0 22 56 13 -18 1 5 2

0 78 99 28 -10 11 42 12

0 41 54 98 -8 14 36 21

0 19 81 2 -5 5 19 36

0 59 62 92 -1 12 46 27

0 49 76 9 -13 8 9 5

0 25 99 53 -7 9 32 42

0 24 76 42 -17 0 12 30

0 75 99 65 -17 13 28 0

0 33 86 30 -4 11 24 48

0 63 89 2 -1 1 18 9

0 56 69 32 -5 24 27 16

0 23 38 55 -4 13 14 20

0 43 52 37 -16 15 44 25

0 37 53 51 -8 28 38 14

0 94 95 3 -19 3 17 47

0 28 61 84 -14 10 24 42

0 10 61 60 -14 10 33 21

0 91 95 39 -11 5 9 1

0 76 93 13 -2 5 11 35

0 95 98 34 -4 1 2 15

0 58 73 81 -11 23 36 1

0 25 57 5 -2 34 44 6

0 14 31 29 -2 3 11 30

0 7 22 94 -1 2 3 6

0 88 92 91 -19 32 45 20

0 23 44 43 -5 0 2 36

0 70 76 23 -17 1 36 2

0 21 89 19 -16 2 27 36

0 36 60 15 -5 0 1 15

0 2 28 95 -20 0 6 18

0 36 96 64 -9 15 20 17

0 11 25 76 -5 6 7 30

0 49 95 40 -7 0 1 26

0 58 93 11 -17 18 20 34

0 88 94 72 -6 11 20 40

0 40 66 48 -3 0 41 46

0 66 82 91 -4 7 10 40

0 34 90 48 -20 45 46 49

0 15 22 13 -19 17 22 16

0 20 92 25 -16 19 45 35

0 20 22 98 -17 3 18 9

0 27 81 27 -2 20 34 5

0 42 49 20 -5 4 10 27

0 78 91 59 -1 30 37 4

0 80 89 39 -7 17 25 28

0 10 68 57 -12 8 30 31

0 40 92 10 -1 22 42 24

0 3 52 24 -2 13 20 31

0 0 21 60 -6 5 28 20

0 8 26 50 -11 18 28 11

0 13 30 99 -5 1 13 23

0 23 99 19 -9 20 44 28

0 88 96 11 -3 14 15 48

0 15 19 3 -11 2 8 19

0 22 32 9 -8 19 35 27

0 20 51 1 -10 11 48 19

0 23 84 3 -18 1 2 42

0 12 15 94 -19 1 9 1

0 3 26 96 -11 3 13 7

0 36 40 80 -2 0 23 38

0 26 92 6 -8 7 42 30

0 22 38 87 -9 0 1 36

0 5 53 65 -6 2 10 41

0 35 55 16 -12 28 43 36

0 26 29 92 -9 24 37 40

0 2 5 61 -13 5 13 10

0 7 15 59 -17 5 43 36

0 6 64 35 -10 12 19 44

0 2 60 90 -17 0 2 20

0 0 17 65 -10 24 29 11

0 4 32 85 -15 35 38 22

0 4 15 72 -3 4 31 7

0 19 21 18 -5 20 46 8

0 12 22 55 -17 28 49 22

0 1 3 95 -10 11 18 34

0 35 58 64 -12 36 43 48

0 7 34 11 -6 10 34 20

0 9 37 65 -13 8 37 14

0 22 25 82 -7 6 44 38

0 2 4 25 -19 26 46 19

0 1 24 59 -7 5 32 2

0 1 2 77 -1 13 15 5

0 9 14 92 -9 27 30 0

0 10 20 84 -4 1 20 41

0 8 14 96 -12 34 46 47

0 8 12 38 -11 14 22 44

0 2 4 76 -18 5 16 44

0 0 1 9 -19 17 38 15

0 2 11 6 -4 42 48 40

0 0 5 72 -1 9 10 47


SAlphaB: 726.0, std-dev 280.43514590829386

Earliest win: 35
Latest win: 81

WinDepth:
0 0 0 0 0 0 0 0 0 0 0 0 0 0 0 0 0 0 0 0 0 0 0 0 0 0 0 0 0 0 0 0 0 0 0 2 0 6 2 2 5 13 2 24 9 32 14 39 23 62 69 150 59 118 101 180 128 171 131 169 200 251 184 314 317 375 394 397 430 402 484 466 421 402 394 398 266 238 202 137 101 68 
SAlphaB:
0 0 0 0 0 0 0 0 0 0 0 0 0 0 0 0 0 0 0 0 0 0 0 0 0 0 0 0 0 0 0 0 0 0 0 2 0 6 2 2 5 13 2 24 9 32 14 39 23 62 69 150 59 118 101 180 128 171 131 169 200 251 184 314 317 375 394 397 430 402 484 466 421 402 394 398 266 238 202 137 101 68 

LossDepth:
SAlphaB:
0 0 0 0 0 0 0 0 0 0 0 0 0 0 0 0 0 0 0 0 0 0 0 0 0 0 0 0 0 0 0 0 0 0 0 2 0 6 2 2 5 13 2 24 9 32 14 39 23 62 69 150 59 118 101 180 128 171 131 169 200 251 184 314 317 375 394 397 430 402 484 466 421 402 394 398 266 238 202 137 101 68 

FirstWin:
0 0 0 0 0 0 0 0 0 0 0 0 0 0 0 0 0 0 0 0 0 0 0 0 0 0 0 0 0 0 0 0 0 0 0 2 0 6 0 2 0 13 0 24 0 32 0 39 0 62 0 150 0 118 0 180 0 171 0 169 0 251 0 314 0 375 0 397 0 402 0 466 0 402 0 398 0 238 0 137 0 68 
SAlphaB:
0 0 0 0 0 0 0 0 0 0 0 0 0 0 0 0 0 0 0 0 0 0 0 0 0 0 0 0 0 0 0 0 0 0 0 2 0 6 0 2 0 13 0 24 0 32 0 39 0 62 0 150 0 118 0 180 0 171 0 169 0 251 0 314 0 375 0 397 0 402 0 466 0 402 0 398 0 238 0 137 0 68 

SecondWin:
0 0 0 0 0 0 0 0 0 0 0 0 0 0 0 0 0 0 0 0 0 0 0 0 0 0 0 0 0 0 0 0 0 0 0 0 0 0 2 0 5 0 2 0 9 0 14 0 23 0 69 0 59 0 101 0 128 0 131 0 200 0 184 0 317 0 394 0 430 0 484 0 421 0 394 0 266 0 202 0 101 0 
SAlphaB:
0 0 0 0 0 0 0 0 0 0 0 0 0 0 0 0 0 0 0 0 0 0 0 0 0 0 0 0 0 0 0 0 0 0 0 0 0 0 2 0 5 0 2 0 9 0 14 0 23 0 69 0 59 0 101 0 128 0 131 0 200 0 184 0 317 0 394 0 430 0 484 0 421 0 394 0 266 0 202 0 101 0 
