0 88 90 9 -18 4 15 26

0 62 67 72 -19 2 7 4

0 46 72 96 -10 1 19 12

0 37 56 67 -4 2 13 16

0 42 60 9 -15 1 10 21

0 0 67 75 -6 17 35 29

0 28 44 7 -14 13 27 0

0 16 96 42 -7 0 7 48

0 37 61 28 -4 1 3 28

0 64 96 98 -13 1 42 7

0 25 58 39 -11 4 5 7

0 27 82 92 -3 11 33 17

0 18 90 63 -7 14 22 24

0 27 37 86 -16 3 8 20

0 52 79 8 -2 16 35 47

0 29 45 92 -7 3 18 9

0 39 92 99 -20 31 44 24

0 40 67 44 -13 12 13 6

0 43 56 83 -8 8 17 19

0 37 65 30 -17 0 7 37

0 69 71 44 -8 20 21 20

0 2 57 57 -18 18 39 26

0 0 28 59 -7 16 18 3

0 30 88 88 -4 1 47 34

0 34 48 89 -18 28 39 27

0 37 78 22 -17 0 4 13

0 30 57 68 -2 5 40 17

0 43 66 45 -12 13 23 21

0 8 16 84 -4 18 28 13

0 2 77 19 -6 16 21 39

0 15 84 62 -5 15 31 8

0 47 48 91 -4 13 15 37

0 35 43 32 -12 0 4 14

0 43 45 18 -6 16 18 0

0 24 54 6 -5 19 26 12

0 15 30 94 -13 25 35 16

0 3 8 35 -3 6 11 10

0 6 31 74 -13 12 14 18

0 59 68 45 -4 14 47 19

0 24 31 41 -12 3 21 2

0 38 52 58 -4 7 46 38

0 6 33 31 -14 19 22 6

0 4 51 28 -17 32 34 1

0 73 84 22 -8 25 43 44

0 49 97 82 -1 0 1 49

0 26 37 77 -16 7 14 47

0 39 81 85 -8 0 2 32

0 61 76 28 -8 8 11 42

0 48 82 2 -12 15 40 26

0 8 9 9 -17 0 3 26

0 27 42 22 -16 6 10 40

0 30 45 84 -14 20 23 14

0 35 43 13 -10 3 4 22

0 39 65 2 -16 5 46 30

0 78 83 16 -11 5 8 43

0 4 95 99 -13 7 31 0

0 14 54 53 -19 22 34 39

0 37 45 18 -13 5 22 43

0 0 56 6 -11 3 7 41

0 16 65 31 -17 3 27 32

0 17 29 23 -4 18 19 5

0 41 54 78 -14 16 27 18

0 25 64 84 -2 9 48 39

0 36 40 47 -1 20 45 48

0 59 72 22 -11 1 13 48

0 80 92 15 -15 0 7 40

0 44 49 23 -12 25 38 33

0 12 35 33 -18 14 30 14

0 8 9 53 -9 18 42 12

0 4 12 82 -9 21 25 43

0 2 8 15 -11 23 42 7

0 0 1 37 -9 26 28 30

0 20 54 24 -14 11 14 0

0 22 52 2 -20 5 40 1

0 6 45 11 -7 7 8 14

0 2 11 97 -18 1 8 11

0 1 72 96 -18 0 4 37

0 9 25 99 -16 14 22 25

0 13 52 43 -19 15 26 40

0 7 29 52 -1 0 2 20

0 3 34 12 -12 5 9 29

0 11 45 77 -4 4 9 45

0 2 17 35 -19 9 16 23

0 5 8 2 -9 11 24 5

0 11 66 7 -5 37 42 43

0 2 10 78 -8 2 26 23

0 3 16 72 -6 9 11 44

0 12 83 39 -14 9 35 35

0 68 98 20 -4 45 46 31

0 0 6 73 -18 16 36 22

0 17 40 19 -4 22 28 32

0 5 22 20 -8 15 28 43

0 5 7 36 -17 37 41 9

0 5 11 65 -12 3 9 35

0 4 28 0 -19 21 30 2

0 0 2 84 -4 6 8 35

0 1 2 74 -4 8 31 2

0 13 33 16 -11 31 41 8

0 15 28 37 -14 12 19 41

0 10 26 39 -9 17 23 45


SAlphaB: 702.0, std-dev 262.83252108788616

Earliest win: 37
Latest win: 81

WinDepth:
0 0 0 0 0 0 0 0 0 0 0 0 0 0 0 0 0 0 0 0 0 0 0 0 0 0 0 0 0 0 0 0 0 0 0 0 0 6 0 3 13 4 2 11 7 20 23 33 17 55 77 193 76 133 80 167 81 158 100 128 157 198 227 311 354 361 448 407 433 455 503 451 471 432 394 360 276 253 189 163 115 72 
SAlphaB:
0 0 0 0 0 0 0 0 0 0 0 0 0 0 0 0 0 0 0 0 0 0 0 0 0 0 0 0 0 0 0 0 0 0 0 0 0 6 0 3 13 4 2 11 7 20 23 33 17 55 77 193 76 133 80 167 81 158 100 128 157 198 227 311 354 361 448 407 433 455 503 451 471 432 394 360 276 253 189 163 115 72 

LossDepth:
SAlphaB:
0 0 0 0 0 0 0 0 0 0 0 0 0 0 0 0 0 0 0 0 0 0 0 0 0 0 0 0 0 0 0 0 0 0 0 0 0 6 0 3 13 4 2 11 7 20 23 33 17 55 77 193 76 133 80 167 81 158 100 128 157 198 227 311 354 361 448 407 433 455 503 451 471 432 394 360 276 253 189 163 115 72 

FirstWin:
0 0 0 0 0 0 0 0 0 0 0 0 0 0 0 0 0 0 0 0 0 0 0 0 0 0 0 0 0 0 0 0 0 0 0 0 0 6 0 3 0 4 0 11 0 20 0 33 0 55 0 193 0 133 0 167 0 158 0 128 0 198 0 311 0 361 0 407 0 455 0 451 0 432 0 360 0 253 0 163 0 72 
SAlphaB:
0 0 0 0 0 0 0 0 0 0 0 0 0 0 0 0 0 0 0 0 0 0 0 0 0 0 0 0 0 0 0 0 0 0 0 0 0 6 0 3 0 4 0 11 0 20 0 33 0 55 0 193 0 133 0 167 0 158 0 128 0 198 0 311 0 361 0 407 0 455 0 451 0 432 0 360 0 253 0 163 0 72 

SecondWin:
0 0 0 0 0 0 0 0 0 0 0 0 0 0 0 0 0 0 0 0 0 0 0 0 0 0 0 0 0 0 0 0 0 0 0 0 0 0 0 0 13 0 2 0 7 0 23 0 17 0 77 0 76 0 80 0 81 0 100 0 157 0 227 0 354 0 448 0 433 0 503 0 471 0 394 0 276 0 189 0 115 0 
SAlphaB:
0 0 0 0 0 0 0 0 0 0 0 0 0 0 0 0 0 0 0 0 0 0 0 0 0 0 0 0 0 0 0 0 0 0 0 0 0 0 0 0 13 0 2 0 7 0 23 0 17 0 77 0 76 0 80 0 81 0 100 0 157 0 227 0 354 0 448 0 433 0 503 0 471 0 394 0 276 0 189 0 115 0 
