0 32 94 40 -11 2 10 8

0 58 97 35 -6 4 45 22

0 25 68 47 -16 0 2 35

0 53 73 42 -2 3 19 14

0 38 99 42 -20 0 6 32

0 82 90 45 -7 26 32 22

0 10 92 3 -13 4 6 24

0 60 97 46 -11 20 35 45

0 69 77 62 -18 12 44 31

0 36 64 5 -12 6 23 40

0 43 48 83 -8 11 20 1

0 21 34 36 -3 23 37 19

0 9 35 50 -1 3 7 18

0 75 96 70 -4 14 27 43

0 42 88 15 -8 4 11 40

0 50 55 13 -20 0 4 31

0 8 65 77 -18 6 18 22

0 48 77 17 -4 4 5 7

0 17 52 91 -14 10 19 28

0 64 68 80 -4 19 44 10

0 13 29 73 -1 12 29 15

0 31 42 29 -8 31 44 21

0 62 91 12 -8 15 17 47

0 16 25 90 -9 2 11 2

0 65 72 94 -20 10 17 13

0 66 74 90 -6 6 21 43

0 56 82 82 -14 39 48 33

0 45 89 22 -7 27 38 1

0 44 68 98 -8 2 8 30

0 18 25 45 -12 31 47 31

0 48 86 92 -6 1 2 30

0 63 77 16 -6 2 6 2

0 30 62 47 -6 10 41 15

0 57 59 47 -20 3 28 36

0 21 83 22 -13 25 44 17

0 33 45 85 -11 18 35 14

0 41 43 90 -18 15 34 13

0 53 64 92 -15 32 38 1

0 0 45 41 -4 11 15 28

0 28 79 51 -1 0 5 38

0 30 70 40 -14 6 24 25

0 30 79 3 -1 8 10 31

0 7 89 44 -16 36 49 45

0 5 47 42 -9 0 17 10

0 1 42 50 -17 11 25 47

0 6 8 53 -16 20 48 42

0 6 60 70 -17 0 22 27

0 21 61 97 -4 3 21 49

0 40 84 47 -10 32 45 46

0 16 21 53 -15 44 45 48

0 3 13 90 -12 0 2 2

0 25 26 11 -8 29 44 10

0 18 23 49 -15 15 40 32

0 50 63 78 -9 36 37 23

0 58 82 74 -18 19 39 35

0 8 60 55 -8 38 39 31

0 14 29 7 -18 15 46 27

0 1 56 9 -19 16 18 38

0 33 84 57 -8 43 49 10

0 11 47 29 -1 4 8 41

0 14 35 89 -15 2 3 0

0 2 17 35 -16 6 10 28

0 20 86 67 -9 34 35 41

0 14 18 47 -17 22 44 12

0 49 51 6 -4 43 46 35

0 6 15 97 -4 0 3 35

0 18 43 52 -10 12 21 39

0 6 23 61 -4 24 42 7

0 14 54 73 -9 1 21 35

0 2 91 86 -9 1 5 45

0 11 19 31 -8 11 22 44

0 0 6 94 -15 13 16 19

0 42 73 43 -6 21 25 0

0 3 22 62 -7 10 25 7

0 14 62 0 -13 8 30 15

0 5 53 7 -15 13 43 13

0 20 72 8 -3 1 40 33

0 4 14 83 -9 0 5 27

0 2 94 35 -13 13 15 31

0 41 72 2 -14 39 43 13

0 23 88 36 -9 20 28 19

0 34 35 11 -13 24 30 31

0 5 19 6 -16 6 12 34

0 0 1 65 -20 14 48 46

0 0 1 71 -6 13 33 31

0 4 7 18 -5 21 23 16

0 6 21 30 -10 16 40 24

0 3 11 57 -15 24 36 26

0 3 6 80 -17 2 8 20

0 4 18 87 -19 27 37 3

0 7 11 91 -12 5 11 49

0 11 37 8 -1 4 35 6

0 10 73 79 -11 1 30 45

0 0 53 19 -20 28 41 7

0 0 1 29 -16 16 23 3

0 2 9 24 -2 39 43 23

0 2 10 28 -17 13 49 7

0 9 11 29 -1 3 25 36

0 0 5 20 -4 1 22 47

0 1 6 23 -3 9 12 34


SAlphaB: 698.0, std-dev 261.59939542527366

Earliest win: 37
Latest win: 81

WinDepth:
0 0 0 0 0 0 0 0 0 0 0 0 0 0 0 0 0 0 0 0 0 0 0 0 0 0 0 0 0 0 0 0 0 0 0 0 0 1 2 1 18 7 4 9 11 17 16 45 36 52 39 182 93 119 91 168 117 180 132 199 140 238 215 305 284 329 385 380 483 429 513 449 485 389 378 417 272 233 174 163 112 65 
SAlphaB:
0 0 0 0 0 0 0 0 0 0 0 0 0 0 0 0 0 0 0 0 0 0 0 0 0 0 0 0 0 0 0 0 0 0 0 0 0 1 2 1 18 7 4 9 11 17 16 45 36 52 39 182 93 119 91 168 117 180 132 199 140 238 215 305 284 329 385 380 483 429 513 449 485 389 378 417 272 233 174 163 112 65 

LossDepth:
SAlphaB:
0 0 0 0 0 0 0 0 0 0 0 0 0 0 0 0 0 0 0 0 0 0 0 0 0 0 0 0 0 0 0 0 0 0 0 0 0 1 2 1 18 7 4 9 11 17 16 45 36 52 39 182 93 119 91 168 117 180 132 199 140 238 215 305 284 329 385 380 483 429 513 449 485 389 378 417 272 233 174 163 112 65 

FirstWin:
0 0 0 0 0 0 0 0 0 0 0 0 0 0 0 0 0 0 0 0 0 0 0 0 0 0 0 0 0 0 0 0 0 0 0 0 0 1 0 1 0 7 0 9 0 17 0 45 0 52 0 182 0 119 0 168 0 180 0 199 0 238 0 305 0 329 0 380 0 429 0 449 0 389 0 417 0 233 0 163 0 65 
SAlphaB:
0 0 0 0 0 0 0 0 0 0 0 0 0 0 0 0 0 0 0 0 0 0 0 0 0 0 0 0 0 0 0 0 0 0 0 0 0 1 0 1 0 7 0 9 0 17 0 45 0 52 0 182 0 119 0 168 0 180 0 199 0 238 0 305 0 329 0 380 0 429 0 449 0 389 0 417 0 233 0 163 0 65 

SecondWin:
0 0 0 0 0 0 0 0 0 0 0 0 0 0 0 0 0 0 0 0 0 0 0 0 0 0 0 0 0 0 0 0 0 0 0 0 0 0 2 0 18 0 4 0 11 0 16 0 36 0 39 0 93 0 91 0 117 0 132 0 140 0 215 0 284 0 385 0 483 0 513 0 485 0 378 0 272 0 174 0 112 0 
SAlphaB:
0 0 0 0 0 0 0 0 0 0 0 0 0 0 0 0 0 0 0 0 0 0 0 0 0 0 0 0 0 0 0 0 0 0 0 0 0 0 2 0 18 0 4 0 11 0 16 0 36 0 39 0 93 0 91 0 117 0 132 0 140 0 215 0 284 0 385 0 483 0 513 0 485 0 378 0 272 0 174 0 112 0 
