0 62 91 66 -12 7 31 17

0 40 57 91 -8 30 45 8

0 51 96 28 -17 6 25 28

0 39 75 26 -16 0 3 37

0 57 99 26 -10 6 38 43

0 20 66 72 -1 8 21 9

0 21 62 68 -17 28 35 21

0 11 85 92 -12 12 19 12

0 4 17 7 -5 0 2 2

0 37 70 90 -11 8 13 3

0 35 43 23 -5 3 16 27

0 20 65 84 -15 3 7 11

0 69 91 86 -17 0 4 45

0 59 60 73 -13 14 20 21

0 34 73 68 -18 2 14 10

0 16 25 46 -11 0 6 3

0 52 91 81 -15 14 24 13

0 48 64 87 -8 0 6 27

0 24 85 24 -4 3 9 14

0 9 50 67 -19 16 45 38

0 27 40 10 -16 0 7 21

0 37 94 5 -4 19 23 41

0 47 52 68 -6 7 14 14

0 9 48 98 -14 0 1 4

0 56 64 1 -19 29 44 6

0 19 93 71 -17 35 41 13

0 34 99 70 -15 4 30 5

0 39 68 33 -18 16 31 42

0 36 80 57 -9 3 10 46

0 71 78 73 -2 11 38 28

0 50 54 95 -7 0 1 11

0 24 55 72 -7 1 2 24

0 30 53 73 -16 16 32 4

0 19 47 68 -8 20 33 16

0 57 68 70 -9 25 38 23

0 6 7 64 -5 0 3 4

0 26 86 57 -19 13 14 24

0 66 75 27 -1 7 42 45

0 6 16 19 -6 2 7 12

0 46 89 84 -12 19 37 4

0 20 68 70 -17 20 48 17

0 18 33 87 -8 0 2 44

0 29 51 38 -1 29 33 20

0 2 83 87 -6 8 15 39

0 45 83 57 -14 20 22 28

0 5 61 88 -11 0 29 15

0 27 41 54 -8 4 13 35

0 9 83 58 -17 11 21 41

0 22 38 40 -12 0 1 48

0 70 73 61 -6 5 8 16

0 18 95 34 -20 12 22 21

0 17 45 53 -18 24 32 42

0 29 82 20 -17 29 36 18

0 8 36 66 -4 5 8 33

0 16 41 0 -16 4 23 18

0 52 56 20 -2 15 29 46

0 11 71 77 -15 5 28 18

0 4 48 54 -19 9 25 36

0 18 27 14 -10 40 49 38

0 18 62 10 -10 7 49 16

0 11 40 82 -19 22 36 46

0 5 42 12 -2 42 48 25

0 52 65 23 -1 36 41 49

0 0 1 30 -17 18 23 23

0 4 6 74 -5 27 32 27

0 4 27 52 -6 37 45 26

0 21 27 82 -15 19 22 49

0 8 15 56 -8 8 13 27

0 22 30 52 -11 27 41 46

0 3 13 56 -5 2 30 0

0 4 8 85 -19 15 24 30

0 5 9 49 -3 14 19 3

0 0 1 78 -18 0 12 4

0 1 7 83 -3 4 8 17

0 54 88 29 -19 25 42 29

0 4 47 16 -9 3 20 37

0 17 18 5 -17 2 11 12

0 5 28 74 -5 12 45 10

0 5 13 73 -16 3 13 40

0 17 19 14 -11 3 18 31

0 3 6 45 -9 8 27 21

0 5 38 62 -20 0 39 20

0 2 4 66 -7 4 11 19

0 10 29 19 -16 16 31 27

0 1 3 90 -8 8 43 39

0 0 3 75 -11 1 5 8

0 0 1 20 -1 20 43 32

0 13 44 23 -19 9 13 36

0 3 18 27 -20 22 33 42

0 5 15 22 -5 46 47 20

0 3 8 40 -1 18 28 26

0 3 12 30 -10 8 46 8

0 2 4 45 -12 8 25 5

0 5 41 17 -1 2 23 38

0 3 7 43 -6 6 15 34

0 2 5 36 -2 16 23 46

0 10 15 18 -15 0 1 48

0 0 2 19 -15 21 33 5

0 5 6 1 -1 8 15 24

0 0 1 9 -4 41 49 21


SAlphaB: 720.0, std-dev 260.0507237817152

Earliest win: 35
Latest win: 81

WinDepth:
0 0 0 0 0 0 0 0 0 0 0 0 0 0 0 0 0 0 0 0 0 0 0 0 0 0 0 0 0 0 0 0 0 0 0 1 0 1 0 2 0 11 2 20 6 35 15 35 24 83 60 256 90 145 76 165 128 171 193 178 160 243 232 335 318 356 419 343 409 433 479 461 449 402 357 364 233 261 171 158 89 78 
SAlphaB:
0 0 0 0 0 0 0 0 0 0 0 0 0 0 0 0 0 0 0 0 0 0 0 0 0 0 0 0 0 0 0 0 0 0 0 1 0 1 0 2 0 11 2 20 6 35 15 35 24 83 60 256 90 145 76 165 128 171 193 178 160 243 232 335 318 356 419 343 409 433 479 461 449 402 357 364 233 261 171 158 89 78 

LossDepth:
SAlphaB:
0 0 0 0 0 0 0 0 0 0 0 0 0 0 0 0 0 0 0 0 0 0 0 0 0 0 0 0 0 0 0 0 0 0 0 1 0 1 0 2 0 11 2 20 6 35 15 35 24 83 60 256 90 145 76 165 128 171 193 178 160 243 232 335 318 356 419 343 409 433 479 461 449 402 357 364 233 261 171 158 89 78 

FirstWin:
0 0 0 0 0 0 0 0 0 0 0 0 0 0 0 0 0 0 0 0 0 0 0 0 0 0 0 0 0 0 0 0 0 0 0 1 0 1 0 2 0 11 0 20 0 35 0 35 0 83 0 256 0 145 0 165 0 171 0 178 0 243 0 335 0 356 0 343 0 433 0 461 0 402 0 364 0 261 0 158 0 78 
SAlphaB:
0 0 0 0 0 0 0 0 0 0 0 0 0 0 0 0 0 0 0 0 0 0 0 0 0 0 0 0 0 0 0 0 0 0 0 1 0 1 0 2 0 11 0 20 0 35 0 35 0 83 0 256 0 145 0 165 0 171 0 178 0 243 0 335 0 356 0 343 0 433 0 461 0 402 0 364 0 261 0 158 0 78 

SecondWin:
0 0 0 0 0 0 0 0 0 0 0 0 0 0 0 0 0 0 0 0 0 0 0 0 0 0 0 0 0 0 0 0 0 0 0 0 0 0 0 0 0 0 2 0 6 0 15 0 24 0 60 0 90 0 76 0 128 0 193 0 160 0 232 0 318 0 419 0 409 0 479 0 449 0 357 0 233 0 171 0 89 0 
SAlphaB:
0 0 0 0 0 0 0 0 0 0 0 0 0 0 0 0 0 0 0 0 0 0 0 0 0 0 0 0 0 0 0 0 0 0 0 0 0 0 0 0 0 0 2 0 6 0 15 0 24 0 60 0 90 0 76 0 128 0 193 0 160 0 232 0 318 0 419 0 409 0 479 0 449 0 357 0 233 0 171 0 89 0 
