0 54 98 46 -15 4 29 33

0 15 95 63 -11 4 8 10

0 51 74 29 -6 8 20 8

0 66 95 26 -7 3 11 30

0 81 97 61 -20 2 7 41

0 62 69 4 -5 7 20 37

0 54 59 98 -2 2 26 0

0 20 35 61 -8 7 19 21

0 79 93 44 -10 4 11 42

0 14 93 79 -6 6 16 7

0 30 60 79 -20 0 1 45

0 30 97 85 -17 4 8 41

0 75 93 36 -3 7 24 42

0 44 60 5 -17 5 6 30

0 54 71 35 -16 20 46 38

0 24 42 62 -13 0 5 33

0 69 85 37 -19 4 7 21

0 35 66 77 -10 8 42 20

0 64 78 44 -10 19 29 7

0 62 71 0 -1 7 12 23

0 16 59 6 -18 16 35 39

0 14 82 37 -15 35 44 14

0 39 76 54 -7 10 37 44

0 8 56 57 -2 6 24 20

0 30 36 5 -6 0 15 27

0 33 53 24 -9 7 14 42

0 15 70 19 -20 8 9 43

0 14 75 78 -18 4 26 35

0 31 54 94 -20 12 23 19

0 67 94 78 -9 24 30 9

0 43 73 47 -11 10 12 17

0 5 53 28 -9 24 45 27

0 6 28 92 -8 3 8 21

0 33 43 10 -10 16 21 20

0 35 78 93 -14 31 39 11

0 19 41 40 -2 7 20 22

0 7 37 86 -10 0 15 11

0 74 78 21 -4 20 37 41

0 17 64 28 -18 35 36 25

0 64 65 30 -11 0 5 36

0 15 96 8 -20 5 14 7

0 13 17 85 -11 12 20 21

0 0 80 8 -11 1 18 16

0 7 73 7 -4 10 15 8

0 10 44 88 -12 0 6 27

0 26 31 83 -7 0 3 12

0 9 28 83 -3 8 26 19

0 21 32 1 -16 5 6 29

0 10 79 28 -14 3 13 48

0 57 81 6 -15 17 26 22

0 24 71 63 -4 2 33 21

0 59 82 99 -2 7 23 43

0 13 40 37 -18 42 43 36

0 9 64 8 -17 9 12 10

0 21 44 47 -19 8 42 43

0 80 98 91 -19 0 25 43

0 15 36 57 -17 34 35 6

0 42 44 54 -17 0 37 28

0 23 53 16 -12 26 41 27

0 46 65 70 -9 27 32 40

0 16 23 31 -5 7 10 9

0 18 38 78 -8 4 46 36

0 0 47 2 -12 25 28 31

0 11 18 6 -3 9 40 1

0 24 45 98 -2 14 47 18

0 1 3 74 -2 0 22 1

0 28 34 42 -4 18 30 27

0 13 53 37 -12 34 47 16

0 10 15 41 -16 7 18 18

0 2 3 76 -10 14 15 17

0 24 45 16 -14 19 20 8

0 26 65 31 -10 15 35 40

0 2 22 37 -20 44 45 48

0 26 58 39 -19 3 23 6

0 3 8 87 -2 17 45 37

0 54 77 75 -15 25 35 10

0 17 25 9 -5 15 19 24

0 7 14 17 -16 13 30 21

0 9 24 22 -4 14 19 22

0 17 38 35 -19 9 18 44

0 0 23 50 -10 1 11 19

0 15 18 81 -1 20 28 35

0 14 35 54 -11 9 17 49

0 5 10 44 -6 8 16 18

0 0 24 91 -1 9 39 39

0 16 53 6 -20 14 33 5

0 0 11 54 -2 20 22 5

0 8 9 49 -3 10 31 42

0 5 17 47 -14 1 21 31

0 10 19 43 -10 35 37 40

0 1 14 98 -6 0 25 38

0 1 3 1 -15 6 48 8

0 17 46 64 -18 1 29 45

0 1 5 77 -14 20 32 18

0 17 33 9 -15 19 41 11

0 41 50 84 -18 32 34 47

0 12 22 49 -17 26 32 40

0 3 4 65 -11 10 47 9

0 4 10 2 -15 3 6 7

0 2 12 6 -1 0 24 21


SAlphaB: 719.0, std-dev 266.1838825763768

Earliest win: 36
Latest win: 81

WinDepth:
0 0 0 0 0 0 0 0 0 0 0 0 0 0 0 0 0 0 0 0 0 0 0 0 0 0 0 0 0 0 0 0 0 0 0 0 1 0 5 2 1 7 4 18 8 18 8 12 22 54 55 104 127 114 76 173 117 211 142 183 188 299 242 306 391 413 399 388 413 383 438 451 447 405 378 333 274 256 162 128 100 78 
SAlphaB:
0 0 0 0 0 0 0 0 0 0 0 0 0 0 0 0 0 0 0 0 0 0 0 0 0 0 0 0 0 0 0 0 0 0 0 0 1 0 5 2 1 7 4 18 8 18 8 12 22 54 55 104 127 114 76 173 117 211 142 183 188 299 242 306 391 413 399 388 413 383 438 451 447 405 378 333 274 256 162 128 100 78 

LossDepth:
SAlphaB:
0 0 0 0 0 0 0 0 0 0 0 0 0 0 0 0 0 0 0 0 0 0 0 0 0 0 0 0 0 0 0 0 0 0 0 0 1 0 5 2 1 7 4 18 8 18 8 12 22 54 55 104 127 114 76 173 117 211 142 183 188 299 242 306 391 413 399 388 413 383 438 451 447 405 378 333 274 256 162 128 100 78 

FirstWin:
0 0 0 0 0 0 0 0 0 0 0 0 0 0 0 0 0 0 0 0 0 0 0 0 0 0 0 0 0 0 0 0 0 0 0 0 0 0 0 2 0 7 0 18 0 18 0 12 0 54 0 104 0 114 0 173 0 211 0 183 0 299 0 306 0 413 0 388 0 383 0 451 0 405 0 333 0 256 0 128 0 78 
SAlphaB:
0 0 0 0 0 0 0 0 0 0 0 0 0 0 0 0 0 0 0 0 0 0 0 0 0 0 0 0 0 0 0 0 0 0 0 0 0 0 0 2 0 7 0 18 0 18 0 12 0 54 0 104 0 114 0 173 0 211 0 183 0 299 0 306 0 413 0 388 0 383 0 451 0 405 0 333 0 256 0 128 0 78 

SecondWin:
0 0 0 0 0 0 0 0 0 0 0 0 0 0 0 0 0 0 0 0 0 0 0 0 0 0 0 0 0 0 0 0 0 0 0 0 1 0 5 0 1 0 4 0 8 0 8 0 22 0 55 0 127 0 76 0 117 0 142 0 188 0 242 0 391 0 399 0 413 0 438 0 447 0 378 0 274 0 162 0 100 0 
SAlphaB:
0 0 0 0 0 0 0 0 0 0 0 0 0 0 0 0 0 0 0 0 0 0 0 0 0 0 0 0 0 0 0 0 0 0 0 0 1 0 5 0 1 0 4 0 8 0 8 0 22 0 55 0 127 0 76 0 117 0 142 0 188 0 242 0 391 0 399 0 413 0 438 0 447 0 378 0 274 0 162 0 100 0 
