0 26 95 37 -10 2 15 32

0 52 85 29 -19 0 1 39

0 37 93 77 -2 2 15 22

0 21 71 14 -8 1 11 0

0 21 28 84 -2 2 11 13

0 40 51 89 -16 17 24 11

0 50 67 59 -5 3 7 5

0 39 52 27 -2 3 7 14

0 28 67 5 -14 1 8 8

0 65 78 72 -20 2 5 11

0 59 79 24 -18 0 9 19

0 38 73 28 -12 1 4 41

0 35 66 78 -7 7 17 40

0 37 57 48 -17 8 9 4

0 10 50 93 -2 4 5 18

0 19 21 83 -8 21 33 9

0 18 61 26 -8 29 48 30

0 24 84 95 -10 7 22 45

0 14 97 2 -20 13 30 13

0 48 58 77 -15 0 3 16

0 8 73 56 -15 2 11 13

0 55 96 4 -11 19 30 6

0 37 47 12 -5 1 7 3

0 30 95 24 -1 3 19 39

0 46 98 17 -16 4 36 37

0 17 99 60 -12 5 27 9

0 5 73 56 -4 4 5 27

0 36 93 99 -5 32 33 36

0 8 16 95 -15 0 1 5

0 27 45 92 -3 16 42 25

0 18 64 13 -15 3 4 43

0 13 63 87 -9 11 48 33

0 70 78 47 -17 20 33 5

0 42 61 78 -17 19 27 44

0 67 81 36 -14 0 2 17

0 10 64 23 -15 4 29 16

0 44 84 24 -13 21 34 42

0 25 35 65 -20 0 8 1

0 7 33 94 -1 16 39 31

0 36 64 40 -18 7 10 41

0 53 56 50 -4 41 49 6

0 1 11 25 -8 3 5 10

0 16 31 70 -5 10 23 18

0 73 80 51 -19 3 4 42

0 22 61 59 -4 1 41 17

0 57 59 76 -20 22 29 31

0 36 42 16 -19 13 21 4

0 78 79 28 -8 0 3 42

0 18 85 39 -17 30 48 30

0 74 75 12 -14 21 23 5

0 12 27 85 -5 18 20 10

0 14 35 70 -13 22 27 19

0 35 57 6 -16 20 30 46

0 24 33 61 -13 18 43 30

0 12 61 73 -6 3 47 32

0 80 98 56 -15 20 30 47

0 9 93 19 -6 15 22 0

0 41 58 91 -16 8 10 38

0 32 43 52 -19 4 6 42

0 17 18 89 -1 24 31 44

0 40 78 5 -5 0 12 41

0 37 94 26 -20 36 42 35

0 57 90 64 -7 33 49 26

0 0 30 99 -11 0 1 32

0 2 43 46 -16 5 7 39

0 9 30 5 -9 13 14 27

0 3 96 48 -1 42 43 40

0 8 11 64 -5 46 49 13

0 21 36 93 -8 30 39 43

0 0 6 8 -12 25 34 30

0 42 57 34 -3 38 47 23

0 2 10 55 -10 7 47 33

0 3 25 55 -15 28 31 7

0 0 1 68 -18 7 38 38

0 63 85 68 -11 23 27 48

0 3 23 68 -5 9 10 30

0 18 45 18 -19 9 11 45

0 15 38 83 -7 16 19 0

0 9 11 97 -17 1 2 1

0 27 37 44 -6 6 7 35

0 8 18 7 -1 7 19 31

0 2 3 43 -11 3 11 2

0 3 14 82 -16 11 38 12

0 3 98 31 -2 19 21 34

0 8 10 5 -17 0 9 13

0 2 5 22 -2 24 42 11

0 19 24 7 -6 2 49 40

0 4 21 85 -17 7 11 49

0 4 17 86 -3 14 46 0

0 21 28 92 -17 8 41 47

0 12 15 10 -10 1 21 28

0 4 9 10 -11 6 13 35

0 2 37 39 -17 12 42 2

0 4 16 40 -7 11 41 47

0 19 24 99 -1 4 47 46

0 4 10 93 -2 3 6 38

0 0 1 35 -8 0 5 48

0 3 5 55 -11 12 18 46

0 6 10 5 -15 4 8 48

0 1 2 30 -2 4 6 44


SAlphaB: 722.0, std-dev 270.1410616359871

Earliest win: 38
Latest win: 81

WinDepth:
0 0 0 0 0 0 0 0 0 0 0 0 0 0 0 0 0 0 0 0 0 0 0 0 0 0 0 0 0 0 0 0 0 0 0 0 0 0 4 3 13 9 3 22 4 29 9 86 35 50 107 182 57 123 85 192 131 178 126 178 153 233 231 332 330 356 381 390 467 404 442 446 422 398 385 312 275 253 197 147 89 105 
SAlphaB:
0 0 0 0 0 0 0 0 0 0 0 0 0 0 0 0 0 0 0 0 0 0 0 0 0 0 0 0 0 0 0 0 0 0 0 0 0 0 4 3 13 9 3 22 4 29 9 86 35 50 107 182 57 123 85 192 131 178 126 178 153 233 231 332 330 356 381 390 467 404 442 446 422 398 385 312 275 253 197 147 89 105 

LossDepth:
SAlphaB:
0 0 0 0 0 0 0 0 0 0 0 0 0 0 0 0 0 0 0 0 0 0 0 0 0 0 0 0 0 0 0 0 0 0 0 0 0 0 4 3 13 9 3 22 4 29 9 86 35 50 107 182 57 123 85 192 131 178 126 178 153 233 231 332 330 356 381 390 467 404 442 446 422 398 385 312 275 253 197 147 89 105 

FirstWin:
0 0 0 0 0 0 0 0 0 0 0 0 0 0 0 0 0 0 0 0 0 0 0 0 0 0 0 0 0 0 0 0 0 0 0 0 0 0 0 3 0 9 0 22 0 29 0 86 0 50 0 182 0 123 0 192 0 178 0 178 0 233 0 332 0 356 0 390 0 404 0 446 0 398 0 312 0 253 0 147 0 105 
SAlphaB:
0 0 0 0 0 0 0 0 0 0 0 0 0 0 0 0 0 0 0 0 0 0 0 0 0 0 0 0 0 0 0 0 0 0 0 0 0 0 0 3 0 9 0 22 0 29 0 86 0 50 0 182 0 123 0 192 0 178 0 178 0 233 0 332 0 356 0 390 0 404 0 446 0 398 0 312 0 253 0 147 0 105 

SecondWin:
0 0 0 0 0 0 0 0 0 0 0 0 0 0 0 0 0 0 0 0 0 0 0 0 0 0 0 0 0 0 0 0 0 0 0 0 0 0 4 0 13 0 3 0 4 0 9 0 35 0 107 0 57 0 85 0 131 0 126 0 153 0 231 0 330 0 381 0 467 0 442 0 422 0 385 0 275 0 197 0 89 0 
SAlphaB:
0 0 0 0 0 0 0 0 0 0 0 0 0 0 0 0 0 0 0 0 0 0 0 0 0 0 0 0 0 0 0 0 0 0 0 0 0 0 4 0 13 0 3 0 4 0 9 0 35 0 107 0 57 0 85 0 131 0 126 0 153 0 231 0 330 0 381 0 467 0 442 0 422 0 385 0 275 0 197 0 89 0 
