0 43 88 45 -9 5 14 9

0 56 92 44 -13 5 31 33

0 32 70 10 -2 19 39 17

0 72 91 63 -6 14 15 15

0 38 87 85 -17 20 23 39

0 54 96 8 -9 12 49 24

0 51 81 70 -7 3 9 36

0 6 53 50 -18 0 3 28

0 31 40 69 -7 6 29 3

0 37 53 4 -18 0 8 45

0 8 35 18 -10 1 4 2

0 64 78 46 -17 4 31 17

0 52 58 30 -12 2 8 40

0 25 32 91 -15 2 3 13

0 11 48 57 -5 0 1 24

0 37 62 16 -20 6 26 32

0 63 91 35 -6 0 32 32

0 21 72 63 -19 2 21 48

0 50 60 23 -10 7 21 18

0 64 70 73 -13 16 42 24

0 41 77 35 -4 14 45 33

0 4 39 68 -3 9 17 14

0 18 75 6 -2 10 15 32

0 32 34 56 -6 31 40 24

0 6 88 86 -11 3 4 14

0 42 78 89 -4 13 29 8

0 11 90 15 -19 10 21 11

0 17 40 90 -2 5 16 26

0 63 99 54 -2 14 25 48

0 47 81 39 -20 14 21 35

0 19 74 89 -1 13 27 26

0 39 52 85 -14 11 21 43

0 12 17 55 -13 0 3 23

0 25 88 37 -17 11 26 11

0 75 85 43 -5 5 24 15

0 29 46 57 -18 15 28 26

0 47 48 16 -17 14 26 27

0 79 83 76 -16 0 9 20

0 8 15 29 -13 6 17 25

0 12 59 45 -8 16 25 13

0 34 59 64 -4 19 49 43

0 58 91 18 -7 40 43 38

0 35 98 98 -17 1 7 32

0 17 23 79 -8 9 16 15

0 31 91 9 -14 11 26 30

0 6 83 84 -7 12 16 25

0 24 34 99 -11 38 40 16

0 22 31 18 -1 30 42 25

0 33 64 66 -18 4 48 5

0 9 23 54 -16 5 19 23

0 35 47 65 -2 4 9 30

0 23 67 21 -4 14 47 33

0 18 42 88 -5 11 16 39

0 29 35 42 -6 1 34 29

0 70 97 41 -4 35 48 48

0 9 77 88 -20 4 29 32

0 51 63 38 -19 5 10 36

0 12 64 15 -10 44 45 2

0 15 89 20 -9 38 49 11

0 8 22 47 -19 38 39 22

0 16 32 29 -11 2 12 25

0 8 30 27 -20 10 37 28

0 30 87 63 -20 28 33 12

0 8 58 42 -17 6 28 3

0 15 18 19 -2 21 43 4

0 13 55 98 -3 17 29 49

0 14 95 20 -4 16 21 47

0 33 36 66 -7 4 20 49

0 14 23 82 -20 10 13 4

0 12 16 6 -1 23 47 2

0 40 49 10 -14 2 34 6

0 9 31 64 -19 9 30 18

0 1 9 85 -5 21 22 40

0 2 5 33 -20 0 1 22

0 36 61 20 -6 22 36 43

0 8 39 49 -15 0 9 49

0 4 20 37 -6 26 42 8

0 2 3 68 -11 23 32 30

0 23 30 93 -14 28 46 1

0 21 49 40 -18 12 24 47

0 2 10 42 -11 15 32 10

0 8 19 19 -18 9 13 16

0 8 17 85 -15 13 37 34

0 0 1 8 -4 13 38 37

0 0 1 83 -1 14 19 16

0 12 13 30 -9 1 7 34

0 13 16 11 -1 16 46 43

0 4 57 19 -2 1 14 47

0 4 7 42 -11 23 32 21

0 3 10 12 -12 19 43 48

0 2 15 72 -19 21 29 25

0 0 1 36 -19 19 31 37

0 1 53 94 -17 0 11 0

0 13 37 25 -2 11 13 49

0 0 1 11 -18 3 34 43

0 11 12 2 -16 20 21 48

0 0 42 29 -10 1 15 41

0 0 3 88 -6 6 35 48

0 10 34 25 -1 22 23 47

0 7 8 37 -2 2 8 35


SAlphaB: 691.0, std-dev 251.38646512587914

Earliest win: 37
Latest win: 81

WinDepth:
0 0 0 0 0 0 0 0 0 0 0 0 0 0 0 0 0 0 0 0 0 0 0 0 0 0 0 0 0 0 0 0 0 0 0 0 0 9 0 3 2 7 1 2 3 11 14 35 28 65 59 214 80 123 84 239 98 177 137 166 214 250 253 300 318 341 406 359 438 413 454 435 462 424 336 365 259 252 186 147 95 77 
SAlphaB:
0 0 0 0 0 0 0 0 0 0 0 0 0 0 0 0 0 0 0 0 0 0 0 0 0 0 0 0 0 0 0 0 0 0 0 0 0 9 0 3 2 7 1 2 3 11 14 35 28 65 59 214 80 123 84 239 98 177 137 166 214 250 253 300 318 341 406 359 438 413 454 435 462 424 336 365 259 252 186 147 95 77 

LossDepth:
SAlphaB:
0 0 0 0 0 0 0 0 0 0 0 0 0 0 0 0 0 0 0 0 0 0 0 0 0 0 0 0 0 0 0 0 0 0 0 0 0 9 0 3 2 7 1 2 3 11 14 35 28 65 59 214 80 123 84 239 98 177 137 166 214 250 253 300 318 341 406 359 438 413 454 435 462 424 336 365 259 252 186 147 95 77 

FirstWin:
0 0 0 0 0 0 0 0 0 0 0 0 0 0 0 0 0 0 0 0 0 0 0 0 0 0 0 0 0 0 0 0 0 0 0 0 0 9 0 3 0 7 0 2 0 11 0 35 0 65 0 214 0 123 0 239 0 177 0 166 0 250 0 300 0 341 0 359 0 413 0 435 0 424 0 365 0 252 0 147 0 77 
SAlphaB:
0 0 0 0 0 0 0 0 0 0 0 0 0 0 0 0 0 0 0 0 0 0 0 0 0 0 0 0 0 0 0 0 0 0 0 0 0 9 0 3 0 7 0 2 0 11 0 35 0 65 0 214 0 123 0 239 0 177 0 166 0 250 0 300 0 341 0 359 0 413 0 435 0 424 0 365 0 252 0 147 0 77 

SecondWin:
0 0 0 0 0 0 0 0 0 0 0 0 0 0 0 0 0 0 0 0 0 0 0 0 0 0 0 0 0 0 0 0 0 0 0 0 0 0 0 0 2 0 1 0 3 0 14 0 28 0 59 0 80 0 84 0 98 0 137 0 214 0 253 0 318 0 406 0 438 0 454 0 462 0 336 0 259 0 186 0 95 0 
SAlphaB:
0 0 0 0 0 0 0 0 0 0 0 0 0 0 0 0 0 0 0 0 0 0 0 0 0 0 0 0 0 0 0 0 0 0 0 0 0 0 0 0 2 0 1 0 3 0 14 0 28 0 59 0 80 0 84 0 98 0 137 0 214 0 253 0 318 0 406 0 438 0 454 0 462 0 336 0 259 0 186 0 95 0 
