0 0 35 77 -8 10 18 3

0 37 71 87 -11 2 6 3

0 56 92 90 -18 10 19 27

0 20 79 75 -4 27 46 21

0 46 96 18 -18 4 29 9

0 51 58 35 -16 5 18 19

0 7 96 15 -12 5 9 5

0 24 34 39 -19 0 1 18

0 22 57 92 -5 4 12 4

0 12 44 88 -6 12 23 1

0 44 86 7 -20 1 8 6

0 38 72 73 -19 1 6 6

0 5 45 46 -19 9 21 10

0 54 81 47 -19 11 15 16

0 59 62 54 -1 16 46 21

0 18 87 30 -18 23 45 22

0 76 95 78 -1 10 18 5

0 9 95 55 -9 31 42 14

0 59 76 75 -10 12 27 44

0 57 95 79 -20 12 49 1

0 0 36 7 -11 10 18 11

0 59 83 15 -17 0 2 43

0 38 75 76 -18 6 10 29

0 1 82 70 -10 17 29 1

0 91 96 41 -18 2 12 23

0 40 61 94 -17 21 25 34

0 14 36 12 -7 6 17 0

0 29 42 36 -1 26 40 14

0 30 82 63 -4 20 36 3

0 14 79 5 -18 3 37 30

0 54 61 51 -7 5 12 16

0 28 89 38 -3 30 34 32

0 20 71 71 -3 26 46 30

0 34 69 26 -13 0 1 45

0 14 36 65 -18 18 24 17

0 58 79 25 -9 22 29 5

0 3 96 45 -11 0 1 39

0 9 48 55 -9 26 34 37

0 41 57 71 -19 19 46 36

0 56 64 87 -9 31 46 41

0 15 45 40 -14 7 27 1

0 35 75 24 -8 11 13 38

0 46 47 33 -19 2 33 15

0 5 84 91 -6 23 33 48

0 19 47 45 -6 0 29 15

0 36 64 99 -14 44 47 29

0 22 63 37 -20 38 46 47

0 22 71 29 -6 34 35 4

0 49 50 26 -1 2 4 31

0 13 95 49 -5 10 36 30

0 20 29 45 -15 8 14 3

0 3 59 19 -1 23 41 38

0 56 83 30 -9 26 46 37

0 11 36 10 -13 2 4 11

0 24 42 59 -19 3 6 12

0 3 14 31 -13 41 49 45

0 61 76 3 -14 12 37 45

0 36 57 91 -11 0 1 31

0 20 44 12 -18 3 8 49

0 68 99 22 -2 0 1 15

0 81 86 67 -16 4 6 40

0 20 28 94 -15 24 46 21

0 4 12 47 -11 6 21 28

0 8 25 66 -4 10 18 26

0 19 65 10 -9 12 17 31

0 18 60 45 -19 2 20 42

0 3 73 4 -20 19 25 19

0 17 81 31 -7 1 43 38

0 19 37 53 -11 13 17 47

0 30 40 90 -7 27 44 47

0 20 31 16 -5 13 14 40

0 21 37 82 -14 26 34 43

0 0 71 3 -12 6 42 43

0 7 41 39 -9 4 28 16

0 5 37 97 -18 21 35 45

0 24 87 14 -20 8 30 39

0 19 27 29 -17 7 17 29

0 3 78 43 -13 27 32 43

0 7 20 71 -17 0 5 4

0 1 20 35 -11 28 42 39

0 0 16 57 -4 27 48 41

0 18 21 97 -10 12 20 49

0 7 42 79 -18 2 38 21

0 0 6 93 -14 3 23 28

0 14 19 14 -1 17 48 26

0 15 18 89 -11 31 38 3

0 0 11 53 -20 15 31 41

0 3 82 66 -8 19 20 47

0 6 9 8 -13 17 38 14

0 0 2 99 -9 5 38 23

0 9 11 39 -18 9 10 33

0 2 10 59 -1 0 10 38

0 0 1 98 -4 0 31 29

0 0 7 39 -5 33 45 5

0 0 2 34 -17 15 20 49

0 13 22 28 -12 0 43 33

0 2 9 69 -16 39 45 2

0 0 8 24 -19 15 35 39

0 0 4 28 -17 4 6 49

0 5 6 14 -2 16 43 42


SAlphaB: 721.0, std-dev 259.16568205990495

Earliest win: 39
Latest win: 81

WinDepth:
0 0 0 0 0 0 0 0 0 0 0 0 0 0 0 0 0 0 0 0 0 0 0 0 0 0 0 0 0 0 0 0 0 0 0 0 0 0 0 4 0 3 2 14 8 33 11 48 25 67 70 299 59 108 64 130 118 168 156 204 164 225 215 283 330 419 433 367 479 441 514 466 441 400 331 381 315 245 165 111 88 73 
SAlphaB:
0 0 0 0 0 0 0 0 0 0 0 0 0 0 0 0 0 0 0 0 0 0 0 0 0 0 0 0 0 0 0 0 0 0 0 0 0 0 0 4 0 3 2 14 8 33 11 48 25 67 70 299 59 108 64 130 118 168 156 204 164 225 215 283 330 419 433 367 479 441 514 466 441 400 331 381 315 245 165 111 88 73 

LossDepth:
SAlphaB:
0 0 0 0 0 0 0 0 0 0 0 0 0 0 0 0 0 0 0 0 0 0 0 0 0 0 0 0 0 0 0 0 0 0 0 0 0 0 0 4 0 3 2 14 8 33 11 48 25 67 70 299 59 108 64 130 118 168 156 204 164 225 215 283 330 419 433 367 479 441 514 466 441 400 331 381 315 245 165 111 88 73 

FirstWin:
0 0 0 0 0 0 0 0 0 0 0 0 0 0 0 0 0 0 0 0 0 0 0 0 0 0 0 0 0 0 0 0 0 0 0 0 0 0 0 4 0 3 0 14 0 33 0 48 0 67 0 299 0 108 0 130 0 168 0 204 0 225 0 283 0 419 0 367 0 441 0 466 0 400 0 381 0 245 0 111 0 73 
SAlphaB:
0 0 0 0 0 0 0 0 0 0 0 0 0 0 0 0 0 0 0 0 0 0 0 0 0 0 0 0 0 0 0 0 0 0 0 0 0 0 0 4 0 3 0 14 0 33 0 48 0 67 0 299 0 108 0 130 0 168 0 204 0 225 0 283 0 419 0 367 0 441 0 466 0 400 0 381 0 245 0 111 0 73 

SecondWin:
0 0 0 0 0 0 0 0 0 0 0 0 0 0 0 0 0 0 0 0 0 0 0 0 0 0 0 0 0 0 0 0 0 0 0 0 0 0 0 0 0 0 2 0 8 0 11 0 25 0 70 0 59 0 64 0 118 0 156 0 164 0 215 0 330 0 433 0 479 0 514 0 441 0 331 0 315 0 165 0 88 0 
SAlphaB:
0 0 0 0 0 0 0 0 0 0 0 0 0 0 0 0 0 0 0 0 0 0 0 0 0 0 0 0 0 0 0 0 0 0 0 0 0 0 0 0 0 0 2 0 8 0 11 0 25 0 70 0 59 0 64 0 118 0 156 0 164 0 215 0 330 0 433 0 479 0 514 0 441 0 331 0 315 0 165 0 88 0 
