0 43 87 21 -10 6 29 29

0 25 73 50 -10 0 5 22

0 65 76 60 -12 4 27 17

0 55 86 50 -2 2 9 7

0 15 81 63 -10 8 9 12

0 69 88 58 -9 3 9 4

0 19 58 66 -8 3 7 24

0 83 84 70 -6 11 32 48

0 68 70 91 -15 5 18 3

0 58 84 1 -10 4 49 47

0 66 81 41 -3 8 27 11

0 48 73 93 -10 26 32 48

0 43 44 4 -3 6 20 18

0 16 72 29 -9 0 1 38

0 38 82 31 -14 3 18 44

0 29 53 62 -11 2 3 6

0 11 34 95 -3 6 9 39

0 19 50 16 -16 4 8 23

0 32 42 90 -1 8 16 7

0 25 98 53 -15 26 40 25

0 23 48 33 -6 10 21 16

0 75 85 88 -16 4 8 28

0 8 33 52 -16 2 22 34

0 13 46 53 -12 3 4 29

0 62 98 58 -13 24 40 49

0 74 81 43 -13 5 23 3

0 42 89 6 -19 26 30 27

0 31 59 42 -5 13 29 21

0 86 99 10 -14 23 36 16

0 16 50 2 -14 15 29 24

0 27 77 15 -17 29 30 29

0 31 79 61 -16 7 8 29

0 12 28 38 -9 13 25 0

0 9 37 67 -16 24 38 26

0 41 68 38 -11 3 5 35

0 23 55 38 -3 5 29 23

0 63 99 86 -5 2 10 39

0 62 94 24 -10 20 36 42

0 27 65 12 -8 17 23 12

0 34 77 48 -6 11 46 8

0 1 47 13 -13 4 11 43

0 32 95 17 -11 22 29 17

0 4 8 68 -11 0 1 12

0 16 73 80 -10 12 26 38

0 11 69 79 -9 20 28 42

0 17 55 58 -15 5 26 29

0 16 25 31 -16 29 34 8

0 37 60 48 -14 38 39 15

0 3 10 23 -11 40 46 41

0 63 66 24 -7 1 2 27

0 26 67 5 -12 2 40 0

0 2 30 94 -12 25 40 13

0 9 22 16 -14 35 41 36

0 32 36 65 -12 6 11 47

0 0 62 3 -10 0 2 0

0 21 44 25 -10 2 25 42

0 14 46 61 -2 2 3 44

0 20 26 1 -17 25 45 36

0 18 54 92 -18 15 20 47

0 8 9 17 -16 0 1 29

0 2 18 93 -11 27 45 18

0 13 48 78 -18 0 21 44

0 7 77 0 -3 8 15 25

0 51 59 80 -2 0 2 15

0 2 41 78 -1 7 9 48

0 22 31 21 -16 20 45 28

0 5 25 98 -1 0 13 19

0 68 81 6 -8 1 11 44

0 15 40 5 -10 19 21 21

0 21 30 26 -11 32 45 46

0 1 3 60 -1 12 25 33

0 27 70 36 -17 7 35 6

0 26 63 50 -8 1 39 36

0 5 24 60 -7 20 39 12

0 5 30 68 -10 12 45 47

0 4 8 68 -6 0 25 10

0 13 48 47 -17 13 20 47

0 17 51 1 -6 31 40 45

0 10 38 99 -20 14 28 11

0 3 11 66 -11 13 21 31

0 0 23 61 -16 19 29 19

0 2 3 73 -13 11 20 49

0 47 50 53 -10 21 34 8

0 4 13 56 -16 0 15 26

0 7 14 89 -4 3 13 22

0 2 14 47 -1 12 44 30

0 23 26 37 -16 2 29 40

0 4 27 0 -11 12 17 30

0 0 1 90 -12 8 11 4

0 4 14 93 -4 0 22 44

0 1 3 85 -10 11 48 36

0 1 3 93 -20 15 17 10

0 0 2 76 -7 37 41 25

0 1 18 52 -15 30 33 1

0 12 20 82 -10 3 23 39

0 0 1 41 -13 11 26 31

0 0 3 74 -20 14 40 24

0 2 5 74 -11 1 9 33

0 5 37 11 -14 4 23 49

0 3 5 65 -3 6 32 43


SAlphaB: 717.0, std-dev 263.35023488146203

Earliest win: 38
Latest win: 81

WinDepth:
0 0 0 0 0 0 0 0 0 0 0 0 0 0 0 0 0 0 0 0 0 0 0 0 0 0 0 0 0 0 0 0 0 0 0 0 0 0 1 2 16 5 4 10 6 17 13 27 21 77 70 163 47 123 70 198 114 168 106 187 146 225 210 288 317 387 403 400 453 406 444 463 430 409 399 332 260 281 174 144 104 75 
SAlphaB:
0 0 0 0 0 0 0 0 0 0 0 0 0 0 0 0 0 0 0 0 0 0 0 0 0 0 0 0 0 0 0 0 0 0 0 0 0 0 1 2 16 5 4 10 6 17 13 27 21 77 70 163 47 123 70 198 114 168 106 187 146 225 210 288 317 387 403 400 453 406 444 463 430 409 399 332 260 281 174 144 104 75 

LossDepth:
SAlphaB:
0 0 0 0 0 0 0 0 0 0 0 0 0 0 0 0 0 0 0 0 0 0 0 0 0 0 0 0 0 0 0 0 0 0 0 0 0 0 1 2 16 5 4 10 6 17 13 27 21 77 70 163 47 123 70 198 114 168 106 187 146 225 210 288 317 387 403 400 453 406 444 463 430 409 399 332 260 281 174 144 104 75 

FirstWin:
0 0 0 0 0 0 0 0 0 0 0 0 0 0 0 0 0 0 0 0 0 0 0 0 0 0 0 0 0 0 0 0 0 0 0 0 0 0 0 2 0 5 0 10 0 17 0 27 0 77 0 163 0 123 0 198 0 168 0 187 0 225 0 288 0 387 0 400 0 406 0 463 0 409 0 332 0 281 0 144 0 75 
SAlphaB:
0 0 0 0 0 0 0 0 0 0 0 0 0 0 0 0 0 0 0 0 0 0 0 0 0 0 0 0 0 0 0 0 0 0 0 0 0 0 0 2 0 5 0 10 0 17 0 27 0 77 0 163 0 123 0 198 0 168 0 187 0 225 0 288 0 387 0 400 0 406 0 463 0 409 0 332 0 281 0 144 0 75 

SecondWin:
0 0 0 0 0 0 0 0 0 0 0 0 0 0 0 0 0 0 0 0 0 0 0 0 0 0 0 0 0 0 0 0 0 0 0 0 0 0 1 0 16 0 4 0 6 0 13 0 21 0 70 0 47 0 70 0 114 0 106 0 146 0 210 0 317 0 403 0 453 0 444 0 430 0 399 0 260 0 174 0 104 0 
SAlphaB:
0 0 0 0 0 0 0 0 0 0 0 0 0 0 0 0 0 0 0 0 0 0 0 0 0 0 0 0 0 0 0 0 0 0 0 0 0 0 1 0 16 0 4 0 6 0 13 0 21 0 70 0 47 0 70 0 114 0 106 0 146 0 210 0 317 0 403 0 453 0 444 0 430 0 399 0 260 0 174 0 104 0 
