0 56 80 78 -10 4 31 24

0 51 93 78 -4 3 25 17

0 22 57 29 -6 3 15 4

0 43 96 48 -12 1 18 15

0 39 51 50 -19 2 6 8

0 61 92 44 -2 8 42 7

0 45 90 91 -4 8 30 16

0 54 74 21 -4 2 10 3

0 54 84 86 -18 2 11 20

0 32 45 47 -3 4 12 8

0 43 96 1 -12 1 16 30

0 36 98 44 -3 12 16 12

0 45 50 76 -16 1 3 8

0 88 90 74 -18 4 21 20

0 42 84 73 -18 4 8 17

0 74 99 84 -16 8 31 46

0 41 98 66 -19 0 2 9

0 44 73 70 -20 0 1 32

0 46 52 3 -4 5 15 4

0 31 87 33 -1 3 8 10

0 16 38 17 -12 0 6 8

0 56 87 15 -20 8 22 32

0 45 93 79 -8 4 12 21

0 24 67 63 -14 2 6 19

0 83 95 53 -12 7 14 31

0 32 79 29 -2 9 18 1

0 27 71 36 -7 0 3 8

0 31 32 6 -20 0 1 14

0 51 98 30 -7 9 39 15

0 41 50 25 -12 0 10 4

0 37 90 29 -8 8 24 21

0 40 93 41 -2 16 33 15

0 32 88 43 -6 0 4 10

0 83 91 18 -13 14 19 2

0 70 77 78 -5 16 34 3

0 49 72 80 -15 1 8 8

0 55 90 90 -5 0 8 9

0 21 65 28 -5 5 17 11

0 41 63 75 -4 10 15 1

0 75 99 54 -14 20 23 26

0 33 85 11 -15 0 3 39

0 51 68 2 -6 7 29 8

0 54 74 73 -16 6 26 9

0 33 45 46 -9 4 14 30

0 31 54 72 -10 5 18 4

0 59 84 10 -3 9 25 0

0 75 90 2 -13 6 25 30

0 54 74 83 -15 5 17 38

0 34 73 0 -9 2 20 3

0 32 91 78 -9 4 10 15

0 28 39 1 -7 4 16 15

0 35 94 43 -3 11 17 33

0 18 82 59 -18 23 49 10

0 22 59 64 -10 4 12 13

0 57 87 32 -18 1 22 5

0 6 11 83 -6 0 1 2

0 24 64 27 -16 8 17 1

0 51 83 79 -11 3 5 1

0 8 67 63 -10 0 2 8

0 53 75 56 -1 10 26 8

0 48 87 64 -17 0 19 47

0 73 93 56 -6 7 10 9

0 79 99 39 -16 12 18 5

0 67 92 67 -12 10 12 46

0 48 88 20 -14 0 2 30

0 87 95 40 -7 6 11 15

0 54 59 50 -8 5 15 19

0 37 42 98 -19 6 11 1

0 28 32 11 -6 3 8 0

0 4 50 29 -9 2 3 9

0 60 75 61 -6 12 20 20

0 43 67 57 -4 13 18 31

0 26 68 25 -14 5 11 19

0 49 82 81 -13 12 36 27

0 14 55 26 -20 0 2 6

0 54 78 94 -3 9 19 19

0 50 70 13 -11 0 4 2

0 15 78 14 -9 0 9 6

0 80 84 99 -19 1 44 47

0 15 67 87 -7 0 11 4

0 12 40 0 -9 1 2 11

0 2 42 37 -1 12 30 9

0 8 61 75 -6 0 1 5

0 17 78 84 -13 0 14 13

0 37 87 76 -17 9 24 29

0 17 96 91 -15 21 24 41

0 32 80 97 -1 12 29 33

0 38 91 2 -17 0 31 43

0 49 62 82 -17 0 2 47

0 67 77 68 -10 0 1 9

0 17 89 85 -16 0 3 42

0 18 51 40 -7 2 24 13

0 24 80 93 -13 0 9 36

0 2 54 70 -5 3 10 1

0 10 59 66 -9 3 10 18

0 36 92 66 -7 11 14 41

0 40 83 85 -12 28 48 22

0 8 80 82 -19 20 31 22

0 34 74 0 -1 26 31 23

0 21 35 49 -6 15 27 3


SAlphaB: 1045.0, std-dev 382.8734954725301

Earliest win: 35
Latest win: 81

WinDepth:
0 0 0 0 0 0 0 0 0 0 0 0 0 0 0 0 0 0 0 0 0 0 0 0 0 0 0 0 0 0 0 0 0 0 0 1 3 21 4 24 10 38 15 59 28 58 63 230 99 186 172 358 152 338 258 456 380 587 392 500 484 692 654 778 812 908 918 961 963 977 936 973 883 899 872 711 622 450 427 234 187 159 
SAlphaB:
0 0 0 0 0 0 0 0 0 0 0 0 0 0 0 0 0 0 0 0 0 0 0 0 0 0 0 0 0 0 0 0 0 0 0 1 3 21 4 24 10 38 15 59 28 58 63 230 99 186 172 358 152 338 258 456 380 587 392 500 484 692 654 778 812 908 918 961 963 977 936 973 883 899 872 711 622 450 427 234 187 159 

LossDepth:
SAlphaB:
0 0 0 0 0 0 0 0 0 0 0 0 0 0 0 0 0 0 0 0 0 0 0 0 0 0 0 0 0 0 0 0 0 0 0 0 2 19 2 22 6 26 13 36 9 42 38 105 72 86 113 171 115 184 178 246 234 341 267 288 274 467 418 581 561 690 678 737 716 819 659 764 635 754 680 669 519 434 344 222 212 148 

FirstWin:
0 0 0 0 0 0 0 0 0 0 0 0 0 0 0 0 0 0 0 0 0 0 0 0 0 0 0 0 0 0 0 0 0 0 0 1 0 21 0 24 0 38 0 59 0 58 0 230 0 186 0 358 0 338 0 456 0 587 0 500 0 692 0 778 0 908 0 961 0 977 0 973 0 899 0 711 0 450 0 234 0 159 
SAlphaB:
0 0 0 0 0 0 0 0 0 0 0 0 0 0 0 0 0 0 0 0 0 0 0 0 0 0 0 0 0 0 0 0 0 0 0 1 0 21 0 24 0 38 0 59 0 58 0 230 0 186 0 358 0 338 0 456 0 587 0 500 0 692 0 778 0 908 0 961 0 977 0 973 0 899 0 711 0 450 0 234 0 159 

SecondWin:
0 0 0 0 0 0 0 0 0 0 0 0 0 0 0 0 0 0 0 0 0 0 0 0 0 0 0 0 0 0 0 0 0 0 0 0 3 0 4 0 10 0 15 0 28 0 63 0 99 0 172 0 152 0 258 0 380 0 392 0 484 0 654 0 812 0 918 0 963 0 936 0 883 0 872 0 622 0 427 0 187 0 
SAlphaB:
0 0 0 0 0 0 0 0 0 0 0 0 0 0 0 0 0 0 0 0 0 0 0 0 0 0 0 0 0 0 0 0 0 0 0 0 3 0 4 0 10 0 15 0 28 0 63 0 99 0 172 0 152 0 258 0 380 0 392 0 484 0 654 0 812 0 918 0 963 0 936 0 883 0 872 0 622 0 427 0 187 0 
