0 32 79 29 -2 9 18 1

0 48 88 20 -14 0 2 30

0 45 50 76 -16 1 3 8

0 24 67 63 -14 2 6 19

0 44 73 70 -20 0 1 32

0 51 98 30 -7 9 39 15

0 80 84 99 -19 1 44 47

0 32 80 97 -1 12 29 33

0 87 95 40 -7 6 11 15

0 31 54 72 -10 5 18 4

0 85 90 64 -12 4 19 28

0 29 42 93 -18 0 1 35

0 42 54 61 -5 2 9 0

0 38 81 75 -16 1 5 4

0 24 43 95 -5 17 41 9

0 51 91 8 -2 1 19 37

0 8 61 70 -12 7 12 17

0 53 94 37 -3 6 10 7

0 64 92 65 -13 2 3 24

0 16 33 9 -7 28 31 4

0 43 61 86 -20 16 38 9

0 68 70 48 -18 7 10 42

0 22 23 91 -16 3 6 4

0 23 77 57 -17 42 43 25

0 55 99 64 -2 20 29 6

0 6 75 29 -17 14 23 17

0 44 49 56 -3 15 44 36

0 38 48 30 -11 3 30 13

0 43 47 88 -13 22 43 46

0 67 99 35 -7 1 2 28

0 9 47 15 -12 27 33 28

0 65 98 29 -4 25 28 42

0 54 94 25 -18 0 43 20

0 86 96 80 -14 39 43 47

0 44 84 8 -19 13 33 23

0 18 75 0 -8 10 18 26

0 58 59 97 -20 13 44 7

0 61 67 79 -5 3 45 35

0 39 47 40 -11 3 39 15

0 55 94 23 -20 17 24 12

0 24 64 47 -20 11 28 36

0 23 56 57 -1 0 3 18

0 24 51 90 -5 33 43 40

0 33 97 4 -5 8 48 43

0 7 83 64 -7 31 36 9

0 93 97 2 -5 0 23 48

0 30 60 99 -17 25 34 1

0 27 29 15 -5 9 16 36

0 21 92 1 -4 23 42 33

0 31 76 50 -4 28 33 19

0 1 28 80 -2 20 43 40

0 40 44 60 -14 16 25 9

0 0 18 30 -16 16 32 8

0 47 98 28 -6 30 45 19

0 2 54 9 -12 0 1 37

0 11 43 97 -1 1 21 0

0 19 33 69 -3 25 49 38

0 18 26 36 -8 12 46 12

0 14 30 90 -5 10 11 32

0 20 64 77 -9 6 33 19

0 0 30 40 -8 23 33 16

0 19 52 8 -19 23 45 27

0 10 13 92 -13 25 33 43

0 0 34 4 -10 14 35 13

0 0 20 97 -12 2 6 35

0 0 39 28 -17 26 35 18

0 15 52 59 -13 6 30 20

0 6 13 19 -20 0 5 4

0 26 29 75 -3 0 1 34

0 9 15 86 -9 35 47 22

0 6 65 16 -13 0 5 39

0 12 21 8 -20 4 15 46

0 3 39 42 -5 16 24 48

0 32 34 23 -17 2 4 46

0 6 15 6 -20 19 21 14

0 47 96 91 -8 37 40 3

0 24 46 22 -19 14 19 44

0 0 2 40 -15 2 6 30

0 2 4 37 -11 22 26 9

0 7 31 29 -3 15 23 30

0 8 26 4 -20 1 27 33

0 19 21 5 -14 3 43 12

0 4 76 93 -7 19 21 1

0 16 25 40 -2 9 37 44

0 3 4 27 -7 26 43 20

0 0 2 76 -20 28 46 9

0 4 8 1 -15 11 31 35

0 1 9 27 -4 8 20 35

0 4 13 71 -4 9 48 22

0 9 15 22 -10 33 42 5

0 0 1 39 -13 5 8 2

0 0 9 29 -15 2 25 16

0 0 25 73 -15 3 39 14

0 0 3 82 -8 5 9 41

0 3 16 86 -5 5 43 15

0 6 43 3 -18 5 22 45

0 0 1 9 -4 2 27 15

0 2 3 42 -8 1 9 28

0 5 8 20 -15 1 43 37

0 2 8 38 -4 3 13 19


SAlphaB: 1034.0, std-dev 398.50114450490247

Earliest win: 38
Latest win: 81

WinDepth:
0 0 0 0 0 0 0 0 0 0 0 0 0 0 0 0 0 0 0 0 0 0 0 0 0 0 0 0 0 0 0 0 0 0 0 0 0 0 1 2 3 5 0 16 2 16 28 29 30 75 79 178 134 102 87 179 124 194 93 191 134 214 268 305 350 397 408 412 366 431 380 439 467 437 395 381 284 257 204 110 115 85 
SAlphaB:
0 0 0 0 0 0 0 0 0 0 0 0 0 0 0 0 0 0 0 0 0 0 0 0 0 0 0 0 0 0 0 0 0 0 0 0 0 0 1 2 3 5 0 16 2 16 28 29 30 75 79 178 134 102 87 179 124 194 93 191 134 214 268 305 350 397 408 412 366 431 380 439 467 437 395 381 284 257 204 110 115 85 

LossDepth:
SAlphaB:
0 0 0 0 0 0 0 0 0 0 0 0 0 0 0 0 0 0 0 0 0 0 0 0 0 0 0 0 0 0 0 0 0 0 0 0 0 0 1 2 3 5 0 16 2 16 28 29 30 75 79 178 134 102 87 179 124 194 93 191 134 214 268 305 350 397 408 412 366 431 380 439 467 437 395 381 284 257 204 110 115 85 

FirstWin:
0 0 0 0 0 0 0 0 0 0 0 0 0 0 0 0 0 0 0 0 0 0 0 0 0 0 0 0 0 0 0 0 0 0 0 0 0 0 0 2 0 5 0 16 0 16 0 29 0 75 0 178 0 102 0 179 0 194 0 191 0 214 0 305 0 397 0 412 0 431 0 439 0 437 0 381 0 257 0 110 0 85 
SAlphaB:
0 0 0 0 0 0 0 0 0 0 0 0 0 0 0 0 0 0 0 0 0 0 0 0 0 0 0 0 0 0 0 0 0 0 0 0 0 0 0 2 0 5 0 16 0 16 0 29 0 75 0 178 0 102 0 179 0 194 0 191 0 214 0 305 0 397 0 412 0 431 0 439 0 437 0 381 0 257 0 110 0 85 

SecondWin:
0 0 0 0 0 0 0 0 0 0 0 0 0 0 0 0 0 0 0 0 0 0 0 0 0 0 0 0 0 0 0 0 0 0 0 0 0 0 1 0 3 0 0 0 2 0 28 0 30 0 79 0 134 0 87 0 124 0 93 0 134 0 268 0 350 0 408 0 366 0 380 0 467 0 395 0 284 0 204 0 115 0 
SAlphaB:
0 0 0 0 0 0 0 0 0 0 0 0 0 0 0 0 0 0 0 0 0 0 0 0 0 0 0 0 0 0 0 0 0 0 0 0 0 0 1 0 3 0 0 0 2 0 28 0 30 0 79 0 134 0 87 0 124 0 93 0 134 0 268 0 350 0 408 0 366 0 380 0 467 0 395 0 284 0 204 0 115 0 
