0 22 57 29 -6 3 15 4

0 41 98 66 -19 0 2 9

0 51 68 2 -6 7 29 8

0 34 73 0 -9 2 20 3

0 54 74 73 -16 6 26 9

0 48 87 64 -17 0 19 47

0 36 98 44 -3 12 16 12

0 43 96 1 -12 1 16 30

0 6 11 83 -6 0 1 2

0 49 82 81 -13 12 36 27

0 47 50 39 -11 6 29 15

0 23 67 31 -13 0 5 11

0 36 82 75 -15 5 21 24

0 21 80 81 -12 13 28 8

0 37 89 69 -9 0 16 35

0 41 45 76 -8 1 10 13

0 32 77 27 -6 9 18 8

0 40 64 96 -14 13 35 45

0 71 98 55 -1 1 3 19

0 45 67 98 -8 7 9 0

0 21 29 33 -8 3 11 28

0 5 67 85 -10 7 22 30

0 27 34 63 -14 6 16 40

0 94 99 31 -12 7 13 43

0 44 48 49 -9 20 49 2

0 30 54 87 -9 0 4 8

0 46 56 99 -20 5 7 14

0 7 73 54 -13 3 9 13

0 33 96 8 -13 11 42 19

0 37 55 17 -15 1 2 26

0 23 82 31 -8 8 13 4

0 25 92 48 -7 3 27 24

0 85 98 81 -6 2 16 40

0 81 96 69 -2 20 36 27

0 84 86 41 -4 4 6 34

0 21 24 47 -5 16 25 12

0 42 77 62 -11 9 45 7

0 59 83 76 -6 3 5 49

0 22 54 73 -11 8 35 40

0 25 67 90 -1 34 41 30

0 9 48 73 -17 3 4 21

0 32 36 47 -12 4 5 36

0 70 78 2 -3 1 19 39

0 15 89 34 -6 0 27 20

0 2 90 30 -10 22 38 15

0 12 65 6 -4 14 30 1

0 53 91 10 -11 1 5 16

0 51 64 51 -3 6 33 47

0 71 75 40 -15 0 1 33

0 34 70 33 -2 9 42 4

0 17 45 21 -1 10 12 22

0 6 97 15 -7 32 45 12

0 6 56 9 -20 0 19 12

0 17 36 91 -15 12 26 26

0 34 67 2 -14 3 40 13

0 27 78 11 -15 8 40 8

0 2 53 72 -4 15 18 43

0 15 51 82 -17 33 49 39

0 25 68 80 -20 2 4 44

0 20 99 29 -13 6 31 20

0 3 23 87 -17 3 22 21

0 45 83 23 -11 27 33 8

0 33 75 89 -1 30 31 24

0 14 42 56 -4 19 39 17

0 24 70 65 -5 0 16 43

0 37 39 61 -20 6 18 39

0 7 20 40 -19 18 21 19

0 4 5 86 -4 6 19 11

0 4 8 97 -17 6 11 31

0 19 39 75 -19 31 34 49

0 25 64 83 -17 0 6 40

0 54 89 47 -15 33 48 17

0 11 25 50 -19 7 26 24

0 18 29 55 -19 9 16 10

0 11 67 81 -7 1 4 40

0 9 47 96 -9 10 24 45

0 22 31 62 -13 15 30 20

0 28 51 34 -15 5 41 17

0 2 34 52 -16 0 1 46

0 0 25 34 -9 19 28 11

0 25 82 55 -1 26 30 36

0 8 23 83 -5 0 15 31

0 15 26 22 -12 45 49 32

0 19 42 70 -17 19 36 15

0 2 25 74 -12 1 19 0

0 14 36 12 -5 20 48 48

0 30 46 63 -15 19 30 48

0 18 25 87 -10 6 46 36

0 1 5 59 -10 13 34 15

0 9 14 59 -7 16 34 7

0 1 2 36 -19 5 40 49

0 4 30 22 -4 43 48 13

0 0 8 74 -19 11 35 19

0 26 30 39 -14 27 37 3

0 4 13 62 -19 15 30 39

0 4 5 97 -10 5 34 43

0 21 23 61 -20 29 43 41

0 4 5 46 -20 0 1 43

0 3 22 85 -11 8 36 48

0 0 1 5 -4 2 3 47


SAlphaB: 1020.0, std-dev 378.0179710200845

Earliest win: 38
Latest win: 81

WinDepth:
0 0 0 0 0 0 0 0 0 0 0 0 0 0 0 0 0 0 0 0 0 0 0 0 0 0 0 0 0 0 0 0 0 0 0 0 0 0 6 4 1 9 5 15 7 11 13 51 20 73 59 170 64 122 91 163 139 221 127 217 163 271 217 354 303 382 381 397 461 451 455 428 428 374 393 315 297 227 174 135 83 88 
SAlphaB:
0 0 0 0 0 0 0 0 0 0 0 0 0 0 0 0 0 0 0 0 0 0 0 0 0 0 0 0 0 0 0 0 0 0 0 0 0 0 6 4 1 9 5 15 7 11 13 51 20 73 59 170 64 122 91 163 139 221 127 217 163 271 217 354 303 382 381 397 461 451 455 428 428 374 393 315 297 227 174 135 83 88 

LossDepth:
SAlphaB:
0 0 0 0 0 0 0 0 0 0 0 0 0 0 0 0 0 0 0 0 0 0 0 0 0 0 0 0 0 0 0 0 0 0 0 0 0 0 6 4 1 9 5 15 7 11 13 51 20 73 59 170 64 122 91 163 139 221 127 217 163 271 217 354 303 382 381 397 461 451 455 428 428 374 393 315 297 227 174 135 83 88 

FirstWin:
0 0 0 0 0 0 0 0 0 0 0 0 0 0 0 0 0 0 0 0 0 0 0 0 0 0 0 0 0 0 0 0 0 0 0 0 0 0 0 4 0 9 0 15 0 11 0 51 0 73 0 170 0 122 0 163 0 221 0 217 0 271 0 354 0 382 0 397 0 451 0 428 0 374 0 315 0 227 0 135 0 88 
SAlphaB:
0 0 0 0 0 0 0 0 0 0 0 0 0 0 0 0 0 0 0 0 0 0 0 0 0 0 0 0 0 0 0 0 0 0 0 0 0 0 0 4 0 9 0 15 0 11 0 51 0 73 0 170 0 122 0 163 0 221 0 217 0 271 0 354 0 382 0 397 0 451 0 428 0 374 0 315 0 227 0 135 0 88 

SecondWin:
0 0 0 0 0 0 0 0 0 0 0 0 0 0 0 0 0 0 0 0 0 0 0 0 0 0 0 0 0 0 0 0 0 0 0 0 0 0 6 0 1 0 5 0 7 0 13 0 20 0 59 0 64 0 91 0 139 0 127 0 163 0 217 0 303 0 381 0 461 0 455 0 428 0 393 0 297 0 174 0 83 0 
SAlphaB:
0 0 0 0 0 0 0 0 0 0 0 0 0 0 0 0 0 0 0 0 0 0 0 0 0 0 0 0 0 0 0 0 0 0 0 0 0 0 6 0 1 0 5 0 7 0 13 0 20 0 59 0 64 0 91 0 139 0 127 0 163 0 217 0 303 0 381 0 461 0 455 0 428 0 393 0 297 0 174 0 83 0 
