0 24 64 27 -16 8 17 1

0 83 91 18 -13 14 19 2

0 14 55 26 -20 0 2 6

0 26 68 25 -14 5 11 19

0 73 93 56 -6 7 10 9

0 67 77 68 -10 0 1 9

0 57 87 32 -18 1 22 5

0 34 74 0 -1 26 31 23

0 18 51 40 -7 2 24 13

0 40 93 41 -2 16 33 15

0 52 55 98 -14 1 7 35

0 21 73 16 -3 2 13 38

0 19 23 37 -17 5 13 7

0 28 34 22 -8 43 46 29

0 55 60 53 -18 6 7 18

0 31 54 59 -10 5 21 30

0 74 91 61 -13 1 22 9

0 68 74 91 -18 4 6 42

0 27 33 89 -7 4 10 15

0 11 32 71 -11 38 43 10

0 29 92 59 -19 18 44 49

0 31 44 0 -1 1 2 12

0 32 75 81 -20 23 49 30

0 13 97 37 -3 8 28 3

0 45 50 70 -20 29 43 5

0 71 76 81 -15 16 20 24

0 21 92 96 -10 18 42 36

0 36 53 96 -17 6 7 13

0 28 44 1 -7 39 45 26

0 74 78 60 -20 14 46 2

0 15 56 49 -12 0 8 49

0 68 92 26 -5 13 46 33

0 18 59 35 -17 4 22 30

0 5 11 95 -6 2 5 5

0 2 42 47 -12 7 10 26

0 10 30 93 -13 8 28 18

0 2 85 54 -12 15 46 20

0 18 35 11 -11 2 7 41

0 0 57 56 -4 1 2 26

0 10 39 44 -19 1 31 36

0 15 16 81 -13 44 49 47

0 12 27 91 -20 42 45 21

0 10 18 4 -11 2 14 1

0 7 29 63 -8 36 44 15

0 11 14 26 -12 31 32 27

0 57 77 38 -4 29 40 32

0 1 59 37 -9 40 46 9

0 19 22 72 -1 15 37 32

0 2 63 50 -19 18 42 30

0 1 3 35 -14 39 48 35

0 13 92 35 -19 17 22 45

0 58 83 5 -4 0 2 31

0 73 91 68 -14 3 5 14

0 30 42 72 -10 0 35 6

0 46 53 91 -16 9 35 2

0 24 35 69 -2 19 36 20

0 7 70 2 -8 14 31 20

0 40 96 68 -10 41 47 13

0 20 74 14 -18 3 21 49

0 85 91 57 -18 33 40 4

0 44 61 82 -20 13 14 49

0 8 12 66 -19 37 44 31

0 3 16 33 -13 28 37 31

0 36 71 45 -20 22 35 36

0 46 86 0 -5 0 40 42

0 29 55 36 -6 13 27 48

0 14 20 35 -17 6 7 13

0 23 37 48 -17 3 32 0

0 4 98 38 -3 25 40 28

0 7 37 41 -12 25 40 38

0 15 69 78 -17 16 26 43

0 24 45 37 -14 37 44 0

0 3 17 55 -2 17 44 34

0 6 18 20 -10 31 39 24

0 3 18 51 -13 45 46 13

0 6 11 90 -16 3 17 13

0 1 3 61 -7 0 1 29

0 47 50 96 -11 19 27 24

0 4 11 37 -4 7 25 21

0 14 20 3 -20 26 39 12

0 16 23 90 -12 9 45 7

0 56 61 77 -10 40 45 2

0 5 23 76 -8 1 2 36

0 8 41 17 -1 20 40 36

0 12 33 22 -17 9 14 49

0 17 43 92 -12 10 23 47

0 2 7 25 -11 1 36 19

0 3 8 41 -1 21 26 11

0 0 26 34 -14 20 25 48

0 8 26 9 -14 13 47 26

0 5 14 3 -15 8 20 34

0 11 29 0 -15 0 14 46

0 0 3 66 -16 26 33 0

0 2 8 78 -10 10 11 42

0 0 34 9 -13 7 9 47

0 10 12 16 -13 20 29 38

0 23 24 45 -6 18 21 0

0 6 14 2 -19 6 15 33

0 15 21 27 -20 17 22 39

0 3 14 87 -8 6 29 45


SAlphaB: 1011.0, std-dev 386.49675734001113

Earliest win: 35
Latest win: 81

WinDepth:
0 0 0 0 0 0 0 0 0 0 0 0 0 0 0 0 0 0 0 0 0 0 0 0 0 0 0 0 0 0 0 0 0 0 0 1 0 2 1 0 22 8 4 13 21 7 19 17 45 69 75 192 166 113 150 124 120 144 122 169 165 238 256 316 300 336 407 345 510 412 521 432 441 374 393 314 278 224 180 141 114 82 
SAlphaB:
0 0 0 0 0 0 0 0 0 0 0 0 0 0 0 0 0 0 0 0 0 0 0 0 0 0 0 0 0 0 0 0 0 0 0 1 0 2 1 0 22 8 4 13 21 7 19 17 45 69 75 192 166 113 150 124 120 144 122 169 165 238 256 316 300 336 407 345 510 412 521 432 441 374 393 314 278 224 180 141 114 82 

LossDepth:
SAlphaB:
0 0 0 0 0 0 0 0 0 0 0 0 0 0 0 0 0 0 0 0 0 0 0 0 0 0 0 0 0 0 0 0 0 0 0 1 0 2 1 0 22 8 4 13 21 7 19 17 45 69 75 192 166 113 150 124 120 144 122 169 165 238 256 316 300 336 407 345 510 412 521 432 441 374 393 314 278 224 180 141 114 82 

FirstWin:
0 0 0 0 0 0 0 0 0 0 0 0 0 0 0 0 0 0 0 0 0 0 0 0 0 0 0 0 0 0 0 0 0 0 0 1 0 2 0 0 0 8 0 13 0 7 0 17 0 69 0 192 0 113 0 124 0 144 0 169 0 238 0 316 0 336 0 345 0 412 0 432 0 374 0 314 0 224 0 141 0 82 
SAlphaB:
0 0 0 0 0 0 0 0 0 0 0 0 0 0 0 0 0 0 0 0 0 0 0 0 0 0 0 0 0 0 0 0 0 0 0 1 0 2 0 0 0 8 0 13 0 7 0 17 0 69 0 192 0 113 0 124 0 144 0 169 0 238 0 316 0 336 0 345 0 412 0 432 0 374 0 314 0 224 0 141 0 82 

SecondWin:
0 0 0 0 0 0 0 0 0 0 0 0 0 0 0 0 0 0 0 0 0 0 0 0 0 0 0 0 0 0 0 0 0 0 0 0 0 0 1 0 22 0 4 0 21 0 19 0 45 0 75 0 166 0 150 0 120 0 122 0 165 0 256 0 300 0 407 0 510 0 521 0 441 0 393 0 278 0 180 0 114 0 
SAlphaB:
0 0 0 0 0 0 0 0 0 0 0 0 0 0 0 0 0 0 0 0 0 0 0 0 0 0 0 0 0 0 0 0 0 0 0 0 0 0 1 0 22 0 4 0 21 0 19 0 45 0 75 0 166 0 150 0 120 0 122 0 165 0 256 0 300 0 407 0 510 0 521 0 441 0 393 0 278 0 180 0 114 0 
