0 49 72 80 -15 1 8 8

0 32 45 47 -3 4 12 8

0 56 87 15 -20 8 22 32

0 17 89 85 -16 0 3 42

0 21 35 49 -6 15 27 3

0 54 74 83 -15 5 17 38

0 79 99 39 -16 12 18 5

0 54 78 94 -3 9 19 19

0 41 50 25 -12 0 10 4

0 33 45 46 -9 4 14 30

0 20 88 51 -9 3 8 37

0 44 68 36 -7 11 33 41

0 46 96 60 -6 36 43 10

0 54 71 8 -13 9 23 26

0 67 91 82 -3 13 29 22

0 24 56 85 -14 3 16 30

0 63 89 39 -7 7 26 40

0 32 83 62 -6 10 31 12

0 4 59 65 -20 5 13 13

0 81 90 38 -4 15 40 14

0 76 80 23 -7 10 15 10

0 3 87 54 -11 5 7 26

0 33 44 77 -12 4 5 9

0 43 52 71 -10 5 18 41

0 12 65 26 -18 29 31 33

0 17 92 90 -10 8 19 28

0 8 44 35 -9 24 29 9

0 27 51 16 -7 6 34 6

0 35 46 96 -14 23 42 49

0 42 79 92 -8 9 17 11

0 59 63 73 -17 24 33 10

0 18 69 42 -5 15 26 9

0 35 61 32 -16 22 28 5

0 71 82 61 -16 27 31 40

0 47 49 63 -14 26 46 43

0 7 68 59 -1 20 23 5

0 8 28 90 -15 10 17 40

0 13 72 15 -2 13 14 6

0 28 89 81 -10 7 42 36

0 23 82 59 -9 41 44 3

0 1 17 39 -17 2 4 16

0 4 33 51 -10 20 26 27

0 62 85 61 -9 45 47 43

0 1 29 66 -5 29 38 42

0 12 15 28 -19 23 30 28

0 25 50 40 -7 1 19 46

0 21 81 82 -7 2 29 31

0 10 38 36 -10 2 3 1

0 48 89 94 -5 0 1 22

0 9 22 52 -10 26 30 29

0 36 50 0 -20 6 10 42

0 10 24 77 -1 3 11 6

0 3 9 61 -17 5 16 29

0 10 38 13 -8 6 10 4

0 10 44 92 -20 21 30 6

0 8 43 18 -11 26 37 43

0 56 57 87 -1 3 12 36

0 5 6 40 -9 33 40 37

0 23 74 1 -11 20 45 28

0 21 27 11 -3 2 12 33

0 21 69 83 -4 31 33 46

0 19 56 63 -19 13 40 19

0 1 63 58 -2 1 2 43

0 8 15 4 -9 9 31 9

0 4 24 74 -1 9 26 41

0 3 28 15 -15 10 20 6

0 12 69 51 -7 7 10 42

0 21 40 85 -18 3 6 42

0 4 50 17 -8 2 14 5

0 0 38 21 -19 14 44 20

0 16 17 16 -16 0 11 34

0 4 26 44 -9 7 22 8

0 13 43 28 -6 14 23 45

0 2 5 71 -3 24 49 41

0 38 48 24 -2 14 37 22

0 7 18 19 -7 29 41 20

0 36 69 17 -15 20 38 12

0 13 28 6 -4 0 22 41

0 5 9 54 -8 31 33 22

0 3 6 59 -1 0 2 36

0 4 12 74 -18 33 36 23

0 8 15 45 -4 17 48 24

0 40 43 36 -20 22 39 24

0 14 83 20 -5 26 39 40

0 1 5 41 -7 0 3 24

0 4 15 58 -17 4 5 34

0 0 63 14 -1 48 49 46

0 12 22 68 -3 3 4 45

0 9 30 85 -15 8 35 7

0 12 75 19 -4 5 23 45

0 3 38 20 -8 35 45 1

0 31 45 6 -7 31 40 43

0 7 22 3 -3 10 14 33

0 8 24 43 -3 19 21 28

0 7 19 3 -10 1 3 33

0 5 42 60 -16 7 43 32

0 1 2 45 -17 4 15 22

0 2 12 17 -3 23 48 49

0 3 13 36 -15 2 12 42

0 0 1 22 -7 4 18 25


SAlphaB: 1020.0, std-dev 391.0680032702985

Earliest win: 37
Latest win: 81

WinDepth:
0 0 0 0 0 0 0 0 0 0 0 0 0 0 0 0 0 0 0 0 0 0 0 0 0 0 0 0 0 0 0 0 0 0 0 0 0 2 0 6 2 5 2 12 27 7 25 42 41 116 50 201 155 103 78 166 116 181 130 170 144 222 212 321 319 351 406 366 449 351 514 435 427 414 413 396 268 259 188 123 106 79 
SAlphaB:
0 0 0 0 0 0 0 0 0 0 0 0 0 0 0 0 0 0 0 0 0 0 0 0 0 0 0 0 0 0 0 0 0 0 0 0 0 2 0 6 2 5 2 12 27 7 25 42 41 116 50 201 155 103 78 166 116 181 130 170 144 222 212 321 319 351 406 366 449 351 514 435 427 414 413 396 268 259 188 123 106 79 

LossDepth:
SAlphaB:
0 0 0 0 0 0 0 0 0 0 0 0 0 0 0 0 0 0 0 0 0 0 0 0 0 0 0 0 0 0 0 0 0 0 0 0 0 2 0 6 2 5 2 12 27 7 25 42 41 116 50 201 155 103 78 166 116 181 130 170 144 222 212 321 319 351 406 366 449 351 514 435 427 414 413 396 268 259 188 123 106 79 

FirstWin:
0 0 0 0 0 0 0 0 0 0 0 0 0 0 0 0 0 0 0 0 0 0 0 0 0 0 0 0 0 0 0 0 0 0 0 0 0 2 0 6 0 5 0 12 0 7 0 42 0 116 0 201 0 103 0 166 0 181 0 170 0 222 0 321 0 351 0 366 0 351 0 435 0 414 0 396 0 259 0 123 0 79 
SAlphaB:
0 0 0 0 0 0 0 0 0 0 0 0 0 0 0 0 0 0 0 0 0 0 0 0 0 0 0 0 0 0 0 0 0 0 0 0 0 2 0 6 0 5 0 12 0 7 0 42 0 116 0 201 0 103 0 166 0 181 0 170 0 222 0 321 0 351 0 366 0 351 0 435 0 414 0 396 0 259 0 123 0 79 

SecondWin:
0 0 0 0 0 0 0 0 0 0 0 0 0 0 0 0 0 0 0 0 0 0 0 0 0 0 0 0 0 0 0 0 0 0 0 0 0 0 0 0 2 0 2 0 27 0 25 0 41 0 50 0 155 0 78 0 116 0 130 0 144 0 212 0 319 0 406 0 449 0 514 0 427 0 413 0 268 0 188 0 106 0 
SAlphaB:
0 0 0 0 0 0 0 0 0 0 0 0 0 0 0 0 0 0 0 0 0 0 0 0 0 0 0 0 0 0 0 0 0 0 0 0 0 0 0 0 2 0 2 0 27 0 25 0 41 0 50 0 155 0 78 0 116 0 130 0 144 0 212 0 319 0 406 0 449 0 514 0 427 0 413 0 268 0 188 0 106 0 
