0 31 87 33 -1 3 8 10

0 56 80 78 -10 4 31 24

0 45 90 91 -4 8 30 16

0 54 74 21 -4 2 10 3

0 27 71 36 -7 0 3 8

0 54 59 50 -8 5 15 19

0 75 99 54 -14 20 23 26

0 75 90 2 -13 6 25 30

0 49 62 82 -17 0 2 47

0 43 67 57 -4 13 18 31

0 12 97 52 -6 8 14 8

0 61 68 4 -10 12 19 9

0 1 79 47 -1 10 31 11

0 76 88 61 -10 5 12 25

0 26 33 96 -6 10 12 43

0 56 73 23 -18 9 12 37

0 27 89 10 -13 5 6 37

0 37 78 93 -18 24 35 23

0 42 44 61 -13 0 16 10

0 58 79 33 -5 17 35 13

0 19 26 49 -9 4 6 10

0 3 91 70 -13 2 19 15

0 39 95 19 -20 14 31 23

0 59 60 70 -14 11 30 27

0 10 44 24 -16 6 10 4

0 22 77 98 -10 10 11 12

0 39 49 36 -5 0 19 34

0 39 51 87 -18 0 1 19

0 12 55 14 -9 20 37 12

0 57 63 86 -18 13 37 15

0 25 32 56 -6 17 20 13

0 27 29 26 -8 3 20 7

0 22 71 50 -2 8 29 19

0 8 64 28 -3 22 38 3

0 1 85 78 -4 17 22 45

0 40 67 8 -7 6 8 18

0 2 47 21 -1 0 4 20

0 14 42 14 -4 5 25 7

0 73 92 40 -12 34 47 6

0 31 39 10 -13 26 49 11

0 14 17 73 -13 0 12 29

0 26 44 98 -7 1 3 49

0 47 85 39 -19 5 45 3

0 21 49 58 -6 24 38 32

0 61 89 84 -12 27 28 13

0 21 46 52 -6 6 26 22

0 59 81 29 -9 20 34 0

0 55 84 28 -14 6 10 46

0 15 17 63 -3 4 19 10

0 0 10 55 -6 13 23 3

0 57 86 51 -16 39 40 21

0 8 34 20 -10 25 35 18

0 22 34 79 -18 9 17 27

0 30 46 88 -8 1 49 19

0 54 92 7 -14 20 31 5

0 15 29 50 -16 16 28 11

0 73 86 14 -11 0 5 37

0 10 12 0 -20 16 40 4

0 4 38 83 -7 11 35 11

0 70 95 94 -10 27 48 36

0 21 91 61 -2 3 4 30

0 25 30 2 -19 10 11 41

0 34 70 59 -16 0 29 41

0 15 62 40 -9 6 10 46

0 14 32 70 -10 9 22 33

0 77 92 18 -2 4 5 24

0 24 39 18 -8 21 26 34

0 0 49 7 -5 20 21 30

0 19 36 69 -13 4 36 29

0 0 60 91 -3 33 46 44

0 14 25 56 -17 13 40 26

0 10 30 44 -9 22 28 12

0 15 20 50 -20 15 22 30

0 21 24 86 -2 39 47 25

0 3 77 74 -1 23 24 40

0 40 68 17 -12 38 48 26

0 28 62 49 -8 0 46 32

0 14 24 13 -11 26 36 39

0 9 21 96 -2 5 8 41

0 24 33 91 -11 31 34 38

0 11 40 27 -1 3 8 49

0 15 19 16 -20 14 28 11

0 0 8 65 -8 2 9 0

0 16 53 59 -6 3 30 42

0 7 21 38 -16 10 19 45

0 1 2 60 -7 2 21 28

0 11 18 5 -9 22 41 25

0 0 38 94 -12 1 19 34

0 1 11 33 -5 4 35 17

0 0 21 28 -3 36 41 37

0 1 24 89 -13 5 31 15

0 0 2 87 -16 1 21 47

0 3 37 68 -11 30 40 0

0 13 15 90 -19 20 28 37

0 4 28 19 -12 20 38 43

0 8 9 2 -12 18 32 24

0 0 2 71 -4 14 48 38

0 3 8 45 -3 29 47 47

0 1 21 6 -20 42 47 26

0 0 2 44 -8 7 17 43


SAlphaB: 1051.0, std-dev 411.48380511107223

Earliest win: 36
Latest win: 81

WinDepth:
0 0 0 0 0 0 0 0 0 0 0 0 0 0 0 0 0 0 0 0 0 0 0 0 0 0 0 0 0 0 0 0 0 0 0 0 1 2 0 7 0 4 7 5 9 16 16 38 18 84 63 207 48 147 56 175 103 189 166 195 145 281 266 304 309 366 340 401 450 425 387 468 439 394 410 386 252 248 208 150 110 81 
SAlphaB:
0 0 0 0 0 0 0 0 0 0 0 0 0 0 0 0 0 0 0 0 0 0 0 0 0 0 0 0 0 0 0 0 0 0 0 0 1 2 0 7 0 4 7 5 9 16 16 38 18 84 63 207 48 147 56 175 103 189 166 195 145 281 266 304 309 366 340 401 450 425 387 468 439 394 410 386 252 248 208 150 110 81 

LossDepth:
SAlphaB:
0 0 0 0 0 0 0 0 0 0 0 0 0 0 0 0 0 0 0 0 0 0 0 0 0 0 0 0 0 0 0 0 0 0 0 0 1 2 0 7 0 4 7 5 9 16 16 38 18 84 63 207 48 147 56 175 103 189 166 195 145 281 266 304 309 366 340 401 450 425 387 468 439 394 410 386 252 248 208 150 110 81 

FirstWin:
0 0 0 0 0 0 0 0 0 0 0 0 0 0 0 0 0 0 0 0 0 0 0 0 0 0 0 0 0 0 0 0 0 0 0 0 0 2 0 7 0 4 0 5 0 16 0 38 0 84 0 207 0 147 0 175 0 189 0 195 0 281 0 304 0 366 0 401 0 425 0 468 0 394 0 386 0 248 0 150 0 81 
SAlphaB:
0 0 0 0 0 0 0 0 0 0 0 0 0 0 0 0 0 0 0 0 0 0 0 0 0 0 0 0 0 0 0 0 0 0 0 0 0 2 0 7 0 4 0 5 0 16 0 38 0 84 0 207 0 147 0 175 0 189 0 195 0 281 0 304 0 366 0 401 0 425 0 468 0 394 0 386 0 248 0 150 0 81 

SecondWin:
0 0 0 0 0 0 0 0 0 0 0 0 0 0 0 0 0 0 0 0 0 0 0 0 0 0 0 0 0 0 0 0 0 0 0 0 1 0 0 0 0 0 7 0 9 0 16 0 18 0 63 0 48 0 56 0 103 0 166 0 145 0 266 0 309 0 340 0 450 0 387 0 439 0 410 0 252 0 208 0 110 0 
SAlphaB:
0 0 0 0 0 0 0 0 0 0 0 0 0 0 0 0 0 0 0 0 0 0 0 0 0 0 0 0 0 0 0 0 0 0 0 0 1 0 0 0 0 0 7 0 9 0 16 0 18 0 63 0 48 0 56 0 103 0 166 0 145 0 266 0 309 0 340 0 450 0 387 0 439 0 410 0 252 0 208 0 110 0 
