0 42 84 73 -18 4 8 17

0 61 92 44 -2 8 42 7

0 16 38 17 -12 0 6 8

0 17 78 84 -13 0 14 13

0 59 84 10 -3 9 25 0

0 67 92 67 -12 10 12 46

0 37 42 98 -19 6 11 1

0 10 59 66 -9 3 10 18

0 88 90 74 -18 4 21 20

0 2 42 37 -1 12 30 9

0 7 50 2 -8 2 5 10

0 78 81 43 -18 9 27 0

0 57 64 58 -18 6 13 45

0 12 19 30 -10 7 11 1

0 44 95 21 -18 10 36 35

0 26 41 36 -1 28 37 11

0 3 23 24 -17 6 19 5

0 36 55 66 -5 20 43 11

0 3 52 22 -8 23 41 17

0 40 97 99 -19 11 40 30

0 37 69 77 -10 17 22 32

0 60 71 77 -14 5 14 24

0 48 59 51 -20 2 21 18

0 30 60 39 -13 7 8 4

0 20 23 24 -6 19 21 6

0 18 34 51 -1 9 12 31

0 27 62 6 -13 29 46 11

0 66 93 8 -16 13 31 3

0 37 39 60 -2 6 30 2

0 11 42 86 -4 1 4 21

0 24 71 90 -20 8 9 28

0 31 37 67 -18 6 32 6

0 75 96 83 -14 0 12 42

0 21 48 83 -2 16 39 8

0 24 32 0 -4 21 22 28

0 44 62 35 -19 11 19 26

0 15 84 51 -17 1 40 13

0 22 79 27 -15 7 21 34

0 12 48 53 -9 26 38 1

0 2 98 48 -12 34 37 16

0 21 56 1 -11 22 26 19

0 19 32 68 -5 23 30 9

0 32 59 92 -5 14 38 43

0 30 71 88 -19 14 27 28

0 3 46 49 -3 16 21 20

0 14 37 33 -8 4 7 2

0 34 56 58 -7 10 45 15

0 17 24 1 -16 18 20 30

0 43 49 74 -18 7 13 36

0 22 56 8 -5 24 38 15

0 12 37 47 -12 1 2 48

0 10 28 17 -12 28 43 21

0 61 85 37 -4 27 34 9

0 34 35 88 -19 13 31 34

0 16 21 48 -20 19 24 23

0 14 39 35 -1 6 16 29

0 15 32 71 -8 29 36 43

0 20 37 72 -17 14 31 46

0 7 26 22 -4 6 39 4

0 44 85 8 -20 23 34 28

0 25 59 84 -1 0 1 22

0 1 18 84 -18 8 15 23

0 8 22 60 -17 15 32 44

0 26 36 53 -19 1 8 48

0 5 49 85 -3 5 8 27

0 16 77 94 -9 15 28 39

0 20 21 92 -16 18 39 7

0 0 26 83 -11 6 9 30

0 25 35 98 -10 43 45 38

0 22 43 1 -1 8 22 39

0 16 43 44 -15 8 10 26

0 8 14 24 -18 28 46 7

0 2 3 50 -13 15 30 11

0 12 31 85 -7 6 24 18

0 18 31 24 -15 36 49 49

0 4 8 97 -7 23 36 21

0 6 7 43 -17 0 3 31

0 10 34 63 -7 7 23 36

0 7 60 27 -5 11 27 42

0 15 24 20 -13 42 43 28

0 0 10 84 -10 1 2 23

0 18 60 95 -9 4 23 39

0 61 66 35 -5 31 42 30

0 51 62 41 -4 32 43 42

0 2 23 97 -16 0 21 44

0 8 16 3 -7 7 35 1

0 9 20 96 -13 31 33 41

0 7 20 31 -6 11 18 27

0 9 17 41 -9 13 41 22

0 13 18 77 -11 3 12 38

0 2 4 81 -9 27 48 39

0 10 17 22 -20 28 30 39

0 18 20 18 -12 10 33 48

0 11 13 62 -11 18 43 45

0 1 2 33 -3 10 45 25

0 3 6 71 -2 32 45 48

0 3 23 65 -17 8 13 42

0 11 15 40 -10 28 38 43

0 9 18 79 -2 8 41 48

0 10 19 5 -18 22 28 46


SAlphaB: 1006.0, std-dev 393.5022967216996

Earliest win: 37
Latest win: 81

WinDepth:
0 0 0 0 0 0 0 0 0 0 0 0 0 0 0 0 0 0 0 0 0 0 0 0 0 0 0 0 0 0 0 0 0 0 0 0 0 2 0 3 1 11 2 12 11 29 16 31 31 97 47 254 82 124 87 203 106 184 245 130 141 257 213 347 291 365 429 385 472 374 522 447 413 372 385 350 229 271 177 120 100 88 
SAlphaB:
0 0 0 0 0 0 0 0 0 0 0 0 0 0 0 0 0 0 0 0 0 0 0 0 0 0 0 0 0 0 0 0 0 0 0 0 0 2 0 3 1 11 2 12 11 29 16 31 31 97 47 254 82 124 87 203 106 184 245 130 141 257 213 347 291 365 429 385 472 374 522 447 413 372 385 350 229 271 177 120 100 88 

LossDepth:
SAlphaB:
0 0 0 0 0 0 0 0 0 0 0 0 0 0 0 0 0 0 0 0 0 0 0 0 0 0 0 0 0 0 0 0 0 0 0 0 0 2 0 3 1 11 2 12 11 29 16 31 31 97 47 254 82 124 87 203 106 184 245 130 141 257 213 347 291 365 429 385 472 374 522 447 413 372 385 350 229 271 177 120 100 88 

FirstWin:
0 0 0 0 0 0 0 0 0 0 0 0 0 0 0 0 0 0 0 0 0 0 0 0 0 0 0 0 0 0 0 0 0 0 0 0 0 2 0 3 0 11 0 12 0 29 0 31 0 97 0 254 0 124 0 203 0 184 0 130 0 257 0 347 0 365 0 385 0 374 0 447 0 372 0 350 0 271 0 120 0 88 
SAlphaB:
0 0 0 0 0 0 0 0 0 0 0 0 0 0 0 0 0 0 0 0 0 0 0 0 0 0 0 0 0 0 0 0 0 0 0 0 0 2 0 3 0 11 0 12 0 29 0 31 0 97 0 254 0 124 0 203 0 184 0 130 0 257 0 347 0 365 0 385 0 374 0 447 0 372 0 350 0 271 0 120 0 88 

SecondWin:
0 0 0 0 0 0 0 0 0 0 0 0 0 0 0 0 0 0 0 0 0 0 0 0 0 0 0 0 0 0 0 0 0 0 0 0 0 0 0 0 1 0 2 0 11 0 16 0 31 0 47 0 82 0 87 0 106 0 245 0 141 0 213 0 291 0 429 0 472 0 522 0 413 0 385 0 229 0 177 0 100 0 
SAlphaB:
0 0 0 0 0 0 0 0 0 0 0 0 0 0 0 0 0 0 0 0 0 0 0 0 0 0 0 0 0 0 0 0 0 0 0 0 0 0 0 0 1 0 2 0 11 0 16 0 31 0 47 0 82 0 87 0 106 0 245 0 141 0 213 0 291 0 429 0 472 0 522 0 413 0 385 0 229 0 177 0 100 0 
