0 74 99 84 -16 8 31 46

0 15 67 87 -7 0 11 4

0 33 85 11 -15 0 3 39

0 37 87 76 -17 9 24 29

0 28 39 1 -7 4 16 15

0 2 54 70 -5 3 10 1

0 31 32 6 -20 0 1 14

0 12 40 0 -9 1 2 11

0 70 77 78 -5 16 34 3

0 50 70 13 -11 0 4 2

0 28 70 99 -15 3 6 0

0 21 64 85 -6 4 12 42

0 20 43 19 -11 2 6 48

0 28 51 76 -6 27 45 13

0 15 28 69 -3 1 5 0

0 82 85 81 -7 8 40 8

0 41 59 79 -10 10 35 39

0 47 59 5 -8 0 5 33

0 41 53 77 -13 13 28 19

0 30 33 94 -9 28 38 19

0 15 51 5 -3 13 15 20

0 10 18 95 -6 8 13 5

0 28 59 10 -18 12 40 39

0 8 85 96 -9 43 47 39

0 9 69 12 -20 31 36 16

0 8 25 87 -4 13 17 3

0 6 37 5 -1 0 1 2

0 7 82 57 -15 18 44 8

0 17 18 74 -14 1 8 27

0 21 32 92 -15 34 36 16

0 22 72 80 -11 0 9 35

0 8 93 69 -18 7 29 19

0 30 35 53 -12 19 46 37

0 42 58 30 -14 5 37 4

0 16 95 34 -18 9 14 39

0 19 56 82 -13 1 7 45

0 27 28 95 -14 4 5 20

0 80 95 71 -1 0 18 49

0 18 23 92 -16 22 23 3

0 3 44 9 -18 7 17 33

0 89 97 63 -20 13 24 11

0 40 62 46 -19 14 27 30

0 5 33 61 -2 1 11 4

0 75 94 28 -19 6 14 1

0 54 85 73 -5 19 35 44

0 20 51 62 -16 4 21 22

0 17 50 29 -14 3 18 15

0 20 49 30 -20 14 44 34

0 10 53 60 -6 3 23 9

0 4 53 1 -2 28 32 2

0 73 87 23 -9 4 5 36

0 17 49 30 -12 21 43 1

0 8 47 35 -14 6 34 19

0 0 28 49 -12 12 31 12

0 11 43 74 -13 1 18 25

0 0 32 80 -4 32 42 13

0 9 40 88 -17 15 37 34

0 60 70 61 -5 26 34 10

0 21 26 20 -15 9 24 36

0 16 52 11 -18 20 31 5

0 26 63 25 -5 22 32 42

0 31 85 97 -2 16 19 1

0 11 20 2 -15 12 43 11

0 6 17 49 -16 23 28 19

0 18 29 21 -7 0 16 40

0 8 27 99 -6 24 26 48

0 3 22 70 -3 24 42 2

0 23 33 64 -7 17 39 21

0 0 10 55 -9 0 18 6

0 9 16 67 -9 24 44 3

0 9 11 63 -18 9 45 17

0 35 58 45 -10 33 36 0

0 38 42 63 -13 22 38 24

0 21 63 2 -13 25 45 47

0 6 13 33 -20 4 6 38

0 9 23 88 -9 12 23 27

0 3 6 67 -14 17 34 17

0 18 21 66 -6 2 3 38

0 13 14 56 -8 4 15 39

0 16 27 17 -12 16 47 32

0 2 13 29 -6 1 2 14

0 21 37 69 -14 32 43 10

0 7 27 15 -17 2 8 48

0 3 24 7 -3 7 39 41

0 3 7 95 -18 1 2 9

0 35 39 8 -19 25 44 45

0 2 3 4 -11 22 46 1

0 2 7 59 -19 5 8 19

0 0 4 30 -19 0 1 43

0 5 8 28 -5 0 10 43

0 2 16 95 -15 10 23 3

0 11 74 42 -2 11 19 45

0 13 31 45 -10 24 35 5

0 2 13 4 -20 18 24 1

0 6 12 59 -17 24 42 27

0 3 38 17 -2 9 39 47

0 7 33 23 -11 15 19 47

0 6 8 88 -9 2 4 46

0 15 16 89 -3 4 39 39

0 3 9 13 -8 0 9 27


SAlphaB: 1004.0, std-dev 379.0496675299234

Earliest win: 35
Latest win: 81

WinDepth:
0 0 0 0 0 0 0 0 0 0 0 0 0 0 0 0 0 0 0 0 0 0 0 0 0 0 0 0 0 0 0 0 0 0 0 1 0 2 1 3 1 0 3 24 12 26 21 74 19 66 49 193 103 90 97 217 104 184 185 163 202 214 212 280 321 369 423 348 436 381 502 428 438 424 374 386 237 251 165 141 102 75 
SAlphaB:
0 0 0 0 0 0 0 0 0 0 0 0 0 0 0 0 0 0 0 0 0 0 0 0 0 0 0 0 0 0 0 0 0 0 0 1 0 2 1 3 1 0 3 24 12 26 21 74 19 66 49 193 103 90 97 217 104 184 185 163 202 214 212 280 321 369 423 348 436 381 502 428 438 424 374 386 237 251 165 141 102 75 

LossDepth:
SAlphaB:
0 0 0 0 0 0 0 0 0 0 0 0 0 0 0 0 0 0 0 0 0 0 0 0 0 0 0 0 0 0 0 0 0 0 0 1 0 2 1 3 1 0 3 24 12 26 21 74 19 66 49 193 103 90 97 217 104 184 185 163 202 214 212 280 321 369 423 348 436 381 502 428 438 424 374 386 237 251 165 141 102 75 

FirstWin:
0 0 0 0 0 0 0 0 0 0 0 0 0 0 0 0 0 0 0 0 0 0 0 0 0 0 0 0 0 0 0 0 0 0 0 1 0 2 0 3 0 0 0 24 0 26 0 74 0 66 0 193 0 90 0 217 0 184 0 163 0 214 0 280 0 369 0 348 0 381 0 428 0 424 0 386 0 251 0 141 0 75 
SAlphaB:
0 0 0 0 0 0 0 0 0 0 0 0 0 0 0 0 0 0 0 0 0 0 0 0 0 0 0 0 0 0 0 0 0 0 0 1 0 2 0 3 0 0 0 24 0 26 0 74 0 66 0 193 0 90 0 217 0 184 0 163 0 214 0 280 0 369 0 348 0 381 0 428 0 424 0 386 0 251 0 141 0 75 

SecondWin:
0 0 0 0 0 0 0 0 0 0 0 0 0 0 0 0 0 0 0 0 0 0 0 0 0 0 0 0 0 0 0 0 0 0 0 0 0 0 1 0 1 0 3 0 12 0 21 0 19 0 49 0 103 0 97 0 104 0 185 0 202 0 212 0 321 0 423 0 436 0 502 0 438 0 374 0 237 0 165 0 102 0 
SAlphaB:
0 0 0 0 0 0 0 0 0 0 0 0 0 0 0 0 0 0 0 0 0 0 0 0 0 0 0 0 0 0 0 0 0 0 0 0 0 0 1 0 1 0 3 0 12 0 21 0 19 0 49 0 103 0 97 0 104 0 185 0 202 0 212 0 321 0 423 0 436 0 502 0 438 0 374 0 237 0 165 0 102 0 
