0 54 84 86 -18 2 11 20

0 22 59 64 -10 4 12 13

0 39 51 50 -19 2 6 8

0 46 52 3 -4 5 15 4

0 53 75 56 -1 10 26 8

0 32 88 43 -6 0 4 10

0 21 65 28 -5 5 17 11

0 28 32 11 -6 3 8 0

0 83 95 53 -12 7 14 31

0 60 75 61 -6 12 20 20

0 12 19 71 -1 2 3 0

0 28 69 19 -12 6 23 26

0 25 88 59 -5 16 47 39

0 7 94 50 -10 2 6 31

0 39 50 18 -13 1 8 41

0 88 89 70 -20 5 7 38

0 26 29 16 -6 15 25 0

0 8 59 48 -12 21 31 10

0 13 98 72 -5 11 43 26

0 4 33 97 -9 10 22 11

0 31 36 40 -4 17 29 0

0 12 31 65 -4 14 27 15

0 49 68 96 -7 3 4 22

0 54 70 18 -1 22 43 25

0 6 36 22 -6 3 4 17

0 53 64 83 -3 2 5 28

0 1 43 21 -6 38 39 3

0 50 54 30 -7 3 8 33

0 42 61 56 -15 23 24 11

0 30 75 71 -20 24 41 28

0 6 13 98 -1 5 12 9

0 87 98 26 -19 1 19 43

0 40 47 84 -12 6 20 0

0 2 86 60 -1 0 2 15

0 55 68 40 -20 13 36 18

0 6 99 59 -20 40 44 21

0 28 31 71 -9 5 10 20

0 1 57 97 -10 6 20 25

0 47 48 32 -14 3 43 34

0 65 88 69 -14 0 1 48

0 32 44 29 -7 19 40 19

0 12 34 11 -10 11 15 2

0 27 39 32 -7 28 30 21

0 35 40 95 -20 6 37 32

0 21 47 88 -17 3 5 39

0 88 93 88 -3 1 5 25

0 30 92 82 -20 5 28 2

0 8 14 81 -15 7 17 20

0 30 34 22 -20 11 16 42

0 36 52 3 -18 34 42 20

0 27 77 4 -20 21 28 15

0 10 59 52 -3 5 26 4

0 68 71 36 -16 15 21 0

0 16 36 59 -20 3 6 40

0 1 96 71 -14 28 40 33

0 24 26 12 -5 1 6 44

0 7 16 57 -6 0 1 19

0 30 35 95 -11 4 8 31

0 38 45 28 -9 3 35 49

0 16 25 92 -10 19 20 24

0 56 63 94 -3 19 27 27

0 47 48 9 -6 4 38 35

0 38 54 93 -18 19 25 29

0 0 71 75 -3 0 1 10

0 0 81 19 -9 0 23 40

0 18 35 44 -12 17 45 47

0 9 18 92 -3 29 44 20

0 12 95 68 -10 9 47 48

0 29 36 50 -17 15 16 17

0 10 53 38 -4 31 44 41

0 2 75 63 -1 0 2 22

0 50 52 5 -10 16 27 0

0 5 18 71 -4 3 22 4

0 6 23 26 -8 0 10 38

0 2 46 0 -14 1 3 40

0 10 55 89 -20 16 26 44

0 14 21 70 -6 27 34 43

0 35 36 80 -5 12 28 49

0 8 35 71 -15 7 23 36

0 14 19 99 -2 5 22 41

0 0 35 91 -11 0 3 1

0 21 55 45 -11 11 48 31

0 5 37 4 -15 27 34 28

0 9 11 80 -17 15 31 40

0 22 30 3 -20 5 45 6

0 18 25 25 -17 5 23 41

0 23 29 48 -15 31 48 0

0 3 4 72 -20 10 12 16

0 0 72 5 -12 3 26 41

0 15 28 15 -3 6 48 29

0 5 47 4 -11 9 47 25

0 2 3 96 -16 4 5 40

0 22 36 81 -6 7 49 35

0 5 16 29 -4 12 30 37

0 0 19 17 -16 6 21 44

0 16 37 70 -16 3 44 7

0 23 35 98 -4 24 32 35

0 3 7 9 -13 22 40 40

0 3 5 17 -10 2 11 40

0 2 5 77 -13 1 15 45


SAlphaB: 1045.0, std-dev 392.7124694179746

Earliest win: 37
Latest win: 81

WinDepth:
0 0 0 0 0 0 0 0 0 0 0 0 0 0 0 0 0 0 0 0 0 0 0 0 0 0 0 0 0 0 0 0 0 0 0 0 0 4 1 2 13 4 6 22 15 21 9 35 39 65 79 108 79 96 82 167 133 202 130 186 166 233 238 317 348 355 398 455 414 420 455 432 377 409 414 395 273 288 181 127 86 82 
SAlphaB:
0 0 0 0 0 0 0 0 0 0 0 0 0 0 0 0 0 0 0 0 0 0 0 0 0 0 0 0 0 0 0 0 0 0 0 0 0 4 1 2 13 4 6 22 15 21 9 35 39 65 79 108 79 96 82 167 133 202 130 186 166 233 238 317 348 355 398 455 414 420 455 432 377 409 414 395 273 288 181 127 86 82 

LossDepth:
SAlphaB:
0 0 0 0 0 0 0 0 0 0 0 0 0 0 0 0 0 0 0 0 0 0 0 0 0 0 0 0 0 0 0 0 0 0 0 0 0 4 1 2 13 4 6 22 15 21 9 35 39 65 79 108 79 96 82 167 133 202 130 186 166 233 238 317 348 355 398 455 414 420 455 432 377 409 414 395 273 288 181 127 86 82 

FirstWin:
0 0 0 0 0 0 0 0 0 0 0 0 0 0 0 0 0 0 0 0 0 0 0 0 0 0 0 0 0 0 0 0 0 0 0 0 0 4 0 2 0 4 0 22 0 21 0 35 0 65 0 108 0 96 0 167 0 202 0 186 0 233 0 317 0 355 0 455 0 420 0 432 0 409 0 395 0 288 0 127 0 82 
SAlphaB:
0 0 0 0 0 0 0 0 0 0 0 0 0 0 0 0 0 0 0 0 0 0 0 0 0 0 0 0 0 0 0 0 0 0 0 0 0 4 0 2 0 4 0 22 0 21 0 35 0 65 0 108 0 96 0 167 0 202 0 186 0 233 0 317 0 355 0 455 0 420 0 432 0 409 0 395 0 288 0 127 0 82 

SecondWin:
0 0 0 0 0 0 0 0 0 0 0 0 0 0 0 0 0 0 0 0 0 0 0 0 0 0 0 0 0 0 0 0 0 0 0 0 0 0 1 0 13 0 6 0 15 0 9 0 39 0 79 0 79 0 82 0 133 0 130 0 166 0 238 0 348 0 398 0 414 0 455 0 377 0 414 0 273 0 181 0 86 0 
SAlphaB:
0 0 0 0 0 0 0 0 0 0 0 0 0 0 0 0 0 0 0 0 0 0 0 0 0 0 0 0 0 0 0 0 0 0 0 0 0 0 1 0 13 0 6 0 15 0 9 0 39 0 79 0 79 0 82 0 133 0 130 0 166 0 238 0 348 0 398 0 414 0 455 0 377 0 414 0 273 0 181 0 86 0 
