0 8 61 75 -6 0 1 5

0 51 83 79 -11 3 5 1

0 55 90 90 -5 0 8 9

0 41 63 75 -4 10 15 1

0 38 91 2 -17 0 31 43

0 8 67 63 -10 0 2 8

0 36 92 66 -7 11 14 41

0 17 96 91 -15 21 24 41

0 24 80 93 -13 0 9 36

0 35 94 43 -3 11 17 33

0 68 89 2 -9 0 1 5

0 22 72 96 -8 14 45 36

0 17 85 18 -19 3 9 37

0 49 74 77 -9 36 44 32

0 68 85 79 -16 5 21 11

0 61 74 15 -17 0 4 8

0 40 45 84 -3 16 18 6

0 29 36 37 -9 4 6 26

0 76 84 85 -3 2 10 11

0 18 27 63 -17 5 14 32

0 58 81 83 -11 26 41 6

0 5 11 21 -9 0 1 13

0 10 33 60 -12 1 2 21

0 24 89 89 -19 10 39 39

0 4 36 1 -5 0 5 7

0 5 47 69 -8 18 23 20

0 11 19 75 -10 5 16 29

0 41 85 23 -16 28 42 13

0 50 61 11 -18 11 16 16

0 48 94 90 -13 18 45 9

0 37 38 25 -1 8 49 11

0 10 14 26 -6 14 24 11

0 27 37 27 -10 18 27 14

0 22 58 59 -2 8 32 28

0 39 51 74 -4 20 40 4

0 48 55 82 -16 21 30 0

0 2 96 82 -5 6 31 21

0 17 21 88 -4 1 8 22

0 18 28 56 -7 9 18 24

0 57 86 88 -17 19 35 16

0 7 23 76 -6 39 45 44

0 25 94 34 -7 18 23 40

0 12 86 81 -11 20 38 25

0 11 14 75 -12 8 19 36

0 19 29 58 -5 13 41 11

0 29 80 86 -15 18 34 33

0 20 63 72 -19 5 20 5

0 11 59 17 -4 16 17 8

0 18 58 22 -19 10 40 8

0 17 18 39 -6 0 18 19

0 46 77 70 -20 30 34 7

0 23 79 11 -20 10 37 34

0 53 84 6 -8 31 38 17

0 40 53 34 -6 20 24 25

0 11 26 97 -10 9 23 9

0 14 16 29 -10 13 40 21

0 53 75 23 -9 43 46 13

0 0 38 3 -12 30 33 9

0 44 79 62 -1 29 43 24

0 8 9 79 -14 12 36 16

0 12 63 5 -8 18 27 39

0 2 78 25 -16 1 22 5

0 24 35 78 -8 0 16 44

0 8 25 1 -4 24 27 11

0 18 30 27 -3 0 5 37

0 16 51 66 -4 2 41 34

0 13 17 30 -2 26 48 28

0 28 33 18 -5 3 4 47

0 5 51 43 -5 3 16 44

0 7 21 59 -10 18 34 27

0 5 12 86 -13 5 9 18

0 7 9 90 -10 9 48 14

0 2 12 88 -8 17 49 43

0 9 23 23 -14 16 27 38

0 12 23 68 -20 8 39 46

0 14 31 14 -9 21 40 44

0 0 16 60 -19 11 28 35

0 4 39 80 -11 8 30 10

0 11 78 83 -16 10 47 32

0 7 36 27 -19 20 39 38

0 0 6 52 -20 2 20 34

0 16 47 64 -10 47 49 47

0 3 21 78 -8 4 22 31

0 16 19 59 -19 0 30 30

0 12 23 21 -14 8 39 27

0 19 20 27 -18 2 18 48

0 13 14 42 -5 6 14 47

0 20 41 1 -5 0 3 42

0 0 10 14 -8 2 35 28

0 8 16 31 -17 10 12 12

0 1 6 55 -2 0 1 19

0 13 31 1 -6 39 49 45

0 0 9 83 -14 6 47 46

0 2 3 36 -3 9 13 30

0 14 85 10 -1 12 24 41

0 0 1 79 -11 2 36 5

0 2 6 36 -11 7 8 36

0 15 29 43 -2 33 35 48

0 16 17 81 -16 2 21 47

0 3 7 16 -9 19 23 42


SAlphaB: 1005.0, std-dev 404.80680246659927

Earliest win: 37
Latest win: 81

WinDepth:
0 0 0 0 0 0 0 0 0 0 0 0 0 0 0 0 0 0 0 0 0 0 0 0 0 0 0 0 0 0 0 0 0 0 0 0 0 3 0 0 12 14 0 17 21 18 15 52 35 86 68 195 83 128 90 173 111 202 116 181 168 250 225 367 376 355 407 334 411 405 417 455 431 382 369 374 302 230 183 134 106 78 
SAlphaB:
0 0 0 0 0 0 0 0 0 0 0 0 0 0 0 0 0 0 0 0 0 0 0 0 0 0 0 0 0 0 0 0 0 0 0 0 0 3 0 0 12 14 0 17 21 18 15 52 35 86 68 195 83 128 90 173 111 202 116 181 168 250 225 367 376 355 407 334 411 405 417 455 431 382 369 374 302 230 183 134 106 78 

LossDepth:
SAlphaB:
0 0 0 0 0 0 0 0 0 0 0 0 0 0 0 0 0 0 0 0 0 0 0 0 0 0 0 0 0 0 0 0 0 0 0 0 0 3 0 0 12 14 0 17 21 18 15 52 35 86 68 195 83 128 90 173 111 202 116 181 168 250 225 367 376 355 407 334 411 405 417 455 431 382 369 374 302 230 183 134 106 78 

FirstWin:
0 0 0 0 0 0 0 0 0 0 0 0 0 0 0 0 0 0 0 0 0 0 0 0 0 0 0 0 0 0 0 0 0 0 0 0 0 3 0 0 0 14 0 17 0 18 0 52 0 86 0 195 0 128 0 173 0 202 0 181 0 250 0 367 0 355 0 334 0 405 0 455 0 382 0 374 0 230 0 134 0 78 
SAlphaB:
0 0 0 0 0 0 0 0 0 0 0 0 0 0 0 0 0 0 0 0 0 0 0 0 0 0 0 0 0 0 0 0 0 0 0 0 0 3 0 0 0 14 0 17 0 18 0 52 0 86 0 195 0 128 0 173 0 202 0 181 0 250 0 367 0 355 0 334 0 405 0 455 0 382 0 374 0 230 0 134 0 78 

SecondWin:
0 0 0 0 0 0 0 0 0 0 0 0 0 0 0 0 0 0 0 0 0 0 0 0 0 0 0 0 0 0 0 0 0 0 0 0 0 0 0 0 12 0 0 0 21 0 15 0 35 0 68 0 83 0 90 0 111 0 116 0 168 0 225 0 376 0 407 0 411 0 417 0 431 0 369 0 302 0 183 0 106 0 
SAlphaB:
0 0 0 0 0 0 0 0 0 0 0 0 0 0 0 0 0 0 0 0 0 0 0 0 0 0 0 0 0 0 0 0 0 0 0 0 0 0 0 0 12 0 0 0 21 0 15 0 35 0 68 0 83 0 90 0 111 0 116 0 168 0 225 0 376 0 407 0 411 0 417 0 431 0 369 0 302 0 183 0 106 0 
