0 51 93 78 -4 3 25 17

0 37 90 29 -8 8 24 21

0 15 78 14 -9 0 9 6

0 32 91 78 -9 4 10 15

0 43 96 48 -12 1 18 15

0 4 50 29 -9 2 3 9

0 40 83 85 -12 28 48 22

0 8 80 82 -19 20 31 22

0 45 93 79 -8 4 12 21

0 18 82 59 -18 23 49 10

0 8 85 10 -1 12 46 1

0 31 57 90 -15 0 13 25

0 20 53 80 -3 0 14 18

0 62 79 47 -3 0 19 17

0 19 67 22 -5 12 17 31

0 31 32 83 -3 7 19 23

0 35 76 12 -20 1 3 40

0 30 31 60 -13 1 12 27

0 18 55 43 -9 6 14 20

0 59 60 10 -20 5 9 7

0 45 55 62 -13 31 36 25

0 15 63 45 -9 11 36 10

0 36 86 56 -17 5 8 42

0 21 29 19 -17 4 6 22

0 4 15 23 -4 2 7 3

0 67 70 50 -15 15 26 25

0 43 50 76 -15 19 33 13

0 45 73 4 -13 13 18 26

0 79 91 76 -10 9 18 42

0 8 88 21 -2 8 28 23

0 20 56 58 -9 10 14 9

0 30 75 25 -14 14 15 36

0 40 71 25 -8 7 11 47

0 23 29 51 -18 9 32 31

0 11 65 60 -15 8 15 8

0 6 81 60 -18 5 11 24

0 28 99 29 -18 1 33 26

0 19 63 40 -2 8 13 47

0 19 69 24 -14 15 23 0

0 4 76 26 -14 1 25 34

0 62 63 47 -18 6 48 21

0 4 28 43 -18 6 19 27

0 15 60 31 -12 22 24 24

0 63 80 70 -9 15 29 42

0 36 57 58 -11 4 8 37

0 7 11 52 -2 4 9 2

0 39 58 53 -10 35 42 18

0 30 37 21 -8 6 14 11

0 20 39 31 -19 8 10 36

0 11 17 27 -1 4 9 17

0 2 30 59 -5 11 30 29

0 26 36 99 -15 13 19 46

0 6 33 31 -13 4 13 18

0 79 89 22 -12 2 8 14

0 38 56 38 -14 20 28 43

0 48 87 24 -5 0 2 43

0 65 75 98 -1 25 34 9

0 7 38 85 -10 14 25 30

0 27 38 11 -11 14 33 6

0 5 65 14 -14 12 41 25

0 78 88 68 -10 34 49 27

0 23 27 54 -9 12 20 36

0 11 51 58 -11 11 22 46

0 79 80 25 -7 20 35 49

0 19 36 2 -15 38 46 29

0 7 27 56 -12 10 16 17

0 4 7 81 -14 7 25 23

0 3 21 11 -6 12 27 1

0 30 38 80 -2 22 38 35

0 68 97 58 -18 35 38 35

0 13 17 96 -18 26 33 38

0 5 27 88 -7 0 14 15

0 30 41 3 -1 17 29 47

0 9 40 67 -12 2 3 18

0 9 54 26 -3 22 23 13

0 29 32 82 -16 3 45 32

0 20 28 11 -20 12 18 15

0 16 36 86 -11 29 44 9

0 10 84 81 -19 3 45 33

0 2 24 67 -20 11 29 15

0 5 25 49 -16 6 30 1

0 5 9 55 -19 1 21 22

0 28 54 20 -14 27 35 45

0 9 31 33 -18 3 26 26

0 3 5 41 -1 1 23 1

0 1 32 25 -20 28 31 8

0 5 44 24 -14 6 31 46

0 45 49 81 -4 33 44 48

0 0 10 48 -16 33 45 19

0 15 21 90 -18 11 32 22

0 0 37 76 -13 22 26 43

0 0 1 91 -14 15 35 17

0 0 80 30 -16 25 32 48

0 4 8 26 -4 29 39 36

0 3 4 32 -13 18 20 31

0 15 23 40 -20 16 34 39

0 3 26 21 -13 11 15 42

0 7 11 60 -16 1 7 41

0 17 18 61 -20 13 22 48

0 2 5 45 -5 30 34 22


SAlphaB: 1037.0, std-dev 394.84665870295635

Earliest win: 36
Latest win: 81

WinDepth:
0 0 0 0 0 0 0 0 0 0 0 0 0 0 0 0 0 0 0 0 0 0 0 0 0 0 0 0 0 0 0 0 0 0 0 0 1 4 1 2 3 6 2 10 10 27 17 42 22 92 33 228 63 113 88 258 111 177 181 209 206 269 228 365 323 346 343 385 439 398 431 412 399 440 369 376 291 233 148 117 83 75 
SAlphaB:
0 0 0 0 0 0 0 0 0 0 0 0 0 0 0 0 0 0 0 0 0 0 0 0 0 0 0 0 0 0 0 0 0 0 0 0 1 4 1 2 3 6 2 10 10 27 17 42 22 92 33 228 63 113 88 258 111 177 181 209 206 269 228 365 323 346 343 385 439 398 431 412 399 440 369 376 291 233 148 117 83 75 

LossDepth:
SAlphaB:
0 0 0 0 0 0 0 0 0 0 0 0 0 0 0 0 0 0 0 0 0 0 0 0 0 0 0 0 0 0 0 0 0 0 0 0 1 4 1 2 3 6 2 10 10 27 17 42 22 92 33 228 63 113 88 258 111 177 181 209 206 269 228 365 323 346 343 385 439 398 431 412 399 440 369 376 291 233 148 117 83 75 

FirstWin:
0 0 0 0 0 0 0 0 0 0 0 0 0 0 0 0 0 0 0 0 0 0 0 0 0 0 0 0 0 0 0 0 0 0 0 0 0 4 0 2 0 6 0 10 0 27 0 42 0 92 0 228 0 113 0 258 0 177 0 209 0 269 0 365 0 346 0 385 0 398 0 412 0 440 0 376 0 233 0 117 0 75 
SAlphaB:
0 0 0 0 0 0 0 0 0 0 0 0 0 0 0 0 0 0 0 0 0 0 0 0 0 0 0 0 0 0 0 0 0 0 0 0 0 4 0 2 0 6 0 10 0 27 0 42 0 92 0 228 0 113 0 258 0 177 0 209 0 269 0 365 0 346 0 385 0 398 0 412 0 440 0 376 0 233 0 117 0 75 

SecondWin:
0 0 0 0 0 0 0 0 0 0 0 0 0 0 0 0 0 0 0 0 0 0 0 0 0 0 0 0 0 0 0 0 0 0 0 0 1 0 1 0 3 0 2 0 10 0 17 0 22 0 33 0 63 0 88 0 111 0 181 0 206 0 228 0 323 0 343 0 439 0 431 0 399 0 369 0 291 0 148 0 83 0 
SAlphaB:
0 0 0 0 0 0 0 0 0 0 0 0 0 0 0 0 0 0 0 0 0 0 0 0 0 0 0 0 0 0 0 0 0 0 0 0 1 0 1 0 3 0 2 0 10 0 17 0 22 0 33 0 63 0 88 0 111 0 181 0 206 0 228 0 323 0 343 0 439 0 431 0 399 0 369 0 291 0 148 0 83 0 
