0 42 93 72 -16 5 18 23

0 78 96 16 -5 10 30 23

0 31 53 10 -1 6 22 22

0 30 65 70 -5 6 12 2

0 76 98 19 -11 14 48 28

0 43 54 45 -1 6 31 14

0 26 77 28 -10 1 6 6

0 48 90 13 -10 0 3 7

0 58 96 63 -4 9 18 5

0 41 58 65 -7 8 20 14

0 32 74 10 -14 0 9 18

0 30 83 43 -19 0 7 2

0 28 64 77 -17 0 1 17

0 84 91 82 -1 12 36 6

0 53 93 56 -17 0 5 25

0 49 84 81 -13 4 30 11

0 30 42 22 -17 0 1 17

0 34 42 71 -14 3 11 6

0 63 88 16 -7 2 4 13

0 65 93 80 -6 9 24 11

0 57 84 56 -14 9 23 8

0 38 66 61 -10 2 21 3

0 47 67 35 -17 7 19 18

0 43 72 80 -1 8 26 33

0 42 70 81 -10 3 8 31

0 23 27 19 -8 1 8 5

0 77 90 88 -9 10 29 16

0 55 96 41 -15 15 25 20

0 45 58 56 -4 6 12 19

0 38 79 86 -18 4 18 13

0 19 33 83 -10 2 7 10

0 41 90 13 -19 3 5 35

0 74 86 95 -8 7 27 9

0 31 34 69 -15 2 6 16

0 59 63 82 -13 2 24 3

0 36 64 60 -3 6 20 3

0 39 92 20 -14 1 2 30

0 21 22 18 -2 1 3 3

0 21 65 49 -17 0 5 18

0 52 70 9 -13 3 23 15

0 42 83 77 -5 6 9 10

0 41 85 98 -13 10 25 19

0 48 96 7 -12 1 11 12

0 32 62 83 -3 6 14 0

0 55 84 41 -5 8 16 10

0 81 97 66 -7 8 16 5

0 21 93 67 -11 0 1 7

0 18 43 19 -18 0 1 18

0 56 86 32 -9 2 9 4

0 45 81 43 -19 5 9 39

0 28 55 71 -2 4 24 25

0 10 54 64 -13 0 1 0

0 64 71 93 -3 10 23 33

0 37 63 13 -10 0 3 0

0 18 80 39 -5 1 5 21

0 12 79 66 -9 4 10 2

0 78 93 69 -4 17 23 10

0 45 66 76 -2 12 16 14

0 26 89 90 -5 7 9 9

0 80 94 84 -9 3 42 22

0 89 91 86 -19 14 21 4

0 70 95 31 -18 1 15 29

0 30 98 38 -1 9 15 34

0 43 94 92 -7 21 48 38

0 65 89 5 -13 1 18 4

0 57 97 97 -1 1 5 7

0 34 53 43 -19 1 4 20

0 42 85 7 -11 1 4 23

0 30 38 54 -13 0 1 28

0 58 78 89 -19 2 8 1

0 44 97 71 -8 29 34 23

0 24 64 81 -14 4 10 2

0 65 80 94 -2 2 25 18

0 30 70 71 -9 16 21 30

0 2 75 69 -4 3 4 7

0 8 93 47 -6 8 9 24

0 1 38 23 -6 11 25 16

0 16 42 94 -10 16 19 21

0 60 72 98 -5 10 19 45

0 30 90 32 -2 12 36 26

0 32 81 6 -8 6 11 36

0 49 94 35 -11 7 31 36

0 63 77 61 -2 0 12 14

0 77 85 21 -12 11 14 7

0 44 76 15 -4 13 28 48

0 56 87 36 -4 19 37 17

0 9 83 33 -4 2 3 6

0 21 65 82 -6 7 21 23

0 10 81 43 -9 26 49 4

0 18 63 38 -20 3 6 4

0 39 42 92 -7 6 31 31

0 61 67 11 -9 3 21 32

0 68 71 87 -20 5 14 49

0 42 88 49 -14 9 11 1

0 54 79 59 -10 2 12 14

0 8 74 70 -10 31 41 13

0 25 96 58 -14 9 31 34

0 36 54 13 -20 8 18 10

0 25 63 73 -3 7 49 1

0 31 91 22 -3 21 26 40


SAlphaB: 752.0, std-dev 265.02057067101015

Earliest win: 35
Latest win: 81

WinDepth:
0 0 0 0 0 0 0 0 0 0 0 0 0 0 0 0 0 0 0 0 0 0 0 0 0 0 0 0 0 0 0 0 0 0 0 2 0 11 3 11 7 16 18 27 26 65 31 108 57 135 171 353 125 329 216 430 387 608 364 552 465 633 622 840 770 942 863 987 885 975 1010 961 934 904 920 729 610 528 448 323 208 139 
SAlphaB:
0 0 0 0 0 0 0 0 0 0 0 0 0 0 0 0 0 0 0 0 0 0 0 0 0 0 0 0 0 0 0 0 0 0 0 2 0 11 3 11 7 16 18 27 26 65 31 108 57 135 171 353 125 329 216 430 387 608 364 552 465 633 622 840 770 942 863 987 885 975 1010 961 934 904 920 729 610 528 448 323 208 139 

LossDepth:
SAlphaB:
0 0 0 0 0 0 0 0 0 0 0 0 0 0 0 0 0 0 0 0 0 0 0 0 0 0 0 0 0 0 0 0 0 0 0 1 0 9 3 8 1 12 12 14 20 46 30 67 39 79 116 177 68 200 124 274 243 340 198 332 293 438 440 597 530 682 683 775 672 806 773 807 661 726 683 668 478 454 309 270 232 152 

FirstWin:
0 0 0 0 0 0 0 0 0 0 0 0 0 0 0 0 0 0 0 0 0 0 0 0 0 0 0 0 0 0 0 0 0 0 0 2 0 11 0 11 0 16 0 27 0 65 0 108 0 135 0 353 0 329 0 430 0 608 0 552 0 633 0 840 0 942 0 987 0 975 0 961 0 904 0 729 0 528 0 323 0 139 
SAlphaB:
0 0 0 0 0 0 0 0 0 0 0 0 0 0 0 0 0 0 0 0 0 0 0 0 0 0 0 0 0 0 0 0 0 0 0 2 0 11 0 11 0 16 0 27 0 65 0 108 0 135 0 353 0 329 0 430 0 608 0 552 0 633 0 840 0 942 0 987 0 975 0 961 0 904 0 729 0 528 0 323 0 139 

SecondWin:
0 0 0 0 0 0 0 0 0 0 0 0 0 0 0 0 0 0 0 0 0 0 0 0 0 0 0 0 0 0 0 0 0 0 0 0 0 0 3 0 7 0 18 0 26 0 31 0 57 0 171 0 125 0 216 0 387 0 364 0 465 0 622 0 770 0 863 0 885 0 1010 0 934 0 920 0 610 0 448 0 208 0 
SAlphaB:
0 0 0 0 0 0 0 0 0 0 0 0 0 0 0 0 0 0 0 0 0 0 0 0 0 0 0 0 0 0 0 0 0 0 0 0 0 0 3 0 7 0 18 0 26 0 31 0 57 0 171 0 125 0 216 0 387 0 364 0 465 0 622 0 770 0 863 0 885 0 1010 0 934 0 920 0 610 0 448 0 208 0 
