0 70 95 31 -18 1 15 29

0 63 77 61 -2 0 12 14

0 68 71 87 -20 5 14 49

0 28 55 71 -2 4 24 25

0 59 63 82 -13 2 24 3

0 58 78 89 -19 2 8 1

0 31 34 69 -15 2 6 16

0 42 83 77 -5 6 9 10

0 30 90 32 -2 12 36 26

0 45 66 76 -2 12 16 14

0 27 60 59 -4 25 33 11

0 77 78 11 -12 12 38 9

0 15 55 5 -7 7 18 5

0 8 89 21 -14 21 41 18

0 69 71 27 -6 8 9 9

0 27 54 26 -7 6 13 8

0 40 42 94 -4 13 36 31

0 7 31 51 -17 10 13 3

0 22 67 51 -17 2 14 25

0 26 89 84 -12 28 34 41

0 42 77 30 -5 16 37 14

0 38 75 61 -15 19 44 22

0 21 43 57 -7 0 10 0

0 11 45 69 -14 2 7 4

0 22 60 86 -14 2 9 48

0 22 61 79 -18 10 19 22

0 14 74 44 -1 1 4 17

0 1 62 68 -7 25 40 44

0 2 45 82 -3 32 48 34

0 12 56 0 -19 1 2 15

0 23 34 93 -6 0 1 16

0 9 36 19 -2 0 1 21

0 22 51 60 -3 3 22 39

0 23 32 63 -14 19 20 20

0 37 65 33 -16 21 22 25

0 59 89 22 -15 4 23 48

0 50 84 23 -7 14 17 20

0 11 92 8 -8 9 44 0

0 1 56 95 -11 7 21 4

0 3 33 30 -12 25 26 28

0 55 86 43 -11 16 32 17

0 9 63 56 -9 36 39 3

0 37 53 89 -16 5 33 17

0 0 58 26 -19 0 2 28

0 22 86 5 -12 11 22 1

0 39 45 88 -8 0 2 12

0 9 10 12 -7 14 21 12

0 69 74 47 -14 0 18 8

0 10 76 24 -14 2 15 9

0 22 35 84 -14 12 33 28

0 47 49 84 -11 12 43 0

0 16 44 48 -7 37 47 11

0 16 51 56 -12 0 2 35

0 11 68 74 -6 27 37 32

0 12 39 6 -2 3 10 37

0 50 52 17 -14 11 37 35

0 26 55 33 -18 3 18 4

0 20 64 27 -15 27 44 31

0 12 67 8 -3 34 41 17

0 11 17 8 -4 18 23 23

0 12 31 51 -14 2 30 26

0 37 38 65 -7 17 39 41

0 37 40 60 -11 6 36 14

0 4 20 61 -4 16 18 37

0 14 17 20 -19 2 16 8

0 6 16 56 -1 40 43 4

0 49 84 28 -1 24 32 15

0 30 55 83 -14 10 46 18

0 22 57 80 -16 14 18 4

0 31 48 56 -4 0 1 48

0 51 64 30 -1 29 35 26

0 39 48 2 -7 0 4 44

0 15 62 94 -20 2 34 28

0 3 79 20 -20 12 30 30

0 34 44 80 -17 27 38 36

0 14 43 23 -8 41 44 31

0 31 36 71 -1 3 6 46

0 25 27 85 -12 21 22 40

0 0 38 86 -12 6 43 0

0 1 37 57 -19 16 30 16

0 10 52 53 -18 1 12 47

0 11 49 41 -6 14 34 43

0 0 21 57 -8 2 46 4

0 6 30 0 -9 10 31 30

0 17 20 7 -12 34 38 41

0 11 29 93 -2 19 26 48

0 17 39 19 -15 6 23 12

0 9 34 2 -2 0 2 31

0 2 30 78 -19 5 32 2

0 4 55 61 -3 2 17 19

0 6 40 62 -6 20 46 35

0 26 38 7 -7 18 26 46

0 3 9 5 -1 6 14 4

0 4 18 28 -6 0 25 26

0 0 2 72 -13 10 23 40

0 0 5 93 -10 14 23 35

0 0 45 76 -9 5 25 49

0 0 10 33 -19 11 22 39

0 2 9 27 -7 8 14 45

0 2 14 5 -8 18 34 44


SAlphaB: 708.0, std-dev 250.90688018715733

Earliest win: 37
Latest win: 81

WinDepth:
0 0 0 0 0 0 0 0 0 0 0 0 0 0 0 0 0 0 0 0 0 0 0 0 0 0 0 0 0 0 0 0 0 0 0 0 0 4 0 1 1 3 2 10 4 14 12 34 24 48 67 221 90 106 86 170 114 184 141 158 152 208 236 289 338 347 414 425 468 401 434 452 441 418 422 387 278 265 188 141 90 85 
SAlphaB:
0 0 0 0 0 0 0 0 0 0 0 0 0 0 0 0 0 0 0 0 0 0 0 0 0 0 0 0 0 0 0 0 0 0 0 0 0 4 0 1 1 3 2 10 4 14 12 34 24 48 67 221 90 106 86 170 114 184 141 158 152 208 236 289 338 347 414 425 468 401 434 452 441 418 422 387 278 265 188 141 90 85 

LossDepth:
SAlphaB:
0 0 0 0 0 0 0 0 0 0 0 0 0 0 0 0 0 0 0 0 0 0 0 0 0 0 0 0 0 0 0 0 0 0 0 0 0 4 0 1 1 3 2 10 4 14 12 34 24 48 67 221 90 106 86 170 114 184 141 158 152 208 236 289 338 347 414 425 468 401 434 452 441 418 422 387 278 265 188 141 90 85 

FirstWin:
0 0 0 0 0 0 0 0 0 0 0 0 0 0 0 0 0 0 0 0 0 0 0 0 0 0 0 0 0 0 0 0 0 0 0 0 0 4 0 1 0 3 0 10 0 14 0 34 0 48 0 221 0 106 0 170 0 184 0 158 0 208 0 289 0 347 0 425 0 401 0 452 0 418 0 387 0 265 0 141 0 85 
SAlphaB:
0 0 0 0 0 0 0 0 0 0 0 0 0 0 0 0 0 0 0 0 0 0 0 0 0 0 0 0 0 0 0 0 0 0 0 0 0 4 0 1 0 3 0 10 0 14 0 34 0 48 0 221 0 106 0 170 0 184 0 158 0 208 0 289 0 347 0 425 0 401 0 452 0 418 0 387 0 265 0 141 0 85 

SecondWin:
0 0 0 0 0 0 0 0 0 0 0 0 0 0 0 0 0 0 0 0 0 0 0 0 0 0 0 0 0 0 0 0 0 0 0 0 0 0 0 0 1 0 2 0 4 0 12 0 24 0 67 0 90 0 86 0 114 0 141 0 152 0 236 0 338 0 414 0 468 0 434 0 441 0 422 0 278 0 188 0 90 0 
SAlphaB:
0 0 0 0 0 0 0 0 0 0 0 0 0 0 0 0 0 0 0 0 0 0 0 0 0 0 0 0 0 0 0 0 0 0 0 0 0 0 0 0 1 0 2 0 4 0 12 0 24 0 67 0 90 0 86 0 114 0 141 0 152 0 236 0 338 0 414 0 468 0 434 0 441 0 422 0 278 0 188 0 90 0 
