0 38 79 86 -18 4 18 13

0 34 42 71 -14 3 11 6

0 19 33 83 -10 2 7 10

0 8 74 70 -10 31 41 13

0 49 94 35 -11 7 31 36

0 26 77 28 -10 1 6 6

0 25 63 73 -3 7 49 1

0 42 88 49 -14 9 11 1

0 77 85 21 -12 11 14 7

0 55 96 41 -15 15 25 20

0 6 83 89 -12 3 7 2

0 8 83 41 -2 8 10 14

0 12 91 66 -7 13 40 1

0 29 60 7 -5 14 25 1

0 9 14 47 -5 1 2 6

0 49 57 89 -12 4 6 28

0 7 31 34 -11 4 7 11

0 53 95 93 -19 16 30 39

0 48 68 21 -12 7 11 5

0 13 62 97 -1 31 37 23

0 64 99 34 -5 6 14 34

0 22 32 82 -10 2 5 26

0 50 74 78 -1 16 20 30

0 60 73 90 -11 8 20 37

0 51 60 20 -5 11 32 49

0 87 92 8 -19 1 3 40

0 32 86 98 -2 2 9 38

0 59 93 98 -18 30 42 20

0 48 57 7 -10 18 20 42

0 17 47 99 -19 6 10 17

0 34 47 77 -19 14 39 6

0 13 97 46 -1 16 35 27

0 31 66 38 -14 16 20 17

0 87 99 62 -17 2 44 48

0 30 39 58 -12 18 34 17

0 86 93 12 -4 20 24 44

0 21 93 8 -9 7 9 40

0 31 56 33 -7 14 42 40

0 13 84 70 -3 14 46 42

0 60 98 27 -15 21 24 31

0 47 69 40 -14 9 14 36

0 47 84 25 -3 24 39 21

0 16 35 5 -18 9 26 36

0 17 73 53 -16 12 20 33

0 23 35 32 -4 40 45 9

0 5 47 41 -4 35 44 6

0 7 31 52 -13 14 41 15

0 37 98 8 -10 30 47 29

0 5 83 61 -7 3 35 23

0 20 42 5 -14 17 36 3

0 70 74 2 -9 11 32 25

0 19 36 50 -15 0 17 17

0 45 70 69 -10 0 2 44

0 13 21 25 -15 13 32 36

0 27 31 75 -14 9 10 15

0 12 42 39 -5 1 3 36

0 63 80 6 -16 28 48 9

0 4 42 23 -2 22 45 9

0 3 11 58 -2 13 21 21

0 4 28 35 -19 0 2 0

0 67 73 43 -8 7 8 48

0 12 26 10 -13 6 44 15

0 1 30 49 -18 9 30 32

0 34 49 75 -8 1 12 44

0 8 63 95 -19 41 48 5

0 26 85 43 -5 19 25 40

0 22 26 34 -4 5 26 28

0 17 43 92 -3 4 6 41

0 26 82 10 -1 23 28 0

0 8 25 88 -4 17 48 14

0 0 14 41 -10 17 23 20

0 3 34 96 -18 18 31 24

0 8 9 3 -6 1 30 32

0 10 24 46 -17 21 25 35

0 1 8 43 -16 5 24 21

0 0 56 17 -11 38 48 31

0 9 34 73 -9 26 49 37

0 28 52 96 -3 34 39 6

0 17 43 3 -13 22 25 24

0 17 25 60 -10 18 43 11

0 21 37 19 -11 34 36 39

0 2 11 78 -1 6 12 27

0 2 5 43 -2 13 21 5

0 10 13 48 -16 30 49 20

0 11 15 3 -16 0 25 3

0 1 23 45 -11 23 44 38

0 1 10 54 -12 27 39 43

0 0 3 13 -3 7 13 29

0 7 22 52 -13 9 13 39

0 3 4 74 -6 8 10 24

0 0 1 59 -10 43 47 33

0 0 1 20 -12 19 21 12

0 6 13 96 -12 4 44 28

0 24 43 15 -2 4 43 41

0 6 7 63 -9 16 30 36

0 0 3 66 -4 0 2 25

0 3 15 57 -12 9 10 45

0 5 10 2 -15 28 31 40

0 0 5 37 -11 3 5 43

0 3 5 8 -17 30 45 6


SAlphaB: 687.0, std-dev 267.7359617272588

Earliest win: 37
Latest win: 81

WinDepth:
0 0 0 0 0 0 0 0 0 0 0 0 0 0 0 0 0 0 0 0 0 0 0 0 0 0 0 0 0 0 0 0 0 0 0 0 0 1 0 2 1 2 1 11 15 18 10 18 32 80 87 253 92 95 85 180 100 162 187 194 134 205 196 333 285 345 395 406 462 385 473 471 444 358 404 348 263 283 213 145 91 89 
SAlphaB:
0 0 0 0 0 0 0 0 0 0 0 0 0 0 0 0 0 0 0 0 0 0 0 0 0 0 0 0 0 0 0 0 0 0 0 0 0 1 0 2 1 2 1 11 15 18 10 18 32 80 87 253 92 95 85 180 100 162 187 194 134 205 196 333 285 345 395 406 462 385 473 471 444 358 404 348 263 283 213 145 91 89 

LossDepth:
SAlphaB:
0 0 0 0 0 0 0 0 0 0 0 0 0 0 0 0 0 0 0 0 0 0 0 0 0 0 0 0 0 0 0 0 0 0 0 0 0 1 0 2 1 2 1 11 15 18 10 18 32 80 87 253 92 95 85 180 100 162 187 194 134 205 196 333 285 345 395 406 462 385 473 471 444 358 404 348 263 283 213 145 91 89 

FirstWin:
0 0 0 0 0 0 0 0 0 0 0 0 0 0 0 0 0 0 0 0 0 0 0 0 0 0 0 0 0 0 0 0 0 0 0 0 0 1 0 2 0 2 0 11 0 18 0 18 0 80 0 253 0 95 0 180 0 162 0 194 0 205 0 333 0 345 0 406 0 385 0 471 0 358 0 348 0 283 0 145 0 89 
SAlphaB:
0 0 0 0 0 0 0 0 0 0 0 0 0 0 0 0 0 0 0 0 0 0 0 0 0 0 0 0 0 0 0 0 0 0 0 0 0 1 0 2 0 2 0 11 0 18 0 18 0 80 0 253 0 95 0 180 0 162 0 194 0 205 0 333 0 345 0 406 0 385 0 471 0 358 0 348 0 283 0 145 0 89 

SecondWin:
0 0 0 0 0 0 0 0 0 0 0 0 0 0 0 0 0 0 0 0 0 0 0 0 0 0 0 0 0 0 0 0 0 0 0 0 0 0 0 0 1 0 1 0 15 0 10 0 32 0 87 0 92 0 85 0 100 0 187 0 134 0 196 0 285 0 395 0 462 0 473 0 444 0 404 0 263 0 213 0 91 0 
SAlphaB:
0 0 0 0 0 0 0 0 0 0 0 0 0 0 0 0 0 0 0 0 0 0 0 0 0 0 0 0 0 0 0 0 0 0 0 0 0 0 0 0 1 0 1 0 15 0 10 0 32 0 87 0 92 0 85 0 100 0 187 0 134 0 196 0 285 0 395 0 462 0 473 0 444 0 404 0 263 0 213 0 91 0 
