0 80 94 84 -9 3 42 22

0 42 85 7 -11 1 4 23

0 65 89 5 -13 1 18 4

0 16 42 94 -10 16 19 21

0 9 83 33 -4 2 3 6

0 25 96 58 -14 9 31 34

0 39 92 20 -14 1 2 30

0 78 93 69 -4 17 23 10

0 60 72 98 -5 10 19 45

0 21 22 18 -2 1 3 3

0 13 72 95 -15 18 30 12

0 25 42 66 -7 2 7 39

0 4 41 51 -2 4 5 11

0 27 71 1 -2 4 42 32

0 17 38 75 -14 3 27 37

0 78 85 12 -12 4 31 5

0 49 56 81 -12 3 7 25

0 43 52 94 -16 23 46 11

0 78 84 42 -3 2 32 26

0 7 40 7 -1 5 16 4

0 43 88 72 -13 36 41 8

0 40 84 62 -9 2 38 18

0 73 89 91 -13 19 44 12

0 11 34 66 -20 0 4 2

0 64 67 61 -19 0 1 37

0 28 68 49 -9 38 41 43

0 43 72 79 -16 0 33 43

0 15 25 61 -4 5 13 1

0 45 55 35 -10 14 27 28

0 9 25 28 -8 3 5 20

0 1 96 43 -9 8 10 33

0 29 57 36 -12 12 16 1

0 36 61 59 -6 2 13 46

0 11 73 20 -20 1 3 6

0 5 36 28 -18 9 31 24

0 44 71 87 -9 23 27 48

0 67 91 36 -14 3 42 47

0 6 73 84 -13 18 48 45

0 67 73 11 -4 15 16 24

0 33 71 28 -2 24 35 24

0 5 38 59 -2 2 6 16

0 36 38 15 -2 36 48 9

0 62 70 48 -11 9 13 35

0 21 32 28 -7 12 17 17

0 75 86 26 -18 32 35 47

0 34 45 87 -4 13 19 24

0 28 31 61 -20 2 35 19

0 9 36 50 -1 4 11 31

0 4 77 88 -10 3 23 24

0 62 63 1 -7 35 39 42

0 39 54 16 -16 23 32 19

0 64 91 93 -13 25 31 20

0 28 66 8 -16 16 40 19

0 70 96 99 -3 28 42 41

0 3 6 70 -15 35 37 35

0 4 69 82 -20 17 24 6

0 2 8 59 -2 7 12 25

0 14 30 3 -5 12 35 27

0 4 60 46 -16 17 42 1

0 0 89 5 -1 36 42 32

0 6 74 43 -17 5 20 42

0 56 58 86 -7 32 40 45

0 24 70 8 -10 30 38 12

0 15 39 87 -20 33 38 19

0 13 26 27 -8 12 38 44

0 36 45 84 -14 2 35 5

0 3 20 8 -15 34 39 36

0 29 84 20 -15 9 18 44

0 0 11 94 -7 0 28 6

0 17 44 87 -1 2 6 47

0 18 30 55 -12 26 44 7

0 31 80 22 -7 24 39 30

0 21 45 5 -11 5 10 39

0 13 57 56 -9 1 27 41

0 2 36 48 -16 1 5 36

0 33 50 35 -16 19 29 38

0 26 33 81 -20 22 47 19

0 7 52 63 -1 8 34 29

0 5 10 80 -3 14 27 8

0 0 4 79 -11 19 25 32

0 4 31 51 -1 16 33 49

0 4 82 76 -6 1 3 44

0 36 74 37 -12 28 35 2

0 1 8 12 -20 14 21 8

0 0 85 6 -19 1 8 45

0 4 10 84 -5 27 49 29

0 1 4 46 -11 0 3 42

0 6 54 34 -20 1 38 11

0 8 39 53 -5 8 37 30

0 48 55 33 -2 30 34 5

0 10 16 50 -11 4 19 9

0 12 30 11 -12 13 19 39

0 1 5 60 -1 6 26 25

0 8 17 97 -1 7 10 0

0 1 4 4 -6 25 47 13

0 8 16 9 -14 40 45 32

0 1 3 70 -17 35 39 12

0 0 8 36 -2 7 35 20

0 4 13 15 -12 0 34 26

0 6 8 62 -4 3 16 38


SAlphaB: 732.0, std-dev 281.43699655571766

Earliest win: 37
Latest win: 81

WinDepth:
0 0 0 0 0 0 0 0 0 0 0 0 0 0 0 0 0 0 0 0 0 0 0 0 0 0 0 0 0 0 0 0 0 0 0 0 0 8 0 7 2 10 6 12 15 18 13 20 30 72 61 163 134 131 102 168 143 182 145 189 160 237 245 327 325 343 391 404 398 418 409 449 395 383 399 379 288 233 211 129 103 64 
SAlphaB:
0 0 0 0 0 0 0 0 0 0 0 0 0 0 0 0 0 0 0 0 0 0 0 0 0 0 0 0 0 0 0 0 0 0 0 0 0 8 0 7 2 10 6 12 15 18 13 20 30 72 61 163 134 131 102 168 143 182 145 189 160 237 245 327 325 343 391 404 398 418 409 449 395 383 399 379 288 233 211 129 103 64 

LossDepth:
SAlphaB:
0 0 0 0 0 0 0 0 0 0 0 0 0 0 0 0 0 0 0 0 0 0 0 0 0 0 0 0 0 0 0 0 0 0 0 0 0 8 0 7 2 10 6 12 15 18 13 20 30 72 61 163 134 131 102 168 143 182 145 189 160 237 245 327 325 343 391 404 398 418 409 449 395 383 399 379 288 233 211 129 103 64 

FirstWin:
0 0 0 0 0 0 0 0 0 0 0 0 0 0 0 0 0 0 0 0 0 0 0 0 0 0 0 0 0 0 0 0 0 0 0 0 0 8 0 7 0 10 0 12 0 18 0 20 0 72 0 163 0 131 0 168 0 182 0 189 0 237 0 327 0 343 0 404 0 418 0 449 0 383 0 379 0 233 0 129 0 64 
SAlphaB:
0 0 0 0 0 0 0 0 0 0 0 0 0 0 0 0 0 0 0 0 0 0 0 0 0 0 0 0 0 0 0 0 0 0 0 0 0 8 0 7 0 10 0 12 0 18 0 20 0 72 0 163 0 131 0 168 0 182 0 189 0 237 0 327 0 343 0 404 0 418 0 449 0 383 0 379 0 233 0 129 0 64 

SecondWin:
0 0 0 0 0 0 0 0 0 0 0 0 0 0 0 0 0 0 0 0 0 0 0 0 0 0 0 0 0 0 0 0 0 0 0 0 0 0 0 0 2 0 6 0 15 0 13 0 30 0 61 0 134 0 102 0 143 0 145 0 160 0 245 0 325 0 391 0 398 0 409 0 395 0 399 0 288 0 211 0 103 0 
SAlphaB:
0 0 0 0 0 0 0 0 0 0 0 0 0 0 0 0 0 0 0 0 0 0 0 0 0 0 0 0 0 0 0 0 0 0 0 0 0 0 0 0 2 0 6 0 15 0 13 0 30 0 61 0 134 0 102 0 143 0 145 0 160 0 245 0 325 0 391 0 398 0 409 0 395 0 399 0 288 0 211 0 103 0 
