0 42 93 72 -16 5 18 23

0 21 65 82 -6 7 21 23

0 28 64 77 -17 0 1 17

0 30 38 54 -13 0 1 28

0 30 83 43 -19 0 7 2

0 41 90 13 -19 3 5 35

0 32 81 6 -8 6 11 36

0 23 27 19 -8 1 8 5

0 30 70 71 -9 16 21 30

0 45 81 43 -19 5 9 39

0 74 82 39 -5 8 15 16

0 18 25 8 -5 0 10 18

0 44 64 76 -13 1 10 23

0 1 89 63 -1 8 9 35

0 42 58 68 -1 13 17 17

0 60 96 20 -4 5 12 8

0 83 96 70 -8 25 39 34

0 33 98 92 -9 0 44 22

0 19 50 78 -5 8 9 42

0 19 29 61 -3 8 12 2

0 49 57 18 -11 44 49 25

0 36 49 11 -19 13 42 8

0 49 61 11 -20 5 30 37

0 35 91 90 -3 23 27 9

0 21 45 64 -2 40 41 15

0 54 73 6 -1 37 45 30

0 21 31 94 -13 3 10 32

0 29 61 61 -20 8 39 38

0 75 87 89 -1 18 29 19

0 55 93 87 -9 27 34 16

0 45 71 67 -19 0 42 19

0 18 68 15 -20 4 29 21

0 31 51 62 -4 21 45 9

0 25 40 7 -9 7 20 35

0 65 82 85 -1 24 40 35

0 25 38 76 -14 7 20 45

0 84 86 37 -12 30 41 19

0 60 64 59 -6 18 43 5

0 22 93 89 -10 21 42 31

0 14 97 91 -20 4 7 36

0 15 44 77 -3 19 41 18

0 19 76 6 -8 12 34 12

0 13 75 55 -5 8 23 31

0 12 62 82 -11 22 29 34

0 19 33 56 -15 28 37 33

0 1 43 20 -20 3 24 29

0 6 19 9 -10 3 20 23

0 3 50 75 -9 27 28 24

0 57 72 72 -20 31 32 11

0 70 75 52 -8 2 3 41

0 1 62 47 -17 2 33 13

0 37 56 73 -7 35 38 37

0 57 77 75 -18 22 28 27

0 18 30 96 -6 7 38 26

0 10 13 88 -9 17 44 30

0 1 2 79 -13 29 30 31

0 23 58 62 -16 40 49 23

0 33 40 58 -13 18 22 35

0 7 56 38 -14 8 20 28

0 9 11 35 -7 11 16 16

0 66 94 80 -17 41 44 47

0 13 19 51 -10 2 12 35

0 45 48 55 -10 28 37 33

0 6 15 83 -9 0 12 7

0 21 44 12 -16 11 23 39

0 6 25 72 -8 6 13 48

0 3 15 93 -12 17 22 12

0 13 48 5 -20 10 29 49

0 7 12 59 -11 9 32 17

0 2 23 58 -7 11 25 41

0 14 30 51 -1 1 41 49

0 0 3 14 -15 6 18 8

0 0 3 42 -20 0 18 31

0 6 15 53 -4 19 20 14

0 2 29 4 -19 0 39 44

0 16 23 49 -8 5 47 33

0 13 25 13 -11 14 41 35

0 17 33 1 -19 35 41 42

0 33 62 15 -14 22 32 35

0 4 20 82 -10 19 38 0

0 36 37 54 -20 0 48 46

0 11 26 12 -18 36 47 34

0 1 78 19 -19 31 33 48

0 10 11 26 -5 15 19 1

0 8 16 75 -12 27 30 8

0 1 4 89 -18 3 29 13

0 11 18 87 -4 16 39 43

0 20 34 67 -3 18 21 48

0 2 10 66 -8 13 27 8

0 6 53 23 -7 26 27 37

0 4 78 5 -12 9 10 45

0 4 12 39 -13 31 48 49

0 6 68 10 -18 3 5 46

0 0 24 20 -11 18 36 22

0 8 24 27 -1 25 35 49

0 15 16 57 -17 1 2 48

0 4 8 17 -10 17 35 44

0 0 2 41 -10 21 42 30

0 17 22 19 -13 30 35 43

0 2 5 80 -3 9 19 49


SAlphaB: 684.0, std-dev 269.6992268802378

Earliest win: 36
Latest win: 81

WinDepth:
0 0 0 0 0 0 0 0 0 0 0 0 0 0 0 0 0 0 0 0 0 0 0 0 0 0 0 0 0 0 0 0 0 0 0 0 3 4 0 2 16 4 4 19 8 16 17 41 39 51 53 182 90 145 92 164 112 187 152 207 156 263 257 322 334 420 436 382 474 377 494 400 420 388 347 352 266 249 173 139 94 82 
SAlphaB:
0 0 0 0 0 0 0 0 0 0 0 0 0 0 0 0 0 0 0 0 0 0 0 0 0 0 0 0 0 0 0 0 0 0 0 0 3 4 0 2 16 4 4 19 8 16 17 41 39 51 53 182 90 145 92 164 112 187 152 207 156 263 257 322 334 420 436 382 474 377 494 400 420 388 347 352 266 249 173 139 94 82 

LossDepth:
SAlphaB:
0 0 0 0 0 0 0 0 0 0 0 0 0 0 0 0 0 0 0 0 0 0 0 0 0 0 0 0 0 0 0 0 0 0 0 0 3 4 0 2 16 4 4 19 8 16 17 41 39 51 53 182 90 145 92 164 112 187 152 207 156 263 257 322 334 420 436 382 474 377 494 400 420 388 347 352 266 249 173 139 94 82 

FirstWin:
0 0 0 0 0 0 0 0 0 0 0 0 0 0 0 0 0 0 0 0 0 0 0 0 0 0 0 0 0 0 0 0 0 0 0 0 0 4 0 2 0 4 0 19 0 16 0 41 0 51 0 182 0 145 0 164 0 187 0 207 0 263 0 322 0 420 0 382 0 377 0 400 0 388 0 352 0 249 0 139 0 82 
SAlphaB:
0 0 0 0 0 0 0 0 0 0 0 0 0 0 0 0 0 0 0 0 0 0 0 0 0 0 0 0 0 0 0 0 0 0 0 0 0 4 0 2 0 4 0 19 0 16 0 41 0 51 0 182 0 145 0 164 0 187 0 207 0 263 0 322 0 420 0 382 0 377 0 400 0 388 0 352 0 249 0 139 0 82 

SecondWin:
0 0 0 0 0 0 0 0 0 0 0 0 0 0 0 0 0 0 0 0 0 0 0 0 0 0 0 0 0 0 0 0 0 0 0 0 3 0 0 0 16 0 4 0 8 0 17 0 39 0 53 0 90 0 92 0 112 0 152 0 156 0 257 0 334 0 436 0 474 0 494 0 420 0 347 0 266 0 173 0 94 0 
SAlphaB:
0 0 0 0 0 0 0 0 0 0 0 0 0 0 0 0 0 0 0 0 0 0 0 0 0 0 0 0 0 0 0 0 0 0 0 0 3 0 0 0 16 0 4 0 8 0 17 0 39 0 53 0 90 0 92 0 112 0 152 0 156 0 257 0 334 0 436 0 474 0 494 0 420 0 347 0 266 0 173 0 94 0 
