0 65 93 80 -6 9 24 11

0 54 79 59 -10 2 12 14

0 89 91 86 -19 14 21 4

0 78 96 16 -5 10 30 23

0 36 54 13 -20 8 18 10

0 56 87 36 -4 19 37 17

0 44 97 71 -8 29 34 23

0 63 88 16 -7 2 4 13

0 26 89 90 -5 7 9 9

0 61 67 11 -9 3 21 32

0 24 85 46 -7 13 24 1

0 58 96 29 -19 2 6 36

0 61 77 95 -7 14 16 14

0 8 71 57 -4 28 46 6

0 5 46 21 -1 1 3 15

0 53 61 48 -10 3 13 0

0 35 54 7 -12 1 24 0

0 19 38 84 -2 25 30 6

0 59 70 6 -5 3 17 35

0 32 82 94 -12 13 14 28

0 64 76 98 -7 0 1 14

0 24 90 66 -10 4 11 11

0 10 84 58 -7 7 28 3

0 43 51 65 -14 1 4 29

0 8 35 14 -17 13 19 10

0 22 46 63 -17 15 24 22

0 59 82 20 -11 19 27 28

0 5 16 15 -1 15 26 10

0 86 89 9 -15 4 6 19

0 32 91 13 -4 15 33 47

0 43 85 64 -11 13 18 46

0 1 9 81 -10 1 2 4

0 10 13 49 -8 3 6 0

0 35 96 31 -6 13 17 43

0 27 48 79 -12 2 12 35

0 24 64 48 -19 9 20 25

0 25 69 34 -2 7 11 44

0 46 65 43 -6 22 49 36

0 76 96 17 -6 3 7 29

0 25 29 82 -11 43 48 18

0 6 62 69 -11 7 22 39

0 15 35 42 -5 29 36 4

0 35 37 99 -5 9 47 19

0 48 77 25 -10 16 49 18

0 36 78 93 -7 7 8 27

0 62 70 87 -9 22 39 16

0 0 75 3 -10 9 16 5

0 0 18 91 -5 0 1 5

0 16 39 87 -11 39 48 20

0 1 42 10 -4 10 36 40

0 33 49 50 -20 1 7 29

0 11 52 39 -12 1 27 31

0 9 41 34 -1 12 36 48

0 33 61 91 -13 16 22 44

0 9 48 64 -14 4 15 15

0 27 70 11 -14 39 44 38

0 3 82 40 -8 1 10 37

0 1 4 67 -9 9 12 17

0 14 64 99 -4 19 28 48

0 52 64 23 -16 30 32 14

0 38 41 60 -4 2 6 43

0 2 19 26 -13 25 41 19

0 27 64 35 -16 4 49 4

0 12 28 94 -6 27 29 39

0 8 15 39 -12 12 38 19

0 11 74 91 -5 10 17 43

0 24 62 46 -17 17 19 32

0 14 51 73 -15 8 45 21

0 1 55 63 -8 15 16 33

0 3 52 91 -14 3 4 35

0 32 93 37 -19 21 35 27

0 11 20 16 -14 3 32 37

0 0 53 29 -17 25 48 34

0 15 16 72 -6 0 25 35

0 30 61 23 -5 0 20 38

0 10 75 82 -13 8 34 49

0 32 42 1 -5 11 46 49

0 6 8 32 -16 0 7 3

0 3 9 70 -4 16 25 21

0 19 24 96 -2 31 44 6

0 4 19 99 -8 4 34 2

0 67 71 42 -13 25 45 26

0 43 71 48 -17 30 47 46

0 5 16 13 -9 6 42 43

0 15 22 81 -11 12 30 30

0 0 2 21 -8 18 36 25

0 4 17 69 -5 2 48 9

0 9 65 85 -6 10 18 46

0 2 26 42 -3 8 13 46

0 7 11 67 -15 1 29 29

0 5 11 70 -15 16 27 1

0 8 15 72 -7 16 42 40

0 0 1 35 -1 32 43 7

0 67 73 28 -14 41 42 0

0 9 10 75 -5 12 44 27

0 2 9 54 -16 2 3 31

0 2 22 73 -9 4 8 37

0 0 1 97 -4 1 7 6

0 4 20 42 -8 3 34 12

0 1 3 40 -2 5 39 46


SAlphaB: 697.0, std-dev 269.7911881474638

Earliest win: 33
Latest win: 81

WinDepth:
0 0 0 0 0 0 0 0 0 0 0 0 0 0 0 0 0 0 0 0 0 0 0 0 0 0 0 0 0 0 0 0 0 1 0 0 1 0 0 4 0 9 1 8 10 13 16 64 20 68 71 147 102 133 82 198 107 173 120 161 163 228 276 322 319 379 359 358 458 421 492 482 467 435 405 379 264 243 168 148 93 65 
SAlphaB:
0 0 0 0 0 0 0 0 0 0 0 0 0 0 0 0 0 0 0 0 0 0 0 0 0 0 0 0 0 0 0 0 0 1 0 0 1 0 0 4 0 9 1 8 10 13 16 64 20 68 71 147 102 133 82 198 107 173 120 161 163 228 276 322 319 379 359 358 458 421 492 482 467 435 405 379 264 243 168 148 93 65 

LossDepth:
SAlphaB:
0 0 0 0 0 0 0 0 0 0 0 0 0 0 0 0 0 0 0 0 0 0 0 0 0 0 0 0 0 0 0 0 0 1 0 0 1 0 0 4 0 9 1 8 10 13 16 64 20 68 71 147 102 133 82 198 107 173 120 161 163 228 276 322 319 379 359 358 458 421 492 482 467 435 405 379 264 243 168 148 93 65 

FirstWin:
0 0 0 0 0 0 0 0 0 0 0 0 0 0 0 0 0 0 0 0 0 0 0 0 0 0 0 0 0 0 0 0 0 1 0 0 0 0 0 4 0 9 0 8 0 13 0 64 0 68 0 147 0 133 0 198 0 173 0 161 0 228 0 322 0 379 0 358 0 421 0 482 0 435 0 379 0 243 0 148 0 65 
SAlphaB:
0 0 0 0 0 0 0 0 0 0 0 0 0 0 0 0 0 0 0 0 0 0 0 0 0 0 0 0 0 0 0 0 0 1 0 0 0 0 0 4 0 9 0 8 0 13 0 64 0 68 0 147 0 133 0 198 0 173 0 161 0 228 0 322 0 379 0 358 0 421 0 482 0 435 0 379 0 243 0 148 0 65 

SecondWin:
0 0 0 0 0 0 0 0 0 0 0 0 0 0 0 0 0 0 0 0 0 0 0 0 0 0 0 0 0 0 0 0 0 0 0 0 1 0 0 0 0 0 1 0 10 0 16 0 20 0 71 0 102 0 82 0 107 0 120 0 163 0 276 0 319 0 359 0 458 0 492 0 467 0 405 0 264 0 168 0 93 0 
SAlphaB:
0 0 0 0 0 0 0 0 0 0 0 0 0 0 0 0 0 0 0 0 0 0 0 0 0 0 0 0 0 0 0 0 0 0 0 0 1 0 0 0 0 0 1 0 10 0 16 0 20 0 71 0 102 0 82 0 107 0 120 0 163 0 276 0 319 0 359 0 458 0 492 0 467 0 405 0 264 0 168 0 93 0 
