0 58 96 63 -4 9 18 5

0 32 62 83 -3 6 14 0

0 24 64 81 -14 4 10 2

0 30 42 22 -17 0 1 17

0 37 63 13 -10 0 3 0

0 55 84 41 -5 8 16 10

0 44 76 15 -4 13 28 48

0 2 75 69 -4 3 4 7

0 1 38 23 -6 11 25 16

0 57 97 97 -1 1 5 7

0 65 79 87 -14 4 5 0

0 12 46 76 -10 1 2 6

0 17 87 30 -1 5 11 6

0 11 28 89 -16 7 17 17

0 21 55 54 -13 8 10 34

0 14 61 14 -12 0 3 47

0 75 96 84 -13 23 37 10

0 52 83 64 -1 21 48 40

0 25 36 69 -10 16 20 4

0 10 69 25 -16 13 42 24

0 66 76 25 -13 10 48 23

0 6 52 50 -20 1 3 8

0 22 44 26 -9 4 6 12

0 76 87 65 -16 14 29 0

0 19 31 53 -17 22 24 6

0 53 63 49 -16 30 39 6

0 13 39 57 -17 9 11 11

0 9 87 9 -17 1 2 12

0 8 33 98 -8 17 30 38

0 58 91 19 -5 14 49 44

0 8 78 41 -17 0 16 45

0 25 75 38 -16 1 15 46

0 11 92 2 -7 37 39 24

0 11 34 94 -6 27 37 19

0 24 48 52 -16 14 17 15

0 28 62 21 -7 5 8 34

0 42 44 14 -7 6 7 22

0 25 26 26 -10 26 40 12

0 1 75 50 -20 19 37 12

0 41 53 36 -11 1 12 29

0 28 60 67 -13 12 14 47

0 15 98 79 -19 10 13 4

0 29 68 60 -5 9 35 20

0 30 32 29 -12 4 20 23

0 16 70 22 -2 27 30 10

0 16 81 33 -6 29 49 23

0 47 76 78 -13 21 31 32

0 54 93 74 -1 0 1 39

0 58 63 18 -1 6 13 28

0 29 83 77 -11 3 34 40

0 35 46 83 -5 0 9 20

0 38 45 68 -3 5 27 41

0 63 76 70 -11 20 26 36

0 67 79 96 -1 20 43 43

0 15 39 31 -3 34 37 28

0 76 77 2 -17 4 8 43

0 17 21 82 -1 4 19 23

0 11 23 15 -20 0 7 38

0 8 17 59 -2 2 17 13

0 3 19 31 -10 0 9 44

0 3 5 89 -5 33 40 33

0 31 44 98 -4 0 1 49

0 1 37 92 -13 46 48 26

0 4 54 81 -17 27 36 14

0 3 18 98 -6 15 28 31

0 6 62 45 -11 25 49 12

0 3 32 14 -9 9 33 16

0 0 22 12 -18 37 46 9

0 9 31 60 -13 18 47 40

0 1 18 98 -19 1 9 2

0 9 21 39 -10 7 17 44

0 7 32 47 -20 9 38 36

0 6 18 6 -3 38 44 11

0 10 14 71 -15 3 13 12

0 5 45 28 -15 0 5 41

0 21 22 23 -13 11 29 25

0 16 40 26 -15 1 30 27

0 2 8 16 -20 34 39 29

0 24 42 64 -2 27 33 48

0 4 7 52 -4 7 20 40

0 0 1 94 -10 3 47 48

0 8 9 6 -10 2 20 20

0 10 22 2 -3 36 43 40

0 14 28 24 -18 15 16 39

0 13 24 67 -14 11 28 49

0 7 17 4 -14 13 24 13

0 46 81 11 -8 24 30 11

0 0 2 72 -16 37 39 3

0 4 48 56 -9 2 8 44

0 17 21 22 -13 8 20 49

0 7 8 25 -19 21 44 16

0 3 5 58 -16 32 33 11

0 0 1 60 -6 24 31 37

0 0 7 17 -15 29 49 45

0 1 4 85 -14 3 4 5

0 3 18 1 -18 14 17 44

0 3 4 79 -17 3 5 4

0 1 17 64 -3 3 16 18

0 3 7 31 -3 3 14 32

0 4 11 20 -15 10 19 27


SAlphaB: 689.0, std-dev 256.10619601322344

Earliest win: 37
Latest win: 81

WinDepth:
0 0 0 0 0 0 0 0 0 0 0 0 0 0 0 0 0 0 0 0 0 0 0 0 0 0 0 0 0 0 0 0 0 0 0 0 0 2 0 1 0 6 4 14 11 32 8 23 17 50 65 241 151 94 93 195 122 187 143 190 165 229 267 308 316 336 391 360 424 398 430 415 444 387 413 326 298 233 197 172 106 85 
SAlphaB:
0 0 0 0 0 0 0 0 0 0 0 0 0 0 0 0 0 0 0 0 0 0 0 0 0 0 0 0 0 0 0 0 0 0 0 0 0 2 0 1 0 6 4 14 11 32 8 23 17 50 65 241 151 94 93 195 122 187 143 190 165 229 267 308 316 336 391 360 424 398 430 415 444 387 413 326 298 233 197 172 106 85 

LossDepth:
SAlphaB:
0 0 0 0 0 0 0 0 0 0 0 0 0 0 0 0 0 0 0 0 0 0 0 0 0 0 0 0 0 0 0 0 0 0 0 0 0 2 0 1 0 6 4 14 11 32 8 23 17 50 65 241 151 94 93 195 122 187 143 190 165 229 267 308 316 336 391 360 424 398 430 415 444 387 413 326 298 233 197 172 106 85 

FirstWin:
0 0 0 0 0 0 0 0 0 0 0 0 0 0 0 0 0 0 0 0 0 0 0 0 0 0 0 0 0 0 0 0 0 0 0 0 0 2 0 1 0 6 0 14 0 32 0 23 0 50 0 241 0 94 0 195 0 187 0 190 0 229 0 308 0 336 0 360 0 398 0 415 0 387 0 326 0 233 0 172 0 85 
SAlphaB:
0 0 0 0 0 0 0 0 0 0 0 0 0 0 0 0 0 0 0 0 0 0 0 0 0 0 0 0 0 0 0 0 0 0 0 0 0 2 0 1 0 6 0 14 0 32 0 23 0 50 0 241 0 94 0 195 0 187 0 190 0 229 0 308 0 336 0 360 0 398 0 415 0 387 0 326 0 233 0 172 0 85 

SecondWin:
0 0 0 0 0 0 0 0 0 0 0 0 0 0 0 0 0 0 0 0 0 0 0 0 0 0 0 0 0 0 0 0 0 0 0 0 0 0 0 0 0 0 4 0 11 0 8 0 17 0 65 0 151 0 93 0 122 0 143 0 165 0 267 0 316 0 391 0 424 0 430 0 444 0 413 0 298 0 197 0 106 0 
SAlphaB:
0 0 0 0 0 0 0 0 0 0 0 0 0 0 0 0 0 0 0 0 0 0 0 0 0 0 0 0 0 0 0 0 0 0 0 0 0 0 0 0 0 0 4 0 11 0 8 0 17 0 65 0 151 0 93 0 122 0 143 0 165 0 267 0 316 0 391 0 424 0 430 0 444 0 413 0 298 0 197 0 106 0 
