0 36 64 60 -3 6 20 3

0 10 54 64 -13 0 1 0

0 45 58 56 -4 6 12 19

0 21 93 67 -11 0 1 7

0 43 54 45 -1 6 31 14

0 56 86 32 -9 2 9 4

0 77 90 88 -9 10 29 16

0 18 80 39 -5 1 5 21

0 42 70 81 -10 3 8 31

0 10 81 43 -9 26 49 4

0 55 74 84 -17 1 4 10

0 47 91 86 -3 31 38 22

0 56 79 11 -14 2 7 14

0 51 83 72 -11 1 17 5

0 16 44 89 -5 0 1 2

0 89 91 80 -4 0 10 10

0 56 64 98 -20 1 28 16

0 20 24 58 -4 4 12 17

0 22 29 22 -20 0 1 2

0 91 98 60 -1 5 23 23

0 41 92 39 -5 11 37 32

0 34 42 59 -8 0 15 27

0 72 92 91 -5 20 44 35

0 21 37 68 -1 19 22 16

0 16 76 45 -14 5 9 39

0 2 23 87 -16 2 3 15

0 51 95 16 -6 6 24 47

0 55 87 59 -14 4 6 37

0 42 78 51 -19 11 47 17

0 22 53 42 -6 5 21 23

0 82 99 87 -1 5 11 47

0 64 66 36 -16 16 31 0

0 38 81 43 -1 17 28 46

0 6 79 4 -18 0 1 0

0 14 70 10 -12 4 6 39

0 21 86 41 -13 8 31 19

0 40 65 6 -11 20 34 27

0 92 97 46 -16 8 47 39

0 27 82 49 -4 12 22 13

0 43 67 91 -10 14 15 9

0 6 47 52 -16 2 7 44

0 32 44 58 -15 2 4 30

0 24 28 13 -8 18 28 15

0 13 75 42 -18 26 48 22

0 14 67 29 -6 7 12 39

0 41 47 38 -17 4 17 47

0 50 89 49 -2 23 33 45

0 25 38 7 -18 3 14 2

0 30 53 33 -8 18 44 12

0 46 47 6 -14 4 10 45

0 53 92 87 -17 35 37 12

0 15 46 64 -11 10 29 27

0 9 84 97 -17 0 46 21

0 28 56 34 -11 5 6 39

0 2 64 78 -12 6 9 3

0 1 34 71 -11 30 40 22

0 21 72 41 -2 26 30 5

0 17 48 90 -20 4 6 5

0 2 58 69 -6 1 14 19

0 2 32 96 -17 0 1 0

0 47 71 49 -5 0 48 5

0 82 83 87 -10 16 28 47

0 15 20 10 -7 4 5 23

0 11 18 85 -14 39 47 11

0 3 5 45 -14 25 45 18

0 9 28 45 -9 15 41 19

0 1 12 21 -11 10 26 47

0 6 25 50 -1 1 7 16

0 42 47 34 -17 41 42 49

0 6 9 42 -8 17 33 22

0 13 51 4 -10 4 38 30

0 1 2 90 -5 15 33 7

0 30 71 66 -2 32 36 7

0 1 5 29 -3 3 7 15

0 16 21 82 -10 2 7 43

0 12 17 51 -11 4 48 18

0 26 46 82 -20 22 38 23

0 3 51 43 -10 23 27 41

0 6 23 3 -14 18 20 26

0 10 17 84 -7 4 5 36

0 7 49 34 -19 18 34 35

0 7 25 0 -20 4 32 22

0 9 25 94 -19 24 28 41

0 1 28 79 -8 10 36 14

0 1 11 11 -18 6 17 18

0 66 68 75 -18 23 43 34

0 11 15 46 -16 5 6 46

0 4 6 92 -16 10 31 11

0 9 12 41 -15 0 15 23

0 0 6 78 -20 15 22 39

0 0 4 3 -7 0 35 26

0 9 10 47 -9 19 34 34

0 1 4 24 -6 5 43 31

0 0 1 41 -14 23 25 49

0 14 17 91 -5 30 32 46

0 7 8 64 -3 14 49 19

0 19 22 28 -1 23 28 46

0 0 11 27 -13 30 31 48

0 0 1 98 -6 17 20 45

0 0 1 5 -5 19 26 48


SAlphaB: 692.0, std-dev 260.41222788944344

Earliest win: 37
Latest win: 81

WinDepth:
0 0 0 0 0 0 0 0 0 0 0 0 0 0 0 0 0 0 0 0 0 0 0 0 0 0 0 0 0 0 0 0 0 0 0 0 0 3 0 7 1 3 3 15 5 15 20 29 19 70 43 203 56 132 97 168 93 213 179 187 177 266 221 294 313 411 374 385 408 457 408 437 399 439 387 383 284 242 184 157 127 79 
SAlphaB:
0 0 0 0 0 0 0 0 0 0 0 0 0 0 0 0 0 0 0 0 0 0 0 0 0 0 0 0 0 0 0 0 0 0 0 0 0 3 0 7 1 3 3 15 5 15 20 29 19 70 43 203 56 132 97 168 93 213 179 187 177 266 221 294 313 411 374 385 408 457 408 437 399 439 387 383 284 242 184 157 127 79 

LossDepth:
SAlphaB:
0 0 0 0 0 0 0 0 0 0 0 0 0 0 0 0 0 0 0 0 0 0 0 0 0 0 0 0 0 0 0 0 0 0 0 0 0 3 0 7 1 3 3 15 5 15 20 29 19 70 43 203 56 132 97 168 93 213 179 187 177 266 221 294 313 411 374 385 408 457 408 437 399 439 387 383 284 242 184 157 127 79 

FirstWin:
0 0 0 0 0 0 0 0 0 0 0 0 0 0 0 0 0 0 0 0 0 0 0 0 0 0 0 0 0 0 0 0 0 0 0 0 0 3 0 7 0 3 0 15 0 15 0 29 0 70 0 203 0 132 0 168 0 213 0 187 0 266 0 294 0 411 0 385 0 457 0 437 0 439 0 383 0 242 0 157 0 79 
SAlphaB:
0 0 0 0 0 0 0 0 0 0 0 0 0 0 0 0 0 0 0 0 0 0 0 0 0 0 0 0 0 0 0 0 0 0 0 0 0 3 0 7 0 3 0 15 0 15 0 29 0 70 0 203 0 132 0 168 0 213 0 187 0 266 0 294 0 411 0 385 0 457 0 437 0 439 0 383 0 242 0 157 0 79 

SecondWin:
0 0 0 0 0 0 0 0 0 0 0 0 0 0 0 0 0 0 0 0 0 0 0 0 0 0 0 0 0 0 0 0 0 0 0 0 0 0 0 0 1 0 3 0 5 0 20 0 19 0 43 0 56 0 97 0 93 0 179 0 177 0 221 0 313 0 374 0 408 0 408 0 399 0 387 0 284 0 184 0 127 0 
SAlphaB:
0 0 0 0 0 0 0 0 0 0 0 0 0 0 0 0 0 0 0 0 0 0 0 0 0 0 0 0 0 0 0 0 0 0 0 0 0 0 0 0 1 0 3 0 5 0 20 0 19 0 43 0 56 0 97 0 93 0 179 0 177 0 221 0 313 0 374 0 408 0 408 0 399 0 387 0 284 0 184 0 127 0 
