0 81 97 66 -7 8 16 5

0 76 98 19 -11 14 48 28

0 43 72 80 -1 8 26 33

0 18 63 38 -20 3 6 4

0 64 71 93 -3 10 23 33

0 39 42 92 -7 6 31 31

0 49 84 81 -13 4 30 11

0 48 96 7 -12 1 11 12

0 43 94 92 -7 21 48 38

0 31 91 22 -3 21 26 40

0 10 22 41 -7 9 17 0

0 22 29 20 -12 0 1 1

0 12 68 69 -16 20 36 24

0 71 93 57 -3 19 37 12

0 53 61 75 -3 4 16 0

0 57 63 49 -15 2 32 37

0 72 91 63 -7 14 17 1

0 93 97 55 -15 0 2 6

0 45 80 81 -7 5 8 22

0 32 78 51 -15 0 2 40

0 14 61 25 -19 1 10 15

0 27 54 54 -12 5 16 30

0 37 63 94 -2 10 16 13

0 73 75 36 -15 2 42 30

0 87 92 30 -15 18 38 29

0 75 80 88 -5 3 40 34

0 11 25 85 -3 9 20 11

0 15 31 48 -14 3 4 34

0 53 63 83 -19 8 10 1

0 30 54 73 -4 19 22 11

0 48 63 84 -12 4 10 27

0 89 94 62 -20 9 11 14

0 22 64 15 -11 12 16 23

0 50 98 53 -13 16 19 48

0 22 43 33 -3 9 34 11

0 15 52 73 -2 7 13 12

0 43 58 22 -1 11 20 24

0 26 39 70 -17 36 42 11

0 14 15 75 -9 6 15 25

0 47 65 71 -18 30 36 27

0 48 91 72 -6 0 1 18

0 43 98 68 -13 0 8 48

0 24 42 43 -15 12 22 11

0 0 74 79 -2 22 28 45

0 10 55 34 -15 3 6 37

0 21 56 19 -7 3 23 27

0 12 31 53 -8 5 7 36

0 2 9 94 -13 0 5 5

0 23 39 23 -6 37 46 5

0 46 60 82 -10 14 34 10

0 76 78 24 -10 28 43 17

0 42 44 54 -3 8 9 33

0 48 54 35 -14 1 2 45

0 24 49 17 -18 7 8 39

0 9 79 49 -17 1 28 4

0 17 52 9 -9 0 2 37

0 28 64 64 -14 24 29 28

0 6 15 23 -12 5 9 6

0 18 64 72 -16 37 40 28

0 20 51 8 -10 40 49 28

0 32 53 1 -13 16 32 44

0 5 95 24 -14 5 14 24

0 25 99 20 -1 34 49 47

0 41 50 34 -4 8 10 33

0 25 63 88 -6 20 35 37

0 9 60 9 -14 6 47 35

0 37 45 87 -4 4 7 40

0 1 92 58 -3 40 45 32

0 17 25 29 -19 29 49 10

0 39 68 93 -16 8 39 6

0 0 1 69 -17 11 35 25

0 3 74 63 -9 1 11 15

0 2 66 5 -7 20 27 19

0 0 6 99 -9 15 20 43

0 9 26 16 -2 14 23 30

0 34 38 84 -15 41 45 33

0 18 22 76 -5 27 43 48

0 42 68 7 -13 27 39 19

0 33 38 32 -12 27 28 2

0 0 27 20 -2 38 42 35

0 8 23 21 -5 26 30 25

0 5 28 73 -17 23 40 5

0 11 14 50 -8 31 48 45

0 8 20 46 -8 21 23 19

0 1 2 85 -2 8 46 26

0 2 45 64 -11 1 14 0

0 2 24 5 -11 9 27 39

0 1 6 35 -18 2 3 7

0 4 14 46 -2 25 26 31

0 15 21 5 -5 3 46 22

0 0 2 8 -14 29 31 49

0 13 25 16 -3 19 22 38

0 5 16 18 -5 20 35 47

0 3 7 93 -6 35 46 21

0 0 3 69 -6 37 42 30

0 4 13 59 -3 28 37 42

0 8 29 97 -3 3 32 36

0 5 13 63 -3 8 47 23

0 13 17 52 -6 16 18 37

0 4 39 83 -2 6 32 47


SAlphaB: 706.0, std-dev 265.4848218948979

Earliest win: 39
Latest win: 81

WinDepth:
0 0 0 0 0 0 0 0 0 0 0 0 0 0 0 0 0 0 0 0 0 0 0 0 0 0 0 0 0 0 0 0 0 0 0 0 0 0 0 1 10 3 3 16 9 26 20 39 16 52 71 226 74 99 67 163 122 136 154 196 153 215 275 284 358 398 362 336 481 370 497 465 412 414 368 363 271 261 166 136 98 89 
SAlphaB:
0 0 0 0 0 0 0 0 0 0 0 0 0 0 0 0 0 0 0 0 0 0 0 0 0 0 0 0 0 0 0 0 0 0 0 0 0 0 0 1 10 3 3 16 9 26 20 39 16 52 71 226 74 99 67 163 122 136 154 196 153 215 275 284 358 398 362 336 481 370 497 465 412 414 368 363 271 261 166 136 98 89 

LossDepth:
SAlphaB:
0 0 0 0 0 0 0 0 0 0 0 0 0 0 0 0 0 0 0 0 0 0 0 0 0 0 0 0 0 0 0 0 0 0 0 0 0 0 0 1 10 3 3 16 9 26 20 39 16 52 71 226 74 99 67 163 122 136 154 196 153 215 275 284 358 398 362 336 481 370 497 465 412 414 368 363 271 261 166 136 98 89 

FirstWin:
0 0 0 0 0 0 0 0 0 0 0 0 0 0 0 0 0 0 0 0 0 0 0 0 0 0 0 0 0 0 0 0 0 0 0 0 0 0 0 1 0 3 0 16 0 26 0 39 0 52 0 226 0 99 0 163 0 136 0 196 0 215 0 284 0 398 0 336 0 370 0 465 0 414 0 363 0 261 0 136 0 89 
SAlphaB:
0 0 0 0 0 0 0 0 0 0 0 0 0 0 0 0 0 0 0 0 0 0 0 0 0 0 0 0 0 0 0 0 0 0 0 0 0 0 0 1 0 3 0 16 0 26 0 39 0 52 0 226 0 99 0 163 0 136 0 196 0 215 0 284 0 398 0 336 0 370 0 465 0 414 0 363 0 261 0 136 0 89 

SecondWin:
0 0 0 0 0 0 0 0 0 0 0 0 0 0 0 0 0 0 0 0 0 0 0 0 0 0 0 0 0 0 0 0 0 0 0 0 0 0 0 0 10 0 3 0 9 0 20 0 16 0 71 0 74 0 67 0 122 0 154 0 153 0 275 0 358 0 362 0 481 0 497 0 412 0 368 0 271 0 166 0 98 0 
SAlphaB:
0 0 0 0 0 0 0 0 0 0 0 0 0 0 0 0 0 0 0 0 0 0 0 0 0 0 0 0 0 0 0 0 0 0 0 0 0 0 0 0 10 0 3 0 9 0 20 0 16 0 71 0 74 0 67 0 122 0 154 0 153 0 275 0 358 0 362 0 481 0 497 0 412 0 368 0 271 0 166 0 98 0 
