0 56 79 20 -20 6 21 11

0 20 63 21 -15 1 3 3

0 58 83 4 -15 2 20 29

0 69 97 56 -17 12 26 21

0 29 90 12 -19 0 1 13

0 51 85 38 -14 5 13 15

0 56 66 21 -13 12 26 13

0 35 63 25 -7 4 15 23

0 44 86 57 -19 0 10 20

0 27 35 66 -13 1 6 13

0 73 91 29 -13 13 34 7

0 28 90 30 -16 2 15 5

0 17 58 44 -2 2 15 13

0 54 90 63 -12 6 13 4

0 22 62 7 -12 0 15 16

0 20 54 79 -17 0 1 1

0 21 70 58 -3 6 10 8

0 36 50 82 -12 3 14 9

0 44 62 69 -9 4 24 25

0 53 82 52 -7 2 12 23

0 42 94 82 -6 8 11 12

0 14 71 64 -7 0 2 7

0 36 84 33 -13 2 17 16

0 30 59 5 -11 0 3 11

0 25 96 86 -14 2 19 13

0 35 78 1 -2 1 25 21

0 53 83 44 -20 9 11 40

0 31 67 89 -9 2 3 17

0 69 92 77 -9 5 19 25

0 65 87 68 -6 8 24 2

0 69 84 75 -2 2 32 9

0 25 57 52 -6 0 7 13

0 62 80 65 -18 7 14 29

0 50 54 51 -4 0 20 4

0 42 58 44 -3 1 3 11

0 66 88 41 -5 3 36 44

0 30 59 34 -18 0 7 31

0 32 56 89 -1 7 16 5

0 53 68 63 -2 5 26 26

0 68 98 31 -19 3 16 41

0 49 52 94 -13 12 29 11

0 36 93 48 -17 1 3 23

0 62 84 92 -10 2 6 7

0 43 58 25 -13 2 23 23

0 56 91 22 -2 7 23 25

0 55 94 1 -13 20 47 42

0 30 62 96 -3 0 14 6

0 34 77 53 -17 5 12 7

0 34 47 22 -17 0 2 29

0 67 96 85 -11 1 44 12

0 24 72 62 -2 3 20 0

0 40 90 47 -13 3 24 42

0 39 59 50 -19 1 3 27

0 30 81 57 -19 39 49 27

0 24 56 45 -1 1 17 13

0 31 61 90 -6 5 31 11

0 53 99 31 -13 2 8 20

0 40 88 17 -16 3 8 42

0 55 67 9 -13 10 46 17

0 37 87 33 -4 0 8 11

0 15 75 87 -9 1 2 10

0 26 84 99 -3 6 20 7

0 30 64 88 -7 5 18 3

0 46 81 81 -15 10 25 45

0 87 92 96 -10 8 16 34

0 60 99 65 -10 7 13 41

0 21 92 57 -17 7 27 0

0 70 81 59 -16 10 18 48

0 26 97 15 -3 1 21 18

0 90 97 52 -18 3 41 21

0 17 41 56 -18 0 1 47

0 48 92 19 -14 0 1 35

0 29 64 11 -17 0 2 39

0 29 77 96 -20 14 25 2

0 48 94 47 -5 20 41 44

0 58 87 74 -5 5 44 41

0 71 85 3 -7 5 20 20

0 34 44 89 -18 4 17 12

0 22 96 50 -17 8 12 39

0 20 27 70 -5 3 5 13

0 10 59 28 -18 0 1 20

0 1 50 95 -17 11 31 35

0 53 82 28 -11 7 8 19

0 37 43 80 -2 11 27 18

0 33 59 86 -15 2 22 34

0 66 74 60 -13 2 4 25

0 50 60 61 -12 13 32 44

0 43 87 48 -4 30 47 18

0 12 85 95 -6 8 29 34

0 2 31 80 -18 6 11 17

0 48 90 72 -4 27 45 0

0 40 95 85 -8 7 13 42

0 23 31 76 -8 15 19 14

0 17 70 51 -2 8 9 27

0 23 85 83 -1 7 32 22

0 24 41 72 -8 7 11 21

0 3 93 17 -17 4 13 2

0 19 36 68 -13 19 26 16

0 22 86 9 -6 2 7 38

0 27 47 68 -16 5 17 36


SAlphaB: 760.0, std-dev 259.4203294332045

Earliest win: 35
Latest win: 81

WinDepth:
0 0 0 0 0 0 0 0 0 0 0 0 0 0 0 0 0 0 0 0 0 0 0 0 0 0 0 0 0 0 0 0 0 0 0 1 2 22 5 21 8 35 6 23 28 62 45 138 50 200 220 348 149 391 275 469 390 630 397 547 453 634 595 798 764 920 817 956 1016 920 924 906 862 861 888 711 641 466 408 304 182 138 
SAlphaB:
0 0 0 0 0 0 0 0 0 0 0 0 0 0 0 0 0 0 0 0 0 0 0 0 0 0 0 0 0 0 0 0 0 0 0 1 2 22 5 21 8 35 6 23 28 62 45 138 50 200 220 348 149 391 275 469 390 630 397 547 453 634 595 798 764 920 817 956 1016 920 924 906 862 861 888 711 641 466 408 304 182 138 

LossDepth:
SAlphaB:
0 0 0 0 0 0 0 0 0 0 0 0 0 0 0 0 0 0 0 0 0 0 0 0 0 0 0 0 0 0 0 0 0 0 0 0 1 19 4 11 3 30 2 15 14 40 20 50 26 113 128 153 102 222 188 292 241 402 267 324 308 407 383 584 535 682 588 762 727 780 723 783 663 699 655 657 492 435 321 287 188 163 

FirstWin:
0 0 0 0 0 0 0 0 0 0 0 0 0 0 0 0 0 0 0 0 0 0 0 0 0 0 0 0 0 0 0 0 0 0 0 1 0 22 0 21 0 35 0 23 0 62 0 138 0 200 0 348 0 391 0 469 0 630 0 547 0 634 0 798 0 920 0 956 0 920 0 906 0 861 0 711 0 466 0 304 0 138 
SAlphaB:
0 0 0 0 0 0 0 0 0 0 0 0 0 0 0 0 0 0 0 0 0 0 0 0 0 0 0 0 0 0 0 0 0 0 0 1 0 22 0 21 0 35 0 23 0 62 0 138 0 200 0 348 0 391 0 469 0 630 0 547 0 634 0 798 0 920 0 956 0 920 0 906 0 861 0 711 0 466 0 304 0 138 

SecondWin:
0 0 0 0 0 0 0 0 0 0 0 0 0 0 0 0 0 0 0 0 0 0 0 0 0 0 0 0 0 0 0 0 0 0 0 0 2 0 5 0 8 0 6 0 28 0 45 0 50 0 220 0 149 0 275 0 390 0 397 0 453 0 595 0 764 0 817 0 1016 0 924 0 862 0 888 0 641 0 408 0 182 0 
SAlphaB:
0 0 0 0 0 0 0 0 0 0 0 0 0 0 0 0 0 0 0 0 0 0 0 0 0 0 0 0 0 0 0 0 0 0 0 0 2 0 5 0 8 0 6 0 28 0 45 0 50 0 220 0 149 0 275 0 390 0 397 0 453 0 595 0 764 0 817 0 1016 0 924 0 862 0 888 0 641 0 408 0 182 0 
