0 30 59 5 -11 0 3 11

0 30 59 34 -18 0 7 31

0 10 59 28 -18 0 1 20

0 48 94 47 -5 20 41 44

0 19 36 68 -13 19 26 16

0 22 62 7 -12 0 15 16

0 62 84 92 -10 2 6 7

0 68 98 31 -19 3 16 41

0 55 67 9 -13 10 46 17

0 48 92 19 -14 0 1 35

0 36 60 89 -1 26 37 14

0 0 66 93 -15 5 6 11

0 27 33 52 -8 4 13 20

0 31 50 15 -7 8 18 13

0 7 36 1 -2 2 6 3

0 45 86 97 -1 27 30 15

0 32 85 30 -19 6 9 13

0 49 73 14 -6 15 18 3

0 40 42 81 -9 2 8 8

0 8 48 97 -14 12 31 48

0 46 55 52 -17 11 24 16

0 29 82 68 -13 15 16 17

0 53 67 94 -2 22 38 49

0 28 65 99 -11 6 7 7

0 40 43 58 -14 0 1 4

0 24 57 82 -13 15 39 1

0 26 56 13 -3 11 28 34

0 35 78 77 -1 14 37 40

0 11 94 8 -7 8 46 0

0 59 67 72 -12 5 8 39

0 1 72 13 -14 1 10 1

0 12 70 51 -15 18 47 41

0 29 45 8 -19 2 19 6

0 20 34 71 -8 4 18 15

0 45 48 62 -8 13 31 18

0 20 35 68 -20 5 6 39

0 18 46 0 -19 5 8 32

0 50 51 91 -18 1 26 21

0 0 62 19 -11 9 12 12

0 41 78 57 -7 15 46 49

0 28 95 54 -16 14 37 21

0 19 34 25 -14 7 11 34

0 2 84 64 -6 12 44 0

0 24 57 17 -17 3 31 42

0 9 83 55 -14 14 46 31

0 15 54 36 -9 8 33 33

0 62 77 38 -1 2 12 3

0 27 41 85 -8 10 21 30

0 30 38 21 -20 6 10 15

0 55 56 58 -12 0 1 31

0 23 84 6 -1 12 44 49

0 44 72 29 -14 24 27 11

0 11 48 27 -11 2 8 9

0 6 53 26 -17 37 45 20

0 9 29 33 -9 15 16 3

0 14 33 58 -18 7 9 28

0 54 56 4 -13 6 16 3

0 9 45 3 -17 5 24 27

0 40 76 19 -13 15 24 33

0 7 25 79 -20 21 44 26

0 23 32 30 -4 2 12 41

0 20 83 43 -9 30 33 5

0 55 56 43 -1 16 22 30

0 92 96 24 -5 3 22 45

0 22 37 46 -8 15 47 0

0 17 20 17 -19 0 10 16

0 31 76 42 -4 40 42 25

0 11 27 84 -3 2 4 46

0 48 57 5 -18 42 43 37

0 0 2 42 -4 40 47 42

0 0 39 18 -7 16 34 6

0 2 24 95 -10 5 41 18

0 2 48 11 -4 25 46 14

0 21 76 49 -19 22 29 44

0 18 44 19 -20 9 22 29

0 0 9 38 -5 1 3 18

0 24 70 38 -14 8 44 27

0 10 16 0 -14 37 43 39

0 5 46 46 -14 37 40 48

0 9 74 7 -16 31 39 43

0 3 17 24 -14 19 30 8

0 8 24 34 -8 25 28 27

0 17 19 71 -2 7 21 28

0 71 75 5 -15 35 47 30

0 8 24 74 -8 4 37 46

0 5 20 4 -2 37 49 30

0 13 20 53 -18 12 13 36

0 0 5 14 -3 6 26 14

0 1 5 74 -19 3 13 25

0 0 73 29 -5 25 33 46

0 6 10 57 -17 25 32 49

0 4 59 16 -17 37 47 9

0 4 9 19 -18 2 4 34

0 0 12 35 -3 9 27 41

0 6 11 75 -8 8 20 49

0 4 7 78 -17 0 11 37

0 6 7 35 -10 18 35 42

0 10 14 29 -4 18 31 37

0 5 6 51 -14 18 32 46

0 2 11 76 -7 9 44 39


SAlphaB: 699.0, std-dev 270.187094455122

Earliest win: 37
Latest win: 81

WinDepth:
0 0 0 0 0 0 0 0 0 0 0 0 0 0 0 0 0 0 0 0 0 0 0 0 0 0 0 0 0 0 0 0 0 0 0 0 0 5 0 9 19 8 1 11 5 20 17 60 22 54 91 181 65 153 84 197 116 194 140 204 151 231 236 341 312 377 392 394 498 415 462 443 404 415 348 337 261 225 197 127 91 57 
SAlphaB:
0 0 0 0 0 0 0 0 0 0 0 0 0 0 0 0 0 0 0 0 0 0 0 0 0 0 0 0 0 0 0 0 0 0 0 0 0 5 0 9 19 8 1 11 5 20 17 60 22 54 91 181 65 153 84 197 116 194 140 204 151 231 236 341 312 377 392 394 498 415 462 443 404 415 348 337 261 225 197 127 91 57 

LossDepth:
SAlphaB:
0 0 0 0 0 0 0 0 0 0 0 0 0 0 0 0 0 0 0 0 0 0 0 0 0 0 0 0 0 0 0 0 0 0 0 0 0 5 0 9 19 8 1 11 5 20 17 60 22 54 91 181 65 153 84 197 116 194 140 204 151 231 236 341 312 377 392 394 498 415 462 443 404 415 348 337 261 225 197 127 91 57 

FirstWin:
0 0 0 0 0 0 0 0 0 0 0 0 0 0 0 0 0 0 0 0 0 0 0 0 0 0 0 0 0 0 0 0 0 0 0 0 0 5 0 9 0 8 0 11 0 20 0 60 0 54 0 181 0 153 0 197 0 194 0 204 0 231 0 341 0 377 0 394 0 415 0 443 0 415 0 337 0 225 0 127 0 57 
SAlphaB:
0 0 0 0 0 0 0 0 0 0 0 0 0 0 0 0 0 0 0 0 0 0 0 0 0 0 0 0 0 0 0 0 0 0 0 0 0 5 0 9 0 8 0 11 0 20 0 60 0 54 0 181 0 153 0 197 0 194 0 204 0 231 0 341 0 377 0 394 0 415 0 443 0 415 0 337 0 225 0 127 0 57 

SecondWin:
0 0 0 0 0 0 0 0 0 0 0 0 0 0 0 0 0 0 0 0 0 0 0 0 0 0 0 0 0 0 0 0 0 0 0 0 0 0 0 0 19 0 1 0 5 0 17 0 22 0 91 0 65 0 84 0 116 0 140 0 151 0 236 0 312 0 392 0 498 0 462 0 404 0 348 0 261 0 197 0 91 0 
SAlphaB:
0 0 0 0 0 0 0 0 0 0 0 0 0 0 0 0 0 0 0 0 0 0 0 0 0 0 0 0 0 0 0 0 0 0 0 0 0 0 0 0 19 0 1 0 5 0 17 0 22 0 91 0 65 0 84 0 116 0 140 0 151 0 236 0 312 0 392 0 498 0 462 0 404 0 348 0 261 0 197 0 91 0 
