0 30 62 96 -3 0 14 6

0 53 68 63 -2 5 26 26

0 22 96 50 -17 8 12 39

0 56 66 21 -13 12 26 13

0 20 27 70 -5 3 5 13

0 24 72 62 -2 3 20 0

0 32 56 89 -1 7 16 5

0 50 54 51 -4 0 20 4

0 48 90 72 -4 27 45 0

0 42 94 82 -6 8 11 12

0 65 81 63 -15 0 5 30

0 84 90 70 -13 21 26 26

0 53 67 44 -17 6 7 1

0 6 75 44 -8 22 46 17

0 53 71 80 -17 0 4 38

0 49 76 57 -20 4 7 26

0 31 54 59 -6 11 21 42

0 15 67 73 -18 1 2 26

0 69 72 14 -7 27 38 46

0 66 88 65 -20 8 14 43

0 28 60 50 -3 8 9 43

0 6 19 95 -4 0 3 13

0 16 34 48 -2 3 7 28

0 31 89 32 -14 8 48 24

0 10 44 72 -8 4 12 2

0 14 16 83 -13 33 37 39

0 25 59 79 -18 0 21 34

0 51 54 51 -15 0 28 1

0 20 63 56 -12 9 13 30

0 48 64 1 -8 8 21 16

0 51 64 33 -9 32 46 22

0 38 43 86 -4 37 39 44

0 27 82 76 -17 9 11 18

0 7 14 36 -3 28 30 9

0 4 68 31 -8 5 9 4

0 8 87 15 -8 7 14 29

0 40 49 89 -13 5 32 48

0 13 44 21 -5 24 29 23

0 0 25 80 -7 1 3 14

0 13 34 57 -19 6 17 17

0 56 93 85 -4 14 19 45

0 5 69 33 -17 2 3 29

0 18 97 57 -15 10 12 41

0 59 88 31 -2 0 2 8

0 28 36 77 -1 23 38 28

0 49 66 65 -8 38 48 28

0 22 56 22 -12 24 28 19

0 27 35 41 -14 3 33 2

0 9 28 45 -17 3 14 9

0 58 64 24 -3 25 40 15

0 56 67 98 -13 9 45 35

0 17 38 30 -20 33 46 29

0 70 89 33 -3 12 27 48

0 60 64 34 -8 21 41 19

0 16 24 21 -16 2 19 13

0 5 15 39 -14 0 3 1

0 7 83 45 -16 25 39 23

0 36 79 85 -4 2 4 24

0 27 37 62 -15 2 22 18

0 16 26 51 -15 2 3 11

0 7 41 36 -3 0 12 21

0 8 26 76 -20 0 5 32

0 26 67 42 -18 19 28 28

0 33 37 65 -11 17 33 10

0 31 38 19 -7 37 47 2

0 0 76 98 -15 39 47 45

0 24 79 29 -16 10 49 26

0 37 65 87 -11 2 5 46

0 42 97 4 -3 16 19 41

0 12 29 28 -3 25 42 20

0 3 21 9 -3 22 42 14

0 5 19 63 -8 10 28 30

0 6 37 30 -12 17 33 17

0 2 9 19 -20 4 28 27

0 29 41 17 -16 12 19 31

0 6 33 31 -1 9 15 45

0 29 65 63 -14 11 43 47

0 11 17 7 -15 0 47 15

0 1 14 21 -19 7 16 44

0 10 17 57 -10 21 49 29

0 22 27 84 -10 22 37 46

0 45 48 13 -7 20 27 7

0 8 12 59 -2 5 26 1

0 13 79 56 -1 12 46 44

0 3 21 8 -11 15 26 4

0 1 48 27 -19 3 13 48

0 4 18 53 -2 22 31 10

0 9 19 45 -20 9 15 49

0 28 31 61 -15 7 46 31

0 15 29 2 -4 11 32 6

0 18 56 2 -2 4 8 48

0 8 11 21 -8 30 36 29

0 3 10 39 -18 1 20 44

0 2 9 48 -9 1 15 4

0 0 26 27 -13 2 47 36

0 22 53 15 -3 34 37 49

0 1 4 86 -14 21 34 22

0 6 10 44 -2 17 39 44

0 4 6 25 -11 14 45 47

0 0 1 71 -7 1 2 48


SAlphaB: 718.0, std-dev 269.6730328499026

Earliest win: 37
Latest win: 81

WinDepth:
0 0 0 0 0 0 0 0 0 0 0 0 0 0 0 0 0 0 0 0 0 0 0 0 0 0 0 0 0 0 0 0 0 0 0 0 0 1 0 3 0 3 3 15 4 16 7 60 22 72 56 191 59 112 99 163 123 177 129 208 128 300 215 344 345 328 367 403 457 419 447 454 439 383 409 366 285 223 226 150 94 78 
SAlphaB:
0 0 0 0 0 0 0 0 0 0 0 0 0 0 0 0 0 0 0 0 0 0 0 0 0 0 0 0 0 0 0 0 0 0 0 0 0 1 0 3 0 3 3 15 4 16 7 60 22 72 56 191 59 112 99 163 123 177 129 208 128 300 215 344 345 328 367 403 457 419 447 454 439 383 409 366 285 223 226 150 94 78 

LossDepth:
SAlphaB:
0 0 0 0 0 0 0 0 0 0 0 0 0 0 0 0 0 0 0 0 0 0 0 0 0 0 0 0 0 0 0 0 0 0 0 0 0 1 0 3 0 3 3 15 4 16 7 60 22 72 56 191 59 112 99 163 123 177 129 208 128 300 215 344 345 328 367 403 457 419 447 454 439 383 409 366 285 223 226 150 94 78 

FirstWin:
0 0 0 0 0 0 0 0 0 0 0 0 0 0 0 0 0 0 0 0 0 0 0 0 0 0 0 0 0 0 0 0 0 0 0 0 0 1 0 3 0 3 0 15 0 16 0 60 0 72 0 191 0 112 0 163 0 177 0 208 0 300 0 344 0 328 0 403 0 419 0 454 0 383 0 366 0 223 0 150 0 78 
SAlphaB:
0 0 0 0 0 0 0 0 0 0 0 0 0 0 0 0 0 0 0 0 0 0 0 0 0 0 0 0 0 0 0 0 0 0 0 0 0 1 0 3 0 3 0 15 0 16 0 60 0 72 0 191 0 112 0 163 0 177 0 208 0 300 0 344 0 328 0 403 0 419 0 454 0 383 0 366 0 223 0 150 0 78 

SecondWin:
0 0 0 0 0 0 0 0 0 0 0 0 0 0 0 0 0 0 0 0 0 0 0 0 0 0 0 0 0 0 0 0 0 0 0 0 0 0 0 0 0 0 3 0 4 0 7 0 22 0 56 0 59 0 99 0 123 0 129 0 128 0 215 0 345 0 367 0 457 0 447 0 439 0 409 0 285 0 226 0 94 0 
SAlphaB:
0 0 0 0 0 0 0 0 0 0 0 0 0 0 0 0 0 0 0 0 0 0 0 0 0 0 0 0 0 0 0 0 0 0 0 0 0 0 0 0 0 0 3 0 4 0 7 0 22 0 56 0 59 0 99 0 123 0 129 0 128 0 215 0 345 0 367 0 457 0 447 0 439 0 409 0 285 0 226 0 94 0 
