0 26 84 99 -3 6 20 7

0 35 63 25 -7 4 15 23

0 14 71 64 -7 0 2 7

0 37 87 33 -4 0 8 11

0 21 92 57 -17 7 27 0

0 50 60 61 -12 13 32 44

0 58 87 74 -5 5 44 41

0 73 91 29 -13 13 34 7

0 69 92 77 -9 5 19 25

0 22 86 9 -6 2 7 38

0 31 56 94 -1 14 29 33

0 18 31 0 -14 0 1 11

0 13 37 57 -10 0 13 36

0 74 83 45 -11 13 23 27

0 24 70 26 -4 13 46 11

0 75 85 42 -14 4 8 8

0 50 71 4 -14 4 36 23

0 30 55 42 -5 7 22 10

0 3 93 44 -11 14 25 3

0 33 72 77 -20 13 36 44

0 56 96 33 -5 2 4 22

0 0 39 54 -3 16 29 6

0 26 97 43 -17 24 27 1

0 46 80 59 -2 3 47 33

0 25 68 26 -13 32 49 8

0 42 43 35 -10 32 45 9

0 28 68 72 -2 29 30 47

0 20 78 75 -14 13 27 23

0 6 91 86 -2 37 46 45

0 21 39 13 -20 42 44 3

0 70 91 39 -9 16 26 19

0 27 41 85 -11 8 32 15

0 25 50 48 -16 4 21 0

0 2 26 64 -3 12 15 19

0 39 48 91 -19 0 1 12

0 14 49 46 -7 6 7 43

0 3 50 12 -16 3 28 16

0 16 60 66 -6 18 27 14

0 22 33 88 -10 20 29 10

0 7 25 87 -7 47 48 14

0 40 76 15 -19 13 36 16

0 23 42 94 -2 28 30 30

0 83 88 98 -19 3 6 37

0 16 68 55 -2 9 44 10

0 7 78 6 -8 26 34 6

0 56 58 28 -4 27 28 30

0 19 89 96 -15 22 23 18

0 8 67 86 -11 1 6 19

0 9 56 65 -6 16 28 21

0 19 60 12 -10 18 19 11

0 51 77 7 -1 23 39 49

0 1 48 2 -3 1 12 18

0 23 30 45 -17 14 38 24

0 57 85 52 -2 29 43 47

0 12 37 92 -3 1 17 28

0 24 32 46 -10 7 11 16

0 18 28 55 -15 11 16 38

0 18 28 55 -9 35 49 46

0 7 59 50 -11 2 24 12

0 4 25 12 -19 3 25 23

0 11 63 62 -11 11 19 33

0 15 74 27 -13 4 21 42

0 2 40 47 -12 5 22 22

0 11 40 13 -17 20 24 46

0 8 12 0 -13 10 21 20

0 12 45 10 -3 47 48 45

0 43 58 54 -2 0 1 49

0 23 29 88 -12 7 8 29

0 1 3 39 -8 1 5 9

0 9 38 14 -1 0 3 37

0 72 76 28 -14 35 47 9

0 1 53 17 -14 10 16 39

0 13 38 21 -7 1 46 20

0 3 4 40 -12 13 26 48

0 6 22 80 -17 13 18 33

0 1 10 85 -3 24 35 30

0 9 30 80 -2 29 42 42

0 4 20 24 -14 1 13 24

0 3 12 29 -10 27 39 33

0 3 28 12 -19 20 38 13

0 2 15 87 -19 7 23 41

0 4 28 84 -11 1 13 28

0 6 21 88 -13 9 19 46

0 8 59 41 -2 6 9 26

0 11 20 97 -18 8 42 41

0 22 24 25 -6 3 38 27

0 1 2 34 -17 3 16 20

0 5 27 38 -6 23 36 5

0 9 10 85 -16 28 30 25

0 9 11 95 -15 4 17 43

0 13 15 96 -4 8 34 15

0 3 6 72 -14 10 11 35

0 2 4 32 -19 2 10 35

0 11 22 11 -5 3 47 30

0 3 6 12 -13 26 40 42

0 21 25 52 -11 4 47 34

0 17 19 77 -5 6 25 39

0 0 1 14 -6 11 17 31

0 1 2 66 -14 3 4 40

0 5 11 14 -2 3 20 26


SAlphaB: 729.0, std-dev 261.57042352805576

Earliest win: 37
Latest win: 81

WinDepth:
0 0 0 0 0 0 0 0 0 0 0 0 0 0 0 0 0 0 0 0 0 0 0 0 0 0 0 0 0 0 0 0 0 0 0 0 0 4 0 4 0 7 0 30 6 14 17 40 31 49 115 278 121 159 119 176 152 185 146 226 128 206 264 315 297 368 337 385 405 418 461 430 419 406 384 336 250 262 171 140 78 76 
SAlphaB:
0 0 0 0 0 0 0 0 0 0 0 0 0 0 0 0 0 0 0 0 0 0 0 0 0 0 0 0 0 0 0 0 0 0 0 0 0 4 0 4 0 7 0 30 6 14 17 40 31 49 115 278 121 159 119 176 152 185 146 226 128 206 264 315 297 368 337 385 405 418 461 430 419 406 384 336 250 262 171 140 78 76 

LossDepth:
SAlphaB:
0 0 0 0 0 0 0 0 0 0 0 0 0 0 0 0 0 0 0 0 0 0 0 0 0 0 0 0 0 0 0 0 0 0 0 0 0 4 0 4 0 7 0 30 6 14 17 40 31 49 115 278 121 159 119 176 152 185 146 226 128 206 264 315 297 368 337 385 405 418 461 430 419 406 384 336 250 262 171 140 78 76 

FirstWin:
0 0 0 0 0 0 0 0 0 0 0 0 0 0 0 0 0 0 0 0 0 0 0 0 0 0 0 0 0 0 0 0 0 0 0 0 0 4 0 4 0 7 0 30 0 14 0 40 0 49 0 278 0 159 0 176 0 185 0 226 0 206 0 315 0 368 0 385 0 418 0 430 0 406 0 336 0 262 0 140 0 76 
SAlphaB:
0 0 0 0 0 0 0 0 0 0 0 0 0 0 0 0 0 0 0 0 0 0 0 0 0 0 0 0 0 0 0 0 0 0 0 0 0 4 0 4 0 7 0 30 0 14 0 40 0 49 0 278 0 159 0 176 0 185 0 226 0 206 0 315 0 368 0 385 0 418 0 430 0 406 0 336 0 262 0 140 0 76 

SecondWin:
0 0 0 0 0 0 0 0 0 0 0 0 0 0 0 0 0 0 0 0 0 0 0 0 0 0 0 0 0 0 0 0 0 0 0 0 0 0 0 0 0 0 0 0 6 0 17 0 31 0 115 0 121 0 119 0 152 0 146 0 128 0 264 0 297 0 337 0 405 0 461 0 419 0 384 0 250 0 171 0 78 0 
SAlphaB:
0 0 0 0 0 0 0 0 0 0 0 0 0 0 0 0 0 0 0 0 0 0 0 0 0 0 0 0 0 0 0 0 0 0 0 0 0 0 0 0 0 0 0 0 6 0 17 0 31 0 115 0 121 0 119 0 152 0 146 0 128 0 264 0 297 0 337 0 405 0 461 0 419 0 384 0 250 0 171 0 78 0 
