0 34 44 89 -18 4 17 12

0 24 56 45 -1 1 17 13

0 70 81 59 -16 10 18 48

0 67 96 85 -11 1 44 12

0 60 99 65 -10 7 13 41

0 27 35 66 -13 1 6 13

0 29 77 96 -20 14 25 2

0 40 95 85 -8 7 13 42

0 43 87 48 -4 30 47 18

0 17 41 56 -18 0 1 47

0 60 62 27 -1 1 23 24

0 32 83 36 -6 4 5 35

0 35 56 40 -18 16 36 40

0 19 52 82 -17 2 8 10

0 42 77 50 -11 2 12 29

0 32 60 65 -16 12 32 20

0 41 69 89 -5 11 41 8

0 69 91 54 -15 3 17 16

0 28 38 85 -14 1 2 0

0 53 96 82 -10 1 43 4

0 73 76 19 -15 27 38 8

0 30 79 46 -4 17 23 0

0 34 48 21 -10 11 14 4

0 85 93 42 -15 9 42 15

0 31 78 23 -8 24 26 11

0 53 58 80 -8 4 9 1

0 26 37 17 -10 9 12 5

0 72 88 36 -11 20 28 41

0 32 44 55 -20 23 32 8

0 18 45 3 -11 9 16 1

0 5 72 7 -20 0 3 12

0 31 51 44 -10 3 4 10

0 45 81 24 -11 14 33 11

0 40 62 96 -12 0 1 9

0 53 99 38 -11 12 36 43

0 3 20 81 -17 8 10 9

0 14 70 16 -5 1 6 30

0 30 99 76 -13 39 48 38

0 28 72 99 -2 11 15 34

0 75 99 73 -6 23 41 7

0 29 75 43 -13 9 13 24

0 16 75 72 -1 1 6 15

0 20 91 51 -9 11 19 28

0 0 63 79 -17 1 5 1

0 48 55 94 -14 16 22 40

0 12 16 98 -8 10 14 1

0 48 56 75 -1 0 20 10

0 64 77 79 -8 0 1 47

0 9 26 18 -4 2 5 16

0 9 65 88 -9 12 28 40

0 51 67 25 -15 15 43 18

0 9 72 12 -20 21 41 22

0 65 80 8 -3 0 11 30

0 36 50 34 -12 19 33 5

0 44 50 87 -19 19 27 16

0 13 24 50 -20 1 5 20

0 71 95 14 -16 34 38 27

0 0 30 45 -17 38 49 44

0 50 58 39 -3 37 44 39

0 85 88 4 -13 0 9 45

0 11 33 44 -4 4 19 9

0 1 42 7 -11 30 38 41

0 44 63 9 -10 32 40 33

0 7 31 33 -6 4 5 48

0 14 40 79 -9 23 44 15

0 5 30 57 -14 12 19 28

0 37 41 40 -11 8 28 19

0 3 37 38 -11 1 11 1

0 25 56 10 -16 32 40 36

0 6 81 8 -5 6 32 32

0 3 18 66 -6 27 35 37

0 38 77 67 -10 30 36 38

0 7 28 45 -16 18 43 43

0 3 40 66 -11 6 21 33

0 13 65 46 -15 4 20 38

0 0 4 39 -14 26 32 40

0 9 83 36 -9 9 41 24

0 0 25 79 -4 2 5 34

0 2 29 44 -16 6 37 29

0 1 14 49 -6 2 3 19

0 2 22 98 -18 5 11 45

0 20 29 83 -1 28 43 35

0 6 8 12 -20 2 32 33

0 5 13 74 -8 2 7 34

0 22 26 53 -19 4 49 6

0 21 30 9 -16 11 30 3

0 11 46 14 -15 27 35 48

0 7 8 8 -5 8 18 20

0 2 3 52 -6 7 27 5

0 2 6 28 -14 36 40 31

0 4 8 73 -7 3 18 28

0 10 11 70 -15 0 1 28

0 15 18 14 -13 11 14 47

0 1 10 38 -17 2 7 49

0 0 6 99 -3 0 22 31

0 5 9 73 -6 2 27 42

0 0 9 7 -19 0 40 45

0 10 43 79 -3 2 38 23

0 9 11 80 -3 8 38 34

0 3 6 20 -8 0 2 31


SAlphaB: 705.0, std-dev 270.28769511635767

Earliest win: 35
Latest win: 81

WinDepth:
0 0 0 0 0 0 0 0 0 0 0 0 0 0 0 0 0 0 0 0 0 0 0 0 0 0 0 0 0 0 0 0 0 0 0 1 0 4 0 6 2 7 1 29 9 35 3 29 19 85 75 135 59 130 77 155 131 211 117 186 147 220 233 361 318 383 378 414 440 417 475 401 442 407 445 360 316 221 187 128 108 89 
SAlphaB:
0 0 0 0 0 0 0 0 0 0 0 0 0 0 0 0 0 0 0 0 0 0 0 0 0 0 0 0 0 0 0 0 0 0 0 1 0 4 0 6 2 7 1 29 9 35 3 29 19 85 75 135 59 130 77 155 131 211 117 186 147 220 233 361 318 383 378 414 440 417 475 401 442 407 445 360 316 221 187 128 108 89 

LossDepth:
SAlphaB:
0 0 0 0 0 0 0 0 0 0 0 0 0 0 0 0 0 0 0 0 0 0 0 0 0 0 0 0 0 0 0 0 0 0 0 1 0 4 0 6 2 7 1 29 9 35 3 29 19 85 75 135 59 130 77 155 131 211 117 186 147 220 233 361 318 383 378 414 440 417 475 401 442 407 445 360 316 221 187 128 108 89 

FirstWin:
0 0 0 0 0 0 0 0 0 0 0 0 0 0 0 0 0 0 0 0 0 0 0 0 0 0 0 0 0 0 0 0 0 0 0 1 0 4 0 6 0 7 0 29 0 35 0 29 0 85 0 135 0 130 0 155 0 211 0 186 0 220 0 361 0 383 0 414 0 417 0 401 0 407 0 360 0 221 0 128 0 89 
SAlphaB:
0 0 0 0 0 0 0 0 0 0 0 0 0 0 0 0 0 0 0 0 0 0 0 0 0 0 0 0 0 0 0 0 0 0 0 1 0 4 0 6 0 7 0 29 0 35 0 29 0 85 0 135 0 130 0 155 0 211 0 186 0 220 0 361 0 383 0 414 0 417 0 401 0 407 0 360 0 221 0 128 0 89 

SecondWin:
0 0 0 0 0 0 0 0 0 0 0 0 0 0 0 0 0 0 0 0 0 0 0 0 0 0 0 0 0 0 0 0 0 0 0 0 0 0 0 0 2 0 1 0 9 0 3 0 19 0 75 0 59 0 77 0 131 0 117 0 147 0 233 0 318 0 378 0 440 0 475 0 442 0 445 0 316 0 187 0 108 0 
SAlphaB:
0 0 0 0 0 0 0 0 0 0 0 0 0 0 0 0 0 0 0 0 0 0 0 0 0 0 0 0 0 0 0 0 0 0 0 0 0 0 0 0 2 0 1 0 9 0 3 0 19 0 75 0 59 0 77 0 131 0 117 0 147 0 233 0 318 0 378 0 440 0 475 0 442 0 445 0 316 0 187 0 108 0 
