0 53 99 31 -13 2 8 20

0 28 90 30 -16 2 15 5

0 29 90 12 -19 0 1 13

0 39 59 50 -19 1 3 27

0 69 97 56 -17 12 26 21

0 53 83 44 -20 9 11 40

0 24 41 72 -8 7 11 21

0 2 31 80 -18 6 11 17

0 20 54 79 -17 0 1 1

0 31 61 90 -6 5 31 11

0 10 97 97 -13 1 27 1

0 8 72 54 -14 0 2 7

0 28 56 70 -1 14 21 15

0 86 87 33 -9 5 16 33

0 68 71 50 -20 0 1 8

0 57 69 17 -8 1 3 6

0 14 15 97 -3 2 5 22

0 12 93 9 -12 28 49 6

0 89 96 79 -2 17 30 23

0 26 47 80 -8 14 37 5

0 39 91 31 -2 5 8 34

0 36 75 6 -20 13 23 20

0 71 88 67 -6 4 8 30

0 88 95 77 -5 11 21 39

0 46 48 64 -6 2 16 32

0 47 85 73 -9 0 9 32

0 46 75 12 -6 5 23 42

0 38 78 21 -15 5 36 15

0 63 65 91 -12 15 20 48

0 55 69 98 -19 14 21 24

0 25 41 4 -7 9 24 1

0 26 92 63 -15 4 46 16

0 60 73 45 -10 11 31 15

0 9 55 26 -13 5 27 13

0 6 69 70 -9 16 26 20

0 9 69 71 -17 41 49 18

0 36 92 18 -10 28 31 35

0 31 78 14 -15 9 26 48

0 19 91 43 -19 2 18 9

0 19 65 11 -9 10 20 4

0 16 22 9 -4 0 16 1

0 89 98 87 -4 5 9 49

0 27 56 56 -1 0 2 6

0 39 55 47 -10 1 2 17

0 8 13 77 -11 2 7 18

0 13 45 13 -19 13 29 9

0 0 83 89 -14 6 29 20

0 24 29 91 -18 16 43 26

0 86 91 85 -17 43 46 15

0 37 40 73 -8 8 33 20

0 65 72 50 -12 29 38 23

0 25 86 9 -13 7 34 24

0 24 51 13 -18 17 25 8

0 75 83 58 -19 0 11 32

0 26 84 61 -14 15 20 8

0 14 33 60 -4 23 49 30

0 13 38 91 -14 7 8 4

0 47 73 39 -20 18 20 46

0 29 30 98 -8 40 45 25

0 46 64 95 -13 7 45 38

0 10 11 56 -8 0 5 27

0 14 21 66 -4 0 2 12

0 3 8 89 -8 19 24 46

0 41 46 54 -8 15 23 5

0 3 13 20 -18 3 5 23

0 14 25 86 -8 1 10 38

0 23 34 13 -12 10 17 38

0 23 47 44 -4 2 27 45

0 74 83 23 -20 44 45 38

0 12 18 88 -18 16 30 15

0 8 71 78 -13 7 29 25

0 5 6 79 -19 8 23 30

0 24 26 94 -4 8 39 14

0 17 73 30 -10 12 17 46

0 1 2 14 -9 4 7 27

0 21 29 9 -13 12 13 18

0 9 25 63 -19 6 32 11

0 5 31 67 -4 14 32 44

0 5 12 95 -12 0 1 10

0 1 2 36 -1 13 24 11

0 12 16 31 -9 2 28 23

0 49 66 48 -9 24 34 5

0 10 27 96 -7 5 8 26

0 0 1 88 -20 0 2 28

0 2 3 59 -8 10 36 48

0 3 6 8 -5 3 5 25

0 6 14 18 -20 27 29 14

0 0 24 6 -10 38 40 15

0 7 51 22 -15 26 35 48

0 1 2 67 -13 1 2 6

0 3 4 3 -5 16 30 24

0 0 4 35 -19 1 11 34

0 3 19 99 -13 33 44 10

0 6 7 90 -6 20 45 41

0 2 8 17 -1 18 26 28

0 1 2 52 -14 3 35 5

0 1 2 73 -17 3 7 37

0 2 62 84 -1 7 41 46

0 12 13 34 -14 2 49 36

0 1 7 30 -1 2 8 33


SAlphaB: 706.0, std-dev 265.7573639904481

Earliest win: 37
Latest win: 81

WinDepth:
0 0 0 0 0 0 0 0 0 0 0 0 0 0 0 0 0 0 0 0 0 0 0 0 0 0 0 0 0 0 0 0 0 0 0 0 0 10 1 7 1 7 0 22 11 28 15 61 37 79 70 163 81 117 101 134 127 215 145 194 187 244 249 318 327 305 423 368 440 418 449 497 434 420 342 391 278 247 161 140 97 71 
SAlphaB:
0 0 0 0 0 0 0 0 0 0 0 0 0 0 0 0 0 0 0 0 0 0 0 0 0 0 0 0 0 0 0 0 0 0 0 0 0 10 1 7 1 7 0 22 11 28 15 61 37 79 70 163 81 117 101 134 127 215 145 194 187 244 249 318 327 305 423 368 440 418 449 497 434 420 342 391 278 247 161 140 97 71 

LossDepth:
SAlphaB:
0 0 0 0 0 0 0 0 0 0 0 0 0 0 0 0 0 0 0 0 0 0 0 0 0 0 0 0 0 0 0 0 0 0 0 0 0 10 1 7 1 7 0 22 11 28 15 61 37 79 70 163 81 117 101 134 127 215 145 194 187 244 249 318 327 305 423 368 440 418 449 497 434 420 342 391 278 247 161 140 97 71 

FirstWin:
0 0 0 0 0 0 0 0 0 0 0 0 0 0 0 0 0 0 0 0 0 0 0 0 0 0 0 0 0 0 0 0 0 0 0 0 0 10 0 7 0 7 0 22 0 28 0 61 0 79 0 163 0 117 0 134 0 215 0 194 0 244 0 318 0 305 0 368 0 418 0 497 0 420 0 391 0 247 0 140 0 71 
SAlphaB:
0 0 0 0 0 0 0 0 0 0 0 0 0 0 0 0 0 0 0 0 0 0 0 0 0 0 0 0 0 0 0 0 0 0 0 0 0 10 0 7 0 7 0 22 0 28 0 61 0 79 0 163 0 117 0 134 0 215 0 194 0 244 0 318 0 305 0 368 0 418 0 497 0 420 0 391 0 247 0 140 0 71 

SecondWin:
0 0 0 0 0 0 0 0 0 0 0 0 0 0 0 0 0 0 0 0 0 0 0 0 0 0 0 0 0 0 0 0 0 0 0 0 0 0 1 0 1 0 0 0 11 0 15 0 37 0 70 0 81 0 101 0 127 0 145 0 187 0 249 0 327 0 423 0 440 0 449 0 434 0 342 0 278 0 161 0 97 0 
SAlphaB:
0 0 0 0 0 0 0 0 0 0 0 0 0 0 0 0 0 0 0 0 0 0 0 0 0 0 0 0 0 0 0 0 0 0 0 0 0 0 1 0 1 0 0 0 11 0 15 0 37 0 70 0 81 0 101 0 127 0 145 0 187 0 249 0 327 0 423 0 440 0 449 0 434 0 342 0 278 0 161 0 97 0 
