0 65 87 68 -6 8 24 2

0 36 84 33 -13 2 17 16

0 36 50 82 -12 3 14 9

0 33 59 86 -15 2 22 34

0 56 91 22 -2 7 23 25

0 25 96 86 -14 2 19 13

0 49 52 94 -13 12 29 11

0 30 81 57 -19 39 49 27

0 29 64 11 -17 0 2 39

0 35 78 1 -2 1 25 21

0 34 93 98 -8 6 43 39

0 32 74 77 -9 14 16 48

0 63 66 85 -1 23 24 29

0 53 91 35 -17 19 24 41

0 58 63 54 -18 15 17 10

0 16 77 0 -1 5 11 40

0 65 75 20 -1 10 37 17

0 48 62 36 -7 1 14 32

0 3 86 72 -11 11 12 11

0 43 51 31 -6 16 22 28

0 60 91 85 -17 27 39 28

0 38 76 46 -2 12 14 33

0 13 36 88 -14 3 9 30

0 53 65 54 -13 16 18 32

0 6 12 29 -8 6 9 4

0 24 54 46 -13 2 14 44

0 53 85 89 -4 18 22 20

0 32 65 43 -20 2 31 24

0 46 72 80 -11 3 14 43

0 78 84 61 -20 27 45 37

0 31 34 65 -2 14 40 43

0 28 46 60 -1 1 6 20

0 4 55 75 -9 3 23 14

0 40 63 75 -18 16 21 24

0 60 79 66 -15 21 44 33

0 19 39 54 -16 16 43 22

0 64 66 12 -1 8 48 43

0 62 79 47 -17 34 37 40

0 26 59 35 -10 13 15 3

0 8 19 67 -5 10 21 23

0 11 22 96 -4 6 14 43

0 6 87 22 -4 1 23 11

0 13 23 54 -14 30 31 12

0 16 28 47 -10 13 23 0

0 32 77 72 -6 0 2 13

0 1 62 62 -18 14 26 34

0 21 24 69 -11 1 12 30

0 29 34 87 -14 19 41 9

0 6 9 37 -9 2 6 10

0 38 86 58 -4 17 33 6

0 74 92 95 -14 0 7 11

0 8 87 18 -7 5 36 9

0 33 63 89 -3 40 43 44

0 14 50 15 -17 6 10 48

0 69 99 63 -6 43 45 23

0 0 33 64 -11 0 1 37

0 37 39 4 -13 21 29 34

0 7 27 14 -4 13 24 6

0 11 75 92 -8 44 47 49

0 25 51 19 -14 25 26 2

0 38 42 44 -14 1 7 49

0 23 28 60 -9 34 43 49

0 31 51 8 -14 8 19 40

0 5 8 85 -15 21 47 25

0 26 47 15 -8 11 16 45

0 36 74 59 -4 44 46 31

0 5 54 15 -17 1 27 40

0 0 20 46 -15 20 23 25

0 3 78 40 -14 26 37 2

0 9 46 44 -14 6 28 14

0 28 37 67 -19 23 49 23

0 21 61 59 -7 5 31 25

0 1 25 96 -3 1 37 18

0 13 14 15 -6 8 12 32

0 1 24 18 -6 36 45 10

0 5 37 94 -15 1 21 29

0 3 53 34 -8 16 21 46

0 12 37 7 -13 19 41 25

0 26 33 71 -6 23 43 36

0 2 9 28 -12 16 33 25

0 3 7 68 -11 14 46 17

0 7 23 77 -17 20 29 4

0 15 46 53 -3 32 42 49

0 16 61 5 -12 1 35 41

0 0 25 56 -14 9 45 17

0 1 4 3 -18 10 26 19

0 2 6 79 -10 34 44 33

0 5 6 61 -13 5 30 5

0 11 19 3 -1 34 49 36

0 1 13 98 -12 0 2 38

0 3 10 32 -10 0 16 20

0 6 25 8 -10 0 9 48

0 2 3 20 -14 11 36 48

0 6 17 97 -7 3 18 49

0 2 4 93 -7 1 32 12

0 15 16 62 -9 0 46 9

0 0 10 47 -18 17 30 45

0 1 4 69 -8 1 48 25

0 0 51 13 -17 23 36 0

0 6 8 21 -5 1 14 44


SAlphaB: 721.0, std-dev 286.0787391610918

Earliest win: 37
Latest win: 81

WinDepth:
0 0 0 0 0 0 0 0 0 0 0 0 0 0 0 0 0 0 0 0 0 0 0 0 0 0 0 0 0 0 0 0 0 0 0 0 0 15 0 4 1 7 1 21 13 17 19 28 53 79 83 186 77 116 115 178 123 181 118 166 160 232 267 279 349 344 393 382 471 421 426 412 443 376 405 358 286 241 181 120 98 64 
SAlphaB:
0 0 0 0 0 0 0 0 0 0 0 0 0 0 0 0 0 0 0 0 0 0 0 0 0 0 0 0 0 0 0 0 0 0 0 0 0 15 0 4 1 7 1 21 13 17 19 28 53 79 83 186 77 116 115 178 123 181 118 166 160 232 267 279 349 344 393 382 471 421 426 412 443 376 405 358 286 241 181 120 98 64 

LossDepth:
SAlphaB:
0 0 0 0 0 0 0 0 0 0 0 0 0 0 0 0 0 0 0 0 0 0 0 0 0 0 0 0 0 0 0 0 0 0 0 0 0 15 0 4 1 7 1 21 13 17 19 28 53 79 83 186 77 116 115 178 123 181 118 166 160 232 267 279 349 344 393 382 471 421 426 412 443 376 405 358 286 241 181 120 98 64 

FirstWin:
0 0 0 0 0 0 0 0 0 0 0 0 0 0 0 0 0 0 0 0 0 0 0 0 0 0 0 0 0 0 0 0 0 0 0 0 0 15 0 4 0 7 0 21 0 17 0 28 0 79 0 186 0 116 0 178 0 181 0 166 0 232 0 279 0 344 0 382 0 421 0 412 0 376 0 358 0 241 0 120 0 64 
SAlphaB:
0 0 0 0 0 0 0 0 0 0 0 0 0 0 0 0 0 0 0 0 0 0 0 0 0 0 0 0 0 0 0 0 0 0 0 0 0 15 0 4 0 7 0 21 0 17 0 28 0 79 0 186 0 116 0 178 0 181 0 166 0 232 0 279 0 344 0 382 0 421 0 412 0 376 0 358 0 241 0 120 0 64 

SecondWin:
0 0 0 0 0 0 0 0 0 0 0 0 0 0 0 0 0 0 0 0 0 0 0 0 0 0 0 0 0 0 0 0 0 0 0 0 0 0 0 0 1 0 1 0 13 0 19 0 53 0 83 0 77 0 115 0 123 0 118 0 160 0 267 0 349 0 393 0 471 0 426 0 443 0 405 0 286 0 181 0 98 0 
SAlphaB:
0 0 0 0 0 0 0 0 0 0 0 0 0 0 0 0 0 0 0 0 0 0 0 0 0 0 0 0 0 0 0 0 0 0 0 0 0 0 0 0 1 0 1 0 13 0 19 0 53 0 83 0 77 0 115 0 123 0 118 0 160 0 267 0 349 0 393 0 471 0 426 0 443 0 405 0 286 0 181 0 98 0 
