0 23 31 76 -8 15 19 14

0 1 50 95 -17 11 31 35

0 56 79 20 -20 6 21 11

0 34 77 53 -17 5 12 7

0 37 43 80 -2 11 27 18

0 69 84 75 -2 2 32 9

0 62 80 65 -18 7 14 29

0 71 85 3 -7 5 20 20

0 3 93 17 -17 4 13 2

0 43 58 25 -13 2 23 23

0 38 41 27 -3 0 21 12

0 48 79 60 -17 0 7 14

0 3 16 55 -13 10 13 10

0 36 38 33 -4 5 28 5

0 27 56 28 -4 14 44 38

0 25 59 55 -15 10 18 46

0 30 36 76 -4 9 30 43

0 11 41 45 -15 7 17 13

0 46 88 32 -1 3 7 40

0 0 70 57 -17 4 31 26

0 22 42 69 -10 8 18 12

0 2 15 50 -4 3 13 9

0 41 49 69 -10 1 3 27

0 8 41 86 -4 3 23 7

0 39 53 77 -4 1 7 30

0 25 29 33 -11 5 8 31

0 51 64 6 -15 0 2 35

0 22 26 2 -5 10 31 29

0 73 74 9 -13 30 44 41

0 55 68 19 -12 2 3 18

0 46 57 31 -20 10 19 36

0 15 37 84 -11 12 17 20

0 20 24 57 -3 12 15 4

0 40 64 73 -14 0 6 49

0 43 90 54 -13 20 30 5

0 1 27 5 -3 7 29 23

0 1 73 19 -8 6 36 5

0 34 46 27 -19 9 19 31

0 89 98 73 -7 2 9 23

0 8 79 33 -20 0 4 39

0 32 46 33 -13 10 31 16

0 26 50 42 -9 13 18 12

0 3 73 97 -6 43 48 45

0 31 68 4 -18 44 47 11

0 40 43 45 -12 10 34 45

0 10 38 21 -19 19 46 32

0 49 66 35 -2 20 24 37

0 46 84 53 -19 33 45 16

0 21 38 97 -10 14 30 49

0 12 69 14 -2 26 29 25

0 4 55 10 -18 15 40 3

0 78 86 54 -3 26 35 31

0 3 97 13 -13 16 30 6

0 8 23 88 -18 0 1 24

0 9 25 34 -1 1 2 24

0 5 84 2 -19 38 39 18

0 17 48 16 -19 34 44 17

0 26 83 81 -19 31 38 8

0 34 82 83 -1 5 13 47

0 13 16 65 -14 8 19 30

0 58 64 34 -15 33 43 38

0 35 46 87 -6 16 34 43

0 2 17 62 -11 20 32 11

0 3 12 48 -4 34 47 22

0 20 36 81 -7 30 45 45

0 16 64 22 -14 20 38 49

0 43 54 11 -4 6 10 28

0 14 23 47 -20 21 38 31

0 3 26 63 -16 22 25 46

0 1 65 99 -1 25 29 3

0 43 58 56 -20 34 36 17

0 37 43 21 -17 17 23 2

0 0 8 38 -20 15 46 36

0 1 20 69 -19 4 48 11

0 17 51 36 -8 11 21 39

0 31 32 81 -2 24 26 5

0 16 40 51 -9 7 47 8

0 0 19 15 -5 0 16 21

0 9 94 5 -10 31 32 40

0 7 19 67 -9 28 47 35

0 37 50 22 -20 9 48 4

0 21 53 31 -4 15 23 39

0 24 74 4 -15 22 36 36

0 5 68 46 -13 3 7 46

0 6 22 28 -2 7 15 39

0 13 19 88 -4 26 38 10

0 1 2 46 -13 10 17 36

0 4 10 11 -18 19 32 22

0 1 5 71 -7 6 45 26

0 18 19 77 -8 1 46 38

0 0 1 40 -14 14 45 19

0 16 33 18 -19 0 47 28

0 0 1 27 -9 0 1 36

0 6 16 78 -7 3 48 33

0 6 13 3 -15 21 34 39

0 5 10 36 -4 17 42 26

0 0 1 10 -2 4 11 28

0 4 13 69 -5 1 9 45

0 0 3 45 -6 2 4 29

0 0 3 34 -18 1 5 49


SAlphaB: 715.0, std-dev 268.2859941302651

Earliest win: 37
Latest win: 81

WinDepth:
0 0 0 0 0 0 0 0 0 0 0 0 0 0 0 0 0 0 0 0 0 0 0 0 0 0 0 0 0 0 0 0 0 0 0 0 0 6 1 3 36 2 1 25 28 24 9 30 41 79 94 212 86 129 75 153 110 190 129 184 145 226 203 388 268 410 364 343 431 404 424 428 432 391 384 389 250 219 175 144 115 79 
SAlphaB:
0 0 0 0 0 0 0 0 0 0 0 0 0 0 0 0 0 0 0 0 0 0 0 0 0 0 0 0 0 0 0 0 0 0 0 0 0 6 1 3 36 2 1 25 28 24 9 30 41 79 94 212 86 129 75 153 110 190 129 184 145 226 203 388 268 410 364 343 431 404 424 428 432 391 384 389 250 219 175 144 115 79 

LossDepth:
SAlphaB:
0 0 0 0 0 0 0 0 0 0 0 0 0 0 0 0 0 0 0 0 0 0 0 0 0 0 0 0 0 0 0 0 0 0 0 0 0 6 1 3 36 2 1 25 28 24 9 30 41 79 94 212 86 129 75 153 110 190 129 184 145 226 203 388 268 410 364 343 431 404 424 428 432 391 384 389 250 219 175 144 115 79 

FirstWin:
0 0 0 0 0 0 0 0 0 0 0 0 0 0 0 0 0 0 0 0 0 0 0 0 0 0 0 0 0 0 0 0 0 0 0 0 0 6 0 3 0 2 0 25 0 24 0 30 0 79 0 212 0 129 0 153 0 190 0 184 0 226 0 388 0 410 0 343 0 404 0 428 0 391 0 389 0 219 0 144 0 79 
SAlphaB:
0 0 0 0 0 0 0 0 0 0 0 0 0 0 0 0 0 0 0 0 0 0 0 0 0 0 0 0 0 0 0 0 0 0 0 0 0 6 0 3 0 2 0 25 0 24 0 30 0 79 0 212 0 129 0 153 0 190 0 184 0 226 0 388 0 410 0 343 0 404 0 428 0 391 0 389 0 219 0 144 0 79 

SecondWin:
0 0 0 0 0 0 0 0 0 0 0 0 0 0 0 0 0 0 0 0 0 0 0 0 0 0 0 0 0 0 0 0 0 0 0 0 0 0 1 0 36 0 1 0 28 0 9 0 41 0 94 0 86 0 75 0 110 0 129 0 145 0 203 0 268 0 364 0 431 0 424 0 432 0 384 0 250 0 175 0 115 0 
SAlphaB:
0 0 0 0 0 0 0 0 0 0 0 0 0 0 0 0 0 0 0 0 0 0 0 0 0 0 0 0 0 0 0 0 0 0 0 0 0 0 1 0 36 0 1 0 28 0 9 0 41 0 94 0 86 0 75 0 110 0 129 0 145 0 203 0 268 0 364 0 431 0 424 0 432 0 384 0 250 0 175 0 115 0 
