0 54 90 63 -12 6 13 4

0 44 62 69 -9 4 24 25

0 53 82 52 -7 2 12 23

0 40 90 47 -13 3 24 42

0 30 64 88 -7 5 18 3

0 46 81 81 -15 10 25 45

0 17 70 51 -2 8 9 27

0 66 88 41 -5 3 36 44

0 44 86 57 -19 0 10 20

0 31 67 89 -9 2 3 17

0 67 91 39 -15 3 31 19

0 39 99 69 -14 4 40 30

0 5 21 90 -2 0 1 0

0 48 98 22 -4 5 19 34

0 69 98 51 -19 7 13 33

0 14 81 75 -16 8 14 12

0 69 85 91 -18 1 11 1

0 62 99 57 -1 3 8 32

0 61 80 77 -2 2 6 32

0 9 60 74 -9 9 18 6

0 40 49 74 -18 3 28 19

0 32 95 61 -12 0 16 48

0 89 91 50 -17 2 10 17

0 20 32 14 -2 3 16 6

0 50 61 17 -18 0 5 7

0 80 92 9 -10 11 28 23

0 25 71 63 -3 5 26 36

0 58 91 75 -3 6 11 15

0 10 96 48 -1 8 11 37

0 34 66 43 -1 18 28 39

0 92 96 84 -10 4 17 23

0 10 19 49 -11 2 7 12

0 38 96 18 -6 9 15 43

0 26 59 9 -19 6 7 41

0 48 58 58 -10 2 18 45

0 11 49 61 -4 1 4 35

0 37 61 32 -14 0 1 38

0 9 17 81 -18 0 1 1

0 27 38 89 -7 37 39 4

0 8 73 34 -7 2 17 36

0 69 94 44 -5 22 34 36

0 16 89 58 -3 4 25 43

0 1 31 57 -3 10 14 10

0 19 80 16 -7 0 45 6

0 43 63 89 -8 0 5 49

0 10 67 5 -2 3 32 2

0 10 26 50 -16 4 6 6

0 16 85 90 -1 0 18 37

0 16 60 93 -10 11 20 25

0 41 65 20 -1 5 23 47

0 43 88 98 -15 20 30 14

0 8 74 4 -8 14 24 38

0 10 86 1 -18 8 29 29

0 30 88 45 -2 8 38 28

0 16 21 79 -6 15 32 36

0 41 67 21 -7 16 49 6

0 1 23 32 -16 20 36 9

0 30 52 34 -20 21 24 28

0 23 80 72 -1 24 35 3

0 0 37 84 -16 24 29 48

0 3 12 41 -8 36 45 34

0 16 25 75 -15 7 18 10

0 16 19 17 -6 8 13 29

0 10 33 35 -9 14 40 33

0 8 63 14 -6 2 37 1

0 13 60 49 -6 25 28 24

0 29 57 35 -9 25 41 24

0 3 38 32 -20 3 11 25

0 16 37 41 -19 32 45 37

0 39 50 4 -14 8 49 0

0 53 57 93 -3 43 47 33

0 7 24 77 -17 13 41 35

0 43 47 40 -7 1 33 47

0 10 61 56 -3 2 27 12

0 22 28 46 -16 4 9 47

0 11 20 52 -6 28 35 47

0 27 56 87 -6 6 42 18

0 9 15 12 -10 0 1 34

0 76 96 22 -3 29 40 44

0 0 1 85 -11 42 48 47

0 26 35 26 -9 16 25 35

0 3 27 14 -20 6 19 17

0 0 13 84 -3 33 34 9

0 10 28 4 -8 7 22 34

0 38 87 39 -11 29 31 25

0 24 78 33 -8 25 41 40

0 1 34 39 -16 39 45 47

0 1 16 40 -9 21 23 12

0 20 31 66 -2 2 31 32

0 0 24 77 -17 8 16 17

0 18 33 44 -18 16 17 33

0 2 3 36 -10 19 25 10

0 27 71 27 -3 8 44 33

0 1 4 67 -15 20 47 30

0 4 20 36 -1 10 48 48

0 1 5 9 -14 16 18 3

0 5 21 51 -1 12 39 21

0 1 8 37 -4 27 36 17

0 59 76 62 -18 31 35 37

0 7 13 57 -16 24 39 49


SAlphaB: 726.0, std-dev 264.55198120138084

Earliest win: 36
Latest win: 81

WinDepth:
0 0 0 0 0 0 0 0 0 0 0 0 0 0 0 0 0 0 0 0 0 0 0 0 0 0 0 0 0 0 0 0 0 0 0 0 1 3 1 0 10 7 5 7 14 9 19 60 33 55 52 200 76 96 92 177 140 211 133 176 152 243 201 341 318 381 388 420 411 408 452 446 415 377 411 344 275 240 186 144 91 77 
SAlphaB:
0 0 0 0 0 0 0 0 0 0 0 0 0 0 0 0 0 0 0 0 0 0 0 0 0 0 0 0 0 0 0 0 0 0 0 0 1 3 1 0 10 7 5 7 14 9 19 60 33 55 52 200 76 96 92 177 140 211 133 176 152 243 201 341 318 381 388 420 411 408 452 446 415 377 411 344 275 240 186 144 91 77 

LossDepth:
SAlphaB:
0 0 0 0 0 0 0 0 0 0 0 0 0 0 0 0 0 0 0 0 0 0 0 0 0 0 0 0 0 0 0 0 0 0 0 0 1 3 1 0 10 7 5 7 14 9 19 60 33 55 52 200 76 96 92 177 140 211 133 176 152 243 201 341 318 381 388 420 411 408 452 446 415 377 411 344 275 240 186 144 91 77 

FirstWin:
0 0 0 0 0 0 0 0 0 0 0 0 0 0 0 0 0 0 0 0 0 0 0 0 0 0 0 0 0 0 0 0 0 0 0 0 0 3 0 0 0 7 0 7 0 9 0 60 0 55 0 200 0 96 0 177 0 211 0 176 0 243 0 341 0 381 0 420 0 408 0 446 0 377 0 344 0 240 0 144 0 77 
SAlphaB:
0 0 0 0 0 0 0 0 0 0 0 0 0 0 0 0 0 0 0 0 0 0 0 0 0 0 0 0 0 0 0 0 0 0 0 0 0 3 0 0 0 7 0 7 0 9 0 60 0 55 0 200 0 96 0 177 0 211 0 176 0 243 0 341 0 381 0 420 0 408 0 446 0 377 0 344 0 240 0 144 0 77 

SecondWin:
0 0 0 0 0 0 0 0 0 0 0 0 0 0 0 0 0 0 0 0 0 0 0 0 0 0 0 0 0 0 0 0 0 0 0 0 1 0 1 0 10 0 5 0 14 0 19 0 33 0 52 0 76 0 92 0 140 0 133 0 152 0 201 0 318 0 388 0 411 0 452 0 415 0 411 0 275 0 186 0 91 0 
SAlphaB:
0 0 0 0 0 0 0 0 0 0 0 0 0 0 0 0 0 0 0 0 0 0 0 0 0 0 0 0 0 0 0 0 0 0 0 0 1 0 1 0 10 0 5 0 14 0 19 0 33 0 52 0 76 0 92 0 140 0 133 0 152 0 201 0 318 0 388 0 411 0 452 0 415 0 411 0 275 0 186 0 91 0 
