0 25 57 52 -6 0 7 13

0 34 47 22 -17 0 2 29

0 66 74 60 -13 2 4 25

0 53 82 28 -11 7 8 19

0 90 97 52 -18 3 41 21

0 15 75 87 -9 1 2 10

0 87 92 96 -10 8 16 34

0 51 85 38 -14 5 13 15

0 55 94 1 -13 20 47 42

0 17 58 44 -2 2 15 13

0 20 62 30 -12 2 3 33

0 56 92 38 -19 2 9 25

0 85 93 25 -18 1 21 47

0 2 95 54 -18 1 2 17

0 90 99 35 -17 7 10 12

0 2 73 25 -3 8 10 5

0 32 82 38 -9 7 10 26

0 5 44 3 -8 0 1 16

0 23 59 67 -8 4 15 34

0 66 89 86 -2 19 44 18

0 52 90 68 -2 5 8 43

0 63 64 20 -6 0 1 13

0 10 54 35 -20 0 1 33

0 56 79 69 -13 1 40 25

0 34 50 11 -15 9 19 24

0 45 78 24 -20 17 40 47

0 69 90 94 -1 3 9 11

0 22 54 31 -7 0 5 24

0 4 71 18 -2 31 46 11

0 12 98 63 -14 2 14 27

0 33 80 65 -2 3 10 37

0 73 94 20 -7 26 35 23

0 61 76 65 -8 24 48 31

0 3 46 98 -14 21 43 20

0 55 83 17 -1 34 40 44

0 11 45 50 -11 15 18 23

0 2 33 14 -15 27 28 5

0 22 36 90 -6 0 3 30

0 30 82 39 -9 7 8 33

0 24 82 73 -5 2 8 42

0 39 52 19 -12 14 25 26

0 2 55 46 -19 0 29 36

0 50 58 2 -9 1 7 33

0 16 59 40 -9 2 5 43

0 15 54 34 -2 2 3 39

0 33 43 42 -18 38 46 44

0 18 75 59 -1 19 42 41

0 73 74 7 -4 30 32 36

0 29 76 94 -16 7 35 48

0 58 95 99 -8 40 44 11

0 22 74 14 -9 19 35 3

0 60 78 46 -2 36 44 3

0 14 55 57 -14 29 45 7

0 21 25 83 -20 8 9 21

0 30 35 27 -12 0 27 9

0 11 35 8 -20 28 29 7

0 2 39 53 -2 2 3 11

0 26 57 74 -5 0 45 15

0 12 19 44 -11 14 37 13

0 22 35 93 -2 23 32 48

0 6 39 77 -3 36 47 13

0 35 48 13 -1 31 33 48

0 3 38 94 -11 3 10 49

0 5 49 25 -5 10 11 49

0 0 18 20 -15 3 7 2

0 1 2 22 -14 0 2 12

0 0 1 89 -5 28 34 22

0 6 14 63 -6 3 24 36

0 4 8 36 -16 1 4 5

0 23 25 77 -6 36 41 23

0 26 32 20 -14 6 27 4

0 7 8 30 -12 25 30 20

0 0 2 53 -16 12 30 36

0 10 42 47 -2 27 40 0

0 4 11 85 -6 0 1 33

0 28 32 1 -4 13 15 47

0 0 3 9 -11 17 23 16

0 0 42 90 -7 1 4 36

0 7 26 50 -14 3 36 0

0 3 33 45 -15 3 19 45

0 29 34 53 -3 28 39 38

0 11 15 40 -13 9 21 35

0 7 19 40 -13 33 46 5

0 22 40 10 -16 6 43 23

0 1 3 64 -18 8 18 12

0 2 16 7 -19 2 4 38

0 15 30 49 -16 1 41 42

0 6 33 31 -11 9 29 47

0 2 3 42 -11 18 32 36

0 10 28 90 -20 32 46 0

0 11 14 22 -3 9 36 40

0 1 4 28 -12 2 9 7

0 0 2 36 -1 3 17 6

0 8 24 30 -12 21 42 35

0 2 7 9 -19 3 11 20

0 0 19 72 -12 1 24 39

0 6 8 43 -13 5 26 48

0 5 9 54 -8 13 36 45

0 5 24 10 -1 7 10 46

0 7 8 4 -16 11 16 48


SAlphaB: 703.0, std-dev 262.0269086536455

Earliest win: 37
Latest win: 81

WinDepth:
0 0 0 0 0 0 0 0 0 0 0 0 0 0 0 0 0 0 0 0 0 0 0 0 0 0 0 0 0 0 0 0 0 0 0 0 0 1 1 4 3 5 2 14 8 31 13 25 35 39 52 159 127 101 100 184 122 188 155 165 182 204 244 355 308 398 370 380 469 414 378 415 410 411 417 378 266 251 190 142 129 90 
SAlphaB:
0 0 0 0 0 0 0 0 0 0 0 0 0 0 0 0 0 0 0 0 0 0 0 0 0 0 0 0 0 0 0 0 0 0 0 0 0 1 1 4 3 5 2 14 8 31 13 25 35 39 52 159 127 101 100 184 122 188 155 165 182 204 244 355 308 398 370 380 469 414 378 415 410 411 417 378 266 251 190 142 129 90 

LossDepth:
SAlphaB:
0 0 0 0 0 0 0 0 0 0 0 0 0 0 0 0 0 0 0 0 0 0 0 0 0 0 0 0 0 0 0 0 0 0 0 0 0 1 1 4 3 5 2 14 8 31 13 25 35 39 52 159 127 101 100 184 122 188 155 165 182 204 244 355 308 398 370 380 469 414 378 415 410 411 417 378 266 251 190 142 129 90 

FirstWin:
0 0 0 0 0 0 0 0 0 0 0 0 0 0 0 0 0 0 0 0 0 0 0 0 0 0 0 0 0 0 0 0 0 0 0 0 0 1 0 4 0 5 0 14 0 31 0 25 0 39 0 159 0 101 0 184 0 188 0 165 0 204 0 355 0 398 0 380 0 414 0 415 0 411 0 378 0 251 0 142 0 90 
SAlphaB:
0 0 0 0 0 0 0 0 0 0 0 0 0 0 0 0 0 0 0 0 0 0 0 0 0 0 0 0 0 0 0 0 0 0 0 0 0 1 0 4 0 5 0 14 0 31 0 25 0 39 0 159 0 101 0 184 0 188 0 165 0 204 0 355 0 398 0 380 0 414 0 415 0 411 0 378 0 251 0 142 0 90 

SecondWin:
0 0 0 0 0 0 0 0 0 0 0 0 0 0 0 0 0 0 0 0 0 0 0 0 0 0 0 0 0 0 0 0 0 0 0 0 0 0 1 0 3 0 2 0 8 0 13 0 35 0 52 0 127 0 100 0 122 0 155 0 182 0 244 0 308 0 370 0 469 0 378 0 410 0 417 0 266 0 190 0 129 0 
SAlphaB:
0 0 0 0 0 0 0 0 0 0 0 0 0 0 0 0 0 0 0 0 0 0 0 0 0 0 0 0 0 0 0 0 0 0 0 0 0 0 1 0 3 0 2 0 8 0 13 0 35 0 52 0 127 0 100 0 122 0 155 0 182 0 244 0 308 0 370 0 469 0 378 0 410 0 417 0 266 0 190 0 129 0 
