0 20 63 21 -15 1 3 3

0 21 70 58 -3 6 10 8

0 58 83 4 -15 2 20 29

0 40 88 17 -16 3 8 42

0 23 85 83 -1 7 32 22

0 36 93 48 -17 1 3 23

0 27 47 68 -16 5 17 36

0 42 58 44 -3 1 3 11

0 26 97 15 -3 1 21 18

0 12 85 95 -6 8 29 34

0 20 90 79 -8 9 13 47

0 51 55 84 -1 9 23 25

0 15 19 74 -16 0 1 3

0 39 91 31 -7 10 13 45

0 98 99 63 -20 9 12 8

0 67 78 15 -11 2 34 14

0 42 45 25 -19 12 37 3

0 46 51 99 -11 13 43 11

0 81 95 46 -8 5 12 46

0 25 90 53 -7 16 27 23

0 90 93 40 -5 8 16 37

0 19 56 91 -15 4 9 18

0 42 82 46 -6 28 46 4

0 46 48 72 -1 9 26 0

0 38 87 9 -1 40 46 29

0 35 88 18 -6 12 14 37

0 5 83 8 -1 0 9 4

0 34 73 26 -4 15 30 38

0 8 65 68 -6 0 1 39

0 59 63 18 -8 11 32 48

0 15 38 80 -10 10 14 15

0 54 91 86 -12 13 44 20

0 13 31 71 -10 7 21 18

0 59 71 9 -18 16 23 9

0 14 98 51 -19 29 32 30

0 39 78 74 -14 14 15 6

0 29 36 23 -14 3 28 2

0 34 46 12 -8 10 43 18

0 5 57 98 -15 11 18 20

0 39 85 63 -10 8 22 40

0 72 94 37 -4 33 47 36

0 14 16 19 -18 4 10 12

0 3 59 92 -2 14 17 46

0 35 60 47 -12 0 32 40

0 78 86 38 -1 2 11 35

0 13 27 85 -1 12 14 1

0 48 51 95 -15 18 21 43

0 39 58 53 -5 13 31 34

0 23 61 14 -2 21 46 12

0 43 57 97 -6 5 15 47

0 4 54 24 -4 3 11 28

0 4 24 11 -10 8 21 30

0 73 92 89 -13 3 21 48

0 3 40 13 -13 13 16 45

0 41 50 3 -7 1 9 38

0 24 87 80 -20 9 48 3

0 33 82 35 -15 12 17 7

0 44 52 91 -10 23 32 14

0 33 64 41 -4 38 47 40

0 52 53 80 -11 25 31 24

0 7 43 35 -18 5 19 38

0 15 18 19 -8 0 4 39

0 2 40 69 -9 20 35 17

0 31 33 16 -4 40 46 16

0 47 57 95 -20 5 44 29

0 1 27 60 -19 10 14 28

0 70 84 11 -4 15 24 42

0 1 21 70 -8 16 28 32

0 16 24 94 -4 8 9 11

0 20 33 13 -20 19 48 25

0 8 25 86 -3 1 2 34

0 4 41 7 -10 7 8 16

0 4 51 76 -3 0 44 39

0 2 13 86 -13 30 48 34

0 8 44 25 -9 13 49 11

0 13 18 61 -9 5 38 21

0 15 68 83 -3 2 45 35

0 10 18 24 -4 17 42 21

0 22 41 6 -2 8 49 22

0 0 10 33 -16 31 39 10

0 20 49 29 -9 19 22 42

0 9 11 74 -10 29 38 20

0 10 12 63 -7 10 18 1

0 7 49 5 -1 9 44 24

0 1 15 40 -19 12 29 22

0 9 19 3 -4 6 31 22

0 13 51 10 -7 3 30 43

0 7 24 4 -2 43 47 48

0 12 25 9 -4 25 33 49

0 24 48 51 -14 7 29 48

0 14 18 18 -12 13 33 47

0 18 29 57 -4 28 30 35

0 12 16 25 -4 23 38 44

0 1 6 42 -13 25 33 0

0 3 20 25 -4 2 10 21

0 2 11 15 -9 4 19 1

0 1 9 74 -1 3 42 38

0 0 12 26 -6 3 30 19

0 4 9 16 -9 1 5 29

0 9 14 60 -15 1 21 41


SAlphaB: 702.0, std-dev 260.05606514788695

Earliest win: 37
Latest win: 81

WinDepth:
0 0 0 0 0 0 0 0 0 0 0 0 0 0 0 0 0 0 0 0 0 0 0 0 0 0 0 0 0 0 0 0 0 0 0 0 0 6 0 3 2 6 6 12 12 9 19 24 23 71 61 182 58 124 82 205 122 172 151 185 170 234 228 313 300 370 363 403 433 424 406 473 406 430 372 333 266 237 194 151 103 85 
SAlphaB:
0 0 0 0 0 0 0 0 0 0 0 0 0 0 0 0 0 0 0 0 0 0 0 0 0 0 0 0 0 0 0 0 0 0 0 0 0 6 0 3 2 6 6 12 12 9 19 24 23 71 61 182 58 124 82 205 122 172 151 185 170 234 228 313 300 370 363 403 433 424 406 473 406 430 372 333 266 237 194 151 103 85 

LossDepth:
SAlphaB:
0 0 0 0 0 0 0 0 0 0 0 0 0 0 0 0 0 0 0 0 0 0 0 0 0 0 0 0 0 0 0 0 0 0 0 0 0 6 0 3 2 6 6 12 12 9 19 24 23 71 61 182 58 124 82 205 122 172 151 185 170 234 228 313 300 370 363 403 433 424 406 473 406 430 372 333 266 237 194 151 103 85 

FirstWin:
0 0 0 0 0 0 0 0 0 0 0 0 0 0 0 0 0 0 0 0 0 0 0 0 0 0 0 0 0 0 0 0 0 0 0 0 0 6 0 3 0 6 0 12 0 9 0 24 0 71 0 182 0 124 0 205 0 172 0 185 0 234 0 313 0 370 0 403 0 424 0 473 0 430 0 333 0 237 0 151 0 85 
SAlphaB:
0 0 0 0 0 0 0 0 0 0 0 0 0 0 0 0 0 0 0 0 0 0 0 0 0 0 0 0 0 0 0 0 0 0 0 0 0 6 0 3 0 6 0 12 0 9 0 24 0 71 0 182 0 124 0 205 0 172 0 185 0 234 0 313 0 370 0 403 0 424 0 473 0 430 0 333 0 237 0 151 0 85 

SecondWin:
0 0 0 0 0 0 0 0 0 0 0 0 0 0 0 0 0 0 0 0 0 0 0 0 0 0 0 0 0 0 0 0 0 0 0 0 0 0 0 0 2 0 6 0 12 0 19 0 23 0 61 0 58 0 82 0 122 0 151 0 170 0 228 0 300 0 363 0 433 0 406 0 406 0 372 0 266 0 194 0 103 0 
SAlphaB:
0 0 0 0 0 0 0 0 0 0 0 0 0 0 0 0 0 0 0 0 0 0 0 0 0 0 0 0 0 0 0 0 0 0 0 0 0 0 0 0 2 0 6 0 12 0 19 0 23 0 61 0 58 0 82 0 122 0 151 0 170 0 228 0 300 0 363 0 433 0 406 0 406 0 372 0 266 0 194 0 103 0 
