0 20 79 7 -10 1 3 6

0 38 96 98 -16 3 9 5

0 56 88 35 -15 2 7 18

0 48 81 15 -4 6 19 4

0 40 79 65 -16 0 6 5

0 34 67 78 -11 3 4 22

0 33 59 47 -19 0 1 3

0 69 71 19 -7 10 30 25

0 43 87 86 -9 5 14 5

0 71 74 51 -5 11 20 18

0 55 99 73 -3 10 22 9

0 78 94 93 -18 6 15 6

0 64 98 62 -9 2 22 15

0 25 62 5 -12 2 3 4

0 38 89 8 -12 5 18 9

0 59 97 43 -2 12 13 8

0 32 51 31 -11 5 11 11

0 44 63 91 -10 5 15 24

0 27 88 50 -18 0 1 8

0 24 80 65 -9 3 8 30

0 59 89 86 -17 1 10 7

0 65 84 93 -13 7 13 13

0 43 86 73 -7 6 21 22

0 17 51 59 -17 1 4 20

0 25 66 8 -15 0 5 17

0 30 52 47 -9 4 14 14

0 53 78 98 -14 1 3 10

0 76 99 66 -5 0 1 1

0 38 72 94 -19 2 4 29

0 58 95 19 -13 6 29 1

0 20 77 15 -7 3 12 22

0 51 69 26 -20 5 34 6

0 32 51 23 -20 1 2 15

0 69 87 18 -20 5 16 44

0 58 63 41 -18 5 21 31

0 39 63 42 -19 0 19 10

0 26 43 55 -1 8 17 7

0 2 60 49 -4 30 34 6

0 59 81 84 -10 2 25 2

0 36 56 38 -8 5 11 28

0 55 74 43 -9 1 5 2

0 22 28 79 -12 2 6 6

0 20 88 87 -4 1 7 6

0 51 73 25 -14 1 4 21

0 91 94 41 -11 22 39 29

0 67 99 30 -15 3 13 48

0 51 90 10 -4 3 10 28

0 32 69 29 -16 0 1 25

0 70 95 82 -18 9 16 33

0 36 78 41 -13 0 2 16

0 71 75 32 -9 3 7 1

0 69 94 35 -13 13 33 35

0 18 26 30 -15 0 1 2

0 17 58 77 -3 0 3 2

0 43 76 60 -5 4 8 24

0 37 92 18 -16 1 11 45

0 13 94 56 -5 16 19 41

0 80 83 67 -20 7 29 29

0 40 49 66 -13 5 11 30

0 19 30 41 -11 2 7 13

0 51 63 69 -12 12 13 18

0 49 95 47 -12 3 4 37

0 59 71 52 -10 13 19 3

0 75 78 98 -7 6 28 14

0 12 91 73 -7 43 46 19

0 43 71 74 -18 8 22 0

0 69 96 21 -5 8 23 27

0 33 97 48 -10 1 32 34

0 82 99 24 -13 2 6 13

0 16 23 6 -3 4 7 5

0 57 93 36 -11 11 33 39

0 35 37 61 -18 0 10 12

0 42 88 32 -13 2 49 5

0 27 52 99 -10 4 9 41

0 35 63 87 -1 12 30 18

0 13 56 85 -6 0 2 22

0 31 71 97 -7 16 47 19

0 20 23 99 -1 6 13 22

0 23 47 57 -6 0 9 14

0 35 43 73 -15 17 38 4

0 53 68 60 -20 4 24 13

0 17 55 94 -17 1 5 5

0 24 95 44 -12 5 7 18

0 34 80 61 -18 12 25 37

0 14 80 40 -3 4 11 26

0 50 74 81 -20 11 35 36

0 78 91 21 -20 2 37 36

0 38 71 84 -4 1 29 7

0 7 81 88 -9 10 32 16

0 39 48 99 -9 7 28 37

0 12 57 17 -9 6 18 1

0 42 98 26 -2 18 45 3

0 7 76 41 -3 1 4 19

0 6 72 86 -19 0 5 14

0 58 95 41 -19 17 47 11

0 51 55 92 -7 29 48 1

0 45 57 92 -5 15 37 43

0 43 92 50 -12 16 42 4

0 38 40 66 -14 10 14 9

0 10 53 78 -4 3 5 36


SAlphaB: 740.0, std-dev 262.0731763219478

Earliest win: 35
Latest win: 81

WinDepth:
0 0 0 0 0 0 0 0 0 0 0 0 0 0 0 0 0 0 0 0 0 0 0 0 0 0 0 0 0 0 0 0 0 0 0 4 8 6 2 20 7 37 6 52 19 81 36 142 51 156 147 337 140 344 249 419 367 575 356 495 416 663 614 839 737 846 948 998 964 954 996 961 905 917 906 751 628 484 386 291 180 156 
SAlphaB:
0 0 0 0 0 0 0 0 0 0 0 0 0 0 0 0 0 0 0 0 0 0 0 0 0 0 0 0 0 0 0 0 0 0 0 4 8 6 2 20 7 37 6 52 19 81 36 142 51 156 147 337 140 344 249 419 367 575 356 495 416 663 614 839 737 846 948 998 964 954 996 961 905 917 906 751 628 484 386 291 180 156 

LossDepth:
SAlphaB:
0 0 0 0 0 0 0 0 0 0 0 0 0 0 0 0 0 0 0 0 0 0 0 0 0 0 0 0 0 0 0 0 0 0 0 3 6 1 0 15 4 16 2 36 15 54 28 92 41 100 88 148 99 170 174 283 247 335 234 358 277 478 427 662 529 635 715 745 668 764 747 801 657 779 670 628 480 422 319 262 197 162 

FirstWin:
0 0 0 0 0 0 0 0 0 0 0 0 0 0 0 0 0 0 0 0 0 0 0 0 0 0 0 0 0 0 0 0 0 0 0 4 0 6 0 20 0 37 0 52 0 81 0 142 0 156 0 337 0 344 0 419 0 575 0 495 0 663 0 839 0 846 0 998 0 954 0 961 0 917 0 751 0 484 0 291 0 156 
SAlphaB:
0 0 0 0 0 0 0 0 0 0 0 0 0 0 0 0 0 0 0 0 0 0 0 0 0 0 0 0 0 0 0 0 0 0 0 4 0 6 0 20 0 37 0 52 0 81 0 142 0 156 0 337 0 344 0 419 0 575 0 495 0 663 0 839 0 846 0 998 0 954 0 961 0 917 0 751 0 484 0 291 0 156 

SecondWin:
0 0 0 0 0 0 0 0 0 0 0 0 0 0 0 0 0 0 0 0 0 0 0 0 0 0 0 0 0 0 0 0 0 0 0 0 8 0 2 0 7 0 6 0 19 0 36 0 51 0 147 0 140 0 249 0 367 0 356 0 416 0 614 0 737 0 948 0 964 0 996 0 905 0 906 0 628 0 386 0 180 0 
SAlphaB:
0 0 0 0 0 0 0 0 0 0 0 0 0 0 0 0 0 0 0 0 0 0 0 0 0 0 0 0 0 0 0 0 0 0 0 0 8 0 2 0 7 0 6 0 19 0 36 0 51 0 147 0 140 0 249 0 367 0 356 0 416 0 614 0 737 0 948 0 964 0 996 0 905 0 906 0 628 0 386 0 180 0 
