0 27 88 50 -18 0 1 8

0 25 66 8 -15 0 5 17

0 64 98 62 -9 2 22 15

0 17 58 77 -3 0 3 2

0 38 89 8 -12 5 18 9

0 65 84 93 -13 7 13 13

0 17 55 94 -17 1 5 5

0 24 80 65 -9 3 8 30

0 67 99 30 -15 3 13 48

0 7 81 88 -9 10 32 16

0 2 45 24 -11 1 2 11

0 41 90 84 -18 16 21 45

0 6 40 74 -14 10 21 3

0 37 87 82 -17 0 26 5

0 69 83 22 -17 8 43 22

0 42 46 73 -14 42 46 20

0 30 43 38 -7 2 9 17

0 45 56 44 -2 5 41 7

0 61 96 28 -16 0 20 21

0 48 56 74 -16 8 14 5

0 17 58 90 -9 20 39 17

0 75 77 88 -4 5 41 8

0 56 73 28 -10 8 23 43

0 15 52 92 -8 0 1 7

0 4 43 90 -16 2 4 20

0 29 35 10 -10 3 17 10

0 34 66 91 -20 6 10 1

0 67 69 94 -16 19 20 9

0 58 66 41 -7 14 18 19

0 76 90 88 -6 28 31 32

0 70 97 4 -13 5 36 31

0 5 45 99 -18 17 38 45

0 41 73 77 -20 2 17 2

0 76 94 32 -13 4 17 16

0 97 99 63 -19 24 43 3

0 42 68 26 -19 3 26 36

0 36 49 98 -10 11 26 4

0 72 78 45 -17 17 30 43

0 17 41 89 -6 19 21 32

0 11 97 46 -8 0 1 49

0 44 47 67 -4 1 35 13

0 30 31 37 -2 7 23 46

0 41 54 57 -20 0 46 15

0 20 88 69 -16 20 29 29

0 30 50 52 -12 5 17 35

0 52 78 38 -12 0 2 35

0 23 31 92 -20 3 18 15

0 25 34 72 -16 8 22 39

0 22 92 9 -9 12 20 46

0 13 79 98 -18 38 44 16

0 40 51 83 -1 1 46 20

0 15 18 20 -7 15 43 5

0 23 76 62 -18 5 17 47

0 8 32 85 -6 4 6 13

0 1 60 15 -6 17 36 39

0 1 29 26 -6 30 43 17

0 32 37 22 -10 0 5 37

0 14 43 16 -4 29 31 19

0 18 25 48 -12 11 24 7

0 46 96 42 -1 3 4 44

0 92 97 75 -14 3 4 35

0 30 34 55 -3 2 4 2

0 1 96 47 -11 8 49 14

0 0 54 4 -5 2 14 29

0 20 36 91 -16 3 22 11

0 23 55 93 -16 0 45 5

0 16 81 40 -18 0 35 21

0 42 66 87 -12 17 30 27

0 10 61 50 -7 0 7 38

0 27 74 29 -5 29 45 47

0 8 25 87 -18 4 10 1

0 3 55 1 -19 15 17 34

0 2 41 40 -13 19 39 15

0 19 21 50 -16 10 47 16

0 1 13 55 -12 27 33 31

0 11 79 74 -14 0 10 47

0 20 23 86 -5 13 48 11

0 20 29 17 -1 1 3 27

0 19 22 15 -12 5 33 23

0 22 26 78 -17 39 42 42

0 11 36 9 -18 11 13 19

0 4 14 66 -15 21 27 23

0 14 17 58 -2 12 16 48

0 4 11 68 -10 6 35 19

0 52 86 76 -14 30 36 36

0 6 24 74 -5 6 35 22

0 2 18 94 -13 1 32 18

0 2 9 34 -13 2 4 23

0 18 19 88 -13 34 44 19

0 9 23 20 -16 6 44 41

0 2 11 37 -16 17 28 20

0 1 3 31 -4 25 43 11

0 8 36 36 -14 1 7 48

0 0 1 12 -8 11 22 35

0 4 6 95 -2 25 48 38

0 7 11 16 -5 37 49 38

0 3 10 96 -4 1 30 39

0 9 14 42 -7 9 16 40

0 12 14 6 -10 1 14 46

0 3 6 79 -7 7 33 35


SAlphaB: 725.0, std-dev 260.36387804359305

Earliest win: 37
Latest win: 81

WinDepth:
0 0 0 0 0 0 0 0 0 0 0 0 0 0 0 0 0 0 0 0 0 0 0 0 0 0 0 0 0 0 0 0 0 0 0 0 0 3 0 7 1 8 4 12 5 23 11 33 42 44 75 247 74 145 104 185 127 210 166 186 152 247 239 371 310 327 372 375 440 430 408 444 411 451 424 338 267 256 177 142 96 74 
SAlphaB:
0 0 0 0 0 0 0 0 0 0 0 0 0 0 0 0 0 0 0 0 0 0 0 0 0 0 0 0 0 0 0 0 0 0 0 0 0 3 0 7 1 8 4 12 5 23 11 33 42 44 75 247 74 145 104 185 127 210 166 186 152 247 239 371 310 327 372 375 440 430 408 444 411 451 424 338 267 256 177 142 96 74 

LossDepth:
SAlphaB:
0 0 0 0 0 0 0 0 0 0 0 0 0 0 0 0 0 0 0 0 0 0 0 0 0 0 0 0 0 0 0 0 0 0 0 0 0 3 0 7 1 8 4 12 5 23 11 33 42 44 75 247 74 145 104 185 127 210 166 186 152 247 239 371 310 327 372 375 440 430 408 444 411 451 424 338 267 256 177 142 96 74 

FirstWin:
0 0 0 0 0 0 0 0 0 0 0 0 0 0 0 0 0 0 0 0 0 0 0 0 0 0 0 0 0 0 0 0 0 0 0 0 0 3 0 7 0 8 0 12 0 23 0 33 0 44 0 247 0 145 0 185 0 210 0 186 0 247 0 371 0 327 0 375 0 430 0 444 0 451 0 338 0 256 0 142 0 74 
SAlphaB:
0 0 0 0 0 0 0 0 0 0 0 0 0 0 0 0 0 0 0 0 0 0 0 0 0 0 0 0 0 0 0 0 0 0 0 0 0 3 0 7 0 8 0 12 0 23 0 33 0 44 0 247 0 145 0 185 0 210 0 186 0 247 0 371 0 327 0 375 0 430 0 444 0 451 0 338 0 256 0 142 0 74 

SecondWin:
0 0 0 0 0 0 0 0 0 0 0 0 0 0 0 0 0 0 0 0 0 0 0 0 0 0 0 0 0 0 0 0 0 0 0 0 0 0 0 0 1 0 4 0 5 0 11 0 42 0 75 0 74 0 104 0 127 0 166 0 152 0 239 0 310 0 372 0 440 0 408 0 411 0 424 0 267 0 177 0 96 0 
SAlphaB:
0 0 0 0 0 0 0 0 0 0 0 0 0 0 0 0 0 0 0 0 0 0 0 0 0 0 0 0 0 0 0 0 0 0 0 0 0 0 0 0 1 0 4 0 5 0 11 0 42 0 75 0 74 0 104 0 127 0 166 0 152 0 239 0 310 0 372 0 440 0 408 0 411 0 424 0 267 0 177 0 96 0 
