0 38 71 84 -4 1 29 7

0 59 97 43 -2 12 13 8

0 71 75 32 -9 3 7 1

0 27 52 99 -10 4 9 41

0 37 92 18 -16 1 11 45

0 78 94 93 -18 6 15 6

0 58 95 41 -19 17 47 11

0 23 47 57 -6 0 9 14

0 2 60 49 -4 30 34 6

0 7 76 41 -3 1 4 19

0 86 87 51 -14 9 36 19

0 20 90 97 -20 20 49 22

0 42 51 0 -20 5 10 15

0 62 96 34 -16 1 9 14

0 3 53 4 -3 0 3 26

0 13 25 58 -15 1 2 8

0 21 52 80 -2 9 19 29

0 17 73 81 -8 8 11 13

0 15 55 41 -5 37 47 5

0 14 49 32 -16 9 31 26

0 43 78 29 -12 10 39 25

0 45 86 59 -13 0 4 37

0 12 55 92 -15 0 7 42

0 31 40 29 -12 26 36 23

0 17 64 50 -11 5 7 44

0 43 58 79 -20 6 10 4

0 68 69 4 -1 27 36 29

0 39 46 55 -5 0 14 15

0 0 69 84 -8 21 33 44

0 55 69 64 -1 29 31 37

0 1 40 66 -4 8 15 36

0 36 67 1 -6 20 23 33

0 6 14 90 -8 12 16 7

0 4 56 37 -14 7 9 18

0 67 99 47 -2 3 23 42

0 12 51 61 -3 0 2 28

0 67 69 81 -17 24 47 15

0 47 59 78 -9 28 48 26

0 1 37 45 -3 7 10 47

0 66 81 89 -14 30 33 42

0 81 85 23 -12 25 42 49

0 35 58 40 -6 0 6 44

0 22 43 38 -14 19 28 48

0 53 77 21 -20 41 43 20

0 6 39 67 -17 2 25 14

0 21 37 13 -16 3 4 17

0 26 30 53 -15 2 20 14

0 1 29 32 -11 15 34 33

0 11 35 66 -15 0 18 25

0 14 37 87 -11 10 14 35

0 15 35 20 -19 9 32 23

0 39 60 42 -6 2 38 42

0 2 41 92 -3 17 43 9

0 11 16 4 -10 12 19 7

0 4 39 78 -19 2 17 27

0 9 80 73 -5 3 35 28

0 13 33 5 -18 13 14 20

0 29 84 7 -20 27 40 22

0 46 47 35 -2 32 47 28

0 13 26 73 -5 0 1 27

0 48 84 2 -12 15 19 18

0 36 37 43 -9 11 13 31

0 22 27 95 -14 21 24 37

0 13 82 68 -3 18 25 41

0 5 21 6 -18 10 26 16

0 17 47 87 -1 6 12 40

0 28 32 63 -8 1 40 19

0 60 77 2 -7 26 47 17

0 15 35 52 -14 3 15 4

0 58 71 12 -5 26 35 5

0 1 13 17 -10 31 39 31

0 19 31 20 -18 4 34 24

0 4 27 19 -14 26 40 35

0 33 71 44 -12 16 21 11

0 11 19 1 -9 10 29 12

0 4 48 50 -11 0 1 45

0 31 33 30 -12 15 37 40

0 26 33 62 -13 25 35 38

0 6 12 79 -7 8 17 40

0 2 9 45 -17 24 44 10

0 9 11 0 -10 1 4 2

0 0 40 1 -19 12 27 5

0 15 31 64 -1 1 4 41

0 3 8 96 -8 9 11 21

0 25 26 85 -12 18 26 45

0 18 60 54 -18 4 45 33

0 0 3 95 -1 12 45 0

0 5 52 36 -20 14 48 21

0 22 78 54 -20 20 28 0

0 6 10 0 -1 30 41 26

0 2 23 47 -15 5 26 40

0 6 24 91 -14 12 36 8

0 21 24 14 -5 0 10 46

0 22 23 1 -6 2 45 34

0 4 15 38 -9 26 39 45

0 9 27 90 -4 8 42 47

0 11 17 93 -6 8 14 47

0 0 5 23 -2 20 24 43

0 2 3 2 -15 6 41 21

0 0 1 16 -2 2 4 27


SAlphaB: 700.0, std-dev 262.6590046567464

Earliest win: 36
Latest win: 81

WinDepth:
0 0 0 0 0 0 0 0 0 0 0 0 0 0 0 0 0 0 0 0 0 0 0 0 0 0 0 0 0 0 0 0 0 0 0 0 1 3 1 7 7 5 3 14 12 23 7 46 24 83 74 166 66 103 72 194 125 194 133 181 197 247 228 295 346 380 435 397 381 431 452 421 423 409 410 372 266 264 184 152 98 83 
SAlphaB:
0 0 0 0 0 0 0 0 0 0 0 0 0 0 0 0 0 0 0 0 0 0 0 0 0 0 0 0 0 0 0 0 0 0 0 0 1 3 1 7 7 5 3 14 12 23 7 46 24 83 74 166 66 103 72 194 125 194 133 181 197 247 228 295 346 380 435 397 381 431 452 421 423 409 410 372 266 264 184 152 98 83 

LossDepth:
SAlphaB:
0 0 0 0 0 0 0 0 0 0 0 0 0 0 0 0 0 0 0 0 0 0 0 0 0 0 0 0 0 0 0 0 0 0 0 0 1 3 1 7 7 5 3 14 12 23 7 46 24 83 74 166 66 103 72 194 125 194 133 181 197 247 228 295 346 380 435 397 381 431 452 421 423 409 410 372 266 264 184 152 98 83 

FirstWin:
0 0 0 0 0 0 0 0 0 0 0 0 0 0 0 0 0 0 0 0 0 0 0 0 0 0 0 0 0 0 0 0 0 0 0 0 0 3 0 7 0 5 0 14 0 23 0 46 0 83 0 166 0 103 0 194 0 194 0 181 0 247 0 295 0 380 0 397 0 431 0 421 0 409 0 372 0 264 0 152 0 83 
SAlphaB:
0 0 0 0 0 0 0 0 0 0 0 0 0 0 0 0 0 0 0 0 0 0 0 0 0 0 0 0 0 0 0 0 0 0 0 0 0 3 0 7 0 5 0 14 0 23 0 46 0 83 0 166 0 103 0 194 0 194 0 181 0 247 0 295 0 380 0 397 0 431 0 421 0 409 0 372 0 264 0 152 0 83 

SecondWin:
0 0 0 0 0 0 0 0 0 0 0 0 0 0 0 0 0 0 0 0 0 0 0 0 0 0 0 0 0 0 0 0 0 0 0 0 1 0 1 0 7 0 3 0 12 0 7 0 24 0 74 0 66 0 72 0 125 0 133 0 197 0 228 0 346 0 435 0 381 0 452 0 423 0 410 0 266 0 184 0 98 0 
SAlphaB:
0 0 0 0 0 0 0 0 0 0 0 0 0 0 0 0 0 0 0 0 0 0 0 0 0 0 0 0 0 0 0 0 0 0 0 0 1 0 1 0 7 0 3 0 12 0 7 0 24 0 74 0 66 0 72 0 125 0 133 0 197 0 228 0 346 0 435 0 381 0 452 0 423 0 410 0 266 0 184 0 98 0 
