0 25 62 5 -12 2 3 4

0 14 80 40 -3 4 11 26

0 40 49 66 -13 5 11 30

0 69 71 19 -7 10 30 25

0 71 74 51 -5 11 20 18

0 36 56 38 -8 5 11 28

0 39 48 99 -9 7 28 37

0 43 92 50 -12 16 42 4

0 32 51 23 -20 1 2 15

0 43 87 86 -9 5 14 5

0 58 60 90 -5 16 18 21

0 43 64 79 -6 13 37 41

0 35 66 61 -15 6 13 42

0 22 44 31 -2 0 7 14

0 43 69 17 -6 5 7 16

0 34 67 92 -16 1 18 10

0 0 23 84 -2 6 10 9

0 40 59 18 -5 2 24 40

0 30 40 69 -14 21 29 14

0 28 57 68 -18 1 31 32

0 10 55 48 -7 0 5 37

0 9 40 28 -10 0 5 34

0 1 81 62 -9 20 28 36

0 35 65 72 -18 14 32 29

0 39 62 36 -6 32 49 2

0 20 57 99 -20 2 14 3

0 24 34 16 -5 2 17 4

0 15 37 87 -16 11 21 45

0 37 84 31 -10 13 16 2

0 24 52 44 -4 0 1 22

0 67 68 59 -19 6 7 46

0 35 43 7 -3 5 10 31

0 57 93 41 -2 0 21 30

0 34 42 2 -2 2 10 19

0 30 43 94 -20 19 24 28

0 6 58 99 -17 0 5 3

0 23 39 85 -6 2 9 27

0 74 97 90 -20 0 45 15

0 30 84 32 -13 3 8 46

0 22 40 85 -6 36 38 11

0 16 27 86 -3 21 32 13

0 21 25 80 -1 33 46 33

0 36 89 75 -15 1 38 19

0 32 84 61 -5 33 41 23

0 53 83 68 -13 12 49 35

0 49 58 83 -14 21 41 32

0 51 87 84 -8 25 42 11

0 10 23 14 -16 4 10 12

0 53 54 47 -12 5 49 3

0 42 77 9 -4 36 37 19

0 42 97 54 -9 0 1 47

0 18 58 52 -2 5 43 8

0 47 54 15 -12 28 35 7

0 12 55 48 -19 8 49 43

0 22 44 57 -4 2 7 39

0 47 69 35 -15 7 11 47

0 25 39 16 -9 20 29 43

0 33 34 68 -5 19 26 22

0 24 35 71 -2 31 33 43

0 37 85 25 -19 38 45 31

0 13 90 3 -6 11 18 9

0 4 30 7 -12 28 31 34

0 0 75 62 -4 0 9 43

0 1 32 94 -15 16 34 41

0 19 44 49 -20 5 23 0

0 16 44 9 -5 36 42 48

0 31 37 58 -3 0 2 35

0 0 2 10 -5 17 32 15

0 42 50 2 -19 19 33 16

0 3 36 87 -19 12 46 42

0 6 29 64 -15 0 12 16

0 4 47 67 -12 24 42 36

0 2 19 67 -12 7 35 32

0 10 19 54 -2 39 47 18

0 9 27 7 -9 40 48 19

0 6 12 53 -7 19 21 27

0 6 18 47 -6 24 46 16

0 17 19 86 -14 8 47 3

0 15 45 51 -19 3 25 12

0 7 12 24 -14 0 26 13

0 9 14 75 -3 10 21 19

0 8 14 72 -1 1 8 43

0 2 21 11 -6 7 45 20

0 4 12 25 -19 14 49 9

0 20 25 46 -3 0 12 42

0 4 11 24 -12 11 23 22

0 14 15 57 -20 17 32 0

0 12 17 51 -14 19 44 13

0 2 4 82 -16 6 21 20

0 3 12 35 -9 30 35 22

0 6 7 43 -19 22 34 34

0 3 6 6 -17 23 38 12

0 2 9 20 -8 2 8 25

0 2 10 59 -9 1 5 39

0 2 16 20 -2 22 27 1

0 0 3 51 -7 0 19 16

0 1 22 2 -5 6 25 40

0 8 13 16 -4 3 14 49

0 3 5 31 -16 0 21 39

0 0 1 73 -16 37 45 0


SAlphaB: 719.0, std-dev 255.94727883971447

Earliest win: 36
Latest win: 81

WinDepth:
0 0 0 0 0 0 0 0 0 0 0 0 0 0 0 0 0 0 0 0 0 0 0 0 0 0 0 0 0 0 0 0 0 0 0 0 1 0 2 5 2 8 3 8 8 17 8 48 62 64 37 176 95 119 93 170 135 184 117 193 173 227 233 321 324 348 357 421 431 429 438 485 407 375 403 376 273 268 224 132 112 78 
SAlphaB:
0 0 0 0 0 0 0 0 0 0 0 0 0 0 0 0 0 0 0 0 0 0 0 0 0 0 0 0 0 0 0 0 0 0 0 0 1 0 2 5 2 8 3 8 8 17 8 48 62 64 37 176 95 119 93 170 135 184 117 193 173 227 233 321 324 348 357 421 431 429 438 485 407 375 403 376 273 268 224 132 112 78 

LossDepth:
SAlphaB:
0 0 0 0 0 0 0 0 0 0 0 0 0 0 0 0 0 0 0 0 0 0 0 0 0 0 0 0 0 0 0 0 0 0 0 0 1 0 2 5 2 8 3 8 8 17 8 48 62 64 37 176 95 119 93 170 135 184 117 193 173 227 233 321 324 348 357 421 431 429 438 485 407 375 403 376 273 268 224 132 112 78 

FirstWin:
0 0 0 0 0 0 0 0 0 0 0 0 0 0 0 0 0 0 0 0 0 0 0 0 0 0 0 0 0 0 0 0 0 0 0 0 0 0 0 5 0 8 0 8 0 17 0 48 0 64 0 176 0 119 0 170 0 184 0 193 0 227 0 321 0 348 0 421 0 429 0 485 0 375 0 376 0 268 0 132 0 78 
SAlphaB:
0 0 0 0 0 0 0 0 0 0 0 0 0 0 0 0 0 0 0 0 0 0 0 0 0 0 0 0 0 0 0 0 0 0 0 0 0 0 0 5 0 8 0 8 0 17 0 48 0 64 0 176 0 119 0 170 0 184 0 193 0 227 0 321 0 348 0 421 0 429 0 485 0 375 0 376 0 268 0 132 0 78 

SecondWin:
0 0 0 0 0 0 0 0 0 0 0 0 0 0 0 0 0 0 0 0 0 0 0 0 0 0 0 0 0 0 0 0 0 0 0 0 1 0 2 0 2 0 3 0 8 0 8 0 62 0 37 0 95 0 93 0 135 0 117 0 173 0 233 0 324 0 357 0 431 0 438 0 407 0 403 0 273 0 224 0 112 0 
SAlphaB:
0 0 0 0 0 0 0 0 0 0 0 0 0 0 0 0 0 0 0 0 0 0 0 0 0 0 0 0 0 0 0 0 0 0 0 0 1 0 2 0 2 0 3 0 8 0 8 0 62 0 37 0 95 0 93 0 135 0 117 0 173 0 233 0 324 0 357 0 431 0 438 0 407 0 403 0 273 0 224 0 112 0 
