0 12 57 17 -9 6 18 1

0 57 93 36 -11 11 33 39

0 69 94 35 -13 13 33 35

0 24 95 44 -12 5 7 18

0 34 80 61 -18 12 25 37

0 13 94 56 -5 16 19 41

0 38 40 66 -14 10 14 9

0 6 72 86 -19 0 5 14

0 43 76 60 -5 4 8 24

0 49 95 47 -12 3 4 37

0 23 46 91 -3 2 6 15

0 18 87 59 -15 30 31 6

0 81 85 91 -16 18 41 49

0 12 19 7 -1 4 8 9

0 29 98 21 -2 1 7 1

0 20 72 74 -8 20 23 22

0 25 48 14 -18 2 4 25

0 25 79 71 -20 9 12 27

0 56 90 98 -7 0 24 1

0 46 72 21 -5 16 43 46

0 40 55 74 -15 8 12 23

0 69 84 75 -5 24 46 3

0 18 20 11 -4 4 12 12

0 27 55 44 -13 0 2 42

0 12 76 55 -13 0 27 32

0 21 48 66 -17 1 2 46

0 58 75 61 -17 4 6 48

0 37 89 3 -3 1 2 15

0 33 88 59 -18 7 37 7

0 29 96 3 -6 12 24 15

0 41 78 7 -18 13 16 27

0 10 11 41 -5 6 7 8

0 29 46 84 -17 3 5 26

0 55 76 47 -10 0 5 31

0 32 50 41 -16 0 9 33

0 2 34 87 -13 3 9 33

0 37 51 83 -13 0 1 45

0 48 81 25 -14 23 31 17

0 36 67 65 -19 15 44 8

0 57 68 24 -11 6 7 8

0 10 99 14 -2 0 3 46

0 43 61 50 -2 20 37 36

0 26 39 16 -16 20 42 3

0 35 38 3 -13 10 32 34

0 26 50 40 -1 13 24 13

0 49 87 0 -16 2 35 21

0 20 61 19 -2 4 12 41

0 44 57 12 -1 21 25 3

0 87 88 92 -10 6 11 2

0 33 41 4 -5 16 20 7

0 10 18 9 -2 2 3 18

0 8 78 61 -1 22 38 29

0 29 49 89 -15 44 47 20

0 45 52 2 -7 0 16 40

0 12 50 48 -7 7 21 18

0 74 78 12 -5 23 30 35

0 21 30 96 -4 35 41 39

0 55 58 54 -3 14 19 47

0 3 58 83 -20 4 12 30

0 42 49 59 -4 1 6 43

0 22 67 38 -11 2 23 33

0 1 15 38 -17 7 29 32

0 12 65 6 -11 15 25 5

0 12 27 84 -19 3 7 30

0 54 76 94 -1 0 7 33

0 31 34 28 -4 43 46 41

0 18 42 73 -20 7 36 7

0 19 63 19 -12 31 48 39

0 17 82 47 -16 23 41 0

0 13 98 38 -11 6 29 46

0 10 71 10 -18 10 30 6

0 8 14 57 -8 13 21 15

0 5 28 29 -5 35 49 36

0 16 42 6 -14 1 9 42

0 12 28 37 -11 30 33 48

0 4 9 10 -11 19 23 19

0 1 17 0 -13 10 12 10

0 2 33 11 -16 7 28 10

0 1 27 88 -2 15 24 38

0 39 54 82 -18 4 41 35

0 6 9 81 -5 3 17 17

0 1 3 71 -12 2 5 8

0 7 23 80 -20 6 47 41

0 7 17 55 -5 6 11 18

0 14 44 8 -20 3 45 33

0 10 51 86 -7 2 41 41

0 27 34 67 -3 10 43 9

0 3 20 48 -2 19 27 42

0 7 28 16 -9 4 5 39

0 11 37 61 -5 11 28 34

0 22 35 12 -17 18 30 34

0 23 53 46 -18 21 36 44

0 12 13 56 -20 0 14 27

0 10 13 83 -17 20 31 47

0 8 9 37 -6 19 20 46

0 3 4 61 -18 6 9 49

0 4 9 51 -10 35 45 9

0 0 1 60 -4 0 15 13

0 6 7 21 -6 33 46 2

0 1 19 1 -4 9 18 31


SAlphaB: 710.0, std-dev 269.60552908486744

Earliest win: 35
Latest win: 81

WinDepth:
0 0 0 0 0 0 0 0 0 0 0 0 0 0 0 0 0 0 0 0 0 0 0 0 0 0 0 0 0 0 0 0 0 0 0 2 0 3 1 1 2 10 5 9 7 34 7 33 19 52 56 181 75 142 73 184 140 182 126 176 158 264 221 303 318 354 357 401 420 446 477 498 398 394 417 361 302 236 174 102 102 73 
SAlphaB:
0 0 0 0 0 0 0 0 0 0 0 0 0 0 0 0 0 0 0 0 0 0 0 0 0 0 0 0 0 0 0 0 0 0 0 2 0 3 1 1 2 10 5 9 7 34 7 33 19 52 56 181 75 142 73 184 140 182 126 176 158 264 221 303 318 354 357 401 420 446 477 498 398 394 417 361 302 236 174 102 102 73 

LossDepth:
SAlphaB:
0 0 0 0 0 0 0 0 0 0 0 0 0 0 0 0 0 0 0 0 0 0 0 0 0 0 0 0 0 0 0 0 0 0 0 2 0 3 1 1 2 10 5 9 7 34 7 33 19 52 56 181 75 142 73 184 140 182 126 176 158 264 221 303 318 354 357 401 420 446 477 498 398 394 417 361 302 236 174 102 102 73 

FirstWin:
0 0 0 0 0 0 0 0 0 0 0 0 0 0 0 0 0 0 0 0 0 0 0 0 0 0 0 0 0 0 0 0 0 0 0 2 0 3 0 1 0 10 0 9 0 34 0 33 0 52 0 181 0 142 0 184 0 182 0 176 0 264 0 303 0 354 0 401 0 446 0 498 0 394 0 361 0 236 0 102 0 73 
SAlphaB:
0 0 0 0 0 0 0 0 0 0 0 0 0 0 0 0 0 0 0 0 0 0 0 0 0 0 0 0 0 0 0 0 0 0 0 2 0 3 0 1 0 10 0 9 0 34 0 33 0 52 0 181 0 142 0 184 0 182 0 176 0 264 0 303 0 354 0 401 0 446 0 498 0 394 0 361 0 236 0 102 0 73 

SecondWin:
0 0 0 0 0 0 0 0 0 0 0 0 0 0 0 0 0 0 0 0 0 0 0 0 0 0 0 0 0 0 0 0 0 0 0 0 0 0 1 0 2 0 5 0 7 0 7 0 19 0 56 0 75 0 73 0 140 0 126 0 158 0 221 0 318 0 357 0 420 0 477 0 398 0 417 0 302 0 174 0 102 0 
SAlphaB:
0 0 0 0 0 0 0 0 0 0 0 0 0 0 0 0 0 0 0 0 0 0 0 0 0 0 0 0 0 0 0 0 0 0 0 0 0 0 1 0 2 0 5 0 7 0 7 0 19 0 56 0 75 0 73 0 140 0 126 0 158 0 221 0 318 0 357 0 420 0 477 0 398 0 417 0 302 0 174 0 102 0 
