0 59 71 52 -10 13 19 3

0 53 78 98 -14 1 3 10

0 26 43 55 -1 8 17 7

0 58 95 19 -13 6 29 1

0 56 88 35 -15 2 7 18

0 32 69 29 -16 0 1 25

0 51 73 25 -14 1 4 21

0 91 94 41 -11 22 39 29

0 13 56 85 -6 0 2 22

0 30 52 47 -9 4 14 14

0 27 76 19 -4 11 25 14

0 34 42 57 -18 2 6 22

0 69 77 91 -20 1 12 11

0 18 76 98 -17 5 18 49

0 42 47 48 -9 2 6 11

0 32 35 88 -16 32 36 11

0 38 62 93 -10 19 24 4

0 5 29 26 -19 2 4 3

0 10 26 54 -9 5 12 3

0 75 90 43 -9 2 7 45

0 11 88 86 -4 1 12 10

0 81 82 45 -14 9 16 25

0 42 84 92 -12 3 46 36

0 2 72 34 -1 35 41 19

0 15 60 67 -8 1 6 30

0 35 79 54 -19 24 49 41

0 71 88 28 -2 29 40 20

0 21 27 39 -13 36 40 16

0 24 29 69 -17 22 24 1

0 38 73 86 -11 1 24 33

0 14 22 83 -2 8 16 8

0 76 96 75 -3 35 38 41

0 19 52 53 -3 10 12 8

0 46 62 75 -20 29 40 11

0 18 32 64 -8 9 19 49

0 31 36 62 -14 23 29 7

0 40 55 21 -5 10 39 49

0 27 96 60 -19 35 39 14

0 16 21 61 -17 0 2 26

0 35 54 34 -11 8 22 7

0 23 25 19 -20 30 45 30

0 38 54 39 -2 0 1 10

0 10 48 3 -12 31 39 27

0 47 63 60 -10 18 30 33

0 11 64 19 -19 2 6 29

0 19 33 74 -15 2 20 44

0 9 18 29 -6 7 12 4

0 18 26 93 -11 12 23 45

0 12 54 14 -6 17 35 18

0 32 84 17 -17 23 48 17

0 17 23 1 -16 6 15 23

0 13 17 49 -14 40 42 10

0 32 90 48 -2 0 9 44

0 72 97 79 -10 14 16 20

0 60 73 1 -14 20 24 37

0 15 45 88 -13 11 43 47

0 10 23 4 -11 11 18 4

0 12 16 28 -16 19 46 13

0 55 65 11 -11 24 31 36

0 24 72 24 -6 3 4 46

0 19 29 87 -13 42 46 44

0 18 52 32 -3 15 47 46

0 22 30 25 -8 1 2 42

0 44 77 46 -11 21 26 2

0 8 35 17 -5 10 15 15

0 85 92 29 -14 13 17 40

0 18 30 37 -6 0 3 38

0 28 33 86 -17 4 5 49

0 20 33 68 -3 4 18 42

0 3 65 47 -10 3 11 47

0 7 18 54 -4 15 17 41

0 15 37 55 -5 12 22 0

0 27 51 93 -10 6 38 49

0 39 98 28 -8 37 44 42

0 15 28 71 -3 0 21 41

0 25 61 25 -1 30 33 42

0 11 15 31 -10 21 42 13

0 14 66 32 -19 10 18 30

0 53 58 25 -3 15 38 46

0 7 9 55 -12 18 24 6

0 20 85 77 -2 0 45 48

0 5 9 23 -11 18 22 25

0 9 31 48 -2 7 40 16

0 2 6 71 -10 3 9 32

0 13 85 91 -6 19 32 48

0 5 9 13 -2 1 6 14

0 65 97 48 -1 46 48 9

0 33 36 73 -7 0 44 38

0 21 47 7 -10 17 25 30

0 2 21 10 -10 20 32 5

0 1 4 81 -7 37 40 45

0 17 25 0 -15 10 12 1

0 0 5 10 -17 27 40 20

0 8 11 96 -20 19 30 26

0 11 14 14 -19 4 6 31

0 4 28 8 -14 33 42 20

0 7 8 1 -3 1 40 3

0 1 6 13 -4 0 15 49

0 9 10 11 -18 8 36 0

0 1 11 2 -1 0 11 45


SAlphaB: 703.0, std-dev 270.9320636826013

Earliest win: 37
Latest win: 81

WinDepth:
0 0 0 0 0 0 0 0 0 0 0 0 0 0 0 0 0 0 0 0 0 0 0 0 0 0 0 0 0 0 0 0 0 0 0 0 0 12 0 2 1 9 2 38 11 26 9 34 24 82 66 192 118 131 77 130 108 203 123 149 148 243 191 316 334 351 363 365 487 421 447 495 422 395 416 398 249 259 168 142 93 65 
SAlphaB:
0 0 0 0 0 0 0 0 0 0 0 0 0 0 0 0 0 0 0 0 0 0 0 0 0 0 0 0 0 0 0 0 0 0 0 0 0 12 0 2 1 9 2 38 11 26 9 34 24 82 66 192 118 131 77 130 108 203 123 149 148 243 191 316 334 351 363 365 487 421 447 495 422 395 416 398 249 259 168 142 93 65 

LossDepth:
SAlphaB:
0 0 0 0 0 0 0 0 0 0 0 0 0 0 0 0 0 0 0 0 0 0 0 0 0 0 0 0 0 0 0 0 0 0 0 0 0 12 0 2 1 9 2 38 11 26 9 34 24 82 66 192 118 131 77 130 108 203 123 149 148 243 191 316 334 351 363 365 487 421 447 495 422 395 416 398 249 259 168 142 93 65 

FirstWin:
0 0 0 0 0 0 0 0 0 0 0 0 0 0 0 0 0 0 0 0 0 0 0 0 0 0 0 0 0 0 0 0 0 0 0 0 0 12 0 2 0 9 0 38 0 26 0 34 0 82 0 192 0 131 0 130 0 203 0 149 0 243 0 316 0 351 0 365 0 421 0 495 0 395 0 398 0 259 0 142 0 65 
SAlphaB:
0 0 0 0 0 0 0 0 0 0 0 0 0 0 0 0 0 0 0 0 0 0 0 0 0 0 0 0 0 0 0 0 0 0 0 0 0 12 0 2 0 9 0 38 0 26 0 34 0 82 0 192 0 131 0 130 0 203 0 149 0 243 0 316 0 351 0 365 0 421 0 495 0 395 0 398 0 259 0 142 0 65 

SecondWin:
0 0 0 0 0 0 0 0 0 0 0 0 0 0 0 0 0 0 0 0 0 0 0 0 0 0 0 0 0 0 0 0 0 0 0 0 0 0 0 0 1 0 2 0 11 0 9 0 24 0 66 0 118 0 77 0 108 0 123 0 148 0 191 0 334 0 363 0 487 0 447 0 422 0 416 0 249 0 168 0 93 0 
SAlphaB:
0 0 0 0 0 0 0 0 0 0 0 0 0 0 0 0 0 0 0 0 0 0 0 0 0 0 0 0 0 0 0 0 0 0 0 0 0 0 0 0 1 0 2 0 11 0 9 0 24 0 66 0 118 0 77 0 108 0 123 0 148 0 191 0 334 0 363 0 487 0 447 0 422 0 416 0 249 0 168 0 93 0 
