0 51 63 69 -12 12 13 18

0 38 96 98 -16 3 9 5

0 69 87 18 -20 5 16 44

0 70 95 82 -18 9 16 33

0 43 86 73 -7 6 21 22

0 58 63 41 -18 5 21 31

0 55 74 43 -9 1 5 2

0 38 72 94 -19 2 4 29

0 51 69 26 -20 5 34 6

0 20 88 87 -4 1 7 6

0 10 51 85 -15 0 20 7

0 26 30 20 -1 8 21 13

0 25 95 84 -9 4 5 39

0 33 52 91 -3 17 35 11

0 58 61 81 -4 7 38 29

0 64 88 57 -20 5 9 0

0 88 99 95 -8 12 16 36

0 36 43 82 -7 8 14 11

0 34 98 70 -1 10 19 33

0 32 47 97 -18 8 20 20

0 6 25 27 -15 0 2 3

0 38 62 59 -16 1 18 27

0 25 53 44 -18 2 6 40

0 43 47 89 -14 14 34 13

0 14 59 50 -7 39 47 10

0 27 53 43 -9 8 22 24

0 19 45 68 -19 5 14 38

0 62 82 64 -20 1 3 36

0 24 33 26 -17 3 13 25

0 42 49 73 -12 8 12 25

0 95 96 71 -14 0 1 3

0 0 78 5 -6 12 34 45

0 7 50 47 -11 14 23 24

0 13 43 17 -13 14 48 28

0 33 79 56 -8 0 1 32

0 6 49 51 -9 1 18 19

0 27 46 56 -10 13 25 43

0 20 63 28 -17 3 4 48

0 30 56 51 -3 14 15 23

0 33 90 94 -8 20 45 30

0 50 66 62 -11 19 34 41

0 8 74 99 -9 21 32 29

0 3 22 44 -4 0 10 8

0 30 35 74 -9 0 1 22

0 34 80 18 -16 34 40 21

0 20 62 17 -3 0 4 36

0 36 46 0 -7 4 43 38

0 12 87 29 -5 24 48 30

0 25 44 50 -14 31 40 39

0 43 50 65 -11 27 32 8

0 2 34 99 -7 13 31 36

0 33 37 20 -10 24 35 11

0 58 80 54 -6 36 37 43

0 33 39 77 -13 37 49 39

0 15 63 63 -7 9 41 41

0 4 54 39 -19 18 28 28

0 25 40 32 -15 9 27 4

0 72 76 97 -16 13 22 47

0 43 73 20 -2 39 40 43

0 9 28 70 -6 4 16 7

0 26 44 92 -14 0 23 23

0 3 74 77 -9 9 41 20

0 25 36 44 -9 8 21 34

0 52 58 76 -3 16 24 41

0 71 90 40 -17 32 42 15

0 28 31 34 -7 8 10 32

0 82 92 14 -15 7 13 49

0 30 31 86 -19 35 49 18

0 35 55 3 -16 21 23 31

0 14 58 15 -3 26 29 10

0 14 65 47 -6 20 22 29

0 14 52 41 -18 35 41 14

0 63 65 76 -11 27 32 49

0 52 90 24 -19 18 33 16

0 32 66 92 -9 31 47 42

0 50 58 65 -6 0 4 29

0 45 52 35 -1 25 37 43

0 22 50 0 -12 12 23 35

0 72 85 49 -5 17 19 35

0 12 82 19 -6 15 28 49

0 38 52 15 -6 13 20 31

0 2 70 59 -14 2 8 36

0 5 20 0 -19 6 9 29

0 12 17 20 -6 8 9 28

0 5 10 52 -8 14 37 18

0 4 12 44 -17 44 46 48

0 7 21 53 -13 7 31 0

0 1 23 43 -2 8 25 2

0 7 51 61 -3 3 13 47

0 0 30 6 -18 3 4 40

0 7 9 4 -10 8 24 18

0 6 14 86 -17 1 2 34

0 9 18 42 -13 19 39 37

0 4 21 8 -3 15 36 23

0 6 18 51 -2 5 27 22

0 2 6 22 -15 19 23 39

0 2 4 51 -3 0 18 39

0 4 48 8 -18 36 46 40

0 6 10 6 -19 14 42 21

0 0 2 66 -6 1 42 26


SAlphaB: 696.0, std-dev 266.6084079353428

Earliest win: 37
Latest win: 81

WinDepth:
0 0 0 0 0 0 0 0 0 0 0 0 0 0 0 0 0 0 0 0 0 0 0 0 0 0 0 0 0 0 0 0 0 0 0 0 0 9 0 5 1 10 1 14 16 39 18 49 27 72 60 177 79 138 83 168 134 190 148 171 136 247 227 371 283 360 419 397 443 413 432 416 394 391 405 346 317 276 166 161 113 75 
SAlphaB:
0 0 0 0 0 0 0 0 0 0 0 0 0 0 0 0 0 0 0 0 0 0 0 0 0 0 0 0 0 0 0 0 0 0 0 0 0 9 0 5 1 10 1 14 16 39 18 49 27 72 60 177 79 138 83 168 134 190 148 171 136 247 227 371 283 360 419 397 443 413 432 416 394 391 405 346 317 276 166 161 113 75 

LossDepth:
SAlphaB:
0 0 0 0 0 0 0 0 0 0 0 0 0 0 0 0 0 0 0 0 0 0 0 0 0 0 0 0 0 0 0 0 0 0 0 0 0 9 0 5 1 10 1 14 16 39 18 49 27 72 60 177 79 138 83 168 134 190 148 171 136 247 227 371 283 360 419 397 443 413 432 416 394 391 405 346 317 276 166 161 113 75 

FirstWin:
0 0 0 0 0 0 0 0 0 0 0 0 0 0 0 0 0 0 0 0 0 0 0 0 0 0 0 0 0 0 0 0 0 0 0 0 0 9 0 5 0 10 0 14 0 39 0 49 0 72 0 177 0 138 0 168 0 190 0 171 0 247 0 371 0 360 0 397 0 413 0 416 0 391 0 346 0 276 0 161 0 75 
SAlphaB:
0 0 0 0 0 0 0 0 0 0 0 0 0 0 0 0 0 0 0 0 0 0 0 0 0 0 0 0 0 0 0 0 0 0 0 0 0 9 0 5 0 10 0 14 0 39 0 49 0 72 0 177 0 138 0 168 0 190 0 171 0 247 0 371 0 360 0 397 0 413 0 416 0 391 0 346 0 276 0 161 0 75 

SecondWin:
0 0 0 0 0 0 0 0 0 0 0 0 0 0 0 0 0 0 0 0 0 0 0 0 0 0 0 0 0 0 0 0 0 0 0 0 0 0 0 0 1 0 1 0 16 0 18 0 27 0 60 0 79 0 83 0 134 0 148 0 136 0 227 0 283 0 419 0 443 0 432 0 394 0 405 0 317 0 166 0 113 0 
SAlphaB:
0 0 0 0 0 0 0 0 0 0 0 0 0 0 0 0 0 0 0 0 0 0 0 0 0 0 0 0 0 0 0 0 0 0 0 0 0 0 0 0 1 0 1 0 16 0 18 0 27 0 60 0 79 0 83 0 134 0 148 0 136 0 227 0 283 0 419 0 443 0 432 0 394 0 405 0 317 0 166 0 113 0 
