0 55 99 73 -3 10 22 9

0 48 81 15 -4 6 19 4

0 19 30 41 -11 2 7 13

0 59 89 86 -17 1 10 7

0 31 71 97 -7 16 47 19

0 36 78 41 -13 0 2 16

0 78 91 21 -20 2 37 36

0 32 51 31 -11 5 11 11

0 40 79 65 -16 0 6 5

0 33 59 47 -19 0 1 3

0 82 93 28 -15 27 44 29

0 18 70 84 -17 5 12 7

0 8 61 94 -11 7 20 11

0 45 53 20 -16 11 15 26

0 25 36 81 -2 4 14 24

0 36 64 84 -2 3 13 23

0 51 63 2 -6 6 9 6

0 44 85 76 -9 23 27 42

0 47 60 56 -20 10 13 11

0 16 81 73 -12 32 37 32

0 74 90 64 -19 18 31 19

0 82 90 11 -14 22 37 5

0 15 89 53 -10 10 27 3

0 21 42 87 -16 0 1 3

0 25 34 83 -19 1 5 0

0 19 33 76 -4 46 49 16

0 45 70 23 -2 16 19 29

0 54 79 0 -5 8 28 29

0 14 40 3 -8 6 26 7

0 12 29 18 -17 27 29 7

0 14 20 61 -14 0 3 41

0 64 83 89 -15 25 31 34

0 6 86 33 -17 20 21 8

0 18 24 75 -6 8 11 7

0 33 78 26 -3 1 45 23

0 34 44 77 -1 1 15 30

0 7 81 61 -12 8 18 36

0 34 37 85 -4 21 29 3

0 10 87 82 -9 38 41 46

0 2 90 15 -8 0 3 25

0 12 32 2 -11 22 28 19

0 21 23 93 -7 12 15 15

0 1 31 95 -5 27 43 21

0 23 91 94 -7 2 41 48

0 39 47 28 -8 0 1 40

0 42 54 14 -16 11 28 44

0 6 83 64 -4 7 37 36

0 35 77 45 -11 41 49 15

0 37 41 41 -4 1 16 40

0 56 84 25 -18 21 23 38

0 33 50 70 -1 1 46 31

0 15 92 4 -9 22 35 39

0 0 56 78 -8 33 48 33

0 13 68 20 -16 6 45 38

0 23 98 48 -6 12 35 48

0 32 67 60 -16 22 29 40

0 12 36 43 -8 3 45 41

0 5 66 95 -2 17 21 45

0 6 17 21 -7 42 47 11

0 13 38 68 -16 17 21 39

0 24 30 54 -15 14 43 49

0 46 70 27 -14 24 31 42

0 5 64 84 -10 6 30 42

0 46 53 40 -9 29 31 47

0 16 46 30 -1 1 5 30

0 7 29 65 -15 2 4 26

0 15 23 82 -8 22 47 20

0 0 2 23 -15 14 37 26

0 0 21 2 -11 0 4 21

0 9 14 37 -12 5 25 30

0 5 67 38 -5 2 9 37

0 6 33 73 -13 5 30 48

0 10 22 8 -15 8 43 7

0 9 23 7 -4 25 36 15

0 29 31 45 -8 7 10 30

0 16 23 13 -9 8 38 14

0 1 6 38 -11 5 21 20

0 2 14 36 -20 32 33 11

0 6 14 52 -19 11 40 48

0 0 2 10 -12 0 1 44

0 2 4 76 -19 9 43 31

0 0 1 27 -12 13 19 14

0 14 19 25 -11 16 23 1

0 3 19 60 -16 23 31 21

0 8 9 18 -5 34 41 49

0 17 45 77 -14 3 47 38

0 3 7 92 -16 7 18 9

0 0 1 27 -11 31 40 26

0 4 9 45 -12 13 35 27

0 3 4 87 -18 4 9 34

0 12 16 29 -20 9 45 21

0 7 15 17 -7 15 26 26

0 11 13 47 -17 1 16 45

0 4 19 34 -9 7 39 33

0 3 6 74 -3 9 33 1

0 8 15 34 -19 18 28 38

0 3 10 9 -18 0 31 47

0 30 47 16 -5 1 4 48

0 4 5 0 -5 1 8 28

0 3 6 72 -14 6 8 49


SAlphaB: 712.0, std-dev 263.1685433751956

Earliest win: 37
Latest win: 81

WinDepth:
0 0 0 0 0 0 0 0 0 0 0 0 0 0 0 0 0 0 0 0 0 0 0 0 0 0 0 0 0 0 0 0 0 0 0 0 0 1 0 2 1 9 1 8 18 21 15 35 35 55 91 147 115 113 116 160 126 179 131 182 134 212 276 325 340 329 368 352 491 387 476 456 414 388 393 307 264 278 160 153 106 87 
SAlphaB:
0 0 0 0 0 0 0 0 0 0 0 0 0 0 0 0 0 0 0 0 0 0 0 0 0 0 0 0 0 0 0 0 0 0 0 0 0 1 0 2 1 9 1 8 18 21 15 35 35 55 91 147 115 113 116 160 126 179 131 182 134 212 276 325 340 329 368 352 491 387 476 456 414 388 393 307 264 278 160 153 106 87 

LossDepth:
SAlphaB:
0 0 0 0 0 0 0 0 0 0 0 0 0 0 0 0 0 0 0 0 0 0 0 0 0 0 0 0 0 0 0 0 0 0 0 0 0 1 0 2 1 9 1 8 18 21 15 35 35 55 91 147 115 113 116 160 126 179 131 182 134 212 276 325 340 329 368 352 491 387 476 456 414 388 393 307 264 278 160 153 106 87 

FirstWin:
0 0 0 0 0 0 0 0 0 0 0 0 0 0 0 0 0 0 0 0 0 0 0 0 0 0 0 0 0 0 0 0 0 0 0 0 0 1 0 2 0 9 0 8 0 21 0 35 0 55 0 147 0 113 0 160 0 179 0 182 0 212 0 325 0 329 0 352 0 387 0 456 0 388 0 307 0 278 0 153 0 87 
SAlphaB:
0 0 0 0 0 0 0 0 0 0 0 0 0 0 0 0 0 0 0 0 0 0 0 0 0 0 0 0 0 0 0 0 0 0 0 0 0 1 0 2 0 9 0 8 0 21 0 35 0 55 0 147 0 113 0 160 0 179 0 182 0 212 0 325 0 329 0 352 0 387 0 456 0 388 0 307 0 278 0 153 0 87 

SecondWin:
0 0 0 0 0 0 0 0 0 0 0 0 0 0 0 0 0 0 0 0 0 0 0 0 0 0 0 0 0 0 0 0 0 0 0 0 0 0 0 0 1 0 1 0 18 0 15 0 35 0 91 0 115 0 116 0 126 0 131 0 134 0 276 0 340 0 368 0 491 0 476 0 414 0 393 0 264 0 160 0 106 0 
SAlphaB:
0 0 0 0 0 0 0 0 0 0 0 0 0 0 0 0 0 0 0 0 0 0 0 0 0 0 0 0 0 0 0 0 0 0 0 0 0 0 0 0 1 0 1 0 18 0 15 0 35 0 91 0 115 0 116 0 126 0 131 0 134 0 276 0 340 0 368 0 491 0 476 0 414 0 393 0 264 0 160 0 106 0 
