0 75 78 98 -7 6 28 14

0 39 63 42 -19 0 19 10

0 42 98 26 -2 18 45 3

0 51 55 92 -7 29 48 1

0 20 77 15 -7 3 12 22

0 80 83 67 -20 7 29 29

0 20 23 99 -1 6 13 22

0 12 91 73 -7 43 46 19

0 33 97 48 -10 1 32 34

0 16 23 6 -3 4 7 5

0 63 91 21 -20 1 2 36

0 36 44 54 -8 5 26 22

0 46 96 85 -9 15 43 45

0 19 67 27 -14 3 4 0

0 56 60 71 -10 5 40 46

0 23 45 21 -16 3 13 21

0 19 82 13 -11 24 48 4

0 34 63 53 -17 1 13 20

0 52 65 71 -18 16 48 30

0 11 20 4 -12 1 2 12

0 26 28 29 -20 6 20 23

0 24 72 45 -9 14 20 33

0 36 70 11 -9 11 32 20

0 42 82 22 -18 0 22 1

0 17 48 15 -13 0 2 46

0 13 39 10 -3 20 28 8

0 7 37 81 -6 19 22 24

0 71 92 15 -13 5 39 29

0 13 44 70 -8 18 26 1

0 46 52 96 -18 0 8 38

0 34 82 67 -17 1 23 18

0 56 63 58 -10 19 29 0

0 4 15 56 -1 11 17 7

0 22 58 68 -17 8 29 29

0 51 54 90 -19 33 46 9

0 81 96 9 -13 15 21 42

0 25 54 80 -3 9 36 17

0 8 15 93 -16 0 1 22

0 41 56 7 -8 1 14 29

0 23 52 67 -11 2 3 33

0 39 64 72 -12 26 33 22

0 14 93 53 -1 14 17 15

0 44 52 18 -7 14 24 15

0 6 91 43 -7 3 4 18

0 77 97 2 -4 5 6 27

0 36 83 98 -9 40 44 16

0 30 37 53 -9 41 47 12

0 4 95 47 -3 4 12 2

0 9 14 83 -20 7 11 26

0 20 65 73 -12 21 45 12

0 14 16 67 -10 6 10 19

0 17 47 26 -1 34 44 26

0 18 28 68 -17 9 19 9

0 42 60 23 -8 34 35 45

0 5 42 37 -2 0 8 29

0 63 97 93 -2 22 34 44

0 70 82 71 -7 31 34 26

0 12 54 13 -9 38 48 3

0 35 41 27 -17 5 26 11

0 22 30 84 -16 4 9 0

0 16 23 53 -20 19 43 23

0 2 30 2 -7 16 21 18

0 36 38 16 -7 0 7 34

0 34 77 25 -2 6 10 34

0 14 26 5 -7 14 36 26

0 4 67 29 -14 0 32 34

0 6 43 39 -20 2 18 41

0 12 18 82 -18 4 10 33

0 7 51 11 -5 15 18 34

0 12 17 43 -19 29 30 26

0 54 98 36 -19 34 47 8

0 12 29 96 -8 4 32 6

0 15 53 0 -5 30 45 8

0 31 57 43 -2 6 8 49

0 11 12 5 -20 0 7 6

0 35 68 77 -14 22 40 37

0 27 34 40 -3 7 49 20

0 2 66 30 -10 38 49 19

0 37 38 77 -9 1 26 41

0 62 64 26 -20 27 28 13

0 0 3 50 -18 2 13 30

0 1 19 46 -20 12 48 21

0 12 41 62 -7 1 3 48

0 6 34 99 -15 13 43 35

0 4 77 53 -9 15 21 37

0 12 29 40 -12 18 28 47

0 0 28 83 -16 1 6 29

0 8 14 24 -4 29 49 8

0 12 13 69 -15 6 11 35

0 4 10 76 -11 7 11 28

0 4 7 11 -12 26 31 21

0 0 31 16 -2 1 2 19

0 1 6 64 -8 28 39 31

0 1 17 79 -19 3 7 39

0 19 20 37 -16 4 49 28

0 7 17 72 -14 18 30 35

0 12 26 13 -14 10 20 47

0 2 13 95 -17 3 4 43

0 4 5 8 -4 0 4 35

0 5 15 51 -19 18 35 45


SAlphaB: 687.0, std-dev 258.38335341742186

Earliest win: 37
Latest win: 81

WinDepth:
0 0 0 0 0 0 0 0 0 0 0 0 0 0 0 0 0 0 0 0 0 0 0 0 0 0 0 0 0 0 0 0 0 0 0 0 0 1 0 4 3 12 2 46 12 25 16 18 16 62 50 226 92 142 97 174 136 206 164 173 148 245 214 353 318 362 394 368 497 406 507 424 422 429 366 359 304 220 169 123 89 65 
SAlphaB:
0 0 0 0 0 0 0 0 0 0 0 0 0 0 0 0 0 0 0 0 0 0 0 0 0 0 0 0 0 0 0 0 0 0 0 0 0 1 0 4 3 12 2 46 12 25 16 18 16 62 50 226 92 142 97 174 136 206 164 173 148 245 214 353 318 362 394 368 497 406 507 424 422 429 366 359 304 220 169 123 89 65 

LossDepth:
SAlphaB:
0 0 0 0 0 0 0 0 0 0 0 0 0 0 0 0 0 0 0 0 0 0 0 0 0 0 0 0 0 0 0 0 0 0 0 0 0 1 0 4 3 12 2 46 12 25 16 18 16 62 50 226 92 142 97 174 136 206 164 173 148 245 214 353 318 362 394 368 497 406 507 424 422 429 366 359 304 220 169 123 89 65 

FirstWin:
0 0 0 0 0 0 0 0 0 0 0 0 0 0 0 0 0 0 0 0 0 0 0 0 0 0 0 0 0 0 0 0 0 0 0 0 0 1 0 4 0 12 0 46 0 25 0 18 0 62 0 226 0 142 0 174 0 206 0 173 0 245 0 353 0 362 0 368 0 406 0 424 0 429 0 359 0 220 0 123 0 65 
SAlphaB:
0 0 0 0 0 0 0 0 0 0 0 0 0 0 0 0 0 0 0 0 0 0 0 0 0 0 0 0 0 0 0 0 0 0 0 0 0 1 0 4 0 12 0 46 0 25 0 18 0 62 0 226 0 142 0 174 0 206 0 173 0 245 0 353 0 362 0 368 0 406 0 424 0 429 0 359 0 220 0 123 0 65 

SecondWin:
0 0 0 0 0 0 0 0 0 0 0 0 0 0 0 0 0 0 0 0 0 0 0 0 0 0 0 0 0 0 0 0 0 0 0 0 0 0 0 0 3 0 2 0 12 0 16 0 16 0 50 0 92 0 97 0 136 0 164 0 148 0 214 0 318 0 394 0 497 0 507 0 422 0 366 0 304 0 169 0 89 0 
SAlphaB:
0 0 0 0 0 0 0 0 0 0 0 0 0 0 0 0 0 0 0 0 0 0 0 0 0 0 0 0 0 0 0 0 0 0 0 0 0 0 0 0 3 0 2 0 12 0 16 0 16 0 50 0 92 0 97 0 136 0 164 0 148 0 214 0 318 0 394 0 497 0 507 0 422 0 366 0 304 0 169 0 89 0 
