0 42 91 39 -9 7 23 15

0 42 87 49 -1 5 17 29

0 31 99 29 -17 1 10 33

0 54 93 30 -14 10 24 28

0 56 95 7 -16 2 4 21

0 28 87 16 -3 4 30 17

0 35 54 44 -10 5 17 14

0 68 98 95 -13 13 35 5

0 45 84 16 -5 7 15 5

0 46 71 49 -8 10 27 0

0 82 98 85 -11 6 18 32

0 16 96 79 -7 1 11 23

0 32 94 49 -18 0 8 13

0 68 80 47 -4 12 45 28

0 57 98 76 -10 13 14 22

0 53 81 32 -15 4 15 12

0 63 64 34 -6 5 17 7

0 33 69 2 -14 6 13 17

0 34 74 5 -3 3 21 6

0 83 98 17 -11 15 48 35

0 74 81 77 -17 1 3 22

0 53 73 77 -11 7 23 12

0 44 78 71 -15 5 9 22

0 41 46 65 -19 6 21 33

0 30 74 88 -1 3 10 8

0 55 88 54 -16 4 39 25

0 39 88 6 -16 6 23 4

0 82 87 43 -20 9 27 18

0 62 69 79 -12 8 19 13

0 17 81 34 -7 0 1 14

0 26 95 64 -13 3 18 18

0 26 99 11 -13 3 15 1

0 56 75 80 -13 10 21 5

0 16 55 13 -12 0 1 10

0 22 53 73 -7 0 4 13

0 19 25 58 -13 0 1 6

0 80 99 77 -11 2 21 1

0 29 97 60 -11 4 17 15

0 54 63 94 -17 7 12 24

0 53 96 61 -6 1 3 22

0 58 73 78 -13 1 26 24

0 19 41 14 -15 0 2 23

0 56 78 26 -2 13 39 4

0 27 94 75 -6 12 17 35

0 49 89 34 -7 6 31 13

0 63 66 51 -8 5 16 36

0 61 94 2 -16 1 18 40

0 86 96 84 -11 10 43 42

0 45 82 47 -17 2 8 41

0 30 49 24 -17 3 13 27

0 10 88 75 -2 10 21 3

0 78 89 56 -12 2 5 36

0 32 68 83 -5 6 16 44

0 27 42 47 -12 1 4 22

0 64 72 61 -20 1 17 47

0 41 58 70 -17 0 1 21

0 23 76 65 -6 1 9 27

0 69 73 80 -14 0 9 25

0 68 79 78 -20 8 43 31

0 22 68 20 -14 1 9 22

0 94 95 48 -7 14 19 26

0 14 49 24 -2 5 13 10

0 81 90 11 -16 2 4 20

0 20 87 14 -15 1 6 3

0 55 81 69 -8 0 24 17

0 62 71 34 -8 11 15 1

0 75 89 46 -5 15 33 25

0 37 70 94 -9 0 4 16

0 24 32 28 -10 5 7 5

0 31 62 67 -5 3 7 12

0 54 89 70 -1 3 13 21

0 30 77 23 -17 10 18 43

0 61 81 80 -15 2 4 2

0 6 24 30 -12 5 11 11

0 70 97 42 -11 10 40 24

0 42 86 28 -13 14 30 45

0 12 50 55 -11 0 5 13

0 77 99 82 -10 3 27 17

0 44 60 1 -5 0 9 29

0 53 66 22 -2 7 9 27

0 21 85 61 -12 16 36 6

0 49 62 86 -14 14 29 47

0 49 65 17 -3 9 33 31

0 32 42 78 -5 3 5 1

0 47 76 65 -8 13 21 46

0 15 94 65 -18 0 15 14

0 39 81 32 -5 23 38 5

0 26 73 33 -8 12 13 14

0 29 94 31 -12 6 23 37

0 34 40 57 -4 26 38 6

0 42 86 91 -14 17 49 29

0 11 82 26 -11 0 8 6

0 27 62 86 -10 20 36 2

0 7 47 6 -10 1 3 6

0 15 28 92 -8 1 7 24

0 30 62 91 -11 16 26 10

0 64 99 30 -7 26 31 23

0 39 47 81 -2 3 28 30

0 10 60 77 -10 21 27 18

0 7 68 66 -20 9 46 43


SAlphaB: 764.0, std-dev 261.7571418569727

Earliest win: 36
Latest win: 81

WinDepth:
0 0 0 0 0 0 0 0 0 0 0 0 0 0 0 0 0 0 0 0 0 0 0 0 0 0 0 0 0 0 0 0 0 0 0 0 4 20 7 21 4 29 19 20 26 69 35 136 57 176 152 346 212 312 290 481 344 599 367 529 441 682 665 830 819 967 893 1028 976 919 900 938 924 880 835 752 576 491 409 282 183 117 
SAlphaB:
0 0 0 0 0 0 0 0 0 0 0 0 0 0 0 0 0 0 0 0 0 0 0 0 0 0 0 0 0 0 0 0 0 0 0 0 4 20 7 21 4 29 19 20 26 69 35 136 57 176 152 346 212 312 290 481 344 599 367 529 441 682 665 830 819 967 893 1028 976 919 900 938 924 880 835 752 576 491 409 282 183 117 

LossDepth:
SAlphaB:
0 0 0 0 0 0 0 0 0 0 0 0 0 0 0 0 0 0 0 0 0 0 0 0 0 0 0 0 0 0 0 0 0 0 0 0 2 20 4 17 0 23 6 26 17 45 14 57 32 92 85 172 131 153 186 270 194 367 211 295 292 461 439 612 557 692 638 769 689 779 712 790 647 745 713 648 486 496 319 240 202 127 

FirstWin:
0 0 0 0 0 0 0 0 0 0 0 0 0 0 0 0 0 0 0 0 0 0 0 0 0 0 0 0 0 0 0 0 0 0 0 0 0 20 0 21 0 29 0 20 0 69 0 136 0 176 0 346 0 312 0 481 0 599 0 529 0 682 0 830 0 967 0 1028 0 919 0 938 0 880 0 752 0 491 0 282 0 117 
SAlphaB:
0 0 0 0 0 0 0 0 0 0 0 0 0 0 0 0 0 0 0 0 0 0 0 0 0 0 0 0 0 0 0 0 0 0 0 0 0 20 0 21 0 29 0 20 0 69 0 136 0 176 0 346 0 312 0 481 0 599 0 529 0 682 0 830 0 967 0 1028 0 919 0 938 0 880 0 752 0 491 0 282 0 117 

SecondWin:
0 0 0 0 0 0 0 0 0 0 0 0 0 0 0 0 0 0 0 0 0 0 0 0 0 0 0 0 0 0 0 0 0 0 0 0 4 0 7 0 4 0 19 0 26 0 35 0 57 0 152 0 212 0 290 0 344 0 367 0 441 0 665 0 819 0 893 0 976 0 900 0 924 0 835 0 576 0 409 0 183 0 
SAlphaB:
0 0 0 0 0 0 0 0 0 0 0 0 0 0 0 0 0 0 0 0 0 0 0 0 0 0 0 0 0 0 0 0 0 0 0 0 4 0 7 0 4 0 19 0 26 0 35 0 57 0 152 0 212 0 290 0 344 0 367 0 441 0 665 0 819 0 893 0 976 0 900 0 924 0 835 0 576 0 409 0 183 0 
