0 53 66 22 -2 7 9 27

0 30 74 88 -1 3 10 8

0 56 95 7 -16 2 4 21

0 80 99 77 -11 2 21 1

0 22 53 73 -7 0 4 13

0 42 86 28 -13 14 30 45

0 78 89 56 -12 2 5 36

0 54 63 94 -17 7 12 24

0 32 42 78 -5 3 5 1

0 39 47 81 -2 3 28 30

0 76 85 73 -16 7 22 20

0 72 88 27 -5 0 8 18

0 37 80 67 -12 13 40 16

0 20 55 22 -5 1 21 6

0 33 83 19 -19 6 7 15

0 34 47 59 -2 5 8 4

0 20 87 69 -5 7 23 32

0 42 96 56 -8 24 30 14

0 16 82 58 -1 6 10 39

0 92 96 78 -11 9 14 47

0 22 86 5 -7 3 18 42

0 3 96 57 -9 19 20 37

0 28 29 78 -5 4 20 30

0 17 93 26 -15 17 20 25

0 32 50 6 -20 9 23 21

0 29 37 93 -12 40 42 11

0 59 85 34 -19 19 21 17

0 8 62 96 -16 13 30 9

0 18 45 99 -2 0 2 22

0 83 89 9 -6 1 5 39

0 62 64 55 -2 20 47 8

0 25 33 47 -5 1 2 29

0 44 64 47 -9 0 4 49

0 15 66 32 -10 9 39 8

0 4 33 55 -17 9 11 17

0 33 63 68 -7 6 45 35

0 16 24 57 -2 11 14 11

0 39 91 2 -13 44 48 43

0 4 32 42 -6 9 17 16

0 27 40 77 -6 14 15 41

0 16 34 3 -16 0 5 46

0 75 84 57 -6 20 26 32

0 9 39 54 -12 16 30 39

0 32 45 69 -1 25 37 39

0 13 52 84 -16 8 20 32

0 6 22 38 -7 0 1 37

0 4 30 0 -2 12 13 2

0 21 85 54 -19 1 31 41

0 7 32 56 -4 0 7 35

0 18 19 3 -7 12 40 17

0 12 14 55 -9 15 20 13

0 10 20 81 -2 5 6 16

0 4 50 61 -3 10 27 37

0 0 23 72 -13 2 7 31

0 13 14 34 -9 11 24 10

0 13 59 33 -17 16 45 22

0 16 51 70 -15 19 41 18

0 7 96 90 -5 3 42 17

0 34 40 17 -19 13 18 27

0 54 63 10 -19 35 42 48

0 37 41 22 -9 0 18 33

0 17 52 98 -20 4 5 25

0 22 35 81 -5 13 49 30

0 1 5 74 -7 5 11 2

0 4 78 58 -3 9 20 32

0 1 52 71 -9 0 1 44

0 29 70 47 -12 3 47 0

0 10 28 73 -3 4 6 34

0 76 82 32 -4 40 46 2

0 2 71 53 -4 14 15 48

0 2 23 17 -14 5 16 5

0 3 30 97 -17 0 2 46

0 11 16 73 -17 1 38 33

0 8 33 38 -9 2 30 33

0 6 34 27 -11 2 37 37

0 13 24 67 -3 1 2 22

0 21 52 39 -4 9 48 13

0 5 6 82 -17 1 9 10

0 2 5 7 -16 5 17 44

0 5 8 18 -14 2 25 38

0 20 29 59 -18 3 30 21

0 33 39 71 -4 13 18 45

0 8 20 53 -8 19 42 27

0 1 49 14 -3 3 17 29

0 11 13 36 -10 14 31 20

0 2 13 35 -10 0 2 32

0 16 43 41 -3 7 47 9

0 13 17 62 -18 3 44 14

0 0 1 92 -11 4 27 15

0 8 20 7 -9 7 38 43

0 4 11 7 -11 9 28 27

0 6 40 1 -14 2 25 40

0 0 12 30 -8 12 19 38

0 1 2 71 -7 16 43 29

0 8 9 45 -9 0 44 35

0 8 71 86 -5 1 44 30

0 11 21 79 -4 8 33 40

0 8 31 1 -13 29 42 1

0 4 5 83 -6 0 19 32

0 2 8 86 -18 4 37 24


SAlphaB: 708.0, std-dev 262.29344234843137

Earliest win: 36
Latest win: 81

WinDepth:
0 0 0 0 0 0 0 0 0 0 0 0 0 0 0 0 0 0 0 0 0 0 0 0 0 0 0 0 0 0 0 0 0 0 0 0 1 1 1 3 2 11 4 20 10 13 23 41 38 61 104 135 68 115 82 195 114 183 150 179 150 242 251 352 306 351 385 423 409 412 402 440 400 394 401 372 336 253 190 127 115 81 
SAlphaB:
0 0 0 0 0 0 0 0 0 0 0 0 0 0 0 0 0 0 0 0 0 0 0 0 0 0 0 0 0 0 0 0 0 0 0 0 1 1 1 3 2 11 4 20 10 13 23 41 38 61 104 135 68 115 82 195 114 183 150 179 150 242 251 352 306 351 385 423 409 412 402 440 400 394 401 372 336 253 190 127 115 81 

LossDepth:
SAlphaB:
0 0 0 0 0 0 0 0 0 0 0 0 0 0 0 0 0 0 0 0 0 0 0 0 0 0 0 0 0 0 0 0 0 0 0 0 1 1 1 3 2 11 4 20 10 13 23 41 38 61 104 135 68 115 82 195 114 183 150 179 150 242 251 352 306 351 385 423 409 412 402 440 400 394 401 372 336 253 190 127 115 81 

FirstWin:
0 0 0 0 0 0 0 0 0 0 0 0 0 0 0 0 0 0 0 0 0 0 0 0 0 0 0 0 0 0 0 0 0 0 0 0 0 1 0 3 0 11 0 20 0 13 0 41 0 61 0 135 0 115 0 195 0 183 0 179 0 242 0 352 0 351 0 423 0 412 0 440 0 394 0 372 0 253 0 127 0 81 
SAlphaB:
0 0 0 0 0 0 0 0 0 0 0 0 0 0 0 0 0 0 0 0 0 0 0 0 0 0 0 0 0 0 0 0 0 0 0 0 0 1 0 3 0 11 0 20 0 13 0 41 0 61 0 135 0 115 0 195 0 183 0 179 0 242 0 352 0 351 0 423 0 412 0 440 0 394 0 372 0 253 0 127 0 81 

SecondWin:
0 0 0 0 0 0 0 0 0 0 0 0 0 0 0 0 0 0 0 0 0 0 0 0 0 0 0 0 0 0 0 0 0 0 0 0 1 0 1 0 2 0 4 0 10 0 23 0 38 0 104 0 68 0 82 0 114 0 150 0 150 0 251 0 306 0 385 0 409 0 402 0 400 0 401 0 336 0 190 0 115 0 
SAlphaB:
0 0 0 0 0 0 0 0 0 0 0 0 0 0 0 0 0 0 0 0 0 0 0 0 0 0 0 0 0 0 0 0 0 0 0 0 1 0 1 0 2 0 4 0 10 0 23 0 38 0 104 0 68 0 82 0 114 0 150 0 150 0 251 0 306 0 385 0 409 0 402 0 400 0 401 0 336 0 190 0 115 0 
