0 42 86 91 -14 17 49 29

0 64 72 61 -20 1 17 47

0 47 76 65 -8 13 21 46

0 29 97 60 -11 4 17 15

0 44 78 71 -15 5 9 22

0 28 87 16 -3 4 30 17

0 17 81 34 -7 0 1 14

0 21 85 61 -12 16 36 6

0 15 94 65 -18 0 15 14

0 32 68 83 -5 6 16 44

0 11 87 35 -18 22 43 21

0 21 26 62 -10 0 9 1

0 31 39 41 -1 2 3 11

0 44 54 16 -15 2 22 37

0 8 83 23 -5 0 27 14

0 24 58 85 -20 10 21 25

0 58 66 13 -15 2 8 35

0 27 29 17 -17 2 9 8

0 27 53 12 -5 3 9 27

0 32 94 37 -2 2 17 21

0 29 36 14 -10 0 2 6

0 50 69 84 -14 11 13 49

0 73 88 98 -2 0 27 2

0 37 73 49 -5 20 36 44

0 4 15 99 -9 5 6 10

0 22 54 28 -3 0 17 14

0 63 75 91 -19 26 40 3

0 93 95 76 -8 35 49 3

0 44 80 80 -18 10 31 23

0 4 35 13 -3 20 34 16

0 59 71 16 -14 13 23 3

0 78 90 83 -18 35 42 24

0 41 59 87 -6 18 22 40

0 38 41 16 -19 4 29 1

0 15 43 52 -4 43 46 41

0 9 61 46 -7 14 42 7

0 23 60 0 -2 2 13 31

0 37 39 49 -17 5 35 12

0 7 64 27 -4 28 43 27

0 29 30 1 -16 10 30 17

0 35 67 52 -15 0 1 49

0 11 44 25 -20 12 14 7

0 3 10 62 -8 1 3 13

0 0 8 64 -10 6 18 42

0 44 47 0 -19 1 19 31

0 48 52 50 -18 25 33 35

0 46 67 88 -11 0 1 34

0 50 56 91 -19 11 19 20

0 10 27 42 -7 44 45 1

0 5 53 17 -11 48 49 5

0 5 29 40 -16 15 27 2

0 13 92 3 -1 27 28 32

0 22 24 92 -14 8 11 20

0 13 29 83 -13 0 14 20

0 11 41 70 -7 9 15 35

0 19 39 90 -5 2 45 41

0 49 51 23 -8 17 21 31

0 55 61 83 -9 20 28 25

0 0 1 25 -17 9 14 9

0 19 44 83 -5 12 20 32

0 18 25 74 -10 4 33 41

0 6 93 24 -12 15 17 44

0 2 6 17 -7 20 26 15

0 32 44 42 -18 21 46 11

0 6 94 88 -17 12 15 44

0 4 52 58 -16 11 38 22

0 14 15 44 -4 22 46 8

0 14 35 8 -18 9 48 18

0 22 52 54 -6 22 33 49

0 14 17 73 -19 9 26 21

0 9 28 36 -12 31 44 23

0 0 1 9 -6 30 35 32

0 2 10 41 -9 5 38 7

0 14 15 47 -15 26 34 25

0 7 22 50 -13 36 38 12

0 0 48 3 -2 12 43 44

0 45 52 87 -3 17 48 2

0 22 85 6 -17 32 41 47

0 30 99 3 -17 9 41 5

0 3 28 34 -7 8 15 42

0 54 87 27 -19 27 28 20

0 0 14 14 -11 3 5 13

0 63 65 9 -12 38 43 14

0 1 16 63 -11 27 39 2

0 2 4 86 -9 7 17 19

0 11 14 37 -11 5 29 36

0 3 6 11 -6 8 19 22

0 3 28 47 -6 3 7 40

0 5 9 17 -9 5 19 2

0 15 25 12 -11 44 46 36

0 0 2 66 -4 0 3 31

0 2 7 78 -9 0 1 34

0 2 40 34 -2 3 13 42

0 0 13 39 -2 30 43 35

0 2 5 78 -6 1 12 33

0 6 19 75 -14 26 39 45

0 13 27 52 -1 40 46 49

0 0 1 92 -11 2 9 47

0 8 9 27 -11 13 21 46

0 0 3 38 -7 5 21 1


SAlphaB: 700.0, std-dev 269.4698825959269

Earliest win: 37
Latest win: 81

WinDepth:
0 0 0 0 0 0 0 0 0 0 0 0 0 0 0 0 0 0 0 0 0 0 0 0 0 0 0 0 0 0 0 0 0 0 0 0 0 5 1 8 3 7 3 9 12 16 16 34 24 77 66 174 97 113 86 171 106 206 141 205 184 251 218 264 312 349 432 365 480 392 492 428 453 393 396 365 303 231 167 152 101 64 
SAlphaB:
0 0 0 0 0 0 0 0 0 0 0 0 0 0 0 0 0 0 0 0 0 0 0 0 0 0 0 0 0 0 0 0 0 0 0 0 0 5 1 8 3 7 3 9 12 16 16 34 24 77 66 174 97 113 86 171 106 206 141 205 184 251 218 264 312 349 432 365 480 392 492 428 453 393 396 365 303 231 167 152 101 64 

LossDepth:
SAlphaB:
0 0 0 0 0 0 0 0 0 0 0 0 0 0 0 0 0 0 0 0 0 0 0 0 0 0 0 0 0 0 0 0 0 0 0 0 0 5 1 8 3 7 3 9 12 16 16 34 24 77 66 174 97 113 86 171 106 206 141 205 184 251 218 264 312 349 432 365 480 392 492 428 453 393 396 365 303 231 167 152 101 64 

FirstWin:
0 0 0 0 0 0 0 0 0 0 0 0 0 0 0 0 0 0 0 0 0 0 0 0 0 0 0 0 0 0 0 0 0 0 0 0 0 5 0 8 0 7 0 9 0 16 0 34 0 77 0 174 0 113 0 171 0 206 0 205 0 251 0 264 0 349 0 365 0 392 0 428 0 393 0 365 0 231 0 152 0 64 
SAlphaB:
0 0 0 0 0 0 0 0 0 0 0 0 0 0 0 0 0 0 0 0 0 0 0 0 0 0 0 0 0 0 0 0 0 0 0 0 0 5 0 8 0 7 0 9 0 16 0 34 0 77 0 174 0 113 0 171 0 206 0 205 0 251 0 264 0 349 0 365 0 392 0 428 0 393 0 365 0 231 0 152 0 64 

SecondWin:
0 0 0 0 0 0 0 0 0 0 0 0 0 0 0 0 0 0 0 0 0 0 0 0 0 0 0 0 0 0 0 0 0 0 0 0 0 0 1 0 3 0 3 0 12 0 16 0 24 0 66 0 97 0 86 0 106 0 141 0 184 0 218 0 312 0 432 0 480 0 492 0 453 0 396 0 303 0 167 0 101 0 
SAlphaB:
0 0 0 0 0 0 0 0 0 0 0 0 0 0 0 0 0 0 0 0 0 0 0 0 0 0 0 0 0 0 0 0 0 0 0 0 0 0 1 0 3 0 3 0 12 0 16 0 24 0 66 0 97 0 86 0 106 0 141 0 184 0 218 0 312 0 432 0 480 0 492 0 453 0 396 0 303 0 167 0 101 0 
