0 49 89 34 -7 6 31 13

0 68 98 95 -13 13 35 5

0 94 95 48 -7 14 19 26

0 54 93 30 -14 10 24 28

0 77 99 82 -10 3 27 17

0 39 81 32 -5 23 38 5

0 41 58 70 -17 0 1 21

0 45 82 47 -17 2 8 41

0 31 62 67 -5 3 7 12

0 11 82 26 -11 0 8 6

0 24 29 81 -3 1 7 10

0 61 68 58 -19 15 27 27

0 31 78 64 -18 6 20 47

0 9 37 76 -8 4 11 14

0 14 45 94 -8 11 15 2

0 55 88 39 -17 3 9 49

0 27 58 86 -2 19 34 9

0 60 89 38 -6 6 21 33

0 37 84 95 -7 0 10 36

0 15 60 92 -19 27 32 27

0 19 66 91 -15 17 27 44

0 5 25 66 -10 0 4 11

0 4 61 77 -13 14 16 31

0 54 61 15 -13 12 41 14

0 42 60 90 -17 0 8 45

0 15 69 95 -9 46 47 17

0 90 92 34 -12 0 37 3

0 62 68 11 -18 15 35 34

0 60 61 60 -9 42 49 33

0 14 32 66 -6 22 35 21

0 8 47 56 -7 1 6 23

0 1 46 85 -16 2 3 7

0 46 96 68 -14 31 34 27

0 29 77 4 -20 14 29 12

0 12 87 52 -4 19 30 27

0 51 98 83 -7 25 47 40

0 86 89 19 -7 12 21 48

0 13 88 8 -14 1 29 10

0 10 89 36 -13 7 29 11

0 34 98 47 -6 37 43 35

0 3 79 4 -20 26 48 19

0 60 67 80 -7 0 3 42

0 22 59 89 -18 39 49 28

0 12 65 53 -12 4 10 32

0 22 32 16 -14 27 37 28

0 22 87 80 -9 41 44 32

0 28 76 57 -20 0 32 31

0 23 43 37 -16 11 20 48

0 3 23 97 -7 4 20 4

0 7 36 16 -9 2 28 4

0 31 36 49 -9 7 18 46

0 7 17 33 -7 6 22 21

0 7 19 32 -3 2 25 4

0 0 41 93 -1 17 22 1

0 30 41 9 -8 0 5 41

0 13 33 95 -3 20 24 43

0 8 58 36 -5 26 43 31

0 3 6 25 -4 6 15 11

0 10 25 74 -7 3 15 18

0 5 42 71 -19 25 27 43

0 11 47 42 -5 8 21 37

0 26 42 3 -1 0 1 41

0 4 14 17 -6 15 30 7

0 10 68 52 -3 15 22 45

0 19 80 92 -3 8 37 48

0 46 47 71 -13 2 4 49

0 5 16 93 -17 25 43 0

0 46 48 1 -7 32 42 41

0 2 12 80 -15 25 29 44

0 3 36 98 -9 3 4 32

0 20 39 24 -12 7 8 47

0 1 11 21 -10 6 8 9

0 34 61 8 -10 3 47 23

0 4 29 43 -3 30 31 42

0 7 15 17 -9 6 44 23

0 13 17 95 -17 39 48 10

0 34 40 86 -2 5 49 40

0 5 14 90 -18 9 43 49

0 0 37 23 -10 3 15 22

0 21 23 27 -18 13 28 49

0 6 25 69 -13 5 10 45

0 8 43 20 -3 2 27 40

0 10 46 4 -4 6 24 21

0 2 7 64 -6 9 14 2

0 8 19 46 -2 1 3 40

0 0 5 39 -19 16 17 8

0 1 14 55 -12 3 49 47

0 12 14 39 -17 4 13 4

0 13 38 13 -20 18 49 1

0 0 2 70 -11 20 26 15

0 6 34 30 -1 15 27 33

0 10 55 63 -13 4 5 36

0 1 10 77 -17 5 22 3

0 0 2 51 -10 30 49 37

0 5 17 50 -6 1 4 26

0 0 1 90 -20 0 5 40

0 1 14 46 -1 1 5 17

0 3 4 96 -8 2 48 23

0 5 7 6 -4 1 2 48

0 2 4 82 -16 5 11 47


SAlphaB: 731.0, std-dev 253.36672447404587

Earliest win: 35
Latest win: 81

WinDepth:
0 0 0 0 0 0 0 0 0 0 0 0 0 0 0 0 0 0 0 0 0 0 0 0 0 0 0 0 0 0 0 0 0 0 0 1 0 4 0 1 3 4 2 15 6 14 11 24 27 50 56 153 88 115 115 147 121 179 109 174 150 281 232 325 337 335 412 439 409 404 456 427 443 400 394 394 257 274 185 157 92 75 
SAlphaB:
0 0 0 0 0 0 0 0 0 0 0 0 0 0 0 0 0 0 0 0 0 0 0 0 0 0 0 0 0 0 0 0 0 0 0 1 0 4 0 1 3 4 2 15 6 14 11 24 27 50 56 153 88 115 115 147 121 179 109 174 150 281 232 325 337 335 412 439 409 404 456 427 443 400 394 394 257 274 185 157 92 75 

LossDepth:
SAlphaB:
0 0 0 0 0 0 0 0 0 0 0 0 0 0 0 0 0 0 0 0 0 0 0 0 0 0 0 0 0 0 0 0 0 0 0 1 0 4 0 1 3 4 2 15 6 14 11 24 27 50 56 153 88 115 115 147 121 179 109 174 150 281 232 325 337 335 412 439 409 404 456 427 443 400 394 394 257 274 185 157 92 75 

FirstWin:
0 0 0 0 0 0 0 0 0 0 0 0 0 0 0 0 0 0 0 0 0 0 0 0 0 0 0 0 0 0 0 0 0 0 0 1 0 4 0 1 0 4 0 15 0 14 0 24 0 50 0 153 0 115 0 147 0 179 0 174 0 281 0 325 0 335 0 439 0 404 0 427 0 400 0 394 0 274 0 157 0 75 
SAlphaB:
0 0 0 0 0 0 0 0 0 0 0 0 0 0 0 0 0 0 0 0 0 0 0 0 0 0 0 0 0 0 0 0 0 0 0 1 0 4 0 1 0 4 0 15 0 14 0 24 0 50 0 153 0 115 0 147 0 179 0 174 0 281 0 325 0 335 0 439 0 404 0 427 0 400 0 394 0 274 0 157 0 75 

SecondWin:
0 0 0 0 0 0 0 0 0 0 0 0 0 0 0 0 0 0 0 0 0 0 0 0 0 0 0 0 0 0 0 0 0 0 0 0 0 0 0 0 3 0 2 0 6 0 11 0 27 0 56 0 88 0 115 0 121 0 109 0 150 0 232 0 337 0 412 0 409 0 456 0 443 0 394 0 257 0 185 0 92 0 
SAlphaB:
0 0 0 0 0 0 0 0 0 0 0 0 0 0 0 0 0 0 0 0 0 0 0 0 0 0 0 0 0 0 0 0 0 0 0 0 0 0 0 0 3 0 2 0 6 0 11 0 27 0 56 0 88 0 115 0 121 0 109 0 150 0 232 0 337 0 412 0 409 0 456 0 443 0 394 0 257 0 185 0 92 0 
