0 46 71 49 -8 10 27 0

0 58 73 78 -13 1 26 24

0 45 84 16 -5 7 15 5

0 32 94 49 -18 0 8 13

0 7 47 6 -10 1 3 6

0 64 99 30 -7 26 31 23

0 54 89 70 -1 3 13 21

0 30 77 23 -17 10 18 43

0 62 71 34 -8 11 15 1

0 19 25 58 -13 0 1 6

0 12 70 34 -14 12 24 12

0 43 59 61 -9 2 5 31

0 23 59 94 -5 4 23 14

0 52 76 69 -20 7 31 1

0 48 98 9 -1 26 30 36

0 65 73 55 -2 1 6 6

0 30 51 2 -2 9 17 34

0 57 88 7 -7 1 6 16

0 35 84 44 -4 0 8 31

0 7 87 23 -9 0 2 31

0 65 74 43 -1 12 40 45

0 42 70 58 -19 0 2 16

0 51 98 30 -7 10 42 42

0 76 87 85 -18 2 4 26

0 21 27 67 -4 30 48 33

0 36 70 47 -9 18 33 46

0 32 94 37 -6 0 19 32

0 48 79 58 -5 3 34 39

0 79 83 0 -11 4 19 21

0 5 72 91 -8 40 42 2

0 15 93 2 -1 0 9 27

0 49 72 89 -7 16 30 10

0 19 46 95 -18 0 22 28

0 37 52 67 -17 3 33 15

0 55 56 32 -11 20 32 1

0 25 91 30 -17 4 48 14

0 13 44 77 -3 1 2 28

0 33 96 43 -8 4 47 18

0 26 35 42 -18 1 2 2

0 40 43 59 -16 5 45 21

0 37 44 47 -20 16 29 38

0 47 69 24 -6 3 12 48

0 15 70 16 -9 2 22 17

0 1 21 92 -16 8 14 13

0 30 36 17 -18 33 38 2

0 30 78 92 -18 22 46 48

0 10 89 40 -1 24 39 16

0 5 69 96 -17 2 3 48

0 75 76 10 -5 8 10 24

0 75 99 66 -2 3 22 38

0 62 65 88 -4 0 12 33

0 17 41 27 -11 12 37 11

0 16 70 54 -16 9 23 47

0 2 4 86 -15 20 23 44

0 4 28 95 -18 6 18 39

0 58 62 82 -20 20 21 28

0 53 99 3 -18 22 43 25

0 14 40 66 -17 9 30 21

0 1 23 49 -17 1 2 37

0 54 63 1 -7 25 26 42

0 18 22 35 -16 13 38 26

0 23 61 56 -10 8 47 37

0 17 24 32 -10 10 30 34

0 5 52 43 -13 8 16 36

0 22 24 74 -14 31 49 17

0 11 20 0 -17 10 21 2

0 23 30 16 -12 40 42 40

0 2 23 86 -18 21 34 31

0 17 38 4 -8 12 20 0

0 13 55 95 -10 8 13 48

0 1 28 4 -17 11 40 14

0 15 18 34 -14 1 46 5

0 27 33 22 -13 21 42 26

0 24 32 47 -15 11 13 7

0 12 89 55 -11 2 28 20

0 75 81 68 -19 39 41 17

0 36 57 3 -8 4 47 37

0 9 22 19 -14 7 28 20

0 1 4 6 -19 0 6 5

0 12 14 49 -19 40 45 1

0 30 87 7 -10 29 36 40

0 0 8 29 -4 10 30 0

0 2 3 2 -18 16 32 17

0 3 27 96 -12 0 36 2

0 6 24 24 -7 22 38 6

0 1 5 92 -13 29 31 27

0 0 1 95 -12 5 45 16

0 8 12 60 -3 4 41 7

0 0 1 22 -17 11 17 9

0 0 5 8 -12 34 43 44

0 0 1 43 -3 6 7 1

0 0 2 72 -13 3 4 21

0 10 13 48 -15 19 46 40

0 1 19 57 -11 5 13 48

0 7 47 27 -2 3 40 33

0 2 12 30 -14 5 6 27

0 7 19 24 -19 6 24 45

0 0 2 58 -2 0 4 19

0 4 6 15 -3 5 19 0

0 12 20 12 -7 4 27 49


SAlphaB: 743.0, std-dev 275.989627330339

Earliest win: 37
Latest win: 81

WinDepth:
0 0 0 0 0 0 0 0 0 0 0 0 0 0 0 0 0 0 0 0 0 0 0 0 0 0 0 0 0 0 0 0 0 0 0 0 0 2 0 3 2 2 1 8 9 28 14 39 39 66 61 124 60 108 88 175 115 177 131 166 186 247 247 356 286 395 417 376 413 443 424 443 468 439 400 359 241 228 187 138 107 95 
SAlphaB:
0 0 0 0 0 0 0 0 0 0 0 0 0 0 0 0 0 0 0 0 0 0 0 0 0 0 0 0 0 0 0 0 0 0 0 0 0 2 0 3 2 2 1 8 9 28 14 39 39 66 61 124 60 108 88 175 115 177 131 166 186 247 247 356 286 395 417 376 413 443 424 443 468 439 400 359 241 228 187 138 107 95 

LossDepth:
SAlphaB:
0 0 0 0 0 0 0 0 0 0 0 0 0 0 0 0 0 0 0 0 0 0 0 0 0 0 0 0 0 0 0 0 0 0 0 0 0 2 0 3 2 2 1 8 9 28 14 39 39 66 61 124 60 108 88 175 115 177 131 166 186 247 247 356 286 395 417 376 413 443 424 443 468 439 400 359 241 228 187 138 107 95 

FirstWin:
0 0 0 0 0 0 0 0 0 0 0 0 0 0 0 0 0 0 0 0 0 0 0 0 0 0 0 0 0 0 0 0 0 0 0 0 0 2 0 3 0 2 0 8 0 28 0 39 0 66 0 124 0 108 0 175 0 177 0 166 0 247 0 356 0 395 0 376 0 443 0 443 0 439 0 359 0 228 0 138 0 95 
SAlphaB:
0 0 0 0 0 0 0 0 0 0 0 0 0 0 0 0 0 0 0 0 0 0 0 0 0 0 0 0 0 0 0 0 0 0 0 0 0 2 0 3 0 2 0 8 0 28 0 39 0 66 0 124 0 108 0 175 0 177 0 166 0 247 0 356 0 395 0 376 0 443 0 443 0 439 0 359 0 228 0 138 0 95 

SecondWin:
0 0 0 0 0 0 0 0 0 0 0 0 0 0 0 0 0 0 0 0 0 0 0 0 0 0 0 0 0 0 0 0 0 0 0 0 0 0 0 0 2 0 1 0 9 0 14 0 39 0 61 0 60 0 88 0 115 0 131 0 186 0 247 0 286 0 417 0 413 0 424 0 468 0 400 0 241 0 187 0 107 0 
SAlphaB:
0 0 0 0 0 0 0 0 0 0 0 0 0 0 0 0 0 0 0 0 0 0 0 0 0 0 0 0 0 0 0 0 0 0 0 0 0 0 0 0 2 0 1 0 9 0 14 0 39 0 61 0 60 0 88 0 115 0 131 0 186 0 247 0 286 0 417 0 413 0 424 0 468 0 400 0 241 0 187 0 107 0 
