0 63 64 34 -6 5 17 7

0 19 41 14 -15 0 2 23

0 6 24 30 -12 5 11 11

0 56 75 80 -13 10 21 5

0 42 91 39 -9 7 23 15

0 42 87 49 -1 5 17 29

0 7 68 66 -20 9 46 43

0 30 62 91 -11 16 26 10

0 56 78 26 -2 13 39 4

0 82 98 85 -11 6 18 32

0 4 71 78 -7 39 42 3

0 45 48 61 -17 8 15 6

0 7 53 81 -10 15 18 13

0 35 40 50 -20 3 5 0

0 6 29 98 -5 11 20 13

0 51 61 4 -14 0 18 25

0 36 83 79 -7 24 47 35

0 2 75 23 -17 18 35 6

0 72 97 82 -14 5 9 30

0 30 97 72 -17 12 31 33

0 26 99 76 -1 17 19 40

0 18 71 66 -11 0 11 43

0 31 63 35 -15 11 20 6

0 6 80 76 -6 12 26 4

0 6 47 86 -6 2 30 7

0 15 30 71 -4 5 17 25

0 21 51 69 -17 6 20 4

0 42 60 10 -13 3 6 6

0 61 63 92 -17 6 7 13

0 65 90 93 -11 1 5 19

0 32 49 26 -1 18 38 38

0 4 86 62 -11 23 41 4

0 23 77 32 -14 7 45 27

0 17 92 21 -5 19 44 28

0 35 60 33 -4 8 45 2

0 9 43 31 -5 26 47 18

0 9 68 88 -8 2 8 7

0 16 45 81 -12 16 45 41

0 11 67 38 -16 0 29 8

0 11 18 37 -18 5 6 15

0 54 55 37 -6 3 34 34

0 27 48 28 -14 4 38 4

0 33 53 53 -4 1 20 12

0 4 19 57 -12 7 20 18

0 57 97 77 -8 0 44 4

0 60 86 21 -12 13 23 36

0 26 38 42 -2 37 44 0

0 33 45 75 -18 26 43 34

0 14 52 37 -17 9 11 26

0 8 18 17 -1 3 5 16

0 13 23 6 -20 13 32 18

0 54 89 99 -20 17 49 15

0 7 21 42 -3 10 42 11

0 3 16 22 -16 6 30 7

0 18 27 62 -4 11 18 47

0 6 80 4 -1 23 28 47

0 13 28 37 -18 0 9 2

0 18 43 38 -7 20 23 20

0 5 45 40 -20 25 27 42

0 77 81 13 -9 1 17 42

0 0 38 27 -19 32 35 10

0 4 87 24 -5 3 10 17

0 37 58 21 -14 6 10 29

0 24 51 23 -3 15 16 33

0 36 51 93 -1 31 42 40

0 6 34 21 -19 6 13 34

0 2 4 48 -16 10 32 11

0 25 29 80 -14 11 14 27

0 38 56 50 -6 26 27 32

0 65 68 74 -8 38 45 29

0 2 36 18 -12 13 16 27

0 28 41 55 -4 0 3 49

0 17 27 67 -7 17 24 26

0 0 86 64 -15 10 12 46

0 6 10 19 -17 0 2 4

0 10 23 46 -13 7 23 47

0 5 50 44 -7 15 45 6

0 9 11 64 -19 27 31 45

0 2 5 86 -13 1 2 2

0 17 25 98 -17 1 4 45

0 6 9 95 -18 5 26 49

0 0 13 53 -19 28 46 23

0 7 13 62 -8 8 41 42

0 3 52 12 -8 2 6 27

0 3 6 7 -3 13 25 0

0 37 61 11 -6 16 18 45

0 11 13 86 -20 8 25 46

0 0 2 84 -2 22 34 35

0 3 18 59 -19 10 34 29

0 7 16 74 -2 2 11 11

0 3 14 48 -3 4 46 9

0 8 10 7 -12 13 43 1

0 2 3 56 -10 8 32 29

0 1 10 99 -13 19 40 44

0 4 6 35 -8 44 48 9

0 0 18 30 -17 11 16 21

0 1 24 97 -16 22 37 45

0 2 14 16 -7 31 46 38

0 0 11 59 -3 1 9 22

0 0 5 51 -3 27 33 4


SAlphaB: 720.0, std-dev 267.2886221395376

Earliest win: 37
Latest win: 81

WinDepth:
0 0 0 0 0 0 0 0 0 0 0 0 0 0 0 0 0 0 0 0 0 0 0 0 0 0 0 0 0 0 0 0 0 0 0 0 0 3 0 2 1 15 5 3 11 14 7 30 18 60 40 241 82 123 96 161 97 187 153 147 145 238 213 375 342 412 389 441 454 456 446 436 422 377 401 348 279 223 188 121 97 76 
SAlphaB:
0 0 0 0 0 0 0 0 0 0 0 0 0 0 0 0 0 0 0 0 0 0 0 0 0 0 0 0 0 0 0 0 0 0 0 0 0 3 0 2 1 15 5 3 11 14 7 30 18 60 40 241 82 123 96 161 97 187 153 147 145 238 213 375 342 412 389 441 454 456 446 436 422 377 401 348 279 223 188 121 97 76 

LossDepth:
SAlphaB:
0 0 0 0 0 0 0 0 0 0 0 0 0 0 0 0 0 0 0 0 0 0 0 0 0 0 0 0 0 0 0 0 0 0 0 0 0 3 0 2 1 15 5 3 11 14 7 30 18 60 40 241 82 123 96 161 97 187 153 147 145 238 213 375 342 412 389 441 454 456 446 436 422 377 401 348 279 223 188 121 97 76 

FirstWin:
0 0 0 0 0 0 0 0 0 0 0 0 0 0 0 0 0 0 0 0 0 0 0 0 0 0 0 0 0 0 0 0 0 0 0 0 0 3 0 2 0 15 0 3 0 14 0 30 0 60 0 241 0 123 0 161 0 187 0 147 0 238 0 375 0 412 0 441 0 456 0 436 0 377 0 348 0 223 0 121 0 76 
SAlphaB:
0 0 0 0 0 0 0 0 0 0 0 0 0 0 0 0 0 0 0 0 0 0 0 0 0 0 0 0 0 0 0 0 0 0 0 0 0 3 0 2 0 15 0 3 0 14 0 30 0 60 0 241 0 123 0 161 0 187 0 147 0 238 0 375 0 412 0 441 0 456 0 436 0 377 0 348 0 223 0 121 0 76 

SecondWin:
0 0 0 0 0 0 0 0 0 0 0 0 0 0 0 0 0 0 0 0 0 0 0 0 0 0 0 0 0 0 0 0 0 0 0 0 0 0 0 0 1 0 5 0 11 0 7 0 18 0 40 0 82 0 96 0 97 0 153 0 145 0 213 0 342 0 389 0 454 0 446 0 422 0 401 0 279 0 188 0 97 0 
SAlphaB:
0 0 0 0 0 0 0 0 0 0 0 0 0 0 0 0 0 0 0 0 0 0 0 0 0 0 0 0 0 0 0 0 0 0 0 0 0 0 0 0 1 0 5 0 11 0 7 0 18 0 40 0 82 0 96 0 97 0 153 0 145 0 213 0 342 0 389 0 454 0 446 0 422 0 401 0 279 0 188 0 97 0 
