0 53 73 77 -11 7 23 12

0 10 88 75 -2 10 21 3

0 49 62 86 -14 14 29 47

0 62 69 79 -12 8 19 13

0 34 40 57 -4 26 38 6

0 68 79 78 -20 8 43 31

0 55 81 69 -8 0 24 17

0 27 62 86 -10 20 36 2

0 75 89 46 -5 15 33 25

0 44 60 1 -5 0 9 29

0 58 69 20 -12 1 7 39

0 75 93 3 -14 3 17 44

0 39 42 81 -18 2 11 17

0 83 99 7 -18 2 34 38

0 53 90 87 -18 9 10 30

0 78 84 63 -14 1 14 2

0 25 57 24 -1 6 41 3

0 1 37 81 -18 3 7 9

0 16 71 45 -2 2 5 26

0 10 54 98 -19 4 11 15

0 42 75 9 -9 0 5 36

0 46 50 79 -16 9 17 30

0 33 36 36 -14 3 6 8

0 26 54 65 -16 1 8 47

0 23 52 30 -15 26 39 24

0 28 34 33 -15 6 19 21

0 9 64 52 -19 24 26 17

0 60 99 8 -17 7 10 36

0 72 73 88 -15 2 15 17

0 21 42 91 -3 2 11 38

0 34 55 8 -5 4 5 10

0 5 62 5 -11 0 1 41

0 74 79 79 -3 6 29 46

0 24 73 77 -3 40 43 33

0 18 50 47 -3 9 17 6

0 27 50 45 -7 5 16 34

0 52 61 10 -10 21 35 34

0 30 54 77 -14 0 35 14

0 85 99 17 -16 24 43 21

0 19 20 57 -14 2 5 0

0 55 83 5 -9 4 5 8

0 41 44 3 -11 5 10 47

0 37 88 83 -2 3 10 42

0 16 88 24 -20 19 40 12

0 20 77 42 -1 19 28 2

0 5 47 46 -18 2 4 46

0 36 46 86 -19 23 41 49

0 10 43 84 -15 0 1 48

0 49 81 67 -11 18 21 12

0 10 37 2 -6 16 21 11

0 15 21 28 -6 11 20 36

0 23 83 50 -16 8 40 22

0 37 47 69 -19 0 2 44

0 30 93 78 -14 8 46 22

0 8 14 10 -19 1 16 4

0 15 53 7 -4 11 25 4

0 47 66 24 -7 18 43 46

0 32 60 20 -2 41 42 40

0 45 52 61 -18 35 38 28

0 23 27 21 -8 12 14 22

0 4 61 40 -3 24 31 37

0 27 33 94 -1 25 41 38

0 36 37 13 -10 16 18 44

0 2 58 66 -10 0 37 19

0 6 46 73 -8 9 11 48

0 15 23 36 -15 20 35 15

0 2 3 27 -18 3 13 17

0 3 71 2 -20 3 7 45

0 0 44 13 -15 0 45 42

0 21 31 25 -7 4 44 0

0 12 33 13 -18 9 15 20

0 8 16 36 -19 6 13 39

0 6 25 44 -4 3 8 45

0 15 42 99 -15 2 32 12

0 8 30 17 -10 14 30 5

0 0 3 66 -18 28 33 33

0 2 4 64 -4 21 22 10

0 16 49 17 -7 46 49 0

0 7 16 69 -4 22 49 44

0 1 3 19 -18 0 4 22

0 2 5 24 -19 1 3 23

0 1 2 87 -2 29 47 39

0 0 19 43 -14 6 43 27

0 10 17 92 -3 1 18 14

0 0 15 1 -19 16 21 4

0 6 74 24 -19 6 28 36

0 11 30 27 -12 35 37 49

0 6 20 84 -12 24 31 9

0 20 24 56 -13 2 33 32

0 5 26 32 -12 1 26 12

0 2 3 69 -14 1 39 2

0 2 13 28 -2 2 4 36

0 6 28 18 -6 0 7 45

0 1 10 48 -20 24 39 33

0 3 7 69 -11 16 44 35

0 2 5 66 -3 10 12 1

0 0 1 93 -20 7 35 45

0 4 7 13 -16 6 46 39

0 0 20 45 -18 11 38 4

0 14 28 62 -8 1 39 40


SAlphaB: 711.0, std-dev 251.9362254960007

Earliest win: 37
Latest win: 81

WinDepth:
0 0 0 0 0 0 0 0 0 0 0 0 0 0 0 0 0 0 0 0 0 0 0 0 0 0 0 0 0 0 0 0 0 0 0 0 0 6 0 4 11 8 3 28 5 30 15 34 24 58 75 183 75 111 128 161 112 186 134 184 143 216 229 347 337 377 389 376 458 357 416 465 489 381 429 338 276 225 192 116 122 93 
SAlphaB:
0 0 0 0 0 0 0 0 0 0 0 0 0 0 0 0 0 0 0 0 0 0 0 0 0 0 0 0 0 0 0 0 0 0 0 0 0 6 0 4 11 8 3 28 5 30 15 34 24 58 75 183 75 111 128 161 112 186 134 184 143 216 229 347 337 377 389 376 458 357 416 465 489 381 429 338 276 225 192 116 122 93 

LossDepth:
SAlphaB:
0 0 0 0 0 0 0 0 0 0 0 0 0 0 0 0 0 0 0 0 0 0 0 0 0 0 0 0 0 0 0 0 0 0 0 0 0 6 0 4 11 8 3 28 5 30 15 34 24 58 75 183 75 111 128 161 112 186 134 184 143 216 229 347 337 377 389 376 458 357 416 465 489 381 429 338 276 225 192 116 122 93 

FirstWin:
0 0 0 0 0 0 0 0 0 0 0 0 0 0 0 0 0 0 0 0 0 0 0 0 0 0 0 0 0 0 0 0 0 0 0 0 0 6 0 4 0 8 0 28 0 30 0 34 0 58 0 183 0 111 0 161 0 186 0 184 0 216 0 347 0 377 0 376 0 357 0 465 0 381 0 338 0 225 0 116 0 93 
SAlphaB:
0 0 0 0 0 0 0 0 0 0 0 0 0 0 0 0 0 0 0 0 0 0 0 0 0 0 0 0 0 0 0 0 0 0 0 0 0 6 0 4 0 8 0 28 0 30 0 34 0 58 0 183 0 111 0 161 0 186 0 184 0 216 0 347 0 377 0 376 0 357 0 465 0 381 0 338 0 225 0 116 0 93 

SecondWin:
0 0 0 0 0 0 0 0 0 0 0 0 0 0 0 0 0 0 0 0 0 0 0 0 0 0 0 0 0 0 0 0 0 0 0 0 0 0 0 0 11 0 3 0 5 0 15 0 24 0 75 0 75 0 128 0 112 0 134 0 143 0 229 0 337 0 389 0 458 0 416 0 489 0 429 0 276 0 192 0 122 0 
SAlphaB:
0 0 0 0 0 0 0 0 0 0 0 0 0 0 0 0 0 0 0 0 0 0 0 0 0 0 0 0 0 0 0 0 0 0 0 0 0 0 0 0 11 0 3 0 5 0 15 0 24 0 75 0 75 0 128 0 112 0 134 0 143 0 229 0 337 0 389 0 458 0 416 0 489 0 429 0 276 0 192 0 122 0 
