0 24 32 28 -10 5 7 5

0 39 88 6 -16 6 23 4

0 30 49 24 -17 3 13 27

0 12 50 55 -11 0 5 13

0 16 55 13 -12 0 1 10

0 34 74 5 -3 3 21 6

0 15 28 92 -8 1 7 24

0 53 96 61 -6 1 3 22

0 61 81 80 -15 2 4 2

0 27 94 75 -6 12 17 35

0 37 61 49 -20 0 2 48

0 16 83 99 -13 15 19 13

0 36 61 51 -1 11 18 14

0 12 91 23 -5 0 4 24

0 73 85 23 -11 1 2 36

0 38 40 95 -17 9 30 42

0 46 69 31 -9 4 36 25

0 51 52 80 -20 4 30 10

0 67 68 88 -11 13 28 32

0 72 86 18 -4 7 22 30

0 31 61 72 -5 14 16 37

0 4 25 73 -6 9 18 1

0 40 59 94 -15 5 26 39

0 48 50 73 -14 0 4 37

0 34 51 95 -5 14 35 14

0 66 92 20 -12 1 11 40

0 47 71 92 -18 3 5 2

0 56 61 94 -5 22 39 36

0 32 73 36 -20 13 39 34

0 63 73 87 -20 1 5 11

0 15 31 42 -15 2 10 18

0 32 67 88 -15 14 25 0

0 65 79 47 -17 11 23 37

0 48 50 37 -16 15 30 29

0 20 81 12 -19 27 30 30

0 12 52 78 -18 3 23 32

0 9 31 88 -12 0 1 40

0 55 68 28 -18 17 23 10

0 40 45 34 -20 1 10 33

0 51 99 21 -19 30 39 18

0 11 91 73 -7 31 35 25

0 46 59 97 -10 18 28 26

0 36 45 61 -8 2 22 41

0 6 29 91 -19 0 26 17

0 49 69 19 -2 1 5 24

0 11 43 68 -4 6 9 39

0 13 62 74 -8 4 7 41

0 24 71 21 -18 17 28 15

0 2 98 44 -12 14 32 49

0 16 43 78 -11 11 21 9

0 10 38 11 -11 8 30 35

0 17 34 53 -17 16 31 0

0 11 32 49 -15 20 24 17

0 39 67 90 -2 1 18 40

0 14 24 95 -17 10 14 36

0 0 52 47 -11 8 12 37

0 28 88 54 -20 6 31 12

0 20 23 46 -14 10 19 20

0 42 99 42 -5 26 46 44

0 35 48 54 -9 23 25 14

0 16 41 8 -12 0 15 45

0 5 16 95 -11 29 38 36

0 17 28 81 -11 18 21 28

0 32 44 44 -19 31 41 34

0 9 20 69 -5 8 9 22

0 35 74 61 -10 28 49 40

0 54 86 0 -11 0 1 48

0 46 47 75 -1 10 42 47

0 40 47 79 -12 44 45 35

0 9 10 1 -11 7 9 18

0 5 24 20 -5 1 36 7

0 16 51 75 -10 12 18 46

0 1 53 60 -15 39 41 48

0 9 18 16 -18 11 24 17

0 18 56 44 -3 29 31 0

0 2 3 37 -10 15 22 29

0 6 57 41 -8 23 27 44

0 1 32 8 -5 1 2 30

0 13 28 41 -1 8 39 19

0 11 21 87 -13 1 13 25

0 25 52 98 -16 7 45 17

0 6 66 50 -15 26 36 48

0 3 5 30 -9 20 44 21

0 64 71 91 -8 36 45 42

0 13 43 94 -15 1 18 43

0 5 20 94 -16 6 44 42

0 0 1 30 -15 4 12 30

0 32 41 10 -12 4 48 25

0 6 29 71 -2 9 38 44

0 7 17 28 -7 14 26 11

0 14 44 60 -12 1 42 21

0 5 6 65 -17 23 38 48

0 10 17 71 -16 26 47 38

0 25 34 17 -19 10 45 15

0 1 5 54 -17 8 18 19

0 5 30 9 -18 19 25 5

0 8 12 26 -18 8 15 26

0 5 17 18 -5 0 15 15

0 4 7 11 -7 3 22 48

0 0 3 34 -8 4 8 49


SAlphaB: 711.0, std-dev 260.7327018580175

Earliest win: 37
Latest win: 81

WinDepth:
0 0 0 0 0 0 0 0 0 0 0 0 0 0 0 0 0 0 0 0 0 0 0 0 0 0 0 0 0 0 0 0 0 0 0 0 0 2 0 3 9 3 2 7 7 11 11 32 34 88 51 162 72 133 96 170 152 177 137 201 152 217 223 327 348 369 402 440 452 411 495 476 477 374 376 365 267 241 170 125 89 72 
SAlphaB:
0 0 0 0 0 0 0 0 0 0 0 0 0 0 0 0 0 0 0 0 0 0 0 0 0 0 0 0 0 0 0 0 0 0 0 0 0 2 0 3 9 3 2 7 7 11 11 32 34 88 51 162 72 133 96 170 152 177 137 201 152 217 223 327 348 369 402 440 452 411 495 476 477 374 376 365 267 241 170 125 89 72 

LossDepth:
SAlphaB:
0 0 0 0 0 0 0 0 0 0 0 0 0 0 0 0 0 0 0 0 0 0 0 0 0 0 0 0 0 0 0 0 0 0 0 0 0 2 0 3 9 3 2 7 7 11 11 32 34 88 51 162 72 133 96 170 152 177 137 201 152 217 223 327 348 369 402 440 452 411 495 476 477 374 376 365 267 241 170 125 89 72 

FirstWin:
0 0 0 0 0 0 0 0 0 0 0 0 0 0 0 0 0 0 0 0 0 0 0 0 0 0 0 0 0 0 0 0 0 0 0 0 0 2 0 3 0 3 0 7 0 11 0 32 0 88 0 162 0 133 0 170 0 177 0 201 0 217 0 327 0 369 0 440 0 411 0 476 0 374 0 365 0 241 0 125 0 72 
SAlphaB:
0 0 0 0 0 0 0 0 0 0 0 0 0 0 0 0 0 0 0 0 0 0 0 0 0 0 0 0 0 0 0 0 0 0 0 0 0 2 0 3 0 3 0 7 0 11 0 32 0 88 0 162 0 133 0 170 0 177 0 201 0 217 0 327 0 369 0 440 0 411 0 476 0 374 0 365 0 241 0 125 0 72 

SecondWin:
0 0 0 0 0 0 0 0 0 0 0 0 0 0 0 0 0 0 0 0 0 0 0 0 0 0 0 0 0 0 0 0 0 0 0 0 0 0 0 0 9 0 2 0 7 0 11 0 34 0 51 0 72 0 96 0 152 0 137 0 152 0 223 0 348 0 402 0 452 0 495 0 477 0 376 0 267 0 170 0 89 0 
SAlphaB:
0 0 0 0 0 0 0 0 0 0 0 0 0 0 0 0 0 0 0 0 0 0 0 0 0 0 0 0 0 0 0 0 0 0 0 0 0 0 0 0 9 0 2 0 7 0 11 0 34 0 51 0 72 0 96 0 152 0 137 0 152 0 223 0 348 0 402 0 452 0 495 0 477 0 376 0 267 0 170 0 89 0 
