0 16 96 79 -7 1 11 23

0 22 68 20 -14 1 9 22

0 68 80 47 -4 12 45 28

0 23 76 65 -6 1 9 27

0 70 97 42 -11 10 40 24

0 29 94 31 -12 6 23 37

0 74 81 77 -17 1 3 22

0 41 46 65 -19 6 21 33

0 63 66 51 -8 5 16 36

0 26 73 33 -8 12 13 14

0 61 70 31 -10 12 42 43

0 38 88 71 -12 7 35 39

0 35 91 74 -6 1 4 18

0 50 58 29 -11 9 16 9

0 9 59 19 -12 14 35 4

0 82 97 33 -19 9 45 12

0 20 27 47 -8 4 6 20

0 3 84 71 -9 39 41 1

0 9 11 85 -1 2 4 5

0 19 56 31 -2 4 21 3

0 12 31 13 -7 5 6 22

0 6 29 9 -6 0 1 18

0 52 75 68 -10 10 13 17

0 10 87 51 -3 0 8 31

0 87 95 71 -8 8 9 45

0 12 54 51 -13 0 4 42

0 26 40 35 -15 18 46 23

0 31 85 87 -16 15 17 5

0 22 49 74 -13 23 36 2

0 36 37 11 -8 23 40 11

0 3 79 80 -20 3 9 30

0 5 83 84 -5 1 12 12

0 41 74 21 -15 11 36 12

0 40 44 78 -2 46 48 16

0 12 76 41 -20 5 19 46

0 24 73 67 -1 11 14 16

0 40 48 31 -12 5 29 4

0 14 19 35 -16 5 6 2

0 11 18 55 -4 13 29 19

0 38 76 23 -4 0 13 33

0 59 67 5 -16 17 28 34

0 7 25 78 -13 15 25 26

0 33 79 53 -19 20 36 43

0 16 38 19 -17 10 24 11

0 23 76 72 -7 28 38 22

0 15 66 96 -14 17 23 21

0 21 31 93 -5 0 9 34

0 64 65 24 -19 11 13 15

0 13 63 38 -6 3 12 23

0 28 33 45 -11 4 9 25

0 18 30 44 -20 23 48 34

0 26 44 63 -11 39 43 40

0 1 35 75 -20 28 31 39

0 39 64 25 -18 2 28 40

0 44 54 43 -1 40 41 44

0 18 43 27 -4 13 14 13

0 45 53 85 -6 20 46 37

0 4 97 41 -1 14 44 39

0 26 46 42 -11 36 45 41

0 62 74 9 -19 24 40 4

0 31 63 97 -10 1 3 36

0 81 93 32 -4 30 43 47

0 12 93 63 -11 3 5 49

0 44 46 81 -19 23 29 38

0 10 44 3 -17 33 35 23

0 3 19 54 -6 33 35 13

0 16 44 18 -1 26 30 2

0 6 57 44 -12 12 20 34

0 1 2 19 -12 15 28 20

0 33 91 8 -5 28 44 38

0 7 38 90 -17 18 27 27

0 26 77 52 -6 14 40 30

0 5 44 61 -12 13 14 47

0 17 20 51 -3 11 16 36

0 87 91 89 -1 0 9 42

0 13 26 27 -18 2 40 17

0 4 25 82 -2 3 7 16

0 30 56 2 -2 0 15 40

0 6 54 62 -5 41 48 24

0 9 18 62 -10 15 27 2

0 1 30 25 -4 5 32 37

0 2 3 27 -17 0 47 2

0 7 8 59 -16 0 1 45

0 19 23 9 -19 6 21 9

0 0 10 79 -11 12 39 38

0 2 19 95 -15 8 32 24

0 1 86 62 -12 2 16 45

0 66 81 26 -15 25 48 43

0 0 4 92 -18 10 15 16

0 3 12 47 -9 2 28 4

0 1 2 63 -18 25 38 8

0 0 7 78 -10 4 9 38

0 3 5 98 -16 29 32 5

0 7 20 15 -4 4 31 32

0 6 9 82 -3 14 33 44

0 0 5 77 -18 1 21 0

0 3 11 24 -7 7 38 48

0 3 4 1 -3 4 7 13

0 7 16 9 -6 36 47 4

0 4 25 44 -19 0 37 46


SAlphaB: 709.0, std-dev 265.50214983245723

Earliest win: 37
Latest win: 81

WinDepth:
0 0 0 0 0 0 0 0 0 0 0 0 0 0 0 0 0 0 0 0 0 0 0 0 0 0 0 0 0 0 0 0 0 0 0 0 0 2 1 1 16 3 3 6 12 20 19 37 34 84 112 152 75 106 104 180 89 186 177 183 169 248 219 311 322 340 369 409 464 391 446 427 436 396 353 372 240 249 199 148 95 86 
SAlphaB:
0 0 0 0 0 0 0 0 0 0 0 0 0 0 0 0 0 0 0 0 0 0 0 0 0 0 0 0 0 0 0 0 0 0 0 0 0 2 1 1 16 3 3 6 12 20 19 37 34 84 112 152 75 106 104 180 89 186 177 183 169 248 219 311 322 340 369 409 464 391 446 427 436 396 353 372 240 249 199 148 95 86 

LossDepth:
SAlphaB:
0 0 0 0 0 0 0 0 0 0 0 0 0 0 0 0 0 0 0 0 0 0 0 0 0 0 0 0 0 0 0 0 0 0 0 0 0 2 1 1 16 3 3 6 12 20 19 37 34 84 112 152 75 106 104 180 89 186 177 183 169 248 219 311 322 340 369 409 464 391 446 427 436 396 353 372 240 249 199 148 95 86 

FirstWin:
0 0 0 0 0 0 0 0 0 0 0 0 0 0 0 0 0 0 0 0 0 0 0 0 0 0 0 0 0 0 0 0 0 0 0 0 0 2 0 1 0 3 0 6 0 20 0 37 0 84 0 152 0 106 0 180 0 186 0 183 0 248 0 311 0 340 0 409 0 391 0 427 0 396 0 372 0 249 0 148 0 86 
SAlphaB:
0 0 0 0 0 0 0 0 0 0 0 0 0 0 0 0 0 0 0 0 0 0 0 0 0 0 0 0 0 0 0 0 0 0 0 0 0 2 0 1 0 3 0 6 0 20 0 37 0 84 0 152 0 106 0 180 0 186 0 183 0 248 0 311 0 340 0 409 0 391 0 427 0 396 0 372 0 249 0 148 0 86 

SecondWin:
0 0 0 0 0 0 0 0 0 0 0 0 0 0 0 0 0 0 0 0 0 0 0 0 0 0 0 0 0 0 0 0 0 0 0 0 0 0 1 0 16 0 3 0 12 0 19 0 34 0 112 0 75 0 104 0 89 0 177 0 169 0 219 0 322 0 369 0 464 0 446 0 436 0 353 0 240 0 199 0 95 0 
SAlphaB:
0 0 0 0 0 0 0 0 0 0 0 0 0 0 0 0 0 0 0 0 0 0 0 0 0 0 0 0 0 0 0 0 0 0 0 0 0 0 1 0 16 0 3 0 12 0 19 0 34 0 112 0 75 0 104 0 89 0 177 0 169 0 219 0 322 0 369 0 464 0 446 0 436 0 353 0 240 0 199 0 95 0 
