0 26 99 11 -13 3 15 1

0 49 65 17 -3 9 33 31

0 86 96 84 -11 10 43 42

0 53 81 32 -15 4 15 12

0 82 87 43 -20 9 27 18

0 10 60 77 -10 21 27 18

0 20 87 14 -15 1 6 3

0 69 73 80 -14 0 9 25

0 55 88 54 -16 4 39 25

0 81 90 11 -16 2 4 20

0 33 54 88 -17 8 22 32

0 61 92 66 -20 1 26 18

0 57 74 93 -14 13 18 36

0 7 34 48 -1 4 12 29

0 38 47 33 -18 2 12 13

0 67 87 68 -9 14 38 47

0 0 84 71 -6 10 18 34

0 2 89 56 -4 25 45 23

0 0 16 43 -12 0 1 18

0 67 76 16 -7 2 26 3

0 19 70 93 -9 4 12 15

0 46 63 7 -4 18 23 19

0 33 48 12 -5 3 4 26

0 76 77 26 -8 21 36 6

0 86 99 25 -18 0 27 41

0 26 50 86 -1 16 24 49

0 46 62 11 -6 1 6 0

0 21 91 45 -15 5 6 34

0 17 77 35 -12 32 49 2

0 41 85 98 -16 13 17 49

0 30 67 98 -5 12 20 47

0 5 58 34 -7 11 34 42

0 49 58 57 -8 0 21 20

0 62 65 80 -17 6 9 9

0 7 29 78 -9 8 18 8

0 84 90 21 -10 4 25 15

0 54 78 14 -2 13 21 10

0 35 61 64 -19 6 37 0

0 49 55 1 -5 29 45 3

0 90 96 10 -16 31 45 18

0 29 56 79 -9 10 19 26

0 4 31 72 -7 26 40 13

0 19 26 40 -18 1 2 10

0 11 22 97 -11 11 27 15

0 21 71 51 -9 1 22 29

0 0 42 62 -15 10 22 27

0 0 51 65 -20 4 6 44

0 25 29 4 -19 5 37 18

0 13 58 95 -5 8 35 5

0 28 65 1 -1 18 49 2

0 36 61 52 -16 17 18 25

0 37 99 11 -15 36 40 11

0 2 4 45 -19 1 11 8

0 60 75 10 -8 17 32 39

0 49 63 6 -8 4 5 42

0 54 55 85 -6 2 3 29

0 39 59 20 -6 5 6 44

0 26 30 47 -1 32 33 7

0 19 24 84 -19 0 11 14

0 6 47 98 -3 8 42 6

0 13 46 5 -6 0 3 35

0 3 93 29 -11 14 27 30

0 25 98 95 -3 28 30 6

0 33 41 1 -4 2 32 13

0 3 29 68 -8 4 9 32

0 31 37 79 -15 17 32 9

0 13 25 36 -9 7 26 47

0 11 23 83 -16 0 14 30

0 6 79 94 -18 1 2 33

0 47 76 33 -16 27 34 38

0 51 75 76 -3 45 49 42

0 19 32 54 -19 22 26 33

0 40 62 22 -16 16 29 20

0 0 55 98 -18 3 4 11

0 13 28 20 -18 9 40 28

0 9 35 25 -16 16 41 14

0 3 40 5 -12 41 43 17

0 21 32 34 -17 20 42 33

0 14 34 51 -13 23 45 27

0 3 4 55 -12 0 12 48

0 7 31 5 -11 40 49 31

0 6 58 98 -13 2 13 46

0 8 9 87 -9 1 16 21

0 8 19 80 -16 6 13 44

0 2 32 73 -9 7 32 36

0 2 12 2 -10 0 9 41

0 0 2 66 -20 18 32 28

0 23 36 89 -13 34 46 48

0 1 14 94 -14 6 10 43

0 4 21 17 -4 2 25 39

0 19 21 3 -20 2 47 36

0 1 2 4 -10 32 34 4

0 1 2 56 -19 0 36 31

0 6 16 61 -12 1 14 33

0 0 31 84 -17 14 47 6

0 9 20 64 -3 2 44 35

0 11 28 95 -1 30 44 49

0 0 15 35 -5 20 35 31

0 0 5 52 -8 5 22 47

0 10 13 70 -5 19 34 37


SAlphaB: 707.0, std-dev 258.3895491131735

Earliest win: 37
Latest win: 81

WinDepth:
0 0 0 0 0 0 0 0 0 0 0 0 0 0 0 0 0 0 0 0 0 0 0 0 0 0 0 0 0 0 0 0 0 0 0 0 0 3 1 9 11 7 2 8 5 22 8 24 35 85 84 141 70 114 78 200 107 201 148 239 169 255 266 331 316 345 422 396 439 429 410 484 412 392 383 393 257 235 172 131 96 66 
SAlphaB:
0 0 0 0 0 0 0 0 0 0 0 0 0 0 0 0 0 0 0 0 0 0 0 0 0 0 0 0 0 0 0 0 0 0 0 0 0 3 1 9 11 7 2 8 5 22 8 24 35 85 84 141 70 114 78 200 107 201 148 239 169 255 266 331 316 345 422 396 439 429 410 484 412 392 383 393 257 235 172 131 96 66 

LossDepth:
SAlphaB:
0 0 0 0 0 0 0 0 0 0 0 0 0 0 0 0 0 0 0 0 0 0 0 0 0 0 0 0 0 0 0 0 0 0 0 0 0 3 1 9 11 7 2 8 5 22 8 24 35 85 84 141 70 114 78 200 107 201 148 239 169 255 266 331 316 345 422 396 439 429 410 484 412 392 383 393 257 235 172 131 96 66 

FirstWin:
0 0 0 0 0 0 0 0 0 0 0 0 0 0 0 0 0 0 0 0 0 0 0 0 0 0 0 0 0 0 0 0 0 0 0 0 0 3 0 9 0 7 0 8 0 22 0 24 0 85 0 141 0 114 0 200 0 201 0 239 0 255 0 331 0 345 0 396 0 429 0 484 0 392 0 393 0 235 0 131 0 66 
SAlphaB:
0 0 0 0 0 0 0 0 0 0 0 0 0 0 0 0 0 0 0 0 0 0 0 0 0 0 0 0 0 0 0 0 0 0 0 0 0 3 0 9 0 7 0 8 0 22 0 24 0 85 0 141 0 114 0 200 0 201 0 239 0 255 0 331 0 345 0 396 0 429 0 484 0 392 0 393 0 235 0 131 0 66 

SecondWin:
0 0 0 0 0 0 0 0 0 0 0 0 0 0 0 0 0 0 0 0 0 0 0 0 0 0 0 0 0 0 0 0 0 0 0 0 0 0 1 0 11 0 2 0 5 0 8 0 35 0 84 0 70 0 78 0 107 0 148 0 169 0 266 0 316 0 422 0 439 0 410 0 412 0 383 0 257 0 172 0 96 0 
SAlphaB:
0 0 0 0 0 0 0 0 0 0 0 0 0 0 0 0 0 0 0 0 0 0 0 0 0 0 0 0 0 0 0 0 0 0 0 0 0 0 1 0 11 0 2 0 5 0 8 0 35 0 84 0 70 0 78 0 107 0 148 0 169 0 266 0 316 0 422 0 439 0 410 0 412 0 383 0 257 0 172 0 96 0 
