0 64 87 25 -7 11 32 8

0 25 43 41 -13 1 9 13

0 81 96 49 -3 8 36 12

0 55 89 39 -4 9 31 17

0 46 82 66 -4 3 9 2

0 40 65 4 -15 1 3 6

0 41 91 23 -7 2 8 0

0 40 71 17 -15 0 6 14

0 46 65 40 -19 1 6 15

0 36 50 33 -4 2 12 8

0 27 67 36 -11 2 25 18

0 33 76 90 -16 4 19 24

0 47 73 30 -1 15 34 34

0 70 73 33 -16 10 34 7

0 24 65 72 -5 1 6 5

0 68 85 5 -12 11 40 11

0 94 96 90 -4 11 46 25

0 19 36 25 -2 6 7 6

0 51 92 4 -17 1 7 20

0 73 81 80 -10 8 24 8

0 29 98 1 -1 2 11 1

0 27 55 31 -4 2 17 15

0 76 88 62 -17 13 34 11

0 90 98 95 -9 14 39 12

0 58 86 45 -8 9 21 24

0 38 75 33 -12 3 28 21

0 12 63 88 -9 1 2 6

0 47 89 47 -9 13 24 0

0 62 91 11 -10 8 25 4

0 32 34 38 -12 6 12 9

0 60 91 83 -7 9 39 31

0 45 75 39 -8 2 4 4

0 95 99 69 -6 9 35 33

0 53 91 19 -11 0 2 10

0 39 67 3 -1 6 8 2

0 56 93 51 -19 12 30 26

0 91 95 52 -12 0 48 22

0 47 72 56 -15 7 18 22

0 30 79 97 -2 3 18 0

0 38 62 25 -2 5 22 29

0 70 98 98 -13 4 21 2

0 60 83 82 -14 14 15 33

0 52 80 86 -10 4 13 22

0 61 71 61 -8 7 15 26

0 74 93 86 -20 14 18 3

0 28 84 62 -8 18 46 20

0 25 65 68 -6 22 44 3

0 39 73 19 -16 4 19 39

0 89 90 83 -14 1 31 16

0 24 50 15 -1 0 16 14

0 35 36 41 -1 4 21 6

0 44 73 5 -2 10 17 27

0 75 86 91 -7 14 36 46

0 26 49 92 -19 2 10 19

0 58 78 72 -9 8 25 16

0 46 53 54 -6 1 3 15

0 34 98 21 -3 2 9 14

0 35 72 7 -1 9 18 23

0 31 86 81 -12 7 12 2

0 63 64 16 -18 1 3 30

0 59 86 64 -20 3 37 0

0 26 95 99 -12 8 10 25

0 19 71 57 -15 3 7 34

0 31 98 77 -5 0 5 11

0 29 66 88 -18 4 13 24

0 4 86 82 -13 2 7 20

0 14 51 60 -16 14 30 28

0 46 66 7 -10 0 8 17

0 27 73 82 -9 7 18 25

0 11 88 54 -5 0 7 20

0 23 55 28 -15 6 16 32

0 24 43 55 -19 6 16 13

0 42 80 72 -2 15 29 30

0 4 54 21 -20 3 9 21

0 73 90 99 -15 7 27 32

0 37 94 18 -12 9 23 24

0 67 82 50 -19 19 45 9

0 14 46 44 -4 5 11 24

0 17 78 64 -15 10 27 39

0 27 64 8 -8 10 32 18

0 9 86 59 -5 30 45 17

0 27 70 87 -6 9 20 39

0 53 71 96 -2 5 44 37

0 44 66 77 -5 5 13 17

0 20 45 53 -17 5 15 24

0 42 64 72 -11 1 9 42

0 33 53 65 -5 13 39 13

0 38 74 95 -7 14 34 31

0 14 38 66 -12 14 24 4

0 15 85 52 -17 9 35 12

0 4 34 69 -14 8 14 14

0 81 82 7 -7 8 17 3

0 26 63 87 -5 31 42 17

0 6 95 35 -20 27 40 21

0 25 80 98 -9 8 24 34

0 29 52 0 -11 7 8 25

0 13 67 56 -12 3 9 33

0 0 74 84 -18 0 8 6

0 29 66 90 -14 1 35 33

0 42 58 92 -5 9 27 24


SAlphaB: 742.0, std-dev 262.7931947983495

Earliest win: 37
Latest win: 81

WinDepth:
0 0 0 0 0 0 0 0 0 0 0 0 0 0 0 0 0 0 0 0 0 0 0 0 0 0 0 0 0 0 0 0 0 0 0 0 0 36 0 16 7 51 3 24 19 49 39 141 84 161 175 427 162 327 199 405 332 518 382 514 477 695 681 742 806 991 874 1043 1038 938 976 882 851 843 887 769 592 429 445 277 177 142 
SAlphaB:
0 0 0 0 0 0 0 0 0 0 0 0 0 0 0 0 0 0 0 0 0 0 0 0 0 0 0 0 0 0 0 0 0 0 0 0 0 36 0 16 7 51 3 24 19 49 39 141 84 161 175 427 162 327 199 405 332 518 382 514 477 695 681 742 806 991 874 1043 1038 938 976 882 851 843 887 769 592 429 445 277 177 142 

LossDepth:
SAlphaB:
0 0 0 0 0 0 0 0 0 0 0 0 0 0 0 0 0 0 0 0 0 0 0 0 0 0 0 0 0 0 0 0 0 0 0 0 0 37 0 6 1 38 0 12 11 37 24 59 47 95 110 180 118 191 127 226 210 338 242 344 292 437 484 571 526 708 616 809 728 768 733 754 645 713 692 601 471 421 344 275 204 137 

FirstWin:
0 0 0 0 0 0 0 0 0 0 0 0 0 0 0 0 0 0 0 0 0 0 0 0 0 0 0 0 0 0 0 0 0 0 0 0 0 36 0 16 0 51 0 24 0 49 0 141 0 161 0 427 0 327 0 405 0 518 0 514 0 695 0 742 0 991 0 1043 0 938 0 882 0 843 0 769 0 429 0 277 0 142 
SAlphaB:
0 0 0 0 0 0 0 0 0 0 0 0 0 0 0 0 0 0 0 0 0 0 0 0 0 0 0 0 0 0 0 0 0 0 0 0 0 36 0 16 0 51 0 24 0 49 0 141 0 161 0 427 0 327 0 405 0 518 0 514 0 695 0 742 0 991 0 1043 0 938 0 882 0 843 0 769 0 429 0 277 0 142 

SecondWin:
0 0 0 0 0 0 0 0 0 0 0 0 0 0 0 0 0 0 0 0 0 0 0 0 0 0 0 0 0 0 0 0 0 0 0 0 0 0 0 0 7 0 3 0 19 0 39 0 84 0 175 0 162 0 199 0 332 0 382 0 477 0 681 0 806 0 874 0 1038 0 976 0 851 0 887 0 592 0 445 0 177 0 
SAlphaB:
0 0 0 0 0 0 0 0 0 0 0 0 0 0 0 0 0 0 0 0 0 0 0 0 0 0 0 0 0 0 0 0 0 0 0 0 0 0 0 0 7 0 3 0 19 0 39 0 84 0 175 0 162 0 199 0 332 0 382 0 477 0 681 0 806 0 874 0 1038 0 976 0 851 0 887 0 592 0 445 0 177 0 
