0 46 65 40 -19 1 6 15

0 94 96 90 -4 11 46 25

0 51 92 4 -17 1 7 20

0 28 84 62 -8 18 46 20

0 20 45 53 -17 5 15 24

0 14 51 60 -16 14 30 28

0 31 98 77 -5 0 5 11

0 33 53 65 -5 13 39 13

0 32 34 38 -12 6 12 9

0 89 90 83 -14 1 31 16

0 4 35 35 -6 5 16 11

0 12 62 23 -18 0 5 7

0 53 73 77 -13 1 5 24

0 70 86 41 -1 17 41 2

0 68 84 71 -10 4 42 1

0 55 88 8 -11 14 34 31

0 4 36 29 -16 14 16 14

0 42 57 46 -13 10 29 26

0 40 49 49 -17 0 10 13

0 62 66 20 -10 3 19 38

0 44 64 81 -11 2 37 31

0 68 79 70 -2 1 3 24

0 35 48 47 -18 11 19 6

0 40 53 60 -17 1 10 38

0 33 58 56 -6 1 4 34

0 27 61 36 -13 1 17 38

0 27 69 70 -15 7 41 4

0 42 47 63 -19 1 4 28

0 34 54 13 -14 4 21 7

0 22 64 43 -17 6 10 25

0 83 85 72 -9 35 41 44

0 45 46 19 -12 1 25 8

0 2 75 9 -13 5 14 9

0 48 96 53 -12 1 6 32

0 17 63 62 -13 3 29 25

0 17 26 54 -10 9 14 16

0 46 80 48 -17 26 32 26

0 9 82 29 -6 19 42 22

0 19 85 63 -11 28 29 23

0 11 26 73 -12 0 4 27

0 53 77 59 -20 12 30 38

0 21 43 7 -4 5 14 29

0 49 64 8 -19 2 32 14

0 26 30 90 -15 4 14 35

0 82 83 98 -12 41 44 46

0 29 89 67 -18 26 33 33

0 31 48 70 -7 18 34 24

0 67 69 76 -5 3 6 40

0 4 8 57 -2 2 5 16

0 7 27 89 -4 7 19 39

0 58 65 43 -14 2 9 38

0 65 82 25 -5 1 47 29

0 23 46 24 -13 12 32 30

0 12 19 86 -16 21 39 9

0 64 77 97 -17 26 27 30

0 0 1 66 -11 2 13 11

0 42 58 24 -6 3 45 30

0 12 14 61 -14 2 20 19

0 15 32 67 -15 1 19 33

0 51 68 8 -7 46 49 3

0 6 20 62 -16 4 7 41

0 3 12 97 -19 24 28 22

0 58 62 3 -12 22 45 10

0 52 75 18 -1 0 4 30

0 3 38 1 -16 8 33 47

0 22 37 25 -1 0 3 18

0 23 58 34 -20 5 8 47

0 8 24 63 -2 16 25 26

0 3 11 70 -1 25 34 14

0 80 88 10 -7 8 10 43

0 10 20 11 -15 1 4 38

0 0 4 15 -2 6 7 2

0 0 18 43 -7 13 33 4

0 18 84 92 -2 17 22 42

0 1 29 68 -16 4 18 17

0 15 83 31 -6 4 40 46

0 0 1 91 -15 8 21 27

0 5 31 70 -5 13 48 35

0 4 28 66 -11 2 44 11

0 9 27 30 -18 29 33 7

0 5 46 47 -10 0 1 40

0 5 8 92 -13 8 28 14

0 15 19 8 -10 1 2 49

0 19 43 18 -12 3 21 43

0 6 7 52 -18 3 28 11

0 20 34 60 -18 6 11 38

0 3 42 56 -15 28 46 1

0 0 2 59 -19 14 16 41

0 6 18 7 -12 43 44 22

0 16 17 16 -11 7 19 31

0 1 3 19 -10 4 30 45

0 6 15 41 -19 4 9 44

0 2 8 49 -3 1 11 25

0 5 37 35 -8 10 15 41

0 1 10 92 -14 18 21 45

0 7 31 34 -18 2 14 49

0 2 8 92 -6 0 1 32

0 3 4 91 -4 7 29 48

0 8 12 51 -11 33 36 1

0 6 9 81 -6 5 7 48


SAlphaB: 731.0, std-dev 258.6485537238404

Earliest win: 37
Latest win: 81

WinDepth:
0 0 0 0 0 0 0 0 0 0 0 0 0 0 0 0 0 0 0 0 0 0 0 0 0 0 0 0 0 0 0 0 0 0 0 0 0 8 1 13 13 2 1 2 8 16 8 71 25 36 60 153 90 126 99 177 124 193 118 182 200 222 238 369 348 344 413 393 377 405 434 493 482 377 367 318 265 251 190 116 126 84 
SAlphaB:
0 0 0 0 0 0 0 0 0 0 0 0 0 0 0 0 0 0 0 0 0 0 0 0 0 0 0 0 0 0 0 0 0 0 0 0 0 8 1 13 13 2 1 2 8 16 8 71 25 36 60 153 90 126 99 177 124 193 118 182 200 222 238 369 348 344 413 393 377 405 434 493 482 377 367 318 265 251 190 116 126 84 

LossDepth:
SAlphaB:
0 0 0 0 0 0 0 0 0 0 0 0 0 0 0 0 0 0 0 0 0 0 0 0 0 0 0 0 0 0 0 0 0 0 0 0 0 8 1 13 13 2 1 2 8 16 8 71 25 36 60 153 90 126 99 177 124 193 118 182 200 222 238 369 348 344 413 393 377 405 434 493 482 377 367 318 265 251 190 116 126 84 

FirstWin:
0 0 0 0 0 0 0 0 0 0 0 0 0 0 0 0 0 0 0 0 0 0 0 0 0 0 0 0 0 0 0 0 0 0 0 0 0 8 0 13 0 2 0 2 0 16 0 71 0 36 0 153 0 126 0 177 0 193 0 182 0 222 0 369 0 344 0 393 0 405 0 493 0 377 0 318 0 251 0 116 0 84 
SAlphaB:
0 0 0 0 0 0 0 0 0 0 0 0 0 0 0 0 0 0 0 0 0 0 0 0 0 0 0 0 0 0 0 0 0 0 0 0 0 8 0 13 0 2 0 2 0 16 0 71 0 36 0 153 0 126 0 177 0 193 0 182 0 222 0 369 0 344 0 393 0 405 0 493 0 377 0 318 0 251 0 116 0 84 

SecondWin:
0 0 0 0 0 0 0 0 0 0 0 0 0 0 0 0 0 0 0 0 0 0 0 0 0 0 0 0 0 0 0 0 0 0 0 0 0 0 1 0 13 0 1 0 8 0 8 0 25 0 60 0 90 0 99 0 124 0 118 0 200 0 238 0 348 0 413 0 377 0 434 0 482 0 367 0 265 0 190 0 126 0 
SAlphaB:
0 0 0 0 0 0 0 0 0 0 0 0 0 0 0 0 0 0 0 0 0 0 0 0 0 0 0 0 0 0 0 0 0 0 0 0 0 0 1 0 13 0 1 0 8 0 8 0 25 0 60 0 90 0 99 0 124 0 118 0 200 0 238 0 348 0 413 0 377 0 434 0 482 0 367 0 265 0 190 0 126 0 
