0 76 88 62 -17 13 34 11

0 31 86 81 -12 7 12 2

0 46 82 66 -4 3 9 2

0 60 91 83 -7 9 39 31

0 81 96 49 -3 8 36 12

0 53 71 96 -2 5 44 37

0 42 80 72 -2 15 29 30

0 68 85 5 -12 11 40 11

0 0 74 84 -18 0 8 6

0 27 64 8 -8 10 32 18

0 53 84 50 -6 1 21 34

0 68 71 31 -13 16 43 25

0 8 22 93 -6 3 6 3

0 55 74 67 -13 1 6 15

0 14 22 70 -14 10 11 21

0 35 36 27 -19 8 16 29

0 38 87 31 -9 1 2 22

0 73 87 18 -2 20 46 11

0 60 72 99 -19 0 1 25

0 19 66 94 -12 3 41 10

0 45 46 97 -9 0 3 28

0 34 96 87 -16 19 27 36

0 12 93 4 -7 3 4 36

0 45 92 90 -1 3 30 48

0 76 83 87 -15 0 24 27

0 21 27 20 -9 0 5 24

0 18 97 57 -6 11 47 43

0 45 73 49 -16 0 47 44

0 23 40 28 -5 28 30 14

0 15 33 87 -8 12 20 30

0 42 68 94 -18 13 22 11

0 22 28 59 -14 1 12 7

0 66 96 59 -20 25 48 45

0 24 42 95 -20 8 27 3

0 16 29 8 -4 5 9 1

0 66 95 80 -10 26 43 12

0 29 88 59 -10 23 41 25

0 26 58 45 -9 15 36 1

0 46 58 44 -3 12 46 35

0 18 27 2 -19 9 35 38

0 19 53 0 -16 20 33 18

0 21 63 14 -20 10 11 19

0 32 50 85 -19 1 27 19

0 19 57 87 -12 2 39 18

0 40 66 86 -19 27 36 12

0 29 57 59 -2 17 38 8

0 20 45 71 -8 31 38 34

0 45 50 30 -7 19 35 28

0 12 56 73 -2 35 44 36

0 8 43 76 -18 0 1 18

0 7 74 33 -16 27 46 28

0 6 20 87 -8 12 19 20

0 27 76 65 -14 14 46 41

0 10 36 79 -4 1 37 2

0 14 46 63 -7 19 22 9

0 34 35 36 -7 12 44 19

0 5 15 26 -19 0 11 8

0 15 35 30 -18 2 7 43

0 36 38 53 -8 14 17 29

0 14 53 41 -8 25 31 41

0 10 91 83 -10 24 25 3

0 21 40 16 -6 3 5 27

0 22 57 76 -17 7 29 19

0 21 44 10 -4 0 1 36

0 3 5 4 -14 19 23 19

0 33 47 67 -15 6 32 0

0 15 26 4 -2 3 18 15

0 14 27 64 -14 12 19 28

0 19 30 83 -18 29 34 24

0 2 89 78 -5 7 31 35

0 7 95 4 -20 3 12 39

0 3 5 20 -13 39 43 49

0 57 97 34 -19 34 44 17

0 0 13 20 -14 0 2 30

0 9 18 42 -17 12 47 29

0 0 27 66 -16 11 29 36

0 5 23 38 -15 2 47 38

0 24 35 64 -9 16 29 48

0 5 42 10 -3 4 49 39

0 2 39 95 -7 2 18 0

0 11 22 27 -1 8 26 46

0 29 65 31 -20 18 21 2

0 22 60 46 -9 7 43 49

0 2 3 38 -9 21 48 22

0 7 21 59 -4 7 13 44

0 6 14 21 -9 0 43 1

0 14 24 83 -2 10 44 0

0 37 73 53 -16 27 32 2

0 10 11 5 -2 1 14 29

0 0 6 34 -19 5 29 27

0 4 6 54 -7 9 26 35

0 5 13 74 -12 17 43 16

0 0 1 73 -9 2 23 9

0 1 3 10 -13 12 26 37

0 10 26 63 -8 3 29 20

0 1 3 53 -6 3 12 8

0 2 9 92 -12 16 39 7

0 6 7 90 -14 0 22 0

0 14 15 76 -5 21 34 48

0 0 7 79 -2 7 42 24


SAlphaB: 737.0, std-dev 276.2573997363526

Earliest win: 37
Latest win: 81

WinDepth:
0 0 0 0 0 0 0 0 0 0 0 0 0 0 0 0 0 0 0 0 0 0 0 0 0 0 0 0 0 0 0 0 0 0 0 0 0 2 1 1 2 12 2 18 13 9 26 31 49 65 57 160 93 112 88 186 163 172 145 238 200 233 246 335 359 405 394 399 417 426 427 431 388 380 368 378 279 222 191 130 87 74 
SAlphaB:
0 0 0 0 0 0 0 0 0 0 0 0 0 0 0 0 0 0 0 0 0 0 0 0 0 0 0 0 0 0 0 0 0 0 0 0 0 2 1 1 2 12 2 18 13 9 26 31 49 65 57 160 93 112 88 186 163 172 145 238 200 233 246 335 359 405 394 399 417 426 427 431 388 380 368 378 279 222 191 130 87 74 

LossDepth:
SAlphaB:
0 0 0 0 0 0 0 0 0 0 0 0 0 0 0 0 0 0 0 0 0 0 0 0 0 0 0 0 0 0 0 0 0 0 0 0 0 2 1 1 2 12 2 18 13 9 26 31 49 65 57 160 93 112 88 186 163 172 145 238 200 233 246 335 359 405 394 399 417 426 427 431 388 380 368 378 279 222 191 130 87 74 

FirstWin:
0 0 0 0 0 0 0 0 0 0 0 0 0 0 0 0 0 0 0 0 0 0 0 0 0 0 0 0 0 0 0 0 0 0 0 0 0 2 0 1 0 12 0 18 0 9 0 31 0 65 0 160 0 112 0 186 0 172 0 238 0 233 0 335 0 405 0 399 0 426 0 431 0 380 0 378 0 222 0 130 0 74 
SAlphaB:
0 0 0 0 0 0 0 0 0 0 0 0 0 0 0 0 0 0 0 0 0 0 0 0 0 0 0 0 0 0 0 0 0 0 0 0 0 2 0 1 0 12 0 18 0 9 0 31 0 65 0 160 0 112 0 186 0 172 0 238 0 233 0 335 0 405 0 399 0 426 0 431 0 380 0 378 0 222 0 130 0 74 

SecondWin:
0 0 0 0 0 0 0 0 0 0 0 0 0 0 0 0 0 0 0 0 0 0 0 0 0 0 0 0 0 0 0 0 0 0 0 0 0 0 1 0 2 0 2 0 13 0 26 0 49 0 57 0 93 0 88 0 163 0 145 0 200 0 246 0 359 0 394 0 417 0 427 0 388 0 368 0 279 0 191 0 87 0 
SAlphaB:
0 0 0 0 0 0 0 0 0 0 0 0 0 0 0 0 0 0 0 0 0 0 0 0 0 0 0 0 0 0 0 0 0 0 0 0 0 0 1 0 2 0 2 0 13 0 26 0 49 0 57 0 93 0 88 0 163 0 145 0 200 0 246 0 359 0 394 0 417 0 427 0 388 0 368 0 279 0 191 0 87 0 
