0 58 86 45 -8 9 21 24

0 24 43 55 -19 6 16 13

0 37 94 18 -12 9 23 24

0 56 93 51 -19 12 30 26

0 25 65 68 -6 22 44 3

0 26 49 92 -19 2 10 19

0 30 79 97 -2 3 18 0

0 27 70 87 -6 9 20 39

0 45 75 39 -8 2 4 4

0 24 50 15 -1 0 16 14

0 36 82 14 -5 19 33 2

0 35 73 70 -19 30 46 23

0 5 71 54 -9 19 42 8

0 44 66 46 -3 1 30 31

0 19 75 90 -9 6 15 34

0 37 73 25 -9 4 18 36

0 24 98 21 -18 13 44 19

0 27 33 63 -12 2 17 29

0 40 45 79 -16 3 11 40

0 35 48 63 -9 12 32 9

0 18 19 66 -3 7 22 12

0 25 36 24 -3 4 20 19

0 15 73 86 -8 26 49 35

0 48 98 45 -11 6 27 41

0 41 96 25 -14 0 1 42

0 8 38 34 -11 11 25 14

0 14 84 8 -18 4 6 30

0 27 85 77 -8 22 27 15

0 43 92 52 -7 16 38 6

0 25 58 48 -11 19 40 18

0 29 41 22 -15 0 1 12

0 31 77 4 -3 20 34 6

0 33 70 36 -10 5 7 35

0 47 56 80 -1 20 42 32

0 6 85 54 -4 1 28 12

0 55 83 62 -12 19 34 8

0 67 91 95 -16 2 4 40

0 0 98 77 -13 7 10 47

0 54 66 51 -16 12 19 27

0 6 92 10 -20 21 35 19

0 16 81 62 -7 14 24 20

0 41 52 61 -15 8 19 19

0 50 78 74 -3 1 17 40

0 75 86 14 -13 23 34 13

0 37 55 84 -3 0 40 1

0 39 89 45 -14 7 9 46

0 45 47 85 -17 6 15 40

0 20 63 45 -1 19 34 21

0 8 83 39 -4 6 8 41

0 15 52 49 -9 19 22 43

0 25 63 48 -13 11 36 36

0 37 68 2 -10 33 49 9

0 84 92 14 -12 0 1 46

0 31 36 98 -19 4 24 45

0 39 40 73 -9 15 49 40

0 0 24 47 -12 14 29 5

0 0 3 45 -11 19 30 10

0 10 57 59 -15 31 49 11

0 57 62 28 -17 0 1 47

0 2 4 16 -20 35 40 31

0 36 78 89 -20 4 35 29

0 3 48 22 -14 1 7 24

0 49 86 43 -20 25 30 36

0 17 71 36 -2 5 29 47

0 23 48 2 -2 3 6 40

0 2 3 43 -5 17 21 14

0 19 38 87 -15 10 44 18

0 1 23 34 -16 16 37 44

0 7 12 17 -8 4 8 22

0 13 18 67 -18 11 13 15

0 23 25 73 -9 0 16 46

0 61 65 97 -4 1 7 47

0 5 61 14 -5 0 45 32

0 24 95 14 -11 28 31 28

0 7 94 32 -1 16 17 29

0 18 73 15 -18 3 48 31

0 1 7 81 -11 1 2 2

0 13 26 78 -14 22 41 40

0 17 22 89 -14 32 39 1

0 19 48 62 -7 2 3 43

0 12 25 92 -4 9 41 5

0 12 18 47 -20 2 18 27

0 0 8 92 -19 12 16 6

0 3 58 79 -1 2 19 33

0 0 19 2 -20 26 44 4

0 14 16 41 -12 6 23 13

0 21 28 42 -15 17 33 42

0 9 25 67 -1 27 46 39

0 0 2 24 -8 18 22 28

0 18 37 8 -9 11 40 46

0 3 21 93 -17 24 42 29

0 4 8 15 -12 33 36 45

0 3 12 63 -15 7 12 49

0 0 6 54 -1 30 37 3

0 1 20 76 -7 9 10 46

0 1 27 98 -1 39 48 20

0 1 29 29 -12 5 45 36

0 1 16 41 -19 12 37 31

0 11 20 2 -4 21 30 44

0 11 20 37 -7 2 34 46


SAlphaB: 721.0, std-dev 264.95972068572723

Earliest win: 37
Latest win: 81

WinDepth:
0 0 0 0 0 0 0 0 0 0 0 0 0 0 0 0 0 0 0 0 0 0 0 0 0 0 0 0 0 0 0 0 0 0 0 0 0 17 0 2 0 3 0 9 12 24 20 35 27 70 40 219 72 127 66 162 127 199 185 201 141 225 200 294 305 352 383 427 495 402 451 479 387 373 442 374 239 245 202 153 88 81 
SAlphaB:
0 0 0 0 0 0 0 0 0 0 0 0 0 0 0 0 0 0 0 0 0 0 0 0 0 0 0 0 0 0 0 0 0 0 0 0 0 17 0 2 0 3 0 9 12 24 20 35 27 70 40 219 72 127 66 162 127 199 185 201 141 225 200 294 305 352 383 427 495 402 451 479 387 373 442 374 239 245 202 153 88 81 

LossDepth:
SAlphaB:
0 0 0 0 0 0 0 0 0 0 0 0 0 0 0 0 0 0 0 0 0 0 0 0 0 0 0 0 0 0 0 0 0 0 0 0 0 17 0 2 0 3 0 9 12 24 20 35 27 70 40 219 72 127 66 162 127 199 185 201 141 225 200 294 305 352 383 427 495 402 451 479 387 373 442 374 239 245 202 153 88 81 

FirstWin:
0 0 0 0 0 0 0 0 0 0 0 0 0 0 0 0 0 0 0 0 0 0 0 0 0 0 0 0 0 0 0 0 0 0 0 0 0 17 0 2 0 3 0 9 0 24 0 35 0 70 0 219 0 127 0 162 0 199 0 201 0 225 0 294 0 352 0 427 0 402 0 479 0 373 0 374 0 245 0 153 0 81 
SAlphaB:
0 0 0 0 0 0 0 0 0 0 0 0 0 0 0 0 0 0 0 0 0 0 0 0 0 0 0 0 0 0 0 0 0 0 0 0 0 17 0 2 0 3 0 9 0 24 0 35 0 70 0 219 0 127 0 162 0 199 0 201 0 225 0 294 0 352 0 427 0 402 0 479 0 373 0 374 0 245 0 153 0 81 

SecondWin:
0 0 0 0 0 0 0 0 0 0 0 0 0 0 0 0 0 0 0 0 0 0 0 0 0 0 0 0 0 0 0 0 0 0 0 0 0 0 0 0 0 0 0 0 12 0 20 0 27 0 40 0 72 0 66 0 127 0 185 0 141 0 200 0 305 0 383 0 495 0 451 0 387 0 442 0 239 0 202 0 88 0 
SAlphaB:
0 0 0 0 0 0 0 0 0 0 0 0 0 0 0 0 0 0 0 0 0 0 0 0 0 0 0 0 0 0 0 0 0 0 0 0 0 0 0 0 0 0 0 0 12 0 20 0 27 0 40 0 72 0 66 0 127 0 185 0 141 0 200 0 305 0 383 0 495 0 451 0 387 0 442 0 239 0 202 0 88 0 
