0 64 87 25 -7 11 32 8

0 35 72 7 -1 9 18 23

0 70 73 33 -16 10 34 7

0 44 66 77 -5 5 13 17

0 47 73 30 -1 15 34 34

0 17 78 64 -15 10 27 39

0 9 86 59 -5 30 45 17

0 91 95 52 -12 0 48 22

0 19 71 57 -15 3 7 34

0 6 95 35 -20 27 40 21

0 39 92 49 -19 0 1 3

0 28 42 65 -3 4 15 6

0 7 46 0 -2 21 26 4

0 25 57 38 -16 24 35 22

0 29 59 26 -10 13 16 24

0 28 83 42 -19 22 45 14

0 25 89 2 -14 11 16 19

0 40 45 13 -9 2 4 6

0 19 62 98 -8 33 42 14

0 25 51 65 -18 32 33 16

0 41 56 54 -12 14 23 25

0 17 45 67 -14 9 16 15

0 39 85 23 -2 5 8 39

0 55 63 60 -15 21 43 2

0 31 53 0 -16 9 23 44

0 5 87 89 -6 2 4 21

0 4 71 40 -2 32 39 20

0 10 81 64 -9 1 4 31

0 5 68 84 -9 12 47 2

0 18 79 44 -6 27 29 16

0 32 40 23 -7 1 4 17

0 62 86 18 -2 4 33 41

0 73 80 44 -7 6 8 39

0 53 56 58 -8 1 19 24

0 70 85 60 -1 31 32 1

0 50 87 61 -19 10 44 39

0 29 72 43 -16 24 48 46

0 17 35 55 -7 4 6 20

0 33 68 6 -3 0 3 35

0 13 81 95 -16 3 14 40

0 6 46 60 -10 12 14 36

0 7 42 0 -13 1 3 34

0 23 43 95 -19 0 8 40

0 1 15 25 -19 1 2 11

0 25 29 47 -7 4 11 46

0 10 93 29 -16 3 8 22

0 12 17 61 -12 18 21 12

0 85 99 54 -1 2 15 35

0 33 44 16 -5 7 42 33

0 38 53 80 -1 2 4 31

0 18 26 16 -10 14 32 27

0 33 67 60 -16 12 14 26

0 82 93 28 -13 16 21 22

0 12 44 26 -20 1 8 24

0 0 60 22 -11 2 9 33

0 36 61 8 -9 23 35 30

0 12 35 12 -20 12 25 45

0 15 82 5 -18 11 17 45

0 6 26 8 -6 7 8 14

0 76 94 51 -17 26 48 44

0 17 45 4 -19 7 9 34

0 25 48 21 -13 21 41 37

0 16 33 1 -7 23 38 9

0 19 26 6 -14 9 14 9

0 10 80 46 -18 8 37 21

0 33 41 38 -1 0 1 9

0 2 92 26 -4 18 19 33

0 9 21 76 -5 1 28 6

0 7 96 99 -10 0 25 24

0 7 37 4 -19 20 35 14

0 1 3 4 -20 7 23 20

0 16 35 64 -12 17 39 11

0 30 50 47 -2 18 27 37

0 17 25 58 -13 1 26 25

0 25 27 72 -15 2 40 30

0 1 2 72 -5 4 12 3

0 21 23 64 -7 0 36 10

0 17 33 30 -20 6 9 21

0 6 21 22 -20 2 9 35

0 52 71 83 -9 0 2 45

0 14 27 81 -3 26 49 6

0 5 28 27 -20 20 41 0

0 0 23 79 -20 46 49 13

0 1 5 7 -1 10 20 9

0 9 10 65 -12 0 1 40

0 10 41 39 -2 41 43 49

0 10 18 43 -17 0 10 32

0 0 16 13 -5 25 31 8

0 4 8 36 -16 32 36 17

0 2 13 38 -15 13 15 27

0 0 2 41 -20 21 26 30

0 0 16 54 -15 21 28 44

0 11 13 98 -6 31 42 41

0 3 12 1 -5 10 43 29

0 12 19 61 -14 14 24 3

0 1 3 15 -1 24 32 36

0 10 41 10 -14 6 40 47

0 14 53 7 -2 9 40 41

0 7 13 61 -17 5 9 3

0 1 2 18 -8 1 2 33


SAlphaB: 713.0, std-dev 255.84749284673399

Earliest win: 37
Latest win: 81

WinDepth:
0 0 0 0 0 0 0 0 0 0 0 0 0 0 0 0 0 0 0 0 0 0 0 0 0 0 0 0 0 0 0 0 0 0 0 0 0 1 2 0 3 2 0 8 13 25 3 50 13 62 59 148 116 92 91 206 107 191 145 157 190 212 214 288 329 369 380 360 484 371 472 463 432 399 371 360 270 267 209 135 131 66 
SAlphaB:
0 0 0 0 0 0 0 0 0 0 0 0 0 0 0 0 0 0 0 0 0 0 0 0 0 0 0 0 0 0 0 0 0 0 0 0 0 1 2 0 3 2 0 8 13 25 3 50 13 62 59 148 116 92 91 206 107 191 145 157 190 212 214 288 329 369 380 360 484 371 472 463 432 399 371 360 270 267 209 135 131 66 

LossDepth:
SAlphaB:
0 0 0 0 0 0 0 0 0 0 0 0 0 0 0 0 0 0 0 0 0 0 0 0 0 0 0 0 0 0 0 0 0 0 0 0 0 1 2 0 3 2 0 8 13 25 3 50 13 62 59 148 116 92 91 206 107 191 145 157 190 212 214 288 329 369 380 360 484 371 472 463 432 399 371 360 270 267 209 135 131 66 

FirstWin:
0 0 0 0 0 0 0 0 0 0 0 0 0 0 0 0 0 0 0 0 0 0 0 0 0 0 0 0 0 0 0 0 0 0 0 0 0 1 0 0 0 2 0 8 0 25 0 50 0 62 0 148 0 92 0 206 0 191 0 157 0 212 0 288 0 369 0 360 0 371 0 463 0 399 0 360 0 267 0 135 0 66 
SAlphaB:
0 0 0 0 0 0 0 0 0 0 0 0 0 0 0 0 0 0 0 0 0 0 0 0 0 0 0 0 0 0 0 0 0 0 0 0 0 1 0 0 0 2 0 8 0 25 0 50 0 62 0 148 0 92 0 206 0 191 0 157 0 212 0 288 0 369 0 360 0 371 0 463 0 399 0 360 0 267 0 135 0 66 

SecondWin:
0 0 0 0 0 0 0 0 0 0 0 0 0 0 0 0 0 0 0 0 0 0 0 0 0 0 0 0 0 0 0 0 0 0 0 0 0 0 2 0 3 0 0 0 13 0 3 0 13 0 59 0 116 0 91 0 107 0 145 0 190 0 214 0 329 0 380 0 484 0 472 0 432 0 371 0 270 0 209 0 131 0 
SAlphaB:
0 0 0 0 0 0 0 0 0 0 0 0 0 0 0 0 0 0 0 0 0 0 0 0 0 0 0 0 0 0 0 0 0 0 0 0 0 0 2 0 3 0 0 0 13 0 3 0 13 0 59 0 116 0 91 0 107 0 145 0 190 0 214 0 329 0 380 0 484 0 472 0 432 0 371 0 270 0 209 0 131 0 
