0 33 76 90 -16 4 19 24

0 38 62 25 -2 5 22 29

0 11 88 54 -5 0 7 20

0 26 95 99 -12 8 10 25

0 95 99 69 -6 9 35 33

0 62 91 11 -10 8 25 4

0 75 86 91 -7 14 36 46

0 63 64 16 -18 1 3 30

0 61 71 61 -8 7 15 26

0 59 86 64 -20 3 37 0

0 18 85 79 -14 18 40 43

0 32 50 69 -16 31 39 21

0 40 90 71 -19 4 11 23

0 82 96 15 -13 18 36 48

0 23 88 65 -20 1 2 31

0 24 57 37 -20 7 15 23

0 55 86 17 -12 23 38 23

0 28 95 97 -11 6 9 45

0 47 62 28 -16 2 12 7

0 27 30 23 -11 6 14 30

0 54 74 24 -5 20 35 9

0 60 93 14 -1 16 27 13

0 46 54 90 -17 35 46 24

0 33 91 3 -11 13 23 21

0 37 68 3 -9 0 11 33

0 46 54 9 -20 6 16 15

0 46 57 44 -18 16 30 38

0 46 78 3 -13 2 4 0

0 33 80 72 -6 14 22 12

0 33 60 45 -10 12 30 7

0 10 70 75 -5 1 5 23

0 43 61 42 -2 2 20 12

0 1 54 50 -3 21 31 2

0 12 94 88 -3 3 16 0

0 43 66 29 -1 22 42 14

0 42 97 49 -2 31 40 18

0 20 81 36 -20 24 47 0

0 95 98 95 -6 6 22 9

0 40 78 64 -19 11 48 14

0 21 23 29 -13 3 10 5

0 5 95 66 -5 6 11 24

0 31 69 22 -13 27 41 5

0 55 62 90 -5 15 26 39

0 27 57 85 -17 14 49 49

0 33 82 43 -4 3 4 31

0 3 74 59 -5 17 49 12

0 10 85 80 -13 21 41 18

0 21 64 0 -8 16 21 28

0 45 50 92 -14 2 49 27

0 8 26 62 -18 2 4 6

0 25 59 66 -1 36 49 26

0 8 50 11 -6 5 26 8

0 82 90 50 -4 17 24 15

0 9 79 85 -11 9 10 32

0 17 61 23 -13 20 27 0

0 22 90 97 -6 0 2 43

0 44 90 44 -15 15 24 12

0 17 32 52 -3 33 41 14

0 71 74 51 -3 11 20 45

0 39 43 39 -4 0 32 26

0 50 63 3 -15 15 43 12

0 13 24 52 -15 7 10 15

0 4 80 18 -3 3 49 3

0 1 96 41 -20 11 16 34

0 38 49 33 -19 14 23 36

0 42 62 60 -4 4 48 46

0 15 39 32 -10 31 39 7

0 3 45 5 -17 14 36 39

0 75 91 5 -2 0 1 39

0 11 57 60 -3 7 26 47

0 39 45 23 -10 34 37 23

0 2 43 3 -18 12 37 39

0 25 80 38 -10 6 36 37

0 15 22 69 -6 34 36 1

0 35 38 25 -2 0 2 40

0 4 15 75 -7 23 28 9

0 0 2 70 -9 14 17 23

0 0 33 55 -7 34 47 7

0 18 23 68 -1 3 4 43

0 7 71 85 -8 7 38 35

0 2 19 9 -14 36 39 12

0 0 75 73 -5 9 37 48

0 1 73 39 -5 2 39 47

0 14 18 86 -14 15 40 20

0 6 48 54 -1 6 26 28

0 3 8 0 -5 20 27 21

0 15 16 23 -16 7 41 9

0 16 19 37 -15 13 18 29

0 2 26 35 -8 3 4 37

0 2 16 43 -13 30 42 28

0 1 8 56 -18 8 15 18

0 12 36 46 -12 8 14 36

0 2 4 2 -20 21 27 41

0 0 28 22 -5 2 31 39

0 8 18 53 -6 0 8 38

0 2 8 49 -16 2 5 32

0 3 6 42 -13 6 28 37

0 0 1 92 -4 9 12 47

0 10 12 23 -7 14 18 49

0 3 34 0 -1 6 29 44


SAlphaB: 712.0, std-dev 258.9948674465121

Earliest win: 35
Latest win: 81

WinDepth:
0 0 0 0 0 0 0 0 0 0 0 0 0 0 0 0 0 0 0 0 0 0 0 0 0 0 0 0 0 0 0 0 0 0 0 2 0 11 2 1 12 2 0 39 11 21 19 37 47 68 48 222 80 112 99 214 92 185 144 164 152 229 212 336 330 393 378 397 473 397 461 450 383 375 398 350 244 231 166 155 93 79 
SAlphaB:
0 0 0 0 0 0 0 0 0 0 0 0 0 0 0 0 0 0 0 0 0 0 0 0 0 0 0 0 0 0 0 0 0 0 0 2 0 11 2 1 12 2 0 39 11 21 19 37 47 68 48 222 80 112 99 214 92 185 144 164 152 229 212 336 330 393 378 397 473 397 461 450 383 375 398 350 244 231 166 155 93 79 

LossDepth:
SAlphaB:
0 0 0 0 0 0 0 0 0 0 0 0 0 0 0 0 0 0 0 0 0 0 0 0 0 0 0 0 0 0 0 0 0 0 0 2 0 11 2 1 12 2 0 39 11 21 19 37 47 68 48 222 80 112 99 214 92 185 144 164 152 229 212 336 330 393 378 397 473 397 461 450 383 375 398 350 244 231 166 155 93 79 

FirstWin:
0 0 0 0 0 0 0 0 0 0 0 0 0 0 0 0 0 0 0 0 0 0 0 0 0 0 0 0 0 0 0 0 0 0 0 2 0 11 0 1 0 2 0 39 0 21 0 37 0 68 0 222 0 112 0 214 0 185 0 164 0 229 0 336 0 393 0 397 0 397 0 450 0 375 0 350 0 231 0 155 0 79 
SAlphaB:
0 0 0 0 0 0 0 0 0 0 0 0 0 0 0 0 0 0 0 0 0 0 0 0 0 0 0 0 0 0 0 0 0 0 0 2 0 11 0 1 0 2 0 39 0 21 0 37 0 68 0 222 0 112 0 214 0 185 0 164 0 229 0 336 0 393 0 397 0 397 0 450 0 375 0 350 0 231 0 155 0 79 

SecondWin:
0 0 0 0 0 0 0 0 0 0 0 0 0 0 0 0 0 0 0 0 0 0 0 0 0 0 0 0 0 0 0 0 0 0 0 0 0 0 2 0 12 0 0 0 11 0 19 0 47 0 48 0 80 0 99 0 92 0 144 0 152 0 212 0 330 0 378 0 473 0 461 0 383 0 398 0 244 0 166 0 93 0 
SAlphaB:
0 0 0 0 0 0 0 0 0 0 0 0 0 0 0 0 0 0 0 0 0 0 0 0 0 0 0 0 0 0 0 0 0 0 0 0 0 0 2 0 12 0 0 0 11 0 19 0 47 0 48 0 80 0 99 0 92 0 144 0 152 0 212 0 330 0 378 0 473 0 461 0 383 0 398 0 244 0 166 0 93 0 
