0 4 54 21 -20 3 9 21

0 73 81 80 -10 8 24 8

0 40 65 4 -15 1 3 6

0 26 63 87 -5 31 42 17

0 52 80 86 -10 4 13 22

0 27 67 36 -11 2 25 18

0 46 66 7 -10 0 8 17

0 53 91 19 -11 0 2 10

0 14 46 44 -4 5 11 24

0 42 64 72 -11 1 9 42

0 9 51 57 -2 25 32 34

0 20 33 34 -9 2 9 2

0 30 77 47 -19 15 20 35

0 54 56 94 -19 20 34 17

0 36 54 67 -11 2 6 44

0 2 37 28 -12 0 3 16

0 35 81 69 -8 9 15 47

0 48 77 12 -8 32 41 30

0 24 41 3 -19 20 41 8

0 22 27 42 -8 8 11 29

0 38 51 45 -12 10 44 2

0 1 53 56 -2 27 36 30

0 45 68 2 -9 9 32 45

0 1 92 72 -15 19 26 45

0 44 78 13 -4 15 44 43

0 38 60 27 -8 5 44 33

0 41 48 8 -12 35 43 20

0 38 73 59 -16 19 20 10

0 72 86 14 -2 35 37 20

0 65 81 40 -4 1 17 0

0 8 40 97 -2 5 19 5

0 0 39 84 -6 12 24 41

0 18 41 76 -10 3 16 29

0 23 30 91 -11 5 22 23

0 52 84 28 -16 25 41 12

0 70 71 48 -8 12 25 44

0 8 11 30 -11 0 1 0

0 6 49 93 -4 13 36 16

0 4 95 77 -16 1 16 10

0 20 80 29 -17 4 20 18

0 26 43 93 -3 4 25 36

0 75 99 75 -12 23 47 9

0 12 18 34 -1 2 15 3

0 24 62 8 -4 32 33 12

0 13 39 64 -6 2 13 0

0 47 48 64 -3 4 42 31

0 34 56 84 -9 26 38 39

0 15 22 80 -2 23 27 31

0 8 50 44 -9 8 10 22

0 25 77 60 -14 1 25 34

0 56 70 46 -9 0 3 40

0 1 16 47 -10 3 11 0

0 6 26 8 -8 8 34 4

0 9 14 71 -15 17 46 13

0 1 94 75 -9 1 7 49

0 15 60 90 -4 9 49 31

0 11 40 66 -15 6 8 48

0 22 25 90 -17 18 31 44

0 25 72 58 -10 20 43 41

0 4 46 9 -15 6 10 36

0 51 82 47 -3 28 49 42

0 25 80 17 -19 20 24 38

0 0 29 36 -8 23 38 37

0 2 13 30 -3 22 48 5

0 10 23 13 -10 3 10 42

0 19 49 38 -3 1 29 42

0 19 20 99 -8 0 7 30

0 4 27 71 -20 25 29 2

0 45 64 54 -16 30 41 5

0 21 22 4 -16 3 19 2

0 3 10 92 -14 30 47 24

0 18 21 80 -5 42 48 26

0 2 97 16 -15 7 32 48

0 7 54 42 -20 14 19 42

0 2 3 14 -12 13 22 6

0 15 20 27 -8 1 10 35

0 23 25 8 -15 17 44 21

0 4 7 10 -3 15 21 10

0 18 46 5 -8 1 25 39

0 21 22 56 -7 5 6 39

0 19 23 75 -3 3 30 45

0 2 23 15 -12 10 18 9

0 5 19 47 -7 13 36 2

0 7 8 68 -18 8 21 4

0 10 17 32 -2 10 13 27

0 4 17 35 -3 2 29 41

0 1 8 7 -3 35 45 26

0 7 11 40 -6 4 6 19

0 0 9 64 -12 19 48 33

0 6 9 10 -19 9 15 44

0 2 17 87 -18 1 23 43

0 0 2 28 -14 35 43 44

0 1 7 17 -7 31 48 45

0 1 2 34 -19 16 17 1

0 9 26 8 -17 4 19 47

0 6 25 68 -12 4 6 35

0 57 61 70 -20 44 45 0

0 11 13 0 -19 1 35 23

0 3 9 66 -15 0 24 49

0 0 5 84 -6 3 7 39


SAlphaB: 725.0, std-dev 254.88042353823548

Earliest win: 35
Latest win: 81

WinDepth:
0 0 0 0 0 0 0 0 0 0 0 0 0 0 0 0 0 0 0 0 0 0 0 0 0 0 0 0 0 0 0 0 0 0 0 1 0 4 0 2 9 7 0 12 2 22 17 33 42 56 49 205 97 128 72 178 94 185 121 182 154 226 284 272 330 352 433 424 462 395 505 439 425 401 335 376 280 258 186 158 91 58 
SAlphaB:
0 0 0 0 0 0 0 0 0 0 0 0 0 0 0 0 0 0 0 0 0 0 0 0 0 0 0 0 0 0 0 0 0 0 0 1 0 4 0 2 9 7 0 12 2 22 17 33 42 56 49 205 97 128 72 178 94 185 121 182 154 226 284 272 330 352 433 424 462 395 505 439 425 401 335 376 280 258 186 158 91 58 

LossDepth:
SAlphaB:
0 0 0 0 0 0 0 0 0 0 0 0 0 0 0 0 0 0 0 0 0 0 0 0 0 0 0 0 0 0 0 0 0 0 0 1 0 4 0 2 9 7 0 12 2 22 17 33 42 56 49 205 97 128 72 178 94 185 121 182 154 226 284 272 330 352 433 424 462 395 505 439 425 401 335 376 280 258 186 158 91 58 

FirstWin:
0 0 0 0 0 0 0 0 0 0 0 0 0 0 0 0 0 0 0 0 0 0 0 0 0 0 0 0 0 0 0 0 0 0 0 1 0 4 0 2 0 7 0 12 0 22 0 33 0 56 0 205 0 128 0 178 0 185 0 182 0 226 0 272 0 352 0 424 0 395 0 439 0 401 0 376 0 258 0 158 0 58 
SAlphaB:
0 0 0 0 0 0 0 0 0 0 0 0 0 0 0 0 0 0 0 0 0 0 0 0 0 0 0 0 0 0 0 0 0 0 0 1 0 4 0 2 0 7 0 12 0 22 0 33 0 56 0 205 0 128 0 178 0 185 0 182 0 226 0 272 0 352 0 424 0 395 0 439 0 401 0 376 0 258 0 158 0 58 

SecondWin:
0 0 0 0 0 0 0 0 0 0 0 0 0 0 0 0 0 0 0 0 0 0 0 0 0 0 0 0 0 0 0 0 0 0 0 0 0 0 0 0 9 0 0 0 2 0 17 0 42 0 49 0 97 0 72 0 94 0 121 0 154 0 284 0 330 0 433 0 462 0 505 0 425 0 335 0 280 0 186 0 91 0 
SAlphaB:
0 0 0 0 0 0 0 0 0 0 0 0 0 0 0 0 0 0 0 0 0 0 0 0 0 0 0 0 0 0 0 0 0 0 0 0 0 0 0 0 9 0 0 0 2 0 17 0 42 0 49 0 97 0 72 0 94 0 121 0 154 0 284 0 330 0 433 0 462 0 505 0 425 0 335 0 280 0 186 0 91 0 
