0 47 89 47 -9 13 24 0

0 39 67 3 -1 6 8 2

0 47 72 56 -15 7 18 22

0 29 66 88 -18 4 13 24

0 39 73 19 -16 4 19 39

0 19 36 25 -2 6 7 6

0 67 82 50 -19 19 45 9

0 27 73 82 -9 7 18 25

0 34 98 21 -3 2 9 14

0 58 78 72 -9 8 25 16

0 27 93 7 -17 3 4 36

0 30 68 55 -19 12 16 1

0 3 82 14 -18 18 37 33

0 30 46 2 -6 4 18 35

0 66 88 31 -20 0 1 33

0 9 54 66 -12 1 2 16

0 9 68 27 -3 0 4 20

0 26 55 42 -2 17 32 2

0 40 73 88 -14 9 30 10

0 87 95 52 -19 7 13 35

0 7 27 25 -4 16 17 9

0 42 93 85 -1 6 11 29

0 56 96 18 -16 22 31 46

0 23 32 89 -12 8 16 27

0 45 62 81 -15 6 9 4

0 64 65 51 -3 19 36 29

0 0 81 31 -11 3 4 8

0 76 82 97 -1 23 41 38

0 34 52 76 -7 17 27 40

0 50 53 66 -18 39 42 24

0 16 54 66 -5 6 8 40

0 17 49 15 -10 0 14 40

0 1 81 63 -15 0 47 11

0 5 45 71 -13 6 18 25

0 0 47 93 -6 10 15 16

0 10 45 85 -14 14 37 27

0 23 76 47 -14 8 14 12

0 19 70 31 -19 17 39 31

0 14 69 17 -17 21 37 29

0 47 70 58 -11 17 46 20

0 27 43 88 -11 3 34 4

0 27 42 13 -3 0 9 29

0 80 89 82 -6 37 41 39

0 22 37 73 -18 27 40 27

0 17 93 1 -20 7 27 13

0 7 92 10 -8 0 17 15

0 26 87 98 -9 35 47 33

0 1 65 58 -10 10 16 35

0 24 54 29 -2 15 18 32

0 45 65 39 -18 40 48 47

0 24 45 33 -17 2 3 48

0 26 78 46 -18 18 22 15

0 6 17 93 -3 22 24 0

0 38 84 15 -10 24 44 14

0 6 98 21 -3 10 49 18

0 22 27 90 -5 0 24 47

0 7 38 30 -8 31 47 31

0 31 38 18 -1 0 3 17

0 1 79 72 -14 4 11 36

0 31 76 77 -11 9 41 26

0 12 67 40 -17 9 45 24

0 5 55 28 -11 42 46 30

0 11 15 4 -10 2 31 30

0 9 26 35 -14 22 26 13

0 17 42 79 -16 23 39 43

0 13 18 36 -5 40 46 44

0 7 40 87 -1 5 8 40

0 14 24 23 -7 10 40 19

0 10 82 7 -13 5 27 16

0 11 30 52 -16 12 42 32

0 9 54 24 -6 14 22 20

0 1 9 5 -13 0 1 16

0 31 68 17 -19 21 36 48

0 29 45 81 -8 39 42 43

0 16 29 74 -20 10 42 36

0 2 64 14 -15 21 22 29

0 46 67 41 -4 27 31 6

0 0 9 81 -1 14 24 10

0 0 2 38 -15 22 29 21

0 9 34 87 -3 3 44 14

0 22 38 22 -1 15 29 13

0 0 10 67 -4 5 49 6

0 14 96 3 -17 13 20 37

0 6 11 91 -9 0 43 43

0 21 46 61 -13 11 29 38

0 9 30 16 -11 2 8 28

0 2 14 48 -15 7 39 26

0 6 11 34 -17 7 40 35

0 0 1 32 -7 15 23 16

0 2 6 19 -20 3 9 19

0 7 10 74 -19 0 18 24

0 0 15 62 -20 4 37 3

0 0 1 12 -18 6 13 18

0 2 8 11 -10 24 46 43

0 0 4 69 -9 7 48 21

0 1 10 2 -12 25 49 24

0 0 17 9 -15 16 21 36

0 14 21 63 -4 9 14 46

0 7 9 18 -1 31 38 43

0 0 2 15 -2 2 10 36


SAlphaB: 705.0, std-dev 261.727545417564

Earliest win: 37
Latest win: 81

WinDepth:
0 0 0 0 0 0 0 0 0 0 0 0 0 0 0 0 0 0 0 0 0 0 0 0 0 0 0 0 0 0 0 0 0 0 0 0 0 4 0 6 16 8 2 14 7 11 12 44 26 71 71 184 100 112 99 207 114 179 159 176 166 298 260 318 290 361 412 378 450 414 465 454 381 403 377 321 232 222 155 121 105 91 
SAlphaB:
0 0 0 0 0 0 0 0 0 0 0 0 0 0 0 0 0 0 0 0 0 0 0 0 0 0 0 0 0 0 0 0 0 0 0 0 0 4 0 6 16 8 2 14 7 11 12 44 26 71 71 184 100 112 99 207 114 179 159 176 166 298 260 318 290 361 412 378 450 414 465 454 381 403 377 321 232 222 155 121 105 91 

LossDepth:
SAlphaB:
0 0 0 0 0 0 0 0 0 0 0 0 0 0 0 0 0 0 0 0 0 0 0 0 0 0 0 0 0 0 0 0 0 0 0 0 0 4 0 6 16 8 2 14 7 11 12 44 26 71 71 184 100 112 99 207 114 179 159 176 166 298 260 318 290 361 412 378 450 414 465 454 381 403 377 321 232 222 155 121 105 91 

FirstWin:
0 0 0 0 0 0 0 0 0 0 0 0 0 0 0 0 0 0 0 0 0 0 0 0 0 0 0 0 0 0 0 0 0 0 0 0 0 4 0 6 0 8 0 14 0 11 0 44 0 71 0 184 0 112 0 207 0 179 0 176 0 298 0 318 0 361 0 378 0 414 0 454 0 403 0 321 0 222 0 121 0 91 
SAlphaB:
0 0 0 0 0 0 0 0 0 0 0 0 0 0 0 0 0 0 0 0 0 0 0 0 0 0 0 0 0 0 0 0 0 0 0 0 0 4 0 6 0 8 0 14 0 11 0 44 0 71 0 184 0 112 0 207 0 179 0 176 0 298 0 318 0 361 0 378 0 414 0 454 0 403 0 321 0 222 0 121 0 91 

SecondWin:
0 0 0 0 0 0 0 0 0 0 0 0 0 0 0 0 0 0 0 0 0 0 0 0 0 0 0 0 0 0 0 0 0 0 0 0 0 0 0 0 16 0 2 0 7 0 12 0 26 0 71 0 100 0 99 0 114 0 159 0 166 0 260 0 290 0 412 0 450 0 465 0 381 0 377 0 232 0 155 0 105 0 
SAlphaB:
0 0 0 0 0 0 0 0 0 0 0 0 0 0 0 0 0 0 0 0 0 0 0 0 0 0 0 0 0 0 0 0 0 0 0 0 0 0 0 0 16 0 2 0 7 0 12 0 26 0 71 0 100 0 99 0 114 0 159 0 166 0 260 0 290 0 412 0 450 0 465 0 381 0 377 0 232 0 155 0 105 0 
