0 36 50 33 -4 2 12 8

0 25 43 41 -13 1 9 13

0 73 90 99 -15 7 27 32

0 15 85 52 -17 9 35 12

0 74 93 86 -20 14 18 3

0 55 89 39 -4 9 31 17

0 38 74 95 -7 14 34 31

0 42 58 92 -5 9 27 24

0 35 36 41 -1 4 21 6

0 44 73 5 -2 10 17 27

0 78 94 58 -4 16 34 16

0 6 73 91 -18 14 34 19

0 26 42 90 -14 24 28 18

0 5 54 59 -10 0 12 13

0 8 34 89 -14 3 7 20

0 80 82 90 -7 12 44 43

0 25 52 91 -7 15 39 7

0 21 68 7 -18 14 37 2

0 63 66 90 -1 3 9 15

0 13 14 50 -4 12 20 6

0 34 40 84 -13 10 28 49

0 25 27 30 -16 40 43 40

0 44 67 49 -2 7 10 6

0 25 61 56 -10 20 42 34

0 12 53 80 -6 1 3 38

0 19 68 2 -18 1 17 31

0 29 79 82 -13 29 32 19

0 54 89 40 -19 14 15 0

0 50 82 38 -16 14 27 2

0 43 94 17 -13 2 7 41

0 53 54 15 -11 1 4 1

0 67 68 49 -20 0 1 6

0 12 40 31 -7 26 39 39

0 13 46 97 -20 22 46 39

0 0 47 11 -4 2 17 10

0 33 49 90 -19 9 10 33

0 45 70 26 -9 0 13 39

0 10 23 15 -17 0 24 10

0 36 73 61 -12 15 21 21

0 51 81 9 -10 0 1 38

0 0 39 90 -7 4 5 38

0 19 78 78 -13 5 19 44

0 34 57 87 -18 13 21 46

0 26 81 11 -20 10 11 4

0 14 54 52 -18 5 7 20

0 10 62 77 -10 13 31 2

0 25 62 60 -17 14 21 35

0 56 67 18 -17 12 41 31

0 5 18 58 -16 0 3 13

0 4 15 95 -10 2 5 3

0 17 76 70 -13 1 29 9

0 20 25 87 -15 20 22 28

0 12 59 6 -17 8 11 49

0 32 33 49 -17 16 21 31

0 47 67 34 -14 18 36 46

0 12 40 64 -20 11 22 5

0 1 6 96 -2 21 25 22

0 7 25 86 -15 32 40 31

0 43 49 81 -19 10 43 40

0 24 54 26 -1 1 36 13

0 68 72 84 -19 47 49 32

0 79 85 70 -17 29 44 31

0 32 39 37 -10 3 16 48

0 5 21 35 -18 16 19 27

0 8 17 56 -7 22 44 23

0 20 41 14 -15 9 13 11

0 55 64 1 -19 33 39 28

0 60 72 67 -3 37 43 29

0 26 46 34 -20 16 20 34

0 0 1 53 -7 30 47 11

0 16 63 0 -1 44 47 9

0 1 28 74 -12 2 23 25

0 7 50 97 -2 0 2 40

0 27 43 98 -5 6 41 49

0 8 12 93 -14 21 27 37

0 2 23 45 -17 24 33 17

0 4 13 77 -19 0 18 20

0 7 21 90 -19 36 38 42

0 60 81 51 -7 34 38 2

0 29 30 33 -20 20 45 22

0 3 24 48 -20 21 39 6

0 0 6 9 -19 13 28 7

0 0 20 47 -1 26 28 18

0 8 80 58 -3 13 15 4

0 10 11 79 -13 3 20 23

0 3 6 48 -17 11 20 42

0 0 1 84 -14 4 6 39

0 3 37 56 -19 0 1 48

0 0 5 77 -20 2 49 33

0 21 22 75 -19 31 40 15

0 2 47 17 -16 4 49 13

0 3 48 19 -5 1 5 47

0 2 14 26 -10 11 15 39

0 4 6 36 -3 7 15 49

0 20 37 24 -3 5 36 26

0 8 21 21 -7 21 30 0

0 9 12 30 -7 9 14 29

0 0 23 11 -15 1 9 44

0 13 27 78 -17 4 22 49

0 4 8 16 -9 5 6 49


SAlphaB: 719.0, std-dev 278.15398195382295

Earliest win: 37
Latest win: 81

WinDepth:
0 0 0 0 0 0 0 0 0 0 0 0 0 0 0 0 0 0 0 0 0 0 0 0 0 0 0 0 0 0 0 0 0 0 0 0 0 5 0 2 17 3 0 11 2 8 16 30 37 113 60 207 57 121 96 152 110 163 164 160 163 208 229 306 333 368 396 347 434 379 492 448 446 403 364 396 276 247 182 150 103 81 
SAlphaB:
0 0 0 0 0 0 0 0 0 0 0 0 0 0 0 0 0 0 0 0 0 0 0 0 0 0 0 0 0 0 0 0 0 0 0 0 0 5 0 2 17 3 0 11 2 8 16 30 37 113 60 207 57 121 96 152 110 163 164 160 163 208 229 306 333 368 396 347 434 379 492 448 446 403 364 396 276 247 182 150 103 81 

LossDepth:
SAlphaB:
0 0 0 0 0 0 0 0 0 0 0 0 0 0 0 0 0 0 0 0 0 0 0 0 0 0 0 0 0 0 0 0 0 0 0 0 0 5 0 2 17 3 0 11 2 8 16 30 37 113 60 207 57 121 96 152 110 163 164 160 163 208 229 306 333 368 396 347 434 379 492 448 446 403 364 396 276 247 182 150 103 81 

FirstWin:
0 0 0 0 0 0 0 0 0 0 0 0 0 0 0 0 0 0 0 0 0 0 0 0 0 0 0 0 0 0 0 0 0 0 0 0 0 5 0 2 0 3 0 11 0 8 0 30 0 113 0 207 0 121 0 152 0 163 0 160 0 208 0 306 0 368 0 347 0 379 0 448 0 403 0 396 0 247 0 150 0 81 
SAlphaB:
0 0 0 0 0 0 0 0 0 0 0 0 0 0 0 0 0 0 0 0 0 0 0 0 0 0 0 0 0 0 0 0 0 0 0 0 0 5 0 2 0 3 0 11 0 8 0 30 0 113 0 207 0 121 0 152 0 163 0 160 0 208 0 306 0 368 0 347 0 379 0 448 0 403 0 396 0 247 0 150 0 81 

SecondWin:
0 0 0 0 0 0 0 0 0 0 0 0 0 0 0 0 0 0 0 0 0 0 0 0 0 0 0 0 0 0 0 0 0 0 0 0 0 0 0 0 17 0 0 0 2 0 16 0 37 0 60 0 57 0 96 0 110 0 164 0 163 0 229 0 333 0 396 0 434 0 492 0 446 0 364 0 276 0 182 0 103 0 
SAlphaB:
0 0 0 0 0 0 0 0 0 0 0 0 0 0 0 0 0 0 0 0 0 0 0 0 0 0 0 0 0 0 0 0 0 0 0 0 0 0 0 0 17 0 0 0 2 0 16 0 37 0 60 0 57 0 96 0 110 0 164 0 163 0 229 0 333 0 396 0 434 0 492 0 446 0 364 0 276 0 182 0 103 0 
