0 27 55 31 -4 2 17 15

0 14 38 66 -12 14 24 4

0 24 65 72 -5 1 6 5

0 29 98 1 -1 2 11 1

0 46 53 54 -6 1 3 15

0 25 80 98 -9 8 24 34

0 90 98 95 -9 14 39 12

0 38 75 33 -12 3 28 21

0 41 91 23 -7 2 8 0

0 4 34 69 -14 8 14 14

0 6 42 95 -4 13 21 24

0 29 99 55 -18 1 42 2

0 59 74 5 -6 9 14 25

0 12 55 70 -6 16 27 9

0 6 74 90 -11 15 30 30

0 49 57 39 -13 0 4 29

0 20 45 56 -17 4 9 20

0 50 66 56 -12 0 7 6

0 32 94 82 -6 10 18 48

0 10 66 51 -12 0 1 39

0 20 53 63 -1 42 45 12

0 22 39 22 -18 12 28 5

0 8 64 50 -15 14 34 2

0 27 86 74 -11 7 47 48

0 20 98 38 -8 14 18 32

0 28 30 69 -2 34 40 14

0 11 24 77 -9 0 2 48

0 50 64 4 -11 2 30 16

0 14 84 49 -10 11 12 40

0 25 89 69 -10 30 34 30

0 58 82 0 -12 0 11 20

0 4 28 72 -14 41 43 6

0 74 92 73 -19 0 1 49

0 86 98 78 -16 21 35 43

0 20 56 36 -11 28 44 28

0 39 95 18 -14 24 32 32

0 21 50 88 -5 10 19 4

0 13 63 63 -6 2 17 3

0 17 78 65 -14 29 39 13

0 7 57 29 -16 8 36 21

0 24 47 4 -13 17 25 42

0 55 89 95 -1 8 26 35

0 38 39 41 -10 6 32 25

0 27 31 90 -16 9 18 10

0 46 72 34 -17 5 10 47

0 23 31 29 -19 7 28 7

0 10 77 96 -7 3 22 17

0 8 30 45 -5 30 35 11

0 10 26 63 -14 9 20 30

0 10 19 63 -15 9 10 21

0 30 45 89 -18 5 6 33

0 3 6 27 -11 6 10 4

0 21 51 65 -10 6 45 1

0 7 34 17 -11 18 41 46

0 52 97 95 -5 40 41 41

0 9 13 59 -16 3 6 15

0 48 76 68 -5 0 2 26

0 80 87 19 -10 11 16 45

0 4 50 78 -7 4 19 2

0 2 74 51 -17 44 48 49

0 0 28 92 -16 11 44 2

0 22 93 60 -19 11 17 43

0 3 88 77 -1 3 23 11

0 13 39 33 -8 0 2 41

0 35 50 53 -7 2 3 31

0 9 26 61 -19 26 27 41

0 6 26 32 -18 3 6 25

0 19 29 63 -19 13 35 47

0 54 57 61 -16 0 11 43

0 2 8 68 -16 8 15 30

0 8 14 94 -17 22 27 29

0 9 46 7 -15 34 48 40

0 11 28 86 -5 29 40 6

0 3 6 87 -10 10 16 38

0 29 49 87 -4 6 43 27

0 8 39 59 -19 6 7 45

0 1 7 94 -2 20 33 31

0 10 16 23 -12 21 24 13

0 3 6 34 -6 40 41 4

0 9 33 8 -18 12 30 10

0 31 58 29 -4 22 39 46

0 4 26 8 -20 2 25 46

0 2 5 17 -1 7 14 32

0 6 12 47 -12 41 43 22

0 15 44 34 -6 9 49 43

0 9 33 66 -17 1 28 37

0 7 19 82 -7 12 14 39

0 2 3 93 -17 12 18 7

0 3 5 4 -10 9 35 7

0 11 12 8 -6 1 41 30

0 0 1 45 -4 1 22 29

0 7 10 38 -14 5 15 47

0 10 33 54 -2 1 25 39

0 0 1 18 -13 3 49 22

0 5 9 31 -14 1 16 41

0 2 25 73 -12 3 23 49

0 2 8 1 -10 3 10 30

0 0 1 26 -7 22 42 49

0 4 24 5 -14 42 46 34

0 14 23 30 -5 18 33 47


SAlphaB: 725.0, std-dev 248.6147755387069

Earliest win: 39
Latest win: 81

WinDepth:
0 0 0 0 0 0 0 0 0 0 0 0 0 0 0 0 0 0 0 0 0 0 0 0 0 0 0 0 0 0 0 0 0 0 0 0 0 0 0 2 0 8 1 15 1 14 7 29 44 33 70 271 115 125 73 185 129 187 123 189 201 240 275 357 346 385 412 400 436 393 437 449 401 413 386 332 214 257 159 148 105 64 
SAlphaB:
0 0 0 0 0 0 0 0 0 0 0 0 0 0 0 0 0 0 0 0 0 0 0 0 0 0 0 0 0 0 0 0 0 0 0 0 0 0 0 2 0 8 1 15 1 14 7 29 44 33 70 271 115 125 73 185 129 187 123 189 201 240 275 357 346 385 412 400 436 393 437 449 401 413 386 332 214 257 159 148 105 64 

LossDepth:
SAlphaB:
0 0 0 0 0 0 0 0 0 0 0 0 0 0 0 0 0 0 0 0 0 0 0 0 0 0 0 0 0 0 0 0 0 0 0 0 0 0 0 2 0 8 1 15 1 14 7 29 44 33 70 271 115 125 73 185 129 187 123 189 201 240 275 357 346 385 412 400 436 393 437 449 401 413 386 332 214 257 159 148 105 64 

FirstWin:
0 0 0 0 0 0 0 0 0 0 0 0 0 0 0 0 0 0 0 0 0 0 0 0 0 0 0 0 0 0 0 0 0 0 0 0 0 0 0 2 0 8 0 15 0 14 0 29 0 33 0 271 0 125 0 185 0 187 0 189 0 240 0 357 0 385 0 400 0 393 0 449 0 413 0 332 0 257 0 148 0 64 
SAlphaB:
0 0 0 0 0 0 0 0 0 0 0 0 0 0 0 0 0 0 0 0 0 0 0 0 0 0 0 0 0 0 0 0 0 0 0 0 0 0 0 2 0 8 0 15 0 14 0 29 0 33 0 271 0 125 0 185 0 187 0 189 0 240 0 357 0 385 0 400 0 393 0 449 0 413 0 332 0 257 0 148 0 64 

SecondWin:
0 0 0 0 0 0 0 0 0 0 0 0 0 0 0 0 0 0 0 0 0 0 0 0 0 0 0 0 0 0 0 0 0 0 0 0 0 0 0 0 0 0 1 0 1 0 7 0 44 0 70 0 115 0 73 0 129 0 123 0 201 0 275 0 346 0 412 0 436 0 437 0 401 0 386 0 214 0 159 0 105 0 
SAlphaB:
0 0 0 0 0 0 0 0 0 0 0 0 0 0 0 0 0 0 0 0 0 0 0 0 0 0 0 0 0 0 0 0 0 0 0 0 0 0 0 0 0 0 1 0 1 0 7 0 44 0 70 0 115 0 73 0 129 0 123 0 201 0 275 0 346 0 412 0 436 0 437 0 401 0 386 0 214 0 159 0 105 0 
