0 53 62 31 -8 2 20 18

0 25 64 71 -16 1 7 15

0 62 90 62 -5 12 43 10

0 67 95 70 -6 2 27 20

0 48 90 35 -5 11 14 6

0 39 90 98 -9 2 12 2

0 83 92 92 -15 1 29 27

0 72 75 82 -18 9 32 19

0 77 92 91 -5 4 35 22

0 45 73 49 -6 10 20 11

0 34 95 98 -14 0 2 6

0 56 62 21 -20 3 26 13

0 51 80 18 -17 8 20 38

0 35 69 11 -6 3 12 14

0 35 88 95 -9 6 10 0

0 35 89 20 -20 3 5 8

0 58 76 87 -17 2 22 24

0 44 58 34 -8 10 22 15

0 43 69 12 -13 1 22 40

0 42 69 85 -10 6 7 5

0 33 46 55 -9 4 11 18

0 86 92 54 -14 12 44 29

0 68 84 37 -10 13 37 12

0 43 92 9 -16 0 10 3

0 25 80 4 -10 4 18 0

0 57 87 19 -7 4 17 38

0 76 78 55 -18 10 39 6

0 86 97 46 -15 6 30 23

0 57 90 94 -3 3 6 5

0 24 55 37 -20 1 2 13

0 70 89 18 -13 4 21 26

0 84 95 76 -5 15 47 25

0 77 95 82 -2 12 33 28

0 90 92 95 -8 17 25 7

0 22 95 40 -17 0 2 29

0 48 76 70 -17 7 15 44

0 49 82 24 -3 0 1 4

0 65 72 49 -9 5 31 9

0 76 87 2 -8 3 30 13

0 55 57 48 -9 7 38 2

0 64 96 49 -20 13 40 32

0 54 63 94 -10 11 14 12

0 38 42 30 -10 0 1 11

0 37 69 33 -15 4 20 15

0 37 94 83 -10 9 23 9

0 59 77 85 -5 1 20 11

0 27 63 54 -1 9 12 8

0 41 53 75 -19 2 3 13

0 55 88 1 -14 1 3 43

0 7 94 13 -13 5 13 0

0 16 96 72 -10 0 2 29

0 43 88 81 -18 18 46 22

0 88 89 75 -9 16 41 21

0 49 99 76 -9 8 33 49

0 85 98 43 -14 9 37 38

0 31 78 30 -6 13 45 39

0 21 83 49 -10 1 22 14

0 31 58 75 -15 5 18 25

0 15 62 51 -9 0 5 2

0 22 36 64 -16 1 2 2

0 70 92 69 -14 8 47 45

0 52 82 86 -16 0 30 35

0 39 41 70 -18 1 3 20

0 36 89 59 -16 7 16 35

0 11 83 85 -5 12 32 24

0 41 78 37 -15 7 12 13

0 67 79 70 -4 27 37 14

0 61 69 44 -7 16 18 2

0 16 60 97 -6 0 1 10

0 5 93 49 -5 18 45 20

0 68 70 79 -20 1 32 44

0 85 91 58 -8 1 27 21

0 48 73 62 -15 9 23 21

0 30 41 55 -16 19 44 1

0 7 78 67 -14 0 1 5

0 35 48 89 -4 8 18 10

0 59 80 61 -15 6 8 24

0 40 77 35 -8 0 6 17

0 8 86 92 -7 6 11 8

0 52 90 19 -3 16 34 26

0 27 70 72 -18 10 27 36

0 10 99 5 -5 2 7 12

0 56 96 67 -14 2 37 18

0 10 62 17 -16 1 5 4

0 28 63 48 -11 6 10 30

0 85 96 87 -7 3 5 5

0 79 84 3 -15 23 40 30

0 35 91 84 -19 12 18 48

0 88 96 53 -19 3 6 24

0 31 44 41 -5 3 7 25

0 16 68 78 -18 0 4 31

0 11 58 8 -4 0 2 14

0 42 62 38 -12 13 46 15

0 33 40 41 -6 8 35 6

0 31 93 99 -4 3 46 38

0 27 55 65 -6 2 5 24

0 31 94 50 -19 7 15 40

0 48 54 5 -14 1 2 0

0 19 24 33 -17 0 1 21

0 29 45 25 -4 8 31 28


SAlphaB: 765.0, std-dev 270.8604810636284

Earliest win: 35
Latest win: 81

WinDepth:
0 0 0 0 0 0 0 0 0 0 0 0 0 0 0 0 0 0 0 0 0 0 0 0 0 0 0 0 0 0 0 0 0 0 0 1 2 7 5 19 12 26 9 29 22 70 35 146 86 165 172 361 157 392 244 514 357 567 422 514 450 752 584 772 810 912 871 974 925 1068 961 937 877 868 893 756 588 482 417 230 195 179 
SAlphaB:
0 0 0 0 0 0 0 0 0 0 0 0 0 0 0 0 0 0 0 0 0 0 0 0 0 0 0 0 0 0 0 0 0 0 0 1 2 7 5 19 12 26 9 29 22 70 35 146 86 165 172 361 157 392 244 514 357 567 422 514 450 752 584 772 810 912 871 974 925 1068 961 937 877 868 893 756 588 482 417 230 195 179 

LossDepth:
SAlphaB:
0 0 0 0 0 0 0 0 0 0 0 0 0 0 0 0 0 0 0 0 0 0 0 0 0 0 0 0 0 0 0 0 0 0 0 1 2 3 3 14 6 25 6 16 17 47 30 63 55 101 135 176 105 227 150 317 234 377 263 322 260 488 367 600 539 668 620 758 656 861 729 803 680 753 681 696 483 448 331 211 219 159 

FirstWin:
0 0 0 0 0 0 0 0 0 0 0 0 0 0 0 0 0 0 0 0 0 0 0 0 0 0 0 0 0 0 0 0 0 0 0 1 0 7 0 19 0 26 0 29 0 70 0 146 0 165 0 361 0 392 0 514 0 567 0 514 0 752 0 772 0 912 0 974 0 1068 0 937 0 868 0 756 0 482 0 230 0 179 
SAlphaB:
0 0 0 0 0 0 0 0 0 0 0 0 0 0 0 0 0 0 0 0 0 0 0 0 0 0 0 0 0 0 0 0 0 0 0 1 0 7 0 19 0 26 0 29 0 70 0 146 0 165 0 361 0 392 0 514 0 567 0 514 0 752 0 772 0 912 0 974 0 1068 0 937 0 868 0 756 0 482 0 230 0 179 

SecondWin:
0 0 0 0 0 0 0 0 0 0 0 0 0 0 0 0 0 0 0 0 0 0 0 0 0 0 0 0 0 0 0 0 0 0 0 0 2 0 5 0 12 0 9 0 22 0 35 0 86 0 172 0 157 0 244 0 357 0 422 0 450 0 584 0 810 0 871 0 925 0 961 0 877 0 893 0 588 0 417 0 195 0 
SAlphaB:
0 0 0 0 0 0 0 0 0 0 0 0 0 0 0 0 0 0 0 0 0 0 0 0 0 0 0 0 0 0 0 0 0 0 0 0 2 0 5 0 12 0 9 0 22 0 35 0 86 0 172 0 157 0 244 0 357 0 422 0 450 0 584 0 810 0 871 0 925 0 961 0 877 0 893 0 588 0 417 0 195 0 
