0 45 73 49 -6 10 20 11

0 35 69 11 -6 3 12 14

0 51 80 18 -17 8 20 38

0 58 76 87 -17 2 22 24

0 30 41 55 -16 19 44 1

0 49 82 24 -3 0 1 4

0 43 92 9 -16 0 10 3

0 67 79 70 -4 27 37 14

0 76 87 2 -8 3 30 13

0 19 24 33 -17 0 1 21

0 29 74 76 -5 8 9 30

0 20 82 46 -1 9 25 2

0 29 87 76 -13 24 28 24

0 0 60 73 -17 0 9 17

0 64 76 16 -18 18 27 40

0 12 50 98 -14 0 3 33

0 34 55 77 -16 2 32 6

0 22 55 23 -13 13 41 25

0 27 32 99 -10 14 27 41

0 56 88 83 -15 3 4 36

0 24 60 2 -4 8 20 43

0 10 98 82 -15 17 28 11

0 58 63 73 -17 5 9 20

0 47 93 6 -14 4 36 26

0 39 43 63 -12 0 1 14

0 1 94 54 -9 28 46 23

0 31 54 50 -12 18 43 23

0 74 78 64 -3 5 6 46

0 35 80 18 -10 12 36 21

0 86 98 2 -14 7 12 16

0 12 47 17 -2 18 21 17

0 17 73 78 -19 35 49 2

0 49 63 1 -12 18 20 16

0 32 57 30 -13 4 6 37

0 3 78 50 -20 10 13 35

0 27 94 91 -6 13 18 47

0 18 25 58 -5 34 35 16

0 28 39 13 -12 4 8 40

0 50 55 59 -16 30 31 26

0 10 64 7 -4 15 44 18

0 26 42 38 -20 1 14 34

0 35 65 88 -7 17 39 17

0 28 45 13 -15 6 26 29

0 55 88 41 -18 33 48 13

0 21 73 35 -15 19 44 47

0 18 39 23 -20 2 9 1

0 37 57 52 -2 28 49 33

0 32 38 85 -16 7 12 45

0 39 77 63 -14 1 29 38

0 30 90 11 -12 31 36 33

0 34 64 92 -14 0 34 27

0 51 53 34 -10 1 3 31

0 26 35 64 -10 0 43 7

0 1 35 98 -5 0 13 41

0 36 41 70 -20 16 37 10

0 11 90 24 -2 40 44 6

0 22 43 19 -11 9 35 18

0 41 92 35 -1 22 34 1

0 30 69 76 -2 33 35 13

0 8 16 83 -7 3 12 9

0 1 43 5 -8 2 20 34

0 22 55 24 -12 17 25 29

0 65 76 60 -17 32 37 32

0 30 34 16 -7 0 1 31

0 15 97 6 -17 32 42 1

0 33 37 2 -16 9 13 2

0 14 46 88 -6 4 37 8

0 11 31 57 -1 16 18 37

0 23 27 37 -11 0 46 21

0 40 76 67 -12 37 39 33

0 5 25 38 -16 19 32 13

0 34 81 69 -16 15 17 12

0 26 46 40 -8 39 40 48

0 13 19 33 -18 22 48 5

0 6 13 37 -16 8 40 25

0 14 37 80 -15 7 33 18

0 12 25 88 -20 16 36 19

0 16 22 78 -5 38 47 18

0 1 35 50 -6 27 36 39

0 61 77 7 -9 34 41 3

0 11 79 76 -8 6 26 43

0 26 48 10 -8 3 45 45

0 10 24 15 -19 18 35 31

0 2 7 88 -4 2 42 0

0 2 47 65 -7 28 46 29

0 12 15 25 -14 8 18 35

0 11 16 31 -4 5 28 7

0 3 4 44 -17 0 8 18

0 7 20 27 -2 19 41 49

0 4 13 14 -2 16 28 37

0 4 21 76 -16 4 13 46

0 11 32 50 -15 5 33 19

0 3 10 21 -9 16 37 48

0 0 1 63 -18 8 28 41

0 14 19 61 -16 2 3 34

0 2 9 36 -4 0 8 28

0 0 2 2 -14 3 5 32

0 2 3 55 -11 2 32 30

0 0 2 80 -1 6 7 47

0 0 7 0 -8 23 31 47


SAlphaB: 688.0, std-dev 266.56329483166877

Earliest win: 37
Latest win: 81

WinDepth:
0 0 0 0 0 0 0 0 0 0 0 0 0 0 0 0 0 0 0 0 0 0 0 0 0 0 0 0 0 0 0 0 0 0 0 0 0 6 2 2 0 12 5 36 8 25 27 52 51 86 103 160 91 128 100 165 117 194 153 180 183 231 237 320 353 396 368 386 418 454 437 426 367 405 345 336 246 224 226 147 85 60 
SAlphaB:
0 0 0 0 0 0 0 0 0 0 0 0 0 0 0 0 0 0 0 0 0 0 0 0 0 0 0 0 0 0 0 0 0 0 0 0 0 6 2 2 0 12 5 36 8 25 27 52 51 86 103 160 91 128 100 165 117 194 153 180 183 231 237 320 353 396 368 386 418 454 437 426 367 405 345 336 246 224 226 147 85 60 

LossDepth:
SAlphaB:
0 0 0 0 0 0 0 0 0 0 0 0 0 0 0 0 0 0 0 0 0 0 0 0 0 0 0 0 0 0 0 0 0 0 0 0 0 6 2 2 0 12 5 36 8 25 27 52 51 86 103 160 91 128 100 165 117 194 153 180 183 231 237 320 353 396 368 386 418 454 437 426 367 405 345 336 246 224 226 147 85 60 

FirstWin:
0 0 0 0 0 0 0 0 0 0 0 0 0 0 0 0 0 0 0 0 0 0 0 0 0 0 0 0 0 0 0 0 0 0 0 0 0 6 0 2 0 12 0 36 0 25 0 52 0 86 0 160 0 128 0 165 0 194 0 180 0 231 0 320 0 396 0 386 0 454 0 426 0 405 0 336 0 224 0 147 0 60 
SAlphaB:
0 0 0 0 0 0 0 0 0 0 0 0 0 0 0 0 0 0 0 0 0 0 0 0 0 0 0 0 0 0 0 0 0 0 0 0 0 6 0 2 0 12 0 36 0 25 0 52 0 86 0 160 0 128 0 165 0 194 0 180 0 231 0 320 0 396 0 386 0 454 0 426 0 405 0 336 0 224 0 147 0 60 

SecondWin:
0 0 0 0 0 0 0 0 0 0 0 0 0 0 0 0 0 0 0 0 0 0 0 0 0 0 0 0 0 0 0 0 0 0 0 0 0 0 2 0 0 0 5 0 8 0 27 0 51 0 103 0 91 0 100 0 117 0 153 0 183 0 237 0 353 0 368 0 418 0 437 0 367 0 345 0 246 0 226 0 85 0 
SAlphaB:
0 0 0 0 0 0 0 0 0 0 0 0 0 0 0 0 0 0 0 0 0 0 0 0 0 0 0 0 0 0 0 0 0 0 0 0 0 0 2 0 0 0 5 0 8 0 27 0 51 0 103 0 91 0 100 0 117 0 153 0 183 0 237 0 353 0 368 0 418 0 437 0 367 0 345 0 246 0 226 0 85 0 
