0 33 46 55 -9 4 11 18

0 56 96 67 -14 2 37 18

0 52 82 86 -16 0 30 35

0 16 68 78 -18 0 4 31

0 59 80 61 -15 6 8 24

0 40 77 35 -8 0 6 17

0 31 78 30 -6 13 45 39

0 54 63 94 -10 11 14 12

0 28 63 48 -11 6 10 30

0 88 96 53 -19 3 6 24

0 42 64 17 -18 2 10 6

0 6 44 67 -9 4 9 14

0 57 81 76 -18 3 13 32

0 5 24 86 -6 8 17 16

0 70 87 14 -10 6 14 9

0 14 40 95 -14 15 34 33

0 24 83 16 -8 3 19 23

0 40 61 37 -13 21 44 0

0 51 64 49 -6 0 10 4

0 53 75 74 -6 6 13 35

0 76 91 58 -14 8 40 3

0 51 54 81 -12 18 38 36

0 37 47 13 -17 2 9 36

0 60 84 3 -9 5 14 7

0 48 54 93 -18 0 1 19

0 31 47 89 -15 0 1 39

0 36 52 85 -19 13 21 12

0 83 95 27 -19 11 29 46

0 19 29 58 -7 1 2 22

0 13 79 47 -16 18 46 20

0 37 65 57 -11 0 15 5

0 80 90 44 -2 4 7 1

0 73 77 81 -15 12 33 35

0 60 66 52 -19 22 49 44

0 54 60 91 -6 1 14 39

0 0 39 71 -10 41 42 5

0 34 36 9 -17 5 34 26

0 39 96 96 -12 14 24 33

0 28 92 72 -7 15 25 6

0 15 39 26 -1 9 34 20

0 25 64 90 -3 0 6 30

0 66 71 40 -16 0 2 34

0 10 57 88 -1 40 41 27

0 29 46 36 -8 7 34 20

0 29 64 77 -11 15 27 39

0 26 62 62 -18 4 42 26

0 25 63 30 -19 6 28 34

0 25 48 72 -3 5 17 39

0 17 56 9 -7 13 27 33

0 19 53 80 -12 8 41 33

0 22 35 50 -11 7 11 17

0 22 44 41 -10 1 2 47

0 24 35 17 -5 15 17 14

0 38 41 78 -16 21 40 46

0 1 57 69 -16 25 41 12

0 11 79 33 -12 27 37 42

0 26 27 32 -13 39 44 24

0 14 22 97 -16 1 5 23

0 14 66 84 -10 20 21 48

0 7 66 79 -2 0 1 36

0 30 62 46 -5 24 44 45

0 6 44 54 -9 28 40 29

0 5 88 28 -6 27 32 31

0 7 75 56 -15 0 4 34

0 10 18 55 -13 9 11 24

0 31 35 24 -14 13 19 9

0 28 40 8 -5 10 34 44

0 2 80 11 -3 5 18 38

0 27 41 23 -8 25 26 18

0 3 15 72 -13 21 24 45

0 5 34 39 -18 3 5 37

0 16 22 62 -5 43 46 40

0 19 29 13 -17 4 10 33

0 17 42 54 -20 6 9 21

0 23 80 65 -4 8 33 18

0 4 21 72 -13 37 41 10

0 55 77 47 -8 34 40 13

0 4 13 22 -2 8 10 24

0 1 29 52 -12 0 29 35

0 29 41 57 -15 18 26 49

0 8 23 32 -20 28 43 12

0 8 33 88 -18 21 42 40

0 14 22 71 -14 12 14 35

0 11 27 3 -20 27 33 16

0 11 17 90 -10 5 9 41

0 9 26 28 -1 22 38 17

0 8 9 44 -1 8 15 30

0 14 62 3 -10 3 28 44

0 2 5 34 -9 38 44 45

0 0 1 54 -10 16 25 31

0 5 7 12 -1 8 44 49

0 6 32 1 -15 17 23 31

0 5 22 39 -8 1 43 18

0 3 15 54 -2 3 41 8

0 13 15 33 -15 19 34 15

0 1 2 96 -2 22 43 47

0 35 38 28 -15 22 36 40

0 1 6 50 -1 2 22 21

0 3 5 42 -4 0 34 37

0 3 6 95 -6 0 8 28


SAlphaB: 714.0, std-dev 258.36189978908703

Earliest win: 37
Latest win: 81

WinDepth:
0 0 0 0 0 0 0 0 0 0 0 0 0 0 0 0 0 0 0 0 0 0 0 0 0 0 0 0 0 0 0 0 0 0 0 0 0 2 0 4 1 7 1 10 7 18 11 37 23 74 59 187 61 103 83 195 105 193 137 183 148 251 225 282 313 376 440 392 479 393 441 433 461 432 379 380 281 276 184 133 101 77 
SAlphaB:
0 0 0 0 0 0 0 0 0 0 0 0 0 0 0 0 0 0 0 0 0 0 0 0 0 0 0 0 0 0 0 0 0 0 0 0 0 2 0 4 1 7 1 10 7 18 11 37 23 74 59 187 61 103 83 195 105 193 137 183 148 251 225 282 313 376 440 392 479 393 441 433 461 432 379 380 281 276 184 133 101 77 

LossDepth:
SAlphaB:
0 0 0 0 0 0 0 0 0 0 0 0 0 0 0 0 0 0 0 0 0 0 0 0 0 0 0 0 0 0 0 0 0 0 0 0 0 2 0 4 1 7 1 10 7 18 11 37 23 74 59 187 61 103 83 195 105 193 137 183 148 251 225 282 313 376 440 392 479 393 441 433 461 432 379 380 281 276 184 133 101 77 

FirstWin:
0 0 0 0 0 0 0 0 0 0 0 0 0 0 0 0 0 0 0 0 0 0 0 0 0 0 0 0 0 0 0 0 0 0 0 0 0 2 0 4 0 7 0 10 0 18 0 37 0 74 0 187 0 103 0 195 0 193 0 183 0 251 0 282 0 376 0 392 0 393 0 433 0 432 0 380 0 276 0 133 0 77 
SAlphaB:
0 0 0 0 0 0 0 0 0 0 0 0 0 0 0 0 0 0 0 0 0 0 0 0 0 0 0 0 0 0 0 0 0 0 0 0 0 2 0 4 0 7 0 10 0 18 0 37 0 74 0 187 0 103 0 195 0 193 0 183 0 251 0 282 0 376 0 392 0 393 0 433 0 432 0 380 0 276 0 133 0 77 

SecondWin:
0 0 0 0 0 0 0 0 0 0 0 0 0 0 0 0 0 0 0 0 0 0 0 0 0 0 0 0 0 0 0 0 0 0 0 0 0 0 0 0 1 0 1 0 7 0 11 0 23 0 59 0 61 0 83 0 105 0 137 0 148 0 225 0 313 0 440 0 479 0 441 0 461 0 379 0 281 0 184 0 101 0 
SAlphaB:
0 0 0 0 0 0 0 0 0 0 0 0 0 0 0 0 0 0 0 0 0 0 0 0 0 0 0 0 0 0 0 0 0 0 0 0 0 0 0 0 1 0 1 0 7 0 11 0 23 0 59 0 61 0 83 0 105 0 137 0 148 0 225 0 313 0 440 0 479 0 441 0 461 0 379 0 281 0 184 0 101 0 
