0 15 62 51 -9 0 5 2

0 22 36 64 -16 1 2 2

0 64 96 49 -20 13 40 32

0 48 73 62 -15 9 23 21

0 79 84 3 -15 23 40 30

0 77 92 91 -5 4 35 22

0 38 42 30 -10 0 1 11

0 61 69 44 -7 16 18 2

0 59 77 85 -5 1 20 11

0 70 92 69 -14 8 47 45

0 18 76 96 -7 0 1 16

0 88 97 18 -18 0 1 34

0 11 54 91 -12 2 4 0

0 45 61 37 -8 6 14 38

0 34 78 79 -11 1 2 19

0 13 15 41 -8 0 4 6

0 45 46 65 -15 8 16 34

0 6 37 71 -16 0 7 5

0 2 62 62 -14 18 33 23

0 81 84 19 -14 25 27 40

0 72 95 87 -2 1 23 27

0 14 20 83 -1 9 26 6

0 2 45 84 -15 1 3 49

0 24 32 86 -8 14 30 2

0 3 14 83 -2 14 34 10

0 53 73 7 -4 6 42 35

0 26 35 61 -16 25 34 20

0 65 88 32 -16 7 11 5

0 22 40 24 -4 12 25 7

0 31 51 97 -15 8 9 48

0 43 62 55 -15 11 34 17

0 60 66 82 -19 11 22 0

0 68 94 66 -6 35 47 8

0 78 83 98 -6 2 10 23

0 78 90 24 -4 11 27 1

0 18 59 68 -8 11 43 33

0 24 27 54 -1 9 19 24

0 21 96 12 -13 18 46 22

0 22 34 81 -19 18 27 25

0 16 37 9 -6 14 44 25

0 12 26 25 -7 6 11 25

0 67 71 83 -1 2 41 45

0 21 85 38 -13 11 18 8

0 11 30 76 -4 14 23 14

0 9 17 77 -4 0 6 4

0 69 72 22 -17 0 2 46

0 26 41 20 -1 27 28 26

0 41 76 13 -7 18 36 42

0 24 34 37 -16 22 41 14

0 4 45 74 -2 1 2 22

0 29 48 58 -20 1 2 42

0 11 16 77 -14 5 9 4

0 50 60 12 -4 19 25 34

0 18 25 12 -14 17 22 2

0 5 16 63 -5 14 31 39

0 19 87 64 -17 40 41 26

0 27 30 25 -1 9 47 5

0 21 41 72 -10 2 3 34

0 20 40 2 -17 14 15 19

0 1 8 35 -12 6 7 5

0 14 41 4 -8 3 17 8

0 17 34 22 -14 8 20 42

0 13 28 33 -19 38 47 39

0 47 77 22 -12 32 45 11

0 15 42 37 -15 2 21 11

0 11 60 29 -16 3 32 35

0 28 34 27 -10 9 42 44

0 0 9 24 -17 2 5 29

0 13 26 24 -19 16 49 28

0 8 64 4 -17 13 21 45

0 17 60 17 -13 3 46 19

0 0 17 57 -15 0 6 37

0 26 36 29 -11 21 34 24

0 3 4 79 -3 3 32 36

0 12 47 22 -6 0 2 48

0 15 98 95 -1 3 44 42

0 41 54 80 -16 8 38 22

0 10 63 44 -13 9 48 42

0 16 38 5 -8 26 30 4

0 40 62 62 -18 12 48 43

0 4 33 68 -4 1 12 17

0 5 12 70 -16 8 22 43

0 1 12 62 -8 18 49 2

0 2 15 24 -9 6 43 2

0 0 8 88 -8 17 38 9

0 2 8 65 -11 16 33 41

0 18 28 41 -2 4 25 46

0 2 7 30 -5 0 1 20

0 0 24 42 -3 2 32 33

0 4 47 6 -1 7 14 48

0 0 1 74 -4 48 49 39

0 5 27 7 -6 7 14 39

0 0 1 77 -10 10 20 18

0 4 18 23 -19 8 24 8

0 2 6 79 -13 0 49 12

0 5 25 54 -5 5 45 36

0 0 23 45 -7 39 43 0

0 3 4 19 -16 21 31 12

0 0 3 29 -2 5 6 38

0 4 7 14 -19 2 3 9


SAlphaB: 707.0, std-dev 259.4573994343043

Earliest win: 37
Latest win: 81

WinDepth:
0 0 0 0 0 0 0 0 0 0 0 0 0 0 0 0 0 0 0 0 0 0 0 0 0 0 0 0 0 0 0 0 0 0 0 0 0 3 2 3 3 10 2 9 13 11 16 44 27 47 51 125 60 111 65 188 114 176 145 173 183 261 231 334 332 357 381 401 430 418 468 470 457 398 405 358 291 249 178 138 118 67 
SAlphaB:
0 0 0 0 0 0 0 0 0 0 0 0 0 0 0 0 0 0 0 0 0 0 0 0 0 0 0 0 0 0 0 0 0 0 0 0 0 3 2 3 3 10 2 9 13 11 16 44 27 47 51 125 60 111 65 188 114 176 145 173 183 261 231 334 332 357 381 401 430 418 468 470 457 398 405 358 291 249 178 138 118 67 

LossDepth:
SAlphaB:
0 0 0 0 0 0 0 0 0 0 0 0 0 0 0 0 0 0 0 0 0 0 0 0 0 0 0 0 0 0 0 0 0 0 0 0 0 3 2 3 3 10 2 9 13 11 16 44 27 47 51 125 60 111 65 188 114 176 145 173 183 261 231 334 332 357 381 401 430 418 468 470 457 398 405 358 291 249 178 138 118 67 

FirstWin:
0 0 0 0 0 0 0 0 0 0 0 0 0 0 0 0 0 0 0 0 0 0 0 0 0 0 0 0 0 0 0 0 0 0 0 0 0 3 0 3 0 10 0 9 0 11 0 44 0 47 0 125 0 111 0 188 0 176 0 173 0 261 0 334 0 357 0 401 0 418 0 470 0 398 0 358 0 249 0 138 0 67 
SAlphaB:
0 0 0 0 0 0 0 0 0 0 0 0 0 0 0 0 0 0 0 0 0 0 0 0 0 0 0 0 0 0 0 0 0 0 0 0 0 3 0 3 0 10 0 9 0 11 0 44 0 47 0 125 0 111 0 188 0 176 0 173 0 261 0 334 0 357 0 401 0 418 0 470 0 398 0 358 0 249 0 138 0 67 

SecondWin:
0 0 0 0 0 0 0 0 0 0 0 0 0 0 0 0 0 0 0 0 0 0 0 0 0 0 0 0 0 0 0 0 0 0 0 0 0 0 2 0 3 0 2 0 13 0 16 0 27 0 51 0 60 0 65 0 114 0 145 0 183 0 231 0 332 0 381 0 430 0 468 0 457 0 405 0 291 0 178 0 118 0 
SAlphaB:
0 0 0 0 0 0 0 0 0 0 0 0 0 0 0 0 0 0 0 0 0 0 0 0 0 0 0 0 0 0 0 0 0 0 0 0 0 0 2 0 3 0 2 0 13 0 16 0 27 0 51 0 60 0 65 0 114 0 145 0 183 0 231 0 332 0 381 0 430 0 468 0 457 0 405 0 291 0 178 0 118 0 
