0 48 90 35 -5 11 14 6

0 83 92 92 -15 1 29 27

0 86 92 54 -14 12 44 29

0 35 88 95 -9 6 10 0

0 16 60 97 -6 0 1 10

0 34 95 98 -14 0 2 6

0 37 94 83 -10 9 23 9

0 49 99 76 -9 8 33 49

0 11 58 8 -4 0 2 14

0 8 86 92 -7 6 11 8

0 36 75 33 -19 3 8 43

0 43 97 67 -15 0 43 2

0 81 92 70 -6 12 19 23

0 54 75 69 -6 5 26 47

0 44 62 6 -18 0 2 40

0 22 29 38 -15 30 34 30

0 3 59 95 -15 14 30 7

0 24 97 62 -18 20 28 11

0 1 55 82 -3 4 23 14

0 9 80 88 -12 10 29 31

0 57 85 1 -5 12 37 20

0 4 46 35 -5 15 49 33

0 15 31 23 -3 27 34 4

0 45 77 62 -13 0 3 35

0 1 10 65 -2 1 2 0

0 19 57 19 -5 6 40 6

0 3 32 54 -13 6 21 10

0 15 54 77 -8 18 21 19

0 18 33 22 -16 23 30 25

0 34 54 25 -9 39 42 16

0 5 20 53 -15 37 40 48

0 20 74 34 -8 3 39 13

0 21 98 10 -11 18 22 15

0 38 77 57 -12 12 37 46

0 13 30 26 -5 18 21 11

0 8 34 80 -17 36 37 5

0 15 42 3 -7 14 30 25

0 16 41 27 -17 10 15 10

0 19 72 37 -18 6 8 47

0 81 85 47 -18 22 32 45

0 15 44 61 -4 9 20 18

0 20 71 0 -12 6 10 33

0 37 70 42 -4 30 33 40

0 22 32 2 -12 29 44 19

0 24 40 98 -17 1 2 32

0 37 83 63 -12 13 20 15

0 2 17 55 -10 2 8 6

0 2 93 1 -10 0 42 25

0 17 30 98 -13 13 19 33

0 17 29 57 -3 4 5 17

0 30 44 50 -15 15 24 25

0 9 22 35 -14 14 27 28

0 55 97 28 -7 42 46 21

0 10 26 49 -2 0 1 18

0 2 11 20 -11 6 19 18

0 19 91 76 -14 14 26 13

0 0 21 92 -19 17 46 49

0 4 18 84 -8 19 31 6

0 8 33 35 -9 32 47 29

0 17 65 50 -9 23 28 28

0 1 62 21 -2 1 8 38

0 0 1 31 -20 14 38 18

0 0 38 21 -12 6 9 23

0 69 85 9 -15 12 20 42

0 21 25 70 -9 1 11 25

0 24 30 50 -9 20 45 39

0 27 70 77 -7 16 20 15

0 10 33 28 -15 44 47 39

0 26 64 32 -19 12 31 36

0 23 74 39 -11 2 43 46

0 59 64 29 -18 46 47 3

0 2 5 47 -2 13 24 2

0 16 22 33 -5 2 33 36

0 25 56 20 -6 2 48 33

0 58 69 55 -5 5 12 43

0 2 46 9 -12 3 36 32

0 12 16 19 -17 27 30 15

0 2 3 71 -7 2 4 12

0 38 69 80 -19 24 39 49

0 1 18 21 -8 21 24 2

0 21 23 42 -2 0 1 21

0 7 45 58 -19 1 39 22

0 18 55 79 -13 18 20 14

0 12 65 59 -11 13 17 37

0 4 7 78 -17 24 28 18

0 1 7 41 -5 13 15 10

0 12 19 7 -6 23 44 5

0 0 1 24 -4 20 35 30

0 8 9 26 -13 11 17 20

0 0 2 89 -19 6 11 21

0 3 9 49 -8 0 32 20

0 1 2 72 -13 4 34 34

0 8 32 54 -13 1 26 41

0 1 5 31 -4 36 46 10

0 2 4 68 -16 15 27 33

0 3 14 50 -8 3 49 46

0 9 16 67 -5 6 7 38

0 1 19 51 -6 1 24 41

0 10 12 56 -16 19 30 39

0 1 13 92 -18 1 8 48


SAlphaB: 756.0, std-dev 278.43074896587297

Earliest win: 37
Latest win: 81

WinDepth:
0 0 0 0 0 0 0 0 0 0 0 0 0 0 0 0 0 0 0 0 0 0 0 0 0 0 0 0 0 0 0 0 0 0 0 0 0 4 0 4 15 1 1 11 27 7 18 27 108 54 94 229 120 94 90 207 95 181 128 192 171 242 199 309 311 364 419 405 479 373 496 490 391 337 399 327 275 282 158 134 96 73 
SAlphaB:
0 0 0 0 0 0 0 0 0 0 0 0 0 0 0 0 0 0 0 0 0 0 0 0 0 0 0 0 0 0 0 0 0 0 0 0 0 4 0 4 15 1 1 11 27 7 18 27 108 54 94 229 120 94 90 207 95 181 128 192 171 242 199 309 311 364 419 405 479 373 496 490 391 337 399 327 275 282 158 134 96 73 

LossDepth:
SAlphaB:
0 0 0 0 0 0 0 0 0 0 0 0 0 0 0 0 0 0 0 0 0 0 0 0 0 0 0 0 0 0 0 0 0 0 0 0 0 4 0 4 15 1 1 11 27 7 18 27 108 54 94 229 120 94 90 207 95 181 128 192 171 242 199 309 311 364 419 405 479 373 496 490 391 337 399 327 275 282 158 134 96 73 

FirstWin:
0 0 0 0 0 0 0 0 0 0 0 0 0 0 0 0 0 0 0 0 0 0 0 0 0 0 0 0 0 0 0 0 0 0 0 0 0 4 0 4 0 1 0 11 0 7 0 27 0 54 0 229 0 94 0 207 0 181 0 192 0 242 0 309 0 364 0 405 0 373 0 490 0 337 0 327 0 282 0 134 0 73 
SAlphaB:
0 0 0 0 0 0 0 0 0 0 0 0 0 0 0 0 0 0 0 0 0 0 0 0 0 0 0 0 0 0 0 0 0 0 0 0 0 4 0 4 0 1 0 11 0 7 0 27 0 54 0 229 0 94 0 207 0 181 0 192 0 242 0 309 0 364 0 405 0 373 0 490 0 337 0 327 0 282 0 134 0 73 

SecondWin:
0 0 0 0 0 0 0 0 0 0 0 0 0 0 0 0 0 0 0 0 0 0 0 0 0 0 0 0 0 0 0 0 0 0 0 0 0 0 0 0 15 0 1 0 27 0 18 0 108 0 94 0 120 0 90 0 95 0 128 0 171 0 199 0 311 0 419 0 479 0 496 0 391 0 399 0 275 0 158 0 96 0 
SAlphaB:
0 0 0 0 0 0 0 0 0 0 0 0 0 0 0 0 0 0 0 0 0 0 0 0 0 0 0 0 0 0 0 0 0 0 0 0 0 0 0 0 15 0 1 0 27 0 18 0 108 0 94 0 120 0 90 0 95 0 128 0 171 0 199 0 311 0 419 0 479 0 496 0 391 0 399 0 275 0 158 0 96 0 
