0 25 64 71 -16 1 7 15

0 55 88 1 -14 1 3 43

0 55 57 48 -9 7 38 2

0 16 96 72 -10 0 2 29

0 35 89 20 -20 3 5 8

0 65 72 49 -9 5 31 9

0 72 75 82 -18 9 32 19

0 67 95 70 -6 2 27 20

0 57 87 19 -7 4 17 38

0 85 91 58 -8 1 27 21

0 50 93 77 -8 35 43 12

0 43 63 9 -6 0 1 4

0 29 51 90 -13 7 24 29

0 38 81 96 -13 8 27 10

0 12 35 84 -8 1 4 20

0 68 90 34 -13 19 30 13

0 5 91 11 -1 20 25 9

0 72 93 46 -11 19 25 22

0 34 74 17 -5 12 20 40

0 37 97 36 -16 7 13 10

0 51 68 85 -6 1 6 17

0 87 89 29 -2 16 27 15

0 17 59 26 -11 7 12 22

0 47 59 68 -7 3 19 42

0 56 73 64 -8 3 4 47

0 12 34 36 -6 0 1 18

0 15 92 66 -3 7 14 12

0 34 38 71 -15 1 2 27

0 11 97 88 -16 0 16 31

0 30 98 86 -10 5 30 23

0 10 93 36 -12 26 48 33

0 26 93 22 -5 12 14 9

0 62 72 90 -19 7 15 30

0 21 63 88 -8 21 31 9

0 58 69 33 -5 4 6 46

0 41 61 73 -10 29 39 23

0 57 65 17 -16 2 33 14

0 26 63 88 -7 24 25 33

0 47 89 95 -7 33 45 12

0 91 94 32 -11 9 13 41

0 57 59 95 -19 7 27 45

0 57 84 62 -1 4 8 33

0 52 81 56 -16 5 8 36

0 55 84 1 -15 17 23 28

0 43 77 11 -18 8 17 38

0 13 61 1 -15 0 5 25

0 20 58 66 -3 1 6 24

0 12 91 85 -6 0 2 30

0 51 69 36 -19 6 8 13

0 35 94 41 -3 6 46 36

0 62 86 94 -7 45 46 5

0 15 67 53 -3 35 48 15

0 63 72 24 -18 17 21 20

0 3 49 49 -2 18 40 22

0 9 70 57 -15 41 48 13

0 4 72 57 -15 17 38 14

0 48 55 1 -5 17 27 17

0 7 91 85 -3 1 6 46

0 37 47 87 -8 17 34 39

0 18 31 12 -8 18 19 17

0 44 67 43 -10 20 48 41

0 55 69 64 -5 22 37 43

0 15 52 7 -8 26 29 39

0 43 45 53 -13 13 27 18

0 59 93 25 -4 18 22 35

0 54 87 66 -14 31 49 14

0 35 90 55 -6 22 44 44

0 13 67 46 -20 10 14 47

0 3 47 99 -19 20 34 1

0 14 52 73 -19 5 31 47

0 17 77 39 -14 7 31 32

0 23 24 85 -17 2 15 45

0 2 26 52 -12 30 35 9

0 10 19 86 -10 14 42 36

0 7 35 95 -1 1 2 13

0 20 48 14 -19 26 28 37

0 3 67 93 -13 6 26 39

0 3 20 51 -19 3 32 10

0 8 9 19 -14 3 8 19

0 75 93 26 -13 46 48 42

0 1 43 36 -18 2 26 2

0 3 85 20 -5 10 19 18

0 4 39 27 -5 5 6 40

0 15 66 74 -11 12 48 38

0 29 36 31 -10 42 44 44

0 1 11 57 -1 15 20 25

0 9 11 43 -12 22 24 16

0 21 31 7 -16 24 46 30

0 18 30 59 -2 2 49 13

0 0 25 55 -9 16 46 31

0 6 7 34 -17 12 49 36

0 4 20 63 -16 28 39 31

0 0 2 1 -13 5 6 24

0 0 2 18 -6 4 33 1

0 8 17 55 -11 9 20 44

0 9 12 21 -5 25 31 44

0 10 32 44 -16 34 47 0

0 6 24 16 -2 4 23 48

0 9 14 15 -5 2 16 45

0 7 16 10 -7 1 5 43


SAlphaB: 714.0, std-dev 276.71592378240086

Earliest win: 35
Latest win: 81

WinDepth:
0 0 0 0 0 0 0 0 0 0 0 0 0 0 0 0 0 0 0 0 0 0 0 0 0 0 0 0 0 0 0 0 0 0 0 1 0 4 0 2 3 4 5 22 16 12 17 40 54 51 65 162 104 129 101 164 148 212 161 150 155 253 238 340 350 337 390 409 462 421 425 421 419 421 372 383 271 263 217 101 99 77 
SAlphaB:
0 0 0 0 0 0 0 0 0 0 0 0 0 0 0 0 0 0 0 0 0 0 0 0 0 0 0 0 0 0 0 0 0 0 0 1 0 4 0 2 3 4 5 22 16 12 17 40 54 51 65 162 104 129 101 164 148 212 161 150 155 253 238 340 350 337 390 409 462 421 425 421 419 421 372 383 271 263 217 101 99 77 

LossDepth:
SAlphaB:
0 0 0 0 0 0 0 0 0 0 0 0 0 0 0 0 0 0 0 0 0 0 0 0 0 0 0 0 0 0 0 0 0 0 0 1 0 4 0 2 3 4 5 22 16 12 17 40 54 51 65 162 104 129 101 164 148 212 161 150 155 253 238 340 350 337 390 409 462 421 425 421 419 421 372 383 271 263 217 101 99 77 

FirstWin:
0 0 0 0 0 0 0 0 0 0 0 0 0 0 0 0 0 0 0 0 0 0 0 0 0 0 0 0 0 0 0 0 0 0 0 1 0 4 0 2 0 4 0 22 0 12 0 40 0 51 0 162 0 129 0 164 0 212 0 150 0 253 0 340 0 337 0 409 0 421 0 421 0 421 0 383 0 263 0 101 0 77 
SAlphaB:
0 0 0 0 0 0 0 0 0 0 0 0 0 0 0 0 0 0 0 0 0 0 0 0 0 0 0 0 0 0 0 0 0 0 0 1 0 4 0 2 0 4 0 22 0 12 0 40 0 51 0 162 0 129 0 164 0 212 0 150 0 253 0 340 0 337 0 409 0 421 0 421 0 421 0 383 0 263 0 101 0 77 

SecondWin:
0 0 0 0 0 0 0 0 0 0 0 0 0 0 0 0 0 0 0 0 0 0 0 0 0 0 0 0 0 0 0 0 0 0 0 0 0 0 0 0 3 0 5 0 16 0 17 0 54 0 65 0 104 0 101 0 148 0 161 0 155 0 238 0 350 0 390 0 462 0 425 0 419 0 372 0 271 0 217 0 99 0 
SAlphaB:
0 0 0 0 0 0 0 0 0 0 0 0 0 0 0 0 0 0 0 0 0 0 0 0 0 0 0 0 0 0 0 0 0 0 0 0 0 0 0 0 3 0 5 0 16 0 17 0 54 0 65 0 104 0 101 0 148 0 161 0 155 0 238 0 350 0 390 0 462 0 425 0 419 0 372 0 271 0 217 0 99 0 
