0 22 95 40 -17 0 2 29

0 70 89 18 -13 4 21 26

0 84 95 76 -5 15 47 25

0 56 62 21 -20 3 26 13

0 5 93 49 -5 18 45 20

0 24 55 37 -20 1 2 13

0 36 89 59 -16 7 16 35

0 43 69 12 -13 1 22 40

0 27 55 65 -6 2 5 24

0 25 80 4 -10 4 18 0

0 45 72 98 -19 4 5 3

0 51 73 66 -5 5 14 14

0 4 73 30 -6 17 34 19

0 65 80 71 -16 7 25 3

0 57 68 52 -19 10 23 26

0 0 73 35 -11 4 10 14

0 60 85 37 -6 1 34 42

0 36 60 74 -5 5 31 7

0 19 77 93 -6 16 35 38

0 44 93 11 -8 2 30 45

0 33 43 87 -17 1 3 29

0 47 49 90 -7 36 44 32

0 56 83 94 -1 16 26 48

0 1 36 60 -14 2 6 6

0 55 79 12 -4 0 7 6

0 24 52 47 -8 23 27 16

0 62 80 92 -2 1 33 41

0 18 36 88 -5 0 4 19

0 11 89 29 -8 35 42 35

0 71 81 62 -5 24 40 18

0 49 74 49 -8 2 7 45

0 12 42 59 -12 15 29 14

0 69 87 45 -4 8 14 26

0 24 31 30 -5 1 10 19

0 12 60 17 -13 6 9 25

0 11 96 14 -20 18 43 13

0 60 69 25 -19 25 36 32

0 53 89 81 -5 29 33 22

0 44 51 76 -16 44 48 43

0 52 59 17 -10 6 37 39

0 3 39 35 -19 13 20 18

0 9 78 81 -20 23 39 27

0 32 70 67 -1 10 43 36

0 33 38 30 -15 8 35 28

0 24 30 13 -20 4 8 21

0 44 75 32 -13 17 30 29

0 0 34 47 -17 3 14 3

0 6 21 64 -6 16 19 13

0 51 59 1 -8 3 4 37

0 7 26 45 -17 26 35 21

0 12 60 5 -2 13 24 41

0 31 69 5 -11 36 46 33

0 5 56 32 -8 20 34 15

0 24 25 47 -17 2 13 40

0 19 30 58 -1 45 46 25

0 0 19 95 -10 23 25 24

0 27 59 5 -18 4 45 15

0 27 47 32 -14 3 14 49

0 22 58 14 -16 4 16 7

0 55 64 64 -18 23 30 15

0 22 33 99 -4 1 2 23

0 49 69 91 -20 33 34 7

0 17 59 38 -13 19 30 41

0 6 44 59 -12 13 33 10

0 8 49 97 -19 5 28 25

0 6 16 24 -3 48 49 5

0 55 62 48 -5 0 7 24

0 1 42 27 -15 1 10 24

0 0 47 7 -8 48 49 49

0 51 96 94 -15 24 29 21

0 42 89 21 -20 26 32 45

0 1 89 51 -19 0 4 33

0 6 26 83 -14 20 25 11

0 6 9 10 -15 5 21 17

0 17 67 58 -5 25 27 38

0 8 14 11 -12 3 4 36

0 25 64 26 -14 14 18 45

0 4 95 97 -14 3 48 8

0 3 60 9 -13 1 5 46

0 2 4 50 -8 4 5 18

0 71 99 32 -13 44 45 41

0 4 13 45 -19 31 35 46

0 12 25 2 -12 23 38 11

0 0 3 99 -11 1 2 16

0 7 15 68 -10 17 26 29

0 68 99 6 -18 35 37 7

0 3 4 38 -7 21 46 8

0 10 43 50 -10 31 36 22

0 7 72 81 -13 7 9 41

0 7 23 9 -19 2 5 35

0 6 7 65 -2 11 23 27

0 0 5 10 -20 38 41 5

0 7 21 11 -2 9 16 25

0 23 50 34 -20 20 40 46

0 8 14 69 -16 10 24 15

0 0 2 87 -7 28 31 19

0 18 26 54 -3 4 42 44

0 3 5 9 -9 2 23 11

0 2 8 5 -8 4 10 46

0 0 3 33 -4 0 3 40


SAlphaB: 717.0, std-dev 255.2473978141777

Earliest win: 35
Latest win: 81

WinDepth:
0 0 0 0 0 0 0 0 0 0 0 0 0 0 0 0 0 0 0 0 0 0 0 0 0 0 0 0 0 0 0 0 0 0 0 1 0 5 0 5 14 3 1 11 7 9 15 43 21 59 53 151 75 96 99 150 80 151 129 197 184 255 238 310 316 358 372 431 500 397 473 425 477 420 393 356 245 245 214 132 100 72 
SAlphaB:
0 0 0 0 0 0 0 0 0 0 0 0 0 0 0 0 0 0 0 0 0 0 0 0 0 0 0 0 0 0 0 0 0 0 0 1 0 5 0 5 14 3 1 11 7 9 15 43 21 59 53 151 75 96 99 150 80 151 129 197 184 255 238 310 316 358 372 431 500 397 473 425 477 420 393 356 245 245 214 132 100 72 

LossDepth:
SAlphaB:
0 0 0 0 0 0 0 0 0 0 0 0 0 0 0 0 0 0 0 0 0 0 0 0 0 0 0 0 0 0 0 0 0 0 0 1 0 5 0 5 14 3 1 11 7 9 15 43 21 59 53 151 75 96 99 150 80 151 129 197 184 255 238 310 316 358 372 431 500 397 473 425 477 420 393 356 245 245 214 132 100 72 

FirstWin:
0 0 0 0 0 0 0 0 0 0 0 0 0 0 0 0 0 0 0 0 0 0 0 0 0 0 0 0 0 0 0 0 0 0 0 1 0 5 0 5 0 3 0 11 0 9 0 43 0 59 0 151 0 96 0 150 0 151 0 197 0 255 0 310 0 358 0 431 0 397 0 425 0 420 0 356 0 245 0 132 0 72 
SAlphaB:
0 0 0 0 0 0 0 0 0 0 0 0 0 0 0 0 0 0 0 0 0 0 0 0 0 0 0 0 0 0 0 0 0 0 0 1 0 5 0 5 0 3 0 11 0 9 0 43 0 59 0 151 0 96 0 150 0 151 0 197 0 255 0 310 0 358 0 431 0 397 0 425 0 420 0 356 0 245 0 132 0 72 

SecondWin:
0 0 0 0 0 0 0 0 0 0 0 0 0 0 0 0 0 0 0 0 0 0 0 0 0 0 0 0 0 0 0 0 0 0 0 0 0 0 0 0 14 0 1 0 7 0 15 0 21 0 53 0 75 0 99 0 80 0 129 0 184 0 238 0 316 0 372 0 500 0 473 0 477 0 393 0 245 0 214 0 100 0 
SAlphaB:
0 0 0 0 0 0 0 0 0 0 0 0 0 0 0 0 0 0 0 0 0 0 0 0 0 0 0 0 0 0 0 0 0 0 0 0 0 0 0 0 14 0 1 0 7 0 15 0 21 0 53 0 75 0 99 0 80 0 129 0 184 0 238 0 316 0 372 0 500 0 473 0 477 0 393 0 245 0 214 0 100 0 
