0 77 95 82 -2 12 33 28

0 7 94 13 -13 5 13 0

0 31 58 75 -15 5 18 25

0 44 58 34 -8 10 22 15

0 35 48 89 -4 8 18 10

0 68 70 79 -20 1 32 44

0 29 45 25 -4 8 31 28

0 35 91 84 -19 12 18 48

0 21 83 49 -10 1 22 14

0 31 44 41 -5 3 7 25

0 25 39 40 -16 1 15 14

0 93 94 11 -17 18 31 15

0 15 70 14 -16 1 7 43

0 36 66 38 -10 11 36 13

0 23 42 23 -10 8 20 2

0 25 27 83 -2 2 11 15

0 36 62 92 -20 5 7 16

0 47 91 48 -3 29 42 7

0 34 48 4 -14 12 17 20

0 27 76 5 -20 0 5 48

0 65 78 12 -4 21 49 10

0 47 80 37 -7 2 3 19

0 45 99 84 -2 10 21 45

0 28 29 72 -16 10 11 26

0 37 40 18 -10 4 10 2

0 48 57 26 -10 10 32 41

0 39 61 2 -15 11 21 40

0 20 75 56 -2 1 6 17

0 15 95 34 -3 20 32 49

0 57 60 56 -15 8 10 32

0 56 77 2 -12 2 11 47

0 39 66 32 -13 19 22 26

0 31 81 10 -12 13 32 38

0 83 91 35 -6 14 23 0

0 58 76 96 -4 22 34 11

0 3 55 24 -10 21 39 17

0 40 61 78 -17 0 36 22

0 29 88 13 -13 7 8 13

0 87 95 39 -5 0 43 18

0 16 60 76 -2 19 41 39

0 81 84 76 -4 10 28 0

0 51 53 62 -1 23 28 46

0 13 55 5 -13 2 6 32

0 25 28 64 -4 10 12 23

0 40 79 95 -12 13 18 29

0 4 42 88 -13 4 10 42

0 8 37 6 -19 1 12 14

0 5 91 32 -2 9 27 4

0 94 96 4 -1 5 10 39

0 42 54 0 -10 24 47 2

0 29 77 16 -18 5 35 36

0 2 28 41 -11 19 48 18

0 15 88 46 -3 11 23 36

0 31 36 9 -16 28 31 15

0 3 94 98 -3 27 47 15

0 26 81 11 -11 2 49 12

0 11 13 37 -4 3 25 0

0 50 99 5 -15 13 38 46

0 14 84 65 -11 3 21 41

0 4 29 34 -12 7 9 33

0 7 45 54 -4 3 23 6

0 5 9 73 -15 4 12 16

0 15 20 49 -16 2 18 30

0 8 23 3 -17 10 29 18

0 25 63 29 -14 15 40 8

0 2 31 71 -7 26 30 27

0 47 99 10 -2 36 44 19

0 3 50 72 -20 7 38 30

0 27 36 21 -14 21 23 11

0 22 44 58 -16 31 33 22

0 34 49 30 -11 14 47 2

0 8 21 84 -7 0 7 39

0 1 11 87 -8 14 36 9

0 35 36 65 -5 14 20 32

0 7 10 70 -4 13 14 26

0 11 59 9 -11 2 30 15

0 8 35 4 -9 4 44 36

0 4 55 68 -16 8 41 47

0 7 27 52 -9 6 14 41

0 7 12 31 -11 14 21 14

0 5 8 73 -15 28 33 23

0 24 94 85 -12 6 25 20

0 5 9 80 -7 0 5 8

0 3 4 22 -11 15 34 13

0 62 92 71 -7 43 46 14

0 8 49 3 -10 7 44 34

0 7 36 52 -15 18 35 7

0 42 89 54 -15 27 43 38

0 9 12 6 -18 5 36 6

0 2 4 20 -13 3 7 9

0 0 1 1 -7 0 6 7

0 3 16 29 -18 11 22 25

0 1 5 94 -9 1 8 17

0 10 17 67 -18 4 12 2

0 1 5 7 -13 2 26 6

0 3 8 91 -6 0 3 47

0 22 25 92 -13 13 48 37

0 4 8 41 -4 38 46 46

0 3 7 82 -20 21 42 2

0 2 3 22 -3 17 36 37


SAlphaB: 731.0, std-dev 290.4345049519197

Earliest win: 35
Latest win: 81

WinDepth:
0 0 0 0 0 0 0 0 0 0 0 0 0 0 0 0 0 0 0 0 0 0 0 0 0 0 0 0 0 0 0 0 0 0 0 1 0 9 0 8 2 7 2 11 9 17 22 31 24 45 61 179 73 130 108 208 149 186 114 164 177 225 241 355 314 355 364 396 490 418 453 453 424 365 436 343 275 226 182 156 93 61 
SAlphaB:
0 0 0 0 0 0 0 0 0 0 0 0 0 0 0 0 0 0 0 0 0 0 0 0 0 0 0 0 0 0 0 0 0 0 0 1 0 9 0 8 2 7 2 11 9 17 22 31 24 45 61 179 73 130 108 208 149 186 114 164 177 225 241 355 314 355 364 396 490 418 453 453 424 365 436 343 275 226 182 156 93 61 

LossDepth:
SAlphaB:
0 0 0 0 0 0 0 0 0 0 0 0 0 0 0 0 0 0 0 0 0 0 0 0 0 0 0 0 0 0 0 0 0 0 0 1 0 9 0 8 2 7 2 11 9 17 22 31 24 45 61 179 73 130 108 208 149 186 114 164 177 225 241 355 314 355 364 396 490 418 453 453 424 365 436 343 275 226 182 156 93 61 

FirstWin:
0 0 0 0 0 0 0 0 0 0 0 0 0 0 0 0 0 0 0 0 0 0 0 0 0 0 0 0 0 0 0 0 0 0 0 1 0 9 0 8 0 7 0 11 0 17 0 31 0 45 0 179 0 130 0 208 0 186 0 164 0 225 0 355 0 355 0 396 0 418 0 453 0 365 0 343 0 226 0 156 0 61 
SAlphaB:
0 0 0 0 0 0 0 0 0 0 0 0 0 0 0 0 0 0 0 0 0 0 0 0 0 0 0 0 0 0 0 0 0 0 0 1 0 9 0 8 0 7 0 11 0 17 0 31 0 45 0 179 0 130 0 208 0 186 0 164 0 225 0 355 0 355 0 396 0 418 0 453 0 365 0 343 0 226 0 156 0 61 

SecondWin:
0 0 0 0 0 0 0 0 0 0 0 0 0 0 0 0 0 0 0 0 0 0 0 0 0 0 0 0 0 0 0 0 0 0 0 0 0 0 0 0 2 0 2 0 9 0 22 0 24 0 61 0 73 0 108 0 149 0 114 0 177 0 241 0 314 0 364 0 490 0 453 0 424 0 436 0 275 0 182 0 93 0 
SAlphaB:
0 0 0 0 0 0 0 0 0 0 0 0 0 0 0 0 0 0 0 0 0 0 0 0 0 0 0 0 0 0 0 0 0 0 0 0 0 0 0 0 2 0 2 0 9 0 22 0 24 0 61 0 73 0 108 0 149 0 114 0 177 0 241 0 314 0 364 0 490 0 453 0 424 0 436 0 275 0 182 0 93 0 
