0 37 69 33 -15 4 20 15

0 39 41 70 -18 1 3 20

0 27 63 54 -1 9 12 8

0 85 98 43 -14 9 37 38

0 86 97 46 -15 6 30 23

0 48 54 5 -14 1 2 0

0 88 89 75 -9 16 41 21

0 42 69 85 -10 6 7 5

0 11 83 85 -5 12 32 24

0 41 53 75 -19 2 3 13

0 73 82 35 -9 5 37 20

0 4 91 31 -20 19 37 27

0 15 95 88 -2 1 16 34

0 10 54 58 -18 24 27 4

0 35 74 74 -17 11 29 45

0 77 84 92 -6 17 27 29

0 46 61 64 -20 24 48 43

0 42 56 54 -9 2 9 21

0 43 76 92 -7 14 21 37

0 72 99 81 -5 24 29 38

0 52 54 47 -16 6 12 25

0 7 82 71 -11 13 45 2

0 17 55 27 -4 0 1 1

0 34 76 87 -16 20 41 12

0 13 55 34 -20 12 33 44

0 65 84 18 -1 4 26 6

0 18 29 8 -20 13 20 9

0 16 85 22 -4 16 38 6

0 61 85 36 -15 5 11 5

0 1 76 75 -3 15 47 28

0 55 79 77 -19 14 18 29

0 21 45 80 -17 6 8 16

0 42 55 95 -9 12 19 25

0 56 72 61 -8 17 27 10

0 26 31 77 -3 0 10 17

0 20 38 60 -5 3 29 32

0 73 94 30 -18 20 34 1

0 11 48 32 -4 0 1 10

0 11 13 12 -3 9 14 2

0 36 37 94 -6 10 12 36

0 34 77 63 -15 25 28 49

0 75 83 52 -1 0 1 28

0 3 67 71 -3 0 7 31

0 42 54 46 -17 9 13 14

0 32 39 63 -12 9 36 31

0 44 51 82 -1 16 21 10

0 46 58 33 -15 22 32 40

0 0 70 17 -16 6 11 18

0 9 32 22 -9 0 8 39

0 0 3 58 -3 6 11 4

0 2 19 42 -20 8 21 4

0 33 36 79 -5 14 22 14

0 16 84 35 -11 24 33 15

0 3 9 93 -17 39 46 41

0 13 18 5 -10 1 8 22

0 14 49 46 -5 24 39 37

0 0 5 53 -15 8 33 20

0 23 39 98 -14 0 6 26

0 19 77 89 -5 8 9 45

0 0 16 65 -5 41 44 45

0 61 89 50 -1 37 44 35

0 22 38 26 -6 3 12 41

0 24 38 64 -19 19 39 46

0 59 78 88 -6 34 48 7

0 60 88 48 -8 37 42 14

0 0 59 53 -19 16 46 3

0 5 25 85 -16 14 25 11

0 9 76 59 -12 1 13 47

0 13 22 31 -10 44 48 2

0 31 75 23 -8 35 41 25

0 9 29 87 -5 16 45 46

0 11 22 82 -15 2 22 18

0 14 45 31 -16 23 25 0

0 7 10 50 -9 5 22 15

0 8 98 51 -7 33 37 3

0 0 3 60 -15 0 24 10

0 2 17 92 -7 19 22 14

0 25 36 8 -17 22 28 40

0 26 36 0 -13 12 24 32

0 1 6 37 -4 15 30 11

0 40 41 46 -6 1 35 38

0 26 34 57 -18 9 45 34

0 1 74 41 -12 3 38 16

0 3 29 8 -14 10 20 7

0 2 14 85 -10 7 31 30

0 0 18 77 -6 6 32 35

0 3 12 68 -15 3 10 38

0 1 8 58 -19 17 35 32

0 23 26 21 -4 1 32 42

0 0 19 75 -4 0 2 17

0 2 3 92 -5 20 32 39

0 7 34 50 -17 15 22 49

0 3 8 0 -12 19 26 24

0 18 23 85 -1 0 2 36

0 0 1 32 -13 38 49 36

0 11 42 82 -18 13 49 8

0 6 12 55 -6 2 21 30

0 22 48 27 -11 18 34 46

0 0 1 39 -2 41 46 40

0 0 1 45 -7 2 14 26


SAlphaB: 680.0, std-dev 260.7256626448884

Earliest win: 37
Latest win: 81

WinDepth:
0 0 0 0 0 0 0 0 0 0 0 0 0 0 0 0 0 0 0 0 0 0 0 0 0 0 0 0 0 0 0 0 0 0 0 0 0 3 0 8 5 11 4 33 3 13 4 29 30 65 61 182 103 99 103 203 107 180 179 187 136 193 233 290 319 357 382 375 440 408 442 448 437 456 426 397 259 251 209 137 104 78 
SAlphaB:
0 0 0 0 0 0 0 0 0 0 0 0 0 0 0 0 0 0 0 0 0 0 0 0 0 0 0 0 0 0 0 0 0 0 0 0 0 3 0 8 5 11 4 33 3 13 4 29 30 65 61 182 103 99 103 203 107 180 179 187 136 193 233 290 319 357 382 375 440 408 442 448 437 456 426 397 259 251 209 137 104 78 

LossDepth:
SAlphaB:
0 0 0 0 0 0 0 0 0 0 0 0 0 0 0 0 0 0 0 0 0 0 0 0 0 0 0 0 0 0 0 0 0 0 0 0 0 3 0 8 5 11 4 33 3 13 4 29 30 65 61 182 103 99 103 203 107 180 179 187 136 193 233 290 319 357 382 375 440 408 442 448 437 456 426 397 259 251 209 137 104 78 

FirstWin:
0 0 0 0 0 0 0 0 0 0 0 0 0 0 0 0 0 0 0 0 0 0 0 0 0 0 0 0 0 0 0 0 0 0 0 0 0 3 0 8 0 11 0 33 0 13 0 29 0 65 0 182 0 99 0 203 0 180 0 187 0 193 0 290 0 357 0 375 0 408 0 448 0 456 0 397 0 251 0 137 0 78 
SAlphaB:
0 0 0 0 0 0 0 0 0 0 0 0 0 0 0 0 0 0 0 0 0 0 0 0 0 0 0 0 0 0 0 0 0 0 0 0 0 3 0 8 0 11 0 33 0 13 0 29 0 65 0 182 0 99 0 203 0 180 0 187 0 193 0 290 0 357 0 375 0 408 0 448 0 456 0 397 0 251 0 137 0 78 

SecondWin:
0 0 0 0 0 0 0 0 0 0 0 0 0 0 0 0 0 0 0 0 0 0 0 0 0 0 0 0 0 0 0 0 0 0 0 0 0 0 0 0 5 0 4 0 3 0 4 0 30 0 61 0 103 0 103 0 107 0 179 0 136 0 233 0 319 0 382 0 440 0 442 0 437 0 426 0 259 0 209 0 104 0 
SAlphaB:
0 0 0 0 0 0 0 0 0 0 0 0 0 0 0 0 0 0 0 0 0 0 0 0 0 0 0 0 0 0 0 0 0 0 0 0 0 0 0 0 5 0 4 0 3 0 4 0 30 0 61 0 103 0 103 0 107 0 179 0 136 0 233 0 319 0 382 0 440 0 442 0 437 0 426 0 259 0 209 0 104 0 
