0 68 84 37 -10 13 37 12

0 53 62 31 -8 2 20 18

0 90 92 95 -8 17 25 7

0 39 90 98 -9 2 12 2

0 10 99 5 -5 2 7 12

0 57 90 94 -3 3 6 5

0 48 76 70 -17 7 15 44

0 33 40 41 -6 8 35 6

0 85 96 87 -7 3 5 5

0 31 93 99 -4 3 46 38

0 67 77 27 -8 0 1 9

0 22 88 46 -8 9 19 48

0 47 50 95 -2 11 19 18

0 45 73 23 -18 8 11 37

0 25 27 36 -11 3 9 44

0 33 42 62 -6 0 5 19

0 54 94 64 -1 7 8 15

0 85 97 31 -14 1 13 15

0 56 93 83 -6 13 18 34

0 54 70 15 -3 0 1 11

0 21 33 50 -11 0 7 21

0 10 93 35 -11 35 49 8

0 3 99 19 -8 2 30 1

0 6 64 56 -6 16 33 43

0 20 51 33 -14 46 47 32

0 28 60 24 -13 13 32 32

0 35 39 16 -11 10 20 3

0 23 73 12 -7 20 43 6

0 10 81 57 -4 14 17 42

0 24 46 71 -4 20 28 14

0 12 55 53 -5 3 9 37

0 39 65 56 -5 17 29 27

0 58 96 15 -20 13 37 44

0 40 84 1 -4 14 24 23

0 56 78 82 -15 0 1 48

0 27 77 47 -2 2 48 2

0 7 59 64 -2 0 3 21

0 41 82 75 -6 0 44 37

0 14 76 55 -7 31 45 33

0 24 48 17 -15 33 36 19

0 63 85 8 -7 17 25 15

0 1 85 88 -18 16 40 47

0 48 74 96 -17 1 2 48

0 31 39 89 -3 21 32 9

0 19 28 67 -4 24 28 7

0 38 39 55 -12 7 10 10

0 43 47 63 -6 11 18 42

0 11 94 69 -3 5 29 7

0 19 20 31 -15 7 10 40

0 3 76 3 -17 10 23 36

0 24 77 68 -3 19 28 25

0 18 24 82 -10 10 29 17

0 27 46 75 -18 18 28 29

0 13 15 79 -8 0 9 18

0 33 47 82 -15 12 47 3

0 10 74 12 -1 0 8 25

0 63 67 95 -13 21 29 18

0 31 42 34 -8 21 43 29

0 69 71 32 -6 27 37 10

0 13 22 23 -11 10 21 23

0 22 65 4 -13 23 46 38

0 12 46 94 -14 2 5 40

0 7 84 18 -6 2 5 40

0 16 61 84 -20 20 30 5

0 43 60 73 -16 20 25 41

0 1 59 20 -5 16 22 35

0 29 66 64 -16 17 32 22

0 13 46 89 -1 13 28 46

0 11 30 15 -15 11 30 19

0 18 20 87 -3 0 17 13

0 12 50 33 -11 38 43 40

0 6 13 71 -1 20 43 7

0 16 40 72 -8 1 47 46

0 7 31 76 -15 0 40 22

0 1 6 22 -16 26 36 33

0 4 14 81 -4 25 35 7

0 6 26 65 -13 5 29 34

0 11 27 2 -11 11 48 36

0 7 12 51 -13 0 12 43

0 42 65 6 -5 30 45 2

0 7 17 38 -2 27 36 33

0 17 94 13 -8 28 40 32

0 26 27 40 -18 18 45 12

0 14 25 66 -12 7 24 47

0 9 32 32 -2 22 49 6

0 4 31 26 -11 6 34 44

0 4 13 83 -18 29 37 33

0 11 26 15 -4 1 33 48

0 0 1 11 -7 12 17 20

0 3 5 67 -11 19 43 15

0 5 8 39 -18 2 48 48

0 7 15 6 -1 44 49 15

0 0 15 38 -17 6 18 1

0 0 4 7 -15 0 3 36

0 1 4 44 -11 13 17 35

0 0 1 28 -8 0 5 16

0 2 9 35 -4 3 15 38

0 8 10 2 -12 10 28 44

0 0 3 64 -1 3 9 46

0 6 10 84 -8 1 4 43


SAlphaB: 702.0, std-dev 254.70761877220332

Earliest win: 37
Latest win: 81

WinDepth:
0 0 0 0 0 0 0 0 0 0 0 0 0 0 0 0 0 0 0 0 0 0 0 0 0 0 0 0 0 0 0 0 0 0 0 0 0 6 0 2 3 9 1 13 3 20 6 48 39 94 43 201 82 126 66 209 110 190 124 188 146 243 320 310 346 338 388 405 448 438 412 465 369 447 406 350 277 227 188 133 120 62 
SAlphaB:
0 0 0 0 0 0 0 0 0 0 0 0 0 0 0 0 0 0 0 0 0 0 0 0 0 0 0 0 0 0 0 0 0 0 0 0 0 6 0 2 3 9 1 13 3 20 6 48 39 94 43 201 82 126 66 209 110 190 124 188 146 243 320 310 346 338 388 405 448 438 412 465 369 447 406 350 277 227 188 133 120 62 

LossDepth:
SAlphaB:
0 0 0 0 0 0 0 0 0 0 0 0 0 0 0 0 0 0 0 0 0 0 0 0 0 0 0 0 0 0 0 0 0 0 0 0 0 6 0 2 3 9 1 13 3 20 6 48 39 94 43 201 82 126 66 209 110 190 124 188 146 243 320 310 346 338 388 405 448 438 412 465 369 447 406 350 277 227 188 133 120 62 

FirstWin:
0 0 0 0 0 0 0 0 0 0 0 0 0 0 0 0 0 0 0 0 0 0 0 0 0 0 0 0 0 0 0 0 0 0 0 0 0 6 0 2 0 9 0 13 0 20 0 48 0 94 0 201 0 126 0 209 0 190 0 188 0 243 0 310 0 338 0 405 0 438 0 465 0 447 0 350 0 227 0 133 0 62 
SAlphaB:
0 0 0 0 0 0 0 0 0 0 0 0 0 0 0 0 0 0 0 0 0 0 0 0 0 0 0 0 0 0 0 0 0 0 0 0 0 6 0 2 0 9 0 13 0 20 0 48 0 94 0 201 0 126 0 209 0 190 0 188 0 243 0 310 0 338 0 405 0 438 0 465 0 447 0 350 0 227 0 133 0 62 

SecondWin:
0 0 0 0 0 0 0 0 0 0 0 0 0 0 0 0 0 0 0 0 0 0 0 0 0 0 0 0 0 0 0 0 0 0 0 0 0 0 0 0 3 0 1 0 3 0 6 0 39 0 43 0 82 0 66 0 110 0 124 0 146 0 320 0 346 0 388 0 448 0 412 0 369 0 406 0 277 0 188 0 120 0 
SAlphaB:
0 0 0 0 0 0 0 0 0 0 0 0 0 0 0 0 0 0 0 0 0 0 0 0 0 0 0 0 0 0 0 0 0 0 0 0 0 0 0 0 3 0 1 0 3 0 6 0 39 0 43 0 82 0 66 0 110 0 124 0 146 0 320 0 346 0 388 0 448 0 412 0 369 0 406 0 277 0 188 0 120 0 
